chr,start,end,seq,variants,variant_yes_or_no,more_than_one_variant,variant,variant_number
chr20,38226549,38227038,GCCTCTTCACTAACCAGGAGGAAGGAGAGTTTTAAAATCACATCCCGAAGCAGGACGGAGGACTGACTGCCCTTACTCATTACTGTGGTGTATGGCACTAATTAAAGGGAGCTGCAGGGCTCTTTCCTGCAGAGTCCCGCTTCAGCTCCACATCTGTATTAATTAGGGTGAGAAATACAGGAAGAGCAGGTGTGACCGCAGTGTGAAAAAGGCACTGGAGTCAGGTGACTCCAGCTCTGCGTCTAGCTTGCTGTGTGGCCTTAGGCTTCAGTTTCCCCCTCTGAAAACAAAGGGAGGAGGGATGGACCAGATGAAGCTTTTCAAATAGGTTCTATGCCATGTGCAATTCTCGATCATGTGGCAGCACCCACCAGGAGCTGCTAGGATTGCCAGAGAGATATCACTCTGTGACTGATTTGACAATGCCTGCCACGGATCTATACTGGGGATTGGTAGCGCTTAGGCCTCGTATTTATTGCCTTACACTAGA,"[[38226605, ""A"", [""G""]], [38226717, ""C"", [""T""]]]",yes,yes,A->G,2
chr22,29136665,29137114,GGAAATCACTGCATCCCCTTTCTAGAACATGCCTATCAAAAACAGGAGTCCAGAGAAAGCAAATGTGCCCAGTACAGAGCGCTCAGAATCTAGCATGTTTCCTCACTGCAGAAAGTCATTTCTTGTGCTGCAGTTTCCCTGCTTGAAAACGTGGTCCCTCATGGGAGCGTTGCATGGGTACTGGGGACACACAAGCAGCTGTAAAGCCCTTCTCTTTTGACAGCTTTACCTCATCGGGTGGCTTCCCTGCAGAGTGGCCTGAGTGGTTCGTGTGCTTTGTCTCATGTGCCATCACACATTCCCGTGATACAGGAGCAGATGGTGCTCTCTCCAGCCTTGAAACTGAGAGAAGCAAGAGGCCCGCGAGTGAAGTGCGGCCCCTGCCATCACTTGGCCCTGCCAGTCCCAAGTCCAGACTCTCTGACTCCAGCCCTGCCCCAACCTAGGCCA,"[[29136744, ""T"", [""C""]]]",yes,no,T->C,1
chr7,12028537,12028875,AGAGATACTTAGGGCAGAAGACACTGTGAAGATGGAGGCTGAGACTGGAGTGATATATCTACAAACCAAGGAACATCAGGCTGCCCAAACTGCAGGCTGCTACTGGTGAGGCATGGACCCCATTCTCCCTCACAGCCTCCAAAGATAACCAACACTGCTTACACATTCCTGTGGGATATCTAACCTCCAGAATTGTGGAAGAATGCATTTCTGTTGTTTCAAGCCATCAGGTTTGTAGTTGTTACGGCAGTGCTAAGAAACTAATAGAGTGGGACACTTTCTCTCTCTTCATGGATAGTCTTTGCTTCAGGTCTCTGTGGAAAAACTTCCTTCTCAGAG,"[[12028546, ""C"", [""T""]], [12028714, ""G"", [""A""]]]",yes,yes,G->A,2
chr5,153620693,153620969,TTTTGATACCTATTTATAAAATGGGGAAACTGAGTCTTGGGGGATATTAAGGTCTTATAGACTGTAAATGGTATAATCCAAGGTTGAAAGGTTTCCTGACTCTAATGCTGGTTCTCTTTCACAATACCTCATTGCCTTCTGGAAGTTGTAGTTCCTACCCTAGTTCTGCCTTTATTTGGCTGTGGTAATCAAAACAAATCACTTAAGTTCTTGAATCTCATTTTGTTCTTCTGTTAAATATCACAAAACCAACCAACCAACCAAAACAGTGAGAATA,"[[153620698, ""G"", [""A""]]]",yes,no,G->A,1
chr2,119655097,119655387,GAAGACTGTTCTTTATTTGGTTTCTGGCAAACATTTATTTTCATGGATGCAAAGAATCATCTGCTCTCACTCAATGGCTGAAATTCACCAGAGAGATTATCTGCTGCCTGGACAGCGGTCTTGGCCCTTTCAAGACCCACAGGGGAATCACATTCCCCATAAAATGTTCAAGGAACTGTGAGACTGTGACTTTAGTTGCTGACACATTTTTCAGCACTCCTTAGATCAACACAGTATTACTCAATCATTAGTATCTCTAAGGGGAGACAGGATCTATATATTTTTAGACAT,"[[119655195, ""C"", [""A""]], [119655256, ""C"", [""T""]]]",yes,yes,C->T,2
chr9,109755077,109755417,TCACCTCTTAGCTGCACAAATTCATTGGCCTTCTACCTGGTTTCCCTGCTTCCTCTCTCACTCACCCATCCCCACTCCCACATACGTAGCAGCCACAAGTATTTTTAAAATGTAAACCAGAAAATGCCACTTCCCTGCTCACACTCCTCCAACAGCTTCTCATTCAACTGAAATCCAAATTCCTTATCCTGACCAACAAGGCTCTTTATAACTGGTCCTGCCAGTTCCTCTTTCCTCACCTCCCACCACTCCCCCTCCATTCATGTTGTTCCAGCCACAGTGGCCTTCAGACTCTTTCTGTAATGTGTCCAGCTGGTTACCATCCTAGACTATTGGTCTCA,N,no,no,N,0
chr11,88231889,88232338,TAATAGGTATTATTTTCCATTTTTATAGAAAATCAAACAAATCACAAAGAGCTAAGAAGCTGCCCAAGTTTACTTGGATATTGAGCACAAAGTCAGGACTCAGAGCAAGGTCTGTAGCCTCAAAAGCCTGTATTCTATACAACCATGCCATACTCACTTAGAACTGTAATATGGAGCAAAGCCACTAGGTGGAACCCCATAAAATCTGCGCTTGCCACAGGCCCAACATTAATCACTTTAGTCCATCGGATGCTGATGCTGGAAAGGATGAAGCAAATCAGTGATCCTACCCCTTCATTCTCACAGAGGAGAAATCTGAGAACTAGCTAAGGAAGAGAATTGCCTAGGTCACACATTGATTTAGTAACATGCCCCAAATCAGCACCCAGAGTGTGTATTGCCGTAGGTCTTTGCATTTGCCACAGTTATTGTTTTTCTTCCATGGTTATA,"[[88231921, ""G"", [""T""]], [88232018, ""C"", [""G""]], [88232053, ""C"", [""T""]]]",yes,yes,C->T,3
chr10,97740649,97741096,CAGGAGGAGCATTGGACTTAAAAGCCCCCAGGAGCCTGCAGTTTCTGTGCTGCTGGGAGAGGGAGCACTGGTCCGTGAAAGTGGCTGTCACGTTAGTTTGTGCTTTTGATTGTTCTTTTCTTAGTAAAGAGGATTTGACTTTGAAGAGGGACCTAATCTTGGGCTCTGGCTATTAGGTCTGAAGCCTAGAGCTGCAGTAAATTGTTAACAGACTCTCTCCTGGGATCAGCTACTCTACTGCTTGGGTCTCCTGGGACCAAAGTGTCAGTAAAGACATTTTATAGAAGGGAAGAGGCTTTAAAATGAAAGTGACTTGAGTGGTGGTGTTTTTATTTCCAAAATGGGATTGGCTTTTATTTCGCTTTTACCCTGGTAGCTGCCACTAGAGGTTCTGAGGCGTAATTAGGGTGGTACAGGTGGAGTGTGTTGAATTTCAGGAGAAAGACAC,"[[97740723, ""A"", [""G""]]]",yes,no,A->G,1
chr2,110882031,110882237,ACTTTCTGAGAAACCACAACAGTTTTAAGTGGTGTACCATGTTACTTTCCCAACAGCGGCGTATGAGAGTTCCAGTTGCTCCACACTCTCAACAATCCTTAGCGTGGTCAGTCTTTTCAATTTGAGTGATTCCAATAGTGTGTAGTGGTATCTCATTGTGGGTTTCATTTTCATTTCCCTGAGACAAATGACACTGAACATCTTTTA,"[[110882082, ""G"", [""A""]]]",yes,no,G->A,1
chr8,131883562,131883786,AGGCACGGGATATAATCTCCTGGTGTGCTGTTTGCTAAGACCATTGGAAAAGCACAGTATTTGGGCAGAAGTGTCCCGATTTTCCAGGTACAGTCTGTCACAGCTTCCCTTGTCTAGGAAAGGGAAATTCCCCGACCTTTTGCACTTCCCAGGTGAGGCAATGCCCCACCCTGTTTCAGCTCACCCTCTGTGGGCCGCACCCACTGTCCAACCAGTCCTATTGAG,"[[131883563, ""T"", [""G""]], [131883630, ""G"", [""A""]], [131883651, ""G"", [""A""]], [131883709, ""T"", [""C""]], [131883744, ""G"", [""A""]]]",yes,yes,G->A,5
chr2,127069074,127069397,CTGCTGAGACTCCAGGTCCAGTGGATCCTGGAGGGACCCGCAGGGCGGGCAAGAGACCCCAGCTCCACAGGAACCCTTGAGCCCTTGTTGCTGGAACCCTCCTCGTGGCAGAGAGCTCACCCCCTCCTGGCCGTCCAGCCCCACTGTGTGAAACCACTTCCTTGCACATGAGCCCATGTGTCCGTGTCCACCAGCTGGTGACGTGTCAGCCAAGTCTTTTCCTTGGCCTGGCCCCTGGCTTCTCATCTCCACAGCCACCAACATCAGACTCAGGGAGCTTGAGGCATCTGCACTGGGGACCCCTGAGGCTAGCATGAGCATGAC,"[[127069125, ""G"", [""A""]]]",yes,no,G->A,1
chr3,182413529,182413874,GAATTTCTTTAGAATGATACAGTTAATTGAGAAGAAAAATGCTAAGGGGAAGAAAAAGAAGTTAAAAAAAAAAAAGCTGTGCAGGGAACTGCAAGAAACTCAAGCCAATATGTAGCTTGCATCTGCTGGCAATACCCTCATCAAAGAAGGAAATAAGATACAGAACTGAAATTGCTATTCAGAGAAACTTGATAAACAAAATAATCCATTCAATATAACAGATGTCTGTACAATAGTGTGTGCCATGACTAAAATATCTGACCCACCCACCTACCCACTGGCATTGCTACCAAAAACATCAATTTAAACTGGGCAACCTGAAACGTGCAAAATAAAATTGGCTATA,N,no,no,N,0
chr11,69811905,69812351,TACACCAACATCCCCAAGGCTTGGCCGTGGGAGTTTCCCTCAAGGGCTGCCTCATGGGGTCTTCTTAGTCTGTGGCGTAGGGAAGAGGTGGGTATGCCTTATGCAGACCCACTAGGCTTCAGTCCCAGCTACAGGCAAGTGGTAATGCCTAGGGCCACCTCCCTCAGGGGATGACTGACAGGAGCTGCTCCCTCCAAACCAGAAAGGGTGGTGGGAGGTGGAAGCAGCAGGTGCAAGGCAGACAGCAGGATCTCTCTTTCCTCCTGGGGACTGGCCGCAGGGAGGAGTCGGAGGCCCTCATGGTCTGTCCCCATCTGGGGTGTGGTGTCCCGTGGCAGAGAGAGAGAGTGGAAATGGCCTCCAGAGGCTCCCAGACTGGACCGAGCAGCATCTGACCTCGCAGGACCTCAGGGAACAAGATGCTTCAAGCACCCCATCCTGTTTTTC,"[[69811923, ""A"", [""G""]]]",yes,no,A->G,1
chr15,36984301,36984565,TGTCAACATATGTTCCTTCAAATACTTCTTCTTTATCTACTGAGATGATCATATGATTTTTATTCTTCATTCTGTTAATGTTGTATGTCACATTTATTGATTTACATGTGTTGAACCATCCTTGCATGCCAAGGATAAATCCCACTTGATCAGGATGTGATCCTTTCAATGTGCTGTTCAATTTAGACTATTTGTATTTTACTGAGGGATTTTTGCATCTGTGTTCACCAGGCATATTAGCTTGTAATTTTTTTCTTGCAATTTC,N,no,no,N,0
chr3,94643538,94643803,TAAGTGTCACATGCCTCACCCAGCTCCCATGCAAATCAAAGGGCTGGTCTCATTCCCACTGTGCCCTTCACCACAGCCCTGAGTCTGTCTCCAGGAGGAGGGCAAGATGGGCTTGAAAACTCTCTCCAGGCTATCAGCCTCCCAGCTGCAAAAGAAAAGGGCTTGGTTCTCCCCTCACCTGTGGAATCTGCACATTGGAATTGTGCCTTCCCGGAGTTCCGGTCGGGAGGATTCTTGCACCTTTTGAATTGTTAAAAAGTTCAGCA,"[[94643605, ""C"", [""T""]]]",yes,no,C->T,1
chr2,55361895,55362192,TATTAAAACTTACTTTTCCAACCTCAACATGTGGCAATAAAACTACGAAATTAGCCTTAAGCAAATTCTTATGCTTCACGGCAATGATTTTTCCACTTACATCAACTATATTTTCAGTTTCACACTTTTGTATTGTTGCCAAAGCTGTGGGGATGACTTGAAAAACACACAGGAAGAAAATCAGAATAATACTAATTTAAAAGAAAAGGAGAAGAGAAAACCTAACTGCAATCTGTTTACTAGCAATTTGGGGTTCTTATACATCCTTTCAGGTTCCTGTGTTCCACACAAAAAAAGA,N,no,no,N,0
chr13,79902761,79902970,TTATGTGTCTACATTTTCACATGTATATCTCAAGTTCTGTGCCTGGCACACAGTTGCTGCTCAATTCATGAATGAGTCAAGTGACTTGCTAAGTAGCCATTCAGCAAATAGGCAGCAGAGAAAAAAAATCTTGTTTCACCATCCATACCAAGTCTCTTGTGGGGGCACAATAACTCAGCAGTGGGACTGACTCAAGAGAAGTGAATCACA,"[[79902769, ""G"", [""C""]]]",yes,no,G->C,1
chr4,123005862,123006082,CATATATTGTAAACTTCAAAACATACCGTCATCAGTTTTGCACTAAACAGAGTATTTTCTTTTGAAGAGTTTAAATATTAAGGAAAAGTGATATTTATATGTACTCAATGTAGTCACCATTTCCAGTTCTCTTTAGTCTTTTGTGTAGATTCAAGTTTCTATCTGGTATCATGTTCCTTACTCTTGAAGTGCTTACTTTAACATTTCCTATAATGCAGGTG,"[[123005888, ""T"", [""C""]]]",yes,no,T->C,1
chr6,63864970,63865310,AGTGACTTGGAGTTTGTTATTTCTGCCTCTCTGCATCCATTGCCCCATTTAAAGTAACAGATGCCTTCGTTTTCCTTTCCAAGACCCACCCCTCCACCATTCTCAGCCCATGTTGTCTGGGAGACACAGTCTCCACTCGGTGCCAATCATAGTGTATAGTGCAGGGTGGATACATGACACGCTAGGCCAACTGGCCAACCTCTGCTAGAACTCTCCAGAGAGTACTCTTTTTATCTGCTGGTGTTGCTACACTGGTAATTGATGGTGGCGTGTGCCTGTCCAGAGGGAAGAGCCTAGCTGAGAATAAATAGCTAATACTTAGCAATGTAAATATAAGTGAC,N,no,no,N,0
chr2,175108861,175109244,TATGACCTTACCCCCAATCATGTGCTCTCTGAAACTTGTGCTGTGTCCACTCAGGGTTAAATGGATTAAGGGCGGTGCAAGATGTGCTTTGTTAAACAGATGCATGAAGGCAGCATGCTCGTTAAGAGTCATCACCACTCCCTAATCTCAAGTACCCAGGGACACAAACACTGCGGAAGGCCGCAGGGTCCTCTGCATAGGAAAACCAGAGACCTTTGTTCACTTGTTTATGTGCTGACCTTCCCTCCACTATTGTCCTATGACCCTGCCAAATTCCCCTCTGTGAGAAACACCCAAGAATGATCAATAAAAAAAAAAAAAAAAAAAAAAAAAGACTGTGTATGGTAGCTTTATTCACAATAGCTAAACACTAGAAACCATTAA,N,no,no,N,0
chr1,44855784,44856042,TGACCTCAGGTGATCCGCCCACTTCGGCCTCCCAAAGTGCTAGGATTACAGGTGTGAGCCATCATGCCCAGCTGACCTTGAGGATCTTAGTAGGGAAGGCTGATTCATGGATAATTGCCATGGCTTGTGAAACATACTTTAATAAAGGTGTGGCAAAGCTCAAGGACACAGTGGAAGGAATGTGTAGTTCTGCTATGGGGAGTCATGGGAAGAGGCAGAGAAGGTTCTACAAAGGAGAAAACACTTGGTCGGAGTCTTC,"[[44855891, ""C"", [""T""]]]",yes,no,C->T,1
chr8,89437562,89437901,GTCTATACTTGTTTCATTAAAGGATAATATATTGAAATATCATTTCAGCAACATTGCCAAAGCTTCCCAGATTTGATTTCAATCCAAAATTTGTATCAGAACTCAGCACTTTAAAAACAAAGAAAAAAGGAAAATTCAATGCAGATGTACATTTCCATGATACTTAGTGCATAAGACTATAGTTGAAGCATATTTGTCATCATGGCAACCAGCCAACAAAAAAAATATTAGAGGAACATGAAGACAAGCTGCATATTTCTGTACAATCATTCCATAACTCAGATTATAGAGCAACATAGTAACTTAATGTATATTTATAATGATATAATTAAATCTTCCT,"[[89437596, ""G"", [""A""]]]",yes,no,G->A,1
chr10,23420047,23420388,GCGGTGGCTCACAGCTGTAATCCCAGCACTTTGGGAGGCCAAGGCAGGCAAATCACCTGAGATCAGGAGTTCGAGACCAGCCTGGCCAGCATGGTGAAACCCCATCTCTACTAAAAACACAAAAATTAGCTGGGCGTGTTGGTGCACGCCTGTAGTTCTGGCTACTTGGGAGTCTGAGGCACCAGAATCGCTTGAGCCTGGAAGGCAGAAGTTGCAGTGAGCCAAGATCATGCCACTGCATTCCAGCCTGGGAAGCACAGTGAGACTCTGTCGCAAAAAAAAAAAAAAAAAAAAAAAAAAAAACTACTACAAATGTTTACCTTAAGTCATGAAGCTATACAT,"[[23420097, ""G"", [""A""]]]",yes,no,G->A,1
chr10,2438375,2438601,TGGCCCTGCTATAAAATTTAAAGTGACATGCTTTTATTTTCCTCTGGGACTGCGGCTACGATTCTCAGATGAGAAGTGGCCTCAGCTGGCATGGTTTAAATGGAAATACATGTGGATAATAACCATAGACTATAAAGCACTGCTGGCCAACCAGGAATCAAATTAAGGGTAAGTAAAAGCTTTGTTTATATTTCTTTTGCTTTTAAACCTTTCCAGAGATTTGATTA,"[[2438384, ""C"", [""T""]]]",yes,no,C->T,1
chr6,26885997,26886204,CCCTTGAATCCAATTCCCCCAGAGGCGTAGCCACCCTGCCAGGTACACAGAGCTGAGGTCACTGGACTGAACACTGCCAAAAATGAGGTTCGCTTCCTGAAATAACTCTTGAACACAGGAGTGAATGGGCTGTGGATTCAGGTGGAATATTTATTAATGCATCAAGCAAACAGGTAGTGCGAGGTGGGAGGTAGGCACGGGGCTGGGT,"[[26886000, ""C"", [""T""]]]",yes,no,C->T,1
chr3,12041036,12041280,AGCTTATGTGTCCAGGCATCAAACTTGGCAGACAACTCCCTCAGAGCAGATGGAGTGAGGATTTCATTGCTTGACAGACTGACTCAGACCTGCCTCCCTGCAGCCAGCCACTACTGGGTATAGCTTGAATCTCTGTTGAAAGCTGCCGGATCATGGTATCCCTACTTCTACTCTAGCAATGATGAACTCCAGCCTTCCCAGAGGAAGAGCTGTCCAAGGAGCTGATGTGTTTGACCCTTATTGCT,"[[12041157, ""G"", [""A""]]]",yes,no,G->A,1
chr7,101699038,101699351,GATGCAGGCTCCCATCTGGGGCCTCAGAACCCCGGCCCTGCCCACTGTCTGTAGCCTCTGTCACCTTCTCCTACACAGGCATCTCCAAGGCATCCCCTGCAGACACAGCTCCAACCTCCGCAGGCATCGGGCCAGGGGTCCCTGCAGGACGGCCATCACCCCAGCGGGCACCAACCTCCTTCCTCTTCAGAGCTGCCCCAGGTCTCCAGGGACTGGATCCAAGGCTCTTGCGTCTTAGAGAGGACTGGAGACGCCCTGTCCTTCATCCCCTCCTCCTGCCTCAGCGCAGCCCTGGATCCTCAGATCCTTCCCCA,"[[101699175, ""C"", [""G""]]]",yes,no,C->G,1
chr15,53880335,53880756,CAGAATAAACTGTAATGACCAATTACTTCAATTTCAAAGAAGTTAACTTGTGTTGCGGCTGCTTTGCAATTGTTTTCTGAAGAGCTGAAGGAATAGCTCAATAATGTCCGAACTACACGTTTGGTTTTCAAAGAGCACTGTGTGCAGTGATTTAGAATACAACGGCGGGTCAGCATTTAGTGACAGCACGAACAGCCTTCAGCTTCAAGAAGCTTCCTGTGAGGTCAGCTGACAGCTCTCTCGGGACCAAATCCTGATGTATTATAAGGATAACCCAGTCTGCTCTTAAAATGAGAGGATTTCTAACAGGAATTAATCACGACCTCTTTTTCCTCTCTTTAAAAGCAAGTTGCTTTGTCATCTTTTTTTTTTTTTTTCTGAAATCATCACAAAGAAAGAGTCTGAAAGGGAGTTGTTCTGCT,"[[53880355, ""G"", [""A""]]]",yes,no,G->A,1
chr3,45722143,45722530,ATTTTCTGTCATGTTGAAATTTCCCTCTTTTCCCTTCTCTGTTCTTATGTAATATTTTTATCTATGGTGCAGAAAAAGTTCACCCCAAAAAAGGAAAATCCATTAATCTGGCACTAACCTGCTGCCATTTCCTGCCCTTAAATTAAATCCCTAGAGGAGAGGGTAGGCTAGGAGGTGTGAAGAGAGTTATGGAAATGGAGCCATCTGTCTATTGAACCATTTACATGTATTAAGGGCAGTGATGATAGGACAAGCTGATGGCTTATAATTGACTTTACCTGCTACTGTGAGATGTCTCTTCTGTTGCCTTATGGAGTTGTACACCACTTGCTGCTCCAGAGCGTTAGTGGCCAAATACATTCATGTGTTCATAAACATATTCATTTGA,"[[45722320, ""C"", [""T""]], [45722507, ""A"", [""G""]]]",yes,yes,A->G,2
chr18,40357570,40357838,TTTGTGCCTTTCTATCTGGAAGCAAAAGTTTCCTTTGCCAATGCATAGACCATATCACTTTAGAATTGTAACTTATTTTAGAAGAACATTAGTGTATTCAAGGAGATTGGCTATGGATGACTAGCTCTCCCATGGGACGGCAGATTTTTCAGCTATGGCTCCAGCTCAGAGGAGGTGAAATGATTCAGTGTTGTTTCTGTCCAGTGCACTGTTGATGGTTCAGCTCCTCCACTCATGGCCACCTGAGCTGCTCAAGCTTAAAAAATACA,"[[40357611, ""C"", [""T""]]]",yes,no,C->T,1
chr1,207609231,207609706,TAGTAAAATAATTCATTATTAAAAAATAAGCTGTTTTACCATACTCTTCCTTCTCTCAGTCATATCTTGTGAGCCACCTCCAACCATATCCAATGGAGACTTCTACAGCAACAATAGAACATCTTTTCACAATGGAACGGTGGTAACTTACCAGTGCCACACTGGACCAGATGGAGAACAGCTGTTTGAGCTTGTGGGAGAACGGTCAATATATTGCACCAGCAAAGATGATCAAGTTGGTGTTTGGAGCAGCCCTCCCCCTCGGTGTATTTCTACTAATAAATGCACAGCTCCAGAAGTTGAAAATGCAATTAGAGTACCAGGAAACAGGAGTTTCTTTTCCCTCACTGAGATCATCAGATTTAGATGTCAGCCCGGGTTTGTCATGGTAGGGTCCCACACTGTGCAGTGCCAGACCAATGGCAGATGGGGGCCCAAGCTGCCACACTGCTCCAGGGGTGAGTGTGACCCATCAA,"[[207609571, ""A"", [""T""]]]",yes,no,A->T,1
chr4,152920773,152921178,TGTAATTTTATTAAAAGTAAATCAATACCTTAAGAAAATTTCATTGTTCTACCAAATTCTTTAGTATATAAGTGTCTTTTTAAAAAAAAAAACCCAATCTCTAGAAAGACCATTATAAATAATTTCCCTTTAATTATAGACAACTTGATCATATATAAGTTTTTTCCTTAAATCCTCTTGTTATGACTTACACAGACCATTCATGACATGCTTGGACTTTCTGGTTTGTCCTGAACATCCCTTTTTCTTAAACAACCAGTCATTTTATTCTAAGGCAGAAATCTACCATATAAAATTATTTCTCATATAAAATTATTTTCCTTTTAACCTTTCTTGCTAAAAATACCTGTTATATTTATAACTTCCTTTACCTTGCTTTTATTTACTGGTTACTTTTACCTTATTT,"[[152920826, ""G"", [""A""]]]",yes,no,G->A,1
chr8,92520190,92520485,TGCATGCCGAGTTTGCTGCTTGTTTACAGGAGCTGGCCGTCACTCATGAGGAATATCAGACGATGCTGGTAGCAGACAAGCATTTGAGAGCTCACGACACTATCTGGCTCAAGGCCGTGTGCAGCAAAACAGAGATGCACATAAAGGATGCAAAAAAAAAAAAAAAAAGCTGAACAGAAGGCAGAAGGGTGTGTCCTGACCAGTGACCAGACCAGGTGTAGGGCTTATGTCCTGCCTTATTTTTAACACCCTGTCTAAATTTTCTATCCAGTCTGTCACTTTCCTCATCACTGATA,"[[92520192, ""T"", [""C""]]]",yes,no,T->C,1
chr2,128234638,128235105,TGTCTATACCCACGTGGTGTTGACCAGCCTGTGAAGTGTACTTGGGCCTGAGAAAAATTGGAGAAACAACAGGACATGGATTTGCTGAAGGCTTCACACTGAGCTGTGTTGATTGTGTGGGGACTCCATGAGGCCGGTGATAGCCTGGCACAGCTGGAAGGCCCTGTGTCCACAGCACGAAAAAGCTCAGGTCTTCCCAGGGCCAGACATCAGGCCATGTGGAAAGCAGCAGGGCAGCATCTGTTGAAATTTAACATGCCTCTGTCTTCGGGCCAGCAGCCCCACTCTGGGCAACCAGACGTAGAAATAAAGCACAAGTGAGTGAGGCTGTGTACAGGGACTTTACCATGGGGCCCCAAATTGGTAACAAAGTGACTGTTTGTCACCCAGGGCTGGGTGAGTAAATTGCAGTCCCTTACAGCATGGAATATTGTGCAGCCACAAAAAGGATCCAGTGAGGCTGTGAGC,N,no,no,N,0
chr7,52516802,52517018,AATAATTCAATAGAATTATTTGTAAAATGCTCATAAGATACAAGAAAACACAAGTAGATAAATCAATGAAATCAGGAAAACAATAAATGAACAAGAGAAGAAGTGCAACAAAGAAATAGACATCATAGAAATTCTGAAGCTAAAGAAAACAGTGACTGAAATAAAAAATGCAATAGAATTACATCATACTTGATCAAGAAGAATCAGTGAACCTGAA,"[[52516855, ""A"", [""G""]], [52516929, ""A"", [""G""]]]",yes,yes,A->G,2
chr7,100856856,100857172,ACCTCTCTCCAGATGCCACAGGGCCCAGTGGGCTCCGGGTCCTGCCCCAGGGCTATGGCTGGAACCTGCTGTATGGCTCCCTGCTGCTGGGCCTTGTGGGTGGGGTCTGCACCCTGGGAGCCGGCCTCTATGCCCGGGCCTCATTCCTCACATTCCTGCTGGTCTCTGGCTCCCTGGCCTCTGTGCTCATCAGTTTTGTGGCTGTGGGGCCGAGGGACATCCGCTTGACTCCTAGGCCTGGCCCCAATGGCTCCTCCCTGCCGCCCCGGTTTGGCCACTTCACCGGCTTCAACAGCAGTACCCTGAAGGACAACTTG,"[[100856911, ""C"", [""T""]]]",yes,no,C->T,1
chr16,28238047,28238250,GGAATAAACTTTTACTTCTAGCTGGGTACATTTCCCAGCCTCCCTTGCAGCTAGGTGTCATCATGTGACTAAGCGGTGGCTAATAAGATGTAAGCAAAATGGCTCTATGGGACTTGTAGGAAGTTGCCTTAAAAGGAAGGAACACAAGCTTTCTCCCCACTTCCTTGTTGCTTGGAGTAAGGCAGTTCCAGCAGCCATGTTGGC,"[[28238127, ""C"", [""T""]]]",yes,no,C->T,1
chr21,17391913,17392356,GGTTGAAAGCAAACCTACATGACTTTTGGCCCCGTAGAAGACATTATCTTTACCATACTGGATAGTAAACACACCTGTCATCTGCTCTGGAGGGAGATGCTGTCTCTATAGTCCAAGGCTATTCACTATATTTATATCCTGGAAATCGCAGTCTGGAACAAAACCTGTCACTACCTGTGCCCTTAAAATGTGCAGAAATATAAATGACCCATGAAGAATTGTTGTCCAACCACTGCGTGACTCATCTCTGAAAATAATTACACATATCACAATAAGGTAAACTCTAGATGTTGACTTACCCAAAAAATTGTGACTAAATATATTGGCAAAGGGGAGAAATGGGAGGAGTATGTTGGGGAAGGTAGACAGGCATAAAACATAATAAATTTTATATTCTATACTAGGAAATAAATAGATGACATCTAAAACAGAAAATCAAAAAAT,"[[17391948, ""G"", [""A""]], [17391978, ""C"", [""T""]], [17392179, ""A"", [""T""]], [17392180, ""A"", [""C""]]]",yes,yes,A->C,4
chr22,26122997,26123256,TGCAACCAAAAGAATACTGGTAAAGTTTACCCCCTTATTTGATAGATAAAAATTCTGAAGTCCAGAGCGGGGAAGTGACTTGCCCAAAGTTACGCAGCAAGCTTGTGGTGGAAACCAGTATGAACGAAGGAACGTAGTTTCACTTTCTATATTTTAAAAATGCACATTAGACAAAGCTTAAAAAAAATTTTTTTTGTAGGCAGTTGCCATGGTTAAGATATGGTTTGTTTGTCCTCACCAAAACTCATGTTGAAATTGGA,"[[26123016, ""T"", [""G""]]]",yes,no,T->G,1
chr17,34445745,34446231,GCAATCTAGGGAGGATATGCTAGTTTTGCGAGGCTCCAGGCTGCAGATAAGGCTGGATTAAGTGAGGGTTTGAAGGAGGGGCGTACTCAATGAGCCCACCTTCTAAACACTGCCCAGCAAAGCACAACCTTCCCACTACTTCCTAAATAGTGGCTTCTCTGGATGCTAGCTGGCCTCTTCAGATGAGGAATTTCCCTCCCATTCTGGGCCCTCCCCTTCAGAGAACACTGGAGCCCAAGGTGCTTTCAGTAACAAGTTTCATTGCAGCTAAAAATAATGGAGCGACCCATATCTCATTTCCTGCATTCTGTAACGACAAGTGCCCCAAAAGGGGCAGTGGCTGGGGATTAGCAAAAATTCAAGGCAACTGGAAAATATTTAGATACAATAAAATATGTGCATTCAAAAGAAAGCTAAGAAAAGGCAGGATTCAGAATGATGGTTACCTTGGGTGGGGAAAGGCAGGGAGATGGGACAGGCAGGAGGA,"[[34445799, ""A"", [""G""]]]",yes,no,A->G,1
chr11,100493665,100493912,TACAAAAACTAATTCAAGATGGATTAAAGACTTAAATGTTAGACCTAAAAGCATAAAAACCCTAGAATAAAACCTAGGCATTACCATTCAGGACATAGGCATGGGCAAGGACTTCATGTCTAAAAATGGCAACAAAAGGCAAAATTGACAAATGGGATCTAATTAAACTAAAGAGCTTCTGCACAGCAAAAGAAACTACGATCACAGTGAGCAGGCAACCTACAGAATGGGAGAAAATTTTTGCAATC,"[[100493715, ""C"", [""G""]], [100493803, ""C"", [""G""]]]",yes,yes,C->G,2
chr6,35004058,35004488,GGTCTGTTCTGTTTCACTCTAACCACTGGTGCATGCAGCCCCTGTCACGTACCCCTGTTTGCTCAGTCGATCACGACCCTCTCACACGGACCCCCCCTTAGAGTTGTGAGCCCTTAAAAGGGACAGGAATTGCTCACTCAGGGAGCTCGGATTTTAAGACACTAGCCTGCTGATGCTCCCAGCTGATTAAAGCCACTCCCTTCACTATCTTGGTGTCTGAGGGGTTTTGTCCGCAGCTGGTCCCGCTACAGTGAGATGGGAAATTTTTTAAATTACATTTTTAGGCTGGGTGCAGTGGCTTACTCCTGTAATCCCAGCACTTTGGGAGGCCAAGGCGGGTGAATCACTTGAGCCCAGGAGCTGGAGACCAGCCAGAACAACATAGCAAGACCCCCATCTCTAAAATAAAATTTTTTTAATTTTTAAAAATT,"[[35004084, ""C"", [""T""]]]",yes,no,C->T,1
chr18,12939208,12939536,GGCCTTGCTAGCTGGAAGCAAATTGCTTCTGGTAATCTTTATTAACAGATACTGAGGAAAAAGCATTTGCCAATCAATAGCTGCACACCAAGTACCAGGGCACCAAGGCATGTGTTAATTTACTCAAGCAGTGAAACCACATCTGAAACAGCAGTTGCAATTGGGGTGGCCACCTGGTTAAGTACACAGGTGTCATTCTCCAAGAGCCATCTTTTTTTCTGCACAGGCCAAATAAGCTAATTGAGGGGGATGTGGTAGAAGTCACCATCCCTGCTTTGTTCAAGTCCTTGATGATGACGCTAATCTCTGAAATCCCTCCGGCAATTTGG,N,no,no,N,0
chr5,172542613,172543039,CAACAGCTTCCTGACTCAGGCGTGCTGGTGACCATGCTGGGGCAGAACTCCATTCTCTGCACCCCCACATCCCCCACCCCAGCTGGAGAGGCCACCATCCTGCTGGTGCCCCGGCAGGCCCGCTGCTGCCCACCTGTGCTTTGCAGTGGGATGGTGAGTGGCAGCTGGACTCCGAGGGCCAGGTGGCAGAGGGGCGGGTCTCTCCCCTGGGCATTGCAGCCACTCTAGTTACCCTCTTGGATTTCCTCACTCTCCAGGCTGCACGCTGGGTGGGCCTTTAGGGGCTAGTGAAGTGTTCAGCATCTTCCCCGTACCTTGCTGTTTCTGAGGACCAGGGGTGCTGCCGGAGCTGGGCCCTTTACCAGGGCCACCATGCAGCGAGCAGGTCCCCAGAGAACCTCTCCCCACATGCCGTGTGGGGGTTGCG,"[[172542719, ""C"", [""T""]]]",yes,no,C->T,1
chr4,65651105,65651352,CCTGACTGCCTTTGATGTTGCTGGGAATGGATGTATTTCCTGGAACTGATACAGTCATCGAGAGAAAATAAGTAGAATCAGCAGGGGAGCAAAGCTTTCAGATTAAGGTTGGCAGAGTGAAGGGATGGGAAGTATCTGGTTCCAAATTATATCATAGAGTTGTTAATCCATCTAAACTTGAAACTTGCCTCTCTCAGGAATTGCTTTTATGTGGGAAAAATCAATGTTGTTGCTTAATCCAGTAGGGA,N,no,no,N,0
chr12,73180317,73180605,TGAGATCTCACTTGGGTCCCCTATTCCCCTATGTTTGAGCTGGTACCTAAGATGCAAGATAAAGTTCATTTTACTTTGTCCTCTGCTTTTTTCAAGCAAAATGAGTCTCTTTCCATAGCCACCACAGCTGGGAATGTGCTGAGTTTCACATGAAGCCAGCAAGTTTCAGGGGCTCACCCAAGGCCCACAGCATTCTATATGAGTATTGCTGATGGTTATTCAGTGCTCAAGGGCTCAGTAAGCAGAAGATAGGTCCTAACAGGACTCAATTCTTCCCTTCAAGACAGCA,"[[73180376, ""C"", [""T""]], [73180385, ""C"", [""T""]], [73180540, ""G"", [""T""]], [73180588, ""T"", [""C""]]]",yes,yes,C->T,4
chr1,97562061,97562512,CTTTAGAGAACCTAAAAGAATCTTGTATAATTAATACAAAACACATATAATAAATACAGAATGAAAGAATGGGAAGTAACATCCCACAAGTATGTAGGAGGGCAGATTAGTAGGATGTCAAAATTAAATTGAAGCATTTGGTTTTAATCCCACCATCAGGGAAGAATAGTTTTAGATTCCAAAGTATGAGAGTAATGTGATGAGACTGGTGATGTAAAGTTCATTTGGCATCAGTATGCAAATACAGGGAGAAACACTGGGTCATGTTAAACCAAATGAATTGTAAATACACTTTGAGGAGGGCTTGGAAAATCACTGGATATTTGGCAAACACTTACTATGCAACATGCTTGCCATTCTTTCACATACTTGTATCGAAAAAATGGTCAGGTAAGTCTTGAAAACACTTTAAAGAGGTTTAGAATTACAAAATATAACAAGTATGGTTGTTA,"[[97562436, ""G"", [""C""]], [97562477, ""C"", [""G""]]]",yes,yes,G->C,2
chr11,74966706,74966978,AGGTAATTTTGGTTGGTAGTTAACTTTTTTAAACAATGTTACCACTACCTAAATTTTGTTTTGTTTTCTTTTTTTTGAGACAGGGTCTTACCGTGTCACCCAGGCTGAAGTACAGTGGTGTGATCATGACTCACTGCAGCGTCAGCCTCCTGGCTCGAGCAATTCTCCCACCTCAACCTCCTGAGTAGACGGGCACATGCCACCATGTCTGCCTAATTTTTAAATTTTTTACAGAGACAAGGTCCTACTACGTTGCCTAGGCTGGTCTCAAAA,"[[74966727, ""T"", [""A""]]]",yes,no,T->A,1
chr21,42205113,42205384,TGCATCTTGCGAGGAAGTGGTTCATTTCATCTGAGTTGTCAAATGCATGATGGCAGAGTTGTTTGTAGTGTTCCCACATTGTCCTTTGGATGCTTGTGGGATCTGTAGTGATGTCGCTTGCTCCATCCCTAATATCACTAATTTGTATCTTCTCTGTTTTTCCTTTGCTCATCTTGCTAGAGGTTTGTCAATTTTATTGATTGTGGCCAGACATGGTGGCTCATGCCTGCAATCCCAGCACTTTGGGAGGCTGAGAAGGGCAGATCACCTGA,"[[42205164, ""T"", [""G""]], [42205250, ""G"", [""C""]]]",yes,yes,G->C,2
chr14,38336365,38336654,GGTGACAAACTGCAATTGCTGCTGGCACAAAGCTAAAGGAAATTGTAAAAATTATTACATGTCCTTAGGATTAATCAGTGATCTGAAAAACATAGTGAAAAAGAAACTATTACCTTTTTAGAGCTTTAACAATAGGCTCTGACTCAGACTGTTTTGTCCTGACCTTTCTATTTGAAACTGTGTCTAGGGTAAGTAACCACTACTTTCTCATGTGTAAAATAAATTTTCATTCTCTTTTTTAAAAGATTTGTTTTCAGAGAAGTTTAAGTTCACAGAACAATTGAGAAGAA,"[[38336397, ""A"", [""C""]]]",yes,no,A->C,1
chr2,56754657,56755085,TTTTATCTTTAACATTTTGTGTAGTTTTGACAGCACTAGCAGCTTCCCCCAGTTGGCTGCCTAGCAGGTGTAGTAAAAGGATGCCTGGCATCAGCTGCTGGTGAGGAAGCAGCCAGGCCATTTTAGCTGCAGGGGCAGAATTTTATGCTGTGATGTTCTTTTCAGTTCAGGGGACACTTTCCAGTAATCAAGTTGACAACCATTCTTAAAGTCACATGCCAGTCAGAAAATTGTTCTGTTTCTGAAGACTGAGCAAATGCTGATGCTCACAGTGGCAAAAGGCCAGTTCTCTTGTGGCAGATTTGTTGTTTCACTACTGTTTATTAATCTTCACCAACCACAAGAGTGAAGGTCAAAGTAGAGTCTCCTCATTTAATCAGAAGTATACATTACTTCAGCGGACTGCGTTGCAGATTACTTCTGCAATTA,"[[56755024, ""A"", [""C""]], [56755063, ""A"", [""G""]]]",yes,yes,A->G,2
chr18,5049651,5049920,TATCACTCTCTCAAACATATGCCTATCTGATTTCTGAAATGTTTAAGTGCTTCCGAGGACACTTCTGGTCCCTACATTAAGACTATTCCCCTTGAGGATTATGATCCGATTAGATTCGTCTAAGAACAAAATCCTTAGGGTCTATGCTACCAGCAGGATTTTGAGTGACTTAAATCACCAACTTGCTATGACATTTACAGTGTATTATCCTCTTGGGTGATGACAGATAACGCCCACCTTGAACAAATATCTTAGTTAAGTTTAGTAGAT,"[[5049705, ""A"", [""G""]], [5049762, ""G"", [""A""]]]",yes,yes,A->G,2
chr12,109625164,109625646,GAGACACTGTCCCAGGACACTGTAAATCAGACTGTGTGTGACACTTCCCCTAGGAGCCTGGACAGTCAATGTGACACTATCTGTCTCTGTGACATCATCCGGGTGGCCTGTATGTGTCTCCGTGACACCAGCCAGATGGCCTTGCTGGATCCCTGTGGCACTCTCCCCTTGTGACTGTAACTGTGTGCCAAGGCTTGAGACACCCTGCTGGACACTGGCTGCTGGTGACTGCTGGACTCATCCTTGAGTCTCTGAGTCATCCAGGCCACTCCCCTCATCCACCCAGATCCTGAGAAGAGGACTTGCGGCAGCAGAAATCACCACAGAGACCTTAGCCCTCAGTGACCACAGACCAGGGTGCCCACTGCTGGACGGATCTGACACCCGTGGTCTTGTCCACCCTCCTGCCTCCCCACACGGGTGCATCTGTCACCCTAAGCCCTCTCTGTCCTCAGGGGCAGCAGTGGCAGGGCCTTTCATCCT,"[[109625275, ""G"", [""A""]]]",yes,no,G->A,1
chr2,56169524,56169924,ACCAATACAGTACTTGAGACACCACCTGAGGAAGAGGTGCTTTTTGCCAATTCACACAAAGGTTCCCTATGGACTACCTAAGCCTGAAGCAGTAATTGGTGTGCAGAGATGGGGAAGGGGGCCAGTGACTACACCTTAAAATATTATGTCCCTCTTTACTCCCATGTAGTCTAGGGTTCGGCTGTGGTTTAAAGTTCTAGGTCTTAGCATGAGTCATGTAAGATGGGTGATTCTTGGAATTTCAGAGCGACAGAAGCAATCAAAGGCTTTAGTCCCTCTGTTAGATTAGTGGTGAATCCTTGGAATACCTTTGCTGGTTGGAGAAAGACATAGCAAAATAGGGATGAGTGACATCTGTAAAGAAATACTCACATGTTGCATTTCGGTGTGGCAATTTGTAC,"[[56169526, ""T"", [""C""]]]",yes,no,T->C,1
chr13,88130866,88131309,TATAGCACTGAATGTATATTTTTGAAAAGAAAAAAAGACCTAAAATCAATAATCTAAGCTTTTACCTCGGGAAACTAGAAAAAAATAGAACACAAAATCCCAGGTAAGCAGAAGAAAATAAACATTAAAACTTATAGCAGAAACCAATGAAATTGAAAACAGAAAATCAATAGGAAAAAATCAATGAAATCAAAAGCTGCTTCCGTAAGCAGATAAGCAAAACTGACAAAACTCTATCCAGGCTAACCAAGGGAAAAAAGAGAGAAGATACACATATTAATAATATCAAAAATGAAACAAGGACAATCACTACTGAATCCAAGATGGTTATAAGGATAAAAAGGAATATTATGAGCTACTCTATGCCAGCCGATTTGTAAATTTAGATAAAATAGACCAATTCCTTGAAAGACACAACTACCACAATTCACAGAAGGAGAAATA,N,no,no,N,0
chr10,4488853,4489287,GCAGCAACCGTCAGCATCCTACCCTGGAGTATCGGGGTAAAGGCTGCAGCCCCTGATGGCAGCAACAGTGGCAGCTGTGGCCTCACTGAGCTGTGCTGCAGCATGTCTGTCTGTGTTTCTGGCTGTGTGGATTCCTAGACATGGTTCTTGAACTCTCCTAAATATTCTATGGACTCTTCAATATTTGTACAAATTCTGTTACAGCTTAGGTCATCAGAGTCGGTTGCTTGTTACAAAGAATAGAAACATTGAGCACTGGTAATGATTATCCCTTCCCAGCTGCTGGGAGAGCTCCCAAGAGGGCAGAAATAGAGTTGCCTCAAGACTGGGTCAAAGTTTGCTGTGTGTGCAGCAGAGATTTGGATTAAAGAGGGTAGGGGGCATAGCAAATACAAAATCATACAATTCAAGATTTTCAGGGTTTTGTGGACTCTT,"[[4488861, ""T"", [""C""]]]",yes,no,T->C,1
chr8,119135302,119135733,TACTATAAAATAAATGGAAAGCAATGTCACCTTTATAGTTTAAACAGCTCCTCATATGACTACAGAAAAGGAAGGAAGAAAGGAAGAAAAGGAAGGAGGAACAGAAATTCCTGGCCAGAAGTTGTTAAATACACATCAGTACAGACCATTCAGTCAGAAATTACGTTGTACCACCTGTTACAGGAAGACAAGGAAGTTTCATTGGGTGTGGCTCTGTAGTATATACACTACAGTGTATGCCACTGATGAGTAATTCTTTTTAACTTCAGATACGCTTTTTGTATTGCATAGAATGGACAGAAATGACTTAGTAAGCAGAAAATGGCAAGTTGCTCTTATTCCAGGATTTCAGATAGGCTAAAGAATTTCACAGAATCAAGCTAAAATTAGGAATAGCAGACGGAAAATAGAAGATTCTATCACAGGAAAAGG,"[[119135465, ""G"", [""C""]], [119135702, ""T"", [""C""]]]",yes,yes,G->C,2
chr8,48970371,48970727,GTGAGCAAATCAGTTTTCATATATCATTTCACTTAAAGTTTAGGAAACTCTTCAAAGGGAATATTATTATGAATAATGTGCAGGTGAGGGAATTTAGTGGACAAGATGCTAAGTAACTTCTCCAAGGTCACAAAGCAGAATTGGGACATGTTTTCATTCTGCTTTCAAACCCTCAACCTTTTCTACATCCCACTTTCCCAATATACAGCAGGGGTGAGTCACTGCCAAAGTGAGTCATATATTAATTCTTATTGTAATTTATTCCCAGTCAACTAAATTCTGTCAAGATTTAAGTTATTTCCCAAAAGAAAGTCAGGCACATTCAGGTGAAGACATTTATACATTTGTTTCTGCAGC,"[[48970470, ""T"", [""G""]]]",yes,no,T->G,1
chr12,110508010,110508459,AGTCTTTAAATTGTTTCCTATAAAATACTAATAATTTAACATTATTTTTTCCTTCTTTGAACTTCAGTTCATTTAATAGCAGAATGATTCAAAGAGCATGATTAAAACCATAGCAAGCCTTGACATCACAAAGATGTGCGTGTAAATTCTTCTCCACTTATTAGTTTTGGGACAGTGCATAAGCTCTCTGAATCTTCATTCCTTACTGTAAAGTGGAGATGATCATGCCTACCCACAAGTTACGGGGTGATTGTGAGGATGAAGTGAGATCACATATGTAAAGTACATACCGCAGTACCTGCCCCAAGGGGAGTACTTGTTAGTGATTGCTGTTACTATAATTATCCTCTTTCCTTATCTCCAACTAGATTTTAGACAGAAAGTGAATACTTGGTATTCAGTATCTCTCAAGTAGCTTACTTGAGTCATGTCCAGTAAGTATTTGTGATT,"[[110508117, ""G"", [""C""]], [110508219, ""G"", [""A""]], [110508316, ""G"", [""A""]]]",yes,yes,G->C,3
chr17,11380630,11381077,ACCTAGCACTGTGAGGCAATTTACTCTCAAACTTAGCGTTTTAAAACAGTAATAAACATCCGTTATCTCACATAGTTCCTGTGGGTTGGGAACCTGAGTGCTTTGGGCTTGGAGTCTCATGAGGTTGCCATCACCACGTCAGGCAGGGCTGCCTCCTCTGAAGGCTTGACTAGGGCTGGAGGATCTGCCTCCAAGACGCTTCACTCACATGGTGCTGGATGTTGGCAAGAAGCTTCAGTTCCTCCCCGTGACATTCTCTCCCTGGGTAGCTGAGTGTCTTCACTGCATGGTGCCTGGATTTCCTCAGGGTGGGTAATCAGAGAAGGAGAAAGACAGAAGACACAGCGTCTTTGATGACCAATCCTATCAGTTGCACGCCATTACTTTTGCAATATCTTATTCTGAGTGGGTGGGAACTACACTGAGTTATGAATATCAGGAGCCGAGG,"[[11380645, ""A"", [""G""]]]",yes,no,A->G,1
chr8,77398223,77398646,AAAGCATATGATTTAAAAAAATGCCTGATAGCATTTACATTTGACGGTATATATTTGAGGCCATAGAAATAAAGTGATAAACACTTTTATAAAGGAGAAATATTTGAACAAAATATACAGATATATCTCTCTAGGAATATGGTCAACAGAGAACAAAGGAAAAATGTCTTTGTCTTAAATCACTTATTTTTGAGAGCTTGAAGCATCCCAGGTCTGCGTTGGTCTAATGAAAGAGTGCCATCTATTGGATGACCTTGAAAAAGTACTTAAATTTCATAAAGGTTATATGGAAAATACACCAGTGGAGAACAGTTATTTTGGAAAAATTTATAATTGTATCAGTCTTAGTCTATGTGAGTGTATAGTTACCTGAATCTTATGCTAAGAAAAGAAGAAGAATCTGCACATCAATGTTGTTATTTTG,"[[77398236, ""A"", [""T""]]]",yes,no,A->T,1
chr13,78679260,78679702,TTAGGAGTTGTCACTCCTCTATCTTTCCAGAGCACCCTCTACACACCTGTATTTTAGCACTTATTATATAGTGCTGAAATGTTCTGTTCACATATCTGTCTCCCTTATTAAACTACACACTCCTCCAGGTTAACACTGTGACATGGCCTGACTTATTTGTCAGTATAACCCTTACTTATCCCCCATCTTGCACAGAGTCTTGTATAATATCATAGGCATTCAAGAAATGTGGTTCTTAATCAGGAGTGCTTTTGTTTGTCAGGGTTCATTTGGCAGTGCCTGCAGATATTTTTGGTTGTCACAACTGGGAGGGGTGGGAGTTGCTACTGGCGTCTGGTGAGTAGAGGTCAGGGGTGCTGCTAAATATCTTACCATGCACAGGACAGCCTCTACTCCCCTGGAACAAATAATTACACAGTCTAAAATATCAGTTGTGCTGAAGC,"[[78679282, ""A"", [""C""]]]",yes,no,A->C,1
chr6,121830067,121830279,CTATAGTTTAAAATATTAATGATAATAATATTATTAAGTAGTATGGGGCTACTTATTTTTAACTATCTCTTTGATGTGGTTGAAACAAACTCTAAGATGAAAGTAATTTCTTTGTTCTCCTCCCCAAACTTTCCCATTTGATCACAGCTACTTACCTGAAACTCACTTACGGTTCCTATTGACAGTCCTGAAAAGATATGTTTGAAAATGTCT,N,no,no,N,0
chr20,2825396,2825745,AAGAAAAATTCTTCTGCCTTGGGATCCTGTTGATCTGTGACCTTATCCCCAACCCTGTGCTCTCTGAGACATGTGCTGTGTCCACTCAGGGTTAGATGGATTAAGGGCGGTGCAAGATGTGCTTTGTTGAACAGATGCTTGAGGGCAGCATGCTCGTTGAGAGTCATCACCACTCCCTAATCTTAAGTACCCAGGGACACAAACGCTGCGGAAGGCCGCAGGGTCCTCTGCCTAGGAAAACCAGAGACCTTTGTTCACTTGTTTATCTGCTGACCTTCCCTCCACTATTGTCCTATGACCCTGCCAAATCCCCCTCTGCGAGAAACACCCAAGAATGATCAATAAAAATA,N,no,no,N,0
chr4,150087060,150087338,TTAAAACATGTTATAATTCAATCCTAATCCCCGGGATATTTTGTCCTATTTGTCGTGTTTTCAACAGCCTAAAGGAGAAGTCATTATATTGTAATTTGTCAGAAGCTTTTCCTTATAGACTAAAGGAATGGTAAAATACCGGTTTGGTGAGGTCGCCCTAAGTACTTTTCATTACACTATAACATTTACTGACATTTCAAACTAAGTGACTAAAATAATCTGCAATTTTGACCTACTCTGTTACCTTTTGTTTATTTGTTATAGTTACTTGCAACCAAA,"[[150087112, ""C"", [""T""]]]",yes,no,C->T,1
chr4,186582056,186582302,GAACAAGGGAAGATAACCATAAGGTCTGACTGCCTGTGGGGTCAGGCAAAAAAAGCCCTATTTTTCTTCTTGCAGAGAGCCTATAAATGGACGTGCAAGTAGGGAAGATATCGCTAAATTCTTTTTCTAGCAAGAAATATTAATATTAATACCCTGGAAAAAGAATTCATTCCTGGGGGGATGTCTATAAATGGCCGCTCTGGGAATGTCTGTCTTATGCGGTTGAGATAAGGACTGAGATGCGCCC,"[[186582190, ""G"", [""A""]], [186582204, ""G"", [""A""]], [186582213, ""G"", [""A""]], [186582217, ""G"", [""A""]], [186582222, ""G"", [""T""]], [186582232, ""A"", [""G""]], [186582237, ""G"", [""T""]]]",yes,yes,G->T,7
chr3,100147197,100147497,AAAAGGCCATGGGCCATGCTTCCTTCATTGTAAACCAGCAAGTTCTGTTTTTTGCCCTAATTCTTTTTCTTTTTTTTTTTTTTTTTTTTTTTGAGACAGGATCTTGCTTTATCACCCAGGCTGTAGTACAGTGGCACAATCATGGCTCACTGCAACCTTGACCTTCTGGGCTCAAGCAATCCTCTTACCTCAGCCTCCCAAGTAGCTGGGATACCACAGGCATGCACCACCACACCCAGCTAATTTTTTTATGTTTTGTAGAGATGAGGTTTCTCTGTGTTGCCCAGGCTGGTCTCAAACT,N,no,no,N,0
chr8,26480133,26480410,AAAAAAAAAAAAAAAGGGACTTCCCATTATCTTATCTCAGGAAGTAAGTGAAAGATTTGCTCAGTTAAAGGTGAAGAAAACAGGGACTGTGTTACATGAACGAGGTAAGGGGACTTCCCAGGAGAATGAAGCAGGCCCAGAGGAAAGCCAGGAGGAGGAGCTTGCAGGGTGTGTCTAGAGCAAACAAAACATACATGTGACAGGTTTCTAAATATCTTGGACCATAATGAGAGGAGTTTGAAAGTTGTATTGGAGAGTTTTGGGCCAAAATTAGTGAG,"[[26480180, ""A"", [""G""]]]",yes,no,A->G,1
chr1,36643861,36644276,GAAGAGGTGGGAGGGAGCAGAGAGGGAAGATGCTGGGCACCGTGGAGGGCAGGCTCCATGGTCGCTGAGCTGTACCAGCTCTGGGTACAGAGGGCAGTTCTCTTTACCCAGCTCAGGGTTGTGGGCGGAGATGAAGTGTGTCCTGGGCTAAGACCACTGTGGCCTCCCATCTTGAGCTGTTCCCTGGTAACCAGAAGCCGTGAAATGAGGTGTTTCAGTTCCCTGAGCCAGAAATGGGCAAACCACAGGGAGGGTGATTTGCTTTTCAGATACAGCTGTTCTGGCCACAGGCTATGCACCTGAGCAGCCACTGCTCCCCACCCTATCCAAAATGCTGGCTGGCCTGAGCCAGGGAGGCCTGGGCAGGCTTGGGCACACAGCCCCCTGCTCATCCCTAAGCCCTGGGAAAAATGAGG,N,no,no,N,0
chr3,117526537,117526774,AGCCAATATGTTTGTTTCCCAAAGAAAAAAAATGTTTGTTTTCATGATTTTGGCAGAAACAAATGTTTTCTTTGGGGCTGTTCAAATAGTCATATTTTCAAGTTTTCTTGCTTCTTTCTATTGGGGGGAGCACCCCCTGGTGGAATACCATGAAAATGTTTGCCACGTGTTTTGACTGTAATATTCAACAGACAGATGTGTTTTGCAAATATTACTTTTACACAAAGCACACTCAGAA,"[[117526714, ""C"", [""G""]]]",yes,no,C->G,1
chr8,36897807,36898104,CAAGAGACTTCTAATTTTAACTTTTCATCTTTAATCAAGGCATGCCTCCTTTTAAAAATAGCCATTGTGTAACATACAGATGGGGAGGACTCCATGTCGTGAGTGATCCCAAATGGCCTCCATCTCCATTATCTCCATTGCTTCTTGATAGGTCGCTGGTACTAAGTAAAATGTTGTAACACTCAGGATGCCTGTATTCACAGGCTTTCCTCCAGTGATGGCTTCCAGATGTGAGGAAATTTTTAAAGTTTGTGGTCCTCAATGCATCATTGGGTCCTTCCAATGTTTTCAAAAATCC,"[[36897881, ""C"", [""T""]]]",yes,no,C->T,1
chr4,6879732,6880141,CCACAGAGTGTTGGCATCTCTGCATGGCTGGCTTCTCAGCTGAGCGGGCCTCTTCTCCAAAGAACTCCCTTCCCAACACACCCGTCTGCAGTGCCCCCCCTCACCATCTGTACTGTGTCACTGCAAACTCCCTTCCCAACACACAGGTCTGCAGTGTCCCCTCACCATCTGTACTGTGTCACTGCAAACTCCCTTCCCAACACACCCGTCTGCAGTGCCCCCTCACCATCTGTACTGTGTCACTGCAAACTCCCTTCCCAACACACAGGTCTGTAGTGTCGCCTCACCATCTGTACTGTGTCACTGCAAACTCCCTTCCCAACACAGAGGTCTGCAGTGTCCCCTCACCATCTGTACTGTGTCACTGCAAACTCCCTTCCCAACACACAGGTCTGTAGTGTCGCCTCACC,"[[6879748, ""C"", [""T""]], [6879815, ""A"", [""G""]]]",yes,yes,C->T,2
chr15,75143759,75144018,GGACAAACACTTGAACCTGGAAGGTGGAGGCTGCAGTGAGCCAAGATCACACCACTGCACTCCAGCTTGGGTGACAGAGTGAGACTCCATCTCAAAAAAAAAAAGAAAAAAGTAAGAAAGAAAAGATCCACTTTTATTCACCCTTCCACAGATCCTGGATGAGCCCCCAAAATGTTACAGGATCCTTGGGGTGTCACTTTGCCAGCTGGAAACCTCTGTGGCCAGTGGCACCTTTGCCCGAGTTTTTCTCTGGCCTGCTG,"[[75143765, ""T"", [""A""]], [75143782, ""A"", [""G""]]]",yes,yes,T->A,2
chr1,83406727,83406987,TTTAAGAAGTTGCATTAAGCAGAGTTCTGGCAAGAAACAGAACTCAAAAGAAGCAATTAAAGAGTTTCAACAGAGGCACAAAGCATGGGCAGGGTTAAGGGAATTCAACCAAGGAGGGTGAAACAAGCATTCCTGAGGCTCCCAACCACCACCACGTCTGAAGTGAAGAGAGAAGGGAATGTTTAAAGAGTCCATGCAGCCTGAGTCTGAAGGGAAGGCCACCCAACAGGAGCTGGGGCCGATGGAAGAGGAGCTCAGACA,N,no,no,N,0
chr19,55261877,55262202,AGCCAGAAAGGAACCTGGGCAGGGGCCCCTCCACCGCCAACTCTTGGCCCGACGACCGGCGGGCTCTGATTGGTAGAGGAGCTAGACCACCAGCGGGTTCTGATTGGTGTACAAAACAGATTCCCAGAGAGAGTTCTGATTTGTGGAGCTAATGTCACATGATTACCCTACAGCAAAGGATGCTGGGAAGGGAAATGGCGGCTACCCTAGGGAAAATTTAGATGTCTAACCTGGGAAATTCCTCAAACCTAGAATTCAGGTTTGCCAGGTGGCCGAAAAAAGGACAGATGTCCCACACACTGTTGCTCAGGAAAGACAGGGAAGAG,"[[55261885, ""G"", [""A""]]]",yes,no,G->A,1
chr1,88216591,88216834,TCCAGTGCGAACACTAGATGGGTGTGTATGTCTAGCTTCCCGCTGGGCCTTGCTGACATTATCTATGTAAACGTAGAGCGCAGACTCACACTGCCTCATTAAAAATTATTGGAGTGGAAGTTGAGCTTCCTTTTCAGCCCCAAGGATCCCTTCCTGGTTAATTCACACCACCTCACTGCCTTCAAGCAGGGTGTAAGCTCAGCTACACTCCCCACTGTGCCCTACTGGCACCAGGGATGGTGAA,"[[88216598, ""T"", [""C""]]]",yes,no,T->C,1
chr3,19523417,19523644,TTTCTAACATATTGAAGAGTCCTGCCATTATCAGATAAGCACTGTTATAAGATAAATTATACCGAGGTAACAAACTCCAAATTGATTAAAATTTATTTCTCGTTCAAGCAAAATGCCTAACACAGGTCAGCAGAAGGGGCTGCACCATCTGGAATGTCACTGCTTGGCTGTTTTCCATTTGAAGCGTGGAGCACAGTTGTTCGGTTTGAAAGATAAAAACATCATTTC,"[[19523479, ""T"", [""C""]]]",yes,no,T->C,1
chr14,66965868,66966160,AAGTTTCTTAGTCTTTTTTTTTATAATCTGTCACTGAATTGTATAGGGTGAGGAAAGGATGAGACACTTATATGCTGTTCACATCTTTGTATACACGATAAATTAACTAGCAGACATTATTACTGCTGTGACTACTTTCTCCTGGAATGCTCCTTGCCTGATTAAGTTAGTCATTTGTGCTTTCAAGTTCTCTATGTGATGGATGCAATATTGGTATCAAAAGATTAACAGTAACATTCCTTATTATTTAATAAGACATGATGTTAGACACTAAATTTGTTTTAGGATTCTGA,"[[66965963, ""T"", [""C""]]]",yes,no,T->C,1
chr10,85986787,85987240,CTAGATACTGAAGATACTGCAAAGGACAGCACAGATAGAGCTTCCTTCTCTTATGAAACCCAAGTGGAGTGTTATAAAGAACCAGAGTCTGTTCTGTTCTGTTCATTCCACAGATGGCCCCATTCAGCACTCTCAGAAGCAGCAGCTCCATCACAACCACTACAGCTCCCAGCCTCAGGCACTGACTCCTAAGTGAGGATCCCAGTCTAAGCTGCAGATGAGTCAGGACTTTCCTGCCCCACCCTAACCAGCTCCTCCCCATCTAGGACCAGACTGAAGGCTGAAGGGGACACCACGGGCACCTAGCAGACCCCAGGGCAGCCACTCCATGCCCAGGGCTCAGAGTTGCCCCAGCTTGCCAGCCACCCAGCCCAGTAGCCTCAGGGGTATCTTCAAAGCCTACCCTGGATTGAGTCACGGTCCCCACCTTGAACAGCCTGGACTGCCAGGATCG,"[[85986883, ""C"", [""T""]], [85987110, ""T"", [""A""]]]",yes,yes,C->T,2
chr9,91386837,91387236,GTATTCTATGGGATAATTTATGGGGGTTTTTGGTGGGGTTTTTTTTTTTTTTTTCAAAAGTGTCACTTGCCAAGCTTTGTTTTTGTTTGATTAGTGTACAGTAGTCTCCCTTAGCCAGGGTTTCACTTTCCATGGTTTCAGTTACCCACAGTCAAGTGCCTTCCACTAATAGGTGAGTACAGTACAATAAGATATTTTGAGACACAGACTACATTCACATAACTTTTATTTCAGTATATTCTTATAATTGTTCATTTTATTATGAGTTATTGTTGTTAATATCTTACTATGCTTAATTTATGTTGATTTTTTACTGTTCCTTGTGTAATACAGTCTTGTATATACTTTCTGAGTTACTTTGTCCATTGACTCCTGTTATATGGCCTCAGATATTTATTTA,N,no,no,N,0
chr3,4256535,4256887,CGACACATACACTCTCCCAAGACTAAACCAGGAAGAAGTTGAATCTCTGAATAGACCAATAACAGGAGCTGAAATTGTGGCAATAATCAATAGTTTACCAACCAAATAGAGTCCAGGACCAGATGGAGTCACAGCCAAATTCTACCAGAGGTACAAGGAGGAACTGGTACCATTCCTTCTGAAACTATTCCAATCAATAGAGGGAATCCTCCCTAACTCATTTGATGAGGCCAGCATCATTCTGATACCAAAGCCGGGCAGAGACACAACCAAAAAAGAGAATTTTAGACCAATATCCTTGATGAACATTGATGCAAAAATCCTCAATAAAATACTGGCAAACCGAATCCAGC,"[[4256662, ""T"", [""G""]]]",yes,no,T->G,1
chr13,31008480,31008801,TTGGCCTCCGTCTTCCCACCCTCACACGGTCAGGCAGGGCAGATGCAGGACTGCATTCTTGCTTCTGCAGGCAGGTGCACTAAGAGTGGGCAGACAGACCACCAGTAGGGCCAGTGTTGGAAATCATTCTTCAATTTGCTAGAACTGTGAAGAATGACTCATACAGCACTCCCAGAAGGGTACCGTCATTGTCATATCTCTGAAATCTTGGGAAATAAAGTTAGATCTCAAATGTAGGGATTAGGGACACAAACCCAGGAAGTTCATAACTGTAAACTTCTCTCAATTCAGTTGAATTCAACAAACATTTGTTGAGTGCTTA,"[[31008515, ""G"", [""A""]]]",yes,no,G->A,1
chr9,3205764,3206053,AAGTTTCTCCTAGACGTATTCTGTGGTCTTGGTTTGCTGCCACGTGTCACACTGAGGTCTCTGTATTGTAAAGATCACAGAGCTAGTACTCAAATGCACAGAGCCTGCTGACATTAGTCATCTGAATAGCCATTTGGGCAAAGTGGAAAAACACTGGGCACTGCAGACCATTGAGAAGCATTTCTGCAGAATAGAGACAGCTTGTGAATTTTGGAGACTTTCCAAAATTTCCTGTTCTGATTTTTTTAAGATGATCTAGTTAAAATTGTATCCTCTACTGGTAACTTATC,"[[3205779, ""A"", [""G""]]]",yes,no,A->G,1
chr11,101401239,101401699,AAGCAAAAACCAAGCAACACCATTGATTAGTGGGTAAAGGACATTAACAGACACTCTTCAAAAGAAGACATATATGCAGTCAATAAGCATAAGAAAAAAGCTCAATATCACTGACCATTAGAGAAATGCAAATCAAAACCACAACGAGATAGCACTCACATGAGTCAGAATGGCTGTTATTAAAAAGTCAAAAAATAACAGATGCTGGTAATCTGTGGAGAAAGGAAATGCTTATACGCTATTGGTGGGAGTGTAAATTAGTTCAGTGATTGTGGAAGATTGTGTGGCAATTCCTCAGAAAGCTAAACACAAAAATGCCATTTGACCTAGCAATCCCATTACTGGGTTTATACCCAAAGGAATATAAATCATTCTACCATAAATACACATGCACACCAATGTTCACTGCAGCACTATTCACAATATTAAAGACAAGGAATCAACCTAAATATCCATCAGTG,"[[101401252, ""A"", [""G""]]]",yes,no,A->G,1
chr9,85155376,85155647,CAGTCTACTTGTGTGAAGTGTGCCTCAGATCTGGAAAAACTAAACTGGGGAAGGGGCCAAATATTGTCATGGTAACAGAAAGAACCCATGCTAAAGGGTTTTCAATAAGCAAGAACAGCCAGTATTACGTAAGTAGCCATCCATGGGAGCTGACATCTGTTATTCATTTGTTGATTTTAGGTTGAAGAAAAACAGGATAATTGGAAATACTTCTATGTTCTGGGAAAATACGGAATGGAAGAGCTCTTAGTGTTTCTTAAATGGTGATCCAT,N,no,no,N,0
chr5,85921664,85921897,CAAAACCTGCAAGCAGAACTCAAGTGGGAGAGGAGCCCACCCTTTCAGAGCACTGAGAAAGAGCAAGGCTGCAATTGTGAGACAATATGAATGAGCCACGTGGCCAAGCAAAAGTCTAGTACTGACCAATACTCATCTGCACCATCTACTGGTTCACAGCCCAAACTTCAACATCAGAAATATTTTGCTAATATATTTTGAAACCAAGGACAAGAATTCAGCTACAAATAAATA,"[[85921669, ""T"", [""C""]], [85921751, ""C"", [""T""]]]",yes,yes,C->T,2
chr17,41444218,41444533,TTGAGAAGCAAGACCCTAAGAAGGGAAGAAAATATAGAATTCTGTTTCAACCAGAATAAAAACAGATCGTTGGCACAGGTCAAAGATCCTCATTGTGGAAAATATTGAACTGCTTTCTGTTGCTCATTACAAACCCATGATTATGAAACATGCTGAGTCTGAAACAGCTCAGTGGCCGTTCTCTGTCACAGATAGATTGAGCTGTGTGGGCTCACTCATGCTCTCTGCAAAGCCTTCTCTGGCTTCCCAGGTAGGCTGCTCTCCCTCTGCTGACACACTCTTCTCACCCTGGGAAACTGTGGCTGTATCAGAGGTG,"[[41444286, ""T"", [""G""]]]",yes,no,T->G,1
chr4,186814506,186814969,TGTCATCTAGGGTTCAGACCTCTGTCCAGGTTCTGCCAGACCTCAGAACCCTTGGATTCCAGTTGGTTGTGATAATGTGTGTAAAATATTGTTGACACCTGGACAGAGATTCTAATAATAGAATTGAATTCAAAAGAAACTGTCTTTGATTTTGTATATACTTAAATAAGAAACTGTAGAGAGTGGAAACTAAAGCTTTTGTTTTCATGTTCTGTTTTCTTTTTCTTTGTGAAACAGAGAAACAAAACACTTTTTGTTCCTTTGTAGACTCCTCAGCTAATGACATGTTTGGAGATCCATAAGGCTAGACAATATGGCAAGGCTAATTAAATTCTTAGAAACTTTCATTTCTTTAAAATAGTGTGCCAACACATAGGGTGGTTTGCAAACTTATGACAATTTGGAAGCAACTACTCACTTGGCTGAAAATTTCAGTAGTTTGTTTTCCTACAACTGATGTGGCA,"[[186814509, ""T"", [""C""]], [186814804, ""G"", [""A""]]]",yes,yes,T->C,2
chr16,31338255,31338576,TGGAGCCTCACTCATTGCTAGCACAGTAGTCCGAGATCAAACTGCAAGGTGCCAGTGAGGCTGGGGGAGGGGCGCCCGCCATTGCTCAGGCTTGAGTAGGTAAACAAAGTGGCTGGGAAGCTCGAACTGGGTGGAGCCCACCACAGCTCAAGGATGCCTGCCTGCCTCTGTAGGCTCCACCTCTGGGGGCAGGGCACAGACAAAAAAAAGACAGCAATAACCTCTGCAGACTTAAATGTCCCTGTCTGACAGCTTTGAAGAGAGTAGTGGTTCTCCCAGCATGCAGCTTGAGATCTGAGAATAGGCAGACTGCCTCCTCAAG,"[[31338286, ""T"", [""C""]]]",yes,no,T->C,1
chr18,54801453,54801700,AAATCTGTCATCACTGAATCCCAGGTCACCAGCTTCCCCATGATGCCCTATTGCTTCATGGCCAGGTTCACACTTACTATTGCCCATCTAGGCCTGTTGACCATTGAGCAGGGTTCATCAGGTTCAGGCATGTTGACATTTTGAGCCAGACGATTCTTTGTTGGGGCTTGGGAAGTTGTCCAGTGCATTTCAGGATGATTAGCACATCTCTGGCTTTTACCCACTAGATACTAGTAACACACACTCTA,"[[54801469, ""T"", [""A""]], [54801637, ""A"", [""G""]]]",yes,yes,A->G,2
chr2,215780949,215781320,AGTGGTTTTGTGCTCAACATAAAGTTTACTTTTGTTCAAGTCTTTTCTTTTCTGGCCTTAGTACTAGGTTTTCCAGTTCACTTATAAAGAAAGCTATCCAACTATTTTTGGAAGAACAATGCATTTTGGTAATCTACCAGGATGATTTGATGTTGAAGTTATTGCAGCTCTTCAGATATCCAAGTCCTTGTACATGATCAATTAGAGCTGAAAATGAAGTCGAAATGTTCCTGGCATGCCAAGTACACTGTCACTGTTGTAGAAATAAGATGTTTGTTGTTACTTTGTTGAACACATATTGCCAATCAGTTTGGGAATACTGAAATTCTGTATGATTTTTCAGTCATTGTCTATCATTTTAGAGCAATCTAT,"[[215780966, ""T"", [""C""]]]",yes,no,T->C,1
chr4,98945457,98945698,GAGGCTTGCATAGAAAGTTATAGGTATGAAGATGTATTTTTGGAAAGGGAGGTTAAAAAGAGAAGAGGTTTTTTTTTTTGGTGTGAGAGAGAATCTCAAGTGGTCAAAATCAAAAGAAAAAAAGTAAATTGTGTCCTAAAGTAAAATGACTGGTTGTTAAAGAAAGAGCAACTATAAATAGGACAAAACCAAAAGTCTGGGCAGGTCACAGACAGTCTGAGCTAGTTGTAAAAGGTTTGTGA,"[[98945539, ""A"", [""G""]]]",yes,no,A->G,1
chr5,61018051,61018531,TATTAACTTATTTAATTATAAGTACATACAAAGGTAGTAAATATTTAAAACTCAGTACTTTCTAATTAGCTTACTACATTTTACTGTTATCTATGCTCTTGAGGTTATTTATGCCTATCATATTTATATGGTAAAATAATATATAATGGCTGGCTACCGGGTGTGTCTTCCTAACTTCACATTTAGTGACATCATGTTAGAGCCTGAACTTAGCCATAAAAGAGTATTTATTTAAACCACAGGAATTGGCAAATGCTACAAATCAGGGCTTAATTTATTCTTTTGTTGATTGTGCTTAAGGAAGTGATAGAGAAAATGTTAATGCATGTCGTGTCTATAGTCATTATATTCTGAATTTCACAAAAATTAAGGAAACAGTCTTCCAATATTCAAATAAGTTTAATCCAATCAGTATTTATGTTGGAACTGTGCCCAGAAGATTATTAAACATTTATCATTATACCACTGGTTTAAGTTCATC,"[[61018094, ""C"", [""T""]]]",yes,no,C->T,1
chr20,6473139,6473628,GGAAATAAAATTAGTGACTTGGTCTTTTTTACTATCTCCTCATCTTAGTTCCTCTCCAGAAAGAAATAGGTGGAACAGAGATGTTAAAGAAGAAGAAACTGTGCTACAGAGAAGGTGGAAACTAAGACATAAGTGGAGATTAGAACTTGGCTGTTTGGCCCCAGGGCTTTTCTCACTAGACTATGATGTAGTATTTCAAGACAGCATGAGTAATGGGCAATGAACATGACAAACTTATGTTGTGCAAGGAGTAACATTTGAGAAGCTTAGGTTCCAGCTGGGCATGGCTTTACTGCCTGCTAATTTTCCCTAGCTAAAAGCACAGCAATTTGTAATAGTTGAATCAGCCCTCTAATCTGAGTCAAACATCAGTTGCTTTCTTTGTATATCTGCTCCCTAGGATCACAAATGCTAGCTTTCATATGGATTTCAAGCTGGGTGAAATGACTTTTTTTGCTTGTAAAGAAGAAATGATGATGGAGGTCTCATC,"[[6473212, ""G"", [""A""]]]",yes,no,G->A,1
chrX,86389551,86389804,CATGTTAGCAAATGGCTTGCGTTTGTAATTAGTATTTATGGCCACAGGAGAGTGCCTCTTTAAAAACAGTGACAGAAAATTGATCAGTTTAGGTCGTCATAGCAACCAAAAAGTCCCATTGCTTCTGTTAGGTTTAGGTTATTATGCTATATACTCATGCTTAGAAATATATTTATGAACTGTAAAGATAAACGATAAACTACTTAATAATGTAAAAGAGGTTGGGATGCCGAAATGCCAAACTGACAAAGTCC,N,no,no,N,0
chr21,17889137,17889531,AATAATTGTTTTAATGTGTATATATGGGTACGATGGTTAGTTTCATGTGTCACTTTGACTGGGTACAAGTGCCCTGACATTCAGCTAAACATTATTCTGGGTGTGTCTTTGCAGGTGTTTCTGGGTGAGATTAACCTGATTGGTAAAGTGAGTCAAGCAGATGGCCCTCTCTAATGTAGGTGTGACTCAACCAATCAGTTGAAAACCTGAACACAACAAAAGGCTGAGTAAGAGGGAAGTCCTCCTGCCTGACTGCTTTGAGCTGAAACATTGGCTCTCCCCACGTCTTGAGCCTGCCAGCCTTCAGACTGGAACCAGCACTATTGACTCTCCTGGGTCTCCAGCTTACTGACTGAAGAACTTGGGAACTTACTGACTGAAGCCTCCATAATGAA,"[[17889144, ""T"", [""G""]]]",yes,no,T->G,1
chr8,32622981,32623399,GCCAGGAAATCACTATGTCTTTTCAAAATATTATATATTCTCAGCTAAGGCTTCATTTTACAGGAACTAATCCAGGAAGTCTTCTATGAAATCTCTGAATGAAATGAACAATTCAGTTTTTAATTTGGCACCTAAAAAGGCTAGCTGAAGAAAAAGAATGTCTTTGCAGAGACATTTCTGTCATAATGAGATAGAATGGTTTCACTTGGGAATAGCACACTAATATGTATTGATTAGATTGGACCAGATCTGGGTGGTCCATTGGTGGAATTTAGACCCATGGCTCTTACATTCTACCCTCAGTTGTAACTGACTTACCTGCTTTTATGGTAGAAAAAAACTTCTGGGAGCTTAGCTAAATGATTCTTAGCTGGAAAAATGCCATTTCAATTTCAGATGTTTATTGGTCATAACATGTG,"[[32623119, ""A"", [""G""]], [32623131, ""G"", [""A""]]]",yes,yes,G->A,2
chr7,102856016,102856443,TTTAACTTTTTAAAAACTTTTATTTGCATTTATTTTATGCTGAATTTATTCCTGTGCCATAAGTTTTTATTTGTTTCTTCATTTTCTTCAGGAATATCTTTTTCTTCTATGCAACCTCATTCTTTCAATTTGATTGTTGACTGTGGATTCTTTTGCTAGGAACACATTATGTTTTCTGCCTCCCTGTTTCAAAACAAAGTCTGACCAAATCCTGTGGAGCCATCACATGTGGTCTGGGTTCCAGATGTGGATGCTATTTTATTCATGTTAAAAGAATTGGAAGAGTTTAGATATTCCCCAATAGAATCCAAATTGTTTGAACACAAATATCAAGTAACAGATGCAAAGTTTGTCTCTTTACCCTATACTTGATAATAGCTAAGTATGTTTTAGTATGCTATAGAAAATTTGTCCTATGAAACTATCTC,"[[102856097, ""G"", [""T""]]]",yes,no,G->T,1
chrX,101677072,101677376,ACTTTTCCGTGTCCTGCTTTACCCACCCTCTTTCTGATTTCCCTTGGTAGCACTTCCTTAAAAAATTACTTGCACATGAATTTTTCTGTCAGGTTTTCTTCTAGGAAACATGATCTGAGACAGGTAGTAAGTTGTGGGGTTGTATGTGAAACTTGGGGTTGTTTCAGTTTTAGGTACATGATCTTAGCTAGTTTGTCTGGTTTTCTGCTCTGAGCCATTTAGGGAACAAGACTCATATGAATACACATGTAGAGAATAAATATAAATATAAAATGTAAAGAAAAGTATAAGTATGATTTTGGTAA,N,no,no,N,0
chr12,23595567,23595822,CCAGATTGTGCCACTGCACTCCAGCCTGGGCCACAGAGTGAGACTCTGCCTCAAAAAAAAAAAAAAAAAAAAAAAAAAAATGTGACCGAATATACTTCCATTTTCTATCACTTGCAACTGAAAGAGAACTGAATAATGTAATTGTTATTCAGTGAAACCACAAGAAAAAGTCCTGGAAAGATGCTTTCAGTTCTCTTTAAATAAGAACATTGTGATATTAAGGCTTATTCTGAAATACTACCTGTTGGGTACAATG,"[[23595658, ""G"", [""A""]]]",yes,no,G->A,1
chr17,56774775,56775074,TGTGAACGGCAGGACAGAGTTGAGCAAAGAGGCCTACCTCCCCCACGGGGAAGAAAACTAACTGAAACTAACAGTCAAGAGATGTGGTTCTATTCCTCATTCTGCCACTTACCATCTGTGCAATCTTGAACCAATCAGTCACTTTACTCCATTTAGGTTTCCTCATCTGTCAGATGAGAAAAGTCAACCAGATTGGGTAGGGGAGGCCTAGCAAATGTCCACTGACTCCCTCATGTCATCCAGTGCCCCTGTAGACTCCGAGGGGTACACCCAGCCACCCCACTTGAATTAAGACTGACT,"[[56774781, ""G"", [""C""]]]",yes,no,G->C,1
chr5,136677244,136677553,GTTGGTGTAAGTGTAAAATAATAAACCACCGCTTTGAGAAAAGGCCGGCAGCTTCTTATGAGACCAAATATACATCTAGCCTGGATCACCCTCAGGCCTTTACCCAAGAGAAATGAAAACATGTCCACAGAAGGGCTTGCGGTAAAATGTACATAACTGTCCAAGTGACCATCAGTACAAGAATGCATTAACAAACTGTGGCATATTCATGCCTTAAAATACTATGTAGCAATAAAAAGAAATACCCTGCTGACACATGCAACAAAACCTGGAAAATATGCTGAGTGAAAAAAGCCTTATACAAAAGGGG,"[[136677383, ""T"", [""C""]]]",yes,no,T->C,1
chr1,39589491,39589815,TGCCATCTCAAAAAAAAAAATAATATTTTTTTTAGAGACGTGGTCTCACTATATTGCCTATGTTGCCAAGCTTGGTCTTGAACTCCTGGGCTCAAGCAATCCTTCTGCCTCAGCCTCCCAAAATGTTGGGATTACAGGCATGAGCCACAGTGCCCTGCTGGCAAAGCAGTTCATACCCACAAATTCATCTCATGTCAACAGGAAGCATGTTCAGCAACCCAGTTCCTGAGCACCTGGGACCAGGAGCCTGTCATGAAAGTCTGGTGACCAAAAGCAGGAAGAGGGATGCTCAGGAGAGAAGGGGACGTGCATGCTGCCCAGGATA,"[[39589797, ""T"", [""G""]]]",yes,no,T->G,1
chr5,45797002,45797238,CTTAGTTGTAGTTGGGGAGACTACTTGTTTACTCATGCCTTTTAAATCATGCCTTAAAGGCCAACTCTTTTGTTGGGCAGGGATATTTTGGCTTGTATGAGAACCACCATCCTTATGGCTCCAGGACAAACTCTTTGTCTCCCCCTAGTGGAGACCGATATTAGCCCAGAGGTTTGGGCAACTCAAGGGAAAATTGGCTTAGCCACAACTGCCACACTGGTCCAGATCCATCTTAAG,N,no,no,N,0
chr8,103863973,103864246,ACCTTGGCTCACTGCAACCTCCGCCTCCTGGGTTCAGGCCATTCTCCTGCCTCAGCCCCCAGAGCAGCTGGGACTACAGGTGTGTTCCACCATGCCTGGCTAATTTTTGTGTTTTTAGTAAGGATGGGGTTTCACCATGTTGGTCAGGCTGAGAACCAACTTTCATATTACTGATTCCTTGTATGATGTGTTTTTTGTCTCAGTTTCATTTAGTTCATCATTATTTTTTTTTTCTTCTGCTACCTTTGGATTTGGTTTATTCTTGTTTCTCAGG,N,no,no,N,0
chr17,77174623,77174866,TCAATCCCTAACCCTTGAGGCCACCACAATGAGGCAGTGGGACCTGTCTCCTCACGAGTGAGGACTGGAGACCCTTCCCCAGAGGAGAATGGGAATCCTGGATGGGCCCCCAGATTGTTGGGAACAAGTAAGCTGTGCTCAAGAGAAAAACTAGCACTGAGACAAAGGATTTCTCAGCAAGGCAATTTACTTTTGCAGAAGGGTGCCGCCTGCATCTGTTACGACTGCAAGAGCACACTGAACA,"[[77174625, ""G"", [""A""]], [77174652, ""C"", [""T""]]]",yes,yes,G->A,2
chr17,43997601,43997903,ATGGAAGCCATGAGAGTTCAGAACAGAGGAATGACACCATGGGACTCACCTTTCAAAAATCACTGAGGCAGCTGTGTTGAGAATAGACTCTAGTGGGCAAAAATGGAAGCAAGAAGGCTACATAGAAAAATCCACCCCTTACGAATGCGGCTTCGACCCTATATCCCCCGCCCGCGTTCCTTTAAGGCCATTTAGGAAGCTATTTCTTCAACTCAGGGTGGTATCCTGGAGGAGGTGGGAAAACATTGGATATTGGATATATTTTATGGGTAGAATATATACTGACTAATTGGACATAGGGTA,N,no,no,N,0
chr2,40497499,40497759,AGCATTGGGTAAGGGGGAGTTGAGCCTCACAGAAAGAATGGTTCTTTAAAGCTCTATTGAGGGTTCATCAAGTGAAAAAGGAGGGAAAAAAGCACTCAAGAAAGAAGGTATTAAATATGTTAGGAAATGGAGATCTGAGCCACTCTGACTAGTTCAGTGAATCATAAGTAGTTTGGAATAACTGGGACAAAGGGTGCTTATGGGGAGACAGTGAGAGACAAACTTAGGGCTACTAGCAATTGATAATAACTGGCAGAACTA,"[[40497501, ""T"", [""C""]]]",yes,no,T->C,1
chr5,116389647,116389914,TAATCTAGAGATGATTTAAAGTACATGGGAGGATGTGCGTGGTTTATATGCAAATACTATACCATTTTATATAAGGGACTTGAGCATGCATGGATTTTGGTATCCTCAGGCAGTTTTGAAATCAATTCCCCATGGTTACTGAGGGATGACTGTACATGAGAATGCTGCTGTAAAGAGTGAATGATATAAGAAATGTTTCATAAGAGTAAGATATTGTCATTGTTGACATTGCCATTTCTAGGAGGGGGTGGGAACTTTGCTTTTTAGA,N,no,no,N,0
chr12,8248732,8249055,AATGTCCTTATGATGGCCTCAAGCACGTTGGTCCCTGAAGAGAGTCAAGGAAGGCCCACTTTACTCTGCACTGCAAAGCAGGCAGGTGGACAGGAATCTGAGAAGTGGATTCAGTGAGAGGCATTGACCCAAAGGATTTTCTGCCTAATGGTCGGTCCAGCAGAAGATTAAACTGAGCACAGCATCCTGTTCCCTCAAACCATCTGGTTGGTCAGTGGGGAATGTTCTTGCCTCGTTAAATGTCCTCATGCTACTGTCAAGATATCCTGTTACAAAACGTCATAAACCAGGTTTACAAATAGGCCAGGTGATTGTGGAATTTCT,"[[8248740, ""C"", [""T""]], [8248912, ""T"", [""A""]]]",yes,yes,C->T,2
chr17,54465799,54466031,GTGTGTCACAGCTTCCTTTGCCTAAGAAAGGGAAATCCCCTGACACTTGCCTAAGAATGGGAAATCCCCCAACACCTTGCACTTCCAGGGTGAGGTGGCACCCCACCCTGCTTTGGCTCACTCTCCTTGCACTGCACCCACTGTCCAACCAATCCCAATGAGATGAACCACGTACTTCAGTCAGAAATGCAGAAATCACCTGTCTTCCACCTTGATCACGCTAGGAGCTGCAG,"[[54465856, ""A"", [""T""]]]",yes,no,A->T,1
chr16,33643142,33643626,CACTTTGAAACTAGAGTTCTCCAGGGAAACAAAAGCCTCCTTAGAAACAATGTTGGAGTCTGGATTGCTGTGGAAGAAGGTTAAAAAGCTTGAGTCCCTTCCACTTCTATTCTTGAATGGGTTTTGGCCCCAGCTGGTTCAGAAATTCTTTATCCTCATTTAGATTCTCTAAGGGAGTGGCTCATTCCAGCCCAGCACAGCCTCATTCTGCCCATAGCAGGTTTCCACCCTGGCTCTGCTCCCCCACAGGGTGAGCACCAGGAGGGGACAGCTGCTGGGCCCACTTTGCATAGGGGCATGTATGACCCAGGCAGGGCAGACTCTCTGCGGAAAAACCTCAGGGCTGCTTTCTGGCTTTAGTCATATTCTTTAGATGAAACTTGTGGGTGTTACTAAGACATTCTGTGCCCTGAAATTGGAAGTGGTTTTGAAAACTGGTCTCAACTATTAGATTCCGAACAACTAAGCTTCCACATTCAATGACA,"[[33643221, ""C"", [""G""]]]",yes,no,C->G,1
chr18,68176929,68177238,CAGCAAGCAAAAAAACTAATAACCCCATTAAAAAGTAGGTAAATGACAAGAACAGATAAATTTCAAAGGAAGACATACAAATGGTCACCAAGCACAAGAAAAAACAATGCTCAACCTCACTAATCATCAGAGAAATGTAAATCAAAACCCCAATGAGATATGATCTCATACCAGTCAGAATGGCTATTATTAAAATCTCAAAAAGTAACAGATGCTGGTGAGGATGCTGGAGCAAAGGAAATGCTTACATACTGTTGGTGGGAAAGTAAATTAGTTCAGCCACTATGGAACACACTTTGAAGATTTTTTT,"[[68177125, ""G"", [""C""]]]",yes,no,G->C,1
chr5,96312548,96312805,TGAGAGGTAAGGCTGACTGCCCTGGTGAATTAGTCTTGGTTTTGTGGTTTGAAACTACTTAGTGTTAGTGGTTTGAAACTACTTAGTGTTCTAAATAAGAAAGCAAAAACAGCTGGTGCAGACACAAACTAGTAAAAGCAATCTTTCCATATTTTCCCTTTGTAGTATTCAGAATTACTTCATAAAATGAAAAAGTGCTCAAAAACATAGTTACTTGCCTACATTGTGCTAATATGCCTAAGTGTTCTCTTTTTACTA,"[[96312617, ""A"", [""G""]], [96312629, ""T"", [""C""]]]",yes,yes,A->G,2
chr6,82494293,82494680,TATCAAGCGTTACATCAAATAAAAACTTCCAAAACAGTCCTATGTGACAAATAACACAAACCAAATTAATTATTAAAAAGAATCTTTTGTATCACTCAATTCCTAGAAAGAATCAGGAAAGTAAAAGTCTAAAAAGCAGTGGTTTGAAGAAAAACAGGAAGCCTGCCACAAAGCATTTTGAGTAGGTGAATGAAGGTTATTAGTTAAGCTGGGGATGCCTGCTTTCCCTGCTCTAGCAGTCACAGACAGAGTGAGCATGCCTCTGCATAATCCTATTATGTACAGGGTGCTGCACTTGGCCTTCCTGGTGACTTACATTTGCCAGAAACACTACACTTCAAACACATACCATACAGGCAATTACAACAGGTTTCCAAAGATTGATGGC,"[[82494306, ""G"", [""A""]]]",yes,no,G->A,1
chr5,72093293,72093594,TCTAAAACTGTAGACACTGCCCACATCTCCCAAAAGATTTTTAAAACAGTAGACATTTAAATATGCTGTATCTCCCCTGCAACTGGCATTGTGTCTGATACCCACTGAGTAAATGCTGAATGAGTAAATGAATGAGTCACAACTCTATGACATAGAGATGCTAGATATCCACATTCTACAAATGAGAAAATTGAGACACAATGCAGTGAAGTAGCTTGTCCTTGTCCAATAGCTAATAAATGGGACTGGGTTTAAAGTTGGGTAACCTGACTATAAGCTCACTTAATTAACCTCTGCATCAT,N,no,no,N,0
chr10,96496285,96496556,ATGGTGCATGAGTTGAGACCTATTTGCCACCTATGCCCTACAGCATGCTGGTAACATTCATAATCCATTACCTATTTGTTCCAGCTAAGGGTTTTCCATTTTCTAACTCTCCATGTTAAAGGTCAGTCAGGACCTAGGAGAGCGCCCTACACAGCTAGGTCCTCCACAGCCGCTCTGAAAGCTGACTGCTTCTCAAGAGAACACACAGCCCTGCCCTCTGCCTTGGCTGGCATCATCCTACTTGACAGATGAGCCAAGGGGGTCTGGCTGGT,"[[96496357, ""C"", [""T""]]]",yes,no,C->T,1
chr14,98893664,98894050,ATCAAATCCAGAGGGACCAAGTACAAATATCTGATTTCAAAAGCAAGTGGAATAAATGACAGAAGCAGAAATGTGTATCTCTTGGTACTGTATTAGTCAGAATGAGATAGCTTGCACTGCAATAACAAACAATGCACTCACACCATGCCCAAACAGGTTGGCAGAGGAGGCTTAACTTCACACAGTCACTCAGGCTGACCAAGGCCACCACCTTGCAACTGCACCTGCTAGAACACACCAAGGCAGAGAAAGAATGCCAGGAATCTTGGACCAGCAATTACATTCTTAAACTCATAAGTAATATGCTTCACTTCAACCAGCTGCCCTAACCAATTCACTGTCTACTAACCAATTCAAATTAGTCCTGTGTCTCTACCTAATTACAGA,"[[98893692, ""G"", [""A""]]]",yes,no,G->A,1
chr12,61963130,61963407,GGTCATTTGGGTTGGTTCCATGTCTTTGCTATTGTGAACAGTGCTGCAATAAACATACGTGTACGTGTCTTTATAGTAGAATGATTTATAATCCTTTGGGTATATACCCAGTAATAGGATTGCTGGGTCAACCAGTATTTCTGGTTCTGGATTCTTGAGGAATTGCCACACTATCTTCCACAATGGTTGAAAAGCATTCCTGTTTCGCCACATCCTCTCCATCATCTGTCGTTTCCTGACTTTTGAATGATCGCCATTCAAAATGGCATTAGATGGTA,"[[61963188, ""A"", [""G""]]]",yes,no,A->G,1
chr16,10090843,10091201,AACAAACAGCTCAAAAATAAGATGAGCTAAAAAACTCTATACTCAATAGTTATCTCATCAAAGATGAAATACACATGGCCAATAAGAAATGAAAAGGAGTTAAACATCATTAGTCATTATGGAAATGAACATTAAAACCACAATGAGATTCCACTTCCATATACACACTAGAATGACTATAATGGAAAATATGGACAACACCAAGTGTTGGCAAGGATTCACAGAAACTGAAACCCTTGTACATTGCTGATGGCAATGTGATATGGTGCAACTACCTGTGAAAACAGTTTGGCAATTTTTTAAAAACTTAAAACGTAAACTTACTATATGGCCCAGCAATTCCACTTATAGGTATCAAC,"[[10090896, ""T"", [""C""]], [10091162, ""G"", [""C""]]]",yes,yes,T->C,2
chrX,72494974,72495391,CTGGCTTGGGCAGCAAAGCAGGAATTGCATCAATTAGAGGAATCACTACACTACCTACTTTAAATTCTCAATTAGGAAAATTTCAATTACAGCAGACATTTCTACCAGTTGCCTAGAAGCAGCTTAACTGATAAAAACCTGCTGTCCTCGCAGCAAAGCATCTTTAAAACCAAAGGGCTTACCATCTCCATGGTGCAGATCCAAATCCACGTAGAGAATACGCTCAAATTTCCGTCGCAATCGTAATATTCCCAGGACAGCATCATTGAGATAACAAAAACCAGATGCTTCATCTCTGTAAGAAAACAAGTTGCTACAGCCAACAGCCAAAAAGCAATCCAAGGGAGTCTTTACAGCCAAGGATCTAACCCTTGAGATCTAGTCCCCTAAAGTTCCCCCTTCTTTTAAGAAAAACAGA,N,no,no,N,0
chr3,186724960,186725257,CTCAGCCTCCCAAAGTGCTGGGTTTACAGGCATGAGCCACCACGCCCAGGCTCTTCTTTGTTTAGGGCAGTGTATGCGAATGCTCATTGCGATCATTAATGCTGTGTTTTTGTCTGCTCTTTGTTAAGCCGAGGGCCCTGTGGTGACAGCCCAGTACGACTGCCTCGGCTGTGTGCATCCTATATCAACGCAGAGCCCAGACCTGGAGCCCATTCTGAGACACGGCATTCAGTACTTTAACAACAACACTCAACATTCCTCCCTCTTCACGCTTAATGAAGTAAAACGGGCCCAAAGA,"[[186725009, ""C"", [""G""]], [186725044, ""G"", [""C""]], [186725229, ""T"", [""C""]]]",yes,yes,C->G,3
chr5,15769087,15769307,TGCATGGAGATCCCTCACTGCATTGTCCGCTGTCTTCCCACATGGCCTTTGGCACATGGCTCCCCCTGCCACCAGCTGCCTCCTTCTGGGGGAGTGCGAGAAGACTGAAGTTCCAGGAACTGCCCAGTATTCTATTCTGCATTGGAATCCTCTAATAAATAATGCCATATCAATGTAGCTAATTATCATTATTTGAGCATACAACTTGAGTGCATCCATCT,N,no,no,N,0
chr5,155382022,155382335,CAGTATAACCAGCTGGGATCTGAACAGAATCCCACTCACTGCAGCCTGGGCTGGGCTGACTCAGCTGAAACTGCATTTTCTGGGTCTCTGGTGCTATCAGAAACAGGAGGTACTCATCTCTAGTGCCATGGGCAAAACATGTCACCTGAAGTCCAGAGGTCTGAGTTAAAGTCTCAACACAATTGTTAATAGCAGGATGCAAATGGGTAAGCAACGTAATCCATCCGGGTCTCAGTTTCATCACCTGTGAATAAACCTGAGGTTTATTAATGATCCTAACCGCAAAGAATTGTTAAGAAGATCAAATTACAATC,"[[155382148, ""A"", [""C""]], [155382303, ""T"", [""G""]]]",yes,yes,A->C,2
chr18,73879691,73880130,CTTGTGTTTATTGCAGCATTGTTTACAACAGCCAGGATATGGAATCAACCTAAGTGTCCATCAGTGAATGAATGGATTTAAATGTGGTCTATATATACAATCAACTAGTAGTGAGCCTTTAAAGAAGGAAATCTTGTCATTTGTGACAACACAGATGAACCAGGAGGACATTATGATAAGTGAAATAAGCCAGCTGCAGAAAAACAAATACCACATGATCTCACTCATGTGGAATCTGACGAAGTTGAACTCATAGAAGCAGAGAACAGAATGGTGGTTACCAGGGGCTGGATTGGTTAGCTGGGTGGAGGAGATAAAGAAATGCTGGTCAAAGGATATATAATTACAGTTAGACAGTAGAAATAAGTTCAAGAGGTCTATCGTACAGTATAGTGACTATAATTAATGATGATATATTCTTGAAAAATGCAAAGATAATG,"[[73879692, ""C"", [""T""]]]",yes,no,C->T,1
chr6,148608189,148608579,ACCCTGTCTCTACTAAAAATACAAAAATTAGCCAGGCATGGTGGCGCACGCCTGTAGTCCCAGCTGCTCAGGCGGGTGAGGCAGGAGAATTGCTTGAACCTGGGAGACATAGGTTGCAGTGAGCTGAGATCATGCCACTGAACTCCAGACTGGGCTACAGAGCGAGACTCCATCTCAAGAAACAAAACAAAACACACAAGCACAATCTGGCCTGCAGATGTGCATGTGTTTCATCTACACAGTGCTGCTATGTGAATTAGCTGCCAAATTAAAAAACCAAGAGCATTCAAACCAAAGTCAGACTTTTCACATGAATTTTCATACTCTCTTGAAAAATCAGGGTATCTTACAATAGTGGGCCTCTAACCTGCGCGATAGCAATGGTCTAGAG,"[[148608222, ""G"", [""A""]], [148608481, ""G"", [""C""]]]",yes,yes,G->A,2
chr15,82846721,82847057,AAACTGAGGGGCCACACAAGTTCGAGGTCTTGTGTGGATACTGGTTCTCTTTCCCTCCAAGGCCTGACCATACTGTCCCAACCTGTTGCTCTGGTGGTTTTACATTCCCCGGGCGGCACTAGGAAGGCTTCCTCGCCACTCCCAACTTTAAAATGCATCCAGCTGGGTCTTGACTGGAATGAAAGGTTATTTTTAAAGGTCCTCTTGGTTAAAGGGTTCCAAGTTTTAGTTGATCTTTTTTAGACACCAGGTTTCATGGAGGCAGAAGGAAAGCTTATCAAGGTATAGCAGCCAGTCTTGGAAACACCAAAATCAGGAGACCTCAATTGCAAACTGA,N,no,no,N,0
chr19,5614881,5615118,TACATCTTTTAATGTAACTGCTTAACCTTGCTTAAAACAACATTAACAGGCTAGGCGTGGTGACCCACCACTATAATCCCAGCACTTTGGGAGGCCGAGGCAGGCAGATCACTTGAGGTCAGGAGTTCGAGACCAGCTCAGCCAACATGATGAAACCCTATCTCTACCAAAAATATAAAAAATTAGTCAAGTGGCTGGGCGCAGTGGCTCAAGCCTGTAATCCCAGCACTTTGGGAGG,"[[5614945, ""T"", [""C""]]]",yes,no,T->C,1
chr7,132061863,132062324,ACTCTGATCCTCAGAGGCATGATATGAGGAAATAAGGAGAAAACAACCATGGTCATTATTGTTGAGTCTGTGAAGCTGAAGTTTGATTTTACCCTACTTCCAAGCTAATAAATTAGCCTGTTGCTGTTTCATGGATGCTGTCAGAAGGCATGAGATGCCTGGGTCAAAGGACTTTAATATACACAGCAACCACCATAAGCCTCACATGTGCTCCAGTTCCCCTTGCTTGCTAAGTTTCACGGGCGTGACACATGCAATGAATGTTGCATGTGTAATGGGTTTGTGTTGCTGCCAATGAAGACTGAACTTGGGAAATCCACCTCTTTCTTAGCAGACAGTGAGCCTTCTCTAGGACTCAAAGGGAGACATCACCTCAGTTTGCAAGGGTTTTTGGTGCAAATGCAACCCTGAGAAATGACCCAGGTGAGCAGTCAGATCCTTGCCTTGTTGGCATGCCCAGCA,"[[132061872, ""A"", [""C""]]]",yes,no,A->C,1
chr13,90748837,90749183,TTTGGGAGGCCGAGGCGGGCGGATCACGAGGTCAGGAGATCGAGACCATCCTGGCTAACACGGTGAAACCCCGTCTCTACTAAAAATACAAAAACAAAAAAACATTAGCTGGGCGCGGTAGAGGGCGCCTATAGTCCCCGCTACTCGGGAGGCTGAGGCAGGAGAATGGCGCGAACCTGGGAGGCGGAGCTTGCAGTGAGCCGAGATCGCGCCACTGCACTCCAGGCAGCGGGACAGAGCGAGACTCCATCTCAAAAAAAAAAAAAAAAAAAGTCAAACTACGAAACTTTCTTACCTCTTTAAAAATTGTTTCCCATCTTGATTTTTTGTGTATTTTTTGTTGTTGT,"[[90748975, ""A"", [""C""]]]",yes,no,A->C,1
chr6,41850875,41851187,ACAGGCGTAAGCCACCGCGCCTGGCCATGGATAAATTCTTAGAAACACACAACTTACCAAGACTGAATCATGAAGAAATAGAAAAGCTGAAAAAAACCAATGAGTAAGGAGATTAAATCAGTAACCAAAAAACTGCCAACAAAGAAAAGCCCAGGACCAGATGGCTTCACTAGAGAATTCTACCAAACATTAAAAAATAATGAATGCCAAGTTTTCTCAAACTCTTCCAAAAACTGAGGAGGAGGGAACACTTCCAAGCTCATTCTATGATGCCAGCATTACCCTGACACTAAACCAGACACAGACATCAAGA,N,no,no,N,0
chr6,89859696,89860174,CACCACCTGTAAAAAAAAATTAAAAAAAAAAAAAAGATTTTTTTGTATTTTTAGTAGACGGGGTTTCACCATTTTGGCCAGGCTGGTCTCAAACTCCTGATCTCAAGTGATCTGCCCGCCTGGCCCTCCAAAGTACTGGGATTACAGGTATGAGCCACTGCACCCAGCTTCAAGGGTGTTCCTTTTGTGGTTAGTGCTTTTCGTGTTTACATTTCCCCAATGATCTCAAAGGTATCTACCAACAGTTGGTCGGTTGAGTCAGTATCTATATTAGTTTCCTAGGCTTAGTGTAACAAAACTACCAGAAATGGGTGGCCTAAACAACCAAAATTTGTCTCACAGTCCTGGAGGCTAGAAGTCCAAAATGAAAGTGTCAGCAAAGTTAGTTTCTTTTGAGAGCTCTGAAGGAAGGATCTGATTCAGGCCTCTGTACTCTTAGATGGTTGTCTACTTCCTATGTCTCTTTATATCCTCTTTCT,"[[89859717, ""T"", [""A""]]]",yes,no,T->A,1
chr6,84508382,84508685,CTACTCTAAGGATAAGACCAAACCTGTTAGCCTTCTCAAGGCCTCAGCTTGGAATTGATAATCATCACATTAAAGAAGTTACTGGTGATTTCTTTTTTTACCTCACACACCCCTTTGACTACCCTAAGCTACAACAATACTGGCCATCCTGACTCATGATTCATACTGCCTACACCCTCTCTATATATTTACTTATTCCTAACTTTTGGATACTTATAGCTTCTCCTAATTCACTGGGAGAAGCTTTCATTCTCCCTCAAAAATTTTTATCAGAAAATGCAGTCTGATGCCTTTTCAATCACTA,"[[84508407, ""A"", [""G""]]]",yes,no,A->G,1
chrX,152654202,152654477,AAGGTTAGGATAATTCACACTTGCTATTTTACCATCTGATCTAGACTAGCAGATGAATATCTATCGTAAGTCTATATACTAATCCTTTCTATTTGTCTAGTGCATAGTAAGTGTCAACAAGCTCCCTGACCCATTACATCACTGGAGCCTCACAGGAGCCCTGTAAGCCAGGGAAGGCAAAGCACATTGTCCCCAGTGTTCCAAGGAAAACGAATGGAGCTTATGCCGCATGCTTGAGGACATGCAGCCAGTGAGTGGTAGATCCACCCCACTTGC,N,no,no,N,0
chr16,55678513,55678928,TTCAAGGGAACAAAACTGCTATTCTCTCCAGGCTCCAGGCCTGAAGCCAAGCAGCCCCACAGCTAAAAGAAACTCTGCAGCTCTGTAACTTTATGTGTAAAAGGCCACCTTTGGTGAACATGTGCCTGGCAATAGAAAACTTCCACCCCATGCCGGTCCCTGGTGAGGAAGAAAAGTCTCCCTCCAGCCTAGTATTAATCATCTGTGCTAAATATCAAGTGAGAAATTGAGCTTTTTTAGTGTGTAGACTTCGGAAAGCCTGGACAGTACACTTAACGATGATTCATTTTCATTAAACTTCTGGAAAACTAAAACTGACGTAAGTTTCTTGTACTAAACCCCAAGGTTTGGGCCTGCTGGGGGAAGGAGGCTGCATTCTCATTGATTTTCTTGGGTGTAAGCTTGGGAGTCCAGAT,"[[55678539, ""C"", [""T""]]]",yes,no,C->T,1
chr2,18855629,18855921,CGTCAGGGTAGTGAAAAAAAGACTACATTCAAAAAGGCAAGATACTTACTCCCCATTTCCTACTCTGGCACACTCAAGCTCTGTGTGAAACAGAAAATGAACAGATGTCACTTCCCCATTCAGAGGCTGACATCTGAAGCCATCTGGGGATGTTCTTTGTGTACTTCTACCAGTTATCATATAGCTCACCTCTGTTTGTCTTTGTACAAATGGTACCTTCTTAGTACGTTGCACCCAAGATGCCCTCACCATAATACTCCCTATAGCTTTGCCTTGTCTTATTTTTATCCTCA,"[[18855657, ""G"", [""T""]], [18855665, ""A"", [""G""]]]",yes,yes,G->T,2
chr13,73440351,73440671,TTCCCCCTTTGTTTCCTTTTACCCAATAAAACCCTGCTTTACTCACCCTTTAAACTGTCTGTGAGCCTAAATTTCTGTGGCCATGGGATGGACAAGAACCCTGTCCTTGACTGAACTAAGGAAAAGTCCTGCAACATTTTTGGCGCCCAACGTGGGGCTCAAGAAGCTGTGAGTGAAATGGGCATTCAAAACTTCTCACTGTTGCTCCTAAGCATTTTCATCCTTGGACTTCTGAGGCTGGGGGAGACATGCCCCCAAACCCCATCACTCCTGGGAGTTAGGGGAAATGTCCTTTCCTTCCTTTTTTGATAAGGACAGGCA,"[[73440439, ""A"", [""T""]], [73440543, ""C"", [""T""]]]",yes,yes,A->T,2
chr15,32213751,32214028,ACTGCTTTAGGACCACATACTCATGATGAAAGACAAAAACGAAAAATAAACAGAGTCAGGGAGATTAAATCTATAACCAAAGACAACATGAGTATTTAATGTCAGCTACTCAAGCTCCAGTTTCCCCCTTCTGGTGAAAGGCTTGTTCCCTGGGGTCTTCTCTCTCAAAGGTCAGCGGCAGGAACTCCTTGGGGACTGGATGAGTAACTGGCATCTTTCAGTCCTGGGGTTGGGCTGTGCCTGTGGCTCTGAAACTCAGAAACTCCTCAGCCTGTGAC,N,no,no,N,0
chr15,52617186,52617448,TAACGCATGTAGCTTTAAAAGAAGAGAAAGTGATCTCCTCTCTCCCTGCTTTCCCCCACCTCCCCCAGGCCACATGTGTCTCCTTCTTGCTTTTTTTCTCTTCAAGGAAAGGCCACATGAGCACACAGGGAGAAGGCAGCTGTCTGTGAGCCAGGAAGAGAGCTCTCACCAGGACCTGAACATGCTGGCCCCTTGATCTTGGACTTCCAGCCTTCAGAACTGTGAGAAAATAAATTTCCATTGTTTAAGCCACCCAAATCTAT,N,no,no,N,0
chr10,10965145,10965495,TGTAAGGCAAATGTTGAATCACATCTTGAATTGATAGAGGCCAATGAATATAACCCTCTCTCTTGAATATCCTATGGTATGGTTTGACAGTAAGTTAATAACTTACTGTCCTTTCAGTTTTCTGTTAATTTCATGTGTGTCAGCTTCCCCAAAGTGCTTGAAAATTCTTAAAGACAAAATTCATTCTTGAGGCTATTTTTGGATTCTCCCCAGGGACAAATCACATGTAGGACACTTAAAACAGCTTTAATTGATCTGTGATTAACATAATTCCTGGCCTAAAGATAGTAGATACATTCGATCCCAAACTTGAGCATGGATTAGAATCACCTAGAGGTCTTGTTGAAATTC,"[[10965197, ""G"", [""A""]]]",yes,no,G->A,1
chr18,52118679,52118977,ATAATAAAGGAAAAAAGTGGCTTCCTAAATTAACATAGTCTGTAAAGATTTCACTTTCCAAATGAAGAAAGAACTTTTCTATTATTATGTGAAGCAGTTTTTACTTTACTTTCTCAACCACCAGCTTTCAAACTGCTCAATGGTCAACTTAACCAGAAAAGGAAGTCTGCCTACTGGTCTATCTGGACCAGGCCCCACAGGGTGCCTTCTCTAAAAACAGCATCTCCCTTCACTGCTGCTGCTGCCTCTCTCACCAGGACCTGCAATCACCTGCTTCAGGCACACACATATACTGAGGA,"[[52118818, ""G"", [""A""]]]",yes,no,G->A,1
chr12,100651620,100652064,AAAGATTCATTTGTTGCAAATGATAGGAAAACCCAAGACGAATGGCTTACGTTTAAAAAGATAATGCATTGGCTCACATCAATGAGCCTTGCAGAGAGTACATCCTACTGCTTGAGGCATGGCTGGATGTGGACTTACCCCAGATCCTCAGGATTCTCTCCCTTTCTTTCCATTTGAGGAGGCTGAAACCACAAAAGGCCTGTCTGGGGCAGCTGGAGCCAAGGATGCCACAGTAATGAGAGCAGAAGGAACACGCTGTCACTTTTCCCTTTTCCTCTCCTCCAGCGGCTCACTGGTGCCTTCCACTGGCTGACCCTGCAGTCTGGGACATGCAGCTGCACGGCTCAGAGCAGAGCAGATCAGGGGAACGAAAGGAGTGGGTATGAGGGCAAACAAGCAACCACCAGCATAAATACCTTTCTCAGAGTCCCACAACAGTAAGTGG,"[[100651800, ""A"", [""G""]], [100652044, ""A"", [""G""]]]",yes,yes,A->G,2
chr18,39835692,39836058,TTAAGGACAAATATTTTTTGGTGCCTACTTCCCTTCTGTAATTTCTTAAGGACATGGGAATTTATCCACTGAAGTGTTTCAATTCTCTTCCAAGTGGCCAAGGAGAAACAGATTAGTTCTGCTTATGTTTGTTTATTTTTGGCCTCAAGGCATCACTCTGTAGGACAGGGCCTTCTGACTCAGTGAAGTATTTCTTTGTTCACAGGATGCTCCTGCAGCCCAGATCTTGCCCAGTCTGCACAAGTATCTTGAATTAGACTCATTCTTTTCTCCCTCCCTCCCTCCTTTCTTCTTTCCGTACTTTTCACCATACCATTTCATGCACAACCATGGAGTCCCTACAGAAAAATCAGACGTTCCTGAGAAT,"[[39835713, ""C"", [""T""]], [39835760, ""T"", [""C""]]]",yes,yes,T->C,2
chr12,21879295,21879680,TGATAGGAAGGAGTATCAGGCATACAGGGAAAGAATGAATTAAAAGTTAAAAGCAGGAGCCAGATAGACACAAAATGTCACCTAGTATATGATTCCATTTATATGAAATATCCAGAACAGGCAAATCCATTGGTTGCTGCCTGGGGCAAGGCGAGTGGGAAATGGGGAGCAATTGCTTAATGGATTTGAGATTTCCTCTTGGGGTGATGAAATAGTTTTGGAACTAGGTAAAGGTGGTGGTTGCACAACATTGTGAATGTACTAAATGCCACTGGATTGTTGACTTTGAAATGGTTGTCTGCTAAGTGAATTTCACCTCAATGAAAAGAATTTTTTTTTTTTTAATTTAAAGGCAGGGCACACACAGACCATTGTCCATTTTCTCC,"[[21879340, ""T"", [""G""]], [21879637, ""A"", [""T""]]]",yes,yes,A->T,2
chr2,151594814,151595032,CAAATGATCTCCTAAGAGTACTGAAGGAACCTCAGGTAGGGAGAGGTCATACGTGTGTGGTTTTGGAAACAGACAAGAAAGATGCATGTTTCAAGGATGGAAAGCAAGGCTGTGGCTTGAATCAGAAGATAACAACAAAAGTTCTGTGGACAAGAGTTTCCATCTGATGAGTGTCTCAGGACTAGTGTAAGGTGGTTTCTGTTTCTTTCCTATGTTTGG,N,no,no,N,0
chr1,57848366,57848816,ATTCTAAATCAAATATATGAAAACCTATTTTATCCTTTATTTAAAGAATTATCATGATCAACTGGGATTTATCCTGGACTACACAGGTAAATATAGTAATGTAATATAATACTTATCAGTAACTCAAAGGAGAAAACCACTTGGACATCTTGATGGATCACTTCTACTGAGTCACAGCCTTGTGAAGTTGGGGACAGGGATGGTAGTGTTAAGAAGGGGTCTAGGCCAGACAGAAGTAGCTGTTATATCACATGAGTTACCAAGAGCAATGACTCAAACACAAGCAATGATGCAGAAGTGATCAGGAATGTCCAAGCCAAACCAGGAGCAAAATAACCTAAGGTTGAAGAAACCTAAGTTGATTCTGAACTGCCCCAAATCCAGGTTAGTCTAGAGCTGGAGCTGAAGCTGCATGTGGTGGTCATGGGCAGGAGGGTGGTAGGTGAGTGTT,"[[57848570, ""T"", [""A""]], [57848582, ""A"", [""G""]]]",yes,yes,T->A,2
chr1,148979629,148979852,AAGATAGTGGGCTTTTTAAGTCATAGTACATGCTAATGCATTTTCTTGTTTCTTATTCATGTCTCACTGTGCCATTTGCGTATTGCTTCCTCTCTCTTCTTTTCTCAGTTGCTGCTGATGCTAGAAGGACTAGTAGATGAACGGAGTCGGCTCAATGAGGCCTTACGAGCAGAGAGACAGCTCTATAGCAGTCTGGTGAAGTTCCATGCCCATCCAGAGAGGTA,"[[148979731, ""A"", [""T""]], [148979795, ""A"", [""G""]]]",yes,yes,A->G,2
chr2,6427825,6428077,CAAGCCCTTCCTATACATGAGGTAGGAGGCCCAAGAAAAATGAGTTCGAAACCTTTCCTTCAAGAAAGTCACAGTCTATTTCCCCATTGTTCTGAAATCCCAATACAAATGAAATTAAAATGAAATCCACATGGGAATGGTCGATTGAAAATGCAGAACCAGTTTGAAAGGTTGTTAAAAATTTATCCAGTAACTCACAACTTACAGAGCCAGAGTCCACCAGTGGGCTGTGGAGCTTTTAACTTGCCTTGGT,N,no,no,N,0
chr2,140526186,140526471,ATGCCAAAAGTGCCCAAGCATAAACAGACAAAAGGTAGTGGAATATCTTACTGTAGTTCTTTTCATCTGAAGCATCTGCACAATCTATGTTCTGGTTGCATCGTGCTGATCTTGGAATACAAGTCCCATCTGCACAGCGGAACTCAACCGTGGCACAGGTTGAAACTAGAAAAACAGGTACATAAACAAATGCAAAGATGGGACAGAATGACTCCTTGCTTTTACATTTTGAATATTTCAATTATTTTATATAATTTTGTTTGGTTTTGCTTTCGTAACTCTGGGA,"[[140526239, ""C"", [""T""]]]",yes,no,C->T,1
chr12,71795971,71796335,CAAACCATTAAAACTACCATATAAACTCAAATGAAATTTTATGACAATCTAATGTACATACTCGCCAAGAAATGCTACAAGGAGCCTCTCTGCAAATGCCTGATGGGGCACTCTGAGAATTAAACAGGAAATGGACAGGAAAAGAGGCAAAGCATAGAATAGCCTCTGTGGTATACACACAGACAATGTAAAATCCAAGAAATATAAGGTCCAAGGAGGAATTGGTTATTGAAGTAGAGAACCTCATCATGAGATTTGAGAATAGCTTTAGAGTTACTCTTGGGATAGTGTCTCATGGCCCTGTGAGGGAACTCTACAAATTTTATCCATTTTGCTGGGCAGTTTTAAGAGCTACTTTTTGTCTG,"[[71796017, ""T"", [""A""]]]",yes,no,T->A,1
chr14,52446408,52446681,TAGAAGTCAGAACTTGAATTACAGCAAGACTTGTCACCTCAGGCTGGAGTGTGCTGGGGCCCAAATAAACTTGAAAGGCAGTCTAGGCAACAAAGGCTGCAACTCCTAGGTGAGTCCTAGGGCTGAACTGGGCTCAGAGCCAGCAGACTATAGGCACACATGACCTACTGAGATACCAGCCAGGACAGCTAGGGGAGTGCTGATGCCACCTCTCCCCTAATCCCAGGCTGCACAGCTTGTAGCTCCAAAAGAGACCCCTTCCTTCTGCTTAAGG,N,no,no,N,0
chr3,58848842,58849241,TCCTTGGGATGTGCAGTAGACTCTTTAACAGCTGCTATTACCAAACTAAAAGACATCAGAACAGGAAAGAAAATACAACACTCATCACCCAAATGATGAAAAAGAGATACTGCTAAAAACATGGGTGGAACAGAACGGAACACAGCAGGATGTATTGCCGGCATCTGTAAACCACACGGGAACCACTTACAGATGCTTCGGGGATCGAGCTCAGCCTTTCCCCTGAGATTTCTTTCAGGGAGGTTTTGTTTAGTGAGGCTGGCACTTGCTGGGCTGATAGATCCTTCGCTTTGATTACGGGCTCTGGAGTTTTCTGACAGGATCCACACCTTCTTCCAGTTGGAGAAAGGCATGTTGTAGGCAACAAACTCATTTCAAAGTTATTTCTATCTATTTGCTC,"[[58848893, ""C"", [""G""]], [58849098, ""A"", [""G""]], [58849164, ""C"", [""T""]]]",yes,yes,C->T,3
chr4,183532904,183533185,TAGCTGGGCCCAGAAAACTCATGCAGTGTGACTCTTTATGGGTTGCCCAGATGCTGACCCTAAGCCTATCCAGAAACCAGGAATGTTTTACTGTGGTAAAAGAATTCTGGTTAATAAGGAAACCTAGCTATTACTCAGCTGGAAAAAAGCCAGACGGCCCAATCCTGCTAAGAGTTAGCTGCATCACTCTCTGTGACACTTTTCTCTGAGTACATGGAATACATGCGTTAAGGAAACCCTTGCCTTGTGAAACTGCTATTTGTTTGCTTCAGACAAAAAAAA,"[[183532926, ""T"", [""G""]], [183532931, ""T"", [""G""]]]",yes,yes,T->G,2
chr17,59111627,59111899,ACAGGGACAGTCTAAAACAGCATCAGAAAGCAAGTTCATGCTGTTCAACATTAGCAGGCAAGGGAAATAGGGAAAGAAATACGCAAACGTGGCTATCACAGAAAAGCCAGCTTATTACTTTAGGTTCTGTGGGAGACTACAGGTCACATAAAAGCAGTCTCAACAATAATGTGACCACATGTACAATCAACATTTACAAAATGAAATTATATATCATGTATAACACAAATGTCTTGCCTATACTTTAATTTACAAAGCCACATACCGAATGAC,"[[59111809, ""G"", [""A""]], [59111859, ""T"", [""C""]]]",yes,yes,T->C,2
chr1,78108674,78108915,GCGTCGTTAAAATCTTAAATTCTGAGACACAAGCTAGATTTTGTGTCAGCTATCCTGAGGAGTGTGTACATAGGTTGTGGGTGAATGTGGGGTAGGGAGCATGTGTTTATGGACAATGCTGTTGGTATGTATCTAAGCATTGGAAGGTCTTTTCAGATGGGTTGCCTCATTACTTGGACAGAATTCTTTATCTGTGACGTTTCTTTCATTTGGAGACCATGGTAAACCCTACTAAACTGGCT,"[[78108675, ""T"", [""C""]], [78108871, ""G"", [""C""]]]",yes,yes,G->C,2
chr6,57668122,57668435,GAATGAATGGGCACTTAACTATGTTCCAGGCTCTGTGTTAAATTCCTTACATACATTTTCTCATTGAACCCTCAGAACAAAAAAATTGGCCTGTGTTGTTACATACTTTTAATGCTGAGGAGTAACTCTCTCCAAGTCACACAGACTGGAAGTACATCAAGATATGCTGGCTCTGAATCACTAAGCTTTATCACCATCTCTCCTACTTCTTATGAGAAGCTTATAAGGAACTTACAAAAAGATGACTAATGTTAGAGGGGCAGAAATAAGTTTCCTGACCTTTAGCTGTTCTTTCACAGTGAGGGAGGAAAAGG,N,no,no,N,0
chr3,147486844,147487151,ACAAGAACCTACTAGGCTCTATGGACTTATAAGTGTTCATTCTATAAATATATTAGCCACAGCGATTGCATGCACAATCAGTTCATGTAGGAGGCCAGGTCTTGTTTCACTTGACTTTATTCATAGTAAGAAAATCAATAAAGTGAAAATCAATAAAAGATTGTGATTCTTGAACGTATTACTTTGTTAATTTGACTAGATCTTTAACCTTCCTGTGCTGCTTAGAATTTCTGGTATGGGTCTTTCTGAAATGTCTTAAAGAATATGACTAATATAAAATGTTATAGTTATACATATTTGACAAGGCA,"[[147486860, ""A"", [""C""]], [147486965, ""G"", [""C""]]]",yes,yes,A->C,2
chr6,57190147,57190557,CATTTCATTTATGTTTTCCAGCATTTAAAATTCTGCAAAACCTGTGTTTGAAATTTCTTATAGCATTCCTTTACAAACAGGAGAAGCTTCGTCTAATGTAAAAAAAATTAAAGGAGTCCACAGGGCAATAATTTTTCCACCAGAGGTCTCACTCTACATTCTGAAAAGCACTGCAGAGCAATATTTAAGTCTGTCACTTTCAGAGAGCCATTAGGAGCAAAGTCTGCTGAAAACCTTGTAACATACCATGACAGCTGGATGGGTTTCTTAATGCATTGCACAATGTAATTCAATTGTTTTCCTCCCAAAACATCTTAGGGTATGCTACAGCTGCTAAAAGGATTTCTGTTTTTCTTGGTCCTTTGTTTGTTGGGTCTAAGATTGATGACATCTCCACCATTGAGGGTACTT,"[[57190180, ""C"", [""T""]], [57190556, ""C"", [""T""]]]",yes,yes,C->T,2
chr20,24111812,24112030,TTCACCAGGTTTTTCATGAGATTTGACAGGTTGATTTTAATCTGTGTGTAAGAGAGACATGGGTGAACTAGTTTCTTCCTATGCCTCCTCAGCAACTGACAGACTCCAGGCAGCTGGTATCTGTTCGCAGGTGTCCTGGCAGAAATCAGTCTCACTTCTCTGCCCCTGACCTGCAAAAGCTTGGCCCTGTGGTATGTCCCAGAGGTGTGCCTGGAACCT,"[[24111852, ""C"", [""T""]]]",yes,no,C->T,1
chr15,98191700,98192028,GCACAAAATCCAGTAATTCACCACTGCTGCATTCTCTTGACTCCCAAGAGAAAAGCAGAGCGCGTTCTTTCTAGAAAAATATTGACCTTTTCTCTCACACAGACAGACTAGCAGCAATTTAACTATGATTCCTGTAGCTCATCCCCCAGGACATCAGCTGTGCAAGGGAGAATATTGATTTTTATCTTCTTAAAAAATAAACTTGCTAAAATAAGCACGGTGGTGATGGTTTTGTTTTTGCTTTGTTTTTAATGTAGAGGCAGGTTGAATTTTTAAAAAATAGACAATGAATTACAGGATCAAGATTATATGAAAGGGATGGAAATGTT,"[[98191718, ""T"", [""C""]]]",yes,no,T->C,1
chr7,93601426,93601837,GGCCCGGGGGTAGAAATGTCTTCATGACATTTTATTTATGTCATGAGGAGAGCACACTTTCATTTAGTCATGGTAAACTGATACTCAGATTGTCCAGCTCAGCTCCCTTAGGCTCAATGCCAGAGTTCTAAAGTGAGGGGCAGATAATACAGAGTCAAACAGCAGGTGTCGCTAATATTCCTGTACAAAGCTGAGGGCTCAGAGCAGTGCTCTCTGTGGATATAGCATCAGGAGAGTTGAAGTGGATAGGAAAGCCATCTGTTCAATGATGCAGGTAACAGAAGAACATTTTACAATGGCTTCACTGGGCAACAGTGAGGGAGCAGCACATAGATTTTTCTTTAGGATGCTGGGCACTGTTTGGTACAGTGACCTGGGACTGATTAGGCTGTGTTTAGAGTATGGAAGAAGG,"[[93601430, ""T"", [""C""]]]",yes,no,T->C,1
chr4,166039912,166040137,ATATTATAGATGTCACAATTTTGCTTCTCAGAGAGTTTTCTGTGGCTGAGAAGAGACATTTGTAGTTTGTGTCATAAACTGTAGCTCAGATCTGGTGCTCATGAAAGTCTGCTGTCAACGTTTAACCACAGACCACACTATTAACTTGCATAGGCAGTTTACTGTTGCCCTCTGTTTTACTTAAAGGTGAGAGCTGTTTGGAGCATGCAGGCATCTACTCTATATT,N,no,no,N,0
chr6,97059465,97059765,TCAACAGGCATATTTATGAACATTTCCCAATATGATCACAACATTTAGAAACTGGAATTCATGTGTTTTATTATCCTTACCTGAACTATGTTTTTCTTTCTTAAAAATAAACTTCAGATGTCAGATATAGATGTGCAGTGTATGAGTCAATTTAGAAAATTCTTTTCCTTTAAATGGCTGCCACCTTGTGGATAAAAAGTCCTTAGTGCAGTGGTTTTGAAACTAAAACTAGATTGGTAGAAATTTCTCATAGCTAGATAGATCTTGTGTTTCATGTTCCATCTATGAGAATTCTGTCATA,"[[97059605, ""C"", [""T""]], [97059749, ""G"", [""A""]]]",yes,yes,G->A,2
chr11,3735878,3736141,ATAATATGACAATATACAACAGGACAAGTACTGTGTGTTTGTGCGTGTACACACACACACACACACCCAGGCTGGAGTGTAGTGGCATCATCTTGGCTTGCTGCAACCTCTGCCTCCAGGCTCAAGTGATCCTCTAACCTCAGACTCCCAAGTAGCTGGGACTACAGGGGTGAGTCACCACACCAACAACAGCTAATTTTGTGTGTGTGTGTGTGTGTGTGTGTTGTTTTTTTTTTCAGAGATGGGGTTTCGCCATGTTGCCCA,"[[3735966, ""G"", [""C""]], [3736100, ""T"", [""G""]]]",yes,yes,T->G,2
chr9,82650451,82650655,ACTTGCTTTAGCATATTTTGTAAGACCGGTCTGATGGTGATGAAATCTCCCAGATTTTGTTTGTAAAAGAAAGTATTCTCCTTCGTTTCTGAAGAATAGCTTTGTTGGGTACAATATTCTTGGTTGGCATTTTTTTTTCCTTTGGCACTTTGAATATATCATTCCATTGTCTCCCAGTCTGTAAGCTTTATCCTGAGTAGTTTTC,"[[82650454, ""C"", [""T""]]]",yes,no,C->T,1
chr6,158839817,158840291,AGATTGCACGACTGCACTCCAGCCTGGTGACAGAGCAAGACTCCGTCTCAAAAAAATAAGTTTTATTATTAAATTTAAACTTTCCAGCAAAGCCAGTGAGGGTGATGGATAAGATGCACATAGATAACCGGAGAGAGGTACAAAGTGTGATGAGGTCAGAGAATAAATAGCTCACATTCTTTGAGGGCAATAAGGACCTAAAGTCTTTCTTCTGATGTGGGAGAGATGAGAGCCCAGATAAAGAGAAGGGAATAAACTATGGCAGGCTGGTGATCTGAGGTAGAAAAGCAAGTTTCTTTTTTTTTTTTTTGAGATGGAGTTTTGCCCTTGTTGCCCAGGCTGGAGTGCAATGCGTGATCTTAGCTCACTGCAACCTCTGCCTCCCGGGTTCAAGCAATTCTGCTGCCTCAGCCTCCTGAGTAGCCAGGACTACAGGTGCCCACCACCATGCCCAGCTAATTTTGTATTTTTGGTA,"[[158839821, ""C"", [""T""]], [158839955, ""C"", [""T""]], [158840031, ""T"", [""A""]], [158840167, ""A"", [""T""]]]",yes,yes,T->A,4
chr18,56037569,56037819,CTCTGTAGGCACTGAGGGAGGGAATGTTAATCCCCATAATGTAGATTTAAGGAGAAAAGTGGCCAATATGTGGGTATTTTGGTAAATCTGGGGCTGGTTTATATGATCCAAAGTAGGCTTTGTTTGTTTTGTTGTACACATGATTGGAATTCCTTTGGGAGGCCTTTTCTACTTGGATGGTAGGGGGAACACTAACCGTTTTAGTAATTGATCAGACATTTTACTAATTATTACAATGATTTATCTAATGT,"[[56037580, ""T"", [""C""]]]",yes,no,T->C,1
chr6,95143729,95144175,ACCACCTTACTTCCATCTGTGGAAAGCCTATGGTTTTCAGTTGCTTATTTGTTAACTTGATGTTTGACAGGAAAGCAAAGTAGAATGATAGGAATTGCAGATATTTTCCTGCTTATGTGCATATCACTCTCTCACACACACAGACGTAAGCCTGGGTGCATGTATATCTACTCCCCAGTGCCTGTAGTGAATCCACGTTTGTTGAAGCCAACAATTATCCATGCAGCTCTCCTACCATGTGCTCCCAGTCACCAGCTGTCTCACTTTCTAGCACGCTCAGGCTTTTGCTGTTCCCTGAAGCAGTTCACATGGGCACTATGATCCTCTCAGCTTAGTCTCTGATTCTAATCCCTATCCTATGGTCTTGGAGCTTTTTGCTTCTTCAGCTATTTCCAGTTTGAAATTCATATTTATTACTGGCTCCTCCTTCCAGAAGTGTTGGCTGTA,"[[95143892, ""G"", [""A""]], [95144018, ""C"", [""G""]]]",yes,yes,G->A,2
chr12,15933801,15934089,AAACCTTCTCCGACCAGCCTCATCTTTTCATAGTGACAGAGTTGGAGCTGGAATCCAGTTTCCTGCCTTGTTCTATACTGTTATGCCCTATATTTAGCACTGCTGCTCAGATCAATTAAATGATGACTGTCAGGCCACGTAAGCTGGTTCTTTCCTTTTTGTCAGTGATTGCCTTCTAATTCTGTGGTTAAGTTACTCAGAGAAGGCCTCCAACATCAAGTTGGTTGTACTAGGATAAAGCACTGTAAAACAGCTAATAAAGTGCCTGGTGGAGTTAGTGGTTCATAAA,"[[15933867, ""T"", [""C""]]]",yes,no,T->C,1
chr13,77506802,77507263,TGCTTCACTTTTTTTTTTTTTTCTGACTTAACCAAAGATAATGGACTTTTTGAGGTTCTGGCTGTAGGTTTGTTCCTGGTAAGTGGGCTTGAAGTATTGTGAGATCAAATCCAAAATGGTATTTTTTTAAACTAGGCTACCATGTGAATACCATTTCCCACCAAAAGTAACAGAAGAGTTCATGAACATGGAAAAAAAAAGTATTCTTTTAGCAGCTTGATACACAAGGCTTCATTATTTTTCTTACTTTGTTTCCCTCTAGTGCCCCAAAGTGAAAAGTGCATGGGTATTTTATATGGAGATGTCCAATTCAATTAATTTATTCATTAAAAAGAAATTGATTAGATTCATTCTTATTGTCCCTTTTAGAACTTGGGTACTACTGCTCCTTTTTAGGACATAAAGTCCTGAATCCCCTGTACTCCGCGATCCCACCAATACCGCTAAACACCTCTTCTTGGT,"[[77506848, ""C"", [""T""]]]",yes,no,C->T,1
chr3,163338342,163338566,TCTAGAATGTGATAACAGCATGCTAGAATTTGATCATGTAAAATAGTTTCATTTTCAGGCTTGTTGTTGTTTCTGTGATACACTGTATGTTTTCAGCAGTATCTGGAACAGGTGTAACCTAGTAACTAAGATGCCTAACTTTGGAATCTGTCTTCAATTTGTCAGCTTATTTTACCTTAAACAAAGGATTTACGCTCTCCAGGCTTTTTGCTTATATGAGAAACA,"[[163338534, ""T"", [""C""]], [163338541, ""T"", [""C""]]]",yes,yes,T->C,2
chr2,28559997,28560336,CCGTGTCGGCCTCCCAAAGTGCTGGGATTGTAATCTGGTCATGCTACAGGCTTTATAAACTGTCTTTGGCAAAGAAGGCTGTTGAGAAAGCCTCCTGCAGACAACTTTCAGTTTATCCTTCTTAAGCACTTAACCACTGAAATGTACCAGGGTGGGCCACTCCTTGGTACAAACTCTGTACTAGGCTTCTTCCAAACCACAAGAGCTATTTCAATAATTTAGTGCAGCGTTGTGCCACTAGACACAATAGAAGCACATCGGCAAAGGTAGAGCTATGGCCAAGTCAGGGTGACCTTGGGGGTGAGGTAATTGGGGGAGTGGGAGGTGAGCTTGTGACTTG,"[[28560038, ""C"", [""T""]]]",yes,no,C->T,1
chr3,125827981,125828214,ACAGATTTACCAGGGCGGAGTTTTCCTCCACCCTAGTAAGGCTTTGGGTACTACAGGAGACCAGGGCGTATCTCAGTCCTTATCTCAACTGCGTAAGACAGACATTCCCAAAGCGGCCATTTATAGACCTCCCCCCAGGAGTGCATTCCTTTCCCAGGGTATTAATATTCCTTGCTAGGAAAAGAATTTAGTGATATCCCTCCTACCTGCACATCCTTTTATAGACTCTCTGCA,"[[125827997, ""A"", [""G""]], [125828072, ""T"", [""C""]]]",yes,yes,A->G,2
chr5,10776464,10776755,TGTTTAAAGAAGCTATTATGTTTAAAGACTATAGAAAAACACAGGCAAACTGTGAGCACATGTTAGGCTGGTGCAGCACAGCCTCAGGGAACAGAGAGAAGGCCAGGGCTCTGGCCCTCATCTCTAACCCTGAGTGGTGACTCAGGCTGCTGCCCCAATGGCCTAAACAGTAGCTGCAGAGGCCTGACAAAACCCAAAAGCTATACAAAGGCTCAGGTCTTGGAGATCAGTCTAGGTTTTCACTGGTGAGAAGGAAGAGGCCCTTCAGAAGATCCTAGAGAAGCCCCCAGGC,"[[10776500, ""C"", [""A""]]]",yes,no,C->A,1
chr12,69374505,69374790,GATAAACATGTGAACAAAGGTCTCTGGTTTTCCTAGGCAGAGGGCCCTGCTGCCTTCCTGCAGTGTTTGTGTCCCTGGGTACTTGAGATTAGGGAGTATGCTGCCTTCAAGCATCTGTTTAACAAAGCACATCTTGCGCCGCCCTTAATCCATTTAACCCTTACACATGTTTCAGAGAGCACGGGGTTGGGGGTAAGGTTATGGATTAACAGCATCCCAAGGCAGAAGAATTTTTCTTAGTACACAACAAAATGGAGTCTCCTATGTCTACTTGTTTCTACACAGA,"[[69374563, ""C"", [""T""]], [69374778, ""C"", [""G""]]]",yes,yes,C->T,2
chr17,65609832,65610210,CCAGGCATGGAACAATCAACAGTGAGTGAAGCCATTTGGAAGGGATGCCAGGACTCCCCTCTTGCTATTCCCACTCCATTTCTCAAACTCTTACCCAAGAGCAAACTCTTGCACATACCACTGTTTGGGACCCTGGCCAAGTGCTGTTCTCCTATAAAATGTCTTATCAGATGGTTTATGAAATTAAGCTTTGTTGCTGTATCCTACACTTCCAAACACACACTGTTCCCACGGCCATGGCAGACTAAGCCTTTCAACCCTTCTACAACCCAAGACACATAAAATCCTGAAGAAACTAGTAGATGGACATTGGCCCATGAGTGACCATTGTAAAGAAAAAAGACTTGGCTCATCTCACCATGGGTTAAGTTGATGTGTC,"[[65609858, ""C"", [""T""]]]",yes,no,C->T,1
chr7,9243579,9243817,AAAATGCAGAAAAAATTGAGTTTACCTCATAAAGCCATATTGATATTTAAATGACATCACAAATTTAAAGCTACAGGCCTGCATGCATACCTGTGTTTCATGCATGTCCCTCACACCTGTTTAGGCACTGCAGACCAAACCAGTAAAGGAAGGCTGTGATTAAATCACTACCTTGGTTTCACTACATAGTTCAAGAGAAGTCTGTCACCAGTTACCCCAGGACTATTGGCTTGAACTTA,"[[9243659, ""A"", [""G""]], [9243791, ""C"", [""T""]]]",yes,yes,C->T,2
chr16,12935203,12935522,GAAGTAGGAAATGGATCATGAGTATTCAAAAAGGGAAACAAACAAACCTCTAAAGACCCAAACAAATTCCATCTCCTCTCTGATCTCTTATCTGCATTTATGTATATCTTGGTATCTGTCCAAGTCATTTCCATCCCTTAGAATTCTACCAACATCTAGATGCTGCTGATGATATTTCCTGCGTTATTTTCTTGCCCTGTGGCTTAGCTCCTGTGGTGCTCCTTATCTGTGGGCGTGTGTTTGCTTTTTGTCTCTAACTAGGCATAATAATGAAGCCTATGGAATGTCTCCAGCAAAAATGGGCATATGTGATCATGGGA,"[[12935292, ""C"", [""A""]]]",yes,no,C->A,1
chr1,222783114,222783404,TAACTTAGAAGAAATGAACAAATTCCTAAAAATATGCAGTCTACCAAGACTGAATCATAAAGAAATGGAAAATATGAACTGACCAATAATGAGTAAGGAGACTGAATCAGAAAATCTCCCAACAAGGAAAAGCCTAGGACCAGATGGTTTCATGGTGGCAATCTATCAAATGCTTAAATAATTCATACCAATCCTTCTCACATTCTTCCAAAAAAACTGAGGAAGAGGGAACACTTTCTCATTTTCTTGAAAGAGAATAGCTTGAGTGCCTTTAAGCAGTCACAGGAGCAT,"[[222783187, ""C"", [""A""]], [222783285, ""T"", [""G""]], [222783300, ""G"", [""A""]], [222783359, ""T"", [""C""]]]",yes,yes,G->A,4
chr2,32984446,32984681,CTCTGGCATGTTTTAACTCAGCTGCACCTGTAACAGCAGCTTGACCTGGACCTGTGGGGTCAGGACGAGAGAACTGAAACTCAGACTCCCATTTTATAGAGGAGATAAGTAAAGCTCAAAAGAAAAGAAGTGACTTTCCAGTTTCTGTGGGCTCTGATTGCCCTTTTGTACAAAAAGAGTGAAAAACAATTCTGGGCCAGGCGCGGTGGCTCACGCCTGTAATCCCAGCACTTTGG,"[[32984478, ""G"", [""A""]]]",yes,no,G->A,1
chr22,26781811,26782161,TCTCTGCCCGGGGCTTGGCGCTTCCCCTCACCATCTCATTAATCCTGATTCACAGAAAAAGGCAGCAGGCAGGGGCCCTCGTAACAGGCCGAGCGGGCGACTGATTTGCCTTCACTGAAGACAATAGTGCCCAGGAGACCCGGCATTGCTGAATTATTAAAATCAGCCATGGCAGGGAAATCTGAGGACACAGAGTGGCTGACATCCCCCGGCCCTTGCAAGCTGCCCTCCTTCCCTGCCCTGGGGTGCTGGTACCTGGCAGCTTGGGGTGGCCAGCACAGATCCCCTTGCCAGAGATGAGGGCTGCTCCCGACCTTCCCTCCTCCGTGGATGGAAGTTGAAATTGGTGTT,"[[26781820, ""A"", [""G""]], [26781891, ""T"", [""G""]], [26781969, ""C"", [""A""]], [26781979, ""G"", [""A""]], [26782074, ""C"", [""T""]]]",yes,yes,G->A,5
chr7,82632027,82632350,AATTATGTAACATATTTAAGTCTATAGATCTATCTTGGAATGCATTGGCGCTAATACTTAACATTTGTATTATTATTATTTACAAAACACATTCAGTATAAAAATGTCTTGGAATCTGCAGCAAGGCATGGGAGGGAGAGATGATGAGTCAGTCCTCGTTCAGAAACATGGTCATGGAAAGACAGCCAAAAGTCTCTAGCGAGACACACAATCTCCAAAAATCTTTTTGTAAACTTCCTTTCTGCCTATCTTCAGCTTTTTCTCCCTAAATACCTCTGTGCCTCACCATTGCTACTTCCTGTTCAATTAACATCTTTCCTATGA,N,no,no,N,0
chr9,87891818,87892041,AAAATAATTGAAAATCTTACAAAACATCATCTGTTTGAAAGATGTTAGAAAAGAGAGGGTAGAAAAATAGGACTGCATTCTTATTGCGTAACGGTTCAACCTCAGTTATAAATACACACATATACACACATATCTTGAAGCCTGAGTAACTGTTCTCTCTCCAGCAGTTTCTGCCAGGCCTGCCAGTTCTTGGGTTTGGAAATTTCCTTCCTGCTCACCTCCAC,N,no,no,N,0
chr3,132279112,132279366,TACAGTAGTGTTTAAGGGGGTCAGCATGGGTCTTCAGCAACATCACTTGTAGTACTTGCTTGAAATTCCCATTTCTGCTTCCACTGAACCTTCCAAATCTTGAGATTCCAGGAGCATGAATTTCTTACCAGCTCCCCAGGGGATTCTTTAAGAAAACCTCTAGCTAGCAGCCTTCTGCTCCCTCTGTTGTCCAAGTTATACGTTTGTAAGTTTTATTGGTTGGTTTTATGAGGAATATGTTCCTCCACATTCTAC,N,no,no,N,0
chr10,32642163,32642432,ACTCTCTTCAAAGCTGTCACACAGGGACATTTAAGTCTGCAGAGGTTTCTGCTGCCTTTTGTTTGGCAATGCCCTGCCCCCAGAGGTGGAGTCTACAGAGGCAGTGAGACCTCCTTGAGCTGTGGTGGGCTCCACCCAGTTTGAGTTTCCCAGCCGCTTTGTTTACCTACTCAAGCCTTGGCAATGGCGGGCGCCCCTCCCCCAGCCTGGCTGCCGCCTTGCAGTTTGATCTCAGACTGCTGTGCTAGCAATGAGCGAGGCTCCGTGGGC,"[[32642182, ""G"", [""C""]]]",yes,no,G->C,1
chr5,31007771,31007995,AGCGGAGTTAGCGGGGGAGTAAAGTGGATTATGTGAGGGTCCTTGGTAGTGTTTTTGTTTCATGCCCTGGTTTTGTGTTGGTTGGCCTCCAGCCAGGAGGTGGCGCTTTCAAGAGCACAGCTGCAGTCCTGCATGGAGGATGCCAACTTGCCCTGGGGACACCTGGTTAGGCATTCAGGTTTGTCAGGTGGTGGTCAGAGCTATAGAGCTCCCAAGAGATTATGA,N,no,no,N,0
chr2,165058563,165058818,CATAAGTCCCCAGGAATCTGTAGACCAAAATTTGAGAACTGCTGCTTTATTCATGTCACCACAGCTGCAATAAATGGATCAAAGGTTTTATCTGCTACTACCCAGATCCTAGCTCTGCCACTCAATAAACAGTTTTGGGTTATCTATCGCTGAGTAACAAACCACATAAAAAAAAAGTGGTTTATCATGGCACATGTTTACCTGTGTAACAAACTGGCACATCCTGGACATGTACCCCTGAACTTAACATAAAAGT,N,no,no,N,0
chr11,35974953,35975252,ACTTTTAAGGAGTGAAGCCAGCTGCAAGAAGTAAATGCAATGGGGCTGAGCTCATCTTTCCTGATTCCCTGGTTAGGTGTGGAGCCTAACTCTGTCCAGTTGTGGACTTCATTTCGTAAGACCCTTTGGCAGCTCTTCACTGGCTGAACTTGATACATATGCTGCCTGCTGACTTCATGTCCATAATCCATGTCTCCAGGCTGTGATAACCTAGGAACTGCTTGGGTATAGGACAAGCTTACTACCTGTTTCCATACATTTGGCCCCGAAATTCTGTATTTTATTAGGGATTATGTTCAT,N,no,no,N,0
chr13,80618797,80619200,TAGCCTATTATGTTTAGCAATCAGCAGCATGGGTGCAAAAAAAAATCTACATTAAACATTTTGTTGGAATGCCTTATGTTTTCCACAAAGCAGAAACTAAAATAACCTGTTATGCAATTAGTTACAAATTTAGTTCTTGAGTCTTTTGCCCATACACATGAGTATTGTCTAAGGCATGTCTTGTAGCAGCTATGTCCTGCCACCACAGGGCTTGGCTGAATTCACAAATCTGTTGTAAACTGTAACTTTCCTGTCACTTCTCTGGCTCTTTTCTCCACTAAACTTTGTTTCCTGGCAGAAATTAAAACCTTCTGCCACTGTCATAACTACTGCTGCTATTGGAACCATCATTGTAGCCACTATGGTTTTGTGGCTGGGCAAAGTGTTGACTTCCACCATTAAAG,"[[80618870, ""G"", [""T""]], [80619170, ""T"", [""C""]]]",yes,yes,T->C,2
chr8,51719188,51719559,TGTCAAATAGAAAAGGGGTAAATGTGGGGAAAAGATAGAGAAATCAGATTGTTGCTGTGTCTGTGTAGAAAGAAGTAGACATAGGAGACTCCATTTTGCTCTGTACTAAGAAAAATTCTTCTGCCTTGGGATGCTGTTGATCTATGACCTTACCCCCAACCTGGTGCTCTCTAAAACATGTGCTGTGTCCACTCAGGGTTAAATGGATTAAGGGCGGTGCAAGATGTGCTTTGTTAAACAGATGCTTGAAGGCAGCATGCTCTTTAAGAGTCATCACCACTCCCTAATCTCAAGTACCCAGGGACACAAACACTGCGGAAGGCCGCAGGGTCCCCTGCCTAGGAAAACCAGAGACCTTTGTTCACTTGTTTA,"[[51719192, ""G"", [""A""]], [51719286, ""T"", [""C""]]]",yes,yes,T->C,2
chr4,189124123,189124595,TCCACACCCAAGAGCAGAAAGGACAGCCTTCAGGCTGGTGGCTGAGGTTCACTTCTATTTATAACAGCGTTTTAAACAACATAAGCTTATGGTTTCATAAAACTAGAAGAATATACCTGAAAATAGATTTCTGAAGTTTGATTTCACTTCATAAATTCACCTTCCATTGACGCTCCAGTGCATTTCAATCCACATCGCTGCAACGATGAAGGAGCGCTGCCATCTGCAGGCGTAGACCGACTAGAGCAACAGCTCAAAACCTAAAATACCCGCGTGTCCAGAATTTAAATGAGAAATATTTTGTTAAAACAGTATCTTAGCAAAGGGAAATAGCTTATAACGGAACAATCTTTTAGAGGCAAAGCTTTCGTCTGTTGCTTTACTCTCTTATTAAATCATTTATCCAAAATATGTGAGACCAATGAGGTATGTTTATTTATGCATAATATGCTGAAGTTTCAAAACACTGATTT,"[[189124191, ""A"", [""G""]], [189124355, ""C"", [""T""]]]",yes,yes,A->G,2
chr7,123069403,123069648,CAGAGAGATGTCCCACAGATATTCTGCTCTCATGCACCCTCCCTGCACAGAGTTGAAACTGTACTCCAGTTTCAGAAGTGAGTAGCAGTGTAGTACATACTTCAAGTTAATCTGAAAAAAAAAAAAAGAGAGCTTCCCATGAGGGATCCCAAGAAGCCTGAAGTGCAGTTTAGTGAAACAGAAACACCTGTATTATTCAATGCAGCTCTGAAAGATGACTAACGGTTTCTTCCAAACTTAGATTTT,"[[123069483, ""T"", [""A""]]]",yes,no,T->A,1
chr2,44330863,44331150,TTTCTGTGTCTCATCTCTCTCTACTCCTCACCCTGCCAATCTTCCCTCTTTTACTTGATTTTGCCCATAATGGCCTCCTTTATATTTGTTCTTTTTCTGAGACAGGATCTTACTCTGTCACACAGGCTGGAATGCAATGGCGCAATCACAACTCACTGCAGCCTCAACCTCCTGGGCTCAAGCAATCCTCCCACATCAGGTTCCCAAGAAGCAGGGACTACAAGCATATGCCACCATGCCTGGCTAATATTTTTGGTTTTTGTAGAGATGAGGTCTCACTATATTGCC,"[[44330926, ""G"", [""C""]]]",yes,no,G->C,1
chr8,57083657,57083931,TAGGCCCAGCCCCAACTGATGGTCCTTCCCTGCTCCCCCAGTAGTGGAAGACAAAGGGCATATAATCTTGGGAGTTCTAGGGCCCCGCCCACTGCCAGTTCCTCCCCATACTACCACAGCTGATGCTCTCTGGAAAGTACCACCTCCTGGCAGGAGGCCAACCAGCACAAAAATAGAGCAGTAAACCACCAAAGCTAAGAACCCTCATGGAGTCCATTGCACCACCCCGCTACCTCCACTGCAACAAGCACTGGTATCCACGGCTGAGAGACCCA,"[[57083692, ""A"", [""C""]]]",yes,no,A->C,1
chr12,85301058,85301370,GAATAGTTAACCAAATTTAGTAAATACATCTTAACAAAAGTAAGAGAACAAAAGTGAGAACATGTAAATGTAATATTTGTTGTTTTATATATTCCAGATTCAGAACAATTTGTGGGCAGGAAATGCAAGTGGTGGTTCTGTGGTTACTTCATGCATGTTACCACGTGACACTTCCTCCTGTATGACACCTTATTCTCACTCGCCTCGGACAGATTCCAGTTACACGGGGTTTTCAAACCACCAGAACCAGTTCAGCCACGTGCCCCTCAACAATTTTTTCACTGACTCTCTTCTTACTGGGGCAACCAATGGA,"[[85301086, ""A"", [""T""]]]",yes,no,A->T,1
chrX,73812271,73812653,CAAGTACCCCAACAACACAGTTTAAATTTCAGTTACCATGGTATATTGACTGTGATATTAAATAAAGTACAAATTTCACTGCTAGGTTTTCAGTATGTAAATTACTATATAACTAACAGATGTGCATCATGATCAATTATGAATCACATCACTTCTTTCACAGTCTTTGGTGACTGGTCACTTATCAGCTATTCAGTACATGTGCAGAGAACAAACCATGTGTTTGTGTTGCCTCTTTGTCTGCCAGTGATAAACCCAAGTGACATTTAACAAAAACATATAATGAAAGAGGGAATTGGCCAATAAAAATGAAAGCTCAAGAAAGAAACTAAAGTCACAATGCTGGAAATGAAATTCAAATCAAAGGTAAATGAAGTTATAGA,N,no,no,N,0
chr6,91664663,91664913,TTTCATGTCACTTCCTGCTTAAATCTATTTATACTTGGTATAAAATCTAAATTCTTCATCAGAGCCTGAAAGTCTTTATGTGACCTGAAACTCCCTGTGTCTCTAAGAACCTCCTATATGAGACCACTTGTTCATCCTAGTCTAGGCACCTCTTGCCTCATCTTAGATTCTTTCCTTTCTGTTTCCCCTATGTGAATCAACCTGTCCTTGGTGCTTCAAATGGCCGGCTCCTTCTCAAACTGCATATCTTG,"[[91664691, ""C"", [""T""]]]",yes,no,C->T,1
chr3,110378554,110378836,TATTTAGAAATTGGGTTTTTGCAGATGTGAGTAAATGATGATGAAGTCATTAGGTTGGGCCCTAACCCAGTAAGGCCTTAGAAGAGGGGAAGAGGCACAGAGACAAACGGGCAGAGAGCAGAATGCCATATGATGACAGAGCCAGAGACATAAACAATGTGTCTACAAGCCAAGGAATGTTAAGATTGCTAGCAACACCAGAGCTAATAGGAAAACAAATTCTTCCCAGAGCTTCTAGAAAGAGCATGGGCCTACAGGCACCTTGATTTCAGAATTTTATTTA,"[[110378608, ""G"", [""T""]]]",yes,no,G->T,1
chr14,60085134,60085446,GAAGTCTTCTCATAAGAGTAAATATAAGTTTTAGGTTTTCACAGCCTACTGTTATAGCCCAGAGTACATTTGGGAATATGAATGATACAGAAACAAGTTGCCCAGGGATACTGAATTGTGCAATTCAGGGTGTATGTTTCTACATGAATTTGACCACTCAGAATAAAAAAACTGTCACTGAATTTTTGCAGTACATAGTATGAGTAAGTTTTTTGGTTTTGTTAGCTGTATTAGGCAGGGCATACATGCTCTTAAAGCTTGCCTCTAAAATTTTATTATTTTCATTATTTTGATGCCAGGAGAAAAATTATCA,N,no,no,N,0
chr6,119274320,119274576,GTCCAAATTTTTATTCACAGTCTAGAGAAATTCATTAAAGTGCTGTCAACATATGGTAGATTTACGAGCTATTTCTAAGTGCTTTTTGGAGTTCTCTAATTACATAAAAGCATACCAATTGTATTGGTAAGCCTTCAAAATTTATGTCTGTTGATAAAGCCAAAATATTTTAGTTTCATCTGAAATGACAAGGTATTACCTTTTCCCTTCATTTATATCAGATATGATTTGAAAATTGAAAATAATATTTTTTTCTA,N,no,no,N,0
chr14,52245056,52245349,TGTTATTTTTTCTTACTCTTCTCCAATGTGTGACAGTTCTTTAGTATTTACTTGTCTTTCATGACCTTGACACTGAGATCTGGTTGGCATATGTCAAGTGAAACTTGAAAGTTTCAGGTAGAAGGCTGAATGTGTGTGTGTCTGGAACACATAAGCATATTTCAGAGGTATCAGTATCTGGAGGAGGGTTGAAACCATGGGTACAGATGGGTCACATAGGAAGGATACCGACAGCAAAATGAGAAAAGACAAGTTGCTAGAATGGAATACTGAAGAAGAGAAGCTGAGAAAGGG,"[[52245140, ""C"", [""T""]]]",yes,no,C->T,1
chr1,25959625,25959943,TGAATCTGGGAGGCAAAGGTTGCAGTAAGCCGAGATCATGCTACTGCACTCCAGTCTGGGTGACAGAGTGAGACTGCATCTCAAAAAAAAAAGACAGAAATCTATGATGTGTTCTTGAGTAAAAGAGCAAGCCAACAACTTCTTCAGAATATATAGTCTTTTTAAACATACATGGCACATTTACAACATTGATCTCATACTAGGCCAACAACCAAGTTTCAACAAATTTTGAAGGATGGAAACCATATGGGTCATTTTCTCTGACCACAAAGCAATCAAGCTAGAAAAGAAACTATAACTAGAAAAATCTCATGTTTGG,"[[25959639, ""G"", [""A""]]]",yes,no,G->A,1
chr22,19917003,19917239,TGTGCCTCTATGGGCTGTCTGAGCTGCGTGAAGTTCCTACAGCAAGAGCCCTTCAATCACCTCGACAGCCAGGAAGCTGCCATGGGACACAGCCGGGCAATGCTCATGGCAGCACTTTTCAGAAGAGTGAAAAAGCAGAAACAGCCCAGGTGCGCCCCAGCCTCCTTCTGCAGGTGGCTCCGGAGCAGGCAGTGGGCTGGGCCTGTTTGGTGCCTGTCCAGGAGCTGCCCAGGGCAG,"[[19917085, ""C"", [""T""]], [19917217, ""C"", [""T""]]]",yes,yes,C->T,2
chr2,118442166,118442424,GAGGGCACTGAAAAGAGCTCTCAGTATGCCTGGAGTCAGGCTGAATAAAGATGAGATCACCCTTCTTCCACTTGCAGAGAAGCAGTGGGGTTTTGACTGGTTAGTGGCTTGATGTCACTGGTGTAAGAGACTGTGTCTCTTGTCAGACATCAGGGCCTTAGAAGTGTCTCATGAGGTCAGTTTCATGTTCTCCCAGCCAGGATTTTTTTTTTCCCTGATGAAGGTCACCAAGGAAAAATACATATATCTCTCTCTCCTC,"[[118442169, ""A"", [""G""]]]",yes,no,A->G,1
chr2,116853613,116853813,TAAATTAAGAACTAAAACAGCTTTGAAAGTGAAAAACAGAAGGGAAAGATGGCTGACTAGATGCAGATAAGTGGAACAAATAGCTCCCACAAGGGACTGGGATGACTCACATGCTTTTAACAGATCTTCAGAGGGAAGACACCTAGAGTGGATAGAAGGAAGACATAGAAGCTGGGCAGAAGGAGGAGAAAGCTGGGAACC,"[[116853646, ""G"", [""A""]]]",yes,no,G->A,1
chr2,118726860,118727172,CAAGAAGGATGTTTGAACATGATAGAGAAAACCCAGCTTTCAGATAGTCAGTGGTCAAGTGAAGGGAAAGCAATTTGAAAAAGTGAAAATCTAGAAAACTATGAGTGAAAACATGAGTCCTCATGTCTTAGAAATTGAGCCATCTGGATTTGGGTCCTGGCCCTGACACATGGAAACTATAAAGTCTTGGGTAATTATGAAATCTCTCAAAGCCTCAGTGTTGTCTATGAAATACAGTTGAGGCAGTTCACTTTTCTTCTTATTCTTCCCCTTGTTATCTCTTCCTTTCTTTTCCTGAATAATTCACTTGAAA,"[[118726956, ""C"", [""A""]], [118726959, ""A"", [""T""]]]",yes,yes,A->T,2
chr1,11592719,11593155,TCCGTGCTACTCACTAGCTGTGTGATGTTAACCTCCCTGTGCCTCAGTTTCCCCATCTGTACAATGGAGATGATCAGTGCCTATCACACAGGTTGTGGTGGAATGAAATGAATTCGTAGTACCCGCAAGGCTCTTGGAATTGGCCTGTTAGCAATTACTCAACAGATGTTAGATAGGTTCCATTTGTTCCCAAGGGAACGTGGTCTCAGCACAGGCAGGATCAGCTGGTCATGGCGGAAGCCACAGGTGGAATCTGTTACCAGCACTTCCTTTCTATCATTCAAAGACCAGGCTGCCAGTCCTGGCTCTCCCCTTCCAGGCTGTGCCATCCTGGGTGCCTCACCTGTCTGAGCCTCAGACCCTTCCCAGGTGGGTCGTGAGTGTCACCATCGGCCTCCCTCCCAGGGTGTGAGAAAGTGCTGAGAACTACAAACTGG,N,no,no,N,0
chr2,129766615,129767030,GAGGAACGTGTGTCCCAGTGAGATGGCAGCCTCCCGGGAGAGAGCTCACCCCATGCTGTGGCCACAGTGAAGTAACGCTCGTCACCAAGAGCAGCTGCGTGCTGTGTGCACTATGACACACTCCCAGGCATCACCACTCCTCGCACTGGGGACTGTCGCCCCATCCACACTGTCCTCAGCGGCATGCATGAGAATGTCTGCCACACAATTGCTCCCAGATGCCCACCAGTGGGGAAATGGATAGAAATGATGTGGGTGACAGGATGAGATGAAGCAACGAGGATGAGGTCACCTTTGAGGGAAGGACGGAGTGGTGATCAGGAAAATAGGAGACACGAAAACACTCTTGGAGAAGAAAATATGATGAAACTTTGTTTAAAAGTGCCAGAAAGATTTAAAAATAAAGCTAAGGGGAT,"[[129766620, ""G"", [""A""]]]",yes,no,G->A,1
chr1,243693862,243694258,TACAACTTACTTGTTAGTTTGAGTCAACTACCTACAGCTACTTGATTATACAAGATTACAGATGTCAGATAGTATTTATTTCATGGATAAATAAGCTGACTGTCAGTCACTAAATAGGATCCTTCCCCAAGAGTGCAGCATTTATTTCAGCCTCTGCCAGTGGAAGTGTTGGAGCAGATGTTGGCAGACTGTGACATACAGTATGTCTTTAAAACTCGTTGGGGTGTGAAATTTCATAAGGTCAAAAAATGCTGCATTTTGATCAGCAGATACAAGAATTCTGTACTTTTATAAATTATTTCAGAAAAACCAATAACATTTGCTGGTAAAATGGATAAACTAAAAAGCTACACTGGCTTTAGGTAGGGCATTTAGATAATGTATGCTGCTTATGTTC,N,no,no,N,0
chrX,109936123,109936457,GTTCAGTTCGGTTCGTGGCATCTGGTAATCAATCAATTTGTACTAGCCATGATGGTTATTCTCTGAAAATAACCACTTTTATGTATAAAAGTGGACATCCTCAGTAGCCATGCCTACACTAAGTGACTCTGCTCTCCAATCATAGCTGAATAAGTCTGGGATAGCTCCTTGGCTCAGATTGGGCAATTGAATTCTCTCTTCAGGAAACATGAACTTTGGATGAATCAAGGCAGAGAGAACAAGCTGTTAGAGTTGAGTCATTTTCATGGCAACACTCTGGAACAGAAGCTGCAGACATGTTTTGTTTGGTCTTTTCCGTGTTTTGTTTTTTGGTT,N,no,no,N,0
chr3,117844698,117844987,GACTCAGAAAATGCTCCTTAGATTCTTCCCTAGATGCTCTCAGAAACACATTGCCTGACTATCTTTTCTAACTCAATAATAATAAATGGATTTGGGGATTCATGGAACCACTTCATGCCTACCCAGATTTGCTGTCTGTTTAAGGCACCACATGAGTGAGTTTTTCCTACCAGTCAGATGAGTCACTGCTTCATCAGAGTTTTTGAATATGTCAGAACTTATGCTCTAAAGTTGGACAACGAGAAACATAACATGTGGGCACCAATACATTCTTCACTCTCTCTACTAAA,N,no,no,N,0
chr7,68576369,68576672,GTATTATACAAGTAAGTACAATAAAGTCTTTTTGTTGTTGTTGTTTGACCTTTAATCAACAGCTTGCAAGGTCTTTTAAATTCTAAATTTGAAGTTCATGCATGGTTCTATTGATAGCTCTGCTAGTTTCCAAGTGCTGCCATAGCAAACTATCACAAGCTGGGTAGCTTAAGGCAACAGAAATGTGTGGTTTCACAGTACTGGTAGCTAGAAGCAAGGTGTTGGCAGGGCCGTGCCCTCTTGAACTATAAAGGAAAACCAGTTTCATGCTTTTCTCTTAGCTTCTGGCGTCACTAGAATCCCT,"[[68576387, ""T"", [""C""]]]",yes,no,T->C,1
chr2,208774662,208774950,AACAAATGGAAGAACATTCCACGCTCATGGGTAGGAAGAATCAACATCGTGAAAATGGCCATACTGCCCAAGGTAATTTATAGATTCAATGCCATCCCCATCAAGCTACCAATGACTTTCTTCACAGAAGTGGAATGGAACCAAAAAAGAGCCCACATCACCAAGTCAATCCTAAGCCAAAAGAACAAAGCTGGAGGCATCACGCTACCTGACTTCAAACTATACTACAAGGCTACAGTAACCAAAAAAGCATGGTACTGGTACCAAAACAGAGATATAGATCAATGGA,"[[208774683, ""T"", [""C""]]]",yes,no,T->C,1
chr19,1047606,1047956,GCGGCGCTCTACGGCCTCGCCACCTGGTACCTGGAAGCTGTGTGCCCAGGTGGGCCGTAGGGGGCGGGGCTCCGGGCCGGGTGGCACCTGCTTTGCGGGAGGCTGAGCTAGGGGTGTGGCCTCCAGGCCGTTTGGGGGTGGGGGGTGGCTTATTCCCTTGGAGAGAAGGCGGGGCTTCTTGGCACACGCATGCAGGTGGCTGCATTGGAGGGGCGGGGCCTGAGGCAGGTGGGCGGGGTTTCTGGGCCGCCTCATACCTGGACGCCCTGATTCCAGGTGTATGGCCAGAAGCTGGCACAGTCGCCGGGCGCTGTGGCTCACGCTTGTAATCCCAGCACTTTGGGAGGCCAA,"[[1047688, ""C"", [""G""]]]",yes,no,C->G,1
chr6,19322738,19323048,AATAGGATTTATACTCTACACTTACAGGGACATGAATCTTTAATAAGGTTCAGTCAGATTCCAGGAATTTTGTTTATGTGGTGTGTGTATGTGCACAGCTATGCACAATTAATCAGAGTTTTCAAAGTAGAATCAAGTTAACTTACCACCAAGAGTCCTCTGCCCCCTGCTGCTTCACCAAATTACTACTGTCACTCTTTGTAGAACCCAACCAGTAAAGAATTTGGGGTTTCATCTAAAGATGTGTCTGTGTGGATCATTTGTACATCAGAAACAAATAACCATTGTTTTCTTTAACCAGTGCCCTTTTA,N,no,no,N,0
chr20,32180020,32180338,CACAGGGCTCACCTTTGTTTCCCATCTGTCTGGAATCTCTGTCCTTTATTGTTCAACGCCCAGAGCCTTGAAAACCACTATTTCATGTATTTTGTCTAGTTTTACTTTTGTTTCAGGCGGACGAATATATCTGATCTCTGTTACTCCACCTTGCCTAGAAACAGAAGTCTCTGCACTGCTTTTTTTATTTTTATTTTTAGAGACAGAGTTTCACTCTTGTTGCCCAGGCTGGAGTGCAATGGCATTATCTCAGCTCACTGCAACCTCCACCTTCTGGGTTCAAGCGATTCTCCTGCTTCAGCCTCACAAGTAGCTGGGA,"[[32180265, ""C"", [""T""]]]",yes,no,C->T,1
chr7,2676694,2677008,GTGACATCAGCCCCGCCTCGGGGCACATGTCCCTTCCCGGTGACAGCAGGCTAGGTGCCTGGACCAGCCGTTTCCCTGAAGACAATGAAACACGCTGGGTGAAATATCCAAAGGCCAGGAACACTGAACAGCTGACAAGACAGCAGGTAATTAAATGCCAGGCCTCGTGCTGGAGGAAAACTGGACTCAGATACAAGGCCCTCCCACAGGGATCTGGAGAGCCTGGCTCTCAGCTCTGGCCTGGGGGAACTCAGAGAGGGAGGGGCTCTGCGGATCAGCTGCCCCTAGGCAGTAACACTGAACCGCAGTACCCAG,N,no,no,N,0
chr7,33893412,33893813,GGTGTTCCAAACTAATGTGAGAGCAAAGCAAGTAAATGGAATTTCCTACTTCCTGGACCTTCTAGCCTCCATACCTACCCATATCGCACGTGGCTCAGAAATCAAAGAGGTGCTTAACTTGGAGAGACACGTGGCCTGGGACAGCAGGTGCCTTAGTGGTAGGCAGTTAGCTGAGTGAGTCATGACTGGCAGCTGCTTTGGGAACGGAAACTTGTAGCTCAAGAGGCACAGAAGTAGTGTTGTGGCATTAGTGACATTTGGACTGTTCCCTCAGGGTAGTTAGGATTTAGACATCCCCCAGAGGCCAGTACAGTCTCACTAAATTTTCTGCCATGATGGAAATGTGCAAAAATCTGCACTATCCAAAATGTGGCCACTGAGCACTTAAAGTGTGGCTAGTGT,"[[33893444, ""A"", [""T""]], [33893655, ""T"", [""G""]]]",yes,yes,T->G,2
chr12,15581068,15581385,ATTGCATATTGTTTTGCAGGAAAGTTCATTAGCACTAGTAAAGTTTTGGGGAGCTGGCAAGCTCTGATTGGTGAATGCATGGTGGTGGGTAAAACTAGTCTCAGAGTCCCAACAGGCTGTTTCAGTTGCTGTTAGATACCACTGGTTTCAAGTTACTAAAGGCAGTTTCAGCAACCGGGGCTTACAGAGAATTACATTCCTGGAACAATGTTATGCGTTCTGAGTGCTTTCTTTTTTTTTTTTTTTTTTTTGAGACGGAGTCTCGTTCTGTTGCCCAGGCTGGGTTGCCGTGGCACGATCTCAGCTCACTGCAAACCT,"[[15581352, ""G"", [""T""]], [15581356, ""A"", [""C""]]]",yes,yes,A->C,2
chr10,84020088,84020549,GGGCTGAAGCCAGGGAACCAAGTGGTCTAGCTCAGCAGATCCCACCCCCACGGAGCCCAGGAAGATAAGATCCACTGTCCTGAAATTCTCGCTGCCAGCACAGCAGTGTGAAGTCCACTTAAACTTGGTGGGGGGAGGTGCGTTCACCATTATTGAGGCTTGAGTAGGTGGTTTTCCCATCACAGTGTAAACAAAGCCACCAGGAAGTTTGAACTGGGTGGAGCTCACCGCAACTTAGCAAAGCTGCTGTAGCCAGACTGCCTCTCTAGATTTCTCCTCTCTGGGCAGGGCATCTCTAAAAGAAAGGCAGCAGCCCCAGTCAGGTGCTTATAGATAAAACTCCCATCTCCCTGGGACAAAGCACCTGGGGGAAGGGGCAGCTATGAGCGCGGTTTCAGCAGACTTAAACATTCCTGTCTGCCAGCTCTGAAGACAGCAGCGGATCTCCCAGTACAGCACTCA,"[[84020104, ""G"", [""A""]], [84020167, ""T"", [""C""]], [84020412, ""C"", [""T""]]]",yes,yes,T->C,3
chr18,4735013,4735289,TATCCTTGGCTTCCCATTCTCTCACACCCACATCCAACCCACCAGTAACCTCTGTCAATCTTCAAAACATGTACCACATGTCACTCCTCCTCTGCCACTCACAGCTGCTCTTCTAGCCTCAACCACAATCATCCTTCACCTGGACTGTGAGCATAGGATTCTGCTTTCACTTTTGACTCCTACAGTCTAGTCCCCATCCAGTAGCCAGAGTGATGGCTTTTACCAAACATGATTATATCATTCCTGTGCTCAAGACATCCCTATAGCTTCAATCATA,N,no,no,N,0
chr7,119436843,119437288,TGTCAGAGATGCGGAGTTGGAGGAGGGAGAGCATCAGGAAGAATAGCTAATGGATACTGGGCTTAATGCCTAGGTGATGGAATGATCTGTGCAGCAAACCACGGTGGCACAGCTTTACCTATGTAACAAACCTGCACATCCTACACATGTGTGCCTGAACTTAAAAGTTGAAAATACAAAAAAAAAAAAAATAGCTACTCTTGCTGTCTTTTGGTTTCATTTGCATAAAATATCTGTTTTTCATTCTTTCACTTTCATTCTTCATGTGTCCTAAATGTAAAGTGAGTCTCTTAGGAACAGCATATATTTGAGCCCTCTTTTTTTATTTTAATTATCTTTTTTTATTTTAAAAAGGCTTTTTTAATAAAAAGTGTTGAAATTAAGTCCCTATTACAACGAAAAATAAACTTTGTATTATATTTCTATTTAGGTTTGAATTATATTCA,"[[119436854, ""G"", [""C""]]]",yes,no,G->C,1
chrX,150942899,150943371,TCTTAACCTAGCACATCTGGAGTGAGGCAGGGGACCCAGCACAACAGAGATCACAGGCCAGCCTTGGAAGCAACAGGCTGCCTCGGGTCCTGTTGGATTCATCTGGCTGGCTTCTTCATAAGTGTGTGCTTTATAGACCATTAGCAGTCAGTGATTATTTGTTGCTGACTTTGAAAGCTGTGTCATAACCCACTTAGCTTACTTGGGCAGTCAATTCGTTGATCTGTACAGCGTAGGGGTGGAGCTCAGGGTGTTCCCAGGCCCTGAGGAGAGCTGCAGGGGAGGGCCCAGCAGACAGGGCCAACTCTCACTGCGCCCGTCCTGAAGCCGGTGGTAATTATTGTCAATTTGATTCAACGCACATTTCCCAGCAGGCCCCCAGTGAGAGCCCCTGGACAGGTGCCACGGGGATACAAGGTGAAGCAGCAGCTCTGGCCCTGACCTTGGTTTGCTGTGGTTGCTCTGGTCTTGTA,N,no,no,N,0
chr11,87477783,87478031,ACTTTCATTGATGCAGGGGTTCTTCACTTTGCTGACAAGAGTTCTACAGTTTGTTAAAAACAGTTTAGAAACTATTGCACTTAACTAAAAAAAAAAAATCTAAACACTGCTCATGTCAGCTGACCCCGCTTTGTCCAAAGCTAAGAATGGCAACAGAATGCTATGTCACTATATACAGAAACAAGCCAATCTGAAGCTAAATAGATGCACTGCAGAGTCAACAGGTCCAACCTCACAGTGCATGCCCTG,N,no,no,N,0
chr10,132192183,132192634,GCCACTGTCAGAGCCCCGGCCTTTGGTGAGGGCAGAGGTATGTTGGGTGGCTGTGGGCGAAAGCAGGACACCAGCTTCCACGTTTCTTTGTTCATCGCAGCACTTAGTGTGGTGCCTGGCTCATAGCAGGTGCTTCCTAAATACTGGTGCCCACATCTATTAGCGCACCTGCTTCCGTTTGTCAAGCTGCTCCGTCCTCTAGTCAAAAAAGTACCAACCAGGGACCTGAGTGGAAAACCACAGGGCGTGGCGTCTGCGTGAGGCTGGACCCTGCAGTGACCGTCCTGAGCTGCGCTGAGTGATGCTTTGCTCCCTGGCACTCCCGAGGAGCTAGTCTAGTGAGTGGCCGGCCGTGCTGGCCTTTTCCTCGGGGTCTGGAGCTCATGCAAACCCTTTAGCTCTGCTGCATTGCTGGGAGCCCATCTGGGCTCTGACCTGGGCTCCCTGTAACC,"[[132192291, ""A"", [""G""]], [132192519, ""C"", [""T""]]]",yes,yes,C->T,2
chr3,76096118,76096327,GCATGTCATAGGCAGTTCTCATGTTCTGAGAATCCTGTGATTCTGGGCCATCTTCCATCACAGACCTCGAGTTTACTTGGGCCACCTTTATGATCAATTACATTTTAAGAAGAGCCTTCTGACCTACATTCTCATGCTGAATGACTCATAAATAACTTTGAGATAATAAACTAGCCAGCATCATAACTTGGGTAACAAGAATATTCAGAA,N,no,no,N,0
chr5,10471687,10472023,GGGCTCTTGGTGAGAGCTGTGGCTTTAGTACAGGGGTAGCCACCCCCCACATCCCCCCAGGGAGGTGACTGGGGGATAAATACCCTCCTTCCATTTGTCTTCCATCCTGGGATCTTCCACCAGGGTCTTGTCCTGGCTGAGCACAACCAGAATCTGGAGAGAAGAAAGCCTCATGATACACAGGTCAGCTATGCTGGGCTCAGAGCATGGAAGAGCCAGGAGAGGCTAAAGGAATGTGCTAGACAAAGAAGTTTGAAATATCCAGCACACGGCCATTCGATGAAGACATGGTGGGGTCCAGCACACGGCCATTCGACCATTTGGGTGAAGATGCGGT,"[[10471806, ""T"", [""C""]]]",yes,no,T->C,1
chr22,42160148,42160612,TCTTAAGGCCATAACAAGATTTTTTTGTACTTTTTTCTTTTTTTAAAACTCAGATATTTAAAAATTATACAATTTACAAAACAAAACAACACAACATAAAGAATCACGTAGCATGGGGCTGCCTATCTGACAGGTCCTCTTTTCCTTTATAAAAATGAAAGCAAAAAGAAAAAGGGGTTAAATGGGTGTTCCTGGTCAGCTTAACCCACTCTGATCACAGCGACAGTCCCTCCCCGTCCCTGCCTACAGCTCACACTGCCAGCTCTGGCAACACAGGCCTGGACCTCCTCCCATCCCCACGGGTCCCTGTGGGTCAGGGCACAGCTGCCTGGAATGTGCTGAGGACAGGGGGCCCCAGAGGAGGGTCATCCCTTGATTTTGCTGCTGCTGTGTACACTTGATGGGGTCCTTGAGGTCCTCACCAGCCACAGTGACCCAGGACACAGCTATGACCTCAGGCATCTG,N,no,no,N,0
chr3,16761620,16761855,TGTGCTCATGTTGACAATTTAATTTGAAGAATTTTGAGGAAGTACATTCCTTAGTTTTACTCTCCAGACTTTGTGGCTACTGTCAATTTCTTGAGTATGTCTGAAGACATTTTATATGCATATATAGGGGCATACTTTGGTGATATTGTGGGTTTGGTTCCAGGCTACTGCAGTAAAGTGAGTATCACAATAAAATGACTCACGCAAATTTTTTTCCAGTGAATATAAAAATTATG,"[[16761743, ""G"", [""A""]]]",yes,no,G->A,1
chr13,19207469,19207742,CAGGTTATTTACTTGGCATTATTTCCCTTGCAACTTGGCTGTATGAGCAAATCCATACTAAAGTTGCTAATATGCTTTCTTAAAAGCTTAGTCAACTCTAAAACATGCATTGGCGACACACATGTAATTCCCTTAATGAGTCATAGTCTACAAAACTGAGTGCGCTTCTGTGCACAACACTGTAGGTTAAAGGAAAAAAGCTCAATATTCATTAAAGTGAAGGAAAACAGCTTCAAAGTTACACAAAAAGCTAGTTTAAGATAGAAATGTATAA,"[[19207509, ""A"", [""G""]], [19207578, ""C"", [""T""]]]",yes,yes,A->G,2
chr9,38245029,38245320,TCATGTGGGAAAGGGGCATCTTTTTCTCATTTGCCTTCTGATGCCATGTGAACCGGCAGTTGGACCTCTGAGGACAGAGATGTGTGCCCTGAACAGGGTAAAGATGGACACTTCCTCACTCAGTACAGAAGGCTTGGGAAAGTTGTGGTCAAACTGGTTTTTTGTCATTTGAAGATTTATGAAACCTCAGCTAGGAGAACTTGCTATTTTGAATATCTCACAATATGAGGACTCCATTAAAGCAGGGGAAACTGTATACTTAGCTTTTGGAACATTGAAATTTCCTGCTATA,"[[38245216, ""A"", [""C""]]]",yes,no,A->C,1
chr11,123330130,123330403,ACACTGAGGTTTGAAAAGATAAGGGATCCACACTCAAGAAGTGTCACAGTCGGAACCCGAAGCCAAGATTTCTCAAAAGAACTCTGTGACGATCTGGGCACTGAGCCAATGTTCCAGAGACAATGGAATTCAAAGTGGATTTTATCTGTGGATTATCAAGAAAATATCTCCAATCTTCCGTATTACCACCATATTGAGTGGTTCAGTTGAAAGAACTCAAATTAAAGTTGAGATATCTGGGTTATAGACTTTTATCTGCTAACAGAAATTTTGG,N,no,no,N,0
chr6,57001678,57001963,GATAAGCAAGTGCTAAGAGAATGAGTTAATACTAGACCAGCCTTACAAGAGATTCTTAAGGGAGTTCTAAACATGTAAACAAAATAATGAAACCTACTACCACAAAAACTCACTTAAGTACGTTGCCCACAGATACTGTAAAATAACCACATGATAGAAACTACAAAGCAGGCAGTTAACAACTTTACAATAGGATCAAAACTTCATATATCAGTATTAACTTTGAATGTTAATGGTCTAAATGCCCCACTTAAAAGGCACAGAGTGGCATGTTGGATTTAAAAAA,"[[57001787, ""A"", [""T""]]]",yes,no,A->T,1
chr4,54407846,54408111,CATTAACTGCAAAGGGGAAGCATGAAAAACACCTCTGTTTTTATAACAGTACGTGTCTTTACAAAAATAATTTACATGAACATGAGCCAAGGGACAAGTCTTCGAAGTCAGCAGTCCTGTGCAGAGAAACGTCTGTGTGGCATTTCCTTATTTTAAAAAATCTTTTTACATAGCCTGTTTAAAGAAGGATAGTTTCCCTCTCATTTCCTCCTCTAAAAAATAATAAACTTGAACACTGGGTCAGGTCTATTTTTAAGGAGCCACTG,"[[54407868, ""C"", [""T""]]]",yes,no,C->T,1
chr16,82769923,82770200,AATGCGTGGTGCATACGGCACAGACAAAGATAACTGAATTGGATTTTCAATAAGCATAGAGTTCTAGATTTCCCTGTTCTTGAATTGTGTACCGTACCACCCAGCTGCTGTTCCCAGCTAATTTTGCCAGAGCTGGATGTCAGCCAAAGCACAACTGTCTATGGCTTGGGAAGTTCTCCTTTGAGTCAGATTATTTAGTTAGCTCAGGCTGGTAACTGCCACAGAACCTGGCTGTGATTTGGTCTTATTAGAAAACAAATTTGGAAAGTATTAGAGAA,"[[82769928, ""A"", [""G""]], [82770034, ""C"", [""T""]]]",yes,yes,A->G,2
chr10,111968722,111969000,AGATGGATTAAAAAGCTAACCAGAGTGAATAGGCAATTCTTTAGAGACAGAAAATAGATTAGTGGTTGCCGGGGACTAGGGAGTTGAGGGGAAATCAGAAGTGACTGCTAATGAGTAAGAGGTTTCCCTCTGGGATGATGAAAATGTTTTGAAACTGATTGTGGTGAGGGTTGCCCAATCCTATAAATATACTAAAAACACTGAATGGTACACTTTAATAGGTAAATTGTACGGAATTTGCATTATACATTTGTTAAATATTAAAAGGGTATATTTTTT,N,no,no,N,0
chrX,69323699,69324179,TCCTATACCTCCCAGGGAGGTCCTTTGGGCTGTGAAACTCCCTTCTCACCTTTCCTGCTATGTGGTGTGGTCTGTCCAGACGTCTGCTTGCCCACCAGGCCTGGAGCACTTAGGTTTTGGACCATGGAAGAGCAGCCATGGTGAACTGATGTGGCTGTTTCCCTTATAGGCCCCAGACCCTCTCTGGTGACCATAGGAGGCCAATTAGCAGAGAACAAAATGCTTCCTGCCCTGAGCCCTTGCCTACCACTGCCTGCATCTGCTCAGGGCTTAATGGTCATTTGAGCTGTCTCTGGGGACGGAGGATGGGGCTTCCACGGACTGCCTGGCTCCAGGCAACAGCCTGCATCCTGAGGGAGGCCAGAGGAGGAGGAGCAAGGTGATTGCAGCTGCTGGAGAAGCCCAAGAAAGCAGGAATACAGTATACTTGGAGCCAGCGCCAGCATCTGGAGGCTGCTCCTGCCACCTACCTGGGAACTGA,N,no,no,N,0
chr7,38675895,38676175,CTCCCCTGAAGTACGCTGATCCTCAAGTGCTGGTTTTGCTGGTGTCCTTACTTGGCCAGGCACCAGCAAGGCAGAATTCACAACCCACTCCTCATCCTTTCTTTCTCCAGCATTCCCTCTGGAGGGGCCAAGGATCAATAACCAAACAAGGAGCATGCCAATGTCATAAAGAGCTAAGCCTATCATTTATCATCTAAACAAGAATGCTTTTGAGACCAAAGAAGTTTGCTAAATTAAATGGGGTATATAAATTGAAATATTCACTGACCCTCAAATAGTTT,"[[38675934, ""C"", [""T""]], [38676065, ""C"", [""G""]]]",yes,yes,C->T,2
chr3,171704905,171705199,AGACTCTCATAAGGAGCAGGCAGCCTAGATTCCTCACATGCGTAGTTCACAATAGGGTTCATGTTCCCACGAGAATCTAATGCCACGGCTGATCTGACAGGAGGCGGAGCTCAGGCAGTAATGCTCATGCTCGCTACCTCCCCCGACAAGCTCTGGCTCACCTCCTGTTGCATGGCCTGGTTCCTAACAGGCTGGGGACCAGTTTGGCTTGGAGGTTGGGGACCCTGTCATAGCGGAAAGAGTCAATGAATTTGAAGGCAAATAAATAAGATACTATTTGTGTCACTGAAGACTC,"[[171704922, ""G"", [""A""]]]",yes,no,G->A,1
chr5,43031903,43032112,ATAATATATAAATATATAATATATATTATAATATATAATATAATATATATTACATATAAATATATAATATATAAATATATAATATATTTATATATTATATATAAATATATAATATATATATAATATATTTATATATTATATATAAATATATAATATATATTATAATATATAATATAATATATAATAATATATAATATAATATATATTATA,"[[43031940, ""T"", [""A""]], [43031998, ""A"", [""T""]]]",yes,yes,T->A,2
chr7,158613441,158613854,AGAATGGTGGTAAATAAGGAAAATCACTGAGTTTGTTCAAAAAGCAGTTTGACTCATTCATCATGAAATGCAAATTAAAACTACACTGAGATACCATTTCTCACCTATCAGATTGGCAAAAATCCAAAATCTCAATGACATACTCTGTTGGCCAAGCTGAGGGAAACAGGCTTCTCATGCATGGCTGATGAGAGGCAAAATGGTGCAACCTCTAGAGACAGGAACTAGGCAATTATGCAAAAAAATCACAAATCCACTCCCTGTCCTCTAGCAATCTCTTTCATTACTCTATCCCAGTTATATACCAGTGAAGGCCTGAGAAGAAATACACACAAGGCTGTTCATTGCGGTACTATGGCAAAAGCAAAAGTGAAAACACCCAAAGTCTCCGCAAGGCACTGGTTAGATAAATTG,"[[158613448, ""C"", [""T""]], [158613699, ""T"", [""C""]], [158613737, ""A"", [""G""]]]",yes,yes,A->G,3
chr12,82659759,82659964,CGTTGTCACCTCTCAATAAGTCATAAGGAGCTGTCAGAGCTGGAGTTCTAATTAGTGTCTGTCCTGGCAATGTGCCAGCACACAGGGGACGTGTTGGAGGTCATCTGAGCTGGTAGGGTAAAAACAAGTATAACTCTCGGGGGGTATCTGCAAGAGAGCCCATGTCTTTGCAGCCACACAAAGGCAGTAAGAGCCACGGGCACACA,N,no,no,N,0
chr1,97976905,97977223,AATAAACACATTAATTGCCTTGCCATACTTTTATCTGACAGATGGGTCCCCAGGCATAGAGCCTAACCTTTTATTTTGACACCTGCCACATTTTGCCAGCCCTGACCCTTTTTTCTTTGCCAGAATGTCACTGTGTTCACCATGGTTGCACTAATCTCCAGCTTTTGAAAGGCTTAATATTGGAACCCTTCTGAGAATCACTGCTATCAATCAGCTGATACTACAACATAAAGATTTCACAGATCTATCCAACATCCCTTCTCTCCTGTGATTCAAGCACATTTTCTCTTATTTCTATGACCTACTGGCTCAGTAAGAT,"[[97976927, ""T"", [""C""]]]",yes,no,T->C,1
chr3,63255366,63255787,TAGCCTGAATAGCCTAGAAAGATGGTATCCCTGGGCCTGCCATGTCAGGCCTTGAACCAGTTATGCCAAGGTACTACACAAATACAAATTTTATGTATGCTGTGAAGGAAAAAAGGCTGAGTAATACTGATTTATGATACTCCCTTTCACTTTTTAGATGGGCAAAATGTGAAGTAACTTAGTTAAATAATCATTTGCTATCATTCATTCCATCAGTGGCAGAGGTGAGATTAATAACTCATGACTTGAGGAGGAGCCAAGATGGCCAAATAGGAACAGCTCCAGTCTACAGCTCCCAGTGTGAGCGACGCAGAAGATGGGTGATTTCTGCATTCCCAACTGAGGTACCAGGTTCATCTCACTGGGAAGTGTCAGACAGTGGGTGAAGGACAGTGGGTGCAGTGCACCGAGTGTGAGCAGGA,"[[63255388, ""C"", [""T""]], [63255727, ""A"", [""C""]]]",yes,yes,A->C,2
chr1,78792861,78793086,CACAAGAGGCCCACAAACACATGAAACAGTGCTCGACATCACTCATCACAGAGAAATGCAAATTAAAATTCCAATGAGATACCATCTCAGACCAGTCAAAGTGGCTATTAGTAAAAAGTCAAAAAATAACAGATGTTGGTGGGATGTGGAGAAAGTGGAACACATACACTGTTGGTTGGAATGTAAATTAGTTCAGCTCCTGTGGAAAATAGTATGGAGATTTTTC,N,no,no,N,0
chr1,53710586,53710978,TACTTCACAGGGAGGATGAGAACTTTTCAACAAGAAGCACCTAGAATGGTCAGTCCTACCCCTCTGCCTGCTGGGGCTGGAGAACCCCTGGGATGCACTCTCCGAGCTCCTCCTGCAGGCTCCCTGGCCCCAGGTGGCTGCGAAGCTCCAACACAGGGCCTGTCACGCTCGTGCAAACGTGGTGCCTCCCACAGACCCCCAGCACATGTGGGAAGCCAGTGCCAGGCACCCTCCCACGCATGTGAATGTTCCTAAACAGAGTAATTAGAGTGGTGTTTAGGTAACTTTTACACAGGCCCCCTAATCAGAATCACATGTGGGAAGGAGTCAGCGATGGTGGCCGAGCTGGAGGGGCTGACCAGCCCCTCCCCCAACAGAACTGCCACCCCTCTG,"[[53710608, ""A"", [""C""]]]",yes,no,A->C,1
chr5,22250594,22250884,TAAATGCCAACAACATGTTGTAAATAAAAGCATGTAGGAAATAATATTTTGGCCTAACATCTTTGAAAAATAAAATTTCATACAATTGCTTTGGTTCTTCACTAAGGATGGTAAATGTATCACGTGGTTTCCCGACGTGAGGCATGATCAGACATGTGTCTTAGAGAGCTCTTTCTGGCAGCTTGGGGAGAACTAATAAGAGAGGGCTTGCCCTTAATGGAAAGGAGAGCACTTAAAAAGCCATTGCAGAATGTAGCAATAACAGCCTGGATTATGACAGTGAATATAGGA,"[[22250607, ""T"", [""C""]], [22250737, ""G"", [""A""]]]",yes,yes,G->A,2
chr5,89354204,89354572,TGGGAAGACAACACATGAAGTTGCTTACAAACTCTTGGCCTCACCCCTGAGCTTTGTATACATGAATCTTACCCTATATATTATACTAAGAACTCTGGAAACAGAAATAAGACATAGAGCAACACCAAAATCTCAGACTGACCACTGGGTGTAGCAAATATAGAAAGATATAAACAACATTTCAAAGACTTTGAAAATGGAACTGACACTAAAACCACAACCCTCAAAAGGCTAGGCAGAACTTGGGGCCTGAATTCACTAAGTTGACTGCCTGCTAAACTAAATATCAACATTCTTCTTAGGACTTAACCAAGACCCAGACAATCATAACATAATATTTAAAATGTCTAGAACACAATTCAAAATTTC,N,no,no,N,0
chr10,97116631,97116923,AACACTCTCAAGAATGCCAGCGAAGCAGCTGCCATGCAGTCGGGCTCCCCAGAGAGAGGGGCCCAGGTGTTCCTGCCTCCTCTCTGGTGCAGGCTGGGGGTGGGAGAGCCTGTCACCAGGCCTGGTCCTCACCCCAGAGCATCTGGGCTTCCTCTGTAGGAGTGGGGAGCATCTGGCAGCCCACATCCCCTCCATCCCCAGCCCACCATGGAAACGAGAGGACGGATGGGCTCTGGAGCTCCAAAGACCTGGGATTCACTCCTGCCCACCCCATCCTTCCACCCGTCAGCTTG,"[[97116683, ""G"", [""A""]], [97116903, ""C"", [""A""]]]",yes,yes,C->A,2
chr11,13945047,13945434,AGAAATAAGAGGGGAATTTTCAGGGAAGATTTTCAACAGTAAATAAATAGACACTCTCTAATGGCCCAATACTGTCTCTAGGAATACTTGAGAAAATTTTTGGCTCTTTTTTCTATCATTCTTGATTTTTTTCCATCAGGCTCAGAAAGCAGAGTGACATAAAAGCTGGGTATGTGCTAAGGAGGAGGGGGAGGGAAAGTCTCCAAATAAATCATTTAACTCACAGAGTTTAAGACTGGAAGATTCTCCTGGGCCTTGTAAGCTATAAAAAAAAGCAGATCTCTGTCAAGAGGCCTTTTCTCTAAAGCAGTTCTGACTCAGCCTATTTGCCCTTGGAAGATGCTGCAGCACCTAAGACATCCACAGGCCATCAGTCAACACGTGATCT,"[[13945062, ""C"", [""A""]]]",yes,no,C->A,1
chr12,80841934,80842250,CTGAGGATTGATATAAGAAGTAGCCATACACCAAAGTCCTCTGTATTTTCTATGGAATTGTATTAGGTGGTTCAATGTCTCATTTGTAACATTCCCATGGGAAATTTCTCTTGGTGCCTAGGGATAGAAAAAATTTTCTCTCCCAATGATTGCTGAGCTGACATGAGTTTCCATCTGTTTTTGACTTCTTAGAAGCTAGGAGGAAAAAATCAATTGTTCAATTGCTGTATTTTGTCTTTATTTTTATTTATTGATTTCCCCCCCTTTCCATCACACTTTATAACCTAACATTCCATGTTAATAGTTCTGTGTGTGTA,"[[80841970, ""G"", [""T""]]]",yes,no,G->T,1
chr11,33420665,33420875,GAATGGGCCCTGAAGTCAAAGAGAAGCTGAATGGCCATGGTTAATAAATATTTACAGCTAAGTCTGGACTGCAACTCTGCAGCTTTGTTAGCATAAACGTTTCATAACCACGAAATATATGATGAGCAGACAATGGGTGTGGTATACAGCAAGATGAAACCTCGATTCCCACCTGTTAGGGATGTACTGTCTGCAATCATCACATTTTTTC,"[[33420747, ""T"", [""C""]]]",yes,no,T->C,1
chr2,232958272,232958481,TCTGAGGTAGAGATACTGTACTTCTGCTAGAGCTGCACAGAGTGTTCATCTATCCTGGTGACATTGTGACCTCTTTGCAAGAGCCTTGGTCTGCACAGTCCCAGGATACTTCTGGACCAGTCTGCACAGGTGTATCTTCAAGAGGTCAGTGGTTGAGCTCCTAGATCTCAGCCTCTGCCCGGGAGTCGGCATGCATGCATTTACTCATTC,"[[232958310, ""G"", [""A""]], [232958444, ""T"", [""C""]]]",yes,yes,G->A,2
chr14,71035541,71035745,CTTGAGGTCAGGAGTTCGAGATCAGCCTGGCCAACATGGTGAAACCCTGTCTCTACTAAAAATACAAAATATTAGCTGGGTATGGTGGGGTGTGGTGGCTCACACCTGTAATCCCAGCACTTTGGGAGGCCAAGATGGGCGTATATCACTTGAGGTCAGGAGTTCGAGATCAGCCTGGCCAACATGGTGAAACCCTGTCTCTACT,N,no,no,N,0
chr2,166241383,166241585,AGAATGAGAAACTCGTCCTACTTTTATCCTAAAACTACCATCTGTTTTCCCTTTTTATAACACACAAGATGCTTCACAAGCTGACCTTGCTTTCTCATAGTATCTCTGGCCACCTGTACTTGTTCTTCTTCCCACCACACTTGCAGTTCAGCAGTTTTTAATTTCCTGAATATCTGATGCTGTTTTATGCCTCCTTACGATTG,"[[166241396, ""T"", [""C""]]]",yes,no,T->C,1
chr5,120550399,120550751,GATGTAGGGCATTCCTGAGTTCAGTGGTGAATAACTGAAGATGAAATAAAGTTTTAGAGAGCAGCTACACTCCTATTCCACTCTGATGAGAGGAAGAACATTTCCATTGCCTCTTGTGTTGATTAAGACCGACAGAAATGAGTGGACTTCAACGCATGCAGTAAAAGGGTGTTTGAAAAATGCATCATCTCTGAGTCAGGCCTGGATTTGAATCCTGGTGCTGTTATGGAGTGACTTCCCCACTGGAAAATAGAAACAACACTAAGAGGATTAATTAATATTTGTGTAAGTGCTCAGCATAATACCTTCAACATAGCCATTTCCACCATTATTTTGTGTTTTTCTTAACCCTC,"[[120550400, ""G"", [""A""]]]",yes,no,G->A,1
chr1,49205280,49205567,TCCTTTTTAAATAAGGTTGCTCCTCTTCTTCATTGTTCCCTGTGCCCCTTAAATGACCTCCATCCATCTATTTTTAGCTGCTATTGATTCTCACTTAATGGTCTTGTTCCTCCTAGATGCTGGAAAACACTTTGACTCTGTAGAAACTAAGTGTATGCCTGCTTCCTCTGATTGAATGTGTAAGCAAACTATAGGTATGTGCAGTATAAATACTCCATCCTACCCCTGGACCCTGGGTTGGTCTCACTAGAAAAGTGGTGTGGGAGTGTAAGTAGGTAAGCTTCCTGT,"[[49205378, ""C"", [""T""]]]",yes,no,C->T,1
chr17,68763560,68763868,TTTCAGACTTCTACTCAAGAGCTTTTATGATGCTGCTCTGTCGACTCCCATAAGACCTCCCAAACCCAGGCTCCAGGCTGACATCTCACAGTTCCTCAAGGTGGACCATCTCCTTCTGTCTGACCAACCCTATTTATCATCCTCCTTACATGCTGTGCTCATTCCTTCAATGACTCATTCTACACTTTTAGCTACTCATGGACTATTGAACACAAATGTACAGCCACTTCCAGGGTTTTCTAGGAAACTTTGTATCACTCACTTTCACTTTCTGCTGGGTCAGCTGCAGGTATGAATTTGTTCATCACA,N,no,no,N,0
chr2,205375469,205375786,AGAGACCTTTCAGCAAGGTTTAAACACACACACATTTATACATTTTTTTAGAAATGAACATGGGAGAAGTGTGGAAAAGGGACTAGAGTAGGAGAGATTTGTGGCAAGACATTGAGTCAGTAGGAGACTTTTGGAAAATCCCAGAGAACACAAGGGCCTGCTCAAAGGCACTGGCAGCAGGATGGAATTGAGAGCGAGAGAGAACGCACATGTTTGTAATTTAAGAGATTGTCTCTCTACTGGAACAAGCTAGAAGGGAGGAGGAAGAGGCTTAAAGAAAAAGGTAAGTTATGCTTTTACTTGAATTTGAGAAGCCTC,"[[205375663, ""A"", [""C""]]]",yes,no,A->C,1
chr10,96756165,96756416,AATTTGCATTAGGAGAATTAATAGTAAACAGAAAAATATTAAAAGGCCCATAATTGATAGTAATCAAGAAATGCAAATTACAGCAGCTGCATTCTGAATCCTGGCACTACTGTATTAACCTACATGAAGCTTTAGATTCTGGGCCCTTACTTGCTTCAGCAAATAGACCTGGTTTCCCTTTCTCTTTCACAGAGCTCAGTTAGTGCCCAAATATAATAACCTCATTATCTATAGGAGGTCAAAATTATCTCC,N,no,no,N,0
chr4,89007357,89007651,TTCAAGCAGCCATCTGAAGAAGCCTACAGAAAAAGGAATTAAGGCCTGTCACCAAGACCGAGCATTAAATTGTCATCCATGTGAGTAAGCCACCTTGGAAAAAGATCCTCGAGCCCCAGTCAAGCTTTCACATACCTGTAGCCCCTGCCAACCTCTTGACCACAACTTCCCAAGACCTTGAACCAGAACTGCCCAGGTAAACCACACTTGAATTCTCGACCCACAGAAACTGTGAGAGAAGATACATGTTTACTGATTCAAGCCACTAAATTTTGGAGTCATTGTTATACAGAAA,"[[89007381, ""C"", [""T""]], [89007528, ""G"", [""A""]]]",yes,yes,C->T,2
chr2,230297083,230297331,CTGCTGTAGCAGCCCAGACAGTGAGGCCAACACAGGAGTAAGACACAGAAACTATATTTAATGGGTTATCATAGAAAGATGATAATTAGAGGTTAGATGGCAGATTCTAGTTGGTAAAATCTCTAGTTTCATTTTACTGTTTACATCAGGTTTCAGTTTGCTTACTTAGAAACTTAAACCACTGGAGCCACCCCAGCCTACTGGCCTTCTCTCTTCCCAATTATTTTTTAACAACTGGTTCCTGAATCC,"[[230297128, ""G"", [""C""]]]",yes,no,G->C,1
chr15,87564009,87564300,TGTCTTCTTTCCTGACACAGTTGGCAGATTCCAGTGATCTGCTGCTGTCACTTGGCTAGAGATTGATGTTCAATACATTTTAAACTCAGTAAGCATCTTGCTGCTAGTAATTGGATCCCATTGATTTTTAATGAGTATAATTGTCTCAGGGGTCACTGAAGCTACTTTGTTTCATTCCTCACTATGTATGTTAGCTTGGTTGTTAATGAGGTGAGCAGGAAAAGGGTTAACCAAAAGATAACACTAGTTAGCCCCAAATTGAAAGGCAATAGAGTTGGGGAAAAGTGGAGGG,"[[87564016, ""C"", [""T""]], [87564103, ""G"", [""A""]]]",yes,yes,G->A,2
chr2,133953512,133953918,GATGGTTAAGAGATTGTGGGTCTATACAAGAGATGTTGAAAGTGATAACTAAAAGCCTGGACTATTGGTTCCCAGGGTTAGAGACCAACTCTGACCAGAGCTGGAGTCTGTGAGTGATTGAGCCTTGTGCCTGCTCCTGTGTCCCGTGCCCCTACCGCCAGCCACGCCTCCCCATTCGGAGCACTGCAGAGCAACCTTTCCCCATACTTCCCACCTCACTGCTACCATCTGTCTAAGAACCTACTTGCAAAAAGGAACTGAAAGCAGCCCAACTGTCCCACAGAACTGATGTTTATGGTCTTTTTTTATTAAACTTAGATTTTATTTTATTAAACTTTTGATTGCTTCCTTACCCCTTTCTAATTATTTCCTCTTCACAATTCCCACCACTCTACCCACCACAGGCA,"[[133953536, ""C"", [""T""]], [133953775, ""C"", [""G""]]]",yes,yes,C->G,2
chr2,23291173,23291637,GTTCTCTGGAAGAGAACAGCAAAATGTGAAAAAAAAAAAAAAAAACCCTTTAATATTTAATACTGGCCTGTTATCCTCATTTCAGGTTTTAGGAATTAGATGAGAATGACTTCATTGCACTGCAGGCAACTGTATTGATGGAATGGGCTTCACTCTGTGCAACAGATGTGCTCCTGGAGAAGATGTGTTTAATTTAGATTTTTTTGTGTTCCCACAGAAAAAACAGTTTGCTTAAGACATCACTCCCTCACACACTTGCACACACACGGTGTTGCTTGAACATGCTACAAACAGATTACACAAGAGTTAGGAGGCAAGCCCAGGTCTGCATGCCAGGTTTCCTCACCCTGGACCCCACAGCCAGTCTTTGGAAGGCAATTATCTCTTTAGATTTACAAACCCAGAAAAATTGAGACCTCTTTCCACATTACCTCTTGAACATGAGGCAACACGGTGTTACTAACA,"[[23291190, ""G"", [""A""]]]",yes,no,G->A,1
chr22,45920917,45921322,GGGGAAGGGAAGGGGATGGGGCCAGGCTGAGGGTGGGGCATTCACGGTGGCCCGGAGACTCAGAGCGTCCAGGCATGGTTAGAGGCACATGGGCTGGACCACAGGGCCAGAGCCCAGGAGGGACCCACTTGCCCCAGGCTGAGCCCAGGCCCTTGGCTTGTCGGCTGCTCAAGAACACATTCCTACGGGCTTCCAAGAGAACACACCCTAAATGGGGGCCAGGCCGTGGGCAGTGGGGGTGCACCAGGAGCCAGCTGCAGACCATCCTCTCTGGCCTCGGACAAGTTCCTCCCTCTGTCACTCATGCTCCTCAGAGACAGGGGTGGGAGCATCCAGAAAGGACATGTCCAGCTCTGGATCCAGATTTTCTCAGCACTGGGGTCAGGGTAAAAGGACCAGGACAGGG,"[[45920925, ""T"", [""G""]]]",yes,no,T->G,1
chr17,60211238,60211625,TCCTTGGCCTATTTCATATTAAATAGGGCAAATAAGATAAAATCTTTCTCCCACAGGGTGAAAAAAGAGGAAATTTAGGTGATATTGGGTTTATATCAAAGTCACAGGTTAAGAGGCCAGTGACTCCAGAAAGATTACCTGTTGAGTTCATAAAGATGTCTCCCTGAGATAAAATACTGTGTCAGTGGCTGTGTGTTACTAACACACTGGATGCTTGAGTTCATGAAGCATGTGTTTCCCAGATTGCTTAGACCTGTGGCTCCCTTTTCTGTGGGAACTGGAACAAACAATATGAGAACCAAAGCTTAGCTGTAGTAATATGCCATGGCACAAACAGTTACTTATATTCAATGAAAAGGTTTTTTATAACTCTCATAATCAGCTAAAT,N,no,no,N,0
chr16,78472762,78473083,TCTTGCCGTTGTTCTCCAGCCTGGGCGACAAGAGTGAAACTCCATCTCAAAAAAAAAAAAAAAAAAAAAAAAAATTTATGTCATTTCGTTGTCACAGCGTCAGCAGAATAAATCTTAGATCAAGATGGGATTACTGCGCCACTCCCTTCTTCCCAGTCTGTGGTTTAGCACGGGAAAAAGCAAACTAGGGCCCTTGGGCCAAATCTGATCTGCAGCCTGTTTTTGTGCCGCCTGCAGGAGAACATTTTTAAATTGCTGAAAAAATATGAAAGGAAAAATATTTCAAGGTGTGTGAAAACTACATGAAGTTTAAACTTGAGTG,"[[78472769, ""A"", [""G""]], [78472836, ""A"", [""T""]]]",yes,yes,A->G,2
chr8,42632649,42633004,CTTTCCTTCTTGTAAACAGAGGCTTCACGTGCATGTGTTCTGCACGTTCACCACAAGAGCCATGGAGAAAAGCACATGGGAGGCCCTGCAGGAAGAGGACGAAGGCCCCAGGCCAGGCTGCAACCCTCACTCCCTCCAGCCCAGCTGCCTTCCACGTGCAGGCTGTCCTCCTAGTCATGGTTCCCCCAGGCTCCCCAGGACGGCAGGCCACAGCTGCTGACTATTAATAGCCAATGTTCCATGTTCTCAAGGTGACAGAGAGAGGCATGGAAATGCCTATCCTGGCCCTCTCCCACCCCTCTACCCCTGCATCTTCCCACTCTGGCGCTTCCATTTTTTGGCTGGCAGCTGGGCCA,"[[42632677, ""A"", [""G""]]]",yes,no,A->G,1
chr10,55358656,55358899,TTCCCATTTTGCAGTAGATGGAATTTTGGTTTAAAGAAATTTAATGACTAATCTTTGCACATGTGTTAACAGTTACTGCCACCCACTGACACCGCAACTACATTCTGAATGTTGAAACAAAACAGGCTTATTTTTGCCAGAGATGAAAGTTGCTTATTAGTTTGCTTTTCGTAATAGTTCCAATTTACTTTGTGTCATTTTTAGGAAAAATAAGTGTCAGGAAAACAACATATAATTATTTAAA,N,no,no,N,0
chr3,190288844,190289135,GACAGGTACATAGTTCTCCGCAAGTCCTTGTACAGGTGGGATAGATTCCTGTTTGTAGTGAGAGGGACCAGATCTAACACTGAGCCTCTTTGGGATCTGCTGTGGAAAAGAAGTTGGCTGGTGTGCCTGTCTAGGAGGGTTAGATTCCCAGGCTGGGAAATATGGGCAAGTCTCCTCTGAGTCATTGTGTGAGCAGCTCTGAGCTGGGAGGTCAACTGAAGAAGGCTGGAGTAGCACCACAGGGCAACTTTCGGGTTCTACTGCCAAGATCAATGTTAGTGAGCAGACCAGC,N,no,no,N,0
chr20,21131782,21132042,CAGACTTTTCCTATTGCATTTCCCCATTCACTTTGTGGATTTTATTCTTTTGTCTCCTATTGGTGTTCGTTTTGTTTTTTAGATTTCCCTGGCGACTGCTGCATACTTTTGTGCCTTTTGTTTTAGATGCGTCTGGCATTTTCTGCTTCTTAGACCAGAGAAGCATTTTCACAAAGGTGTGATTTGGTATTTGGGCTTTTTTTGACCTCTAATCAACACCTTGCAACAAAGCCATTATTTCAAAGAAGAGCATGGTCTAAA,"[[21131810, ""T"", [""C""]]]",yes,no,T->C,1
chr7,78433499,78433756,TCTTTGTAATTTTAAATATTTCCTCCCCCGAATTTTCTCCATTTACATTCAGTGTAGTAAAGGATGTCCCAATCAGAACAGCATAAAGTGGTTTGTCTGAGTGACAGCATCTGGTGGTTTTGCAGGAAAGAGTGTTTTCTGTTTTATTTTCAAATCTTCTGGATGACATCAGCATTCATGGGTTCTCTCAGTTGCAGACACATCTGGCTTACGAGCCAGTAGTGTAAGGTACAGAAAAGTACAAAATATTATTTAAGG,"[[78433679, ""A"", [""G""]], [78433710, ""A"", [""C""]]]",yes,yes,A->C,2
chr1,82273865,82274195,GCATGGTCACCCAAGTTGAATATCATGAAATAGATAATGGTTCACTTGATACTTCCTAAAGTTTAGAGAGCAGCAGGGGTAGAAAAATTCATTTGTCATTTGAGCTCTTATGAATGACTAAGAGAAATATCTTCTCATCCACATTCACCAGGCAACTGCAGGAAGAGTGGGAGGCACGTGGTGGAGGCCTGTGACATCCAATGCAAGAACCAAAAGATGTACAGCTGTTGATGAAGGAAGGGAATGCTGTTTAGTGTGGGTGGAGAAACAGTATCTTTGGAAAGAAAGGCCGGATCCTGGCAGGAAGGAAATTCAGATCTCATGTACTGAT,"[[82273995, ""G"", [""C""]]]",yes,no,G->C,1
chr4,175874268,175874709,TAGAGAAGGAAAAAGTTCCAGGAGAAATACAGAAAACAAGAAGTCAGAGACATTTTAAAAATTGAATGTAATGCTGCAAAAGCTGAAAAGGGAACTATTTTTCAAGAAAAGACCTACAGCCAACGGGGTTCTGGACGCTCAGTGAGGCTGCAGATGGGCAGAGGACTGTTGATATTGGGAGAGTTCCCTGGGGACTTGAGAGAGCAGGTTCAGTACTGTGGTGTGGAGGGGAGGGAGGAGTAAACACTGAGGGAGCAGAGCCAAAGGGTGTGGCATATGCTTTTGAAACTTTCACAGAGAAATTGGAGACATTTAATGGTACCTTAAGGCGAGAAAAAGGTCAATGGAAGGTTTTTAATATTTGGAAATGAGAAGGCGAATAGCTTAAAGTCATGAGAAAAGAGAGGCTGTAATAATGAGACTGAAGACGAGAAAGGAAGTG,"[[175874275, ""A"", [""G""]]]",yes,no,A->G,1
chr3,67034416,67034792,CCAAAAAAAAAAAAGTATAGCATAATTTAGAATCAATCAGAGAAAGCTTAGCATTTCTTAATCAAGGAGCAACTCTTTCCAAAAATGCTCATCAAGATACCATTTACGTTAACTTGTAAAATATAAATAATGTTGCATCACAGCAAAAAAAGTCTAGGGAAATGAGCAATTTTTTTATGACCCATAATGAAGACAATGTGTTGCTCTGGTTACAATAACCTCTGTGAGAAACAATTCTGTAAACCATGTGCTTTCTGCTGATTCCTTTCCATCTAATCATTACTTTCTCTAAAAATAGTGATTGATTATAGGCTCCGTGTCTTGCAAATTGGAAGAAAGGGTGAACTGATACGTGCTTGAGTTCATCACAGTTTTTT,"[[67034525, ""C"", [""T""]]]",yes,no,C->T,1
chr4,19540849,19541238,CCTGCTTTCTTCCCCCACTTTGTAGACTGATCCAAAATCAAAATAAAAACAAAAACAATGACTAAACAATCACAAAATGAATTTGCTTAGGCCCCAAACACCCTTATTTTGAAAGCTGCCGTGATTTTAAAGCCTCTGTCCTCAGTTCTATCTAATTCTCTGAGCCTTGCCTAGACTCTCAGTATCTGTGTGGGCCACCTGGGTGATTGCTATTTCTGGGTCCTCTCTGACACCTTGTCTGTCTCTGTTTTCTGTTTTATTCTTGGGTCCTGCCTGCAGTCATGCTTCGGTTTTACCTTCTGAATTCTGCTTTACCATAGTGGTTTACATGTGACATCATTCAAAATCTGGCTCTTTCTGGGTTAGCAATGAACCGTATATATATATATA,"[[19540903, ""G"", [""A""]]]",yes,no,G->A,1
chr9,83900685,83900957,ATGCCTATCAATCAACGAATGGATAAAGAAACTGTGATATATATACACGTATATATATACGTGTATATATATGTATATATCACAACTCCTATATAAACCAACTCCAACATTTAAGCTTCCAATTACCAGTACTTCCTGTTCCACCAGTTTCTTATACTAATGAGGAAGGTCCTGCTCTACCTAGACAGTTATTACCTTTCAGAAAAAAAAAAAATAAAGAACTAAAAAAAAGATTTAAAAAGTATTACCTTACCTGTTTTTATGTTATTATTT,"[[83900796, ""C"", [""T""]], [83900949, ""C"", [""T""]]]",yes,yes,C->T,2
chr12,74993379,74993596,AATAAAAATATGATTTTGACAGTTCTGTCATTAGGAATCAATGAAGACAGTCACAAGATATTTCCTAGTAAGCTCTTGGACAGAGAAAGGAAATGTAATTAAGATGTTGACTAATTTAATGACGTCTATTCTCCAGAGCATATCTACTTTTACCGCTGTTGCTATTTCCAGATCCTATTTTCCAGCCAGTGATTTTTTTCATGAGTTGTGATATTCAC,"[[74993523, ""C"", [""T""]]]",yes,no,C->T,1
chr2,136844585,136844867,GGAAACTCATGAAAGGTAATTTGGAGAAGGGCTAAGATTGGATCTGAGCACACATAGGTGATGACTATTGAGGCAGACGTGGAGATGGAGATGAGCTCTCCTTCAGGAAGGAAGCAGCAGTGTGGTTAGACAGCCTCCAACTGTCAGCTCTTTCAATCTGTCTTAGCTACAGAGAGCTTGCTTGCCTGAGGTCATGCCCAGTTCAGGGCAGCCCACAGCTGGAGAGGTAGGAGAACATGTAAAGGCCTAGCCATCAGAGTGCAAGGTGGTATAGCTCTTAATA,N,no,no,N,0
chr18,685516,685792,ATACAAATCAGAAATGACTGATCCTTACATTTATCTCAGCTGAAGTTCCAACATTTATTCAGTAATGGCCCCCTGACACCCTCCTACCTGAGGAGCTAGGAGGGGAGATTACATGATTGACACACCAGAGCACCAATGGGAAAACTGTTTGCTCAGGTACATCTGTGTTAGTAAGAAAGGATCCTTAACCCCAAACTTACTTAACTAGTTCTGCAGAATTAAAAAACGTAAAACTATTAGTCCCTTTGCTTATTTTTGTTTGAGCTCGCCTACTGCA,"[[685572, ""C"", [""A""]]]",yes,no,C->A,1
chr8,31972134,31972510,AAAATTTATATAATAATCTATCCTTCAGAGGCTTCTCCCCTTGAGCTGCTCACAATTTACCCCGCCTTCTAACTCATAAGGAGTTACAAGGCCCTGGAATTGTGCCTCCCTCGACAGCCACAAGTGAAATAGTCACCAGGTTCATGGTCTTACTCGAATCCCTGTCATGCAGGGATTTCTTCATTTGCTTGGAATGACTCATCAAACAGCCTAGCTTTACAGTTCCTTGACCTCGGCTCTTCCCAGGACTTTTATCTCCATATGTCGACAGGAATCTACTTTCTTGGCACTTGTTACTAACTGGAACTGTATCTATTATCCTTTCTCAACAAGAACCTCTCATATCTCAGCATCCTTCTAAGGCTCGCTTACTATTT,"[[31972197, ""T"", [""G""]], [31972210, ""C"", [""T""]], [31972233, ""A"", [""T""]]]",yes,yes,T->G,3
chr7,155398929,155399384,GGGAGGATACGTTTCCACTGTTTTCAGCCCCCGGGTCTGTGGCACTTTGTGAAGGCTGCCCCCACAGAAGAAGACACTGAGTCTTCGAGAAGTTAGGAAGCCCTGAACCGTCCAAAGACACCAGGAGGGAAAAGGGTGGGAGGCGAGGGGCCAGCCCTCCATGTTCACGTGGGAAGCCGGAGCCAGGCTGGAGCTGAGGCCTCCACTCACCACCCAGGGTGCGCTCCGCTCACTGCCGCCCCCTGCAGGCTACCCCTGCCACCGAATCCCCCCACGTCATGGACTGCAGCCTCGCCAGCTGCCAGCCACACCCTTGCCACGTTCCTCCTCCTGTTCTCCAGCCCTGCCTCTGCTCCTGCTTCCCCTGCTGCGTGGAGACCCAGCACATCTCTTGAGCTGTGTGGCTTCTCTAAGGTGGCATCCGAGAGTTCCGCAGTTTTCCGAGAAGAGATAAAC,"[[155398939, ""A"", [""G""]], [155399101, ""C"", [""G""]]]",yes,yes,C->G,2
chr10,10811567,10811921,GGGGTACATGCACATCTCAAAGGGATGGAGGAAGGGATCACCATTATAAGCCCTATGTATTCAATGACCTAAGAAAGGGAGGGCAGGGGCCTGTGTCAGGTATTGGCTGGAACACAGAGTCAATTCTTTTGGCATCCTGGAGCCTTCTGAGGCAGACACTTTAAGGGGAATGGAATCACCCTGGGGATGTGGCCTTGAGCTGTTAGAAACTACGTCTTCAAATGTGTCATGGGGGACTGATGAAATCATTTGTGTTGAGTCTGTGGTTTTTATAGCTCAAGGTGGAGGCCTAGTTGAGAAGAGGGCTGCAAGGAGTTTGGTCCCAGAGAGAGTGTTGTTAGGAAAGAGAAAATCA,"[[10811684, ""G"", [""A""]]]",yes,no,G->A,1
chr3,163119120,163119344,AAGAAGCTTTCTCCAGACACGGTTGCCAGGAACCTTCAATTGGTTAAAAATACAGTATCTGCAAGATGTAACAAAGTGAAACACAATACAATGAAGTATTCCTGTTATAACACAGTTTCATTTTCTACTGTAAGAATTAAGTGAGCTACAACATGTGTTTTCTTATTTTTCATGGCCTTATGTTCATATATGGTCAACTGTTAATGGTAGGCATACACAAAGTGG,N,no,no,N,0
chr10,99052658,99052971,CAGCAGCCAGAGCAAAATGACACATCACATATAAAGGAGGGATGATGCAAAGGAAAACTGACTCCTCACTGTAAAGAAGAAAAGGCCAAGAGGAAAGTAAGACATTTAAAAAATAAAAAGCAAAAACTATCAACTTAGAATTCTATAGCTTGGTAAGATACCCTTCAAAAATGAAAGTGAAATAAAGACATCTCCATATGAACAAATGCAGAGAGGATTTATCTTGAAAAAACACACACTTCATGCCAAAGAAGTTATCTGGTGAAGAGAAATAATACCAGATGGAAATTCAAACATATAAAGAGAAATAAAGG,"[[99052698, ""A"", [""G""]]]",yes,no,A->G,1
chr12,49359737,49360095,GTCTCGAACTCCCAACCTCAGGTGATCTGCTCGCCTTGCCCTCCCAAAGTGTTGGGATTACAGGCCACCACTCCCAGCCCAGAAGGGAATCTTTTCACCCATTCTGTGCCAGACCTCAGTCCCAATTCTGGGTTGAGAAATGTTGTGGGGAACATCTGCTGGGCAGTGACTGAGTCAGCATGTGAGCCTGGCTTTGCAAGCAACACCTAAAAGGGCATTTTTCCTAGAATCAATGGCTCAGGCACATTTCAGGTGAATTAGTACCAGAAAAGGAACGGGAGCTGGGTGTGATGATGGGCGGAGGCGGGGGGATCACTTGAGCCCGGGAGTTTGAGGCTACAGTGAGTTATGATTCTGCC,"[[49359832, ""A"", [""C""]]]",yes,no,A->C,1
chr12,77073157,77073459,TACATCTGTTTATTAAGCTGGTCTAATATTCTTTTTTTCTCTATGTCTAATTTCTATTTATTTAGCTGATGAAGTTAAATTCTTCCTATTGTTTTGACTCAAGGAGGATCTCCTCCTGTTATCGCATTCGGTTTTACTGGATGTCTCATTGTTTAATAATGTTCCCATGTGGCCACTTCTGCTATTTTCTTAAGCTTGCTGAAATTTGCACTAGGAATTTCTTTTTCCATTTTACTGATTTCTTTACTTTTCTGATGATTATTAAATATTTTATTGATGTTTGCAATTACAATGACATAATGC,"[[77073197, ""G"", [""C""]], [77073269, ""T"", [""C""]]]",yes,yes,T->C,2
chr8,91337483,91337904,GATACGTATGTTAAAGATGATTATGGGTATAGGCAGGGAACATGTAACCTTGCTTAGCATATGTCAGTAACAGAAGGATAGGGTATCTGAAACTCCATAGGGGTCATTTTAAAAGCATTGAGCCCAGCAGGCTGTGAAGCAGCATGTTTCACTACAAGAAATAGTAAAAGCTAAAAATCTGAAAATATTCAAGGAGACTGTAAATCATCATTGATTACTAACATGGATTAGGAATATCGATGCAATATCTCAAACTCTTGAAAGGCTGCTGTCATGGAGAGAAAATGTGCTGTCTTACGAAGCATCCCTTTGTATCATGGGAGGCAAGTATTTAGGTTGGATTGTGCTGTCTTCATGCACACACACACTCCTGTATCCTGTAGTTTTTCCTCTTCAAAATTGGACATAATTGGGTTGACCAC,"[[91337487, ""T"", [""C""]], [91337661, ""T"", [""C""]]]",yes,yes,T->C,2
chr2,40160762,40161094,CACCAGCACTGACAGTGATAGCTTCAATGAACTGTTCTCTCCAGCTGTTAGTCCCAACCACAAGGGCCAGATTTGTCTTCTTAATGAGTTTGTCCACAGTACTCTAGAAATGTTGAAAAGAAAAATATAAATGCTGGGTTCGCTAAGGCCTCAGGAAATCCAAGACCTTGTTGATTTTGAAACTCCAGAGTTATATAAAGGGTAGCAGATGTTAGGCTCAAAACAACAGTATTGACATCAAACACTGTTATGATTATGCAAACAAGCATGGTCCTTAGTTGGAAACATTCTGAAATGGAAACTTCTTTGTAGCAAATACAAGTCTCCTTCACT,"[[40160832, ""G"", [""A""]]]",yes,no,G->A,1
chr9,79152229,79152716,TAAGATAGGAAAATTCATTCTGACGAACATAAACACCTGATGTTTATCCTATGTGCTAGTTACTTATTGCTGTGTAACAAATTACACCAAAGCTTAGTGACTTAAAGCAACAAACATTTTCAATCTCAGCATTTCTGGGCGTCAGGAATCCAGATGTAGCTTAGCTGAGTGCCTCTGGTTCAGAGTCTCTCACAAAGCTGCAATCGAGTAGTTGGCCAAGGCTGCTGTCATCTCAAGGTTTAGCTAGGGGAGGATCAATTTCCAAGCTCATTCATATGACTGTTGGCAGCCCTCTGATCCATATCCAGATTCAGTCATGAGGCTGCTGGCAGGCCTCAGGCTCTCCCTGGTTTTTGGCTGAAGACACCAGTTCCTTGCCATGCAAGCCTGTTTACAGGGCTCTTTATAACATGAAAGCTTGTTTCCCCCAGAGCTGGAGCAGAGACAGAGAATACCCCCAAGATGAAAGCCATGTTCTTCTGAGATTT,"[[79152252, ""T"", [""C""]]]",yes,no,T->C,1
chr2,87271659,87271907,TCACTGAGCAGTGGTTTGTAGTTCTCCTTGAAGAGGTCCTTCATATCCCTTGTAAGTTGGATTCCTAGGTATTTTATTCTCTTTGAAGCAATTGTGAATGGGAGTTCACTCATGATTTGGCTCTCTGTTTGTATAAGAATGCTTGTGATTTTTGCACATTGATTTTGTATCCTGAGACTTTGCTGAAGTTGCCTATCAGCTTAAGGAGATTTTGGGCTGAGACGATGGGGTTTTCTAGATATACAATCA,N,no,no,N,0
chr3,186456910,186457210,GACTCCCTTATCAATAGAATGTAGTGAAAACGGTGGAATATGACTTTCAAAGATATGCTGTTGAAGACACTGCGCTTCTGTCTTGCTCTCTCTTTCGGATCACGTGCTCTTCAGGGAGCCAGCTGCCATGTCATGCAGACACTCAAGCAGCCCTATGGAGAAGCCACATGGAGAGGGGCTGAGGCCTGTTTCCCACAGCCATGTGAGTGGGCCATTCCGGAAGCAGATCATCCAGCCCTCGCCAAGCTGACAGACGACTGCATCCCCAGCCAACATCTAGACTGGAGCCTCACGAGAGACC,"[[186456915, ""A"", [""C""]]]",yes,no,A->C,1
chr19,42982240,42982479,CAGACATAGAAGGATACCTTCTCTTGGAGTTCCCAAATACCTCCATCCACTTCTCATACACTTGGCTTTCTTCCTGCATCTACTGTAATCCAGTGTTATAGGGGATCTGTAGCTTCATCCAAGATAACATTTGTTTGTTTCTTCTTCTCTTGTTTGCTTTGGATTGGTTTCATAAAGGAAATCAGACAAAAATATATTTATACTACCATTTGAAAAGAAAAGATAAATTCCTTCTTTCAA,"[[42982251, ""A"", [""G""]]]",yes,no,A->G,1
chr6,39439986,39440385,TGTTATTCATGCTGAAAAATGATTTCCTAGTCGGAGCCAAAAATATATTTTCCCTGGGAGATATTCACTCGCGTGGGGCCTCGGTTCCCTCTGACTAAAGAAGAGAGGGATGAGAAGAAGACCAGCAGGGGACGATGAACAGTGAGAAGGGGGGTGGATTCCAAGGAGATGGGGGTTTGGAACACACTGTTTGGGACTGAAAGCATGAGAAGGCTCAGAGCTGGGTGGGGAGCATGTGGTGCTAAGGCAGGAAGGAAGCTGATGATTCACGGTGGGAATCGTATTGAAGGATGATTATACTCTGTGGCTCAATAGTGGAAGCTCTTTAAATTGAAGGTAAGGGAACAGCTCTGATACCACAGTATGATGAATACCTACAACGTGTAGAATCTGGAGGTGC,"[[39440039, ""T"", [""C""]]]",yes,no,T->C,1
chr20,23690691,23691104,CCTTTGTCGCCTGTCCTTGAGCTTCCCAGGAATGGAGTCCTGCAGAGCGAGCCCTGATGTGTCTTCATCCTTTGCTCAGTGTGGCTTTCCAGCGGCACCTGAGTTGCTTCATTGCCAAGACTGTGAGTTCTTCTTCTCCACAGACTGAGAGGATGTGGTCAGTTGGGTGTCCTGTGGGCTGACAAAGCCCCCAGCTTGGGATGCTGTGGGCCTGAGCTGGAATGTGTCTCCAGGAGTGGGGAGGGTGGAAGGAGGCTCTGAACAGACAGCTGCTCTCGTTGTTCTCTCAACCCCACCCTCCATGCCTGAAGGTGACCCTGTGGCAAATGCCCTTATGGGGAGGTGGCAGGCTTGGCCAGAAACTCCAGGAAACCCTGGGCCTTAGCAGGACACCCAGAGGACTGTCTTGGGAGT,"[[23690822, ""C"", [""T""]], [23690905, ""G"", [""A""]]]",yes,yes,G->A,2
chr9,93215419,93215671,TAAAATAATGTTTTGATTTCATCATTTATACCCTCTTTTCCAGAACCCCATTTACACATAGGTTGGACCTTCCCCTTTGTCTTCTATAAGTTTTAAATTTTCTTTTTCATATGCATTTGTCCATGTTTCAGTTCGTTTATTTTCTGCTGCCTTCCAGTTTGCTAATCCTCTTCTCACCTATGTCTAATCTGCTGTTGAACTCAATAGATGGGTTTAATTTTACTTTTTAGTTCTAGATTTCTATTTGTTTCTG,"[[93215441, ""T"", [""C""]]]",yes,no,T->C,1
chr1,34088006,34088374,TCCCAGACTCACTTCTGCCCAGAGGGGAAAGAGAAGAGGGCTGAAGACTGTGCAGTAAATGTGTGTGTGACCCTGCTGCAGGAGCTTGGAGGCCAAGGGCTGAGATGCATCTTAAAGAAAGCTTTGAGGTTAAGCATTTGGCTGGGAACCACTCATTAGTGCATCATGTCATTAGAAGCAATTAGCACCTCCGGCTCCCCAGGGCTTGGCTTGTAAGCCATTAACCCTTTGGCTTCCTGTAGAGCCGGGAAGCCACGCTGACCTGACCTGGACAAGGCTTGTGACAGACCCTGGCTGGCCTCCGGGTCACCTAGAGAGTTTTGACCCTGGGGTCTTCACCTTTGCCCCAGAAAAGTCTGCCCTTTCTGC,"[[34088122, ""C"", [""G""]]]",yes,no,C->G,1
chr12,118513721,118514057,GCATTATTGTCAAGGAGTGTGCAAGCAGCCGGGCCAGGGAGCAAGGGGCGGGGATGAGCATTCCATTTGCCATCTGTGGCTCAAGCGAGAGCTGTGCTGATACAGCCAGGGCCATCTCTGTGTGATGCAGAGAAATGCACTTCAGCTGAGCTGGCGATGGAAAAGTCATCTGTAGTCTCACATGTATGTCCCATGGGGTCACTGTGTTCTTTGACAGTGGGGCTGGGAGTGCAAGTCTGGAGATGAGAGGCTGGTGGTGAGGGGTGTGGAGGTCTGCTTTATCCCCAAATCCATTCCTCTGCTAAGCCCTGATGGGCACAGAATGCTACCATGTAGG,"[[118513737, ""A"", [""G""]], [118514005, ""T"", [""C""]]]",yes,yes,A->G,2
chr12,59956021,59956364,TATAAATTTCTTCAGTAAATAACCACAGAACAAAGGTGAAAAGCTTCATGACATTAGTCTAGGCAATGATATTTCATATGTGAATCTGTAAGCACAGGCAACAAAAGCAAAAATAGACAAATGCAATTACATCAAACTAAAAAGCTTTTGCACACCAAGAAAACAAACATCAGGTTGAAGAGACAAATTGTGTAATGAGAGAAAGTATTTGCTAACCACACATCTGATAAAGGGTTAATATTCCAAATATATAAGGGACTCAAACAATTCAGTAGTAAGAAACCAAATGACCTTATGTAAAAATGAGCAAAGACTCTGAATGGACACTTCTCAAATGAATACAT,"[[59956145, ""G"", [""A""]]]",yes,no,G->A,1
chr3,160692781,160693079,AAGAAAAAGTCCTTAAAGGAAATTAAAACTACTACTCCAATGAACATATGAATGAAAAGAAAGTGAAACAGCCTCACTGCTGATGTGGAGACGAATTTTAGTGGTCAGGAATAGAAGATCAAACCAATCACAGTATCCCCTTCATCCAAAGCCTAATCCAGAGCAAGGCTTCTTGAATTCTGTGAAGGCTGAGAGGTGAGGAAGCTGCAAAAGAAATGTTTGAAATTAGCAGAAGTTGGTTCACGAGGTTTAAGGAAAGAAGTCATCTCTGTAACATAGAAGTGCAGGGTAAAACAGCA,"[[160692875, ""G"", [""A""]]]",yes,no,G->A,1
chr20,61875547,61875753,GATGGCACAGGTGAGGACTTTTGATGCAGGATTTACATAAACGTTCTTAGAGTGATGTTGGCCAGAATGCCTGGGGCTCCGAGTGAGCTGTGGTCAGTCCCAGCACCTTCACCTCAGGACTGCAGGATCCGCTGAGGCCCCACCGCCCTCCAGTGGCCATGAACCAGCGCCCGCTCCGCTCAGACAAGGCTCTGCAGATGAGCTGCG,"[[61875558, ""C"", [""T""]], [61875738, ""T"", [""C""]], [61875753, ""A"", [""G""]]]",yes,yes,A->G,3
chr2,160741307,160741593,CTGTTCTGACCCTGAAAATCCTCAAACATAGGCTAACTAAACCATCTTATTAAAATTCAACTTCCCATCTCCAATCTTGCCCATGTGCTCATTACATTCCAGCAACATGAACTTTCTTGTTTTCACCAAAAAGTGCTGCATTATTTCATGCCACTGAATTCATGTTTCTGGTATGTTCTGGTCTTTGGCACTCCTTCTCTTTCCCTGCTTAAAAGTCACCCTCTCAGTGGTGCCTTCCTTGACACTCTCAGGCAGAATTAACTGCTGTCTGCTGTAGTTTTCATACA,N,no,no,N,0
chr1,65722434,65722799,TCTGCCTCATCCTAACTCTAAATGCATGTTTAACACCATAGCATCCCAAAGCCTGGGAGCCATGTGGGATCTGAGGATGGAGAAGACATGCATAAGTGAACAAGGTCCTTCTGATCTTTCAACACACTTAAGAAAAAAAAAATTTCTTACCTTGCCCCAAGAGGCCCCGTATGGCTTTCCACCTGCCCACACTTTTTAGCCTCGTCTCTTCCCACTCTCCCATCTGCTCATTGAGCTCCGGCCGCACTGGCCTCCTTCCTCTCTCTTCAAGAGCCGCACATCCTTGCTTTGCCTCATGGCCTTTGTACCCGCTAGTCTGCTTGTTCTCTCTTCCTCATGGCTCTTCAGATGGCTGGCCTCTTCTCA,"[[65722602, ""A"", [""G""]]]",yes,no,A->G,1
chr2,63502800,63503003,TAACATAAAAAGCTCTTTAAACTCAATTAAGCTAGTGCTGTGCAAAGTGCCAAAGAGATTTAGACCCCAGCCAGACTGTGGTTCTTCACAGCTGCTAACCACTGGTCAGATGATGCTATTTCAACATGAAGCAAAAGGTGACAGATTTCTATGTTCCAAGATAATCTGTGCACCGTTCTTACTAAAAGAGGTTAGAACAAATTC,N,no,no,N,0
chr12,54762342,54762632,CATTCTGTTTAAAAGAATTAAATAAAATGCTGTGTATAGTCCTACGACATTGAAATTATACTGCAGTTTCTCAGCTTCTCTTGCAACCAGAATGCAGGCTTGTGAACTAGCTCTTCTAATTTTAGGAACTTTCACAAGACCTTAGCCTGGAGATGAGCAGTGTGTGAAAACAGCCTTCATTTTGCTGGCATATATTGCCTGCCAAAACATACAGGTTGAAAGGACAGCAATGATTGCAGGACTGATTTCTGATAGGGAAATACGTTTTACTGTTGTTTTAATCAAATTCTT,N,no,no,N,0
chr18,57632196,57632407,CTGGTTTTCCTAGGCAGAGGACCCTGCGGCCTTCCGCAGTGTTTGTGTCCCTGGGTACTTGAGATTAGGGAGTGGTGATGACTCTTAACGAGCATGCTGCCTTCAAGCGTCTGTTTAACAAAGCACATCTTGCACCGCCCTTAATCCATTTAACCCTGAGTGGACACAGCACATGTTTCAGGAGAGCACAGGGTTGGGGGTAAGGTCACAGA,N,no,no,N,0
chr12,111039055,111039400,CGTGAGCACCTTGGCTGGTGCTAAATATATGGTCCTGGATGATGGTAGACAAGGCTGCCCAGAAACTGTGGTTTTCTGTGCTGCTTCTGAAAGGGCTGAATTTCCGGTGGCTTCCTGGCTATCTAATTCAAAGGCCGGGCCTGGCAGAGGTGAAGCATTGGAAGGGGACTCAGGTGGTGACCTGCCTTTGTTCCTGGCCTTGGGATTCAGGGTCCCATCTTCTGTTTGATATTTTTCCTCTGGGGGTGCTCATTATTTATGATGGTGTCATATACTGGAGGGTGTCAGGGATGGTAGAGGTTGGCAGGGGGGAAGGACCCCAAGAACTGTATTCTGTGTGGCCTTT,"[[111039071, ""A"", [""G""]]]",yes,no,A->G,1
chr2,29681559,29681807,GTCTGCTCTGCATATACACAACTGTAGGATTGGCTAAAAGGCTGTGGCTACCTCAGACTCTGTCCTATCTCCATTGGGAATATATGCAGCCATAAATGGAGCCTCAGGCTAGCAGAGTAGTTCTTTCCCTATCCCAGCCCCATCCCACTTCCCTCTGAGATTATCACTTTCACCTACAACCCCCCTGGGCATGTACATTACCCCCTTCCCCCCCTCAACCTCATCTTTATTTCACTCCATCTAGACATG,"[[29681581, ""C"", [""T""]]]",yes,no,C->T,1
chr1,177857409,177857656,AAGTTTGGCAGAAGGGTCATTGTCGTAAGTGTGGCGAAGACTCTTAGCACTCACTGACTTATTTTCATGAAAAAATGAGCTGCTGATGCACCTAGCTCCCATGCCACCTGCCATCTGCCACCTGCCGTTTCCATTAAGCTGTACTTAGTTCTCGTTTTTAGTCAAAGCTAGCTTGTCACTTAATCCTCACTCTGCTCCAGTATTTCCAGAACTAAATCAGAGACCATTCAAAAAGATTCATTCCATAA,"[[177857443, ""T"", [""C""]]]",yes,no,T->C,1
chr22,11549923,11550404,ACCTAATCTCAAGTACCCAGGGACACAAAAACTGTGGAAGGCCGCAGGGACCTCTGCCTAGGAAAGCCAGTATTGTCCAAGGTTTCCCCCCATGTGATAGTCTGAAATATGGCCTCGTGGGAAGGGAAAGACCTGACCGTCCCCCAGCCCGACACCCGTAAAGGGTCTGTGCTGAGGAGGATTAGTATAAGAGGAAGGCATGCCTCTTGCAGTTGAGACAAGAGGAAGGCATCTGTCTCCTGCCCGTCCCTGGGCAATGGAATGTCTCGGTATAAAACCCGATTGTATGTTCCATCTACTGAGATAGGGAAAAACCGCCTTAGGGCTGGAGGTGGGACCTGCGGGCAGCAATACTGCTTTGTAAAGCATTGAGATGTTTATGTGTATGCATATTTAAAAGCACAGCACTTAATCCTTTACCTTGTCTATGATGCAAAGACCTTTGTTCACGTGTTTGCTGACCCTCTCCCCAAAATTGTCTT,N,no,no,N,0
chr7,65852425,65852866,AGCAAGACATCTGGTGAGGAGCTGTCATTTCAACATCTTTTGATCACTCCAGGCCACGTTTTGAGTGGGGCCTCGGCTAGAATGTGGCCCAGCCTCAGATGCCTTAATTCTGACACTCAGTGCCAGTAGAGGCCCTGTGAGGTCACACTGTGGAGGCTTGTTGGGAAAGTGTTGGCTCTAAAATCAACATCCTGGTTCATTCCTTTGATGCTGGAGACAATGACCTGTGTCTCCTCATATGTCTGCTCAAGACTGTTACAAACAGGGTGGAGTGTCTCTTAGTCTAGGAGCTTGGGCTGCTCTGGAGTTTGCACAAATACAAATAATCATCACAGGTCTCAGGCCATGTGTCTTGGTTATGACACAAAACAGCCCTTCAGCAGTGGATGTCTACATAGTGGAAGTTCCCAAACACCTCTTTTTTTAAAAAAAATATAGAGAC,"[[65852429, ""G"", [""A""]]]",yes,no,G->A,1
chr1,14247744,14248039,TACTTTACACTTATGACAGGTTCATGAAAGTGAGAAACGTTCTAAGCACTGCAGAATAACTGCTCATCCTTTCCTTTTTGCTTTTTTTTTTGGGTGTGTGGCAATAATCTTCATGTACGCTGGCAGGCCAAACATCTGGCTCATGTGTGTGGGAAGCCAGTTGCTCTTGTACTACACATTTCAGCTGAGAAGTACTGAGCCTGCTGACAAAATGCATAACCTAATTAGGCGTGAACTCTAACGCAATCGGTGCTTGTTTTTGCAGGTGTAAAACGCCACTCTCAATCTATTGTGTT,N,no,no,N,0
chr3,40608109,40608566,CATGACACTTGAGTCTGAGGGTGAACTGGAGTTAATGAGGAGGAGGTGGTTGGAGGCAGTGGAAACAGTCAGTGAGAAGATAAGTGCGATAGAGCTGGACCACTCCAGCCTGCCTGGAGCACAGCAGTGGGGGCATGGAGAGGGCAGGGAGAGGTTGGCAGTGTCAGATCACACAGGGCCTTGTATGCCACGCTAAGAATTTGGAATTCACCCAGAGGGGAAGCCCTTTGTGAGTCATTAACACCCACAATCACTTTAGCTGCTTTGTGGAAAATACATTGGAGAGGAAAACACTAGAGTAAAGAGACCAAGCAAGAAGCTATTGCAGGAATTCAGGAAGCACTGAAGAAGGAAAAAGAAATGGACATACCTGGATGATAGTTAAGAAGTCAAATCAACAGGATTTGGGGACTGATTGGATGGAGGGGTGACAGACAAAGATTTGAGGGTTTTACCAA,"[[40608221, ""G"", [""C""]], [40608269, ""C"", [""G""]], [40608385, ""G"", [""C""]]]",yes,yes,G->C,3
chr8,109648543,109649039,AGCATAGATTTTTATTAACAGGAATCCCCTAGACTGCAAACTTCACAGAGAAGACAATACAAATGCACTGCTGAAAAGAAAACGCCTGCACCAAACAACCCAGACACATCACGGTCCCTCACATTCACTCTTCCTCGCATCTCACCTGTGTATGCAGGGGGCTTTCTTGGGCTCAATCAGGGCTGACAAAGCACCATCTCCTAATCCTATCAGCTGTGTGAGCAAGAGCTGCTGTCTCTCTCGGTGACCTAATGTTGGGTGATCTGCACAGCAACAAGGAGCAGCTGACGTGCTTCACAACACGTCACGAAGGAAAGAAACTGCATTCTGGGGCATCGTGAGATTTTTTTGTGTGTGTGGTGGGGTGGGGTGGAGACCCATATTTTTCTTACCAGGGAGAGAGCTGCCTGTTTTCCCATAAGAGCATGTGTGATTGATCAACCCTCCTCCTTTTTTTTTTTTTTTTTTTTTTTTTTGGAGACAGAGTCTCACTCTGT,"[[109648561, ""T"", [""C""]], [109648679, ""A"", [""G""]], [109648704, ""T"", [""C""]]]",yes,yes,T->C,3
chr7,96665711,96666052,CTGAAGTCTGGGTCCCATTCCTAGTGATTCTGAATAAATTGATCTGGAATGTGCCTGGCAGCAAGGGTTTTTAAGGTCTCCAAGTGATTCCAATGAACAACTAAGGTTGAGCTGACAACCTGTCCCTAGGATAAACATGTCAACACAGGTCCTCACTGACTCTTCACAATCCTGTGAGATACCAGCCCTGCAGATGAGAAAGCTAGGGCTCAGAGAGGTTAAGTAACTTACCTATGACCACGCAGCTAGTAAGGGTATGAAACAGCATTTCCAACCAAGTTCATATGACTTCAAGTCCATGCACTTAATCACTAGCAAGTGGGAAAAAAGCTGTCATTGTGA,"[[96665715, ""G"", [""A""]]]",yes,no,G->A,1
chr20,6870586,6870973,ACCCTTGTCACCCAATTCCTCCCCTGTTACCCGTGTAAATCAAGGATAGCTCCGAGAAGCTCATTCTCCATCTAGGAGGGAATGCCAGTTTCACCTCTTAGAAGCTGAGGCTTTTCTCCAGTTATTAGCATCGGGGTGAGAAGGGGCCTAGAAACCAGAACATTGTGAAACTTTTGTAACCTGACCTGAAACTGGGCAGGAGGAGCTTGGCTTCAGGCTTCACCAAGACCTTGAAACTCAGCCCAAGCTGATTAAAACTTGAGAGTGTGAGTCTTTTCAAGTGCACTAATTGTGTTATGTTGTGGATAGAAACCATGAAAAACCGATGTTTTGAAAGTCTCCATCTTCGGAGAATTTTACTTCTAAGCTAATTAAACATCTGTTTCAT,N,no,no,N,0
chr9,13118346,13118597,GTTAACTTTGCTTTAATAACCAAATTTATAAACACATTCATATGCCAGATCTTATATAAACCTGAGAGGTGAGTAACAAGCACCTACTTGAAAATCCCTCCAGGAAGCCCAGCCACTCAGAGGCTCCCCTTAGCGTATTAGACCTCCAACAGCTCTACTGCTGCTGAGCACTGTCATGCAGGCTTATGTTAATTGCTACCCTTGACATGGGTACTGATGATGACAGTTTTCTAGTCAATGTTGAATTATATT,N,no,no,N,0
chr7,34841374,34841685,TGGAGACGAAATTTTCAGCATGTGTCCCCATTAGGGATATACTGTGGAACTAAAACAGTCCACATCAGTGTGCTTCTCCCAGTCCCAAATCGAATGGACGTGCCACTTTCAGGCTACCCAAGCCCGATTAATGCACAGTGACAGCTGAATTTAACTGCTTTTCACTGCAGCTCAGCACCAAGGCCTGAGTAGAAATAATCCTTTTATCTCCCAATAAAGGAGAATTACCAGCATTTCGTAGCTCAGCTCTCTCTGAAAGGCCATCTTTAGAAGCTAGAGGCTTTGCATTTCCTGGAATGGTCAGATTAAAGA,"[[34841381, ""T"", [""G""]], [34841631, ""G"", [""A""]]]",yes,yes,T->G,2
chr5,23717587,23717857,TCATCAAATTTATTTAATAGAGAAAAACAGAATTCTTACACTGAGAGAAAACAAGAAGTAGAAATGGAAACCACATTAAAAATAAATGTAAAACTGAAACCATGTTTTCTGTTTCCAGTGTGAAATGGCAAAATGAGAGATTAAAATGCTGAAGAACTCTATCCATAAGGATGTTACAGAACCAGTAGACTTTTGTTTTGTTTTGTTTCATTTTCTGCTTGATTTTTGTCAAGGATAAATAAATAGGTAAAAGTTAGGAAATTGATCCGTT,"[[23717620, ""G"", [""T""]]]",yes,no,G->T,1
chr10,125396666,125396996,TAGCTGTAGTTTTATAAAAATTATGGAATGTTTCACAGATGTGTTCTCTGTTTACTTTTCACCTACCAATGCCTTCACAGCCTTTATATTTAAAGTGAAGCTCTTGTAAAGAGCACATAGCTCAGTCCTGCTGAGGTTTTTAGTCCAGTGGAATTAGGCCAAGGTGAGTCAGCTCAGAATAGGGAATGCAGTACACCAAGATGAGTCTGGGAAACTAGTGGGAAAGTGGAATTATTTTAGTAACCAAAAAGGTGTCATCTTAATTTGCAATGAAGAACATTTTAAATCCAACTATCCAGATGGCTTTAATTTACTAAACTATTTCTTAACC,N,no,no,N,0
chr22,27569025,27569439,CCCTGAACCTCACAGGTTGGTATCTGGAAAGCAGGGCAACAAAACCAACCTTGAGTGATGGTGAGCCCAAAAAAATCACATGGGAGAAATGCCCAGCGCTTATCAGGCGCTCACCAAACACCGGCTCCTTTCTTATTCTGCAGGGAACATCAGCTCCATGAGGCCAGAGATGGCATCTGCCTTGTTCTCTGCTGGGTCCCCAGTGCCAGACACAGGCAGTGCTCAGTGAATAATCAACTAACAGATGGACAGATGGACGGACAGATGGATATGGAGTGACCCAAGCTCCAAACATCCCATCTGAGGGACAATGTCCTACCGTCCCCGTCCCCTCCCAGGGAAAGTGTCCTCCTGTACTTTTAACCAGGGAATCAGCTTTGGGGGTGGGGGTCCTGTGATCCCCAGCCCCAGGCCC,"[[27569104, ""G"", [""A""]]]",yes,no,G->A,1
chr4,4984270,4984534,TGCACCTTTATCCTGGACTTCCAGCCTGCCGAACTGTGAGAAAAGAAACTCCTGTTCTTTAAGCTGCCTGGTCTGTAGTGTTCTGTTAGAGCAGCCTGAGCTGACTAATACAACAGGTATGGCCACCTGGCCCAGGTGGGGCAGGTGGGGGAAGGACAGGAAATGGAGACAGCTGAAGGACGGGCAAAGTTGAGTGGCTGAAAGTGTAGGGAACAGCATTTCATGCAGAGGGAATTGCATGTCCAAAGCCTGGCATGCAGCAAGC,N,no,no,N,0
chr16,3203148,3203534,TTATCGTCAGTGTTGGACACAAAAGAGCCAAGGAGGGGAAGGGACAATTACTCTCTGCTTTTCTCAATGAGGCTCTCAGGGAATATGACCTTAGTGGCCATGGAGGCTCCTGTAAAGAGCTTGCCCTGTGATTCTTCCAAACATCCTTCCTGCATCAAGGGCTGAGTCTGTGCAGCCCAGCTCCTGATTCATGAGATACTCAGCCTCAAAGCTCCAGTGACGAGTCACCCTCCCTCAGACCAATAACCTCTGGCCAGGTCTGAAAAAGGGAAGCCAACCCAGGACTTCAGGAGACAGTGAGGACTGCTGCTCTTTCTGGGTAAGAGTCAGATCATTGGCCAGGTGTGGTGGCTCACACCTGTAATCCCAGCACCTTGGGAGGCCAAG,"[[3203161, ""C"", [""T""]], [3203238, ""C"", [""T""]], [3203261, ""G"", [""A""]], [3203504, ""G"", [""A""]]]",yes,yes,C->T,4
chr14,41280896,41281146,ACCCTACTATGTAATAGTATATAAAGTGTGTAATAGAATACCAGAACTTGGAGTCTGTATTATCCTAAGGAAACTGTAGGAGGCAGCAAAGTCCTTTTTGTAGCTGGGACGCATAAGAAAATTCATTAGAGAGTCCATTGAGTGGTACTTCTGAGATTTCCCAATGCAGAACATCCCATTTGTTTCCAGCTTCAGTCCATTCAAAATAAGAAAGGAAGATTACTAACCTTTATGCTGAGAGTCATTCTGCA,N,no,no,N,0
chr8,106803558,106803781,GAAGCCCAAGCCGTGGGGATTGGCCATATGCAGGCACTTCAGTCCATAGCTTCCAGCCGAACTCCTGGTCACCACCCAGCCCAACAGTCAGCCCTGTGAGTGAGCTCTCTTAGATGTCATCCTTAGTTGAGCAATCAGAAATTCCCAACCCCAGCAGCCATACCATTGTACCACATGAGAGAGCCCAAAGAGAACTTTCCAGATGACCCTAGTCAAAGAACAGA,"[[106803615, ""T"", [""C""]]]",yes,no,T->C,1
chr18,26172394,26172663,ATTTACATAAATAAATGGGCTTAGTGATGTACCAATAATTCTTTGTTTACAAAAACAGGGAACTGACTTGCAGGCTATAATTTTCTGACCCCTAGACTATATATAGCATTGGTTTATAGGTATGTAGCAATGTGATACAAACCTTATAGAGGAGGTTTCCTGAGCACAGGGTTAAGCTGCATATGGAAGTAATTGGTCTTAGAGACCAGTTGAGAAGCCATATGCCACTTGGGGTATCCAATCCATTATTATTTAATAATAAATCAATTT,"[[26172414, ""A"", [""T""]]]",yes,no,A->T,1
chr4,60737821,60738192,TATAAAGTATGGCTACATGTATATACAAGTATATAATCATACTTTATATGTTACCATACATAAAATATGTTCATACTATGTATGTGTTTGTGTTTGCCTGTGCTTGTATTAACTTATATGTAAAATATTTTGTTTAGAAAAAGGTTAATTTTCATGTTTAATTCATCAGTATGCTTTCAACATCTAGCCGTGTTGTTTTGGTTACATCTTATTACTCATTCAAACTGTTGCATAATATTTGATGGTGTAATACCTTTATTATTTCACTTCTGTCAATAATAGATTCCTAGGCTGCCTTCAAATCCCCAACAGCACAAACAAAACTGAAATGAAGATTCTCATTTCAGTGAGAATTTTACTAGAAAATCTATA,"[[60737923, ""T"", [""C""]], [60738150, ""C"", [""T""]]]",yes,yes,T->C,2
chr5,92565038,92565292,GTATTAAATAAAAATAAGAACCCACAAACAATATTCTGTGGAGCAAATAATCATTTTTTTGTCTACTTCTATAACAGAGAACTCCTGAAAGTTCTCTCTTTTCAGGAGAACCCAGGGTGTTTATTTATCAAGCCTTCTAAGAAAGGAAGTCACAGGGATGTTGTGTTTCTGTTTCAGAATATCAGAATAGAAAATTAAGTATGCTTCTTTTTGCATTCAGTTACACTTCTGAAATGAACCTTGACACCTAAAAAT,"[[92565078, ""C"", [""G""]]]",yes,no,C->G,1
chr6,126907372,126907645,AGTAGTGATTGGTGGTGCTGAGGAAGCATTAACAAAAATGGATATAAGGAATTCTATGTTTTGCAAAGAACTACACATGTGCTTAGTAGTAATCGTAGTTTGATGTTCCTCATGTTCTTGCATAAGGATGACCTCATTAACTCATTTTCCCATTGAGAAAGTGTGTATGGCAACACTGTGCTCTGTTTGCTATTAAATGCAGTCTTTTATTGTTTAGAGTCAAATGCTTGTTTTATTTTAGCACATTTAAAAAAAATGTTATTCTAACATACTC,"[[126907466, ""A"", [""G""]]]",yes,no,A->G,1
chr5,44949789,44950080,CCAGATAGCTTCTAGGACCTGAGGGCAGCCTCTGTCTGGTAGCCAGCTAGAAGCCAGATTTTCAATCCTACAGTTACAAAGAGATGACTTCTGCCAACAACCTAAGTGAACTTGGAAGCGAAATCTTTTTCAGGTCTCATATGAAAATATTGTCTGGCCAAAACCATTACCGAAACCATGTGGGACCCTAAACTGAAGACACTGCTAAACCGTGCTCAAACTTTTAACCCACAAAAACTGCGAGATAATATGTGTGTTTTTTAGACACTAAATGTGTAGTATTTTATTATAC,N,no,no,N,0
chr10,78396536,78396813,GTATTAAGTCTTCTCATCCATGAACATATTATATTTTTCCATGTATTTAGATCTTTAATTGTCTTCAACAATGTTTTGTAGTTTTTAGAATATAAATCTTGCACTTCTTTTGTTAAATGTATTCCAAAGTATTTCTTTTGACACTATTGTAAGTGAAATTGTTTTCTTAGTTTCATTTTCAGATTGTTCACTATATGATATCACTTTTGTGGCATAGCATGTGATTGCTCATGAATGGTGCTGATACACTGATTTTTAATGACTTGTTTAGATAGACA,"[[78396597, ""C"", [""T""]]]",yes,no,C->T,1
chr2,167981920,167982267,GGCATGGGCAGCTAACTGTTTCTAGTTAGGGTGGTGGTGGGAGAAATATTCAGTGCCGACGTCCTTGCCAGAAACTTGACATACTGGCTAGTAGAGCTGAGACCCACTAGGCAGCCTGCAAGATACAGTTCGTGGAGTCATTGTGAAATGAGAGGTTAGTAAACATCAAATCTGTATAGAAAGTCTGACCAGTCCTGCTACAGGACACAGAGAAGTCGGCTTGAACATTCTTGTTATAGGCATCCCAATATTTGTTGTATGGTATAAGTCTACAACTATTTATTTATTTTCTTGATTAGTCATCCTTTTAGTTTGCATTAAACCCCTCTGACACCAATGAGCTTTTAA,"[[167982118, ""C"", [""T""]], [167982161, ""G"", [""A""]]]",yes,yes,C->T,2
chr2,223901152,223901575,GGAAGGAGAGGTCCGTGGCTCTGAAGGATACTGCAGACACGAAGCCCAGGACGTGAAGAAGTGCCTCCCGAGCATGTTCCCGCTCCGCGTGCACATCCAGCTCACACACTTGTCGTGGCCGGTACTGATCACCCACTCTGTGGCCAAGCTGAAGATAATCGCAGACACCCGGTTCTGATGAGCTGCAGGAACAGAAAGGTGAACAGATGTCATCTCCAGAAACAGCACTCTATGGGGAAGAACTGAGGCTCAACCTCTCAATCTGCTCAGCCAGGGCACAGCTGTGTACAAGAGTGTACTGGAAATGCCTGTCCTCTGTGAGTATATTTCAGACAACCCGCCCCAGCTCAACAACTCACTAGCACAGGCTCTCTCCAAGGCGGTGCCCTCTGCTCCCCACAGGCATGGCCACCAGAAGCTAGGA,N,no,no,N,0
chr5,1298687,1298958,CCCCTAACCACTCCCCTGCCATGGGGTGAAATTCTTTCTTTTTGAGCATGTTGCATACGTATCCCATGGAGGTGGCAGTTTTGACTCAGCGTAATTCCCTTGAGATGCCTGCAGGCTTTATAAACGGCATGTTCCTCTTCACTGTGAGGAACTGTCCACCGTGCGGATGGACCCGTTTGTTTAACCAGTTTGTTAAAGGACATTTTAGCAGGGATTTCCCTGCTTTGTAGCTATTAAAATAAAACAGCGGGGGTCGGTCGTGGACGGGAGTG,"[[1298741, ""G"", [""A""]]]",yes,no,G->A,1
chr18,40159357,40159752,TGTCAATACACATTGCAACCTTTTGCATTCTGAATAAATTTCCAGGTAAATATTTTAACTAGAAAGCACTCACATAATAAAGTACACCTCTCTGACTCTAAATGCAAATACAATCTCAATAGAAAAAAAGGTACCCTCGGGTAATTTAGCTGCTCTTTTGTCCTGTTCTCCAGTGAGTGCCAAAATATGGAAAAACGAGCAATTCTCAATTCAACCCTTATGGAGGGTAAAACCAATGTAACGTTTCACTGCCCTCTACAGGACGCAAATGTAAGCTGTTTGGATGGAACTTTTCTTCTCATATGTATATAATTTTAAAATGAAACTCTCAAGAAAGGATCCAGAATTAAAAATAGCAGTGATAGAGCAAAGGGGGGGGATGCAAATTGAGTTTTC,"[[40159558, ""G"", [""A""]], [40159620, ""T"", [""C""]]]",yes,yes,G->A,2
chr6,115617070,115617355,CCTGACCACAACTCCTGAGCCTCATAGAACTAAAGTCCAATTTATTTGAATCCTTCCCCTATACATGGAAGGAAGGGATGAGGAAGAATTCTCCTTAAGGTTGACAAAGCTGTAAAAATATGAGTTTGAAACATGTGACTAGTGGTGACTAATGGTTTTTTCCTCAATAATTTGGAAAATCTAGTCCTCAGTAGCATATTCAGAAAGAAGTAAAGAGAGATTGCAAGAGACATTTCTGACAGCTCAAATCCCAGGGAGTCCTATTTCTGCATTGATTCTTGCTTTC,"[[115617100, ""C"", [""T""]]]",yes,no,C->T,1
chr11,112705138,112705542,ACTTATTGATTAGACATGAGAGGTGGGCCAAGAAAAGGTGAATTTAAGAATGATGATATGTGTGTCACCAGCTATGGAGAGAGGAAGAATAAAGAATTACAACCATCTGGAGCCAGATCTGTCTCCAGTTGGAAAGCTGGAGCATCTGTTGGCACTGGAATGTCCAACACAACTTCTTCACTGGCATGACGAGTGCCTGATCTATGGTGGCTGGAACAGCTGGGCTAGCCAGGATCTCTTTCTCCACATGGCTTGTGCAAGTGGCTAAATTGGGCTTCTGCATAGCATGGTGGTCTCAAGGTACTTGAACTTCTGCAGATAGATGGCTTCCTCCAGAGCAAATGTGCCAAGAGGCATGGATCGAAGTTGCAAAAGTTCTTATGACTTAACCTGAGAAGTCCCAGA,"[[112705183, ""C"", [""A""]], [112705220, ""T"", [""G""]]]",yes,yes,C->A,2
chr5,134939519,134939823,CAAAAAAACCAGAGGCTCCTAAAATCCTGTGTAGCATCTACCATGTACAGACAACCTCCATTCTTAAAACTTTAAATGCATCTAAGGAAGGGACAGCCTTCTGCCTGCAATGAGCAACAGCTTCACATGAGACACCCAAGAAGGTTCAAAAATACTCTTTCTGGAAAGGCTGATACAGACATCTGTGACTTGGGGTCTGCCTCACAGTATATGAAACTGAAAGATAGATTGGACACTTAACTACCTTAAAGTTTTACTAGAGCTTGTAAAGACACTTCCGAGGTCCCAAAGAGGTCCTTTATGCC,N,no,no,N,0
chr6,86256050,86256373,GGCTGTTTATGTGCTAGAAAATGATGGAAAGTTTGTACTCTGGATAGGACAGAATGAGTTCAGAATTTACACATGATGGATTAGATAAGTTCCATTGCACACTGGTTAGGAAAAACTCTTCAGTTGGGTCCAGGAGGCATATTGGCACACTGGGGCATTCAGAGTTCTTGACCAGTTATCAGCTTTGGCTGGCAGATGGCTCAAAGTTCATGGTTGTTTAATAGCTTCAGTTTGTTGAAACAAAGCATTCAATTTTGTTATCACCTAGGCAAATGTTATTGGAAGTGGGGGAATTTTCCTTTTAAAAAGTGTAGAGATCATATA,N,no,no,N,0
chr20,24744738,24745010,TGAGCGCCATGGGGCTGTGTGAGCTCCAAGGCAGCCTAGGACCACACCAGCGCAGGAGATCATTTATCTGGGGAAATCTCAGGTGCGACCTTAGTCTAGGCTGCCAGGTTCTCAGACCTTAAGCACCAGCTCTGGCCAGGAGGAAAGCAGGCAGCATTCGCACAGCACTTCCTAGATTAGAGAAAATTATAGATTGCCTTGAATTTGCATACTGGGACCCACCCAGAAACCCTGGGTTTCAGTCATAGCCAGTGCCAATGCCTGAATATAGCA,N,no,no,N,0
chr11,39189971,39190239,TCAGAAAGACTTCTTAATGTAGCACAGCCCAGCTGCTAGCCACTACCAGGACACTACAAAAGTATCCCCCTGAGACAGTGCTCAGGCTTTGCCAAAGTCTCAGGCTTATAGAGAATTTTCTTGCACCCAAAAGACATGTACAAGCATCACTGTCTAACTCAAGCCCTGTTTTGTTTATGTTTTCCTCCTTTGACTGTAACTGCTAAAATAAAGTGCATTACTACGTTTACACTTATTTTTGTAACAAGCAGGTGGACTCCATTCCCACC,"[[39189974, ""C"", [""G""]], [39190214, ""G"", [""A""]]]",yes,yes,G->A,2
chr18,43572166,43572541,GTTAAAGTTGTTGATTTTGAAAGATGTTTGTGGCACATGTTTTGAAATTTATACTCTCCTTGTCATTTCTCAAATAGAAACAGCTGTTCCTTAAGTTTAAGACAGAAACTTGGTCTGAAAAGTGACACACGCTCTGTTTCTGCAGATGTCTCCAAAAACAGAAGTTGTTGCACCTGACAGTGAATATTAAAGGTTTGGCCTGCTTTATCTCTCGCTTTCACAATGAATCATATCTCAATAAATTCTGTCTCACCAAATAATGATCTCATCTCTACTTTGTAAATACCATTTTCTTCAAAAGATTGCTTCCAGTGAATTACTGACATAGAAAGTAGGGGAGGATAAAAGGTCATACAGTCTATCTCCAACTTTAAAT,N,no,no,N,0
chr9,111125874,111126079,CGTGTGCATGTGTCTTTATAGCGGCATGATGTATAATCCTTTGGGTATATACCCAGTAATGGGATGGCTGGGTCAAATGGTATTTCTAGTTCTAGATCCTGTCTTCCACAATGGTTGAACTAGTTTACAGTCCCACCAACAGTGTAAAAGTGTTCCTATTTCTCCACATCCTCTCCAGCACCTGTTGTTTCCTAACTTTTTAATGA,"[[111125904, ""T"", [""G""]], [111125916, ""T"", [""G""]]]",yes,yes,T->G,2
chrX,105865745,105866028,TTGATTTCTGTATCTCTTAAAGACTTATTTAGGATGAAGATATTGGTCATACAGCCTTGTAGGCATTGCTATATCAAGATAATTTTTTCCTCATTTAGATTCTGCCAAGACAGCCATTTGTCGGTCAGCTCAGGGGAAAACCAGTTCAGTCAGTTACTTTGTGTTCAAAGTTTAGCCCAAGGAACACTGCTTAGCCTCAGGAGCACTCGAGGTGGCATAGCTCTCAAAAAATGTAAGAATGTAAGTCAGGTGCATAAAACAAAACAAAGCAAAAAAAAAAAAAA,N,no,no,N,0
chr8,7728418,7728684,CGTATCCAGAATGAATAAGATCAACTCTCTGCTCCTCTGACAGCAGAAGGAGCAGGACCATAAGGAACCAAAGAGCGTGGAAGGAAACGATGTGACAGGAAAGCTCAGAGAACGGCCACAGGGGGTCGTCAGCAGGCCTTCGAACCTGAATCATGAATAATTAATGAAGCGCAAATCAAAGGGGACTCGAGTTTCAGCAGGAGCAATCCATCCAACGGGAGATCGCCGGAGGGCCAACAAGATTGAGAGACTGGGAGCCGGGTGCAG,N,no,no,N,0
chr18,38535399,38535689,AGAAATTTCTTCTTAAATAAAGTCTGAGACTGTCAGTTTGTTGGAGGCCAGAAAGAGTGAGGGTCATGATCAACTCAGTATACCACTGGAGGCTATAAGAGTAAGCAGCAAAACTGTTTCTCATAAATGCAGAATGTTGGCAAACTGACAAACTGCATATGCCACCCAGATGAAATGCTGAGGGCAGTCACGACCCAGGCACAAGTGTTTCTTGTGATTAGGTACATCTGAAGCCTGTTAATAACAATATGAACCTGTGATCAATTAAGCAGCTGACCAATCATTACCTCA,N,no,no,N,0
chr13,61370511,61370940,GATTGCCTGGATCTAATGCACAAATTCTAAGTTTTTTCTGTTGTGCAGACATACGTTCTAGTTATGTAGTGTTTACAAACTCACTACTTTTATATTTTATTTGAGATTTCATCTTTCCAGAACTGTTTATGGTCTACTACAGTAGGATGCTGTGAGGTTAATTATAGTTCTCTACTTAAGAAAAAGTCTATGAGGATAAACAAACCGAAGATATGTGGCCTATTTTGAGGTTTCCTGGGGCCTGATGACTCACAGGAGTACAAGACACACATTTTGTCTTTCTGTTCTCTCAGGTAACTCAAACTTTATGTTATTTTCTTAACATATAGGAAATAATAGAAATTCTCCTGTCTTTGAGAACGTAGACATTTTAAATTTAAACTTTAATTTTTTTCTGCCTTTTTTCTTTCCTTATTACTTTGTTTTTCTG,"[[61370636, ""G"", [""T""]]]",yes,no,G->T,1
chr1,43818761,43819068,AGATCTGAAAAAAACAATGAACTTCTAGAGTTAAAAAATACAATGATCAAAATTAAAAACTCAATAAAAGGGGTTAGCAGCAGATTAGATACAACTGAAGATAGAGTTAGTGAACTTGAAGGTAAGACATAAGAAATTATTTATAAAAGGGGTTGGCGAACTCTTTTGGCAAAGGGCCAAATGGTAAATATTTTAGGATTTGGGGCCTTATTTTTTCTGTCACAGCTACTCAGCTTTGCTGTTTTAACATGAAAGCATCCATATATAGTACATAGATGAATGAGTATGGCTGTATTTCAATAAAACTT,N,no,no,N,0
chr9,125776787,125777064,ACTTGTCTCAGCTTCTCAAAGTTCTGGGATTACAGGTGTGAGCCACTGTGCCTGGTCTGCATGATATTAATATTACTTTCATCATGGAATCAGATAGAAGTATTGTGGCTTATTTTTGTTTGTTTTTGAGATTAGTTCCAGTGATCTGCCTGCTTCTGCCTCCCAAAGTGCTGGAATTACAGGCATGAGCCACTGCGCCTGGCTGACACATGATTTTTCTTTTCTTTTCTTTTTTTTTTTTGAGACGGAGTCTCTGTCACCAGGCTGGAGTGCAGTGG,"[[125776789, ""C"", [""T""]]]",yes,no,C->T,1
chr1,87086171,87086562,AATTTTTTAGATTACAGTCGTTCCTGGGGTATGTCCAGGGTATTGGTTCTCGGACTGCCTGAGTATATAAAAATCGCATACTCAAGTCCCTCCGTTGGCCCTGTGAAACCCACGAATTTGAAAGTCACCCCTTGTACACGGGTTTCACATCTCTCAAGTACTGTATCTGTGTGTGGTTGAAAAAAATCTATGTATGCATGGGCCTGCACAGTTCAGACTCGTGTCGTTCAAGGGTCAATTGTGCTTTACTCTTCAAAACAATATTCCTGACTGGCATAGTACTTTGTGGAGTCCAGTAAAATACTTGCTTTCAGGAGAAAGTGGTGAATTTGGCAAAATACTTATTTAACACATAGTTTTTTTAAACTTACCTTATCAGAGACATTAAAACG,"[[87086395, ""T"", [""C""]], [87086437, ""T"", [""C""]]]",yes,yes,T->C,2
chr7,49294653,49294972,ATAATTCCACTCGTAAGACCACCTTCTGGCCCTGCAAAATTCACATTCTTCTCCTATGCACAATACATTCATTCTATTCCAACATTTTAAAAAGCTTAAACTCATTCCAGTGTCAACTAGAAGCTCTAAGTCTTACGTAAATATCATCGAAATCAGATATGAGTGAGACTTGAGGTGTGATTCATCATGAGGTAAAATTACCCTCCAGCTGTAACCCTGTGAAACTAGAAAAATAATCTGCTTCCAAAATACAATGGTGGATCGGACATAGGATAGGCATTTCCATTAAAAAAGGGAGAATCTGAAAGAAGAAGGGAATC,"[[49294654, ""C"", [""T""]], [49294946, ""A"", [""G""]]]",yes,yes,A->G,2
chr10,45948855,45949100,ACAATGCATATACTGGAGCAAACTATCAATACATTGAACAACATGGATGAATCTCAAAATTATCTTCATTTTGAGTGAATGAAGCCAGACACACCCACTATGATTCAATTCATGCAGAATGTAAACTATAGTGAAAAAGAACAGATTAGTAGTTGTCTGGGGCCAGAGCAGAAAGTGGAATGGACTGCAAAGTGGGGAGAGGAATCTTTGGGGATGATACAAACATTCTGTATCTTGATTATAATG,N,no,no,N,0
chr3,150650260,150650557,AAGAAGGTCCTCACCAGAACCTGATCATGCTGGCACCCTGATCTCAAACTTCCAGCCTCCAGACTTGTAAAAGATGTTTATTGACTAAACATTTATCCAGTTACCCAAACCACCCAGTTTATGGTAGTTTGTTATAGTAGCCCAAACTGAATGAGACACTACAACCATGAGAAGTTGATTTTATCTTTTTCAGTTTACAGCTGAGAGAACTGAGGTTAAGGAAGTTCAGTAACTTGCCCAAGGGCACACAATTAGTTGATGGAGAGCTGGGACTTGCCCTGGGATAGTCTGAGTGATA,N,no,no,N,0
chr9,107410132,107410513,CTGAGTGCTGAAACTGGAGTCTATCAGCACCCCCTCACCTCCAGACAGACGCCTGGCTCTGTGTGAGGCAGTCCAGGGAGAGGCTGGCTGGGGTATTTCCACGTCTCACAGGAGCCTCCTATCTAAGACATCTGAGACAAGACTGGGATTTGGTCTCGGAGCAGAGGAGGAGAGGACTACTCACAAAATCACAGACCTTCTGATGAGACATAACCTGATGTGTAAAGGTACTAACAGGACCGGACAAGCCCAGGAGGTAAGCTTCCCCCAGAGAAGGAACTCAGCCACAGCAGAAGGATCTGAAGTTTTTTAATTTCATTTTTTTTCTTCTTCTTCTTCTTTTTTTTTTTTTAGAGATAGGATCTTGCTATGTTGCCCAGGC,"[[107410137, ""C"", [""T""]], [107410149, ""C"", [""A""]], [107410155, ""C"", [""T""]]]",yes,yes,C->T,3
chr14,95452477,95452798,GCTAGGCTAGGAAGAAACTGTCACCAGGGGCAGGAACTGGGGCCCCACTCTTGAGCTCAGCCCCTGCCCTCCCATCTCTAGCTCCATGACCTGGAACTCAGCCTTTACTGTCTGGTGCTGGGCTACAGTTCTGCTCTTTATTGCCCCCTACCTCCCAGCATTGCCATGGCAAACACTAGCTCCTAATGGTACAAATAACTAATACTCAGGGGACACCAATGCCAGGCTGAGCGCCCTGGGTGTCCCATTCGTTTAAGCCTCACAACAGTCCTGAAAGGCTAGTCTCCGTGTCCCAATGTTATTTACAAGGAAACTTGGGCTA,"[[95452542, ""A"", [""G""]]]",yes,no,A->G,1
chr17,58759572,58759789,TTCCATTTTTTACCAGTAGACTATTAAACAAAGATAAAGTCATTATTAGAGCTATATTGTCATCATATTTTCAGAACAGTTGTTTCCTCAGTTATTCATTTAGTCTGGGTTGGACTTCCCAAGGGGGAAACCAATATCCCAAGAGTCTGGCACAGTTAAGTAGTTCCAGATGGCTTGCAGTAATAATGAGGGTGGACACTTTAAAAATGGCTTGGAAA,"[[58759601, ""G"", [""A""]]]",yes,no,G->A,1
chr17,20721173,20721482,CTTAATTACCAAAACTGCATTCCATTGTTTAATTTCAGGCCTTTTCTAACACGGAAGCTGCATTTAAGAGCCTTAGGGATGAAGTGCCCTTTTGTGGAGGAGGCTCACTGAGCAGTGTTGGAGGCTGTGTTTGTGGTCGTGCTGGCTGTGAAACTGCCTCAGTCCTTCCTCTAGGACACACCCTCTCCATCCTGGAATAATCTGCAGGATTGCAACATTGTTAAGCAGCCAGTATTGCGGTGCCTTGTGCTTTTCACATCCAGACAGGGTTGATTCAGCCCTTTATTCTTTTGAGGTAGATAAATTTGGG,N,no,no,N,0
chr4,12041784,12042093,TCCAGTATTCTGCCTACCACCTGATGGGAGGAGAAACACAATAAAGCAGATAATAGAGAAGTATTAACCCATTTATGCCTGAGAATGCAATTTTTTGAATTTTTGCAATCAGACCTTGGTGATGACCTTGAGCAGTAAGATGTAAATAACTCCCACATGCTTAGTGTTCCAGTAATGGAACACTAGGCATTAAAAGTGTTAATATTTCTGCCCTACAGCAAACATGCCCTAAATAATGTTCTTCTCTTCCACTAGGTGGCAGTGAAGGATGGAAGCCGTGAGCTTGGGGTGGGAAGTAGGGCAGTGTACA,"[[12041829, ""A"", [""G""]], [12041955, ""A"", [""G""]]]",yes,yes,A->G,2
chr5,122393288,122393676,TAACATTTATTGAACATTTACCATGGGACAGGCATTATCTTGGTTAATCCTCACAGCAATCTTCTAAAGTTACTGTTTTTATCTTCATTTTACAGATGAGGAAACTGCAGCATGAAGATTTTATGTAATTTGTCCAGGGTCACCCAGCTGGTTAGGTGTATTCTGTCTCCAGAGTATTTACTTTTAGCCACAACACTTTACTGCTTCTCCGGGATGAATATAGTTTATTGCAGTGGTTCACATCAGGGGCAATTTTACCTGCCCCACCCCTACCCCAGAAACATTTAACAATACCAGGAGACATATTTTGTTGTCATACCGGGGAGTTGCTACTAGCATCTAGTGGGTAGAGACCAGAGAGGCTTCTAAACATCCTGCAATGCACAGCA,"[[122393292, ""G"", [""A""]]]",yes,no,G->A,1
chr4,22998274,22998580,TGAGACGGAGTCTGGCTCTGTTACCCAGGCTGGCATGCCGTGGCGCGATCTCGGCTCACTGCAAGCTCCGCCTCCCGGGTTCACGTCATTTTCCTGCCTCAGCCTCCCGAGTTGCTGGGACTACAGGAGCCTAGCTAATTTTTTTATTTTTAGTAGAGACGGGGTTTCACTGTGTTAGCCAGGATGGTCTCAATCTCCTGACCTCATGATCCACCCGCCTCGGCCTCCCAAAGTGCTGGGATTACAGGCGTGAGCCACCTCGCCTGGCCAGATAAACACCTTTTCAAATGCAAACTGGCTATTGGGA,"[[22998564, ""G"", [""C""]], [22998565, ""C"", [""A""]]]",yes,yes,C->A,2
chr6,100466958,100467205,CTTCACGCTTAAGGCTGACGTCCTGGGGGGCTGGGCGGGCTGTTCCAATGTCCTAGTGAAGCTCAGTTGTCAATGAGCCAAGTAGATGTCGTTTAATAAACAAAGTGAATGCACGACCACGAGGTGACGGCCTCTCGCTAAGTCCTCAGCACACAACTGTCTGAGCCGCGTTTACCGAGAGAGTGAATTAGCATGACGACGTAACACCTGTTTTTCTAATCTTTGAACCTAGGTTGGAGCCGGAACGC,"[[100467011, ""C"", [""T""]]]",yes,no,C->T,1
chr1,7869543,7869946,TGTGGGCAGCCACAGATGGGCTGAAGCTTAACTTCCAGGCATCATTTTTCTTGCAGAAATGTCCATCACCATCCCGGTGACCTAGAAGGCTGCTGCACAAAGAAGAATGGGCTGCCAAGGAGCGATGTTCCGGGTCTGGATTTAGTCCAGCGGGGGATGCGTCACGCACCCGAGTGATGGCCAGCGGAGAGGAAGTCTGACGTGGAAATAAATATCTGCTCCGCTTATTGATCTGATTCATCCAATTACCTAGGAGGTTTGATTGAGAGAGGTCCGAGGAAATGACTCAGATGTCACCTGAATGATGCCTGAAAGGCTTCAGCCAGCATTTTTCTCATATCACTGATATCAGAGGAGACTTTTAGTTACTGAGAACATTAATTGCTGCTGAGAGCCAGGTGTGA,"[[7869617, ""T"", [""C""]]]",yes,no,T->C,1
chr12,119052084,119052434,TATTTGGATCAGTATGAAGTCTTTCTCCTCAAGAGGCTGAATCAGATGCAATGCGCCCAATTCATCTGCTTGATGCCACACTCCCAAGGGGAATTACATCACCTGCTGTGTTTAGAATAATCACCGTGGCAACTGTGGCTGCTCTCGTGGATGTGGACTGTTCCCATGTAGCAGTGATGGGTGCTGGCTCATACGAAAGAGAGGGACAGGTAGTGAGTTTCCACTGCTAAGGACCCTTAGGTTTCATGTATGTCTCTCTGGTGATAACTGGGTGTGTGGATATGTCAACATCCAATTTAGTGTTTCCAAGACTCACCTGGGAAAGAGATGTATAAAATGTAAACTTTCTTT,N,no,no,N,0
chr7,14379328,14379542,AGTTCACGCACCACTGCTACTAGAAATTCTAGCATGAAATCCATCATTAGGCGACTCAAAGAAATTATGGAGTTTTTTTGTTTTTTTTTTTCCACTTTCTGTTTCTTGCTAGTTATTGAGAAATTTGGTGATTCAGAGAATAAGGAAAGAGAGTGGGGAGCGCTCTGACTAGTGTCTAGTAACCCCTTAGTGGATGACTTCAGCTGGCTTTAAGC,"[[14379360, ""G"", [""C""]], [14379407, ""T"", [""G""]]]",yes,yes,T->G,2
chr6,168039835,168040219,GAAACAGTCCATTATTTCAGGGTCAGCAATTAGAGATGCTATAGGTTTGTTAGGTCTCAAAAGGAAAAAGTTTGCTTTACCATGATTTATTGTGCCTGAGACTGGCTTCAGTACCCCACTGGCATGCGTGGCTCATGTGAGAGGCTTCCCTGAGCCGAGGAGTCTTGGAAGTCGCCTTAGGTAAGGGGGGCCGCCCTCACTGTGTTCCCCACTGCTTGCCTTGTCTGTAGGGCTGTCGGCAGCGCCTCGAAACTGATGGAGCTCGTTCATGGAGGTCTGCAGCTCAGGGCGAAGCACCCCACCCTGGTGCACGCGGATTCCTCCAGGTCTCACCTGATAATTACGGTGACTCTAACCACAGCCTCCTGCTCTGACAGCACTGGTA,"[[168039882, ""G"", [""T""]], [168039959, ""C"", [""T""]]]",yes,yes,G->T,2
chr10,34911851,34912193,ACTCCAGCCTGAGTGACAGAGCAAGACCATGTCTCAGCAAACAAATAAAAAAACAAAAATAGTACAAAATAGTGAGTGCAGTATGAGGAGGACATTCTGGGAAAGTTAAGATGTTCAGAGGTGAATGTGAGTGGACAGTGTGGTGATGCAAGCAGCCCCATCCTGGAATTAGTGGGATGAGGCATCTGGCATCTGCTGTGGGAACTCTCCCTCTGCAGAAAGGACTGCCTGGCCTTGCCCTTCCTGGCCTCTCCAGCTCTCCCATCACCACCAGAGCCCCAAATCCCCCACTCCAGGCCTGCCCCAGCCAGAAGGGACTTGGTGAGCTCTGCCCCATGCCACA,"[[34911887, ""A"", [""G""]]]",yes,no,A->G,1
chr5,23257578,23258068,TGTTATATTATACATGTTAAGTGGCATATTACATATCTTAAGTGGCAGAGCCTTTATTCAAAGTGCTGAACGTGGCTATGTTAAGTGGCAGAGTATTTATTGTTTTTAAAGTTCATTTCTCACTTGGTCCCAGTACACCATACTACTGGGCTTGTCAAAAATGGAACACAAGGCTATGGTTCATCAAGTGACAACTTATGGCAAACTGCCCATTCTGAGCTGGGTTGAGTCACCCTGAATAAGTCACAAGGTTGGTGTGCCCAGCAGCAGTCTACCATAACATCAGAAGGGATATATACAGGATTGGGCATGAATAGGGCCTGATGGCACAGCAAGTGGTTTAGTTCCCCATACCATCCTCCACTGATTCACCTGTGGCTCTCCATTAGCTCACACATGTGTTCAGGTCACATGTGTTCACTGAGAGAAGAAAAATAGCAGTTTAAGCTATGTGAACTATGCTTAATTTATCAGGCCTAGAGACATTTGAG,"[[23257773, ""A"", [""T""]], [23257941, ""T"", [""C""]]]",yes,yes,T->C,2
chr10,44363738,44364149,TCCATTTTTGGAAAGACTCAGCCTCGGCTTCCAGTACTGATTTCGTGGAAAACTCCACTTGGTGGTGTCTCTGCCCTCTAGGGCCCTGGCTATGTCCTGAGGTCTGGCCAGCCACCCACTGCTCCATGTCAGGCCTGTCCTGAAGCACCAGCAGCAGAAATCTGTTCCAAGGCTCAGGAATGGGACCTGCAGCCACTGTGGTTGTCCCCTGGGGCCACCAGCTGCAAAGCCCAGACCAGCTGTGCCTGTCCCAATGCTGGCCTGTGGTTTGCACAGGCAGCATGTTCAGGCCCCACTGGAAGCAGGGAAGCCTTGGAAGGGGGTGCCTCTAGGGAAGGGATGGTTCTTTAATTTAGGCTCACAGGGAATAAACACTATAGTGTTTCTCATGTGCTGGGATTCCAGGGGGAAG,"[[44363860, ""C"", [""T""]]]",yes,no,C->T,1
chr15,76121948,76122251,AATGTTTAGTATAGTTCCTGGAACATAGAAGATGCTAATAAGTGACTGAAGAATGAATTGAGAAACAAACCAAAAAGGCCTTTATTTAGATCATGAGTCTGTGGGTCAGTGATTTAGGCTAGGCACAGCTGGGTGGCTCTTTTGGTCTTGGCTTAGCCTCTCTCACACATGCCTGGAGGGCAGCTGTTGGCTGGCCTTAGTTGAGGTGACTGGGGCAATGACCATCCTCTAGCAGGCCAGCCTGAGTATGCTGTCATGATGATGGGAAAGGTGCAAGAGAGGGCAGGCCCAATCATGTGAGAGC,"[[76122025, ""C"", [""G""]]]",yes,no,C->G,1
chr1,177913043,177913412,ATGAACACCAGGCAGGTTTGGAAGAAAATGCTACTTCAAAGATTCCTAGTAAGACCTTTTTACCCATCTGGAGAGACCACACACACACACACACACACACTCACGCTTATGCACATAACTGATGAGAATGTTCCCAGGCCTTGGTAACCTTCCAACAACTATTGTTGCCAACTGCTGTGCCCTTTGGTCCCAAACCACCTGCCTGGTGCAACACAAGCCAGAAATTCCAGCTGAGCATCCCAGGACCATCAAAGTTTACACTAGCCAGGTGACTTCCAAGCCTGAGGGAACAGCCAGCTCAAACGTTTCACTCGGGATCACACCAAAAAGCAGCTGCCTGAATAACAGGACCATAACCAGCTCCACTAAG,"[[177913202, ""C"", [""T""]]]",yes,no,C->T,1
chr3,148233521,148233802,ATAAATTGTAGAGAAGTGACTAAAAAAAGGAGAGTGAGAAGCGTAAGCTCCAAGGGCTGGTAGATTGTGGGAAACAGGAAATGTATGGTAGATAAGAGTTAGTAAAATTTTTCATGCAGACTCATCTCAGTGTCATCTCATGTGGTAAGAGTCAACTGCTATGATTACCAGTATTTCTTCCCTTCCTAGTATGGAAAAGAAACATGTTTACCAGTAGAAATTTCTATTACCAATAGAAATTTCTTTTACTAAAGGGAAATTTAAGCCCTGCTTTTTAGTCAG,"[[148233552, ""A"", [""G""]]]",yes,no,A->G,1
chr4,115187122,115187575,TTATTAACAAAAAAGGTATTTGATAATAAGAATAATAACATATTTATCAGTCTGAAAAGTTAAAGAGGACTTCAGAAAGGAGATTATAATTTAGCTGCATCTTAGTACTTTAAAATAAAAGAACTGGTTTTATATGCATGATCTCACTGTACAAGCATGTTCCCTTCTCAACTCACACTAGTAGAGTTTTCTTTTCAGCCCTTTCATTGAAAGGACTATGGTCAAGGTCACAAAGAAGGAACTGATGAAAAATTTTAATTGTAACTCATGAACTCTGAGCAATACACATGTATCAGTATGTTCTCACACTGCTATAAGGAAATATCTGAGACTGGATAATTTATAAAGGAAAGAGATTTCTTTGACTCACAGTTCCACATGGCTTGGGAGGCCTCAGGAAACTTACTCTCACGGCAAAAGGGGGAGCAGGAATGTATTACATGGTGGCAGGAGG,"[[115187384, ""G"", [""A""]], [115187439, ""A"", [""G""]]]",yes,yes,G->A,2
chr19,7144759,7145127,TATTACTTCCCGAAAGTAGATTCCTAGAGGAAAATATTACTAGGTTCAGGGAGATAAGAAACTCTTTAAGCTTCTTAATACCTACAGCTAAATGGTTGTCCAGAAACTCTATATTGACTTGTGGTTGCACCAGCAGGCCATGAGACTGCATTCCAGGACAATCTCAGCAACCCCTAAGCCTTAATAGTTTTTTTTTTTCTTTCTATGTTTGTTTGTCTAGATCTTTAACCCAAGAGATTAAAAATATGCTATCACTCGACTACGTTATTTGCGGATCTTTATATTACTGAGTGTGACTTCATTTTTCCTTTATTGGTTCTCTGTGATTCTCCAAAGAATTGTCCCCTCCTTGTCTTTTGTCTGTTTTTC,"[[7144770, ""C"", [""G""]]]",yes,no,C->G,1
chr7,76173864,76174108,TCAGCCCATGAGCCTGGAGTGCTAACGAGCCTCCTCTGCCCACCTGCATCTCCCAGGCCTCACAGCGCTGAGGTGCAAGGCATGCTGGGAGCTTACTGGGGTCGGGGACATGGAGAGCTGGGTGCTGGCCATCACCACTGCTTCCTGTTGATGCCTAGACCCAGGCCCCAGGATCTTGGACCAGCAGCCTCCCCTCTAGGGGGTCTTAGTCACTGGGTCTGTAAATTGGAGCCTCTAAGCCTGGC,"[[76174005, ""C"", [""T""]]]",yes,no,C->T,1
chr3,55579533,55579915,CAGGACGTGCCAGGTCTTCCTCCAGCTGCTGGCTTCAGACCTCTCTTTCCAGAAGGATAAGAACTACCTGTCAAAATGCAAAGCTCTAACAATGAAATATACAGCGCATGCTGTGGGAAAGCCCTCGGTTTACTTCCACAGGCTGCAGCTGGTGTGCACGGCAGAAATGATTCATTCTTCCACCCAGCAAAACAAGTCCGTTTACAGGATCTCCTAAACAGAACACATCCTCAACCTTTCACATGCTGCGCACTCGGCTCATGATTTAACCTCCTTTGCGTTGAAGAGCCACAGGCTCAGTGCTGGAAAAGAATGCTCCTTCCTGCATTGCTGTCTGCTCCAAGGCAATATACTGTTACATTTCTAGGAAATCAGAATGTCTT,"[[55579539, ""C"", [""G""]]]",yes,no,C->G,1
chr12,60725069,60725305,GAAAAGGGAAAAAACCTATTTTCAATCATCTTTCAGATTTAACCAAATGTGAAAGTGAAAATTCTCTGCATATGTGTCACATTGCTAGAAAAGACTATAGTTGAAACTGGAAATGGAGTATAAATCTCCCAAGCCCAACCTGGCCATTCTCATGAAATATTTATTAATAATACTTGGTAAAAATGACAAATTCAGGCCAAACAAATGAAACCAACACTGTGAAATCAGGAAGTAATA,"[[60725082, ""G"", [""A""]]]",yes,no,G->A,1
chr2,3413771,3414140,AGCTAACTCTGTTGAAGCAGCTAACCTGCTTGACAGTACTGTAAGTGTTTAAAAGGTGTCAGTATGCGTAATCATCTCACCAGCACCCGCCACCTTAGCCTGCTGTTTCTGCTGTATCCTCTCAGTTAGCTTACGATAGTACCCATTTGCCCTGGCCAGAATCCAGGACTTTTACCTCCTAAATAATTCATATGAGTGTTTGTCTCCTCCACCCTGCCCCTCCCCTCCTGTGCTAGTTCAGGCCTTGTTTCCTTGTGCCTTGTTCACTAAGCCAGCTCAGTATCCTTTTTATTCACGTAATACCCCCCAAAGAATTAGAAAACTAGGTACCCCTCACACATTTTTAAGCTATCTAAAATGTTTTATCATA,"[[3413800, ""C"", [""T""]]]",yes,no,C->T,1
chr1,68893652,68893921,GGTACCACTCCTTCTGAAACTATTCCAATCAATAGAAAAGGAGGCAATCCTCCCTAACTCATTTTAAGAGGCCAGCATCATCCTGATACCAAAGCCTGGTAGAGACACACCAATATCCCTGATGAACATCAATGCAAAAATCCTCAATAAAATACTGGCAAACCAAATCCAGCAGCACATCAAAAAGCTTATCCACCATGATCAAGTGGGCTTCATCCCTGGGATGCAAGGCTGGTTCAACATATGCAAATCAATAAACGTAATCCATCA,"[[68893718, ""T"", [""A""]], [68893816, ""G"", [""A""]]]",yes,yes,G->A,2
chr11,103486605,103486951,GGCAAAGTGGCAAGAAAGAAAACTCTCTTTCAGCCCCCCCCCCCCCCACCCAGGAAAGAGCAAAGCGAGCAAAACGGAATTCTCTAACATATATCATTTGGAAGTTAGTATGCTAAAAGGAATGAGCAGGATTATTCCAGAACCACAAGTTGATCAATTCTTCATCTTGACAAATATTTAGTACAGCAGTGCTTCTGGCAAGAAGATAAAATGAATTGACAGTGCTAGTCAAAATACTTGTTACATTACATATTTTCATTGAAGAGTCACCTCTATAAAACTTAGGAAGATAATATGGGGGAGGAATGCTTTGAATTGTGAACTTAGCTCTCAGAACTATCAACTTA,"[[103486639, ""G"", [""C""]]]",yes,no,G->C,1
chr10,114975060,114975490,ACAGACTGTGAAATACTGAATCGTTTATCTTCTGGATTTTTTTTCTACCTTTTATTGCCATAGAACTATCTTCCTGTGCCAATGTGCTAGAGCTGACCCGAACCAAACAGGGACCATTTACGCTAGAAGAACATGCCCTTCCTGAAGACAAATGGACAATTGATGACATTGCACAGTCTCTTGAGCATTGCTCATCTCTTTTCCCAGCAGAGTTGGCACTTAAAAAATCAAAACCTGAGTCTAATGAACAGGTTTTGAGCTGTGAATATATAACTCTAAATGAGCCAAAGAGAGAAGATGATGTAATTAAGACGTGTTGAGATTGGCCTGGGAATATCATCATTTTCTAGTTGACATTTGAATCCTGTGTGCAGATGCAGAATGACAAGCTGCATTCAAAAGACAAACAATATGTCTTTTTTTTTTTTGCA,"[[114975067, ""A"", [""G""]], [114975113, ""G"", [""A""]]]",yes,yes,A->G,2
chr10,130711138,130711366,AGCAGTGTTCTCTGTGAAGCCAGCGCCGGGCAGGCTCCGAGCTCCAGCCCCAGTTGGCCAGGCAGCCAGATGCTGGACCAGTTGACAATAGGCTTCTGGGGCTGGACAGCCACAGGCTGGGATGCATGGCTCCTGCAGAGGGCAGGGCAGGTGGGGCAGCGGTGCTCTGCAGGGAGGGCGTGTCCCTGAACGGATGTAAGGTTGCTGGATGTAGGGTGGTAGGGCCTGG,"[[130711152, ""C"", [""T""]]]",yes,no,C->T,1
chrX,66036773,66037044,TATATTATATTATATATAATATAATATATTATATAATATTATATATTATTATATATATAATATGTTATATAATATATTATATATATAATAATATATTATATTATATATTATATTATATATTTTATTATATAATATATTATATGATATATTATATTATATGATATATTATATGATATATTATATTATATTATATAATATATAATATAATATATCATATAATATAATATATCATATAATATATCATATAATATAATATATAATGTAATATAATA,N,no,no,N,0
chr14,94696605,94697003,CCTCTGAAAGTGCTGAGATCACAGGCGTGAGCCACTGTGCCCAGCCGGTGTCCATGTTTAAGAATGCTTTTTTAAAGCATCTTTTTAAGAATACTTTCCGTTCACAGCAAGGGGTATGGTTGTCTGTTTATACACGGTATGTGGTTTCCTCTTGAAGGAAATTTACTAAAGTGAAAAGAGGATACAGTGTTACGAGAAATGATTAGTAACTGTGGACGTAAAATGTATTTAATTTTAAAATTTAATTTAATTTAACATTGTTAAATAAACAAGAGCTAGGGGGCTCTGCAGCTCTGGACCATGCCTGAGTGTGGCTCCTGCAGGCCTCTGGGTGGGTGAGCCCCATTCAGCCCCATAGCTCCTGCTTAGACTGCACTTGACCCAGACGGGGGACAGACA,"[[94696740, ""A"", [""G""]], [94696805, ""A"", [""G""]]]",yes,yes,A->G,2
chr8,134272796,134273040,TATTTTGAAGATACTATGAGATTGTTGAGGTGACGTCGCAAGAACAAAAAACCAAACACCGCATATTCTCACTCATAGGTGGGGATTGAACAATGAGAACACATGGACACAGGAAGGGGAACATCACACTCTGGGGACTGTTGTGGGGTGGGGGGAGAGGGGAGATACACCTAATGCTAAATGACGAGTTAATGGGTGCAGCACACCAGCATGGCACATGTATACATAGGCAACTAACCTGCACA,"[[134272817, ""C"", [""T""]]]",yes,no,C->T,1
chr12,26627395,26627743,CTTTCAGGACCTTTGGCAAGTAACTTAACCTTTCTGACCTTGGTTTTCTCCTCTGTAAAATGGCACAGTAAACAGTATGTCCCAGTCCTGAAGATTACAAAGGAAAAGGCATTCATAGGAGTTAGCAACAAACGACAGCAAACACCCTCCACACCATTCTAGGAGAGTTATTTCACAATCTGTCTCAGTTCTTTGATGTCGTTAGTGGAGATTACATCTACATTTTTGTCTCGTAAAAATATGAGGAAACCATCATTCTCAGCACACTAACACAGGAACAGAAAACCAAACACTGCATGTTCTCATTCATAAGTGGGAATTCAACAATAAGAACACATGGACACAGGGA,"[[26627659, ""A"", [""C""]], [26627713, ""G"", [""A""]]]",yes,yes,A->C,2
chr7,10245503,10245814,GTTCATAGTATAATTAAGGAATGACAACTGCTGAGCATGCCAACAATGAATGGAAGAAGAGAAAAGAAGTATTGAGGTATGAATAAGCCAAGCTGTAATTGGGTAGAGCAGAAGACAGAGCAGATGGCTACATTTTCTGGACATCTGTTGAGAACTGGATACTTATTAGAAGGCAGTGAATTCTGAATTGGCATAAAACATCAGCCTAGAAGATTATTCTATTAGACATTATTGGAATGACTTAGGGTGGTTTGAGGTCAAGTAAGAATTGTTATTATTAATTATTATTATTATAACATTTTATACTCTTTA,"[[10245618, ""G"", [""C""]]]",yes,no,G->C,1
chr22,16090948,16091395,ATCTTAGAGAGGTATATTTTGTGTTTTTGTTTGCTATATCTTTTATAAAGTAGATCCCTAATGATTTGAAAGTTAGAACCAATTTTCTGAAGGATTGAGCCACACTCCTTGAACTTTTGTGTTTGTGGGTGGCACACTATGTCTTTTGCAGACCCGGTACCTACCCCTTGGTCTAGAACATATTTTTATCCACCTGTCTTTCAAGTTTTTATTTCAGCAGGGGTGGGTGGTTTGTGGTTGACCAAAAATAGAATGGGCTACAAAAGCCCTTCCTGTTGGATATTGAATCTGTTATTTGAGTCACCCTTACATTATGAATTGACTGTTAATTAACACATTTGGTAAGAGAATATCCTGATCTGCTTTGCATGTGAGGCTCTCCCAGTAATAAACAAAGAAGCATAATTAAACGAGATTTTAATTTCTCTATGCCCTGTTAGAAATTCAG,"[[16090998, ""A"", [""T""]], [16091239, ""C"", [""T""]]]",yes,yes,A->T,2
chr10,109183341,109183733,TTACTGAGAATGACAGGATTTCATTTCATTTCAGAGCTGAGTAGTATTACATTGTGTATATATATCACATTTTCTTTACCCACTCATTTGTTTTTGGACACTAGTTTTACTCCATATCTTAGCTATTACAGTGTTGCAATAAAAATGGGGGTACAGATGTCTATTCAACATAACAATTTCCTGTCCTTTTGATATATTCCCAGTTGTACAATTTCTGACTCATCTGGTGGCTCTAGTTGTTTTTTTAAGGAACCTTGTATTGTTCTTTTTAGTGGTTGTACTAGTTTACATTCCAGCATGAATAAGAGTTCCCCTTTCTCTGCATCCTTGCCAGCACTTGTGACTTTTTGTCTTTGTAATAATAGCCTTCCTAACTTTAACTTAGGTCTGTAT,"[[109183347, ""T"", [""A""]]]",yes,no,T->A,1
chr3,81872588,81872929,TAAGTCAATATATTGTGCAGTTTTGAGTGACAGAAGAATTACACCATTATTCTTTGTATTTTGGTTTCTGCACTAAGTTAGTCATGTTCACTGTTTCATCATCAATTATCATTCACTCATTTTATAAAATTTTAGCATCTGCATTTAATGTTACTGTATGGTTTCTGTTTACTACAGTTGGTTGCAATAGGCACAGATGACAATTTCAGAGCTGTGTATAAAAGGTCACAAAAAGTAAACATTCAAAACAGAAACATCTTACTTCCAGAAAGTATAAAATTGACGTATGAGTAAGATGTCAAAAGTTATGAAAACTGGAATGTGTTCATCTCATTATATGTA,"[[81872765, ""C"", [""T""]], [81872778, ""A"", [""G""]], [81872924, ""C"", [""T""]]]",yes,yes,C->T,3
chr17,6118601,6119009,TTTTATTGAATGAGACCTGCACCTTGTGGGGCATTCAGGGAGCAGTGAGATGATGTGCCTGCCTGGTCTCTGGTCAGAGCTCAGCATGTTAATTCCCTCCTAAGCTGCCTCTTGCTGACTCTTCACAGTGTCTGGTGGGGAAATCACATCAGCCCTACATTCCAGATGAGCCCAGAGAACATGGCTGCAGGACTTGGCCTTGGTGGTGAGCAGCAGAGCTGGGACTCACACCCAATGTCTTAGTCAGCTCTGGCTGCCATAACAAAATACCACAAAACTGGGGGATGGGGCAGGGGGTGGTGCTTAAGCAGCAGACATTTATTTCTCATAGTCTTAGAGGCTGGGAAGTCCAAGATCAAAGTGCTGGCTAATTCCATTCCCAGGAAGGGCCTGTTTTCAGGCTTGGAGA,"[[6118607, ""A"", [""T""]]]",yes,no,A->T,1
chr1,162976638,162977029,CCACAGAGTTCACTGACTTACATGCCAATCTCCTCCAGAAACACCCTCACAGACACATCCAGAAATAATGCTTTACCAGCTGTCTAGGTATCTGTGTTAGCTAACCAGTGCTGTGTAACAAATTACCACACACTTAGAGGCTTAAAACAACACACATGGATTATCTCACAGTTTCTGTGGATCAGGTCTGAACATGCCTTAGCTGGGTTCTCTGCAAGGCTGTAATTAAAGCGTCCAACAGGGCTTGGGTCTTGTCCAAGGCTTAACTGAGGAAGGATCCACTTCCAAGCTCACGCAGTTGTTGGCAGAATTCAGTGCCTTGCAAGCTACCAGACTGAGGATCTTGGTTTCTTGCTGGCTGTCAGCTGAAGGCTGCCCTCGGTTCCTTGCCA,"[[162976656, ""C"", [""T""]]]",yes,no,C->T,1
chr3,110562658,110563007,TTTCATGTTTATTTAGGACCTCAGAGCCCTTTAGCCCATGGTAGCAAGGCTTACCAAAACTCAATTTCCAACTAGTAGGATAGACGATTCCCCTCTGACTAGGGCTGGTCTAAGTGCTCCTTCTGTGGGCACTGGCTGAGTCATGCTTGGTGTTGTTTTCTGCTGTGACAGGGCAGTACTGAATTCCAAAGCAAAGTCCCACAATCACTGCATTCTCCTTCCCCCAAGTGTACAGCTTTTCCATGCCAGGCAGCCAGTGCCAGGGAATGGGGGTGGAGTGGTATCAGCAATTCAAGACCATTTTTCCTACTCTTTGCAGTGTCTCTTTTTAAATATCTGTTTAAAATCTA,"[[110562734, ""G"", [""A""]]]",yes,no,G->A,1
chr13,53249267,53249559,AACAGCTAAAGAAGGAGAGATGAGATGGCACCAGGGTGAAGGTTTCTCTGTGACCATGTTGATGGGGTTGACAAGTGAGCTGAGGCTACCTGTACTTCCACAGAGTTGAGCCAGTCAGTGCTCCCAGGCTGGCATCATGTGACCACCATGAAGAACAAAGGCTCCAGGGAACTGTTTAGAGCTGCAGCATGTGAAAAGACGAGGCCAGGCAGATGCCCTCCCATATATGGGAAAGAAGACATGAAGAAGGATGAGGATGGTGTGCTTATTTCTCTCTGTCAGTAAAAACTTTA,"[[53249345, ""C"", [""G""]], [53249438, ""T"", [""C""]], [53249446, ""G"", [""A""]]]",yes,yes,T->C,3
chr9,132444338,132444562,ATCCACAGCTTGTCATTTGGGCAGGAAGTGTGCTCTCTCCTTTGAGAGTCTGCCTTATTATGGGCTGGATCCATGCCAGGAAAGAGGAACGAGAGGGGAATGAAGCAGGAGCACATACACTCAGCACATTCATGCCATGGTTTGTCCTCTTGGCTCATGGCCCGCCTCCAGGGCCCCACAGGTTCAGGAGGTGCCTGTGGTTAGATTCAAGAGAGATGGCCATGG,"[[132444385, ""A"", [""G""]]]",yes,no,A->G,1
chr1,198105202,198105566,ACTCTCAGCTCTTCCCTTTTTTCTCCTTGTTCTTCCTCTTCAAAGATAGAGATGATATTAGAGATGGGAATGCAGTGGAATTATTTTTAGATTGTAGCTCTTTTGACTTTGTCTCTCCTTGGGTATTCTGGGACCATCATCATTACTGGCTGTGATTTGATGGAGGCTTCTGTGAGCTCTTTTTGGTCAGCCAGTCACCCGGTCAGCTTGGAATTCCAAGTCTGAGAGTGTGACACACACTGCACAAAAGACCCCAGCAGCAAGCTGCTCCCTGTGAATCTTAGATATCACTCATTCTACACAGGCTTTGGTCTTCATTTCCATTAGGGGGCACTTCTGTTTGTAGTTTCAATAAGCCACACTTT,"[[198105213, ""C"", [""T""]]]",yes,no,C->T,1
chr15,72124303,72124657,TAATCTGTGTACTCAAGAGGGTTGTATAATAAATCTTGATGGTCATTCTTACATGCCACATTATACAGATCTCCAGATGGCTTAGGCTTAGTTTTAAAAGGAAACGTTTTAATTGGGGGGAAATTGAAACCCCAAAAAAAAGCCATGAACTTCCTTCCTGGAAATATTTTTGCCATAAAAAGCATATTTGGTCTTGGATGTGATTCTTTTTGTGAAAGTGCAAGTTGAATCAGACATTAGAAGTTGGACATAATCTTCTAATTTTAGTAAACATCAAATTATTTTTAAATATTTGTGTTTGAACATTTATGGAAAAGAGATTAGATTTACCTGTTTTATCCAGAGGACAGAAGTA,"[[72124326, ""A"", [""G""]]]",yes,no,A->G,1
chr9,131147850,131148188,GAACATACCTTGGTAACTAGCATCCAGATCAAGAAACAGAATTTTACGAGAACCTGGCTGGGCACAGTGGGTCATGCCTGTAATCCCAGCACTTTGGGAGGCCAAGGCGGGCGGATCACCTGAGGCCAGTAGTTCGAGACTAGCCTGGTCGACATGGTGAAACCCCGTCTCTACTAAAAACGCAAAAATTAGCCGGGCGTGGTGGCACGTACTTGTAGTCCCAGCTCCTGAGGAGGCTGAGGCATGAGAATCACTTGAACCCGGGAGGCGGAGGCCAGAACCCCAGAGTTCTTTTTCACCTGTCCCCTTCTAGTCACTACTCTTGCCAAAGAGTAGCTG,N,no,no,N,0
chr9,78565501,78565938,AATGTTATCATGACAGTAAGCTCGTGAGTGGGATGATGCTTTGTCACAAGGGAAGTGCTAGCTACAGAGAGTGAGGGGAGCAAGGGCTCCAGTCTTTGGCCCCGGCTAGGTTCTATGCATGTGCCCAAGGACGGGCGTCATCTGTGCAGTGCTAAGTGTTGACCTGTATGCAGATTCACTGCTGCAATCAGCTGGGCTTTGTGCTCTGCCCAAGAGCCACTTTGGCCTGTCTGAAGGAGGCAGCTGTTGTAAATTATAAGTGCAGATCCAGGGGATAATTCTTGGCTTTCAACATGCTGTGAAGGTTTCAGCAATTAATTTCTTCTGTTCTTCTTACAGCCAAGGATTCTCCTCCACGTCATTCATCTCTTCAGGCAAAAGCCATTGGTGGCTTCTGAGTTACTTTCTCATTAGGTTTATGATAGGAATTACCTGAGT,"[[78565516, ""A"", [""G""]]]",yes,no,A->G,1
chr1,218616697,218617040,TATTTATGTATGAAGTTTAATGCTAAAAGGTGCCATTAAAGGTGAAGACCACATCTAGTGTCAAAGCGGTAAAATCTTAAACATCCCTAATGACTGCTTTTAAGTCATTGCTATTTCTTACAAAAACAAACCACTGCTAGATTAAGTGTGGGGCACTCACTTTACAAATGATATCAGTCATCTGAATTTCTCCTTATGGAACTTCTGCCAAGTTCAGACTCTTTGCCAAGGATGATTTAACCATTCAGAGTGTCAAACTGACCTTGTGCATAAAGGAGGGGGTGGGGAGAAGCCTAATTGCCTGAGCATCATTTTCTCATATTCTAAAATATTGAGGAGATTAA,N,no,no,N,0
chr1,171061465,171061736,CATCAACAGCAGAATGGATTTAAAAAATGATGCATTCGTAAGATGTACTTGTATATAGCAGGTTCAGCAAACTCTTTCTGTTAAAGGCCCAATAGTAAATATTTTAGACTTTGAGTACCATATAGTCTCTGTTGCAACTCTGCTGTGGTATGATGAAAACAACCATAGATATGTAAACAAATGAGCCAATGTGAATGGCTGTATCTCAAGAAAACTTTATTTGCTAGCCTCTGCCATGTAGCAATGGAAATGAACAAACTATTGCTACATGA,N,no,no,N,0
chr5,71739994,71740378,GCAGTCTTCTTGAAATTACTTTACTAAAAACGTCAATATTATACTTCTAAGTTTTATCCCTATTGTTTTATTTGACAACACATCGTTTCCAGTTTTGTATAGTATTCTATTGTGTGTTTATACCATCCTTTACAAAAGTCCATTCTTCTGCTATTAGAGTCCATTCTTTCGCTATCACAGAGTCTGCAATAGACTTTCTCATACACATCATTTAGGGCAGTTTCAGTATCATGTGGGAAACGGTTAGAAATGCAAATTCTTAGACCTCATACCAGACGCATTGAATCGGAAACTCTGAGGTGGGATACAGAAATCTGTGTCTTAACCAGCCCTCCAGATATTTTGATGCTTGCAGACAACTACTGATATTGGGAATTTGTTTGGG,"[[71740218, ""G"", [""A""]], [71740281, ""A"", [""G""]]]",yes,yes,G->A,2
chrX,14306514,14306733,CAGGAGATCCAGACCACGGTGAAACCCCGTCTCTACTAAAAATACAAAAAATTAGCCAGGTGCGGTGGCAGACGCCTGTAGTCCCAGCTACTCAGGAGGCTGAGGCAGGAGAATGGTGTGAACCCGGGAGGCGGAGCTTGCAGGGAGGCGGAGCTTGCAGTGAGCCGAGATCGCGCCACTGCACTCCAGCCTGGGCGACAGAGCGAGACTCTGTCTCACA,N,no,no,N,0
chr3,144272782,144273045,GATCATTAGGTAGGAAAACAGGCATTTTGCTTAAGACTGCAGAAGTTGCAGTGTTTGCTTAATGATTACTACAGCTTGCTTTGTAATTATGATTGCATGGGCAATCCTGTACAATCCCGGGAACTTTTGGAAAGTAATGACAGTAATTTACAGCCATGTGGTTTTGTGTGGATGCTTAAGTACTTGGTCTGTGGCCTGCCTGCATGCTCCATTGACTGCTTGATGGACCCATTCCCCACCTGCGCTACTTCCCCGCCCTCTTTA,N,no,no,N,0
chr16,13428071,13428299,TGTCACTGAAGACACAGAACAACAACATACTGGCAAACATCCAAGCCAATAAGAAGATGCAAACTGTGTGGTCAAGGTTTAACTAGTCTTGTGATGAAAGGGACTGCCATATGGGATTGTTTTTATTTGTTGTGGGTAATTTTCTGTGGAAGAGTATCCTTCTAACCTAGCATAATGAAGCTGATTATTTGTGCTTAGAATAACTAGCAAGAAAAACAAAGAAAGAGAG,"[[13428092, ""T"", [""A""]]]",yes,no,T->A,1
chr4,140996666,140997160,GCAAGGTAAAAAATTTTGGTTTCTAGCTTCTGATCTAGTTAGGGAAAAAATTTGTACAAGAAATATTCAAAGAGCAAAACTATTTAGCAAAGTGTTGGAGAGTCCTGTAGTCCAGGTTTCCTAATGCCATGTGGCAAATGTTCATTGTGTGGTACAGACCAAGTATAAAAGTGAGAAAAGCAGTCATCAGGAAAAACTTCACAGGAGAGAAGAATGTGAGCTGGAAGTAATGAGGCAGAAAGGAACTAGGAGAACATTCCAGAATGTGAGAGATTCATGAGCCAATACATACAGTGTGAAGTAAATTTGTGTGGTTTCTCTGCTTCCAGGAAACTCTCTCATATTTCAGACCCATTGAAGAATTCTGTCCTACAAACCACAAGGGGGAACAATATAGTAACTTCTTTTCCAGTAGAAAAATACCTCTTGACACAGCAATTCCACTTTTAGGAACTGAGACTACAGATGGAAGTGAGTGTGTGTATATACACATAT,"[[140996695, ""A"", [""C""]]]",yes,no,A->C,1
chr19,37116787,37117075,CAGCACACCAGGAGATTATATCCCACAGCTAGCTCAGAGGGTCCTATGCCCATGGAGTCTCACTGATTGATCTCAGACTGCCGTGCTAGCAAACTGCAAGGCAGCAGCGAGGCTGGGGGAGGGGTGCCTGCCATTGCCCAGGCTTGCTTAGGTAAACAAAGCAGCCTGGAAGCTTGAACTGGGTGGAGCCCACCACAGCTAAAGGAGGCCTTCCTGCCTCTATAGGCTCCACCTCTGGGGGCAGGGCACAGACAAACAAAAAGACAGCAGTAACCTGTGCAGACTTAAA,"[[37116814, ""C"", [""G""]], [37116868, ""T"", [""C""]]]",yes,yes,C->G,2
chr12,1406195,1406446,CTCAACAGCATTTACATAGCTGGCCTAAAGTCAGCTGGTGAGAGACAGAGCTAGAGTTTAAACTCAGGCAATTTGGCTCTTTTAAATCCCTTGCTCAGACATATTACATATCTCTGTAAATTTTTTTTATGAAACTAGACAAACTATTTTTAATTCATCTAGAAACTAAAATGTGTTAAAAATAACCTGTCAAATTTTGACAGAGTAGAATTGGTGGACATATTCTACCAGGTATGAAAATATGCTATAAGA,"[[1406216, ""T"", [""G""]], [1406221, ""G"", [""A""]]]",yes,yes,G->A,2
chr8,77634140,77634582,GCTGTGCTGTGAACTATTTTAGAGCAGGAAGATTGTATATTCTCCAATGAATGTTTCTGTGCACATCTGGATATATGCAGAAAACTAATGTAATTAATGGTCTATGTAAAACAAATTACTGTATTTGAAATCTCGCTCTTTGATTCTGGGTGAGTAAGTTTGTGGTTACAAAATTAGTGCCTCAATAAGGCATGCATACATGCACAAACACACATTTCATTCCACAAACCACCAACTCCAGTAATGAGTGAGGAATTTAGACCCTTGGACCAGATTGATGCTGTTAATTAATTTCATCTGCCTGAGATACGTGTTTCTAAAGAGAGAAACTAATCATGTGGCATTTGAATATATTTTCAAAATATTGTAGTAATTAGAAATTACAAGAAATATAGCATTACTACATATTTTATCATTTATATAAATGAGTTAGTTTAATGGAT,"[[77634167, ""A"", [""G""]], [77634329, ""T"", [""G""]], [77634401, ""T"", [""C""]], [77634418, ""C"", [""T""]], [77634479, ""A"", [""G""]]]",yes,yes,T->C,5
chr3,8875860,8876184,TTTCAATTGTGTGCTTGTAATTCCAAAGTTATATTATGGGGACCAAAAAAAACTCCCAGCTTGCTGCCTACCTGAACCCCATTCAAGAAAAGACATTTACAATAGCATGTCAGCCTTGCTGTCTATTCATTTGACACCAAGCCAGCTGGCTTCTTTGGAGAGCACTAGAGTAAGAGCAGCTCTAGAATCTTGCCAGAAAATGTATCCAGCTGCTATCCAAAGACTGGGTGTGAAACACTATAAAAGTATTTCTTAGCCATTCTCCTCAGAGATCTTAAATACAAGTTGAGTATCCCTTATCTAAAATGCTTGGGACCAGAAGTGT,"[[8875917, ""T"", [""A""]], [8876019, ""A"", [""G""]]]",yes,yes,T->A,2
chr2,166743466,166743835,CCCATGTCTTTAGTCCAGTGGCTGCGCTAGTCACTTTTAACTGGCCGACAGGTGCCTGGTATTTAGCCCCCAAATTCTAAGGAAAAATAGGACAGAATAGCAAGCTAAAGGGGTCCGATAGTACTCACTGCTTGGTGATTGTCCCATCTGGGTCGCCAAAATGTGCCCCACGTTGGGCGCCAAAATGTGTCCAGAATTTATTCCTTCTGGTGGGTTTTTGGTCTTGCTGACTTCAAGAATGAAGCCATGGACCCTAGCGGTGAGTGTTACAGCTCTTAAAGATGGTGTGTCCGCAGTTTGTTCCTTCAGATGTTCAGATGTGTCCGGAGTGTCTTCCTTCTGGTGGGTTTGTGGTCTCACTGACTTCAGG,"[[166743469, ""G"", [""A""]]]",yes,no,G->A,1
chr5,109241150,109241356,GGAGGGAATGAAACTTTGGGCTTGCAGAACACCTGGCCTTCTTTGAACACCTCCCGGCTCTGAAACTCAGGATGTACCACTGATTCTACTCTGGTCCCCAAAATAACTACAACCTGAGCCAATGAGATTATCCCCCAGGCATGCTATAAAGAGTCTGTGGGTAAACACTGAAGACATGATAGCCAACCAGTACCTCTTGACTTTTGC,N,no,no,N,0
chr5,279201,279691,CCCGCTAAGAGTATGACACAGCCGCATCCTTGCCAGGGCCGGAGGGAGGGTGGATGGACTTATAGGTGTTGCTTGTGGCTGGGTGACTTGCTTCTGCCAACGAGATTTTCACAGACACAGCACAAGCAGAAGCCTGGAATGTGTGGCACTGCCAGGCCTGCCCTCTTAGGCTCTTGATTTTCCCCACGAGATATGCGTGCCCCAGGGAACGGCGGCTCTGGCTGTGGAATGAGAGGCGTGTGGAGCAGGCATGGTTCCCACCCTCAGCCTAGAGTCAAGGCCAGACTAGATCAGCCTAAGCCCAGCCACGCCACGGGTGCAGCAGTGAAGAGCAAATGCCAACTGTCCATGACAGTGACTTTCAAAGGGGCGTGTCATGTGCCTCATCCCAGCAACAGGGAAGGCATTTCTCTATCAGTCAGTTGGTAAATGATTATTGACAGTGTGTGGGAAGGTGGAGTTATTTGAGTAGATTTGGCCTCTGTTCTCAT,"[[279204, ""C"", [""G""]], [279218, ""G"", [""A""]], [279319, ""G"", [""A""]], [279643, ""A"", [""G""]], [279684, ""A"", [""G""]]]",yes,yes,A->G,5
chr20,6829725,6829998,TACAATGAGGGACTAGAGCTGTCTTTCAGGTCCAAGGAGCAAGGTTATTTGAAGAAAGGTCAGCTGGGAGTGAGTGTTCTTGAGGAAACATCTGCTCCATAGGGATGTAGACCCTTAGAAGAACATCCTTTGCAGGTTGTGCATGAGACAAGCCATAAATTAGTAGGATGAGCTCCCCCTGTAGTCTACTCTGAGTACAGAACTACCTTACAGACAATTCAGTTAGGCCTCAGACATCACAGTGCACCAAGGCAAATAAATCCACAAGTGGGAG,"[[6829777, ""G"", [""A""]], [6829783, ""C"", [""G""]]]",yes,yes,C->G,2
chr18,64385385,64385589,TCTTTTTGCCTCCACTTTTTTTGCTCACTCCTTCAGACTTCACGCTGACATAACTTAGCTTCCCCTCTGTGATAATCACATTTTGCAGACAAATCATTTCTGTGGTATTTCTATGACACTGTATTAGAATTGTTTATGCACATGTCATCTTTCTCTTGCTGGACCATAAGGTCATTCAGGTCACAGATAGTCGTTGTTTGTATCT,"[[64385395, ""C"", [""T""]], [64385428, ""A"", [""G""]]]",yes,yes,A->G,2
chr11,88544891,88545328,CATTATATTAAGGTTTGCACTATAGAATCCGGTAGCCAACTAATGAGAATGTTCTATTTGACGAATGAACATTGATTTACATCTTTGCCTGGGCCTTTGGGAGACAAAAAACTTCCTCAAAGAGATGGGACCTGAAATTGCTTTTTGCTAAACCCTCAACCAACATCTGGTTTCCATACCCAATGATGACTCTTAACTCTATCTAACCTGACTCATCTGCAACTGGAACTATTGACTACTTCTTCATCTTTGAAACACATTTTTCCTGTCATGCTATCACTTGTATCTGGGTCTCAGTTCTTGGACTTTCTTTATTTATCTAGTCTCTGGGCTCTGTTCTTGGTTCTTCCAAATTGTGCTTACAAACAAACCCCAAACTCTCCTAATTATTGGTCCAATTTTCTTGCAGTTTCCTGGACTTGTTCACTTAGATGTCTC,N,no,no,N,0
chr15,47304659,47305088,TCTTATATACCCATTACTTGTAAAACTCAAATTGCTAGAAAGTCTCTTGTTCTGAGGATTGATGTATATTTTTTTCCTAAATTGCATTGAGTTGAAATTATGAACAGGATTCTTATCTGAGCTACCACCTCACATAGGCTGCTGTGGTGACTAACAGTGGACTGATTATGTGAAATGGGAGGAAATTTGCCTACAAGACCTGCCAAGTTTGCAATCACTCAAATATATTCAACAACAATATTCAGTCCTCCTGAATTATTAATGAAGCAAAGCTGAAAGACTCACCCTGACCATCTCTATTCATACTTAGATGAGAATTTATTAGGGAAACAAAAGTATATGCTGAGTGTTGTTATATTAGCACCTGTTTTTCATTTATGTCTTCTGTAAAGATTAGAAATAATCATCTGGGTTTCTTATTAAAAACGTA,"[[47304765, ""A"", [""G""]]]",yes,no,A->G,1
chr22,19033565,19033840,GATTTGTAAGGTGGGACCTGGCACCTACACAGAGGGTGCATCTGGACTGCTGTGTGAGGATGCTCCTTTCCTCTGAAGCTAGCCCCTGTGGAGGGTTTTTGGCCCTGTAGGTTGTCTCAGCTCCCGTGTGTAGGGGGTCCTGGTCCCTGTGTACACGCAGGAGCTCTCATGCCCTGTGTGGGGCTCCTGCCTCTGCCTAGGAGGGGTCCTGACCACAGGGTGCTGACTTGTGTGGCTGTCATTCTCCAGGGTCCAAGGGCCTGGAGGTGCTGAGTC,N,no,no,N,0
chr22,35804436,35804759,CCTAGACACATCATAGAGAAACGGCTCAAAGCCAAAGACAAACAGAAAATCTTGAAATCAGCAAGAGAAGAACAACTCATCACCTACAGGGGGACCAACACCAGGGTTAACAGCTGACTTCTCATCACAATCAGCTGACTCCCATGGGAGTGGTCCATGGGATGACATATTTAAAGGGCTGGGGGGTGGAGGAAGAAACTGTCAACCAAGAATCCTATAGCTAACAAAACTATCATTCAAAACTGAACACATAAAAAAACAACATTCCCAGATAAACAAAAACAGTATTTGTTTCCAGCAGGCCTAAAAAAAAATACTAAAAGA,N,no,no,N,0
chr6,42736021,42736376,TAGTTAATTGGAGAGATTCAGATAACACCCATGGAGGGGTGGCAAAGTGGTACAGGAAGGAAAGGCGGCCCACAAGACTGTGCTATTACACCAGCTTCCACCCTGGAGAAGGAAATCCCTGGGGGAAACACATCTCAGAATTATCCTGTCTTGGGTGAGGGAGCTGAGCTATTTATTCACTAACTCTGGAGAGTCATTCATCTGAGGGCTGTTCCCAGGATAAGTCCCCAGCAGCAAGGCTTACCACAAGAGGAATCAGAACTGTCAGACACTTAATACTATTGTGCTGGGCACAGCGAAAAGTTCAAGCCATGTGGATGGTCAAGCGGCACCCTCTATTACACTACTATTTATTA,N,no,no,N,0
chr12,94026649,94027020,CATTTTACAGACAACCAAAGAAACATGATCCAACTGTATTATTCTTTTACCCCATGTTTTCACAGTTCCATATGGTTAACATCAGTTGGGTGGTTTCTTTAGAAACAATTAAAAATCTTGCCAGACACACAAGAAGAAACCATGTGAGCATGTTTTCTGCTTGCTGGTGACATTTTATCCCCTCCCTATCCCTTTTGTCTTTAAAGAATTACTCAGTCTGCTGGAGTAGGATCCCTTAAAGGCTGGGAAATGACAGTCCCTTCTTACCACAATCCAACTTAGGTCTTTAGGCAAACAATAATGCAGAAGGACATCTGTTTTGTTTCTGTGGCTCCCAAATGACAGTATTAGAAAATGAAGCCAGTATGAAAA,N,no,no,N,0
chr7,130505805,130506111,TTAAGGACCAATAGCATCTGTGCCAGAGATGTACTGTTATTAGCTGGGAAGACCTATTCTAACAGCAAATAACAGTCTGAGACTCCTCATACCTCAGTGGTTAGAAGCATGTCTCTCTTGAGCTACAGTAGAGGGGAAGGGATTGTTGTGTAGTCAAGTCACCATGCTGAATGTACACTGATTCCTTTATGATGACTGCTTAACTCCCCACTGCCTGTCCCAGAGAGGCTTTCCAATGTAGCTCAGTAATTCCTGTTACTTTACAGACAGGAAAGTTCCAGAAACTTTAAGAACAAACTCTGAAAGA,"[[130505859, ""A"", [""T""]]]",yes,no,A->T,1
chr7,65480649,65480860,CGGAGCCTTGCTCATTGCTAGCACAGCAGTCTGAGATAAAACGGCAAGGTGGCAGTGAGACTAGGGGAGGAGTGCCCACCATTGACAAGGTTTGAGTAGGTAAACAAAGTGGTCGGGAAGCTTGAACTGGGTGGAGCCCACCACAGCCCAAGAAGGCCTGCCTGCCTCTGTAGGCTCCACCTCTGGGGGCAGGGCACAGACAAACAAAAGAC,"[[65480691, ""C"", [""G""]], [65480692, ""A"", [""G""]], [65480796, ""T"", [""C""]]]",yes,yes,A->G,3
chr20,57753226,57753563,TCCGCCAGCAATGTAGCGAATTCCAATTTCTCCATTTCCTCACCAATACTTGGTATTGTCCTCTAAAAAAAGATCCTAGCTGTTCTAGCGGGTGTGAGGTGGTATCTCATGGTGGTTTTGATTTGCATTTCCCTAATGGCTAATGATGCTGAGCATCTCTTCCTGTGCTTGTTGGCTGTCTGTATATCGACTTTGGAGAGCGTATTGATTTTGCATTCCTGGTGCCTCCTGCAGGGCCTGGTGCGGACCCAGTGCTCCAGACGGCTCTGCTGAGTAAAGAACAGGAGAATAAACAAGTTGTGTTCCCCTGCCGTGGTCCACGCTGGGCTCCTTGTGGA,"[[57753229, ""A"", [""G""]]]",yes,no,A->G,1
chr8,136077947,136078250,TATTCAGGTTGGGCATGGTTAAGCAGAGCCTCAGACCACTATTCACTTGTTACTCTACCATCTCAGGACCGTTCATTTCCAATCACAGTGACAATAAGGAATAAAAGATGCTAATTTGCTCTTAACTGCCTCTTACCAGAAGTGACACATCACTTTGGCTTTCATTCCCTTGGGAGGACAGTCACAGAGTATCATCTGGTTTCTTGGGGGCTTGAATATGAAGAGGAGCACATGGATATTTATGTGTAAACAGGTTCTGCTATCCCTACTCTGTGCCAGGAGCTAAGAATAAAGAATTTAGTAA,"[[136078017, ""C"", [""G""]]]",yes,no,C->G,1
chr20,33232483,33232899,CCCAAAGTGCTGAGATTACAGATGTGAGCCACCACACCCGGCCAGAAATGGATCTCTTGATTGACAAAACAACCTGAGCAAAGGCTCCCAAACACAATTGCAACCTGAGAAGCAGGAAGGAAAGGCACCACCTACAGTTTCTGAGAAACACATGGAGAGGGTATTGACATCACCAGAGTGGGGAAAACCTCTTGAAATGTTCGTGGTGTGTCCTTCCACTTGTTTCCTGGTGCCCTGAGACCTTTCCCCTGTTCAGGGCAGGGAGCATGCAGTCCCTGTGGCCACAAGGAAGGGCAGTTTCAACAGAAGCAGAAACAAGGCTCTTGACTTTCAAGAGCCTGGGTTTTTGATAAAGTGGTAGTGACAGAGAACAAACAGGTGGTTGCCAGCAGATGAAGGCAGGGTGTGGCTGTAAAG,N,no,no,N,0
chrX,122907468,122907771,GCCAGAACTCAAGTGAAGAGGAACCCACACATTTAGAGCATTGAGAGGGACCACAGATGCAACTGCAAGGATACATAGGGGAGCCACACAACTGAGCAAGAATCTACCAACTGACCAATAAGTGCCACCTACTGGATCACACGCCAAAGCTTCAACACCAAAAATAACTCACTAACATTTCCCCACCTGAAACCAGAGACCAGATGTTAGCTTCAAATAAAGATGCTGCACAAAGTCTCAGCCCAGTGAAAACATCCAGAAAAGAAGACTACTGACTGTGCTCAATCTACACTGCAGTTAAACA,N,no,no,N,0
chr6,344936,345314,GGTTCCTGCTGTGCTGCTGGGGCATTGAGGGGCTCTGATTGAACATGGGGGGCGCCGTCCAGAACTTCCCTCAACCCCAGTCTGTGGTAACTATGTGTTTCAGGGATTTCTTACAGAGAAATTCCAAAACTTCCAGACAACCCACAGCCTTCCCTAGACCTCAGCATTGTAAATAATGGATTCTGAGGCTGAGACAGCTCCAGCCACAGACAGTATGACCAGGTTTTGATGGTATGGGACTAGGAGAGCTTTCAGTAAACCACAGGAAGAATAAATTCTGGTTTCTTTCTTTTTTTTTTTTTTTTCCTCTGTTGCCCAGGCTGGAGTGCAGTCGTGTGATCTTGGCTCACTGTAATCTCTGCCTCCTGGGTTCAAGAAA,"[[344971, ""C"", [""T""]]]",yes,no,C->T,1
chr10,121873382,121873683,TACTGATCTTGCTTTTCTTAAAGTATTCTCATTTACCAAGCCTGGTACCATTGTTCTATTCATCATCGGTAGCCTGACTCATAACATAATCCTTTCTCATTCCCGCCAAAGAAGCACTTAATGCTTACCAAAATTTTCTAAACCATTTTCCAAGTGCACAAAATTGTAGTTAGACCTCCTATTAGTTACAATCAGTAAGTTCTTTTTCTAAGTATAGGGGTGGGGGGAATAAGGACCAAAGAAAATACACTGCTAATTTTGTCAAAAGATCCTAGCAATTTGGATGTAATGACTTCCTTTTT,"[[121873388, ""C"", [""T""]], [121873603, ""A"", [""G""]]]",yes,yes,A->G,2
chr4,132063865,132064145,ATGGACTTCCTTCAAAGCTTCTCCTCGTGACTTCCTTGTGTAATTTGAGCACAAATGTAACATGCCTTTCTGAGGCTATATAAACTGGTCCACAGCAGTCTTCCTGAGCTCTTCACAAACCATTATCTCCCTCCCTGGCTATGTTCCAGCCCAAATACACCCCATTAGCTTGATTTTCCTTGTTTCTTTTCTGGCCAGTGTGTGGCTCTTATCTCTTCCTGCAAAGTGGTTTCCTGAATCTCCCTTACATTCCCTTTTATTCTATTTATGCTCATTACACA,"[[132063877, ""A"", [""C""]]]",yes,no,A->C,1
chr1,204660545,204660873,TTACACAGACACACAGACACACACACACACACACACTCTCTCTCTCTCTCTCTCTCTCACTTCGTCTTAGAGCCTCTTGGGCTGCTCTTCTGCCTGGCTGTGCGTGTGAAGGAGGTGGTGTTTCCCATCCTTGGGAAAGCCCTTCTGACCTCAGTGGTGGCAGGGAGAGGCCTAAATAAGTTGCACAACTCAGAATGTCAGGATTGATACCTCCTGATGAGAAGCAGGCTTGTTCTGTGCAATTTCCATCTCATTTGTCTTTTCATTTGTAGCTTAAATTGGCCAATTTCATCTGGAATGTGCCTGGACTCTCTGGCAAGCCATATACT,"[[204660560, ""C"", [""G""]]]",yes,no,C->G,1
chr5,59416526,59416916,TCAATTGAATGGAATAAAAGGTCAGAGCTAAGCACTTGTAACTCTCTAGGTATTGCAGGAATTCGGGTAGTATCATTTATAAAGAAAAAGAATCTAAAATTCTACCAATTTTCAGGCATTCAGTGCATATGAAGCAATGTGTCCCCAAAGTTAGATCATCCAGATGTTTTATGTTAATCAGAGTAAACATATGATTCATCACAGATTCAACAAAGTCAAAGGCAGAAAATTCACATCTACTTGCAAGCTAAGGGGTGTAGTGCTTTTTCCATTTTCTATGCCAGCTCTCTTGACATACTTAGCACTTACCCATAGAATAATTGAGGTCATTGGATTTATAATAAAATGCCATTACAAGAAATGCTAATAAAATTATATGTTCTGTACATAT,N,no,no,N,0
chr18,71791130,71791365,CCAAAGCCAGGCAGAGACACAACCAAAAAAGAGAATTTTAGACCAATATCCTTGATGAACATTGATGCAAAAATCCTCAATCAAATACTGGCAAACCGAATCCAGCAGCACATCAAAAAGCTTATCCACCACTGGGCTTCATCCCTGGGATGCAAGGCTGGTTCAATATATGCAAATCAATAAATGTAATCCAGCATATAAACAGAACGAAAGACAAAAACCACATGATTATCTCA,N,no,no,N,0
chr5,106876733,106876974,TGCTGTATGTACAGCATTAGCAGCATAATTATATCTTTTACCGACAGTAGTGGCTCTGGGCCAAGCACAAGCTCATGTTGGTGATTACCTAATGCTCCTCACGTGGTGTGGTTAGGTAATGTGCCTCACATGGCGTGGTTACATAACGTGGGGAGTTGTGGTGCCTGCGCTCCAAACCCGCTGAGTTATGCTGCTGGAAGGCCACCTCAGCCTACTCCTGACTAAAGCACAGACATTTCCCT,"[[106876766, ""C"", [""T""]]]",yes,no,C->T,1
chr2,137166015,137166305,AGTTACTATAGAAATTATCTTTACATGACTTTTATTCTTAATCAGAAATCTTTCCATTAGGAATCATGGAAGGCTTGTGGCTGTTGGTTATTCAGAGTACATTAGAAAATCAGCCAGTGTTCACAGCCTTCACACCCTTCCATCGCGTCATGACAGGCAGACAAGGGAACCATGATCGGCAGGTTGGTGCTTGTCAAGTAAAGCTAGGATGCCTTTCAGAGGAATTTAAATTGGGTCAGGTTTTATCATTTATTGCTTTGTCTTTGATACACTCCCAGAGTGTTATAATTA,"[[137166065, ""C"", [""T""]]]",yes,no,C->T,1
chr22,22218398,22218597,GCTTTCCACAATGCCTGAAATATGGTGTATACATGTTTTCTTTACTCTACAGCCTCACCATCAGCTGTTGTTTTTTTACTCTAATTATAGCCATTCTGACTGGTGTGACATGGCATCTCATTGTGGTTTTGATTTGCATATCTTGATGATTACTGATGATGAGCATTTCTCCACAGTTTTGTTGGCCACTAATTTAGTGC,"[[22218420, ""C"", [""T""]], [22218430, ""G"", [""A""]], [22218512, ""G"", [""A""]], [22218550, ""G"", [""C""]]]",yes,yes,G->A,4
chr17,17425628,17425900,TTTTTTCAAAGTCTCTAAACTCCACAATAGTCAAAATGAAAGAAAAATACCAGGCCTCTATCAGCCAGTTAAGAGCAACTAGTGTGGCTGCCAGACTTAGGACACGGAGGACAGGCTTGCTGGGGAGGACACTGGCAACCCTCTATTACCCTCAGATGTTGGGAATGTTGGCTTTGTTCCAAGCCAGTTTTCTTTCACAGAGGTCTAGCCATTGTGTGGGACCAGAAGGAGGTCCTGAGGCAACTGAGGGTATCTGGCCAAGGCTACCCTTTG,"[[17425771, ""C"", [""T""]], [17425810, ""A"", [""G""]]]",yes,yes,A->G,2
chr13,87535913,87536300,TATCTTCCTTTTACTTGCCCAAGACAGGAATCTAATTGTGACTAAAAAGACCCTAATTCCAGAGAGGGTCCTGTCCTATTCCTGGAGAAAGGGATGCTGCATCCAGAGTCCAAGAAGAATCTGATCGGACAGGCCCTGTCAGGTTTTCCCACTCACTCTATTAGTATGCAATTATATTCTTTTCACCCAATCACATTTCTACTTGGTTGTGAATCATGCCCAAGTAACAAAGTTTCCATAAAAACCCAAAAGGACAGTGTTCACAGAGCTTCTGAATAGCTGAGGATCTGGCAGTTCCTGGAGAGTGGTGCCCCAGGGAGAGGATGGAACCTCAGCACCCCACCCCCACCTTGTCCTATGCATCTCCTCATTGATATCCTTTGTAATA,"[[87535956, ""C"", [""A""]], [87536014, ""C"", [""T""]], [87536268, ""T"", [""C""]]]",yes,yes,C->T,3
chr11,31218904,31219244,GAAATTAGATGGCAGAGCATTCTGAGCATATGAGGTGCTGCTTTAAAGTAATGAGGCTGATTCTCATGCATGGCTTGAAGAAACAGTGAAGGAGTGATCATAGCAAGGACAAGTTTAAACAAGCTTTGACCTGGAAGAACGGAGCTCCGAAGGCTGGCCAGCCCATGCCTGAGTTGGTGCTAAAGAAGCACACACACTCTCACATACATACACACACACACAGCCCACATTACAAAGCAAACAATTTAGAGCACAAAACAATTTACAGTTAAAAAAAAAAGTAAAAATTTTAGAATAAATTTAGATTTTTAACAAATGTATCTGCAAAATAGTACATGACC,N,no,no,N,0
chrX,104889547,104889834,CTTAGTCTTTCTAAGTCCCAACATTAACATTGCCCCAGGAAATCAGACATTATCAGTACCCCTCAAAGTTAAGTCTGTCAGCACAGAGCCATACAACTAATACCCCTATTAATAGGGTTAGGAATGGCTACTGCTACAGGAACCGGAATAGCCAGTTTATCTACTTCATTATCCTACTACCACACACTCTCAAAGGATTTCTCAGACAGTTTGCAATAAATAATGAAATCTATCTTTATTTTACAATCCCAAATAGACTTTTTTTTATTGTACTTTAAGTTCTAGGGT,N,no,no,N,0
chrX,3191806,3192234,TTGTCTGCTTTGCACATGATGAAATCAGAAATGGGTTATAAGGTAGAACTGTAGTTCTGACTTTCCAAGAAAAATAGTGGACAAAACCTGAAGACAATTTTCAGATGCAGGATTTTTGTGGGTGATGCAGTGTGCGAGGGTTATGGCACCATTAATCCTTGTACTGTGGGCTGGTGGGGGCCAGCATGGTCTGGCGATTGCCAGGTGGATTGAAACCACAGTCTCAGATTTCAGGGAATGGCTTCTTTCAGTAACGCCTACACCCACATGCCATGTGGCTGGAAGAGCTGCGGAGGGGCAGAATAAACCATTTTTTAATTTGCTGCCTTGAGAAAGATGCACACATCCACTTCAATACCATCGTTTTTATAAACCCAGGCAAATATTTCAGAAGTGTGTGGAGCGTAGGCGACAAGTTGCATTCATGGC,N,no,no,N,0
chr13,30922473,30922962,CTGGAACTCCTGACCTTGTGATCTGCCTGCCTCAGCCTCCCAAAGTGCTGGGATTACAGGTGTGACCCACCGGGCCCGGCCAAGATATCAATCTTTATAGTATTTGGAAGGGTTCTCCAGATTTGGACAGAGCACAAAAGAATAACTCTTGAGAAGGTTTCACTTAACACACTCTTGATGACATATGGCAGGTTCTTGGTATTGACACCCGTGTGGCTGCAGGTGGCATGAATCATGCATGGCTTGTCTGGATCTGTCTTCTGCAGAGCCCATTCTCTCTGTCTTTTGCTAGTCTGGACTGGAGAGCAACTTCCCTGAGTCAGGACTCTTGCTGCTAATTGCAGAAAACCAGCAGTCTCTGTGAAGTTGTGGTGTTCTCAGAGTTCAGCTGTAAAATATAGAATCCTCATTAATTGTATTTACAGCCTGTGTTTTTTTGCTTTGTTTTTTGTGTTTTTCATTTTTTGAGACGGACTCTCGCTCTGTCACT,"[[30922538, ""G"", [""C""]]]",yes,no,G->C,1
chr16,85807549,85807932,CCAGTCTGCCCGGCCTATGAACCACTTTTCTTCTGGGACTGTCCCTCCCTCCCTGCAGTTTTCTTTTTTTTTTTTTTTTTTTTTTTTACTGATCATTCTTGGGTGTTTCTCGCAGAGGGGGATTTGGCAGGGTCATAGGACAATAGTGGAGGGAAGGTCAGCAGATAAGTGAACAAAGGTCTCTGGTTTTCCTAGGCAGAGGACCCTGTGGCCTTCCGCAGTGTTTGTGTCCCTGGGTACTTGAGATTAGGGAGTGGTGATGACTCTTAACGAGCATGCTGCCTTCAAGCATCTGTTTAACAAAGCACATCTTGCACCACCCTTAATCCATTTAACCCTGAGTGGACACAGCACATGTTTCAGAGAGCGCAGGGTTGGGGGTAA,"[[85807554, ""G"", [""C""]]]",yes,no,G->C,1
chr4,86699409,86699788,ATAGGTAATATAGAATTACTCATGGAAAGATGAGAAAGCTCTCCTCCAACAGCTCCGGTTTTCCTGGAGTTATGACAACACCATCAGCCAAAAGAATAGGGAGTTAAGTTAGAAAATGTGGAGAATGAGGAAAAGTGAAACAGTCATTGTGGAAAGTAAGCACACTGTTAACATGTGGTGTTGCGTGTACAAAGTGATTGACTATGAATTTATGGTGTTGCCAAATACCCACTTGTTTGATGTTTTTCCAAGTTTTAACTGCTTGTTTGGTAGTCAAGGTAGCAGGATAAGGCAGATGGTTAAGTTCATCTATGTGTGGTTTATGATCCTTGAATCCTTTCCATTCTTTTTTTAAATCTATTGTGTTCTATCAATTTTCA,"[[86699416, ""G"", [""A""]]]",yes,no,G->A,1
chr1,5156765,5157115,CAGATGAAGTGGGAAACAATCTGCTCCAGAGGCCCAGAGGGGACAACAGCTTTTTGAGCAGAATAAATAGTTTGAATGGGCTGAAGCTAAAGAAACCTGTTCTGCTTAGAAACGGGAGTGGAGTGGTTGGGGCTGACTGGCTGGCAGTCTCTCTCTGGAGGAATGAAATCTCGAGGGAGCCATGTTTGTGTTGGAAGACAAATTCGCTCAGCATATAGATGCATGCGGCGTGGCTGGCACCATATGGCTTCCCCACCAGTCAGTCCAGCAGCTGAATTCTCACTACAAGCTGAACTCCAGCCACCCCAATAACAAGTCACAGGACCAGGCTGAACCACCCAGGTGGGGCTC,"[[5157019, ""T"", [""A""]], [5157094, ""T"", [""C""]]]",yes,yes,T->A,2
chr6,166305872,166306178,CAGTGCACTCTTGCTCCACCCTCTCAGCTCCAGACCGTGTGCCCTGCCCAGGACGGCGCACTCAGAGACCATCTGGGTGGGGGTGGAACAAGAGCAGCACCGTCACTTGCATAAGCATTGCTAGTTTTGCCCCTCTAGAATTAATATATTCTTTTTAAGTAAAAGAAAACTTATCTCCAAATTCAAAGAAGTTATTCAATGGGTAGGTTTTTTTCTGTTTTTGCAACTCATCTGGCAGCTGACCTAGCTCCCAATGAATTAAATGCTTCACATCTAACTAAATGTGTGCCTAGAATTAGAAAGAGAG,"[[166306023, ""A"", [""T""]], [166306172, ""G"", [""A""]]]",yes,yes,G->A,2
chr2,195732632,195732941,GAAAAATCTTTGTAACAATAAAAACTTGGAAGGAGGAGAAAGGATAGAGTAAAATAGTCTTACTAGAACCATATGTAGGAAGCTGTCAGTTTGAAGGGCCAGATAGTAGATGGTTTAGGCTTTGGGGACCATATGGTTTCTGTCACAGTTTTTCAACTCTGCTGTGGTAGTGTGTGGTTCCTGGGACAGCGCCTCTGCTGTTGTAGCACAAAAGCTGCCATAGACAATGTGTAAATGAATAGGCATGGCCAGATTCAGCATGGTTTGCCAACCCTTAGACCATTAGTTGATTTGATAAAGTGATTTTGTG,N,no,no,N,0
chr1,110795276,110795540,AAAACAAATAGACCCATTAAAAAGTGGACAAAAGACATGAACAGACGTTGCTCAAAAGAAGACATACACACAGACAACAAACATATGAAAAAATGCTAAATACTAATCATTAGAGAAATGCAAATCAAAACCACAATTAGATACCATCTCACACCTGTTGGAATAGCTATTAATAAACAGTCAAAGGGACAGGTGCAGTGGCTCACGCCTGTAATCCCAGCACTTTGGGAGGCCGAGGTGGGTGGATCACGAGGTCAGGAGTTCA,"[[110795322, ""A"", [""G""]]]",yes,no,A->G,1
chr2,165558963,165559182,GTGGTATAGTTCCCAACTAACCAAATCTACAAACTCATCTAAATCATCTATGGTACAGCATAGATTAGAGGGCAGCATAGGCTTCAGTAAGGTGATGTGTCAGAGACTACTGAGAGAGAGAGAGAGAGAGACAGAAATATGCAAAGAAGAAAAAAGCAAATTAGTTTGCCTGTTAATCATATAGAAATTGGAATATAGGAGTTTTTATTTCTTCTGACTA,"[[165559027, ""C"", [""T""]]]",yes,no,C->T,1
chr20,12649205,12649547,TGTTTTATCTCTAGTCATGGGTTAATATTTATACTTTTGTAGGTCTTTTGATGGAAACAATCACACATTAGAACAGATTCTTTAACCAGACCATATCTTAATTTATATTTATAGAAAGTCATTTCAGATGCACAGGTCCACACACCTGGACACTCTCCCCTGCTCATCCTTCACTCTTAACTAAATGACCCAGCTTTCCCGCAGCTCACATGTGACTGAAACCATGAGAGTCTGGCAGGGTAGAAGGAAGGCAGACCTGCTGTAAATCTAGGGTATGCACTGCCAGAAGGCTAACGTTACAGTTTATAGATGTTAAACTGGCAAAATGCACAGTGTGTCTTAT,"[[12649357, ""T"", [""C""]], [12649474, ""G"", [""A""]]]",yes,yes,G->A,2
chr4,173403166,173403434,AGGTTCTACTGAGGAATCGTCAGTAAGGCCCTTGAAGAGACAGCAGAATCACCAAGTAGCTGTTGTGTAAGAGGGTGAACTGATGCCACCTCCCCTGCAGGGAGAGAAATGCTTCCATGAGGTATTCATATTGGAATGCAATTTCGATGGTATGATGTACTTGGGAATGGCTAGGATTCCCAGATGGGCAACCCTGGCTATAATGGGGATAGCCAGGAGAGTCTTCTTGATCAAATGCTTTTAGTCAGAATATCAAACACAAGCTCTCT,N,no,no,N,0
chr16,58710629,58710899,CCCAGCACTTTGGGAGGCCCAGGCGGGCGGATCACGAGGTCAGGAGATCGAGACCATCCTGGCTAACACGGTGAAACCCCGTCTCTACTAAAAATACAAAAAAATTAGCGGGGCGGATCACGAGGTCAGGAGATCGAGACCATCCTGGCTAACACGGTGAAACCCCGTCTCTAATAAAAATACAAAAAAATTAGCCGGGCGTGGCAGCGGGTGCCTGTAGTCTCAGCTGCTGGGGAGGCTGAGGCAGAAGAATGGTGTGAACCCAGAAGGC,"[[58710738, ""C"", [""G""]]]",yes,no,C->G,1
chr3,66950015,66950237,CCTGGTCCCAGCCAGCATTCTGTCAAAGTAAACACATCAACCTAAACCCAGTCCTTCCTTCACACCTCCTTTTTGGTTATTGACTTAACCATCTGACATATCTCGGTTTGCAAAACTCAAATATCATTTCCACTTTCATTTTGCTGTCAACAGAAAGTAGGCAGTACTTAAAGAAGGAAAATATTTGAAGATTTAAAACATTTAAAGGAAGGAAAGATTGTTT,"[[66950090, ""C"", [""G""]]]",yes,no,C->G,1
chr9,110446232,110446601,AAGATAGGAAAAACATTCAATAGTGAAAGGAAGCAGAGAAACAGGAAGTAGCTGGAAGGAGAGGTGAAATTGAAATGCTACTAAAGCCAGGAGATACTAAAGCATGTCTGTATGCTGATGAGAATGACTCAGTAGAGAGGAAGTAATTGATGTCACAGGAGAGAAGGAGGAGGTGCTGCAAGGGCAACATGCTGCCCTACTCAAGGCTCTGGCTTTTCCCTATTTCATGAGCAATTCAGCTCTGCCCCAAACCTGCACAGACCACTCAATAAAACAAGTCTTACAGCTAAAAGACTCCAGTCTCCTGAGAAAGTATTTAGATTTGATCTGCTGATTCTCAAACATGTCCATGGAGTCTCACCTCTGAAGT,"[[110446244, ""G"", [""A""]], [110446283, ""T"", [""C""]], [110446301, ""C"", [""T""]]]",yes,yes,C->T,3
chr5,108298892,108299120,TTCCATATCCACATTAAAAGTATAGCACACTGATTTAAATAATATTATTTACTTTCAGTTTCATATATAGTGCCAACATTTAATGTATTAGGAGAGTATAACACTTTTTCCTCTATTACCTAGCTGCCAATATGGATACCTCATTTTAACATGAGTACATATCTGAACAAAAAAGCCCCAAATGTTTACTGCTATTTTAAAAAACAGTCTGATTTATAACAGCTTTTTA,"[[108298967, ""G"", [""A""]]]",yes,no,G->A,1
chr4,126705283,126705610,CAATGTGTCTCTCTGGGGCCTCTTTTAGAGGGGATTAACCCCACTTATGAGATTTCCACCCTCATAATCTAGTCACCTCTTAAAGGCCCTTTATGCAAATACAATCACATTGATGATTAGGTTTCAACATCTAAGTTCTGTGGAGACACAAACATTCAGATCATAGCATGTGGTTTGCAAATATTTTCTCCCATTCCATCGTCTGCATTCCATCTCCCATTCCATTGTCTCTACTTTGTTGATTGTTTACTTTCCCATGCAGAAACTTTTTAATTTATATAGTTACGTTTGTCTATTTTTGTCTTCGTTACCTTTGCTTTTGGAGTCA,"[[126705317, ""C"", [""T""]], [126705339, ""T"", [""C""]]]",yes,yes,T->C,2
chr18,74526522,74526907,TTGCATTCATCAACAAACAGTTCCAGGAGATGCTGCTTTGGGAGCCTTTTCTCTATGGCCAAAAGCAAAAGCCTGTCCTGTATCAAGTTCAGGCCACAGCACAAAGTTGGCCAGTGAGAAAAACACCGTAATCTTGTCTGATGTAGAAAAAGACAGAACTTGTTGTGCCACATTCTTAACCTAGAAGAGAGTCAGCTCAGTGAGCCCTTCTGACCTGAAGGAACAGTTAACGTCCCCATGTGATTTAGAGAAAGTCAAGTTCATTCTTTGCTTGTTATTTTTTGGTGTCTGGGCCAGATAAGTCATGCTAGAAATGTTCAGGATCCTTAATCAACAGTGTATTAATTAATGAGGATAAGTCTAAGCTACTGTGACCAAAATGATCA,N,no,no,N,0
chr2,80078397,80078751,TGGATGCTCCAGGAAGAGGAAATAGCTCCTGCAAAGCCATGGTGGGTGTGGTGACCAGCGAGGAGCAGAAAAGTGGACATGGGTCATGTGATTAAGCATTTCAAGAGGATGGTATGTATCCATTCAGCTTTAGAACAGCCCCGCGGGCATCTGTATGGTGTATGGGTTGCAGATGTCGCTATGATCAGAGGCTGGGTAGCAAACCACTAACGTAATCTAGTAGTGGTGGTAAGAATGAAAAAATAGGACATTTGAGGCCTGGCCTCTTCTGGCTCTTTGTGAAATCTAACAAACATCTTCCAGCTCCATCTGGTGCTGCTTTTTTGTTTTGTTTTGTTTTGCTTTGCTTTGTGTG,N,no,no,N,0
chr1,84742700,84743034,AATCTGTGTTTTAAAGCCACTGTTTTTATGGTAATTTGTTGCAGCAGCAGTAGAAAACTAATACACAGTGTAAATCAGGGAGAAGAGCTGAGTGCAAAGACAGGAAAATCTAAGTATGATTTAGGGACAGTCATTCGGCCAGAGGGTGGCTGTGGGGAGCATAATAGAATTTAAAGTCAGGAAGGTCAGTTTGAGTCAGACTGTGGGGAGCCTTACATGAAAGATGAATGAGTTGAGTCACTATCTTTGGGCCATGGAAAGCCACTGAAAAGTTCAAGGGTGGAGTGACATAAGAAACAGAATTTCAGAAAGGAAGACCAGGGGCACTCTCTGTA,"[[84742740, ""A"", [""G""]]]",yes,no,A->G,1
chr7,31540751,31541110,TTGGGTGAATTCCTCTCCTCTTGAGGTTCCAGGATAACTTTGGGTTCCCGGCCTGTCAGAAAGTGACATTATTTACTTACCGCTGATCAGAAACCCTCTACAGGGACTGTGTACACAAAATATAAGGCCGGTTTTCCAAGGGCTTTATTGCCTTCATAAGTGAAGTTTGATTCCTTAAAGGAAAGCACACCATTCCAGTCAAAGCCTTGGTAAAAATAACCAGTTTTTCCAGTTGTGCCCTGTTACAAAAGAAAACAGATTCTTACTGCATTATGCAAATAACTATTGTCATAACTTAAGAATACTCACAGATAGTTTCCAAATTCTGGAGAAAATCAGGTAAAGAGAAACAGGTATGCT,"[[31540782, ""A"", [""G""]], [31540832, ""A"", [""G""]], [31540997, ""G"", [""A""]], [31541012, ""T"", [""C""]], [31541103, ""A"", [""G""]]]",yes,yes,T->C,5
chr13,46712546,46712942,GTCTCTCCTACCACAAACAGCACAGCTCCATTTGGCCTGAAGCCTCGATCAGGTAAATGAAAACCTCAGCCCATTCTTACACTAAATAACTCATTGCTTTCTCTTGAGCCTTTTAAGTGTATGCATTATCAATGTGCACATCCTTGTCAGTTCTGCTGAGCCGAAATCCTGGCATCTACAGCTAGGGGAGGCCAGAGTTTGTAGCTTTGTTTTCAGTAAATCAGCTAAGTCCGTGTTATCAGTAGTGGATATTCTATCTTCGTTTGAATCCGAGCAAAGAAAAAACAGGTGGTGGGAGCATGTAAGCGGGGAAGAAATATTCTATTGATTTTTTTTTACCTAAGGAAGATAAAATAGCTTTGGCCCCAGTGGTTCCTGCTGCTCGGCTGAGTTAAGG,"[[46712763, ""G"", [""A""]]]",yes,no,G->A,1
chr18,48554634,48554914,GCCTAACACCAACTTTTCGGAGAGAAAGAATCTTCCAGGTTTCCTGAGATTTGCCTGAGGTCCCTGAGGCTCTCCTTCCCACTTCAATCTAGAAGATGGGAGAGGCTCTAAATGACTTAATCACAGATCTGAAAGCCCAGAAGGACCTGAGAGAGGCTTGGCCTCCTGCAGGCATCTGCCTTGTAGCCTCCCGGGAATTGGAAGCTTACAGCTTTGCAGCCCAGGCCATTACTTGGCAGCCCGGGCCTAAAGACATTATCTTAGACCAAGGTGTGCCTCCC,"[[48554645, ""G"", [""A""]]]",yes,no,G->A,1
chr2,96095281,96095664,CAGCATTTCCGCTCCTAGGTACACACCCAAGAGAATTAAAAACAAGGACGCTAATGTTCATAACAGTCCTAGTCACTATAGTTGGATGCAAGCCAAATGTCCCTCACCTGCTGAACAGATAAACAAAATGTGGTCTATCCACATTTCATTGCAAAAAGGAATGAAGTACTGATACCTGCTGCAACGTGGATGAACCTGGAGAAAATATGCTAAGTGAAAAAAGCCAGACACAAAAGGCCACAAATCATGCCATTTCATACCTATGAAATATGCAGACTAGGCAAATCCATAGAGACAGAAAATAGATTAACGGTTGCCAGGAGCTGTTGCAAGGCAGAAATGAGAAGTAATGCTTAATGGGAATGAGGTTTTCTTTTACGGTGA,"[[96095330, ""A"", [""G""]]]",yes,no,A->G,1
chr12,22453108,22453457,TACTCCTGCTTAAATGATAAGTAATTAGTCTATATTAGAGCTTCTTAAGCTCTGTGTCTGCCAAGATATTGATCCCCTCTGCTCTTAGGGGAGTCACTTGGGTCAGAAACGCAGGGCCAATTACCAGCAGCCACATACAGCTTCATGCATTCATCACAGTGTACCAATGAACCACAGAAATAGGATTTTTGATGTGTGCCAAGAGAAGCAGGTTGGGAAGAACTGCCTTTATGGCATTTCATACTATTTAGTATAGTTGATTAATTTTTAAAAAATTTTAACAATTTTAAGTGAATTATCTTAACACAAAATTTAGAAATTTATTTTAAGATTTAAACTAACTGCTTTCA,"[[22453274, ""G"", [""A""]], [22453277, ""G"", [""A""]]]",yes,yes,G->A,2
chr3,132670858,132671133,AGTCAAACATTTAATGAAAGAATAAGTGTTGGACTGAACAAGTAAGTATAATGTATTAGAGTGTATTTTGTGTCCTGATGTTTTTCAAACTTATTTTCTTTGACTAGTAATGGTGGGTTAGAAGAAGGAAAACCTGTTGATCTAGTTCTTAGCTGTGTGGACAATTTTGAAGCTCGAATGACAATAAATACAGTGAGTATTCCTGCTGTGCAAGATATATTCATGGATTTATCTGTTTTCCTGTATATTCTATCAGTATATAATCCCCATCCTAAA,N,no,no,N,0
chr11,103344923,103345255,TCTATCCAGTCTCCCTCCCATTCTGCTGAAGTCCCCACCATTCTGTTTTGTTTAAAACTCTTTTTGTGGTTTTACATATTTTTTAGTAGTTCTATTACGTGCATGCATTCTTTCAATCTCTCACACATGCATTTGTGCCCAAAAACATATTGTTTTGCTTATTTTTCGAACATTATAAAGCAGTGTTGCAAGGGATGTCCTAGGATTTGCTTTTTTCCTTCAGCTTTGTCTGAGATTCATTATTGTGGTTGGTTTGGCTGTTGTTTCATTCTTTATTGTTATTGTACAATATTTCATTATGTAAATATAACACAATTTGTGTATCCATTCTCC,"[[103344942, ""G"", [""A""]]]",yes,no,G->A,1
chr18,38899326,38899597,GGAGGAGCAGCTCCATGGGGTGTTGTTCATTGGCTTAGATTCCGAATAGCTAACAGGCCTCCCCTCCTCACTGTTGTACCTCAGCCCCATAGTGACAGTGAAAGAGTTGACAGGATGTCAGCTGACCCTTATTGATTATGCATGATCTCATTAGCAATACTTCGGCCCAGCATGACCTAATCCTTGCCAGAAAGGCTGTGATATATGAGGACCAGCACTTTGTCATTTGATGTTAGGCAAATGGACAGATCACTTAGTACCTGTGGTGCCCA,N,no,no,N,0
chr5,171174557,171174815,TATTTCAAGTTTTTATTCTTTTGAAAGATAATTGATCAGTATTTCTACTGCAATTTATTCTTTACTCAAATTTGTAGCAGTTAACATGCTCCACTTGGGTTTCAGAAAGGAAATTTCATTCTCTATCAGGCCCTCTGTTGGTGGTTGGCCTTTATTACATAATCATCAAACATGAGAAAACTAAAAATATCTAGAGAGAGAGTGTGTGTGTGTGTGTGTGTGTGTGTGTGTGTGTGTATTTTGAGGTCCTTTTTTTAAA,"[[171174753, ""T"", [""A""]], [171174755, ""T"", [""A""]], [171174757, ""T"", [""A""]]]",yes,yes,T->A,3
chr3,145448487,145448912,CTTTTGTTAAAACTGTCACTGATTTTTCAAAGGTTTCATTCCGACTACCTGTTGCTGTAGAACAAACTTTCCATAACACAAGGGAATAAAACAATCACTTCATTATGCTTACCTACCATGCGAGTCAGGGATATGGGGCAAAGGGTGAGTGTTTCTTCGCTACTTCATGAAATGACTCATTTGTGTGCCTAGAAAAACAGCAGGCCAGAACAGCAGCTACTGGAGGTACCATTTCCAAAATGGTTTCTTTACCTATATGCCTGACACTTGGTTTAGAATAAAGAATGGGTTTGAGATAAAGAGTTCAGGTGAAACTCTCAACAGAAGAATTTCTATGTGGCCTCTCTACATGGCAGCATTAGGATAGTCAGACTTCTCACATGGTGTCTCAGCACTCCAAGAGTGGGTGTTCCAATGAACAAGACA,N,no,no,N,0
chrX,11629547,11630010,ATATTCATATATATATTCTCAATAGGACATTGAATCCTTAATAAAAATTTACTATAAGTCACTCTTAAATCACAAAGGAAGCATTCCATTATTAAAGCACATACTCCCACGAATTGTAAGACAAAGGCATTGCCTCTGTATCCAGGAATAAGCCGCTCCCCAAGGCACTGAGTGGCCACAGGATGGCTGGGCTGAGGCTCGCATTCACACACCCTTAAGAGTTCCCTGCCAAACCTGACCTCATGTTTCAACCACAAACACACAGCTAATAATAGCTTCTGCTCTTAACTTACAAAATACAATTCTTAAAGGCAATTTTTGAGAACCAGCCAGATTTCCAAAAGAAAAATTTCCAAAGCCTAACCAGTAACTACTACCAAAACAAAACTTCTCCCAGCAGGCATATGGCACTTTCAAGTCTCACCAGCAAAGTCCTTTGAAAAGAATCGAAGCTCCCCCAACTA,N,no,no,N,0
chr19,21510692,21510959,AAGGTCTCTGGTTTTCCTAGGCAGAGGACCCTGTGGCCTTCCGCAGTGTTTGTGTCCCTGGGTACTTGAGATTAGGGAGTGGTGATGACTCTTAACGAGCATGCTGCCTTCAAGCATCTGTTTAACAAAGCACATCTTGCACCGCCCTTAATCCATTTTACCCTGAGTGGACACAGCAGATGTTTCAGAGAGCACAGGGTTGGGGGTAAGGTCATAGATCAACAGGATCCCAAGGCAGAAGAATTTTTCTTAGTACAGAACAAAATGA,"[[21510870, ""T"", [""G""]]]",yes,no,T->G,1
chr12,105365939,105366230,GCCAGGAAAACTGTTGGCACAGAGAATACAGGTAGGGGCATATGGTCTGAAAAAGAACTTTCCCAGGATTCATCATCTTTGCTCCTTCCAAGCAAACTTGGTTTTTGTCCTATGCATGTGGCGTGTGCTAATTTTCATCCTATGACCTTTGGGTGTGCTCTTCTCCCTAACTGGATGACTTCCCTTCATTCTCTCAGCCTTCCCTGTCCTCCTACTTCTCTGATTAACTGCACTCCACCCTCATTTCTCTCTTGCTGTCTCTGCCCTCATTTTGTATCTCTCTATTAGTAAG,"[[105365999, ""G"", [""T""]]]",yes,no,G->T,1
chr15,35596321,35596589,CCTTTGCGTGTGTCTGCCACAGAGGTAGATATAATGCTTTTTATATAAATTCAAAGTAAAATCAGTTTATATGCACATAGATTCTTCATGACTGTGTGCTGGTGATGACTCAAATGATAATGAAGATCATGGAAATGCAGAATCAGAATCAGATGTTAGTGATTTGTCTAAGGGCTCTAAGTAAGAAAGAGTAGCTGAAGATGAGAGGTCTGCTCTGGCATTATTTAACTTGACATATGTCATGTATGCTGATGAAATGCTTTCTAACT,"[[35596325, ""A"", [""T""]]]",yes,no,A->T,1
chr20,4539103,4539323,CATTATGCTAAGTGAAATAAGCAAGACACAGAAACAGAAATACTACATGATCTCTCTTATAGATGGAATCTGAAACAGTCAAACTTACAGAAGTGGAGAGCAGAATTGTGGTTGCCAAGGACTGTGGGGGAAGGGGAATGAAGTGATGTTGGTCAAAGGGCACAGAGTTTCTTTTATGCAAAATGAGTTATTTCTAGAGATCTTAAGCTCTGCTTCTGGGG,"[[4539263, ""T"", [""C""]], [4539308, ""G"", [""A""]]]",yes,yes,T->C,2
chr5,146119828,146120140,AGCTAAACAAACTTTGCAAGTTACTTAGCCTTTTTAGCCTCCAGTTCACCATCTATAAAAGGGAAATAATAAGAATACCCTCTACATTATAGAACTGTAAAAGGATTAAATGGTTAATACATGGAAGACATGCAATAACTTTTACTCTGTTTCTCTTCCTTCTCAAGGAACAGACCTGCTGGACAGGTTAGTTTAGAATATTAAGGGTATGTGTTCCTTGATTCTGAATATCTCTGAGAGACAGAAATCACTCATTACAATTTTAGAGCTAGAAAGAAAGATGAAAACTATCTAATCCCTCTATTGTCCTCAC,N,no,no,N,0
chr1,62462346,62462626,ACAAAACAAGGTGAGAGGAATTGCTCTGCCACACGGCAAAGCTTATTATAAAGCAGCAGTAGTTAAGAGAGCATGACATTAGCTGAAAGAGAGATAAATAGAGTACTGTAGGAGAATAAAGATCCCAAAAACATAGGCACATAAACACGGGTGCTTAATTTATAATAGTGATGACACTGCAAACCAGAAAGAAAGAAATTTATAATAGTGATGACACAGCAAACCAGACTTTCACCACAAACCTGTGAATGCTTTTTAAATAAGTGGTAATGAGTCAACTG,"[[62462400, ""G"", [""A""]]]",yes,no,G->A,1
chr14,67991044,67991280,CTTTATTGCTTTAAAAAAACATGGGGAAGAGCAGTTGGGAATAGGACCCAGGCACTTAAATCTGGGAAACTCATTTTTGGTCTTTTTTTCCCTCTGCTGCAGTAGCCTGGGCAGGATCCCTAGAGACACAGCCTTCAGGCAGGAAGATGGAGGAGAGAAAGCAGATCACAGACCCTAAACATCTGTAGGTTCTCTCTCTTTCTTGTTCCCTACAGCTGGTGAATCTGAATTGAATCC,"[[67991136, ""A"", [""T""]]]",yes,no,A->T,1
chr2,65688114,65688410,TAATACAAGTGTTAGAATACTACTCCTTCCAGCCTGATTAAGAATTAAAAAAAAGTGTAGAATTCCTTTTCAGTGGCAGCATTATTTCATCAAGAGATGGATTTTGCTCTTAATTAGGCAACATGCCACTAGGGAAGCTTCAGAGTCATGGGTGTGAAACAGCCTCAAGCAGGAGATCAATCTAAAGGAAAAAAATGGTGGCTGGGGAATAATTGGCAGCTCCAGTGAACGTGGGCTGGTTATAACAGTGACAATATGTTCCAGTGGAATATCACAAACCTCTCTCTCCTATTTCCA,"[[65688160, ""T"", [""A""]], [65688168, ""A"", [""G""]]]",yes,yes,T->A,2
chr2,84285082,84285476,GCACCATTACTGCCAGCTCCATGTGACAAAAACAACTTCTCTAGAAGCTACACATATAAGATTTATAGTTCTTATATAATAATAAGGCCAGCACTGGCATTATGACTCACAGTAACCATGGGGATCCAGGCTCTTCCCATTCTGATTTTGTGCTCTATGACAGACTGGTTGCAAAATGCCCATAACCATGGCTCCCATCCTGGAACACAGGCCCATTAATCTGAGCTGGTCATGTGACTTGTTTTGACCAATAGAATATGGCAGAGTTTCTTTGTGTGATTTCTGAGCCATATCCCTAAACAAGTCTTGCAACATCTGCCCTCACTTTTCAGCCCTGAAACAATCATGTAAGGATGCCCTAGTCTCCTAGAGAAGGAGAAACCAGAGGGAAAAAG,"[[84285118, ""C"", [""T""]], [84285468, ""T"", [""G""]]]",yes,yes,C->T,2
chr2,109583307,109583768,CAACTAAACAAGGAAAAAACAACCCCATTAAAAAGTGGCCAAAAGACATGGACATACAAGCAGCCAACAAACATGACAAAACACTCAACATAACTCATCATTAGAGAAATGCAAATCAAAACCACAATGAGATACCATCTCACAACAGTCAGAATGGCTATTATTAAAAAGTCAAAACACAACAGATACTGGCGGGGCTGTAGAGAAAAGGAAATGCTTGTACCCTGCTGGTGGGAATGTAAATTAATGCAGCCACTGTGGAAAGCAGTTTGGAGATTTCTCAAAGAACTTAAACCAGAACTACCATTCGACCCAGCTATTCCAACTTGGAATATATCCAAAAGAAAATACCTCATTCTACCAAAAAGACACATGTACTCATATGTTTCATCACAGCTCTATTCACAATAGCAAAGACATGGAATCAACCTAGCTGCCCATCAACGTGGACTGGATAAAACA,"[[109583389, ""G"", [""A""]], [109583700, ""T"", [""C""]]]",yes,yes,T->C,2
chr14,72131437,72131774,TAAGGGACATTTTCTGATAAGCTGCCAATGACAGCCTATGATATGAAATTCTGTGTGTCCCTTTGGGTTCAACAGTAACCTTAATGGGATAGTTTTGTCTCCCTGTCTCACCTCAGGTAACAGAAATTGTCAAGTGCAAAGAAACTTTTGTATCCTTCCCACATCCAGAGCTAGCTTGGAGTTTGGCCTTAGGCAACAACCAACTAACTGTGCCTTGAAGATAACTCTCTGGGGAGTTAATTAGGATAGACTGAATAATTCAAGGGGCAGTTTTGGTGAATTAAATTGGGAAAAGATTTTCGAGTGTTAAAGGTTGAAGCATTCCCTTCCTATTATTT,"[[72131491, ""A"", [""G""]], [72131622, ""A"", [""G""]]]",yes,yes,A->G,2
chr16,55585570,55586025,TGAAGTGAGAAATATTACATCCTAAAACCTCTAAACCACAAACATTCAATTGAAAGAGTTCTGTTGAAGGATAATGACATACTGACTGCTTACAGACCAAGTTGCTTGCATTTTGTATGTTTAGCCCTCCTTTGCCACTGCTTTTAGAGCCTTGGAAGGCTAAGTGTGATAGTAATGCTAGCTCTAATGCATATTTAAAGGAGACTGCCTCGCTTTTAGAAGACATCTGGTCTGCTCTCTGCATGAGGCACAGCAGTAAAGCTCTTTGATTCCCAGAATCAAGAACTCTCCCCTTCAGACTATTACCGAATGCAAGGTGGTTAATTGAAGGCCACTAATTGATGCTCAAATAGAAGGATATTGACTATATTGGAACAGATGGAGTCTCTACTACAAAAGTCTTTGGGTATTTGTTTCTTACATAGAAAATGCTAACATGAATAGAAAGATACTGGT,"[[55585587, ""T"", [""C""]]]",yes,no,T->C,1
chr1,72186727,72187150,TATGTTAAGAATCTACTGCTTCTTTTAAAACAGGAATGATAAATTCTCATAGAGTACTTTGAGAATTCAATGAGGTAAAACATTTAGAAGAACTCTGAAAACTGTAATTTTTCTGCAAAAGATTATCATCAGTCTTCTGACAGGATACTCCATGGTATGCTTTGTGGGATCTTCATTCACCACTAGAGGGAAGTGATATCCATATTGTTACTTTTCTCTCCCTTGAAAGTCAAATGCTTGCTAATTTTTCTCTTCAAAAGGGGGAAAACACCTTGGTCAATTTTCTTTTTTTCCTTTGCTTCAAAGACAATCTTTTAGGATGTCAACATTTTAGGTGGCCAATCTCAAAATGGGCTGATAATGTACTTTCTCCTTTTATCAGAGAAGGGATGCTATGCTTTCTAGTGCTTTTCTCTTTAGCTGG,"[[72186728, ""G"", [""A""]]]",yes,no,G->A,1
chr2,6730667,6731003,CAGAGATCTTGGGTCTCCACTCCAGCTAATCAACATTCCACTGAGACAGCATTTTCATTTCTCCAGAACATGAATCTCTGAAAGAAAAAAGCCATTGATATAACTCATACCCTGGCCCAACCCTTATCCCCCTTCTTGCAGCTGAGACAGCTAGTTATTGATTTTCAGGCTTCCTACAGTCAGCAGCTAGAGCTAGTTTGTCAGGAAAGGTGAAAGAGGTAGGCAGGGCATACGATTTATTTTGGAATTGATGCCCTGTGAGCAAAGTCTAAGTGGGAGTCAGACAGGTTAATGTGAGCAGAAAAGCATTCTGGAAGGAGGTGGCAATGTTAACGGA,N,no,no,N,0
chr12,67826192,67826563,TGTTTCTAGACATAACAACTATTTCAATTCTGCTTAACAGAGATTTCTAGCCAATAAAAGGTGCCAGACATGAGTCTGATCCCAGGGAATCGCTGTGGATTAAGACTCAGTCTCTGGTCTGGAGGAGTTTACCCCAGAACCCTCTGTCCATTTTTAAACACTTCCCGTCTGGGGCCAAGATTCCTCTATCTCCAGTCACCTTGCATGCTGACTGGCTGCATAACAACTATTTTAAACTTAGTCTTTGGAAGGAGTTTAACCTTCATTTAGTAGAAGGAGATAATACTTTGTTTTCCTCTGGCTTTGATATGTATCTTCCATAGTTAGAATTCCTATTAATGTTTTAGGTTCTGCTTCGCCAGAGTGAAAACA,"[[67826250, ""G"", [""A""]], [67826270, ""G"", [""A""]]]",yes,yes,G->A,2
chr2,92026988,92027198,GAAATAGTAAGGAAATGTATTAGCAGGACTTGATTAGTGATTGACTTGGGGAAGGAGGGGAAGATAGAGTTCAGGATGACTCCGAGACTGTCTGGTGTCGGTGGCTAATGACTGAAGCTATTAATAGAGGGAGGAAATGCAGACCAAAAGCAGGCCCGGGGTGAGAGATGATAAATTTGAATTTTAACATGTTGAGTTTGGACATCCAGGA,N,no,no,N,0
chr11,116353533,116353901,TTTTAGCCAGGCCTGAGGTGTCTGTCCATCTGTGGGTTACTGTTTGTGTACACTGCTTGCTGAGAAACTGCACTTGTGTGTGTGCATCGCTGAGCATGTAACAGCTACACACACAGGTGTTTTAATGGGAGTGTGTGTGAATGATTTCCTGGGTGCCTGTACTTGTCAGCATGTGCTGTCTTTGTGTGTGAATGTGAGTCATCGCCCCCAACCTGGACTCCCTAGCCATCATCCTGAAAAGCCACCGGCTATAAACAAGGAGTTACAAGAGCACCACGGCCCCTCTTCCTTGCTCCTTCACTCTCCTTGTGCTGGCTTCTCCCTCCCCAGGAGAGGTCACCCAGAGGTGCCTCCAGAGTCAGGCCCCGC,"[[116353772, ""G"", [""A""]], [116353858, ""T"", [""C""]]]",yes,yes,T->C,2
chr7,132059167,132059554,CCCATATCTCATCTTGAATTCCCACGTGTTGTGGGAGGGACCCAGTGGGAGGTAATTGAATCATGAGGGCAGGTCTTTCTCATGCAGTTCTCATGATAGTGAGTAAGTCCCATGAGATCTGACAGTTATTATAAGGGGAACTTTTCCTGCACAAGCTCTCTTCTCGTCTGCTGCCATATGAGACATGCCTTTCACCTTCCACCACGATTGTGGGGCTTCCCCAACCACATGAAACTATGAGTTCTCCTTTAAACCTCTTTTCTTTGTAAACTGCCCAGTCTAGGTATGTCTTTATCAGCAGTGTGAAGATGGACTAATACAAATATCAAAAGAGATGTGTCACCTTGAGTGTCATAGGACACTCGGGACACAGGACTTGCACCCTGAG,"[[132059171, ""A"", [""T""]]]",yes,no,A->T,1
chr4,1151634,1151993,GCCTAGGAGAGGGGCTTCTCTCTGCTCCCGGCTTCCAGGAGCACAGGGATGCCTGGGTCTGCAGCCATGACTTGGGCAGCTGCATCTGTGCCCAGAGGGGTGGGGCTCCTGCCTGCTCCATGGAGCAGAAGGCCTGGATCTGCAGCTGGGACTTGGGTGGGGCTTCTGCCTGCTCTGTGGTGCTGGAGGTCTGGGTCTACAGCTGTGACTTCAGTGGCTGCAGCTGTGCCCAGGAGAGTGGGGCACCCATCTGCTCCCGGCCCGAGAGCACAGGGATGCCTAAGTCTGCAGAGAGCTACCACCCAACTCGGAAGGGGCAGGGCTCCTGCTTGTCCGCAGCTCCTGCCAGTTCCATGGAGC,"[[1151814, ""A"", [""T""]], [1151817, ""A"", [""T""]]]",yes,yes,A->T,2
chr12,32741704,32741965,TGTTTTTGCTGTACATTTCCTATGTTTAGATACACAAATACTATTGTGTTACAGTTCCCTATTCAGTACAGTAACATGCTGTACATGTTTGTAGCCTGGAGCAATAGGCTATCCCATATAGCTTAGGCGTGTCATAGGCTATATCATCTACGTTTGTGTAAGTACACTCTGTGCTGTGCATGTAATGAAATCACCTAATAATGCATTTCTCAAAGCATATCCGTGTCATTAAGTGACATATCTTTTGTGTGAATAATACTAG,"[[32741795, ""C"", [""T""]], [32741847, ""C"", [""T""]]]",yes,yes,C->T,2
chr2,70726216,70726628,TGTATTGTCATCAGCAGCACCATGATGACAAAGGAAACCACTGGAAACAAAGGGGCAGAGGTTGTAGATCCAGTCAGCCACAATGCTGGGCCACTGTGACAGCATATGAGAGCCCAGCTTTCAGCTGTGGGATAAAGAGCGGAAGGAAGCCATTGACCTTTAGTGGCACTTGTCCCTGGGATCAATCAATGCTTCTGAATTGAATAGCAGCTCACCCAGGCAGTGCTAATGAGTTTTGACTGCTCCAGTTCATCACTCCCTAACAGGGTCAACCAAGAAGTAGTCTCATCCTTTTTGCTAGGGGTGAGAAAAAGGTTTTATGATCCCTGCCTTATGGAGGGCCCAGAACAATTCCTGGGAGAATGGAAATGTTGGTGACAGAATCCCAGGTTCCTAACTTCAATGAACTTGAT,"[[70726355, ""T"", [""C""]]]",yes,no,T->C,1
chr1,67656354,67656586,CCTTGGAGAAGTGATTGAGGGCTCCTTAGGCTTTCCCCTGCACCAGCATAGGTTATTGGTAAGCCAATATGTTGGGTGGAGGCTATGCTCAGACACCTCAAGCCAGTAAGACTTTCACTTTCTGCCATCTGAGTGTATCAGTTGAGGAGCACAATTTTTTTTTTTTTTTTTTTTTTTTTTCAGACAGAGTCTTGCTCTGTCCCCAGGCTGGAGTGCAGTGGCATGATCTCAGC,"[[67656507, ""T"", [""A""]]]",yes,no,T->A,1
chrX,52299096,52299339,GCTAGTGCAGCAGTCTGAGGTGAAACTGTGAGGCTGCAGCCTGGCTGGGGGAGGGACGTCTGCCATTGCTGAGGCTTGAGTAGGTAAACAAAGTGGCCAGGAAGCTCAAACTGGGCAGAGCCGACCGCAGCTCAGCAAGGCCTACTGCCTCTATAGACTCCACCTCTGTGGGCAGGGCATAGCTGAACAAAAGGCAGTAGAAACTTCTGCAGAGTTAAATGTCCCTGACAGCTCTGAAGAGAGC,N,no,no,N,0
chr3,187658929,187659162,TATATAATATATAATAATATAAATATATATAATATATAATAATATAAATATATAATATATATGAATATAAATATATATATTTATATTTATATATAATATATTAATTTATGTATATTATATATATATATAAATATAAATATATTATATATATAAATATAAATATATTATATATATAAATATAAATATATTATATATAAAAATATATAATATATATAACATATTTATATATATATA,"[[187659051, ""T"", [""A""]], [187659058, ""T"", [""A""]], [187659125, ""T"", [""A""]]]",yes,yes,T->A,3
chr7,125241478,125241895,TCATGTCATTTAAGGAAAAGTTCTCATTTTCCTTATTCATCCAATGCCATCCAAGGGTGTTGGATAAATATATACTTATTTGCTGGACTCTCTTTATTTTTCTATATTATTTTTTGATTGTCAGAGGCTCTCTTTAAAATGATCTCATGGCAGATAAATCCCAACTGAACATCAGATTACACTTTATGTTAGTAATCTTTCAGAATGTTTGTTGAGGATTTTCAGTGTTTGTGTGTGTAGTTTCAATATTAATGTCAATCAATTTTCATTTGTTTCACTTTCAGTTCTCAAAGTAGGATTTTCTGAGTTTCTAAAAGTATGTGTTCTTTCAGGTTACTATACTGTTCTATATGTTACACAGATGATTTGCAATTCCATAGGACAGAAAATCCACTACATGTTTATGTCCATGATTGGG,"[[125241497, ""A"", [""G""]]]",yes,no,A->G,1
chr5,122457256,122457476,GCCTCCCAAAGTGTTGGGATTACAAGTGTGAGCCACTGCAACCAGCCTGTAGTTTCATGTTCTAAGCCCTGAATGGAAGTATAATTTTCTGTTTGCCTTTCTAACCTGCTGGCATCAGGCTGCATGCCCAATGAGCAAAAGTTGAAAGACAACAGCCAGGTGCCTGAAGTTGGGTGATTGCCTCTGCTCCAGAAACCCTTAGAGCAGCACTGACCCTCCCA,"[[122457329, ""C"", [""T""]]]",yes,no,C->T,1
chr1,87913520,87913776,GACATCTTTGAGTTCACTGACTCTTTCTTCTGCCAGCTCAAATCTGGTGCTGAAAGTTTCTACTGAATTTTTATTTCAGTTATTGTACTTTTTAACTCCAGAATTTCTATTTGGTTGCATTTTATGGCATCTGTGTCTTTATCAATTTCACCCTCTTAGTTAGACATCATTCTCATGCTTCTCTTTAATTTTTTAGATATGATTTCCTTTAGATTTTTAAACATACCTTTAATAGGTGGTTTAAAGTCTGTCTAGTA,"[[87913540, ""T"", [""C""]]]",yes,no,T->C,1
chr3,190210603,190210815,CAAAAACATATAAGAAAGCTCTTCATAAAGAAGAATTGGAGAGGCATTTCTAAAATAGTAAAGCAAAGGAAACACCACAGCAAAGGCTGCTTCTTTACTATCATGAATCTGAAACTGGAGCTGCATTGTTTAGAAACAAATTCTGAGGCTTCCTTGCCCAGTAGACAAGTCTAAAGCTAAGCTACCTTCAAGGCTAATGTTGGTGCTATTATG,N,no,no,N,0
chr4,28912792,28913121,ATTTGATTTTTTAAATGTAAATTAGGTAGCAAATGATGATAATGAAATTGAAATGTAAGACTTCTGAGTCCAAATTGTATTCTTCCTTGGGTAAATAATTCATTACATTCACTGGTAAATGGTTCTCCTTATCTTACCAGCACATAAAAAGAGAAACTTCCCTGCACCTGTTGTAGCTGAATGTGGTCACATGACTAGTCCTGGCCAAAGAGTAGTACCAATTCTATTTAATTACTCATGTAAGAGCTCTCTTCTCCATGTGGTTTTGTGCCTAGAAAAATCTAAGAAACTGTCAGTAACTATTAGAGACACGGGCTGCTTGAGGGACTT,"[[28912923, ""C"", [""T""]]]",yes,no,C->T,1
chrX,57338363,57338563,TTCACTTCTTTTGTGGTGGAATGTCATCAGTTAAGGCAAGGACTGGCCATTTACACTTCTTTTGTGGTGGAATGTCATCAGTTAAGGTGGGGCAGGACATTTTCACTTCTTTTGTGATTCTTCAGTTACTTCAGGCCATCTGGGCATATACTTGCAAGTCACAGGGGATGCGATGGCTTGGCTTGGGCTCAGAGGCCTGAC,N,no,no,N,0
chr4,6365697,6366039,TGATCCTCCTGCGGTGAATGGCTGCACCCCCCTCCAGCCCACCCGGCCGTGCGGACCTGCTCTGTAAATGGGAATTAGAAATTCTCCAGGCCGAGGCTTGGTGTGATGCCAGTTCCCACCGTGAGAAATCACTAAGGGAGAGAAAAATCAATCGAACCGTCTTTTAAATTCTCTGGGTGCTAAAAATAAAGCAGAGGTCCATCCGCTGAGACCTCCTGTGCAATTTGTTACCTTTAAGATGCATCAGACTCAAGAAAAATCACCCAGTGCTGTGTTAACAGTCTCAAAATGTTGGTATTAAAGGACGCGAGAGGTTGCTTAAACAGACGTTGAAACTGCACCG,"[[6365700, ""G"", [""T""]], [6365740, ""T"", [""C""]]]",yes,yes,G->T,2
chr2,106623408,106623887,TCAAAATCATTAGCTGATTATCTCAAGAATAAACAAACATTCAATCAGACACCATTAGTATTCATACTGGAAACAACTAACATCTTCATTGTGAATGATCAAAATTGCCCAGCCTGCAGAGAAGAGATGAAGCTGAGACAATTGCTATAGAAACTAAGGGTACAATGCCTTTCAGATTGCAGGAAGAGCGTGCATTTCTGCTTCCTGCACACCTGTTTTCATTTGTGCTTTCAGATTGAAAGTTTATGGTGAGTCCCAGCAACAGCTTGAACTATATGTGAAAACAATAATTGCTTTAGCCATTGGCTTCATTATAACAAGTGTAGTTGAGAAATATTTTACAGTCTGCAATAAGAAGGAATAAAGGGTGACTTTTCTTTTTTATGTGTGTTGGAGCACCTTCCCTGCACCTGCATTGGCACTGACATCTACCCAAGCACATATCGAATATATAATTTGGGGAAGCAGGCTCTAGCAAGA,"[[106623541, ""A"", [""T""]]]",yes,no,A->T,1
chr3,127665628,127665982,ACAACAGAGAGAAGTGCTAGAGGATAAGGACAAGGAGGAGAAATATGTGGATCATCCTTTAGTGAAAATCCTGAAATAGAGCTTCCATGCAAAGGGCTGGATCATCAAGATCTGGATAAAGAAGCAGCGTTGACACAGTGATGAGGCGCCAGTCCTTTGCCTGAGGCTGCAGAGTTTCTCAGTGCATGCCACACACGTGCTTACAAGATGTTCCAGGCTGCATGGGACTTTCCTTGCCCCAGCCCCCAATTTAGCCATTTCTGCAAGGAGTCCTGCTTCCTTTTAATGAGGAAAGGTATTTAGAAACTAAGATCTGGGCCCCAGGTGTGCTCATGGCTACTGGGGTGTCACTGCT,N,no,no,N,0
chr11,134920924,134921194,TTATTTTTTGAGAAAATATCCATTCCATGAAAAAAATAAGGTCTATGTCAGCTTGCAACGCAGACACTTGCAGGCACGGCTCTCCTTGAGACAGTCAATGCGCTTCAGCAGCCTCAGAGGGGAACTTCCCGTTTGGCCTCATGGGATGTCACAAAGTTATGCACTCAAGGAATAAAATCAATAAGTTTTATTGCTTCATCAAGGCAATTTTTAAGTGGAATTGCCCACACTTGCTGTGCATGCATGGCCCTAAGATGATGACAGAGTATGG,"[[134920963, ""A"", [""G""]], [134921114, ""C"", [""T""]]]",yes,yes,C->T,2
chr1,57955419,57955619,AAGCCCACATGCAAGAGCAGAGAAAGACCCTTATATTCAGAAAACAGTACATTTAGATTTTCCCTAATAGTAGTGTCTTGAGTGTCTTGTCGATGACTCTGAGGATGGAATGTCATTTTCTGTTTCACTTTCAGTCACGATGCACAAGCTTACAAAGAAAAGTGTAGAAGTTGGAATAATACGATATGCTTTTTACAAATA,N,no,no,N,0
chr16,66470564,66471043,GTGAATTTATGGAATGAATGATGAGTGAATAAAACTATCCCTGGTGAGAGTCAGCAGAGTGCAAATAGAACTGATCTGAGGGTCTCCCAGTTGTTGGGATCACCCTTAAACAGAGTTGGTGGCTAATTCTTGGGTGACCAGTCCCAAATCTGTGCATGTGGCTAGAATGCCTGAACTTTTTACAGAACGCAGCCACCTGACTGTGTCACTCCTGGAAGGGGCCAGCTGTCTAAGGCAGCAGGAAAAAATTCAATTGCATTCCATTCTCAGACGATTTTCAATGGCAGGAAAAAGCCAGACTCTTCCTTCCCAAATCACCATCCACAGGCCTTCAGGGGCCTCTGCCTAGGTCCAAGGCCACCACCAGATAGGGAAAAGAAAAGCAGGACCTTGGAGGTGCTTAACAGCAGTAGGCACCCTTCACACTGCAGGGTGAAGTGATGCCAACCTCCTAGGAGCCAGAGCCATGGCCAGACCTGA,N,no,no,N,0
chr3,125855069,125855323,GATATCCAGAATCTACAATGAACTCCAACAAATTTACAAGACAAAAACAAACAACCCCATCAACAAGTGGGCAAAGGAAATAAGCAAACACCTCTGAAAAGAAGACATTTATGCAGCCAAAAGACACATGAAAAAATGCTCATCACCACTGGCCAGAGAAATGCAAATCAAAACCACAATGAGATACCATCTCACACCAGTTAGAATGGCGATCATTAAAGAGGCAGGAAACAACAGGTGCTGGAGAGGATGTGG,"[[125855150, ""G"", [""A""]]]",yes,no,G->A,1
chr1,187003335,187003677,TGTAGACATACAGCTTTGATGGTATATAAGCTAAGGAACACCTGTAATTTTGAGTTGGTCTGGCGATAATTTTCAGGCCTTCTCCCTGTAACCAGTTGGATAAATAAAAACTCTCTTTCTCCCCAGTTCATCTGCATCTTGTTATTGAGCCACGAGAAATAGTAGCCCCACCCTCAGTTTGGTCTGGGAACAAAATTTGGCAAGCCAGCCAGGAGAGACGGGGATGGTCTTGCATTCAGTGGCCAGCGGCTTACGACGAGGCAGTCTTCAGGAGGAACCCAGAAGCTGCTGGTGAGATTTTCCTGGGGATCCTCCTGTAGGCTGTCCCATGTGCAAACCTGCA,N,no,no,N,0
chr17,21565887,21566303,TATGCAGTACGTGAGTCGATGCATCTTCAACACAGGAGTGTCCAGCCTGGAAAACCAGGGGCCACCCTAGGGAAAGACCCAATGACATCACAATCTTTAAATAGGAATGAGAGGAACAAGGCTGGTGGACATCTCCCTGAGGGCATTAGTTTCCAAATATTTGAGCAAGGCCTCCTTTGCAAATCTGGGTGATGGTTATCAAGATAGGGACAAGAGGTATCCAGCAACAGGTGTATTTTATAAAAATTAGTTATGTAAACGTTAAACATTTAGCTTGTAAAAATTAAAACACCACAGCAGTGTATTTGAAAAGTAAACATTTCTCATTATTACACCTACTAGAGATAACTAGCAATGGCTAAACAAAAAGTTCGGTGCATGTTCTGTGTACACTGACTGCCTGAACCTTTCAAGTCT,N,no,no,N,0
chr7,132105204,132105459,GGGGTTTTGTCGTGTAGCTGGACAGGCTTTGGATCTGCAAGCGACTGTTTATTGAATTCAAGCCTGTGTCTGCTGCAAACACCAGCTGGATCATTGCATCACAAAGTGCTCAAAGGCTGTCTCTGCAAAGAGGAAAGATAGTCGATGGTGTTGGCTGCCTCTGGGGAAGGGAAGTAAGGGCTGAGGACATGAGTAGAATGGAGACCCTTTGGTGCCTCTTGAATTGGGCGCCATGTATGTGTATTGCCTTTCAATA,"[[132105215, ""A"", [""G""]]]",yes,no,A->G,1
chr7,76861565,76861846,CAATAAGCACTAAAAATCTTAAAATATGAGACCATTTGAATCTCAGCCTCTTTTGCTGCCCATGTCTTCCTTCTCTGGCATGTCCCTGAAGCACTCTGTCCCAACTGATACTAGTAGATATTTTAGACCATCTAGTGGACAGTAGCTTAAATGTTTGACAGATTTCTACTTCTTTCTCAAAATGGTTGCTGATTAATAGCTGAAAGGATCAACCCCAGAGGGAACCTGAGGTTTCCTACCTGCCCAAAGCCAGCTTTCACATTCCCATTTCCCACCAGAGGA,"[[76861573, ""G"", [""A""]]]",yes,no,G->A,1
chr10,76961906,76962341,ATATTCACTTTGTTGTGGTGGTCTGGAACTGAGCCTGCAATATCTCTGAGGTGTGCCTGCAAAAGATCTTTGTTTTGAGGATTCGCAGAGCAAGAAATGCCACTTGGCATCAATTAATCTCAGGAAGTGAACTAAATGCCCTGCTACAACAGGAACAGAAAAAGCTCGCCTTGAAGACAACAGCCTAAAGCAAAACCACAAATCCCTTTTCTAGCAAACCTGCTGTGAGGAAGCTGATATCATATTTTAAAGTGCACAATTTCCCTTACAGGCAAAGACAGCAAATCCCAGTTCCTTCGGTGGCACTGGGTTCAACGCTGGACTTCAGAAATTTACATGAAAGTACCAAAAACCAGCCAAACACACAAAAATGTTATGAAAAAGGAAAGTTACAAAATGGCTAGAAAATTGCATTCTTTTCTGTGCTTGATTTTCG,"[[76962252, ""A"", [""C""]], [76962328, ""C"", [""G""]]]",yes,yes,C->G,2
chr7,104179261,104179461,AAATTTGAGAAATAATTTTGTGTGGTAAATAGTTTGTCCTAAATGTAGTTATTTAAAAGTATAAGAAAATAACTAAAGATCTAAGCATGTCATGGATGGTTTACGTAAGTCATTACAAGGTTTGTGAAGGGTAGATTTATTAAATTTGTGTGTGATCAAGCTGGCTGTAATTAGAAGGGAATTATTTGTAAGTCTTTCCAA,N,no,no,N,0
chr2,52752664,52752869,GCTTCTTACCATTCTTAGAATAACAGTCTAAACCCTTGCCGTATCCTGGATGCGTGGCCTTGCCTGTAATGCTTCTTCTGCCTACCTTCTCATTCCCATTTTATACCCTAGGGACACTGCTTCCTTCTGTTTCTCAGACTTGCCAGGCACATTTAATCCCTTAAGGCTCTGCACATACTTCTTCTGCTTGGAATCTTCTTCCTTCA,"[[52752669, ""C"", [""T""]]]",yes,no,C->T,1
chr11,20208733,20209024,TCAGACTCTGGGCTGGGAAATCATACACCCGTGTCGCATTCCCACTCCAGACGCCGCAGTTTTGAGGCGCAATGGGGCCTTTGGCCTGATCATACTCAGGAATCCTTTTAGGCCCTTTGGCCTAGAGGCCAGAGCCGGGGTCTGCAGAGACGCAGGCACTCTCTGTCCCCGCGAGCCCCACCACTGGGTTGCTGCTTTTGAGCCGGTTGCTTCGGGCCGGCAGCCCTTCTTATTTCAGCACAAAAGGTTTGAGGTGCATTGCTTTCTTTGGCGTAAAGCCCTTGCGGGGTCA,"[[20208757, ""G"", [""A""]]]",yes,no,G->A,1
chr3,55391592,55391927,CCTGAATGACTACTGGGTACATAATGAAATGAAGGCAGAAATAAAGATGTTCTTTGAAACCAACGAGAACAAAGATACAACATACCAGAATCTCTGGGACACATTCAAAGCAGTGTGTAGAGGGAAACTTATAGCACTAAATGCCCACAAGAGAAAGCAGTAAAGATCTAAAATTGACACCCTAACATCACAATTAAAAGAACTAGAGAAGCAAGGCAAGAAATAACTAAGATCAGAGCAGAACTGAAGGAAATAGAGACACAAAAAACCCTTCAAAAAATCAATGAATCCAGGAGCTGGTTTTTTGAAAAGATCAACAAAATTGATAGACCGCTA,"[[55391656, ""C"", [""G""]]]",yes,no,C->G,1
chr10,112244263,112244559,GCTGGTCTAGAATTCCTGGCCTCAAGCAGTCCTCCTGCCTTAGCCTCCCAAAGTGCTGGGATTCCAAGCATGATCCACCATGCCCCATCAGTATATTTGTTTTAATATAATGAATACTTCTGCTAGTGAATCATCCAGAACGCAAAAGTAAGTGAGGCATCAACTGACCCAGGCTGAGCTCAGAAGCTCAAGCTCAAATTGAGAAGGCTGCCAAAAAAAAAAAAAAAAATAGTGTGGATTTTCTGGGGCTTTTATTGTCCCCACCCTTTTCAGTTTCCATTAGTCTAGAGAAGTGAG,"[[112244336, ""G"", [""T""]], [112244490, ""G"", [""A""]]]",yes,yes,G->A,2
chr6,128784288,128784610,ACAAAAAAAAAATGTCAGTGCCCTATAGGGCATGCAATGTTTTCTAGGTGATAAAAATCCTTTGCATATCTACAGGATGAAATTAATCTGCACTGCTATAGAAACAGAATCATCTGCATAACTATCAGTTTTCTACTCTTCAACACCTATCATTATAGAGTTGTAAAATACTATATTCAAAGGCACATCCCCCTAGGGGTTAGATAATCCTTGTTAGATAAGCCTCTTAGGCAATATTCTAGTATGACATTGAAAGGACAAGCGGTTTTCCATTTGCTTATTTCCAAGCATTGGATTTTTTTTTGTGTGTTAACAGTTCCTCC,"[[128784313, ""C"", [""T""]], [128784334, ""C"", [""G""]]]",yes,yes,C->T,2
chr5,43674602,43674882,ATGTAGAATGACAGTTTCAATCACATGCAGTGATTTGAATTCTTAAAATGCATTTGATTACTCAGAACAACTAGTTTTTTTTCCCCTTTCTTTTACTACCCCACCTCCAGAGGTCTACAAATGAACTGTTTTCAAAACCAGATCAGTTACTGTAACATATTTCAGCAGTGGCATTCCTATGGTACATTCTTGAGTGATTATAAATGAGCATGAGAAGTTCATTTATTTTATTTTTCTTTTGAGATTATTTTTCTAGTTAAAAGAGTGAGTATAAATTTTAA,"[[43674744, ""C"", [""T""]]]",yes,no,C->T,1
chr11,133656245,133656518,GAAGCTCCCGGTTTGACATGCTTGTCCAGAGATAACCCCAAGCCAGGCATTGAGGAGTAGCGACACCAATTTGAAGAGGAAACGGCTGAGCCACGCAGCTGTCCAGATGCAGCCGTTTGCCATCTGTGCTGCTGAGTGGCTTTATTCCTTGGCTTGCTTGATGTGGTCAGCAACCGCCAGACGTCACCAACTTCCCGTCCACTGGCTTTCCCTGACATCCTCTGGGAAAAGGGGGCAGCTCTGCAGCTCCACAGCCAGGTGTGCCCCACCTGGC,"[[133656447, ""C"", [""T""]], [133656470, ""A"", [""G""]]]",yes,yes,C->T,2
chr7,42774455,42774792,GACCAGGCTAGCCACTCCGTTCTCTGTGCCACCATGGAAATATGTGTATAACACTATGCTTTTCCTTATCCCACTACATTGTAATTGTTTTGTTTACATGATGGTCTGTGTGATTGCTTGAGGGCCAAGCTCATGTCTTGTTCGAACTTGCATCCTCTGTGCCTGGCCCAGTACCTGACAGATTATGTATTCCACAATTATGTGCTGATGAGTGATGAAAAGTTATATGAGTCACCATCTAAATAATACAAGGAATGGAAACATTTTACAGGTTTGGAATTATAGGTTCTAAGTCTTCCCTGAGGGAATGCCTAATTTACATACATGGAAAGGAGAGA,"[[42774507, ""G"", [""A""]]]",yes,no,G->A,1
chr8,141492949,141493181,GGGTAGGACCCACAGAAGTGTCCGTCTGTGTCCCAGGGGGCGGGTAGGACCCACAGAAGTGTCCGTCTGTGTCCCAGGGGGCGGGTAGGACCCACAGAAGTGTCCCTCTGTGTCCCAGGAGGCGGGTAGGACCCACAGAAGTGTCCGTCTGTGTCCCAGGGGGCGGGTAGGACCCACAGAAGTGTCCCTCTGTGTCCCAGGAGGTGGGTAGGACCCACAGAAGTGTCTGTCTG,N,no,no,N,0
chrX,41971351,41971678,GACTTGTCTCACAGGGGTCCTTGGGAAGGGCTGCCAGAGGTACTGGGAAAAGACCACAGGGAGAAGGAAACCTCCAGCTGAACTTTGTAACAATTCCAACTGATCGCAAAGTCTCCTGGCCAGAACTTGGGGGAGGGCTTGAATCCAGTGTGCAGACTTGACAGGCAGGGAGGCACAAAAGCCCTGCTTGCTTTCTCAGCTGGGAGGCTGGTAGCCTGGGGCAAGTTCTCAGACCTGCTCGCCCACTGCCTGGAAACCAAATAAACTACTTGCGTTCACATCCTTTTTTCAGGGTCTGCTCCTGGAGGGAATCCCAAGTATCAGTCTG,N,no,no,N,0
chr1,174744953,174745233,AAGTTTTTCTAAATCCGAAATTATTTCCAAGTGAAAAAAAGTAATTAAAACCAATCATTTATTTTCTTACAATCTCATGAGTCAGAAATTTTGGAATTCAACTGTGTGGTTCATCTCTGATCCACTTGGCATCAGCTGGACCACCTGATTCACTTCCAGATGACTTCTTTACTCACATATCTACCACTTTGGTGATTCTTGGTCTTTCTTCTTTACTGATGAAATCTGGTTCTCCAGGCCTTCTTTTGATTGCTTGGTTCCTTAGAGAGCATGGGAGTATA,N,no,no,N,0
chr2,174412284,174412678,TTTTTCTTGTCTGAGGAGAGGGAAGGTGGGCACCAACAAGACATAGCATGGGAGAAATCTCCTGGGATTTTTTTTTTTTTTTCTGCTTTCTTTCTGTCTTGTCCCAGCTCCCAGGCAAACTCCAGTCCTGAATCTGCAATCTTGTGATGGTTATGTGATGAGGGTAGCAGCTGCTGGGAGGCATCTAAAACTCTGAAGGAAGGGAATTCTCTCCCATCTAGAGGAATTGTGGTCCAAATACCACAGGAGAAATTCTGTTGCTTTTTGCCCTCTCTCTGTTTTCCTGCCTCTTGGCTTCAGAGGCAGACCCAGATGTGGGAAGCAGCTGGGCAAAGAAGGGAGACCACCAAGGCTCTGTTGTTCTAGCTAGAGGACCTGGAAGGGGGATCCCTGGA,"[[174412351, ""A"", [""T""]], [174412609, ""T"", [""C""]]]",yes,yes,T->C,2
chr18,26004289,26004521,CTAATAATCAATATTTATGGAACTCTCATTACATAACTGGGCATTATTCTAGGCATCATTCTAGACATCAAGTGACTAGTAGTAGACAAAACAAAACCCCTGCCTTCGGGGAGCTTTCAATGACTCCCCTGGGACAATGAGAGAATTCATAAATGAGCTATAAATAATTAAAGAGTTCAGTGTTTCATTCCTAAATCTATTCATGGCTGCCAAAAAGACCAGAGACCACATCA,"[[26004314, ""C"", [""T""]]]",yes,no,C->T,1
chr12,29976693,29976948,GATCAATTGGGCTTCATCCCTGGGATGCAAGGCTGGTTCAATATACGCAAATCAATAAATGTAATCCAGCATATAAACAAATCACATGATTATCTCAATAGATGCAGAAAAGGCCTTGGACAAAATTCAACAGCCCTTCATGCTAAAAACTCTCAATAAATTAGGTATTGATGGGACGTATCTCAAAATAATAAGAGCTATCTATGACAAACCCACAGCCAATATCATACTGAATGGGCAAAAACTGGAAGCATTC,"[[29976774, ""C"", [""T""]]]",yes,no,C->T,1
chrX,24846610,24846892,TGTGTTCCCCCTCCCCTTAAATTCTGCTCCAGAAGAGCAAATAGACATACACACACAAAAGGGAGAGAAACACTAGCTAATCTAAATTGGGAAATGAAGAGGGCTTTTTTTAAGCATGAAAATTTCATCATCTTGTCAGCTGGCAGAATGCCTGCTGTGTGGATTCACAAAGGCTAAGAATTACACTTTCATGAAATTTTCCTCACTAACTGCCCTGGTTAATTTGAAAGATAACCCACTGTTCTAATTCATTCCTCAATTGGGCGGTGCAGGTTTTATCTTT,N,no,no,N,0
chr4,32455220,32455552,TACTTTCTTTTGTAACAGAACACAGTTGGAAAAACTGGTTGTTTTACCACATCTTTAACTGGAATAATGTGCTCTCCTTTAAGAAATCAAACTTGACTTACAAAGCAATAAAGCCCTTGGAAAACTGGCCTCATATTTTGTGTACACAGGGTTTCTGATCTGTGGTGAGTAAAGAATGTCACTTTCCAACAGGCCAGGAACCCCACGTTATCTTAAAACCTCAAGAGGAGAGGAATTCACCCAACTCATAGGTATTTTATGGTACAAACCCATGGCTGGACTTGGCTTTAACAAGTCTTATCTCAAATTCCTTCGACATAAGGAAGTTCCATC,"[[32455260, ""A"", [""G""]], [32455285, ""G"", [""A""]]]",yes,yes,A->G,2
chr5,99093892,99094290,CTCAGTGAGCACAGCTCCTTTTCTTTGCACTTTCTTTGGCATTGTTGCTTTAAGTGTGATGTCCTTTTCCTTAGACTGCGTTGCCTCATGCTGGCAAAATGCCATTAGAAGTTCTAGGTTCTATATAATGGAATATGTAGAAGATGAGAGGGAGTCCATTTTGCTTTGAAAAATGAAAAAGTTTCTTACCAGAAACACCCAGAAAACCCTCCTTTATGACTCACTGGCTCAGATTAAGTTACAAGCTAATTCTTAAATTAAAAATTGAGGCTAGGAGAGTATTAAGAGCTAATTGGATTAGCTGAACCAATCTCTCTAGTATGATGGATGGGATTACCCTCAGATAAATGAGGCCCACTCTGGTGCTACAGTCTCTCAACTTACTTTAAAACACATTGG,N,no,no,N,0
chr11,100208247,100208565,TTAGTTCATGATTCTGTGGGTTGGCAATGTGGGTTGGGCTCAGCCAGAGTACATCTATGGGTCTCACCAAGACTCACGCATCTGCAATCAGCTGCCTATCAACTTCAAGGCATTCATTTCGGGCATCATCTGGCCATTGGCTGGGGCTGCTGGAGGAAGTGAGCCACATGTTTCTCATCATCCACCAGGCTAGCCCAGGCTTGTTCACATTAAAGATCTCAGGGTTCTAAGACCAAGAGCAGTAGTGCTAAGACTCCTTAGGCCTAGACTCAGAACTTGCTCAAAGAAACTTACATCACATTTTACTGGTTAAAACAAG,N,no,no,N,0
chr8,102424754,102425006,ACCACTTGGCTTTATTTTTTTTTCTTTTTATTATTTATTTAATTACTTATTTATTTTTACAACTTGACTGTTAGAGCTGAGAAAAGCAAGACTAAGAGAGACTTATGCAATCCCACAACCAGATCAAATATGTTTAATGCCCAGACCACAGGGCAAAGCATTCATTCGTTCACTGAACAAACATTGAGCTCCTACCATGTACCATGCAGTATGTTGGGCACTAGAATCACAGCAAAGAGTAAGAGCACAGGTC,"[[102424859, ""C"", [""T""]]]",yes,no,C->T,1
chr12,13282883,13283172,TAAAGACCCCAGCTCTTGGTACTGCATTTCAATCTCAACATGAGCTTTGAGGTGACAAACATTTGACCATAACAACACCTTTGCCAAAATAGTAATGAAAGCACCCGGAGAGCATTGGATGAGATGATTGTGGTGGGTCAGGCAGCGTGAGGGCAGAAGAAAGACTTATAGTGAAGAACAGGAAAGGGGAGGGGCCTGTGAAGACTGAGGCAGCAGGGAACCAGGAGGATGAAGTGTCACTGAAGCTTAGAAAATGTGAGATTTTAAGAAAAAGTGCTGCAGGTTGAGTA,N,no,no,N,0
chr8,79123045,79123398,GGCCCTGCAGGTCAACCCCCAAGAGTCATCTGGCTTCTGGTTAACAATGTCAATTTTACCTTGTGTCTCTCATGACAAGGGGAAAATCTGGCATTCCTTGGAAGCCTATTGTTATGCAGTGAGTCCAAGCCTTTTCAGAGCTAACCAATCAGTCTGCCTTTGTTCATACCAGAGCGGATGTATAGTGGTATTGTGGTGAGCCACTATTCGGTACTCTGCCAAGTAACTGAAGCAGCACTTGTGCTCAAATCCAACTAGCCATCCCTTTCACCCTGGCATTTTATCAACCAAACAAAAAGAACAATCGTAAAAGAAGTGCCCTTCATGGGTCCTTTGACCCTCACATTTATATGG,"[[79123059, ""G"", [""A""]]]",yes,no,G->A,1
chr20,16816219,16816515,CCAAGAGCTCTACAGGCCTGTTGGACTTAATTGTTGTCTCACTTGAATCTAACCCAGAGACAATGCCTCTTAAAGGACGCTGGGCTGTTGATAGTGAAACAGGAAAAGTTCCCTTGCCCCCTTCACAGGGCCTGCGATGGGGGGTGTGGCTCACCTCTTTGGTGCCCCGCTGCTCAAACCCCTAGAGGGAGCAGGCAGACAGGCAGGTTGTGGGGCTCTGATCCCAAGGCAGTGTCTAGGGTTGAATGCTTACAGCTCCTGAGGTCCCAGTGGGAGTGTGTTATAGTGTGTTCTTTC,N,no,no,N,0
chr9,21399057,21399549,CTGGGCCAGGTCACAGCTAAGGGTACAGAGAAAGCTGGAGAACATCATCCTCAGTGACACTAGTGAAAAGGTTGGCAGGGCCACTGGTGGGATGCAGCTGGCCGGGCCTTGTGAGCCTTCACTCAGCTGTCTCAGCACTTTCTTGTTGTGAGACTATTACATTACCAGGCAAGGATTTTCAGTTTTTGTACTTATCTCAATTTTTTTTCCATTTTGTTCACTTTCTATTCTATTTATGGATCTCAGATAATGTCATGACCTCAGCACTTCTTTTGTATTATAATGGAAATTAAACACTCCGAAAATGAAAGAAATCGCGATCTAACAGGATGTATTCATCCGAATGAGAATGTTTAGTTTAAATAAAAACCTGTCTGAGTCTCAATCTATTTCTCTTAAAATTCTAATAATGATGCTTAGAGGTTTTATCTTAGATGTCATTTTTACTTTCTTTTCTTTTTTTTCTTTTTTTTTTTTTTTTTTTTTTTTTTGA,"[[21399113, ""T"", [""A""]], [21399525, ""C"", [""T""]], [21399526, ""C"", [""T""]]]",yes,yes,C->T,3
chr15,37958412,37958620,CCACCAAATAGTGGGCAAAGGATATGGACAGACACTTTCCAAAAGAAGACATTTATGCAGCCAACAAACATGAAAAAAAGCTAATCATCACTGGTCATTAGAGAAATGCAAATCAAAACCACAATGAGATACCATCTCACATCAAAACCACAATGAGATACCATCTCACACCAGTTAGAATGGCGATCATTAAAAAGTCAGGAAACAAC,N,no,no,N,0
chr1,30930064,30930487,TAGCAGAGTAATGGTGGTCAGAAGAGGGGGTGGCCCAGAGCCCAGGCCACTCCATGAAACCCAATCCTGCAGATGGAGGGGTCTGCCCCCATGCCCACCCCCTCACATGATGAACTAAGGGGAAAGCTTTATTGATCAGAGTTGGTCTATCAAAAGACTTGCATCAGATCCTAGGACCTATTTCCACATCTATGAGATAGGGACAGCCGCATTCTTCACAGGGCTGTTGGTTCCCAGAACAGTTGTTGAGAACATGTGAAAACCATCTCATGTGTGACTTGACGCAGAGTCGGTTCACAACAAATGACATTATTATGTAAACTAATGAACAAAGATAGTTTTGTTCATCAAAAACTGTGCAGGGAAACTGGTATCATTTATTACACCAGTGTGCTGGACACAATTTAATTGCCATAATTTCCCA,"[[30930168, ""G"", [""A""]]]",yes,no,G->A,1
chr10,132109761,132110096,CAGGACTATGGGAAGCCTTCAGGGCCCCTGGGCTCTTGCAGCTCCGCAGCTCACACAGCATCTTGGCCTCTACCACAAAATGTGGGGATCCTTGATTTGCCAAACACTTGCATAAGTCTTGGCCAAGCAGGGAACAGAAAATAGGAATTCAGTCATTACAATTGGCAGCATCAATGCTTCTGAAGTCTTTACTGTGTCCGTGCCAAAAGTAATATCGTCATTACAACCCCAGGACAGGATTCTGTAACTAGGCCTGCAGCTGTGGAACTGGAGCCTCCTATCTAATTTCCAGCAGATCCAGGTGTCTCAGAAGCACCCGTGGGGGAGAATCCAGTT,"[[132109781, ""G"", [""A""]]]",yes,no,G->A,1
chr4,11102429,11102649,AACCTGCTCCTGAATGACTACTGGGTACATAACGAAATGAAGGCAGAAATAAAGATGTTCTTTGAAACCAGTGAGAACAAAGACACAACATACCAGAATCTCTGGGACACATTTAAAGCAGTGTGTAGAGGGAAATTTATAAAGCAAGAGCAAACACATTCAAAAGCTAGCAGAAGGCAAGAAATAACTAAGATCAGAGCAGAACTGAAGGAAATAGAGAC,N,no,no,N,0
chr17,70080576,70080911,TGTAAGGTTTATTTTTTTTAATGGAAAATTTTGAGAAGTACCATTAAAGGATGAATTTTGTGAGGGAAAATTCCTGGGTTTGGTTACTACTTGATTAGTTAGTTGGCTCTGCCCCAGAAAAATATCTACTAACCCACAAACTTGGCCAGTCTTTTCACAACTATGTGCTCTCCTCATCTCATGTGAGGCTGAGCCAAACAATGGGTAATTCAGGACATTCTGTCTCTACTTTGGGAAAATAATCTAAAGTAAGCTCACAAAACAAGGTGCCTGGCCTAATGGCTGGACATCAAAATTGTTCGCTAGATCTCCGATTCAAGATTTTCCTATACTGAA,"[[70080617, ""T"", [""C""]], [70080807, ""C"", [""T""]], [70080864, ""C"", [""A""]]]",yes,yes,T->C,3
chr5,37867657,37867969,AACAAAGTAAGAGTTTTTGAAAGAGGATTTAAAAAAATTCTTTTCTGGTTTGTTTTGGGTTTAATGAGTCAATGCTTTATTTTACTATGAGTGTTTATAACCAGACCTAAATGTATGTAGGATCTTGAACCTCCCCCACAACTATTTCCTATTTGTTCCCAGAAAAATTCCAATGCCAGATTTTGCCATAGCAACCAGAGGCAAATATCAAGACAGCAATAAAGAGCAAGCTGGAAAAGGGTTTCCCTACAATGTGGCTTGAGTTTCTGTAGGGCATTCCATCCTCTGTGTGGAGCTCTGGAAGGCAAGAGGG,"[[37867701, ""T"", [""C""]], [37867943, ""C"", [""T""]]]",yes,yes,C->T,2
chr8,67577114,67577430,CAAAGTGCTAGGATTATAGGCCTGAGTCACCTAGCCCAGCCTGAGTCATTTAAACAGAATCCCATTTAACCCAAACTAATTATATCCCAAATTCCACTTTAGCTGAATCCCCTCAGTACCATGACCATTTCAAAGACATGAGGGTATGAGTGACAGATGGTAACTCTAAGTGGAATGAGACATCAGTCTAAACAGATAAAACATTTTACTTTTATATGTGAGCATGTGAACACATGGGAAGGGCCTGTCCAGGGAGGGGTCCTAAAGCTTAAGCTTCATTAGCTTTGTAGTAAATTCATCTCCCCATCTGGGCTTGA,"[[67577169, ""G"", [""A""]]]",yes,no,G->A,1
chr2,147005372,147005715,TTTGAAGTTTTTCAATCAATTGTCCTTGTTATTCATATGGCACACACATTTTTTCCATCTTTGTTCAGTAGAAGTTTTTCCAAATTGTGTCTTATTCTTTTTGGCACAATCCTACTAGTCTTTGAAAGCATCCCTATTTTAAATTATGGCAAGACGTTTCAGATTTATCTTATAAATTATCTGCCCCAGATGCTGAATTATCCATTTCTCCAATGAGTCCTGGTTCCTTTTACTGACAAAAGGCATTTAGAGACCATAATCTGAGCATTAGGGTTGTACTTGCTAATGGGTTAGTCATTGTTTCTAGGGCTATTCATTGAACAGAATTGGAAATTATTTTCTTA,"[[147005526, ""T"", [""C""]]]",yes,no,T->C,1
chrX,143087436,143087644,CAAAATAAATTCCAAAAGATCACAAAGCCAGGAAGTGCAAACCACAGAATTTGTATCGAGGTTGGTGTGATTCTTAATCTTCTACAGCACTCCATTCCAAAAGCAAGAACGAAACAACAGACAACAGTGAAACCACATTCTCAGCCTCAGTTGTTATAGCAAATCATTGTGTCACAATTAATTCTGACGTTCATCTCAAACAGCGCTGA,N,no,no,N,0
chr22,26089736,26089991,CATTTTTCACAGAGTGAAGGACAGAGGTTTTGTGGAACATACTTTGAGAAATGCTGAGCTGATTTGATGCATGTGGACATGGGTCCCTAGGGGAAGTGACATGCTCATTATCACATAAAGAGAGAGAAACAAACACTATAGACATTGATGCTGAATTTTAGTCCACTGCTCTTTGTTGATAGTGTCTTTTTCCAGTGATTCTTTCCTGATGACTACCATTCTCTGTTGATAATGTCTTTTTCCAGTGATTCTTCCC,"[[26089801, ""A"", [""G""]]]",yes,no,A->G,1
chrX,129847051,129847302,ACTTTGCCCTCCTCCCCACACACACAGCCCTTTCCACCCCACCTCTCTGACTTGCACATCTCTTTCTGCTTTCTGGCTATAAATGCATGTGTGTGTAGAACGAATTGATGAACAAAAGAATGAACCACGGAATGCCCTACCCACGCATGATGAGCTAGTATTCTTAAGCAACATCTGTTTCTCTGAGGCCTGGGCTGCTATCACTGACATAGAAGATCCAGGATGGTAGGTAGCTCAGAAAGCACATAAGCC,N,no,no,N,0
chr9,29511754,29512008,TCTAATGTCTTCTTTGCTGGTGGAAGAAGCTTCCCAAGTCCCAGTAAAAGTAGCCTCCTCATCCCCGGTAGTAGCAGCTTCTCTAACCCCTCTCAACTTGCAGCTGAAAGGATTAGCCCTGCATTGCATAGGGACACTGTAATGTCCTCCTAAGAGGCAATTGTAATGCAAGACAATGCTGATTGTCCTCAGGAACCACCCACACTACCCCTCTTTGATTGTAAGCCTGTAATTAGACTCAAGTTTCAGCAGGAT,"[[29511757, ""G"", [""A""]], [29511848, ""T"", [""A""]]]",yes,yes,T->A,2
chr18,59631616,59631907,CTACTGGACTATGTGAGAGCGGCATGGTTCAAGTCACTTTGCTGCAACTCACTCCAAAATGCCTACTTCTTGGCTTCTTGAATTAAACCAAATAACACCAACTTAAGAAGCACTGGGCACTAAATAGCTTAGAGTTGCCACCTTTTCCCACTAGGTGGCAGCTCTGCATCAGGGAGGTAGAAATTTGGGGTCTGACAAACTGACTAGAATTAGGACCCTTAAAAGCGAAGTACTGGTGGTTTGGATGCCATCTTAGAGTAAGAAGATAATAGGAAATGTAAGATGCCAAAAA,"[[59631636, ""A"", [""G""]]]",yes,no,A->G,1
chr6,94254785,94255058,TCCCCAAGCCATATAGGTGGTAAATTTTGAAATTAGCATTCGGACCAAGGCAGTCAGGCTCTTTGGAGCACAAGGTCCTGACTATTATGCTGTACTGCCTCCCAATGGAAGTTCTAGGTTTCCAGCACATATGGATTTATCCATTATAGCATATTAGAAGATCATGATCTTTGGAATTAGGCATAAGTTCTCAAATAGCAGTTCTGCTGTTAACTAGTTTTCATAATTTTGAAGGTCTCTAATCTTTCTGAGCTTTGTTTTTTGGTCTGTAGTA,"[[94254801, ""C"", [""G""]]]",yes,no,C->G,1
chr7,149573639,149573888,AAAATTGCTTCCCTCCATTGTTCAACTGTGCTCTGGCCATTATTCCATCTGCAAAGAGCACCCTTTCTACACAAAGTAAAATTGCCTTGCTGAGAATACTTCTTGTCTAAATGCAAATTTTTCCTTGCAGTACCAAAAGACAAACATTCTATTTCTAAATAAGCATTTTACTTATAACAACTTTTTTTTATTATACTTTAAGTTCTACAGTACATGTGTACAACGTGGTTTGTTACATACGTACACATGT,"[[149573664, ""G"", [""C""]]]",yes,no,G->C,1
chr12,111007743,111007997,CGTGGCAGAGAGGGGAGAGAGAGAGAGCGCACACACAGGCTCTCTGGTGTCTCTTCTTATAAAAGCCCTAATCCCATCATTAGAGCCCTGCTTTCATGACCTCATCTAAATCTAATTATCTTCCAAAGGCCCCATCTCTAAATACTATCACCTCAAGGTTAGGGCTTCAACATGTGGATTTCAGAAGGATACACTTCAGTCTGTAGCAAGCCCCTAAAATGTCATGCTTCAGCTGCAAAGTAGACACAATCTTGA,"[[111007744, ""A"", [""G""]]]",yes,no,A->G,1
chr7,43831011,43831243,CTAAACCTTTTGTGTTCAGTCAAGATAACTTATTTCTTTAGAGCTATTTGCAACTTTTAACAAATGAGTAAAATATACTCCTGTGAACAAAACTTGGAGCATATTTGTTCCTCTCTGCCTGATTTCTCCAGAATTTGGAAACTATTTGTGAGTATTCTCAACTTACAGAGGTATAGTTAATTGCATAAGTGCAATAAGAATCTGTTTTCTTTTGTAACAGGACACAACTGGAG,N,no,no,N,0
chr11,46773736,46773985,GTTTCACCATGTTAGGCAGGCTGGTCTCCAACCCCTGATCTCAAGTGATCTGCTTGCTCGGCCTCCCAAAGTGCTGGGATTACAGGCATGAGTCACTGCACCCAGCCTCTATTTTTATGTTCTGATTAAAACCTCTGATTTTAATTAGAGCTATTTATGACAAACCCACAGCCAATATCATACTGAATGGGCAAAAGCTGGAAGGATTCCCTTTGAAAACCGGCATAAGACAAGGATGCCCTCTCTTACC,"[[46773749, ""G"", [""A""]]]",yes,no,G->A,1
chr16,9340782,9341245,GGGGGCTGTCGGGAAAACCCATGCTAATCCGTTCAGGAATATCTGCGCTGGAACACAATTACCTCACCGTTTCTCTTCAGTTCTTTTCTGAACACCATTTGCCCTAAAAATACTCTTTGACATTATGCACAAACATTGAAGAGACATTTATTTGGCCCTGACCTTTGACGGTTCCTGTTAAAAGAGATTCAGTGACACACAAATGGGACTGAATTATTTATAGATCCCAGGGGAAATCAACGTTGCTTTTATCCCTATTGAAAGTGCATGGAAGGCCAAAAAGTGCGAAATTAGCTTTGGCTCCTTACTGAGGGACTCCAGCTAGACTCGAGGGTGCTTATGAAAGTTATGGGCGCTCTCCATGGTTAGATCTTTGGAAATATGCATAACCCTGGGCTGTTGTTCCTTTCAAGTATTTTGAAGACAAAGGTCTATACCCTTTTCGTAAGAAGCTACCATGATGA,"[[9340803, ""C"", [""T""]]]",yes,no,C->T,1
chr2,26513428,26513898,GTGGAAGATTCCAGCCTGGGCTGCCCGGGGCCTGTCTGGGCTGAGGCTGTTTCCTGCCCACTCAGTCTACCTCCCCGCAGCCCCCAGCAGGCCTTCATTTCACCCCATCAGCCAGGGAGCGGCTGATCCCCACGCCGGACCCTAACGGTCAAGATGGCCGGTGAGACACTGCTGCTTGCCAGCAACGGGATTTTCCTCTTGCTCATTGTGGCTAAAGCAGGAACAAGAGGGAACTGTGGTTATTGAATACCCTGATCTATAAGGGGATTGGCCTTCCCAGGAGAGGATGGAGGGCAGGGAGCAGATGCAGGGGAAGCCTGCCTGGGCTCCTAACGGGGTCAGAGGTGAGGCACTGACACCCCTTCCCCGGTGTTGTCCTCTTTAAGGAGTAGGTGTTTTCCTGATAAAAGGTTGGCCAAGTCCCTTCTGGAGAGCTCTCTGGCTTCCTCCCAGAACCCACACTATGTGACA,N,no,no,N,0
chr3,170458297,170458626,CCTTTGTTTTCAATGAAATTAATTTATTTGTAAGTTTATAGAACTCAAGTTTTAATAATGTTGTATTTAGCAACTGACTCACAAAAGTTGTAAGTTACCAATCATTTTCATGAGCAAGCTGCAGCATGTCATTGGCTCCAATTCTCAATGAGCAGAGCTCAGGAATGAATGTGTATTATTAGTGAAGGAAGTGGCTGGATACTCGAGTCTAACGTGGTGATTCTGATTTCCCAAGACTCAGGGTGACATGCAGTGGATTCTAAAGTGCTGAGGGCTCAGTGGGCCAGCCCAGGCCTGGAGTCTGAATGAAGAGGCATCAGTGTGCCGGAA,"[[170458312, ""T"", [""A""]], [170458545, ""A"", [""T""]], [170458547, ""A"", [""C""]]]",yes,yes,T->A,3
chr7,49987384,49987760,TATCTTAATGGGTGCATGAGAGGCCCCAAGATAATTTCTCATGGCCTGGGAATCCTTGGGAAAAACAGAAAAGGTGCCACAAATTCCATTTTGGGAGAGACCTCTGTTTTCCTAAAGGAGTCCTAGGAATTAGAGGTGGCTAGATCCCTCTCAAAATCTGTTTTTAATCTTCCAGCTATACCTGTTTATTAGGCCCTGGAAACTGCATGCTTTCCTAGCCTTGCTTTAAGCCTTTTTAGCCTTAGAGAGTTCCATCCAGAGGCCAATAATCCAATTAGGAGACTGGCAAACAGTCTAAATAGTTACTGGATCTTCTTCTGCCTTTCTGTGTAGTTATATATGTGTTGTGTGTGTGTGTGTGTGTGTGTGTGTGTGTG,"[[49987416, ""G"", [""A""]]]",yes,no,G->A,1
chr4,108794123,108794515,TGCTGTAATGACATTTTTATGAGTCAATCTTTATTGAATGTCAATAAAATTCTGCACTATTCTAGTTGAATAGGAAGAGACTAGTTCATAAGAAGCCCATTACCCTAAGCTAGGTGTTAATAATCTCTTTGTCTGTGTTAATATTACAACATGCTGCATAATGCCAGGCTTGGAATACAAAAGTTCAGGGTTATGTAAGTGTTCTGGCATGCACAACTCTTTGAGCAAGACACTTGGAATTCTAGCTTGTCCAGCAGTTTAACTAGGCTGCGCAAACAATAGGGGCAAGAATGTAGCAAAATGCCCCTATTTCAACTATTCTTAATATAGCTGTCTTTTGATGGCTTTCTCACAAATTGTTCAGTCCTGAGAGTCCCATATTTTTTTCCTATC,"[[108794272, ""T"", [""C""]]]",yes,no,T->C,1
chr12,132998689,132999106,CTTTCCAAGGGGCTTTTTATCAGCTCTATAAATCCAACCTAAATTTCTCAAAGCAGCCTCGTTATATCTGAAAATATGCCATTCCATTTGAGGCCTTGATAAAATAACCAGTCTCTCAATTGTGTCCTTTTTACAAAAGAAAACAGATTCTTGCTGAACTTATGCAAATAACTCTATTGCCATAAAATCAGAATACTCATGAATAGTTTCCAAATTTTGGAGAAATCAGGTAGAGAGAAAGGTAAATTTTGCTCACAAAACATACTTTACCCAATTGCCCTAAGCTATAAATAACTCAGAAAGATTCTTGACTCTTCTTTAATCAGAGCAGCAGTCTTCCAAACAGGATGTCATTTGTTCACCTTGGAACTGCCATCCACAAATCAAGCAGCTCTTTGTCAGTCAGGTGAGAGCTGTT,"[[132998748, ""G"", [""C""]]]",yes,no,G->C,1
chr9,83561555,83561899,TTTATTTATTGCTTATTCTACAGGATGATCACATGTCAGCTTCCATTCAGGAACCAGGCTGACAGAACAACCTGGAATACTTGCTAGTCATCATGGCAAAGGGCAAAATGAAAGAATATGGCAAACCATATGCTGGCTTTTAAAGCTGCTGACTCAAAATGATTCACATCACTTAATAAGCCAAGGAAAGTCTCATGGAAAACCCTGACATGAATAGGGTAGGGAAATAGAGAAGAGCATGTATATTTGCAAACAAGAACAGAGTCTGCCACAAGGAAGAGCCCAGCCTGCCCTCTGTTCCTCTATGCCACCACACATCTCCTAGATACTTCTCTATCTGCACTC,"[[83561577, ""T"", [""G""]]]",yes,no,T->G,1
chr3,19097377,19097812,ATTACACTTTAAGTTTTAGGGTACATGTGCACAATGTGCAGGTTAGTTACATATGTATACATGTGCCATGCTGGTGCGCTGCACCCACTAACTCGTCATCTAGCATTAGGTATATCTCCCAATGCTATCCCTCCCCACTCCCCCCACCCCACCACAGTCCCCAGAGTGTGATATTCCCCTTCCTGTGTCCACCTATGCGGTGTTTGGTTTTTTGTTCTTGAGATAGTTTACTGAGAATGATGATTTCCAATTTCATCCATGTCCCTACAAAGGACATGAACTCATAATTTTTTATGGCTGCATAGTATTCCATGGTGTATATGTGCCACATTTTCTTCATCCAGTCTATCATTGTTGGACATTTGGGTTGGTTCCAAGTCTTTGCTATTGTGAATAATGCCGCAATAAACATACGTGTGCATGTGTCTTTATAGCA,"[[19097381, ""T"", [""C""]], [19097544, ""C"", [""G""]]]",yes,yes,C->G,2
chr4,77310893,77311365,TTAGGCTGAGACTGAGGTTTTCTAGGTATCGGGTCATGTCATCTGCAAACAGGGATAGTTTGACGACTTCTTTTTATTTGGATGGTCTTTCTTTCTCTTGCCTGAATGCTCTGCCCAGGACTCTCAATGCTATGTTGAATAGGAGTGGTGAGAAAGGGCATCCTTGTCCTGTGCTGGGAAAACACGGGTTTTCCTGAGGCCCCAGAAATGTGCTTACCCAGGAAAAATGTGTGTGAAGGGCATTCCTGAAATAACACAGCGTGCTAAATTAGTCATGTTCAGAGTCTACTGCAGTCAGTTGCAGTAGAGGGAGGGGAAAGACACTTTGGCAAGTGTACTCTGCTTGTCTCCAAATGGGGGTCAGAGAGTTTTGCCTATATCTGCTTAATTGCCTTCAGTGGAAAATAATTCTTATGCTAAAGTGGCATGTTCTGGGGTGGCATATTGACCATCTGCAGTGTGTTCAAACTAGG,"[[77310922, ""A"", [""C""]]]",yes,no,A->C,1
chr11,118355372,118355651,CATATATACACATATATACATATGTACACATATACATATATGTATATATACACATATACGTATATGTGTATATATACACATATACGTATATGTATATATACATATATGTATATGTATATATACACATATACACATGTATATATACACATATACACATGTATATATACACATATGTATATATACACATATACACATATGTATATATACACATATACACATATATACACATATGTATATATACACATATACATATATGTATATATACACATATGTATATATA,"[[118355395, ""A"", [""G""]]]",yes,no,A->G,1
chr7,52749885,52750209,TCAAGTAAAAAAGGAATAATAATAATAAGTAAATATCAACACTAATATTGTAGACATACACCACTTTTAGATCACAGGTATCAACCAGTTGTGTAGTTTGAATATCTCTCCATCCACATCACACGCCACTGGAGGGCGTCTGTCTGTTCCGGGGTCATGAAAGCCTCTGGTTCTAGCCTAATTAAGCCTTGGTAACACTTGCCAGCACCATTTGGCCAGAGATTCCTGATTTCACTCTGTTCTACTTTACTACTTAATCTTCATTTCCCTGGCTCTGTGTTTTTCTTTTTATCCACTGAAGTAGTAGTAGTATATCCTTAGCTAG,"[[52749896, ""G"", [""A""]]]",yes,no,G->A,1
chr2,149115851,149116173,ACAATTTATAAATGTTAAATTGTAGGCAGTTCTGAATAGTGTGACAAAACCTCTCACTGTCACGAGTCATTTCTTTGTTCAGCTTTTGTACATGCTTTATATGCGACCTGCCTGTAGGCATCTTGGTTATCAGATCTACTGAGACCGTATTGCAGTGCTTGTGTTCAAGTTAACAGTAGCCTAACATTATGTCACAAAGCCTATGTCATTTACCTCATTCCATCTCATCATGTAGGCATTTTATCATCTCACATCATCACAAGAAAGTTGAGTATAGTACAATAAGATATTTTGAGAGAGCCCATATTCACGTAACTTTTATT,"[[149115897, ""C"", [""A""]], [149116162, ""A"", [""G""]]]",yes,yes,C->A,2
chrX,113794819,113795169,GCCCAGGAGTTCAAGACCAGCCTGAACAACATGGTGAAACCCCATCTCTACTAAAAATACAAAAAATTAGCCGGATGTGGTGGCATGCTCCTGTAGTCCCAGCTACTTGGAGGCTAAGGTGAAAGAATCACCTGAGCCTGGGAGGTCAAGGCTGTAGTGAACTGCAATCGTGTCACTGCACTCCAGCTTGGGTGACAGAGTGAGACCTGTCTCAAAAAAAAAAAAAAAAAACAGGAGACGAAAGTATGCCACCCAAAATATATTTTGTATATTTCTAGCTGTTTATTTTGAGAAACTGCAGACACAAGAGTAGCTCTGAAAAACTGTTCTTTTGTAAAAGAAATTTATATT,N,no,no,N,0
chr6,68573972,68574232,TAAGTAAACATTGGCACTGGTGAAATGCTGCAGGACATTGTTCTGGGTGAAGATATTTTTGTGCATGACTTCAAAAGCACAGGCAACGAAAGCAAAAATAGACAAGTGAGATTACATCAAGCTAAAAAAGCTTATGCCCCAAAAAGCAAACAATCAACAAAGTGAAGAGACAACCTACAGAATAGGATAAAATATTTACAAACTATTGATCTAATAAAGGATTGATAACCAGAATATAGAAGGAGCTCAAACAACTCATGA,"[[68574118, ""G"", [""C""]]]",yes,no,G->C,1
chr8,48826099,48826404,GGTTGTTGAACTGACTTTCACTTCTGCAGTATGGTTTATGTGGCATGATGCCTGCAGTGTTTCATTTCTGAGCAATATTGGAATCCAAGGCGTAGCCCATTGGTGGGCACACCATGGATACATGAGAGTGACTGCTGACTGTTATGTCCAAATGCCTTTGGATAGAAGCCCATATTGGCCTGAGTCACCTGAACAGCTCATCTGAGTCTCCACATCTGCAAAATATTCACATACATTCGGGACCATATGCCCTTGTTGGGTCATTTTAATCTTTGTTTTAACTTTCTTATTATTAACTTTATTTTC,"[[48826190, ""C"", [""G""]], [48826262, ""G"", [""A""]]]",yes,yes,C->G,2
chr18,51442148,51442482,GTGATAACATTAAAACTACATCCTTGGAGGAGCTAGCAGTGATTTAGGGAGTACATTCATATGGGTTCTTCATAAATAAATCAACTAAATTGCTGCCACTAGCCAGTCAGGCAGGACTGCCCCTAAACAGAACAGGTTTCTGGTGTTTACCTGGCCAGGATGCTGACTGCTACTGAAAATAGCTCAGCATTAGTGTCTGCTGCACAGCTTAAAGGTTCTTGCTGTCTCAGTTGCCTCTTTGGGGACTTTTCCCACCTAATTAGGAGAGGGTAGAAGTAGCTCATCATTTAGTCACTGTGGTTATAGCAACTGGGATGGTTGCTCCAACTTCGGGC,"[[51442165, ""G"", [""A""]]]",yes,no,G->A,1
chr12,125137751,125138106,TGTGTGTGTATGTGAATGTATACAACAATTTAGACAGTGGCAGGCTGTATTTGAAGCCTATGGAATGGCTATTCGTTAAGGAGAAGATGGGAGCACACACTCACTGGGTTCCCAGGGGAAGCTGACTTTGATGTTGCCCGGGAGCCGGGCTGATTCTGTGAGGTGTAACTAGAGACAGGATTTACCAGGAGAGTCTGCTTCCTGGAGAATGTTGAAATATCTGATGCCGTTTACTTTGAAACCCGTAGATCATTCTCTTTGCCTTAAAAGTTATTTCAACATCTTCAAAACAACCTGTCCAGGAGTGGGGGCTGGGGAGAGCGCTTGCAGCATGACAACGGTGTGCAATCCCTGAT,"[[125137896, ""A"", [""C""]], [125138083, ""C"", [""T""]]]",yes,yes,A->C,2
chr21,18204946,18205241,CGTATATTTTATACCTTCACAAAAGAATCCTTGCTATAAGTCCATTGAGAAAACCACATTGCTTAATTCTAGTGAGACTGAAACTTTGTAGAAAGGGTGTAGTTTACCTAACAGGTGCCACTAGGATGCCCTTTCTTTCTCTTGTGTGATTGCTCTAGCTAGGACTTCCAGTACTATGTTGAATAATAGCAATGAAAGTGGGCCTCCTTGTGGTGTTCCAGATATTGGGGAAAAGGCTTTCAGCTTTTCCCCATTCAGTATGATACTAGCTGTGGATCTGTTGTACATGGTTTGTA,"[[18204977, ""G"", [""T""]]]",yes,no,G->T,1
chr9,87050209,87050608,AGCAATTTATTTTCTTTTGGATATATACCTGGTAATGGGATAGCTGGGTCAAATGATAGTTCTATTTTTGGTTCTTTGAGAAATCTCCAAACTGCTTTCCACAGTGGCTGAATTAATTTACATTCCCACCAACAGTGTGTATGCATTTCCTTTTCTCTGCAGCCTCACCAACATCTGTTATTATTTAACTTTTTTATAAAAGCCATTTTGACTGGTCTGAGTTGGTATCTCATTGTGGTTTTGATTCACGTTTCTCTGATGATCAGTGATGTTGAGCATTTTTTCATATGTTTGTTGGCTGCTTTTTTGTCTTCTTTTAAGAAGTGTCTGCTCATGTCCTTTGCCCACTTTTTAATGAATTTATTTGTCTTTTCTTGTTGAATTGTTTAAGTTTCTTATA,"[[87050422, ""A"", [""G""]]]",yes,no,A->G,1
chr2,70919083,70919284,TCCCAGTTACTCGGGAGGCTGAGGCAGGAGAATCACTTGAACCTGGGAGGCTGAGGCAGGAGAATCACTTGAACCTGGGAGGCGGAGGTTGTGGTGAGCCGAGATGGTGCCACTGCACTTCAGCCTAAGCAACAGAGTGTGTCTCCACAAAAAAAAAAAAAAAAGAATAAAAAAAAAAGACGGTGTTTCAAGAGTTTCTTGG,N,no,no,N,0
chr4,9617921,9618250,TTGAAAACAGCACACCAGGAGATTATATCCCGTGCCTGGCTCAGAGGGTCCTAAACCCATGGAGCCTCACTCATTGCTAGCACAGCAGTCTGAGATCAAACTGCAAGGCAGGAGCAAGGCTGGGGGAGGGGTACCCGCCATTGCCTAGGCTTCAGTAGGTAAACAAAGCAGCTGGGAAGCTCGAACTGGGTGGAGCCCACTGCAGCTCAAGGAGGCCTGCCTGCCTCTGTAGACTCCACCTCTGGGGGCAGGGCATTGCCAAACAAAAGGCAGCAGAATCCTCTGCAGACTTAAATATCCCTGTCTGACAGCTTTGAAGAGAGTCGTGGT,"[[9617924, ""C"", [""A""]]]",yes,no,C->A,1
chr17,45855568,45855877,GCAGGGGAAAGGTGGGCACAGGGGAGTCAGGGAAAGAGAGGCGAGAACTGGAGTCTTGGCTGCAACAGCCAGTGAGTGCATTCTCAGTTCAAGCCACTGCACTGGGCTCCAGGGACTTCTTTCCACTGTTATTGATTGCACTCTAGAGGAAAATTGGAAAGCACAGGAAAGTAGAAAAAAAAATCCACATTACTATAAGCTTTTGTTTTATTTCCATCCAGTCATTTGTTTTCCCCACGCATAAGGGTTTGGTTTTGTTTTTATTTTTTTAATTGTGGTAAAATACACATAACAAAATTTATCAAAGTGT,N,no,no,N,0
chr8,60958047,60958300,TATTTTCAGAAGTCAGAGAGAATGTGAGTGTGGCTGAGATATGGCATAGCAAAATTGAAACGAAAAGGTCTCAACGAAAAAAGAAAATGAGAATCTGAGAAACAGTGGGACTAGCCTAGGAGTGCAATGAAAAGGAGCCCGGGGATGACAGCTGTGCAGCAGTCTTAGGAAACAATTGGTCCAAATTAGAACAGGAGAGCTGAGGGCCCAAGAATGGGTTGAATGAGAAAGGGGATTACATGGCACACCTGATA,"[[60958088, ""C"", [""T""]]]",yes,no,C->T,1
chr1,205429713,205430134,TTTTAGCTATTATCTGTCCTTGCCGCACCTTACCCGAGAAGGGCATTTTTCTCGGCTATTTTGATGTTGGGGGGTGGGGGGAGCAGGGACAGGCATTTGGGGTCATTGTCTGGGAATGAATCCTGGACAGCAGGAGGCTGCTGCTCTCACTCCTCATCCCCATCATCTGTCACCCAGCGAGGGCAGCCGGCAGCCAGGCCGCGGACTGCCTAATGAAGACAGAGAGGTGGTTCCGGCTGTGCACAGGTGTCGCTTCCCCATTAACAGAGGTGACATTCCGAAACACTACTCATTACAGAGCAGACATTGGACAGGGCTGGGACACATATTAATGGCAGCAGGGCCAGGCAGCGTCTGTCTCAAATCCCACTGCCCCTGAGAGAGCAATCGAGAGAGCAAGAAAGAAGCATCCTGAGTGTCAA,N,no,no,N,0
chr16,81657292,81657651,TAGTTTGAGAAGCACTGAAATCATATACGTGTTACTCCTAAAAGGCTGCCTGGCACAGATTAGGACTCTTGAAAGGTCTGTTTCTTTACATACTTATTATGAACCTGCCTTCTGGCTTCTAAGCAGTTTCACTTTGACGAGGGCCAGATCCTCTCCCAATAGCCTATTGAGGTTACTGGAAGCCCTGTTGACCGAAGCAGGAGCTGAGTCTCCCCTAGACTCGACTCATTCAAGGTCACATAACTCAAGCCCCGAAACAGGGACAAGAACTCAGTTCTCCCTGCCCCAAAACCATACCTTCTCCCCCTTCCCGACCTTGCCCCTGAGGGTGTTCTGATCTGTTTAATTAAGAAAAAATGA,"[[81657494, ""A"", [""G""]], [81657520, ""C"", [""T""]]]",yes,yes,A->G,2
chr13,69216721,69216924,TAACCTACATTTCAGTTCTAAAATAAATGTTTAAGTATACAATCTAAGAAGTCAATGAAGCTTCTCAAAATGGTTAGCAACTCGTTTGTATGTGTGTGTGTGTGTTTGTGTTTGTGTGTGTGTGTGTGTGTGTGTGTATGGAAAAGCAGAGGGAAGGGAGAGAAAGAGAAAAAGGACAGAAAAGGGAGAGGGAGAAAAAAGGAA,"[[69216751, ""C"", [""T""]], [69216804, ""A"", [""G""]]]",yes,yes,A->G,2
chrX,65974831,65975052,TCCTAGGCAGAGGACCCTGCGGCCTTCCCCAGTGTTTGTGTCCCTGGGTACTTGAGATTAGGGAGTTGTGATGACTCTTAACGAGCATGCTGCCTTCAAGCATCTGTTTAACAAAGCACATCTTGCACCGCCCTTAATCTATTTAACCCTGAGTGGACACAGCACATGTTTCAGAGAGCACGGGGTTGGGGGTAAGGTTATAGATTAACAGCATCCCAAGGC,N,no,no,N,0
chr4,188162738,188163152,GGAAGATCTAGTTGGTAGATCTTAGTTAGTATTCTGCTCTAGAAATCAGATTCTATTTTATCCGCCTCTTCTCATCTCCACCGCTTTTATCTTCCACTTCATGGATAAGATCTTGGCTCTGTGTTTGGATTCAGATGCTTATCTTTTCCCAGAAGCTTGGCCCTCTGGGGACTGTCATCCTGCCTTCCTCCCCTGATGGGTAATGGCTGATGGCTGCAGCTTTGTGCTTAGATGAGCAGCCACTGAGCCAGGCTGAGCTGCTGCTGGGCAGCCTCGGTGTGCATATGCAATCAAGGCAAAGAGAATAGCTATGACTGCAAGTCTCTTCTATGCATATGTCCTTTCTCGTTAATAACGATGATGATCTCTTGGATAACATATCCCAGATATTTCATGAATTCTCACATTTATGAAA,"[[188162970, ""C"", [""T""]], [188163086, ""C"", [""T""]]]",yes,yes,C->T,2
chrX,122913103,122913494,ATATACATACAATGGAATATTACTCTGCCTTAAGGAAGTAATACTTTCATATGTGACAACATGAATGTACCAGAAGGACATTATGATAAGTGAAATAAATCAGTCACAGAAGGACACATACTGCATGATTTCAGTTATATAAGGTAGATAAAGTAATCGAGCTCTAGAAACAGAGAGTAAAATGGTGATTGACAGGGGCTGAGTGGAGGAGGAAATGAGAAGTTGCTCTTCAATGAGTATAAACTTTCAGTTCCACAAGATGAATCAAGTTCTAGAAGTCTACTGTACAACCTCATCAGCTACTGGGAGGCTACTGTGTATTTTTGGTGGTATTATGTTGCCTTAATTTTTCATGTTTCTTGTTGTATTATGTTGATGTGTGTGCATTTGAG,N,no,no,N,0
chr11,106644900,106645196,AACTGTAGCATAACTGAGTGTGTGAACAAACTGTAACCTACTCATGTAACAAGTAGCAGAGTCTCAGCCAATCACAGGCAGCCAACTGTTCAAACCATGTTCAAATAAAGCAAACACCCAGCTGTGACCAATTCAGTTGTTTCTGTACCTTGCTTTCATTTTCCTTCTCTGTCCATAAATGTTATCTGATCATGTGGTAGCCGGAGTCACTCTGAACCTATCCAGGTTCTGGAGGCTGCCTGATGTGTGAATCATTTTTTGCTCAATTAACTGTTAAATTTAGTTCATCTGAAAAGT,"[[106644917, ""A"", [""G""]]]",yes,no,A->G,1
chr7,15836076,15836309,GAATAAGTCTAATTCCCTTTGTCCAAGACATTTTTTCATAAGATCTAAAGCAGTGTTTTCTCAAAATTGAGAAAAGGACCAATGGCATCAGTGGGAAAAGGAGAAAGTTATATTTTAAATTTACATTCCTGGGCCGCATTCCAGACCTACTGAGTCTCTGCATCAAGAAACTTGGATATTTAACAAGTCACTCACCACCACTAAGTGATGATTGTGTTCATGAAAGTTAAAGAA,"[[15836088, ""C"", [""T""]]]",yes,no,C->T,1
chr5,117071698,117071949,CTCAGTGATTCTTTCTTCTGGTTGATCAAGTCTACTCTTGAAGCTTTATGTTGAATTTTTCAGTTCAGTTATTTTATTCTTTATCTCTAGGATTTCTATTTGATTTCCAAAAAAGTTCCTATTTCTTTGTCAGATTTCTCATTTTGTTGATGAATTATTTGCCACATTAAAAAAAAATGTCCTACCTGCATGGCCTTGGAATTTCCTGAACTTTAAGAGGATTGTTCTGGATTATTTGTCAGTTATTTCATA,"[[117071702, ""T"", [""G""]], [117071890, ""T"", [""G""]]]",yes,yes,T->G,2
chr8,100532851,100533307,TCAAGTACTTTTCAAAAGGTAATGTGTTTTGGTTAAATTTTTAAAAATAGATAATTTAAAAAATCTAGTTGGTGTTTTTGATTCAGACACAGTAAGAATTCTTGTGGTTTGCAGACTAGGATACTTCTGAGTGTTGGCTCAGCAAGAAATACAAGTCTCTGTGTCTATTTTTCAGGTGAGAACAAGTGTGTATTTTGTCAGTTTCTCTGTGTCCCTGAGCAACTACTAAACTTAATCCCACATTTAATAAGCCCAATGATAGTTATTTTTCATCTTGATCACAGAACTGAATCTGTCCTAAAGCAGTTCACTGAAGGTTTCACATCTTGTGAGGAAGTCCACAGTAGTAAATACTCACGTAAGCCTTAAGATTAGACCTTTTCGTTCAGTGGTCACTCAGCAGTTTCTCTGAATTCTCAAGAAGGTTCAACAAAAATATTCTGTAATGTGCTGGCAA,"[[100532857, ""G"", [""A""]], [100533227, ""T"", [""C""]]]",yes,yes,G->A,2
chr22,50368088,50368498,AGTACTTTCACTAATTCTGCTACTGCTATCTAGAAGGCGGAGCCAGGTGTACAGGGCGAAACATGAAAATGGACCAGGAGCGTGACCGCTGAAGCACAGCATCACAGAGACGTTTACGCCTCCAGATGGCTGCGGGCGGGCCTGACTGATGTCAGGCCTTCCACAGGAGGTGGTGGAGCAGAGTCTTCTGTCGCTCGCCCAGGAAAGGGAGACAGACTCCCTTTCCCAGTCTGCTAAGTAACGGGTGCCTTCTCAGGCACTGGCGCTACCACTAGACCAAGGAGTCCTCTAGTGGCCCTGTCTGGGCGTGACAGAAGGCTCACACTCTTGTCTTCTGGTCACTTCTCACCATGTCCCTTCAGCTCCTATCTCTGTATGGCCTGGTTTTTCCTAGGTTATAATTGTAGAACA,"[[50368376, ""T"", [""C""]]]",yes,no,T->C,1
chr12,84974248,84974663,AGGAGAGAAAAATAAGTCATGCTTGACTGGTATTCTTTTATCCTGGCTACATTATTGATGAGTTTTCCAAGTTTTTAAAGCTGACAAAGTCCCTAGTGGCTGTCTTCACACATTCCTCAGAGGCTCCACATTCACATTCAGTTTCCTCAGTCTGAGTGAATGATTCTCTCATGGGACCTTTTGCTTAATCTTGCAACCCCAAAAATATATTAGTTTCTAGCACTTAATGCTGAGGTTCTCTTGCTCCTCAAAATTGATCCAACTGGTAAGGCCCAGGACTATCTGCATTCTGCTCTTTTACATGTGCCCCACACATGGCCTTCAGGAAACACTCACACAACCTTTGTTTCAACAGTTAGTAAGAGGAAATGCTGATCCTAGCTAAGTGGCAAAACCTTTTAACTCTTGCCTTTGGA,"[[84974310, ""C"", [""T""]]]",yes,no,C->T,1
chr11,30710236,30710729,GAAGTGAAGAGGCTGTTTAATGAAGGCAGTTTAGCACCAGAAATTCCAAAAGAATAGATTAACATTGTCTGCCTCTAAACTCTTCAAAGAAAAACATAATTGTGCCTTTTATATCTTAACCCATGCTCCAACTGCAGAATTCCTTAACTCCCAGGAGGAGCCTCATAGAGATGCTGTGCTGTTTGATTTGGCACTATTCACAAACCTTGGCAGATGATCAAATAGAGGGCACAGAAGTGCAGGAAAAGCCTTAAGAAACTGTCTTCGCTGTTGTCATTACTGCCTTCATGAATTGAAATCTCAATGGTAAGCATAAAAAAGCCATATATATTAACCGAGCGTGCATAACTCCAATTTAGATGTTTAACACACCTTGGCTTGGAGAAAGCATGCACGTTTAGAACTCTATATGCTCTCCCTTGAGTTGTAGTTGTCTCATCTTTCAAATAAACATGGTTTCTTAAAATAATTAGGTCTTTTTGCCCCAGAACTCT,"[[30710511, ""G"", [""A""]], [30710562, ""G"", [""T""]]]",yes,yes,G->A,2
chr8,105651866,105652177,CCAGTACCCACAATGGATTCTCCCCATGTCTCAAAAAATGTAACATTCCTTAGTGAGATTTTTAAAATACCAGAGAATCTAGGTGAAGAGGATTCCTTTGAAATGTTGCATATATACATAGCATATATTATGCTGCATCAGTCAGCATGGCAGTGTATACAAGAATTTGAAACAAAACCTACATAGATGCAAAAGATGTTGTCAAACCACAGGGTTTGGTTCGACATCTTTGCATAGCAGCCATGCCAAGTCATTGGCTTGCTATTACTGGGTGGTTCTTTTTGGACCCACTTTACTGGTAAATAGTAACAG,"[[105651948, ""A"", [""G""]]]",yes,no,A->G,1
chr2,25521220,25521470,CCTTCTTTGAGAGCAGGGGTTGGCAAACTTTTTCAGGGCCAGATAGTAAATAATATAAGCTCTAAGGGCCATTTGGTCTCAGTCGTTAATGACTCAATTCTGCCACTGGAGCTCGAAAGCATCCATAAACAACATAAAAATGAGTGAGTATGGCTGTGTCCCAATAATTTTTTTTTTTTTTTTTTTTAAGACAGAGTCTTGCTATGTCACCCAGGATGGAAAGGCACAATCTCGGCTCACTGCAACCTCTG,N,no,no,N,0
chr20,61238855,61239081,TCCATCCCATCGAATCACTCTGATAACCTGAGAGATTGGTTTTACAAAGGACAGGAGCCTGGGAGGGCACATCCGTCAACTCCAGCCGCTGCTGATTGCCCCCAGGGGATTACCAGTATGCCTCCCCACACACACACACACACACACACACACTCTCTCTCTCTCTCTCTCTCTCTCAGCTCAGCCTGCACACATCTGAGGAGCCCCTGAAGCCAGAAGACATGGCC,"[[61238858, ""G"", [""A""]]]",yes,no,G->A,1
chr18,26806287,26806552,TAAAAGTACTTCAAGTTTCTTTTGGGGAAACTACCTTCCTTCCTTCTCAGCCCTGTGTGATTGGGTAAGATTGAACCTACCCTGGTTCCAGAGTGGCCCCTGATTGGCCAATGTCAGGACCATCCCATCTGCTCTGGCCCTGTGATTGGCTCATTGAAGGATCTGTAACAAATCAGGACCATAGAGACTTGAGGAGCTATTTGCTGGGGTTTCTGGGTAAGGAAAATGTAGCACTTCTTCCAAACGCTATAGGAAGAGACTCCTCC,N,no,no,N,0
chr8,66099825,66100084,GAATTGAGTTGATTTGCCAGTCATGAATTCAACAAAAATACCTATCACTTGCTTCATTAAAAGAACTGTAACATGATGAGAGTGTTTATTGCTTTGCTTTGTTTATTTTTAGATGTGGACTTTCCAGTTTTTCTCCAGCCTACAAATGCAAATGAGAAAACACAGCTAATCAAAGAAGGATCTCGAAGTTATTGCACAGACTCTTGATATTGAGCCCTCAGAGAGTCCACAGTCCCTCCTCTCAGTTCAGTCTTGTCTCC,N,no,no,N,0
chr4,92658292,92658588,TAATTTCTCTATTAAATACTTCTATTAAAATATTTCATCTCATTAAAATGTGAATCCACAGTATATATAACTTCAGAAAGAAATGTTCAGAGAAAGTGAGTGTGTCTACTGAGCAAACAGTGAAGCAAGAAAAAAGGATTGCACAGGGAATTAGATTAGCCACGCTGGTAAAGGCATAGCTGAAGCCCCATTAGGTCTGGCCCAGACAGCATTTGTGTTTGGAAGAGCTAAGCAAATCACATTAATTAATGCTTACAATTTTCTTTGGTGAAAGGTCCTGATGTCAGAGAGAAGACA,N,no,no,N,0
chr1,206761416,206761715,GGTCTTTTATGTCCCCCTTGTCCTCTCCAGCCAGGGTGCCAAGGAGGCCTCTGGAAGCTAAAGGATCAATGGCAGCTCAATTCTGCTGGGGGAGGGAGCTGTTGATAATACACAGATAAATGGGAACTGCCTGGCAAATTAGGAGTGCAGATGCTGTAGACACAGGAATGAGTCCTGGAGGAGGATTCCAGTGGGAATAGGCCTGGTGGACTGGAGGAGTCAGTGGCTGGAATGAGGAACTACAGGCTCGAACAGAATTTAGAGGTCATCTAGTTTAGCGACTTTTAAGCTTTTAATTGA,"[[206761480, ""C"", [""A""]]]",yes,no,C->A,1
chr8,61812688,61812947,AGCTTTTCTTTTACTCTTGTCCCTCAGCAGTTCCTTTACCATGACCTCTGAGTCTTGAGGGTCATGCTCTTCTCTCTAAATCCCTGGGGGCCTATGGCCACTGAGCTGCAGTAAAGAAGAACTCCAGCTTACAGGGAGGCAGAAATCAGAACAAAGTGCTACTTAGAATTTTTCTTCATTGCACCTTCCATAGTTAATCTTTAGGAACCTAAAACACATCAAGTGGTAATGTTCACCTCAGTGCTTTCTTTATTTTATTT,"[[61812705, ""A"", [""T""]]]",yes,no,A->T,1
chr9,38416494,38416872,GTATTTATTTATTTATTTATTTTTAAATTTACACAAAGCACAATTCGTTCCTTCTGGTGTGCAGTTCTAGGTTTTGACAAATGGATACAGTCATGTAATTAACACTATAGCCAAGATACAGAACAGTTGTTCTGTGACCTCAAAAAATGTCATGTTGCTCATGCCATAATAATCCGGTTCTAATTTTTTTTTTTTTTTTTGAGGCAGAGTCTCATGTTATCCTCAGACTGGAATGAAGTGGCACAATCATAGCTCACTGTAGTCTTGAACTCCAGGGCTCAAGCAATCCTCCTGCCTCAGCCTCTTGAGTAGCTGGGACTACAGGCATGCACTACCACGCCCAGATAATTAAAAAAAATTTTTTTTTTTGTAGAGATGG,"[[38416595, ""C"", [""A""]]]",yes,no,C->A,1
chr21,26441088,26441467,GCCATTTTTACAGTTGAATGCAAAGGCTTTTATAAGAAACCGATGAGGGCTGAGCAACTTATTTGCATAAGGCACAAATTTCTGGTAGCTCCACCCCATCCTCCTAGTGCATGTGTGTGTCCTTAGCTTGGGTTACTCCATATTGCTTTGTATCCCTCACAGCACATGTGTTAAGAGACAGAATTTTCCATTGCAGGCATGTCTGGGCAAGCCACCTGGGTAGCTTTTCTTATCTGTGCAGCTGTGGGCATGTCTTAGGCAAGGCCCCCTGTGCAAATTCCCTTATCTGTGCCAGAAGTCTGTTATTTTGTTTTAAAGAGTTCAACCGAGGACCCACCCTAACTGCCTGCCTGATCATTTTTCTCCTTTCTCCTCTCTCA,"[[26441107, ""A"", [""G""]]]",yes,no,A->G,1
chr3,15254290,15254761,CTTGTTTGATACTGCAAAGGGTTATTTCTGAAACTTAAACCTCATGATTGGCCAACCAAGAACTTTTTCTCCACAGCATGCTTTAATAATGAAATGCGGATTAAGAGTCCAATATTATAAAACATTTCCACAAAAGAAAGAATCCATCTGATTCTCAACTCTGAATGCACATTTGAATTCCCTCGGGGAGCTTTTAAAAGTCTAATGCCCCAGTGTACCCCCCCCAGTTAATTAATTAAATAATTCTCTGGGGATGAGAACTGACTGACAGCAACACTTAAGCTTCGAGACTGCAGTGTGCAGCCGAGGCCCACTCCTCCAGCGTCACCACCTCGTCTTTATCTGCCACTGTGTCTCCTCATTGCCCACAGCTTTAGCAACAGCAAAAGTAGAATTCAAACCTTGGTAAACAAGGCTTAAATTATTACTGTTCATGACCTTAATTAATTGAAAATGATTACTGGTGACCACA,N,no,no,N,0
chr8,51275508,51275823,GATGACTATCTATTGCATGAAGAAAGGTAAATGGGACCACCTGGCAGAAACCGCTAGTACACACACACACACACACACACATACACACACACACACACACACACGTTCTTTCTTTCTGAAGAGCAGAATTATAGCTTGTGGTTACAATATAGACCACATGGAGACTGCATTTATCAGTCCCTTTACTGCTAGCTGTGGCCACATGACTGTTCAAAACCAATGGATGGTGAGTGAATGCAGCACAGGTGTGTCCTGGAAAGTCTTTAGCATGCACCTTGCCATGCCATTTCTCCCTTCTTGCTGGCTGGAGTAAGCA,"[[51275543, ""G"", [""A""]], [51275589, ""C"", [""T""]]]",yes,yes,G->A,2
chr20,3916466,3916686,TGAAATTCTTAAGCAGCTCACTCTGGGACTCAGCTGTCTGTGCTTTACTCTGCTCTGATAGAGCAGTTTACCAGATGTGCATGTGGCCATCTGAGTGGAACAGCTGTGCAGTTGAGATGAATTGCTGTTAGAGGTGTTGTCCTGGAACTGTCTGGTTGCAGGAGCAGTGGTGCCTTCCAGTGCATCTGATGAGATTCTAACTGAATATGTGAATATCTGGT,"[[3916632, ""A"", [""G""]]]",yes,no,A->G,1
chr8,26423916,26424371,AAAAAACAAAAAAACTTTACAGGCAATATTTATTGGTTGAAACAGTGGTGTAAGAAACTCTCTTCAGCCATAGTCACACTTGGAACAGGATAAACATCTTCACAGAACAGAAGCAACAGGAACGTAGAACCATGGATCAAGGCGAACGCAATGGCAACAACCTTCCGCGCTCCTATTAGGAAACCAGTGGTGCAGCTGGAAAATCAGGGCTCTCGGTGTCCACATGAGGTGGGCGTGGAGTCAGAGAGTGTTGATTCAGCCCTGCCATCTGCCTGGAGCCTCCAGGCCTGGGCGAACATGTGGACCACACACGTTGTGTCTGGCTTCTTCCACTGACATCGTGTTTGTGAGGTTCACCCACACTGCAACACGCTGTCAGTTCCAACATGCTATCAGTTCTTCATTCCTTTTTATGGCGGTAGAATGTTCCAGCATATGGATATACACTCCCTAGAC,"[[26424137, ""T"", [""A""]]]",yes,no,T->A,1
chr20,49349662,49350064,GTTGATATTTCATTCCTCATGGTCTTTTGCTTCAGTATTGATTTTTAAAAAATATTGCATTAAGATATTATTTCTCTTGATTACTCAGTTTTTGGGTGCATCTTACATTTGCATCAGAGGCAAGTGCCTCACTCTCTTAATGCTGGTCCTCGCCCTGCCTTGGAGTTGGGCAATGAATGTGCGGGAGGCAGGGATGAGGCAAGGGAAGCCTCTCCTTCTGGCTCCTTCCAGCATCTGGGCTCATCAGCACATGACTAGAATCCAAACCTAATCTGAACACATTTTGTTCCTTTAAAACAAGATTTATTGAGTGCTGACTGTGCGCCAGGGACTCTGCATACATTATTTTATTTTATCCTTACCACCATCTCTGGGGGTAGATATTTGCTCATTCCATTGAACA,"[[49349684, ""A"", [""T""]]]",yes,no,A->T,1
chrX,148530573,148530849,CAATTCTTGTAAATTTGCTCCTTTTTTTTTTCTTGCTTGCAATGTCTTATATAGTTAAGCTGCAATTCCCCACATCACCAGCAGGTGCTGAGGACTAACACAAAATATGTTTCATTCTCGAATTTTTTAAGATTGGGAAGCTTGGAATTTAGGGAAAAAATAGTGTTATACTTAGGAAATGAGAATATTGGAAATTATATAAAATAAGTTGGACTACAACAAGTATATCCTATAGGTATGGTACCCTGACTATTCTTGAGAGAGAATTGAAAGCTTA,N,no,no,N,0
chr13,101869203,101869524,TCTGACCCTTCACACAGAAGGTGTGATTTGTCATTGCAATGAGGTCAGGCCAGAAGTTAAACAGGTGATTCCAAAACTAAATGACGGTGGTAGAACCAATATGATACGCCAGCGAAGCCAGGAAAAGATGTGCACCTGCCAAGGAGCTAAATTTAGAAAGAACTAATCAAAACTGAATGGCATGCAAATGTCAGAGAGGCTACTCATTTATGTTTCCATGTTTTGTTTCTTCTCTGTTGATAAAATGTTAAAAGCATTTTATATATTTTTGCATAGTGCAGATAGCAACGTTATAACATTAAAAAAACTTAACATCCCTTTA,"[[101869214, ""G"", [""A""]]]",yes,no,G->A,1
chr20,35934085,35934528,AGTGAGTTAAGACTTGATAGGCTGCTCCTGGATAGGATTTCCTTTGTGCTGATTAGGCCTAGAGGAGGCCTGGTGTCAGGCAGAGTGGAGTATCAGGACCCTGAGATGGTGAGATGGGAATCTGCTTCCTCTTGTGCTCTCTGGCACACAGAGGCCTGGCTTCAAGATCTGCGTGACAAAGGTGGTGGAGGAGGGAACATTGGGTCTGCGTTGGTTTGGGTAAAAGCTGAGGTGCTATAACAAGGACCCCCCACATAGAGGCTCAAACAAAACAGAAGTTTCTTTCTCATATAAATGAATGGTTCAAGGCTAGGCAGGGATCTAGGCTAGGTAGGAGACCTTTCTCCAGGATTCCATCCGTTGGGTTGGGAACTTTGTTTCCTTCTGTCTTACGGCTCCAGCATTCTCTTAGGGTTCCCCTTATCTGCATGGTCTTAGGTTCCT,"[[35934138, ""C"", [""T""]]]",yes,no,C->T,1
chrX,27620027,27620241,AGTTACAAAAATTATTAAACTTATTAAAAGATGCTAAATTTCACTTATAATGAGGAGAATGTAAATTCAAGCTAATTGACAAAATTTCTCATATATACATTGACAAAAATTTGAGAGCTCAATATCACCCTCTGTTGGCAAGACTGTAGAGAACAGACACTCTCATATCTTGCTAATGGGACTACAGAATAGTACAATAGTGTAATTATGTTGAA,N,no,no,N,0
chr6,8481828,8482174,CCTCCTACTCCTTGCAGGTAGCTCTTTCTTTGGCCTTGTGTATATCCTCCTATCAGTTCTTAGCCACAGTCTTTAGGGATTCTTCTTAAGATCTCTGGAGGGAGCTCTTTCCTCGTCTAGTTCCCTCTCATGTTTTACCTACCCTCTCAACCCCAAATTTCAGCACTTCTGGTCTCCCATCTGTCTCCTAGGTTTTGGGGTCCTGCTTGGGTTTCTCTTTCTTGTGCTGCAACTTGGAAATTCTCTTCAGGCAGTAACCTGGGACAATTGTAGCACTGACCTCCCGTGTTTCCCTGCCATTCAGTGTTAAAAATTGTTGCATCAAACATTTTGTCTGGTTTTCTAGT,"[[8481841, ""A"", [""G""]]]",yes,no,A->G,1
chr5,126081262,126081481,AAGAGATAATTTAAAAGGAAAAAGAAAAGCTTCAAGTCACATGTAACGGAATCACAGTAATATTATCATTGAATTTTTCAGCGGAAATCTTATAGGCCAGAAAAAATGGGATGGTATATTCAAAGTTATGAAAGAAAATAATTGGCAGCCAAGAATACTATATCCAGCAGGACTGTCCTTCAGAAATGGAGGAGAATAAAGTCTTTCCCAAATAAGCAAA,"[[126081292, ""A"", [""T""]], [126081338, ""C"", [""T""]], [126081343, ""G"", [""C""]], [126081406, ""T"", [""G""]]]",yes,yes,A->T,4
chr1,81590257,81590540,ACATCTGATCTCAGCCTTTTGCTCCTTATTTTCTATCTCTTTTGATTATGTGTATGAACCAATACCCTTGTTGGTGACTCATCTATCTTGCCCTTTCACATAGTAACCATTTCCATGGATAGCTTAGGACAGTTCCCACGCCCACCCACACAGCAGCCATTTCAACCCAGTTTCCCATTGTGGTGACTGCACTCACTTTGCTTCTGACAATTAAGCGCTTCCCTGTGGCCCCTGTTAATCAGGAATCCTACCATCCCCCTTGCTACAATGGACCCCAGTCTTTT,"[[81590262, ""C"", [""T""]], [81590276, ""C"", [""T""]]]",yes,yes,C->T,2
chr12,118938385,118938752,CCTCAGAGCTCATGTGAGTTTGTACTATGTCATCTAAAACCACAGATGTGATGGACTGGGGACCTCAAGGAGAGAACACCCAGAGAAACCTGCCTGTTGATTTGGGATGATTTGAAGGAAGTCGCTTTCCTCTGCAAAAGCAGCCACATCTTCCCAGCAGCAGGCAGGATTCCCCAGGGAAACAGAGACCTAATTTATACATCTGGCAGACAAGATGTTAGTGGAAGTACTTAACCTTGATTCCCTTGCCTCCCTTCCCTGGAACGTCAGGAGTGATGGAAGCTGCCCTCCCAAGATCCAGAGCTCATACCCCCAAATGATGTGGGTCTCACAGCCATCCGGGGCCACTGCTCAGGGAGAATCACTCA,"[[118938423, ""G"", [""A""]]]",yes,no,G->A,1
chr12,115345420,115345653,CATGGTGAAACCCCATTCCTCCTAAAAATACAAAAATTAGCCAGGTGTGGTGGTGCGGGCGTATAGTCCCAGCTACTTGCAAGGCTGAGGCAGGAGAATCACTTGAACCTGGGAGGCAGAGGTTGCAGTGAGCTGAGATTGAGTCACTGCACTCCAGCCTAGTTACAGAGCAAGACTCCATCTCAAAAAAAAAAAAAAAAAGGGATTGTGTTTTTCATGTGAAGATATTTTTTA,N,no,no,N,0
chr17,57655568,57656020,AGTAACATGAGCTCCTGATGGTGGTGGTGAGTGTGAGCAGTCATATTTCTGTTGTCTTTTCTCTTGCTTGGTTGGGGCTGCGGTGAGAGTGTCTCTGAGGCATACTTTCCCGCCTCTCTTACGCTAGGATCTGCACACCTCCTCTCAAACACTCTTCTGAGCACGCTCAGCGGGAAGGTTTGTCCACACCTATTAATCCACTCTCAGTGTCCAGCTTCCTGTTAGTACCAGCTGGTTTGCATGTTTTTGCTTGTTCAGATGAAACAGTTCAAGAAACAAACTCATATCCAACTCTCAAGAAATGTCTTTTTTTGTACACTTTCGTTTTTGATTTTTTTTATTAGTTACAACTCCAAAACACCTGTTGTCCAGTAAAACATTTCACACCTCCCCTGCCTGTTCTTAGATTGTATGTATCTGTGGGACTGAACTAAATGCATGCACTGTAGTAGA,"[[57655767, ""T"", [""A""]], [57656012, ""C"", [""T""]]]",yes,yes,C->T,2
chr10,8273827,8274278,TGGATGGACATTTGATGTTTTGATGGATGTGAATGAATTACTCTAGTTCTATTAACTTATCAACATTCTATAGAAGACTAGTTTTATTGTGAGGGTTAAATGATGTAATACATGTGCCTAGCATAAAGGGGGTGGTCCCTAAATATTATCAGGGTTATATCATATTTTCTCTTCTTCTTGGTCTGTATTTCGTCATGAGAGCTGAGAGCAGGCACTGACTTGCAAGTCAGTGAGTAATTGTAAAGTCCTCTCAGTTGCTATCTTTCCAGTTTTTGAATCTGTGGAGCTTTAGATAACTCATTGTAATTAGAGATACCATGCTGTAAAGTAATTTGTTGTCTGAAATAAGTTTCATGGGTTAACTTTCACTTAGGAAAGATACAGCATACGGAAGGATATGTGTCCTCAAGTGGCTCATTTCTCTTAATGATTGCAAGACCTCTGATGGTCTT,"[[8273871, ""G"", [""A""]]]",yes,no,G->A,1
chr1,25223525,25223741,TAGCACATGTTGTGAGGGCTAGAGGAAGCCAAGAGAGTTTTCATCAAGTTAAAGTTGAAACTGAATTAATGGCACAACTCAGAATATGAACTGTGAAATCCAGTAAATACAAATTCATCTTCAGAATGCTAGAGCGATGACTCATTGTTGGGAACTTGACTGTACTGAAGAAGATAACTATTGGCTGGGCATGGCGGCTGTAATCCCATGCCTGTAA,"[[25223556, ""G"", [""A""]]]",yes,no,G->A,1
chr7,97982620,97982956,TGTGAACTGGAGGGTTTAGTAAAAAGTGTGAGCTTTTACACAAGCTCTCCAGAAAATGCCTCAATTGTTCCCAGGAGTCCTCAACTCGCAGGATTAGCCTGAGAGAAGAGCTTTAATGTGCCACCTGGAAACCAGCCTGGTGAGAATTTCCTGGCTTAAGAGTGCCCAGCCCTAATGACGGCCCTGTAACAGAACCCCGGAGGCTCACCTCAAACCAAAGGCAAGGCTAGGTGTATTGGGCTTAGGTGAATCGCCTTAGAGCCAGGAAACCAGTGGCTGAGAAAGAGAAGGGGGAGGTGTCAGAGGATTGGGTGAGAGCAGGTGAGCCTCTCTCAGA,"[[97982625, ""G"", [""A""]], [97982712, ""G"", [""A""]], [97982729, ""A"", [""G""]], [97982799, ""A"", [""G""]], [97982953, ""G"", [""C""]]]",yes,yes,A->G,5
chr1,158611857,158612243,TCTATTCACTGTGCTGTTTGATTACCAAGTGGATCCCTAAAGACTCCAATAAGTTAGCGTGTGGGTGGGTGGCTCCAGATAGTGTCTGGAAGACCACATCATTTTCTTTTTGTAACAGCTTTGTCGAGGTATGATTGATAAAGAATTGCACCTTTAATGTGTACAGTTTGATGAGTTTAGACAATTGGATGAGTTTGTGCAAAACGATACCATCATGTATGTGACCCTTTGTAATCTGGTTTCTGCTTAATTGTTTTCCCTTTCACTTTCTGTTACTATCTTCTTACCTTATGCTTTAGGTATTAGGAAAATCTGTTTTCTCAAGTTCCTTTGCACACACACTTGCCTTTGCCTGAAACACTTAGGCTTTCCTTTGATGACTTGATG,N,no,no,N,0
chr18,52676022,52676403,ATTCAACTCTAGAAAGTCCTGTGATATATTCTATTCTTCACATCTTCTCCTTCATCAACTCTTGCTGTTTAGCAAAACAAGCTAGATGTTTAAGTCTAGCTAGATTCAACAATGGAACAGGAAACAGGAAGACTCCACAGAGGCGGAAATGGATTCAAATCCCAGTTCTCTCAGCTAAGAACTTTGGAGTCTCAGGTTTAACCATTCTGAGTATATTTATTTGTTTGTAAGTGGAAATAGTGGTAGTACCTCATAGGGTTTTGAGAGAATTAACTTGAATTGAATGAAGTACTCGGGAAGGCATGCATCATTATAGTAAGTTCCTAATAATGGTGTCTACCACTATTTTTAGGATAAGTACTATTGACAGTAATAGCAAATC,N,no,no,N,0
chr8,104935066,104935351,AAGGCTTGATTACACTCCCATGCCTACATGTGTCAAGGAAGAGTAAATGTCTGGTCTTTTCAATTCATATGATACCCTCAGGCATAGATAAGCACAGCCAAAGAAACAAATACTGGACAAATGTCTTCCACACAGACCACAGGAATTTTCTGTGGGTGTTAAGTGATACAATATATGTGAAATGCTTAACAAGACATGTACTTATTAGGCATTAGTTGGGATAGCTCTATCTCTCTTTTTTTCTCTGAGAAGCAGAACCACTAAGAGTAATAGATATTAAGTGATT,"[[104935069, ""C"", [""G""]]]",yes,no,C->G,1
chr2,69994287,69994593,GGTGAGATGTGCAGCCTGTGTCCCTGGCCCTGAACTGGCATCCTTCTCTTACGTGTCTAGTGTGTTCTATAGACTTCAACCTCCTGACACAGCATCTGTGGCCATGGCCATTTTACAGCATGACCAACGGAGCAGTGAGAGTCTGGGAAAGAGCAGAGCCCCTCAGGGAGACCACTTGGATGAGCTCATCATGTGCTAGCTCTTCAAGGAACCCGGGGTGCAGCATGTGGGCGGTACAGTAACGGGCAGCCTGGGCTGTGTTTGGAGCTGCTCTGAGTTGGGAAGGGCTGGCTGTCACAGCTGGGGC,"[[69994320, ""C"", [""A""]]]",yes,no,C->A,1
chr9,66711495,66711891,AGAAATCAGGCCAAAGGGATTGGAGCTGAAGTTCTGATTCTAGGTAGAATATAGGAGGCAGTGGCACTGCATCACTCCCACTGGAACAAGTAGTTCAAAAAGTAAAGAAATTGGAAATGTAATCGTTTTAAAGATATCAGAGAGCTGTGGTGGCATAGATGATTAGATGGACTACAAGTGAAGTTGAGATGACTCCTATTTCCTTCACTGAGAGGCAAGGTTTCTGTTCAGACTTGCCCTAAGCTGAGGTGTTTCGCCAGGGGAAAGAGAAGACAATAGAGTTTACTTTCTACCTAGCTTCATTGAGGTACGACTCATGCACCGTACAATTCACCCATATAAAATTTACAATTCAATATTTTTTAGTGTTTTAGAGATATGTGCAACCATCCCCACA,N,no,no,N,0
chr14,26855096,26855379,GAACAAATGAATGAATTTAACTAATGTGTGTTAGCTCAATAGAATAAAGAAAAATCTGAAGTCTTGGAAAATTCAAGATCCTTGGCTGTTTTAGGAATTTGGATTTTGAGAAGTATTGCATAATCTCTGCAGAATTTCCGGGATGAAACAGCTTCAACTGTTTTCTGTCTTTGTTACTCAGGTTGATTGAAATTCTTAGGAGAGAGAGTCAGACTGACCTAACTTTGGTCATATGCCCATCTCTTTTTAGTGGAAGAAGATAAACTTTACTGAAAGTCTCACTA,"[[26855203, ""A"", [""G""]]]",yes,no,A->G,1
chr15,64647870,64648318,TCTCTTTTTATCCTCTTGCTGCATTTTGCCTACTTGGACATTTTCTTTTTGCTTCTTCCACCTGTTCTGTGTGTCTTTCACTTTGCCACCAGTATGTAGCTTTATTGCTGCATCTGTTTCTTTTCTGGTAGAAACAGGTCAAACGTAAAATCAATAACCTGCTTCTCAGCCCAAAATAAACCTACAGGTGTTGATGTCTTTTGCTTTAGTCCACAGTTTTATTCTCAAGTGCAGTGCGTAAACCATTTAGTGTTTTACACCGAAAATACGAGCTCCTGAGAACCAAGAAAGTGTAATCTTATCTTGTGAGGCAGCGTAGTTAAAAATACGTATAAGGCCATGCAGTATGGTTTACACCTGTAATCTCAATACTTTGGGAGGCCAGACAGGAGGATCGCTTGAGCCCATAAGTTTGAGACCAGACTGGGCAACATAGCAAAACCTTGTCT,"[[64648004, ""T"", [""C""]]]",yes,no,T->C,1
chr7,90616467,90616760,CTCTTCTCTTAAAAGGCAGACTATTTAATCTTACAAATGAGCGTCCTTGGGTCATTACATATTGGGGTTCAGGTGTGCAAAAGGCTTGGTAACATATGGCTTGTCCCCAGATGCCCTAATTGAGTTCAAAACTTTCCCCAAGAGGTTTGCATTACTTTATCTAAATGATGTGTTACATGTGCAACAAAAAAGGTGTTTTAGTCATGAAAGGAAAAAAATAAATGTGTACTTGCAAGATACAATGCAAATTGTACAGTGTACATTGCACTAATTTCTATATAGTTATTAGAAGAT,"[[90616509, ""A"", [""G""]]]",yes,no,A->G,1
chr11,21806601,21806828,AATAATTTGTCAGATACAAAAGAATGTCAGCAGGAACAGGTGTGATCCAATGCCCAAGAATACAAAGAAATCTTAGACTACCACGGATCTTAACAGGTGTCAATGTGGTAAGGACATCAAAGGCTGGTGGTTTCTATCATCTAAACACTTTTGAATGATATGTCAGCCCTGTCCTACATCCAGAATGTAGATATTGCCCTGAAGTAAAATTATTTCTCTCACCTTATA,"[[21806631, ""G"", [""C""]]]",yes,no,G->C,1
chr8,125771686,125772095,GACACACACACATACATGTACACAGAAGGCGATGTGAAAATGGAGCAAAGGGAGATCTAAAGATGTTGACCTTGAAGATTTGAGTGATTTGGTCACAAATCAAGGAATGGCAGCAGCCACCAGAAACTAGAAGAGGCAAAAAATACAGATTCTTTTCTAGAGCCTCCACCCTGCTGATACCTTGATTTCGGCCAAGTGATACTGATTTCAAGTTTCTGGTCTTCAGAACTGAGAGAAAATACATTTCTGCTGTTTTAAGCCACCACATTTGTGGTTATTTGTTACAGGAGCCATAAGAAACTAAACTACGTAGTACAAGCTTTCAAGATTTTCGTCTTTGGCTTTTAGCAGTTTGATTTTGACATGTTTAGATGTGGATCTATTTGTGTTTATTATATTTCTGGTTGTTG,"[[125771736, ""T"", [""G""]]]",yes,no,T->G,1
chr6,151867475,151867710,TGAACAGACAGTTCTCAAAAGAAGACATTTACACTGCCAACAACATAAATATGCTGCCAACAAGCATATGAAAAAAAGCTCATCATCACTGGTCAAGAGAAATGCAAGTCAAAACCACAATGACATACTATCTCACACCAGTTAGAATGGCAATCATTAAGAAGTCAGGAAACAACAGATGCTAGAGAGGATGTGGGGAAATAGGAACGTTTTTACACTGTTGGTGGGAGTGTAAA,"[[151867582, ""A"", [""G""]]]",yes,no,A->G,1
chr2,219532211,219532438,AGAAGCTCAGAGCCTGCCAGCTGTGTTGACTTTGCTGGGGCTGTGAGCACTGGAGGACTGGGTGGGATTCCTGAGCATGACCTCATCATGCCCCACCTCTGCAGCTGACCTACCTGCCCCAGCCCTGGGGCAACTGCCGCGCAGAGAGTGAGCTCAGGGAGCCTGAGCTTCAGGGCTACTCGGCCTACAGTGTGTCTGCCTGCCGGCTGCGCTGTGAAAAGGAGGCCG,"[[219532256, ""G"", [""A""]]]",yes,no,G->A,1
chr19,33750409,33750787,TGGATCTGAGAGCCATCCATCCGGGAGGAGAAGCCACCAGATTTGGCACATCCCTGTGTCCTGGGCCACTCTGCCTCTGCATCCCACACCCCGCCCCTGTATCCCCCACCCCTAAGCCTCGGGATAAGCCATCCCTGAAGGCTGCTGGAGGCGAGAGCCACTCCCCAGTGTCCACCAGCCGCTCAGTTTCCCATCAGGGTCCAGAAGTATTGATTCTCTTAATTGGTTGCCCATAGGGAACCAAAGAATAAAACCAGGCAAAGCAAAATAGAGCATTCTTTTTCGTTTTCCAGAAGTGTGATCAGCAAAGCCTCACGGTTCTCTTACAAGGCCCCAGGCACCAGCCGCCCACCCCCAACGGAGGGAAGAGGCAGTGGTG,"[[33750450, ""G"", [""T""]]]",yes,no,G->T,1
chr16,65971519,65971725,TATATATATGAAAATATATATATTTCATATATATGAAACATATATACATGACATATATATGTCATATATATGAAATATATATGTCATATATATGAAATATATGTCATATATATGACATATATATGTCATATATATGACATATATATGTCATATATATGAAATATATATGTCATATATATGAAATATATATGAAAATATATCTTCATA,"[[65971570, ""A"", [""C""]]]",yes,no,A->C,1
chr7,128037485,128037824,CTGGGAATGAGGATGTACCCCTATTTTTCTAGGGGCTCATTCAGCCCATTACAGTGATAGAGCCAGGTTTCAGTCTCAGTACAGAGCCCAAACTTAACCACTGTGATGCTGTGATGTGCCATTTAACATGAAGGGGAAAGGGACAATGCATCTGACAACCAGCAGGTGACTCTTCCCTATACCTGTGCCTGTGAAGGGTAGGGGAGCCAAGCAGGAGCTGTGTGGCTGTTGGGTCTTCCCCCTGGGAAGGGAGAGAGTCTCTCAATCAGGAAGCATCACATGAGCCAAGAGAAGGGGGCAGGCTGACAAGACACACTCAGGAAAAATCTGTCTCTTATTT,"[[128037579, ""C"", [""T""]], [128037725, ""A"", [""C""]]]",yes,yes,A->C,2
chr5,75839451,75839931,CCTCAATATTTTGAAGACATCAGTCTCTTCTAGCTTCCAAAGACGAGTCTTAGACATTGTCTGATGTTTGGACAGTTTATTCCAGAAGTGCTCTTACAAGACAGATAGCGGGAGCAGGCTGGTGGCATGGGCCAGATAGAGTCAGGAGTCAGATGACTGGGAGAGTCTCCATCTGGGGACCATTCTCAGAGTTTGGGGGATTCTTTCTCCTTTTTCATACTATTCAGTCCAGGTCAGTTGCCAGGTGTTTCTTTCATAAAGGAAGTATTAGCATTCTTGTGAGGGTAAGCATTGTTTTAAGGTTGCATCTATGTTGAGTGGTCTTGTCCCTAGGGCAACCAGCATTTTTAGGTCTCATTGTCATACAGACCCAGTAATTCCCAGGCCATGGTTGGAAATCTTAGGCCAGGTTTCACCATACTGCTAAGTGAACACATAGTGTAGACCCTGTGAGATATTTGAGAGGGACTTTTGGCCATCA,N,no,no,N,0
chr3,30952823,30953173,GTCTTATGACTTGCTTCAGGGAAGAAGGACAAGGAGAAAGTGGGAATGACCTTCCTGCTTCTGCTATTTTCTTAAATGCCAAAATGCCATATTTGGGGAATAGCATGTCCAAAACCACATCACTGGAATAATCTCAAAAGCTGTTGAACTCAACTACTTGGAAGTTACATAATCACTCAGGGTTTGAAAGTATGTGTCACAAGCGATCGAGTCCAGCAGTAGCTGTATTGTCTTCTCCAATCTGTCCTAGCAAACCACACAGTGTGCCTTCTGTATTCTGTTTGTCAAGTCAGTCACCAAAGCCTGCCCAGTTTCAAGGGGGTGGTGAGGGGGATGTAGACTCCACCTCTT,N,no,no,N,0
chr3,144130172,144130595,TTCTCTCCACCAAGATTTCTTTATGCTCTGGCTTTTTATTGCCAAGGAGCCTTGAGACTATGGATGATCGAGAAGTATGCCCTACTTGCTAGGTATTCATGCTATAAAGGTTCTTATGAGGCAGAGACCCAACCTTTTCCCAGGCTCTTCTTTGGAATACGGAGGAGTCCCAGTGCTATCATTATTGACACTCCAAAGGAAGCCCACCCAGCTGCCTGAAAGTGGTGAGCTTAATGGAAATGACATCAGCCCAAGGACTAAGAGGACTTGAGCAAACTGTAACTAGCTGAGCCACGTGGGGCAAGCCATTTGACCTCAAAATGTTTTAGTTTTCTTTTAGTCAAAAATTAAGGACTAGAATCAATGCTTTTAAATTGTGTCATAAAATGTCACAGTTACGTAGAGCAAATGGCTAGTATTCACA,"[[144130240, ""A"", [""C""]]]",yes,no,A->C,1
chr4,146752137,146752450,GCAGATGACATGATTGTATATCTAGAAAACCCCATTGTCTCAGCCCAAAATCTCCCTAAGCTGATAAGCAACTTCAGCAAAGTCTCAGGATACAAAATCAATGTACAAAAATCACAAGCATTCTTATACGCCAATAACAGACAAACAGAGAGCCAAATCATGAGTGAACTCCCATTCACAATTGCTTCAAACAGAATAAAATAACAAGGGATGTGAAGGACCTCTTCAAGGAGAACTACAAACCACTGCTCAAGGAAATAAAAGAGGATACAAACAAATGGAAGAACATTCCATGCTTATGGGTAGGAAGAATC,"[[146752390, ""T"", [""G""]]]",yes,no,T->G,1
chr6,90476611,90476887,AGTGGACAGGCCATGTGTACATGGAGGATACTCAAAAGGGAAGGACTGCCTGACACTTGCAAACCCGCACCACCCCCCTCCTGCCTCTAGGGTGCCAGGCTCTTGAAGAAATATATACTTACCCATTTTTGAAAGGTTGACGGGTCTTCTGAGCGTTTGAAGGGGTATTTTCTGTTGTTCAATTGTGAACATATTTGGTTGCAGTTTTGAAGGCTTTTCCTCTAGAACTTTTCATGTCCTATTAGCTGATAACACTCCTGAGCATGAATGTCTCTGT,"[[90476650, ""C"", [""G""]]]",yes,no,C->G,1
chr3,140166943,140167247,AGCGAAGCATGAGCTGACTATCCTCGCTCTGTTGGAACAAAAAGACAAAGCATTTTGTTCAGGGAGGGAACATCAGGCTATGGAACAGATTAAATAAGGAATAACAGCCAAGCCACAGGCATCAACAGCCACTACTTCTTTCTGGAAAGGAGATGGTTCTCCAGCATCCCATGAAGCCAGGGTTTGGAAGTAGCTCCTGGATAATTTCTGTACATGCCAAAAAGCACTGGGTAATGTGAATGCCGTCTCAGTCCAGCACTGTGGCTGGCCTTGCTCCTTCAAACTCTGTTCTACAGATAAACCAA,"[[140166963, ""A"", [""T""]], [140167122, ""A"", [""G""]]]",yes,yes,A->T,2
chr12,118674063,118674391,CACTTGAGGAGGCAGTCTGTCCATTCTCAGAGCTCAAATGCCATGCTGGGAGAACCACTGCTCTCTTCAGAGCTGTCAGACAGGGACGCTTAAGTCTGCAGAAGTTTCTGCTGCCTTTTGTTCAGCTATGCCCTGCCCCCAGAGGTGGAGTCAACAGAGGCAGCAGGCCTTGCTGGCTGTGGTGGGCTCTGCCCAGTTTGAGCTTCCCTGGCTGCTTTGTTTACCTACTCAAGCCTCAGCAATGGCAGACGCCCCTCCCCCTGCCAGGCTGCTGCCTCGCAGGTCAATCTCACACTGCGGTGCTAGCAGTGAGCAAGGTGCCATGGGCA,"[[118674151, ""T"", [""C""]], [118674252, ""C"", [""T""]]]",yes,yes,T->C,2
chr9,26579085,26579398,CATCATTTTCCATAAACTGTTCATTTCTGCCTCCATTTTCCTTAAATCTAAAGAGCCCTCTTCAAGCCTATCTCATCGAGAGGAGCCATAGGGAGGTGGCAGAGGTGGTCGATGGGGGGAATTCCTGCTGGGCCTGAGCAATGAGCCATTGCTTCTGGTGGCTCATTGCTCAGCCTCAGCAGAAATACCCCTTCTAAGATGGTACAGCCCTGGTATAAATAGATATTACCAAAGCCTCTGGCTCAGAGGGCAGCTGGATATCCGAAAAGAAAAATAAGAGGTGGCTATAGCTGCTCAATGTAAGTGTGGGGTGG,"[[26579194, ""G"", [""C""]]]",yes,no,G->C,1
chr16,86725363,86725825,ACTGACCCCTGTTGTGTGTCTGTTACCACCACGTTACTCGCCTACATTTTTAGCAATGTGTGACCTTGCACGTTTCCTGCCACCCTGCGCTCCTGACATGAGTAGTCTTGCATCTCTCTCCCCAGCCAGACAGCATGCATGGGCCAGAGTCATGTGCTTGGGGAAAAGGTGGGTTGTATCGACTCCACAACAAGTCAGAGTGCAGTGGGCCCATGTTTTGTAAAACATATGTTTGGCAAATGACTCCCTGTGGGTTGCAGAAATCCAGATGGGGGAAGTTTTCTAAGTGTGATGTCAGAATGTTACATCTGCTGATCCCACGGGTGCATGGGACCAATAAGAAGACGTGAGTTGGTTTGTCCGAGAAATTGCACGGCGTGGAGATCTGGGGGGCACATTCGAATCTGGAAAACAAAGGCCATAATGTGCACAGCCCTCTTTGGGCTTGCGTATTGTTAGAGCT,"[[86725372, ""C"", [""T""]], [86725554, ""C"", [""A""]]]",yes,yes,C->T,2
chr1,171761519,171761804,TGCCCTTGTCTTTGTTTTATTGATAATGATGTTTGATTTGGAAGCCAGCTGGAGCAGAGACCCCTACCCCAGCAGAAGGCCATCAGGGGTGTCTGATGGGATTCTGTCCTGGGGGCCCTTCAGCCCTTAGGGCAGTCCCATTTCCAGTGGCCAAGCTTGTGGCCGAGGGGGCAAACTGTGTAAGGCTTTTCCCCATTTGTCCCATTGGGACAGTTTGCCTTTCAGTGGCCTGGCCTTCTGCACTGATGGCAGTTACCTGGAGGATATTCTGAGGGCAACCCAGACT,"[[171761527, ""G"", [""T""]]]",yes,no,G->T,1
chr3,170929501,170929929,CCTGGATAATATCCTACAGAGTGTTTTCCAACTTGGTTCCATTCTCCCTGTCACTTTCAGGTACACCAATCAGATGTAGATTTGGTCTTTTCACATAGTTCCATATTTCTTGGAGGCTTTGTTCGTTTCTTTTCATTGTTTTTTCTCTAAACTTCCCTTCTCGCTTCATTTCATTCATTTGATCTTCAATCACTGATACCCTTTCTTCTAGTTGATCGCATCAGCTCCTGAGGCTTCTGCATTCTTCACATAGTTCTCAAGCCTTGGGTTTCAGCTCCATCAGCTCCTTTAAGCACTTCTCTGTATTGGTTATTCTAGTTATACATTCTTCTAAATTTTTTTCAAAGTTTTCAACTTCCTTGCCTTTGGTTTGAATTTCCTCCTGTAGCTCGGAGTAATTTGATCATCTGAAGCCTTCTTCTCTCAACT,N,no,no,N,0
chr6,127219870,127220247,GGCATTCAGATACTAAAGTCCATCCATTGAGAGAGGTCTGGGCTAGAGATACATATTTAGGAATTGATAGTATATATACAGCATTTTAATTGATGAGGCAAAGAAGAGTAGTCCCAGCTACATCAACCTTAGCTCATGACTTCCACCTCATGCCCCAAGAAAACTGGTCAAGTTCCATCTGGACTGCATTACAGCCAGCTGAAAAAGCAAGGAAGCAAAAGGCGTATGTCAGATGACCATTACAGAGGGTTTTGTGAAACTATAAACAAAAATCCAAAAACTTATGCTCATGTCTTGTTGACCAGAACTTAGTCACATGGCCATACCTAGCCACAAGGAAGTTTAGAAAATAAAACCTTATTTCCAGGCAACCAAATG,"[[127220022, ""G"", [""C""]], [127220211, ""A"", [""T""]]]",yes,yes,A->T,2
chr6,41774923,41775230,TAGATCAAACATCACCAGGAGCAAGGATGCCTCTGCCTGCTCTGCCTGCTCACCCAGCGCCCCTGCCTCTGCCTCATGAATTCCAAAGGTAAGATGCATGGAGGGAAGTCTCCTCCAGCAAACATGACCTCGGAGGCTCACTATTTTGTTGGCAGCCTCATCAGAGAAGCTTGTTCATTCCACCTCTGCACAGCCATAATCCCAAACTGCACTGAACACAATCCCATGCAGGATTCCTTTTGCACAGCTTAAGTCTGGATCCTAAGAGATAAACTCAGACCATGCCACTTCTTCAGAGAGCTGTGGCT,"[[41774938, ""T"", [""C""]]]",yes,no,T->C,1
chr7,107711321,107711717,CCAAGGTATCAAGTTCTTTCTCAACATGAAAGCAGTTATTTTATTTGTTTATACCCATTCTTACTAAGATTTTAGGCTATGAATGTCATAAAAACCACTAACCAAGAGTGTATCTGCTAGGTTAGACTCACTCTTGTTTGCAATCAGAGAGGTATTGTGAGTGGCTGGGATGGATTTTTTTGGACCTTAAACAAATAGACTAAGCATAACGGAATGCTTGTATTACATACTTACTGGTCCACTAAAAGTGGGTTGGACATTCCTGGTGGCCTGTGAGATCAAGAGGCTTATATTTCTGTGTCTTCTCAGAGTCTAGCACAAAGCTTTATATGTGATAAGTAGGTGAATGATGATAAACTCCTTCAAGAGGGAGTCCCTCTGTATCAAAGATATTGTG,"[[107711436, ""A"", [""G""]]]",yes,no,A->G,1
chr8,48615294,48615714,CCCACCTTTATGGTGGGAAGGTAGTGGGCATGGGAAGTCAAGGAGCTCCCTGGGAAGGTCTGGTGGCAGCTCCTATGTCACTCCTCAGACAGTTTCTCAAAGGCTTATTTATCCTAGGCTGTCATGGATGTGTCAGCAGGGATGGTTTGGACACAGCTCTAATGCTGAGAACATATATTAAAAAAAGGTCTTGGCCAGAGTTAGTTTCTGAAATTCCTCTCTCAATTATTGAGAATAGTTTTGCTTTAACAAGCATTCTTTTCCCTCACAGTTCTGCTTCTCATTTGGCCCATCCTCTTGTGAAGTCATAATTTTGTGCTTATGATACGGCAGATAGTGACCAAGATGGAAACGATTATAATATCATGGGTGCCCAACATGCATGTTTATAGCAGCACAATTCACAATTGCAAAAATATGG,"[[48615367, ""C"", [""T""]]]",yes,no,C->T,1
chr5,83946566,83946968,GCACGGAGAGAATATCAGATAAAATAAAACAATAAAATCTTGTTTCTAGCAGCATTAATACATTTTTTATAAGACGAGCTACCATTCTTTGTTAGGACTACGGTCTATTCAGGCCGGTATAGACATCAATAGGAGGCCTCCAGGGATCATGGAACAAAGTAACATTATCCTCCACGATGTAGTCAGAGAGGTGGGGCATATTTCAGTTTCTTTTAGCAGTCATCGAATAGGACTCTAAATATCAAAGAATCCCTTGGGGACTTCTTGCACATATGATTTCTTTAGAAAATCATCTAGTTTGTAAAAATGTGCTTCTTTTCATTTGTCCTAAACTTAACTGATTAAAAGTTTTAAAGAGATTACCATTGTTCTAACTTTTTGGAATTGCTGTTCACATCATTCA,"[[83946856, ""T"", [""C""]]]",yes,no,T->C,1
chr5,120297566,120297998,TTTCTCACTACAGTGCTAAAAGAATTCACTTCTACAACCCACCCAAATCAATGACTAAGCTGGTGGTTTGTATTTCATAAACAAGGCATTATTCCTTTTAATTTCATCCCCTATATTAGGATCTTCTTTCTTGCTTCTTTCTTTTTTATTTTTTAGTTCTTGCCAAGTGATTTTATTAGGCTCACAGCTCTGTGGTCCAGCTTCTAAAATTGTCAGCTTAAGTTAGAAATATGTGTCATTACAGTCATTCCGAAGTATTAAGAAAAGCAGAAATCTGGTGACATGAGAACTTGAAGAAAAAGAAAGTTGGCAAAGACTGACAGTGGTTAGATTGGTTCTTGGCAGTGCTAGAGATACGAATTTTGTCATCTTTATTATCATTTTTTCCATTCCTGGAAGTAAAGTAATTTTGGAGGTAATTATAACTTCATAT,"[[120297888, ""A"", [""G""]], [120297922, ""T"", [""C""]]]",yes,yes,A->G,2
chr2,162210399,162210727,CATAATGTAATTGATCATTTACTGAACAAACATTTAGTAATCCTAAAAGAATGAATAGACTTTTCTAGACAAATAATTAGAAAAAGAAGAACATTCTAGGTAAAATAAATAGCATAGAGACCAGACCTGCTTAGTCACCCAACAGATGGTTCAGTATGGCTGAGTGGAGAGTGACTACAGGAAAGAGTTAGAAGATGAAGGAGAATGCATGTTTATGAGCAAGATTTTGGAGAAACTTTATGGCACCCTAAGAAGTTTCAATTTCTCCTGTTTGGTAAGTCTTTTGAAGGTCTTCCAATTCACAATTTGGAACATATAATTATGAACAT,N,no,no,N,0
chr17,10293571,10294037,ACACCCAGCTAACTTTTGTATTTTTAGTAGAGATGTGGTTTCACCATGTTGGCCAGGCTGGTCTCGAACTCCTGACCTCAGGTGATCCACCTGCCTCGGCCTCCCAAAGTGCTGGGATTACAGGTGTGAGCCACTGCGCCCGGCCTCCAAGTTTTTTATATACAGAGCTGCAGTTGTGTTTTTACTAGGATTTCACTGGGTCCACTCAGTAATGTGCTGGTAAATGTTTAACAAAGAAAGGAAAAAAACCTGTTCTGTAGTGTTTGCCAATTTCTGTGGTGCAAATATTCCAGCCATGGCTAATCCCAAGCTAACAACATAACAACACTGAATGCAGAGATGGAAAGAGGTACAAAGAGCACATGATTAGATAGTATTTTCACCACACAGATTTAATAGTTGTAGGTAACTGCAAGAGATTATAGATACATTGTAGTAAATAATTAAGAAGTTGTAAGTTTTGACTA,"[[10293577, ""G"", [""A""]]]",yes,no,G->A,1
chr3,166636506,166636835,CACAGCCTGGAGTCTGGAAGTCTAATGTAAAGGTACTGGCAACTTTGGTTTCTCATGAGACCTCTCCTAGGTTTGCAGATGGCTGCCTTCTGGCTGTGACTCCACATGGCCTTTCCACTGTATGCTCACCCTTCCTTTTCTTAAAAGGACACAAATGCTTTGACATTAGAGCTCTGTCTTCATTACCTTATTTAACCATAATTACCTCTTTAAAGACCCTACCCTATCTCCAAATGCAGTTGCATTGGGGGTTATTATTTCAATGTGGGAATTTTTTGGGAAACACAATTCAGTACAAAACAACAGCAATGACAACAATAATGACTGAGC,"[[166636560, ""C"", [""A""]]]",yes,no,C->A,1
chr5,10297622,10297979,CACAGGGATGAGCCTTTTTTTTTTAAAGTGGAAGAAATCTCAGCCTATTTGTACATGGATGAGAATGATACCATAGAAAGGAAAACAAACAAAACACAATCAATGACCCCGGGGGAGAGGGAACTGGAGAGTGTGACAGGAGGGTCTGGCGCATAGCGGAGGAGCTGCCTTCTTTGGCAGCGTGGACAGTCCTCACGCACCCAAGGGAGGCTGAGGACGTGGACACAGACACAGGTGGTGGTGGGTGTGGGGCGGGAGAGTGTGGATGCTCCCTGTTGGCATCTGTTTGCTCACAGAACTGAGAAGCAGAGTCAGCAGCTCAGGGTGAGAGGCGGGACGAGGGCTGGGGAGAGGATAA,"[[10297676, ""G"", [""A""]], [10297735, ""A"", [""G""]], [10297779, ""A"", [""G""]]]",yes,yes,A->G,3
chr8,101169003,101169362,TCAGTTCAAAAGTAGGCAGAGGGAAATAATGGAAGAGAAGTAGTTTAATTAAAGACTATGAAAAAGTCTTAAGGATTTTATTTGATTGGAAGTCTGGTATCAGTTAAGAATACAATGTGTTGGCCAAAAAATCCTAGTGCAATTCCAGGCTGAATACATTCATTCAGCAATGATTTATTGGGTGTCTACTAAGTGCTTGGTGTTGTGTGGAAAACAAGGATGAAGGTGTGGCCCCTGCTTTCGAGCAGCTTACAAAAGTGACATGTGTTCCTCCTAGACCACAAAGTAGAAAGCATTTGGTGCTGCAAAGTAAAAGAGACAGGAAAGGTCGGCACATGTATGATGAAGGGGAAGAGTGGG,"[[101169021, ""A"", [""G""]], [101169069, ""G"", [""T""]]]",yes,yes,G->T,2
chr12,67869514,67869844,GTTTTTATCTGTAAGTCCCTGAATGGGGCTGCTACCTTTTTTTCAGAGATGCCCTGCCCAGAGAGGAGGAATCTAGAGAGACAGTCTGGCTGCAGTGGCCTTGCTGAGCTGTGGTAGACTCCTCCCAGTTTGAACTTCCTGGTGGCTTTGTTTACACTGTGAGGATAAAACCATCTACTCACGCCTCAGCAATGGTGGACAACCCTCCCTCCACCAAGCTTGAGCATCCCAGGTTTTCCTCAGACTGCTATGCTAGCAGCGAGAATTTCAAGCCAGTGGATCTTAGCTTGCTGGGCTCTGTGGGAATGGGATCCGCTGAGCCAAACCACTT,"[[67869687, ""C"", [""T""]], [67869749, ""G"", [""T""]], [67869750, ""A"", [""T""]]]",yes,yes,A->T,3
chr20,24579986,24580438,GGTAAGGAAAACTGGGCTAGAACAGGCAGGTGATGCAGTAGAATGGGCGGCCCTGGAGGGCACCTGCCTTTCTCTGCCTTGGCTTTAGCTCAAAACTATGGGACCTCTGCATGAATTGCAGACTCCTTCGCAATGTTTTCAGTCCGCAGATGTACAGATTAAATGACTCATGAAGAGGATTCTTTAAGACAGCTGCAGTGCGTGATGAGTCTTTCTTGGTGTTGGGGATTGTGTGTATTTCTCTGCTTGGCTTGTTGGTATTTGTGTGGCCTCTCCTAGGCCAGCCTCGTCTCCTCTCCTTCCTCGCGAGTGGCATGATGCCCACAACCATTTATACTCCAGAACATTCCTGGCAGAAGAGGAACAAAGAAAAGAGCTGGGGTGTTTTTGTCTGCCCTGTAATTTGTCTGAGCTTTGTTTGTTTGTTTGTTTGTTTGATTTTTGAGACGGAGC,"[[24580016, ""C"", [""T""]]]",yes,no,C->T,1
chr14,28426244,28426450,AGAACCCTTTGAATCTATGACTTGCTGTTCACTGGTTTTGAAAAAATTTTAGCCATTATCTTGCTTCTCCTTTATTTTCTTTCCTTTTCTTCTGGGAAACCAATTATACGTATGTTAGATATTTTCATTCCTTGTATCTTTTAATATTCTTCCATATTTATTTTCTATCATTTATTGCCTCCATGTTTTATTCTGAAAATTGTATTC,"[[28426247, ""G"", [""A""]]]",yes,no,G->A,1
chr5,68356768,68357077,GCAATTTACAAATCTTCCTTTTGCCTGATAGTGACAGCTTCTGCTATCGAACATCTCAGGGGAATAACAGGTCAGAAGTGTTGAGTACAGAAAGCTGTGAAGGCAATTGGCTAAGGTACTGAGGCAATGCTATTAAATCCTGAGAAACAGATATTTAGATCTCATTCAAATGAGGTTCTCAGGGGAAAGATCCCTTTATATAACAATTGATTTTTTCTAAACTGAATTATCAGTTGCAGGATATTTACTCCGGTTTGTTATTTGGGGACTTGGGGACGCGTTTGAACTACACTTAAGGAGAGAGAGCTGA,N,no,no,N,0
chr5,124182659,124182890,TTAGCATTTTGAACTGGACCTAGTGGTCTCTGAAGCACTTGTTTCCCAAATTCCTTGTATCTGAGCGATTCCTTGAGTCATCTGATTACAGAGTCACTGTGACTTTTATATTCAATCTTCTAATTTTCCACTCCAGAAAAGACTAGCATGCCTGACATTGCACAAGCCCCCTTTCACAGAGCAGCTCTTAAGAATTACATGATAGAAATTTCATCAATAATAGCCTTCTAAT,N,no,no,N,0
chr3,132871965,132872363,CCCTTAAAAAGTTAAAGGAGGTAATTCTAAGACGTGTTGAAAATAGTGTTGTCTTACACAGCAAGTACGAAGCATATGGAACTTACTATCCCAGGACCTGTCTAAGCCAAAAATGTAAATAGGCTCAAGGAGAGGTGAAGTAATATTCTGAGTGGTAGGACTTAAAGTGAGGACATGCCAAACTTCTGAGGGCACAGAAAGCAGCTGCTGTTTCTGTTTTACCCCCCTGGTGCCAGTGTTAGAGAGAGCAGGCTGAATTAAACATGAGCTGGTCTTTAGCAGAAATCTGTTTGGGTAGAGCTTAAAGAAGTGGGTGCTTTGATGGCTGACGCTTTCTAGAACTCATAGCTGGAGGTCTTTGACCTCTTCATTGTGGGTTAAATCCGACACATACCTGCC,"[[132871975, ""C"", [""G""]]]",yes,no,C->G,1
chr7,5737154,5737468,AGACTCCATTTTGTTCTGTACTAAGAAAAATTCTTCCGCCTTGGGATGCTGTTGATCTATTACCTTACCCCCAACCCAGTGCTCTCTGAAACATGTGCTGTGTCCACTCAGGGTTAAATGGAATAAGGGCGGTGCAAGATGTGCTGTGTTAAACACATGCTTGAAGGCAGCATGCTTGTTAAGAGTCATCACCACTCCCTAATCTCAAGTACCCAGGGACACAAACACTGCGGAAGACCCCAGGGTCCTCTGCCTAGGAAAACCAGAGACCTTTGTTCACTTGTTTATCTGCTGACCTTCCCTCCACTATTGTCC,N,no,no,N,0
chr5,87185905,87186185,CCCAAGCCAAACACCCAAAGAGCCAACGTCCAGGAAACACAAAGCAATTACTACATCCTCGAATGCCTGCCTGCTGCAATAGACACTGTTGATGCCTTTGTATAAGTCATCAAACCCCTCCCCTATCTGCTGCCAGGGCAAGACTAGTGACTGACACCTGTGACTTTCTCCAGAGATTTGCCCTTGGCTGACTCAGGAGTACAAAACCAAACACCCTTACCTCAAGCAAGGATAACTTTAAGATGCAATTATTCTCCCTGGCTGCTGTGGACCAGGCCAGG,"[[87185942, ""T"", [""C""]]]",yes,no,T->C,1
chr14,42782835,42783060,TTTAGAACAATGTTCTAGGATTACAAGAAAAATAGGAGAAGACTCAGTGTCAGTAACAAAGAAAGCACTGAAAACGAGAATGCTAAGCTAAAGCAGGTGCAGCCATGAGAGGTGAAAGGAGGAAACTCACCAAAGGGATTTACCACACATACAAAGATGGAAGATGAAGACTGCACGCCTGAAGCAAAAAGTTGCAACTGAAATCTGTACAAAAACGCAACTCTTG,"[[42783011, ""A"", [""G""]]]",yes,no,A->G,1
chr5,176570079,176570408,CCTCCATGTACTTCTTGGTGTATTTTTTGAAACCCAGTGGAATCCAGCTGTCTATATTGTCTTGAAAGCTGCCTTGCCCACTCAGCGATTGAGCTTAGAGCTCTCTCTGGGTCTTACAAATCCCCAATTTTTGTAACGTCTATATCTATGGTGGGAACTGCCCTTAAGCTGGTTCCCTCTGGTGTCCACATAGTTGTTCACAGCTTTATACTATGGCAAACAAAGCGAACGTGCACATTCCCGTGATAGGACAGGCACTTTTTTCCAACTTTTTATTTTATCTTTTTGAGTTAGGATCTTACTCTTGCCCAGGCTGGAGTGCAGTGGTGC,"[[176570099, ""C"", [""T""]]]",yes,no,C->T,1
chr19,4022092,4022310,TCCTTAACAGGTAAAGAGCTTTTCAAACTTCCTGTATCTTTTGGTACCCGTTTTGGTAATTTGCATCTTTAGGAGAATTTGTCCATGTCACTAAGTTGTCAGATTCATTGGCATAAAGTTTCACCTTTTATTCCCCTATTGAACCGAAAAGCTGTAGGGTCTGTACTATTGTTCTTTCATTTCTGATATTGGTAGTTTGTGTTCTCACTGTCTTTTTGT,"[[4022162, ""G"", [""A""]], [4022167, ""G"", [""A""]]]",yes,yes,G->A,2
chr4,3697038,3697438,TATCTGTAACCTCTCACCCCATGAGACAGAAATCTGTCTCCCACCATCTGCTATCCATTACTGAATTGTGCAATTCCTGTATCCATGCTTAGGCCATTTTGATAAACTATCTTTCAACTCTTGTATTTCATCAAAGCTGCTCAACTCATTGACATGAAGTTGTTCATTACATTTCCTTATTATGCTCTTCATGTCTGTAGGGTCTGTAGTACTGTCTCCTCTTTCATTCATGATATTGGCAATTGGTGTCCTCTCTTTGTTTCTAGACCAAGTGCAAATACAGATTAGGTGGAGAGTTGAATGTCACCAGGGTTGGGGTGTTATAACTGAGTGTGCTAAAATGAGAGAAGGGTAAGATGATTGAAAGTGTACGTATGTGTGTTTGTGTGAGGGAATGAGGG,"[[3697060, ""C"", [""G""]], [3697130, ""T"", [""G""]]]",yes,yes,T->G,2
chr5,52259555,52259897,TAATGTTTCTTACTTATTAGCTATTTTGTCTTTTGTATTTTGGCCTAATTCAGCCACCAAAGGCATCAACCCTTATATAAGATTAAGTACACACACATGCACACACACACACACACAGAAAGAGAGAGAGAGTGTCAGAGAGAGAGGAGAGAAAGAGCAGTCCAAATTAGATTATCTACAATCAACGTAATTGTGAAGAACAAAATTGTTCATCTGTGCTGTGCAGCTGCCTTTTGGATTTTGTGCTTGATCCCAAGTGACCGAAGAATTTACAACTATACAAATGTTCTTTAATCCACTGGAACATTTTTATTTTAAAACTCACTTTTAAAAAACTCATTTT,"[[52259640, ""G"", [""A""]], [52259860, ""T"", [""A""]]]",yes,yes,G->A,2
chr11,113841361,113841647,TATAAAAGAGAATATACATTTATCAGATACCTGGACTAGGTTGTTTTTAATTCACCCCAGCAATTGTAAACTGAAACACCTTGCACACTTCTACTCAAAGACACACGATGCAATAAGACCCCTTTCAGTTTCGCTTTTTCAAAAGTGAACCAAAGAGTAAGCTAATGCAAATTCAAAATTTCTCCTAAAAGAAATGTCATTCAGGTGCTTAACAGAATTATTCCTGAGTGGCATTCACAGAGCTGTTGCCTTTGAGATACACACAAATGTGGGGGGCAAGAATTATA,"[[113841418, ""T"", [""C""]]]",yes,no,T->C,1
chr7,137287744,137288030,TAAAAGATCTGATATTGTGTCAAGAAAGAATAAAGAAAAAAAGGGCTTACATTGTATGTGCTCCAAAATGTCTATAGTACAGTTCATTCTGAAGCCAGGGGGGGCGCTATTAGATGACTTATTTTCTTTAGTAATGTTTTTTCCAGATTATAAAAGATATATATGATAATCACTTTCAACACTTGAGTTCCCCTAGAAAACCAACCAGAAAAATCTATTGACTAAGCAAAGCTAATTTTATTAAACCTACCGCAGCAGCAAAGAGGATAACCTTGACTACATCTTAG,N,no,no,N,0
chr5,25673360,25673676,AGTCCAGAAGAGAAAAATTATGATATGAAGTGAGGGGTGGAAGGGTAAGGGGTGGCAGTGGGCTCAGAACCCTACAGATGGTGCCTGACCAGCTTTCTGCTGGTAAACCTAAGGAGCATGATGAAGCTGACTGTGACCTGGGAGTGCTTAAAGATGTTGGAGGCTGGAACCATCTGTCAGTGACAGAGCTGAGTGTTTTCACTGAGTCAAATAGCCATAGTAGCTGCCACCAAGCAAGCTAAATTACCCAACAGAAAATACATATTTGAGCACATTTTTAATGATTTTCAATTAGTTTGTTGTCAAGAACCCATTTT,"[[25673415, ""G"", [""C""]]]",yes,no,G->C,1
chr5,18238376,18238781,CTCCTACTCCCTGTTTCTTCATTACTACTTGTTGGATAGACCTGAACTTCATTACAGGTCACACATAAACAACAATCCCTGCACAAAGATGTTCTGATGCCTTTCTTGAAAGGAATGCCTCAACATGTGTGGCATTTTAGAATACCTGGGCGTTTTATCATACGTTGTGACTAAGTTGTTGGTAAAAAAAAATTCACCTACTAGCTAATTTTAGGAAGCATCTGCATGATGGTACCTATCCCAGCATGTGGGAGATGCTCAAGTGGAGTTTTGAACTAACACACTCTGCAGTGTAAGGAAGGTAGATGATCAAACTGACTGGACTTCTTTCTCTGTGTATTAACACTTTCAGTTATTTATTCTTGTTCTAATTAAATATTCAGATGTGAGGAGTACTTATTAGTCC,"[[18238402, ""C"", [""A""]]]",yes,no,C->A,1
chr13,106464044,106464423,TATTTTCCCAACAAAATACATCAGTGTTGTTTGGAGGTCCCTCACCAAAAAAGAGTTGGCTATTCAGTTGGCCAAGTCTCATGGATGTCTGACAATTTAGACCAGCATTTTAATGAATGATAGGAAAGCCTTACAGAGCACAGAGGACTTTGTGGCTGACTGGATTACTGTCGGCCAATATTCTGGTGATCCTCTCTGCAGGGCGCTTCTTGTGGTAACCCTCATTGTGGGAGAATTGCACAATTCTGGCCCTGCGTGCTTTTGCCTGCAACATAGCATTAGAAAGTGATGTGTGTCATTTCTGAACAGAGGTTTTAGGAGCCAGCCTGTGGCTCACCATATCTATTTCCTCTACCCACCCTTTTTCCAGAAAAAGATCA,"[[106464053, ""G"", [""A""]], [106464089, ""A"", [""C""]], [106464233, ""C"", [""T""]]]",yes,yes,A->C,3
chr1,64295564,64295813,TTTAAAGAATTTGCCATAAAACCATCAGAGCCATTTTTGGAACTGTATTATTAAGACTTCCCATCTTAGGTAACATTTATAGTGTCTAGTTATTTGAACCTCTTTGGTTATATCCAAGTTCATTCTGGTAACCTGAGAATCTAAGATTTCTGTGTATATATTTGAGGTTTTATTGTAAGACAGAACTAATAGATGGCTTTATGAGGGAATACATGAGTCATGTATGTAGAATCTTTCTACAATTAAAATT,"[[64295579, ""C"", [""A""]], [64295695, ""T"", [""C""]], [64295791, ""G"", [""A""]]]",yes,yes,T->C,3
chr1,109527184,109527498,TGTAAGAACTTGCTTATAGACTGAGAATGGAAGAGGCCGGCACCTAGGAAGAGGCACTGTTGACGGCGAAGCCACCAGGGATGGCCACAATGCATGCATCTGTGTCCATGTGTGCTCATGTGTGTGCACACACACATCCTGGAAGCCTCGGTTTCAGGCGTCTTCTCTGTGAGCAGAGACCCTGTGGGGATGGATGCATGCTATTATAGATTCATAAACATCTGCTCGTGTGGCCTGGGTAGTCCCTTCTAGAAGGAAAGCCCCTTTGCTTCTGTCACTCCTGACAAAAATACTTGCGTACACAGCATTATGATA,"[[109527241, ""A"", [""T""]]]",yes,no,A->T,1
chr9,24932736,24933093,TGAAGCAAGAAAGGAAGAAAAAAGAAGGAAGGAAAAGAAGAAAAGAAAAAACCTTTTTTAAATTTTTCCAAACATATTTTTATCCTGATACCTCAAATGCTCTTGCACAAAGACAATTATTCTATTGAAATAACGATTGTTTTGCCTTAAAAAAAACATGGGGGTAAACAATAAAAAATTAGTGCAGGTGGTATGCTATTTTTACCTAGAACTAAAATAGTTTCAGTTTCTAAGTTCCTTCTTGAGGTCACATTTGATTATAGTGGTTTCACTTGGGTGCAACCAGGGTTCTGTACTCAGTTGAACTTTGAAGAAAAATTAATAAGTGGACTATCTACGGACTATTTGTGGTTATATT,"[[24932739, ""C"", [""A""]]]",yes,no,C->A,1
chr8,50869720,50869942,TCAAGTGACTATATTTTATTTTTAAAAACTAATCAAAGAAATATCAGTTGAAATGTATTAGCTGAGTGTCTTCACAGTTTCAGTTGTATTAGCTGAGTGTCCTCACAGTTTCAGTTCATTTGCTCCCTCTTAACTAGTAGGTCTTGCCTATTCTCTGCTGCTGTTGCTTTCTGGGTGTTTTTTGTTTGTTTGTTTGTTTGTTTACACAGTCTGACTCTGTCAC,"[[50869724, ""A"", [""G""]]]",yes,no,A->G,1
chr7,106253262,106253700,TTAATAGGTATAACTGAACCAATCCACATCTGGCTTTCAGAAACATAACACTTTAGCCTGTTTTGAAGGATAGTCGTTTGTAATAAAGAAAAAGTATGACATCTTGGATATCCTTTTTGCCACTGAAGAACACCTAATACTCCATTTGTAGGAAGTCTGTGAGCATTCTAACATGTGACCCTTAAGGTATCTCTTTATATTACAAACTGCCTTTAAACTGACAGTAAGCACAGCATGTACATGCTGTTGAAGAAAAGCCCAACTATACCAACTACGCCAAAACCACACACACAATCTTTGGAGAGGGAACAAGAGTATTACTAAGGTAAAGGCTTTCCTATTTCATAACGTATCCCTCTTTTGGTACTTTTTACTTTTGCCTTGTTATTGTCAGAAGCAAAAGTCTTAGAGAACCTGAAGACAGCAGAGTGTTTCTACA,N,no,no,N,0
chr9,116311224,116311519,TATTTGGATTCAAAATCAACAGAATCTTGTGAATCTTCTGGGTCCAAAGCATCATTTTCAACATGAGGTTGAACAAAGCAACCACTGCTCTCAGGCAGTAAGTTATGTGCCATGGAGGAAGGAAGACACCAAAATAGCTTCTTTCGATAAGAAAAGACAAAGCTTGCAAAGTGCTGTGATATGTGGACAAATGGAATTAACCTTAGAGGTTAACCTTTGAGGAGGAAGGGCGAACCTGAATAAAGTGACAGGTTATGTAGAAAGTGATTTTTCTTTCCACTTGGGCATTTGGGGGA,N,no,no,N,0
chr1,74812230,74812563,TAAGTACCAAATATACTCCTTTTAAAAGAAAGCAATTATCATAGAGTGTAAACAGTCTCTGAATTTCAATTTCAGTTCTGCCAATTAACCACCACACGACCTTGCACAAGTTGCAGATGAAACCTGGACACTGAGTGATCTGAACTGAAACAAATACAAGCAGAAAAACCAAAACCAAAAACTATTCTTTTTCACTATGTCTCTTCAAATGTACTCTTGACCTGTTTCTTCCTCACTGTTACAATGAAATCTTGGCAGGTTTCAAAATCTTTTTATTATGCTCAGGTAATAGAAGTGCTCCAGTCACTTTTATGTGTACCCACAGTCTTATTAC,"[[74812273, ""T"", [""G""]]]",yes,no,T->G,1
chr21,30044490,30044820,TGCAAACCTTCTTGCTATTTTTCAGTAGTTGCCTAAAATAAACATCCCCCATCCTTCTTGTTTTCCCTCTCTCTTTTGTCTCAGCATTCTTTGTTTACTTTCCCAATAATATTTTAACCTAAGAGTACTAAGTCACTAATTTCAATAGCTGCAGTGCTGCTTTATTCCACAAGAGGGCACTCAAATGGCTTTCTTTCTGTGATATTCTAATTTCCCACTTTTTTCATATTGTTTGTTTTCCACAGTGGACTTTGAGGACAGATCTATCCCAGAGTCCTCCACTAAAACCAAGAAGATACATATATACTTATAAATGTAGTTAATTTCTTGG,N,no,no,N,0
chr11,125463648,125463941,GATACTGACTGGGAGGCCACTCCAGCCAGCTGCTGTCTAAACAGTGGAGCTGAAGAGGTGTCCAGAGTTTCATCCAATTCCAAACATATCTTTGCCCCATCACTAACTCCAGCATGCCAGAAATCCAGCATGCAGCACTGAATCCAACTTGGCAGGAAAAGACGACAGGGGAATGGCCAGCACCATTCTGACTCAAAGGGGACAGCACCGTTTTTTAACCCACAGACAGGTCATCCTGGGGTGAACAAGGCGCCTTCTCCAGGTAAGTGACACTGCAGCCAACTGCAGCAAAGG,N,no,no,N,0
chr3,138331237,138331682,CCACCTCAGCTCCGAATCCACCTACTCTTTTCTTGCATTCAGTCCCATGGCAATATTCAGTTCCATGATAATATTACGCAGAGCCACAGGCAGTCCTTAAGACACCACATTGCAAACTGAGTTGACTAGATGCAAATCATGTTCATTGCCACAAGGTGGTGGTTGCTGAAGCTCTTGAATGGTGTGGAATCTCCCTTAGAATTTAGTTTCCAAAATAAAATTCAAATCAGATGCTAAATTCCTCTTGCCAGCACATGGAAAGATAGTGACATTTATTCTTTCTGAAAGGGTTAAATTTCTTACCATGTGGTCTCTATTACAAAATGTACTCACATCTTTGCCAGGCTAAACCTCAGAAACAAATTTAGGTAAACCACATGTCCCAGTTTGCCTGGGACACCCCCACTTTTCACCTGTTGTCCCATGCAATTATTAATAGCAACCCC,"[[138331241, ""T"", [""C""]]]",yes,no,T->C,1
chr11,110447940,110448162,CCTCATTGTATACGAAATGAAGTAATAAGTGAACACATGAATAAAAAGGGACAGTCATAAATTTTGGAAACAGTTCAAACTTATAAACGTTCTCATTGCCAACTTTTATATTAATATAGATCTTTTGGATGATGCAGGTACCTGTTTTCAGAGTGTATCATAATATTCTGTCACTAGGGGGCAGTTACACACCTGAGATTCAACTTACCTAGTTTACTCTCAA,"[[110448028, ""A"", [""G""]]]",yes,no,A->G,1
chr2,177098403,177098674,TATTAAATTTACGTAAGTATGAGATAAGAGAGAACTCTCTGCTCCTAAGATTCTAGTCTTATGCTAGAAGACTCTATGGCTTGCTATAAATATCTGTTTTTATTGTTTTGCTTTCATGTCTGGCTTATCTCCTACCTTCTTGTGGAGCCAGAAATAGAAATAACTGCTTAAGGTGATAGACACCCCAATTACCCTAATTTGATCATTACACATTGTGTGCTTGTGTCAAAAGATCACATGTTCCCCATAAATATATATGCCTATTATATATC,"[[177098415, ""A"", [""G""]]]",yes,no,A->G,1
chrX,9182145,9182399,ATGGGAAAGTGGAAGCTTCCTTGCTAAGACCCTAGGGATCTCTACTGAACTCCAGTGTTACTGAACTCTAGAAAGGATACGACTCACCTTGCTCTTTCAAAGGCAATCGTGTCTGACATATCATCTAGGAATTGTTTCTTTGATGTCTCATGTGTCCTTTACCCTGTTGCATCTGCAAAATGCATGCACACACTTTATCCAGGAAAAGACAGTTTTGAGGGATTTTTTTTTATCCTAGAAGTATTGACCTTTTTC,N,no,no,N,0
chr18,67451074,67451474,TGAAGAGGCAGTCTTTCCTTTCTCAGATCTCAAACTCCGTTATGGAAGATCCACTACTCTCTTCAAAGCTGTCAGACAAGGACGTTTAAGTCTGCAGAAGTTTCTGCTGCCTTTTGTTCAGCTATGCCCTGCCCCCAGAGGTGAAGTCTGCAGAGGCAGGCAGGCCTCCTTGAGCTGCGGTGGGCTCCACCCAGTTCGAGCTTCCTGGCTGCCTTGTTTACCTACTCAAGCCTCAGCAAGGGCGGGCACCCCTCCCCCAGCCTCGCTGCCACCTTGCAGTTCGGTCTCAGACTGCTGAGCTAGCCGTGAGCAAAGCTCCATGGGCGTGGGACCCTCTGAGCCAGGCGTGGGATATAGTCTCCTGGTGTGCTCTTTGCTCAGTTGGAAATGCAGAAATCACC,"[[67451092, ""A"", [""T""]], [67451378, ""A"", [""C""]]]",yes,yes,A->C,2
chr8,49639128,49639548,GTAAATCAGAAAACATTTCCACAGTTGTCTGGTGAGGGTTTTAGGAGTTTACCTGGTATGTACTCAGGCTTTCTGTGACCCCAAAGGGCATAGAAACTATTTAGCTAAACTATTTAGCATCTGGGCCAATGTCATAGCCAAATTAATGACAGAACCACTGAGGTTTTCAGAGAGTTCTGCTATTCTCAGTTTCATCATGCACCATGCACAGAAAACCCCACAGCATGTTCTGACCAGTATTCCTGTGCTTCTTTCTTAGAAGAGGTTTTTATGTTTCACCTCTCAGAAATACTCAAGGACCTAGTCGCTCACTAATCTAGTCAGAGGCACATTATCCTTCTCTGAGATTTGGACAACCTGGCCATCCACATCTAGGAGGACACTGGCTGACCCTGGCCATGCGTCATGTGCCTCTAGGACT,"[[49639393, ""G"", [""T""]]]",yes,no,G->T,1
chr19,39006435,39006806,TGTAATCCCGGCTATTCGAGAGGCTGAGGTAGGAGAGTCGCTTGAACCCGGGAAGCAGAGGTTGCGGTGAGCCTAGATCACGCCACTGAACACCAGCCTGGGCAACAAGAGCGAAACTCCTTCTCAAAAAAAGAAAAAGAAAAAAGAAAAAAAAGCACATCCCGCTAACCACAGAGATCTATCTTCGAAAGCCAAGTGGCTTCCTCCTTGTTTCTGTATGAATTGTTTTATGTGGTTCAAGACATTGACTCAGGCACAGCAAGTACAGCTGACCAGTAAGTTGAAGCTGATCTGAACAGTGTTCAGGGCTGAGACAGTGTCCTAATAATCAGGGGACAACACACACACGAAATATAATCCCAGGCCAGGTGC,"[[39006444, ""A"", [""G""]]]",yes,no,A->G,1
chr10,70077664,70077939,GATCAAGACCATCCTAGCTAACACGGTGAAACCCCATCTCTACTAAAAAATAATAATAATACAAAAATAAAAATAAAAAATAAAATGCAAGTTCCTAGATATACTCTCAAAGGGTCTGATTCACTGGATCTGGAGTGAGGCCAAGGAATCTGATGGGAAAACCTCCCAGCTGAGACAGGGAGAGAACAGACTTTGAGAAGAGTTTATGAGGCTTTAAAACAACCTGTTAGGTGTGTGTCACCCACTGGGACTGGAAGACACTGAGTTAACTCCAAG,"[[70077668, ""G"", [""A""]], [70077935, ""G"", [""C""]]]",yes,yes,G->A,2
chrX,53831793,53832187,GTTCCTTATATATTCTGGTTACTAATCCCTTGAGAGCCTCTCAAACCTTTACTGTGGATGTGCATGCTCACAGTTATACACATTCTCCCAATCTCATAGAGTCCTGTTGGCAACAGTAAGCTACCTTCTTTTTCCTAGGGCAGTACACTGAAAGGCTGTAACATTGGATGCATGCTCCACTCCTCTCCCTCCCTCCTGAGGAAGAAGTCTCGGGGTCCCGTTCCTTCTCCTGATCCTACAGAACTGTACTGGCTGCGGTATGCTGTCCACCTTTTATCTTTTCTCTTGGCTGCCCCCAGGTGTTCAAACTATGCCAGTTCCCTCAGAAATCTCATACTGGAGATTGGTTGAGATAGGACAGAAACAGGTCCCTCAGGTAGTGCCTCAAAATACTA,N,no,no,N,0
chr3,64017370,64017781,GACTGAGGGAAGCAAGGAAGGGCTCCCTCAATTTTTTTGAAGGAGGGAGCATACAATAAGAATCCCAGGAATGCAGAGAAGTAAGATTTGTTCTGACTGAGGGAAGCAGGGAAGGGCTCCATATTTGAGTTGAGTGATGACCAGGAGACCTCAAGCATAAAAAAGGGAAAAGAGCAATTCTACAATATAACCTTATATGCAAAAGCAACATAACTGTGTGTGTATGTATGAGAAGATAAGGCCAAGTGAGTTACTCATCATGCTCGGGAAACCTGTTCCTACATTACCTGAGGTAAATACTATGAATTCTCATAAAGCAGCCCAATTTATATGCATGGAGAAAGCATCCAAAAACACTGGGCCAAAACCCACTGCAAAAACATTAACAATCGTCATTTGGAACCGTCCATTC,N,no,no,N,0
chr4,47673531,47673835,CATTACAAGAAATCAGTCGCTGGGGATTTTCTGATTCCATTTTCCATGAGAGTCCATAGGGTGCTCTTTCACTTCCGCCCATTCTGTCTTCCCCAAATAACTCCTCCTCCTGAAAGTCATTTTAGAGCCACCTGCTTACACCGTTTGGAGCTGTTACACTGTCACCGAAACAAATTAGCCTAATGGTTCCGAAACCATTACAGGTCATCAGAGTTCCTGGAAAGGCGAGAATAAATTTCATTAAAAGAACCGACTGCCTATAATCCCAGCACTTTGGGAGGCCCAGGCAGATGGATCACTGAGGG,"[[47673537, ""T"", [""A""]]]",yes,no,T->A,1
chr11,93017930,93018170,TCAGGCAGCACTGCCCCCATGGTTTTGCTGGGTGCAGCTCACTTGGCTGTTCTCCCACTTGGGAGTCCAGTGCCTGTAGCTCTCTCAGATGAGTGTTTCATGCTTCCGGTGGCTCTGTCCTTCTGGAGTTCTGGCAGTAGCCCCACTCTTTTGGCTCCATTAGGCATTGCTCTGGTAGGGACTGTCTGTGGCGGCTTCACCCCTGTGGCAGGTTTTTCCACGGGCCTGCAAGCTGTTTGAT,"[[93017987, ""G"", [""C""]]]",yes,no,G->C,1
chr12,89848780,89849018,CACAGTCCTTGCTTTCTGGCTGAGGACACACATGATTCATAAATCTAAAATGGGCTTTAGAACAGTTACAAAGTAGTCTGCCGATGAAGTGAGTGTGAGTGAAGAGAGCGCTGAGTAAATGGCTGATAAGGGAGGCGTGGGGAGAGGAGTGACGAGTCCGAGTCCTTGCAGCCAGAGGTAGGGCACAGGCGGGAGACAAGCTGCGGGTGGGGGACAGCAGGCACCCCAGCAGCAGTGAG,"[[89848816, ""C"", [""T""]]]",yes,no,C->T,1
chr4,106494060,106494491,TATCTGAGATTTCACTTTCTGAGGTTTCAGTTACCCATGGTTAATGGCAGTCTGAAAATATTAAATGGAAACTTCCAGAAATAAACATTCCATAACTTTCAAATTACTTGCTGTTCTGAGTAGCATGATGAAATCTTCCTCTGTTCTGCTCCATCTTGCTGGGGATGTAAATCATCCCTCTGTTCAGTGTATCCATATTATAGACACTACTCACCCATTAGTCACCTAGTGACTGTCGTGGTTAGCACATCAGCTGTGACATGGTTTGGCTGTGTCCCCACCCAAATCCCATCTTGAATTCCCATATGTTTTGAGAGAGACCCAGTGGGAGGTAATTGAATCATGGGGACAAGACTTTTCCATGCTGTTCTCAAGATAGTGAATAAGTCTATGAGATCTGATAGTTTTATAAGGGGAGTGGGAATTCCCTGC,"[[106494209, ""C"", [""T""]]]",yes,no,C->T,1
chr1,241126381,241126738,TCAGGTGATCCGCCCGCCTCGGCCTCCCAAAGTGCTGGGATTACAGGTACAAGCCACAGTGCCTGGCCCCATTTATATTTTTTGCTCTGTAATGGGGCATGGGAGTTCATGCAACGGGCTCTAGATCAAGCCTGCTTGGGTCAAATGCGCAGCTCTGCTACTCTCTAGTTACTGACCTTGGGAAAGTTACTCAGCATTTTGTTGCCTCAGCTTCAGCATCTGAAAAACAGATGTGCTAAATACAACAATATCCTTCTCACGGAGTTATTATGAGGATCAAATGAGTTTACCCCTCCTACCTCCAGCCCCCCATACACCCACTAGAGAGGTTAGGAAAGTGCCCGGTACAGAGAAATGC,"[[241126400, ""T"", [""C""]]]",yes,no,T->C,1
chr6,1493851,1494191,ACAGGGTCACACCATGCCCACTGAGTTAAGACTTTTTGATAGCCAAGTGATTGTACAAGCCTCTGAGCTCAACCCCACTTGAATCATCTTGAAAGACTTGATCATAATTCAAGTTCTTCTTTGGCACATTTTTATCATTGGCTATGGATTTACATAAAACACAATGAGTCACAGAGTGGAGAGAGCTATTAGATTGGCAGTCCCCAACATTTTTGGCACCAGGGACCAGTTTCGTAGAAGATGATTTTTCCACAGATGGTGGGGTGGGGGGTGGTTTTGGGATAAAATCGTTCCACCACAGATGATCAGGCATTTCTTAGATTCTCATAAGGTATGTGCAA,N,no,no,N,0
chr9,131748376,131748773,TGCCTAGGCTGGTCTCAAACTCCTGGGCTCAAGGTGATCTTCTTTCCTCCGCCTTCCAAACTGCTGGGATTACAGGTGTTAGCCGCTGTGCCCAGCCCCATGCACACATTTATGGTGTTTTGTATGAATGAGTTTAAATGGTACACATCAGTTAGCAAGACAGAGGCTGGCTAAATGCTCACCAAATCTATTTTTGGGGCACACAGCTGGACTCGTCTCCCAGTTAGGTGTGGCCAGGTGCTCTGAACAATAGATGAGGGTGAAATAATGATTGCCACTTCCGTGCCCCACTCATAAATTTCTCCAGCACCTGATGGTTGACATTTTCCTTTCTCTTTCAGCTTTGATGATGTGTGGAGATAGAAGGAGCCTAGGTCCCTGAATGACTGTCTGGGGTA,"[[131748455, ""C"", [""T""]]]",yes,no,C->T,1
chr5,7169459,7169836,CAGCATTGGGCCAGTGGCCACTGGATGGCAGTTGCTCAGGAGAGATGTTACAGGTAAAGACAGGATGTTGTCTCTGGATTTTAGCTTATATAACATCACTCAGTTCAAACTTACTCACATCAACAGTGAATGGGTGATCCATTAGCCTGCTATCCTCTTATGCAAAGGTTAAGTCTTGAAGGACAAGTATGAGCACCTAAATGAAAGGAGGGAAGTGGAGCTGTGATGATTCAGACAGAGGAATCAGCCAGAACAGAGACTGAGCTACTTGGGAGAGGTGTCTGACCTGTCTTCGTTACATAGGTTCTTACTACCAACGTCATTCCTCATTTTCTCTTTCCTTCTAATGACTCATCTTCCTTCCGCTAAGTACAAGTA,"[[7169584, ""A"", [""G""]]]",yes,no,A->G,1
chr6,117624939,117625252,TTATATAAGAAATAATATTGTATGGTAAATTCATGTCCTAAAGTAAAATGATGGTTGTTTAAAAGGAGGGATGTTTAGGACAAGTCAGAAAGTCCAAGTATGTCATAGATGTTCTATTTAAGTTGCAAAGGGATTTGTAAAGGAAAATTTATGCACCAAAAGTGAAAGTTGCTAAGAATTACCATTATAACATGTAATTAAGACTACTAAAAAAATAGGTTTACATGCAAGGTGTGTGAGGAGAATGAAATGTGTTTTTGGTAAGAGACTAGAAGAAGGCAGGGAATGTACAATTTTGTCTAGAGAGTTAAAGG,N,no,no,N,0
chr7,65315716,65316107,TTGAGTCTCTCCTGCCTGGATAACCACGGGGGCTTCAGTCCAGGCTCACTGGGGACCTTCTCACCAGCACCTGGGAGTCTTTGAGACATTTGGAGATGTGCTGTGCAGATTGGCACAGCTGTGTCAGGCTGACAGCAGGGTCTAATTCTGTTCCCATTTCAGAGGAAGGGGAATGAATCATCCAGGATTTTTTCCTCCCCTCACAGAAGGAATCTCCTTGGTTGGTACCCAGATGGGTGTTTCTCCAGTTTTCTGGGTAATGAACGAGGAGCTCTGGAGACAGATCGATAAATCAATTGCTTCCATTAAAAATGAGCATTAGAAAAAACAGATAAGGCAGTCGCTATCTCTACAATCCTGGCAGTTTCAGCCTAGAGCACATGGATAAATGG,"[[65315809, ""G"", [""A""]]]",yes,no,G->A,1
chr12,119757532,119757799,CTTCTTGGGCCTTCCTGGTGGGGGTGGTGGGAGGGTCCAAACAAAATCACAGTCTCATTAGGGTTGAGCCCGTTTCCACGGGAGGTAGACGGACACGGAGTTAGACATGTCTCCTCACTAAGTGGACTAGGGCCATTCCTGGGTTAGCTGTCTCCTGATCTGGCCTCATAAGCATGATCCCGGCATGACGAACGTGGGGACCATTTACTCATCACCACTCAGTGTCAGTCCCTCACATATGGGATTAAGTAAGGTCCAGGAGGATGCA,"[[119757566, ""A"", [""G""]]]",yes,no,A->G,1
chr7,79812181,79812416,TTAGCAGTAATAGTATTATCTGGGAATTCATTTTCGTAAGGTGTAATCTCAGGCTTCACTGGAGAATTGAATCAGCATGTGCATTTTAGCAGGATCCCCAAGTGATGAGTGTGCACATTAAAGTCTGAGAAGCTCTACTCAGCATGACCATGTTACTGCTCTATTCATAAGGGCTTCAAAAACACACTTACTTCAATATTATTAGATGGTAACATTGATTAAATTTGAAAGTATTA,N,no,no,N,0
chr14,60332912,60333215,TGCCGAGAACATACAATGAGGAAAGAACAATCTCTTCAATAAATGGTGCTGAGAAAACTGGATAACCACATGCAGAAGAATGAAACCAGATCCCTATCTCTCACCATATACAAAAATGAAAGCAAAATGGATCAAAGCCTTAAATCTAAAACCTGAAACTATGAAACGACTAGTAAAAAACGTTGGGGAAATGCTCCAGGACGTTGGTCTGGGTGAAGACTTTTTTGTATAAGACTTCAAAGGCAGAAAAGAAAAAAAAATAGACAAATGGGATTACATCAGGCTAAAAAACTTCTGCACAGCA,"[[60332963, ""G"", [""A""]], [60333116, ""C"", [""T""]]]",yes,yes,C->T,2
chr13,74707394,74707735,TCTTACTTTTTTCTCCTCTCCTCCCTCTTATTCCCCTTGGTAATTTAGGGTACTCTGTCATGGTCTCAGGTGTTTGTGTCTGTCGGGACCCTTGGCCACTCCAAGTCTGCTGTAGAGCAAACCAAATTGTTTCTGACTGCCACAAGGGACATGCCTCTCTTAATAAAACAGAAAACAGCATCCTCCAAGGTTTCAGCTAAAAAGAGGCTGGGAAAGAATGGCTGGCTAACACAGCTGAATCTTTTCCCTCCAAAAATAGATGTAGTCTCATACATTTCCTGAAAAATAAAATGGACTGTATTAGTCTGTTCTTGCACTGCTGTAAAGAAATACCTGAAGCTG,"[[74707530, ""G"", [""C""]]]",yes,no,G->C,1
chr11,111675002,111675323,AGCCTCCCAAAGTGCTGGGACTACAGGTGTGAGCCACCACACCCAGCCTCTACTGTGATAATGTTACATAACAAACAGCCTCTAAAATTTAGTGGCTTACATCAACAGATATTCTTTGTCTATGAGTCATTTAGGGTGACTCCATTTCAGGCTATATAATTGGGTTCAGATCTACTCCTCATGTCCCTCATTCTACATATGCTTTTCTCATGGTAGATGATAGAAACATAGGAGATGAAATCAAAGCACACACATTCTCCATGACCAAAACCAGAAGCAAGGCAGGGATATGCACCACCTATTCTACTGGGAGGCATTACAA,N,no,no,N,0
chr12,2185904,2186284,GTCTCTCAGGCTTCTCTGTGGCTGTCCCGTGCCGAGCGCCCAATGCACACTTGTAGCCTGATTGATTGGTTTTCTCAGCCAGGGCATGGATCGTTTCCTGGCCGCTCTCTGGCTCCTTTTCCAGGCACCTCACTCGGTTCCCTACTCTGAGGTGGCTACGGCCAGACTCGCCTCAGCAGCTGCCTCCACTATGGGCTGTGGTTTTTGGTGAGCTTCTTTCAGTCCTCTCATCTTTATGGGAAAACTGCCCAGCCCAGGACCAATTAGCGTGGGATGGTTGCAATAAAGGTCTCCCTTCCCGACATGTGGCCAGCACAGAGCCTTCCCTGGTTCCCTCCCGGCATTTAGTCACAGTCCCCAGCTGTGTGGTCGGTCCTCTCG,"[[2185990, ""C"", [""T""]], [2186095, ""C"", [""T""]]]",yes,yes,C->T,2
chr14,72182917,72183205,TTCATGTTATATGTGACTGAAAGAAAGAATGATGTAGTTTCAGTTACTTCCATGACCCACCCCGGGCTAGCACCTCCTTCAGCCACATGGTAAGGTCCCAGAAACATTTGATAGAGACCACATGAAAGTAGATGCTTATGCAGATGTGACTTTTGAAATACATTCTTCCTGGCTTTCAGATGTGCTATTAATTGCAGGTTTAAAAGCCCTTTTTTGTTTGATCTGATAAGGTAGGCTTACTTTATGTCACCTTAAAATGAGGTTAAGCCAAGAATTGCAAGATATAAAG,"[[72182921, ""G"", [""T""]], [72182957, ""G"", [""C""]]]",yes,yes,G->T,2
chr2,147937708,147938110,CCTGAAGTTGTAAAACTCATAACTCAGCCCCCAAATAACACTTTCTCTGTATGCCCTCACAGGCCAATAAGATTTTGTCTTTTAAGTTTCTTAATGGCTCTAATTTTCATTGTTTTCTCCTTTTACTGCTGAGATTATAAAAGCCAATCCTTGGGTTGGAAAGGGAAAGGTTATATCACACACTATACTGAATAGTTGTTTTCGGGATGCAAGTGCTCTGAAGAGACAGCAGAGGGCAGTATACCTCCACAAACTAAAACAACCGGTCACTTCCTCAGATTTTTCCAAAATATTTCATTTTTAGATAATTTTCTTGTTTTGAAAAAAATCTCTATAATACTTAATGTTTAAAAATGAAAGTGCAATTTTAATACATAATCAAATTGGATGTAAAAAATATACT,"[[147937728, ""G"", [""A""]]]",yes,no,G->A,1
chr4,161138029,161138458,CTCTAATGAGACAATTATATGTGAGCTCTCTGAACAAGAATCCAGAATAGCAGTTGTAAGGAAACTCAGTCATCTCCAAAATAACAAAGAAAATCACATCAGAAAATTTTTGGAGAAATGTAATAAAGAGATTTAAATAATGATTAAACATTCAACTGAAATTTTAGAACTGAAAAATATATTGCTGAACTGAAAAACTCTTTAGAGGCTCTTAACAACAGAATGGATCAAGCAGAGGAAATAATCGTTGAGCCCCAAAACAAGCTATTTGAAAATATACAGTCGAGGAGAAAAAAGAAAAAAGAATAATAAGGAACAAATATTACCTACAAGATACAGAAATTTACATCAAAAGACCAAATCTAAGAATTATTAGTGTTCAAAAGAGAGTTGAGCGAGAGCAAGGAGTAGAAGGCTTGTTAAAATAAGT,"[[161138042, ""G"", [""A""]], [161138045, ""C"", [""A""]], [161138154, ""C"", [""A""]], [161138385, ""T"", [""C""]], [161138424, ""T"", [""C""]]]",yes,yes,T->C,5
chr3,154967117,154967477,GCCCACCAGTATTTTCCAAAGATATATCCTTATGATTTTATTTATGCACTAGTCAGAATTGATGAATGTGTATGTTGAATACCATTTGCTAATTCATCTGGCATCTGGCAAAACCATATCACATTAATATGATGGATGATCCTGCTTCTTTGGAATGAGAAAACTTCCACATGGAGGCACAGTAATTATTCCTGAAGGAATGAACATAATGTAAACTGTCATTATGGGTAAGTTTTGTGGGCAAAGGATGCCCAGGAGAAAGGCATTATGTTAAGCCTTTATTCTCAGCAATGGTGCTCTGCAGCCTTGCTCCCACTTAAAGTCATTATCAGAGCTGCCTAGACCTTTCTGCCCTTTGTGG,N,no,no,N,0
chr4,162648997,162649260,GCACTCCAGCCTAGGCAATAGAGTGACAATAAATAAATAAATAAATAAGAGTTGATTTTTTATATGGTGAGAGATGGGGGTTCAATTTTATTCGTGTGTGTATATATATGTGTATATATATACATACATATGTATGTATATATATACACACACACACATGTATGTATATATATACACATACATATGTATGTATATATATACACATACATATGTATGTGTATATATACACATACATATGTATGTATATATGTATACACACATATA,"[[162649050, ""A"", [""G""]], [162649214, ""A"", [""G""]]]",yes,yes,A->G,2
chr2,149613657,149614096,TGTGTGTGCGTGTGTGTGTGTGTGCGTGCGCGTATAGTATAACTTGTGTTCATATCACCAGAACCTTATATGGCTAAAGAAAAATTACAGAAATTTAAACATCAAACATATAAGTTTCATCTGTAGAAAAAAAATCCAGATTTTATTTAAACCACCAAAATTGCAGTCAGCTGCTGAGAGAAAAATAAAGGCAAAGATCCTGTTTACAAGGCACCTAGAGTTCAGCCATCAGATGGTTTTGGTTAAGATGTAGTTTCTCTTCATGCTGATGTTTCTATAAGACATTTTTGTGAGTCAGTCATCACCCAACTTCCTAGTGTCTTTCTTTCCCTTGTATGTGTGTGTGTGTGTTTTTTTTTACAATACCTTTATAGCGTTGCTTTTAATTTTTGACAACGTTTACTGAAAACTTACTCCTTTGCAGCTTTTATGTGATTTGT,"[[149613665, ""T"", [""C""]], [149613675, ""C"", [""T""]]]",yes,yes,T->C,2
chr10,124886208,124886557,AAAATTGTCATCAAGTCAATAACTTATTGAACTTTTGTATCTTAAATTCTCAATTTTAGTTCCTTCAGTGAATGAACTCGTCATCTCAATGCTACCATGACTTCTTTTTCTTAGGCCCCTGGCTCAGGGCTGAGAATCTCCAGATGCTGTTATGTATTGTGCAGTTTGGGTTGCTATGGTGCTGGAAATGGCCTGTAAATGCTGAAATCCTGCAATTGCAAGGGTGCCTCTTAGAGGATGACGTGTTATATGTGGATTTGGGTTATGTGTAGATTTAGCCTCCGTGACATCGGAGATGTGATTTGGTGCTTCTCATCCTCTTCAGATTCTAATCTGATCACCTTCTTGAC,"[[124886301, ""G"", [""A""]], [124886304, ""G"", [""A""]]]",yes,yes,G->A,2
chr3,101020711,101021064,AAGTAGACTCTGTCATGTCTCAGTTTCACGCACTTGCTAAAATTTGCATCAGGAGATGGTAAGAGACAGTGAGGCAAATGGCTGTAAGGAGGAAAATAGCTAATGTCTCAAGAACTTGATTTGTTGTTGAATCATTCCTCTAACATTAGTAGATTGCTAATAAAATGAGAGGCATACAGAGGTTGCAATATATACGTGACCCTGGAAATATCAGCTGGGGTTTCCCCACATGGTTATTGTTGGCAAATGCAGACATATTTCAGATGCACGAAATATCAACTCAGTATATAAGTTCTTTTTTACATAATAACCCTCAATTTATTGTGTTTATGGTGAAGGAAATGAGTTCTTTAT,"[[101020762, ""A"", [""G""]]]",yes,no,A->G,1
chr12,3012849,3013156,GAGTGAGCTCTCCATCAGGGAGGTGATGATGACAGAGGCTACACAGCAAGTTGGTGGGAAGATCTGACATTTGAGGCATTAAGTCTAGACCATTTATAAACATTTTTATTTATTTATTTTTAGAGACAGGATCTGTCTCTGTCACCCACGCTCAGTGCAGTGACGCAGTCATAGCTCACTGCAGCCTCGACCTCATAAGCTCCAATCACACTCCCACCTCAGCCTCCTGAGTATCTGGGACCACAGGCAAGTGCCACTGCACGGCCATTTTTTTCTATTTTTTTATAGAGATGAGGTCTCCCTATTTT,"[[3012878, ""C"", [""T""]]]",yes,no,C->T,1
chr7,13663971,13664382,TACAGATTATAAGGAGAACTTTAAAAGCTGTCATCAGGCTCTGTTTCTTCCATCAATGTCTTCATCCCCTCTTTTCTTCATTTCTCATAGTCATAAGATGGCTGCAATAACACCTCACAACTTTCCAGATTGCTCCATTGTGAAAGAAAAAATACTGCTTTCCAGATGCTCAAAAGTCGTGGGATCAGCTGTGATTTGGGCTTACTCCAGTCCCTTGGGGCCTGGATGGTAGAATATGTTGATGGACAGAGGCCTTGGTCACTCAGCCTGCATGACAGGTCAGCAGCATCCAAAATGTAGGAGTTAAGGGTGGTGCTTTAAAGTCTTGTACATTTCAAATGTATTAAATAAAGTCATAGTTAAGAACGTAATGATATAAAAATCACCTCCTTAGTTAAAACAAAGCAGATTA,"[[13664004, ""C"", [""T""]]]",yes,no,C->T,1
chr11,62719570,62720066,TGTAGAGTGTCACTCCAGTTGCTAAGAGACCTCAATAAGGTGTGCACTGACCAGGGATAAGATCTCTTTAGCTTGTACAATTTTAGCCCACTGCTATGGTTTGAGTTATGTCCCACCAAAGTACAAGTGTTGAATACTTAATCCCCAATGAGCAGTATTGAGAGGGTGGGACTTTTAATGTGATTTGGTCATGAGGATTCCATCCTCATGAATAGATTAATGCCATTATTGTGAAAGTGGCTTTGTTATAAAAGCAAGTTCTCTCACATGTGCCCTCTTGCCTTTTGCCCTCCTGACATGGAATGATGCAGCAAGAAGGAGCTCACCAGATGCTAATGCTATGCTCTTGGACTTCCTAGCCTCCAGAATGAGGGAAATAAACCTCTATTACTTACAAATTATGAAGTCTATGGTATTCTGTTATAGCAGCAGAAAATGGACTAAGACACCCACCTTTCATCTCCAGCATTATAGATTCAGGCACATCATCTCCCTCT,"[[62719640, ""A"", [""G""]], [62719890, ""C"", [""G""]]]",yes,yes,C->G,2
chr2,113053700,113054112,TAACAAAGACAGAGTCGGGAATAAGAAAACTGGCTTGGCTGGAGGGTTCAGCTCAGGGTGTCTGATTAGGTTGTAGGAAAGATGTCAGCCAAGGTTTCAGTCATCTGAAGGCTTGACTGGGACTGAAGGATCTGTTTGTAAGATTGCTCACTCAGACCATTGGCAGGAAACCACAGTTTCTCACCATGTGGGCTTCTATATAGGGGTGCTTGAATATCCTTATTAGATGGCAGCTGGCTTCATCCAGGTGAGTGTTCTAAGAGCAAGGAGGAAACTGCAATGCCTTTTATGACCTGGTCTCAGAAGTGACATGCTGCCATGTTCACCATGTAACATACTCATTAGAAAAAAGTCACTAAGTCCAGTCCATACTCAAGAGAAGGGCAGTTAAACTTCCTCTCTGTATCAGTCTG,"[[113053749, ""G"", [""A""]]]",yes,no,G->A,1
chr13,92097321,92097662,CTGAGGGAAGAATTGTTAAACAAGGATGAAACAAGTGCTTGATTGAGAAATTCTCATCTATATTGCAAAAGACATTGAAATAAATGCTGCCAAGAACGTGTACTCTGAAAAAGCTGAGGTTGTAATTAGACAATCTTTTGCTAATACCAGAGGAAGATCAAAATGTCAAAGTATTCTGTTACACAGAAGCCTATATGAAGGGATTAAGTGTGTTACTCATAGACGTCTTACATCATCTCAGCGGAAACTAAAAATAGAGATAAGATTATGTAAGAAATATCTGTGGACAAGCCTTTGCTCTACTGGAGAGAAGCGAGAAGCCCATGATATAAAAGGGAGACA,"[[92097326, ""A"", [""G""]], [92097442, ""A"", [""G""]]]",yes,yes,A->G,2
chr6,97023996,97024327,GAAAATGTGCTTAATTTGTCACCTAAATCATATTATACTGTTGTCTGTGAGTAGAAGTTGGCATTGTCCACTTTGTGTCTGATGATTAATCATTTAGATAGTATCTGTTAGGAAGAGGACTCAAGAAATAGCTTCTAATTTTAGTCAGAAAAAGTAGCACTATTAATAGCGGCCTTGACATTCTGCAAAGCCAAATTAAGCAGTCAACCTGGCATTTTATAAACGGGCTGTTACAGAGCCTCACATCTGGTAGATATTCGATAAGCATTAATTGCCTGGCTGACTATGAGCAGCCACATAGCTGCTGTAATAGAGTCTGCACATGGTGGTGG,"[[97024093, ""G"", [""A""]]]",yes,no,G->A,1
chr13,88331810,88332078,TCAGAAGGCATTGTATACCTCAAGAATACAATGAGTCATATATATATATATATATATATATTTACACTCACACATACACATACATTGTTAATCAGGTTAACTTTCTGCATTTTAAAACTGAAATGATGTTCCTATTTGAACTTTGGTTGCTAAACCAAAGAGAGAGCTCCTGGCTGAATGCCAGCAGCATCTGTAGAGGGGACCTTATGTTATTCAGAGGGCAGCAATAATTATTGTGTCCCCAAGGAAAATAGAAAGAATGAATATTG,"[[88331865, ""G"", [""A""]]]",yes,no,G->A,1
chr9,65771257,65771609,AGCAGAAACCAAGGAAAACTCCTAAGCTCCTGATCTATGCTGCATCCAGTCTGCAAAGTGGGATTCCCTCTCGGTTCAGTGACAGTGGATCTGGGACAGATTACACTCTCACCATCAGCAGCCTGCAGCCTGAAGATTTTGCAACCTATTACTGTCAACAGAGTGACAGTAACCCTCCCACAGTGTTACAAGTCATAACATAAACCCCAAGGAAGCAGATGTGTGAGGCTGGGCTGCCCCAATGCTCCTTCTGGTGCCTCTATCTGCTGAGGGAAGTTCTCAAACTCAGTCAGGTTTGGAAAGTCATCGGGAGATTTTCCTAGAGGAGGCCAGGGAGGTTCCTCTGAACCCTA,N,no,no,N,0
chr6,55388216,55388581,ATGCTAGTGTCTTTCAAAAAAAACTCAGTTGCAAAGGAGGCCAGAGTCCACTAGTTCCTGAGTGCATGTCTGCTTTAGTTAGGAGTGAAGGCGATCCGAAACAAGAAAAGCCACATAACTCTGTTTGCTGAGTTTTCTCAGAGGGCGACTCATCTTAGTGATACACTGCTGTGCGTCACTGGTGTCTGTGTAGGAAGATGCTACTCTTGATGTTTTGAGTTTCCAGGCCAGACATGATTCAATCCCTGAATCTCTATTCACTAGCTCTTTCTAGTATAACAGACAGTCTAAAACTTACAATGGTATTTTGTTGAAAGAACATATGGTAGCTATTACATTGAAAATGTACACTAAGCATATGTCTAC,"[[55388312, ""T"", [""C""]]]",yes,no,T->C,1
chr7,46261652,46261894,TAACCTTAAACTCTGGCTGCCTGTGGGCTGGGTGGAACAGAGCCATATTTCTCTTCTTTCAAAAGCAAATAGCAGACATATCGCTGAATTCTTTTTCTCAGCAAGGAACATCCCTGAGAAAGAGAATGCTTTCCCAAGGGGAGGTCTCTAAAATGGCCGCTTCAGGAACATCTGTCTTTTACGTTTGTAGATAAGGGATGAAATAAGCCCCGGTCTCCCGTAGCGCTCCCAGGCTTATTAGGA,"[[46261728, ""A"", [""C""]]]",yes,no,A->C,1
chr4,87309642,87309969,CTTTATTATTAACTACTTCACTATATTGCATTCTTTTTAAACTGTGTTTCCTTTTGTTAGAATAGTCTTCAGCAAAGTTTGGGCAGAGACAGTAGATTTGGTAGAGAAAATGAATCACTCTCTTTTTATAGACTGGGTAGGAAAATAACAGAGGAAATAACTGTTCTCCCCAGGGATGGAGAGTTTCCATGCCAATTTTCACAACTGAAAGATGCTCCATAATAATAGCTCTATTGGGCCAGGCATGGTGGCTCATGACTGTAATCCCAGCACTTTGGGAGGCCGAGACAGGAGGATAACTTGAGGTCAGGAGTTCGAGTCCAGCCTG,"[[87309696, ""A"", [""T""]]]",yes,no,A->T,1
chr18,66347234,66347571,TATCCCAGCTTCCTAGGGATGTCTCTATCTCTATATATCTTACTGAGCAGTCAGTGATTAGAAATGAGTCTCTGCTCCATCAGCTCAAGTCTGTAAAGCTTCCACCGTCTGTCAATTAATCTGTCAGTAGGGTGAGAAGGGCATTAAGTGTACAGCCAGTTTTCCAAGCTGGCTCGGCTGTAACTGTCTGGCTTTGTTTCTCCTCTATGCAGATGCATGCTTCACCAGTTGGCCAGACATATGTAGAGAGCTTATCTAACTAAAATCTCTAATTTTTATAATCTTTCAATATGTTTCTGGGTTGTGTGCTATTTAAGTCAACCAGGACCTCAAACTCA,"[[66347340, ""C"", [""G""]]]",yes,no,C->G,1
chr7,93127450,93127711,ACCTGCATATTCTGCACATGTATCCAGAACTTAAAGTATTATAAAGAAAAAAAGAAGAAATTTGAAAAAATGTTGCTGATCCTTTGTCTTGTTTTTCAGAGTCAAGGAAACTTTTATTTTGAGCTATTGACAGCTTTTTACAAATAAGTATACTCCTATGAACAAAATTTGGAGCATATTTGTTTCTCTCTACCTTATTTCTCCAGAATTTGGAAACTATTTCTGAGTATTCTTAATTTATGGCAGTATAGTTATTTATGTA,"[[93127506, ""A"", [""G""]]]",yes,no,A->G,1
chr19,43649789,43650068,GTGGCTCAGGGACCCCAGAGACCCTTTCGGGAGATCTGTGATTTCACATGGCTTTTTCACTCTCATAAGTGTACAATGGGCTTTTCCAAAAACTCCAGGACATGTGATATTGCAAGAGACTGAAAGCAGAAGCTTCCATGAGGACCCAGCTGTCTTCTATTAAGCTGGACATTAAAGAGATGTGCAACACAGCAAAATAATGCCAGTTTTCTCATTACGCTTTTTTTTTGTTTTTTTTTTTGAGATGGAGTCTCACTCTGTCACCCAGGCTGGAGTGCAG,"[[43649817, ""A"", [""G""]]]",yes,no,A->G,1
chr4,176031968,176032274,CCTTTTTTCCTGTTTATGTCATCCAGTCAACCTGAAGATTAATGCAGCTTCTGTAGCCCTGATCTCCTGATTCCCTGTTCAACCCAATTTATATGCAGCCTGAGGCTACTCTGGAGAGATACTTTAACACCTCCTCCCTCGTGCCTGGGGCCTTATACAATCATCACAACCAGCATTGCTGCTCGCTTGCCCAGGCCTGTGAATGACACATGTTATTACTACTCTATTTCTACTTCATGAAATTAGGTAACTGGGTCATTTACTTGTGAAAGGACTGTCTGTAGTGTGATTTCTTTTAACTAAAACT,"[[176031983, ""T"", [""A""]], [176032245, ""C"", [""T""]]]",yes,yes,C->T,2
chr17,3744783,3745025,TATTAGAGAGGTAAGAGAGAAGATAAGGAGATTGCTTAGCATACCATTTGCCACTCTCTTTGTTTAAATAAGCCTTTCTGCCCCTATAAGAGCCTCAAGCCCATGGGAGAAAGTGAGCATGATTCTCTGGTAGAGAATGTGATTAAGCCTTTATTTAAGGAAGGCTGTAGACTTTAATCCAATTAACAATCACTTTGGGGGTAAATGTGTATTCAGAAGAAGAATTCATGCATTTGTTTATTG,N,no,no,N,0
chr2,139754408,139754616,TCCCTCATTCTGTTGATATCATGTATCACATTGAGTGATTTGTATATGTTGAACCATCCTTGCATTCCAGGGATAAATTGCACTTGGTCATTAATATGGTTTGGCTGTGTCTCCACCCAGATCTCATATTGAATTGTAGTTCTCATAATCCCTACCTACTGTGGGAGAGACCCAGTGGAATTGAATAATGGCAACAGTTACACCCATGC,"[[139754489, ""G"", [""A""]], [139754527, ""A"", [""G""]]]",yes,yes,G->A,2
chr10,28014748,28014987,GATTGAAGACAGTTTTTCCTTTGCACACGAATATGTTATTCCACTGTCTCTTAGAGGCTTCCCTTGTTGTGGTCAAGAAATGAGCTGTCAGTTTTTTGCTCCTTTGAAGGTAACATATATCCTTTAAGACCTCTTCATCTTTGTGGCTTTCCAGTTTCACTATGATTTCTGTAGCTTTTGCATTTCTTTATATTTATTCTGTCTGATTTTTGCTGTGCTCTTAAATCTAGAAGAATATAT,"[[28014775, ""T"", [""C""]]]",yes,no,T->C,1
chrX,1725455,1725747,AGAATAGTGCTCCCCCATACCCTCTCAAAACAGTCTGCATCTTCATCCCTAGAATCTGCAAGGACGTGACGTGGCAAAGACGAATGAAGGTGGCAGATGGAATTAAGGTTTCTAATTAGGCAATCTTAAAATAGATTATCCTGATTCTCTGGGGAGAGCCTAATGTCATCACAGACATCATTATCAGTGGAAAAGGGAGGCAGGGGAGACAGAACGAGAGGGACTGCAGAGTGAGAAAGAGCACTCGTGGCTGGCTTTGCTGATGGAGGAAGGGGCCACTGGATACAGGTGGC,"[[1725505, ""G"", [""A""]]]",yes,no,G->A,1
chr17,26846075,26846350,GGAACGGAGTGGAGTGGAATGTACTCGAATGGAATGGAAACGAATGGAATGGAATGGAATGGAATGGACACGAGTGGAATAAAATCGAATGGAATGGCATCGAATTGAATGGAATTGAACACAATGGAATGGAATGGAATGGAATGGAATGGAATGGAATGGAATGGAATGGACCCAAAGGTAAGGGACTCGAATGGAATGGACTCAGATAGAATGGACTCGAAAGCAATGGTCTCGAATGCAGTTTATTCGAATAGAATGGAATCAAATGGAATG,"[[26846148, ""A"", [""G""]]]",yes,no,A->G,1
chr10,125866419,125866806,GTTTGAGAAACACTGTCGAAGCTGCTATGATGCAGGCTGACACCAAGTTTTCCAGAAGCCCCACAGAGGGTTTTCTAATGTGTATTACTGGAGGGGCAGGGAAGCCTTCCTGGAGTAGGTGGCTGCTACACTGCATACTGAGTGACTAGGAGGAACTAGCCGGGTCCGGACATGCTGAGCACAGGGAGGGGCAGGTGTACAGGCACAGGGTGTGGAAAGCACAGGGCACACAGTGTGCTCCAGGTGTCCATGTGGCTTGCACACAGGCAATGATGTGGACCCTGCATGAGGCAGAGCTCCAGAAGCACACGCTTGAAGGTTCTGAGGGGCCAAGCAAGTTGTTAACTTTTTCCAGGGGATAATGGGAGTCATGGGATACATTTAGACA,"[[125866583, ""C"", [""T""]], [125866712, ""T"", [""G""]]]",yes,yes,T->G,2
chr6,147759153,147759545,TGATATTTTGTGGATGAGCACAAATGTTTGCATGCCTCTGAGTGATAGATGCCCCATTATGGAGTGTTACTTGGTAGTTGCAACATCCTCTTGGAAGGCAGAAGAAATCAACATAAGCTAAATTTTCCTCATTACTGTATTGCGTCACCATCTGTCTGCCTAGCTTTCTCAGGCGTCTTTAAATAGGCTTCAGACTGGCCAGTGTCACCAAGCATCCAAGCTTTACAGATGGGGCCTAGATGCTGGGCCAACTGAACTACAGCTGTGTCTAGTACAGGCCAGGACACACTCCTTTTGGCCAATAACTCTTGTTTGGTTTTGATAATGATCTGATAGCATTAATATCTCAAAAGAAGAATTTGTTGTCCTTAGTGGTAGGGTAAGATATACATG,"[[147759298, ""T"", [""C""]], [147759542, ""T"", [""C""]]]",yes,yes,T->C,2
chr3,179735402,179735670,GTCCAGAGCCTGACCTTTTTTTTTTTTTAAAGGAAAAATTATTTAAATTTGCATATATATACAAAAGTAGAGAGCAAAGTATAATGAATCTCTATGTACTTGATGTGCAGCTTCAATAATCATCCTGCAAATCTGGTTCCACCAGTTTCCCTAAACTCTTCACTCTTCTCTTTAATTTCCTTTCTCCTTTTCTCATTTTTTCTCTTCCTCTCCTTTTCCTTCCCTTCAGTATTTTAACATACAATTTAAACATCCTCTTTTTCACCTAT,"[[179735575, ""C"", [""A""]], [179735643, ""A"", [""C""]], [179735659, ""C"", [""T""]]]",yes,yes,C->T,3
chr20,1461948,1462411,GCCCTTTGAGAATCTCATAAAAGCCATGGACTCTCTTGCCACAAAAGATACCTGCTAACATGTACACAAACTTTTGCCTGTAATTTCAGGTATTAATAGAGACTTTCTCACGCTCATTTCATAGATTCCTCCTAGGGTTCTCGGGCTCCATATTAAGAATCCTTATTCTAGAGTTGGGTGTTGCTCTGAGGCAGCAGTGACAACATAAAAGGGTATGTGAGAAGTCAAAAGTGGGGGATGGGAGAGGGCAGCAGCTGGCTAAGTGTCCTGCAACTGCCAGGTCAAAGCAGAGGCAGGCCCCACACAGAATTCCTCTGAGGTGCTAGCACAAGTTTGGTTTTTCCTGAGAATGTAGTCCTAGCATTTGCTTTCCTCCTCAACAAGGACAAACCATGCAACACACTGCGCCCTCCTCCCTCCCTTTTTCTTGTCTTCAGTTCTTTTCTAAGCCTACTACCAAGTCT,"[[1462051, ""C"", [""T""]]]",yes,no,C->T,1
chr5,149131771,149132004,GCAGTGGAATGATCTCGGCTCACTGCAAGCTCCGCCTCCTGGGTTCACGCCATTCTCCTGCCTCACGCCATTCTCCTGCCTCAGCCTCCTGAGTAGCTGGGACTACAAGCGCCCGCCACCACGCCCGGCTAATTTTTTGTACTTTACTTAGTAGAGACAGGGTTTCACCGTGTTAGCTAGGATGGTCTCAATCTCCTGACCTCGTGATCTGCCCGCCTCGGCCTCCCAAAGTGC,"[[149131903, ""C"", [""T""]]]",yes,no,C->T,1
chr1,150422856,150423306,CACGGCCATATGTTAAAAGAGGTGCCCAAATAAGGGAAAGTAGGACTTTCAGATAAGTTGGGAAACTATTTTCTCCAGTACTTATCCAGTTATTTCAGTTCTTTTTATTAAATTTCAGTTTATCTTTTCCATCACAGGTTGGAAATTCCATGGGCTGGAAACCTGGAGATTGTATTTTAGATATACTAGTTATTATTGTAAGAAAATATGTATGTGAGAGGGAGGGGTAAAAATGAAAGTTAAACCAACCTGGTATTTGCCATTTGTGTCCTAGAGGTCCTAGCTAAGGGACAGAAATGCCAGTTTATCTGAATATACATCACCATGAGACTGGAATAGTTGAAACACTAATTTGAAGCACAGGAAAAGTGTCTATGAATGTCAGAGTTGAGTTACACTTGGGAAACTGTGGACTACTCTGCAACCAGCAACGACTTCAATAAGTTATATA,"[[150422864, ""C"", [""T""]], [150423187, ""C"", [""T""]]]",yes,yes,C->T,2
chr16,79949494,79949783,ACACAAAGTCTAATATATAAAATCTATAAGAAGTTTAGACAATTCAACAAGCAAAAAACAAAAACCACATTAAAGAGTGGGCAGAAGACATGAATAGACACATCTCAAAAGAAGAGCTACAGGTGGCCAAAAAACATATGAAAAAATGCTCAACATCACTAACCACTAAAGAAATGCAAATCAAACCCACAATGAGATATCATTTCACACCAGTTAGAACGGCTTTTGTTAAAAAGTCAAAAAAAAACAGACACTGGAGAGGCAGTGAGAAAAGGGAACAGGTATACATA,"[[79949497, ""A"", [""C""]]]",yes,no,A->C,1
chr1,49426565,49426879,AGTGCAAAGTAATTTACTTTCATATTTCAGTTGAGCAATAGCTTCTACTTATTTAATACTTGTTCTGTGCCTGCCCCAGTGCAAAGTAATTTACTTTCATATTTCATTTGACCTTCACAAGAATTCTATGAAGTAGGTACTACTACTTATTTTACAGATGAGGAAACTGAGAGTCAGGAGGATTAAGTAGCCTGACCAGAGTCTACAGAAAGTATTATGTTCAGATCTTCTACCTTTCCTGTGTCCTAGACTATGCTTTATACTCTGAGAAGACGTCATGCTACAGTAGGCTACTATCTAGCTGGAGAAGAAGGA,N,no,no,N,0
chr12,47024485,47024847,TATATATATATTTCTGATATTTAATCAATGATGTGCTGGTAAACTAGTTTGTTAGGAGGAAAAGCCCTGATTTGTACTGTATTTATGGTATAACTACTCCCACTATGTCTCATTTTAAGCTTCCAGCTTGAGGTCACTGAAAAAGGAGTTGGAAAGAAATGCTCGCAATCAGCTCTTCTGAGCTGCTACTACAGCCAGCTCCAGCATGCCACTGCCCACGCATTGGCCAAAGCTCTGTTACAGTGTATGATGGTCAGAGCTAATGTTAGAAAGTAATTTATTATCCTTACTATTATTCTCTTTGTAGCATTGAGACAAAGATACAAGAAAAATATAATATATCCAATAATTATATGATATATA,"[[47024502, ""C"", [""T""]]]",yes,no,C->T,1
chr2,13495112,13495356,TAAAAGATTAGTATTTTGTGTTTGAGGCCATATATCCCCGGCACTAAAATGGCTGCTACAAACAGACAATGACAAAAAAAAAAAAAAAAAAACTTGTGTTCTGATTACATCTTATGACTCATCATTTCTATTCTTATCTCCCACTGAAGCTTCCACTCAATGCTTCAAACACACACACCTCCTTATAGCCAGGCACCCCAGAACTATTAATGATCTTGCATAACGTATGCTAGCCCTCAGCCTAG,"[[13495162, ""A"", [""G""]]]",yes,no,A->G,1
chr20,22070641,22071030,TGCTCCTAGCTGGTGCTGATGCTGCTGGTGCCTGGCTACATTGTGAGTAGCAAGGGCGAGCAAACTAAGTGACCCTCTTTGGTGATCTGCAGAGTCGAGGATGATGCATCTTTCAGGCCTGAGTCAGACTGTCTGAACTCCAGGGGCCCAGGAGCTGCACAGCTGTGTAAGATTAGAAATCTCAGCGCTGAGCAGGATGGGGCTGGGGCCAGTTAATGGCATCATTTCATTGTAGTAACTACAGCAGGCCAGAGCCAATTGCTGTTTAGTCAGCTTTCCCGTGTTTGTTGATTTTGGTATTACTGATTTATTAAAGGAAGAGGAACTGTGTTGGATATCAGAAAAGTGTTAGAAAGAGGAAAGTAGAGTAAATCCAAACCTCTCTCTCTA,"[[22070698, ""A"", [""G""]]]",yes,no,A->G,1
chr3,153876131,153876572,TCTATGTGTCCATGTGTTCTCATCATTTAATTGCCATTTATAAGTAAGAACACGCAGTATTTGGTTTTCTGTTCCTGCACTAGTTTGCTAAGTATACTGGCCTCCAGCTCCATCCATGTTTCTGCAAAGGATGTGATTTCATTCTTTTTCATAGTATTCCCTGGTGTATATGTACCACATTTTCTTTGTTCAGTCTACCATTGATGGGCATCTAAGTTGATTCTGTGTCTTTGCTCTTGTGAATAGTGCTGCAGTGAACATATGTGTGCATGGATCTTTGTAACAGAATGATTTATATTCCTTTGGGTATATACCCAGTAATGGGATTGCTGCGTCAAATGGTAATTCTGTTTTATGTCTTTGAGGAATCTCCACATGTTTTTCCACAAAGGTTGAACTAATTTACACTTCCACCAACAGTGTATAAGTATTCCTTTTTCTC,"[[153876152, ""G"", [""A""]], [153876342, ""T"", [""C""]], [153876483, ""A"", [""T""]]]",yes,yes,G->A,3
chr11,117175823,117176075,CGAGAGGCTGTGGCAGATCGCTTGAAGCCAGGAGTTCAAGACCAGCCTGGGCAATGTATCACGAGTGTTTCTTAATGTTTCAGATTATTTACTGGCAAGATGAGCAGGATTACCATGAAAGAAAAGTCCAGATGGACTGAGGAAATCCTACACTGATTCTCCAAACTTGGCAGCTGACTGCATGGAGGGCTCATGATGAAGAAACCTCTTTTGCCATCCTGAGGATTCTCTGATTCATATTCGCCTAGATGTG,N,no,no,N,0
chr3,74933981,74934192,TTCTCAGGTTTGTCAAAGATCAGATAATTGTAGATATGTGGCGTTATTTCTGAGGGCTCTGTTCTGTTCCATTGATCTATATCTCTGTTTTGGTTACTGTAGCCTTGTAGTATAGTTTGAAGTCAGGTAGTGTGATGCCTCCAGCTTTGTTCTTTTGGCTTAGGATTGACTTGGCGATGTGGGCTCTTTTTTGGTTCCATATGAACTTTAAA,N,no,no,N,0
chr18,59380736,59381168,CAGCAAGCTTGACAAGAAGAACTGAACAGTTGTCAAGGGCAGGAAGGTGAAAAAAGGTGCAAGAGATAAAAATCGAGGAGTCAGGAGCATGGCCACTGGAATCCGGAAGAGAGCACTGTGGACAAAAGGTCAATTTCAGTAACTGGATTCATACGTGGGTGAATCACAGATCACACAGAAACCACTGGGTTCCCTTGCCATTCCATTCAGCGTCGCTTACCTGCATTCTCAAATTGTGCTTCCAACTCTGGGGTTTACACCTGGTAACCTGAAAAACAAAGAACCATGGATTGGTTAGATTTACATATTAACACTTAGGAAGAGAAGTTATTGCATATTCATTCATTTGTTCATGCCCTACTTCCTACTCCCTATCCCCATCCAATCTTCTGGTCACCTACACTACTCACCTCTGGAGAGGCCGTAGAGCAGT,"[[59380748, ""A"", [""C""]], [59381063, ""G"", [""T""]]]",yes,yes,A->C,2
chr1,4378070,4378382,CATGAACAGGCAAAAGGAGCCAACAGGCCTCCTGGCCCCAGAGCTGCATCCAGGTGGGAGCTGTTGACGCCTCAGCTATAAAGGGAGATGGGAGGAGAGGAGGATGAGTCTCTTCCCGTGACCTTGAGAGGTCACGATGCCAGGGCTGGAGGCCATTGTGGCTCACTGTAACATTTCCAGATGTTAATGAATGTTTCAGGAGTGATTGTGAAATTCGCTAAGTGAAATTTATTTCCCTTTGCTCTGACTTTAGAAATGAATGTCCCTTGTCTCAGCAGGACTGGCCCTGCTGTGCCTTGCTGGCTGTAGTGCG,"[[4378137, ""G"", [""C""]]]",yes,no,G->C,1
chr17,40963923,40964304,AAACCATTTGATATAGATCATAACTTAATTATTATTCCCGAATTAGTTTGCTAGGGGGATCTACATTGCTGTTCTTTGAGATATGGGAATTTATTGTCCTTCCTCTGCCCCTAGTGGCAATGCAATGTAAGTGAAGAAAGCACTGGATTAGGGCTCAGAAAACGTGTGTCCAAGGTTCGGTTTTGACTTGTGCTAGTTATGCTTACCTTTGGGTGAGTAACTTAGCCTCACTAAGCCACAGATTTCTCACCTTAAAGAGAGTAACAATATATTAGTCCTATCTATTTTACTGAACTATTGTGTAGGTAATCAAATGGGTTCACAAGTTAGAAACTATAGGTACTGTATACATGTGAGCAGTTATTAATCTTAATCATTCATT,"[[40963962, ""A"", [""G""]], [40964086, ""A"", [""G""]], [40964097, ""T"", [""G""]]]",yes,yes,A->G,3
chr1,106701301,106701635,ACAAAATAAGAAAGAGACAAATCCTCTAGTAATAACAATAGACAAATAATATGACCAAGTATTGTGGGTTAAATTGGATTCAAATCCAATATCTAATGTCCTTAAAAGGCAAGAGTAATTTGGACTCACAGATCCAGAAGGTAGACAGCCATATGAAGAGGGAAGCAGAGATTAGAGTTTGCTTCCACAAGCCAAAGAATGCCTGGGGCTAAGAGAAGCCGGAAAAGGCCAGGAAGGATCCTACACTAGAGGCTTCTGGCCTCCAGAAGAATGAAGCAATACATTTCTGTTGATTTAAGCCCCCCAGTTGCAGTAATCTCTTATGGTAGTCCTCA,"[[106701464, ""G"", [""A""]], [106701520, ""T"", [""C""]]]",yes,yes,G->A,2
chr21,36237484,36237842,TGACATCCATTCGGTCGAAGTCTTTCTGGGGCTGAGTGGACATCGTGATTAATAAAATAAGCAGAGGTGTTCTAGGATTTCAGTACTGGAAGGCCACTAGAAGCATGAGCCATTCTTTTTACAGCCCTGGAAATGTGTTTTGTGACCATATTGAGGCTCACCAGGGAAACCTACCCAAACTTGCTGGAAGGACTTGCAGGGCTTCTGCAGGTGTTGGCAAAATAGGCAGTTGTAGGGAATTTATTGTCCCTTTAAGAACTTATTGAAGCAGGGCGTGGTGGCTCACACCCGTAATCCCAGCATTTTGGGAGGCTGAGGTGGGAGAAATTGAGGCCAGGAGTTCAAGACCTGCCTGGGCA,"[[36237621, ""G"", [""T""]], [36237656, ""G"", [""A""]]]",yes,yes,G->A,2
chr15,46725019,46725317,TGTTCAGCCAATAAATGGACAAAAATTCTTCTTAAATGCCTTGAACCAGTAAGGCTTCTCTGCTAATGGAGCTGTCTTTAGGCAAAGGTGTGCATTTAAACTTCAGCTTATCTTGAAATGTGCTCCGAGTTTTACTTGAAGCTGGGCTTTTGTGAGCCTCTTATCACATGTCTTCAGTTTCAGTATTGGATAGGGGTGTGTTTGAATAGCTTGGTCTTTTATTTCTGGGCTGTGCATGCATATCCCAACCACTCCCACAATCTCAGCCTAATAGATCTGAACCATTGGCTCCTCTGAAT,N,no,no,N,0
chrX,138270074,138270314,GATAAAGGAAAATTACAGTCAAAGGGGGGTTCTCTGGTGGGCAGAGTGGGGGTCACAAGGTGCTCAGTAGGGGAGCTTTTGAGCCAGGATGAGCCAGGAGAAGGAATTTCACAAGACAATTTCATCAGTTAAGGCAGGAAGAGGCCATTTTCACTTCTCTTGTGGTGGAATGTCATCAGTTAAGGCAGGAACCGGCCATCTGGATGTGTACATGCAGGTCACAGGGGATATGATGGCTTAG,N,no,no,N,0
chr16,74122000,74122321,GCTGATTAGATGGTGCCCACCCAGATTAAGACTGGGTCTGCCTTTCCCAGCCCCACTGACTCAAATGTTAATCTCCTTTGGCAACACCCTCGGGACACACCCAGGATCAATACTTTGCATTCTTCAATCCAATCAAGTTGACACTCAGTATTAATCATCACACCATGTATGCTGCTATAACAAGATATCTGAGACTGGGTAATTTACAAAGAACAGAAACTTATTTTCTCATAATTCTGGAGACCGCGAAGTCCAAGATCAAGGCACCAGCATGCTCCGTTGTCTGGTGGGGGCTGTTCTCTGTTTCTAAGGTGGTGCCTTG,"[[74122031, ""G"", [""C""]]]",yes,no,G->C,1
chr8,27016191,27016632,ACAGAGAAGCTGATGAAAGTGGTACTCCCCACTCCACCCTAAACCAATATTTTTCTTGTCCCCTTTGGGTGGCCTGTGTCCTTAGTCTAACACCATCGGGGTCTTTATAGGCTTTGAGCTCGTTAACCTTTCACTCTCACTGAGAATCCCCTAACTGATCCTCAGGAGGCACATGGTGTTTGCCTCAGGCAAGCTCAGAGCTTCTGCAGACACTTTGTAAGACAACCTGGCAGGCTTTTCCCATTAGCAGCAGGGCCTGGGTTCACACCTCCCACCCCCGCGACTGATTGTATATCCTCTTTCCCACGTGTTCTGTCTTTTCTTCAGAGAACTGGAATCTCTCATGATCTTGGATTTTCTAGTGAGGTTATTCCATAAGCAGGCATCCCTGAGTTGACTATGAACATGTACCTCTGGTTACCTATGCATTGCAGTCATTTCT,"[[27016341, ""G"", [""C""]]]",yes,no,G->C,1
chr2,34821548,34821820,TGAAACAATTCTTTTGTCCAAGTGAGCTTACTGTTTCTCAATCCTGTCTGTTCCTTTGAAATGAAGAATTGATTAGCACCATCTGTTGTGCTCATCTCTGCTTTTGCATCGATCTAATGCCTCTCCCTTCACCCCAGTCTCACCCAAAACCTCCAGAGTGGCAAGTGATCTTCTGATCATACCAATTTGTACCTCTAGTCTTATCTTCTCACAGAGGCCCTATCACATGACATCAAAATTGTGGAGGGGTGTGTAGACGAGCAAGTTTATATC,"[[34821593, ""A"", [""G""]]]",yes,no,A->G,1
chr21,36530414,36530655,TGCCTTAAACCAGCTCACATGCCCCACCTCAGGCAGGTCAACCAGCTTTTACTGAACACCTGCTATGTGCAGGGCAGACCAATAGGCATAAAGGAGGTCTCTGTCTTTCTAGAGATAGTCTGGTAGATGAGACAGATGTGGAAACTAATAAATCTAACAAAGGGCAGAGGCCATGTGATAACAAAGACAGTAAGTGAAACCCAAGCCACAACAGATACAAGCATAGGTTGAGGGGATCATGG,N,no,no,N,0
chr14,95102302,95102597,GCTACCAGATTAATCATTTTAAACTACCACTTTATTAACATGAATAGTTCCTTGCTCTAAATTCCTTCAACAGTGCCTACAACATTCAAAACACGTGCAAACTCCTTAGCCCAGCATTCAAGGCCTTCCACGATACAGCTTCACCCCAGCTGCCTTTTCAAGCCTTTTCTCAGGTATTTCCACACTTCTGACTGCTGCCACGGCTGCTTCCCTGACGCTGACATGCTCTGCCATCTGTTCACTTTGCTTATGCACTGTCAACTTGCCTCCTCCATTAATGCCATCCTTGATTCAAC,"[[95102343, ""T"", [""G""]]]",yes,no,T->G,1
chr8,122074535,122074991,TCCTGAGGCTGTGTCACGGGTGCGTGTCCTCAAATCTTAGCAAAATAAACTTTGTACCTTGAAGGGACGTAGCAACGAATGTATCTCCAATTTATAGAAGGAGAAGTTGAGGCAATGATGGAATTCACCCAGCCTCCAACGATCACCCCAAATAGTTAGAAACTGGCTTCCCCACAAATTTCCCCTCTCTCTATTGACACATATAATTTAATAAATATCAACACACAGACTTCTAATCTCCTATTATCAGATTTCCTCATTCCCATGCAAAAAGGTGTTTTCCCAGTGAAGTTCTCTGGGAGTTTCAGAGTTTTGAAACCAAGTCAACTGTCAGAAAGCTTTTTCAAATAGCTTTCTGACAAATTGAGATTATATTTAGAAGTTTACAGATACAGTGAGGCTCTGCTATTTTAACTCTTCAGATTGAGGCTGAACAATTCTTTTTATGTTGGAGAGG,"[[122074588, ""C"", [""G""]], [122074600, ""C"", [""G""]], [122074715, ""C"", [""T""]], [122074956, ""A"", [""G""]]]",yes,yes,A->G,4
chr16,5851105,5851499,CGGTGCTGTGGACTTACCCTCACAATCAGCCCAAAATTCTGGGTTGTGAAGCCAGACCCTATGACGGTAGTAACTCTCCCGCTAGTTATTATCATGGTTGTACCTTGTATTCCACACAGAGCAGGAAGGATATCAGTGTGCATTCAGCTTGGTGTTACTGATCACGTCCTATCTGGAGACAAGATGCTCTGCCCAGTGTGCAGTGGGTGCTTTTCGTTTATCCTGCAAAGGCCACACTGGAGGTTCATTTCACCGTCATCTTGCATTTTGTCTGAAGACCTTTTCCCTAGACCGCCTCTCTCTGCATCCCTCCTCCTTAATTTTCCTCTGTGTGTTTTCCAAGGCATTCTCTGCACTGCCAGGGACGGCCTAAGATTTACCAGCCCTGCCGAAGA,"[[5851106, ""T"", [""G""]]]",yes,no,T->G,1
chr8,133155858,133156062,TGCTGTATATCATGAGCTGTTTCAGTTTTTCACTAAAATATCTGTGAAGCCATTGACGATGAAATTGAAAGAGAAACTTAAGAAAGAAAATCTGGCCGGGCACTATGGCTCACGCCTGTAATCCCAGCACTTTGGGAGGGCAAGGCAGGTGGATCACCTGAGGTCGGGAGTTCATGACTAGCCTGACCAACATGGTGAAACCCCA,"[[133155939, ""A"", [""G""]]]",yes,no,A->G,1
chrX,133528977,133529220,TATATATACATATATACATATATACACGTATATACGTATATATATACATATATACATATATACGTGTATATATATACATATATACATATATACACGTATATACGTATATATATACATATATACATATATACGTGTATATATATACATATATACACGTATATACGTGTATATATATACATATATACATATATACACGTATATACGTGTATATATATACGTATATACGTGTATATATACACGTATA,N,no,no,N,0
chr1,173672710,173672970,GGTTAGAAACAGACAGGAAATTCATGGCAAGAGTGTGGCCTAGATGCAGCAGAAAGACTCCCATGACACCCTCTCTTAGCCACACCCCCTGCAAGCTTGACCTGAGAGTATTGGAAAGAGCCACTGGATTTGAAGGGGCCGAGTGCCCATGTGTAAGACACATCTCAGCAATAACCTGTGGGTATTAATGATGGAGGTCCAGATAAGACAGTGAAGGCCTGGTGAACAGACAGCTTAAGCAGCAAATGATTAAGCACTATT,"[[173672728, ""G"", [""A""]]]",yes,no,G->A,1
chr7,158416354,158416616,ACACAGTCCAGATTTCAATTACATGGCATGTTAACCGAGTAACTACATAAAGTACAAAGTGTGCTGCCAGGTGTAGGCAACAAACCACCACATGTTAACAGCCATGTGGGATTGGTGGCTGCATGGGGATTGGCCAGGGTGCCTGTCACTCAGCTCAGCACAGACAGCAAAGCATGGAGCTGTGTGGCCACATCATCTCCCAGGGAGAAACCAAACAACATTTCGCAGAAGTGAATTATCAGAAGAAAGAACAGACAAACAAA,N,no,no,N,0
chr15,87224405,87224776,ACTCCTGCAGACTGCTTTTGCAACCCTGAAAGAGAAAATGAGGACTTGGCTTTGTTTCTTCTTAGTCCTATGCCATAAGGCAACGTGCCTAATTTTGCCCTCTATAGGGTGAAGCGCTGTAAGAAAGGAGTCAGCTGACACAGTGTCCCTCACAGCAGAAGCATCTTTGCTCAGTCCAGTGGGGACCGTGGTTTGGCTGCAGTGTGGGAGGTAATGTTCATAGCATTGCTCACATGGAAACCAGCCCTGCTTTTTAATAGCTTCCTCTTGGATTTAAATTTGGTCTAGACCTTGTTATCCATTTCCAAGTGTTCACACCTGTTTTTACTCTTAGACAATGTCTTTATTCCTCCTTTATTCTGTAACCTACAA,"[[87224548, ""G"", [""T""]], [87224550, ""A"", [""T""]], [87224552, ""A"", [""C""]]]",yes,yes,A->T,3
chr3,149058650,149059036,CTTTTCCTTATGACCTTTTGTGTCTTACTAAAGAGATCACTATCTACCACAAGGACAATCAGGATTATGGCTTCTGTCTCCATTCACAGAGTTTTGATTCTATTCTGCTTCTCTTTCAAAGATATACTTAGTTTGGTTAAAACCAAAATGACACACAGCTGTGACTTTGAAAATATTCTCTCTTGTATCACAGCTATGCATCTGCAACTGAAAGTGGTTTCTAATGTGTAATTTAATTCTATCTCAACCGAAATTTCCACATTTCTTTAAATTTCTAAAATTAGGGTAAAGAATAATCCACCCAACATGCCTATATTTTCTATTCCTAATTATCTGATTCTTGGACCAAAAGTCGGCTCTTTCTCATGAGTCTATGTTAGCTTCATA,"[[149058746, ""T"", [""A""]], [149058824, ""G"", [""A""]]]",yes,yes,G->A,2
chr3,124927827,124928116,TATGGGGGGAGCAGGTGAAGTAGCTGTTGGGAAAGAAGGTGTATTTGCTGTGGTGCTAGCAGTTTCAGGGAAATTAGTTTCAGTGGTATCAGCTGCAGCTACTGTAGGACCACTAGTCGCAGTTTCTGTGGTTGTTACAGCATCAGCTGAGTTGCCTTGGTTGGTGGCTGGAGGAACAAAGATACCAAGTTTGAGGAGACAGTACATTGAATAACTAATGGCAGTTACTTAATACTAAATCATATCCAACTCATTCTTTTTTTTTTTTTTTTAGAGGTAGGGTTTCCCCA,N,no,no,N,0
chr9,110393759,110394064,GCTAGAACAGCAGTCTGACATCAAACTGCAAGGCAGCAGCGACGCTGGGGGAGGGGTGCCCACCATTGCCGAGACTTGATTAGGTAAACAAAGCAGCCAGGAAGCTTGAACTGGGTGGAGCCCACCACAGCTCAAGGAGGCATGCCTGCCTCTGTAGGCTCCACCTCTGGGGGCAGGGCACAGACAAACAAAAAGACGGCAGTAACTCTGAAGACTTAAATGTCCCTGTCTGACAGCTTTGAAGAGAATAATGGTTCTCCCAGCACGCAGCTTGAGATCTGACAACAGGCAGACTGCCTCCTCAAG,"[[110393801, ""G"", [""C""]]]",yes,no,G->C,1
chr14,67373409,67373664,ACCAATTTAATAGATGTGAAAGGGCATTTGACAAAATTTGTCACCCATTCATAATAAGTCAGCAAACAAGAACTAAAAGGGAATTTCCTAATCTGATAAAGAGTGTCTAGAAAAACACCACAGACATGCCGTCCTCCAGTATTGAGAACAAGACATTCACTCTCACCACTGTTACTCAGCATTGTACTGGAAGTCATTGCCAGGCACAGGTTTGTAGGTTTCAGCCATTTTTGGCTATTTGACGTTGACAAGTTAC,"[[67373538, ""T"", [""C""]]]",yes,no,T->C,1
chr1,107663026,107663302,AAATATGTTGAAGAATTTATGTTTTAAGAATATATGCGGTAAATCCACATTCTTGTATAAACCAAAAAACATATTTAAGACTGGAATATTGTGTTACTCTAGTTCATCTGGTTAGTCAGGATTAATTGGAAACATCTGAGGGTGATAACTACCTAATGCAAAGTGTATTCAGTAACTTAAAAATATACTTTCCCTTTGCAGATATTCAAATGGAATTCTAAGATACAGACTTCTACACTGTTTTACAGGCTTGTGTAAATCTGGGTCATTAAAATAA,"[[107663096, ""G"", [""A""]], [107663174, ""T"", [""C""]]]",yes,yes,T->C,2
chr3,12875051,12875412,GGCCCACGACCCCTGCCTGGCTGCAGACAACATCAGAAGGGTGTCCATGTAGTGGGGGCCCCAGAACAATGTCTGCATGGAAAGGGCCCAAGGAGCTGGAGCCCTTTAGCCTCAAGAAGAGCATGAGGCACCCAGCACCCTTCTGAAACCTAAACCAAATTCTGGCCTGAGCCATTTTCACCGTCTGTGCCCTAGAAGGTTGTGAGGCCTCGAAGTGGGTCTTCCTGTTTCCCTGTCTTCTGAGGCCCAGGCCTTTCTCAGAGCCTCCATGGGTCCCACCCCTGTACCCATCACATGGTGTCTGGGCCCTGCCTGCCTGGCTCACACCCCTCACCCTGCTGCCCTATTTCCATCCCTGAAAC,"[[12875137, ""T"", [""C""]]]",yes,no,T->C,1
chr10,49923511,49923796,AGGAAGTGGTACAGTAGGTAGCCAGTCAGACATGAGCAGGGCAGGACAGGGCCCCTACCACTACCAGGAATGTCAGACAACCCTCAAGTGATGCACAGGGAGTTGTGAAACTGCCTCTGTAAAATAATTGGAAGCAGCCGGCGCCAGGGAAAGGAGTCACCCAATAGATAGAAAAATCTGAAATTGGTGATCAGCAGCTTCCTGTTAAGATCTTAGGAGTTGGGCAAGTCAGCTCCAGCATGTGTACTAGGGAGCAAAATGGCAAAGTTTAACTGGTATATGACCT,N,no,no,N,0
chr3,190144580,190144920,ATAACTGCATATATGTCTCCTGTCAGGCCTCTGAGCCCAAGCTAAGCCATCATATCCCCTGTGACCTGCACGTACACATCCAGATGGCCGGTTCCTGCCTTAACTGATGACATTCCACCACAAAAGAAGTGAAAATGGTCTGTTCCTGCCTTAACTGATGACATTGTCTTGTGAAATTCCTTCTCCTGGCTCATCCTGGCTCAAAAGCTCCCCCACTGAGTACCTTGTGATCCCCACTCCTGCCCAACAGAAAACAACCCCCTTTGATGGTAATTTTCCTTTATCTACCCAAATCCTATAAAACGGCCCCACCCCATCTCCCTTTGCTGACTCTCTTTTCA,"[[190144826, ""C"", [""A""]], [190144847, ""G"", [""T""]], [190144920, ""G"", [""A""]]]",yes,yes,G->A,3
chr5,74051062,74051513,TCTACTGACCTTCATTAAGGACAAAGAACATTTTAATGGATGAAGCCTTCACCTTTAATAAGCCTTTACTCTGTTATTTCCTATGGAACCATGCATTAGGTTAACAAAACAATGGTAGCTGGCTAATGACAGAGCTGTGGTCAGAACCCCAGGGATAGCCTATGTCACTATTAGCGCCTCAAGGCAAAATGTCACTTGGGCCACCTCTTCCAATCCAATCAAGAAGACTTTGACCTATAATTGCATTCAGAGAGTTCAAGAGCTCAAGAGGTTACAGATGGGGTGAGCGGGCCCATGCTTTGCATCATCAGATCAGCTTGAGGAAAGAATGTATGAGAGCATAAACAGGGACCGATATGGGCAAGGGGAAGGCATATTTGTTTCCTGTTTGCAAATGATATTTGGAAACAAAACAAATATTCCTGTTTATCATTGACTACTTAGGAGAGGTA,"[[74051161, ""A"", [""G""]], [74051415, ""A"", [""G""]]]",yes,yes,A->G,2
chr1,29458053,29458326,CTTGCTACCCCTCTCCTGACTGGGTACTGCGACGGGCCCAGGGCAAGAAGCTGCACAGCTGCTGGGCTGGCGGGCTCAGCGATGCTGCAGACACAGGCAGCAGGGACCCAACAGCCTGTGAGCAAAACCCTTAGGGAGGTGGGATGTGATCAGTGCCAGGGCTGGACTGCACATTAGACTGAAAGCTGCTCCATATTTCCATGATTCTGAGTGGGGTTTTGAGAGGAGATGGGCAGAGTCTGAGCACTGGGGCTGGATGGGGGCTGTGAAAGGA,"[[29458225, ""G"", [""A""]]]",yes,no,G->A,1
chr3,192658242,192658500,TAAACCGGACCAATGCCTTAGCAGGCTGAAAGCTGATACTGAACCTGCCAGTGGTCAGGTACCCAGAACTTGGCATATCAGACTGCTGCATTGCTTCTGTAGCTCATCACTTGCCTCTTTCAACTCAAGATCAGCTGCTGGCTTGTGAGAACGTTCCCTTGGGTACCTAAATGCTGCTACCAGCAGTTTTATTACTTCTGCCATGACTTTCTGAAGCTGAGCAAGCTGCAGCCTCTGCACGAAGATCCTCATGGAGAGC,"[[192658253, ""C"", [""A""]]]",yes,no,C->A,1
chr2,225842982,225843379,TAATTTTTTACTGTAATCTTTATAAACACAAAAGCTTGAATTTCACTAATTCCAAGAAAGCAGAGCAGGGGTGGGTATTGGGGTCATGGTTTGTACCTGACACAAAACAAACTTTTTAATTGTATCTAATCAGAAACAGATTTTGTTTTGAATTCCGATGTTAAATCCAGCAGTTCACATTGAGAAATCTGTGCAGAGGCACCACAGATTTCTCTATTAGTCATTCATGCTGCTTTGTTCATGTCACTGTGACCCTGCAAAGAACACAGTGTCCTTAGAAACATTAAAATAATGTTCTAGGTGAACCTCATAAAGTACATTAAAGTTATAACTTTATCCTGTTTAAAGGACTGCAAATTTACTAAAAGATAGAAAAAAGTCTTTTTAATATATAATCT,N,no,no,N,0
chr4,107221059,107221327,GTTTATCTTCTGAAGCAACTGACCCCATCTCATGAAATGTTCGCAGCAAATATGTACTATGTTTAGTTAGTGTTGTGAAATTTCTGTTTTTGCAATTTGTTGGGATGCTGAGTGTTAGTCAAATGGATTTTATTTGGAAATTAAAAGCAAATTTCATAGGCTACTTGCTTTGCAGCTGAAGAATCTGGGTCAGTCAGTCAGAAAAACATGAGCTTTTTTTCCCATGGCTTTGAGGTAAGCACTGTGGGTTTCCTAGAAGGATTCTGCCC,"[[107221100, ""T"", [""C""]], [107221155, ""A"", [""T""]]]",yes,yes,T->C,2
chr2,141968429,141968665,TTTTTTTTGCTTGCAATCCCCAACCCTGGCTAACTTGGCTTTCTAGAGCCCATAGGCCTCATGGCACATGTAAATATGCAAAATAAGAAATTACCTAAGACATGATTTTATGACTGCTGTACATGACTCATTTATCCTGACGTGTATTTCTATTCTAAGCACAGAGTACACATGAAAAAAAAGTGAGTTTCCAAATTGTAGAAATATTCTAAGTGAAAGTGAATGATACAGTTGCAA,N,no,no,N,0
chr3,112449015,112449343,TCCTCTGAATTAGTTGAGAAGTAAAACTTTCTGTGCTTTTTTTTCCCCTCAATAGGGACTTCTATTCATACTTCCTTTCAAGACTTGAGAGTAAGATCACAGCAATGAAGAAGAATAATAATGAATGAGCAGTTACCCAGTAATCTGGCATTGCAAGCAAATAAGTTATTCATAAGATAAAAGCTCACACCACAGGTTACCACACATTACTAACCAAGAGAGATATTCAAGCAATGCTTCGAAAGATAATTTCAATGTTTTCTCCATTCTAAGAGTTTGGCTTAGGAGTTTGTAGGATTTTTTTAAAGGCATAATATAAAGAAAATAAA,"[[112449076, ""T"", [""C""]], [112449125, ""G"", [""A""]], [112449204, ""T"", [""C""]]]",yes,yes,G->A,3
chr6,89660810,89661268,CCAGCTCACATCTTTCTGTCTGATTAAGCAGCAGCAGGAATGGGGCCCTCTGTTACAGGGGCACGTCCAACACAATGCTTTCAACTAATACCAGATAACACTCCCTAAAGGATTCACTAGGGTTGAAAAATGGACAACAAAGGCACGAAATACTGTCATATGCCATGCGATTTCTCTTGGGATTATTTAGTCTCATTCCTCACTACACATGACAATCAATAACTGAAACCATCATTTCCCTAAAAAAGCTATAACTGGACTCCACGACAGCTTGGTATACCCAGACTGCACAGCGTTTACACCATCCCATGAGATGGGATACACAGTAATGGCTGTGAAGAGACAGTGCTGTGTGTGAAGCACCACCAGGGCATAGCAGTGCCAAAAGCGAGAATAGGACATGACAGTAGTTTGAGAAATACCTGCTGGTTGATGAGCTGTAGGGATAATCACATGAGA,"[[89660874, ""C"", [""G""]]]",yes,no,C->G,1
chr9,26066188,26066530,GAAGATTGCACACCTAGGAGGTGAGATGAGAGAGCTATTCTGTAAAAGTGTCCAGCAGATGTACTGCAGTAATTCCCACTGTATTCATCATTTACTGAATTGCTCACACACCAGAGGTATAATCCAATGTAAATGATCTCATCACCCATCAGTATGAGGGCTCAAAAATTCAGCTTGGCCTCAAGCTAAAACTTGACATTTCAAGGTTTTCAAATCCACAGTAAGTAAGCAGTATGTTGATGACTTCCAAACGTCTCTTCTGAAACAGCACCAGCTTTTGAGAAATGCAGGTGTTTGGGATCTAGAAATAGAAGTGGCCAGCTGCCCTTGAGGTGCTTGGGGC,"[[26066229, ""A"", [""G""]]]",yes,no,A->G,1
chr9,42440309,42440590,TGCTCAGGAAAGTTTCTAAAGCATTTTTCTTTACCAAGTTTTGGAAAAAAGGTGTAGAATATGGATGCGGACCACTGGCCTGCATTCTGAATCCAATCAATTTAAAGAGAGCTTCAACCACTGTAAAACTCAATGCATCTACATAAATGGAAATCAATTGAATTGATTTTTGACAGACTTGCTCCACTGCCTTCAATTCAAAATCTGCTTATACATAGTGTTCCAGAACAAAATCATTACCATGTACAACAGAAATACTGTTTTATTAAAAGCATAAAGGTT,"[[42440311, ""T"", [""C""]]]",yes,no,T->C,1
chr10,32226054,32226348,ACAAAACAAAACAAAAACAAAACAAAACAAAAGTCCTCAGCTGTCACCAGCCACGCCCACCCTGGGGTGAAGAATGCCCAGATTCTGACCGAGTTGGGCTTTGGGAATAAGAGAGGAGAACAGGGGCAGCCAGTTCTTTGTAACAATTCTCAACAAATTGGCCTTTTTCCTTTCCTAAGGGCTTAGTGCTGACGTTGATACATTTGATACATGTAACTACATTAGGGAAAATTAAAGCAGGCTGTGTTTAATTCTGGCTAATTTAAAAGTTGTTCTGAAGTTAAAATGTATCTTT,"[[32226086, ""A"", [""G""]]]",yes,no,A->G,1
chr16,7834635,7835006,CCCCAAGACTGCATTCATCAGGTGTACCTCTTTTGTGCCCTCCCAGCACTGAATATTTATTTCCCACCCAAGTTGAGTAAAAATTGCCCGTGTTCTAGTCTATCTCTCCTACTAGATTCTGAGGTTCTCCAGGGCCGGGGCCCCTTCTGGTTTCCAGCTGAGCCCCAACTTACAGTACATTGCCAGGTGCTTTGCAGGGGTGCAGTCAATGCTTGTTGGATTGAATGCTGAATCTCTCCTCTCACAAACGAAAATGTAACATCAGTGGCCCAGATTTTTCTCCTCCCAAGAGTGTTGGTGTTAATAGGGCTTTCACTAATGCCACTATGACATGTTCTTTGCATAGGGCTTGTTGGAAAATTAGATCGGGTG,"[[7834723, ""T"", [""C""]], [7835002, ""A"", [""G""]]]",yes,yes,A->G,2
chr7,34635522,34635805,TCTGGATTGAGCAGACCTAATAGACATCTCCACCCCAAATTAACAGAATATACCTTCTTCTCAGCACTTCATGGCACTTATTCTAAAATTGACCACATAATTGGAAGTGAAACACTCCTCAGCAAATGCAAAAGAACGGAAATCATAACAGTCTCTCAGACCACAGTGCAATCAAATTAGAACCCAAGATTAAGAAACTCATTCAAAACTGCACAACCACAAGGAAACTGAACAACCTGCCCCTGAATGACTACTGGGTACATAATGAAATCAAGGCAGAAATA,"[[34635589, ""C"", [""T""]]]",yes,no,C->T,1
chr3,151570347,151570569,ACCAACAGTGTAAAAGTGTTCCTATTTCTCCACATCCCCTCCAGCACCTGTTGTTTCCTGTCTTTTTAATGATCGCCATTCTAACCGGTGTGAGATGGTATCTCATTGTGGTTTTGATTTGCATTTCTCTGATGGCCAGTGATGATGAGCATTTTTTCATGTGTCTGTTGGCTGTATAAATGTCTTCTTTTGAAAAGTGTCTGTTCATATCCTTTACTCACTT,"[[151570562, ""G"", [""A""]]]",yes,no,G->A,1
chr3,106215039,106215397,GATAGAGCTGTGTTGAAGTTCTGTTCTGATTCTCTCATTTCTATCTGCTTCAGCAGATCTTCAATGTTGGCACCCAGGTAAACTTTTTCTCTGGCTTCTACAACCTACAGCTTAATTCTGTGGGTTAGGGCTTGTTTCATCCCTGTGGGTGAACATTTGCTATGCTGAGCTCTTTGGTTTCTCTTCAGGGAACATATCTGTGGGCTACACTCATAGTGAGGATGACTCAGGGCCTGCTGTGGCCTTGGAGAATGAGACCCTAAGAGAGAGAGTGTTCTTCGAAGCCCTATCACTAAAAAGTTGCAAATGAGGATGACATTTGAATGGTACTGAATGAGATACAAGAAAAAGGAGTTTAG,"[[106215126, ""C"", [""T""]]]",yes,no,C->T,1
chr3,185087367,185087813,TATCCATGTTCACAGCAACATCACTGGCAATATGCAAAAGCTGGAAGCAACACAAGTGTCCATGATGGATGAACAGATAAACAAGAGGTCATATACACGTAAAATATATTAGCCTTTAAAAGGAAGGAAATCCTGACCCATGCTACAACTAGATGAACCTTGAGGACACTATGCTAAGGGAAATAAGCCTGTCACAGTAAGACAAATACTCTGATTCCACTTGCTTGATGTATCTAAAGTAGTCAACTCATAGAAACCGAAAGCAAGAGTGGTGTTTGCCAGGGACTGGGCATACGGGGGGATGGGGAGTTGTTGTTTAATGGGTAGAGTTTGAGTTTTACAAGATGAAAAGAGATGTGGAGATGGATGGTAGTGATGGTTGCACAATATAAATGGACTTAACACCACTGAACTGTACACTTAAAAATGGTTAAGATGGTAATTATG,"[[185087384, ""G"", [""A""]]]",yes,no,G->A,1
chr8,57777607,57777948,CCTTGCTGCTTTGTGAAACCTTAGGACTTGGTGCCCTGCATCCCAGCCGTGGTAAAAGGGGATAACACACAGATCAAGCCATTGCTCCAGAGGGTGCAAGCCCCAAGCCTTGGCAGCTTACACATGGTGTTGGGCCTATGGGTGCACAGAAATTAAGAATTGAGGTTTGAGAACCTCCACCTAGACTTCAGAGGATGTATAGAAACACCTGGATGTCCAGGCAGAAGTTTGCTGCATGGGTGGAGCCCACATGGGTAACCTCTGTTAGGGTGGTATGGAAGGGAAATGATGGGTCAGAGCCCCCACACAGAGTTTCCACTGCGTCACTGCCTAGTGGAGCTG,"[[57777655, ""A"", [""G""]]]",yes,no,A->G,1
chr4,21780161,21780580,CACAGAACAGGAGAAGGGGATAAGATTCTGGAAGCAGGAAATTGTGAGGATGTGTGGAATCTGATGTTGTCACCTGAGCTTTGCAGGCAGTACAACACCAGGAAGCAATATGATTTGCTTGTCCAACTCCCAAAGGGTCAAAAATTCCCCATGCCACCTGGAAGTGGTAGGGAAAGGGACTAAAAATAAACAGTTTGCTTGAAAGTCCCATGAATAATCAGCAAGGCCCATTCCATATGCTCCTACTCATGACAGCTGGGTGACCCACCACCTCCACCACTCTCAACTGCCAAAGACTTGTGAGCTATTTTTTTGGAGAGGGTGAAACTGATGGTTTCAGGACTAGAGGAAACCACATGCATTTGAGGGAAGGGTACCATGCTAAACATAAGGGGGACTCAGAGGAAGTTATTTCCTGAA,"[[21780282, ""C"", [""T""]]]",yes,no,C->T,1
chr3,114207832,114208161,GGTGAATGTTAATGACTCATTTCTAATAGATATAATATATCAAAAGGGATGGGATGCCGCTTCTGAGATTAGGAAGTGAAAGATTGTGGCTTGCATCGTGCTTGCTCTTTTTCATTCTCTCGCTTGTTAACTCTGAGGGAAGCTAGTTGCCACATTGTGAGCAACATGATAGAGAGACCCATGTGTCAATCAACTGAAGGAGTCCTCTGGCCATCCAACAGCCAGTGAAGACGTGAGGTGTTCAGTCCAGAAAACTGTGAGGAACTGAATTTTACCAACTATGTGAGGAGCTTAGAAATCAGTCCTCCCTTAGTTAAACCATCACATCAG,N,no,no,N,0
chr21,6363586,6363808,AGCAACCACTCATGTCAGGTTCTGTATGGCTGGCACAGGTTAAACAGCCACAGCGGCCCAGTGGACATCATGAGGTTTCACCTTCCCTGACTCATCTATGAACCAGGACCAGTCATATAGGAAACACTCAGTAAATTGGGGGCCCCACAGAGACAGCAGCTTTGCTTCAGAGGATAGAAGGAGGCACAAAATTTCAACCAGCTGGGGATGCCCTAGCCCTCTA,N,no,no,N,0
chr6,28931830,28932148,TCAAAATAAATTTTAAAAAATTTCTGTAGTCACAGCATCAATGACTTGTCTTTCCCAGCCAGCAAAGCCCTGTGTTTTGCTCTTATTGATTGGACTAATCCCTGTGGACAGAGAAATTCATGTGCCAGTTGGCTTAGGTTTGGTTTTACTACCTATTCCTGAACCAATTACTATGGCAAGGGGACTGAGATAATGCTCACTGGTCTATGCATCAAGACCCACTGAAAAATGTAATTGTCATTAGTCATCTAAATATAATTTATTTTTGAATTGGTTATGTGCTTCCCAACATTTAGCTATATTCTATTTCCTGGGGATA,"[[28931856, ""C"", [""T""]]]",yes,no,C->T,1
chr3,184700811,184701061,GGTCAAAGCCTTGGTAAAATAACCAATTTCTCCAATTGTGTCCTGTTACAAAAGAAAACAGATTCTTTTTGTACTTATGCAATTAACCATACTGCCATAAATTGAGAATGTTCACAAATAGTTACCAAATTCTGGAGAAATTAGGTAGAGAAGAGCAAATACGCTCCAAATTTTGTTCACAGGAGTACATTTTATTCACTTGTTAAAAGTTGCAAATAGCTCTAAAGAAATAAGTTCTCTTGACTCTGAAA,"[[184700882, ""C"", [""T""]], [184701005, ""C"", [""T""]]]",yes,yes,C->T,2
chr1,170201657,170201940,TCTTGCTGCATTACAACATAGCAGAAGGCATCACATGGTGAGAGAACATGACATTGAACACAAGATTGAATTCACAGCCTCAAGTCCTTCTATAATTGGCATTAATCCATTTATGAGCGCAGGAGTCCTCTTGGGAGTCCTCATTATTTAAACACATCCCGTTAAGCTCCACCTCCCACCACTGTTGCACTTGGGATTAAGTTTCCAACACATGCCTTTTGGGGGACACATTTAAACCATTGCAGTTGCCTTTAAATCTTTTCCTTGATGTCACCATGCTCACT,N,no,no,N,0
chr18,8330624,8330917,CCAAACCCCTCCATTCTGAAGGCTGCCGTTCATTTTTTTTTTTTTTTGTCCTCGATTGCCGTCTCTCTGTTCCCCTCTTTACAGCATGCGCAAGTACCCAAGCTCAGTTTCTGAGCGTTCTCTTTGGAGACCGACACTGATGAATGCTCTGTACCTCCGCCAGCAGGATGTTTCTGTGCTGTGGACATCTGTCATGTTCCTTCCTTCCGAGGCCACAGCACTTTCTCCTGCGCCTCTTTTCAGCTCCCCATGCATGCCGCCATTCGGTCTGTCCCAGGGATCAGGGACTGAAGG,"[[8330676, ""T"", [""C""]], [8330794, ""C"", [""T""]], [8330864, ""T"", [""C""]]]",yes,yes,T->C,3
chr17,81207688,81207893,GCCACCCTCTTCCCTGTGAACCAAGAGCCACACCTGCTGCTGCTCAGAGCAGAAGGGGAAGCACAGCTGGAAGGCATGGGCTGGTGGCCAATCCCCACTGCCACCCTGCCCCATGGGAGGCCACAGCTGCGCCGAACACAACTGATCAGGTGGGATCAAAACCGTGGCCTGGCTGAGGGTGGTGACACACCCAACACACCACACAC,"[[81207879, ""A"", [""C""]]]",yes,no,A->C,1
chr12,4424430,4424882,TCTATAGGACGATTGGACTGTAGATGAATACAGTATAGAAGTCTTAATGGATCATGGACACATTCCAGAATGTCCCTGGGGTATTGTTTTCACGGTATCTGTTATTAGCTTGTTTTCTTGGCATTTTGGCTTTTTTTCCTCCTAGAACTGGAGGAAAGGAGGAAAAGCAGCTGTCCTGGCCAAGTATCTGTGTGTGAAATGAGGTCGTGGTGTCCGTCTGCTTGTGTTTAGCACCATGGTGTTTAGTCTCAGGGCCCTGACAATAGACGGATAGCAGCAGGGCAGCAGAAGGCTTCTTGTTAGTCCCTTTAGGGGACGTGAATGGTCAGGCAAAGAATATGAAAGCTCTTGGGGTCTCCCTCAGAAAACGGAGGGGGCTGGTTCTTGTGTGCTTTAGAAGAATCGGATTCAGCCCGAGAGGCACTACCTGGAGTCAGGGCTGTGCTGTGAGCC,"[[4424439, ""T"", [""C""]]]",yes,no,T->C,1
chr2,105983559,105983772,TTCTTGACTCGGTTGTGATGAGTCCATCCTTTTTTTGCTGTATGAATAGCAGTCTCGGTGGTTAGCAGCACAAGGTAGTGTGCTTCCTAGGCTGGCTCGAGTTTCCTTTCTTTTCACCCTTTGATGAGAATGTGATCTTCAGCTGGTGCTGGTTTACCAGAAATTCTAGGGGTGGTACATGTGCTAAAAGACTTTTAGTTTTGAGGGAAAGGAA,N,no,no,N,0
chr1,70737091,70737550,TGCTTCCTTTTCTTCCTTTTCTTTTTTTTTTTTTTTTGGTGTGATTTTTTTTATTGGAAACTGAATATTTTTGTATTTTGCTCCAAGACTCTGGATCTTATTTAAACCTTTAGTTTTAGCATGCTTTCTCTGGCATTGCTCCAACAATGGAAGGGAGCGTGCCTCCTCATTACTATCACATGGAAGTTCCCCACTGGCCTCAAATTAAACCAAAAGTGGAGCTTCTCATGACTGCTGGGTAGAGGTAGGAGTTCTGGCTCCCCACATGGTTCCTAATGACACTGCAGGAGGAGGGAAAAAGAAACATGCTTATTACTGGTCAGTAGAAATAAAGTTTCTGGTTCCTACTTGGTCCTCTTTGACACCACTGCTGTGGAAATGGTGGGACATCTCATTATACCCTAGTGAGGATGGAAGTTTAGGCTTTCCTTTCACCTTTTGCTGGTGTGGGTATAGATGG,"[[70737105, ""T"", [""C""]], [70737253, ""T"", [""C""]]]",yes,yes,T->C,2
chr4,177163572,177163890,CTTAATAAGTGGGCAAAGGACATGAACAGATGCTTTTCAAAAGAAGACAAACACACAGCCAGTGCACATGAAAAAATGTTCAATATCACTAATGAGCAGAGAAATGCAAATCAAAACCACAATGAGATACCATCTCACACTAGTCACAGTGACTATTACAAAAAGGTCAAAAAGTAACAGATGCTGGCACAGTTGCAAAGAAAAGGGAACACATATATACCGCTGGTGGGAATATAAATTAGTTCAACCATTGTGAGAAGCAGTTTGGCGATTTCTCAAAGAACTTAGAACAGGCCGGATGCAGTGGCTCACACCTGTA,"[[177163633, ""T"", [""G""]], [177163636, ""A"", [""C""]]]",yes,yes,T->G,2
chr2,238207498,238207792,AAGAGACATAAGTGGCTTATGTGGATTTCTCCTCCTTTTCCTCAGGGATTTGGGTGAGGCGAAGAGAAGTGGGTCCTGGGAGACACGAGAGAAGGCCGAAGGGGTTTTAGACTTGGTTGGTTGGGTATGTGGTGAAGGGAAGTCTGTTTTCTTGAGAGAAGTACAATGAAACCAGCTGGGGAGTCCCTGGAGTTTCGGTGCTGTGGGTGTGGTAAGGATGATCTGGTAAGGTCCCTTCCACTTAGGTGTGAAGCAGGAATTGAGGGTAGGACTGGGGTATTTTACCAGAACCCAG,"[[238207510, ""C"", [""T""]], [238207605, ""C"", [""T""]], [238207617, ""T"", [""G""]]]",yes,yes,C->T,3
chr3,143203865,143204191,AAAATGTAACTAATTTCTGATCCAAAGGTAGATACTGTTGTTTGTCTACTCCTTTGATAACAGTGGTGGTTTTAAGAAATGATCACAAATTTTTTGATACTCTTTCCACGGAGGCATAGGGTTTTTATACTCTCTCCTGGAGTCTGGGTAGGCTTAGGACTGATTCATCCAATAGCTTATGACTGACTCATCTAACAGAAGTGATGCTATATAGCTTCCTAGGCTGAATTATAAAAGAGGATCCACCTTCTTTCTTGTTCAATGGAACACTCATATTTGGAGCATAGGGAAGCCATATAAAAAGTCTGATTATCATGAGGCTACCTT,"[[143203973, ""T"", [""C""]]]",yes,no,T->C,1
chr16,71815019,71815362,GACCACTTAGATGCCAGTCTTGGCTAGGTTTAATTCACTTTTTGCCCAGAGCAAGGTGTTAAACATCTCTGAGCCTGTTTACTCAGCTTTCCAATATTTATTTGTCTTGCCTGTTCCAAAATGGATTTAGAGTGGCTTGTTATGCAAAAGGGATCAGCTACATGAAAGCACTTTGAAAAGCCTGAAGCATCATAAGAATGTAAATACTGAAATTTTTGTGCCGCCTCATCATTCAACTAAAGCATTTACTGACTGCCCTTTATAAGTAACAGTAGTACAGTGTGTCTTACATTTACAAAAGTATTTTCAGGCTGGGCGCAGTGGCTCATGCCTGTAATCCCAGC,"[[71815056, ""T"", [""C""]]]",yes,no,T->C,1
chr5,128764190,128764409,TGACATTAGTATTCATTATTATAATAGTACCAACACTATATGGAGCTTGCTATATGCCAAGTTCTGTTCTAAGCAAGTTTAATACATTAACTCATTTGATCCTCACCAGCAAACATATGAGATAGAAACTGTTTTATTACCCCCATCTTATGGATGGTGAAACTGAAACAGAGAGTTTGAGTAACTTGCCCAAGACATAAAGATGGCAAATGGTAGAGTT,"[[128764231, ""A"", [""G""]], [128764249, ""G"", [""A""]], [128764272, ""C"", [""T""]]]",yes,yes,G->A,3
chr1,57738683,57738929,CCATGTAATTGTTCAAGTTCAAAATTTGCATACTGCCAGACAGCTCGTTGAATTATTTATTTTAACTGCCTTATTTCTGTTTTGGGTAATTTCTTCCATGTGCTTCCACTATATCAATAACGGGAGGCAATTATTGATTTTTCCAAAGCCATTAGGTTCAAGGAATTGTTCAATTAGTTTTACGATTTCAAATAGAGGAAGATGCAAGATTGCCACACTTCGAGGTTGGAAACAACTTTCTAAAAGG,N,no,no,N,0
chr4,4519318,4519681,TAAGAGATTAAGAAAACTATTAACTTCATCTGTAGCTCAAGGAACACTTTAAATAACCTAATCAATCTATCTAAAGCTACTAACATTTTTGTTTCTAGTCAAATGTTAAGCTTTATGGAAAGTCCTAATGAAATTTTCAGGGAATGCATTTCCCATTTCAGACCACTAGGGACCAATAGGTGCCTTCCATTCCCGAGTCAGTTACTGAACAGTTAATAGAATTAACATGCTGCGAAAATAAGCATGTATTACCTTCTCCCTAATAGAACCAAATCATTAGCTGTAAAACAGCTGAGAAGAACTGAACACTATATAGGCAAAAAAGGGAATGCTCAAATGAGATTTTAAAAGGACGACTAGTTCA,"[[4519334, ""T"", [""C""]]]",yes,no,T->C,1
chr2,197562979,197563238,GGTCTTTATAGTAGCATGATTTATAATCCTTTGGGTATATACCCAGTAATGGGATCACTGGGTCAAATGGTATTTCTAGTTCTAGATCGCCACACTGTCTTCCACAATGGTTGAACTAGTTTACACTCTCACCAACAGTGTAAAAGCGTCCCTGTTTCTCCACATCCCCTCCAGCACCTGTTGTTTCCTGCCTTTTTAATGATTGCCATTCTAACTGGTGTGAGATGGTATCTCATTGTGGTTTTGATTTGCATTTCTCT,N,no,no,N,0
chr2,209901878,209902337,GAGATCGCGCCACTGCACTCCAACCTGGGCAACACAGCAAGACTCTGTCTCAAAAAAAAAAAAAAGTACATTTTGCAGGGGTATAGCTGCCACCACAGACAGTTATAGGGATTCCTGTGATGGTTCTTGGCAAAGTAAATTGAAAGCTTCTGGAAATGACTCACCATTCTAGATGTCATTAAGAACATTTGTGATTCATAAGGGGAGATCAAATATCAACATTAACAGGAGTTTGGAAGTAGTTGATGCCAACCCTAATGGAAGACTTTGAGGAATTCAAGACTTCAGTGGAGGAAGTAACTGCAGATAAGGTGGAACTAGCAAGAGAACTAGAATTAGAAGTGGAGCCTGAAGATGTGACTAAATTGCTGCAATCTTATGATAAAACTTGAGTGGGTGAGGAAGTACCTCTATGGATGAGCAAAGAAAGTAATTTCTTGAGATGGAATCTACTTCTGGT,"[[209901900, ""G"", [""A""]], [209902001, ""A"", [""T""]], [209902080, ""A"", [""G""]]]",yes,yes,A->T,3
chrX,9656914,9657212,TGTCTCCCTTCTACCTTAAATAAAAAGGAAAACATTTCCCTGATCATGCTTCCTCCTCAAGCACCTGTACTCTTACTCCTGCACCCCACCAAACTCATTAAAAACAGGTTCTGCATCTCAGAAGATGATTCATTCCTCAGCTCCCTCCACTCTGGCTTTCTCCACTAGAAGTTGTCAGTAAATTCTGGGTTCCCAGATCCACTGATCTTACTGCAACTGGCATTCCTCCTTCCCTGGTCATCCCTCCTTACCTGTGTGTGGCAGGAAGCGGGTGGGGGTGGGCAGTGAGGCAGGGAGTA,N,no,no,N,0
chr11,10719731,10719960,CCTGTGTCCTCCACAAAACTAGCATAGCCTCATAGATGAAGCTGAGAGCAAAGTAACAGCAGCCTCGGGCTTGGCCATTCCCCAGGGGCTCACTAGGAATCCCCAGCTGTCTCCAGCCTCACAAATCCTGCTGCAACATTCAGAGACAGATCCTTGACCTAGTGAGAAGTAGACACGACACCTTTCCAAACTACAGGTCATCTGGGTGCTGAGCTGCTGAGACATTGACA,"[[10719755, ""C"", [""T""]], [10719891, ""G"", [""A""]]]",yes,yes,G->A,2
chr11,86531610,86531953,CAATGATAGAATGGATTAAGAAAATGTGGCACATATACACCATGGAATACTATGCAGCCATAAAAAATGATGAGTTCATGTCCTTTGTAGGGTCATGGATGAAGCTGGAAACCATCATTCTGAGCAAACTGTCACATGTTCTCACTCATAGGTGGGAATTGAACAATGAGAACACATGGACATAGGAAGGGGAACATCACACACCGGGGCCTATTTTTGGGTGGGGGGAGGGGGGAGGCATAGCACTGGGAGATATACCTAATATTAAATGACGAGTTACTGGGTGCAGCACACCAACATGGCACATGTATACATATGTAACAAACCTGCACATTGTGCACATG,"[[86531702, ""A"", [""T""]], [86531792, ""C"", [""T""]]]",yes,yes,A->T,2
chrX,132134482,132134815,ACCCAGAATTTCATATCCAGCCAAACTAAGCTTCATAAGTGAAGGAGAAATAAAACACTTTACAGACAAGCAAATGCTGAGAGATTTTGTCACCACCAGGCCTGCCCTAAAAAAGCTCCTGGTACTGGAACAACCAGTACCAGCCGCTGCAAAATCATGCCAAAATGTAAAGACCATCTAGACTAGGAAGAAACTGCATCAACTAACGAGCAAAATCACCAGCTAACATCATAATGACAGGATCAAATTCACACATAACAATATTAACTTTAAATGTAAATGGACTAAATGCTCCAATTAAAAGACACAGACTGGCAAATTGGATAAAGAGTCA,N,no,no,N,0
chr10,91088852,91089124,CAACTCCTGAAACACCCTGTTCCCCAATGAATACGCTATAGCTAAATGTAATTGTTTTCTAATCTAATTGCCAGAAGAGGTCACAATAGAGCTTATACAACCAACTCTCTGAATCCTATCTGCTCTACAACTAGCAGGGGCAGATGATAGTCTCTGGGAGGTGAATACGACTGAAGCAGAGGAAAATCACAAAGGAGGAAGCTGCTCCAGCCCCCACCGAGAGATCAGGCTTTAAGTTGTACTGTCCCTCAGTATCCTTATCTGCTAAATTGA,"[[91088885, ""T"", [""C""]], [91089054, ""C"", [""T""]], [91089063, ""T"", [""C""]]]",yes,yes,T->C,3
chr3,70882116,70882532,AATTAAAGAAGATTGAGTTGGTTTACCAGCTGTACCTTTGTCTTTCCTAGGCATGAGCTGTGATGCCATGAGCAAAGGATGGACTTTGGAGTCAGACAGAGTATCATATGGTGGGAGATCCCCATTTAATTAACTACCAGGAGTTTGTTTTTCTGGCAGGGAATTCAAGTTGAGGGCAAGATCTGAATTGCTTGGCAATTTTTAGAGGATGTTTGCAATAGGAGGCAAGAGTCCCAGGCAGGAGGAGAGAACCTTAAGTAAACACATAGAGTGGAAAAGCTGACGCATGCAATGCATATCCTTCTGCCCTTGTTTCAGACTGAATTGAAATCTCTCCAAGGAGTGAGATATAATGGGGTAAAAGTCCTGGCCTCGGCCGGGCGCTGTGGCTCACAACTGTAATCTCAGCACTTTGGG,"[[70882202, ""C"", [""T""]], [70882232, ""A"", [""G""]]]",yes,yes,C->T,2
chr5,25615099,25615476,TTGTCACCTCTCACCGGGATTACAGGCGTGAGCCACTGCACCTGGCCCATTCTTTTTTTTTTTTTTTTTATAACTTCCCATGTATTTACCTTTACTTAGATCTTTATTTCCTCATATGGCTTCTAGTTACTGTCTGTGCCCTTTCATTTCAACATGCGGGACTTGCATGAGCATTTCTTGCAGGGCAGGTCTAGTTGTAACAACTCTGTAGGCTGTTGTAGCTGTCCCTATGCCAACGATCAGGCTGAGATGTAAACTTAAGGTCTTCTCAGGTCTTTTCTAAGCCTGTACCTTACCATTGGCATGTTCTATGATTTCATTTTCTAATTTCTTCCATATGTGCAATTGCTTTTGAATGTTCTAGTCTTTAATATCTGG,"[[25615113, ""T"", [""C""]]]",yes,no,T->C,1
chr6,167696406,167696784,CGCACATCTCTATGACCAAGCAACTTCACTCCTGAGGATTCGTCCAAAGAAACATTCACGAAGTCCACAAGGATTTACAGACAAAGATCTCTATTGTAACATTGTCTGTAATAGCAAAAATTGGAAAGAACCCAAATGTCAATCAACAGGGATTTGGTTAAATAAATCATGGTAGAGCCATGCAAGGCAGCCATTAAAAAGAATGAAATAGATCAATAGGCATTGATGTGCAAAGAAGTCTGAGACATATTATTAAGTTAAAAAAATGTGCCAGAGCCATATGTAGAGCATGATCCAGTTCTTATAAGGATGAACTCATGTGCCACCTTTGTCTCAGAACAGGCAGCGAGAAACAAAACATGAAGGGTGTTTACCAGGC,"[[167696458, ""T"", [""C""]], [167696765, ""G"", [""A""]]]",yes,yes,G->A,2
chr7,10237310,10237754,CCTGAGAAATTATGCTCCTTATCAAGGCAGCTGTTGAAACTGTCTGTGTATCTCTCCAAGATACACAAGTTATGTAATATCTTAGGAACACCTGGTTAATCCTCTGATTCCTTTGAAGGCAGATTATGTAATTCATGGTTGAGCCTGGTAGGCTCTCTCATGCGATGAGCTGCTTGCCAGGCACAAGAGATGACATGCTTTCCCAATGGACACAGAGATGACTCACAATTTCCATTACTGACATAGCGGAACCCACAGGAAAAAAAAAAAAAAACAAAGAGCCCCACTCTTTGCTGACCTGCCCCATGGGCAATTCCAACTGTGTTTGCTTGGGAGAAATTCTGTTTGCTGACTGATATGTGGTAGTTATGGGACCATGTTTTCCTTTTGGTATTCTCATAGTTGATGATGCCTTCTTTTCTAAATCTCATACATTCTAATGTTA,"[[10237351, ""A"", [""G""]]]",yes,no,A->G,1
chr1,2439434,2439887,CCATCCCACCCGTTCGTTGTCTTGAGTTCTGATTGAGAACGGGACGTCTTCAGACCAGATGCTGGTGGAAAATGAAACACACACTTTCTAAATTTAGCTGCTGAGGATTGCACGTTTACCCGATTAAGCCCATTGATTGAGTTGCGTGCACGTGCTCTCTCTGCAGTGCTCAGCTGTGCCTCTCCGGGCTGTCTGTCCTCCATGGTGACCTCAGGCTGCAGAAGGGCCTCTGAGACCTCCCGCCCAGGTCTCTGGCCCTGAGCCATCTGTTCACCTGGGGCTGACACTGCCACCCTCGGGGGAGAGTCCTGGGGTCCGTGGGGAGAGCCCGTCAGAGTCCAGCTGGATTCTTCTCCACTGAGGAAAGGCATTGCCTGAGAGACACCGCAGCCAGTCCTGGCTGGAGTGTTCGAGGGCAGCGGGCACGCGGCTCCCTGCCTGCAGGGACCTCATG,"[[2439743, ""C"", [""T""]], [2439828, ""G"", [""T""]]]",yes,yes,G->T,2
chr12,95393224,95393439,GGTAAGAAAGCTTAAAGAGAAATAATTTTATTTGTGGAAGAATCTTGTATGGTAAATTTAGTCCTAAAATAAAATAACTAGTTGTTTAAGAAGGAGGGATGTTCAGGACAAACTAGAAAGTCCAAGCATGTCATGAATGGTTGGTATAAGTCACAATAAGAGGATTAATATTTTTTAAAAATCCAAAAACTTTTAAATGATCAGGTTGTCATATTA,N,no,no,N,0
chr2,141641525,141641778,TTAAGGGAGCTTCCAAAACATTTTAAAATATACATTCAACCCTTAAATGCAATGCTATAACTCTAGCAACCAATAGCAGTTAACTATCTTCCAGTGAAGCTGCCCCATAAAATGGCATTATGAAAGCTTACATTCCATAGACATTTGTCATGTACATGCTACAGCCTCTAATATTACCAGACTGCAAAAGATCCTATACCTGGGTAAAAAATGGTAAGATAAAAGCAGACTATTGTCTTGAGTCCTGAATGACT,"[[141641610, ""G"", [""A""]]]",yes,no,G->A,1
chr2,78351267,78351495,AATATTTGCATCTTTTCTAAAAGAAATAGATATAAACATATTTGTCGCATTTTATTACGGACCTTAGCCTCACTACTCTCATTTATATTAAAATTTAAATATAGTAACCTTGTAAGACTCACTTAAAGCCACCAGATGTCACTGTTTTAGATATGATACCTCCATCACTATTCATATGCCCTAGGTATAAAGAAATTACTAAACTTTCTAGTAAAATTATTTTCAAGCA,"[[78351298, ""G"", [""A""]]]",yes,no,G->A,1
chr12,54578761,54579044,CCTGGGGAGGGTGAGTAATCTTGCATTGCTAAAAGAGAGGGTCTGTCCCCTCCTTTCCACGTCCCAGAACTGGCCCAGCTGCAGGCACTAAGAAGCTCCTCCCCTGAGACAAGTGAGGGGTAGTCGGTGAAAGGCAGATGGACAAGGGGCTCAGGGCTGCTGCCTTCCTGTCCTCTGGAGAGAACCCAGCCAGGCGCGGTGCCCCTTCCTCTCCTCAGGCTCCTCCTTGCCCCCACCTTGCCCCAGGAAAGGCCAAAGTCCAGGTGACTGCCCTCCTTCTTTCT,"[[54578781, ""C"", [""T""]], [54578815, ""C"", [""T""]]]",yes,yes,C->T,2
chr3,56180495,56180845,GAAATTTTAATGCCTGCTACAACATGGATAGACCTCAAGGACATTATGTTAAGTGAAATAAGCCAGACAAATACTGCATGATCTCACTTATGATAGGTATCTAGAGTAGACAAACTTATCGAAATAGAAAGTGAAATGGTGCTTGCCAGGGGTGGTGATAGGCAGAAATGAGGAGTTGTATAATGGGTACAGAGTTTCAGTTTTGCAAGATGAAAAAGTCCTAGAGATAGGTTGTACAACAATGTAAATATGCTTAACACTATTGAACTGTACATTTAAAAGTGGTTAAGACAGTAAATTTTATATCATGTGTATTTTAACACAATTAAAAGTTTTTCTAAAACAGAAACA,"[[56180723, ""T"", [""A""]], [56180814, ""C"", [""A""]]]",yes,yes,T->A,2
chrX,12080295,12080549,AAATCTTCATTCACTCTCAAAAGCTTTCTGGTTTGGACGATAACATATGTGGTCCTCCTTCTAATCACCTCTTCTTGACAGCCTGGTGAAAAAGTGGTCCATGTTTCTATTTAGGTGGTATCACCACATATGTCCACCAGGGAGTGCTCTTGTTTTTGGCTTACATCCCTCAGCTAGAGGTGGTTTTTCTCCTGGCAAATTTTAAGTGAGGAGAAAAAGCCTGTGGATTTCTGTGAGAAGACATTTAACTAGACA,N,no,no,N,0
chr1,67659283,67659498,ATCTTAAGACTATTACACTGATTTTTTTTAGAGGATGCATTTGACATGCCAACTCTCATTCACAAAAATACACTGTTACATTTGCGCTGCACTGCCCCACACAGCATACTTCTGTGGGTATAACCCACATACTTCCAACTCAAAGCTGCCCTCCAGTGCTACTGAACTAAATGAGATTTCCTTTGCAGTTAGGGAAGCAACTACTGAACTCATGTA,N,no,no,N,0
chr1,161484669,161484904,TAACTTCTGACTTTAGAAGATATTGTCTCTGGTTAGGAAAATAAGTAGGATCCTTAGGGTTGATCTGGACCGGCCTAGTGGTTAAAGCTCGACCTTATTCTTCCTTCAGTTGCCCATACTTCTGTATTAATATTAGCTTCCACCAGGGGAAGACAAAGAGTTTCTTCTGGGGCTATAAGGATGCTGGTGGCCATGTGAACTAAATTGTCTCTACCTAGTAAAGGAGTGGGACTTTC,"[[161484671, ""G"", [""A""]]]",yes,no,G->A,1
chr20,3647773,3648155,GCCAGGAAAGAATTTTCTCACCCAAGGAACATTTGATCTAGCAGCGGGGATGAGAGGAAAGCAGAAATGAATGAACTGTGAAAGCTCCTGTTTTTATTATCAAAAAGGACACTGTCAAGAAGGCGCCCCCTGCCCCCACCCCCGTGTCACCCTAGGCCTGATAAGCGATCAGAGGAAAGGACTCATTCATGTCACGCTTCCTTGAGCAGAAAAGAGCACTGAGAGCACTTGGGACCCCTGGATCAGAGAGCATCTGTGTGTCCTGCAGCCTCCTCTGAACTTGTGGTTCATTCTCAGGCTGGGGTGGACTCAGATGCCAGGAAAGGGACAGCCTCCCATTGTCAGGCAGAAGCTGCCCAAAGCCTGGAGAAGGACTTGTTTGC,"[[3647818, ""A"", [""G""]]]",yes,no,A->G,1
chr16,48355096,48355419,CTATGAACATGGGTGTACACATCTCTCTTGAAGTCCCTTCTTAGGTCCTTTAGGGATACATATCCAGGAGCAGAACTACTAGATCACATATGCTAAGGTCTGAATGTCCCCCCACCAAATTCGTATGTTGAAGCAACCACCAACGTGATAGGTGAGGCTTTAGGAGGTGATTATGTCATAAGAGCTCCATCCTCATTAATGGATTTAGTGCCTTTATAAAGGGGCTCAAGGGAACCAATTACCTCCTTTTTGCCCTTCGATTCCCTTCCACCATATGAGGACACAGCAACAGGCCCCGTCCTAGAAGCTGAGACTGGGCCCTCA,"[[48355275, ""G"", [""A""]]]",yes,no,G->A,1
chr8,108220697,108221065,GATCAACATGCTGTCAATATGCTCAACTCAGAGCAACTGTTCTCGCTGAAAGGTTAATAGTTTTAAACAAGTTTACTTCACTGGACAGATTTCTCTGGCTGCTAAAATCAAACATGTTTTAACTGGATCACCACTGGTAAATGACTTTCCTTACTTGGCTGATAAAAGTACTACACATGCCTGGGCGTAGTGGTGTGAGCCTATAGTCCCAGCTACTCAGGAGGCTGAATTGGGAGGAAGGATCATCTGAGCCCAGGGAGTGAGTGAACCGAGGCTGCAGTAAGCCAAGATTCCACCACTGCACTCCAGACTGGGCGACAGAGCGAGACATGGACAGACAGGAAAGGACAGGACAGGACAGGACAGGAT,"[[108220717, ""C"", [""G""]]]",yes,no,C->G,1
chr14,69208741,69208976,TATCTCTCTAAGTTCTACCTTTTTCTTTTGCTTTTCTGATCCTTTCTCTTTTGTACCCCCGCTGCCTTACCCTACAATAACCGTATCAGTTTCTATGGAGAACTGCTGAGCCTTCTGGAGCAACAGAAAGTGTTGAGTCAAACCTGTTTCCTCCACTCCCTCACTGCCGCACCTTCCAGAGAAGTAAAAAAAGTCTCCCTACCAACTGACTGATGATTACAATTTTTTTTAAATTG,"[[69208805, ""G"", [""C""]]]",yes,no,G->C,1
chr9,41059654,41060013,TACCTGGTGGTAGATTGGTTAATTTGGGCCACTTCCATCATGGAAGATGCAGCACTTTGTACTTACTAGAATAGACACAAAGAAGAGGAGATATGAAGACAGATGCAAAGATTGGAGTGATGCAGCCACACCCGGGAAGCCAAGGAATGTATTCTGCTGCCAGAAGCTGGAAGAGGCAGGGAGCAGATTCTCCCTAGAGCATCTACAGAGTGTGGCCATGCTGATACCTTGATTTTGACTTCTGGCCTCCAGAACTGTGAGAGAATAAATTTCTGTGATTTTAAACCACCAAATATGTGGTAATTTGTTATGGGAGTCCTAGGAAATGAATACAAAGTTTGTAATCTAATACAAAGTTTG,N,no,no,N,0
chr10,2294820,2295159,CACAGGTTAACCTTTCTCTGAATGCCTGTCGGAAATGCTGGCTCTGGACTGTCGATTTCATCACTGTGTTAGAAACACTTTTGCCCCAAGTGCATCTCCTGGTCCTGATTCTTAATTGTTGTTATTTTGCAGAGTAAAATATTGATGAGATTGGTCAAAAAGATTGACAGCTGCATGAATTGTTATTAACCAGACCGTTGGTTGCAGCTCACATTTCAATACACAGTAAGATGAAGCATGGCCCTCGGGGACTCTCTCTCTCCTTCTCTTTTCCAATAGGCAGATATTAACCCTTTCATAGCGCTCTGTGTAACTTTTTTCTTACTTTCCTTTTTCCTTG,"[[2294826, ""C"", [""T""]]]",yes,no,C->T,1
chr2,205574107,205574371,TATATACTACGTGCAGCAAAAGTCATTTTTAGAAAGAACATTGAAATCAAAGTTTACTAAACCAGTAACCTTGTGGCAACTTCCTGGTGAGAACCTCATTCTTCAGGAATGTGAAAAGCATAAAATTAAAAGAGTCGAAAGTTTGTAGATTGCCTAAACATAATTTACCACAGGCAGACAACGAACAAGACAAAACATGTCACTTAATATTATTTGCAAGTCAAGATGTCATCCTGGTGCCAGTTGCATCATGGTTTCAGGAAGA,"[[205574116, ""T"", [""C""]]]",yes,no,T->C,1
chr9,110821174,110821472,GATTGAAAACATATGTGGAATATGGAAAGCAGATTGGGGTCAGGCTGACAGATAACAGAGCACAGGAAACAAGAGAACGAGGCAGTAGAAGCCATTCTTCATGGCTGAACCCTTGATAGGCTTCTGGCTAGGCAGAGGCAGGCATAGAGAGTAGAAAGGGAAACAGAAAGAGAAATCTCCTTCAGCCACTAGAATGCCTGCTCTGCTCAGCCAGCCTCTCTGTTCCAGGCCCCTGACTATACAGAATGATGGGTGGCACCACCATTTAACCAAAGTAGAAGCTATTCTCTAAAATAGTA,N,no,no,N,0
chr6,166355542,166355804,TGAAATTTATGCTAATTTATGGTAAAAAATTATGACATTATAATTCTTGATTAGAAGTGCTTTTAGAAGAAAGTATAAATGTGGCTGACTTTAAATGAAGGAAAGCATAAAAACTGGATCTGCTGAACAGTCCTTATTGCATCTGGATGGCTGTGTGTTCCCTATGGAGTAAGAAGTGCATTGGACACATGGGGAGCCAGAGACACCATCTGCCTGGGGTGGGCCACTAGAGCCCATGTCCTCCTCTGTGAAGTGGCCCGCCC,"[[166355562, ""A"", [""G""]], [166355648, ""G"", [""A""]]]",yes,yes,G->A,2
chr8,2543598,2543803,TGAACCAGCAATAGTGAATAACTTTCTGCATTAAGGTCTTCACCAATTGCTGGTCACATGTAATCAAAGACCAGCTGGGTGAATGTGGCTTTGACAAATCACGTGATGTCTCAATCAAGGGACTGAAGCAATGAGCCAGTATTTGAAAGTAAAAATACAACTTGGCATTTTTATTTTCATAGGCAACACATTCAGATGGCCAGGTG,"[[2543624, ""C"", [""T""]]]",yes,no,C->T,1
chr1,188439348,188439689,TTTGAGGTGATTGCTGATTGAAAAACTGAGAGCGGTAGCAATAGACTGAGAAGCTGAGCAAAGATTTCTGCAGTCTCATGAGACTTTGAAAGCACGCTTTAAATGAAGACTTGTAAATTTTCCAAGTTATTGATTGGGACTCTAAGGCGTCCATACTGGGATGACAGATGAAGCATAATAGATCATAGACTCCCAAGGGCTAAAGCCAGGCTTCACATCATCTTGGTCCCCAACAGGGGACCTACCTCTGTTGGGGTAGCTGCCTACCCCAAGGAACCATAAATTTTCTCTGAAGAAAGATGACAACCACAGCCTCTAATTCTTTCTATTATATTTTTATAG,"[[188439365, ""A"", [""T""]], [188439495, ""G"", [""C""]]]",yes,yes,A->T,2
chr10,101078363,101078599,GCAAGGTGAATGTCTCTAAGTGCTTCAAACTTGACAAGTCCAATGCCAAGGGCATTGTTCCCTCTTTTCCCATCCTGCTACTCTGCCTCCCAGCCTCCTTGCTTTGGTCAGCATCATTCCTACACATGCTTTTGCCCAAACATCATACTTTGAGTCATCTTTGACCAAGGCATCTGTGTGTTCAGATTTGTCCAGAGTTGTCCACAGTTCTTGTCTATTGTCTTGGTAAAATCATTG,"[[101078553, ""C"", [""T""]], [101078573, ""A"", [""T""]]]",yes,yes,C->T,2
chr4,107213895,107214226,TATTCATTGTCTTTGCAGTAAGAGTTTAACTTTTATCTTTTTTTGTTCATTCAATAAGTGATGTTTTCAGTAGTTTAACAAATATATATCCCACATTCTTAGCCCTGCTAAGAAAAAAGATATGCACTCATCACAGAAAAATGTACTGCAAATGAGACCCAGAACTGGCTTCTTCTTCAAGGTGCCAGGATATCTGACTTCCTGACTTTCATCATGAACTTGGCTCTCTCAGATAAAATGAAGATAAAATACATTTATCAAAGAACCCAGGTACAGAAAAGGCTCTACTGAAGTGGGAGTGAAAATTGATGAGTGAACGCTTACTACAGAGA,"[[107214220, ""G"", [""A""]]]",yes,no,G->A,1
chr1,156308100,156308473,ATTAGATTTCTCCCTCACAAAATGGGGGATAACATCACCTGTCTTAGAGGGCTGTTGTGAGGATCCATTAGTTAACATTCAAATGACTAGAACACATCTGTTAGACAGTACTTACCATTATTCTACCAAGTATTCAACTTTATGTGACTAGGTCCCATGGTCAGGGAAGAGATAAACAAGGCTAAATGTATGAGTCATAAGGACAGATGGGAGGGTGAAAAGCCCAGTAGACAAGTGGAACACTGAAGAAATCAAAGGCTAGTACCACCTAGCCTCTAGCATCCCGGGACCACTACTCAGATTTTTTTTCTCTCCTTGATAAAAACAAATGGAATTTAAATATTTTGTTTCTGCTAGCAGAAAGGCAGAGAGGT,"[[156308135, ""T"", [""C""]], [156308384, ""T"", [""C""]]]",yes,yes,T->C,2
chr6,121818388,121818717,TTATGAAATGACATACAATAAACTTACTAGAAGTGGGCTTATAAAGAATGTCCAGTGACTAACTTATAATGAAAAAATAAAACTATCAACAGGACAGAATATTTATGTTTACTGAACAGCAAATAGAGTGCCAAATTATAATTGTGGCGTTGCTCAGCATGATTTAATCAGCATCAGGCAAGTTTGACAATTTAAATTGTTTGTGTTGGCAGTCTGTTAGTAATCTGATTTTTTACTCAATAAGCTGATTCACAAATTTTTAGTTAATTTGACATGTTGAGAAGCTAAGGTACAGAGAAACTTTTAAAGAATATATTTTGTGTCTGTATA,"[[121818425, ""T"", [""C""]], [121818572, ""C"", [""T""]]]",yes,yes,T->C,2
chr10,91743552,91743816,GAGGGCATTCATCCATCTACCACCATAAAGAACGCTGAAATGAACATTCTTATGTGAGTTCCCACACAGGCAGCCAAAGCTATGAGGAAAGGTGTATACACAAAGGGCCTTGTTATGAGATTGCTGACTCAGCCATGAACAGAGATTCTAGATAGAGAATCAAACCAGTTAGAGCAATGAGCTTAGAGATACAATCTTCATTTTTGTTTTGTTTTGCTTTAATAACAGAATCACGAAGATTTTAAATATTACTTTTAAAAAGCTT,"[[91743584, ""T"", [""C""]]]",yes,no,T->C,1
chr14,97070329,97070697,TGTGTGAAGGGTCTCAGTGCATACTGACATTGTGAGTGTCAGCCCCAGATCACTTTAATCAGAGAGTGGATATGCATGATAAAACGGATAAGGGACTTTAATCAAAAAATCCGCTGGCCTGGAAACGTGACGCACTCCGCCAAACACACTTCATCCCACTTTTCTTGTGCCACTGCCAAGATTGTATTTCATGAATATGCATTGGACATGATATTACATTAAAATGTGACATTGGTGTATGTTGTGGAGGATTTAGAATTACCCCCCAAATATGTATGTATGCATCTGTATACACACACACACACATGCATGTGCACATATATATGTGAATCTATCTATCTCTATATATATACACACTTTTTCAAAGTT,"[[97070610, ""A"", [""G""]]]",yes,no,A->G,1
chr13,18720406,18720690,CCATAAAGGGTGCCTCTTTGCAGTTGAGACAAGAGGAAGGCATCTGTCTCCTGCCCGTCCCTGGGCAATGGAATATCTTGGTATAAAACCTGATTGTATGTTCCATCTACTGAGATAGGGGAAAACCGCCTTAGGGCTGGAGGTGGGACATGCGGGCAACAATACTGCTCTGTAAGGCATTGAGATGTTTATGTGTATGCATATCTAAAGCACAGCACTTAATTCTTTACCTTTTCTATGATGCAGAGACCTTTGTTCACGTGTTTATCTGCTGACCTTCTCTCC,N,no,no,N,0
chr18,556020,556363,AATCTCAGAAGCTATTGCTGTTGTATAGGGCTGTCATTTTAAAAAATTTTTTTAATAATAAAATGATGCTCAGAGGGTGATATTTCCCCAACTTCGGCGTCATGTCCTCTCTTGACCTTCCCCTCCAGATGTGTCCCGTCTTAACTCTCAGGGCCTTTCTTGAGGCTGTTTGTGTTTCCTGTACAATGAGTAAGACCTGATGATTGTGTGTGTGTGTGTGTGTTTGTGTGTGTGTGTGTGTGTGCACGCGCGCGTGCACGCGTGCATTCAGGCCCTTCTGTTTCCCTCCTCACTGATCTTCAGAGATTTGAGCCTGAAGCCAACTGCTGCAACTTCCTGTGTAA,"[[556200, ""C"", [""G""]]]",yes,no,C->G,1
chr18,33804389,33804626,TGATGAAGTCGATATGTCTTGCCTTGGGAGAGACTGTGTGTTGCATAGAGGAGCAGTAACTTGAGTCTCAGTTTGGCCAGTTGCCAACTGAGTCAAGCTCCTTAAGCCTCTGTTCCTTCATCTGTAAAGATGGAGGTAACAATATCAACACCTTCAACAGAAGGCTGTTGAGGGAATTTCAGTTAAATGACAGTATATGAAAACATCCCGGATAGTACCTCTCACAAGTTAAGGCACT,"[[33804434, ""C"", [""T""]]]",yes,no,C->T,1
chr15,31955708,31956018,CCACATCTTAATGATTTCATCCCCTTTACCTGGCCAATCAGTGACCCAATTTTCCAGCCCCTTGCCCTCCACAATGATTCTTTTAAAAATCCCTGTCTAGACCTCCTTGGGGAGATGGATTTGAGGGTCCCTCCCATCTTCTCACTCAGCTATCCTATCAATCATCATTAAGCTCTTTCTCTGCTGCAAACCCTGCTGTCTCAGTGTATTGGTCTGCACATGCACAATGGACTAAGAAACCTGTTGGTCCTGTAACAATAACAGGGGAGATGAGACAGATTAACCATTGCAGGGATAGCTAGATATATTTA,"[[31955965, ""G"", [""A""]]]",yes,no,G->A,1
chr7,21526100,21526338,TAGCAGGTGCATCTGAGACAAAAACACCTTCATACCTCCCTTGGTTGACTACCAAATGAATGCTTTTTCCTCTTTCCTCACTAAGAGAACCCAGATTTTCCTCAGGCTCCTCCTAGTGGCCATATTCTTAGAAGGTGGCTGGAGATAATCTTGAACTTGAGAGTGATGATTTAGGATATCTGGTGGAAGAAATTTCTAAGCAGCAAAGCATTCAAAAAGTGGTCTGTTTTTGAACAGCA,"[[21526170, ""C"", [""T""]]]",yes,no,C->T,1
chr2,51256211,51256418,AAAAAAGAGCCAGAAAAGCCAAAGCAATCCTGGGCAAAAAGAACAAAACTGAAAGTCATCACATTACCTGACTTGAAAATATATTATGGGTTACAGTAACCAAAACAGCATGCCACTAGTATAAAAATAGACATGTAGACCAGTGGAACAGAATAGAAAACCCATAAAAGGATTCATACGTTTACAGCTGACTGATCTTCATAAAAGC,"[[51256389, ""T"", [""C""]], [51256390, ""A"", [""G""]]]",yes,yes,T->C,2
chr2,130668682,130668914,TGATGGAGCAGAGGCCTTAGGAAAAGCAGATGGCACTGTGGCCTACCTTCAGGGTAGAAGAACTGATGTACCTTGCCCGGCATGCACAAGTCTCAGTGCAACAACTGTGCTACAAATGGAGCCACAGAGAGGAAATGAGCGGCAGACTTAGGAGCAGGGTGTGTGCTGCCTTTGGGGCTCCAGTCCATGCCTCGGGTCGTATGGCACTGCAGGCTTCTTGGTTGCCAAGAGGC,N,no,no,N,0
chr7,90303226,90303574,ATGGAGTTTTCTAGATACAGACTCATGTCATCTGCAAACAGGGATAGTTTGACTTCCCCTCTTCCTGTTTGGATGCTTTTTTTTTTTCTTTCTCTTGCTTGATTGCTCTGGCCAAGATTTCCAATACTATGTGGTGAAAGAGCACATGCCTGTCTTGTGCCAGTTTACAAAGGGAATGCTTCCAGCTTTTCTCCATTCCATATAATGCTGGCTGTGGGTTTGTCATAGATGGCTCTTATTATTTTTAGATATGTTTCCTTAAGTATTGTTTATTTTTAAATGTAAATACTTCCCCTTCTGATGACTTGTATCTTCAATCCATTTTTATTGTTTCTGAGTTTTGACCTAT,"[[90303369, ""G"", [""A""]]]",yes,no,G->A,1
chr5,11150486,11150726,AACCAGACTCAAGAAAAAGAGGATGTGGGGCCAGCAGAATGTGGAGAAGCGCAGTGCAGCACAGATAGCATCCAGCTCTGCATGCTGACATCAGGTGGTGGCAGGTGGTGAGGCCTCTGAACTGCTGCCTTCTTTTTTTTTTTTTTTTTTTTTTTTTTTGACGGGGAGTTTTGCTCTTGTCGCCCAGGCTGGAGTGCAGTAGCATGATCTCGGCTCACTGCAACCTCTGCCTCTGGGTTCA,N,no,no,N,0
chr12,156545,156852,GCTCCTAACTGTTCAGCCTACAGCAGAAGGGATCCAATGGAGGACTCAGCCCCCTCAAGACCTAAATGAGAAAGTGAAATTTAAACCTGGGAGAAACACAGGCTCCTAGCGGGTCTCTGAAAGAACAGAAGAATCAATATGTTTACTGTATTATTTATGCTGAAAGCTTTGCTTGGGGTACTCTGAGGTTAAGAAGGAAGGAACTGGGATTTGGAGTTGGAAGATCCGAGTTCAGCCTCCCTCCACCCCTGTGTCCTGGGCCACCAAAGCCTCTCCTGGCCTCAGGGTTTGGGTTCCGAAAGGGCTAC,"[[156582, ""C"", [""T""]]]",yes,no,C->T,1
chr20,1144126,1144382,GGTAGTACACTGAGAAGGATGTACAGGTGGCAAAGAAGCAATGAAAAGATGCTCAGCATTGTTAGCCATTAAGCTAGGTGAAATGCAAATGAAACCACAATGGGAGTTTCACACCTATTAGAATAGCCAAAATTAAAAATAGTGATGATACTAAATTCTAGAGAGAGTGCAGAAAAACTGGATCATGTACACTGCTGGTGGGCATGTTAAATGTTACAGCTACTCTGGAAAATCATTTGGCAGTTTCTTAAAAAACT,"[[1144152, ""A"", [""G""]], [1144333, ""C"", [""T""]]]",yes,yes,A->G,2
chr15,45618825,45619214,AGAGAATATGTCCTATGAGAAGGCACACAAGATACACTATTCTCCCAGCCATCGAAATGCACTGATGAGAAGGGCACCATCACTAAGAAGTTCTGCAGGCCGTGCTGATGGTAGGAGTGGCGGTTACAATCTGAGCTTGTCAGCATCTGTGGGCATGATGGGGGCCAGGAGGTGGCACTTAACTGCCAGGAGCCAGGAGGCTTTAATTGCCTTACCCACCAAAAGGCAGGGTTTGAGTGACAATCACTGGGCTTTACCAGCAGGGGGTTGTGGACATGGTTAATGGAGCGTAGTGTCTATTTTGCACTTAGAAGCAAAACAGGCAGGCAGTCAACAAGGATGCTTTTAGCATCTATAACGGGATCAACAAACTGTTCAGGTAAAGGGCTA,N,no,no,N,0
chr9,122080990,122081275,GCTTCAACGTGAAAGCAGTCATTCCATCTCAATGGTAGGACTATAAATGTTTTAAAAATATTTTTTCCAAATTTTTAAGCAATGTACAAGGATTATTTATATAAGTGAGAAATGTGCTTTTTAAATAAAACCAACGTCCAGGCTCAAAGCCCAGTCCTGCACTGAAGGACTTATGTAAACACTAACTGTGATGTTCTTATTTCTAAAGGGGCCAGGAACTCACGCTCTCTTCAGAGGAGCAATACGGTCCACTAGAACAAGACCTGGCCTACAAGCCAGGAGAGCC,N,no,no,N,0
chr13,103305400,103305601,AGACCAGTTTGCAACACATAGCTAGAACTACAGGAAACAGAGTGAGCACGCTGTAGTGAAATCTCAAATCCTCAGGGAATGAAGCTGGCAATTTTGTCTTCGGAATGACTCTTCCTATGGGGCTTAATCCTATCAGCAAAGGTGTCTTACAGATGAAAGCCCTACAGGAAGAAAGAGCAAAACCACTTTGCAGTGATATTTG,"[[103305427, ""A"", [""C""]]]",yes,no,A->C,1
chr14,54226116,54226471,TTAAGTATTTAATTGTTAGATGTTTAAAATCATGAATAGTAGTGTAGATTCAGAGCAGCAACTTTTGCCTAGGGAAGTTTTGCCACTCTGGTATTGAAACACGTGTTTTCAAACAATGAATTGGAATGATGAAGGTTTTGAGTTCATGTCAGCACTGCAATTTACAAGAGTTCACATGCAGCATGAACTTACATAGCATTTCACCATGTTGTCTATGAATCATTCAATTTTAAGCTCTGCAGCATATGGACAATTGCAAAATGCAGAGAAGAAAACACATTTGGAATTTCCATTTTATACACCTCATATCGGAAATAAATGGTTTTGTTTCCCCAAATATTTTTCATGTAAGTGAC,"[[54226217, ""T"", [""C""]]]",yes,no,T->C,1
chr7,149621114,149621369,AGCTTGCCCCACACTTGCTCAGAGAACTACACAGCCACATCATCAAATGTCATAGGCACCTGAAATCACAAGCGTCACACTCGCTCACCCACACGCTCACAGGCTTGGCCCGCGGCCTCCCCAACCCCAGGGCGCCCCAGGGCTACCTTAGGGGACTCCCCCTTGCTGCCTGGGGGCAGCCGCAGGATCCAGAAGTTCCTGTTGTGCAGCAGGTTCTCCACGTTCTCCAGCCGCCTCTGCAGCAGCCCGTACTCCT,"[[149621179, ""C"", [""T""]], [149621284, ""C"", [""T""]]]",yes,yes,C->T,2
chr1,96887637,96887845,TTACTTATGCTATACCACATAGAACTGTGTCATAGGCACAGAAGAAGGGTGAAGCAACTGTGAACCTGATGCCCAGTAATGCAAGTGTTTGCAGGAATTGAATGACTACTCTTACTCAATACTCAAATATATAAATATAACAACAATTCTTTTCATAACTATCCAGAACATCTTCATGATGAATTACTTCAGAATTATGAGTGGGTACA,"[[96887661, ""T"", [""C""]]]",yes,no,T->C,1
chr15,28222559,28223022,CCTAAATATCTAACAGTGGGAAACTAACAAACTTTAATCATGGTTCTGTGCAGAAGACAGCTAACAGCTGGCCCGAGATACAACCTCAGACAGGGTTGCTGCAGGCTGGCCCTCGGCTGGAGTCTGGATCTCAGGAGGGCTCTCCCATTCCCTAGGTAGTAGGTGTGGTTCCCTGTGCCTGAACTGTCTGTACAAACAATGTGGTCTTTGCTGAAACCTGCTTTCCTTGTTCTGGAACTTCGTATGCGCCAGGAAGGGGGTGCCCGTGTGATCAGCCCTAATGGAAACCCTGGGCCTGGAGTCTCTATCCAGCTTCCCGGCAGACAGCACCTGACACAGCTCAGTGCCAGGGCAGTTAAGCTCGTCCTGTGTGGATCCTGTGGAAGCTTGTACCTGCTTTCCTCTGGACTTTACCCATGTCCTTTTTTCATGATTTTGCTCTGTGTCCCTTCACTGTAATAAAC,"[[28222766, ""G"", [""T""]], [28223005, ""G"", [""C""]]]",yes,yes,G->T,2
chr12,60308380,60308744,ACACAAGGCTTGAGGGTTAGGTGGTACTCAAAAGATATTTTTTTTTTCACTGATTATATAGCCATACAACAACCATTGACAAAAACTCTCTCCTTAAACAAACACTAGATGAGCTCCTGCTGAATCATTTTGGTAAGAATTCCCCACCCTTGATGTTCTGGTATGATTCCTAACCTCTTACCATCCCCAGGCAATATATGCTCACCTGGCATACCTTTAGCAGGAAGTCTCTTAAGTCAGCTTAGCAAGAATTGCCCCTACCCTTAATGTCTCCTCTTAGTAATTTCCTGTTCATTGGCCCCTCCAAACTGTTCCTTGGCTATCAAACTTCACTTTTCCTTGTTGTGCTGGGAATTAAGCTCAGC,N,no,no,N,0
chr13,91946511,91946771,GGGAAGTAGTGAGGCCCAACATCTACAGAAGCTTTCTTTTTTGGTAATCAATTCTGTATTTTCTGTAATATAAATTTACCTACGTAGGTGCAAATTATCCCTAACACCTCAGATTACATGTTACGTGACAGCCCCGGTAAGTCTAGTGAATGAACAGCAGATGTCACTGTTGGATGAAATGAGCTAGTCTGCTCATCCCACCTTCTCTCATCTGAAAGTGCCTTTCGGGGTCCAAATCCTGGGGTTTATAGATAACGAGAA,"[[91946626, ""G"", [""A""]]]",yes,no,G->A,1
chr16,47817325,47817534,CCAGCTCAGCTAAAACAAGGTAACTGAAGTTTTAAAACAGAGATTATTTGGACTCTCAGTTTCTATGAAAATCTCAGTTAGCAATCAAGGATCACTGTTTAGATCGTGATTTCTTTTTTCATCCCCTAGTTAAGATACCAGACTTCGTGCAACAGTTTCGTCTGTCAAATGGGGATGATAATAGAACCTGCCTTATAAGAACATTACGTG,"[[47817451, ""G"", [""T""]], [47817454, ""A"", [""T""]]]",yes,yes,G->T,2
chr16,60646537,60646887,GGGTCCTGCTAATAATAGGAACATTACAATTGGTTAAGAGGATTCTATGAATAATTACATACTAAGATTTTTAGAGTCATGCCTGGCACATAGGAACTGTATGATAGATATTAACTCCACGAATGAGGTTGGAAATGAGTCACAGAAGTATGTGATATCTTTCTGATAAGATGATGACTTTGGGGTAGTTACCCCACTTCTAAGAATAGTTATCGGGAAGATGCAATGAGAAGAGACAGAACCTTCTGTTCACGTTCATTTATATAGTGATGAAGGGAAAAGGAATTTCAAGGTAATTTTCTCTCTGATGATGTATGCTCGAGATATTTTGGGGCAAGGCAATAGGAGTCT,"[[60646576, ""A"", [""G""]], [60646650, ""C"", [""A""]]]",yes,yes,C->A,2
chr1,59379393,59379696,CATTGTGCACAGTGGTACTTATTTGTATATCTAAACATAGAAAAGATATCATAAAAATACAATGTAAAAGATAAAAAGTAGTATACTCATATAGGGCACTTACAATGAATGAAACTTGCAGGACTAGAAGTTTCTCTGGATGAGTCAGTGAGTGAGTGGTGATTGAATGCAGAGGCCTAGGATATTACTGTACACTTCTATAGACTTTATAAACACTGTACCTGTAAGCTACACTAAATTTATTTTAAAAATTTGTTTAATAATTATCCTTTGCTTACTGTAACATTTTTTACTTCATAAACTT,"[[59379532, ""G"", [""A""]]]",yes,no,G->A,1
chr11,23769322,23769560,AGCAATCAGATTGTACAGTAAGAGTCATAGTGACATTTTATGAAGCATTTAGGGGCCTAACACCCTTTAAATTTTACATTTCTCGAATAAATTCCCTTTCATAAATCCTTTCACAGTGTACACAGACCATGTACTACATGCTTAGACTTTCTGACTTGCCCTAAAAATCCCACTTTTTAAGTAGCCAATCATTTTACTTTAGGACAAGAATTTACCATACAACATACTTTCTTATATAA,"[[23769330, ""A"", [""G""]]]",yes,no,A->G,1
chr4,91168828,91169083,TAGGAGACTCCATTTTGTTCTGTAGTAAGAAAAATTCTTCTGCCTTGGGATGCTGTTAATCTATAACCTTACCCCCAACCCCGTGCTCTCTGAAACGTGCTGTGTCAACTCAGGGTTAAATGGATTAAGGGCGGTGCAAGATGTGCTTTGTTAAACAGATGCTTGAAGGCAGCATGCTCCTTAAGAGTCATCACCACTCCCTAATCTCAAGTACCTGGGGACACAAACACTGTGGAAGGCCACAGGGACCTCTGCC,"[[91169044, ""A"", [""G""]]]",yes,no,A->G,1
chr7,108165761,108166028,TTTTCTAAATTGTAAAAACTGACTTTAAAAATCATAATGCTTTGTTAATGAAAGTCACAAAAAATACATTGTGTAATGTATTCTACAGGATATGCACATTTCTTTAAGAATGCATGGAGTGAATGAAAATAACATGGGGGTATGAACCACAGAGTGAACATGTACCACAAACAACTCTTGTTGAAATGTAAGTAAGCAGGGATTGTTCTCCATCTAGCGAGCAAATACGAATGCTCTCATGTTTCACATGAACATTTTTCTTTATTTT,N,no,no,N,0
chr2,44242945,44243173,TGTTGTTTTTAAGGAAAGATATTCATAGATTGGACTAAGACCAAAGGACATCTAGCCATACTGAAATGACCTAATTTTTGAAAAAAACACAATCTCAACCTCATAGGGATTTCCCCCCCAAAAAAATCACATCATGCAACTTCTGAGCTTTTTCTTACACAATAACTTTTTGTTTCGATGCCAGCTTTTCCTACAGGCAGAATAAGGGCTTTCTACTCACTATGATTGG,"[[44242970, ""C"", [""T""]]]",yes,no,C->T,1
chr11,41301065,41301342,CAAGTTAGTGGAACCACTGAATTAGCTGATTCTCTTGATTCTCTGTAAATGTGCTATGCTTATTCACAGCCCACTGTGTATTTGCTGCTGTGCTTTAGTAAGGATATGCACCTCTGCTCCTGTGAGTTGAAGTGGATGCTTGCCAAGTGCTGATTGTACTGTTTCCCAAACCTATCTACTTCTTATTAGAATTACGTCATTTACTTTAATACTAAATAAACTGATGAAACGTGTGCTGAAAAAGAAAGAATTCCCTTTCTATGAGAACCTAGTTGAAT,"[[41301100, ""C"", [""T""]], [41301252, ""G"", [""A""]]]",yes,yes,G->A,2
chr12,77007437,77007863,GATCCACCTGCCTCGGTCTCCCAAAGTGCTGGGATTACAGGCGTGAGCCACTGTGCCCGGCCAAGAGTTGTTGTTTTAAGGGCTGTGCTTTACTAATTTAGCTGGGCTTGTTCATGTGTTTTCTGTTATCTGGTTGAGGAAGGTTGCTCCTGGCATGAATTTACTCCACTCTAAGTAGTCTCTCTCTCATCTTCCAGTTGGCTTAGCCCAGACAGTTTCTCAGGGTTGAGGCAGAAATCCAAAGACGAGAAAACTGAAGCACATGAGTTCTCTTGTGGTCTGGCTTCAAATTGATGTCATCATTTCTGCTATATTCTGTTAGCCAGAGCAAGTCACAAAGCCACCCAGGTTTAAGAGGTGAGGAAATAGACTCTACCAGCTGATAGGAAGAACTGCAAGTCACGTTGCAATGAGCATGGATAAACGG,"[[77007442, ""G"", [""A""]], [77007780, ""G"", [""C""]]]",yes,yes,G->C,2
chr2,130951014,130951306,GCTAGGTTTAGACTTTTCTTTTACAGCTTCCTCACTTCTCTCAGCCTTCATACAATTGGAAAGAGTTAAGGCCTTGCTCTGGATTAGGCCTTAGCTTAAAGGAGTGTTGTGGCTGATTTGATCTTCTATCTAGACCACTAAAACTTTCTTCCTATTGCAATCAGGCTGTTTCACTTTCTTATTCATGTGCTAACTGGAGTAGCACTTTTCATTTCCTACAAGAACTGCTCCTTCACTTTCAGAACTTGGCTGTTTGGCTTGAGAGGCCTAGCTTCTGGGCCATCTTGGCTTTG,"[[130951076, ""A"", [""G""]]]",yes,no,A->G,1
chr6,122871178,122871526,GGAGTTTATCAAGGAGTCTTGACTCACATGATCACAATGGGAGGTCCCACAATAGGCTGTCTGCAAGCTAAGGAGCAAGGAAGTCAGTCCAGTCCCAAAGCTGAAAAATTTGGAGTCTGACATTAGAGGGCAGAAGCATCCAGCATGGGAGAAAGATGTAGGCTGCGAGGCTAAGCCAGTTTAGTCTTTTAACATTCTTCTGCCTGCTTTTATTCTGGCTGGGTTGGCAGCTGAATAGATTGTATCCACCTGGATTGAGGGTGGGCCTGCCTTTCCCATTCCACTGACTCAAATGTAAATCTTTTTTGGCAACACCGTCACAGACACACCCAGGAAGGCCAAATCCTTC,"[[122871195, ""A"", [""C""]]]",yes,no,A->C,1
chr9,61194125,61194416,AAAATCTATCCAGGGATATGAAAAGCTTCCCACGGAAGGTTCTGGGGGTGACTTCTGAGGAGTTGGAAAGGAACTTGAGGAAGCCCTTGAGGAGTGACTCGGGAAGTGATTTATTAAGATGCACAGAGAGGACTCATATAGAAAACATCCTGAAAGCCCACATGGGCAGGAACTTGGGCCAGACCAACGAGGGCTTGATCCCCGTGTGTGTGCGTCGATCCTGGCTTGCTGTCAACCAGGCTCTTCCCGTGTCCAACACCCATGTGAAAACCAGCAATCTAGCAGCCCCGAA,N,no,no,N,0
chr20,38102301,38102502,ATTCAAGTTGTAGAAAGAAAGTACATTCTCTGACCACAGTGAAATTAAAATTAAAATCAAGGCCGGGCACAGTGACTCACGCCTGTAATCTCAGCACTTTGGGAGGCCAAGGCAGACGAATCACCTGAGGTCAGGAGTTGGAGACCAGCCTGGCCAACATGGTGAAACCCTATCTCTAATAAAAATACAAAACAGCCAGGCA,N,no,no,N,0
chr7,120843097,120843485,GGCCTATAAGTTAGGTTAAGAACCCTGAGACCACATTCAAGAGTAGAATTAGGCCAGTTATTATTATTCTCATGTCTGTTAGAAGTGAACAGATTGTAAAACTCATAAAAGTTATAAGTGAGTCAGTCGCAGTGAATTAGCCATGTTTCTAGCTTCTTTTGATGCATTAACATCTGTTCTGCATATATATGCCAGACACATCCTGCTCTGGAGAACCTAAAAATGTGCCTGAGTCACCTTGCCTTGGCCTGCTGCCTCCCTCGTTGCTTGTTCCATCCTCAAGAGGAGATGTTCTCCCAGGGGTGCACTTTTCAAATACAAACCATGCAATCCAGAATCCAAACTCCTAAGTACCTCCCTTATGGGGCTCTCCCACTTAGGGGCCACTA,"[[120843124, ""G"", [""A""]]]",yes,no,G->A,1
chr11,92445301,92445663,ACAGCTCCATCCCGGAGCAGTGGAATCATGATCTCTGGGGATGGGGTTTGGGTGGCTGTGTTCTTCAATGCTCCCCAGGAGATTCCGATACTGTTTGGGTTGAGAATCACTGGTTTTCATTGTTCTCCCAGAAGAGTTCCCAACTGGTTCCTTTCAAGGAGGGGAAAAAAAATCTTCCATCCACTGTCTGGCTTGTTGAAGCACATTACTCAGAGAACAGAGGGAGCCAACCCATATGGATCAATAATGGTCCACTGTGACTCACCCTTAGAATCATCTGAGTATCTATGTTTAAGACAACCTATGAGTGATTCTAATGGTAATTTAGGTTAAGAAAGGCCTAATATTTGTTTTGCATATATG,"[[92445314, ""A"", [""G""]]]",yes,no,A->G,1
chr10,51159911,51160167,ACATTTTGCTAATTAAAAATGGACCAAAAGTGAAATGGGCAGCCTGATGGTGATGGCAAGAACCTCATCTCCTGAGGCATTCTAGCAGTGACTACATCGCATCTGCTTAGAGAAAGTTTGTGTGGGTTGAGGAGGGATTCCTTGTGGCTGAACCATAACATATCTCTTGTATCTTCTGCAAACTCCAAGACTCTGAGTCTGTGAATCTGTGAACTAATACTCTACAAGTTAGCTTATAAGAGCCTAGCCCTCAAAAG,"[[51159976, ""T"", [""C""]]]",yes,no,T->C,1
chr18,55206943,55207357,CAAGTTCTGAGGATTAGGACTTAGACATATAGTCTCAGGGGCAATCATTCAACACACTCCAACCCTTTTATAAAACCTTTATTTAAAATCTGATTTTCCTTTTCTCTTGTTTAACTCCAATTCCCCAGCTGTGGATGTTCTTCCAAGATTAGTTTCCAGGCTACTGAAGATGACTCAGATAGAGCATATGGGGAAGATAATGATCTCATCTTTAGTAGACATTGGAAAGAAAAGAAGCAAGGTGGGTTTGTAGCTGTCCTGTTTTAGTGGCTCTGGCATGATCTTTGGGCAATAGATGGAAAGAGCAGCAGCTGGAAAGAGGGAATTCAGCTGCAAGTCAGAGGACAGCTCTGATGGAGTCGTCATCAAGATGACTCCTAGACCCAGTGTGGCCTTCACAAAAAGACACTCAAAG,"[[55207054, ""C"", [""T""]], [55207168, ""G"", [""A""]], [55207181, ""G"", [""A""]], [55207214, ""C"", [""T""]], [55207246, ""G"", [""A""]]]",yes,yes,G->A,5
chr8,86147359,86147587,CAAAAAAAGTAAGGTCTAGTTTTAACATGAGTAAGTTTTTATAGGGAAAAGTAAAAGGAAAGTCACGGGACTGCCAACATACACCATACCACACAGCGTGCCAACTCTCTGCAAGAAACAGGAACTAAGTCACACTAACACCAGCCCATTCAGTCTCCTCTAATCAAATGCGTGTCAAACTCTGCTTAGGGATGGTCAAAGAACAGTCCTTTTCCAATTCTAAAACGAT,"[[86147367, ""A"", [""G""]], [86147424, ""T"", [""C""]]]",yes,yes,A->G,2
chr8,69244769,69245065,TGACAAACTAAGTGAAGAAATAAAAAAGTCTGCAACTATAGATATTTTGATATAACTCTCTTAGTAATTGATAGAAAAATACAGAGAAGTTCATCAGTAAGAATACAGAATGGCCTTCCTTACCTCTAAAAGGCGTAGGTAGGGGCAGGGGCACTTGAAAGGATCAGTGAAAGTATCCATGATTCATCATGTTTAAAAATTTCTGCTCTCCCTCTCCCCATGGTCTCCCTCTCCCCACGGTCTCCCTCTCCCCATGGTCTCCCTCTCCCTCTCTTTCCACGGTCTCCCTCTCATGCC,"[[69244817, ""A"", [""G""]], [69244820, ""T"", [""A""]]]",yes,yes,A->G,2
chr15,52187193,52187453,TTGGTAACTGTTGCATCCCACTCCCCAGCCCTGTAAAGGCAGCCAGTAACAAGGTTGGGCTGAACACTCCCAGTAATAGCATTAGGACGGTGAGCCACAGGCTGTTAAGCAAGGGAGCAGTGTCATCCACGTGGATTATTCCAGCATTTGTGCTTCCAGAAGTAGGTCAGAGAGAGAGAGAGAAGGGACGGCAGGAAAACAAACTAGGTTAAGAGATTGCTATGTTCTGGAGAAGAGGAAATGAGCTGCGGACAGAGGAGC,N,no,no,N,0
chr7,93265300,93265512,AATATTTTAGGTTTTACTTGCCATACGTCTCTGTTGCAACTATTCAACTCTGCCTTTGTAGTCTGAAAGTAGCTGTAGACAAAAAGTAAACAAACGGTTGTGGCTATGTTCTACTGAAACTTTATTTAGAAACACAGACTGCCAGCTGGATTTGGCCTGTGGGTTCCGATCTGTGATCTAGAATTACAGTTAATAAAGTTGGAGATGTTTTGA,"[[93265317, ""A"", [""T""]], [93265415, ""A"", [""G""]]]",yes,yes,A->T,2
chr2,94205277,94205486,TAAACAGGAGGACTGCCTGCAAAAATAAAAAAATTACATAGGCAGATGTTGGAACCACCTGACTCATCACTTATAACAGTCAGTATAAAAATGCTCAACAAGCAACTACAAATCCTATGTCAACAATCAAAGAACTGAAAACGTCAGCAAAGAAACTGAAGAAGAATCAAATGGAAATTACAGAAATATAAAATACAGTAACAGAAATTT,N,no,no,N,0
chr8,106786251,106786634,AAGTTATTGGATAAAAAGCTCTAAGATATATTAAATGAGAAAAGCAAGATGTATATAATATACAGTCTTTCAAATTGAAAATAAGGGAAAATAAGAATATATGTTTGAATTTGTGGATAAGTCCATAAAGAAACCCTGGGAGGACTCAGAAACATCTAAATATAGAGGTTGTTGGGAAAGATACTTTCTTGGCTAATTTCTTTCACTTCTTTTAGCCTTTAGAAAAATCTTCCCTTCTCAAAGAGGATTACCTTGGCTAGCTGCCCAGTTGAATGTGAAGGCCATGAGGATTATTGCTTTTGTCTGTTTTATTCCCTGGTATGTCCCAAGCACCAACAATAGTATACACAGTAGACACTCCAATATGTGTTCAATGAATGAATA,"[[106786279, ""C"", [""T""]]]",yes,no,C->T,1
chr6,141617951,141618329,GTGAAACAATACATATACCCATTGTTTAATTTTGCCTTACTATTGAAGGTCTAGAATCTTCCTTTTTATACAAGTAGAATTGAGAGGTGACAGGGTGCTGGCAGTCTTCACAGCCCTCGCTAGCTCTCGGCACCTCCTCTGCCTGGGCTCCCACTTTGGCGGCACTTGAGGAGCCCTTCAGCCCACCGCTGCACTGTGGGAGCCCCTTTCTCGGCTGGCCAAGGCCAGAGCCGGCTCCCTCAGCTTGCAGGGGGGTGTGGAGGGAAAGGCGCGAGCGGGAACCGGGGCTGCCCGCGGCGCTTGCCGGCCAGCGGGAGTTCTGGGTGGGCGTGGCCTTGGCGGGCCCGGCACTCGGAGCAGCCGGCAGGGCCTGCCGGCC,"[[141618057, ""C"", [""T""]]]",yes,no,C->T,1
chr3,190531358,190531790,ACAATTTCAGCTGTTCTGTTTCCTCACTTTCCTGAAGTATTTTTACTGCCTTTCCTCAAAGCACAGGACACCAAACACAGGGTAAAGAGGAAAGGGTTCTTTACAAAAGCATACCTGAGTGGATACCTTAACACCCTCAGGAAATCTACACATCTTTGAATTAGGGCATTCCATAAGTCTTCCCTGTCAGCACTTCCCGGCACATACTCCTGAATGTTTAAAAACCAACCATATCTCTTGGCTTCCTACTTGTCAAGACACAGCTGAACTTACTCACTTGTCTTGACTTATGTAAAACACACACTTACAGTCAGTGCTGTATCACCTAAGACTTCAACAGCCAGCAGCAAGTGAATTAAGAAACCGTAATATATCCTCCATTCAATGCACCCTTGCAGGGTTTTGCACCCCTAAAGAGATCCCTAGGGCACAT,N,no,no,N,0
chr2,18799412,18799884,GGACGTAGTTGGAAAACTATAGGAGGCAAAGGTACAGTGACAAGAGGTGACACAGAAAATAGTGCTGGATATAGCTCCTTTTTTCTTATGAAAGAAAACAATAGAGAAGAACTTGATACTTACTCATCTCTATGTTACGAGCTGTTTCCAAGTATCCAACACACATTTTCTGTTGACTACTCATTACAGAACTGCCGGATGTATATTAAGCATAGCTTTTATTGCTGCAAGAGCTAAAGTTCAGAGAAATGAAAACTTGTGCTGAGATCTCACAGCAGACCCTGAGCATGCTGCTGGAGCTGGAGCCAGAGTCAATGGACATGTGGGTTGGAGTCATCCTTTATGTATTTTCTGGTCTCCAGCATGTTTCTCATTTGTAAAATGTAGATGATAATAGTGCACATGCCTGAATCTTTAATTCTTTTTTTCCTTTTGGCAGTTTTTGGAAAAACTCTATGCAGAAAAGTTGGTCC,"[[18799416, ""A"", [""G""]], [18799518, ""G"", [""A""]]]",yes,yes,A->G,2
chr14,102988113,102988334,ACCAAACAAGAACAAATTGAAACAAAAATCTAATGAAAAATTGAAGAAAGGGAAGAAAAGATCTAGAAGAATAAAATGAGGTAAAGAAACAAGGAAACGCAGTCAGATAGGAAGCAGCCAGAGGCTAAAGTGGGAGACAGGCAAAGAAGGCCCAACAGATGCATAACTGGAGTCCCTGAAAGAAATCAAAACAAAACATGACTAACATTTGACTACAATCCA,N,no,no,N,0
chr11,85539073,85539450,AGAAGACCTGCTGCCCTATACCTGAAAGGAAGGAATGCCGCACATGGATCAAGAGGCATCTAAATAGGTAGGCCTTGCTGGGTTTCTCCACTCAAGTCTATTACCATTAGATCATTCCCTTTTTTTATCCTATCACATTTCTGAATGCAGTGCCTTAGACTGCTCGGTCATCCTGACACATGATACAGCTGTCACTCCATTTAATCTAAGCATAAAAATGGACAGCTGTCCCTTGAGTCTCTGGATCTATTTCTGAAGTTTCTTGGGCTGCATAAAACTTTGATTAAATGAATTGTTATGCTTTTCTCCCATTAATCTTCCTTTGTCTGTTTTATTTCAAACCTAGCCAGGAATGCTAGAAGAATTGAGGAAATATTT,"[[85539112, ""A"", [""G""]]]",yes,no,A->G,1
chr20,16828961,16829244,TGTTCTCAACTGTGAGCTAACAGCTTGAGTAGGCAAGCAGCAGATTAGCCTGTTTCTGTCAAATCCTGACACTTGAAGAAAACACTGTAATTTGATACAATGAAAAGGTCTTAGATTTCACTAAAGTCTTTTGAAGAAATTGCGACACAATCATTGGCGATTGAGTGAAATCTTGGAAATGAACTAGGCAGCAGAAGGGTGGATAAATTCGGGCCCAGGAAGCACTCCCTGGACTGTGGTGTTGTTGCTGATTTCTGCTGTTTGTGGTGAGAAACAAGGTTGGG,"[[16828981, ""G"", [""C""]], [16828982, ""G"", [""A""]]]",yes,yes,G->A,2
chr6,42241911,42242312,AAAGTGAGAAGTTGTCTCTACAAAAAATTAAAATATGAGTGGGGCGTTGTGGTGTGTGCCTGTAGTCCCAGCTACTCAGGTGGCTGAGGTGGGAGGATTGCTTGAGCCCAAGAAGTTGAGGCTGTAGTGAGCTATGATCATGCCGCTGCATTCTAGCCTGAGCGACAAAGTGAGACCCTGTCTCAAACAAACAAAAGAAAATTTGCATCTGACTGCTCTTAACTACACAAGGGAATCAGGCTTAACAACACGCTCAGCAGCTGTGTGACTATGGCCAATTTGCTTAAGCTCTGTGCTTCAGTTTCCTACTGCATAGAATTGGTATTAAATGAATTACATTGGATTAAATGAGTCAATATTTATAAAGTCCCTAACACAATGCCTGGCACATGAAAACTGCTG,"[[42241920, ""C"", [""A""]]]",yes,no,C->A,1
chr2,220432736,220432965,AACAAACCCAGTAGAAGGAGTGTGCTGTGTCTGGCCCATCCACCTGCGGCTCTCATTATTTTTGCCCATGATTCTCATGGCCCTCTAGTTTCATGGCCTCTCTAGTGCTTCCTCTTTTGCTTTCTAAATCGACAACAGCACTTTCACAAGTTGACATTTTCAGATCATGGGGAAGGCTGTGGTTAGTTAAAGGTTGGGAGCAAGTTTGATATCAGCTTCATTCTGAAATA,N,no,no,N,0
chr1,214708564,214708910,TTACTGCACTGAATATAGTAGGTAGCTATAATACTTGGTGTTTGTATATCTAAACATATTGAAATATAAACATGATACAATAAAATATAGTATAAAAAATAAAAAATGTTAGATCTGTATGGGGCACTTACCATGAATACAGCTTGCAGGACTGGAAGTTGCTCTGGGTGAGTCAGTGAGTGAGTGGTGAGTGAATGTGGAGGCCTAGGACATTACTACACACTACTGTGGACTTTGTAAACACTGTACATTTAGACTACTAAATTTATAAAAAGTCTTTCTTCAATAATAAATTAACCATAGCTTGCTGTAGGTTTTTACTTCATAAAGTTTTAATTTTTTAAACT,"[[214708661, ""G"", [""A""]], [214708680, ""A"", [""G""]]]",yes,yes,G->A,2
chr15,87408814,87409277,TCCTAGACAAATACTATGACATATTGCAAATCCCTATTTCTTGCAATCACTATTGCTTTCAAATAGCCTTTCTGAAGTTTCCTAATGCATGGCACCATGTCTTTCTTTCTTTTCTATGCCAAGCCTTATGATAACTGTCTTCCCTACCAAAATATTACGAGAATTATCTGGCCCAGCTGACCGCAGGGCAGTTCTTGGAGGGGGTATTTAGGCTGTTTTTAAGTACAAAAGAAAGTATGTGGTTCTGATGTGTAATGAAACTGGTGTGGTGTGGGGCACCACTCAGCTCAGGCTGCTGAGAAGTCTCTCCCTGTCTGCCAGTGCAGTGCTTACAAACTGAGCTTTGCTTTCCATTCTGAGTCTATGGTCTTTTTTCACAGACAGAATTGCTCATCCGGTCCCAGACTGCCGTCGATTTTCACCCAAGAGCAATGTCCATAAGTCAATATCTACAATGTTTAGGA,"[[87408979, ""C"", [""A""]]]",yes,no,C->A,1
chr5,66767026,66767338,CGTTTCCAGTTGGCAGAAGTGGAAAGAGAGAGGAGAAACCCTTTTGACTTCTTAAAAGTCCCAGCCTGGAAGAGACATGCTAATTTCCGTTCCTATTCTTTTAGAAAGATCTAATCACATGGTCACAGATGAATGTAAAGTGCACGTGTGTGTGTGTGTGTGTGTGTGTGTGTGTGTGTGTGTGTGTGTGTGGTGCTAGGGAAATATGGTCCCTGCTGGCCTTGCCTCAGCATTCAGCTAGATAAGAGATGGGGGAGCAGGGCACTTACTAAGTCAGGAAAGACCAGGAGAGAAACAGATTTTAACAAAGACA,"[[66767069, ""C"", [""T""]]]",yes,no,C->T,1
chr2,27208572,27208844,GCCAAAGAGAGTGGTCGTATCCTGCTGGGGACAGACACCTACCTGGAGAAGCAATCCCTGTTCTGAGGCAGAGTTGCCTGGAGCTGCAGAGCTGAGGATCTGGCTCTATGAGTAGCTGAGGTGAGAGATCAGGAATTGGGGGTGGGGTGAAGCTCAGCAGTCATTTGTTCTGGCCCCTTCAGGGAACCAATGGCTGTGTTCCAAATGGCCCTATCACCCTATGGCCCCCAAACTCCAACTCAGCCCTAGAGGCTCCAGAACAGGGAAGAGGGA,N,no,no,N,0
chr1,225794976,225795236,TGTTTAATGGAACTATAATTTGATTTGGATCATATCCCATTAACTTTGTTGTGCGCAGCCTTCCTTGTCCTACTAGTACAGCAATTTGATCTAAGTATAGAGTGAGCGTTTAGTTGTATTGTGAGGTAGAAAAAGCCACTCAACCAGATAATTCTGTTGAACAGTAACTCCTGTAGGTGAATGTTTAGTAGGAAAAACTAAAAACTAATGGCTGCATAGGGTCAATTCGAGTCACTTGTGCCTGTTGAATTTTTTTCTTCA,N,no,no,N,0
chr11,7480137,7480567,TGCCTCGGCCTCAGAGCAACCTTTAAAGGGCTGTCTGTGTGTGTCTCCCTCCATAAGGAATGTAACACATACTCCCTCCTCCTTTGCCTACTGATTACTCACGTCATAGATCTTAGCTTAGATGTAGTTGCAAAGACTTCCCTGAGCCTGAGAAATCTACATGTTCTTGGGAAGGAATTGGCAGACAATCAAGGCTCCTAAGCAGGGAAATTACACAATGAGGTTTGCATACTGGCTCCCTCACTCTGGCTACAATGCTGACACTAGACTTGAAGGGGTCAGAAGGGAGCCTGTTGTAAACAACACAGGATCTGGCCATCAACCTGACTCCCTCTCTTGCCTCTCATTCAATCACTAACCAAGCTCTGGCAATTCTACATTCTAAATATTTCTCAGAGGCAACCAGTTAGCTCTCTCTCCACTGTCACAAC,"[[7480227, ""T"", [""C""]], [7480241, ""T"", [""C""]]]",yes,yes,T->C,2
chr11,70942588,70942907,CCAAACCATAGCACAGACCTAGCAGACTAGCAGAGTGTCATTTCCACTTCACTTCTAACAGATGAACTTGAGGATTTACATTCAGGGACAGATACTTCTTCAGGATAGAAACAGTGGATTATAAGTATCTCACCAAGCATCAGTTGCACTCTGCCCTCACCTTTTGCATTTCACAAGCCCTTCCTCCTTAACTCTGCACCAAGCTGTACCGGGTTAACACTGCCACTCAGTGGCCAGCTCAAGAAATTACATGGAGCCATAAGACCAGACAGGCCCTTTGCCTGTTCACTTACATTTGTTACTGAGGGTTCTGGGTCTGG,N,no,no,N,0
chr16,821800,822058,CCTGTCCCCGCCAGCTGGGTGCTACCTGCTGACCAGCCAGGAGCTGGGGAGGGTGGGAAGGGTTGTCTTCCAATGTCAGGTTTTCATTGAAATACCTTTTCATTGTGAGCTTTTAACTCCGGGGTTGACTCCGCCTTTCCTCCCTTCTTGATCCTCCTACCCGCCCCCTCCAGCCCTGAGGAGCTCAGCTCCCCACACGGCTGCCCGGAAGTGGCCTCTCTTGACAGCCGCCTCTCATCGCTAGGCCTGACCCTTCTTT,"[[821829, ""C"", [""T""]], [821951, ""C"", [""T""]]]",yes,yes,C->T,2
chr20,61806504,61806778,CCAAGTGAGCATCTGAGGAACACGTGTGCACACACATGTCCACGCGCACGCACACACATGTCCACGCGCACGCACACACACATGCAGTACCATCGGAGCAGGTGGAGGGTGGGGGCTGTAGCAGAGGCCGGACTGGAATCGCTCAGGGGCTGCTGGAGGAGCTGCCTCACCTTTCCCTTGGGGCTGTTTAATTCTGCGGGGGAAGTGAGGACACAGGAGGAAACCTTGGTCCCTGCCACGGCTGCTGTGAGCAGACATCAGGGACATGTTCATCA,"[[61806643, ""T"", [""C""]]]",yes,no,T->C,1
chr13,103213100,103213578,TGTGATATTTTATGCAGAACAGACTTCTAAAATGCAGAAAAGAGTCTTGATTAAAATGGAAACCTTTTAAATAATCACAGGGTATAAAATTAAATGGAATAAGTCTGAAGTAATGCAAGTCAACCAAAACAGCTTTAACGCTGTTTTCCTCATTTCCCTCTGCTTTGTCCCCTGAAGAGTATAAAAATTCTTAGCAGTGTATTAATGGAGTGCTGAGTGCCCCCCTGAGAGTACCCGACCCCTCCTCTCCAGAGTCACTGGTGTAATCACTGCCGACTGTTCACACTGTCAGCATTCTTTCCTCGCTGCCTCTGTTCAGGCCATTCTCCTTTGAGGCAGGCATCCCTTTCCTTTTTCGAAATAAGGGTTCTCAACCGTGGGGCTGTTGATATTTTGGACCACGTGGTTTTCTAGTGTTGGTGGCTGTCCTGTACACCATAGGTTGTTTAGCAGTATCCCTGGGTTTCCTCTCTGCTAGA,"[[103213141, ""T"", [""G""]]]",yes,no,T->G,1
chr1,105608721,105609023,ATAAGAGAATCAAGACTAATTCCAGATTTGGGGCTGAGGGAAAACCATTATGTAAACCATGGTGTAATTTTCTGATTTAGGGAACACAGAAAATATATAAGTTTGGAGAGGAGATTTGTGTTAAATAGGTAGTGCTGTTGAGACAGTTCAAAGTGGATGTCAATAAGAAGCTCCATATTTAGGCCCTAGAGCAACCCCTACTGGATATATGAATATGAGAGCCTCACAAAGAGATTGCAACTGAAATAATGAGAGTAGATGCACACTAAAATTTTTTAAACGTCCACTATAAATTTCAGAAAA,"[[105608736, ""A"", [""C""]]]",yes,no,A->C,1
chr1,8402219,8402705,ACCATCATGCTGTGGGAAGCCCAAGCCAAATGCAGTGGCCAAGTATAGGTACGCCAGGTTTTCATCCCAGTCGAGCTCAGCCTCAGAGTCACCATCACAGCCAGGTGGCAGAAATGTGAGTAAAGAAGATCACAGCTGTTTATGTCACACACAGCCATTTGTGTCTTCCCAGCTGAGGCCCCAGAAATCACGGCACAAAGATAAGACACCCTTACTGCCCCATTCAAAATTCCTGAACCATGGAATCCATAAACAGAACAAAAAGGTTGGATGGGTTGATATGGTATGTCATGCAACGGTGGACAGCTGGAACACAAGACTAGAGTCTCTCATGGTAACTATCTTTGCATTCCCGGGATAACTCCTACTTGCTCACCATGTAGTACTTTTTATACATTGCTGGGTTCAGTTCGGTAATATTCCACTTAAGACGTTTATGTTTTGCTTGGTGAAGGGAGAGATTGGCCTACAAAAAATGTTTCCTTCT,"[[8402280, ""C"", [""T""]]]",yes,no,C->T,1
chr18,35850006,35850326,GCCATCATATCCCCTGTGGCCTGCACATATACAGCCAGATGGCCTGAAGTAACAGTAGAATCACAAAAGAAGTGAAATTTAAATGGCCTGTTCCTGCCTTAACTGATGACATTCCACCACAAAAGAAGTGAAAATGGCTGGTCCTTGCCTTAACTGATGACATTACCTTGTGAAATTCCTTCTCCTGGCTCATCCTGGCTCAAAAAGCTCCCCCACTGAGCACCTTGTGACCCCCACCGCTGCCCACTGGAGAATAACCCCCCTTCTTCCTTTACCAACCGAGATCTTATAAAATGGCCCCACCCCATCTCCCTTAGCTGA,"[[35850059, ""T"", [""A""]], [35850321, ""C"", [""A""]]]",yes,yes,T->A,2
chr11,37574417,37574703,TCCAAAGCAATTACAAACTTCAAAGACCTAAAGAAGGATTGAAAAATTTCCCAGGAGCTGGTACTGCCAGAATGATAGAAAGATGAAAGGGAGTAAGTTGCCCTTATTTTCTATTTTAGGCGGCTCGTACATCAGTTACTTTGCCAAAAATCAGTGATGTGGTCAGTTTCTTATCCAGACACCTGCAAAAGAATTCATTTTAACAGTAACTCTGAATTTCTCCCAAGTATGCCTATTACTCAAGCATTTGTAAAGATTTCTCTGTTTTTCTTTTTGAAGAGAGGAAA,"[[37574506, ""T"", [""G""]], [37574538, ""A"", [""G""]]]",yes,yes,A->G,2
chr3,157810953,157811294,ACTGAGAAATAAATGTTCAGTGGAGGGAGCTTGTCGGGGGGACCCCTGGGAGAGCCAAGGAACAGTGTTTATTGGATAAAACACTAAGTTTGTACAAATAAATCACAGATCCAAAATGGTTGAGGTAAGAATGGAGGATATTTCACATCAAATCATCACATCTTAGAATGGAGTTTTGGTTTCGTTTCTCTTTTCTTTCTCTTCCCCTTTGAAAGATGAGACTCCAGATTTGTAACTTTTAAATGGTAAGTCAGGGTTAAATTCCCAGTTTATTTTAACTTGGAAAATATCAGTGATTTGTTATCTGAATCACCCAGTTGGCTTTGTTTTTCTGTATGAACA,N,no,no,N,0
chr6,83293264,83293564,CGGCCATCTTGGAAGTGACCTCCATCATAATCATTTTTAAATGTACAGTTCAGAAATGTTAAGTGTATTCACAGCATCGTACAATGGATCTCTAGAACTTTTTCATCTTGCAAAACTGAAACTCTATACTCATACTAATTCTCCCTCCTCTCTTCCCCCAGCTTTTGGCAACCACTTTCTAGTTTCTGTTTCTACTTTCTGTTTGTATGATTTTGCCTACTTTAGATATTGCATATGTGTGAAATAATATTACAATTTTCCACAGGCAAAATTTTATTTAGGTATGTTTTACTGAAACTGA,N,no,no,N,0
chr10,48897065,48897564,GACCCATGAAGCCCTCCCTGCTGGCCCCCACTCTCACCGAGGGGCCTTCTCACCCCGACCCTCATACCCTTTGTCAGCATCATCCTGGAAACTGCGCCGTCATATTGCTGTCCCCTGGCCTGGTGAGGCTGGCACCCCACCCTGTTCCTCCAGGGCAGGGCAGCTTTCACGTGTCAGCGGCCAGTGCTAGAGCTGACATGGGCAAGCACTCAGCAAGGATTTCTCAGATGAGTAGGGCTAGCACACTGGTTGGCAGTGACCACCGCACTTCTCTGATGTGTCATTGGAAATGTGGGTGGAGCTGGTGGAGGGCAGGAAGAAGAAGAAGCCTGCACGTGTCCTCACTCTGATGTCTGAACATGTGCCCTGCATGCCTGTTTCCTTTTCAGCATCAGCGATCCGTTCATTTTCAACCTGTGCAGCAAAGACAGGTCCACTGACCATTACTCGTGCCAGTGCCACAGCTACGCTGACATGCGGGAGCTACGGCAGGCTCGCTT,"[[48897103, ""C"", [""G""]]]",yes,no,C->G,1
chr3,133597113,133597492,ACCGCACCTGGCCAAAAATTGCTACTGTTTTTTAAAAGCATGCAGTTTAACATGTCATTTTCACATAGCAACCTCTACCTAGCAACTTCCACTTAACCCAATACAAAGGGCCACCATCCCCTATACAGCCTGCATTCCAAGGAATGGGGCAGGGGTATGGACATCCGTCATTGATGATAAGGAGTCAGTCTCTGGACTGGCCACTCCTGGATTCCTTAACTTGGAACTCCAAACATACATTCTTCTTAGACCACAGGGTCACTTCCCAGGGTATGCCTGAGTTGTTGTCAAGTATGTCTGCCATAGACTGCTACTCAGGATGGTAGAAAAGGAGCTGAGTGGCAGGGCGCGGTGGCTCACACCTGTAATCCCAGCACTTT,"[[133597121, ""C"", [""T""]], [133597159, ""C"", [""T""]], [133597194, ""A"", [""G""]]]",yes,yes,A->G,3
chr3,21746068,21746344,CACACACCAACCAACACATCTTGTCTTATCAACGGAGCGTTCAGTCAAAAGCAACTGTGACCGAATCTTCCGGAATGGAAGTCAGAAACCACTAATTTAAATTTGTCATTTGTTTTTTGGAACAACTATGTCATCCACGAAAGCGTAACTTTGCAAGTCATCATTAGCTCATGAATTTTGGAACTTATCCCTTAAATAAGCATACCTCATTTCCATATAATTACCACAAGTGTGGAGGTCCTTTTAAAAAACTAGCTTAAAATTTAAGGATGTGATA,"[[21746292, ""A"", [""C""]], [21746297, ""C"", [""G""]]]",yes,yes,A->C,2
chr9,10380402,10380603,TTCAGTTGCATTTGTATCTTTTGAAATTTTAGGAATGATATATTTAGCTTCTTTGCATCAGAAAGGTTTATTTAGCAGGCCTCTAAAAACGAAACACATATCATAGTACCCTTCACTAATCAGCAAAATGTGTCTTTACTACCACATGACTGAAACAAAAAGTGCCATCATGTGTCCCACAGTTTTTATTCAAAAGGAAAGT,"[[10380406, ""A"", [""G""]]]",yes,no,A->G,1
chr6,84860979,84861318,TTATGACAACCTAATTCCAAACTTTAAAACTACAGGGGAAAAAGCTGGGTCAAGGGGGAAAGAGAACATTTCAACTTGTTTACTCTGGATACTATTCCCATTTCAAGTTAGGCCTTTTGATTCTTTACATGTGCAAAAGAACTGACTTCCCTGAGTACACAAGGGACAAATTACATATTGTGATGTCATTGCCTTGCGGATTTCTCATACCACCAAATACATTAGTCACACTGTCAATGTCACGGAGATATAAAAGAAAAAAAATTAAAAGGCATATTATTTTCATATGAGAATCAGTAATGATTTCTCTTTGGATGTATTTCTTCAAAATCATTTCCTA,N,no,no,N,0
chr12,57637380,57637658,TTTTTTTTTTTGAGATTTGAGTCTCTGTTGCCCAGGCTGAGGGGCAGTGGTATGATCTTGGCTTACTGAAGCCTCCACCTCCTGGGCACAAGTCCATCTCGGCCTCCAAGTGGTGGAACTACAGGTGCTCACCAACACGCCCAGCTGATTTTTTACTTAGTGTATTTAGTTGTCATGTCTTTTTGTTTCCTCATCTTTGAGGATATTAAACATACTTACAGTGGGCCCTCTGGGTTCAACAAGTGCAGTTCTGCCACCTGCTGATCAAAAATATTTGGA,"[[57637467, ""T"", [""A""]]]",yes,no,T->A,1
chr4,159904989,159905305,TTTCCCTGAATCAGGCCCCTGCATACTCTTCCAGGATCCGTAGCTCCCTGCAGTATACCCTCATCCCAGCACTCCTATTAGTCATCATGGGGTCTGTGGCTTTTGATTAGTTTTGCTAAACTAATCCCTGATTCTGGTACTCTGCCTGCTGGTAGACCACTGACACTCCCACCCAGCAGCTGCCATGGCCATCTTTTGGGGATGACTTTCCCAGGATGCTCTTTCCCAGTGGTCCCTGGTGTTGAACTGATCCCAAGGCTAAAATTATTTCAGATGTTTCAAAACGTAGTTATTTTCCTTTTAGCATCCACAAAGTC,N,no,no,N,0
chr16,26969342,26969545,GCCCAAACCCCAGACTGCATAGATGTAGTCTTCTATATACATGTCCAAACTCTAGATTTGAGGATCTAATTACCTTTTTGAATTTCTTGGATTTCACAGAGGTATCAACAGTGTGATATGTCCAGAATGAAGTTCTGACTCACAACCTCTGTGGCTGCCAAAACCACTGCAATCACATATTAATAAAGGCAATTTCTTCCATCA,"[[26969383, ""A"", [""T""]], [26969417, ""A"", [""T""]]]",yes,yes,A->T,2
chr15,63964655,63964932,TCTGTTTATTTTCGAATAGTCTATCTTCAAGCTCACTAATTCTTTCTTCTGCTTGATCAATTCTGCTGCTAACAGACTCTGACGCATTCTTCAGTACATCAATTGCATTTTTCACTTCCAGAATTTCTGTTTGATTCTTTTTAATTATTTAAATCTCTTTGTTAAATTTATCTGATATAATTCTGAATTCCTTCTCTGTGTTATCTTGATTTTCACTGAGTTTCCTCAAAACAGCTATTCTAAATTCTCTGTCTGAAAGGTCACATGTCTCTGTCTCT,"[[63964660, ""G"", [""T""]], [63964798, ""G"", [""A""]]]",yes,yes,G->A,2
chr12,34016405,34016673,TTCAGTGCTCCTGGCCCATCTTCAGTGGTAGACACATCCTTCTTGAGGCCCTACCTGAGAGGGGGAACGGAGGGCTTTCAAGTTGTTCCTGTTCCTCCCTACTATAGTAGCCAAACTGTGCCTTGCACGTGTGGCAGTTTTAGAGCCAGGGAGTGTTCGCTACCTCTCCACTAGGAGCACCATACCTCTGCTTTGAATTACTGAAGGATGGAGGCCTGAAGACCTTCCTGCTACTCCATTGAGGGCAAAAGATTTTTCCTTCTCTCCCT,"[[34016472, ""T"", [""C""]]]",yes,no,T->C,1
chr9,3040726,3041155,CTTTTGTTATGAAAAATCTCAAATGTACATAGTTAGATTAATATACAGAATCCTATTCCCAAGATTTAAAATTTGTTAAGATTTTTTTCATCTTAATTCATCTGTACTGCCGTGCCTTTTGGGGAATTTTTTTTTTTGCTGTACATTTTAAAGCTAATTCCAGACATCATGTTATTTTACCCATAAATCTTTCAGTAGAACGCATATTTTGTGCACTTGCTCAGCAGGAAACAGGGACCAGAGAAGATGGTTGCTATAATAAATACTGAGAGCAGAGAGGCATACAGCAGTCATGCTCCAGCTGGGTTTAAATGAAGTATGAGTTTTCCCTATAAGAGAAAAAAATTGAAAAACAGCTGCTAGAAGAAAAAAATTGAAAAACAGCTGGTAGAAAGTTGGAGTTTTTACTTTTTGCCTTCTTTTGTAATCG,"[[3040755, ""C"", [""T""]]]",yes,no,C->T,1
chr2,147288742,147289120,CAGATGTGGGAGGCAAAGAAAAATGAAATCAGGAATGGCTCAAAAATTTTTGTTTGGGCAGCTAGGCAAGTAACAGACATTTTCTGAAATGGAAAAGATTAGCGAATTAAGAGGTTTTTATGAAAAATAAGAGTTTTGTTGTGGATATGTTAAGATACCTGCTAGATATGCCAAGTGCCAAGTAGAGCAAATGGTTGTCTATGTTGTCCAGAGCTCAGTAAAGTGGCCAAGAGTATTGAATGAGTTAAGTTGGGGGACATATATAGGTGGATGGAACTTTGGCACAATCACAGGTGGCACAAGAAAGTGAGCTATTAAAGGAAACTAAGAAGTTTTCTTTCAATTAGGTAGGAAAATATATGGTTACTAAATCAAAACA,"[[147288844, ""T"", [""C""]]]",yes,no,T->C,1
chr18,73881333,73881701,AAAATTCTTAACTAAGGAGTAAGCAGAAAACAGCTCTGGAAAGCAAGAAAGAGATGACCCATTCCTTTACTGCATTTAGCCAATTGTCTGAGGCCATGACTGGAGTCCTCCTTCCTCTTAACAATTTTGATGTGACAGCTCACCAGTTTCATAATGCAGCCCTTCCTAAAAGCTGACTGCCATCTCCAGACAAGCTCTGGCCAGAGCTTGCAGAGGATGTACAATGAGGTTTTTCATGTCCTCTGCTTTATCTTTTGATGTCAGAGGGCCAAAAGCTCCACCCTTGGATCATGCCAAAGCAAACTTTTTTGAACATGTGGTCCATAAAGAGGCAAATAGCTCAATGGTGCATGTGCATTTTTCTCCTTT,"[[73881406, ""G"", [""A""]]]",yes,no,G->A,1
chr8,50666168,50666553,ACCTATTCTAGTCCTGAGAAAATCTCCAACAAACCCAAGTGAGACACATTTCATATAAAATGAATGTCCTATTTTCTTCAATAGTGTCAAAGCCATTAAAGTTAGGAAAAGATCAAGGCATTTTTCTCACTGAAGGCAAGTAGCATCACAGAACAACCACATGCAGCAGAGGATTCTGAACTGGTGAGTCATGAATGAAGCCCAAGGACTAGACCACATCAGAGTCCTTGCTTTGATGATTGCATTGTGTTTATGTAGGTGAATGCCCTAATGTTCTTGTTTGTAGAAGGTACACACACACTGAAGTATGAGGGTGGGAGGTAATGAAGTATCACATTGGTAGTTAACAAACAGTTCAGAAAATAAGTATTTGTAATTCACTTGCA,"[[50666260, ""T"", [""C""]]]",yes,no,T->C,1
chr7,108671996,108672426,TGTGTAGAAAGAAGTAGACATGGGAGACTTTTCATTTTGTTCTGTACTAAGAAAAATTCTTCTGCCTTGGGATCCTGTTGATCTGTGACCTTGCCCCCAACCCTGTGCTCTCTGAAACATGTGCTGTGTCCACTCAGAGTTAAATGGATTAAGGGCGGTGCAAGATGTGCTTTGTTAAACAGATGCTTGAAGGCAGCATGCTCATTAAGAGTCATCACCACTCCCTAATCTCAAGTACCCAGGGACACAAACGCTGCGGAAGGCCGCAGGGTCCTCTGCCTAGGAAAACCAGAGACCTTTGTTCACTTGTTTATCTGCTGACCTTCCCTCCACTATTGTCCTATGACCCTGCCAAATCCCCCTCTGTGAGAAACACCCAAGAATGATCAATTAAAAAAAAAAAAAAAAAAAAAAAAAAGAGTGAAATTCCA,N,no,no,N,0
chr7,85686379,85686781,CAACTTTGGAGGGCTCGGAAGAAGACAGGAGGAAGGGGGAAAGTATGGAATTTCTTAGAGACCTGTTAAATGGCTGTGCTCAAAATGCTGATACAAATATGGACAATGATGACCACACTAATGAGTCTCAGATGGAAATAAGGAACTTTTTGGGAACTGAAGTAAAGCTTATCCATCACCCATGTTACATCCAAGAAAAGAACTCAACTGCATTGTGTTCATGCCCTTAGGATCTGTGAAATTTTGAACGTAAGAACGATGACGTAGGGTATCTGGCAGAAGAAATCTTAAAGCAGCTAAGCATTCAAGATGTTGTGGCTTGGCTGCTTCTAACTGCCTATGAATAGAGGTGGAAACAAAGAAATAATTTAAAGTTGAAACGTGTATTTAAAAGGGAAGCACA,"[[85686395, ""A"", [""G""]], [85686617, ""G"", [""A""]]]",yes,yes,A->G,2
chr9,84104115,84104482,TGTTATTTCCTTGTGTCCATAGAAAGGAGACACTGGAGTCAGGATCTTTCTAGTGATTTATGAGACATTTTAGAATGTATGGGTTTGTAATGGTTGTGGGAAGGGGCTATTTACTGAGGAGAAAGCCACAGTGAGTGAAAACACTTTCTCAGAAGGTTTCTCATTTCTCTGCAGCTGCTGAGCAAGTGCCAATGTCCATTTCTGCTTTAGACTCTGGGGACCATGAAGAGCTCTTTTGGGAAGAGCCTCTTAGGGCACACACTAATCATGTTTCTCAGGTCTTACAGAGATGTGGTGCTGCAGAGATTTACACACATGTGAGGGAAAATGGTAAACACTAAACATTCCTAAGTAGGGTTACATTTTAA,"[[84104125, ""C"", [""T""]], [84104255, ""G"", [""A""]]]",yes,yes,C->T,2
chr4,165244173,165244491,TTTTTTTTCCAGTAGCACGTTGATCAAGCCACTCCAAAGCAGCCAACTTAGTTTTCATAGAAAGAGCTCTTTTTACATTCACATTTCATTGAATTCATTTACTTAAATTGTGTAATTTCAATAAGTGCAAGTGTCATAAACAGATGTGGGAGCAAATCCAACATGTATGAGTTGGTAAAATGCATCCCAGCTGGAGGAGCAGACGTGTGCAAGCACAGTAGAATGTAGTTACTGAGGGCATGGAGAGAATTGGTTCATCAGGTGAGTAGGTAAAGTAGATTTTGGTGAAGAGTGCTTTTGCTTTGTGTATTTCTATATT,N,no,no,N,0
chr15,23439279,23439563,ACTTGTATTTTTAGTAGAGACGGGGTTTCATCATGTTGGCCAGGCTGGTCTTGAACTCCTGACCTCAGGTGATCCACCCCCTCTAGGTCTCCCAAAGTGCTGTGGTTGTAGGTTTCGGCCACAAGGCCTGGCTAGTATTTTACCACAATTTAAAGTAAATTTTCTTTTCTTTTTTTTTTTTTTTTTCAAGTTTGTGCTCAGACTATATTCACACAGTGACATGGCGGCTTATGCTTCTGTAGGCCTTGTTGACAGTGCCAACTTTTAGATATTGATGATCTTCAT,"[[23439381, ""C"", [""T""]]]",yes,no,C->T,1
chr8,60497706,60497938,CTGGATGCCAGCACCCATAGATAACTGAGGGCCAATGCATCCTAATTAGGAAGGGATAAAAATAAATATATCCATAAAATATAAATATCCCCCAATATGCCTGGGACCTGCTGTTGGATGTTTACAGATTGACTCACAGGCCTGGTTGACAGTAGTCCCCAAAAAATTAAATCATGGGCTGCTTTGCATATGATTTCGGGGCATAGTTTAAAATATAATCATTCCCATCCTAA,"[[60497854, ""G"", [""A""]]]",yes,no,G->A,1
chr8,113546436,113546865,ATTTAGGAAAAGCTACTAATATTCTATCAAATGTGACTAAGAAATTTACATGGTTAAACAAAAATACTGAAGTATTAAATCCAGGTTTTAAATATGCCAATTGATTTCCTCTACCATCAGCATCCTCACAGATGCAATCTGAGGGTTCCAAGAGAGTAAGCGGTGAATAGTGGTGTGGGGATGACTCATACCTATTTCTCTTCTTAAAGATACATCTGTCTGGCACATTGTATCTGATGGTTTTATTCTCTCATAATGAGGATTTATGTTATCAAGTGTTGTTTATTTTGTTCTCCTTGGGTAGGTTTAATAATAAAATAGTTTGTCTTACTCAATGTTTGTGTCTAGCTTATTCTGTTGATAGCATCTCCTGATCATTTTTATTATTTGTTTTATTTAATCAAGACTTAGAAAGCATAACTAGATTTAC,"[[113546450, ""T"", [""A""]]]",yes,no,T->A,1
chr4,135883073,135883377,TATGAATTCTTTTTTTTTTTTTTTTTTTTTTTTTTTTCTCGCTCTGTCGCCCAGGCTGGAGGGCAGTGGCGGGATCTCGGCTCACTGCAAGCTCCGCCTCCCGGGTTCACGCCATTCTCCTGCCTCAGCCTCCCAAGTAGCTGGGACTACAGGCGCCCGCCACTACGCCCGGCTAATTTTTTGTATTTTTAGTAGAGACGGGGTTTCACCGTTTTAGCCGGGATGGTCTCGATCTCCTGACCTCGTGATCCGCCCGCCTCGGCCTCCCAAAGTGCTGGGATTACAGGCGTGAGCCACCGCGCCCG,N,no,no,N,0
chr1,243900162,243900439,TGAGACTTTATCCAGTGACACCTTCCCAGCGGGAGCTGTTCTCTCTAAAATGAGCTAAGTTTAGTCGGGTTCTCAGATGGAACTTGAATGCAGAGAAACTCACAGCTAATAGAAATAGAAAACCGCAGATGAATTCCACACCGCTGGCAAAGAGCAACTGAAATCACCAGTGCAACATCCTGAGAAATTGAACTTGCCACCTCCTTACACCTGGGGGAAAATGTCAAATGTCCTCTGTTACAATATCTGAACAGCTTGTGCAATTTTATCAATAGAGA,"[[243900191, ""T"", [""C""]]]",yes,no,T->C,1
chr6,109445424,109445771,TGCAGAACCTCTTCATCTCCTCCTCCTTCGCACGGCGCAGCAGAGTCTGACGCCATGTTGGGTAGTTATTCATGGTGCCTGAGGTCTTGGCAAAGGTCTGCAGGGCCTATAGGAGGGTCAGGCCAGTCAGGGATAGGGCCTGGGCCCCCTGGTGGATAGGAGTGTTGTTTGGAAAGGCAGAAAATAACCCGTGCTGAAGTGGGGTAAGCTCTGGTAGAAAAGGTAGAGGCCAGAGATATGACAGGCCAAGTGAGAAGACATTCCAAGAGAAGGGTGCAGTGGACCAGTGCAGGTTTCTCCTGTAGTGGGCTGGAGAGCGTTTTGTGGCTGCACGCTGGCCCACTCACC,"[[109445471, ""C"", [""T""]]]",yes,no,C->T,1
chr4,100442606,100442818,TATCTTTAACTTCACAGATTTTATCTTCTGATTGATCTCGTCTGCTCTTGAAGTTCTCTAATAAATTTTTTATTTCATTGATTGAATTCTTCAGCTTCAAGATTTCTGTTTGGTTCTTTTTATATCTGTCTTTTCATTGAATTTCCTAATTATATAATGAATTGTTTTCCTGATTTTATTAAATTGTCTATTTGTATTCTCTTGAATCTCCAA,N,no,no,N,0
chr5,32571222,32571485,ACTTCACACAATATAACCTTATTTCTTCACTCATATGAAGTCGTTTTTAGTACACTTTGCCATTTATGGACATAGGCTCTTACCTTCTCATGATTCTTTGCTGCTTAATCTGGCTAGAGTGGTTTCCTGATGTACACAGTGACAAACTCAGAGAGACACAGCTACTTACTAGATTGAGCTATAAGAAACTGATGACATATGAACATAAATACTGTCTACAAAATGGCAGTTTCACATGATTAAACCTAACTTCACATGTGATTT,"[[32571277, ""A"", [""T""]]]",yes,no,A->T,1
chr7,94360994,94361260,AATTTATTCCATGATGATGGAAATGTTAGTATGTAACATTATTGTCCTCATTTTAGAGATGAGTATGATGAATTTTAGAGATATTAAGTAACGTTTCCAAGGTGACACACCAGAATGAACACACCCAATTTCTGGCAAAGATGTCATGTCTGTCTTACAAAGTATTACCAAATCAGAGTAGGGAAAAGATCTTGCTTGACTCCAGCACCGAAATAGTGAACAAAATGGGTTCTGAGGTTTTCATGGTGGATTGCTGTAGGTACATTT,N,no,no,N,0
chr5,81805153,81805483,AGCATGGATCAAAGTCCCCCTTTAAAAGATATAGACTGGCTGAATGGACTCAAAAAAAAAAAAAAAAAAGCAAGGGCCAACTACATGCTGCTGGCAAGAAACTCACCTCACCTGTGGCTGAAAGTGAAGGGATGGAAAAAGGTATTCCATGCAAACAGAAACCAAAAGTAAGCATGAATAGCTATACTGATGTCAGATAAAACAGACTTCAGGTCAAAAACTGTAAATAGAAACAAGGAAGGAAATTATACAATAATAAGGGGATTAATTCAGCAAGAGAATATAACTATTCTCTTAATATATATGTACCCAACACTGGAGCATCCAGATA,"[[81805166, ""T"", [""G""]]]",yes,no,T->G,1
chr17,1065396,1065728,CTGCTGTTACGTGAACTGAGGGCTATGCATGTTCCTCTAGACGCTGTTGTTATGTGAACTGAGGGCTATGCATGTTCCTCTAGACGCTGTTGTTATGTGAACTGAGGGCTATGCATGTTCCTCTAGACGCTGTTGTTATGTGAACTGAGGGCTATGCATGTTCCTCTAGACACTGTTGTTATGTGAACTGAGGGCTATTCATGTTCCTCTAAACAGCAGTTTGGCTGCATCCATGGGTACTGGTATGTAGTACACTCATTTCCAGACAGCACTAAACAGTTTGCAGTTCTCATTTTGAATTTTGATTTCCTCTTTACCTTGTCAGTTTGAACT,"[[1065614, ""C"", [""G""]]]",yes,no,C->G,1
chr1,163528700,163529150,TAATAACTATTTATTCTATATTTTTACATAACTAGAAGAGAGGATTTTGAACGTTCCCAACACAAAGAAATGATAAATATTTGAGGCGATAAATATGCTAATTACCCTAATTTGATTATTATGCATTGTATACAGGTATCAAAATATCACACTTTACTCTGTAAATATGTATGAGTATGTCATTTTTAAATTTAAAAAAATTATACAGTATGCTGCCACCAGGTGGTGATAGCGGCAGCCTTTAATGGACAGTCTCATTGAACTGCTAGAAACATAGTTAAGACCTAGAGTTTCTGTCTAGCACATTACATTTATAAGAATAACTTTTTAAGATTTTGTTTTAAAACATAAGCTTTCTAGTGAAATCAAATGCTGGATGTTAAGAACATGCACTTAATAAGAAGATGAAGAGAGGAGTGAATATTTACTGAGCACTTACTATATGATTTTA,"[[163528706, ""T"", [""C""]], [163528786, ""T"", [""C""]]]",yes,yes,T->C,2
chr12,75805991,75806337,CTTGTAATACACACCAAGCGCCAGTTTGCCATTCACAGCCTTAGTCCTGCTCTATTCTTAGCTATTGACATTGCTTTTCCTTTTCCATTTCCGTTTTATTCTTGAACTCTATCATCTGGTGTAAATTTGTTTCCTCATAATTATTCTGGTTCTAATCTTAGTCTCATGTCACTTTGGATTTCACCTCTATTGCTTCAACTCTGTTGCCACAACATCTCCATAGTAACACTTGACCAACAAAAAAGCATCTCAATTTCTCATAAGTCCTATATTCTCCTTTCATCTAATAGACACTTTTAAAAACATTTTTTAAACTTAAAATAGAGTAAAAAAAAAATTGGAGGAAT,N,no,no,N,0
chr6,19332815,19333289,ACTCTGAGTTTCCAATGGTAGAGCAGCTACAGATTTACAAATCCCCTCCAATAATTTTGATGCACTGATAGGTTGCCTACAGTCTAGGGAACTAATACTACTCTGACCCTTCATAAGACAGGGAGTCGAGATCCAGGAATAGGAGATTATTATATCACTTCCCCCACTAGAACCAGTTAGCTAGACAGGCTTTACAAGTTTAGATTGAAATGCAAATATAACAAAGAAAACAACATAAACCCTTATCAGGGTAATGTATCATATCATGTCAAAATGTAATAAAATTTACACAAATTGATAAATCTCATTTGCCTCTCTAACTTAAGAAACCCAAAAAAGTGGCTTGCTCTGTAAGATCACCTACGTAGTTAATAAGCAACCTAGAACAAGAACCTGCCTCGTTATTTTTCAGGCCAGTTTTCTGCTCCACTTCCGACTGTGATGACAAGGCTGGGGCAAGAAATGATTTACCACG,"[[19332923, ""T"", [""C""]]]",yes,no,T->C,1
chr1,218669464,218669764,GTTATGCTGCACTAGATAACTAACATGACCATATAACAATAGGAATAATAACCAACAAATCAGGTCCCTTTTCTTCATCAGAAGGATTTCATGATATTGCTCAGGTGTAGACTTGGGTATGGCGATTCCAATGGAGTGACTTCATCCTTCTGACTCAGCATCTAACTTCTGATGCTACATTGTCCATTTACTGGAAAACTTGTTGCTTATTCCATGTTGCCTTCATTAATTGCCACTACTGATACCTAGTACACGAGTCTCAAGAGCAGCTATTCAGAAGACAAAGGTCTCTGATAGAAAC,"[[218669475, ""A"", [""C""]], [218669570, ""C"", [""G""]], [218669718, ""C"", [""G""]]]",yes,yes,C->G,3
chr12,64065998,64066490,TCACGTTCTCCTAAAATAAAGATACAAACCACAAATGTTTCTTGCATTAGTCAAGGCTCCCAATTGTAATTTACAGGAACACAAGTTAAAAAGTTAATTATTGGTCAGTGTTTGCAGTATCCTCAGACATCACTGGATTTGTGTTCAAATGATGTTATCAGGACTCTCTCTTTATCACTTTGAAGTGATTTCTTCATGTGTGTTGGTAGTGTTTTCAGGATAGACGCAGAACTATGTGGTCCCTTTTAAAGCTTTCCATCCCACTCCATCCTAGCATTCTTGTCTCTGAAGTAGGACTGACTCTTCACTGACCTGGCTGAAGTCATGCATACTTCTGGACAAACCATTACATCTAGGAAATGAGATTCTGTCATTGGCCAACCTGGAGAATGTGCAGCTCATAGAACTCTTTGATTGAGAATTCCAACAGAAATAGTGTATTTCTAGAGACAGACAATTCCCAAAAGAAAGGACTGTGGGACAGAAGCAAAAA,"[[64066095, ""C"", [""T""]]]",yes,no,C->T,1
chr4,71417269,71417605,CAAGTCAATCAATGAATGCCTGGTGATAAGCACAATTTCAGAGGTAAGGCTAGGGAAAGTCAGAGAAGGTGGGGGGTAGTCAGGGGAGTTAGTCTTTCCAAAGGCCTGGCTAGAGTTCAGAGGCATAAGTGGAATTTTGGGACTTTCCCTCTGAGATAGATGAATGAGTATTTCAAGTCTACTTCCTTCAGGCATGGAGCAAGTGACCTGTATTTATATACAGTGGAGTTCATGGCACAACAGTGAAAGAGGAAAATAACTTATTATAAAAGAAAAAATACCTAACTTAGCTAGCACCTAGAACCTGCAGTTCTTGTTTTTCTTTAAATCTTTTTTA,"[[71417332, ""G"", [""A""]]]",yes,no,G->A,1
chr2,123303207,123303445,TCTAAAAGTACCGGCTTAATATATTTCTATAGCATTGAGCATCTTCTGCATTATTTCTCCGGTATTGCTATTGCTCCATGTGCCTCTTCTCTCCTTATGGGAATCCAGTTACACGTAAGCTAGACCTTCTGTATCTTATATTTCAGTTATGCTGTTTGTTCTTCTCTGCTTCCACATCTTTTATTTTTCTGTTTTAGAGTAGACCAATTCTATATTGTTCTTAGAAAAACCTGTTGTTA,"[[123303214, ""C"", [""G""]]]",yes,no,C->G,1
chr9,64804737,64805001,GGAAGAACCACTGCTCTCTTCAAAACTGTCAGACAGGGACATTTAAGTCTGCAGAGGTTACTGCTGTCTTTTTGTTTGTCTGTGCCCTGCCCCCAGAGGTGGAGCCTAAAGAGGCAGGCAGGCCTCCTTGAGCTGTGGTGGGCTCCACCCAGTTCGAGTTCCTGGCTGCTTTGTTTACTTATGCAAGCCTGGGCAATGGCAAGCGACCCTCTCCAAGCCTCTCTGCCACCTTGCAGTTTGATCTCAGACTGCTGTGCTAGCAATC,N,no,no,N,0
chr2,54775825,54776072,GAAGATGCAATAAAAATTATAGAATTTTCTCTTTAAATATATTATTGTTGTAAATACCCACAGGGTTTCTAATATTGAGCCATCCTTGCATTCCTGTGACAACCTTACTTGGTCATGATACACAATTATTTTATAATAATATACTATTCTTAAGATTTGGTTTGCCATTATGTATTCTATTTAATATTGGCAAGTAAGAATGGTTTTCTGTAGCTTTATGATGTCTTTATCTAGTTTTGATAACCATA,"[[54775885, ""T"", [""C""]]]",yes,no,T->C,1
chr1,35460819,35461225,CATTATATTGGTAAAGGTGTGGAGAAAGAGGACCTCTCATTAGTCATGGTATAAGCATAAACTGACACAACCTCTATAATGAGTACTTTGGCAATATTTATCTCTGCCCCTGCGATTCTTCTATGAATTTATCCTAAAAATATACTTGTACATGTGTTAAACATCATGTTTACAAGATTATTCATGGTAACATTGTTTGTAATAGCAAAAGAATGAAAGTAATCTAAATGGTCATCAATAGAGATTGACTGAAAACAAGTAAGAACTCGTACAATGAAATTATACATCTATATGATGGAATGCTACTTAATCATTTTTTAAAAAAAAGAATAAGCATCTTATGTGTTGATTAAGAAAAATTCTCTAGGCCAGGCATGGTGGCTCATGCCTGTAATCCCAGCACTTTG,N,no,no,N,0
chr12,97452339,97452576,CTTTAACTCAAGATGACACATTTTATACTTTCTCTTTAAACTTCCACATCCTCTCTCCTCCCCTTGCTCTTAGCTGATCACTGTGGCTCACACTTCATTTAGAAAATGAAAGCCCATTGTCAGTCAAGAACTCACTCTCCTCTTACACCAAATCTACACACCTAGTTGGCTTTTTATTCATCTTCTCTCCTAGTAACAGTGGGAGAAATGTCTCTTCTCCTAGCAAAACTCAATCCTC,"[[97452454, ""G"", [""A""]], [97452510, ""C"", [""T""]]]",yes,yes,G->A,2
chr7,22397951,22398242,GCAGGAAAGGCCAGTGGGTTTGAAGAAGACAATATGTTCCAGTGTATTCCAGCATCCTTTGGGATGAGATCTCTATGGGAGAGCCAGAGACTGGGACCAAGGTTTTAAAATCCAGCGTTATGGAAAGAGCTGAAATTTGATCTGTGTCTGTGTTGGTGGTGATGACTAACGAACAGCGATAGAGAGAAGTTGCCTTACATCTGAAATGCTGTCCAAAATTCTTTGTGTCTCTGAGGTTAAGACCATTAGATTGAGGTGGCTGGAGTTAATAGGGCTAGAGCACTTATCACAG,"[[22398026, ""C"", [""T""]]]",yes,no,C->T,1
chr9,84278114,84278463,TTATGGAAGCATCAATCTGTGGACAATAGCTTCTTTTTTTTTTCTTTCCAAAGCAGAAAATTCAGCATCTGTACTTCAGAGTTCCACTGGAGAAGTGGCTGACCTCAAAATGTATTAGAGATCCCATTGCAGTTAAAGGTCGATGGATTCAACAATGTGCAGCAGCCCTTCAAAGAATACAGACTGTGGTTTCCTCCTGGGATGACTTCACCAGGACCCTTGGCAACAGTGCTGGTGGAAAGTGGAAAGAAACAGTTACATGAGCCATAGATGGCAGAAACAGTAGGTGAGCAGACAATGACATTAAAAATAGTTCGGGGCAGGAAGCTGATTTTCTTGCTCACATTCTG,"[[84278430, ""A"", [""G""]]]",yes,no,A->G,1
chr15,86443009,86443348,TGTCTGGATCTCCTGTACCAGCCTGTGCATCTCTCCCCGGATACTGTGTTGTCTGACAAGGAGAAACTGTTGTTCTCTTCTGTTGTTGCCCTCAGCTAGACAGAAGTCACTGAGCAGGAGAAACCTAGTGGCTCTCTCTCCACTCAGCCCCCGTGGCCCTTCTGCAATGACCATCTGCCGCAGGGCACCAGGGATCTCCAGATGGGACTCATGGCTGCTGGGGGTACAGTTTGTGCTCTTAGTTTCCCTGTGTGATCAGATGGATGGGAATCTCCTATTGAGATAACATTCTTTTCTTTTTTCCACTTTTGTTACTTTTAATTGATGCACAATAATTTCA,"[[86443056, ""A"", [""G""]], [86443124, ""C"", [""A""]], [86443160, ""T"", [""C""]]]",yes,yes,T->C,3
chrX,78710260,78710507,CAGGCTCTCACATAATAATAATGTGTTGAATTGATGGGAACTTGCTATTGGAGGCTAAATATAGTGCAAGGATAAAGTTACCATACAGACAAAGAAATACATAACAATGTGTTTAGCTCATGTGTGGTTAAATTGCTTATTTCACAAAATTCTTACTTGACATGAAACCCAAGTTATGCATGATTTATTTATGATTAAAAGCATCTTTCTTGTTTCGTTTTTAAAATACTTGAGTGTGCATAGAAATA,N,no,no,N,0
chr2,163686344,163686604,CATAATGTTGATTAAATGTACACTTAATGTGGCGAAAAGCTTTTCTGTGGCATGGCAGAGTCTTTCTAGTGCTATTTAAAAACTCTTCAAGTACCATCTTCTAAAAGTGGTACTTTGATGAGCAGTGCAACAACATACCTGAAGTTTCATTGCTATATAAAGCAGAGTTGGGAACGGTAAAGCAGTGAGAAGTGTGGGCGAAACTGCCTTATGTAGATTATCACATTACACATATAGTCCTAGTTAGGAACACACAAGCAC,"[[163686438, ""A"", [""C""]], [163686526, ""A"", [""C""]]]",yes,yes,A->C,2
chr16,64990997,64991456,TTGAAAGGTGGGGTCTACATGAACTCCCCTTAGATTTGTGAGCCTTATGACTCCAGTGGAAACATTTGGTGGCTTATGACTCCAGTTTCCAGTGGAAACTTCTGAAGCTAGTTAACAAAAGGCAAGACAATTTCTGCCTGGTGCCCTTGGGGATCACACTTTCCAAAACCAGCCCACGCAGAAAGGAAGCAGCAATCAACACAAACTTGCCAGCCATGCAAGTAAGCTGGTTTGGAAGTGGATCCTCCAACCCCAGTGGAGCTATACCCAGTTGTTGCTATGGAGAACAGAGGCATGCTGTCTCCTCCAAGCCTTGCCCAAATTCCAGACACATGATAAAAACAAATTATTGCTATTATTTTTATTGTTTTAAACCACTAAGTTTTCCAGCAATTTGTTACACAGTAATTGATAACTGATTCAGGGACTGTTATATCCAGGTTAGAAATGAGGACACTGA,"[[64991262, ""C"", [""A""]], [64991349, ""T"", [""C""]]]",yes,yes,T->C,2
chr2,127241135,127241458,TCTCCTGCTGCTATAGGACATACCCAGAACTGGTTTATTTATGAAGAAAAGAGGCTTAATTGACTCATAGTTCTGCAGGGCTGGGGAGGCCTCGGGAAACTTACAATCATGGCAGAAGGGAAAGCAAACACATCCTTCTTCACGTGGCAGCAGGAAGGAGAAGTGCAGAGCAAAGTGGGGGAAGTCCCTTATAAAATCATCAGCTCTCATGAGAACTCACTCACTATCACAGGAATAGCATGGAGGTAACTTCCCCATGATTCAGTTACCTCCCACTGGGTCCCTCCCATGACACATGGGGTTATGGGAACTAGAGTTCAAGAT,"[[127241181, ""G"", [""A""]]]",yes,no,G->A,1
chr3,133691470,133691767,CAGAGTTTGTCACGTTGTTGATAAGGCTCAGAAGGAAAACAAAGTGGCATCCAGCATACACGAGATGGTAGTTTGAAGACTGTGGTCAGGGAATGCCTCACTGAGGAGATGACATTTGAGCAGTGATGTAATGGAGGTGAAGGAGGCTTGAGTCATGCAAGTGTCTATTGAGCAAGTGTCTCTGGCAGAGGGTTAGAGGAGTCTTTCTCAGAAGTGATGGGCATCATGCATGGTTTGATCCCTTCTCTTTCAGGCAAATGAAGCAGATGCTGTGACCATTGATAGAGGTTTAGTGTTT,"[[133691485, ""G"", [""T""]], [133691753, ""G"", [""A""]]]",yes,yes,G->A,2
chr8,746563,746891,CCCTGCACCTGACATCTTGCTGGGCATGAGCCCCTCATCTGCTGAATGAATGTGGATCAGAATGCCAGCTGCACACTGGCAGGTGCTGAGGTGGACAGTGGTTTTGATTTTCTGTTTTTGTTTTTTTGCTGTATCAGCATACTTTTGGCTGCATATAATAGAAAGTCCCACACAAAACAGAAACTGAGGATTTGTGCGTTCTTACCACAAAGCACCACAGCCGGGCATCCTCAGCAACCAGGTTCCCTCTGTCTGCTCTGTGGCCTTCACCATCCCGGTGTAGCCCCTGCTGGCTGCGGACGCTGGTCCTGAAGGCATGATGCGAGGAC,"[[746577, ""C"", [""T""]]]",yes,no,C->T,1
chr14,28420480,28420777,CAAAAAGGCCAAAGGAATCATGACCAACTCAGCATTCCACTGGAGGCTACATAATCAAACAGTAAACTATCATGAAGGCAGGATGTGGGCAAACTCACGACTGTGCCTGCCACCAGGAGGTTTGCTGAGGGTGGTCACTCCCTGGCGCGGGTCTCCTTGAGGTTATCTACTGTGACATCTAGAGCCTATTGTTAGAGGAATGCAGTCTTGCAAGCCTACTCTGGACCAAGCAGCTGACCTCTTCTTCCACCCCCACTTCTCACCATCTCTTTTGCCTAATAAACACAGAGGGCTGGCA,"[[28420628, ""C"", [""G""]], [28420709, ""A"", [""G""]]]",yes,yes,A->G,2
chr13,35621501,35621863,CCTGCTGACACACCCTGTATCTTACTAATTATGTTAGTTTTTGTTGGTCTCCTCCCACTACAATGTAAACTCTCTTGCAGGGACTTTGGGTTTTTTTGTTCACTGCTATAATCTTACAATCTAGAAGAGGATCTGTCACAAAGCAGATGGCCAATCAATATTTGCTGAGTGAATGAATGAGCTTCTTCCCCAGCCCCGCCCTCATTACTGACATTTCCTTTATTCCTTCCTCTTGTGATCATCACATCTTTTCCACTGCTTTAATTAATAAACCTATAAATATTTATTAAACAGTTATTATCCAATGATAGGTTAAGAGTTGTGGGAAATGCAAGATAAGAATTAGATAAAGTTCCTATCTTC,"[[35621558, ""G"", [""C""]], [35621631, ""G"", [""A""]], [35621854, ""C"", [""T""]]]",yes,yes,G->A,3
chr1,91374112,91374482,TCCAGTAAAAGCAAGCACCATGCAAGACAATGCTGTACAGAGTGACAGTTTGGTGTATTCACAGAACACAGAGGCTAATACAGCTTGACCGTGATGATTAAAGGGGGAGAATGGTCATGAAAAGTCTGGAGAATTGGCTAGGCATCACATTACATGGGCTACTGCAGGCTACACTAAGGATTTAGCATTTAATCCCCAGAACAATAAGAATCTATTAAAGGGTTTTAGGCAGGAAACTGCCATTTAGATTTGCAATCTTACACAATCTATGCTATGTAGAGAATAAAGCTGGATAAGAGAGTGTGTGTGTAGTGATTAAAGAAAAGGATACAGCCTAGGCAAGAGATTACTAGTGACTTGAATTAGGGAAG,"[[91374155, ""A"", [""G""]]]",yes,no,A->G,1
chr9,100324625,100324933,AAAGCAAAAAAACCCCAAGATTTTAAAATAATCCTTGACAAAAGTTATTAAACATAAGTGAACAGATGTTGATGAAGACATTAAATGCATCTTCCAAGGAGAATCAATTTCAAGAAACATTCAAGGGGTGAGTTAACGGAACTGAATGTAAGTTATATCTAAGGAACAGAGTGCCCTCTACTGGAAGTCAAATAAAAAACAAGCTCTTAAGTTACGGAAAAATTTTTTTAAAAATTTAACTTTTAAAAGGCCTAGCATTTTGCTTACACAAAACAAAGTGCAGTTTTTTAATATCTAAAAAGAAAAAAC,"[[100324756, ""T"", [""G""]], [100324846, ""T"", [""A""]]]",yes,yes,T->A,2
chr6,119502105,119502455,TCCAATCTGATTTTGTAATTAGCAGAATTTAATTCTCTGCTTATAGGACTGAGATCCCTATCTTCTTGCTGGCTGTTGAAAGTGAGTTGACCTCATCTTCTACAGTCTGTACTCAGGTCCTTCCCATGTGCCTGCCTCCTTCTTTGAGCTAGCATTGGAGAGCTTCTCATGTACCAAAACCTCCCTGTGCTTCTACTCTCTGACTTCCTCTTTGCAACCAGCTGGACAAGAGTTTCAGTTTTGAAAGGGTTCATGTCATTAGGTTTGACCCATTTAGATAATCTCCCTGTTTGTAGGTCAACCGATTAGTAAGCTTAAATACATCTATAATTGCATTATGCTAGGTAGTGC,"[[119502147, ""G"", [""A""]], [119502163, ""C"", [""T""]], [119502351, ""C"", [""G""]]]",yes,yes,C->G,3
chr7,96675531,96675966,GTTATCCAGCACCCAGTTCTCTCCACACATACACAGCTTCCTAATAACTCCCCAGTCTCTCCTTGGGGATAACTCAAATGGCGTGTGGTCTTAGTGGGAGGACACTAAGTGCCAGCTCTCACTGTCATTTCCTACTTCAGAAGCTGAGGAGCCTGCTCCTTCCTCCACCAGCTCCCTGTTATAGCCAGGGGGCCAGGCAATCAAATATCACTCTTGGGACTGTAAATCCTAAGTGAGTGATGCAAAGGAAGAGGACATGGACAGATGCCAAATCCTTTGCAGCAGCACCTGGGGTCCAGCTACTGAGTTAAAGCCTCAATAGACTTTAAGGTCCTGATGCCAGAGATGTCCTAGCTTCAGTTACTTTCTCAAGTTCCTCTTAATCTGTGAACTCCAATATTCTGCCAGTAACTTCTCATTTGGCATAACATATTTA,N,no,no,N,0
chr9,80752609,80752910,TTGGTACCATGCTTCCTGTATATCCTACAAAACCATAAGCCATTAAACCTCCCTTGTTTATAAATTATTCAGTCTCAGGTATTTCTTTATAGCAATGCAAGAACAGCCTAGTACACATGTATTGCCTAAGTCTTCAAATATGAATGTGTGCTTAGTACAATGCCTCACAACTAGAAATCTCTTGGTAAATATTTATTGAGTAACTGGCCAATCATCTTGTGAGTGGAGTTCAGGCATATTTTAATAAATGTTAGCGTCATGATTATTCATTCATTTATTTAACATGCATAGAGTCTTATTCA,"[[80752664, ""C"", [""G""]], [80752864, ""A"", [""G""]]]",yes,yes,C->G,2
chr10,42999063,42999520,CCAGGGAGCCCTGGGGATACAGAGGATGCAGCCTGCGAGGCCCTGGCCTTGAAGCCTTAGTGTCTCTGCAGGCCCCACCTGTGATTGGCCCCTCCAGGGTCACCCAGGAGGGTAAGATGCCCAGGGCCTGCATCTGTGCTGTGGGACACAGCCTGGCTTCTGAGGCCCATGGAAACCTTTCTCGGGAGCTTCTCAGGACCCCAGCCAGGACATCTGTGCCTGTCCGTGACAGCTGCCCTAGAACTGGCCACAGGCCTATGGCTGCCTTGCACTGTCAGCCCCCAACGCCCGTCGTGTCATCAGCATGTCTCAGATGCCTTCAAGGGCTGCCCACTCCATGATCCTTGTCCACAGCCCCAGCATGTCCCCTAGCGTCAGAAGTGTCCCCGGATCCTGCAAGCCAACCACATAGGACGTCCACCTCTGAGCCCCTCTGTTCTCCTACCCTCCTGCTGATC,"[[42999096, ""C"", [""T""]]]",yes,no,C->T,1
chr12,54824497,54824755,CTCTGTTTCTTGTTCTTTTGTTTATCTCCTTTCTTTTCTGTAGGTTTCTTGAATACATTTTAGAATTTCATCTTGATTTATTTATTGCAGTTTCCAGTGTATCTCTTTGTAGGTTTCTTAGTGGTTGCTTTGGGTATTACAATGTGCATGTGTGACTTACCACAGTCTAATGGTATCAACATTTTAACACTTTGAGTGAAATGTGGAAATCTTATTTCCATTTAGGTCTCTTTACAACTTTTCTTGAGTATCACATGTT,N,no,no,N,0
chr3,19940681,19940947,ATCTTGTTCTTTTTCCTGTACTCTTGTGCACAGCAGAGACACTGAAGATGCCATTGGCATCAATATCAAATGTGACTTCAATGTGAGGAACACCTTGGAGTGCCAAAGGTATGCCTGTGAGTTGAAACTTGCCAAGCAGGTTGCTATCCTTGGTCATGACATGCTCACCTTCATAAACCTGAATAAGCACATCAGGCTGCCTGTCAGAGTAGGTAGTGAAGGTCTGTCTGCTTGGAAGGAATGGTAGTATTATGCTTAATGAGAACA,N,no,no,N,0
chr3,20747771,20748090,TTATTGAGAACCTACATCTTACAAATATACTTTTTTAGAAGCTGGAGATAAGCAGTGACATAAATAGACAAAAATTCTTGCTTTCAGAATGGAATCTTACATTCCAGTGTTGGAAGAGAAACAGAAAACAAATTTGTAGGAGAGTGTGTGGGAGTATGTGTGTGTCTGTGGGTGCATGGTATGTCAGAATGATTTAAAAAATCCTGGGGAGAAAAATGAAGCAAGAAAAAAGAGTGCTAGAAAGTGCTAGGATGTGGTTATGTTTTGCTGCCAGAATACCCATATAGAGATTAGACTATCTATATGGGAAAGTAAAAATG,N,no,no,N,0
chr2,229996338,229996795,AATGGACAGTAGCAGGGCTGGCAGAAAAGCCACGTGGACCAGCATCTTTTTCCTCCACATAGCTGCCTGCTTGGAGGGGCCATGAGTACAATGGTAATGCCAAGACCAATTACGTTAGTGGTATAGACTGGAGTTTGGTGCTGATGAGATCAAGGGGATGCAGAAATCACTGTGTTAAACAGTGAGTGTCCCTCAAAGATTCTGATCTCAGGGCAGGGACAGAAATTGGAAACAGATGCCTCAAAAATGCATTCAGTTAGTCCCAAAGGCAGCTCGGTGAAAGTAGGAATGACTTAGCATCATCTAACGTCACTCCCAGGGGAAAAATGCCCTGAAGCTTGTATTTCACTGATTGTTATTATAATTTTTATGTGACTGTATATGATAACCATGTTGGCTTCTTTGAATTACAGGTCAAACTGCCTTAATATTTGGTGCAAGAATATTAGACTATGTCA,N,no,no,N,0
chr10,108386070,108386358,TATTATCTGTGGAAGTGTATACAGTTTGAAAGTGAAACTAGTCCAGATGAGCGATTTAGGAGTCCTCTAGATCATGGGTTCCCAACCCCTGAGCCACAAACCAGTCCTGGTCCCCGGCCTGTTAAAACCTGCCTGCACAGCAAGAGGTGAGCAGCAGGTGAGTGGGAATTACCACCTGAGCTCCTCTCAGATCAGTGGTGGCATGAGATTCTCATAGGAGTGCAAACTCTTGTGAACTGTGCATGTGAGGGATCTGGGGTATGCGCTTCTTATGAGAATCTAACTAATG,"[[108386111, ""C"", [""T""]], [108386201, ""G"", [""C""]]]",yes,yes,G->C,2
chr3,196483206,196483485,TGCACATATTTCCTCAGTTGAACCAGAAGTCATTATGTATTTTTCAAGTCTAGACTGTGGTTTTTAAACTTTTCCAACTGTGAGTTACCATGGGAAAGCTGATGTTTGCGTAAAGCCACCAACTCCACCTGGCACCTGACCCTGGAGGGGTGTTGTGGTGAAACTCAATCACGCCACCTTTGTCTACCTGACTCATGCATTTTGTGTAATAGAGAAGAAATGACAAATTGTAAACTCTTTCAGTGAAGATAAGCCTATCTGGGACCCATTTTTTTCATCT,"[[196483237, ""C"", [""A""]]]",yes,no,C->A,1
chrX,122943880,122944284,ATCTATCTGCAATCAATATAAGGAATGTATTTTTCTTTGCTTAGTCTCAAGCAAATAACTTTCCTAGTTCCTAATTCAATTCTACTTTAGCCACTGGAAACTACTATAGAGTTATCCCATTTCCTTTTCTATGTCTGCCAGGCATCATGCGGTTAGTACCAGAATTTAAATACCGCAATTTATAACCCACCAAATCTAAACAGAAACAGTCACAAAGAAACACAATTTTCCAGGGTAGGATGACTCTCTAAATTTTGTTTGGCAAGTGCCCAAAAGGTTGAATCACCAGGCAAAGTAACATAGTGATTGGGTCACTGCAATCTTTTCGCTATCAGCCAGAACTCCAAGAGAACATGTTCCTCTACCCTATACAATAATGTCTGAAAGCAATTTCCAAATAGACCT,N,no,no,N,0
chr12,120350885,120351204,TTTCTGGCATCTCTGGAAAAACATGAGATCTGAGCACAGTGAGTCTGTATCCCCTCCCGGCAAGAGTCAGCTGGCACCGAGGGCAGGTATGCCCACGCTGGTGTGCAGACGTCCCCACCCAGCCCACTTTGCAATGAGTTTGAGACCCTGGCTTGTTCACTGCGGGATCCCAGAGCCTCCATGGAGCCTGGCACACGAGAGGTGCTAGATAAATATTTGCCAAATGGATGAATGAGTGACTTTGCCTCCATCTGCTTGGCTTGGCCCTATGCCCCACCCTTAAGGGCCATGTAGCCGCCCAGACTGGCCAGTGCCCAGGC,"[[120350921, ""T"", [""C""]], [120350933, ""G"", [""A""]]]",yes,yes,T->C,2
chr4,175954015,175954423,GCACTGATCACTGGGTGATAGAAATTTGTTCAATTACATGTCCTTAGCTTTTCTTCCTGGCCCGCTCTATACCTTGACTTTTCCTAGAGGGCAGTATAGTCTAGGGCTGAGCTGTCTGAGAAGGTAGACACTAGTCACATGTGGCTATTTCAATTTGAATAAACTAAAATTAGATGAAATGTAAATGCCTTTGCTCAGTTGTGCTGTTCACAATCCAGGTGTTCAACAGTCACTTGTGGCTAAGGCTCTGGTATTGTACAACAGAGATCTATAACGTTTTCATCATCTCCATGAGTTCTACTGGACAGCACAGCTCTAGTGGCTAAGGGTGTGGCCCCCGTGGCTAGGTTGTATCAGTGCGAAACCCGGCTCAAGCACTTTAGAACTGTGTAAGCTTAAATGAGTTTCC,"[[175954236, ""C"", [""T""]], [175954286, ""G"", [""T""]]]",yes,yes,G->T,2
chr4,119462037,119462446,TTTACTCCTTAGTTCTTATTCATAAGGATTTTCCCTGCTTCATGGAAATAAACAGTGTTGCCACCATGGTTTGAGGTCTCAATGTGGCAAATTTAGCTTTCATGTTGAACTACCAAATAAAGAGAAGCAGCCAAACCAGTTAGACATATTCAAAATAAATCCAAAGATGCTATTTATTATAAGTCTCATAAGAGATGGTTATCAAAAGCACTTGCATGCCAATGTTTTCTTGTGCCATTTCTTTCTGCAAGAAATCTGTTTGGCTTCTGTTTCACCTTAGCTGTCATAGACATGTCGTTTAAGTATCATATTGTCAGTACTAACCTTTTGTTTATTAGGACATAAGACCTAAGAATCTAGACATTAATCTGATGTGATTGTTCTGTTTGTTATAGTTAGCCTGTACTCCC,N,no,no,N,0
chr4,150089749,150090055,GTGCATTACCAGTAAAAATGCAAAATAGCAATATGAAGCTAGAGATACTCTGCTCAAACTAAATTGGTGTTCCCAGTGTGACCGTGGCACTGAGTGCTGAGTTAGGTATGCTGTATGTCAGAATGCCGTGTAATGAGTCAGTTTTGCACAGCTAATGAGTATTCCTGTAGAGCAAAATTTTGTCCTCTCGCCTTAACTTGCTGTGAACATGTCTTTTATACGTATGAAGTCCACTTCCCTTTTTCCTTGTTGATTCCTGGCATAGTTAGAGTAGTTGAAGCCAAAAGACTGTTAACTTAGAAGTAGT,"[[150089783, ""A"", [""G""]]]",yes,no,A->G,1
chr4,20285006,20285472,TTATTAGGCTTTTGTGTTTTGTCACTGTATTACATCCAGCAATTTATTCCTTTCCACTTAAATTGTCTTCCCTGTACAAGGGGTGGAGAAGAATTCAGTGTCTGCACATAAAAGGCCATTATCTTATCTTAGCAACTCCAGCCATACACTCCTCTGTGAATCATGACAGCTCAGCTGGGAAATGCAGAACTGTATCATAAGAGGGCGAGATCATGGGAGTGAGACAATGATGAGGCCTATGACATTGGAAGGTGGTGAGTTCATCATCTGCAACAAAGATTAACAACCCTTTGCTGAGCCTGACCTGATAGGCCATTTAGTGGAAAGACCAAAGCTTGCATCCAGGAAGTGTGCTCTGCCTATGATCTTGATTTACCTGTAGCTTGTAAAGACTACTCAGGTGATCTCATTGTTATTTTTCTTGCCCCAAATCAGAACACCTCCTTTATCAGAAAACTGAAATAAGC,"[[20285025, ""G"", [""T""]], [20285466, ""G"", [""A""]]]",yes,yes,G->A,2
chr22,22749657,22749857,CAAATACATCCCTGCCATGTGATTGGGGAGCTGCCTAAAATGGCCACCCGGGACTGTGTTTCAGACCAAATCCAGCATATCAGCAACTTGAGTCTCGTGGTGAGCTCTGTGGCCACAATCACACAGAGCCTCTGCCAAGGCTCAGGAGCCCTCGCAGTCTTTCTCAAATGGTGTTTTCTGCTCATTCAAAACAAAATAAGT,"[[22749673, ""G"", [""A""]], [22749723, ""G"", [""C""]]]",yes,yes,G->A,2
chr4,17400705,17401056,AAAATCCCATAAGCAGGGAATGCAAGTATTCTACAGGAATTATTATCCCTTAATATTTTTTTAGGATCAAAAGGGTAATTTGCTTGTGTAGCTGAAAGTCGTTTAAAAATACCAACACATGTGCTTCCCATCAGAGACAGCAAGCGTTCTTATTGGTCTGCATTTTCCAGTAGGGAAGCCAGGGAGCTTCTGCAACTCTGCTGGGCTTTGCGTGTTTGCCAAGATGACTAAGTGCATCAATAGAATTACATTAAAAACATGAAGATTAATAACAGCAAAAATACTCTCTTATCCTATAGTAATAAAGAAGTGTAATAGTTTTTATTGCTGCTATAACAAGTTACCACAAATT,"[[17400760, ""C"", [""T""]], [17400781, ""C"", [""A""]]]",yes,yes,C->A,2
chr9,3904448,3904765,CTTGAAATTATTCTCTCTCTCCACACTCCTACACACATAATATATAGATATTTATCTTGGTGAGTCTCTTCTTCTGGAGAACCCTGACTGATACAGATACTATTACAATGTGCTTTAAAACCACTACCATATGACCGTTTGTTTCAGGTCAGGAAGGAGAAAGCATCGTGCGGTTGAATCCCACAGAAAAGGGCTGGATGTGCATAGTCAACAGGAAGCACTTTTAAACACTGCATTTCAATTAAATAAATATACACCAATCTCTACAGTGTGTTGGATACTGTGTGCCTCACAACTCTATGGAGTACATACTATTGT,"[[3904460, ""A"", [""C""]], [3904518, ""T"", [""C""]]]",yes,yes,T->C,2
chr17,68817368,68817661,CAAAAAAAAAAAAAAAAAAAATTCCTTGAACCAACATGCCCTTCAGGTACCAATCCATTTCTTGCTTTCTTTCTGCAGTCCAATTTCTCAAGCGTTGCCAGTACTCGCTATCTTAGTTTTTCCCACCCACTACTCATTACTTAACCCACACTGGTCTGGCTTCTGTACCCATAACTCCTCAAACAGCTCTTACGCATTCAACCTGTGGCCTCCAAGTGGTTTTGTCTGGTAAAACATTTTTAAAAATCATCCTTTGTGTCCTTGGAGTAGAAAGGAAGACTTCAGTATGTGTTT,"[[68817441, ""C"", [""T""]]]",yes,no,C->T,1
chr6,130535251,130535640,ATGTTTGAGTGACTTTCTAGAAGCACAACTACATCTCTCCAGACCCAGCTTCATAGGCATCAGCCCAGCATGTTTCTCCACACAGCTTCACAGGGATACATTCCAGAGGTCACCATATGCAATCCAGGTATATTTCATCAGTCTCTGTGATATGTAATACATAATACACAGCTTGTTCAGGCATGGACAAAAGCCTTATTCATCACCCTCATTCTCTCCAGGCTGGTACATCCCGGTCTAGGAACATTCTTAATGCTGCAGGTTGGGCCATTTTCCCAGTCTCTGGGAGCCATACTTACAAGCCCTTAGACTAGCTGAGTTTATTGTGAATGCTGAAATGCAAGGAGCATTGGGACCGTACATTCCCATTCTGACTTTATAACATAAGGC,"[[130535293, ""C"", [""A""]], [130535431, ""T"", [""G""]]]",yes,yes,C->A,2
chr12,59903809,59904090,TGAGCAGATCATTAAAGCCTCTGGCACTTTGTATGTGGTCATTGATCTGGCAAGTGTTATCTTCTTTTTCTCCATCCATAGGGAAAATAAAAAGCATTTTGCCTTTTCATGAAGAGATAGTTGCACTGAGTCCCTGTCCTTCCCTGGGGGACAGGCTAATTCTTTCTCTGTCCACTGGGATGTCAATTACCATAATTTTCCACACACATTGTACCGGTTCACTATCTTGATAGCAGCATACTATTTGAACCTGGTGAGAAGGAGAGACACGTATTCTAGATG,"[[59903875, ""G"", [""T""]], [59903921, ""G"", [""A""]]]",yes,yes,G->T,2
chr5,79048521,79048909,TGGTCACACTGAGAAACTGCGGGAAACATTCCACCAGCCACACACTCTCCACTCATTTTATTATAGCATGATGACTTCTGCAGATAGTTGCTTTTGTTCATAAAACTGGTCTTTGCTAGCTTCAGTTCTAAAAGGGAGCATATCCAAACTTTTGTTCCCAATTACTGAGGCTTACCCTTTGGGGAATCTTCTATCTTTTAAATACAGATGTTTTGAAAACAGACTTACAGATAATTAAAAACACACATACACACACACACACACACACACCCCTCCACACCTCCTGTGGACTACTAATATGTAATCAGTTAGATTTTCTTGGTAATTTTGCCCGATGGAAGAGAAAAAGAAAAAAAAAAGATTAGGGAGCAGAGATCTGGTCTAAATGA,"[[79048540, ""T"", [""C""]]]",yes,no,T->C,1
chr13,94784126,94784429,TTCAGATGTACACAGAGGGAAGAAGGCAGAGGTGGGAGTGATAAAGCTGCAAGCCAAGGAATGACAAAGATTGCCAGAAACCACCGGAAGCTAAGAGGCAAAGAAAAAATCTGCCTTAGAACCTTTGGAGGAAGCAAGGCCCTGCCAGAGCCTTGATTTCAGCTTCCAGAACTGTGAGCTAATACATTCCTGTTGTTTTAAGCCGCCCAGTTTATGGTACAGAAGTCCTTGGAAACCAATACATAAACCTTCCTACATTTTGTAAGTTGGCCTGTGGACTCTTCCACTGGACTCTTCATGTCAC,"[[94784134, ""C"", [""T""]]]",yes,no,C->T,1
chr3,183931072,183931377,GTAAGAGATGAACAATAATGAAATCAAGCAATTATAACAATATGCTGTAATGAACATTATTTGACTGTGGTCTGTCTCTTGCAAAATATAGTATGTAATATTTTTGGACCCTGGTTGATCATGGGTAACTGAAACTGCAGAAAGTGAAACCATGGAGAAGCGAGAACTGCTGTACACAAAAGCGCGGTCTCCTGCCCACTGAGTAGCCGGCCCTATCAGATTTTCTATGGGCAAATACGACAACAGGCTTAACTTTTTTTTTTTTTTTTTTTTGAGACAGAATCTTGCTCTGTCACCCAGGCTGGA,"[[183931081, ""T"", [""G""]]]",yes,no,T->G,1
chr6,22513063,22513426,TTGTAGGAAGAAGGAAAGAACCATAGCTAGTGTGCTGGCCCTAACCTTAGGGAAAGGGTTTGGCTGCACTGGTTAAAAGAATCAAGAAACTCTTTATATATTTCCTCTGAGATATCATGGCTCTTAAAAAAAAATTCTTGGCAGTGTTCCACTTGTACTACAGAAATCTGTTCAATGTGGACTCTCGGATTTCAGCGGGGGATTTGCCGTCAAATGTTTCGGTTCTGATTCATGGCAAATTTTCACATCATTTGTAGGAAACTTTCAGATTAACTCAGAGAACATACATATACAGGCAGCTGAAAAGGCATGTTTCCAAATTTTAAAAGGAAAAGGAATCATTTTGTAAATGCCTTCTATTAAT,"[[22513110, ""C"", [""T""]]]",yes,no,C->T,1
chr10,4877594,4877968,TACAGAACCACCAACACCAAGCTTACCAGGGACATGCAGTGCTGCATTGCATGGTATCAAACATCTTTTAGAATACCAGCAACACAGGCCAAGCCATGATTGTCATCCACAGCTGTATGCATGAAGCTCCCAAGGGCTTTACTTGGGATGACAGCCCATGGAGGGCATAGCAGTATTGATTAAATAATTAACTCAGTGCTCTTAGATGGCAGGTTGTGCACAAGGCCAAAAGAGAATTTCAGTCTTCCAGACTGAAAACCATGGTGACATCTTTGGTTCTTGCTCATTTATTGTTGACGTATAGCAAGCAGCAATTTCTGCCTTTCTTAGTTATTTAATCTCAGTATTCTTTATTTTTAAGGAGTATTCCCATTT,"[[4877653, ""G"", [""A""]]]",yes,no,G->A,1
chr4,21493045,21493247,TTATGTGGCACACCTTACAGCTTTCTCGTCTTTGGATTTCCCTTTAGGTCAGGAATCCAAATGCTGGCTCTCTCTTGGGATATAAATGGAGTCCCCATGGGGCCATCTGTAGTGCATTCTTCTCTGACATGTGTTGTACATTTCCGGGCTGACCTCTAGTAACAGCTCGTGCACCTGTTGTCAATTCAATTTACCCCACAGCC,"[[21493062, ""T"", [""C""]]]",yes,no,T->C,1
chr1,74463636,74464000,TGTATTTTAAGACTGTCAAGGCAGGAAGACTGATTTGCCTTCTGCTCTTTAGTCTCTAATTGCCTCAAGAAGTCTGAGTATCTCATATTTCTTAGCTGCTGCTTTCTGATTTTGAAACGTTTCTCACAACTGATTAGTAAAAGAGAGACCAGGGTATGACAGATGACTCACAGTCTCATCTCAGCTGCAATTTTTATTAACTACGCGTGAGCCACACTTAGTCATTTTCTGAAGCAAGAAATTTGGCACAAGATGGATTTGTGTTGGCTTTTAAACATGAGGCAGGCCTCAGAATAGGTGGTCTTCAGTAGCACTGGCTCACGTAGGAGGCAGAAGACCTGGGTCCTAATCCCTCTCTAACTTTC,"[[74463658, ""G"", [""A""]]]",yes,no,G->A,1
chr1,99452781,99453146,GGAGAATGGGCTACTGCCATAGTTAAAGGCTTAAAGGACTGAGAAATGGTGGTCCCTGTTTATACACATTTAATTCATTAGTTTGGCTTTTGGAAAAACCAGGTGGATCCTGATAGATGACAGTGGACTAACACAAACATAACCAGCACTAGTCCCAGTTACAGCTTCTGTACCAGATCTGGTGTTTTTACTAAAGCATGTGAATGAAGTCCCAGGGATGTCACACGTGCCTATTGATTTAGTAAATGTGTTCTAGTCAATATCCATTAGGAAAGGAGATCAGAAGCACTTTGCATTCACTTGATGTGGACAAGTAAATAAAGTAAATATTAATGTTATTGGGGCAGAACTATGTCCTCTATCACA,"[[99453114, ""C"", [""T""]], [99453122, ""A"", [""G""]]]",yes,yes,A->G,2
chr5,94367945,94368275,ATTGTGCTACATTAATTTGGTATAAAGCTAAGCCATTAAAATATAAAAACTCTGTATCTTTACATGGATGAGTCACAAGAATAGTTTTGTGAAAAATGTAGAACACCCATTGTAAATATAGACCTCCTCATTGTGACTGTGTAAAAGGTGTGTGTTGTGTACATAAAAGAGAATGAGGAGAAAAGAGCTGAGTCAGCATGGTGGGATGAGATTATAAATATACTATTTCTTTGTTTTAAAAATGTTACTTAGTATTATCTGTAATTTACCTAGACTAGAGTGAAGTGATGCAATCACAGCTCACTACAGTCCCGACTTTCTGGGCTCAAGC,"[[94367986, ""A"", [""T""]]]",yes,no,A->T,1
chr7,36295101,36295460,CCGAGAGGCAGAGGTTGCAGTGAGCCGAGATCCACCACTGCACTCCAGCCTGGGTGACACAGCAAGACTCTGTCTCAAAAAAAAAAAAAGAAAAAATATGTATATACAGCATGATCTTGGAGCATCTTGTCGTGTCAGAAGGAAGTGCTCAAACAAGCAAACAAAAAAAACCTGCTGGGTGGATGTCAAAAGGACGCATGAGCCAACTGAAAGAGCTCTCAGTGACCAAAGCTGGAAATATTTCAGGAACAAAGTCAATGACATAGTACTGGATATAACTCAAGGTATACCTGACTTATACCTCATAAGTATCCATGAGTCCGTACTGATCTAAGTAAATGGTTGAAAAAATTAATAAAT,"[[36295182, ""G"", [""A""]]]",yes,no,G->A,1
chr9,20044804,20045121,AAGTCATTAAGCTTCCATAATACTCAGTGAAGCAAAAATTACCTCCAACCACTCATACTTGGTTGTTTTTAGAGTGACTCAGCACAGGGTGAGCACATGACTTACACAGGTTACATCTTCAAGTGTTAAGATTTATCTGGTATGTGGCTGTCAACAATACTGGGGACCATTTGAGAGCAGGAACCATCTTTTCTCTTGCTGCCTGACTAGCTTCTAGCACAGTGTCTGGTATAAAGTTAGTGCTCAGTATATTTTTGTTGTATTAAATAAAATGTATCAATTTAGGTGCTTTAAACATTTCTATACATGGATCGTATA,"[[20044847, ""C"", [""T""]]]",yes,no,C->T,1
chr7,33644494,33644818,TTTTAATTTTCCCAGTTTCCTGTAGATGCTATCATTATTTGTCAATGGGCCCATAATCTTTTTCCAAGTGGAGATACCATGCTATATTTTATTACTTTTCTATTGTTGGATATTTACATTGGAAAAGGATGATTACAAGTGTGTTTGGCATGAAGAGATTTAGCTCAGGCCATTTTGAGGGATGAGCACTTGGCCCAGGATAAGCATATAATAAATCTTTGTGGAATCAATGATTCAAAAGAAAAATAAAACTGAATAACATTGCCCAAATGTGAAGAAAACTGAAGCATCTTTTAAAATGTCCAGTTAAAACATATAAATCCCA,"[[33644508, ""A"", [""G""]]]",yes,no,A->G,1
chr6,92122740,92123017,TGAGTCACTTTTCTTTTTTAACAATCTTGAAAAACAGAAGAGATTTCATATCTCTCAGGTGGCTTGGTTATGACCCTAGTGGAAAGCAGGGATGGAATTCTCAAATTTCTTTCAGCCCTCCCCTTTATTCTATGATTTAGAAATAAAATCAGAGGCGAACCTGGAGGAGTAGATACACATATTTATCAACTATAGTGCCCAGTAGAGGGCACTGGAAAGGCAGGACTGAAAGATAAGACTGCGCTCCTATTTTTAAATGATAAGGGTAGATCTTTTAG,"[[92122820, ""A"", [""G""]]]",yes,no,A->G,1
chr6,60845986,60846404,CAATGTTCTTTTCATTTTCTAGTTACTTCTCCACAACCTATCGCCCTTTGTTAAAATGGTACATAAACCCTTGAGTCTAACCACTTCTTTTTTTTTTTTTTTTTTTTTGAGACGGAATCTCACTCTGTCACCCAGGCTGGAGTTTAACCACTTCTTTGGGTTTTCACTTCCTTTCTGTGAAGTTCCTGTACATGTAAAAATATTAAAATTTGCATGCCTTTTCTACTGTTAATCTTTTTTCAATTTGATGAGTGTGCCCCAGATAGAGAACCTAACAGGATAGAGGGAAAGTTTTTCTTCTCCTAAACTACTTTATTTCTCTATAAATTTGACTATTTTAGGCACCTCACAGAAGTACAATCATACAGTATTTGTCTTCTGTGCCTGTCTCATTTACTTAGTATAATGTTCTCAAGTTT,"[[60846102, ""G"", [""A""]]]",yes,no,G->A,1
chr2,49740034,49740278,CACCACACACACACAAATACATACACACACACACACGATAGAAAAGAACAACAAAAAAAAGTATATTAAAGTGCTTACGCTAACAAAATCTAAAATAAAAACTGCTGGTTTCAGAAAGAAAAACCGAAATCACAACCAAAAATGTAAGTTGATCTATGAGGACCCACACATAGGAGTCAGCAAATGTGACTGGAGCTTAATCAACAAAGGGAGGACATGATGCATGGCCTTGAGACCATGAGGGA,"[[49740223, ""T"", [""C""]], [49740255, ""A"", [""G""]]]",yes,yes,A->G,2
chr2,195724149,195724380,TACATGTTTTAAAAAATCTCAGTAGTGGATGTTAACAGATGTTAACATCTGTAGCATTGGATCTCATTAGTTTAACAGCTTTGGCAGGCACACCTCATTCATTGTGCTAATGATATCCCTTGTCAGCAGGAAGGAAAGAATATTGATTTATCAAAAGATGAATAGATTTGCATGTTTACTATAAATCCCTGCTGTGAGGATTCCTTTGACTTAGTTTTAAAATGTTTATACA,N,no,no,N,0
chr16,86596163,86596584,TGTTTGCTCACTGCTCTGAGAACCAGCAGAAGGGCTGAGCTGAAAACTTCACTCCTCCTTGCCAAGCTGTGTGCCTTGAAGAAGATATGCCTTTGGGGTTCGAAGTGGCCCTGGAGCCAGCCCTATCTGGCAGTCCTGCTTTGCTACTTGCTAGTAAGTTATTCAGTCTCTTGGAGTCTGAGATTTCTCATCCCTTAAATGAGCTAATAACACCGAGGTGGTGGTGAGGGTTAAATGGGATGAGGTCATGTATCTGCAGTGCCTGGCACATCACTGGAAAAACAGCAAGCACCGATTGAGCCCTCAGAGCCTGACACGTACAAACTCCTGCAATTCTTCCTGCAAGCCTCTGGCGGGAACTGCTACCAACCTAATTTTACAGGTGGGGCATCTGGGCCACAGAGAGGTGGAGTAGTTTGCCC,"[[86596342, ""C"", [""G""]]]",yes,no,C->G,1
chr5,83453889,83454175,TCTAAACATAGAAAAGATGCAGTAAAAATATGGTTTAAAATATTTAAAATGGTACACTAGTATAGGGCAGCTCCATTATAATCTTATGAGACCACCATTTTGAAAACAATTCATCATTGACTGAAATGTTGTTATGTGGCATATGACTGTAATAAAAAAGAACTAAACATAATTCTGGAGTTGAAAAATACGATGAATGAAATGAAAAATATAATAGAGAATGTAAACAGAGGAAAGAATCTGTGAACTCAATGATAGAGCATTTAAAAATATCCAGTCAGAAAAGG,N,no,no,N,0
chr13,41897148,41897405,GACTAAGCGAATAAGGAAAGAGAATAAGAGGACAAATATTGAGAACATACAAGGAACTCAAATCAATTGCAAAAAAAAAAGATAAGATTTAAAAATGGGTAAAGGATCTGAACAGACATTTCTCAAAAGAAGACGTACAGATGGCCAGTAAGGAAATGCCCAACATCACTAATCACCAGAGAAATGCAATGAAAACCACAATGAGACCTCTCACCCCAGTTAGAATGGCCACTGTGAAAAAGAGAAAAAAGTAATGGA,"[[41897362, ""T"", [""C""]]]",yes,no,T->C,1
chr20,2754338,2754782,TTTTTCTGCTTCAGCCACCAGCAACCCTGGAATGAATCACAACTCCCCACACTACCTACCCAAGGTACAAAATGTGGCCGTGAGCCCTGGGCGTTGAGAGCTATAGTACATTTTCTGGCATTGGTCTCAAGCCCTTCATCGGGCTCTGGGGCCTCTCCAGCTGGCAGTAACTGTTGTCTTAAAGGAGATGAGGCTGAGAGCATTTGGAAGAGGGGCAGCTGTTGAAGGCATTCTTGTATCAAGGGAGGTAGGAGGGCCCTCTGATGCCAAAGGCAGCCTTCTCAGGCTATTGCTTTCTTCCAGGAAGCCCCACCCACCCCACTGCCTGCTGCCTGGACAATACTCAGATCACAGCCTTACCAGTCTTTACAGGAGAGAGGCAGGGAATTGGGTTCAGATGAGGATGTAGAAAGGTGGGATCCAGCGATGCCCCAGGCCTGAGCCC,"[[2754430, ""A"", [""G""]], [2754536, ""G"", [""A""]]]",yes,yes,A->G,2
chr8,125320687,125321183,GACATACAAACAATAAAAGAATTCATCACCAACAAACCTGCATTACAAGAAATGTTAAAGGGAAACCCTTCAAGAAGAAAGAAAATGATGCAGTATTAGTTCTCATACTGCTGTAAAAAAAATACCTGAGACTGGATAATTTCTAAAGCAGAGAGGTTTAATTGGGCTCACAGTTCAGTGGGCTGTACAGGAAACATGATGGTGGCAACTGCTCAGCTTCTGCGGAGGCCTCAGGAAACTGTAAATCATGGCAGAAGGCAAAGTGGGAGCAGACATATGGCCAGAGCAGGAGGAAGAGAGAGGGGCTACGCACTTTTCAACCACCGGATCTCACAAGAACTCTATCATGAGAACAGCACCAGGGGGACGGTGCTAAACTGTTAGAAACTGCCCCCATGATCCAGTCACCTCCCACCAGGCCCCACCTCCAGTATTGGTGATTACATTTCAATATGAGATTTGGGCAAGGACATAGATCCAAACCATATCAGATACCA,N,no,no,N,0
chr8,61580235,61580559,CGTCTTCTCACAACTCCACTAGGCAGTGCCCCAGTGGGGACTCTATGTGGGGGATCCAACCCCACATTTCCCTTCTACGCTGCCCTAGCAGAGGTTCTCCATGAGGGCTCCACCCGTACAGCAAACTTTTGCTTGGACATCCAGGCAATTCAATACACGTCCTCTGAAATCTAGGCAGAGGTTCCCAAACCTCAATTCCTGACTTCTGTGTACCTGCAGGCCCAGTATTGAAATCTGTGTTACTCTTCGATGGCCTCTGTAACAAACTACCACAAACTTGATGGCTTAAAATAAGAGAACTTTGTTCTCTCGCAGTTTTGCAGAA,N,no,no,N,0
chrX,73751709,73751967,GGGTCAGACCTGAAACCAGCACAGAACTGGGTCTTGCCCAAGGCTCTCTTTAACCACTCCCTGGCTACTGCCTATGTTTACTCAAGGTCCTGGGACTCTACAATCACCATGCCAGTATTTTTCCCTTCAGGGCAACAAGGTCCCCCAGGCCTCAGATGTGTCCAGAGATGCAGCCCAGAAGTCAGGGACTTGAGTCAAAAACCTCAGAAGTCTACCTGGTGTGCTATGGTATTGTGGTGGAACTGGCACTCAAACCACA,N,no,no,N,0
chr1,111900360,111900561,TGCTTACCTGCCAAACATTCATTTGCATAAGGCACTGGTTTAGATTCTAAAGGAACCAAACAGCAGCCTCCACCCTGCAAACTAGCCACTAACTTGAGTTTGCAGAGGGGCAGCACTTCCCTGACACTGTGAAAACAATTAGATGAATGCAGTGTTGCCACTTAGGAGCTTTGTGACTACCGCAAATTACTGAGATTCCTGG,N,no,no,N,0
chr1,215336413,215336777,CAGGTTACTTAGACTTTTAACAGACGTTTATTTCCTCCAGTTCCCCCATCATAAAGAGCCAACCATGAGGCAACAGGATCAATGGCCTCCTTGGTTTCTTCCTTTCCAGTCCTGTCACCATCTGCTACTTCAACTGCTGATGTCAACTTGCTCAGTTATCTTGCCTTTCCAGTGAGGTTGCTGCACTGCATGGCTTGCCTTCTGCGTAATGGAAGTGACTATCTAGTCCCATGGATTTCAGTGGAGCAGGACTGGCTTTCCTATCCCCAGGGGAGATTTTAAAATTCTGAATCTCAGATGGTTAATTTTACTTCAAAGCTTTTCCCCTCCTGTAGCTAAAAAACAACATGATTTGTTTTCAAAAG,"[[215336523, ""G"", [""C""]], [215336766, ""C"", [""T""]]]",yes,yes,C->T,2
chr7,89503267,89503625,ATACTTAGAACACTGACTTCTAATGTACTTAGATCAGTGACTTCCACAAAATATGCTGTAATTAGTGTTATATATTATTTTTACTTGTTGTTGTTATTCATGTCTCTTTCATTCTAGGCCCATTCCAGAGCCATCATTCTTGAATACTTTTCTTGGCATTCCTAGAACAACTGCACTATTGCACATGTTCCTCTTAGTTTCTCCCATCATGTTTGCTGGAGTACAGCCACAAATAAATTTCTTAGAAAGAATGACTCAGATAACATTTCTATTTTCTTGTCTGAAAAATGACTTTATTGTGCTGTGAAACTTTAATGCTGAGTGGCTGGAAATACTGGTATACAATTATTTTCTATTAA,"[[89503279, ""G"", [""C""]], [89503560, ""G"", [""T""]]]",yes,yes,G->T,2
chrX,15026581,15026868,GTGTGGGTGTTTCCAGATGAGATTAGCATTTGAATCAGTAAACTGTGTAAAGCAGATGGCCCTCCCCAAAGTGAGTGAGCATTATCCAATCCCTTGAGAACCTGAATAGAACAAACAGGCAGGCGAAGGGAGAATTCACTCTTTGCTTGACTGCTTGAGCTGGGACATTAGTCTTCTCCTGCCTCCAGACTGAACTTATACCATTGGCTCTCCTGGTTCTCAGGCCTTTGGATTCAGATTGGCTTTCGTGGGTTTCTACCTTGCAGATGCCAGATCAAGGAATTTCCT,N,no,no,N,0
chr2,124805078,124805551,GAAAATGTGCAGTGCGTATAGGCAGAACACTTGGGCCTGGAAGGGACATTACCCTGAAGAAGGAGAAAGATAAGGTACAGGGTGTCCTCTTGAAAACCGGCTGTCTCTAGTCACAGGAAACAGATTTTAATATACACAAGCATGAAAACGAAACCTTTTAAGAATGACTTTCTCAATTGCCCCCTGACACAGACCTTCAGGGAACTTCCCTGATGTCTCTAAAATAGAGAGGGGTGTGTGTGTGTGTATATAGAGAGAGAGCTATAATAACTAAGAAACAGAGTTATGTGTAGAACTAACTAACAAAGACTTCTGCTCACTGCAGTGCTAGTCCTTGCACAATACACCTGGGGCAACATAGTCAAACACAAGGAAACTCCCCACCTCAACCCCAACAACTTTGGCTGTGGAGCTAGCTGGGCAGCATGTGCCAGCATCAAAGAAAATCAAAATAGAGACAATAGCAGCTTCTAA,"[[124805096, ""G"", [""T""]]]",yes,no,G->T,1
chr3,109058053,109058343,TGAGTTTTCTATTAAAAGTGTAAAATAGAAATTGAGAAATACCAAAATGTGATAAAAACAGCTATGGTAAGGAGTTATGATATAAACACCTGTAATATCAGAGGCTGCTGGAAGCTATTAAAATGCCTGGATGTGAGAGGCACACCTGGTTTCAAATACAAGCCTGTCTTTGTAATAACCATGTGACCATGGATGGTGCCTCTTAAACTTTCTGTCTCATTTGAAAAATGGGAGTAATACCTACCTAGCCACTTGTGATGTCATAAGAACTAAAAGAAATAATGTTAAATA,"[[109058171, ""G"", [""T""]]]",yes,no,G->T,1
chr3,82467126,82467367,ATTGAATCATTTCTTTTTTATTTTAAGCATTTCTTTTTTAGGACACTTAATATTCAAGACTTTAAACAACTGGCCTTTGCTATCACCTCTCAACAAATTGTCCAACTGGTTTGGCAGGAGCAAGCCCAAATGAAGCCTCAGGCAATTTCTTAGAGACTATTTTCCTTCACTCAGGAGGTTTATGATCACTTATGAATTGTTCAACTAGAAATCCTATTCATTTTGAATAAAAGCGGGTAGGT,"[[82467224, ""G"", [""T""]]]",yes,no,G->T,1
chr9,26159963,26160386,AGCAGACAAGGAAAGAAGTTCCACCAGCAGTTTCAGTAGTATCCACCATGTGGTAATAATCAAGCATATTAGAGATACACATGGGTGCACAGCCACAGACAAGTTAAGTAGCTGGTCACAGAACCTTGTTAAAATTCAAAGCACTTATTTTCTCAGAAAAGGGGAAAAGCAAGTCAGCCAGGAACTAAACAATGTCTCATGAGCTAGGCACTGTTTATTCATTCTTTCAAAAACTACTTGAGTGTCTGTTACACATCAAGCACTCATCAGAAAAGTAGGATGGAAAAGTATGGGGAAACTTAGACCATTGGACTGTGTGTGTGTAAGAGGTTCTGGTTCACAGAAAAAGGATGCTTTCATCAGGGGAAGATGGATGGGGACATAGTAAGAGTTCCAATAAACTTTAAGCTGGTTAGTTTAAGCT,N,no,no,N,0
chr7,89474399,89474822,TACTACTTTCTTCACTTTTTCTCCTAACATCTCTTTCTCAGTCTCTTCCAGGGCAAAGGATGGACTTTGGTGTGTTCTCTTTTGTACATGCCTCAGTGAGATGCACAAAGCACAACTTGGTCAGATTCACAGAGGCTCTTGTCTCCTCTAACTCTTCCTGACTCAGGTGAAAAATCACCTCACGCAATCTGGTTTACCCAAGTAAAGGCCTGGGTAACAGAACCTAGAAGCCTGGGAAAGATAATACACTGTAGTGAACCAGAGATAGACAAAAGAATGAACAATTAATCCCTTTCATTTTCGCTGCCTGTGAAACTGTTCAAGATGGGGTGGGCTTATACATCCTGTCCGAAAAATGAGCCTTATGACCTTGAAACTGGCTGTGTTATATTTTTGAAGCTGTGGCCAGTTGGATAATGTATCA,"[[89474452, ""T"", [""C""]]]",yes,no,T->C,1
chr16,27853158,27853405,TATCTGAACGTATGTAAAATATCCTGATGTTGGTCACGACGGAGACCAAAGCCTGGCTTTTCCCTGTGCCCTCTGTCCTGGGGGAACCCCACGTGGCCAGGTACACCTGCACATAAGGCCACCCCTGAGAAGCTGAGCTGATGCTATGTTTAAAACTTGCCCAGACCTATTTTTAAAGAACAAGCTATTTTTAGACACCCTCTTGAGAACCCGAAGCCTCTCTTGGTAGCATATTTCAGGGTTTAAAA,"[[27853171, ""C"", [""G""]], [27853233, ""C"", [""T""]]]",yes,yes,C->G,2
chr2,36936897,36937330,TCCTGCTGAAATAATCTTTCTATGTTCTTACATATTTAGGTTTGGAATATGGTTCATGATGGCAGAATTGTCCAGGTCAATATAGTAAAATACTCTGACAAAGACAGTAGGACCCAGACTCAAGCTGCGGAAGAGATAAATAAGCTCAGTTAAAAAGAAAAAGAGGGCCGGAAACGGTGGCTCATGCTTGTAATCCCAGCACTTTGGGAGGCCAAGGCGGGCAGATCACCTGAGGTCGGGAGTTCGAGATAAGCCTGACCAACATGGAGAAACCCTGTCTCTACTAAAAAATACAAAATTAGCTGGGCGTGGTGGTGCATGCCTATAATCCCAGCTACTTGGGAAGCTGAGGCAGGAGAATCGCATGAACCAGGGAGGTGGAGGTTGCGGTGAGCCAAGATCATGCCACTGCACTCCAGCCTAGGCAACAAGAG,"[[36936901, ""T"", [""G""]], [36937268, ""G"", [""A""]]]",yes,yes,G->A,2
chr17,55652882,55653172,GTTATATACTTTAAATGGATGAATTTTATAGTATGTGAATTATATCTAAATGCAGCTATTTTTTTAAAAAAGATTGCATGCCTCATCCCAAAGCAGTATTCATCAAGGGTGTCCTTTCACCTTCAGTCCACAGTCTCTACAAGTGGCGCCCCATCTCCATCCCTCCAGGCAGCCTGTACTCATGGCTCCTAGCAGAGTTAGAATACTTGGATCTGAATGTCCAGGTTGTATGACCACAGGCGAGTCATATGACATTTTAAGCCTCAGTTTCTTCCTCTGTAAAATGCAAAT,"[[55652946, ""A"", [""T""]]]",yes,no,A->T,1
chr17,5261559,5261907,ATTTCTATCCACTTTCTAATAAACTAATTTTTCTACTTTCTGAGGCACTATTTCATATTACTCCCCCCACAAATCTCCAACATTTCCTCCTCAATTCAATGGTGTTTTTGTTAGTGATCCCTAGAGAAAACAGATGCAATCAGAGGAGGTCTATTGATCTTCTCTTTCCACAAATGCAACCTTTCCACTAGTGCTCTGAATCCAATCCCCTCTCACTGACTCAGAATTTGCTCCTGTAATCTTCCCTCTTTTTATTTTTGATAGACGTCTCGCTCTGTCACCCAGGCTGGATTGCAATGGCACAATCTCGGCTTACTGCAACCTCTGTCTCCTGGGTTCAAGCGATTCT,N,no,no,N,0
chr14,34766663,34766985,AACAGGTTTAAAACCCAAAAAAACATAGGCTAAGATTTTAAAGTAGTCTAGGATTGCTAGTGACCTCAAGTGAATGGCAGAAACAAGTACAAATCTTTGCAAATTCTCTCTGAAAAGATTTTCACAGATGAAATCTGAGGAATGAGAGTTAATCAAAACCACAAGGCACATGTGGAAACAAAACATTAAGTGAAAGCCAGCAGAATCAAACTCATAAAGACTTCAGATACTAGAATTAGAAACAGAATATAAAATAACTTTAATATGTTTTAAGAAGTTTAAAATATGAATAACCAGGCAGTTTGAAAAAGATCCAGTTAGAA,N,no,no,N,0
chr3,23791183,23791605,ATGATATGTGGTACAGAATAAATGTTCCCCAACTTAACATGAAGTTTGGTGGAATTTACATTCTGGTCAGGCTATTTTAGGCGACCAGCTTACTATTTATGTACCTCTGCTGACTTTCTCTTCTGTGGCTAGTTTGACAGCTGTTTATTCATTCACTCATTCATTCATTTATTCATTCAACAAATATTTATTGATTGACTCCTGGCTGAAACCCAAGGCGATGGGAAAGAAGACACACTCACTGCCTGCCAGAGCCTTGAGGGGGGAGGCGGAAAGGGCAATGCGGGGTGCAGAGCAGCTGTAGACACCAGGGCGGCTGTGAGCATCTTCATGAATAATGCCCACAGACTACCCAGGGGAGTGAGAAGGAGAGAAAACCTCTGGGAGTGGCAAGAATTCTCTTCCACTGCTGATGCAGGAAAC,"[[23791190, ""C"", [""G""]]]",yes,no,C->G,1
chr19,19770456,19770793,CCATTTTGTTCTGTACTAGGAAAAATTCTTCTGCCTTGGGATGCTGTTAATCTATAACCTTACCCCCAACCCCGTGCTCTCTGAAACAGGTGCTGTGTCCACTAAGGGTTAAATGGATTAAGGGCGGTGCAAGTTGTGCTTTGTTAAACAGATGCTTGAAGGCAGCATGCTCTAAGAATCATCACCACTCCCTAATCTCAACTACCCAGGGACACAAACACTGTGGAAGGCGGCAGGGCCCTCTGCCTAGGAAAACCAGAGACCTTTGTTCACTTGTTTATCTGCTGACCTTCCCTCCACTATTGTCCTATGACCCTGCCAAATCCCCCTCTCCGAGA,N,no,no,N,0
chr10,2146109,2146431,TGTTATCAGTGCAACTCTCTGCCTCCTCTCTGTTCCTGAGCTCTGTGAGGCCGCCTCCTGCTCCTTTCATCTCTCCCTGCGCCCTCCTCATCTGTATCCGATTTTGCCGTCTGAGGGTATGAAAAGGGATTTGTGAAGTGATACTGAAAGTTGAAACCACAGCCCACAGAGCCTCCTTGTCACCGGACGTGTGTTTGGCCATTGAAGATACGGATGCCACCCTCGGGCTGCAAAGGCACAGCTGTCGTGCGGGCCCAGCTCAGGCCGGGTTTTCTAGAATCTAAATCTTGCCTCAAATTTGGTAAATGTCACTTCGACATTTA,"[[2146139, ""C"", [""T""]]]",yes,no,C->T,1
chr11,47096325,47096686,CATTAAACAATAACTCCTCATTCCCTGCTCCTTTCCCTCCCAGGCCCTGGTAACCTCTATAACACTTTCTGTCCCTCTGAATTTGCCTGTTCTAGGTCCCTCATATAAGTGAAGAGATAATTGATTTTTAACAAAAGCTTAATTGCTTTCTTGCCTGGAGGCATGGGTCGGAGTGAAGGGGAGCAAACATTAATTGGTGTCTTGACCTGACAAGTCAAGGTCACATTCGGATTTACTGGATTTATCTCAAGCAATAGAAAACTGTGTTTTTAAACTTTGGTTCCATGGAATCATACAGACTCCTTTTATTCTAATTGTTTTTATCATGACCTGTGTGTTCACCTATGAAATTATTCATTTGA,N,no,no,N,0
chr18,60452413,60452799,AGAAATTATTAAAAAATGAAAAATACAGATCATAAGCCTAGTATTACACTTTTCCATGTATTTTATTCATTGTCATATGCTTATTATCACTGCAATTCTACTTAAGAGTTGAGTAAAGTGGATACTAATTTTCCCGGGCAGGTCTATTTTTGGAGCACAAATATAATGCTGCTATAATTTGATGATGACTAGTGTTCACACTGTGAATGCATCTGAAGTCACATTCTGCGGAATACCAGATACCTATGACTCATAAAATGGGTGAGCTTTTCCCAGAAGTTCACAGATCAGTTAAAAGAATCTTTGTAAGATATTTAATTAAAGGACAGATACATATATAATCTCTCCCTTCTTATTCCTTATCTGCAAGAACATAGATACAGAGTA,"[[60452642, ""A"", [""G""]]]",yes,no,A->G,1
chr2,236882970,236883298,AGAGTGCCAAGTGGGCCTGCAATCCGAGCAACTTGGGAGGCTGAGGCAGGTGAGTCGCTTGAACTGGGGAGGTGGAGGTTGCAGTGAGCTTAAGATTGCACCACTACACTCAAGCCTGGGTGACAGAGTGAGACTCTGTCGCAAAAACAACAACAACAAAAAACACTGCTAGGTGGCCAGACATGGTGACTCACGCCTATAATCCTAGCACTTTGGGAGGCTGAGGCAGGTGAATCACTTGAGGTCAGGCGTTTGAGACCAGCCTCGCCAACATGGTTAAACACTGTCTCTACTAAAAATATAAAAATTAGCTGGGCATGGTGGCATGT,"[[236882973, ""C"", [""G""]]]",yes,no,C->G,1
chr18,59820630,59821114,ATGTGCAGTAAAACCACCAGGGGAAAGACGATGGAGAGCAAGCTACTCACACAGACTCAAGGCAACACTCACATATCACTTATAATTTACAAAGGAAAAGCCTATCTTTACCTTTGGAGAGAACTGGTGGACATCACCTTGGGAAAGTGATCAAACTTAGCATCCACATTATGAACCCCAGATGGGATGTAGCAAGAAGCATACAAGCATACCAACGTGGCATTCTTGGCAAAACTGTCTGACTTGAATCTAATCATAAGGAAACAATCAGCCAATTTCAGAATGTTGGGACAGCCTACAAGACCAGTTGGCCTGGAGTTTTCAAAAAAAGTCAATATTTTGAAAGTAGGAGGATGGTTCTTGATTGGAAGAGACTCCAGAGACTCAACACCAATGCAGAGAACCTGGATTTGCATCTTGGAACAGAAAATAGAAGAGGTATAAAAAGATATTCTGGAGGCATCTGGGGAAATGCAGATGTGGGT,"[[59820765, ""G"", [""A""]]]",yes,no,G->A,1
chr3,20912422,20912750,TTTGTGTGTTTTGAAGTGTATTCAGAATAGTTACATCATATTAGTTGCATTATGTTAGGCCGAAATATTACATTATTATTGTTTTTATTTGCATTTCTTGGAAAATTCAGAGTCATGGATTGGCCATGTGATATTGCAACAGTAAAAACTTCAAGTTAAAAATGTGTCATTTGCCTACATTGGCATTCTTTCCAGCTGATGACATTGCAGGAGCTCTTTATTAATTAAAGCTGCATTTGCCTGAGGAAGCCAAGGAAGTTACTGACTACTTTAAAAGTTTTCACCAAGTTTGTGGTCTATATAAGAGTGTATGTGGAATGGATTTCTGA,N,no,no,N,0
chr15,48982061,48982291,GCAGCATCTGCAGTATCGTGGGGTGGCAAAGTTTGGCAATCTCTGCCTCAAGAGTTCTATGACCTCAACTCAGCAAGCACAGCTATTTTAGCCAGAAAACAAAGCTTCTCTTAGAGAATGTGTTTCGCAAAAGTAGAATTGGGCGTTGGAAGGAGCCTGAGGGGAATTCTAGTTTCTGAGTCTCAGGATGCAGGGACAAGAGCACAGCCTGGGGATTGGTGGATCTGGAAT,N,no,no,N,0
chr7,12923949,12924415,TATGTTCTTAAAGACCAACTAAATGTTGTTCTACCTGGGAGTGGGAAAGCAGGGGGAAATAAAGTAGAAAATGAGCTAGGCTGGAGTGGATGCTTATGGGACACATAGTAGAAAATTGATTTTGTAAGACAAGCAGCATCAAGACCATAGATTGCCTTGGATGACCAGCTAAATAATTTAAATTTCATTAGAATTAGTCTCCAGGATGATTAATCTGGCAGTGATGTGTAAAAGACTTTGGCTTCGGAAGATTTGTTCCAAGGCTGACGCAATCCAGGTGAAAGGTAGCAATCTGTCAGACCTCTTGGTTTGAACAGAGGAAAGCACTAACAGGGATCTAAAACTACATCTAAATCTAGAAAACTACATGGAGGGATATGAGAAGCATTGTTTGACGTAGTGAAGGAAATATGTGAATAGGTTTTAACAGGGCAGCATAATAGTGGCCCTTTTCAGAGTTAATTCTA,"[[12923975, ""C"", [""T""]], [12924001, ""A"", [""G""]], [12924082, ""T"", [""C""]], [12924361, ""A"", [""G""]]]",yes,yes,T->C,4
chr2,48277210,48277504,AAATATTTTCTCTTGTTATATCAGGAAAGTTCTTGAATTACGGTTTTGAGTATCTGTTCAGTTCTCTCAGTTTGATTTCTCATATGGGAGACTTCCTATTATCTATATGTTGGATCTTCTTTGTCTTCAATTTTTTTCACATTCTATTGAATTGTTTCTCTTTTAACTTTTTTTATTTTTAAAATCCTTATTCCTTTCACTCTCTTTTCTCTTATGGCATTATCTGTAGTTTATTCTCTTGTATTTTTTCTAGTTAAGACTTTATTTCTTAAGTGATTTTTGTTTCTAATTCTCT,"[[48277219, ""T"", [""C""]]]",yes,no,T->C,1
chr20,43990767,43991051,GCCTGGTGTCCTGGGATCTCGGGGCACTCATGAGGACCATTCTCAGAGAACTTAAGTGCCTTCATCCACAGGCAGCTGGCGTGTGGCACATTTTTAGGCAATGCTACTTCTGTCATTTTCAGAAGGTAGAAATGGGAAAGAAAAAAAAAGCTGCAAATAGACATCATTTTTCCAGAAGCTTATTTTAAGACAGAAACAACTAGAGAGCCTACTCATCATTTTTGCTGCTTTTAAAATCAGCACTGCCTTGTGTGTGCCTGGGTACCTGCATACAAGGAGCACAGG,N,no,no,N,0
chr5,33901121,33901516,TTTAAAAAAAGAATATGAACCCAGAGAATGGTGAAGTAATATGTAATCAAAAGTTTATTCTACAAGTTAGCAACTGAAAAATATTTCAACTATCTTTATCTCTGATAAGTACCAGATGTTTCTTAACTAGAATGTTTAAGACATCTGGCTTGACTGAGATATTGTAGAGACAATCCCCAAACTTGTATAAACAGGATATTAAAAAAAGGGATTTCTGCTTTTAATCTTAATGGAGTAATAGGGATGCAATTTGCCCTTTCAACTCAACCAAGTAGAAAATAACGGGTAAAATACATAAAACTACTTGTTTCAGACATTGGGCAACAAGCAGCATGGGGCAGTAATCCCTGAGAAAAGGCAAACAAGTGATGTGAGACCAACAATTAAGCAGCTTAC,"[[33901179, ""G"", [""T""]]]",yes,no,G->T,1
chr7,118916466,118916712,CGTCATTTAGCATTAGGTATATCTCCTAAAGCTATCCCTCCCCACTCCCCTAACCCCACAACAGTCCCCAGAGTGTGATGTTCCTCCTGTGTCGATATAGGCTTTTAGTACTCCTGTGATTTGATCACATGTCATAATCTCATTTCTCTCATGGGAAAAACAACTTGACTGCACTCTTACCATTCACATGTCCTTAAAAGCAATACTGAATTATCTTTTAAAACAATAGTAATAGGTATTGAATATA,"[[118916559, ""A"", [""G""]], [118916599, ""G"", [""A""]]]",yes,yes,G->A,2
chr16,20595219,20595446,CCTTTCTCTTGGGTGTCCAATGACATGTGCTCAGAGAACAGTTGGCTGGGGTTACTCTGAGGCTGAGAGTTGGGGCATCTACTGTGGTGCGGGCTTGTTAGTTTCACCACACCTGAGGGCCCTAGCCACAAACCACACTCCATAGGTGGCTAACAATTGTCCAATCATTTCTCTTCCCTCACAGAAGTAGCAGACACACTGCTGACAGAATAGCCCATGGGTGTATGG,"[[20595342, ""G"", [""A""]], [20595353, ""G"", [""A""]]]",yes,yes,G->A,2
chr10,32744280,32744696,TGCCAGATTAAATGTAGAGAGACTAACAAAATATTACCGTAGCAGAAAATACTGTTAGAAATTAAGCAAATGAATAAACATTTTCCTGCTGGTGAAAAAAAAAAAAAAAGAAACAGCCAAAGTGTCTTCCAGAGTGGCTATGCCATTTTGTATTCTCACCAGCAATGAATGAAGATTCCTGTTGCTACACGTTCTTTTCTGCATTGATGTCAGTTTTTTGGAGTTAGGCCATTCTAATAACTGTGTAATTGTGTTTCATTGTTGTTCTAATGCACAATTTCCTAATGACATATATGTTACACATCTCTTTATATGCTTACTTATCATCTGTATGTCTTCTTTGGTAAGATGTCTGTTAAGGTATTTTGCCCATCTTTCAAATGGGATGTTTGTTTTAATATTGAGTTTTAAGAGTTC,"[[32744485, ""T"", [""G""]]]",yes,no,T->G,1
chr4,185310559,185310811,CTGATCTGGTTCTGAATTGCTGTGTCCTTTCATGCCTTGTCCTCTGACCAGGTACTGTTTCTCACTCCTATTCAAGGTAAAGAAACTGTGGCAATGAAAGCTGATCTCCTGAGGGCCAGGAACATGAAGAGGTACATCAACCAACTGACTGTGGCAAAGAAGCAGTGTGAGAAGAGAATCCGAATCCTGGGAGGCCCTGCCTATGACCAGCAAGAGGATGGGGCCCTGGATGAGGGGGAAGGGCCTCAAAGCC,"[[185310647, ""C"", [""T""]]]",yes,no,C->T,1
chr11,131455088,131455389,TGATAGTTCCATTTCAGAGGCTCAGCAAGACTTAAAATCTGCTTGGCAGCAGCTGGGCCAGTAAAAGCATCAGGTGCTGTCAATGGGTGACTCAGTAATCGACCTGAAATCTGCAACTGTAATGCAACAGCTGCAGCCAGCCCCATGGGTTCATAAGGCTTGGCCACAGGTTTAGATGCAGGAGGTGTTACGAGTAGACGGCCCAAGCGGAGGCTGACCCCAGAGGCTGTGCAGCTCTCTGAAGGCTGCAGCCCCACCTCCGCACGATGAGGCTGCTGCTGGCATTCCCACTGTCAGACCAC,"[[131455232, ""G"", [""A""]], [131455303, ""C"", [""G""]]]",yes,yes,C->G,2
chr9,76917310,76917730,GACTACTTCTAATGCTGTACATATTTATACTATGGCATTAATAATACTAAAATAGATTGTGCTAATAAGACATATTTCAACTGTGTGAAGATTTACCACTGTGAGTCACAACTCCTGATTTCCCAAAATGGAAATTACAGAAAGAAGCCAAAAAGACCAATTCAGAGTGACCCAGTGTAGCAGATGTTGGAAATTTCCTGGCTGCTACTATTTGAACATTCTTCCTGTATTTTGGGAATTCCTCCATAAATAAATCCTTGATGGGAGGCAGACCCCTAGCCGTAGTTCCCATTGCAAAACAATTTTTGCCGTAGCATGGATCTGTCAGTTATTCTTAGCATGGAGCCTTTAGAGCGCCATGTGCTCTAATTCACATGATCTCGTTCCACATTAACCAAAAAGTCTTTGATTGTGATTTGTC,"[[76917379, ""G"", [""A""]]]",yes,no,G->A,1
chr15,62262318,62262561,GGCAGAGGGTCATCCAACCCCGACTGTGGGAGGAGGTTTGAGGGCTGGCCCAGAGGGCCCAGGCCCTCTTACGTCCAGATTCTTCAGGGTAGCAGATTGTTAGAAATGAAAATTCAGAGTCGTAAGGAACACGAAAACACAAACAAAAGATTTCTCAGCAAGGCAATTTTACTTCTGCAGAAGGATCCTGTTTGCAAGCCAGATTGCCTTGAAAGCACACCAAACAAAGGAAAGCAGGAGTTTT,"[[62262339, ""C"", [""G""]]]",yes,no,C->G,1
chr2,121837549,121838002,TCATTGTGTGGCTGACTGTTTCATTCTGGTTGCAGCAAAGAAGACTCAGATAGGGAAGGAGGTAGAGATGCTCATCAACTTGCAGGGAGTGGCTGATGTCTTCAAGGGCTTATGGTAAAGTTGAGTGGCAAGTATAGACGTAGCCTTGTCTCATAAGAGGTGCTGGTGCCTGCCCAGGGAACAGGCAGCACAGCAGGGCTTAGCAGAGTTCTATCTTCAGCTGTTTGTGATGAACTCAGGCTTCCTGGCCCAGCTGCAAGTGCTTAGTCAGCTGCCTCTAAAGCACTGCTATTGCTACCTTATTAACAGCTGTATGCTACAAAGGAGGGCCTTCAAATTGAATTGCAGTGACCTGATGCTCCAGTTGTTGCAGGTGCGACTGGCTAGGGCTGGCATCGTGGGTGGTAAAAGAATTTACCAAGACAGTTGTAGTTAAAAAAAAGGCAGGTTTATT,"[[121837700, ""G"", [""C""]], [121837967, ""T"", [""C""]]]",yes,yes,T->C,2
chr13,95845283,95845486,TGAACAAAGGTCTCTGGTTTTCCTAGGCAGAGGGCCCTGCCGCCTTCCGCAGTGTTTGTGTCCCTGGGTACTTGAGATTAGGGAGTGGTGATGACTGGTATGCTGCCTTCAAGCATCTGTTTAACAAAGCACATCTTGCACCGCCCTTAATCCATTTAACCCTTAGTGGACAAAGCACATGTTTCAGAGAGCACGGGGTTGGGG,N,no,no,N,0
chr21,29820083,29820308,CAGAGTGCTTGCCATGTGACAGATAGAAGATCATTAACTATGTAGTAATCAATCATTTGCACACATATGTGGGTCCCCATGGGACACAACATTTATTATCCAGTTAATCCTTGAAAAAGTGTCTACTCTCACTGTTTCCATTTTTTTCTTCCTGCTCTCACTTCCAAACCAATTAGATTTTCACCCTCATCATTTCTCTGTTACTGTTTTTATCAAGATCACCATG,N,no,no,N,0
chr3,70090418,70090705,ATGTTCATAAAATCGATATTCTGGTTGCTAAGTGTGTGTTTTTAAGATATAGTTTGAATTAATTTATTCAAAGCCAGCTGGTGTTGTTCCCAGTATAACCTCTAGGAGGAAACCTCAACCCATGTTGTGTCTAAAATAATCGGGTTTTCGTTCTCTCTTTATTCAACTTTCATATTGTATCTAAGTTAGTACTTTTGATATTTCCAAGTTTTTTTTAAACATTTATGTAGAACACCACATAATTGCAGAAAAGATAATAGTCACATACCCTAGGGCCTACTGTACACT,N,no,no,N,0
chr2,132773275,132773657,GCTGGGAACTTGAGTTCCTTCAAGGTTATGTACAATTTTAAGACGTGGCTGACAAGCTGAACTTATTTCAGAGACAGGACTATCTATATTCTGAGTTTTAACAGAAATGATGTAAAAAGAGAGTTGAGAGTTTTGGCAAACCGTATTTTCTTATTCTATATTTGCTACTACGTGTAAAACATTCAATTTATAAAATATTTCATTTAAGAAAGCCACCACCTACACTTCTAACCACTAGGTGTTCTTGAGATAATTATAGAAACTGGATTACTCAGTATCACTTTCATTTCATATTGACAAATACTTCTCATCAGTTTGCTTTGCATTCTTTTGGAAATACCTGTTTTCCTCATAGGTGCTGCTTTGACCCACTTATTTTATGG,N,no,no,N,0
chr11,21429658,21429895,AGAAAAATATATTATGGTGCATTCTTCCTTGCCTGGCTGGATTGATGACAAAGCCTTTACATATTTACAGGTTAAAAGAGGCAGTGAGCAGGAAAGTCCCTTGTCTATAACATAAATTGACAACCTTAGTCTCTTTGAGATGTGGGTTCACAAGAGTTCAGAGAGCATTTTTTTGCCAGGAACACTAAAACCTCAGAGGGACATCAGCTCTTTAAAGGCAGGAAAGGACCCTAGCACT,"[[21429683, ""C"", [""T""]]]",yes,no,C->T,1
chr15,38391185,38391396,TAAACTTGATTTACAGGTCAGGTTTATTTACAGTTGTGATGTGCTATGATATTTGTGTCACAGGACAAAACGATTTGAAGATGACCCTATACCCCTATCATCTGTAGGTCAAAACTGAGAGGTGAGGAATAGATGGGGCAGGGAAGCTCTGGTTCAAGGATGGTGTTTTTCTCCCTTCTGAGTCATCACTTGTGACCACAAGTCCATTAGTG,N,no,no,N,0
chr17,69900168,69900381,AGGACTATTGCCCATAGTGTGGAAGGAAGGTAGAACCACCTTTTGCCGAGTTTAGCCTATTTTTCCTAGATTAGAAACAAACTGCTAATACCTGGGTAAAAAATGAAAGAGTTAGTGAAACTCAATGAGTGTTTCAGTGGTTTTGTTGCCTCCCTGCCAACCCAAGGTTTCGTCCTTTTGTGTATTAATTTGTTCTCCATTCTATGCTCTCCCA,"[[69900174, ""G"", [""A""]], [69900360, ""G"", [""T""]]]",yes,yes,G->A,2
chr4,23372068,23372469,AGGGGATGAGGAGAGCACGAAGAAATAAGTGGTAGATAAGAAAGAAATAAAGCAAATCGGATGGTTGCCGGGTCTGTGTGGATAGAAGTAGACATGGGAGACTTTTCATTTTGTTCTGTACTAAGAAAAATTCTTCTGCCTTGGGATCCTGTTGATCTGTGACCTTATCCCCAACCCTGTGCTCTCTGAAACATGTGCTGTGTCCACTCAGGGTTAAATGGATTAAGGGCGGTGCAAGATGTGCTTTGTTAAACAGATGCTTGAAGGCAGCATGCTGGTTAAGAGTCATCACCACTCCCTAATCTTAAGTACCCAGGGACACAAACACTGCGGAAGGCCGCAGGGTCCTCTGCCTAGGAAAACCAGAGACCTTTGTTCACTTGTTTATCTGCTGACCTTCCC,"[[23372086, ""A"", [""G""]]]",yes,no,A->G,1
chr14,56891164,56891571,TAACTATATCATTAATGATGTTCTCTAACTGGGGAAGTCCCTACCCTAGAGTGTAAGGGATCAAAGAAAACATTCTTTTCTGTCTGGTACACTTAGTAGTCCTGCCTCCCAACAGTGGGATAAAAGGAACTTGCTAAACTGTTGCCATTTTGCAACATCTGCTATAATTCCCCTAAATCCAGATTTGCCTGACACAGAGAGGCCTGTTCTTACATCATTGCCATGTGACAGTATAACACCAGTCACATCAAGCTTGGGGATTGCAGCTTCAGGCTATGATAATATGAAGAAAACCTTTTTGCCTAGGGCAAAACACTTGTAACAAAGTATTATTCATCTGGCCAATTTAAATCTTCTCTCAAAAAGGTATCCAGAAACATATGCAGTATTCCTTTGTAAAAGGCTGGA,"[[56891179, ""C"", [""T""]]]",yes,no,C->T,1
chr8,137832901,137833252,TAAGAAATTGTGATCCAAATAGTTTTCCTAATGAAGACCTGAGACATCTGTGAAATCCTGGGTAATGAGCTCATTCTGCCTGGTAACTAAGGAGGCAGTGCATACTCCAGCAGGTCAGAAATACACCCATATGTTCACATTTCTCAGTAGCATCTGGGCATTCCTATGCTGAAACCTAGAATAGCAGAGTCAGGAAGGAATTGGAGAGCATGTGTTCCAGAGCCCATTTCACACTCAGGCGATGGGGATTCAATGAGGATGCCTGGGGAATATGTTCAGGATCACAAGTCAGAGCCAGACCAAAGATGAGAAGTCCTCACCCTTAGGGGTCACGGGGAAATATTTCCAGTTT,"[[137833026, ""T"", [""C""]], [137833133, ""G"", [""A""]]]",yes,yes,G->A,2
chr5,65440473,65440873,TGAGTTGAAGAGACAGAACAGAAAATACAGGAGACAAAGACAGTTAAAATTTACAGGACTAAGTACAGCAGCAGAGGCAGCTACACAAAGAGATAATTGTGGAGATTTGCAAAGGATTCCCCTTAACTATTCAGTTGAGTGTGAATCTGGCTCATATGACGTAAGAGAAGCACTTAAGGCCAGGCAAATTATCACCCAAAAGGATTAGAGGTAATAATGCCTAGCACTTACACAACATTAAATATAGGGCCTAGATCCACCCAGACCAACTGGAAAACCACAAGATTCACAGGGCAATTGGGTAGAGTACCCAGAAGGGACTTGCCTCAGTACTGGGGAATAATTAGCCCTAAACTGAACACTGAATTGGTACTACAAAACAAATTTTAAAAGAAAGAATC,N,no,no,N,0
chr1,201136165,201136562,CTCACCCTGCCCCATTCCACTATTTCTAACTCTCAAGAAGGATGCTAAGTATAGGCTTCAAGACCTCACTTAGGCAGAGGACTTGATGACATCTGTTGTTTCAGCAATGCACCGAGGTGCCCCCAGGGCTAGTACTAGGCTAGAGAACTCCCCTGCCCTCCACGCCATTGCCCAGGGGACAGGAAGAAGGCCCAGGGGCTAGGGTCTGGCTACCCTGAGATGGCAACACATCTGCTCCAGATGGGAGGGGGCCTACTGAGGAGTCTGCATAGATCCAGATCCATGGGATCTTAGTTTCCCTGGGAAAGAGGGATGTGACATCACTCAGGGAGTCTGACAGGGATGGAAATTCAGAGCCGCCCCAGCATTCCCTTTGCAGAGCCCTCTCTGGCCCATTC,"[[201136171, ""A"", [""C""]]]",yes,no,A->C,1
chr4,17155565,17155838,AAAATAATTTCTGCCCAGCCTCCTCCACATGGCCCCTACAGGATTCAGAGGATGCTGCTGGCAGCGCAGCACTTTGAAAGTTTATGAAGTTTTCCACATAGGCAAGATGCTGTACATGTCTAAGATCTCTCCCCTCCCACTTTCTTTGCTTACACAACCAGGAAGTGAAAAGCAGATGTGGAAACCACTCTCAAACTTTGTGCCAGACCCTCAAATCTTGTGCCTAGGAAATGTCCTCCAACTTTCCCTCACACCAACAGCATCATTATCTTGG,"[[17155629, ""T"", [""C""]]]",yes,no,T->C,1
chrX,132267085,132267303,CCTCCCTCTACGTGCCTGCCTGTCCAGAAGCAGATAACTGCTCAATGGTATTGCCTTTCTAGGGAACCATATCCACCCACCACCATCATAAACCCTTAGAAGTCTTGGTTTCACTCAAAAATTCTCACATATGAATACATGATGTCATCCTGAGGTTTGCATCAGACTGAGTTCAGATTGCATATTTTTCCACAAGCATCATTCTGCTGCAAAGTTAGA,N,no,no,N,0
chr4,176539836,176540160,AAGACTGAATAGTAAGAGTGATTATGACATCCATTGCCTACTAAAATTACAATGGGTAGACATGCATACATAGTGTTCAGAGTATCAGTCTTATCATCTAGAACACTTGAATAGAGGTTTATGGAGAAGTCAAACTGCATTTCTTAAGCTTTGCTGACACCATATAACAAATGCTTGGCCTTGGGCACATTAGCTGCTCTGAGTCACTTTTTTCTTTTCTTTTCTTTTCTTTTCTTTTTTTCTTTCTTTTTTTTTTTTTTTTTTTTAAAAAAAAAAAAAAAAAGAAAACAGGAAAAGAGTGCCCTTCTGTGAAAGAAGAATGGAA,"[[176539877, ""A"", [""T""]], [176539900, ""T"", [""C""]]]",yes,yes,A->T,2
chr11,93648151,93648573,GGCCTCTACCAGCAGCCATGCTTACCAGGAATAAATATGTCAGTACACTTTAACCCATCTGTGGGACAATGGATGGAAAGCGCTACCCTAACTCATCCCATTTATACTGGGACGAGAAAGTATTGTTTCTGCACCTGAGGACATCTTTAGTGCCTGATACACAGGGGGATGAGAGGGAGACAGCTGCCTTAGCTATGCTTATGTATAGCACCACTTAGTGGTGATATATGTCGGCCAATACTGCTGAGGAAACAAGGGAAATTGCTGTTGGATATATGATTCTACTGCCTGAGAAGCCTGTCAGTGTAAACTTTTCTGTTTCTCCAGAACCTGTGGAGTTGTGTTCATTTATGTGTCTCTCCTCGGAGCAGAACCTTGTGAGTGCACAGTTTCCAGGAACTATACGATGTTCTCCCTCTGACA,"[[93648171, ""T"", [""C""]], [93648383, ""A"", [""G""]]]",yes,yes,A->G,2
chr4,106618903,106619268,TAGTTTTTAATTAATATATTTGTGAATTTTCTGTTTATTTTACCTTAAGCCATCTATTTTTAAACCATGTTAGAAGATATTGAGTGAAAAATTTACTGTGTCCCAGAGTTGTAGTTAAGGACTTCAGTTGTGGACAAGATGAGCTGAGTATCCCACTTTGAAAGCCAGTATGTAATAGAACCCAGCTATATTCCCACAGGGCTTGTTAAGAGGTGAAAAGTATATACCGCCCCCTGCCAACAGTGACTAAGAAGAGAACTGGGGAAAGAAAAGGGAATCGTCAAGAGTAATGCTAACTGTTGTAACTAACAACCCCCCATATTTTAGTAGATTAATACAATAAAATTTTATTTTTCACTTATGTAA,"[[106618935, ""A"", [""G""]]]",yes,no,A->G,1
chr18,23877459,23877720,CCAGGAATACAGGGCTTCAGTTGTGTTGTGCCCTTTTGGAAATGCACTCCTCTGGCACAGATTTTCTTTGTATTGTGTAATGCAACTAGAGTGTGTTTCAAGTATGAGTTCCTAGACCGTATTAAGCTCGTTCACCGTGGCCCAGGGAACTGCTTCCTCTGCAAGATGGGACAGGCTAGAAGAGGAAATTGTTGTGAAGAGCCAACTGATAGAATATTTTGTTGGATTGTAATCTTATAAATTCAAAAAGAGTAAAGGGTAT,"[[23877518, ""A"", [""G""]]]",yes,no,A->G,1
chr10,3619345,3619840,TGAACAGCTGCACCAAGTTGTTATGGCAACAGGAATTTTAAAGGTAAATTAATTTTGCTACAAGGTGTTATTAAGACCAGGTAAGGGTGGCCTTGAATAATAATGGCTCCTCTCTGCTCCGCAGAGCATGACAGCTCCCATTGAGCTGCAAGAGCTGCAATAGAAGAGAAACATCCTTGATTTATTGTCATCTCTTAACAATTCTTACAGGAAATATGGCCATAAATTGTGTTGGTTTATTGCAGATTTGTACATCCCACTTTTAATCCTCCATAAAATTATAGATTGAAGGAGTGCTTCAGCTCATCAGTCCATTGGTTTCTGATGAACTTATAAAGGAGAAACTACCATTTAGACAGTTTCTCTTGTGAAATGACAATATATTCCTAGAGAGCTTTATGTTATGGAAAAAATGTGACCTTTCAATTTTAGAGAAAGAAGTTGGAAAAAGTCTCAATCCTAAATTCAGGTTACATCTAAGTGAGCACACAGATGA,N,no,no,N,0
chr1,107176784,107177145,TATGTTATTTGCTTAGTTTGGTGTCTTTTTATCTCTCATATAAACAAATATACGTAGTCTAAAGCAAGGTTTCTCACACTTGGCATAATTGACATTTGAGACTGGATAATTTCCTGTTATAGGTGGCTATCCTGTATAGCAGCTTACTGGCACTAGATGCCAGTAGCACACACATCCAGTTGTGGCAAACCATCATATCTTCAGATATTGCCAAATATCCTCTGAGGAGCAAAATTGCCCCAGTTGAGAACCACTGGTCCAAGTCAACTTCCTAAATCTTCTTCTTCAGTCTCAACTTCCTTCATGATAGCTGCTATTCTAATGATTCTAATGCATTATTTTACTGAGAATCACATGTCTCT,N,no,no,N,0
chr14,28061000,28061264,ACAGTTCCTATTCTTGTTCACTTATTGTTGCAGGTTAGTATGCAGATGTAGCTGAAAGCTTATGTGTTAACTTGATGTAGAGAGAGCTCAGATCCATGTGTGTCCTCTTGAGTCTCATTAGTCATTGTTTGAGAGATGTTATCCTGCCTTCATCTGAAACTTTGCTTTTTTCTGCTCTTACAGAAATGTGTGGCTGCTGAAACATTTAAGCTACATTCCATTGACTCTGACTGCTGGTGATCTCCTGGTCTGGTACCTGACACTA,"[[28061032, ""A"", [""G""]]]",yes,no,A->G,1
chr6,99061089,99061442,TCCTTATAAACATCCTAGAGCATCTGCCACAACCAGTTACAATAATTACAACCAGGCTTCAAGGGAACTGCAAAGGGGTACAGACAACAGCTAGCCTCATCATCTCTTATCTGAGCTTTTTCTAGGCCTCTTTTCCTGTCTTCTCTTAGTCTGAGCAAGCAGCCAGTCAAACGCCAGATGCTCACAAATGCTCTGGAATCAATAGCGTACATCGTATTGTTCCATCCCTTATTTTTCCACTGGAAAGGGCAACACTCTCACCAGGAGTGTCATCCCAAACCTGGCTGCCCAAAGGGATCACAGAGGGAACTTGCTAAAATGCAGATTCCTCTAGATTTTGATTTATGAACAACA,N,no,no,N,0
chr8,87196543,87196856,TGAGATTGAAAAGTCAACAGATTTGCAAGAGCTTTAGAACACCAAGGTCATGAGTACCTACAACTGGGAACACTGAGCAATTCAGTGGATGTCAGCACAGATGCCAAAGGCTATACATGATAATTACAGCTCAGCAGATGCCACCCCACATGGATACTAATGATCAGAAGCCAGATACCACTTGGTATGACTATAAGCCCCTAGGTTTGAGGTGATCACTGGGAGAGGAAAGAGAAGAAACGACAACCTGAAATTATTTTGTTTCCCACTGAAATGCCTGAAATCTCTGGAATACACTAAAATTTTGCTTTTGG,"[[87196548, ""G"", [""T""]]]",yes,no,G->T,1
chr10,62898784,62899169,CCAACTCTCCACAGCATGTGAGGACAACAGCAGGCACAACTCCACAGCAGGTGAGGACAAAATAGCAGGCAAAGCTGCCAGACTGTAGAGAAAAGTGTAGGGCAAGGCCTGGCAAGAAGCTCTCACTCCACACATTTATCCCTTGGGAGAAAGATGAATCAGGGGTTGAAAAACTGGGCAAATTAAAAAGCAAGGGATGCTCTTAATTAACTGAAAACCATGCTCCACCAGGCTCAGGAAAGCAAGCGTTTCAGATCACGGAGCGATGACTCTATCACAGTTGTAATCATTACACAGAATATTTAGCCCTGCAAAATATTTTTGTCTCTCAATTTCGAGGTCCCAGAGAACTGTTTTCTCAAACTTGCCATGAAATTTCCTTGGTT,"[[62898800, ""G"", [""T""]]]",yes,no,G->T,1
chr17,5711390,5711656,TCTTCCCCATCTACCTCTGGAAAGACACTGGAGTCTTGGAGCGGCTGCTGGCTCCTGGGCAGCTGGTGCTAGTTTAGGTCTCAGATAATATTGCCCTGAGGAGAAAAGCCAATTACCTTAAGCTAAGACTAATTAACTACCACAGAGGGTGGGATTTCTGAAGAAAATGCCTGACTCTCCCTACGGTCTGTTTAATGAGCGGATGGCTCCGCAGGGATGCCTTTGATAATCCCAGGGCCTGAAACGGATCCCACCACACAACTCACA,"[[5711399, ""C"", [""T""]]]",yes,no,C->T,1
chr19,8157237,8157721,TCGAGCCAGGAGCGGGGGATCACACCTGTAATCCCAGCACTTTGGGAGGCCAAGGCAGGCAGATCCCTTGAGTGCAAGAGTTAGAGACCAGCTGGGGCAACATGGCAAGCTCCGTCTCTACAAACAACACAAAGATTAGCCAGGCCTGGTGGCATGAGTCTGTAGTCCCAGCTACTCAGGAGACTGAGATGAGATCACTTGAGCCCCAGATGTCTGGGAGCCCCAGATGTCACTGTAGAGGCTACAGTGATCCGAGATCACATCACTGCACTCCGGACTGGGAGACAGAGCAAGACCCTTTCAAATAAAAAGAAAGACAGAGAGATAGAGAAAGAGAGAGAAGAAAAAGGAAGAAAGAGGAGAGGAGAGAAGATGCGCAGTGGCTCACGTCTGTAATCCCAGCACTTTGGGAGGCTGAGGCAGGTGGATCATGAGGTCAGGAGTTCAAGACCAGCCTGGCCAAGATGGTGAAACCCCATCTCTAC,"[[8157244, ""G"", [""A""]]]",yes,no,G->A,1
chr8,90237633,90237856,GAGTGATGCTCCTAGGTCTGTGAAAAATGATGCATTACTGCCAGCACAGCGAGTAACATGTGCATTGTCTTGTTTGTGTTAGTTCCCTTTGTCCTCTCAAGTCCCACGGGATGACAAGGAGGGTCCAGACAAATGTCAGCCGCACATGCAGTGAATTGTGTGACAGGATCACTGAGCTTAGGGAGTCCACTGTTTCATTATAAGCAGTAAACAAGCCTGCTCTC,"[[90237673, ""A"", [""C""]]]",yes,no,A->C,1
chr6,70586079,70586515,TAACATCTGTAAGTAGCTACGATGATGACCTCAGCAGAGAATACCCACCTTGAGGGAATGTGACACCCATGCCCCCAAAAGTGTAGTTGCCTTTTGGTCTGTGTCTCAGGAGTATAACTGACTTCTCTAGGGATTGAATGTAAGAGAGACCTAAGTAACCATGGGGTTTGGATAAAGCAAATCTGGGTTTGAACTGGAGCTCTCAGAGGCTTCTACTCTCTGGGTTTCAGTTTCCTCCTAACACCTGCCTTAGAATGCGCTTATGAGAAGAAACTGAGATGATAGGGCACTTTGCACTTTCCCTTTCAAGCCTTGCCAGAGTTTGTTATTCTTGTATGTATTTGTTTGCCTTTTTTTTTTTTTTTTTTTTTTTGGCCTACTTCAGTACTCTGTGAGCCCTATGAGGGAAGGGGCCTTCTATTGCATGGTCACTACTG,"[[70586161, ""C"", [""G""]], [70586479, ""G"", [""A""]]]",yes,yes,C->G,2
chr6,90336585,90336980,TGATCCCATACATGCTGGGTATAGAGGGGCCCGGTGGCCAGACAGCCAATTCTGAAAGGTGAATTCACTCACAATGCATCCTTTGTTTTAGGGAACGTTTTGTTCCTCTGATCTTCAGCTTCAGCATCATGAAAAAGCATTTGTCAAGCCCCTAATTGCCCAGAGTGCTGCATTAAGCACTCCATAAAGAGAGTTTCACAGCCACAGCACAGCTGAGCATGACAGAGACAGGCCTGGGTGTGGAGAAAACTGCTATTGCCATTACCCTCATCCACACAGTCCTGCAATTTAACAGAAAAATGATGTCTTCCAGGTATTCCCAGTGATGCTGAGATACTTGAGTTGGGGTGGGGCACATGAAAGCAGCAGGACATGCAGCAGTGGTGCTGGTCTAGA,"[[90336592, ""G"", [""A""]]]",yes,no,G->A,1
chr10,65212104,65212509,GTTTGTGAATATATGTAAATATTCATTCCTCTATGTCCTGTTCTCATGAAGACAGTAGAGGTGATTCAGAGACCACAGGAGGCCTTTAATTAGACCCAATTCATAATTAGCTCAAGTAGTGGAGGATATCAACATTTTTCAGGAAATGGAGGCTGAAATGTTGGAACTGAAAGGTAAGAAAGTTTTCTGAGTGGTTTTCTGTCTCTCAGATATACTTATGAAGTTTAAAAAACCTTGTTATGCTCAGTTATCAAAAACAGTTTCCGGCCAGGTGCAGCAGCTCACACCTGTAATTCCAACACTTTGGCAGGCTGAGGCAGGTAGATTGCTTGAGCCAAGGAATTCAAAACCAGCCCAGGTAACATGTCAAAACCCTACCTCTAGAAAAAAATACAAAAATTAGCTA,"[[65212140, ""G"", [""C""]], [65212445, ""G"", [""A""]]]",yes,yes,G->C,2
chr4,14315208,14315549,TCAAACAACTTGCAAGTAACAAAACAAATGTTCTGTTTTCAAATGAACTTGCTTTCTGGTTCTTTCTTCTAAGCCTGACCTTTAGTTATGATTGCTTCTGAAACCTTTGTCTAGCACTTCTCACCATTTTTGGGGTGTATAACAGGGAAACAGAAAATGGATTTGAATAAAGTAAAGATAGTCTTTTTATAGATTTTTAAAAGAATACGCAAGTGTTTAAATATGGAATCGCTTCTGAGATGCAGTAAACACTTTGTTTCTAAGGTGCTCAAATGTTACTGTCCATTGGGTAGAATACAGTATAGAGAGTTCAAACATGAATGACGTTTGGACTAGAAGAGG,"[[14315234, ""G"", [""A""]], [14315492, ""G"", [""A""]]]",yes,yes,G->A,2
chr3,138563356,138563691,GATATCTACAGAACTCTCCACCCCAAATCAACAGAATATACATTCTCAGCACCACATCACACTTATTCTAAAATTGACTACATAATTAGAAGTAAAACACTCCTCAGCAAATGCAAAAGAACAGAAATCATAACAAACAGTCTCTCAGACCACAGTGCAATCAACTTAGAACTAAGGATTAAGAAACTCACTCAAAACCACTCAACTACATGGAAACTGAACAACCTGCCTTTGAATGACTACTGAGTAAACAACGAAATGAAAGCAGAAATAAAGATGTTCTTTGAAACCAATGAGAACAAAGACACAATGTACCAGAATCTCTGGGACACATTT,"[[138563601, ""G"", [""A""]]]",yes,no,G->A,1
chr2,158243413,158243673,GGCAGTGTTTCCAATAAAATTTTCCCAAGAACCCAGCAGGACCTCTGTGGATTTTTTGGGAATTCACTACCTCAGACAAAAGCTATACCACAATCTTTTTGAAATAATCTCGTCTCTCTCGGTCTCCTGCCGAGATGGCTGAGGGATACCACTCTTAAGCTTCCTGGAGGCCTGCTAGTTTGAAAAGATCCATGAGAAGCACCGTTGATCTCCCAGAAGGGTCTTTTATATAACTAAATACTCTGACTTTTGATCTTTTCA,"[[158243424, ""T"", [""C""]]]",yes,no,T->C,1
chr3,75583847,75584204,TGCATCTATGTGAGAGCTCACAGGAAAAGCCCTCTGTGTGGCTGCCAGCCTCACACACTCCCCCCAAGGGATGAGTTTCTCTTTCCATGTTAATCTATGCCCTGACGTGCCATCTGTCAACCACCACACCATTCTCAGTTGACATTTCAAAGCATCTTTGCCCTGTGAATAGTCACCAGCCCTGCCCTGCAAGCCCCCAGGTGACATTGAACTTAAATGAGAGAGAAAACAGGTTTCGGGGTGGATTTCAGTTCAGCATCTTGGATTCTCTGTGTGGACATGAAATCTGTCTCCCCAGCTGTGGGCTGCATCCTTGTTTGTCATCTGGTTTGGTTCTTGGGGACTTGGAAACACGTGG,"[[75583857, ""C"", [""T""]]]",yes,no,C->T,1
chr7,50477701,50478007,ATGAGTGACCCTGAGATGGAAGCCCAAAGTCATACAGCCTATCTCAACCCATACACAGTACTCTCCTTTACGACACATGACCTCTCATTAGTAAGGGAGCTTGTTAAACAAACATAACATCAATAGCAGCATCTGGCAATGATTCACAGAGACCACTGCAAATGAAACAACAGCACTCAACAGAGTGCATGCAGGAAGCACTCAGTAAGAAATTGTCGAGGCTAGGCGTGGTGGCTCACACCTGTAATCCCAGCACTTTGAGAGGCCAAGGCAGGCAAATCGCTTGAGCTCAGGAGTTCAAGACTAG,"[[50477780, ""G"", [""A""]], [50477851, ""A"", [""G""]], [50477873, ""A"", [""G""]], [50477895, ""A"", [""G""]], [50477920, ""C"", [""G""]], [50477923, ""C"", [""T""]]]",yes,yes,C->G,6
chr5,107736181,107736436,CTTCACTCTTAGAGCCAAGATTGCTACACCAGCTACAGAGCTTCTTTCCCCAACAGCTCCTCTAACCTCTTAGAACTGAGTTGCATTGTCCCTGACTAGATCATGAGCCATCTCTAAACCAAACCCAGGGATAATCTGAGTGGCTAGCCCTGGGTCACATGCCTGCCCTTGATGACGGAGCTGCACTCTGTTCTACCCAAATTATACAAACTCACAGATTATTTTAAAAGCCTCACAGATACCAAAAGAAAAAGAA,"[[107736202, ""G"", [""T""]]]",yes,no,G->T,1
chr18,66274297,66274604,TAAAGTCTGGCTGCCAGTGGTCCAGGCAGAACAGAGCCATATGTCTCTTCTTTCAAAAGCAAATAGGAGAAATATTGCTGAATTCTTTTTCTCAGCAAGGAACAGCCCTGAGAAAGAGAATGTGTTCCCAAGGGGAGGCCTCTGAAATGGCCGCTTTGGGAACGTCTGTCTTTTACAGTTGTAGATTAGGGATGGAATAAGCCCCGGTCTCCCATAGAGCTCCCAGGCTTATTAGGAAGAGGAAATTCCCACCTAATAAATTTTAGTCAGACCGGTTGTCTGCTCTCAAACCCTGTCTCCTGATAAGT,"[[66274510, ""G"", [""A""]]]",yes,no,G->A,1
chr4,114368785,114369096,AGATGGCCACATACAGATAGTGGCTACTGTATTTAGACAGCAGAACTATAGACACAGAAACAGCAACACTCTATTTTGAAATTGAGATCAGAAGGATACATACTCAGAAATGCCAAAACTTTGGGGTTGATTAATGTCAAACTCTTACCCTATTTTCTGACTCCCAGGAGATAACTAACACTTGTGTTGCAACTTCAAAATTGTCCTTCGATTTATTCTAGTTAATGACTAATAGTACTCTAGCTGTACTTCCCTAATGGATTTTAAAAGCTCCCAGAGAGAAGTATGATCTTAAAATGTACCCTTAATGTA,"[[114368871, ""T"", [""A""]]]",yes,no,T->A,1
chr7,154231806,154232069,CCCCACGTGCTTCTCTGAAAGGTTGTCAGCAGTGTATTGATGATTTTCAAGTATTTGAGCATACTTGTAACCCTTGAGGTCAACCGGCTTCCTTGGAGATGGCCATTCTACTCTACCAGCCAGGGAGGAACTGTCCATGGTGCTGCTTCGCATCCAGAGGCTACAGGGTTGCCGTGTGATAGGAGCCACCTGGGCAGGGACTTACCCTCAAACAGCCTCGTGTTTCATGGTGCAGCACTACAGGGACAAATGCTTACCTTTGGG,"[[154231875, ""G"", [""A""]]]",yes,no,G->A,1
chr3,38561678,38562152,TCTTGGTGCGCTTTCAAGTCTGCCTTATCTGCTCTCATTCTTTGGTAAAATGTGGTGACTTGAAAAATGCATAGGGATCTGCACTAGGAAAATGGTGCACAGGAGATCACTAAGCACGTGGTTATTTCCTCTACAGCCTCTGTCTGATGCTGGGAATGCAGCTTGCTCTATGCCTCTTCCCTCACCCTCCCGACCACAGCCCCTGTCTGATGCTGGGAATGCAGCTTGCTCTATGCCTCTTCCCTCACCCTCCCGACCACAGCCCCACTGGCCATCACAGACAGAGGGCTGGCAGCCTGTGTCTGCCAGGAGGCAGGGCATGCAGAGGGGCACACAGAGTGGGCACACAGAGTGGGCACACAGAGATGCAGCCCTGCAGGACAGCAGAAGCACAGGGGCCCTGGTGCCAGTGGCCTGGGGTGTAGCTGAGACCCCTGTGCCCAGCAAGTCTTGCTTCCTCTCCTTTGTCCGGTGC,N,no,no,N,0
chr17,34071911,34072265,TCTAAGTGGAAGGATGAAGGTTGTCTTTTTTCTTAAAAGTCACATGGCAGGTGCAGGCTGACAACAGGTGGCGAGAAACAGCACAGGGTGGGAAGTGCAGAAGGGCAGGCACTGGCCACGTAGGCTGGGGACAGCTGATTCAGGGTGAAAATGAAAGACAAAGAGCAGCTGTGCTTTGTGCTGAAAGGAAGCTAGGGGGTTTTTGCAGCAGGGCAGGCATCGGGGCGAGAAGTCCTTTCCCAGTCAGTAGTGCTGGTGCTGGGCTGGGGACGCGATTGCTGCATAGCTGTGAGTCTGCCTCAGCACCGCTCTGTGCATCGCAGCTCTGCCTCCCTCTCAAGGTGCCAACTCAGTC,"[[34071962, ""C"", [""T""]]]",yes,no,C->T,1
chr3,154655421,154655809,CATCTTGATAATACAACTAAAGCACAGACCTGGCTTGGCATTCTTGGTCCTACTATTTGTTTCATCCTCTGCCTGACTTTTTGCTTCTCATAACACTGAACTAATACACACACACACACACACACACACACTCAAACAAAACTATTTTCATCCTCCTCACTCCTTGCCTTTGCCAATAGCTTTTGCTCTACTTGCAACATCTACTTGTAACACTTTCACTTTCCTAGACCACTTTAACCTACCCTACATGCCCCCAAGGAAATTCCTTTTCTTTTGGTTGCCCCAGATTTCTTTGTTCTTTTATTTACTGTAGTAGACTCAGAATATTGTTTTTATGTTTGTGTCTATCTTATCTCACTTTATCTTTTCTTCTTCTGCAATCTTATTCA,"[[154655601, ""C"", [""T""]]]",yes,no,C->T,1
chr12,10083693,10083946,AAACTCCTGACCTCAGGATATCTGCCCTCCTCAGCCTCCCAAAGTGCTGGGGTTACAGGCATGAGCCACCATGTCCGGCCTAAACAAATTTTAAAAAACAATATAGGATATGGATTTAAAAAATTATCCAGAGAAATAAATATCGTAAAGAAAAAACAATCACAACTTCTGGAAATGAAAGACACACTTAGAGAAATAGAAAATGCAGTAGAAGGTTTCAACAATAGACTAGAACAAGGAGAAGAGAGAATTTC,"[[10083711, ""G"", [""T""]]]",yes,no,G->T,1
chr6,130807605,130807833,CAAAGTTGGGTGACTTACACAACTTGATTTCAATACCACAAAGCTTTAGTAAAAAGAGAATATGGTAGTAGCAGAAGAATAGACCTATGGATCAATGGAAGAGAATACAGAATTCAGATGCAGACTGACACATATGTGGTCAATTGATTGTGAATAAAATTTAAATGCCAAGTAGTTCAAACAGAAAAGGAAAGTCTTTTTAACAATCATCAGTGGGGGGAAAATTAAC,"[[130807625, ""T"", [""A""]]]",yes,no,T->A,1
chr4,33976093,33976364,AGATGAATTTCGGGTAGCCTCAGAAACTAGAGAGCAATGAAAAATTCATGTCTTGGCCTTGGTACAATTGCATAAGGCCTCAGTAGACAAATTGCAGCATTGCTCAACTGAGGCAAAGTATTGAGGTCATTGGTTTATAGCTGTAGGCCACAAAGTGTTACATCTAAGTGTTAGTTCATTTTGCAGATGTAAGTGGACTACTACTACTACTAAAAAAAAAATAGTTTTAGGGATTAGCACAGTATTGTAGAGAATGGATTCCACTTTTTGCA,"[[33976104, ""T"", [""G""]]]",yes,no,T->G,1
chr22,21071766,21072226,TGCATGCAGGATTGTGTAAAGACAATGCCAGCTTGGACTGCCAGAACGAGCCAACAGCGCGTGATGTCCTTCCACCTGCAGAGAGCCTATGAATGGACGTGCAGTCAGGGAGGTTTCATATCACCAAGATTCCTATCCCAGAAAAGCAGATATTCATAGCTCTGGGAATGGAATGCAACCCTTGTGGAGAGCCTATAAACGGATGCATGGGGGGCGCCTGTCCATATGGATAAGATACGGCTATAAACGCCCTCATCTTGCCACAGCTCTTCTAGGCCTCTTTAGGGTGAAGGCATACTCCCTTCTGAGAATTTCTGGTCTAACCAGTTGTCTAGCTTCACGTCCTGTTTCCATGGATTGTTTGTAACCAGCTTTTGTTGCAATTGTTACTGCTGATTAATATCTTGCTAATCATAGGTTATGGAAAGACTGTGTTTCTGTTCTAAGACTCTGTTAGAAAT,"[[21071824, ""A"", [""G""]], [21071884, ""C"", [""T""]]]",yes,yes,A->G,2
chr10,23291650,23291892,TGGGGGGACCAGGACGGGCAGTGCCAGGGGGTGGCAGAGTGCATGGCTAAGGAGGGGGGCTTGTTGCCTTTGTGGCATTTCCCAGTGTCAGTGCTGCCAGTGTCATGAGGAGCACATCACATGTCAAAGTGGTGACGTTTTCAGGCTGGGAGCCGCATGGAGTCCATCAGGCACACGGATATCCACACAGTTGGTTTTCTGCTTGGTGGAGGAGCCACCCAGAGGCAATTCATATTCTGAACA,"[[23291671, ""C"", [""T""]]]",yes,no,C->T,1
chr16,48885475,48885931,AGTTACTCCACCCACCCCCAGGTCCCCCACACCCACCACGATGTGTACTCATGTGGGCTTGTGCGATTGCTTTGAGCGTCGCTAATTCAGAGGCCTGACAGTGCAGTGGAGATTTGGGGACAGACAGTGAGGGAGGGGGTGCTCGGGCTGCTGACATGGGCACATTTGGCGACAGGCTGTGATCACACCGCGGGTGGCTGGACAGCCTTCTTGGCCCATGCATATGCATTGTGGCAGCCCTGGGGAGCTGGGGAGTTGGCTGGCCTCCAGGAAGGGCGCCATATGGAAAGTGTGTGGGTTTTTTTTCCCCTAGGACTTTACCAAAAGAAAAGAAGTAGAAAAGAAAAAGGAGAAAAGAGAAGAAAACTTTAGAGAGAGGCTCATACAAGGTTAATGATGAAAAACGTAAGGATCAGCTAACTGCCCCAGTCTCCCCGTGGCCCAGATGGGGAAAGGA,"[[48885494, ""T"", [""A""]]]",yes,no,T->A,1
chr4,9624487,9624856,TGGGTGACAGAGCAAGACTCTGTATCAAAAACAAAAACAAAAAACAAAAACATGCTGAATAACTGACCAGTTGCTCTGCTAGAAAGTAGGGAAGACAGACTTGGAATTGGGGCGTCCCTGGCCACACGGAACTGGTTCTACCTGCTTTTCTGAGCCTGGAAGTCCCCCTTAGGCAGTGCACCTCAGAGAAAGGTGAGGCAAGACAGAGTGCCTGATGGCATGAGCCTCACTCCTATCCAGACAGCCGCTTCTTCAGGGGCCCAGGAAATCTTCTGGAACCTTGGAGATTCCAGGCAAATTGCAGGTGCGTTCTTCTGGGGAGAGGGTTTATCACTTTCATCAGACTCTCAAAGGCGTCCTCGAATCAGAA,"[[9624524, ""A"", [""C""]]]",yes,no,A->C,1
chr1,108380093,108380454,AAAATATGAAAAAGGTCTCAGAAAGAATAAAAGGGAGGTGAAGGTAGTCACAGATTCCAGAGGCAGGATAAAGAAAGCTGCAGAGTGCACTGATTTCATGTGCTCACCCAACAAGGAAATAGCCCCATTAACGTGCTTGTCCATTGTCTTCCTGGTGCCTGTAAGCATGACCCTAGATGAACTCACCATCCCTAGGGACTTCCTGCACACACAGAGGAGACCTGTTCTCCCCTGTAGTGAAAGCCAGGATGAGATGTAAAGCTGCTTTCTACACTGTTGTCTTTAGGTTCTTTTTAGGAAAGATAAATAGCAGAGAGGCAACAAGCAGAGGAAATAGGAAGCACCTAGCAAAGTTGAACACA,N,no,no,N,0
chr3,145808014,145808278,TAGTACAAGAAGAGTAAAGTGTAATGAGGGAAACTTAAACTTGAATTTTTTTTTTTTTTTTTTTTTTTTAGAATATTACCCTAACTAGCATTCCCTTCTCTACCGCATTATCTGCGTGGGGATGTTATCTTTGGCCTGGTGCCTGGTTGTTAACATTTCCCCATCTCTCCCAGTCAGCATCCCTTATCTGCTGCCCTCTGTCTCTCAAATTTCAGATTGCAGACTGCAGTTTCTGACCCCAAGTTGAAGCCAAAAGCAAATTCAT,"[[145808037, ""G"", [""A""]], [145808202, ""C"", [""T""]]]",yes,yes,G->A,2
chr18,51097138,51097481,TACAAAGACATGATTGATGAAATCATTGACCATGGGTAATTAAGTAAATCTCCAGCCCTGGAGGTGGAGGGGGAAACTAAATCCAATCCTCTAATCATGTGGTTGGTTCCCCTGAAAATCAGCTCCCCCACCCTTAGGGGCTTCCCAAAGATCATTTCATTAATGTAAACTCAGCTGTGGTTGAAAATAACAAGACACTCTTCTCACTTTTATCACCCTGGAGCTATTTCAGGAACTGGAGACAAAACCAAATATAGCAAAAGATGCTTCTTCCACTTTCAGCACTTAGAAAATTATAAGGGTTTTAGAAACTCTGACCAGGAGCTGGAAAGGAAGATCTAATA,N,no,no,N,0
chr18,58633828,58634233,GTGTTGTTCAGAACCTGGAATTCATTTTCCCCCAGAGTAGCAAAATTATAAGTGGTAGTTAGGTTCACAGACACAGAAGTATTTTATCCATCATGTTCCTGAAGGACTGTATTTGAGCTATGTAAAACCAAAATAGCAAAACCAGCTCAAAATTCAATGTAACAAAATATGAGAATCTAAGTACCTGAACAAAAAGTACCCAAGTTTCCAAGATAAAAGTTTGTCATGGTTTATTCTAGTGCTTCAGTTTCAGTTTTAGAACAACCACAAAAATGCATTGCAACTCTCAGAACAGGAGCAAAATTCCAATTTTGTAAATGTGAGGCCCTATTTCACAAATGCTAAGTAAAATTCATTAGTTAGTGTGAAAACTTAAAATTTTAAAAATATTTGCATATGTTATATG,"[[58633837, ""G"", [""A""]]]",yes,no,G->A,1
chr10,2936863,2937301,TGGTGAGCAGAAGGACGACCAGGAGGTGACCAGCAAAATGCCCCATTCAAAGCCTCAACACTGTTCCGTAGTGAGCAAAGACACAGCTCCTGGATGGAGGAAGCCATTAATATTCAATACTGGCAGGCAGAACTCAGATTCCTTCGAATCAGAAATTTGAACTCTGGCCAACGACTGCTGTACTGGTTGAGTAAATCTTAGGGATTTGCTGTTAATGGTAAATCAGTCTACAAAAATAGAAATAGTCCAAAGGATTTTGAGAGGGTGTGGGCTCAGCTGCAACCCCTCCTCCCAAGGCCGTTGGTCAACAACATCTCCAGCCCTGTGGAAAGACAGAAGCGGTGAAGAAAATGTCAGATAAACATTTGGTATGTGTGTACACTTCTCCCAGAAATCCTAAATGCTTTGCATGTTTCAGCTAATAATTCATTAAAATGGA,"[[2937086, ""T"", [""C""]], [2937203, ""A"", [""G""]]]",yes,yes,A->G,2
chr4,120695929,120696298,AGACATGTTAAATAATGTGAAAACACCACGAAAAATATAATGAGAGAGGAAATGGCTTGTAAAAATACTGTAAAGAAAGCTGGAGTTTTAATTGAGGTTAGGCTTGGGAAAACCTTACACTGAAACAAAACAAAACAAAAAATCCTTGCCCTCTTTCTTTACGGAGGAAAGAAGATTTACATTCACAGCAATAAGAAACTCAGAAAGGCTCAGGGCCCTAATTGGGTAAGAAGGGGGTAATCCAATAATAATGAATTTTGACACAGAAGTAGCAGCATAGTGTGGTATAAAGAAAATAAGCTTTAGAGTCTGATCACTTTCCAAGGAAGCCTGCTCTGACCTCCCAATTTAAAACTGAAATCTGTCATCC,"[[120695957, ""T"", [""C""]]]",yes,no,T->C,1
chr17,4180838,4181037,TCCTGAATAACCTCGGCTCCCACGCTTCCCACACTCCAAGGGGGCCACAGAGCCTGTTACGACTCACACATCGTGGTGGGGTCCTGCAGAGACCATCTGGTCTCCCCAGCCATAGCCTCCTGCTTCACAGTCTGAACTGGTCTGCCGTGACTACAGGAGCTCAGGCAGCTCCCAAAGCAGGACGCTGACTCCAGCTTTCA,"[[4180861, ""A"", [""G""]]]",yes,no,A->G,1
chr4,161642637,161643043,AAATACTTACATTTGATAAGACAGGGATGAATCTTGAGGATATTATCCTAAGTGAAATAAGTACCCAAAGAGAAATACTGTATAATTTTAGTCATATGAACTACTTAGAGTATGCAAAATCAGACAGAAAGCAGCATGGTGGTTCCCAGGAGTGGAGAGGAAGATAGAATGGGCATTTGTGTTTCATGGGTATAAAGCTTCAGTTTTACAAGATGGAAAGAATTACGGAGATGAATGTTGGAGATGGTTGTATAACATTATGAATGTATTTAATAACACTGCCCTCTATAGTTAAAATGATGAAGTGGTAAATTTTATGCTATGTGTATTCAACCACAATTTAAAAATTAGAAAAAATCAATTTAAACCTCATCTTGTGTATGGGTATAAACATGTTGGTTTATATA,N,no,no,N,0
chr5,14714595,14715008,CCTGCCTTCCTCTGGGTGGAAGCCTTATATTAATACTAACGAGGCTAATTTTCTTCTCTTAGGCAGGCAGACAGACCCACTGAGGTTTTTGACCAAAGGAGAGAGTCAGGATCCCAGGCATATGCTAAACTGGTTGGCCCAAATCCAACAGATTGCAAAGAGTGGCAGGGCCTGGCAGCTGTCTGGAAGCCCTTCATCTTACAGACAAGGAAGTGGTGTCAAATGGACAGTAAAGGTGAATCACATACTCAGCTATAGCCTGCTCCCAGCTGGGGCACTCCAGGCCCCTCCTCTGGTCACTACTGTAGAAATTAACTGCATGTGTCTCAATCTGCGAGTGCAGCTGCTTCTAGATGGTGGCACCTTCCAGAGCTTGGTTCGCCCTGTGTCTACCCAACAAGTACAGATGCCATC,N,no,no,N,0
chr11,114683129,114683347,GAGAACTAGATCTTATAAAAGTTTTTGAGTTTTTTAAAATAAATCCTCTTATTGTCACTTACACAGGCTGTTCATGACTTGCTTGGACTTTCTGGTTTGTTCTGAACATCCCTTTTCCTTTAACAGCCAGTCATTTTACTCTAGGACTAAATTTACCATACAATTCTTTCTTGTTTGAATTATTTTTTGTAATAGTACTTTTCACTTTCTAAAATAATA,N,no,no,N,0
chr1,9528190,9528448,CAGGAGTTCGAGACCAGCCTGGCCAATATGGTGAAACCCTGTCTGTACTAAAAATATAAAAATTAGCCAGGTGTGGTCGCGTGCACCTGTAGTCCCAGTCACACTCCTGAAAGTGGCAGAGCATGCCTTGAAGTGCTCAGTGTTCATGAGCTCTGATGGTGAGCATCTCACAGGCCCTTATGAAACCATGCCTGGTAATGAGAACCCAGTGCATCTCCTTCCACATCTGGCTTTCCTTCCTTTCCCCTCACTGGCAACA,"[[9528368, ""C"", [""T""]]]",yes,no,C->T,1
chr8,97187421,97187740,TAATCTAAATTAATCTCTCTCTCTCTCCCTCTCTCCCCTCCCTGGAGAACTACTATAGAGAGTAATCATTTCTACATTGCCAAACATGGAAGCCTCATAGCTTTGGAAGCCATTACTCAGCCTCCTACAACTTGGTTCCCTGGGCTGGGCTGATGCCCTGAGTTCAGAGGCGTTTACATTATGCCCTAAGTAACAGCAAAAATCAAAGCCCCACTGATAGGAAGAGAGGTCATACCATGAGCCCCCAAGACAGCCCACTTCAAGACCCAAGGGATGAATAGGGCATGTTTGCTGAAGGGAGACCCCGTAATCCTGCCAAA,"[[97187439, ""T"", [""C""]]]",yes,no,T->C,1
chr6,105616525,105616908,TCCTACCTGCACACATCCTTGTTTTGCATCTTTGTCTTGGAAGGACAAATAGCATGGTAGAATTTTTGGACTGAAATTAAGATGTGGTTCTAAAAGTACATAATGTCACCATGTACTCATGAGCTTTTGATTCATGCCTCATTCCATCTGTGGGGACAGCCCACTGTTTGCACCAGGCTAATTGCTACATATCCTGTAAGACCTGGTGATGCCTCATATGCCCTGTGGAGCCTTTCCAACTCTCCCTTCCTCTGGGCTTCCCACATATCCTGGGCAACTTCCACCATAGCTTTTGATAGACTGTTATGTGCTACATTGTGTCTCTTCCAAATTACTATGTTGAAGGACCCCCAAGACCTCAGTGTCACTGTATTTGAAGATAAG,N,no,no,N,0
chr3,56209077,56209313,GATCAAGTCCAAGCATCTCAAGGCAGCACTTGAGGTCTTTTTGCCACTCTGCCCAGCCTCCTTTCACACCACCCCCTTTTTCTCACTAGTTTCAGATCACTGCTGATTTCAGTGCCAGTGCATGAGAGTGTCATTCATACCCTTCCTTGTCTTGAATCTGCACCCCTGCTCCACCTCCCATCTATTTGCTCCTCCTCCCTCTGTCTGGCCTGCTTCCTGACTCTATTCAGGCCTTCA,"[[56209112, ""C"", [""T""]]]",yes,no,C->T,1
chr14,60958088,60958470,CACCCTCCCAAAGTGCTGGGATTACAGGCTTGAGCCACCATGCCCACTCTATACTTTCATGTTTCTAAGTAGTGGCCTTTTGTTAAAGTCTGAAGAACTCCCTTTTGCATTTCTTGTAACACAAGTCTAATAGTGATGAACTCCCTCAGTTTTGTTTGTCTGGAAAATTCTTTGTCCCTCATTGGTGAAGGATAGCTTTGCTGCATAAAGTATTTTTGGTTGGCATTTTTTTTTTCTTTCACAAACTCTTCCCACTTACTCCTGGTCTGCAAGATTTTTGCTGAGAAATTCATCAGTGGTCTTATTTAGCTTCCCTTGTATGTGATATGCTGCTTCTCTCTTGCTGCTTTAAAAATTCTCTGTCTTTGATTTTTGAAAATTTG,"[[60958127, ""G"", [""A""]], [60958255, ""G"", [""T""]]]",yes,yes,G->T,2
chr13,38900174,38900537,TCTGAATCTTGAACAGTTACCAATCAGATTGGGGTATGCATAGTAGGGAAGAAAACAAATTCACATGCAGTGTTATCCTGTGGATGGAGGCCTCTTGGGAGTATATACAGACCCCTCGCGCTGAGTGATGCTAAGCTCAGACAGCATGGGGTGAGGAGCTTTATTTGAGTCTTAGTTAAATGAGAATCCCTTGGACTCAGCAAAGACCTTCCACTATGGCTGGAGCTGTCAGACGGACCCCTAGTGGCTTTCTAGGCTCACTGACTAGCAATTGCAGTCCCCATCTGACAATTCTCTTTACATCTTTGACTACCATTTGCAAAATGGAAAACTAGCTTTCTGCTCCATGAGATTTCAAACTGGA,"[[38900209, ""T"", [""A""]]]",yes,no,T->A,1
chr4,134478604,134478912,TTAATTTTCACTTCAGAAAGTAGATTATCACTTGAGCGATTGTTGTCTATTTCTTTAAATAAGTCTACTTTGTTTTGTTTACATTCTTCAAACATTCTGCTGAATTAGTACTTTTTAGTTTCATTGTTGCTCTATTAAGGGTAATGTGTCTTTTCTTAATGTGGCTGCTTGAAGATAGTTTCTGTGTCTTGGAATTTTTGCAGTTATATTCTAATATACCTAGGCATACTTTCTTTGTATTATTGAACTTCAGATTTGTTATGTTTTTCAATCTGTGGCTTACTGTCTTTCCTCACTCTCAGAATATTC,"[[134478605, ""A"", [""T""]]]",yes,no,A->T,1
chr3,158089099,158089419,TATTCTAATTCCCCACCCTGATCTTGGAAAACTACAAAAAGGACCAATTACCCTCTGAGTTAGTCAGAGCCTCATTTGTACTCAATGAGGAATCACATACAGGCACACAACCCTTCCAACAGCATAACTGGTACTGACTATTAACCTAGATCAATAGTCTCAACAGAAAAGGTCAAAGGTCCAATGGGCTCTGGGAACCCCAGACCACATTACTCTCCACCTTGACCAACTTGACAGACAAGCTCAATTGCCCAGGCTGTTCCCTTTCAGTCAGTGCATTAGCAAAGAACTTCAGAGCTTGAAACTAACAGTCCTTTTCTT,"[[158089171, ""T"", [""C""]], [158089202, ""T"", [""C""]]]",yes,yes,T->C,2
chr3,120398444,120398661,CAAATGCCAGGGAATTAACATTTCCCAGTAGCAGCCCTCAGCCAATGGCTAATGGGAGTTCTTGTAGAAACAGCCCAGCTTCATCCCCACTCAGGCACTGTTATTCCATTCCCAGAGATCCCCAATAGGATTAAGAGTCACTTGTTAACAGTGGTAACATGCCTGAATACACACTCTTCATTACTTCCTTCTCTTTCTGGACTCATTTCCCAAATCTC,N,no,no,N,0
chr14,83913507,83913844,GGATCCATATATCATTGACCATAATTGCAAGCTAAATTGTTGATACAAAGCTAAAACTTCTTTGAAACATTAGGCTGAATTTAATCTAGTTCTTCCTACTCAGCTCCTTGACCCCTACTGGGAGATATGTCTGCTTTGTAAAATGAGCCTAAATTTATGAATCATCCACTTGACAATCATGTAAATTAATGGCACTTGATAAATATGCCTTTCGCAATTGCAACGATGACTTAACTGTGTATTTTGTTAACTGCACCATTTATAGCTCACTGATTTTGGATTGAACACAAGTTTATTTGTTCTATAAATGTTTTCAATGCCATTTCTCTGTCTTTGAG,"[[83913719, ""T"", [""C""]], [83913738, ""A"", [""T""]]]",yes,yes,T->C,2
chr2,36807568,36807916,TCTCTTGTTCTAAAATAATCTTTTAATTATACAAGGGTAGTTGTCTGGTCTGACTCTTTCTGTGACCCAGAGGCAGGGGTAAGGAAGAAACACCATGCCTTGGGAACATTATACCAGCCACTTCCGGGAGCGCAACAATCAGTTTGCTCAAGGTGTATTTGCAGCTGCCTTATTTTTTTCTGGAATAAGCTTAGGCACTGGTAAATAAATATTCATTTGCCTGGAGGCAGAGTTGTCTGGTTCTGAAGGTGAATAGGTTTGTGTTCCAATCTCAGGGACTCAGGGAAGTCCCCTCATAGCTTAGTTTGTTCCTTTGTGGCAGGGGGTTATGATTCCACCTTGTAGGGTG,"[[36807663, ""C"", [""T""]]]",yes,no,C->T,1
chrX,139095179,139095571,GATGGGGTTGGAACTACCTGACAAAGCAGAGACTTGTTTCTGAAAAAAAGTTCCAGATCCTTTCAAAACCCAAAAGCCCTCGCTCAGGGAGCAGAGTAAGATGCTGTAGGGACAAGAAGCAGCCAAAGGAATTGCACACATCACACATTCTTGCCTCATTCCAGCAGCTTCAGAGATCAATCAGCAGAGATGAGGTCACTTTTGACCACTAAAATAAATACCTGAAAAACTGACTGTGGAACAGTGTGGAGCCGGGCAGAGGTTACTCACATAACAGGTGTTTGACAAATAGCTGAGGTCTTGAGATGAGGTCATAGAGAAGAGATAGCTTGGGTAGTAGAATAATAGTCTATCAGACTTCACTTTGAATCTCAACTCCTCCATTTGCAGGCT,N,no,no,N,0
chr15,86203456,86203831,TAAATACACAGTATCTGTGTATTTCTCAAGTATAAAAAACTGTGGTGTTTCAGATGAGGAGTGGATAGTTGGATAGAATTTTGACTCACAGGCTTTTTGAGTTTCTCACTGACAGATTGACTCCTACTTGGACTTCAGCATCTTTGCTACCTGACCACAGCTATTTTTGGACTGTGGCTACCTTTACTCTGTTTAATCTGTCAATAGACTTCCTTTGTGTCTTTTCTTTCAAAAATTTGTTGAGGTATTTGTTTGACTGGTGACTTCCCCTTGCCATTACCTCCATTGTTACGGAGTTACTCATCTTCGTATTTCCATTCTGAAATTAATGGGGTATTGTGGGAAAGGAAATGAATTTATGTTACTATTTTACTTT,"[[86203491, ""G"", [""A""]]]",yes,no,G->A,1
chr2,75725413,75725823,CATGGGAGACTTTTCATTTTGTTCTGTACTAAGAAAAATTCTTTTGCCTTGGGATCCTGGTGATCGGTGACCTTACCCCCAACCCTGTGCTCTCTAAAACATGTGCTGTGTCCACTCAGGGTTAAATGGATTAAGGGCGGTGCAAGATATGCTTTGTTCAACAGATGCTTGAAGGCAGCATGCTCGTTAAGAGTCATCACCACTCCCTAATCTCAAGTACCCAGGGACACAAACACGGCGGAGGGCCGCAGGGTCCTCTGCCTAGGAAAACCAGAGACCTTTGTTCACTTGTTTATCTGCTGACCTTCCCTCCACTATTGTCCTATGACCCTGCCAAATCCCCCTCTGCGAGAAACACCCAAGAATGATCAATAAAAAATTAAAAAAAAAAAATTACACAACTTCTTCTTT,"[[75725456, ""C"", [""T""]]]",yes,no,C->T,1
chr12,130793335,130793563,CCTAGAGAAACCTCTTCTTCCTTTTCTCTGTGATGCCTTCCCTCCCTCCAGAGGGAGGCGTGCGCCCTCCCGCTCAGCAAGTGAGTGTGCTGGCAGCTGGGCCACCTGGAGTCAGCTCCACGCAGCGTGCTCTCATCTCCTGCTGCTGTTGTGCTGCCTGCCACGTGTCTGGGTGCTCGATGTGTGTGCACTTTCCTGCCACATCTGGCTTTCAGGATGACTGTCAACT,"[[130793395, ""C"", [""T""]]]",yes,no,C->T,1
chr4,128112449,128112759,TAGCTAATGCTTACTCTATTTTTTTTTTTTTTTTTTTTTTTTTGAGATGGAGTCTTGCTGTGTCTCCCAGGCTGGAGTGCAATGGCGTGATCTCAGCTCACTGCAACCTCTGCCTCGTTGGTTCAAGGGATTCTTCTGTCTCAGCCTCCCAAGTAGTTGGGATTACAGGCACCCACCACCACGCCCGGCTAGTTTTTGTATTTTCAGTAGGGATGGGGTTTTGCCATGTTGGTCAGGCTGGTCTCCAACTCCTGACCTTAGGTGATCCGCCCACCTCGGCCCCCCAAAGTGCTGGGATTACAGGCATGAGC,"[[128112565, ""C"", [""G""]]]",yes,no,C->G,1
chr3,168295094,168295297,GGGAGGATGTGTGTGCTTCTGACCTGGCTTATCTTCAGTAGATCTCTAGGGTGTAGTTCTCAAACTGTAGCATGTATTAGAATCACTTGGAGGGCCAGTTAAACCCAGATTGCTGGATTACATCTCTAGTTTCCGATTCAGTACATGAAGGTGGGGCCCCAAATTTGCATTTCTAACAAGTTCTCAGGTGTTGCTGATGCTGCT,N,no,no,N,0
chr9,63010285,63010545,ACATGTATCTCAGAACTTAAAATGTAATAATAACAATAATAAAAACCTCAAAAAAAGGAAATGCTTCTTCTTAGAACAGATTACATACCCTCATTGCTTTTTATAATAGCCTGTAATAACAGAATATCCACAAGGTGGCAGTAATATATCAGTTTCATCCTCTGAAATTAAAACTTTTGCCTATTCAGTAATGCAATGGATCTTTTGAACTCACTCTAACACGTAGAATACAGCAATTTGACTTAATAATTAGCCTTTAAA,N,no,no,N,0
chr2,3396218,3396529,TGTAGAATTCTAGGTTGACAGGTTTTTTTTTTTTTCTTTTTAGACCTTGGAAGATGCCATCCCACTGTCTTTTGACTTGCATAGTTTCTGATGAGAAGTCTGTAGTAATTCTTATCCTCGCTCCTCTGTACCTAATTGTATATTTTTCCTCTGGGTGCTTTTATGATTTATCCCTGGTTTTTCAGCAGTTTGGTTCTGATGTACTTTCACATGGGATTTATGTTTATTTTGCTCGGCATTCATTGGCTGTTTTGGATCTGAGACTTTATCATTTTTGTCAATTTGGGGAAATTTGGGGTCATTATTTCTTCA,"[[3396267, ""T"", [""G""]]]",yes,no,T->G,1
chr14,29532237,29532705,TAAGCCTATCCACTAAGAGGTGGTGATAGTTCTCCAAGAAAAAGATCGAAAAAGAGAAACAGAATGCTCCTCCAGGCCTTTATCTTGATCACACTGTTTGTTTTCACATTGATGTCTGTAATGAAACAAAGAGGATTTAATCGTGTTAAACAAAAGCCTGTTGGTACCCAGAGGAAACTCATTTAACTCTACTTCAAGTCTTGGAGTTTCAGGTTTCTTGTCTTCCTCTCTGCCGATCCACCAGGCTGAGTTTCTTACCTGGGGCTTAAAATTGTGAGGTGTGAAACTCTTCTTTTGTTTTGACAGGTGCTCTTTGCTAAACATCAGCCTAGCCTTGATGGTGATAATACACAGAAGGGGGAAAATAACTTCAGAGAAGCTAATGACTGTACTTACTCAACTTTTACCTTTAATAGGTTTTGTTAGCTTCTCTCTTTGGAGTTCTTTAGTATAAAGTGGAAAAACAAAT,"[[29532251, ""G"", [""A""]], [29532469, ""T"", [""C""]]]",yes,yes,T->C,2
chr10,106303094,106303371,CTCACACAGGTTATTAAATGAGTTTCTCCCTGCTGATAACATCATTAACAGAGCCAGATTGCTTGTGTTGCAGTGTTAAGAGTTCATGGTTATAAATACATGTCTCAAGGGATCAAGTTAATGGTATGAGATATTAGGATGTTGAGCAAGGTAGGGAACGACGGGAAAGAGTCACACACGAAAAAATAAGTGAGATACTGCAGAGTCTGGTAATCTAGTCCCATTATAAAGGAACTATAATAGGTACACAATCATGAAATTTAAAAGAAAACGCAATG,"[[106303105, ""C"", [""T""]], [106303336, ""A"", [""G""]]]",yes,yes,C->T,2
chr4,23654855,23655205,CTGTCTCACTCAAAAACATTCTTACAGACATACCCAGAAATAATATTTAAACTGGAAACCCTGGGGCTAGTCAAATTGATACATAAAATTAATGACAAGCACAGAAACTAACTTTGCAAGAAGCTGGTTGCTTTTGTGGCAAGATGAATGAAAAACCAGAGTGAGTAATCACATATGAATCTACTGATCTTGCCAGTTACTTAAACAATAAGCCCATAATAATAATTGTAATATGTGATTTTTTGCTGTAGAATTAGCAGACCTTCTATTGACTTCGAATAGAATCATGTTTCTGGGGTAGATTGTGTCAACTGAATTAAATCCAATCTGCCTGCTGTTTAGCACCCTTTG,"[[23654863, ""T"", [""C""]]]",yes,no,T->C,1
chr8,69981662,69981867,CAGGTTAGGGGGTATGAAGATAAATAATAAATGAGTGACGGCTCAAGACCACAATTAGGCCAAGGTTAATAAGATTCAATCCCAGTGGGCAAAGCTTCTCTCTTTGGAAGGAGACACTACATAACTGTATCTGGCTGATGCACTTGTTGGTATAGCTATCATTTAAAAAAAAAATCTAAATCAAAACCAAATCAAGAGTATAATCT,"[[69981670, ""A"", [""G""]]]",yes,no,A->G,1
chr10,114195078,114195533,ATCTTGAAACTTCATCTTTAACTCGTGTATTATTTAGAAGTGTATGTTTTAGTTTCCAGGTGTTTGAAGATTATTAGTATTTTTTCTGCCACTGATTTCTAGTTTGAGTCTATTGTGGTCAGAGAACACCTTCTGAATCATATCAGTTCTTTTAAGTTTGTTGAGGTTTGTTTTATGGCTCAGGATGTGGTCTTAGTATACATTCTCTTGGCACTTAAAAAGAATGTGCCTCGTCTGTTGTTGGGTCAGACGACCTATAAATACCTAATAGCTCCTGTTGGTTGGTTATGTTGAGTTCTATCCTCTTGCTGATTTTATATCTAGTCATGTCAATTGTTGAGAAGGTATTAAAGTCTCTAACTATAGTCCTTAGTTGTCTATTTTCAATTCAGTTAGGCTTCATGTTTTGCAGCTGTGGTTCATGCATATTTAGGATTGCTGTGTCTTGTTGGGTTG,"[[114195102, ""A"", [""G""]], [114195119, ""A"", [""G""]]]",yes,yes,A->G,2
chr2,169703000,169703308,TTATGGAAAGCTTCAGAAATAGAAATATTCAATATAATTAGTACTCTCTAATCTTTTTTCTAGGTTGAAAAATCTTTGTTTTGCTTTAGGTTAGATTATGTTGAAACACGTCTGTGTTTCAGATGTGTTCAGAGCTGAGGTCTCAGCTGAGGCTCCACTGAAGCAGGATTCACTTCCAAAATAACAGAGTTGTTGCCAATATTCAGTTCGTAGCAAACTACTGGAACAAGAATCTGTTTTCTTGCTGAGTGAATTTCTTGCCATGTGGCCCTCTCCAAATGCTGGACATAAAAAAGTAGGCTGAGCACA,"[[169703109, ""A"", [""G""]]]",yes,no,A->G,1
chr8,88083306,88083565,TGGGTATTACATAGAGCACCTATTAGAAGGAATCAGGGCTTCTTGGAGAATAGTTGAGTCTGGGCTCAAGATAGGCTAATTACAAGGTAAGCCTGGAACAATTGCGACAAAGCAAGAAATTACTCAAGACTAATGGAAGCAAGCCAAAGCATGGGAGCAGCTTAAGCAAAGGGTAAATTTGGGATTAAAGTGGGAATCAAAAGGAAAAATGGCTGCAATTGGGTATAATATACAGAATGAATAAATTTAAGAGTTCGAGA,N,no,no,N,0
chr5,123673989,123674258,TCAAATTTCATAATTGCATTTAGCATATGGGCAGTAGTACTGATTTCAGAGATTAAAGGTCATTGGTGATTAGGCTCTGAGTTTAAATAAAATTACATTATATTTTTTCCTCTTCCTCCTAGATTGCAAACATGATGGACAGGAAATGCTGGCATGACTTAGAATTACCTAGTAAAAGTCATGTTGATGCCTGTTTTCTGTTTGCCTTCTTTCTTGCACCCCATCCTCCATAATTGCAAAGATAACTTGAAGGTAAACGTGTTTTTTTTT,N,no,no,N,0
chr2,119025035,119025380,CAATTACAGAGTTTGCTTGGTGAATAAATATGGCTAGCCTCTTTGGGAAGATTTAAAAGTCAGTACATGTAATTCCTGCCCTCTGTAGACTCCTTGAAGCTGGGAGCTGTCATGTCTCACTTATCTCGTGGCACTGAGCCCAGTGCCTGGCGTGTAGTAGATGGTCAGTAGGCATGGAAGGAATGCATGAATGAATGGATAGATGGATGGATGAACAGATGTTTCTAAAGGACCGCGGTATCCTCAAGACATCCTGGTATGAAAGCTACAGAGCTCTACTCCATATAACGGTGACGAGAATGATGTGGGTAAAATGTGTCTCAGCCACTTTGTGCCCTAACCGTTG,"[[119025064, ""G"", [""A""]]]",yes,no,G->A,1
chr2,203225514,203225740,CAGGAGTTCAAGACCCGTCTGGGCAATATAAAGAGACCCTGTCTCTAAAAAAATTTAAAAATTAGCCAGGCATTGTGGCATGCACCTGTAGTTCTAGCTTGAGCCCAGCAGGTGGAGGCTACACTGAGCCAAGATCACACCACTGCACTCCAACCTGGGTAACAGAGAAATACCCTGTCTCAAAACAAACATTGTTTTAGTTTTTCCCTTAGCAAATGATTATATGC,"[[203225529, ""A"", [""C""]]]",yes,no,A->C,1
chr7,143419953,143420226,TGACATGAATTTCACTTTGTATCTCCTAATAGTCTAGTGGGATTAAAAATAAAAGTCACTTTCTGATGGTGCCTTTGCTCTCCAGTTCTCTCCAGCAGCACCGACACCTTCCGCCGTCCTCCCTGAAGGTCTGGCCTTCTGCCAAAAGGTTGTATTTGTTCAGAAGGTGCTCTGAAGTTCACTCAGTTCTTTACTCAGTTATTTACTGGTCTTTTATTTCCTCATGAGGATTTGTTCTGTTTTTCTTCATCACTCTTCTTTCAGCTTGAAATGC,"[[143419990, ""C"", [""T""]]]",yes,no,C->T,1
chr6,31450896,31451149,TGTTCTCATGATAGTGTGTTCTCACAAGACTTCATGGTTTTATAAGGGGCTTTTTCTGCTTCGGTTTGGCACTTCTCCTTGTTGCTGCCATGTGAGGAAGGATGTGTTTGCTTCCTCTTCTGCCATGATTATAAGTTTCCTGAGGCCTCCCCAGTCATGCTGAACTCTGAGTCAATTAAACCTCTTTCCTTTTAAATTGCCCAGTCTTGAGTATGTCTTTATTAGCAGTATGATAACAGATTAATACACTGTCT,"[[31450923, ""T"", [""G""]]]",yes,no,T->G,1
chr5,15474229,15474576,GCTCATGCCTAAAAATTCTCATTGATTTCTAGATTGCCTGTCTGGTTATGTAATACTTATACTGACTACACCAGGCTACTTTCCAGTTTACTTCCAGATACAATTTTAGGGCTGATATTAATCTGTAACAGCACATGGGATTCGGATTTTGGCAATCCTGAAGACAGCCTCTCTCTCTCCACATCTTGATGGTTGATGTAAGCCAAAGGATACTGAATCCTACCTCCTGCAAGCTGGCAATTCCTAACTGATTAACTTAAACCCTGCAATTGGCTTCTACTCATTGGTTTGATGAAGCCAATATTTGCTCTCCTTAAGGTCATGATCCTGAGCACACTGAGATCATTA,"[[15474371, ""T"", [""C""]], [15474448, ""A"", [""C""]]]",yes,yes,T->C,2
chr21,33282864,33283267,TGTCATTTAAGCTGGAGAATTCAGGAACCAAAATGGTTTGTGGGCACCACTGTCAGTCCTTGATGCACCCCCTGAGTGGCCTCAGGGTCCCTGAACTGAGAGGAGCACCTGCTACCTGCTCCTTCCTATTTTAAGTCTAAAACGGCTATTATCACTGATAAATGTGAAAAAAAAAAAGGTGGTGCCCTTCCACTGCTTAGTCATGTTCTTATTTTTGTCTCCATTACTAGTTTCAAATTACTCCCCAGTATGACTTTGAGGTCCTCAGAAACCTGGAGCCATGGACAACTTATTGTGTTCAAGTTCGAGGGTTTCTTCCTGATCGGAACAAAGCTGGGGAATGGAGTGAGCCTGTCTGTGAGCAAACAACCCATGACGGTAAGCCCTGAGATGCACCTCCGCTA,N,no,no,N,0
chr2,25624727,25624983,TCCTCTATCTCATGCTGGGAATTTGGATATCGTTATTATATTGGTTAAAGCACCTTTGTTGTACCTTTGCACCAGACTGTATGACTACCAATAACATTGTACCAGAGAAACTGAGAGGAAAAAAATGCAGCTATCAGTGTTTTCACAACTCCTTGTGGCTTTCACTAAGATTCTACACCCAGGTGTTTTGTGAATATTGGTCTCTGTGCTTTTCAATGTTTTTAATTATCAAAATATAACATATTCAGAACTCTCAG,"[[25624830, ""G"", [""A""]]]",yes,no,G->A,1
chr2,86617226,86617449,GAACTGGCTGACATCTGTGCATCTTCATTTATGAAAACACTCCTCATAGACTTAAAACAAATGACAGAGAACAAATTAGTCAGCTTCTTCTAAAATACAGTGGTCTCCCCTTACCCTCAGTTTCACTTTCTGCAGTCAACTGCAGTCCGAAAATACTACATACAATTAGATATTCGGAGAGAGAGACACCACATTTACATAAATGTTATTTCAGTATACTGTTA,"[[86617236, ""C"", [""A""]]]",yes,no,C->A,1
chrX,22585935,22586174,TGCTCATGTAGTTGAGCATTTATGGTAGTGCCCACCCACAGTGACCCTGGGCTAGGTCATGAAACTGGTTTTTGCTAATGGGACAATAATAAACTTGAAAAAGCATTTGTGTATTTCCACTTCTGCTTTTGGGCACCAGCTGATGTTTCTTTCTTTCCTTCACGATGTTTTACTTTTGTGTAGGTCTTGTGTTTTTTTTATTTTTTTGCAAGTTCATATGTGTATGAACTTTTTCTATGG,N,no,no,N,0
chr13,24359355,24359571,GACACTCATGGTAGCAGCAACACACTGCTTGCACCTGCAGAGGCCACAGGCTCAGCAGAGCTGCCCTGGCGATGCTGGTGATTTCGGGAGCTCTCTCTAGAGGGCCGGGAGATACTGCAGCCTCAGAAGTGGCCGCCAGGAGTGCCTCTGGCAGATTGAGATGGTGATTTAGCTGGTGATCATGCCGCCGTCCGTGTTCACTCTCCATCAGAAGCCA,"[[24359382, ""G"", [""C""]]]",yes,no,G->C,1
chr11,82093648,82093864,GCCTTCTATGGACCAGTGAGAAGAGAAATAAAGACTGGAGCAGTGCATTATCTCAGTGTTTGAATTCTAAATGAAGGAGTGGAACATCACGTTCCCAGGGGATGCTGTACATACAGCCAAGAGCAAGACCTGCATTGAACATTTCCAAAAATAATTGGAAGCACACATGTTTTTAGGAGTAAATACCCAAAAATGTTGGTTAAAGTGCTTCCTTTCA,N,no,no,N,0
chr1,248613775,248614084,TAGGATGACAGGATCAAATCTACACACATCAATGTTAATCTTGAATGTAAACAAGCTAACTGCCTCAAAGGGCACAGAGTGGGAAGCTGGACAAAGAGGATTCAAAGGTATGCTGTCATCAAAAGACCCATTTAACATGCAATGACACCAATAGGCTCAAAGTAAAGGGATGGAAAAAAATCTACCAAGCAAATGGAAACAAAGAAGCAAGGGTTTCGATTCTAGTTTCAGGCAAAACAGACTTCAAACCAGCAAAGGTCACAAAAGACAAAGATGGCCATAATATAATGCTACAGGTTTCCATTCAACA,"[[248613801, ""T"", [""C""]], [248613866, ""T"", [""C""]], [248613872, ""A"", [""G""]]]",yes,yes,A->G,3
chr5,75016873,75017353,AATGATTCTTACATGATGACACCTGCCTTGCAAGAGAGGCTGGGATATGTACTATTTATGCTGAGACGCACACGCTCAGCTTAAAAGGAGGGTTCTATTATTATGAAAGAAGGAGAGATGAGACATGAGGAGCAGTAACAATTAATCTCTGACATAGTTGTTTGCACATATGCATTTCCCACTAGACTAGAGTTCCTGGAGGAGAGGGAGCCAGTCTTACTCATCCTCAATCCTCAGCACCTAGCGTGATGCCTAGCATCTAATAACTCATCATCACTGATTGTGTGCTGAACTGCATGCTTGCTCAGATTTACAGTTGTTTTTGAATCCCAACATCTTTTTCAGATTTATTTCCTGGAAGCCACAGCTTTTTTCCCCTCCATTGGAAGCATGAAGAAATTTTTCTCCAGTCTTCACCCTGAGAATTTGGTGGGGCCCCTCAAGATAAAACAAAAGCTGGGGTGTGTCCCTAGAACTGGGG,"[[75016926, ""C"", [""A""]]]",yes,no,C->A,1
chr4,138494070,138494280,CTACTTCAGTTTATCAACTTCAACAGCTTCCTATTAGAATCTCAGGAAAACTGCTCGATTATTCCTCTTCTTCCACAGGACCCCATTACAGGCCCCACGGGATCTCTCCACTATTGCTATTGTGTCTTAATTTTGTTTTAATCCTATTTTCAATCCTCCAATCCACTCCAATGTCAGCAAAGTGCTGTTGATCTTGAGAAGTCCTTTGTTG,N,no,no,N,0
chr4,58401257,58401531,AGCTGCATGCTGGGAGAACCACTTCTCTCTTCAAAGCTGTCAGGGAGGGACATTTAAGTCTGCAGAGGTTACTGCTGTCTTTTTGTTTGCCTGTGCCCTGCCCCCAGAGGTGGAGCCTAAAGAGGCAGGCAGGCCTCCTTGAGCTGTGGTGGGATCCACCCAGTTCGAGCTTCCAGGCCGCTTTGTTTACCTAATCAAACAACTAACTCCACAATGGCGGGTGCCCCTCCCCCAGCCTTGCTGCCACCTTGCAGTTTGATCTTGGACGGCTGTGC,"[[58401263, ""G"", [""A""]], [58401307, ""T"", [""C""]], [58401423, ""T"", [""G""]], [58401467, ""G"", [""A""]], [58401477, ""A"", [""G""]]]",yes,yes,T->G,5
chr7,106053076,106053520,AATGTTTACTGTCCAGCCTTTACAGAGTTTGCCAACCTCTGGGTTAAAGTGTGGTATTTCTTATGCTGAGGTTGGAGTGACCCCCAAATAAATGGTTTTGCTGGTGAGGAGACTTCAAAGGGCTGGCTGAATGAGAATGCCTGGCCTTCCAGAGCCTTCTTTGGCCAGCAGGAGCATCTGTGTGATGCCACTGTGCAGTGAACTCATCTTAACCGCATGAATGGGCGAGCAGCTGTCCAGCAGCTGCCCAGAGACCCAGACCGGCTCTCAGGTACTGTGTGGCCTGGCTGAGGGCATCTGGGGGCGGGGCAGGGGCTCAGTGGGTGCAGCCCTTGAAAAATTCACCAGAATTAGACTCTGATGTCTCCATTTGATCTTTTCTTCCCTCCTTGTCTTGCCTTTTCAAAAGGCGACTCTTTTCTGTGGCCTTTTCTTCTTTCTTTTG,"[[106053187, ""C"", [""A""]]]",yes,no,C->A,1
chr4,35633829,35634102,AACAGATATATAGACCAATAGAACAGAACAGAGCCCTCAGAAATAATGCCGTATAACTACAAATATCTGATCTTTGACAAACCTGAGAAAAACAAGCAATGGGGAAAGGATTCCCTGGTGCTGGTAAAACTGGCTAGACATATGTAGAAAGCTGAAACTGGATCCCTTCCTTACACCTTATACAAAAACTAATTCAAGATGGATTAAAGACTTACATGTTAGACCTAAAACCATGAAAACCCTAGAAGAAAACCTAGGCAATACCATTCAGGAC,"[[35633835, ""G"", [""T""]]]",yes,no,G->T,1
chr3,118029081,118029375,TTACAAACATGATGTGGAATGTTACCTGCTTTGTTATATTCATTGTGTTATTGTTTTATACGCCCTGTGAATTTCATTATTTAAAGTGTGCCTATTCTGGTGCATATAAACCTTTTGTTTCAAGTGTTAGAGCTCCTTTTTAGCATTTCTTCTAGGGCTGGTCTAGTAATGATAAATTCCCTTAACATTTTCTTATCTGAGAAAGGCTTTCTACTTTATATCTCTCCTTTATGAATCTCCCAGGAGTTCTTTGAGCTTCTTGTATTTGGATGTCTAAATCTCCAGCAAGGCCAGG,"[[118029145, ""T"", [""C""]]]",yes,no,T->C,1
chr4,81937212,81937612,GGGGTCAGGGCTCAGGGATCCACTTGAGGAGGCAGTCTGCCCGTTCTCAGATCTCCAGCTGCGTGCTGGGAGTACCACTGCTCTCTTCAAAGCTGTCAGACAGGGATATTTAAGTCTGAAGAGGTTACTGCTGTCTTTTTGTTTGTCTGTGCCCTGCCCCCAGAGGTGGAGCCTACAGAGGCAGGCAGGCCTCCTTGAGCTGTGGTGGGCTCCACCCAGTTGGAGCTTCCCAGCTGCTTTCTTTACCTAAGCAAGCCTGGGCAATGGCAGGCACCCCTCCCCCAGCCTCACTGCAGCCTTGCAGTTTGATCTCAGACTGCTGTGCTAGCAATCAGCAAGACTCCGTGGGCATACGACCCTCCATGCCATGTGCGGGATATAATCTCCTGGTGCGCCATTTT,"[[81937400, ""T"", [""G""]]]",yes,no,T->G,1
chr17,14838630,14838933,CAGTAAGCCTCCTTTTTCTGGATCTCAGAGTCTGATCTTAGACCTGCTCTGCCCTGGCAAACCATAGGGATGTGCTGATGCCAGACCTGCTGAGCACTGGTCACCTTTGTCTGCAAAAATACTTCTTGCACAGGCATGTTTACAGCATGATGTGAAGCCCTCCCCAAGACCTCTGGAGGATGAGTCAGGAGCCAGGACACAAGGAGAAGGCCCAGACAGAAGATAGGTTTGGGAAGAGGATGGAAAAAGACTGCAGACCAGACAGGTTGGGGAAGGGGCATAGGGCATATCTTACTGCTGAGCT,"[[14838645, ""C"", [""T""]]]",yes,no,C->T,1
chr7,33950027,33950295,TGTCACATTTATCTCAACCCATTTATTCCTGGGCTTTGTTTTTTAGATTTTGTAGACTTCTGGAAGGCAGTTTAAGGGGCAAGTTTGTGGTTGCCTTTAAGTTAGAAGATTAGATTTCTAGGGCTTGTTGTGGACTTCTGGTGGTTCCATTTTCACTTTCTAAAGTGGGCCAAGTTGCGAGTGTTCCTGGCCATGGTGGAGGAGGGTGGTAGTTCTGGTCTCCCTGATGTCTCATATGCAAAGTGCCTGACAGCCATATCAGAATGGGG,"[[33950032, ""A"", [""C""]], [33950207, ""A"", [""G""]]]",yes,yes,A->C,2
chr20,50606082,50606306,TGTGATCTCAGCTACTTGAGAGGCTGAGGCTGGGGAATCGCTTAAATCTGGGAGGCAGATGTTGCAGTGAGCCGAGATTGCGCCATTGCACTCCAGCCTGGGCGACAGAGCGAGACTCTGTCTCAAAAAGAAAAAAAGAAACCTTTCTCAGACTCTGACCGCCCTGAGGGCCCTTAGCCAGATGGTGAGGGACAGTGACTGTGAGCAGGAGAGCAGGATCTGGAG,"[[50606089, ""C"", [""T""]]]",yes,no,C->T,1
chrX,83916626,83916853,TGACACAGTACTGAATAGATTGGAGACCTAGTTTGGGAGTCATTGAAAACAGTTGCGCACCCAGCAGGTTAGGACTGCAGCTCCTCAGGCAAACACCAGAGGGAGCAAGAGATTACACCAGAAGAAGCAAGGGCAGACAGTTCAGGAAATTTGAGTCTGTTAAAATCACATGCACAAGCCCAAAAATGACACATTTTCAGAAAATATTTGAGAGTTCATAGAACCTCT,N,no,no,N,0
chr5,121029775,121030150,TATTAAATTCCCATCCCAAGATCTGTCTGATTTTTACAAGAAACATTTTCCTATGGGACTGTGTTTGAATAGACATTTAAAACACATGTCTACCACTTTAGAAGAAAAAGTAACCTCTGATATTTGGACAACATATGCTTGGTACAGAGGTTGAAGAATAGCAATCTCTAGCCTTTTTGGCATTAGGGATCGGTTTCGTGAAAGACAATTTTTCCACAGACTGTGGTGGGCGGATGGTTTCAGGATGACTCAAGTGCATTACATTTCTTGTGCACTTTATTTCTATTATTATTACATTGTAAGACATAATGAAATAATTATACAACTCAACATAATGTAGAATCAGTGGGAATCTTGAGCTATTTTTCCTGCAACT,"[[121029800, ""C"", [""T""]]]",yes,no,C->T,1
chr5,31064251,31064654,ACCAGCAATGACCTAGAAGGCCTTCAGCCTTGGGAGAAAAAGCATTAAGCAGATCTGGGGAATGACATACTTCTCCTTGCATGAAGATTTTTTATTTCAGATTCTGTCCCTGAATCTGCCAACATGACAATGCTCTTCAATAATAAAAAGACGTGTTCTGAGCTTTTGCAAAGATGACATCTGCTTGAGTGACAGCCTATTCCCGCACGCTGGTTCCTCAGCTCTAGTTACACAGCAATCTGTCAGCCACTTAGATGACATGCATTCTTTAAACCATTAAAGAGTTAACATACATTACTTTTTTTAATCTGGTAAAATAAATGTCTGGCCATAATTCTTGGGGTGGCAAAATTGCTCTCCAAAATAAATAACACTATTGAAAGGTTAATTACTTGATTAATGTG,N,no,no,N,0
chr5,130102405,130102690,GTTTAATAAATCAACGTAATTTGAAAACCTTACTGGTAGTTAACTGTTGAGAAAGATCTTGTTTTTTAACTACTCTCCTTCTACAAAAAAAAAAAATGACTAGTGAGCAATAATATTTCTGGTCGTTTTTAGCAGTAACCACATTTGCCTTACGGTGTAGAGCAGCACAATGATTTCACTTTCAGATGGGGCTAGTCACATTACCTCTATGTAAACACACACATAATATTCCATCTGCTAGGTATAAGAGCATGATTAATTGGATGAGAAAATGTTGATAACCATA,"[[130102419, ""T"", [""C""]]]",yes,no,T->C,1
chr15,83155646,83156085,CAATGCTGCATTCACACAATTCTGCCTGTATGCCAGTTGGGTAAGATTTTATATACTGCCAAAATAAATGCTGATAATCTAATAAACTCTAGGTACTTGTTTTTAGAGTTTCCTAAGTGTATTCAGTCACTAAACACCAGAATTTAAATAGAAGTAATTTATCCAGGTATTCAATCATGTGACAGACCAATTATAGTGAAACCTGTACCAATCTTTGGTCTTCAAGGATCCATTTATCTTGCTTTCAGTTTCTAAAAGGTGAATAATTTTCACAATCTCAGAGTTCTTTCCATTGTATTTCTGAATTACCATATGAAAAAACCTAGACTTTCAATTTGTAAATCTAGGATCATGTCATTCCTCTGTTTAAAATCTTCAAGTATTGTTAGATTTGGAATAAAATCCAAATTTCTCATTATGGCCTACAAGTCTGCATAATT,N,no,no,N,0
chr5,160251762,160252131,AGAACTTGAATCCAAACTGCTTGCACATAAATAGAACGGAGGTTGGCAAAGGAAAAAAAAACAACAACAAATGAACGTGCAGCCTCCTATGCTAGTGTGACACGGTGGCAGAGTCTTATCCACACCCCGTCTCTTTTCTTACTGTCTCCATGCTGAGATTTTCAGCTGCTCTGGAAAGATTCACCACCTTCCGATCTGACTCAGCAGCAGACAGCTGCCTTCCTGGCGGCCCCTGCCACAGTCTCCAGGACTGGCAAGGGGCTAAGGAATCCAAGACAGGTATTCCTCAAACAAAACAAAAATTGCTTCCACGGTCCTTTGCACCTCCCAGTTCTGCTGGGTGAACAATGTGTCCCCCAACCCCAAACTA,N,no,no,N,0
chr6,137082983,137083343,GACTTTTCTTGCTTCAAAATGATGAGAATAGGGAAATACTTAGTTATATACTTTTTCCTCTTGTTGTTCTATGAGAATATATTGATCATCTCATGCAGCATCCCTCCCTTCTTTCCTTCCTTCTCCACAGATATTGTATTGACAGCTGTTAAGTGCTGGCACTGTGCTAGTCTGCAGGACACAGAAGCAAACAAGCAGTCACAGCACTTGCCCTTATAAGCATCACACTCTAGTGGGTGAGACAGACATTAAACATAATTTCACTGAGAACCTTGGGATTACACTTGTTGTGAGTGCTATGTTTGAAAATTCCTGGATGCTGTGAAAACAATGGAGGGGAAATGAGGAAGAATAATTTATT,"[[137083015, ""A"", [""G""]]]",yes,no,A->G,1
chr6,109834151,109834450,CATGCATGACTGTGTAACACCATGCATTGATAATTTGGAAAATAATTGGTTCACTGAGTCCCTGGCAGATCTTCCAAATGTTGACACATTCATTTACAGCCAACCCATCTTGTAGAAAAGCTTTTAAGCATTGGGAAGCTGCCAAACTCATAGTGGTGAATACAAGTTTTCCAAAACTCTAATGTTTGTTTGAAAAGCTCAAATTTTATCACTGGCAACAAATACTGAGAGTTTTCCTCGTAATGATAGGCAGGCTTCCTTTGTTCACTTTCAAGCAAAAGTCTGCCAGATACCCAAGTC,"[[109834168, ""T"", [""C""]], [109834257, ""G"", [""A""]]]",yes,yes,T->C,2
chr16,69141061,69141480,TACTGATACATTCCCACATTTTTCCAGTTGCATAAATTAGGTTCAAGTCCGTCTGATTTTCTTTCTCCACTTTTATCTTTGTGAATAAGTCCCTCCCGGTGCCTTCTGACCCACTCCCATCTGGCTTAGCCACTCTGGGCCTGCTGCACAGCTGTGAGATCTGAAACTCTGATTGATTTTTCCATTGTTCTCGGGATCTCCTTTGCTTCTCTATCGGATAGGATCTCCCATTTCTGTGTTATTCACTTTCTTGGTTTACCCTTTGGTGGATCCTGAGTAAGAGTGCATGAGAAAGAATTCTAGGTTGGAAATTCTTTTCCCTTAGAATTCTGAAGCCCTGGCTCCGCTGTCTTCCAGCTCCTCGTATTATTAGCAAGTAAGCTGCCATTCTGAGAGTTATCCCTTTGTGTAGGACCTGTT,"[[69141111, ""A"", [""G""]]]",yes,no,A->G,1
chr15,38010531,38010797,CACGAGCGAAGGAATGTCAGCAGCTGGCAGGGGGAACCTGCAGAGGGAGTGCGGTCCTGCTAACACCGTAATTTCAGCCTAGTGATACTGATTTTGGACATCTGGCCTCCATAACCATGAAAAAATAAATTTCTGTGGTTTTAACCCACCAACTTTGTGGTAGTTTGTTACAGCAGCCACAGAAAACCGGTGTAACGATACTCTTTATTTATTTATTTGCTTACTTATTTATTTATTTTTGAGACAGTGCCTCACTCTGCCACCCAG,"[[38010582, ""T"", [""C""]]]",yes,no,T->C,1
chr3,101694214,101694713,ACCATTAACCAACAATCAGTGATGCAGAATGAGGCTATTGAACAAGTAAGGGCTATTTGCCTCAGGGCCTGGGGAAAAATTCAGGACCCAGGAACAGCTTTCCCTATTAATTCAATTAGACAAGGCTCTAAAGAGCCATATCCTGACTTTGTGGCAAGATTACAAGATGCTGCTCAAAAGTCTATTACAGATGACAATGCCCGAAAAGTTATTGTAGAATTAATGGCCTATGAAAATGCAAATCCAGAATGTCAGTCGGCCATAAAGCCATTAAAAGGAAAAGTTCCAGCAGGAGTTGATGTAATTACAGAATATGTGAAGGCTTGTGATGGGATTGGAGGAGCTATGCATAAGGCAATGCTAATGGCTCAAGCAATGAGGGGGCTCACTCTAGGAGGACAAGTTAGAACATTTGGGAAAAAATGTTATAATTGTGGTCAAATCGGTCATCTGAAAAGGAGTTGCCCAGTCTTAAATAAACAGAATATAATAAATCAAGC,N,no,no,N,0
chr15,69876554,69876840,TCCTCCTCCTGAGCCCCTGAGAGCCTGGTAGAGAAACATGGAATATTTCACTGTCTCTTGTGTCTGCCTGCTCCAGTAATCAGCGGACTCAATCACGCTTGCAGTGTTTTTATGAATTAATAACAGGCACTTTGGAGGGCTAGCGGGGGAGGCAGGAAACGCAATCTATGGAAGCTTAATGAGCGCCGTGGGGAGCAGCTACCTCCGCCTCCAACCCTGCGACGCTGTGCTCTAAATCATCGCTTCTGAGATCACCCACTTCCAGACCAGCCTGGACAGCTTGTGTG,"[[69876605, ""C"", [""T""]]]",yes,no,C->T,1
chr16,11724732,11724981,GAAGTAAGTAGAATTTCTTTTTCTCTTTTTTGGAGACAGAGTCTTTCTCTGTCGCCAAGGCTGGCGTGCAGTGGCGTGATCTCCGCTCACTGCAACCTCTGACTCACAGGTTAAAGCAATTCTCCTGCCTCAGCCTCCCGAGTAGCTGGGATTACAGGCGCCCGCCACCACATCCGGCTAATTTTTTGTATTTTTAGTAGAGACGAGGTTTCACCATGTTGGCCAGGCTGGTCTTAAACTCCTGACCTCA,N,no,no,N,0
chr11,13781175,13781498,ACAGTCGTCATGCTGTCTTTGGCTTCACTTACCTCCCCAACCAGCCTGCCATCTCTGAATCTAACTTGTGCTCTTTGCCTTTAGGGTGAATTCCTTCCCAGAAGACTCTTGAGCTCTTATTGCAAATACATTCGCAGTAGACTGGCGCCTCTAAGTCTAGTCATACCTCGTTCCTATGGTAACCACAGAGTGGCCTCCAGCTGGGACTCACAGCCATGTTTGCTTTCTGTTCAGGTATGCCCTCTCAGAAATGGGTTCATTTCTCACACTGAATGCATTTTCCACCAGATGTATCATGAAGACCAATTAGATGCTTTATTGTAT,"[[13781217, ""G"", [""A""]], [13781286, ""G"", [""A""]]]",yes,yes,G->A,2
chr1,14254167,14254470,TGGCATGTGACCATGGTTCAATTATATTTTTCTTTTGGCTGGATAAGGGTAATGAATAGATCTTTATCAAATAATTTGATAGACATTGTTATATCCAGCAACTTTTGCTTATACAATGCACTTGGAATCTCATCTGTGTTTGAAGTTTGCACCGACATCTGCAGAAACTCAGAGAGAAGCTCCCTAGGGATCATCTCTGGTATTTATGACCTGCATCTCCACGTCGTTTTGCAGAAGTGAAAGCTGCACTCGACCATTCCTTTTGTTGGTAACTCAAGCCAACAGCCCCTAATGGCTGATTGGA,"[[14254276, ""A"", [""T""]]]",yes,no,A->T,1
chr9,132894947,132895183,TCTGCCACTGCCACTTTTCTGACTAGTGTCATCTCTCGGGAGCACGTGGGGCAGCCTAGTGGGTATACACAGCCAGCCTTTGCCAGCATTCTCCCGGACTCTGTTTAGACTGCTCTGCCATTACTAACATGGAGAGTGTGATGACATCAGCTCCCTGGAGAGTCAGCCCCTGAAAGTTGGAATTGGTATGAAAAAGCTGCCCCTCTTCTGGTAGCCTAGAACCTGCTACAGTGAGGC,"[[132894960, ""A"", [""C""]]]",yes,no,A->C,1
chr12,46855802,46856131,AATGAAAACAGAGTCTTCCTGCACTTATGTAAATAACTGTATTGTTATAAGTTAAGAATACTCACAAATAGTTTCCAAATTCTGTAGAAATCAGGTAGAGAGAAACAAATATGCTCCAAATTTTGTTCATAGGAGTATAATTTACTCAATTGTTAAAAGCTGTAAATAGCTTAAAAAGAAGTTTTCTTGACTCTGAAAAAACAAAACAAAGGATCAGCAACGTTTTAAGCAAAAAGTTAAAAAATTACTTCAGACTTCTATTAGTTTAGTCCATGCAGTTATTTCCTGTTCTACATGATATTTTTGAACATTTCAGCTCTCCATGAGTAC,"[[46855814, ""T"", [""G""]]]",yes,no,T->G,1
chr4,187393666,187393899,TCATAGGAAATGTATGAAGAGTTTGTAAGTATATAGGCCCAAATGAGATAAGGGTTCCCTGAGGCAGCACATGTGGTCTGTGTTTGTTGGATGCTGGCAAATGACTTTGTCTCAGTCCTTCTAGAGGGAAGCACACAGTTCACTTCCATCAGAAAGTTAGTCTGTGGAGTATTATACTTTCCCGTATAGCAGATTCAGATTCAAGTTAATTTTAAAATAGAAAAAGTCTACATT,N,no,no,N,0
chr5,111869703,111869976,TATATTTTGAGAAGCATTATGGAGTAAAGAATGACACCCGAAGAGCATGCTCAAAAACAACAGAAGCAGGGAGCAAGGAGAGGAATTTGTTTCTTAACTGATGAAAGAGTAGGTAAAAAGAGGAGGGACCAGCCTAAAGTTGAGCAAATGTAAGAAATGACTCGTGTGAATGAATTTCTTGATGAAGAAATATGTATCTGCAGCTGAGTCAATGCAGATCAGAAGAGACATTGTACACACGTTCCATTGTCTGTGACTTACTTTAAAGAACTTC,"[[111869742, ""A"", [""G""]], [111869868, ""A"", [""G""]]]",yes,yes,A->G,2
chr11,118476690,118477057,AGTTGTGTGTTTTGATTCCAAATCATACTGAAATTGATTAAGTATACCTTGGCTTCGTTCAGTTATAATTTCAACATGTATGGTTGTTATTGTTTTTGGATTGCCTCATATTCAGGGTCAAGAAAGTGACTCATCAGAGACCTCTGTGCGAGGACCCCGGATTAAACATGTCTGCAGAAGAGCAGCTGTTGCCCTTGGCCGAAAACGAGCTGTGTTTCCTGATGACATGCCCACCCTGAGTGCCTTACCATGGGAAGAACGAGAAAAGATTTTGTCTTCCATGGGGAATGATGGTAGGTCAAGAAGGTCAATCTTGGAGTCGGAACAGACTTTTGATTTGTTTGTTGATTATTCTGGGGATGCCCAGT,"[[118476708, ""T"", [""C""]]]",yes,no,T->C,1
chr1,10833863,10834278,CAAAGTGAAGTTCTAGAGACAACCTGAGCTGATAGGACTCTGGCTTTCACCAAAGCGAGTCGAGTCCTTCTCCCAGCCTGACCTGGCTTTCTCTCAAGACCAGCACATTTGTTACTCACTCATTCACTCACTCATTCATCCACTCATTCACTTGTTCATTCATTCACTCATTCACTCATTCACTCATTCATTCACCCATTCATTCACTCACTCATTTGCTCACTCATTCATTCACCCATTCATTCACTCATTCAATCATTTGTTCACTCATTCACTCATTCATTCACTCATTTACTTATTCATTCACTCATTCACTCACTCATTCACCCATTCACTCACTCATTCACCCATTCACTCACTCATTCACTCACTCATTCACCCATTCATTCACTCATTCACTCATTCATTCACCCATT,"[[10833882, ""G"", [""C""]], [10834015, ""C"", [""T""]], [10834041, ""C"", [""T""]], [10834045, ""T"", [""C""]], [10834169, ""T"", [""C""]], [10834211, ""T"", [""C""]]]",yes,yes,T->C,6
chr15,66138143,66138437,GCTTACCCTCCTCCAGGCCCAGATTCTCCCCCTCTGCTCCTTAGGGCACATTTTCCCAAAGAGCAGGGGTTCACAGAGGACTTGAGCCCTAAACCTCCTACCCCTAGGGACACAGGCCACTTAGGGGAGCCTCCCAGCCAGCCCTTGAAGCCATCTGGCTGCGGCGAGACTGCTATCACAATGGTGTGGCATGTGTCCACGCTGTGATGGTATACTCATGCTATGATGAAAAACATTATGCCGTTTCAAAGACCCAAAATGATCTCACGACACAGAAAAATAGATGGATAAAGCA,"[[66138239, ""G"", [""C""]], [66138307, ""T"", [""C""]]]",yes,yes,G->C,2
chr9,71814792,71815192,ATTATTATATACATGTTGTTTCTATAAGAACTTTTCTCTAAATCTAATGTCTTTGTAATTGATCGATTCACTGTCCATGGCCTTTTTGAGAGTAAAGGTTTTGTGTTCTCTTTCACCTCCCTACCCTGGCTTTTTTTCAAAGCATTTTTCCAGCCCCACTTACAGTTTAGAACAGATGTAGATGCTGGCCTGCTCCCAGAATCTTGCTGCAAAATCATAACTTCACCATTCCCCATGGACTGAGTAGTGCCGAGGTAGAAAATGACTTCAATCCACAGCAGAATCTGTGTTGCTGCCAATCCAATTTAAGCCCAAAGGAGTCACTCCTATTTGTAGCAAGTTTTTTTCATTTCCAGTTTATGCCGAGAATATATAGCACATCATATTTTGATGATTTATAG,"[[71814815, ""G"", [""A""]]]",yes,no,G->A,1
chr7,91660786,91661011,TATTTAGCTCATGATTCTGTAAGCTGGGAAGTCCAACAGCATGATACTGGCATCTTGCAAGGGTGTTCATGCTGTGTCATAACATAACAGAAAGTGAAAGGGCAAGCAAGTGAGTGCCAAAGAGAGCACAAGAGAGAGCCAATCTCACTTTTATAACAACTCACTCCTTCAAGAACTAACTCCCATGATAAAAGCATTAATCCATTCATGAGAGCTCTGCCCTCAT,N,no,no,N,0
chr4,121551301,121551578,AATGTTCCCCCAGTCTGATCCCATTTTGAGAAGTTTATACACATTATACTCTTCCCAAATCTCCTTGTCATGAATCTTCCAATCTTATTCTTTCTACCAAAGCATTATCCACAGCTTCTCAATCAGTGTGACTCAAGCCTCTGACAGTTCTCCTTCCAGACATAGCAATGAATCAGATGTACTCCTGGAAGTTCTGCCCAGGGCAAGGGATAATTTTCTTTGCTTCAGTATCTTTCAGAGCCACCCGGTGAATGGAACTGAAATGCTACAGGAGTTTG,N,no,no,N,0
chr20,7710402,7710802,ATTCTGAAAATAAATAATAGTGCCTGCCATTTTTCAAATGTACTTTTACCTGTTTTGTGGGCAGATTGTTTTACAAAAAAAAACAAAAAACAAAAAAAACAATTACAGTTCTAGACATCCGTAGATATTTTGTGGTTTTGCCACTGGCCACAAACCACATTTAAAGAAAATTCTTGCGACTTTTACTGTCACTGATTTGGCGAGACTTTCAGCAAACAAATTGTTTCAGGACATTGACGTCAGTAAAGTATGGTGCGCTGGATGATGCGATATTTCTCTTATAAAGAGTACTCAACACATTGCTCACTCTTCAGTCAGAGTTGGTAAACATTTGTACTGTTCTTAGAGACAAAAGGACATACGAGCAAACTTTTAAAAATCGGAATTTTCAATATGATTAT,"[[7710405, ""T"", [""C""]]]",yes,no,T->C,1
chr7,104887316,104887585,GGTCATTTTTGTACGTAAAGATCCCAGAAGACACTGGTAGGGGATGAAAAAGTGAGATGGGGAGAGGAAGGTGGTCAATAAAGGGAGTATTAGCAAACAAGTCATTACTTGGGTAACTGGAGTGCAATCCCACTGGGGATTTCTGAGATTCCAGGGGCAAGGGAAGTGATATTTATAAATCAATTCTCATCAGTCATTGACTGAGGACTGCTAGAGGTAAGGGATGGTGATTCCCTGGCATTTCCAGTCTGTCCCATGGGTAAGCAGAGA,"[[104887333, ""G"", [""A""]]]",yes,no,G->A,1
chr1,177412416,177412635,TATCTGGTGAGCTCTTATTCACCCCTCAACATCCAGCTCAAATGCCACTCCCTCTCTGAATTCTACTGCTATAGACATTGTTGGTTACCTACCCAGCATCTATTCTTTCTTTGTTTCACTTTCTATACCATGTACATGATTCCAGTGAAGTGTATTTCAGGGAAGGGGTCTTTTTTTTTTTTTTTTAACCAAAACCCATAATGATAATCCTGTTCCTTTA,N,no,no,N,0
chr1,40746446,40746776,TGCAAAAGAAAGTTCACTTATGCTTGTTAATTACATCAAATCTGAAATAATATATGCTCCTTCCATAATGTGATGATGCAAATTCCCAGGTGAGCATATTAGGTTTAGTGAGTCACATTTCAGACCACTTATAGAATCAATCATTTGACACCTAGTCCCAGTAGAGATTTTGCTGATTTTAGCTAATATCTGCCTTTGCACCTTCCTCTTCATTGCAGCTCTGAAACTCAAAATTGATTTTTTCCCTAGAATTGCATCCATCATTGGGCATGTGTTTAAATACCAGTAGTTTCAAAATAAAACAAAAAAGGGCTTAAGTCTCAAATTATTG,"[[40746689, ""T"", [""C""]]]",yes,no,T->C,1
chr20,931511,931778,AAGGGACCAATTTTTAGACAAATTATTATAAATAATTTTTTTATAACTAATGATATGCAAAATCCCTTTTACAAATTCCCCTTTATGACTTACATAGACCATCTATGACATGCTTGGACTCTCTGACTTGTCCTGAACTTCCCTCTTTGCTAAACAATCAGTCATTTTACTTTAGCACAAAAATTTACCATATAAGACTCTTTTTCATATAAAATTATTCTCTTTTCTTTATAACCTTTCTTACCATAAATACATCTTCATATTTATA,"[[931616, ""C"", [""T""]], [931686, ""G"", [""C""]]]",yes,yes,G->C,2
chr13,31761984,31762350,CTCCATTTATGCTATTTTCATGCATTACTCTCTGATTGCAAGAATATATAAGTATTGAATAATTGTGACAAATAGTAAAGTTCTTATTACTTTTAACTATTTTCTTCAAGAAAGATGTTAGGCACTGAGAGGACAACGATGACTAAGACTGAGTTCTAACCCACAAACATCTCACATGTAGCAGGAAAGACAGCTCCTTACAAAAGCAGTGATGATATAATATTATTGCTAAAAAGGAGGAATAATGTTTGCACCAGGGAATGGGAAAGCCCATTGGAAGAAATGATGGCTGTGCTGAGGATGGGGAAAGATTCCCAGAGAGGATAACATTTGAGATGGACTTTGAAGTCCATGGATGAAGGAAAGG,"[[31762218, ""G"", [""A""]], [31762249, ""G"", [""A""]]]",yes,yes,G->A,2
chr5,162183939,162184225,TACATTGCAATATTTTACAGTCTCATCAAAAATATATGATAGTTACAGTTGCTTTATATCCATTAAATATTAGTTGTCATTTTTCAAGATTTTAGTCCTTCTCGTGGGTGTTTGGCTTATTTACTTATTTACCTATTTTTCTAAAACGACTTAAGTGAAATTGAAACAGGGAAATATGGCATGATTTTTTTTTCTAGCTGTGTTTTACTTTTAGTTTAACTCCTTTGTGGTCAGATTACATATTCTGTAAGATTTTATTCTTTAGAGTTGTACAGAAATTTATTTTA,N,no,no,N,0
chr10,45753961,45754361,GCTCCTTGTGCCTGCTGTGCGGGCTGCTAGCCTGGCTCTCCTCTGCTTTCTGCTGTCCATGTTTTGGCATCAGTGACTTGCTTGGTTTCCCCCTTTGCTCTTATGTCTTTATTTTTTTACTGATGACTCACATGTTTTTGCGGTTCTTTTTCACCCGTTCATTCTCATCCAACTGGAATGGGTAGAGGTGGAACTGTTTGGGGGAGCCCCGGTCATGCTGTCCCTGCCTCTGCTGTGCTCACCTCCTCCCTTGGTGTCCCCCAGCTGACCCACTGCTGTGGCTTGATGACGGTCAGCATGCTCTTCCATTTGAGTCACAGCTCAGATTGTGTTAATCCCCAAAAAAAAGTCCTGACATCGGTAGAGAAGAAAATACTAAGGAATTTTAAAATGGCTTGTTC,"[[45754300, ""A"", [""C""]]]",yes,no,A->C,1
chr7,66385253,66385545,TGCACTGAGCCTGAAGATATTTCTTTAATCTAGTATCCCATACTTAATAGGACTGGGAAAAACAGTAGTGTTTTTTAAAATTACTTAATAATTCGGTAAGAATCTAACTCAACCCTGACCCCTGCCTTCTCTCACATTCCACATCCAGTCTGACAGGAAATCCTGTTGACTGTCTTCAACACGTACTGAAGATCCCCACCCAGCAACTCCCTGGCCTCCTCCCCTACTTCTCTCCTCTGACCATCTCTCAACACCACCATGACCCTGGTCAAGACCACTATCATCTCCCACCT,"[[66385313, ""G"", [""A""]]]",yes,no,G->A,1
chr4,113055223,113055542,TATCTAAAAAAATAAATAAAAATAAAAAATTAGCCAGTCATGGTTGTACATGCCAGTAGTCCCAGCTACTGGGGACTGCTGGGGACACCCAACCCCCGAGGGTGAGGTCATAGTAAGCCATGATCTTGCCACTGCACTCCAGCCTGCATGACACAGTGAGACTGTCTAAATAAATAAATAAATGAATAAATAGATAGATAAATAAATAAATGAATGGAACCATTGCCTTAGAATGTGGTCAACAGTCATGAAGTTGAGTTATCTTAGAAAGAAGAATCTTTAATTTTGATTAGATGTGTTAGTTTATTACTTGGCTCTTA,"[[113055260, ""G"", [""T""]]]",yes,no,G->T,1
chr4,31660870,31661367,AGTCAAGTATGGAAATAAATGAAATTGTAAATCTACATGCCTTCTGAATTCAAGAGACATGGTATTTCTGAGCTTACAAGCAAATGAAAAATTACTTACTTTACACACAAAAAGGTGTCATAGACTGACTAAAAAGCTATATCAGGAATCTAAGTTCTACAAATCCAAGCTGCACCTGACAAAAAAGCAGAGTCAGCTGAAGTCTCGTCTTTTTTTATCAGGCTGCAACAAATAATTAAGAGTGCAGTTCATAGTTTTAAAATTAGAATGCCTTGGAGTTTGCTACTTGGCTCTCAGCCTTGTGTTGAGGCTTCCTTCACTAACCAGAGTATGTCTTAATGCTATTGACCTCCATTCTCTGCTGCCAGACAGGGGCACTCTCAGACACAAGGGTGCACACCATTCTGCTATGTAAGTTTGAATGGAAAATAATTCATTGCCATTACTTTTGAGGATACAAATGTTAACTCTTTGGTAGAGGGTGTCTGTGTGTAAAGG,"[[31660993, ""T"", [""A""]], [31661145, ""T"", [""G""]]]",yes,yes,T->A,2
chr2,71853928,71854292,TGAGAGAAATACCGTCATAAAAGTGCCCCTGGGCCGGGTGAGGACCCAGAGGGCAGGATGCTCAGGTTCCAACTCTGTACCGCATTGCCTCACCGCTGCCCACAGCGGGTGCCACACGGGTATGCACAGGCCTGGAATCCAGAGGGCAGGCCTCCCTTTCCTTCATACACTCACTGACCACAGTAGCAGCTGATTGCTGGCTGAACCTGTTGAGAGGCTGTGGAGAGGCATAGGCTCAGCCACCTCCCACTCCCACTCCTGCTACAGATGCTGAAGCTGGATGCTAACTTCCCATGCGACTGGGATGGGGGCATCTGATCAGGGCTGGAGACTCCCTGCCTGGACTCTAAACCAAACCCAGGACA,"[[71853941, ""A"", [""G""]]]",yes,no,A->G,1
chr4,35033100,35033330,TGGAGGTGTGTTATTTACCTGACAGAAAATTCAAATAACTGTCATAAAGATGCTCACCAAGGTCAAAAGAACAATGCGTGAACAAAATGATAATTTCAACAAAAAGAAGTTTTGTAAAGTACCAGACAGATTTAATGGAGCTGAAGAATACAATAACTGAGATAAAAAATTTATTAGAGGCATTAAACAGTTGACTAGATCCAACAGAGGAAAGGATCAAGAAACTCAAAG,"[[35033190, ""G"", [""T""]], [35033230, ""A"", [""T""]]]",yes,yes,G->T,2
chrX,149926367,149926711,TGACCCTTGTGGAGAGCCTATAAACGGATGCATGAGGAGCACCTGTCCATATGGATAAGATAGGGCTATAAACGCCCTCATCTTGCCACGGCTCTTCTAGGCCTCTTTAGGGTTAAGGCATACTCCCTTCTGAGAATTTCTGGTCTAACCGGTTGTCTAGCTTCACATCCTGTTTCTATGGATTGTTTGTAACCAGCTTTTGCTGCAACTGTTACTGCTGATTAATATCTTGCTAATCATAGGTCATGGAAAGACTGTGTTTCTGTTTTAAGGCTCTGTTAGAAACTACTGATGCACACACTATATCATAAATTCTTATCCCTGTATACTGTACTTCTGCATACA,N,no,no,N,0
chr2,72605859,72606205,CTCATAACCACATTTACCTCAATCTAGTATCATAAAGATAACACTCTCGATATGTGTGACATATCATATAATATGTGAATAACTCAGTACCTATTTACTTTATATGACTTTAGATAAAATGACTAAATGACTTTAGATAAAAACCAAAAATACAAAGCTATATTTACTATACATGTAATGCCCTCTACAGGCCATCAGTGGAATGAATCAGAGAGACAGAACTAAATACAGATTTCTCAGAGACTTAGTTATTATGCACTAACATAATTTATTTTCTACATAGGCCAATAGGAATTAGTCTCATTTCTAATCTACATAAATTTCAAACAAAATTTTCCACATTCTTT,"[[72605870, ""C"", [""A""]]]",yes,no,C->A,1
chr19,55540578,55541059,CGCTCTGGACGGAGGGAAGAGGAAAGGTCCTTGAGGGAGGAAGGGATGGGAGCCTGGATCCTGCGTCTGAGAGAGGAGGGGCAGGAGCTGGGCTCTTGGGTCCTCAGTTGGAAGAGGAATGCGCGTCCAAGCCCAGCGTTCCGTAGGGAGAGTGCAATGTGTTCCCTCTCTGTCCTCCCGGGTGCAGCTGTCTCTCCATCCAGGTGGCCCTGGGGGCTGGGGGAAGGGCCTCTGGCCCAGGCTCTGGCCACCTGTCTCTGTCACCTGGTCAGGGAGCTCCCCCATCTGTCCCCGTCCTCCCACCACTTTTGCTGTCATCACCCTCATCTGTCCACTCCTCCAGGCTTGAGCCTCCCTCCTCCCTGTCCTCATAGGACACGGCGCTCCCCAAAACCCCAGGTCCCTCTCTGTTCCCTTGCAACCCCCAGTCGTCCCCCAGGAAGTCCAGGACAGCCAGTGGGGGGCTCCTAGTCTCGGGATCC,"[[55540579, ""A"", [""G""]]]",yes,no,A->G,1
chr9,19690169,19690601,GTAGCTTTATACAAACACACACACACACGCATGCATACACACACACACTTCTCCTATTGGTTCTATTTCTCTGGAGAGCTCTGACTAATACACCCTTTCTCCTACTGTGGGTCCGTTTGATTTAGTAGGGGATGGATCCCACCCTCGGCTTCACGAGGATGCATGACTCAGGCTCATTCAGTAAGTAGGCCCCACCTCTGGGCTGTAGGGCTTGCAGGGACTGGTAAGAAGCTGGATACTTGACTCAAACTGGTGAAATGCTGAGACTGTTGGAGGAAGCACTGGAAACAGGGGTTGTCTTTCCTCTGGGGATGGTAAGCTGATGAGATGTAAGCTAAGATCTACTGGTGGCTTTCTTGTTTACTATACAAGGAACCTGCCTGAGAATAGAACTAACTGACAGAAAAGCAAAGTTGAATGCAGAAGACACACA,"[[19690195, ""G"", [""A""]], [19690534, ""G"", [""A""]]]",yes,yes,G->A,2
chr21,40161005,40161292,CTTAGGCTGACAGTCCCAGACAGTGTCTCTTCCCAGCCTGCCTGAGCATCAGACCTAGATTCCACCCCTGTGGCTGCGAGTAGCTCTTGCAAATGCAGCCAGCATTTTCCTGGCTGCGCTCTAGGCTGGAAACCAAGGGAACTGCCTGCTTAGTTGAGGAGACCTGCCGGACCCTTTGTGCATGCAGGCTGGCAGCTCTGTCCTGGGACAGAGAACTGGAGTCCTTGAAGAAGGCCCATCACATGGCTAAACCGAGAGGAGTAACCCAATGTATAGACGGAGAGATGC,"[[40161025, ""T"", [""C""]]]",yes,no,T->C,1
chr9,83416111,83416345,TTCTCCTCCAGCACAGCACACTTCCAGAGCTGCCCTGCCCATTGCCATGAGCCAACTCTCTCCACTTTGTCACTCACCCTTACTCAGTTCTCAACCATGGTTTCCATTAGTGCAGGATCCAAGATGTTGTCTACATTGATTTTCTTAAAAGGTTTTAAAAGTGTCAATCAAGAAGCACACTTATGGATTCTTGCGTTTCACAAGCCTCCATCTACAAGGTGAGCTGGGACACTGA,"[[83416208, ""C"", [""T""]]]",yes,no,C->T,1
chr3,186286176,186286504,GGTCAAAGTCAAAGTCCTTTAAAGGTAGAGTCATGGGCTTTCGATTCTTTGTGATTCCTCAGAAGGTCCCAGTCAGAGGCATGCATCGTATGCTGCTGACTCACCCAGCAGATGGTTGAATGACATAGAGGACAGACCTTTTCTGCTAGCATTATTCCAGGACTCTGGGCCTAGGCGACTCTCCAACGCTGACCTCTCTCTGGTCCTATTGTGCATGAACAATAGAACTAGAAAGGCCTGAGTAAGCATCCTTATTTTAGCAGTGTAACCTTGGGCAAGTCTTTTAACCTTCTTGTGCCTTCCTTCTAGGTTACAATGAGGTTAAAATG,"[[186286204, ""G"", [""A""]]]",yes,no,G->A,1
chr3,140765285,140765664,TAGCTTCCATTAATTAGATTCCAGTAAATATGTCTTCAGATACTTAAATAAGTTGAGACCTCTCCCTAAAGCACCACATGACTGCTAGACCTTAAGATTTTGAGACCACAGGCTGCTAGACCTCAAAACTGAAATCACAAAACTATTGAGAGCACATTGCATGATATTATGGAACCTCAGAACTGCATGGCCAGGAAACTGCGAGACCACAAGAATGAGAGACCATGAGACTTCAAGATCCCAAGATTTTGAAACTGTAAGACTGCAGGATCACAAACTTGCTTTCTGCTTCCCAGCTCTGTCTCAAAGCTCTGTTTATTACACAGGATTTCTATGTAAGAGAATTACTGGGCAGAGTAGATTATCTTTGCATTGAAGTC,"[[140765438, ""G"", [""A""]], [140765472, ""G"", [""T""]]]",yes,yes,G->T,2
chr9,40399106,40399369,TGTATTTAAATGAGGACAGAAGACACTGGGCTGGAATTGATATGATTATGCCACAATTGATGAGTCATAACTAATGACAAAGTCTAGAGCTCAGGAAGCAAATCTGACAACGGGAGTGAGAGGAATGCAATCAGCACACTGGGAGGAAGGCAGGTGCATGCCCACAGGTCGTGCCACAGAGGGGTACTTAGCACAACACTTGCTCCTCATTGTGTATCTCTTGGTTTCTAAGCAAAGGTCTTTGGGGAGAAAAGATGTTATTAA,N,no,no,N,0
chr8,7421514,7421944,CCAATCCCAGGAACCACCGATAGCACTGTGGTTTTTCACTTGTTGTCCTCTCTAGCTCTCAGTACATTTGTGAGGCCTTGTTAGAGAAGGAGGTGAAATTACTCTGAAATAGGAAAGTCACTGTGAAATGCAGCACCTGTGTCCCTGGGGAAGAAGCCACCAAGGCTTAGGGAATATGTGCCTGGTTGCTCAAGGACAGCTGGGCTGACTGTTCCCATGAAGATTCCTACGGTTGCAGCTGCTTCTTTTCTCCTGGCACAGCCCAGTGTGACTCCTTCACAGCTGTGTTCATCCTAGTGATGAAGTGTGTTTGATAAGGACCAATAGAGGGGCATCTTTGTTTTAAAGGTAGGGTTATGATCTTGCTTCAGCAAGGAAGACCATCCACTGGCAGAACCATGGGGCTCTTCACCAAAACCAGAGATGCAGCA,N,no,no,N,0
chr3,133237330,133237765,GAACTTAACACATGAATCCATTCATGTCTCTGCATCCCCATTGTCTCAGCTTTAGAGAACAGCTTTCTATGTTCTTTCTGGACCATTTTAATAGTCCTCTGTTTATTGTCCTATTCTCAGGTCTTCTCCTTCTAATTCATCTTCACATTACTTACAAATTAGCTGCTTGTCATCTGATAATCTTTCCATGGCTTTGCATTACCAAAAGCAGCAGTTCTCATAATGTGATCCAAGAATCCCTAGGGACCCCTGAGGCTTTTACAAGAAGTCTGTGAGGCCCTTCTTTTTCCAACTATACATATTTATAAAGCCAGATTTTTTTCCATGTACTGTACTTCAACCAAAATAACATATCTCAACAGATTGAATGCAGAAGCTGATAAGAGAACCAGCTGTCTTTCATAAGCCAGACACTAAAGAGATTTACAAAAATATA,"[[133237482, ""G"", [""T""]], [133237483, ""C"", [""A""]]]",yes,yes,C->A,2
chr6,1572882,1573247,TCATAAAATATCATGCAGATTCTGCCCTGTCTGATGAAGACTTGCTATAGGAATCCTCAGCTCTCTTGTGAGATGTCTGGCTATCCTGAGCCTGCCATACTATAAGGAAGCCTAAGCCACATGGAGAAACCCAGCTAAGCCAAGCCATCAAGTCATCTCAGCCCACATGCCAGCCCCAAACATTTAAATTGTCCCCAGCTGTTCAGCTAAGGACCAGACATTGTGCAACAGATACAAGCTGTCCTTGCCAAGTCCCAACCAAAATCTGACCCACAGAACCTGTCAGACAAAGAGAATGACTGTTTTAGGCCCTGCAGTTTGGGGTGGCTTATTACACAGCAAAAGATAACTGGAACTGGGGGTAAC,"[[1572928, ""G"", [""A""]], [1573071, ""C"", [""T""]]]",yes,yes,C->T,2
chr15,35136633,35136857,CACAGAAGCAGAAATTAATAGAAGCTGCACATAATCTGAAAATGCTCCTGGTAGATATTTGCATGAAGTGGTAAAAAGTACCATAGTGTGGTGAGAGGCTGCAGCACGACAGCTAGCTCTAAAGGCCACCAATTCCTTATGAGAAAACTGTCCTGAGGAACAGAAACTAATAATTGGTCAGGCATGTGGGTTGTGTGTGATTCAAGTAAACTGTCAAGTGTCCTA,N,no,no,N,0
chr17,14619873,14620141,CTGCATCGTTATGAAAAAGGAACATTTGGACACAGAGACAAACACACACAGACAGAAACTGATGTATACACTCAGGAGAGCATCATATGGAGATGGAGGATTAGAGCGATGCAGCTACAAGCCAAGGCATGCCTGGAGCTGCCTCAAGCTAGGAGAGAGGCCTGGAACAGCTCCCCTCTCACAGCCCTCAGAAGAAACCAGGTCTGCCAACACCTTGACTTTGGGCTTCTAGACTTCAGAGCTGTGAGGCAATATGTTTCTTTTGTTTA,"[[14619877, ""G"", [""A""]], [14619980, ""A"", [""G""]]]",yes,yes,A->G,2
chr9,110415173,110415589,TCTTGCTTCTTTCTTTCCCTGGCATTCATTATGTCACTTAAGTCTCTTAAAGTCTCTGCATTTTTGTCCTAAGCTTAAGAGTGGATCTTGCCCTTATAATTCAAGGAAAGGCCAATGAAAAGCACAACACCAGTATAGGAGGAAAACTCGGTGAGACAGATGCAAAAATGTGTGTATGTACACATGGTAAGCATGTGGCTTATATAAGGCCCAGGAGGCTTACATTGTGTGCAGGGCAATGGTCTGTGCTAGGCAGCCCCAAGGGAGGAGACAGTTAAGAGGGACTGGAGAAGGAAATAAACTTTAATACACTAATAAGGCCAGCAGCATCTTGAGAAGTGGAAGAAGACGGTAAGACAGGTCATATTTTACAAAGGCCATGACTTGAACAGAGCGATGCCATCCTTGACTGGAACA,"[[110415205, ""A"", [""G""]]]",yes,no,A->G,1
chr5,178557368,178557673,TGGACATATCTTTTGAGGGCGACAGGATTCAACCCACTACACTATTTTATTGAGGATGGGTGCAAGGCTCACCAGAGCCAGCTCAGGGCCCCCCGCCAGTCCTCCTGCCAGCGATATCCACTGGCTGGGGCGAGAGAGAAGCCCCTGCCACCACACTCAGCCTCGCAATGGGTGGCACATCCAGAAGAGCCGCCCCTCCTCTGGCCTTCCTTATCTGCCTGCTGCATGCTAGGATCCAACAAAAGATTCCGCTGACTCCCCGGGCTGCTAGGTGGGGAGCTGCGGCCAGCTATAATCAGACAGGGA,N,no,no,N,0
chr3,179703431,179703763,GGTTCTACCAGAAACTTAAAGCACCTCTGGGTGATGCTGGGTTCACAGAGACATAGCACTGTGAGCTCGGCAGGGGTCTTAGAGCTTGAAATCCAATGCCTTCATTTTTGACATCAGGAATTGGAGCAGTGGTGTGCTTGTAAATGTTTAACAACAGGCTCCCTAGGGAAAAAAAGCTCTGTTTTGTAGTGTCTGCTGATTCCATGGTGTAAATACTCCCACCATGACTGATTTCAGGTTATCAATATGACGTCACTGAATGCGGTGTTGGAAAGAGATTGGTAGTAGCAGACCATTGTACAGAATTTCCAGCATTCCGCTGACATGCATGTA,"[[179703445, ""G"", [""C""]]]",yes,no,G->C,1
chr7,105594160,105594386,CATGATCAATAACATTATTTACCACCACTGCCACCACCAGGGGAATCCTAGCACTTTAGCTCATTTCTTGATATCAGAGCAGTGCCGGTACTGCTTAGAGCTGGGAGTCTGCCCTGGGTGCAGACTAGAAGTCTTTGCTCTCCTGGCAGATGGCGAGGTGGAAGGGTGTACTTTCTCATAGCTGGGATGATGGCCAGGTGGCACGCAATCCTGTCTTCCCTGGCTGA,"[[105594212, ""C"", [""A""]]]",yes,no,C->A,1
chr11,122120120,122120480,ACATGTAATTAAGGTAAAGGTCTTATCTTGAATAAGGATGGGCCCTAAATCTAATGACACTGTTCGTATAGGAGACAGAAAAGGAGACACTGAAACGCAGAAGAAGAAGATCATGTGAGCATGTGAAGCGAGAGGCAAAGATTGTAGTGATGTGCCTACAAGCCGAGGAATGTCAAGGATTGCTGACAACACCCGAAGTTAGGAGAGAGGCACGGAATAGATTCTCCCTCAGAGCTTCCAGAAAGAATCAGCCCAGCCCACACTTTGATTTCGGACTTTTGGCTTCTTAAACTAAGGAATAAATTTCTCTTGTTTTTAAACAACCCATATTGTAGTAATTTGTTACAATAGCCCTAAGGAA,"[[122120283, ""T"", [""C""]], [122120428, ""G"", [""C""]]]",yes,yes,G->C,2
chr2,206715143,206715538,AACAGGTGGGAATCAGGGAACAGGCAGGTAGGAACAGGCAGGAGCTATTAGGTCCTTCTGGGTCCCAATCCTACTTTTTGGGGGAGGAACTGTCAAGCCCTGGGTCCTAGGTTTGGATGGATGGAGAAGCTGGGTGCCTGTCCAGGATTTCCCAGCCTCCTTGGGCTTTGCCTTCCTCATTGAGATTCCTCCCCAGAGGCGAGGGGGAGGGGAGATGACTTAGGGACGGCAGCTCTCAGATGCATCCTTATCCAGCACAGGGAGCCCGCCAGCTGCCCGTATATATCAGGGCCAGTGTTGTCTTGTTGCTTGCTGGGAAGGGAAGTGTGGGAGATAATTGTGTCTCCTTGGGAAGAAATATGGGTGCAGGCAGAAGCATCTTTCTTTCAGCTTTGG,"[[206715271, ""A"", [""G""]]]",yes,no,A->G,1
chr7,108124793,108125180,TCCTACTCCCATATTCCCAGTCCCTGCACATGCACAGTCCCTGCGCTCCAGCCTTAGCACTCCAGTTTCTGTTTTCTGAACCTTCTTTGCACGCTGTTTCCTTTGCCTTGAATGTCACCCTCCTAAGCCCAAATGTCAGCCTCCCTATGAAGTCTTTTTAGGGTGTTTTGCAATGCCTGATTTTAGGCAAATATCCCATTCTGTGATTCAGGCTCTTTATGAAGCCTAGGGTTCACTTTGGAAGTCCAATGCTGGAAAGTGACTCACTGAGAAACAGTCCTCCCATAGTAGCTCCATCAGAATGAGCTCTACCTGTTGGAAAAGTCTGCAATCTTGGGCTAATGGCCTCATACAAAACCTTGTGAAGACCTATAGGAGAATCCAGGTT,N,no,no,N,0
chr21,21835833,21836254,TAATAAATTTATTGAGTAAAGTTCTTCCTAAAGTCAACTAAAATACATTTTTCTAAAGGAGAATAATGTTTATTGGGAAACAGCGTATTTCAATATGAATACACACGCCGTATTAAATTATGTGTGGATTTAGAGAGGTAAAGGACAAAGCTTTTAAAGGAAACATGAAGATTACATAATTGTATGGACATAATTATCCTTGGCTGCAAAGATCAATAAGATCAATAACAAACGTGATGTCAGTTCTAGGATGAACAGGCAATTGCTGGGCAGATGTCTTTGGAGAAGTATTTTTTGTGTAAGTTTGTGATGGCCTTTGTGCAAGTCTGCAGTTTTTGCAGTCTTTTTTGATATTTTTTGTTATTAGGCACACAGCATGAGAACTTTAATATGCTTCCCAGGTTCTATTTGTCAGGGTTTCT,"[[21835916, ""G"", [""C""]], [21836169, ""C"", [""T""]]]",yes,yes,C->T,2
chr4,156497422,156497849,TCGGCCATCTAATTAAAACCTTAGGCCAAATATTAGAGGCAACAGATAGATAATGAAGTCAAACTTTGTAAGAGACGTTATAAACAAAATTACTTCTGGTTTCCCTTGCACTTTCAATCATGTAACGCAATTAGTCTTAGTCTGTTTTGTGCTGCTATAACAGAACACCAGAAACTGTGTAACATATAAAGAACAAGTATTTATTGCTTACAGCTCTGGAGCGTGAGAAGTCCAAGATCAAGGCGCCATCTGGTTTACCATCTGTTGAGGGTCCGGTATCTGTTTCCAAGATGAAAGCTTAAATGCTGCATCTTCCAGAGGGAAGAAACACCAGGTCTTCAGATGGCAGAAGGCAGAAGGGAAAAAATAATGTCAAACTCCGTCCATCAAATTATTTTATAAGAGCACCTAATCCCATTCATAAGAGA,"[[156497423, ""T"", [""C""]]]",yes,no,T->C,1
chr3,80521088,80521473,TCAGGCTAGAAGGCAGACTTTTCCACTAGTGCTTCCTCTGTAGCTGTAAAGCCCCCAGCAAAGAGAAACATACTGTAATGGCTCCTCACCTCCTCTCCTCCAAGCAAGCACATACTTCCTACCAGGGTCAGTTTGCTTCTCTTCACTCTTCAGCTCTTTCAGAGAGTCAGGGCATTTTTGTTTGTTTTTGTATTCCATGCAGGTTTTATTGTTTAATTTGCAGGGTTTGTCATCTGGTACTTTATTTCATCATGCTTGGAAGCAGACACAATAAAACCTGTAATATTGGATTTTGAGCATGTGACAGACATGGGTTTTATCTGTGGGAATCTTTTTGGGAACCTCTAGAGGTGTTTTATATATATTTCTATTAGATTTTCTGGGGC,"[[80521281, ""C"", [""T""]]]",yes,no,C->T,1
chr19,13709235,13709553,TTTCATTTCTTTCTTCCTTTCTGTGATATCCTATTTGGGTTCAAATTACATTCCTCAGCCTCTAGAATTCTCTCCATCCACAGATCTTACAATCTGCATGCCCCAGTCTTCTGGATTTTGACATCAACTTCATGGAACACACCAGTCTCCCCACCACCACCTTATCTGTGGTTTCACTTTTTGTAGCTTCAGCTACCTGCGGTTAACTGTAGTCTGAAAATATGTGAATACCGTACAATAAGATATTTTGAGAGAGACCACATTCACATAACTGTAATTATTTGCTACAATTGTTCTATTGTATTTTCAGTCATTGCTG,"[[13709282, ""C"", [""A""]], [13709373, ""G"", [""A""]]]",yes,yes,G->A,2
chr3,141920689,141921145,TCAGAGTGACTGGTTTTTCTCTAATATAAAATGTTATCTTTGATTTTAAGCTTATTTTTTAAGTTAAAGAGTACAAATGTAGGGTGGAGTTTGAGTAGTGATTGAAAATGGCTTTTGCGATTTCTCCTAGCGTTGTTACTTCCTACCCTTTCCACATATTCATCATCTGGATCATTAGAGCTTGTCTGGTGGGTGGGGCGCATCATCACTCTGTCCTTTGTGCTGTCTGGCCGGTGCCTTTCATCTGTCTCTCACCCCACCCCACAGCCATATGCTGCTTCATAATGAAATGAAATGAGCAGAATCTAGAACTCCTTAGAGTGGATTCTTAGTTTTGCTTTATGCTGTTTCATGCATGCTTTCAACCCTGTCTCAAAAAAATTTTTTTATATATATATAAAATTCAAGTATTTAATAATGTTTTATTTTAACTAGTGTTCCGTAAGCCCAGCACTGA,"[[141920700, ""A"", [""G""]]]",yes,no,A->G,1
chr2,215191139,215191375,TGGTGGCTGATAGACATCAAGAAACTCTGGAAACAGGAAACAGGGTCCTAGATCTGAGGCTAGAGTTCAAGGGCAGCACTAAGCCCTTTAAGAAGGCTGACAAAGCAGTCTTAGTGAAACACAAGTACCAAACATGCTCTCAAAACAGAAACCCAGACAAAAAAAGAATACAGAATCTGGAATGAGGGCACACTATGGAACACTTATCAAGGCACAAGCCTAAACACAATTGTCACA,"[[215191236, ""G"", [""T""]]]",yes,no,G->T,1
chr15,37520992,37521243,AAGAAAATGATAGACATGGCATCCAAGATGATAGTTTAGCTCAGGTTGAGTGAGACAGGCTTATGCAATGAGAGAGAAAAGCATTAGAAGGAGGTTATTTTCTGGTCTTAAGTTTTATTTTGAGTTCACAGATGTTTGTTTTGGGTTCACAGGTGCTTATTAGATAACCACAAACTTGAAAACTAACTACAGTTATATTTCAGGTATATTGTGTGTTCAGTTCCAGACCACTGCAATAAAGTGAATATCACA,"[[37521080, ""T"", [""A""]]]",yes,no,T->A,1
chr1,186057096,186057479,TACTATTAATCAGAAAATGGAAGTCTTATTAACATACACTGTTTAGGATTTGATGTTTGATATACAACATCAGGTATATCAAATGTATATCAGGCAACTAATATTTCCATTCCCTGTTGGTTTTATTTTGTCTTACAGCTCCTCCAAGCATCATAGGAAACCACAGGTCACCTGAAAATATTAGTGTGGTAGAAAAGAACTCAGTATCTTTGACTTGTGAAGCTTCTGGAATTCCCCTGCCTTCCACAACCTGGTTCAAAGATGGGTGGCCTGTCAGCCTTAGCAATTCTGTGAGGATTCTTTCAGGTATTAGAAATTCTGGTAGCCTTATAATCTTGTTAGCTTCATACGGCTACAATTTCTCCTTAATTTCAAATTGCTCAG,"[[186057214, ""T"", [""G""]], [186057342, ""T"", [""C""]]]",yes,yes,T->C,2
chr18,65591452,65591734,GAGCACTGACAAGGTTATCTGTGGTGCTGACTCACTTTCAGCAACTGTTCAAAAGCACATTTTTAATATCAGATGCTTACTTTAAACAAAATATGTTTCCATCAGCACTGAGTTGTAGCCTCTAGACTACGTCTTAGTTTGTAGCTGCTTTTACAAGTTGAACATCGATTTAGAAAAGGGGGTTATGTTTCATAAGTATTGCATCTTTTCTTAATTTTTAGGGAACTGAAACTTGCTATTATTTGTACATTTACGTGTGTTTTATATTTATACGTGCCATAAA,"[[65591467, ""G"", [""T""]]]",yes,no,G->T,1
chr20,23682891,23683175,CAAATTTAGGAAGGGCAAATCTGCCCTTTCATCTGCAAGATGCATGGATGGACTGATGAGGACAAAGCCAATGACATCATGAACAGGAAACAATGTTTCTCTCAAGCTGCAGGTTTGAAAAGTCAGGAAGCCTCTTCCTTGGCTGAGGACTGCTTTCTGACTCAATGGAAGACCTTATTCTCTAGTGTCAGGGGCTGTCAGAAACTTTGCTTATGAGTAAGAAGAACATCCCACTGCCTGGATGATCTATATCCACCTTTACACAGAAGCACAGAGCTACAGAGA,"[[23682930, ""G"", [""A""]]]",yes,no,G->A,1
chr2,141595595,141595876,TGTAATGTTTTGACAAATTAGAAAAAATAATTTAGAAAAATTCTGCAGATAATATGACTCACATCTTTCATCAATTTCTCCAAGCATCTGCTACTTAAGAGCCATAGGGTTAAACAGAAGTCACAGGTTCCCGTTGCCATCACAAGCATTGGAGGAACTTCAAATCCATGAAAATGTTATTTAAATGCCCTACATAGATTAGAAACCTCAGCTCATGTCAGAAGAATATCCAGTGTTGCATGATGTGCTCTATCATACTTGAAAATTTAACTAGTCGCTGAA,"[[141595701, ""T"", [""G""]]]",yes,no,T->G,1
chr7,31518737,31519207,TGTATTTTATTCTTCTGTATTTTAGCCAATCTCATATGTTCAGGCTTTTGTAAATTTGCAAGGACAAATTTAACAGCAAATAAATTATTTAAAACCTACAGAAAAAGTCTTCTAAACCAATTCCCACAGAGCAGACATTTCCTGAATCTTAATCTTCTATCAGATTCCAGAAGATGCAAAAGAAGTTGGGCAAGTCACATAATCTCCCTGAGATTCCTATTTTGTGACGTTTTCCCTAATTCATTGTAACAGGCAAAGAACCTTGAATCTTAGATCTAGAAAAATCCCCAGAGATGACAGTAGCCCAAATTTCTCATTGTACATATGAGAAAACTGTGGCAGTGACTTGTCCGAGATTGTATCCTGCAGCGTGCTCTGCAGGTACCCCAAATGCTCAAGACGCCAGGTCCTACACAACATGGTAGTGATGCAAAATGAGATATTTCTTGTTCTCAAGAAGATCATTATCCA,N,no,no,N,0
chr10,15642097,15642452,CGGCCTGAGGGCAGAGTAAGACTCCGTCTCAGAAAAAAAAAGGAAAAGAAAAAAAGAGGTAATCAATTACTAACATTGCACAGACTTTAGCTTCCTTTTCCCTTCCTGCTGCTTTTAAATTTTTTCTCCCTGAAGGGAGTATTCCTGGGGAGAAAAGTTGACTCATGCCTCTGTCCTTCCTGGCTCTCATTTGGGACGTGTTTAGCCTTGGAAGGAAGTCAAAGGACTGGCTATGTGATGGATACATCCTCTATTTCCTTTGCCTCATCAAAGGCACAGCCTTTCTGTCAATTTTCCTGGTACTAAGGGTGGGAAGGAGACCTATGACTACCATAATAAATAGCAGTAACTTTCTA,"[[15642098, ""A"", [""G""]]]",yes,no,A->G,1
chr9,77921030,77921414,TCCTTCACAGTAGATTTATCAAAAGTACTGAGAGAATGAAAATTTCTTATTGAAGGTTCTAAAATAATTATAGGTATAAATGCAGTGTTTTATCAACAAAAGGCAAGGCTCACTTATAGGATCAGCATATCTAAAATCCCTGAGGAGCAAAGACTGCATCCATGGGGGATGTATTGATTAACGGGAAGGCAACGAAGTCTTTTGAAGACAACAAAGACATTTCTAACAAATTCCAAATAGATATCCCTTCCCTTGGGCTGGTAGCCTCAGCACAGACAGTCACACCCTGGGTGCAGGTCCAGTTCCTGCCTACAAGCTTTATGTAGGACAACTGCAGCATAAATTCAAACATGGGACAACACTCAGGTATACCAATCTTGTTTGG,"[[77921086, ""C"", [""T""]]]",yes,no,C->T,1
chrX,31309985,31310271,TAGATAGGGATTTGCAGGTATCTTTCCTCTAGTTAACCACTATTAACAAGATAAACAAGAAGGTCTGGGAGGTCATTAACATGTTTATGAAGTGGTCTATTAAGGTCATTTATTCCCTTCACATCCCCCAGGGAATAAGTCACAGACCTGCTGTTAATACCCTTTATTCTCTTTAGTTTCCTCTTCGTTGTCCTCTCTCTCTCTCTCTCTCTCTCTCTCTCCATATATATATATATATATATGTGTGTGTGTCTGTGTATGTATGTATGTGTACATATAGATATATG,N,no,no,N,0
chrX,72540233,72540703,CTTAATGGAAATACTAACCACTGTTAATTAGCAAAACAAATTTCAAGATGAAAAGTCTGTTGATTCTAAATATTCATTATTTCATTCTTTTATTCAAATTATAAACATTTATTGAAGACCTATTATGAGTCAGATACTGGACTGGTGAAAGAAAATGGTGCAGAATGCTCTGACCTGATGAAACAGTTTAGATGAACATAGATCAATAAATAGAAACGAGAATGACGTTAATAGAATTTCATTAAGCGGAGAACATACTTGATTTAACCTTGCACTCCCTCTAGTGGTTTTTTTTTTTGTTAAAATGTGAAGCTTATATAACAGCCCACAGTCTAGTAATGTTCAATATGCTGGAATCTCTGACATCCTGACTGCTTGACTTTGTGAGCACTGTAATCTCTGACTGCCACGTGGAACCTCTCACCTTCTCTCTCTCCCGGTCCTGATAATTTGATATCTGTCAAGATATTA,N,no,no,N,0
chr2,235085499,235085958,CATAGGGGCAGTTTCCTCCATGCTGTTCTCATGATAGTGAGTGAGTCTCATGAGATCTGTTGGTTTTTTAAGTGTCTGGCATTTCCCCTGCTTGCACTCACTCTGTCCTGCCGCTCTGTGAAGAAGGTGCCTTGCTTCCCCTTGGCAGTCTGCCATGATTGTAAGTTTCCTAAGGCCTCCTCAGGAATGCAGAACTGTGGATCAATTAAACCTTGTAAATACTCCAGTCTTGGGTATTTCTTCATAGCAGTGTGAGAATGGATGAATACAAGGCACATGCAGTGAAGGTGGCTGAAAGATTTCCATTTGGCCACTGACTTCACTTACTCTACTTTTCAGTGATCTGTGATGACACAGGAAGAAAGGCAAAACAAATCTGAAGACAAAGGAAGTCACATAATCAGGACACTCATGGTGGAATCATTGCATCGGCCATAAGCCCTGCAGTAGGGAGGCCACC,"[[235085566, ""A"", [""T""]]]",yes,no,A->T,1
chr15,89688011,89688470,CTCTTAGATCTTCACTGGGCTCAACACACGCAAGCTTTAGCACAAACTTCTTGGTAGTTTTAGACTTTTTCTGGAAAATCGGCTTAGTCTGCCCACCACAGCCACTCTGCTTCCTGTCATAATGCTGCTTTCCCTGGGCATACAGAGAATCCTTGCTCTTCTTGTACTATGTCACTTTGTGGGGTTGGTGCTTGCCACACTTCTTACAGTCTGACAGGTTTTAGGAATGTTCACCGTGTTTGCATGAGCATTATTGGCACAGAAAGCAAGGTATTATTTTATGAATGCCAGTGTGGTCATAAAGGTTATACAGATCATCAAGGAGGTTGGGAAATGAATGCTAGAGATCTCAGATCTTTTGGAATAAACATATCTTAAATTATTATTATTATTATTTTTCGAGACAGAGTCTCGCTCTGTTGCCCAGGCTGGAGGGTAGTGGTGCGTTCTTGGCTCTCTG,"[[89688040, ""T"", [""G""]]]",yes,no,T->G,1
chrX,48766565,48767049,ACATGGCAAAACCCCATCTCTACTAAAAGTACAAAAATTAGCTGTGCATGGTGGTGCACGCCTGTAATCCCAGCTACTTGGGAGGCTGAGGCATGAGAATTGCTTGAGCCTGGGAGGCAGAGGTTGCAGTGAGCTGAGATTGCACTACAGCACTCTAGTCTGAGTGACAGAGCAAGACTGTATCAAAAAAAATCAAACAAAAATGTAAATGTAGAATAAAAGCATTCTTAGTCATACGAAGTCTTACAAAATTTCCCACTTGCTTTGAAAATTACCTGAGGCTATGCTATATCAAAATGGGGGAGTGGCCGGGCACAGTGGCTCACACCTGTAATCCCAGCACTTTGGGAGGCAGAGGTTGCAGTGAGCCGAGATCGCATCACTGCACTCCAGCCTGGGTGACAGAGCAAGATTCCATCTCAAAAAAAAAAAAAAAAAAAACCAACATTGGATGACTATGAATCTGGGAATATGGAAGACATGGA,N,no,no,N,0
chr4,118535633,118535941,TGTTGATCTGTGACCTTACCCCCAACCCTGTGCTCTCTGAAACATGTGCTGTGTCCACTCAGGGTTAAATGGATTAAGGGCGGTGCAAGATGTGCTTTGTTAAACAGATGCTTGAAGGCAGCATGCTCGTTAAGAGTCGTCACCACACCCTAATCTCAAGTACCCAGGGACACAAACACTGCGGAAGGCCGCAGGGTCCTCTGCCTAGGAAAACCAGAGACCTTTGTTCACTTGTTTATCTGCTGACCTTCCCTCCACTATTGTCCTATGACCCTGCCAAATCCCCCTCTGTGAGAAACACCCAAGAAT,N,no,no,N,0
chr10,124896890,124897122,TCCACTAAGCTGATTACCTAGCACAGATTCTGTCTGACCTCAAAATCCGCCAAGCAACAGAAGGCTGCCCCTGTAGCCTGCTGTGTCTGGGAGGGGACAGGGACAGTTTCCTCAGGGAATGCACTGGAAATGTTATTGTTAGACTAACCAAACTTCATAGCTCCTGTAAAAGTACCTTTGTAAAAATTCCCCTCTTTATCTGCCCTTCCCTGATAACCCTGCTGGGGTTTCTC,"[[124896923, ""T"", [""C""]]]",yes,no,T->C,1
chr5,74368618,74368867,GCGAGCATCTCCTGACACTTTGTACCTAGGCACCTCTCTGGCCTCAGCCTAGTCCTGACCCAGATATAAAATCTCAGGGCTCTCAACCCTGCCTGCACATTAGGATTTCCAGGGAAACTGGTTTTGTTTTTGGTTTGTTTGTTTTTTTCCAGACAGAGTCTCACTCTGTCACCCAGGCTGGAGTGTAGTGGCATGATAACGGCTCACTGCAATCTCTTCCTCATGGGTTGAAGCAATTCTCCTGCCTCAG,"[[74368625, ""C"", [""T""]]]",yes,no,C->T,1
chr10,129763326,129763539,ATCTTAATAGTCTGAAACCTGCCACCAAAATTCACACAAACAGAAGCAGCGTTCCCTATTTCTAACGGTAAAAATAGTGCCTATTTGGTAAGTCACCTCTTCCCCATCACAGCATGCTAAGGTGAGGACCGGTCACAGCTGTCGGGGTCATTGTTATTCCGTGCCATCTGTCCTGGCCTCTGCATTGATGTACAGGAAGAGGGAGAGGGAGACA,N,no,no,N,0
chr13,32910566,32910959,TCTTTTCCTCCTTTTAATTGATTTCTCTAACCAGAGCTAGTATGAGTCTGAATGAAACATAGGCAGCTTACATTTTCTCCATCCGTCATAATCGATAACCACTTCCTTATAAGCTGTCGTAACTTCAGGCTTCTATGGCAACTTTCTTGGTGGACCTACAAGAATTTTTAACAGTTTGAAAACCAATCTTAAAGGTTAGAAAGGGTGACTCACACCACTTTTATCGTATAAATGCCTTCTTTATTCCTTGAGCCAGGACAACTCAAGTAAATCAGGAAATAGGCAAGAAAACAAAAATCACTCATTTGGAGATGATTACTCTGAAATATATGTCTTAACTATGCCCCACACTGAGACATCTTTTTGAAAAGTGTTCTAGTTAGTTCTAAATGAA,"[[32910790, ""T"", [""C""]]]",yes,no,T->C,1
chr2,98959854,98960108,ATAAAGTCAAGAACTAGATGATCGTGAGACATGTTCCTGATTCCATGGCTCTATTTGTCTAAAGGCTGTTATCGTGAATCACAGACATGCACAGATGGAGTTAATTAGCTGCCCTTCAGCTAGGCTTACCTCCAATTGCCCAGACATTGATGGAAACATCATTAAAGAAACCGACCTTTAATTGCAATCACTGAGATTCCACAGCCTGTTAAGAAAACTGAGGAAGCAGAGGGATTTCCGTCACATCAAAGAGTC,N,no,no,N,0
chr22,23806030,23806325,AAGAGGAAATGTTCAAGTTGAAGAGGGAGCTCGTACTCAGCTTTTATTTGGTGAACGTTGCTGGGAGTTGGGCGTGGCTCTGGGCCTTTTTAGAACCAGGCAGAATGAGACGTGAAAATCATTTGCATACTCAGTGTGGTCAAGATTAGCAGCAGCCTGTGGCTCTGAAGAAGTAGAATCACACGTGGTCCTGGAATCTGAGATTTCCTACAGCCCTCAGGAAGAGGGCACAGTATAGTAAGGAAGACCAGGATCGTCCATGAACTCCACAGTGAGTTTCACTGGGCTGTTCCTCC,"[[23806086, ""A"", [""G""]], [23806174, ""G"", [""A""]]]",yes,yes,A->G,2
chr5,775656,775942,GGAGGTCTGGGGCCTGGGTGGGAGCTGCTCCCTCTAACCCTGGAGACGCCGCCCAGGAGTCCAACGTGCTGTGACTGCAGGATGCCCCTGGCAGGGGCCATGCTGGCTCAGATGCCTCTCTCCAACCCCTTCCTTCCATGCCCTCGGGGCACTGGCATCCAGGGAGCTGTGAAGGACACGCTGTGTTGCAAGCTGACTGGGAAACAGGTTGGAGGGGTGGGGGCCGAGGCGCTCAGCAGTATTCAGGCATCTCTCAGCTGGTGACAGGAGCTGTCCCAGGCCCTGCA,"[[775661, ""C"", [""T""]]]",yes,no,C->T,1
chr10,29506555,29506784,TGTCAGAGGCCACCTGAGAGCTAAGAAAGCCCCAGTCCTGCTGGGGAGGCAAGGCCCTAGAGGGAGGGGACAGAGGCCCTAGAGGGAGGGGACAGAGGCCCTGGAGGGAGGGGACAGAGGCCCTATGAGGGAGGGGACAGAGGCCCTACGAGGGAGGGGATAGAGACTCTACGAAGGAGGGGACAGAGGCCCTAGAGGGAGGGGACAGAGGCCCTAGAGGGAAAGGACAG,"[[29506603, ""A"", [""G""]]]",yes,no,A->G,1
chr5,33785616,33785950,TACTACTACAAACCCATTTAAATAGCTATAATCTAAAAGATTAGCAATGCCAAATGTTGGCCAACATATGGAAAAACTGAAACCCTTGTATGTTGCTGTTGAAAATGTAAAATGGTACAATTATTTTGGAAACCAGTTGGGCAGCTTCTCAAAAGACTCACATAGACATTTCATATAAGCAAACAATTCCAATCCTAAATATTTACTTAAGAGAAATGAAGCGTGTATTCACACAAAGATTTGTGTGCAAATATTCATAGCAGCATTATTTATAATAGCCCCACATTAGAAACAATCCAAACATCCCTCAGCTCATGAATGGATAAACAAAATCT,"[[33785677, ""T"", [""C""]], [33785774, ""A"", [""C""]]]",yes,yes,T->C,2
chr16,34158692,34159019,AACACAAGCCACCATCCACCTCACTGCTTTGGGGAGAGAATAATGAGTCTCTTACCGACTCTCTCTTGAGAGAGTCCTCCGCGGTGGGGACCGAGGGCGGCTCGTCACCTACTGTGTGGCCCGCGCCTCCCCCTTCCGAGTCGGGGGAGGATCCCGCCGGGCCGGGCCGGCGTCCTAGCGGTTGGGAGGCTGCGCGAGCGGTGGCTGTGCCAGGCGTTCCGTCCGGCGCGTGACCCGCTCCGCTGCGAGCCGGCTCTCCACCCGCTCCCCTGAGGAGCAGCGACCGGTGCCGACAACCGCGTTTGCGTGGCACGGGGTTGGGATGCCT,"[[34158722, ""C"", [""G""]], [34158733, ""G"", [""A""]]]",yes,yes,G->A,2
chr8,121583077,121583436,TATTACTAGTTACAGGTTTCTTGGCAACTGAGCTATTTTTACCTAGAGAAGACTAAAGAGGAGGTGATGGATATTTAAATGACAGAGTCCCAACTGTTTGGAATTATGAGTCCATGTCCTTGTTTAATGTCTTCCGGGACAGCTGCCACCTGCTGTAACAGCTCTGGAACTCTGCTTTTAACCCACCAGATGCTTTCTGAATGCCTGATACACAAGGCCTGTGGAAGCTGGTGGGCAACCCATGCCTTGTATATATAAGACGCTCAATAAATGTTTATCAGGCCAGGTGAGTTGCCTTACGCCTGTAATCTCAGCCCTTTGGGAGGCCAAGGCAGGCGGATCATTTAAGGTCAGGAGTTC,N,no,no,N,0
chr13,93147967,93148336,AGTGGTAAGAGAAATGAAGCGGGTTCCACTTTCTTCCGTTTTCCGCTCTCCTGCAGAGAAGAAAGATGTATTTCAGGAGATCTATTGCTTGGTGTGAGAGTTGCCTACTAGCAAGTGGTCAGCATGCAGTGATGCTGGAAAGAGTGAAGAGGAACCACAAGTTCTAAGCACTAAGGCGAAGTGCCAGAGAGAAAGACTGAACCTCCTGCTTATTCACCCCATTTAGAAAAAGCTGTCTTCTCATTTATGCAGCCACCAGACACCTGAAAAAATGCTCATCATCACTGGTCACCAGAGAAATGCAAATCACAACCACAATGAGATACCATCTCATGCCAGTTAGAATGTGGAGGATGTGGAGAAATAGGAA,"[[93147968, ""C"", [""G""]], [93148276, ""A"", [""C""]]]",yes,yes,C->G,2
chr1,214664724,214664970,GGAATACGGGTCATAAGGAGTATATGGGAGTATAAGACGTCCAGCCCAGTGCCTCCTACATTCTGTGTCCCCATTAAACCACATCATCAAGGATACAAGTATGTGGTATTTCCCAGCTCACTTGATGATGATATAGTTTTGAAAGCATGCAGGCATTATAAGCCATGTCAGATCCAAAAACATTTGAACAAGTTCTTACATCCTTGAATCAGGGTAAAAAAGTTTCCCAGGGCATGCGCTAGTAAAA,"[[214664753, ""A"", [""G""]]]",yes,no,A->G,1
chr1,177334353,177334637,AGACAAAACGGTCTTTCCAGATGAAGCTGGCTGGCAATAGGAAGAGTGGTGTCTGTGGGTCATAAAGCACAGTGTCTTTACATATTTCCTGCTGACAGGCACTTACTCTGCATGCCAATTCCATGTGCTAATGTCATTCTATCTGTCTCCACTGGGGTTTAGGTCTTTGCTGAATAACTGCTTCATGTAAGGTCTTTGGTCGAGCTAGGAAGAAAGAGTACGCTGGCCTCAACACCTTCTCAAATGATTTTATGTTTTTGTTGGCTGTTTCTAAATGTTTCATTT,"[[177334430, ""G"", [""T""]]]",yes,no,G->T,1
chr12,102401922,102402266,GAATCTCGTGGGTTAGAATTGGTGTGCTTCTTGACGACTTGCTGCTGCTTTTGAGGAGGCCAAATTCGGCAAATATAAAGGTTATGAAGGGAGGTGGTGGGTATAGACTAACAAGATTATCAGACACTGTAAAACAAACAGCCCGAGTTGTGTAGAAAGAAGTGCAAATAAGGAAACAATTCATAAACCACTTAGACAAGGTTGCTGAATGAATGGCTCCAGCAGCCAAGATTCAGAGAGGAATTTAGTGCAACTGGATCTATACAACACCCATGCATTTGTGGCTCTTGAGAGGCAGGGACTAAGATATATATATATATATATATTTTTTTTCTTTTCTATAGA,"[[102401928, ""T"", [""C""]], [102402246, ""T"", [""A""]]]",yes,yes,T->C,2
chr9,12101966,12102251,CTCAGTGGGGACTCTGTGTGGGGCCTCAAATCCCACATTTCCCTTCCACATTGCCCTAGTAGAAGTTCTTCATGAGGGCTCCATCCCTGCAGCAGACTTATGCCTGGACATCCAGGTATTTCCATACATTCTTTGAAATCTAGGCAGAGGCTCCCCAGCCTCAACTCTGGTATTCTATGCACCCATAGGTCCAACATCACATGGAAGCCACCAAGGCTTGGGACTTGCACCCAATGAAACAAGAGCATGAGCTGTACATTGGTACCTTTTAGACAGGGCTGGAGCT,"[[12101970, ""A"", [""G""]]]",yes,no,A->G,1
chr13,77933300,77933585,AGGCTGAGTCCGAAAAGAGAGTCAGCGAAGGGAGACAGGGGTGGGGCCGTTTTATAAGATTTGGGTAGGTAAACGAAAATTACAGTCAAAGGGGGGTTGTTCTCTGGTGGGCAGGAGTAGGGGTCACAAGGTGCTCAGTAGGGGAGCTTTTGAGCCAGGATGAGCCAGGAGAAGGAATTTCACAAGATAATGTCATCAGTTAAGGCAGGAACAGGCCATTTTCATTTCTTTTGTGGTGGAATGTCATCAGTTAAGGCAGGAACTGGCCATCTGGATGTGTACGTGC,"[[77933373, ""G"", [""C""]], [77933407, ""C"", [""T""]]]",yes,yes,C->T,2
chrX,11900424,11900759,TGGGTAGGGTTATCTGACCTGGCAACTGTTTCTGTATTTGCACTGGCAAGGGGTCGTCCCCTCTTTCTTTTCTTCTTCAGCACTTGTGGCTGATTCTTCTGCTCTTGTGGTTGGTTGGTCCATATCTGTGCTGAATGTCTGTGGTTTGTCTGTAATCTCAGCCATGTTGAAGCCTTCTAGTGGTCTGTCCCAGGGAGCTCCCCCTGCCTATATATACCCTCCCCTAGGCAAGGCAAAGACACACTCTTAAGCTGTGCTTGGTCATCCAGGCACTGCTGCAGCCAATGGTAGCCCTGGAGTGTCTTGGACATCATGAAACACAACCCCGACACCTCC,N,no,no,N,0
chr10,94757905,94758194,CTGTCTGTTCTCAGAGCTCAAACACTGTGCTGGGAGAGCCACTGCTGTCTTCAAAGCTGTCAGACAGGGATGTTTAATTCTGCAGAAGTTTCTGCTGCCATTTGTTTAGCAATGCCCTGCCCCCAGAGGTGGAGTCTACAGAGGCAGGCAGGCCTGGTTGAGCTGTGGTGGGCTCTACCCAGCTTGAGCTTCCTGGCTGCTTTGTTTATGTACTCAAGCCTCAGCAATGGTGGATGCCCCTCCCCCAGCCAGACTGCCACCTTGCAGTTCGAACTCAGATTGCTGTCCTA,"[[94757982, ""G"", [""T""]], [94758152, ""A"", [""G""]]]",yes,yes,G->T,2
chr2,235832543,235833021,TAGAATGGGTGACATTTTATAAGTTATATATTGTAGACATTCTAGACTTCGTTGCAGCTAATAAGCATCCAGGAATCTGTGAAGTTCTTATGAATGATAATTCTCCCCATCCTGTGTCAGTGCTAATAACATCTGTAATTAACAGCTAGGGAAGTCGTTGCCTGTTGGCAGCTGTGCTTATTGGCTGAAGTGACCACGTGCAAACCAAGCCTGGCTGAGCCTTGGGAGTGAAGGGATGTTCAAACCCACAGACTAGAAGGCAGGTGGGCAGCTGGCACCCAGATCCCATGGATCAATACCATGTGTGTGAGAGAGAGGGTGGGAGAGCCTAGCTGCCAGAAGGAGGCTGGTCTCTCCCCTGCTTCATGAGTGTACAACAGGAGACTGGCAGCCCCAAAGCAGCTAGTATCCTCTGCCACTGCCCTGACCGAGGACCAGGGCCTTTGGCTCTGAGACTGTGTGACATCTGATGGCCAGGG,"[[235832593, ""A"", [""G""]]]",yes,no,A->G,1
chr12,119011297,119011588,TTGTCACTACTGACATTTAGGGCCAGCCAGATAATACTTCCTTGTGGGGAGCTGTCCTGTGCACTGCAGGATGTTTAGCAGCATCTCTGGCCTCTACCCACTAGATGTCATTAGCACCACCCTCCCTTTGGGCTGTGACAATCAAACATGTCTCTAGACCTTGCCAAATGTCCCCTGGGGAGCAAAGTTGCCACTGGTTGAGAATCACTCATCTAGAGATACATTTCCATCTACCCCTAGATGATCTAGTCAGAAAAATCTGAAATGCTGAAAACCTCAGGACCATTAAGAC,"[[119011300, ""G"", [""T""]], [119011457, ""G"", [""T""]]]",yes,yes,G->T,2
chr1,23544067,23544404,GATGGCTTGAGTCCAGGAGTTCAAGGCCAGTCTAGGCTACCTGGCGAGACTCTGTCTTTACAAAAATATTTAAAAATTAGCTGGGCGTAGTGGTATATGCCTGTAGTCACAGCTCCTCAAGAGGCTGAGACTGGAGGATCTCTTGAGCCCAGGAGGTCATGGCTGCAATGAGCTGTGATTGTGTCACTGCATTCCAGCCTGGATGACAGAGGGAAACCCTGTCTAAAAAAAAAAAAAAAAAAGCTAATAGTTGCAAAGCAAGCACATTCATGCCCGATCTGCTTAATTATCACAACAGCCCTATGAGGAAGCCACCATTAGCCCCACAGAACAGATGA,N,no,no,N,0
chr4,107312373,107312714,TTTCAATATTTCATACTTGACAACATTTTGAGGTATTTACATAGTTCATCATGATTCCGCCTTGCCTAGGTATAGTACATGATAGCTTGATGTCTTTTTTTTGGTGATTTTTAACTGGGAATGTTTTGCTTGACCACGTAACTATAATCTTGTCTCACATCCTTCATACTCAGCTCTGCCCAGTGCAGCTCAGTCACAAAGAAGCTGTGGTATGAAATGTGAAGATCTGGACTTGAGTTTTAAATCAAATTCTTTAGTAGTTAAATCAACAGAGCTGTATAAGTTCCATGGGGCAAGGACATCTTGGTACCTCAATCCTAGCGCCTAGAGAAGAGAATAGGC,"[[107312417, ""C"", [""T""]]]",yes,no,C->T,1
chr1,166113474,166113843,GACTAAGCATACAACTAAATTTATTTTCACTGGGGTGTGAATGCCCATTAGGATTTACCCTCCAAGGATATCTGCAAACAAATGATGCTCAAATTAGTGGGATGTGTATGTGGCATCAGAAGTTAAGGAATCCTGAAAATTCCTCCAGCTGGCTGGAAGGACTGGAGCCACACCTGCCACCCTTGTGCAAGGCATGTCCTGCCATAGTGTCCCAGCTGGCTTTCCCTGAACTCTCTTAAGTATTTTACCTTAAGCAGCCCTGGGCAGCAATGAAAGGGTGTTTCCTGGGACAGAAGGGAGGCTGAACAGGCATAGGAGATGGGCCAGTGTGCAGATGGGTGTACCTCTGAGACCAACAGGCCTCTATTCA,"[[166113658, ""C"", [""G""]], [166113720, ""G"", [""A""]]]",yes,yes,C->G,2
chr1,199006657,199006877,AACAATAAAATACCTATGGAAATTTTTTTGTTTATGTTTGCTTATGGTCAGTCTCACCAGGTAATGTGTCATGAATTCATTGGTTCCTTTTTTGTTTCCTGGAGACATTCATTCCTTAGTCTTCATGCTCTCAATAGCCTTGGGGTTTCTAGACTTGAAGAATGGCTGATGTCTTAGGATTTCCCTTCAACATTATTCCAGGAATTCTTTTCAACCTCTCC,"[[199006681, ""G"", [""T""]]]",yes,no,G->T,1
chr10,23088631,23089004,CCATGTTCATGCTTTTACCCACTTTTACTGTCAAGTATGAACTATTTTGTATTCTACTTTTTTCTCCTTGACATTATTTCATGCAGACCATTCCATAAATCCAGGTAGTCTTCATATTTGACATTTTAATGGCTATATAATGTTTCATTGTATTGCTATGTCAAGATTTACTTAGTCATTTCCTGGCTGTTAATGACTCTGGATTCATCTGCCATTATGAAAAGCATAACTGTAAACTTCTCTGCAAAACTGGAGCTTTCTTTACTATTGATTTTTTCCCTTGGGATTTGCTCCACAAAGCCAATTTGCCAAATTGTCATCTTTAGTACATGTTGTCAGATTTCTTTCCAGAAAAAGTATGACCCTATTTCTAC,"[[23088637, ""G"", [""T""]]]",yes,no,G->T,1
chr14,81485390,81485729,CTCAGCCTCCTGAGTAGCTGGGATTACAGGAGCCTGCCACCATGCCCAGCTAATTTTTTTTGTTTTTTTTTTTTTTAGTAGAGACAGGGTTTTACTATGCTGGCCAGGCTGGTTTCGGTTTCGAACTCCTGACCTCAAGTGATCCTCCTGCCTTGGCTTCCGAAAGTGCTAGGGTTACAGGCGTGAGCCACAGTACTCGGCTTCATGATTTAATGTTCATGGGAGATAAACAACATAGGGAGGTCCCTGGGTGAAACTCTTATCTTAGAATTAATCACTTACCTTGAGAGGCGGCCCTGTTCCAATGTAGCAAAGCTCTGGGATAAGTTTCATTCTCACC,N,no,no,N,0
chr1,63766920,63767337,AGAGATCCTGTCTCACAGAAAAAAATAAAAAGAAAGAAAGAAAACCAGAGCCTGAGTGTGGCTTGCATGCAGTCATCAGTGGTTGAGGGGGTCACACACTGAGAAGCTGCTTCTTCTGTAAGTCCCTAGAGCCCACCTGCAGCCACAGGGTGGGAAGAGTACACACAGAAGCTGCTGCTTCTTTGCAAGCTCCACATTGCCCACATGTTTTGAAGGCCTCCTGCCCACACCAGACTTTCACTGCATGCCCATGCCATTAGTTGCTGCTCCCCAGCTAGAAATTTAGGAAATTCCCTTTGCATTTCTCCTGAGGGTGACCTATCATTTGCCTTACTCTGGCGATATCGGCAAACTCCCTTACTGTCCAGTGGTTGACCATGCCTTCTCCAATGAGGTCTGAACCCTTTCCAAGTGTGTA,"[[63766925, ""C"", [""T""]]]",yes,no,C->T,1
chr3,38728466,38728738,CAAAGCTTTTTCAGATAACCCAGAAGCCTTCTCCTTTCCCCAGGAGACAGTGCCCCCAGCAGGGTTCACCACTCACCACCAGGTTCCCTAGCACCATCACCGTCAAGAAAAGGATGAGGCATATGGATTTTTGGCCAACTTCCATGCAGGCCCACATGTTCTCAATCCACTCTCCACAGAGGATACGGAAGACAATGAGGAAAGAGTGGAAGAAGTCGTGCATGTGCCAGCGGGGCCAGTCTTCATGGGGCGCGGAGATATTTTTTCGGTTGT,N,no,no,N,0
chrX,128733109,128733433,GGAGTCTGGCTGATTGCTAGCACAGTAGTCTGAGATCAAACTGCAAGGTGGCTGCGAGGCTGGGGGAGGGGGGCCCGCCATTGCCCAGTCTCGCTTAGGTAAACAAAGCAGCCAGGAAGCTCGAACTGGGTGGAGCCCACCACAGCTCAAGGAGGCCTGCCTGCCTCTGTAGGCTCCACCTCTGGGGGCAGGGCACAGACAAACAAAAAGACAGCAGTAACCTCTGCAGACTTAAACGTCCCTGTCTGACAGCTTTGAAGAGAGCAGTGGTTCTCCCAGCACGCAGCTGGAGATCTCAGAACGGGCAGACTGCCTCCTCAAGTGG,N,no,no,N,0
chr5,153502027,153502350,ATACTGCTCTGCTGAAATTCTGTCCTTCTGGTCAGCCCTAGCTCTTATTTTACCTTCTTCACTGAGCCTTTTTTCTCTTTCATATTCACATGCTCTTCTGCCCTTCAGCTGTTTTTACCATCTCTCTAGCAATGGTCACGCTTATCCCCAGGTTTTACTCACCTTGTCACTTGAACATGTGTCTTACCTGCCCAACTGGACTAAGCAATGTGAGGTCAATGACCTTGTTTACTTTAGCTTCCCATCACAGTCTCCACCACAGTATAGTGTTCAGTGGTGCTAGATGAATGAAAGAATAGATGGCAGTGACAAGAATAAGCCTGA,"[[153502151, ""C"", [""T""]], [153502204, ""C"", [""T""]]]",yes,yes,C->T,2
chr14,69959967,69960247,TAGAAACGCATCTTCCTGATGTCACCCCTGTAGACTCGAGTTGTGTGACTAGCTTGCCCTGGGAACACCTTGGTTTACCGTCTGGTTTTTCTTCTTTCACATTCCCAGCAAGTACTGAAGGTCTGGATGCTTGACATGAACTGTGAAACTTTGTTGGCCTGGACTGATGAAACATTGGCAGGCTGAACATCCTCATAGGGTGGAAGGGGTTTGTCCTATCTTTGATGAGCCTGGGAGTCTAATAGGAGTTCAGGGGCCAAGGGCCTTTTTGTCTTCATGTG,"[[69959986, ""C"", [""T""]]]",yes,no,C->T,1
chr17,72707486,72707813,CCCAAGTGAGAATATGTATACATGTATAGGCAGGGCGACACTGGTGGTACTGCAGGGCAGACAGGAAAGCAAATAAAGATCACTTAAGGAGGAGAAATATTGAAGAACTCCTGTGTCATCAAGCAACTATGAACACATCATCATCTCCACATTTACGAGTTGCACAAAGTCCCGATCATTCCCTCTGGCACCCCTACATCCACATGGGTACACATCCTTGTTCTGTTATATTAAGTCAGGGTTCATCTTGTTTCCACCAAAGAGAAAACGGTTAGGAAGGCAAAGCGTACGGCATGGAATAATAATTGCCAAGCAAAAGCCAAAGTTC,"[[72707521, ""A"", [""C""]]]",yes,no,A->C,1
chr17,7972174,7972505,TAGTGACTCACCAGCCAGAAGGGCTCATGGGTAGAACCTTCAAGACTCAGTAGGAGACTCCAGCACCAGCATCTCCAGCTAAGTTGAATTGTCTGTGTGGCCAGAAACTGCACTACCAAGGCCAAGGCCAGAGGGTGGGGCAGTAGGCTCTGTAGGGAGAGCAAAAGTCATGGTGGAGGCCAAGAGGCAACTCTCCAGGAATTCCTTTTCCCTGAGGAACTAAGTCTAAGAGAGTCATGGAAGTAACTGATCCCTCTAGCAGTGACACAAATATTGCAAGAGAGTCTTAGAGTCAAAACCCAGAAGCCATAAAAAGACTGATATATTCCACT,"[[7972203, ""T"", [""G""]]]",yes,no,T->G,1
chr11,101296927,101297196,GCTAGAGGGAAAATCTAGGGCTCAAGGCTGCTGTTCAGATTTTTTTGTCCCACAGGGTGTTCCCTTGACATAGAACTCTCCCCCTTTTCCTAGGGATGTGGCTTCCTGAGAACTGAGCTGTAGTGATTGTTATCTCTCTTCTGAATCTAGCCACCCAGCAGGTCTACCAGGCTCTGAGCTGGTACTGGGGATTGTCTGCACAGAGTCCTGTGAGGTGAATCATCTGCAGATCTCTCAGCCATAGATACTAACATCTGCTCTGGTGGAGGT,"[[101296929, ""C"", [""T""]]]",yes,no,C->T,1
chr12,88092683,88092958,TGACACTTCAACTTTTAGTTCCATTTCATTCTTCTCTAATTCTAGAATCCGTTGCCTATAAGCATCACTTACTGCCTTGCTCACACTATCAGCTAATTCATCTCTTAACATCTGTTCCACCTTCTGTGCATCCAAATTGATTTTGGTAAGCTAAGGAAATGTAACAAAAAATGTTCAGATACATCAATTTTTGGTGAGGTTTTCTTTGTAATTTAGCTTTTAAAGTACTGCAATCCTCTTTACTTGGCCTTAGTTCACATATTATATTAAGTGTGA,"[[88092742, ""C"", [""A""]]]",yes,no,C->A,1
chr12,55347601,55347837,CTGAAATTGTGGCAATAATCAATAGTTTACCAACCAAAAAGTGTCCAGGACCAGATGGATTCACAGTCGAATTCTACGAGAGGTACAAGGAGGAACTGGTACCATTCCTTCTGAAACTATTCCAATCAATATAGGGAATCCTCCCTAACTCATTTTATGAGGCCAGCATCATTCTGATACCAAAGGCGGGCAGAGACACAACCAAAAAAGAGAATTTTAGACCAATATCCTTGATGA,"[[55347642, ""A"", [""T""]]]",yes,no,A->T,1
chr3,156360125,156360470,GTTCATAATTTATTGTTAAATAAAAACAGCATATTACCATATTCAAAAATTATGTAAATTTTGTAATCAACTAGTCACATCATTGCATCGAGCCTGAGTTTCTCCCAGCTCTGGGGCTCTAGATACGTACATCCAGCTGCCCATTTATCATCTCTACGTGGATCTCAGACTTCACATATCCAAAACCAAACTCCTAACTCCTGACTCACCATCCCAACCTAGCCTGCCTTTCTGTAGCCTTCCTCACCTCAGTTAATGACAGATAATTTTTCCTCATGCTTCCAGTCAGGAAAGTCTAAACTTAGCTGGGCACACTGGCTCATGCCTATAATCCCAGTGCTTCGGA,"[[156360154, ""T"", [""C""]]]",yes,no,T->C,1
chr4,157167825,157168177,TCAGGAAGGTTACAGTTATGGTGGAAGTTGCAGGAAAGCTGGCATGTCAGATGGCAAGAGTGGGAGTGAGAGGGAGGGCAGGTGCTAGGCTCTTTTTAACAGTCAATTTTCACTTGAACTAACAGAGGGACAACTCATTCATTACCCCAGGGAGGACACCAAGCCAGTCATGAGGGATCTGGCCCCGTGACCCAAACACCTCCCACTAGGCCCCACCTCCAACACCGGGAGTCACATTTCAACATGAAATTTGGAGGAGACAAATATCCAAACCACATCAACCAGTTCCTATTTTTTTTTTTTTGTCAGACATTTTGCTAGATACAGAGTATAAATTGATAGGGACTAAAGCC,"[[157167852, ""G"", [""T""]]]",yes,no,G->T,1
chr4,127748858,127749351,TGGATAACAAAAATACAGGCAACCAGGGCATCACCAAAGGAAACTAATAATGCTCCAATAACAGACCCCAAACAAATGGAGATATACAAATTGCCTATGAAATAATTCAAAATAATTATCTTAAAGAATCTTAATGCAAGATAGACAACTGAATGAAAATAGGAAAACAAAACCATACATGAACAAAATGGGAACTTTAATAATGAAATTGAAACCATTAAAAAAAAAAAACAGAACAAAACGGAAATCCTGGAGCTGAAGAATACAGTGACAGAACTGAAAAAGCTCAGTAGAGAGCTTTAACAGCTGACGCAATCATGCAGATGAAAGTATCAGCAAACTCAAAGATAGGTCATTTAAAATTAGCCAATTAGAGAAAAAAATATAAAGACTGAAGAAAGCATAAGGAACCTATGAGACACCATCAAATGTACAAATGTGTGAATTATGGCAGTACACAATGAAGAAAAAGGGGAAGAAAGCTTATTTTTAAA,"[[127748869, ""G"", [""A""]], [127748871, ""C"", [""T""]], [127748872, ""T"", [""A""]]]",yes,yes,T->A,3
chrX,42422953,42423386,AGAGACTTAACGAACAGAAACCATGTCTGTCTCAGGCAGTGGTGAGACAAGATGGTGGATCCCCACACCATTATCCATCAGACCCTGTGCTCCATAGGGAAAGGGCATATGTGACTCAGAGGAATGTGTAGGACAATTGCCAAGCGCAAGACACATGGTAAGTATGATAACATCAAGGTTGTTTTAACCTAAGGGCAGGATTTATGGTAAGTACATGCTCTTATACAAGAAACAATAAACTGGAAATCTTGGAGGGCTTCCCGGTACTGAAGTTAATCAGAGGTCAGCATGGTGGATTAGCATCCAAGATGGAGTTGCTTTAGCCTCTGCAATATGTTTACCAAAAGACATGTTTTAGAACGTTCATAGCAGAACTATTCTTAATAGCTCCAAATTGAAAAGTATTCAAATCCTCCTCAACAGTAGAATGGATA,N,no,no,N,0
chr10,108184136,108184448,GAGTATAAAAGTCTGGAAAATTTGCAGCCTGACCATGTGATAGAAAAGAAAAGCCCATTTTCTGGGAAGAAATTCAGGTCAGCTGCAAGAATTTGCATGAGTAACCAGGAGCCAAATGTTAATTACCAAGACCATGGGAAAAAAATGTCTCCAAGGCATGTTAGAAGTCTTCACAGCAGCCACTCCCATCATATGTCCCAAGGCCTTGGAGGGAAAAACGGTTTTGTGGGCCAGATCCAGGGCCTTGCTGCTTTGTGCAGTCTCCAGACTTGGTGCCCTGCATCCCAGCCATAGAAAAAATGGGCCAACATAC,"[[108184188, ""A"", [""G""]], [108184189, ""A"", [""C""]], [108184317, ""C"", [""A""]]]",yes,yes,C->A,3
chr12,55624060,55624331,TGTACAGGTTTGTATCCTGGGAGCAATAGGCTGTACCATATAGCCTAGGTGTGTAGTATGTTATACCATCTAGGTTTGTGGAATTACACTCTATGATGTTCACACAATGATGAAACCACCTAATGAGTCATTCTCAGAATGTACTCCATCATTAAGTGATGTATAATGGTATTATTCATGACAGGATTATCTTACCTGATGGGGAAAACCCAATTATTCATTCCTAAAGAATAGAGTCTTTGGTGGTCTTACTCTACTGGTTTTCCCCTGCA,N,no,no,N,0
chr1,36574030,36574436,CAAAAAGGAATTTTCCATTGACTCATTCATTCATTCAACAAATATTTATTGATCACCTACTATGTGCCTGATCTCAGAGATGAATCAGACCCAGGTCCTGCCCCCACTATACTAGATGCTGTACAGGGGACATCCCATATGCTAGGGCCTGGTGGGAGCTCAGGGAGGGGATCCTGGAGGATGAGATAGAAAGGGCTTTTCAGCAGGGAATCTGAGCCTCCTGAATGAAGCTCAGCCTCCTCAGGGGACCACTTTGAAAGCCCAAACTTGTGAGATGTAGAGATATGAACAGATCGCATGTCTAAGCCCTCTCTCATCCCAACCAGGGAGGGCTTCCTGGAAGGGGCTTCCTTGAAGAATAAGGTTTGGATGTTGTGAGTGTGTTTGTGGGAGCAGGAAGTCCTGCT,N,no,no,N,0
chr10,84517742,84518047,CTCAGTACATCAGAGAGAGCGTGATCCCCCTACAGCTGTCACTTCCAAATGTTCCTGTAGCATAAATGGTGTTACAGACACTGAGGTGCACTCCTGGTTTCTGAGCAGAGTTGTCATACTGGTTTCCTGGTCTCTAGGGCACTGGGGATGTACTTTGAAATCACCGAACAGGCTTGCAATTAAGATCAATAAGGCTGCAGCACCATTTCAATTTACTTTCCATCTTACCCAGTAGTTTTTGTGTTTTTAAATTCGTTTGGGTGGTTATGTTTGCATGCTTAAGCACACATTTGAAAATTAATTATA,"[[84517835, ""T"", [""C""]]]",yes,no,T->C,1
chr10,67225282,67225567,CTATCCACTCTGGTAGCTGAAGACAAAGGGCATATAATCTTGGTAGTTCTAGGACCTGCACGCTGCCAGTTCCTCTCCATACTACCACAGCTGATGCTCTCTACAAAACCCCATCTCCTGGCAGGAGGCCAACCAGCACAAAAATAGAGCATTAAACCACCAAAGCTAAGAACCCTCACAGAGTCCACTGCACCCCGCTGCCACCTCCACCAGAACAGGAACTGGTATCCACAGCTGAGAGAGCCATATATGGTTCACATCACAGGACTCTGTGCAGATAACCCAC,"[[67225290, ""C"", [""T""]], [67225461, ""G"", [""A""]]]",yes,yes,G->A,2
chr16,87919680,87919992,TTGAGGTGGGGTTCTGCCAGGTAAACCAAAAAGAAGTCTTAAGACGGCTTACTGGAATTCCTCACTTGGAGAGCAGCAGTGAGATCCCAGGCTACAGGGACAAGAGAGAGGAAGGCAGGGGGCAGCGGCGGGTGGGAGATGGCTCATGCTGGCTCTGGAGCTGACTTTGCAAATCTCTTCCCAACTCCACTATCGGTGACTGCACCTTCAAAACTTGAACTCGGCCGTGCAGGAGTATTTGCACCATGGAAAGTGGCGAACACCACACATCACCGCTCTCGTCCCTCCACCCAGCCCCGGAAAGCCAGCTGCT,"[[87919773, ""G"", [""A""]], [87919776, ""T"", [""G""]]]",yes,yes,T->G,2
chr19,20359003,20359431,CTGGGCCTTTGGCCAGGCATGATGGCTCAAGCCTGTAATCCCAGCACTTTGGGAGGTCATGGTGGGTGGATCATGAGGTCAGGAGTTTAAGACCAGCCTGGCCAAGATAGTGAAACCCCATCTCTACTAAAAATAGAAAAGTTAGCCAGGCATGGTGGTGGAGGCCTGCGTCAGGCCTCTGAGCCCAAGCTAAGTCATTGTATCCCCTGTGATTTGCACGTATACATCCAGATGGCCTGAAGCAAGTGAAGAATCACAAAAGAGAAAATGGCCGGTTCCTGCCTTAACTGGTGACATTATCTTGTGAAATTCCTTTTCTTCGTTCAGAGGCTTCCCAACTGAGCACCTTGTTACCCCCGCCCCTGCCCACAAGAGAAAAACCCCCTTTGACTGTAATTTTCCACTACCCACCCAAATCCTATAAAATGG,"[[20359076, ""C"", [""T""]], [20359318, ""C"", [""T""]]]",yes,yes,C->T,2
chr7,4856786,4857024,TGGAAGGTTCTATAATAAACATTCACCAGATCATTCATGGCAAACAATGGCTGATAGGGATGGGTGAGAAATCCGGCCCTGGCCATCTGTTTACATATTGTCTATGACTGATTGCCCTCTACAAAGGCAGAGTTAAGTAGCTGTGACAGAGACCGGATGGCTTCACAAAGCTGAAAATATTTACTATCTGGTCCTTAATGCGAAAAGTCCACCAGCCACTACACCGGACTGTGTTCAAA,N,no,no,N,0
chr8,112530671,112530981,CTACACAGCAAACGTACAACACAAGAATATATAAAACTCAGTTGGGACTTTGCATTAGAAGTCCGTGTTGATCCTACCACAATGTAACACAGCATTGGGCAGAATTCCAAAGCCCTTGACTCCGAGCCAATACCCACAGAGGGAATACTTATTCTTACACCAGGCAAGATAGAAATCTGTAGCCACAGCCACGGCAGAAGGGCTTAAGCCCTAGCTGACTGAAATGGTCTTGGGCCTCAAATAAATTTCAGTGGCAGCAATTCTGTAGTGACCATGGTCTTTGGGTGAGCCCCAGTGCTGCAATGACCTGG,N,no,no,N,0
chr9,83574431,83574810,CATGGATCACTGATAAGTTCCATTCGAGAAGAACTCCATTTAATAGTACTCCATGACACAAATCTTTTCATCACCTTTAAAGTCCTAGGTCTGCTAAATGGTACTCCAGGGACAAGGCCATGACCATGCAGCTTGTTTCTTAGCAGAAACACTGAGGAATTTTCTCACCTTCTTTGTATCTATTTAAGGACCTTGGTTTGGGGCCACACGTGGGAAACTATTAATAGAATGTGGGGTAGGTTAGCAAGGTGGCTTTCTCTCAGATTACACTGGCTGATTGTCTCTGTACCTAAGGCTCTATTTTGGTCCAGGAAGCTGCATCCCTTAGTCCAACAGAGGACCTAGAAAAAGGGGTATCAGGAAACCCAGGACCTCTAAGA,"[[83574436, ""G"", [""A""]]]",yes,no,G->A,1
chr17,54884517,54884873,CATTTTCCCCAGCTTTGGTTCTAGCCTGTTAACTAAGGCTAAAAAGAATTCTCCATAATCCAAATTCTTTCTAAAGTTTTACACAGGCATGTATCCATTAATGACAAGGAAAAGTTCGGAGAAATGCATCATTAGGTGATTTCATCATTGTGCAAACACCACACAGTGTACTTACACAAACCTAAACAGTTTAGGCTACTATATACCTAGGCTAGATGGTATAGCCTATTGCTCCTCGGCTACAGACCTACACAACATGTTATTCTACTGAATACTGTAGGCAACTGGAACACAATGGCAGGTATTTGCACACCTAAACATATTTAAACATAGAAAAGGTACAGTAAAAATGCGGTA,"[[54884544, ""C"", [""G""]]]",yes,no,C->G,1
chr20,37550162,37550626,GATCATTCTTGGGTGTTTCTCAGAGAGGGGGATTTGGCAGGGTCATAGGACAATAGTGGAGGGAAGGTCAGCAGATAAACATGTGAACAAAGGTCTCTGGTTTTCCTAGGCAGAGGGCCCTGCCGCCTTCCGCAGTGTTTGTGTCCCTGGGAACTTGCGATTAGGGAGTGGTAATGACTCTTAACGAGTATGCTGCCTTCAAGCATCTGTTTAACAAAGCACATCTTGCACCGCCCTTAATCCATTTAACCCTTAGAGGACACAGCACATGTTTCAGAGAGCAGGGGGTTGGGGGTAAGGTTATAGATTAACAGCATCCCAAGGCAGAAGAATTTTTCTTAGTACAGAACAAAATGGAGTCTCCTATGTCTACTTCTTTCTACACAGACACAGTAACAATCTGATCTCTCTTTCTTTTCCCCACATTTCCCCCCTTCCTATTCGACAAAACCGCCATCGTCATCA,"[[37550354, ""G"", [""C""]], [37550598, ""T"", [""C""]]]",yes,yes,G->C,2
chr5,126119913,126120258,GGAGTATATAAAGTTTATAAATAAATAAATACTGTTTAGTTTATTAAATACTATTTATCTTTATGATGTACCACTATAAAGGCAAAAATACCCAACTGGAAATCTGTTATTCTTATTTACAAGCTGTTGCATCATCCAACTCTTGTGCACAGTCTGACAGCTCCTTGGCCCCATCTGTGTTTCCAGCCACGCTAACTGTGACCTTTTGAGTCAGGCTTCAACTTATTTCACACAAATGGCTCCTTACCTCAAGTGCACACCACCTTCAATGCCTTCCTGCTATACCCCAAGGCTTCTCTGATGCTACTGTAGTGCTCAAAACAAGTCAGAGGTGCCCCTGTGTGTC,"[[126119971, ""T"", [""C""]]]",yes,no,T->C,1
chr11,105700354,105700581,ATTGTGTTGGCAATTGCAAGCTGATGCCAGACACATATTGCTAAACCAGAGTAGATCATCCCTATTAGTAGTTCCAATCCCATGTGGCCCAATTATTTTCCTCCATATTTAAGCCTCACTGACAACAAAAGTGCTCAAATCCCATGTGACAACTAGGCAGAGGCTGGCAAACTTTCAATGAATCTATCTAATCCTGCATTGCATCTTTTTTCTTTTCCCTTATTTGTC,N,no,no,N,0
chr2,105709060,105709346,GATGAATCCTTCCTTTTCAACAGTTCAGATGCTAAAATTTGAACAAAGATGACAAGGGGAAATCACACCAGTGTTTTTCCCCATGAAGAGTACTAAGAAATGCAAAAGGCTTGAATCCTAACCATCTGGTTTCAAATTCTATTTCCTCCACTTACAGCCGTGGGATCTCCTTTAGGTCCTTTATAAAAAGTTTTCTGAGCCTGAATTTACACAGTTGTAATGTAAGGGTAGCAATGCTGCAGATTTTTTTTTTTTTTTTGAGAGTCTTGCTCTGTTGACCAGGCTGC,"[[105709102, ""C"", [""A""]], [105709296, ""A"", [""C""]]]",yes,yes,A->C,2
chr5,9176627,9177115,TGAAGCCCAGGGTCCCCTCTGAGGTTAGCTGTCCTGCTCTTGTTGAAAAAAGGGGCCCCAGTTCTTGCAGAGGTGACCCAGTTCCTATTCCCAAAGCTGATGGTGTCAGAGGTTGGCCCCTGACCCAAGGATGGCCACTCTGCCAGCTGACCAACAGCCTCAGAAGTGGCCTAGCCTGTAGCATGTGGCACATTCAGGATAATGGTGATCTGGTATTCAGGTCAGACTCTCCCTCTCAGGAATGTGAGTTAAAGAATGCACAGATGGGTGACCACTGATGGGGCAGCAGAAATATGTATCCTTAAAATATACCCCATTGCTTAAAATAACCCAAGGATTTCCTCACTGCCAGAATAATCTAATTGAAATTAGGTAGAATTTAAATAGAATTATCAGATAGGGACAATAATAAAGCCCATGCTTACCCAGCATGTGGGTGCCACTGTAACTGGACTGCTCCAGCAACACAACAGAATTAATCCCATAAAC,"[[9176692, ""G"", [""T""]], [9176780, ""G"", [""A""]]]",yes,yes,G->T,2
chr14,46659808,46660092,AGGGTACTGCAGGAGACCAGGGCATATTTCAGTCCTTATCTCAACCACATAAGACAGACACTCCCAGAGCAGCCGTCTATAGACCTCCCCTCAGGAATGTATTCCTTTTCCAGGGTTATTCCTTGCTGGGAAAAGAATTCAGTGATATCTCTTCTACTTGCACATCCATTTATAGGCTTTCTGCAAGAAGAAAGATATGGCTCTATTCTGCCCAACCATGCAGGCAGTCAGACCTTATGGTTATCTTCCCTGAAAATCGCTGTTATTCTGTTCTTTTTAGGGGTG,"[[46659854, ""G"", [""A""]]]",yes,no,G->A,1
chr2,31150206,31150557,TACCAACCCCACCCCTCACTGACTATGTCACTGCTGCAGCTCTGGTGGGCATGTGACTTTTGTTTGGCTGCCTCTATCTGAGCCACTTTCTATCTTGGGGGAATTCCCCCACTTTGATGAGAGACTGAAACAGCCTTTGCCAACAGAGTTGAAAAATACCAGCTACTTCGTTTCCTAGCCTCCCTTGCAGCTAAAGCCCGGATTTACACTCTGCCAATCAAGCCTCCGCACCAAACTTTTTACCTTAGAGCTGGTGAGACAAAAGAGAAGTGAGACTAGTGACAGAGTAAAGGTCTAATTCCTGGTGCAAAAGAAGCACAGTGCTGGCAGCAAGAGCAGAAGCAGTCCAGTG,N,no,no,N,0
chr7,53500144,53500479,CTTCTCAGCTTGCCTCTCCAGACATTAACACCTCTGCCTCACCAGTCAGTGTTAGGACAAATGGGGCCTAAGTGTTCTCAGTGGTAGTCATGTGAGATAGAGCCTCCATCTCACAAGTATGGGCTTGCCAGAAGAAGAGTCCTCTCACCTCTTGGGTGTACTTGTTCAAACAGGCAGCTGGGGGAAGAATGAGAAATGTGAGTGTTCAGCTCCTCTGAATAGTCAACCCTGGAAGAGGAGCTGAGTGTTGGCTGCATCAGTCTGGAGTGAAGTTTTCATTTTACTGAGCTTGGAGGGCAGAGAGAGGGTACATACGTTCTTGCATCCAATATCATA,"[[53500252, ""C"", [""T""]]]",yes,no,C->T,1
chr15,20191848,20192079,ACTCACAATTCCACTTCTCTCCTTCACCTCTCTGTGCTTCCGCTTCTCACTAGTTCAGCTGTTACCTCCACTTTTGTTTCTTTCTAATTCTACTCTGGTTCTGTAGTTGAGTTTCTCACAGTGGAAACTACCTGTGCTCTCACTGGTTGGGTCAGTGAGTTGCCTCCACTATTGGGCAGAATTCTGCTATTAGACCTCCCAGGGCCCATTGGTAAACCTAAGATTGTAAAAA,N,no,no,N,0
chr9,121966745,121967144,ACCCAGGTTCTAGTCTATCTCTTACTAGCTTTGGGACTTGGGGCAAGTTTCTTACCTCCCTCCAGCATAGCTTCCCCATGTATGATTCAGTGGGGCAGAACCATTATGTCCACAACTCAAACAGCTTGCCTCAACAGCTGGTGACTTATTTGTCACCATGAGCATGATTTTAAAGGAAAGCCTGATTGACCACTTGGTGACCCTAAGAACTAGCTGTTGTCTAATGCTCTCAGATTCCATGGGCCTTTCTCACACGTGTCATTTCATATCATGACCATGACAATCCAGCCAAGGAGGTACCTGGATTTCCATTTTACAGACATGATTAGGCCAAAGTGACTTTACCACCAAGCCCAGGGTGCCATGATCAGAGATTGAGAACATTATCCCAGGCCTGGCT,"[[121966755, ""C"", [""T""]]]",yes,no,C->T,1
chr3,52709391,52709688,TACAGTATGGTAATTAATAAGAAAGTATGGGGGAAGTCAGGTGTGGTGGTTCATGCCTATAATCCCAGCACTTTCAGAGGCCGATGCAGGAGGACTGCTTGAATGCAGTTTGAGATCAGCCTGGGCAACATAGACTTCCTCTCCACAAAAAATTTTAAAAATTAGCCAGGTGTGGTGGTGCATGCCTGTGGTCCTAGCTACTTGAGGGGCTGAGGTGGGAGGATCACTTAAGCCCAGGAGGTCAAGGCTGCAGTGAGCTATGATCACCTCACTGCACTCCAGGCTGGGTGACAGAGCA,"[[52709506, ""C"", [""T""]], [52709521, ""C"", [""T""]]]",yes,yes,C->T,2
chr6,82787837,82788103,TCTAAAATAAATAAATAAATAAAAATTAGCAGGCAATGTGGCCTTGCACCTGTTGTCCTAGCTACTCAGAAAACTGAAACAGGAGTATGGCTTAAGCCCAGGTGTTTAAGGCTGCAGTGAGCTATGATCATGCCACTGCACTCCAGCCTGGGCAACAGAACAAGACTTTGTCTCCAAAAAAAAAAAAAAAAAAAAAAAAGATAACTTTATTAGATCATGTCATGGGAACCTAGAAGAGTAAGTAAACAGTCTGTTTCAAACAGTTTA,N,no,no,N,0
chr16,60933649,60934015,TCAAGAAAAATCTAAACAAAAATATTTCCTTTCCCATAAATCATTTTAAGTGAAAATATTTTTGAAGTTTTACAAATTGACTTCTGATACTATCTGTAGGATAATGTCTGTGAATAGAGAAGGAAATAACGACTTTAGGCTTGTGCAGCTCCCTAGTGACAAAAAATCAATCACTTACATCCTTGCATGTAGTCTTTCTCCTGCTCATTGCACATACTGGTGGAGCAAGACAGCTATTAAAATCCATTAACCTGATATTCTTCTTTAAGTTGAGAGATGTGTCCAGATGATAGGATAAAATATTTAAGAAAAACGTTTACTAGAGAGTTCAGATGGTCTGTTTTGTCAGGTTCACCCTCACTCACTG,"[[60933706, ""G"", [""A""]], [60933810, ""T"", [""A""]]]",yes,yes,G->A,2
chr16,14205609,14206047,AAAATAATATTCTTTGAAAATGTTCAAATGTGAGCAATTGTAACATGAAGTCTGTTTATCTTTATTACTTATGTCCTTTGTTTCTGAAAGGATGTACACACTCAGTGTTTTGAACTGTTTAGTCCCCTGAGGATTCTATAGTTTGTACGTGTATCCTTTTCTTGCATGATGGCCATGGAAGATACTGTTACTCAACTTACTAAGAAGACGGAGGCTATGATGTCAACCCAATAGTATGGTTCATCTACTCAGCAAGGCACCGGGAGAGAATGCTCTTGGTTTCAGTTTTGACACATGAGGCCATTGCCAGACTGCCTCTGCTGCAGGAAAACAGTACCAGGCCAGTGTCTAGTCTTTGGTTGCAGCTACAGATATGAAATCTTGTCAACACAAGCACAATTTGTCAGGCAGTTGTGCAAGGCTGAGTGACATTCAGTGG,N,no,no,N,0
chr20,39717046,39717389,ATACAACAGCTGACTAGATAACGTGACATTGGTGTGAGGATGTGTGACCCAGACCACTGCTTTAGAGTGACCCAGAGTTGGCTGTGAAATTGCAAGGAGGCATCAAGGGGCAGGCACTCCAGATCCTGAGTCATGTGGAAAGTGTTGAGTCATATGGAAAGTGCTGACATCCAGGGGTGGGCCTGGGTGTACCACGAGGTCAGTACTCAGCTGCCCTCTGGATGCAATAAAGCCTGGACATCAATAATCTAATGATTCTTGACTTCATGGGAGTCAGTGGACCTGCTTTACACCATTTCTATGTCAAACCATGGCTCACATAAGGACGTCATTTAGTTAGAGAC,"[[39717067, ""T"", [""C""]], [39717293, ""C"", [""T""]]]",yes,yes,T->C,2
chr2,197695543,197695775,AAGGTCTCTGGTTTTCCTAGGCAGAGGACCCTGCGGCCTTCCGCAGTGTTTGTGTCCCTGGGTACTTGAGATTAGGGAGTGGTGACGACTCTTAACGAGCATGCTGCCTTCAAGCATCTGTTTAACAAAGCACATCTTGCACCGCCCTTAATCCATTTAACCCTGAGTGGACACAGCACATGTTTCAGAGAGCACAGGGTTGGGGGTAAGGTCACAGATCAACAGGATCCCAA,N,no,no,N,0
chr11,110784255,110784550,ACCATTAGTCTCATTAATTTAAATCACTTTTCTGTGCTGCTATTTTTCTATTCCCTATCCTTTCATTCAGAAAGCACATATGGAGGCTTCCATAAAAGTATGTCAGCAGCTCCTTTACTGAACCCTCTCTATGGACCCAGCACTGCCTTAGGCTTTATGAGACATGATTCTGGCACTCAAAGATCTCATATTCTAACTGGGATTAGTGGATGATATGGTTTGGAGCTATGTCCCTGCAAAATCTCATGTTGAAATATAATCCCCAGTTTTGGAGGTGGGATCTGGTGGGAGGTGTT,"[[110784278, ""G"", [""T""]]]",yes,no,G->T,1
chr2,50886101,50886325,CCTTTTTAAGTAGTCTACTGGGGAGTATAACAAACATACACTGATGACTTAATGTGAAACCAAACACAAAGGTGTTTACCCAAACACTTTTCTAACTGGCTAGATAACATGTACTAAAAATAAAGGCCCATAGAAATGAGGAGAATGAAAGGAAAAGAGGTGGTAGAAAAATAAAGATAGAAATTTACTTAATATTTTTCAACATATATTGTCAAATTTTTATCT,N,no,no,N,0
chr7,142347129,142347587,TGTTTCTCTGTCTCCTGAAGCAGAGTCCTGGGCGCAGATTTGGAACCTATTCGTGGGCTTGTTTGATCCCAGCTGTGACTTTCAGTACCAGGGGGTCCTTTGCTGTGACTTGAATTTGTGTTTTCTTTACTCTTAAGTTCCACAGATGCTGAGTGACCCAGACCCTGGTCATGCTCTTGTGCTGAAAGGAAACCAGCACACGGGGAGGTGAGCAGTATATGAAACAAAATCATGTATTTACAACCAGTGGCAAGACTTACTGGCAGGTGCTTTGTTCAAACACTGTTAAGAATTTGAAGATCATGACAGTAGAATGTGAAACCAAGTGCAGGGTCCTTCCAAATGCAGGCCTCTGTGCACCAAAGATAGACTTTTGGAGCTCATTTTTTTTAAACAAAAACGGAAACAACACTCTATGTTCATGGCTGTAGGCCATGCGAGAATATTTTTTTAAATTTT,N,no,no,N,0
chr2,11965970,11966243,CCTGCCTCAGCCTCCCGAGTAGCTGGGATTACAAGCATGCACCACCATGCCCAGCTAATTTTTGTATTTTTAGTAGAGCTGGGGTTTCACGATGTTGACTAGGTTGGTCTCAAACTCCTGACCTCACGTGATCCACCCACCTTGGCTTCCCAAAGTGCTGGGACTACCGCATGAGCCACCACACCCAGCCGATTTGTTAATATTTTGATGAGGATTTCTGTGTCTATGGTCAAGAGGATTATTGGTCAGCAGTTTTCTTTTCTAATCCTGCCTT,"[[11966073, ""C"", [""T""]], [11966198, ""T"", [""G""]]]",yes,yes,T->G,2
chr3,107085213,107085632,AATAAGCTACAAGAGGAGTCATAAATATTTACGAAAAAAGAAACCATGCACATGCCTCTTCATAGGTCACATGTTCAAAAAAAATGGCAGTGTTAGCATGATCTGAGGGTGGAGTTGTCAGCCCTCTGCTGTCAAAAGGTGAAGCAGAGAACATGTACATGCTTACCGCACATCCTCTGCACAAGTCAGCCAAAACCGGCCTGGAGATGGTGGTCAGTTTTTAGGAAGGAATGCATTGCGAGGAAGTCTGGTCATGCCCTCAGATGACTGGCTAAAGGCCATAAAGGAATGAGGCATCCATGTCTTGTTTTCTAAAGCTGGTCTCTGCTTACTCTTTAGGAAAGAATCCTGGTTGAAGGTTAATAAGGAAGGCATATCTGACCTCCCATCCTGTCATGGCTGGAAACCCAGTTTTTAAGG,"[[107085249, ""G"", [""A""]]]",yes,no,G->A,1
chr11,111570840,111571176,ACTTCATAATTTCCTGCTTTTCTACTAAACGTAATGGTGAATGTTTCCTATGTTGATAGATGCCCACGAAAACAACAAATCCTTATCACCTCATAAATTTTAAGAATCTGCTCCTGGATACAAAGATGTGTCATCCATTATGTGCTGCCAAGGGAATGAGCAGAGAAACCAGGCGAAGGAGAGAGCATGAGACATGAAGCCAGCCCCATCTGCCCCTTGGATTTATAGGCAATCACTTTAGTAATAGGTACAAGGTGGCCATTTATAAGGTTATAATGCATCTCCTAAATGGACAGATGTCCCAGCATCTTCCTGCTGATCTAAAACCATCAGTGAC,N,no,no,N,0
chr6,70370373,70370833,TCTTTAAGTGCCCTTCTTTAGGTTCTCACCTAGCAGTCTATAATTTTAGGATTGTGGAGAATATTAGCAATAATTAAACATGGCAGCCCTTAATCAATGGCATTTAGACAAGAAGATGATGCATTAAACATGCTGTTTTCACTGTCCTCCCCATCTTCACCCCTGTGCAGCCCTGTTAAGAATGAACACATTAATAATTTACAAACGCGCACATATGCTAATCTATTTTCTAAAGTGATGGAAAGATTCATAGTTTGCCAGTGTCCGTTCCAAACAGCATGATTTATTGAGGATTAAGGTTTAAGCTTATCCTCTCTAAATTCATCCTCAGTAATAAGATTTTGGTTCATTTGAATGTAAATGCTGCAGCTGAGTATCCAGAAGCTGCGTTTATTTAAATCCCTATCCAAGATATTACTGAACATGTTGCCTACATGTCTGACATAACTTTTTTGAAAGTA,"[[70370382, ""T"", [""G""]]]",yes,no,T->G,1
chr6,9020043,9020493,CATACAGCTTTTCTAGTTATGTCATCATATAGGAAATGAAGTACAAATGAATCTCCACGTCTTTAATTCTCAATGAACTTATTTTTATGAATCATAAAACCTGAAACAATTACCCAATATGGCTTTAAGAATCACAGAAATTTACTTGGCAGAGTACTAAATTGAGTCAGAAGACTATGTGGCCAAATACGTAAGAAAAAAATGTTGCAGTGGCCTACAATTAGAACATGGATACAAATATGCTTTTATTATTATTTTTAAAAAATTTTCTTTTTTAGAGATGGTGTCTCATTCTGTTGCCCAAGCTGAAGTGCAGTGACTCGATCACAGCTCACTGCAGCCTTGAACTCCAGGGCTCAAGAAATCCTCCCATATTAGCCTCCCGAGCAGTTGGGAGTACAGGCAAGAAAGATGGGATCTTGCCGTCTTGCCAAGGCTGGTCTTGAACTCC,"[[9020191, ""A"", [""G""]]]",yes,no,A->G,1
chr10,121134574,121134950,AGCTCAGGCTAAGCCAGAAGTAACCTCTGGACTTCCAGCTTAAAAATAAGCATAAATTATCTTCGGGCTTAAGATACATTGGTTTTTCTATCACTCGTACCTTCAAAAAGAGTCCCAACCAGTGGATCTTGCAGTAGGCATTTCCCTGGCTTTCTGGAGGATTTCTGAGATGACAGATGCTTCTCAGTGATTAGCTTTGCTGGTGGCAGGTGGAGCCATCTGTGCAGTGGTTGGGTGTTGTGAACCTGCCTCTGCCCAGCTTTCTAGACTTTTGCTCTCACCCTCTGATCAAGTCAAAAGCCTGGGGAGGAGAGGGGGCATCCTGGATTCCTCTGTTCCTTTGCTCCCTGAATCCAGTCAATCATCACATCTGATTA,"[[121134592, ""T"", [""A""]]]",yes,no,T->A,1
chr5,90446979,90447282,ATTTTCTATGCATTTATCACTACTTCATCATCCAAATATTCTCCAGGTATGTAAATCTCTTCTTAATATGGTTAAATAAATATCTTAAGTAGTATTCTAATAGTTTCATCATCTTGAAGAAGTTTCTCCTAGAGCCATTTGATCTGCTCCAGTACAACTGGGCTGGTTTCTAGATTCCTGTGGTTTGAGAAGCTCTTTCAACATTATATTGGCAATGCCTTTGTCTTGCTTTTGTGTTGAAACCATGTGCCTTAAATCATATTTCTTCACATTTTAAAGTTTACTCTGTTGTTTCAGTAGAAGG,N,no,no,N,0
chr17,36684132,36684504,GGGGAGGCTGAGAGAGGAGAATCGCTTGAACCCAGGAGGCAGAAGTTGCAGTGAGCCAAGATTGTGCCACTGCATTCCAGCCTGGGTGACAGAGTGAGACTCCATTTCAAGGAAAAAAAAAAAAAGAAGAAGGGGGAATCTGTTTTATAAGTTCCCACGGGACTCCCGTGCACTGCAAATGCTGATCTGAAGAGACACATCTGAGCCACTTATCCCATTGGGTTGTCAGAGGTGGCCTTAAAGCTGTGAGTATTGCCTTCTATATTAGTCAGCTTTTGCTAGTTTATGGTGTAGTAATGAACAATCCCAAAATCTCAATGGCTTATAGCAACATAAGTTTTTTTTTTTTTGTTCATCATACATATCTGCTGCA,"[[36684189, ""G"", [""A""]]]",yes,no,G->A,1
chr4,72120012,72120341,CAAGCTAAGATCCACTGGCTTGAATTTCTCACTGTCAGCACAGCAGTCTGAAGTAGACCTGGGAGGCTCCAGCTTAGTGGGAGGAGGGACGTCCACCATTACTGAGGCTTGAGTAGGCAGTTTTCCCCTCCCAGTGTAAACAAAGCCTCCAGGAAGTTCAAACTGGGTGGCAAAGCCACAGTAGCCAGACTACCTCTCTAGATTCCTCCTCTCTGGGCAGGGCATCTCTGAAAGAAAGGCAGCAGCCCAAACAGGGGCTTATAGATAAAATCTCCCTGGGACAGAGCACCTGGGGGAAGAGCGGCTGTGGGTGCAACTTCAACAAACTTA,"[[72120093, ""G"", [""A""]], [72120138, ""T"", [""C""]]]",yes,yes,G->A,2
chr20,20136277,20136631,TCTAGGTTTGGGACGTTCTCTGTTACTATCCCCTTGAATAAACTTGTATCCCTATCTCTTTCTCCGCCTCTTCTTTAAGGGCAATAACTCTTAGATTTTTCCCTTTGAGGCTATTTTCTAGACCCTGTAAGCATGCTTCATTCTTTTTTATTCTTTTTTCTTTTGTCTCCTCTGACTGTTAACTTTAAAATAGCCTGTTTTCAAGCTCACTAATTCTTTCTTTTGCTTAGTCAATTCTGCTATTAAGAGACTGATACATTTTTCATTATGTCAGTTGCATTTTTCAACTCCAGAATTTCTGCATTATTTTTAAAATTATTTCAAATTATTTGTTAAGTTTATCTGATAGGATTCG,"[[20136342, ""A"", [""G""]]]",yes,no,A->G,1
chr6,144600191,144600460,CAGTTAATATCCTTACATTGGCCTCCAAGTGTTTAAGTGAAAAGAAGAATTGCACAATGCTCACTTTAAATAAAAAGCTAGAAATGATTAAGCTTAGCAAGGAAGGACTGTCCAAAGTCAGGATAGGTCAAAAGCCAGGCAGGCCTCTTGCATCCAACAGTTGGCCAAGTTGTGAATGCAAAGGAAAAGTTCTTGAAAGACATTTAAAGTGCTACTCCAGTGAAAACACAAATAATAAGAAAGCAAAATAGCCTTACTGTTGATAGTGAG,N,no,no,N,0
chr12,88615457,88615854,GAGTATGGTTTGAGGAAGATGTTAGGTAAGGGTAGGAAGAGGAAGAACACCTTGATTTAAATCTTGTGCCAATTTCTCTGGTGTAAATACTCCTGCTATGACCAGTTTCAAGCTACCACAGCGAGATGAACAGGCTCACATATTTTTTGAAGTTTTAACAATCCATTCTTGTGAGCCAGTGTGAATCAGCTCCAGCACACTACAAGTACAACCACTGAGGTGCATAACTCAGGCAGGAATAATGGATCAGGGATCAGGGACTTGGTCAAAGAGACTGGGTGAGAAGTTGTATGAATTCAAGCAAAGTATCCAAGTGGTATGTTCTTGTGTCCTCCACATGAAAAAGCAAGCTATGTTACTAAAAATTGTCTGAGTCATGGCCTCTCTGTTCTATCTGT,"[[88615473, ""G"", [""A""]]]",yes,no,G->A,1
chr9,66613631,66613881,TTTTAAGGACAACTTTGCCAAGTAAAAAATTCCTGGTTGGCAGTTCTTTTTCTTCAGCACTTTGAATATATCACCCCAATCTCTCTTGGCCTGCAGAGTTTTTGCTAAGAAGTCAACTGAAAGTCATATTGTGGTTTCTTGAATGTGATATGTTTCTTATCTCTTGCTGCTTTCAGTTTTGTTTCTTTGTCTTTGATTTTTGATAAATTGATTATGTTTTATCTTGGTAAATTCCTTTTTGAGTGGAATTT,N,no,no,N,0
chr2,19687984,19688323,TCTTTCCAAATATGAAGGAAATAAAAATAGGTAGGCAGGAAGGCCAAACTATGTTTGCAAAAACCCAAGTCTGGTTTTGAAATGCCTGCTCTCACCATTTCAAGGCTAAGAATAATGGAAGAAGTTGGGAATTCTGGCATGGTCCCAGGGTATGAGTGCACTTGGATCCAAGAACACATGGATGTTCGTGCCCACACCAAACCCTCTGGAGCTAGTCAAAAGTGTCAGGCGCCTTTAGAGAAATGAACGAGGAGCTGATTAAGAAACGCGGCTGCTGACAAGCAGGAATTGCCCTATAAAACATTTCAAGGTGTCAGCGATGGAAATGCACTCCACAGCC,N,no,no,N,0
chr19,56015815,56016051,TATTAATTTGTTGCCCTCCTGGAAGAAAGTTGGGTGAGAGAAGTTCATGTAGTTCAAAGGACGGGGAAATCCACTTTCCCTTTCTTCATCCTCATTTGTCTCTGGTGTGTGAGTCCCTCTTCCCTAAGAGATCTTGGGATCAGCACCATGGACAGAACCTTGCACGTTCACTACGATTATTTTCACTACAGTTTTTTATTTTTAACTGAAAAATAAGAATTGTATATACTTATGGGG,"[[56015819, ""C"", [""A""]]]",yes,no,C->A,1
chr8,51459275,51459592,AGTATTAAGCAATTTAATTATTTTAAATGCAATTCTAAAATTATCTAACACTGAACCCAAATAAGACTACTTGCAAAGGAATATGACAAATGATGAAATCACATTTTTCAGAAGGTGATTTAAGTTCCTGGAATTTTGTTCCAAAACTTTGCAGCCCAAAATTTCAAAGGCTACCAGATGTGTATGTGCTATCTATCATCTGGCTACACAATGCAATAGAATTCACCAGGATTCATTATGTTAAAAATGATATAAAACAGGCAGTAGCACATCACACCCATAAATTCAAAATGCATCATTCCTTTTCCTAGTAATTTC,N,no,no,N,0
chr10,19003254,19003638,AGCAGTTCCTTAGTGAAAATGCCTACGCAACATTTAAGATACGTCAATCTGTAATTAATATTTCATTTAAAAATAAAATGTGTTGTAAGGGAGTTGCATTTAATTTTCCGGTAACAATGCTAGGAACTTCTTCAGTTGGTTGTTTTCTTTTTTTCAGCTCATAGTCAGTTCACAGTGCATCCATCAGAAGGATGCCCAGGGGAAATCAACGGTAGTGAAACTCAGCTACAGAGCTCAGCAGCGAGGAAACAGGAAGAATACCAGTTAAAGTGTTTGGCTAAACATGAAGTTTTTGAGTGATGCAGTCATATATTTTTCAGTATTAGTTGGGACTGAAGCCAGGGTGGCCGAAGGAGGCATTTGTCTACAGCAGGGCAATAGGAAG,"[[19003273, ""C"", [""T""]], [19003363, ""A"", [""G""]]]",yes,yes,C->T,2
chr3,175645651,175646111,CTAAGAAATGAAAGAAGGCCATGTCACTGGAAACTAGAGAACAAGGTAATGGCGGTATAAGTCAGACAAGAGGAAGGTGGGAGTTAGTTGATAACATAGGACCTCATTATGCATCAGATAGTTTGAGATAGAAAGCAAGTTTCCAAGACAGTGTGAAAGGGTTCTAAAAACCAATAAATTGGGGGTTTCAAAAGTCAATATTCACATTCTTTAAAGTAGATAATGATGACTGACTCTATTGATTTTCACTTGGCAGTAAACAGCATCAGACAGTAGAGCTACTCATCTAAGTAATAATTGGTTCAGTGGTCTGACAGTGATTAGATTAAAACAGTAGGAGAAACATGTGAAGATAATCCAGTATAAAATAAGTAGTTTTTGTCAATTTGTAAAACCTTAAACTAGAAATCTAGCTTAAGATTAATTCATATGTAATTATAAACGGAAATATAAACCATTTA,"[[175645703, ""T"", [""C""]]]",yes,no,T->C,1
chrX,38318222,38318508,TAAGGGCTGACAAAATCTAAAGGACTGAGCCTCAGAGACAACTCTGACTTTCCTGATAGAGTAACACCGGATGTTACACAGTCTCCTGCTTGAAACAAAGCAGCTAACCAGCAGCTTCAGTAAGATCAAGCTGATCTTGGCTCCAAATTTTAAAGAAATGTCTCATATGGGCTTTTGGTAGGGAGGGCAGAGAGGTACAATGACCGTTGCAAACCACATTTTAACAACATATGCTGCAACAGATTTCTGTGGATGTTTCTGACAGCAACTTCAGTTAAAACTGCAAG,N,no,no,N,0
chr4,68966130,68966619,TCCCAAAACTGGATAATTTATAAAAGAAAGAGGATTAATTGACTCACAGTTCCACATGACTGAGGAGGCTTCATGAAACTTACAATCATGGTAGAAGGGGAAGCAGCCATATCTTACATAGTGGCAGGCAAGAGAATGAGTGTGTGAGGGAAAAAACTGTCAGACACTTATAAAACCATCAGATTTCATGATAACTTACAATCACAAGACTATCACGGGAGGCACATTGCCTCCATAATCCAATTTCCTCCCATGTGGTTTCTTCCTTGATGTATAAGGATTATGGGGTTTACAATTTATAATGAGATTTTAGTGAAGACATAAAGCCTAACCATAGCATTTCCCCCGGCCCCTTCCAAATCTCATTTCCTTACATTACAAAATCAATCATACCTATTCAACAGTCCCCCAAAGTCTTAACTCATTTCAGCATTAACTCAAAAGTTCATATCCAATACCTAATGTGAAATAAGGCAATTTCCTTCAACCT,"[[68966136, ""G"", [""A""]]]",yes,no,G->A,1
chr2,152357622,152358021,ATAAATATTAAATCAGTTTAATGTATAACGATAAATATTAAATCAGTTTAATGTATAACTAAATATTAAATCAGTTTAATGTATAAAAATAAATAAGAAACATACATAGCACAGTTTTATGTATTGATCAGTTGACAAAAATGTTGCAACCAGAGGCTCTGGGGAGCCTAACCGTGTATTTCCGCTAGAACTAATGGTTCAATGGTCAATAATTCAGTGTCCATGGTGACTTTATAGACCATAACTGTGATGGTTAATATCGAGTGTCAACTTGATTGGATTGAAGGATGCAAAGTGTTGTTTCTAGGTGAGTCTGTGAGGGTGCTGCCAAAGGAGATTAACATTTGAGTCAGTCAACTGGGAGAGGCAGATCCACCCTCAATCTGGGTGGGCACCATCC,"[[152357683, ""T"", [""A""]], [152357702, ""A"", [""G""]]]",yes,yes,T->A,2
chr1,8762602,8762828,CTCTACTATTCACTGAGGCCAGGAACATTTCCTAGGGCCTCAGCTTTGGTCCTTCTGGATGAAGCCTCAGGGGGACTTTCCTCTGATAATGGACTAAACGATTCAAGATGACCTTAATGACCACCCTGTTTAAAACAGCCTCCTTATTTCTCCAATACTTCTTCTCCAAACATTGATGTTTCCACCATAAGGTCAGCTCCTCTTTTTCTTCCCCTTATGGCAAGGCT,N,no,no,N,0
chr5,60708429,60708849,GGAATCTAAGTCCCTTCCCAAATCTTATGTGAAATTGTAATCCCCAGTGTTGGAGGTGGGGCCTGCTGGGAGGTGACTGGATCATGGGGGTGGTTTTCAATGGTTTAGCATCATCCTCCTAGTGCTATTCTCCTGAGGGAGTTCTCATGAGATCTGGATAAAGGGTATAGCACCTCTCCCCTTTCTCTCTTCTTCCTACTCCCATCATGTAAGATGAGCCTGCTTCCCCTTTGCCTTCTGCCATGATTGTATGTTTCCTGAGGCCTCCCTAGAAGCTGAGCAGATGGCCAGCATCATGCTTCCTGTACAGCTTGTGGAACTGTGAGCCAATTAAACCTCTTCTTTATGAATTATCATCCCAGGTTTTTCTTTATAGCAATGCAAGAATGGACTAATACACACATATGGAGAAAAGTACACA,"[[60708633, ""C"", [""T""]]]",yes,no,C->T,1
chr20,12910736,12911094,AACTTAAATTGCTTTGAACAGAGACTGCCAAGTGGCAATACTCAATTTAATCTTCTCTATAACAACAAATACAATGATAATAACTATTACTAGTAGTATAAACTCTGTGGGTGAATACAAATAAAAGGACAATGATGCTGTGCCAAGGATGGAAGCTGCAGATAAGGCAGTTGGAGAAAACAAACAAACCACCATGTACTGTGTCTACAGAAATCCCTCAAACTGCAAAGATTTTCCCAAGGCAAATTTCCACTTCAGAAACCTCACTCGGTGTCATGTGACAATACCCTCGGTGCTGGTGGAAGAGGTTCGCTCCTTTGAAATGCTTTTTCAACATGCAACGTGGTTTTATGTTAACA,"[[12910848, ""A"", [""G""]]]",yes,no,A->G,1
chr2,134026996,134027238,GGAGCACTCCCTGAAGGCAGACACCATAGCTCCTCCGAGGAGAAGACCCTGTTGCCTGCCTTTCTGCCTGCATAGCTGAGAATAGACAAACAGCTGTGGCTACAAAGTCCTTGGGGGATCTCATGGGAACTAAAACCATACGTGAAATCAGAGAATGAATCCCCCTCCCATCCCCTCAGCAAGAGATTGCTGGCACAGGAAGAAATCCTTACTGCTTCCCTAACAGGTGTGGGGACACCTGGC,N,no,no,N,0
chr10,65430289,65430509,GAAAGCTACATACCAAAGGCTACAAACTGAAAATATCTCTCAGGCAAAGCTTCAGTTTCACTCTCTATTATTACAATTGTTGCAATTTCATAATACTTTGTCTTACTTTAAGTGAAATCAAATTCTGAAGAAAAGTGCAATTGTAGTTATTTGTAAGTACTAATTTCTCAGCTGATATCTTTCTCTGGTGTATATGGGTAGGACCTTTAATGGTTTCTATA,"[[65430315, ""T"", [""C""]]]",yes,no,T->C,1
chr2,146458682,146458997,TGGAGGATGGTGGCCCTCTTCACACAGCTCCACTAGGCAGTTCACCAGTGGAGACCCTGTGTGAGGGCTGTGGCCCCACATTCCGCTCCTCACTGCCCTAGCAGAGGTTCTCCATGAGGGCTCCACCCTTGAAGCAAACTTCTGCCTGGGCATCAAGGAGTTTCCATACATCCTCTGAAATCTAGGCAGATGTTCACAAATGTCAATTCTTGACTTCTGTGCACCTGTAGGCCCAACACCACAAGGAAGATGCCAAGCCCTGGGGCTTTCACCCTCTGAAGCAATGACAAGAACTGTACATTAGCCCCTTTTACCC,"[[146458766, ""C"", [""G""]]]",yes,no,C->G,1
chr4,75318099,75318316,TTTTGTTCTGCACTAAGAAAAATTCTTCTGCCTTGGGATGCTGTAATCTATGACCTTACCCCCAACCCCGTGCTCTCTGAAACATGTGCTGTGTCCACTAGGGTTAAATGGATTAAGTGCGGTGCAAGATGTGCTTTGTTAAACAGATGCTTGAAGGCAGCATACTCGTTAAGAGTCATCACCTCTCCCTAATCTCAAGTACCCAGGGACACAAACAC,"[[75318150, ""A"", [""G""]]]",yes,no,A->G,1
chr11,37965299,37965740,CAAAGAAGAAAGAAACATAATAAATTAACTACACAGAAATGCAAATGCTCAAAGAGAAAATAAAATAGCTCAAGGAAATTATGATAAGTCTATATAAAGAAATGAAACCTGAATCCTCAAAGCTCAGGAAACACCTGGGAGAAAGAAATGAAACTAACATAAAAATATGGTTAAACTTGGAAAAGGTATAAGGCAGAATAAATCCAAGACAACCAAAGGTATGTCATATATATACATACATATGTATGTATGTAAACATATATTACATGCATATGTATGTATACATATATTACATATACTTATTTATATGTGACATAACTTTGTCTTGTGTATACACACACATACATATAAATACATATATGTAAGATTTATGGGAAAAAATAAAACATGTTTTTAAAAATATCATACATACAAATAAAAAAAGAGGACTTCAATACACAAA,N,no,no,N,0
chr4,47118513,47118920,AGTTACTATCTTGTTCTCTGAAATGTAAGAGAAAATGCCTTTCCAGGATAAAAGCAATATTCAGAATTCCATAATTGACTCTTGGTTATGTACGTGTGACCGCGGATGAAATACTTCCTGAATCTTTCTTATTAATCATATGGGATGATTATTGAACTAGTAGCCTCAAAAATGCATGTGAGTACACACACAAACATCCTAATATATACATACATTCAAGCATGCATACATATATATCTCTCAATACCTCCAGAAATAAGCATCAGAGTCTGTGCCAAGAAACTGACTAGCTAAATAGAGATATGCCAGCTGGATGATGCATTTCTAAATGAAACATCTGCTTCTAATATTAACAACCAAAACTGCTAATGCAGGCAGGTGTCATATACACTGAAATATTTGGAAAAG,"[[47118529, ""A"", [""T""]], [47118772, ""A"", [""G""]]]",yes,yes,A->G,2
chr4,153403706,153404197,TTCTCGTGCCTCAGCCTCCCAAGTAGCTGGGATTACAGTGCCTTATATTATTTTTTAAATTAATTATTACTTTTTTTTTTGAGACACTCTCACTCTGTCACCTCAGCTGGAGTGCAGTGGCATGATCATGACTCAGTGCAGCCTCAACCTCTTGGGCTCAAGCAATCCTCCTGCCTCAGTCCCCTGAGTAGCTGGAACTACAAGCACATGCTACCATGCTGAGCTAATTTTTGTAGAGACAGGATTTCACCATGTTACTCAGGCTAACATTATTTTAAATGTCCAGTTTTGCAACAAAAAGATTGCAAGGCATACAAAGAAATAAACTATGGCTCACACACTGGAGTGAAAATGTTTCAATGGAAACTGTTCCCGAGAAAGCCCATGTGTTGGACTTACTAGACAAAGACACTTTAAATATATTCAAAGAGAAATGAAAAACGAGAAAATCAAAACCAAAAATTGGTTCTTTTTTTTTTTTTTTTTTTTTTT,"[[153404015, ""A"", [""G""]]]",yes,no,A->G,1
chr22,42570962,42571206,CCTTCGATGAGGCAGTGATGTGGGGTCCTGGGCTCAGACCCAGGGTGGGTGGCTAAGGTGCCCTCGCCAGGACTTAGCCACCCCAACAGAGATGGGTTTCGTGCCCACGAGAGTGCCTGTGCCTTGTGACGAGAATTCACCATGTTTTTGTCTCTGCAGGCAGAGAACAGCATTGACTTCATCAGCAGGGAGCTGTGTGCACATTCCATCAGGAAGCTGCAGGCCCATGTCCTGTTGATCAAGTA,"[[42571162, ""G"", [""A""]]]",yes,no,G->A,1
chr15,93021411,93021695,TAAAATTTGGAAATTTTTACAATCTTCTTCAAATATTTTTTCTGATCCCCCACTCTCTCTTCTTCTTTGGAGATTCTCATTACACCTATATTAGCTTGCTAGAAGTTGTCTCACAGCTCACTTGTATCCTGTTGACTTTTAAAAAATTATGCTTTCTGTTTCACTGTGGATAGTTTCTATTGCTACCTCTTCAAGTTCACTAATACTTTCCTTTTCAATGTCAAGACTGCTGTGAGGCCCATCCAGTGTACTTTGCATTTTATACATTGTAGTTCTAAAAGTTCG,"[[93021511, ""T"", [""A""]], [93021538, ""T"", [""C""]]]",yes,yes,T->C,2
chr3,55205979,55206330,CCAACATGACTGAATAACACCAGCTCTAGAGATAGACAACATCTTCAAATTTGTGGCCATTTCTCTCTACACTCAACAAAACCTCCATGGCAGCCTCACATGTCAGAAACCTGAGACTCAGTCTCAGTCAGGTCACACATGGTATTTGAGCCAGCTCTTCATTTATCAAAACAAACACAGAGTGTAGAACCCACCCACAACCAGTGACCACATGCTTGGAGGACAGAGAGATGGATGACATATGGGTTTGCAGAGGTCAAGTGGCCTCCAAGGAAGAAGGTGAATATGATTTGTTGGAGAGCAAATAAATCAGCTTCTTCCCTCCTCCCTTTCTTACACATGTCATGTGATA,"[[55206104, ""G"", [""A""]]]",yes,no,G->A,1
chr1,48695050,48695533,CAAGAGCACGAGATTCTGTTTTTCTCAGAGTCCATGACTGTGTCACTCAGAGAATATAGGACTCTGTGACGGGGCTTTACCAAGATTCTAAACTTCAGGTTCCTGACTGGGAGAAAGTCCCCTGCTGGAAGGTGTCTGCTTCAATTCCCCTGCATTTGCAGAGACACACAGAGCCCTGAGAGCCTTCCGGTTCCTAGTTCCCCAGCTGGTGAAAGATGCCCACATCAGACTAATCACCTTCTAAACAAATGGCACAGTGACAAGCAGGGTTGGGGGAGAGCTGGGGCCGCACAAGCTGATGTTTTCAATTTAGAGGCCATGCATTATTTACACTGCCATTATTCCCCTCAATTTGACTTCACGCTTTAGCCCTAATTTCAGTATAATCAAAGCCAATGAATATTTAATCAGGATTGCTTCCAGAAATTGAGTAATGCCATTAACACAATGGCCTCAGGACTTCAAAGCTGCTTTCCTTCAAATG,"[[48695238, ""A"", [""G""]]]",yes,no,A->G,1
chrX,122091557,122092018,CCACTTATCTTTCTCATTAAAATATAACTGCATTCTTTGTACAGAGCCAAACTCTCTGTAGAGTGAGTGTTGATGTTCATTTGGTAATGAGATGAACTAACATATCTCCTTTGGTAAGCAGCAACAAATTAAAGTGCTGTTAAACATGCCAGTTATGTACCTAGACAAGCAGATGACAATTCAAGTTTCACTATGATTCATTTACTATCTGACTTTGGGAAATGTATTAATATATTAATCATCTCTGAGCCTAAGTTTCCTTGTGTATGAAGTGTGAATCATGAACAAATCCCCAAGCCAACTCAACTTAATAAAGTGAGCACTAAGAGGATTAAATAGATAATGGATTTAAACAACTTATAGCATAGAACAGCAGCTATCATTTACTAAAATATTATTATTATTTTGAGAAGGAGCTTCACTCTTGTCACCCAGGCTGGAGTGCAATGGAGTGAAGTGATC,N,no,no,N,0
chr13,37274072,37274321,GAGGACAGCACGTATTCCTTGCCTTGTAGATTCTTCCCAGTGAAAGAGGCTTTAGTTTCACTAGCAGATGGCCTCATTCTGCCATCAGCATCTCTCCAGGGAAGATGTGGCTTATTGATGGTAGATTAGGGAGAGAAACTAAGCATGCTTAGCTCAAGCCTTTATTCTCTCTTCTTTCTCTTGGACCCACTCCTGTCCTGTCTATACTTTATGCTATGGTATGAGATTGTACAGATAAGGATCCTGGACT,N,no,no,N,0
chr8,138047374,138047691,GAGGCTTCTGCATTCTTCACGTAGTTCTCGAGCCTTGGTTTTCAGCTCCATCAGCTCCTTTGAGCACTTCTCTGTATTGGTTATTCTAGTTATACATTCTTCTAAATTTTTTTCAACTTCTTTGCCTTTGGTTTGAATGTCCTCCTGTAGCTCAGAGTAATTTGATTGTCTGAAGCCTTCTTCTCTCAGCTCGTCAAAGTCATTCTCCATCCAGCTTTGTTCTGTTGCTGGTGAGGAACTGCGTTCCTTTGGAGGAGGAGAGGCGCTCTGCTTTTTAGAGTTTCCAGTTTTTCTGCTCTGTTTTTTCCCCATCTTTGT,"[[138047435, ""A"", [""G""]], [138047527, ""G"", [""A""]]]",yes,yes,G->A,2
chr6,132885576,132885849,TCAGTTTGTCATTTGAGTGATGCTAGCAGGGATAACCCTTTTTCGTGCCTCCTAGCATCAGAAAGGGCAGCTCCCCGGGGGTCTGGAGGGTTTACTTTCAAGATGACTCATTCGCATTGGCTGGCAAGTGGGTGCTGGCCGTCACCTTGAAGCTGCCAGGACCGTAAACCAGGGGCCTTGGTTCCAGTTGACCTGGGCTGCTTGGGCTTCCTAGGAGCGTGGTGGCTGTGTTCTGAGAGCCAGTGTCCCAAGAGACAGGAAGTAGATCTCGTCA,N,no,no,N,0
chr2,185456545,185456975,TAACTAGGGGAAGAAAATAAAGTCACGAAGCAGTGCAAGCACACCAAAAGTAGAATGAATAAAATAAAGAAAAAAAGATGGAAAGTACAAAGTGTTGGTTGGCAGGAGTGTAAATTGTTGCAATCACTTTGGAAAAGTCTTTGGCAGATCTACTAAAGTTTTCCGTATGTGTATCCTGTGACTCATCCATTCCACTCTTAGGTTTAGACCTGCCAAAAAGGCATACATGTGTTTTCCAAAATGTGTGTAGTAGACTATTCATACAAACACTATTCACAATAAGAAAAAATTTAGGCCAGGCATGGTGGCTCATGCCTGTAATCCCAGAACTTTGGGAGGCTGAGGCATGCAGGTCCCTTGAGCCCAGGAGTTCAAGACCAGCCTGGGCAAGATGGTAAAACCCAATCTTTACAAAAAATTAGCCAGGTGTG,"[[185456843, ""A"", [""G""]]]",yes,no,A->G,1
chr3,95135069,95135509,TCTTTATTACCCTTAGCGGATCATCTGAGGTTGCGACTAGACTCCCTCTCTGCAGTTCCAATGTGATGGCTCATGAGTTTCACAATGCATTCTTTGCTATTAATAAAAACTGAGCATCACTTTGAGACTAATTTTAGCCAACTCAAAGAGGAAGATTTGCAGTGAGAGTTTGTGTGTCCTGTGCTTCACCTTTGATATAGGAGGGCTGAAACTCCACCCTAGGATCATGCTGTGGCTGCAGTTTGTTGACCATGTGACCCATGAAGAGGCATGAAACCCAATTGTGCATGTGCATGTCTCTTCTTTCATAAATATTCATGACTCCTCTCAGAGCTTATTAAATACGAATATTTAGCCATCCCACTCAGCATAAAATCCTGTTTTCTCTTTCCTGTCCTGGAAGTGCTTGCTCTGGACTTCTACTAGAGGCTATACTTCCCA,"[[95135086, ""C"", [""G""]]]",yes,no,C->G,1
chr4,185020193,185020566,TGCCCTGCACCCGCTTTGGGCTCGCGTGGGGAAGGGGCACTCAGGGTGTGTCCGTCCTACGGGCTTTCTCGTTCCTCCAGCAGAACTTCTAGCGGAGTTTGCCAACTACTTCCACTATGGCTACCACGAGTGCATGAAGAACCTGGTGCATTACCTCACCACGGTGGAGCGGATGGAGACCAAGGACACGAAGTACGCGCGCATCCTCGCCTTCTTGCAGTCCAAGGCCCGCCTGGGCGCGGAGCCCGCCTTTCCGCCGCTGGGTTCGCTCCCGGAGCCGGATTTCTCCTATCAGCTGCACCCTGCGGGGCCCGAATTCGCTGGTCACAGCCCGGGCGAGGCCGCTGTGTTCCCGCAGGGCTCTGGTGCCGGGC,N,no,no,N,0
chrX,3409948,3410346,GAAAAACTACCCTGCTAGAGGCGCCTGTTTTCCAGAAGTCAGTCATTCTGCTGCCTCCACTCTTGGGCAATACTTTTCAAAAGGATAACATTCCATAAGAATGAAAATACATGTGGGCTTTCTGTATTTTTAGAGTCCTATTGAAAAATTTAGGAAGTCTGGAAAGCTAATTCTCTGTCTGATCAGCTAATGATTGTGTAGGATGTGAGCATGGACACAACTACGCATTTGTAACTCTCATCCCTCCCACATTCCAGAAGGCAATCCACATTTTGGACAGAAATTTAAGCAAAATATTTGCCACTAATTGAAGGGCACTCTAAGTATGTCTTGAGTGCATACCATTGATAATTAATTCCATTTTCAGTTTTATAATAACGATTCTGCATCTAGGTGGCT,N,no,no,N,0
chr15,37594428,37594806,CATACGTGTTAGTTTTCAATGATTGTTTCTGATCTATGGCACCAAGTGCCAAATGCTGCTGTAATTTGAGGTGCAGTTATTCACTCTGTATGTCTTTCTCCTGCTTAAGTTTTAAAGGCTGATTCAAGCGTCAGCTGAGGTGTTTCATCAGCACTAACCCATCCCCTTGTGAAAGGCTATGGCCATATGTAGGACAGGATGCTCAAGGCACAACAACGGAGCTCACTCTGCAGAGAACCACAGAGCACTAGGTAGCAGCTAGATTCTCTCATATTTATGAACATGTCTCTGCTTCTGAAAAAAGAAAATGAAACAATTATTTCCCCCTACCTCCCACTCTCCTGTTTGAGTTGGTTTTCATAGTGATTTTTTTTTTGTA,"[[37594433, ""A"", [""G""]]]",yes,no,A->G,1
chr15,94723896,94724168,TTGGGACATAGCTGGAGAAGGAGGGAAATGTTTTCATGAGCCAGACTCTGACGATTGTGTTCAGCACATTTCCTAAGGTGGATTTTCTGCTCTGTGTCTGCCTTTCATTCAGCAGCATGTTGTGAAACAGCCACAATTTAGCCCCAGGTGCTCTTGGCTGAGAATGAGTTCTTAGAAAGCTGGCATGGATGTTTTTTTTCTGTCCCACACTTACAGTAATTACAAATAAGGGGTACTCTATGTGGTTGCTCCTACCCTATAATTTTGTTTTCA,N,no,no,N,0
chr12,125252187,125252654,AGGGCAGAATGCAGCTAGTGGGCCTCAGGAAGGGCCCGGAGGAGGCAATGGGAAGCCACCAGAATTCCCCTTTCCTGGGCTTTGCTTCCCTCTGCAACTTGCTTTCCCTCTCCCTTCTCTTTAGTGAGTGCCTTTCTCCAGGCCTCCGGTTCCCACGGTGGCATGTGGTGGCCTCACAGCTTCTTCCGTTAGGTGTGTCTGTTCCAGCCTCCCACGGAGGCCTGCACTCGCTGTCTCTGGTTCTCATTTCCAAGGGTCCAGGAGAGAGAATCTGATTGGCTCACCTACAAGCAGGTGTCGTGCGCTGGTCCAATCAGCTATGGCCAGGGGGTGAGATCACACAGAACAAAGATGGCTTCTGAACAAACCTGGCCAACTCCACGGGTGGGAAATGTCATGTGACTCCCACAGTTCACCCGGAACCCCTAGAAGGTGTCCCTGTGATTCTGTTGCATGGACTTTTGTCTC,"[[125252307, ""C"", [""T""]], [125252380, ""C"", [""T""]]]",yes,yes,C->T,2
chr7,13155218,13155493,ATTCAACTACAGCTCTGTAGTTTTTAATATGTACACAAATGTTTTAAACCATTTATCAGCTCAAACACATGAGTTTTTTTTTCCTAAACATCTTTCAGTTTCAGTGACATGGCAAGAATTTGCCATCAATGACTCTTAAGTAAACAGCAGTTCTCACGTATCAGACCTGAGAGAAGGCCTGCTGAGAAGGGGTACAGGAACAAGTCTTGCTCTTATGGGGATTTCTTTCACCTGGGCTATCATCTTCCTTAGAAAAGTGATATGAAGATAGTAAAT,"[[13155234, ""A"", [""G""]]]",yes,no,A->G,1
chr2,146523276,146523651,AACTAATTCATTATTGCTTATAATTTGCTGAGGCATAGCTGCCATATTTGTAAAATCAGCAGGTTCTGAAAAAAAATACAAGTTTTTAAATGAATGTTCAATTTTCCCCTAAACACATAAATGATACAATTACTTAGCTCCCTCTAGTGCCAATTTCTAATATAAACTTAATTATAATAACTGTATTCACCATGCAATTTTGAAGCAAATTAAAATTTTACTTGGCAATAATTAAGTAAACTTTCAAGGGTTTTATAGGTTGAGTTTGAGATCAGAGCCAAGCAAGATTCACGGATGACACTGTCATAGGTAGGCTCATGACTACAGTTACAGTAACAGTATTTCTTCACAAATTTTATTTCATATGTTTCAATTA,N,no,no,N,0
chr1,14677310,14677762,GGAGACCTAGCCATTGTTTAACTTAAAATGGTTCTTAGGACTTCACTGGTGATACCCAAGACTCCCATTGGAAAGGCAGAAATATCTGCCTGGTCAGTGTAAGTGAACCTTCCAAGCTGTAGAAATTGACTGGCTCATGAGTGACTCACCCATGAGACTAGCCAGTGGTCTCTTTGGCCTGTGGGGTAAGAGTGGACTCCAAGAATTCTGAGAGGAGATGACAGACTCTAAGACACCCCAGGGGCCCATTTTCAGACCTTGGCGATGACAGGCACCTACCCAGAGGCTTAGGAAGACCATCCCAGGGTTCCTCTGGGAAGGGTTGAAAATCAGCTTTGCAATCACATCATGTGGAGAGGAGGACACTTCCAGGCCTTGGGAATTATTTATTGATGGGATTCCCTTGAGCCTGCTCCCATCTGTGAAGAGAGACCGAGGATGTGGCCTGCTAAG,"[[14677525, ""T"", [""A""]]]",yes,no,T->A,1
chr1,189226442,189226872,CTGAAGCATGTGCTGTGTCCACTAAGGGTTAAATGGATTAAGGGCGGTGCAAGTTGTGCTTTATTAAACAGATGCTTGAAGGCAGCATATTCCTTAAGAGTCATCACCACTCCCTAATCTCAACTACCCAGGGACACAAACACTCCGGAAGGCGGCAGGACCCTCTGCCTAGGAAAACCAGAGACCTTTGTTCACATGTTTATCTGCTGACCTTCCCTCCACTATTGTCCTATGACCCTGCCAAATCCCCCTCTCCGAGAAACACCCAAGAATGATCAATAAATACTGAAAAAAAAAGGACCCTAGAGAGCTCTAGCATCCTCTTTCCACCATGTGAGTACACAGTAATAAGTCAGCAGTCTGCAGTCCTGAAGAGGCTACTAACCAGAACCTGACCATACTGGCACCCTGGTCTAGGATTTCCAGCCTCC,"[[189226586, ""G"", [""C""]], [189226807, ""A"", [""G""]]]",yes,yes,A->G,2
chr6,122878898,122879191,GCCAGTCATATCAATAAAGGGCAACGAACTGACTGCACAGTCTGAGGGATTGGCTGATTATACAGCAGTGTTTTAGGTCTCAGCTGTAAAGATCTAGAAAATACACAGTGGCACAGGAAGTTGCCTTTGCTGTGGCAGTTAGTTACCATGGTTTCTGGGTCTAAAGGTAGAAATGTTGCAGCAGAGAGGCTTCTGAGTAGAAACCCTTAATCCTAAGGCAAAATATGGAATTGGAGCAATAGTCTAGATAATTCTCACAATGTGGAGCAAAAGTACCTTTTTTTTTTTCTTTTT,"[[122878925, ""G"", [""A""]]]",yes,no,G->A,1
chr3,153911051,153911478,TATTTCTAATGTCCCCTACAGCAGTAAGTGTAGAACACAGCTGAGGGCTTAAAATTCTTTCATCAGAGAACACAATTATTTTATGAAAACGAAAGACTATATGTCAATGATTTTAGTTGCTGTTTTTATGGTTTGTTAAATAATTAGTCTGATTCAAAACTAGGACATATTCTGAAAAGTCAGCTTCTTATCCTCATGGGATTACTGCTGTATTGTACACTGCTCACAGTACTGAGTTTAAAACATTTGCTGGTGTAATGATGCAGCAAAAGCCAGGGCATGGGTTTGGTGGAAAGAAATGTCAAGTATGTAAGTGAGATCAAGAGATGAGAGAGAACTAAAGGAAAACAATCCTGTGGGACCAATGATACAAATTTATCTAGACAACTGTTGGGTCAGGTCAGAATATTTCTGAATATTTATTTCAG,"[[153911140, ""G"", [""C""]]]",yes,no,G->C,1
chrX,138684938,138685254,ACAAACAATAAAGCAAAAACAAACCAAAAGAAGATCCTAACTCATTTGAATTTAGAATGTTACACCTGAAAGGAAAATGAACTACTAAATATTCTTAGAAAACGAAACTTCAATTAAAAGCAGGAAGTACTGTTGAGCTGGTATGCTTCGTTTAGCAACCACAAGGAGATATAATAAAACTATCTAGAGCAACACTTCTCCCTTTAATTAAGTGGGATGACCACTAAAGGAGCATAATTGCCTTGGGGACCACCAGCAATGTCGTAACAGCAAGAGAAACTTTCTAAGACTTCCGGAATCTATACAAATCTGCCACA,N,no,no,N,0
chr2,1672755,1673006,CCAAAACCACTTACATTGCCAAACAAAAGGTTTTATAACCATAATGGCCTGAAATACAAAATACCAGGGAAGCAGCAACCCTGGCATGATTTGTGGCTGAAGCTAAAGGCAGCCAGAAGGTTTCAGAGAGGAAGTTACACCTGCAGCCTCCCTGGGTAAGGACTCCGACTCTACCGGCTTCTGCACAGGACGACAGGCAGACCCGTCCAGAGGCATGAACTGATCTGTATCATTTCCCAGAGCCATGGTGGG,"[[1672916, ""G"", [""A""]]]",yes,no,G->A,1
chr14,90856222,90856451,AGAAAAGATTTTCCAACCATAAAATAACTATGCTTCAGAGTTGATGCCAAAGAAAGGGGGGCAGGATGGCATTCTCTGAATAGCCAGGTGTTAGTACTGACTTCCTCAAACTAGCTACAGCCTTTCTAGCTATGCGTGATTTTTTTTTTTTTTTTTTTTGAGACGGAGTTTCACTCTTGTTGCCCAGGCTGGAGTGCAATGGTGCGATCTAGGCTCACTGCAACCTCTGC,"[[90856244, ""C"", [""A""]]]",yes,no,C->A,1
chr5,105110803,105111051,TCCAGACACAGAAGAGTTCACTCCCAATAATAAGCTGTCTCCATGGATCTCTGCCAGGTGCTAATAAAAACATTGTAAGCAGGAAAAGAGACTGGAAAGAGCCCCTGTTAATGGCAGGAGCAGACATGTAAGAGGTGACCAGCTGCTCCTCAAATAGTGACACAAAATACTGCCCACTTCCTTAAATCCTCCTCTCTTACAAAGTAAAAACCCCAAACTGCCTCAATAGGGGTATCATAACCTCTTACC,"[[105110805, ""T"", [""C""]]]",yes,no,T->C,1
chr3,62614509,62614922,TACACACTAAAAGCGTAGCTCCTTTATCTTGTCGCTTGCCTCAGTTTCAGGCATCTGTATTCTGTATTTGTTGTCTGGCTCTTGTAAACATTTACGTTTGTGATCCCTGTTGAAGGGAATAAGGTGTCTTTGGCAGGGGAGTGATATAATGATTACTGTGTAGATATGTGCATGATGTATATGCATATAATGTGTACATAATGATGTAATTATTATGTAATATTTTGAAGCTGGAACTCTGGAATCAGACACACCTGGGTTTCCTGTGCCAGGCATTGGTGTCTATACAGGTGTGGCAAAACCAGATATATGCAGATCACTAACTAGCTATGTGATCTTGGATAAGTACCCTCACCCTTCTCAGCCTCTCTTTTCTTGTCTGTAAATGGGAACATAACATATGTGTCTCTTAGG,"[[62614542, ""C"", [""G""]]]",yes,no,C->G,1
chr10,91251473,91251865,TCAGTTTATAGTAAACCCTTAATAATTTGTTGACAAATTTTCTAATGCTTCAAAATGTTTGCTTTCAAAGTTTTAATTAACATAATTAAATAAAATGCCATTCTTTGACAATCCTATGCTTAGAAATGGTTACTATTCCCACAACTGAACTGTCTTGGGCCAATGCCACCATCTAGTGGCTAATGCCCAGAATCACACCTCTGTTTCTCCTTTTATACCTTTGCTGGAAATTCATATGCATGGTTTCTGTTTTTTAGAGTGGTGACCAACTTAGACTTAGAGAATTTCATGTCACTGGTAGTTCTAGCCCTTTTATTCATTCTCTTCTAATTTTATCCTTTATTTCTCTATTTTTATTTGCAACTCAACAAGATTTCCATGTCAGAGCTAACA,"[[91251493, ""G"", [""A""]]]",yes,no,G->A,1
chr4,160993343,160993585,CCTCAGGAAACATAGAATCATAGTGGAAGACACCTCTTCACAGAGTGGCAGGAGTGAGAATGACTGACAGCAGGGGAAATGCCAGGTGCTTATAAAACCATCAAATCTCGTGAGAATTCACTCACTATGACAAGAACAGCATGGAGACAACTGCGCCATGATTCAATTCCCTCCCACCTGGTCCTTCCCACATGTGGGGATTATGGGATTCAAGATGATATTTGAATACAATTAAAAATGATC,"[[160993372, ""G"", [""A""]], [160993490, ""A"", [""C""]]]",yes,yes,G->A,2
chr13,42113495,42113920,CAGAGTCCTACATTTACTTTTAAGAAAGTAGGAAATTCATGGTGGGACAAAATTCACAAGGGGAAAGGAGGATACCAGCACAAAGCCAAGAGTCTGGAGTCAAAAGGAGCTGATGGGAAAGTTTGGAGGCTGATACGAAAGCCAGGCTTGAAGCAGTTTCACAGGTGGCCGATGAAGGAGGTTGACAGATGGAATCAGAGCAAGATCAAATGACTTCCCTTCCAGACCCACGGGAGGAGGAGCAGTCATTGCTGAGATATGAGTTCCGGCATGGCTACGGGGAAAAATAGTTCTTATATGATAATCACATAAAAATATTTAGAAGGGCAAATAAAAGGAAAAAGCAATGTTATGATAGGAGACACAATATATTGAATATATTGTGGTGAAGATAGGCTTTAGGATGGGGTAAAACATGGGTCTGTG,"[[42113502, ""T"", [""C""]]]",yes,no,T->C,1
chr9,80142703,80142977,AGGCAGGAATGTCAGGCCTCTGAGCCCAAGCCAAGCCATCGCATCCCCTGTGACTTGCACGTATACGCCCAGATGGCCTGAAGTAACTGAAGTATCACAAAAGAAGTGAATATGCCTTGCCCCACCTTAACTGATGACATTCCACCACAAAAGAAGTGTAAATGGCCGGTCCTTGCCTTAAGTGTTGACATTACCTTGTGAAAGTCCTTTTCCTGGCTCATCCTGGCTCAAAAAGCTCCCCCCACTGAGCACCTTGCGACCCCCACTCCTGCCCA,"[[80142970, ""G"", [""C""]]]",yes,no,G->C,1
chrX,1307349,1307733,CTCCTTTACACCTTCGACTGATTAGATGAGGCCCACCATTCCCCTTTATACCTTCGACTGATTAGATGAAGCCCACCCTTCCCCTTTAGACCTTCAGCTTATTAGATAAGGCCCACCCTTACCCTTTAGACTTTCAACTGATTAAATGAGGCCCACTCTCCCCGTTTAGACCTTTGACTGATTAGATGAAGCCCACGCTTCTCCTTTGGACCTTCAACTGATTAGATGAGGCCCACCCTTCCCCCTTCAGCCTTTCGACTGATTAGATGAGGCCCACCCTCCCCTTTATACCTTCGACTGATTAGATGAGGCCCACCCTCCCCTTTATACCTTCGACTGATTAGATGAGGCCCACCCTCCCCTTTATACCTTCGACTGATTAGAT,"[[1307350, ""C"", [""T""]], [1307397, ""G"", [""T""]], [1307411, ""C"", [""T""]]]",yes,yes,G->T,3
chr2,190043945,190044277,GAAGGGAATATGTTAGCGAGGTATTTTTGGTGTTAAAACTTTAGGGTGTGATTTAGCAGGTGGCACTTAGGTTTCTCAGTCAGTTGGTAGACTCCTGCTTACTTGTGTGGCTCCCCTGTGTTTCCTCACAGTTGCAGCTGTGTTCCCTCTCAATGCTTTGAAAGTGTGGGTTCCTTTCCCCCTTGAGTGCTGACTGTAGATTATGACTTGGCACTCCTGAGCTGCCCACTGTAGTTCTGGGGTGATCTCAGTGTTTATGTTCCTTCCCCAGCTTGGAGGCAGAGAGGAAGGAATCTTAGTAGTGTTGTGGCTGAGGGTCATTTGCTTGTCTCC,"[[190043961, ""T"", [""C""]]]",yes,no,T->C,1
chr11,134645942,134646174,TCTCCTTATCTACAGCCCAGGCCAATAGTCTCTTTCTCTGTCCTTAAGGGGTTTAGGGAATAGCCGGTCCTCTCTCACCCTCGAATGGATCACATGTTATTGATCTCATGTGTCACCACCCAGGGTAGGTTTCTGTGGCCTGCATCCAACTCCAGGCAGGCGCTGCTCCTCGTCTCCCAGGCACCACAGGCATTTTCCTCCGTGTGCCCTCTCAGAGGCTGTGGTGGTGTGTG,"[[134645992, ""A"", [""G""]]]",yes,no,A->G,1
chr3,17365034,17365405,TCCATACTTCCTTCCCTCTTTAAATTATTCACTAGAATTAAGTAGACTTAAGATACAAATAATGATTTAAATTATTTTCACTGCTATTGGCATGATTATTTTTGACAATTGCTTTCAGTTATTTAGACTTAATCATATCTTACTGGTTACATTGCTTTCCAGTAGTCCTCTTACACTTGTTTTCCTCTTGCTTGAATTATTGATTTCTGTTCGCCTCTCAGTGGGAAAAGCATATTTTTATCTAGAAAGGCATGTGGATGGTACCCTTCCTAAGCTAGTGCATGCGTAACTCAGCACTTTTCCTTCTTGGCCTTTGACTATGCTAAAATACATGGTCACTTTGTCAGTAAAGGTTGTTTCTCCCACTTCATC,"[[17365240, ""T"", [""C""]]]",yes,no,T->C,1
chr4,170388238,170388698,AACTTAACTAATGTCACATGTCCTGATAGTGACGTGTTTGACAGAGATTTGCCATCACAGTTCAAGGATGCAGGCTCCTTTAAGAATATTGTCTCTGACTGAGACATTTAGATATGCAGGAGGTCATGTGGTGTGCCTCCACCTGGAGGCAAGGGGTTCCCTGGCTCCACATAGCTGCTGGAAACCTCAGCCATCTATGAGCATGCCTGCATGAATTAAAGATTCCAGTGGATGCAAGAAGATTAGATCTCTGATTCACATGAGTTCTTTATGCATTCCAGGCTTCTCAGCAGAATCTGGCAAAACCACCAGGGCAATAGCCCTAACATTGAGAGTGTGCCCAGAAATATGTTTTAGCTTGCTAGGGCTGCCATAACAAAGCACCACAAAGTGAATAGCTTAAACAACAGAAATGTGTAGTCTCCCAGTTCTGGAGGCTGGAAGTCCAACATCAAGGTGTC,"[[170388329, ""G"", [""T""]]]",yes,no,G->T,1
chr5,121805966,121806311,AGACATTAGCAAATGATACAAGCACAGAATTGAAAAGCTCTTGCACGTTAGAGCTTACACACTTGCTGCTCCTGGGACTTTGCCCCTGCCACTATGTGAATACATCCATTGCAGCATACTGGCTAATGAGAAACATATGGTCCAGTCACATACCCCATTTGAGAGGTGGTTAACCACCAGTCATATGAATAAAGCCATCCAAGATTATCCAGGCCCTGAAGGCCTGCCAGGTAATAACAGAGGAATGGCCTAGCACAAATTGCCTAGCTAGACAAAACGTTTTTTGTTTCAAACCACTATAATTTGTTACGCAACGAAGGTAGACCAATACACAAAACTAACATAT,"[[121805994, ""G"", [""A""]]]",yes,no,G->A,1
chr6,156554120,156554444,TCTGTGTTTCCATGCATAGAACTAGGAATCATTACTAGGGGCATTGTTAACCTGCCTTAGCTCCTGTTACAGGGAGGATTTCGATTCCAGAAGCTCTGTGCCTTGCCCTGTTCACCCATACAATGAGAAGGAACCACCTGGCTGGTGCATCTGCTTCCAGAGAGGCTGTGAGCTCCACCATATTCCATGCTCCCTGTTTTCACTTTAGCTCTGGTCAGTGATTTTGCAAAAATGCAGAACACATGTCACAAGGGGATTCAGACAAAACCTCGTCTAGAGCAGAGATGGAATTTACAGAGTTGTCATTTCAGCAGTGTTGTCAAGG,"[[156554166, ""C"", [""T""]]]",yes,no,C->T,1
chr15,59925144,59925453,CATTTGTATTCATTCAATCAACTGCTTTAAAAAAAAAAAAAAAGCTGCTATAAGACTTGACTTAGGCCGATGATTAGATGCAGTGTTTGGGCATTTGGTTTCTTTCTTAATATTTATATTTACCTCCAAGAGTTTCCTTTACTCATTCTTCAGATATATGAAGAGAAAGGTCAGGCCTGAAGTTATTTTTGACCACATGGTTTCAGAAACCAAAAAAAGAAAAGGAGGAGGGGACAGTCTCATTTCAACCTACAGATTTGTTTGTTTTTGTCGATTGGAAATGGCTTCCTTATTTTATTCCTTTTGAGCT,"[[59925171, ""A"", [""T""]], [59925276, ""G"", [""T""]], [59925340, ""G"", [""A""]]]",yes,yes,A->T,3
chr6,128306145,128306454,ACGATTCAAGATAAGAATTGGGTGGTGACACAGAGCCTAACCATACCAGGGAATAAAGGAAAATATAAGAATCTGTACCTTTATTTCAACAAAAACATTCAAGAAGGTTATAGCTCAGTGAATCATGAATGCCAAAAGAATGATAGAATGGATTGGATTTCTATTTGCCAGTTAGTGGAGCAATGGATACAATGGAATGAGCTAATAAGTGAAAACAAAAATGCAAGATAATTTAAAGAGAAACTAAGTTAGAAGACAGATGTTATAAAACAGAACTGGGGCTAGACAAGAAACAGAGAGAGCCTTAGGG,"[[128306157, ""G"", [""A""]]]",yes,no,G->A,1
chr10,102036563,102036861,TGTGACCTTGCCCCCAGCCCTGTGCTCTCTGGGGCATGTGCTGTGTCCACTCAGGGTTAAATGGATTAAGGGCGGTGCAAGATGTGCTTTGTTAAACAGATGCTTGAAGGCAGCAGGCTCGTTAAGAGTCATCACCACTCCCTAATCTCAAGTACCCAGGGACACAAACACTGCGGCTGCAGGGTCCTCTGCCTAGGAAAACCAGAGACCTTTGTTCACTTGTTTATCTGCTGACCTTCCCTCCACTATTGTCCTATGACCCTGCCAAATCCCCCTCTCCGAGAAACACCCAAGAATGA,N,no,no,N,0
chr20,8296473,8296933,AGCTGAGGTAATAACCATGTTTATTGGCCTAGGCAATGTCTTTTAGGTCCCTTTTCCTATTAACTTTGTAGTTGTGAACAGTTGTCTTGAGGTTAGGAGGAAAGGTGATTTAAGGAAAAAGAAGGAGCAGAGGGATGGAATGTGTACATAGCCCTTTCTTTCTGAATTATGTCTCCTTGTTTGGCATTCCTTCCTCTGGGTGTTTTGTTTCATTGGCTGTGGTTGAGCCCAGCCTTTATTGATCCCCCTGTCCCACCAGCACTGTGTGATGTAAATGCAAATGTCTGGAGTCATCGGGGATGCTTCATAAAGTGTGGAGCAGACCTAGAGAAAGGTTATGAAAATGTACAATGCTTTTCCATCGTTGTAGCTTCATGCAGACATTATATATCATGAAATGACCATATGTTTGAGTAACCATTTATATGGAAGATGAGAGAGTTTGAAAGTTCATTTTTTTG,"[[8296530, ""C"", [""T""]]]",yes,no,C->T,1
chr11,129046401,129046764,TCCAGCTGACCACTGATGTATATTCATACACTTCGTCCTGCGCCTATCCACCTCTAACAGCTTCTGATAATCAGTTTCTAGTAGCTTAGCAAGCATATGGCTCACCCTCTGACTCTAGGAGAACCAGGAGAGATGTAAAGGGAACAGACTGTAATCTGGTTCTTCTGATCTTCTTCTACCTTGGGGAATACTCAGACTAAAAAGAAAACCCGGTTTGGCTTCTAAAGTGAGTGTATGTGCTGAAAAATACTTTGGTGTAACTTAAAAGGAATATTAGAGAAGAAACTACTGCAATAAAATAAGCCTGGAGCTTTGGAAACAGTAGAGTTAACAACAGAACCTAATCCTAACTATAGTCTCTTTG,N,no,no,N,0
chr8,134896155,134896491,TGCCTCTGCCTATGCCCTCCCTTGTCTATTCTCTTCATCGTAGTCTGTTTCTGTGAATTTGTAAACTAGCACCTATGTCCTGTAAATTTTAAGTCAGGCCATGTCACTGCTCTGCTCGAAACATTCCAAAGGCTCCCACATTCCTCTTGGTGTCCAGACAAGTCTAAAAAAGATACACAAGGATTAGTGAAGCAAACCATATATGAGTCAGCCTGCTGGGGCGATTCAGACCTTCATCTCCATAGCACTGAGGTCCTCAGTTGCTTTGTCCTCATCAGGGTTTGGTTGGTGGGATTTCTGTAGCTACTCTTGGTCTTGGAGGCACCAAGACCTCCAA,"[[134896166, ""T"", [""A""]]]",yes,no,T->A,1
chr4,35559659,35559901,AGAGTTTTTCTATAGCTCAATAAAATTCTTCTCTGCCTTGCTTACTCTCTGTTGTCATTGTGCCTCATTCTTCTTGGACGTGGGACAATACCCCAGAACCTGCTGAAAGGAGGGAGCGGAAAAGGGCGGTAACACTCTCTGGCTGGGTCACCTTGCTGCAGGCAGCATGAATGAAAAGAGCTGTGACATGCTCCCGGTAGCCTAACTACAGGAGTGAAGAGCCTTCTAGGGGCCCAGACCTCT,"[[35559663, ""C"", [""T""]], [35559769, ""C"", [""A""]]]",yes,yes,C->T,2
chr4,11724799,11725223,CTGCAGCTCTAACCCATATTCCATCAGAGCCCTTTCCTCTAGAGTTAGTCCATAATCTGTATTGGCTGTTGTTTTTTCCATATCCACTCATATAACAAATATTTCAGGATGTAAAGTACATCTTTTTCTGGAATCAGAGCCCAAAGATTATGAGCTACTTGTTAGTCATGGAAATGTCTGTGGTTTAGTATTAAATTTCAAGACAAACAAAAGGCACTTCCATTTTGGTTATGATGGATAATGGATTTTGGAATTATTCTTTGCTTGTACAAACAACAGTGGCATGAAAAATGGGACAAATAAATGGAACTAGTTTAGGTCTTGGCAACAGAGATCTCAGAATGCATGTTGTTTTTAAATGTCAGAAACATTCATCACGATAGCCCTTATATTGGAAAATAAAATGTTACAATAATCTTTAAAAT,"[[11724933, ""A"", [""C""]]]",yes,no,A->C,1
chr10,44806943,44807307,TCCAGTCACACAAGGGGGCTGTCTATGTTTCAGGGAGTGAGGGTGTACTTTCATTTGTTGTATTATACTCATAGCCCAACTTTTTTGGACCTCATGCAGCTTTAGCCAACAGCAGTTTCTCTAAGCCGATGAGGTTACAACGCTGTGGAATGAAAAAGCCACTGCTGGCTTGTAATAGCGAGAACAGATGTTGACAAGAGAAGAACTTCCTGCTATGGGGAGCAAAGGCTGCATTGCACTGCAACAAATGGAGAAAGTGCTGTCATTTGTTCAATTACTAAAACATAGCCCCATTTATGATATAATTTGGAATTCTGGTTCTACTGAGTTTTATGCTATTTATGGTTTTATGCCTGCCAAAGCTA,"[[44807016, ""C"", [""G""]], [44807164, ""A"", [""G""]]]",yes,yes,A->G,2
chr17,34499611,34499877,CTGAATAAACACATTTGGAGTGCAGAAGCAATGCCTGGGCTGGGAATAAGGATTGCAGAGTCCTGTAGGTTCAGGCATTTGAAGCCAGGGAGGGTGTAAGTTCTTACTAGAGTAATTGAGGGACGTCAGGACCAAGGACAGAGCTGTGTGACTGATAACATCCATTGATAGGAAAAGGGAAGGGCAGAGTACTCACCTAAGACTAAGAAGAATTGGTCAGGGAGGCAGGCAACAGGTGAGAGGCATAGAGCTTCTAGAAGGAAGAAA,N,no,no,N,0
chr2,16725255,16725603,CACCACCTCCACACTCCTAAGGGGTATAACACACTCAGATCAATAACAGAGAGTTAATTTGTATGTCTTCCATTTCAGTGGGAGAATTGGAAGGCATACATCCCTGAGAGCTTGAGTCAGAATCTAGGGTAGGGAGAGTGGGAAGCCCTTCAGGAAGCAGGTCCCTCCCAGGGGACTCACTGTTTTCTAGTTCAAGAGCAGCCTGGACTTATGTTTCTGCCAAAGCTGTGTTTTCTGCCCTGCCTTCTGCCCTTCAAATCCTAAACGTATCCTCAACCCTTAAACACTCTTCAAGAGCCAGTTGTAGTTTTCTCTTCAGCCGAGAGATAACCCCTGACTCACATAGCCG,N,no,no,N,0
chr20,46592665,46592903,TTTTCACCAATTCTAATAGAAGCACCCTTTTTTCCTCTTCTTTGGAGGCTGCTGGCTTCTGACCTAGTGGGACCAATGGGTGCCCTACAGTCAAAATCTCTGCCCCCTGGAGGCCAGACAGGTACCTGAGTGAGTGAAACAGGCCAGGCTGGGCCATGGTGAATTGAAGAGAGCCCTGCTCATTAAAGGGCTCAGCTGCTATTTGCTTCCCCATGGTTGCCATGCAAGAGTGCAGGGCC,"[[46592668, ""C"", [""T""]]]",yes,no,C->T,1
chr14,104398121,104398337,AGATAAGAATAAAGAGTTGCGATGGTTTAGAGGAAAGGATAGAAAAGGAAAACACAAAATGCCGACACAACACACACATAATTGGTGGCCTTGCAGGAGAAAATCAAATATAAAAGAAAAATAATTCAAATAATTCAAGAAAATGTGGTGAAACTAAAAAAGATGAAATCTATGGATTAAGAGGGTATATCATGTTTCTACAAAAATTGGTGCACTT,"[[104398124, ""A"", [""T""]]]",yes,no,A->T,1
chr14,35079816,35080099,GGCATGAAGGTACATTGTTACGGTTGGGGAAATGGCAAAAATATAATAGTTTATTGTCACTGGAGCATAAGGTACAATGTGGGAGTGACTGGACATGAGCCTGGAAAGGTCAGCTGACTTAATATTTGTCATATGGTTTCAAACCTGTTTTATGAACAAATAAGTATTTCTTAACACTGTAAGCCTTGCTTAGAGCCTCATTACCTCATCTGGGCTATTATACTAGCCTCCTAAATGGTCTCTATTCTCAAGCAAGCCCCAGAGTAATCTTCTGGGGTTACTCA,"[[35079836, ""T"", [""C""]]]",yes,no,T->C,1
chr15,49265903,49266232,TGCTTTAAGTATGTGTCCTAAAATGCGAAGGAGGGTATGTCAGTTAGCTTTTGCTGTGTAACCATTTTTTTCGAAATATAGTGGCTTAAGACTACCACCACTTGGACTGGGTTCAGCTTGACAGTAATTCTGTCTATTTTGTCTGGACTCATTAAGACATCTGATCTCAGCTGCTGGTCAAGTTGGCACTTCTGCTTCTGGATTGGCTGGCTGTCAGCCGACATGATAGGAGGCCTTGGGCCACATGTTTATCATCCTCCAGGCTAGTCCAGGCTTGTCCAAATGGAGATCTCCAGCTTCCAAGAGCAGGTGGAGGGCAAGCTCCAATGT,"[[49265965, ""A"", [""C""]]]",yes,no,A->C,1
chr4,39114569,39114845,TTGGGGGGAAAACAATTGAGACCTATGCTCGTTGCATGTTGTAATCCAGGAAAGGAATGTGGAAGTGTTTATATACTTGGCCCCATGAATTATGGGCTTGCTGTTGTACTACACTCAGTGGAAAGCTGTTCATTGATACAACAGATTTTAGGGGCAGTATCAGTCATCTTAGCATGATGTATCTGCTCTTAGCTATACAACTTTGGGCAGTTCTAGTTAAGACACCTCATGAAAAGAGCAAGACAGCCCAAAAATGGACAGCTACAATGATTGAGGG,"[[39114778, ""A"", [""G""]]]",yes,no,A->G,1
chrX,50622797,50623037,AATTGGGACCTGCCTCTTCCATCTTCAGTGTCAATACTTCCTTTTCTATTGAGCTTTCCTTTCTGTTTTAAACTTAATTCAGTTTTCTAGATTCTGACTGAAGTTTCATTTGAACTGGTGGTTCTGAAACTTAGCTTGCGTCAGAATTGCCTGGAGGGCTTGTTAAAACAGAGATTGCTGGGCCACATCCTCACTTTCTGAATCAGTAGGTCTGAGTATGGCCTGAGAATGTGCATTTCTA,N,no,no,N,0
chr10,63862840,63863330,TCTATATCTAAGCAAGTTGACTTATCTTAGGAAGATGTGAACTAGAATGAAATGATGTTATGAAACTTGTGATCAGAGACACAGCGAGACTGGTGAAAACACAATTGGGATTGGAACCCAGGCACCTCCTAACTCTGTGGAAATGGACAAGTAGCTTAATCTCTCTGCATCTCAGTTTCCTAATAGTGACCTTTTGCAGTCAATCCTTCCCCCAACTACTGGCCTCAGGCAACTATTGATCTGCCTTCTGTCACTGGTTTCCTAGGATTTCATGTAAATAGAATGATACAATATGTGTTCCTTGTCTTGTGTCTGACTTCTTTTGCTCATCATATTTTTGAGATTCATTAATGTTGTTGTAATGTATCAGTATTTCATTCATTTTTATTGCTAATTTGTGTTTTACTCATCAGCTGATGGGCATTTGGATTATTTAGTTTGGGGCTATTAAGGATAATGCTACTATGAACATTTATGTGCAAGGCTTTGTG,"[[63863165, ""T"", [""C""]]]",yes,no,T->C,1
chr16,51343465,51343736,GTCTAAAAAAACACTGGCCAAGGGCTCCTTAAAGGAGTGGTTGATTTCAGCACTGGGGCAGGGAAAATCCGAGATGAGCCAGGAGCATCTTGTCATGCCAGAAAGCAAGAAAGTTCTCAAAATATGATAGAGGCCTTTCCAAAGAACGCAAAAGCCAATGTGAAGAAACTCTAAATAGGCAGAGCTGGAACAATCTGAGTCACAAAATAAATAAAGATAGTAACCCACAGATTATAACCCATAGAATAAAATAAATATCCACAAACCCATAC,"[[51343477, ""C"", [""A""]]]",yes,no,C->A,1
chr4,106362442,106362825,ATAGTACTAAGCTAGTTGAAAATTTTATGATCAATCATGAATTGTTTGGTTTGAGTGCTAATGGGTATGAGTCCATTTAGTCCTTTTGGGACTACTGGTTAGGATATAAACTTTGTTATCCAGGAATTATGTTCATTTTCCCAGGACCTCACCAGCCCTGCCCCATTTGTTTGTGGTTGATGAAATCATAGCATCTGGACTTTTTAGGGTGAAACAAACAAACAAAAAGCCAACTATTACATCAACTGAGAAAAAAATTATCACGGAACAGGAGGACAATGAGGACCATTTTTTTATACTTTATGCTATTCCCTTACTCTCACCCCAATTAAAACATTACATTTTCCTTTTCAGAGAGCCAAAGCTGAATGATAATTTCTCATT,"[[106362457, ""A"", [""T""]]]",yes,no,A->T,1
chr5,34606431,34606806,GAGCACTTACTAAGATGAAGTCTCCAAAAAGCTAAATTATGCTTAATCATGAAAAACAAATATAGCCATCTGAGACCCAAATGGGCTTCCTGGTAAATTACATTGCCCTCTGGCCCTGGAGCATTCAAATGCAAGCCAGCTGCTAATCTGTCAATAATGCCCCAGAAGGAGGTTGTATTGAGCCGAGATTGCACTATTGCACTCCAGCCTGGGCGACAGAGCGAGACTCCATCTCAAAAAAAAAAAAAAAAAAAAGGCTCTAGAAAGGACTGCTCTCTCTCTCTCTCTCTTTTTTTTTTTTTTTTTTTTTTTTTTTTTTTTTTTTTTTTTTTTTTTTTTGAGACAGAGTCTGGCTCTGTCGCCCAGGCTGCAGTGC,"[[34606473, ""C"", [""T""]], [34606801, ""G"", [""C""]]]",yes,yes,G->C,2
chr6,39004822,39005262,AATGTTTTTGAAGTTCATCCATGTTGTAGCGTATATTAATACTTCCTTGGTTTTTATTGCCAAATAGTATTCCAGTGCCACATTTTGTTTATGCATTTACCAGCTGATGAATAGTTGGGCATGTTCTACTTTGGGGCTGTTAAGAACACTGCTATGAACATTCATGTGCAAGTCTTTGTGTGGACATGTCTTTTCATTTCTCTTGTGTAGATAACTAGGAATGTTATGTAGTTATTGGGTCATTGGGTCATAATCTATTCTTAACATCTTAAGAAACTGCCAAACTGCTTTCCAAAGTGACTGCATCAGGCCGGGAGCAGCAGCTCATGCCTGTAATCCCAGCACTTTGGGAGGCCAAGGTGGGTGAATTGCCTGAGCTCAGGAGTTCAAGACCAGCCTTGCCAAAATGGTGAAACCCCCTCTCTACTAAAGTACAAAAAA,N,no,no,N,0
chr2,29326909,29327315,GGGTCTGGGCCCCACCCCAGGCACCATTCTGCCTCCTCCTTCCCCAGTCCAGGCTCCATTTCACTCCCGCCCCTGTGTGAAGCTTTCAGTGCTTTGAGGGAAGATGCCAAGTTATTCATCTCTGCTCCAGGATCTGGCACATTTTCCAGCTGCCTGTAGGTATTCTGGAAGCGTTGGTGGTTTCAGTGGCAAAAACATCAAGGGCTCTGCGGTGATTACTTCTGGAGAGGCAGCTGCGGGGAGCACCATGTTCAAGTGCAGGAGCACCAGCTGGGAGTCTACTCCGCCCCGACTGCCAGTGGGGCCTCGGCAATTTGTTTTCCCCTATGGAGTCCAAGTTTCCCAACTCATTCTTTCCTCTCATCAATGAAGAGTCAGTAAGCACAGACGCTGTGCCAGGAATCATG,N,no,no,N,0
chr1,176609590,176609942,CAGAGGGAACAGGAAGGAGCTAGCATGCCTGAACTGAATGAGTTAGGCAGAGAGGAGTTGGAGAAGACAGGAGACATAGAGCCCATGAGGCCATTCTCAATGAGCTGTGAAGCTTCCAGGGCTTGGGCAGCAGAGGGCCATCTGTGGTAGAGTGGTACCTGTGGATGATGTGTAAAGAAGTGGCTAACTGCCCTGACTACCTCAGAGGGATATTGTGAAATTCACATGAGATAATGCTTGTTGAAAGTGCCTTGTGACTTAAAGATATTTCATAAGTGGAAGTGTTTGCATTGGATTCAGTGGTGGATTTGATGAGATGATGGGTAATCTCAAGAAGACATTAAGGTGATTGA,"[[176609644, ""T"", [""G""]]]",yes,no,T->G,1
chr7,83005443,83005758,AAGGGTAAAACATTTTAGTTATGCAGAATGAATAAGTTTTGGAGATCTAAAGTACAGCATGGTGAGTATAGTTAATTGCAATGTATTGTATACTTGAGTTTTCTAAGAGAGTAAATCTTAAGTACCCTCACCACCAGGGGGACAAAAAAGTACAAACAAGCAAGCAAGGAAGAAAAGTAACTATATGAAGTGATGAATATGTTTATCTGCTTGGCTGCAGCAGTCATTTCACAGTGTACAGGTAGGTATATGAAAACATCAGGTTGTACACCTTAAATATACATACTTTTTATTTGTTAATTATGCCTTAAAAAGC,"[[83005454, ""G"", [""A""]]]",yes,no,G->A,1
chr13,57146491,57146745,CACAGCAATAAAAGCCAGCGGTGTGGGTCTCACACGCATCTCCAGCCCCGTCGCCATCGCGCTGAGCTCGACTCTTTTTACAAAAGGCCACTTGACATCCTCACTTGGCAGTTCAAAAGCCCCTTCAACCAGATGTGCGCAAGCCAAGCTCCGCAACTTCCCGTTCAGAGCAGGTTCTCGGTCCACCTCTGCCTGAATGAACCGGCGGGCTACCAAGGCCGCAGTCTCTTCCTCAAGGGCTGTCCACACTGGGTC,N,no,no,N,0
chr2,208853058,208853303,AGTTTCAAAGAATTTCTTGATTTCTGCTTCAATTTCATTGTTTACCCAAAGGTCATTCAAGAACAGGTTGTTTAATTTACATGTAGTTCTATGGTTTTGAGCAAGTTACTTCGTATTGATTTCTATTTTGAGTGTGCTGTGGTACAAGAGTGTGGTTGGTATGATTTCCTCTTTTTATTATTTTGCTGAGAATTGTTTTATGTGTGATTTTGTGGTCACTTTTAGATCATGTTCCATGTGCAGATA,"[[208853236, ""G"", [""T""]]]",yes,no,G->T,1
chr19,4959291,4959652,CTGCACTCCAGCCTGGGCGACAGAGCGAGACTCTATCTTAAAAAAAAAAAACAAAAACAAAAGCCACAGGCTGCCTGGGGCAGGTGACTGTGCTGTGGTCACCAGGCCTCTCCCCCATGTGGTCACCGCCCTCGCCCAGCTGTGTGACGACATGCTGCAGACATGTGCCCCCTGCGTAGGCATCTGTGCACCTGTGTACGGCGTGTCACTCCTCCCTGGCGTGCAGCCAGCCCGGTGGCATCTTCCCTGTTTGTCTGCTTGGGAAGTGGAGACTCCAGCCCTCTCAGCTCTGTCTTCTCCTGGCTTTCTTCCCCAGGCACGACTTGGTTGATTGAGCTTGAAGTTAGGAATCTGAATCCACC,"[[4959339, ""C"", [""A""]], [4959569, ""G"", [""C""]]]",yes,yes,C->A,2
chr13,86785444,86785916,TAAGTTCATTATTCTGGAGGCTAGGAAGTCCAAGATCAGGCCACAGCATCTGGTCAGCTTTTGATGAGGCTCTCATGCTGCATCATAATACAGAAGAGAAGAAGAAGGAGAAGCAAGTGTATGCAAAAAGTGACCAAACACAAGAGGCGGTCTTGCTCATCGCAATTCGTTCTTGTGGTAGTAACTAATCCAGTCCTAGGAAAGCAGATCTCGCTCTCTGGAGAATGGCATTAATGCCTCCTAATGGACTAATCACTTCTTAAAAACACCACCTTCCAACACTGCCACACTGGGGATCAAGACTCAACATATATTTTGGTGGGGACAAACCATATTTAAGCCATAACACTTAAGATTACCATTGTTTTATAAATAGATAAAGTGAGTTGAGTTGTATTTGACAGATTCTACTCAAGCCCTGAATAAACACAAAGAATTTATTGGGTACATTTAACATAAAAACCTAAATTACG,"[[86785756, ""G"", [""A""]]]",yes,no,G->A,1
chr12,85633436,85633910,TCCTGGAATGACTGATATTTCTACCATTCTTGAGAAAATTTATTCCTTTTCTGTCAAGTTCAGCTCAAGGATTGCTTTCTAATGAAATCCATCCTGTGCCCATAACCTCTGTGTCTCTCTTTTCTACTGAACTATCTTTCCTGTATGGGTTTCTGTAAAGGGTAATTAATAGGACACACACTTTTGAGTCACAGAGACCTTGGCATGAATCCAATTCTACCACTTCTAAGATGTGTGATTTCTCTCAAGTTATTTAACAATTCTAATCCCTTTTCTAGGGTAGTTTTGAGGTTTAAATGAGTGATTCATGTAAAGTGCTTAGCAATTAGGTTGGCACAGAGTAAGCCCTTAATAAGTGGCAGCTCTTTTGAACTGTAAGGTTCTGGAGACCAGGTCATCTTCGAAATCAAGAGTCTGCTTCTTCATAAGTGCTTGGTAAGTGTTTATAGAATTATTGCAATGAATACTTCTACTT,"[[85633492, ""G"", [""A""]], [85633684, ""A"", [""G""]]]",yes,yes,G->A,2
chr21,40453965,40454406,CTGCAACAGGGCCCTAACATGGGAACAAGGTTCACGAGTACACCCCAAATACCTGCCTAGGTAGGATAAAGAAAAACACATCCTAATGAGCAAACTTACGGACTGAAACAGAAAGATATATATAAGCCAATTAGACAGTCTGTCACCATGGCAAAGTCTGCTCATGATGAATCAGGGCAATTTTCTCTTTTTTCTAATCTATATCAAATGTCTAAACTCTCACCATGTTCAGGGGACTGTTCAGGTTTCATTCCCAGTTATGAAAGGCAGTATAATGAAACAATGAAGGTGTCAGAAACTCAGCCTAGTCACGTGTTCGTATGTGGCTTTAGCCATAACATGTGCTCTGAGTTTCTTTTGTTCTTCTGTGAAATGAAGATTACAATGCCCAAATTGAAGGATTGTCAAAAGGATGAAATGAAACCATATCTGTGAAAGTTTT,"[[40453967, ""C"", [""G""]]]",yes,no,C->G,1
chr13,86857026,86857410,AATAGCTTATCTTGAATAAGTTATACCTTTCTAATAAATACTTTAAAAGCAGTAACGATTTTTGTGATAGGCCAAACTGTAACATGACTCCAGTGTTTCTCTTAAATGAACAGTCCTGTATTTTTTTGAGTTGGAGTCTCACTGTGTCACCAGGCTGGAATGCAGTGCTCACTCCAAACTCCGCCTCCTGGATTCAAGGGATTCTCGTCTCTCAGCCTCCTGAGTAGCTCGGATTACAGATACGCGCCATCACACCCAGTTAATTTTTGTGTTTTTAGTAGAGACAGGGTTTCCCCAAGTTGGCCAGGTTAGTCTCGATCTCCTGACCTTGTGATCTGTCCGTCTCAGCCTCCCAAAGTGCTGGGATTATAGGCTTGAGCCACTG,"[[86857319, ""A"", [""C""]], [86857334, ""A"", [""T""]]]",yes,yes,A->T,2
chr16,88250523,88250764,ACCAAATCTGGGAAGTTTTATGTCATTTCTTCACGTATTTTTCAAGTGACTTTCCCTCTCATGCCTCTGGAATTCCATTTCCACATAGGCTGCACTGCTTGCGGTTTTTGCATAGGTTTCTGAAGTTCTATTCCTTTCTTTTCAATAATGTTTTCTCCATTTTTCAAATTAAGTAATTTGTTTTCACTTATTTCCAGGTTCTCTGATTCTTTCTTCTTCCAACCCCAATCTGTTTAAAAACT,N,no,no,N,0
chr9,74946767,74947052,TCTTAAATCCTTCATTACACAAAAAAAATCAAGTTTTTCTCTTTCCCTCTCAATGGCATTTACCATTTGTCTTGAATTTTGGATCTAATGTCATCAACAACAAAAAATGCAAGCAAGAACCAGTTACTCAATTGCAAAACCAACATTCTGGATGCAGTACAAAAGTTAGTTAACTTAATCACTGATACTCACATCACAAATTGCTTACTTTATTTCTTTAACAATGAAATAGTAATAACACAATAATTCAGTTGTAACAAAGCCACCAACAGAGCAAAACAAAAAC,N,no,no,N,0
chrX,29318140,29318480,GTAGGTACAGCATGCAACCACCACAAGGAATTTTGGCTTTCTCTTTAAAATGTGGACTTTTATGTGCCAAGATAAATTTTCTTTGTGGCTGAATGTTTTTCAGGAAGAGATTACTCAACTAATTTGAACCACATTGACCTATCTGTAATTTATGGAAAAGTGCAACATAATACAGGATTATAGAGGCTAGAGTCACGCTTGCTGAATACATATGCTGTACATTATTTTGAAAGAAAGAAAACATTTTAATACAAACTATGTGAATTTGATGACGCATTTTCCCTTTATTTCTGTTAGTATAAACCTGCCTATATCTGATAATTGTTGGTGGGCATGAAGTA,N,no,no,N,0
chr6,134310259,134310594,AAAATCCCTCCCAAGCACTGTAGCTAAGAGCCTATCTCAGGATTTTCTTGAGAGCTGCTGGGGAGGCAAAATATCTATCTAACGAAAATGGCTCATCATCCACATTCTGCAGTACTGAGACTAATTCCCCAGCACTGCCAAACCTAGACTGCTGAACTCCCTCATCCAAACTCTCTAAGACTTAGTGGTCAAAGTGCCAAAGGCATCCGTCTTACTCACACTCTGTGGCTCCTAAGACCATGCTGAAAAGTGAGGATAAGTAATAATTGAAAGACATTTTTAGGATTCTAGTTGGGAGGATACATAATGCAGATACTATATAGTTTTTGTTTGTTT,N,no,no,N,0
chr9,107263333,107263611,TGTTTTTTTCTTCTAAACACAGGGTCTCACTATGTTGCCCAGGCTGGATTCAAACTCCCAGGCTCGAGCAATCTTCCTGCCTCAGCCACACAGGTAGCTAGGACTACAGGCATGCCCTCACTGCTCCTGGCCACAACAGCATTACTCACAGCCAAAAGGTGGAAATAACTCAAATGTTCATGAACAGATAAATAGATAAATAAAATCTGGCATATTCTCACAGTGGAATATTACTCAATCTTAAAAGGAATGAAATTCTGATACATGCTACAACATGGA,"[[107263350, ""T"", [""C""]]]",yes,no,T->C,1
chr1,95911734,95911955,CTGTGGGGCTGGGCAGAGCAGAGTCATATTTCTCTTCTTGCAGAAAGCGAATAGGAGAAATATCACTGAATTCTTTTCCCAGCAAGGAATAACCCTGGGAAGGGAATGCATACCCAGTGGGAGGTCTCTAAAATGGCTGCTCTAGGAGTGCCTGTCTTATGCCTTTGAAGATAAGGGATGAAATATGACCTGGTCTCCTACAGCGCCCTCAGGCTTGCTAGG,"[[95911751, ""A"", [""G""]]]",yes,no,A->G,1
chr9,73124089,73124332,CATATATGTATATATACGTATATATACATATACACACACATATGTATATATACGTATATATACATATACACACATATATGTATATATACGTATATATACGTATATACACACATATATGTATATATACGTATATATACACACATATGTATATATACGTATATACACACACATATGTATATATACGTATATACACACACACATATGTATATATGCGTATATACACACACATATGTATATATGCGTA,"[[73124127, ""T"", [""C""]]]",yes,no,T->C,1
chr7,96097815,96098172,CAAAAATGAAGAGAAGGGGGTTATGGGTTAAGTTGCTGCCTTTTAACTACTTTGTAGCTATATTTAATAGCTGGAAACCTCTGGTTAAATTTGTGCTTACATGCACTCCTGGCATAGTCCTATTAAATCCATATGAAGCCAGATATGATTGGGTGCAGATGTGGTGTTCCTCATATTATGGTACAGGGCCAAAGACTTGAGACGTGGTGTTTTACATGGTGACTCACATTATGAATGGATTTACTAGAAGAACATTGCTGCTCCTTATTTATTGTAGTGTGCTGCATGGAACGTATTTATTTGAAAGCATTAAAATAAATGATCCTAGAGCATGTGCATAATGAGAGGACTGTATTCT,"[[96097874, ""G"", [""A""]]]",yes,no,G->A,1
chr3,143400733,143400971,AAAAAAGGTAATTCATTCCCTTTTAAAATTCTGTGTCAGGCAACTTTTAGTCACTGGGTGGAATCAGAGCCAAGACTAGAGTTAGGCAAGGGAGACATCCTGTCTCTCAGGATCGTGCAAGTGCTGAGCATTTGTATGAGCCCGAGAGTGAGTGCTTCCTTAGATTTTGCATCCTAGGTACCTTGTTTGCCTCCCCCAGTCCTGATCGTGGGTGAAGTAACAACTTTGCAATTGTTTTT,"[[143400771, ""A"", [""G""]]]",yes,no,A->G,1
chr7,158406897,158407261,TCTCTCAACATGGAATCAGGAAAATGCTGTAAATACTGGACAAAGTCTGTCCTGCACAGGCCTCGCCCACAGCAAACATGGAGCTGCCAGCCCTGAACAATGAGCAAGGCTGAGCGTGCTCAGGCTGTCAGCAAGGAACCCTCCAGGTAGACCCAGCAAGAGAACCAACATCCGCCTGTGAGGAGGTCGGGCTGCAGACAAGCCCAGCCCTGGGTCCTGCGTCCCGGGTCCTGGGTCCTGCGTCCTGCGTCCTGGGTCCTGGGTCCTGGGTCCTGCGTCCTGCGTCCTGGGTCCTGGGTCCTGGGTCCTGGGTCCTGCGTCCTGCGTCCTGGGTCCTGGGTCCTGGGTCCTGCGTCCTGGGTCCT,"[[158407044, ""G"", [""T""]], [158407121, ""T"", [""C""]]]",yes,yes,T->C,2
chr6,39952154,39952522,TGACTACTAACATACTCTGTGAATTGAATTCAGTGATCTAAATCAGTAGAGCTGCAGTTTATACATACATACGATGAGTAGTGTAACAGTCTCTATACCATGGGTCAGCAAACTTTTTCTGTAAAGGCCCAGAGAGAAAATATTTTAGGCTTGGCAAGCCATCTGGCCTCTGTTGCAACTACTGATTCTGTGGTTGGAGTGAGAAAGCAGCCAAAGACAATCCCTAACCAAATGAGCATGGCTGTATTCCCATAAAACTGTACTTGCAAAAATAGATGGCAGGAAGGATTTGACTCCCTGAAGCAAGGGGCTGTGGGGAGGATCACGTAGCCTGTGTTCGTGGAGTCCTTTTGCCATAGCTTTGGTCAC,"[[39952200, ""C"", [""T""]], [39952206, ""C"", [""T""]]]",yes,yes,C->T,2
chr2,182780129,182780594,CTTAGATATACCCAAATTCTTCTAGTGAAGAAGTTTGTAATATGGTTTGAGTATTTGTCCCCTCCAAATCTCATGTTGAAATATGATCCCCAGTGTTGGATATGGGGCCTGGTGGGAGGTGTTTGGGTGATGGGGGCTGATCCCTCATAAATGGCTTTGTGCCTTCCCCAGTGGTAATGAGTTCCTGCTGTGTTTATTCCTGCAAGAGCTGGTTGTTAAAAGGAACTTGGCACCACCACCTCCACTCTTTCTCGCTCCTTCTCTGTGTGACATGCCTTCTCCCCCCGTGCCTTCTGCCATGAGTAAAAGCTCCCTGAGACCTCACCAGAAGCTGAGCAGATGCTGGTGCCATGTTTTTACAGCCTGCAGAACTGCAAGTCAAATAAACGTTTTCTTTATAAGGTAACCAGTCCCAGGTATTCCTTCATTGCAATGCAAAACAGACTAATACAGTTTCTTTTCAGTA,"[[182780133, ""C"", [""G""]], [182780372, ""T"", [""A""]]]",yes,yes,T->A,2
chr22,50316628,50316904,TGACTTGGACCCCAGAATTATTAGACAGGAGAAAACCCAACACTGAACTCCCCGGGTGGCGGCCGGTGGGGCTGGACCCTAGGGCCTTCGGAGGGAAACGCACGGTGGCCAGAATTTCTAGAACGACCTCCCCAGGGGCTGAGCAGCTTTTACTCTCTGCCTATGGCTTCCAGGCTGGGTTGCCCTGACACTGACAGTGTGATGACCCTCCAGCCATCAGTGAGGGGCAGCAGTGTCCTGGACCAGGACAGAAGGGCCTTGGGTCCCATGCCAGGCA,"[[50316680, ""T"", [""C""]]]",yes,no,T->C,1
chr3,83053,83542,GAATTATTAGTTCCAACAAATGCATTAGCCAGTCAGAAAAAAAAAGTAAAACAAATACCATTAATATTTTGGATCTTAAAAAGCATGTTTATAAAAATCGCATTAGGGAAGTGCATAGCTTAGAAGATTGGCAATGAAAGACCAAACATTTTAAGTGCATGTAATTGGTTGACATCTAGCCAAAATTGATAACAAATGCAACTCATCCCCATCTGCTGATTTATGTAAATGAGTTGGTGATCTCATTTGGTTTGCTAGGAGACAGGTGTCTCTATTGCTGAAGCAGCTACTCAGTTGGCACTTAGCCCCAGTCTAAAGCAAAAGTCTTAAATTTAGCTGTGGCGTAAGGCTCAGCTTAAAATATGGTCCCTAAAATCCCAGGACAAGACAGTAAGGCCAGAACTGAAAATCACTGTAGGTTTGTGTCCTGTCTGTCCAAGGGCTGTCTCTGCCATGACAAGTACATTTTCAAACTGCTATGCATGCATTG,"[[83067, ""G"", [""A""]]]",yes,no,G->A,1
chr13,23707746,23708039,AAAAACAGTACATAAATAATAAATGAATGAATAAAATAAATAAAGAGTAAAAAAAAAATCCTTTGTTTTGTGCTCTTTAAAATATATTGTCAGTATTCAGCAGAGTCTGGTGCTTGAAGACATTATCTACTGCCCTCTACAGTTCGGGCTCCTCTTCCCACCTCAGGGCCTTTGGACATGAAGCTTCCTCTGCTCTTTCCCCAGACACCAAAATGGCTCTTTCCTTGGCCTCTTTCAAGTCACCTTCCCAGTGAGCTCACCGCTGACCACCCTATTTTAAGTTGTGTACTTCTC,"[[23707751, ""A"", [""C""]], [23707899, ""T"", [""C""]]]",yes,yes,T->C,2
chr13,73177040,73177298,GAAAGAAGTAGTTGTTGCCTAGGCTGGTCTTGAACCCCTGGGCTCAAGTGATTCTCTGGCCTTGACCTTCCAAAGTGCTGGATTTACAGGCATGAACCACTCCACCGGTCCTGGCTAGTTTCTTCTGTAAAATGAAACATGTCATGGCTTGATTGAATTTTAGATCAGCATGTGAAAACTCAGTGACCTGACAGACAACTGGGGAATGCTTCAAAAAAACAGCTCTTGTTAATAATGTTCACAGTGATGTCCTTTAAAG,N,no,no,N,0
chr1,221923916,221924324,ACCATGAAGGCTAAATTTGAATACATAAGAATTCAAAACGTTTATGTGGCAAACTCACTATAACCCAAATTAAAAGAAAAATAAATTAATAAAACATATAACATGGCCTCTTTTGACAGAGTACTGAGAAAAATGAGATGTCCGTGCTTCTGAGGAATAAAGTGTGGTTTCAATAATTCATGCAAGAAACATTTATTGAGCTGCTCTGAGTCAGGAACTCTTCTACGTGGCAAGGATACAGCTAAGCAGGGAGATGAGGTCCCTGATGTCACTGAGCTTAAAAACCATTTTTAATGTCATGGAGGAGTACTATGATGAAAATAAAGAGAGTGTTAGGGGCTCGTGAGGAGCTGGAGGTCAAAGAAGTTCGTTTTGAAGAGGCGACTGTTAACCTAAGGCCAGAAGGATA,"[[221924038, ""G"", [""A""]], [221924185, ""T"", [""C""]]]",yes,yes,G->A,2
chr4,72325365,72325600,CCTGTTCTGGATTCATCATCTGATAACATATTCCTAACTTTATAGTTGCAATAAAAGTTAAAAGTCAACAACCAGGCCTGTCACCAACACATTCATTCAGAGACTCATGTCTATCCCAAGAGGCTTCTTGTAAGGCAGCTGTTTCAAATTAGAAACATGGCTTTGCACACCAAGTTATAACATGTATTTAGTTCAATGAAGTTGAGATGTAAAATGCACTTTGTGTTAAAATAAGG,"[[72325381, ""T"", [""C""]]]",yes,no,T->C,1
chr19,31359070,31359367,TCTTTCTTTCTCTCTCTCTTTCTCCACCTTGAGGATGCTGTATCTAGAGCCCATATAGGGACAAGAAGGTAAGCAGTGAAAGCAGGAAAGAAGTAGAAGGCTGGCTGTCATCCAGCTGTGCATACAGTCCTATCTCAGCTGAACTGTGCACGGTGAATGAGGAAGTAAATGACAGGTGAAGGACCAAGAGAGTGAAGCTAGTCAGTTTATCTGAGGAGATAGGTATCAGTGAGTAACTTTAAGGATCACACCCACAGTGGGTGTGCCCCGCAGATGGATATATGTGCAGCAAGCGGTA,"[[31359077, ""C"", [""T""]], [31359308, ""G"", [""T""]]]",yes,yes,G->T,2
chr2,18188123,18188351,CCTGTACAACTTTGCCTGCATTGCTCTGGGACTGTGCACACAGCTTTGGATTCCGCAGGTGCAGAAACACAGCTGCAGCTGTGTGCTCTAGGTGCAGAGGGGGCAGGGATCCCAGGTGAGGGACAACTTGCCTTCCTTGCCAAAAGGTGACTGTCCTGCACGTGCTGATTGTAGGTAGGGACTGAAAAGTGACAGGGCCAAAAGCACTTTCAGAGAAACTACAGGATGA,"[[18188128, ""G"", [""A""]]]",yes,no,G->A,1
chr9,6798279,6798558,TTCTTGGATGTTTCTCGCAGAGGGGGATTTGGCAGGGTCATAGGACAATAGTGGAGGGAAGGAGGGAAGGTCAGCAGATAAACAAGTGAACAAAGGTCTCTGGTTTTCCTAGGCAGAGTGTTTGTGTCCCTGGGTACTTGAGATTATGGAGTGGTGATGACTCTTAACGAGCATGCTGCCTTCAAGCATCTGTTTAACAAAGCACATCTTGCACCGCCCTTAATCCATTTAACCCTGAGTGGACACAGCACATGTTTCAGAGAGCACAGGGTTGGGGGTA,N,no,no,N,0
chr2,226204448,226204720,GATCTACATTTATCAGAGATGTTGGCCTGTAATTTTCTTTTCTTGTAGTGTCCTTGTCTGGCCTTGGTATCAGTGTAATGCTGGCCTCATAAAATGAGTTTGGAAGTGTTCCCTCCTCTTCAGTTTTTTGGAAGAGTTTGACAAGGATTTGGTGTTAATTCTTTTTTAAATTTTTGGTACAATTCGTCAGTGAAGCCATCTGGTCCTGGTTTTTTGTTGTTGTTGTTGGGAGGTTTTTGATTACCGATTTAATCCCCTTACTTGTTACTGAAC,N,no,no,N,0
chr8,101624515,101624970,GTTCACAGTAAGACAGTTCAGAGTACACAGTAGGACAGTACACAGTAGGACAGTACACAGTAGAACAGTTCACAGTACACAGTAGGACAGTACACAGGACAGTTTACAGTACACAGTAGGACAGTACACAGTAGGACAGTTCACAGTAGGACAGTACATAGTAGGACAGTTTCCATGACACAGCAATTAGTAGGACAGTTTCCAAGACAGTAGAGAAGTTTCCATGACAGTTTCCAGAGGCCTGTTAACTCAATAGACACAGTTGAATAGAAATGGTGAAATATTGAAGGTACAGACAGCATAAGCAATTTGCCCAGAGACACACAGTGAGAATGCAGAGTAGTTAGATGGAAATCTAGGCCTGATTTCAAACTCATTCTCCTGGAATTGATAAATAACTTTATACATAAAATACCGAAATGACAACTGGCCATTCAAAACCTCAACAAAGAGCCA,"[[101624844, ""G"", [""A""]]]",yes,no,G->A,1
chr4,91471281,91471766,AGAAAACACTATGCTATGGAAAATACTATGCTGTGGAAACCCTATCCAGTAACTTTACCATGAGTGTAATCTACCCAAATGAAGTGCTGGACCCAGACTGTGTGCACAGATGGCTGAAACAGTCAGACCTACACCTAGGAGATGAGATCATTCAGGTTCACCGTGACCCAGCCGCGCTGGATGGATCTGGATGTGCTACTCTCACGGTTGTCATGAGGTAATATGGATAGGCTATTAAGAAAGCCGTGACGACGCACTCCCCTGAGACACGGTCTGCTTGTTTTGCTGCATGTAGTAAACAGCTCTCTCACTAGATCTGACAGCACTTGGTGGTGATATTCTTTTCCCTTCAGACTGACTGAGGAGGATTTCAGAGGTACCTACAGCATTAAGCCTTTGCCTGTAGGATGTTATAATTTTTTGTGTGTGTTGCATAAGGATAAATTTTTGCCATGTTGCTGTAAAAACATCTAAAGAAGGAGATCA,"[[91471364, ""T"", [""G""]], [91471519, ""C"", [""G""]]]",yes,yes,T->G,2
chr12,47839545,47839917,TGCTGGAGGTGTCAGACAGCAACCATCCTTCTTGTCATCTGCAGGGACCATGGGGCAGGCAGACCGACCTGCACTGCACAGGCAGCCTGCAAGGAGCCTGGTAGAAGCTGGGGAAATTGAAGGGCTGTGGTCACTCCTGGCAGGCCCTGTTTGCTTGCTCCAGGGCTAAAGGAATCAATACTCCTAGCACACCAGTGAGCTATTTATACCACATGATGCTTTGAGCCTATCAACCCCATGGTCTGTGCAGTGTTTTTGCTTTATGTCTCTTTTAAGAAGCAGACTCATTCGAACTACCCCAGGTGTGGCATAGCCCATTGTAAGGGGAGGATGTTCCCTATAGCACTTCCATATGATGTCAAGTTAGTGGCCA,"[[47839566, ""T"", [""A""]]]",yes,no,T->A,1
chr14,106665894,106666103,AGAATGCTGCAGAATCCTGCAAATACAAACCTGACTTCTCCAGCTGATGAGAAAGGAAAACTACCCCAGCATCTGCTCCTGGGACCTGTCCTGTCCTCAGTGGGTTTTGACCGCCCCCGGTGGCCCCGCGCGCCCCTGCAGGGAGGTTTGTGTCTGGGCTCACACTGACCTCCCCTCACTGTGTCTCTGGTATAGTAATACACGGCCGTG,"[[106665907, ""G"", [""A""]]]",yes,no,G->A,1
chr16,68811111,68811494,CCCTAGGCTGGGTGTGGTGGCTCACACCTGTAACCCCAGCACTTTGGGAGGCCAAGGTGGGCAAATCACTTGAGGTCAGGAGTTTGAGACCAGCCTGACCAACATGGAGAAACCCTGTCTCTACTAAAAATAGAAAATTAGCTGGGCGTGGCGACGCATGCCTATAATTCCAGATACTTGGGAGGCTGAAGCAGGAGAATTGCTTGAACCCGGGAGACAGAGATTGTGGTGAGCCGAATCACGCCATTGCATTCCAGCCTGGGCAACAGGAGCAAAACTCCGTCTCAAAAAAAAAAAAAAAAAAAAAGATAACCACACCCTGACTTTTGTGGTAATCATTCCCTTTCTTTTCTTTATTACCATTTGTGTATTTATACCTGGATA,"[[68811131, ""T"", [""C""]]]",yes,no,T->C,1
chrX,23936968,23937441,TATCCTACTGAGTATCCAAGAATAAGTAATTTAAGAGCCAAATAATTAGCCAAATTATTAATCAATTGAAGAGAAAAAATACTTTCATAAAGCCATCTTTGAATGCAGTTGTAGTTTAGCATCTCCCAGAAGCAAACCCTGAGACAGAGATTTAGGAGGTGATCCCAGGAACAACTGAAGGGAGAGGGTAAAAAAGTGGAAGGCAGCCAAAACAGTGTGTGTTAGCAAGCAAGTTACCACTGTGGGTAACTGGAGCTTAATCTCCCCCGGGAATGTCAGAGTCAATGTAGAACATGCAACTCAGAATTATCCCACAGGGGGCAGGGGAATTACAGTATTGATACATCAACACCCATCAGTCATTGGTTAAGGGTTGCTTAGGAAGGGACATATTAATTCTCGGGCACTTTTGACCTCCCCTGCACATGGGCTTGCTTTTCTTTTCTTTTTTTTCTTTTCTTTTTTTTTTTTTTT,N,no,no,N,0
chr5,150397826,150398084,TCATCCAGGTGGTCCATGGATGGGACAGAAATCATGAGTTGGCCTCCAGGGGGCAGGTGAACTGGCCCTGCTGGGTGATCACCACAGCTGCCAGCCTGTTTTATTTTTATTTTTTGAGACAGGGTCTTGCTCTGTCACCCAGGCTGGAGTTCAGTGTCAGGAACGCAGCTCACTGCAGGCTCAGCCTCCCAAGCTCAAGCGATCCTCTTGCTTCAGCCCCCCAAATAGCTGGGACCACAGGCGTGCACCACCATCCCCA,"[[150397864, ""C"", [""T""]]]",yes,no,C->T,1
chr4,79638659,79639119,TGATTCAGACTCTTCATTACACAACTGTGAGGAAGATAAGCTTGATAAGAGCAAAGATTTCCTAAAATGTCCCCAGTTGTAGGACTAACACAATTCATCATTTTGTTTCATAAGAAGACCAATAGAAAATTACATATTTTAAAACTGAGTGTCCAAAAAAGCATTTTTTTTTTTTTTTAGTTCTCATGTCCTATATTCTGTTCCAATCACTTTTGTCTTCTTGCTGCATTTGGACACAGATGAGCACACTACTGTCTCAGGGCCTTGCACCTGCTGCTCCCTCTGCCTGCCATACTCCTCCTGACATCACTATGCTTTACTCCATCCCCCTTCTTTCAAGTTTCTGTTTAAATATCTCTTCATCAGAGAGACCTTCCCTGACCACACATTGCAAATTATCAACTACTTCTTTTACAAAATCCAGCACTCTCTCCCGCTTTACCCTGCTTTACTTTTCCTCC,"[[79638671, ""C"", [""T""]], [79638741, ""A"", [""G""]]]",yes,yes,A->G,2
chr2,192419342,192419616,GCCTGGTGGATAATTAGGTTTAAGAGCTGAACATGAAGGATTATTGATTTGTAGAGTAGAGGAGTTTTGATTCCTCTGACTTTCATATCTTCATACATTATTGAAAAAGGTCAAAGGTGTGCATGCTTAGGACCATTACATCAGCTTTACAGTTCTCTAGGGAACATAGTGAAGTTTGCTATTCAGCTACTACCATTCTCTACTCAGGCATTTGTTGGAGGAGAAAATAGGCATGTGCAGGGAGCAGAGGTCACTGCCATGTTCTTGTATAAGGT,"[[192419463, ""T"", [""C""]], [192419569, ""C"", [""T""]]]",yes,yes,T->C,2
chr1,149384880,149385307,CTCATACTTAGTTAACCATTTTGAATTCCACTTAGTAAGAAAAGTTTCCATTTTCTTTTTCTTTGGGGGACTTAGATATGATCTGCACCTAGATGGTAAGAAGATTTTCCATATTTTGAAGTAGAAACTTTCTGTATGCCTGAATCTTGCTGTCAAGAATGTCTTGGCTAATCATGAAGGAAGAATATAAGAATGTGAGTAAAAACAATTCAACAGTCCCTGAGAACAACGTCAATAAATATTCAAAATTGCATAACCATTTTAGTGACTAAAGCACTGAGACTCATCCAATAATACTGTGGTTTGATAATTACACAGTTGTGAATTTATGATACTGTTAAATTGGGGAGACATCTTGGTGCATACAGGTCAACCCTTTCATACATCATTATATACAAAAAGTACACACCTACTTAGGAATTGAAGTG,N,no,no,N,0
chr10,35735435,35735790,TAAGAAGTTTGTCTCCCCACAATGTGTACATGTTGATGTCTCTGTTCAGTTAACTTCTTTTTATTTTTAAGCCTTGTTTCCTAGGGTTTGTTTCCGTGTCTGCCTGTCTTGGTATTCAGTCAAAGATTAGTCAGAGGCTGAGCTCAAATGCCTTAGGTCAGTAAGGCTTCTCTACTTTGTGCTGCTGGATCTACATGTGAGTCAGGGAGCACGTTCAGTCTTGGTCCACTTTCGAGTCCACTCCAGGCCTTATTCTATGCCAGGCCTCTTGTATCTCCTCTGAGCATGTGCAGGGCTCCATCATCTAGGAATATATGGGTGGGTTGGACCTCCCCTGGTCTGTGTTGCTCACGCGC,"[[35735436, ""G"", [""A""]]]",yes,no,G->A,1
chr5,158361279,158361724,AACCAGTGTGGAAGTATAAAATACAGATTGCTAGACCAAATCTTGCCCCTTAGGACTTTAGAGTTGGTTAGGTCCTCAGGGATTTGCTAGTCCAATTTCCCCCTCCCCTCCCTTCCCCTCCCCTCCTTTCTCCTTCCTTCCCCTCTCCTCAGAACCTTGGAAGCCTCCTGTGTCCACACATATGGCAGGCCAGAAATGCCTGGGGAATTACGTCCTTATCCTCCAGCAGCTCTTAGCCAATGATCAACGTAATTCATATGTAAGTACCCTGGTTTCCTCACCATCAGCCCCCACAATTGCTTGTTTAATAATTTGGAGGCATATGTTCCACACTGGCTCCCAGAATTCCCAACAGATGAAGTGCTCTTGCACCTTGCACATACTTCCACTGCTTTTTCCAGCACAGGGGTTCCTAAAGATTTGTTAGCTGTGTCCTCTACCAGGTG,"[[158361334, ""T"", [""C""]]]",yes,no,T->C,1
chr19,2373654,2374003,CATGCCCAGCTAATATTCGTATTTTTAGTAGAGACAGGGTTTCGCCATGTTGGCCAGGCTGGTCTCGAACTCCTGGCCTCAAGCGATCCACCCGCCTCAGCCTCTTAAGGCGCTGGGATTACAGGCATGAGCCACAGTGCCCGGCCAACTTTTGCTTTCTTTGCCGTACACGTGGCCTAGGGAGGTTGCAGCTTGGAGGTTTTCAGCCAACTTTTTGCGAAACTAATACACACCATGCTGATTTATTCTTTAGGAAACTTGTCAGCTTTTCACTGAAGCAACAAATGCTTTTGTCTGTACCAACTATTTGCAAAGTGCTTTACAGGGAGATCTGAGCAAGGCAGAGAGGT,"[[2373689, ""G"", [""A""]]]",yes,no,G->A,1
chr16,64380619,64381104,GAAATCATAATTGATTTCTTCATTTATCAAAGAATTACTAGTCATTAACCTGCATTTGTCCCACTTGTTGGTGGATAGGTATAAATAAATATACAAAAGAAACCTTATTGAGTACAATTCTAGATAGGATGGGTAAAATATAATCAGTAAACCCAAGAGATAAATACAATTGTATGGTAGCTACTGATGGCAGCAGTGGCCCATCTGGAATAGCTGTTGCCAGGATGCTGGCTTCAATGGGGGAGGTGCAGCAGGGGTTGGACTTTGTGGGGCTCCTGGGAGCTGAGAACAGGCAGGAGCCTCTCCCCTTACCGTCAGGGGGAGCCCCGCCCTCCCAGGCACAGCTGCAGCTGCCCAGCCATGGCTTCGGACCTGGGCATCCCTGCACTCTTGGGGGCTCAGGAAGCCCTCTGTCCCCACAGGCTCAGAATTGCCTGCTCCCACTCCCTGGCCTCTCCCTCATGCTGGCACCTGCTCTGATTTTGG,"[[64380749, ""A"", [""G""]]]",yes,no,A->G,1
chr2,29386893,29387346,CTCTTCTTGGTCTGCTTCCATTTTCTTTGCTTACACCCAAGTGGTCACAGAATGAGCCTATTAGGGTCCTGCTTTTGTCCCTTCGGCTGGTGGCAATTCTACTTAGGCTTGCAGAAGGGAAGGTTATGTTCTGACCTAGAGCCTCCTGGAGACAAACGTACAGCTGGTTCCATGTGTTGGGGATTTGTGACTGTCTTATCACTGGCGCTTCCATCAATCAATGTGACAGTGTGGGGTGTCCATCTGGACTTTAGGAAGTCAGGGCACTGTATGGACAGCTTGTCACAATCCATTATCTTCCCTGTGTCTCTCTGGAGCTCTCCGGTTCCGGTTCTGGCTCTGCCCCTCATTTGCCTGATGACTTTGAATAAGGCACTTCTCTCCAAAAATGCCTGAAATGTTGGATGTTTTCTGATCAATTGTATTCTGCCTCCAACTTTGCATGAATTTTTTG,"[[29386908, ""C"", [""T""]], [29387098, ""T"", [""C""]], [29387157, ""G"", [""C""]], [29387222, ""A"", [""G""]]]",yes,yes,T->C,4
chr7,102310532,102310945,CCATCCAGGAGAGATGCCAGGCCAGGAATAGGAGGGATAGGCAGCCCGACAGGCTGAGCAATTGGCAGCAGCTCTGCTGGCTAATGGGGTGAGCCAAGCCCCGGGGGGAAGGGCCGCTGCTTTCTAATTAACAGCTTCATTTAAAGAAACACAATTAAGGTCCTGGGCGCCTCCCAGGCCCTGATCCACAAAGTGATTGTAATCCCTCCTCCACCGCCCTCCGGACCATCTGCTCTGCAAACTCTTTCCCCAGCCGCTGTGAAGGTGAACCTCACTTAGTGGAATTTTCGAGCTGGCAGGGTCCCAGACACCTCATGTCACAAATCGGGAGAGAAACCTTCCCACCCTCTGAGGGTCTGCACGGGATCCCAGGAGGAGCCCAGCCCCTCAAGGATAGTGGGCAGGGATCATGGG,"[[102310559, ""G"", [""A""]]]",yes,no,G->A,1
chr4,185017353,185017775,TGTCTGCGCTCTCCCGCCCCCAAACGTTAAGAAAAGACGCCAGCGAAAGGGAGACATAAAAAGTTAACAATGCTGTGAAAATATGTTTGCAGAAAATAGACAATCGTTGGATTAAACGTATTCAAGTATGAAATAATGCCTTTTTGTGTCAAAACTTGGGCGATGGGCGGGTACAAAAGTTCCCTGTGGCAGCTACTTGCTCCCTTTGTGAGCCGTGCGCTTTGGCGTCTCCACTTGGGCGCATTACTCAGAGCCCTCTAAGCGCGATTGTTTCTCCCTTTCTAATGACATTTACCGGATCAAAACATGCTGTTAATTCGATCAGAAGGCTTCACCCTCCCTGACAAAGCCACAATAATTTCTCCTGAAGTTTGTTAAATTGACCAAAATTAGGCAAATGAATAGGGGTCTGTAGGCGCCCCC,N,no,no,N,0
chr1,43019254,43019621,AGAGGCTGTGTGCGCAGCAGGGCCGGGGGAGTGGGAAGATGGACAGGAGGGGACGGCCTTGTGAAAGACCATTGCAGGGTTTGAATGAACAGGATTTGGCAAATGATTGGGTGTGGTGCAGGGGTGGGGTGAATGAGCAGGGGAAAGACAGAATACCAAGAGCATGGTGCATCTCAGCAGGAATGAACATCTCTAGGACATGTCTTATTTAGGAAGCATCAAAAGGGTGAAACTAGCAGGGAACATTATGTGCTGAAGAGACCAGGAAATCTTTTCTGAGCATTAGTCAGTTGGATTTCTCTTGCCTTTAGCTTCCTTAAAAATTATAATAAAGTCAATTTTTATTTATTTTATTATTTATTTATTGA,N,no,no,N,0
chr8,133669076,133669472,AGCCTTCTGTTGGGCAATTCCAGCTACTCAAAGGCACTGCTAAAGGTTAAGTTAATGAAACCATGATCATATTGTAGCTTTTTACCTGCTTGCCAACAAACACCTTATTGAAGACAAGCCAACTCTGGGCCATGCTGAGGTACAAAGCAGCCTTGGGTTTACCCAGTGGATTCCCTCGTGACATCAGATAGACTAAAGGAGCAATTAGCATTGGACACCTCCGCACAACGCTGAGGACGGCTTTCAACAAGCCAGCAGCTGCTGCACTCCCATTAGTTAATGTCACCATTCCTGCATTTATTCTGAATGATAATTACAGTATGTACCAATGTGTATTTTTAACTGCTCCTCTTAAAAAAAAATGGAAAAACAGTCATTCTCTTTCTACAGAGGCTCA,"[[133669102, ""A"", [""C""]], [133669313, ""T"", [""C""]]]",yes,yes,A->C,2
chr7,81415225,81415618,TGCCCTTTCTATCTTTGCCATTTTTCTTTATTATATTTCAGTTTATTCCCCAAGTATCATACCTTTCTACTCTCATGGCATTTTTTACATTGTGTATTAAATGACTGTCCATCTTTTCCACTGATCTCAGAATTTGGTGGGGAAATCAGGAAATATCTTTCTCCTCCATTGTATCTCGAGTTCTTTGCACATTTGGTGGTACAATATAGTCATTCAATAAATATTTGTTGAATCATTGACTGCATGCAGTAATGTATAAAAAAACTCATAAATGAAGCACATAACTGTAACTTAAACTATTACTTTCATTCTGGAATGTCACCAACAAGGATTCACTTCAATATATGAAATTATAGTTTGTGAAAAAACAAAAACAGGAAAATATGTGCTCCTG,"[[81415291, ""T"", [""C""]]]",yes,no,T->C,1
chr5,63923893,63924272,CTGATCCCAGGCTACTGCACTCCAGCCTGGGAAACAGAGCGATACTCTGTCTCAAAACAAAAAAACAAAACAAAATAAAATCCCTCCATCACTGGATACAGGTAATGGTGCTGCTTCACAAGAACTGAAAAGGGAAGAGTGGTGGACAGCTGTCTGGGAACAGAACAAATGCATTCCATAAAGCCAGTGTAACAACTCAGCTGAGCAAACACCCTTAGGAGGAAGTATGGGGCATTGGCTGGAGTCCAAGGGACTGTGTTCATATTCTAGTTCTGTGTCCTTGGGAAGTAACTGGTTGTTGATTTTTTATTTCCTTTCCACACATAAATCTCAAATGTCACTAATCCGAGACTTGTTGTTTTAAATTGTTCCCAAGGACA,"[[63923920, ""C"", [""T""]]]",yes,no,C->T,1
chr8,113037904,113038238,GGGGTTGTGGAAAAGGAATCAAAATGGAATGGGGTGGCACCAAGGGTCATGTATTTCCATTTGGAAAATAATGGAAACACCCGTGCAGAATGACAGCTGGTGGCTGGGACTGTCATAGGGAAAACATCAGTTCCACTCAATGGCTCAAACCAAAAGGAAGCCAGAGGGCAACAGGGTCTGCAGACAATTAGGCAGAAAATAGACTGGGGCAAAAGGGCAGGAACAGAGAATGAGTTACACAGGTGTCAGTCAACATACGTATTACTTATTTAAAGATATCAAAGATGAAAGACTGTCTAGTAACAGTAGAAAAAAACTGTAGTTGGAATATAAAA,"[[113037906, ""A"", [""G""]]]",yes,no,A->G,1
chr7,21373733,21373999,CCCGCCACATGGAATCCAGCTAATTACCTTCAATTACAGTTAATTGAATTATGTACCCGTTTCATGGTGATAGAACATTTTTATATTTTATTCATTATCTATCTTCTTGACCACTACTTGCTAATCCTTACAATAGTCTCCTCCTTATTCATAGTTTCACTTTCCACAGTTCCTTTGGTCAACCACCGTCTGAAAATATTACATATAGTAAGATATTTTGAGAGAGAAAGAAAAAAATAAGACCACATTTGCAGAACTTTTTTTACA,"[[21373736, ""A"", [""G""]], [21373940, ""A"", [""G""]]]",yes,yes,A->G,2
chr2,209505471,209505692,TTTGTCATACTTACTTCATGTTGATTTTCATGCAGTATTTGCTTTTATATCACAAACAAAATCAAAACCCAACTTTGCAAAGCTGTAACATCATTGAAAGGAATGTAGCATGATCTAATATTGAAACTGCAAACCACTTTAATAGTTTTTGTGCTGCCTAATGGATACTGCTGTGGGTTTTTTGTTTTTGTTTTTGTTTTCATATATTGAAAACATTTTGGC,"[[209505479, ""T"", [""A""]]]",yes,no,T->A,1
chr1,10893202,10893669,TCACCATGTTAGCCAGGTTGGTCTTGAACTTCTGACGTCAGGTGATCTGCTTGCCTTGGCCTCCCAAAGTGCTGGGATTACAGGCACGAGTGGCCACACCCAGTCCCCTCTACCTGCAGTAGCATTTTTTTTTTTTTTGGCCAGGAGACTTGCCACCTTTTAACAATGTTAAGATTATACTTACTGTGTTTACTGTCTGTTGCCCCAACTAGAATGTAGGGCAGAGATTTTTATCTGTTTGGTTCACTGCTATTTACCTATCATTTGTATATGTATATATACATATGGCGTAGTGGCTAAGAGCTCAGACTCTGGAACCAGACTGCTGGTTCAAGAACCAGCTTTGCTACTTTCTGTGTGATTTGGGGCAATTCACTTGACTTCTCTGACTCTCAGTTTGCTCATCTGTACAATGGGAATAAGCCAGGCACAGTGGCTCACACTTGTAATCCCAGCACATTGGGAGGC,N,no,no,N,0
chr2,82618960,82619185,CTTAATGCTTGAAAGTTACATTTGTTTTATCTGAGTTTCTCCCTCAGGAAATGACCTTCAGACCTCTCAAAAAAAGATCAAAGGACTGAAACTCATTAGGTCACCACATCCAGACAATATGTTGGACTCTTCATACATCATGGTTACTTCCTTGCTCCTCCGTCGTTCTTGTTTTCTTACATAGAGTTACATTTCTTCCCTGCTATGTAAACCCCTAGTTGTAGTC,"[[82619000, ""T"", [""C""]]]",yes,no,T->C,1
chr15,86623244,86623688,ATGGGTTTGGAGGAAGGCAGGAGCCCAATCATGTAGAGCCTGGTTGGCCAGGGTTGGGATGGGGCCATCATAAATGCTGGATGGGATCCAGTGTGGCTGGCAGAGCACAGGGTTTGAGGGCAACAGCTACTGCTAGCTGTGATTCAGAAGGGCAGTCTGCAGTGTGAATTGAGACCACTGTGGCTGGTTCTCCAGACACTGGTACAGCTGTCTAGGATATGCAGAACTTTTGCCTCGTTTTCCAACTCTAGGTTCTCTCTACTGCCATTCTCTTTGTTCACTACCCAAACTGTCCTCCAACCACAGGAATGTCACCAGCTCTGGATGCTTGTTCTTGCTCTCTTTATTTTATTTTTGTTATCTGATAGAAGCAGACAGTAATACTCTGAGATACTTCTAGGAACCAGTATATGACAAGAGATGCATTTCACCCTGTCAGTTCCTC,"[[86623245, ""C"", [""T""]], [86623268, ""T"", [""C""]]]",yes,yes,T->C,2
chr4,40143953,40144324,CCAAAGAATTCGATAGCATAGCTTAAAGCCAGGAGTGTAGCGCAGTCGAAGTTCAAAGCCTCAGAACCAGGGATACTGACTGCAGCCCCCAGTCCAGGGTCAAAGGCTCAAGAGCCACCGAGAGGCAGCTGGTGCAGGTTCCACAGTCTAAAAGCTGAAGAATGTGGAGTCTGAATTCCAAAGGCAGGAGGAGAACATCTGCCTGTTTGTCTTAGCCAGCCTCCAGCTGCCCACATGGTTGGTGCCTGCCCGCATGGAGGGGAGGTCTTCTTTCTGTCCACTGACATGCAGGGCAATCTTCTCTGGAAACACCCTCACAGAGACACCCAGAAACAATGCTTCACCAGCCATCTAGGTATCCCTCAGTCCAGT,"[[40144072, ""A"", [""G""]]]",yes,no,A->G,1
chr8,130881558,130881993,CTTTTATGGTCCAGACTTGTTCTCAAGAAGAAAGGTAGGGCAGTGGCAAGAGAAAAGGCTTTAGAATCATAAATATTGTATGTATTTAAAAAATTCTAAGATATATATTCTTAATAAAAATGTTCAATTTTCCTTAAAATGTACACCTTAACATCTCTGAAATCAGCATGCACCTTATTATCAGGGGAATCCTAAAATCTTGAGTTCTTTCCAGGGAGGTTTGCAATTGCTTCTGTGGTCACCAGGTGGCAATATCAACCCAGGATCATTTTAAATTAAATTCTCTGATAATTTTTTTTTTTTTTTGTCCACATTCAAAGTGTGAATTCATGCAGCAAACCTATGCAGATTCCATTTCGGAGTTTAAATTCTTGGGGAGCTTCTTCCCTTTATTAAATCAATACCAGGGTATAGGCATATGGGTTTCCTCACTACC,"[[130881580, ""C"", [""T""]], [130881604, ""G"", [""C""]], [130881707, ""G"", [""A""]]]",yes,yes,C->T,3
chr16,1642224,1642560,CTGGTTGCTTTTCCCCTTGGCCCTTCTCCCCCAGGCTTGTGTCTGATGACCTGGGAACCCTCCCTGCCCCAGTGGGAGCAGTGCCTGCTGGGCCAGCACAGGCCTTCCCTCCAGTCCCAGCACAGCAGGTGTTGGGCATCATTCCCAGGCTGTGTGTGAGCTGCCACCAGCCTGCAGCCAACGACTGTAACTGGGTGACCACAGCCACCAGAAAGTGCAGCCAGCTTGCCCCAACACTGGACAGACTTCCCAGAGTGGGTCTGGGGTACAGCCAGGGGCCGCCAGCCATAGGGAGGGTGTTCACCGCCTTGCCCAGGCGCCCCTCCCAGCTTCAGAG,"[[1642363, ""G"", [""C""]]]",yes,no,G->C,1
chr4,33477802,33478129,CTCTTTCCATAATAGGACACAAGGGTTCATGGGTGGTTAGCCTCAAAGACAAATATTAGTGATGAACATCATGCTGTACTCAGAATTGCTTCTCTTGACTGATAATGAAAGCTTTTTCACTAAGCCACGCTTGACTGCCTGACTCTTCCATTATGATGAGCCCTCTCCCAGGATGCTCCTCAGGGGTTTATTACAGTTGACTTCTGGATCAGGCTGCCAGACATATAGAGACACGTCTGAATTCCACGTATGAACAGAGCATAGACTAAAGCTGTAACACCTTATCGTCTCCCAGGCTGCTTCCAAGCTTCTGAAAACTGGTTTTGCC,N,no,no,N,0
chr6,1354645,1354846,TCAAAAAGTCTGAAAGACAAATAGACAATCTAAGCTCACACCTCAAGGAGCTAGAGAAACAAGAACAAACCAAACCAAAACCCAGCAGATGAAAAGAAAGAACAAAGATCAGAGCAGAACTAAATGAAATTGAAACCAACAAAAATACAAAAGACAAATGAAACAAAAAGCTAGTTATTTGAAAAAACTAAATTGATAGACC,N,no,no,N,0
chr5,30897569,30897924,GAAACCCTCCCGGTTATCAAATACCTTCTCTTGTCAGTTTGCAATGTATTCGTCAATAAAAGTCCTGCTGCTGGAGCATTCAGTCAAGGTGGTCTGAGTCTCAGCAAGATGGAATGGCAGCCTATGGGGAGCAATTGAGCCCTTTATAAGTTGCCCAGGCTGCAGCAGAAGGACCACCTGCTGTCTCACAGCCTCAGGGAGGCTCAACTCCCTGCTCATTCTGAAATAATTTAGAGGCCAGACTGGTGCACAATAGCACTTAGCTCTTCAGTAAATGGAAATAATTTTAAAAGGACTATTAAAGTATTGGGAAAGATTTTTTCTTCCTGTAAAACTTGTGTTTTATTAGTGTAGGA,"[[30897572, ""G"", [""A""]]]",yes,no,G->A,1
chr4,111961820,111962167,CAGAAAAGATGCATGTGAATATTCAGCATTACAAATGAAAGTTCTTTACTACCATAAAGCACTTGAGGTTTTCATAATTTGAATACTCCTAATATTAATTGTATTTGTGGCTAAGATGAATACAGAAGCTATCAAGCCATTTCCAGTGACTCATATAAAAGATGGCTCTTAGAGCTTCATCTTTCCTCTAGGTACACTCACTCCCTTAATGATCTCATCCAATTACTTGGCTTTCAACATCATCTATATACTGATGATTCCCAAATTTATATCTGGAGCCCAGATAGCAGCAACTCTGAACTCCAGACTCATACGTCCAGCTGCATATTTGACATCTCCATTTAAAGT,"[[111961933, ""T"", [""A""]], [111962044, ""G"", [""A""]]]",yes,yes,T->A,2
chr9,86909417,86909760,TGCAAATAAGAGAACTAAAGGAGACATCCTCTGCAATTACTTCCAATCTCAGTGTATGATAGCATGAACAATCTAGCTTTATCAGGCAACTGTATTCATAGACATAATCAGAAGAAGGAAAATTCCAGTGCCAGGAAACCTTTTGGTTATTACAGATGTTTGGCTATGACTCATCCAATCCTATTTCAGATGCAAAAAATCAACTTTCAAGAGTTCAGTGGATGGCCATACTATCTGAATCATAGAATGAGAACCTCTGTAAATCCATTTCTCCATAAAAGCAACAAAAACACTGGCAAAATGGTCAAAATCAACATTTTCATGACTCTGGAAATTAACCAAAG,"[[86909473, ""C"", [""T""]], [86909481, ""C"", [""T""]]]",yes,yes,C->T,2
chr2,150886055,150886416,TCTCTCCGTGTCAAGACTTGGTAAGTTTGGACTGCTCTGAGTGTGGCTGCATGTTCTCCTTTCCCTTTGTGCCTGGGACCTCACCAATAGCTTCAGCTGTGGGTCTCAGGAAACAGACTTCATCTGGTTTACATTTCCTTTGAGCCCTACTCTACAGGCTAATGGGGAGATTTCAGATTTCTTTGCTAACACTATGGGCTAAGTAATGAAAATCCCAGTGGAATTCAGACTTCCTCAGTATTTATATATGTCTGTGGGGGCAATTTTGAGTTAATAATCTTTTCCTGAAACCACTTTATATTTCACAATTATTTCTGGCATTATTCCCTCTTTCCCAAAGGAAATTTCCTTAAGTTTATTGC,N,no,no,N,0
chr17,33696106,33696497,CATGCCAACACATACAAGAATGTCTTCTGCATGTATGCCTAGACACAGAATTGCTGGGTTACAAGGAGGCACATTTTCCTTTTACTAGGTCACTGGGTCAGCATCGTTTTTAAACACAACTAAATAGCGCTGTTGTCAGATTCTGGCTCCTGGGTGACAGGCTTGTACAGACTGACCCAGCTGGGGGTGGAGGCCGTATCTGAAATACCATCTGTGTCGCTGTCACAACAGTGCTGGAGGCTCTCTTTTCAGAGGCAGCAGTTTAGGACCGGAGCAAAGAGACACATTTATTCATGTTCTTTCTAACAAGCTGGTGTTTGACACTTAAAGGGCTGATAAGGTTCTTTTCTTTTTTACATATATGAGGGGAAAGCACTAGGTAACATACAACA,"[[33696152, ""G"", [""A""]]]",yes,no,G->A,1
chrX,116111998,116112323,GGAAAGCTGGCAGTTACAGGTCTCACCCAGCTCCCATGCAGTTCAAAAGGCTGGTCTCACTTCTGCCATGCCCCTGCAACAGCACTGAGTTTATTTCCAGGCAGTAGGTGAGCAAGGCTGGGAACTTGCCCCAGGTTACCAGCTTCCCCACTTTGAAAGCAAGCTGGGTTTTCATGTTTCCTGCCTCCCCACCTGCTGTGGCTTCTGTGGTGTGTCTGCATTCCTGATTCACCCCTTCCCCTGGGTTCTGTCCAGGAAAATTAATGTTCAGTCAAAATTTTTACAAAGTTTTGCTGGCAGTTTTCTTTTCCCTGTGGTCTTTTCCT,N,no,no,N,0
chr7,152597455,152597858,GCAGTGAGCCGAGATGGCACCACTACACTCTAGCCTGGACACAGGGTGAGACTCTGTCTCAAAACAAAAAAAGAACACAACCAAACCCAGCCTACTCCCTCTCCGTTGTCACCTCCCTCCGTGGCCCTCCTGGTTTGAATTAGTGACAGTGGTGGAGGGTGGGGCAGAACAATTGGCCACAACAAGAAACAAACCAACCAAAAAGTATGTAGGTGGCTATGAGGCAGTCACTGTGGTGTCCTGCCCAGGGCCCACGCTGGGTAATCATGTTTGTCTGTCTGTTTTCCTTTGCATCTTCAACTAGACGTGGGCGTTCGTTACTCCTGGACAAAACTTCCGTTAGCTCCTTGTCCCCTGTGGCAGGCCGGCCTGCACATGCCTGGGAGGGATTTCTCTTCCCAGGA,N,no,no,N,0
chr4,180388050,180388368,CAAGTAGTAAATAAAACTTCAAAACTAGAACCTAGCTCTCCTCTGAATAATTACAATACATTATAAAATCAAGGCATGTATACTGAAAACAAAAGGTAGGGAGCAGCAAGGCTTCCTGTGAATGGGATCAGGGAACGCTTCATGGAAGTAGTTGCTTGGAACATAGAAGGGCATTCCGGGCAGATGTAAACGTGCTGGGAGGCAGGGATGCAGGCCCTCCCCCACATTTACACAGCCCTGAATAAGAGTACAATCAGAGGCACTTGTACTGTAGACCAAAGTATTTGAAGCCTATAATGAACAGTTAAATGAAATATTT,N,no,no,N,0
chr9,42993320,42993658,AAAAGGAGTAACTGTAACAATGTATTGAATGAATATAGTATATAAATGAATACAATAAATGGCAGTAGTGTCATAAATAATGGTAGGAATTGGGATTACTTGTATCTTAGTTTGCTCAGGCTTTTATAACAGGATACCATACACCAGGTGGCTTATAATCAACAAAAATGCAGTTTTCAGTTCTGAGACTGGAAAGTCCCAGGTCAAGCCATGTGCATATTAAGTGTCTGGCAAGGGCTTGTTCATAGATGATGGGTCACTGGGTTTTCACGTGGCAGAAGAGCAAATTAGCTCTCTAGGGTTTCTTTTGTAAAGGCACTAATTCTATCCATAACAGTT,"[[42993569, ""G"", [""T""]]]",yes,no,G->T,1
chr17,29216824,29217313,GTCAAGGAGCGCACCCAGATTTCTAATCTGGACAATGCAATAACAAATGGTGGCACTCTTTGCTGACAGCAGAAACAAGGGGGGAGCAGAAGACTCAGGAGAAGGTAACAAGCTCAGTTTTGCCTATCTGTATTTCAAATGCCTGGGGGGCCATCCAGGTGGACTCATGCAGGAGGCAGCTAGACGGTTGGATGGAACAAAAGACTAGTGAAGACATGACCACGCTTTCTGAAACATTCCCATGCAAGTCATTCATTGTCCAGACAAAGTGTTGGAGGAAGCGGGGTGCAGGGCAGGGCCCTGGGTTGGAAGTTGACAGACCCACATTCCCTTCGCCACTACTACCTGATGTGTCATCTTGATGGGCAAGGGACACTGCCTTCTGGCTTGTACTTTTCTACTTAGTTGTAAAAATGAGAAGCCTGCCTCAAACCTCTGTGTTTCCTTCTAGCTCTCAGATGCTATGGCTAAATATTTGAAATATTTGCAG,"[[29216857, ""G"", [""A""]]]",yes,no,G->A,1
chr18,59057962,59058394,ATGTGAATCTGTGAGTGGGTGGCATATGAGAATAAATGAATGAATTGGTGACAACATCCCAAGCCTCCTGACCAGGAGACTATCATGCCCTTCCCATATCACGGCATGGTGAAGTGATTGAGGAGGAGGCTCACTCATGTCCAGCCCAGCGGTTTTCAACCCTGGCCACATATTAGAGTCACTTGGGAGCTTCTAAATCTACTGATGCTTTCATCCCCACCCACCTCCGAACAATTGAATCAGAATCTCTGGGCATGGGGCCCAGGCAGCGGACTTTTGTAAGCATTCCCAGGGTGCTTACAAATTCTAATTTGCAGAGTAAATTCTTATGTGCAGCCACAGTTGAAGAACCATACGTCTAGTCCTCAAACACCTTCCCTTCCTCCAGTGGTCCCTGCATGGGCAGCTAGGGGCTGAGAGTGCGTCTAGCTTC,"[[59058063, ""T"", [""C""]], [59058280, ""A"", [""G""]]]",yes,yes,A->G,2
chr1,184684400,184684653,ATGATGCCTTACTCTGAATCTACAAGGCTTTGTGTGGTCCAAGCCTACACCAGGGAGATGCTCTCCCGACTTGTTCCAGAGGGATGAGTTGTGCAATGTTCGTTTTTGATGGTGAGGTTAGAATTCCCTGGAAAGCAGTTTTGTTTTTCTTGTGAAGCCAGCACTTTATTGGAATAATTGTCTTGTTTCTATTCAAAGTCCTCTTTACCTCTGTTCCCATAAGCCTCTGACAATTTTGAGCTTTTTCTGGTTTT,"[[184684407, ""T"", [""C""]]]",yes,no,T->C,1
chr13,112331628,112331979,TAACAACCTGTCCAATTACAGGGAAGGTGGTCCCGACCCCTCGCACCTGCTAATTAAAATTGCTAATCACCAGCAATTATCTGGCCGAGCTTTAGAAACCATTTGACCCTTCGCCCACCAAGGGAGCGATGTTTGCGGCCCCTCCCCGGAGCCGAGCCAAGCTGTCCCCAGCGCCTGCCTATTAAGTGCCACTAATAGGAAATCAACAAAAGCGCCGTGACATCTGTGTAGACGTCCCAGGCCCCAGGTCTGAGTGCACAGGTGCTGGCCATGAGGCTGCCAAAGAAAGTGCCAAGAGCAGGAAATTCACCAACAATGAGGCGGACTGTGCTCGCGGCGGAATCGGCAGCCC,"[[112331655, ""G"", [""T""]]]",yes,no,G->T,1
chr2,234579487,234579938,GCAAGGCTGCCCAGTAAACTATCCTGATATCCAACCTTCCAATAATGGCAGGATGTTCAGGACTGTTTGTCCTGGCCCCCTGGTGTTGAGTAGGGTCAGAGGTCCCGTTCTGGCCCCTGAGTTGTGAGCAGAAGGGATGAGTGTCACCTCTAGGCCATGCTCTTGGCTCTGGTTTAAGATCCTCCAGGACTCACTTCCCCTCTGCACGTCCACCAGCAGCATCTGGGAGGGTTTTGACTTAGCCTGAGGCCCTGAGTCACTGTAAGAAGCAGAGGCTCTTGTCATCATGTCCTGTGAGCAAGACACATTCTCATGCTGTTTCCAGTGGCTTAGACTGTAGGTGGTTCTAGCAGCATAACTGAACCTGTCTTAGCTGATGACACCCCCAGAGCCAGGGACCAGGGCAGGACAGAGGGTCAGGAGCTCAGTCCTGCAGAATGGGGAACAGGGGA,"[[234579527, ""G"", [""A""]]]",yes,no,G->A,1
chr8,61791047,61791277,TGCTCCACACAAGCACTCAGGTTCCCTGCACTAATGTTAGAATGGTCCTAGGTGGGCGTTTGCTTGCTGTGAAGCCCCAGCTGCCTTTCTCACAGTCTTTCAGAACATCTGCCAGTGCTACCCAAACAAATCCTGGTGTAATTAGGCAGTCCTAATGTAAATGCTTAATAGAGGCATGGCATTCTTGTTTGATTACTTTACTGCTGCAAAGAAATAGGGCCCAATTTAACA,"[[61791112, ""T"", [""G""]], [61791187, ""G"", [""A""]]]",yes,yes,G->A,2
chr17,36118960,36119346,TGCACTCCTGATTCTGACAATCAATGGTCTAGAACAGCAGTCCCCAGGCCCAGGCCACAGATTGGTACTGGTCCATGACCTGTTACGAACCGAGCCACACAGCAGAAGGTGAGTGGTGGGCGAGTGAGAAGCTTCATCTGTATTTACAGCCACTCCCCATTGCTGACATTACCGCCTGAGCTCCGCCTCCTGTCAGGTCAGCCACAGCATTAGATTCTCATACAAGTGCAAACCCTATTGTGAACTGCGCATGCCAGGGATCCAGGTTGCACGCTCCTTATGAGAACCTAATGCCTGATGATCTGTCACTGTCTCCCATCACTCACAGATGGGACCATCAAGTTGCAGGAAAACAAGCTCAGGGCTCCCACTGATTCTACATTATGG,"[[36118968, ""C"", [""T""]], [36119133, ""A"", [""G""]]]",yes,yes,C->T,2
chr20,3606059,3606397,CCATGGTCTAAGATTTGTTAATCCTCTCATCAGCTTCTCCCTTTGCCCTCGCATACTCCCTGTGTCCCTCCTCAGCCAGTCTTGTAAGCATCAGCCACGCTTCTTATTCCTGTTTTCTCTTGTCTAGTCACACATCTGCTCACAATGGTCTGGCCTCTTCCCTCACCACATCCTGAAACTGTCCTGTCATAGTGGGCCCCAGTGATGGAATTTTTCAGTCCCCTTTTTATCTCATTGCATGGCTTTGAATCATCATCTTTCTTGTCTTCCTGGATTTTTCTTTTCCTCGTTTTCTGGCCAGTCTTTTTAGGGAATCCTCTTCCTCTTCCTTAAACACTG,N,no,no,N,0
chr12,125142542,125143016,CACACTCCTGAGCCAAGGTCTTGTCTTCAACCTCCCCGTCCCGTTGTCCCGTTTTGCTCTGTGAAGGTGCAAATCCCTTTCTTCCCTTCCCATCTCAGGCTCTCCTGTTTTCCCTCAGGGTCCAGTATGCCTTTGAGCTTTAGCTGTTAGAAAGGAACCCCCGTGACTTGACACAGCTTTCACAGCTGGCTGCTAGGACCGGCGGGCTGGGTGTTCACGTGTGTCTGTGTCATGGATGCAATGCAGGCCCTGGAGGACTGTGCGTCACCCGTCAACCAGAGCGTGCCTCCGGGCCAGCTTCCCTCCAAGGAATGAGTGGATTTCATACAGGATCTCTTTATTGCACAGACTGAATGGCTTTACATGTTTCTAATGTGAATTAGGCATGTGAAGCAGTGGGTGTCCACCCGTGTCCCTCATGGGTGAGCCCTCCAGCTGTGAGCCCAGGCAGTGTGGTCACCGAGTGAGGACCCTC,"[[125142592, ""A"", [""G""]]]",yes,no,A->G,1
chr19,39704498,39704715,ATTCCGAAGAGCTGCCCAGAAGGAGAGAACAATGTCGTCACTACCCGTGAGTTGAAAAGTCACAGCCTTCAATAATCTCAAGTCACATAAACCAAGAAAGAAACAGGGGAGGTTTTCTGAGTTGAAAATATGAGCATTCCTACTGTGAATGCATTACCGAGAGTTGTGGGTGTGTAGAAGAGAAACCCTGAGGCTGTGGTATCTGAGATGATTGTGGG,"[[39704534, ""A"", [""G""]]]",yes,no,A->G,1
chr2,157567950,157568230,TAAGGGCAGCCAGAGAGAAAGGTCGGGTTACCCTCAAAGGAAAGCCCATCAGACTAACAGCGGATCTCTCGGCAGAAACCCTACAAGCCAGAAGAGAGTGGGGGCCAATATTCAACATTCTTAAAGAATTTTCAACCCAGAATTTCATATCCAGCCAAACTAAGCTTCATAAGTGAAGGAGAAATAAAATACTTTATAGACAAGCAAATGCTGAGAGATTTTGTCACCACCAGGCCTGCCCTAAAAGAGCTCCTGAAGGAAGCGCTAAACATGGAAAGGAA,N,no,no,N,0
chr10,125234578,125234954,GCTGGGATTACAGAAACCCAGCACCAAGCCCGTCTAATTTTTTTATTTTTAGTAGAGATAGGGTTTCACCATGTTGGCCAGGCTGGTTTCGAACTTCTGACCTCAAGTGATCCGCCCACCTCGGCCTCCCAAAGTGCTGGGATTCCAGGCATGAACCACCATGCCCAGCCTAAGCACATGGTTTTCAATGGTTGCAAAAGGGCCCATGACTCAGCTGAGATCACCATTTCTGTGGTCTTTTTGATATTGATGAAAATTTAGGCCCTTTCCTTTTTAAACTTTTTGCTATTAAGAACAGTGCTTCAGTGAACATCCTTCTGCATGTATCTTTGTGTGTCTATAATAATTTCCTTAAGATAAATTCTTAGAAACAGGGG,"[[125234582, ""A"", [""G""]], [125234620, ""G"", [""T""]]]",yes,yes,G->T,2
chr12,46200638,46200885,GCAAGGCTTCGACTTCCAGTGAACAATTAGAAGTTTCATTTTTAATTAACTCAGAGTGTCATGAGTGTAGCACTCTGCTCTATCTCACTTTCAGCATCTGTCTCTGTCTCTCCATTCTATTAATGGAATCTGACCCAATTTGCGGTGTCAATTAGGAAAGCCTTCTCTGATGTAGTTTTAAACCTTCCTCAGTAAAGGTAGCATGCTTCTAAAATGCAATTTCTATTAAGGACACTGTTAGGAGAAAA,"[[46200719, ""T"", [""A""]]]",yes,no,T->A,1
chr6,85978434,85978673,CATGAGACTTCAATCAATATGTAAGAAGTACATTAGTTCTATCTAGAAAGGCGGAGACAGCTCAAAGCAAGGACCCCCCCACCCCAACTCCCTGGGGGATTCCAGGTCACAGGTTGGTGAGAGACAGATGGTTGCATTCTTTTGAGTTTCTGATAAGTCTTTCCAAAGGAGGCAATCAGAATATGCATCTATCTCTGTGAGCAAAAGGGATGACTTTGAATAAAATGGGAAGCAGATTTG,N,no,no,N,0
chr10,50548524,50548845,CTGGACCCCTTCCTTACACCATATACAAAAGTTAACTCAGGATGGATTAAAAACTTAGTGTAAAACCCAAAACTATAAAATCCCTAGAAGAAAGTCTAGGCAATACCACTCAGGACATAGGCCCAGGCAAAGGTTTCATGACGAAATGCCAAAAGCCATTGCAACAAAAGCAAAAACTGACACATGGATCTAATTAAACCAAAGAACTTCTACACAGCAAAAGAAACTATCATCAGAGTGAACAGACAACCTACAGAATAGGAGAAAATTTTTGCAATCTATCCAACTGACAAATGTCTAATATCCAGAGTCTACAAGGAAC,"[[50548656, ""A"", [""G""]], [50548783, ""G"", [""A""]]]",yes,yes,A->G,2
chr8,32610590,32611027,CCATACTTATACTGTTTTCAAGCACTTAGAAAATAATACAGTCAAGCATTTTGCCAACCTACATTTTAGAAATGTAGGTGTTTTCTGTCTTTTCCAATGCCTTTCAACCCCTACTTTATTCAGAATTAGAGAAAGTAATTTATCCTGTAGTAGACATATATCAACCTATGCAATCTGCTAATTACTTCTGGGACAATGTAAAGCTTACAAAGACCAGTTGGGTTTTCATATAACAAAGGATCTCATAGGCAGTAATTATGTGATAACTTATGAGTGAATTCCTTTCATGAATTCGTATATGACAGCAGAAAAGGCCACATACATCATGTTTACACACCCTACACACTATATGTTCATTTGTATTTGTGGTTTATTTGGCTCAGTCTGTATATAGGAAACCTTGACTTAGCAATTAATTCTTAGCTAACAAGCTTTGTG,N,no,no,N,0
chr3,10489451,10489827,TGCATATGCCTTTTGCCAGTGGTTCCCAAATGTGTCTGTTCATAACCCTCCTGGCCTCTCATTAAATGGATTTGCAGGCCCTTTCCCAGGATGGGATTCATGGTTTTTTCTGACTACTTCCCTTCTCACCATCTCTGTCCCTTTCTGAATGCCACCAGCTGGGACTCACTGCCTGCTGTGACTCACCATGCCTCCCCTCTCCCTGCCTCCTATCAGTCCCAAAGCCCTGTCAGCCCATCCCATGCCCTGCTCTCCTGGGAACCTGCCTTCAACTCAGCCTCTGCCCTACCCCAGCTGCACCGTGAGCCTCCAGCCTCTAGCCTCCAGCCTCATCCCTCCAACCCATTATCCTCACTAGGATCACTGTCCTTGCAGGA,N,no,no,N,0
chr5,169527837,169528251,TGCTACCTTCCAACAATTTCTCTCCTAAGCCCATGCGCCAGACAAACTTTTGTGTACATGCACCAGAAGACAATGCAAGAATGTTCATAGAAGCCTTGCTCATAATAGCATGTAATGAAGTACTTTTGTCCTTGGGGATTAGTCATATGCTCTATCTCTGAATGAACTATTATTGAACTAGTTAACATGTTATTTTCCTAGGAAAAGATATGAAAAAGTGGTTTTCTCTATCTTATTAATAGTAAAACAATTTGGACTGGTATGAGGCAAGAGTGTGGCTTTTGTGATTGCATCATGTCTTTAGACAAAATGTTTTTTAATGCTAAGTTCTAACTCTTGAAATCAACATGGTTGATGTCCTCACAGTTTAGCAAGAAGGTATCAGAATTCATTTGTCAGAGGTTGGAAGGTGTGG,"[[169527873, ""A"", [""G""]], [169528220, ""T"", [""A""]]]",yes,yes,A->G,2
chr18,56036787,56037243,CTCCTCTGTTCTTCAGGGGAGCCTTCTTACAAAATGGCAGACATGCTCACATGTCTGTCAGTGTTTAGAGTTGATAATGCAAGCACAGCATTTCACCACAGCCCTGGTGGCTGAGTTGCAAAATTATTTATGGCTTTCCCATTTATGGCATGCTGCTCAGTTTCCCATGAGTTGCTAGGAAAAATTCCTGATAGCTACTATGAGCCATTGAAACCTATGAGACTTCATTTATTATGGCATAATATACACATTACCTCACTTGTGTTAGACCATATGGAGAGCTCTCTGTTGAATTTGGCATAGTTACTGGGGTGAAACGGGAACGGATTCTGTTCCTAGTCCTCTTCAATTATGCTGTATGTTGGATCAGGCAGCCAACTTCAACAGATCATCTGGGCATAGCAATCAGTCCTCAGGACAACATCACTGGCTTCACCTATGCCAATGAAGAATAATA,"[[56036811, ""G"", [""T""]], [56037092, ""C"", [""A""]]]",yes,yes,G->T,2
chr5,146343203,146343599,CCTCTGAGCCTAGTCTTCTTCAGGCGCCTGAGACGGTGATGCGCAGCAGTATTTTCACCAGTTCCTACGTGCAGGCCGGAGCTGCAGCCCGGTCATCGAAGCGCTCCACCCTTTCCCTCCTCCTGAGTGCGCCGGAACGGCGCCGTCGCCTCACTCTTCGGCTTGCTTCAGGAAGCAACTGGAGATGTGGTTTCCCCAGGATTGTGTAGTCGCCTTTGCCACTCGTCTGGCGGAGGCACAGACCTCTCGGGGGAGGGGAGGTGGTACTAGCAGGTCTGGGGTTTACACAAGGCTAGTATGCATCCGAACCGTGTGACCTTGGACAAGTCATATCGCCTCTCTAAGCCTCTGCTGCCAGCTGTAAAACTTCCCCAAATTTATTTTGAAGAGTAATTGA,"[[146343249, ""G"", [""C""]], [146343298, ""G"", [""T""]]]",yes,yes,G->C,2
chr3,37443686,37444019,CCAAAGATGTTTCAGGAGTCTCCCTCTGATGGCCCACATCTGGGAAGCCCTGGAGAGATGTGGATTTGACAATTTACGAAAGCTAAGGTAGAGAGGGCCCTGAAAAAGGAGCTGGCTAGCCGGCCGCTGATGTGAGAGTGAGGTCATGGGTGCTTGGGTTGTGACTCACCTCTCCAGCCCTTCACAAGGCACCTGAAGCACCTGGGGGTTTGAGGGCTTGAACACTTAGACAAAGGAAGGCTCTAAAATGGCCCACTGAAACATGCAGACACCTTGAGAAAAGTGTTTTGAGTTTTTCTTTTACTCCAAATAAAAATAGCTATTTTAAAAGAGT,"[[37443872, ""G"", [""A""]]]",yes,no,G->A,1
chr1,36416773,36417210,CCATAGGATTGAATGGGTCTGAACCTGCCAGTTACTCAGTCCTGGGAAGGAGCCTATGGCAGAGGGCTGCTGCGCCTTTCTGAAGCAGTAAGGGCAGCCCTGGCTGGAGACATTTTACATGGATTCCAGTGAGACTTGGCCTCCTGCTGCATCCTGCAAAGTCTGCTCCCGCCCAGGGAAGCGGCTCAGCTAGAATGCAGAAGGGAAAGGTGCATACCACACGTGCCTCCCATGCACCCAATCTAGGGTGCTGTTTGGTGACTCACGGTGATGCAGAGGAGACCGATGTCACAGTGCATCCTGCCGGGTATCTTTTTTTTTTTTGAGACATAATCTCGCTCTGTCACCCAGGCTGGAGTGCAGTGGCGCGATCTAGGCTCACTGGAAGCTCTGCCTACCAGGTTCATGCTATTCTCCTGCCTCAGCCTCCAGAGTAGC,N,no,no,N,0
chr4,122633378,122633631,TATTGAGCATATGTGTGTTCGGTATTTCTCTAGATGCTATCAGGTCACTACTCTGTGAAGACACGAGCCAAACCATAATTACACACATGCTTGAGAAAACGAAAGCATGCTGGCCTTTATGTGTGAAGATGACAGAAATCATGATGAGACCAATATGCATTTGAGATGATTTTTTAGTTACATGGAGTTTTCCTTCCATAATTTCTGTAGGCCATTTACTGCTGGTGACCCATGTGAATGTCATGATTTTTATA,"[[122633397, ""T"", [""C""]], [122633552, ""C"", [""T""]]]",yes,yes,C->T,2
chr20,40453358,40453828,GGTCTCAAACTCCTGACCTCAGGAGATCCACCCACCTTGGCCTCCCAAAGTGCTGGGAATACAGGCATGAGACACTGTGCCCGGCCTGTGTTATCCCTTTTTAGAGCTCCTAAACTCCTCCCACACCCTGGGAAATGATCCCTTAATAAATCTTTTGTCAACTACCTACTATGAGGATGTTATGTTTCCCCTGAGTGAGTACCCTGATGGGTCAGATTCTGCTCTAACTTAAGTCTGAGGAAATGACTTTATCAAAATCTACAGAGACCGCAGAATCTATAGTCCCCTGGGGCAGACCATGGATTTAGAAGTATGTCTTTCCATTTAACAATGATTAAACAAAGGAAAATAGCACAGGAGTTAGCAAATGTTTTTCACGAAAGCCCAGAGAGTAATATTTTGGGTTTTGGAAGCTATACAGTCTCTGTTGTAATTACACTGCAGTGTAAAAGCATGTAGCCATAGACAATA,"[[40453435, ""C"", [""T""]], [40453668, ""A"", [""G""]]]",yes,yes,A->G,2
chr12,49735330,49735556,CACCAGGAAAACTTAAAACTTTGTGGAAGATAGAGTGGCCAGCATTAGAGGTGGGTTGGCCATCAGAAGGAAGCCTGGACAGGTCCCTTGTTTCAAAGGTATGGCACAAGGTAACCTATAAGCCAAAGCCCCCAGACCAGTTCCCATACATAGACACTTGGTTACAGCTGGTTTTAGATCCCCGACAGTGATTGATAGAACGGCAGCATAAGTGGCTGGCAGAGGCA,"[[49735364, ""C"", [""G""]], [49735459, ""A"", [""C""]]]",yes,yes,C->G,2
chr6,73943425,73943767,GTATTGGGTCTAATGGCAACAAACGGTAGTTGGGGTGAATCTTGGTGAGAAGTCATAGTCCTTAAAAGACATCTGTCCCAGATGAGACATTACATGATCTTCAAGCAAGGGATGACTATTTCCTTAGACCTGGGAGGACAAGCTGGAACAGCTAGTAAAAAGAGTTAGTTTCTGCATGCATGGTAGGAGGGGTGGTGACAGCTGAAGCTGATTTAGAGTCCTGTAATAAATACCTGATAGAATACACTTTCAAGAGGAATTATGCCTCATGAGTCATGTTGATACACATGCTTGAATAAAACTTCTAAGAAAGAAGCAAGTAGTGGAAAAACAAAACAAAAAA,"[[73943473, ""A"", [""G""]]]",yes,no,A->G,1
chr12,92796769,92797031,ACAGTTTGCTATACTTCCATATAATATCCAACAACTATTTTACTTCCACATTGTATGAGTCACAGTACTAGAAACTTTAAATACATTATCTCAATCTTTACAACAACTCTATGACTCCATTAAATTGAGCTCAGAAAGATGAATCATTTCTCTATGACCAGTAAGTTAATGTGTGTCCAAATTTAACAAAATTAAACAAAATTTGCATTCAGATCTGCCTGGCTTGAACATCTCTAGATTACTTACAATACCTAATACAATGT,N,no,no,N,0
chr6,74741645,74741990,GAAAAGATAATCTATTATCTAGGGGGAAAAATAGAAGAAACAAGGGCTAATGGAGCAGAAGAGTAAGCCCTTTTCTTCCTCTGAGGCACATAAGGAAGGGCAGCAATTGGGAGTGGAAATGAGGAGAACAGTCCTGGGCCAGCTGCTGCCTGTGGGTGGTGAGCTGTAAACTGTTGCTACTCCCAGCAGATCCCATGGAACCTGCCTCCGGCCTTCTGCTGGAACTCAGTCTTGTTTAACTCAGTATTAAGAACTGTGCTATATATTTCAAGAGCCATAAAACAGGAAAGCCAGAAAATATGTCAATAATGCTCAGTGAAATTTATAACCCTTCCCCAAATGATTC,"[[74741697, ""T"", [""G""]]]",yes,no,T->G,1
chr7,152519312,152519633,AAATGGCTTCAAAAGTAGGTAAAGGAACTCATGTTGCATTTGACAAACCCTAGCTCCTACCTAAACCCTAATCTAAATAAGAGATTTTTCACTGGGTTTCTAGGACTGTGCTCCTGGAGGGCAGAGATGAGCACGTTCATTTCTGTGTCTTCAGACCTGCCTGACAGACAGAAAGTGCTCAGCAAGGTGGTTTTATGAACGGCTTTCATGCCTGACACGGACATGCCACTGCTTCCATTTACAGCAAGACGTGCCAAGTTGCAGGGATTTCTCCTGCAGAGGTATTTGTGGTGAGGAAGGAACCCTCATGACTGTTAAGTCA,"[[152519415, ""A"", [""G""]]]",yes,no,A->G,1
chr1,228282270,228282764,CCCCAGGAGTCCAGGAGCTGGGCCCCCCTGGCTACAGAAGCTGGTTGGGGGGGCTTTTGGGGCCTGCCTCCCCCAGCTGCTGCAGAGCACCCCTTCTAGAAGCCGCAGGGCCTGAGTCACCTGCTGGATGCTGGGGGCGGTTCTCGAGTGGAATTGGGGTTGCACTCTTTTCTGAGCTCTGATATAGGCCTGGATTCTTTTCCAATCCGTGGTCTGAGTGCCCTGAGCACTTGGTAGCTCCCAGAGCTGTGACTCACAGGGCCAGTCTGGCAGCACTGGCCTGAGGCCCCAGCCACCTGCTCTGCTGACATCACCGCCAGCGCCCGAGTTCGCGCCCCTGACGAGCACACTTGGTGCAGCTCGGTGGGGCACACTCAGAGGATGCCAGTGTGGGCCTGAAAGATGCCAGGGGATAAAATTCTGTAGTTTTTGATCTTCCTGCCTCCCAAGTCCCACCGTGGTGACAGTGGGGACACTAACATTCCAGGACTCTGA,"[[228282315, ""G"", [""T""]]]",yes,no,G->T,1
chr17,2674016,2674359,TGATGAGTGTCATTCACAGTGTAAGTTATTATTTATATTGACAGCTACTGTGTGAAGACATTCACAGGACACAGAGAATGGGTACGTATGGTACGGCCAAATCAAGATGGCACTCTGATAGCCAGCTGTTCCAATGACCAGACTGTGCGTGTATGGGTCGTAGCAACAAAGGAATGCAAGGCTGAGCTCCGAGAGCATGAGCATGTGGTAGAATGCATTTCCTGGGCTCCAGAAAGCTCATATTCCTCCATCTCTGAAGCAACAGGATCTGAGGTACTGTATATACAAATGTCTTCATGGTTTTATTGCTGATATCTGAAGTCCTTAGATAACTTTGCTAATTC,"[[2674022, ""T"", [""G""]]]",yes,no,T->G,1
chr8,18742208,18742439,TTAAGAAACCTGGTATACTTTGCTTTATATATGATTTACCAAAAAAGAAAAAAGAGAAAGAAACAAACCAACCAACCAAGCAACCAACCTAGTATCACCAAAACCACAAAGACAGACGGGCCTTAAATTTGCTACGTAACCTGTATACACTTAAATTAGAATGGTCAGGCTGAGTTCTCTAGTAAACACTATAAAGAACTTCAGAATGACACAGGCATCAAACCAAGCAAGG,N,no,no,N,0
chr2,72193243,72193597,TCTATCAGTAGCTGAGAGCAGATTAAGAGAACAATTGTAAAGTCTACTAAAAAGCATAGAATTGACCAATGACCCATTTGTGTTTATTGCCCAAGATTTCCTCCAACTCCCTGTCTCTGGTGCTGGGCCTCTGTGATTCAAAGAAGGGCATCCTGAGTCTGCCTCCTGTGTCTCCTCAGGAGCACTTCCTGACACAGAAATCTGGGCAAATGTAGAAAATGCAAAGCAGGGCTTATTTCGACAAACATAAATTGAGTACCAACAATGTCTCAGTCACTCTTCTAGGTACTGCATATGAAATGATGTTAAGACGTTATCTCTAGTCTTGAGGAAATCAGTCTGGTAAATAAATTGA,"[[72193251, ""C"", [""T""]]]",yes,no,C->T,1
chr19,28389051,28389494,GGAAACCTCATACTATTGTCCAAAATGGCCGTAATAATTGACATTCCCACCAATGGTATGTCAGTGTTTCTTTATCTCCACTTCCTGGCCAGCACTTACCTTTCATCATCTGAATCATAGCCATTCTAACAGGTGTTGAGGTTACAGCACAAGTTGTAAATCTCTCACTGAGGTTTTCATTTTCATTATGTGATGGTTAGAGGGGTTGAGCATTTTTTCATACATTTGTTGGCTATTTGTGTGCTTTCTCTTGAGAAATGCCTGTTCATTTCATTCGTCCATTCTTTCAGCAACTTATGTGTTTTCTTGCTATTATTTGAATTTCTTACATATTTTTGACAATAGCCCCTTATCAGATGTATAATTGAAAAATATTTTCTTCCAACTCATGGATTGTCTCTTTACTCTGTAGATTGTTTCTTTGTTATACAGAAGGAGGACATA,"[[28389057, ""T"", [""C""]]]",yes,no,T->C,1
chr4,180751027,180751415,GACTTTGTTTTGACTCATTTTTTAGGGCCCCAAGTCACAATGTAAGAAGCCTGACCATCAAGCTGGAAAGGGCAAATGAACAAACCTTGGAAATAGAAGGGGCCAGCTTAGCTTAGACTTCATGTTGTACCTGGCAAAGTGCCAGCCTTGTGAGTAAAGCTATCTTGGAACTTTCAAGAAAGGTCAGCTTCAAGCTGGATAGTACCAAGTGATTCATTCAGTCAATACCGTACAGAACAGCAGAATCAGCTAGACAACCTCTGCCAGAAATTCTTAGCCATAATATATGAGACAGAATGGAATGGTAGTTGTTTTAGTCACTAAGTTTTGGGATAGTTTGTCACAGCAATAGATAGCCGTATATTAGTTTTGATACAGGCTGAAAGAAA,"[[180751051, ""A"", [""G""]]]",yes,no,A->G,1
chr18,55038203,55038553,CAGCTACTCAGGAGGCTGAGGCAGGAGGACCCCTTGGGCCTGGGTGGTCAAGGCTGCGGTGAGCTGTAGTCCTCACTGGACTCCAGCCTGGGTAACAGAGTGAGATCTTGTCTGAAAAAAAAAAAAGGGGGGGTCATGTGACTCATTCTGAGTCAATGGGCAGAAACATTTAATAGCCAGGGCATGATTTATCACTCTTCTCCAATTGTAGTAACTGATGAAACCCTGTGTTCCAAATGGTGCAGTAGCACTGAGGAGCCTCATCTTGCTAGGTCCCAAGTACAATAGGAATACAATAGAAGCAGAGCCCCCTGACAATTTAGTGAGAGATAAACTCTGTGTCAAATCACT,N,no,no,N,0
chr12,68924582,68924948,TGTTAAAGGGGAAAGGCTTACTAAACCCATATAACTTTAAATCACAAACATGTATATTATAGCTGAATTTCCTAGATTTTAGTGGTTTTCTTCATATTCATCCTCAATATGTCAGTATTTGCATCACAATAGGCATTTTATACAGGATCTCAAGCAAACTGGTTTTACGAGCATATTTGGGAAATGAGCAGAGTGTGACGGATGACCAAGTGTTGTGCCAAAATTTTATATACAATGCTGTTTTCTGAGGGTAAATCACCGGCTAAAATCTATCCAGTTGAGGGCAAGTGATCATGAGAGATCTGTGTATGTGAACATAGTACTTTCCTCTTAGGAGCAAGAATCTTAACCAATGTTAGGGAGATTT,N,no,no,N,0
chr10,105262676,105263071,TAGAAGTTAATCAGGATTGGAAATACTGGAGTCTGAGTGGGTTAGGGATGAAGCTAACTATCCATTACTGACGGGCTTTTACTTCTTTTTCTATAAAGCAAAAGTATTATATGTCCTTACTAATGATTACATGAATGTGGAATCTGGCATCAGATAGCCCTGGATCCATTTTTCTTGCTCTGCTAATCTACTACATCTGTGACCTCTCTGTGCCTCAAATTCCTGATCGGTGAAATGGGAGTAGTAGTACTTATGATTCATTTCTATTTCTGTGTAGTACCTAAAAAAAACAATTCTAAGACTGTTGTGATAATGACCTGCTGTTATGTCATTAGCCCAGTGCCTGCCACATAGTAAGTTTCAATACACATTGGCTGTTACTGTTGTTATCAATAG,"[[105262730, ""C"", [""T""]]]",yes,no,C->T,1
chr16,88835333,88835812,CCCGGACAGCGTCTCCATACCTGCAGGATGGTGACAAAAGGCATCTCCATACCTGGAGGATGGTGACAAATGGATCAGGCAGCCAACGGCATACTGTGATTCACGGAGTTCATTAAATCATAACTTCACAGACCACAGTGAAACTGGCCGGCCTCTTCCCAGAAGAGGAATGGCCTCAGTTCAAGTTCATGTGGCTTATGAAGGACAGAGCCAGCACCCCCACCACAGCCCTCCTCTGCTGATCCCAGGCCAGTGGACGGCTTCAAAGGGGTGGGGTTGCTCTGGCCTTTCCATAATTGGCCTAAATGCCACGGTACTGAGTGTCCCATCTCTGGAGTCAAGCACAGCTGGGGCCTCCAGCGAGGTCTATGCTCCATGGAGCCAGGACTCACCGCCCTCGCTGACTGGTGCCCAAGAAGGGTTTGGAGGCATAGACGGGTGCGTGCGTGGCGTCGACAGCCCAGTAGAGGAAAAAGGGGT,"[[88835340, ""G"", [""A""]]]",yes,no,G->A,1
chr2,154439264,154439471,GACAGAGAAGAGGGAGAGAAAACCACAAAATTACTGTTGGAAATTTATCTCCAGGCAGTGTGTAAAAACCAGATCAGCCATCAGATGGAGCTAATAAAAAAGAAATATTTTCCTTTGCATAAGGAAGCTTACTCTTGAAAACAGCTTCATTTCTTTCAGTTTTCTTTTTTGATTAACAAAATGAATTGGTTGTCTGTGTTACATTTCC,"[[154439386, ""C"", [""G""]]]",yes,no,C->G,1
chr13,38418299,38418540,TTTGAGGAAGTTAATGCCCTCTTTCAGTCATTTGTCCTTATTGCAAAAGCCCATTACCTTAAAAGAAGACTTTAAATATTGCTTAGGCCATAGATTCCTTTTTGGTATACCAGCAGTATGGCATAGTATTGCACTATGCTGGATTTCCCAAGTCATTCCTTTTTCTATGTAGAAGCTGTTTTTCTTTTCTCTAACTTCAGAGTGGCCAAGTGGCTCCTTTGACTATGACTAAGAGACCTATT,"[[38418309, ""G"", [""T""]]]",yes,no,G->T,1
chr13,77565593,77566088,CAGACCACTCCAAAATGTAAGACATGAAATAATTTTAGGAGGAAGATGATCAAATATATCTGGTATGTGTGCATTTGCATTTTAATAATGATGCACTTGTTTTAATGAATATGAGAAAAGTACTGAGTTTACGTTTGAAAAGTTCCCTTTAAAATATACTTATGTGTGTAAAATGTGAGGTGTGCAAAAGAGACATAAATAAATGTGTATGTAGCATCCAGAGACAGTGGGTTATAACTAATTTGGAAAACCTAGGTTAGGAGGCCCTCTAGTGCTCCATTGTGAAAGTATAACTTCTCCTTCGGCTTTTCTGATCATGCTGCTAATTACATTGTTTGGTATTTCAAGTCTCCAAGACAGATTTTTATTAAAACAACCTATTTTATATCACAAGTTGACAGAAATTTAATTTCCAGGATAAATACAAAATTAATCTCCCACAGCAATAAGAAATCAACATACATATTGGAATGGTGGTTTAGAGTTCTCTCCATTA,N,no,no,N,0
chr2,224387520,224387801,CACTTAAGAGTTGAAACCAGACTTTGGCAGTTAACTGATCCTTTGAAAGGTACTTATTTTCATCAATTGGCCAAAACCACCAATGGCAACATGCTCTCCTATAATAGCAGGACCCTCTGAGCAATGCCTCTTTCACAGCAACATAAAGTATTGAGCGAGGGTGTAGAAGTGGGAGTGTGTGTGTGTTGGGGGTGGGGTATGATGGGGATGGAGCTGGAGAATGGGAGGGGAATGAGAGACACTAAGAGGGAGTTCATAGATCCTGAGAGTGTACAGCTGAGA,"[[224387545, ""T"", [""G""]], [224387549, ""A"", [""G""]], [224387727, ""G"", [""A""]]]",yes,yes,A->G,3
chr11,13061362,13061598,GTGCTCCAGACAGAGTGATGGGCATCAGAGTCACGGCGATGAGCAGAAAAAGCTAGAGTTCTTCCCTTCTTGGAGCTTGCAATGTCAGGACTCCAAGTTATTGAGAGGCTAGCAAGTCATAAGTCCCCTGGGACCCTGTGGAATGCCTAGGCTGAAGGTATGATGTAAGGAGAAGGTTAGATTAGATCAGATCAGTGTTTTTCAAACTGTAGATTGCAACCCATTAGTGGGTTGTGA,"[[13061506, ""A"", [""G""]]]",yes,no,A->G,1
chrX,38160587,38160918,TATTCACCCTGGTTGTAGATGGACTCACAGGCTTCAGCTGGCCACCTAAGCTCAGGGATGGAAAAATTATTGAATAATATTCTTCTAGGACAGTCAGCTATGGGATCCTGTAAGACTAGTCCTGGGAACTCCTTAAATAATCTGGCAACACTGACGCCCATCCGGATGTGTATCGTGAAATTCAGGCATTAAGATAGGGCACTTCCCCAAGCCTTATTAGAGACTAATCTAAAGCTGGCAAGTCTCCCACCACAGTAGGCACTTGAGAGAGTTCTGGCTTGAGGACCTACTTCCCTTTGCTCTTCTAAAGAGAGGGGGAAACAAAACCAATA,N,no,no,N,0
chr12,67881602,67882035,GTCTGTGGGAAGGACTATTTTTCCCTCCTTTTTTTCCAGTGGGTTCATTCTTTTCCCTGTCTCAATTATTTATCCAAGATGAATATGCTTTTGGGTCATAGAGTCATGATTATAAACAGGCCCAGGCAAGTAAGGTGAGCATCCTCCAGCTCTGGAAACACTTTTTCCACCACTGACTCACAAGCAGGTGAGAAACAAACCTTAAAGCCCAGTTTGTTTATAGTTACTATCTTGCTGTGGTGCCCTGTCACTCCTTTCTGTTCCCGAAGGTAAGATACGTTTTCAGGGAAAGAATTAATGAGAATTACCAAAGTGTAAAACAGTCATTTTAATTTAACATTCTTTTTCCTGACTCTTTTAGTTACACACTCTAAAATACTAGACTTATGTGAAAATGACAGGATATAAACAAATGAAATACATGAAAGGATCAC,"[[67881685, ""G"", [""T""]]]",yes,no,G->T,1
chr1,240555659,240555967,TTTGGATGTAGATGATACAGTTAAGAGAAATTTGTCAGAGATCAAGAGATAAGTGAAAAATGTACCTTCAATAATTTGAGAGTTTAAAAAATTTGTACTGGAAAGATATTTAAAGTATGTTATCCATTAGCCACTCACCCCAGCTATCCTTGGAGAATAGCATGATTGCAAACAGATGCAAAAACTGCAGTCAATTCATAATTCCCACAGAGTAGGCAGATTTTAATTGCCAGGATATTTTAGTCACCTTTGATTTAATAGCCTTTGGCTCTTATTTTCCCTTTTGAATTTATTTTTCTAAGGTATGAC,"[[240555692, ""A"", [""G""]]]",yes,no,A->G,1
chr3,181691874,181692281,AAATAGCGAACAGTTTATATAAGGTGTTGATAATTACCTATATTATTGTACTGCTGTGACAGATGTTGGCAAAAAAGCCTAAAATGCCTACAGCTGTGCACTCCATGACATCTAGTTTATACTCAGACAGAAGGCTAACAGATGTTCTGAACTGTCACTTTGCCTAAATGTTTTTAAAGTCTAAGGACCTGCTTTATAATTCGCCGGAGTCTGGTTTGGTTTCACAGAGGTTCTCAGAATTCCCATCTGTGACAATTAATGCTGAAGACATTGATAAATCAACCCTTGTGTTTTCTCTCTTCTTTAACAGACATCAGTTTATACATGGATGGTAGATTGTGAAGGCTGTTTTTATATACATCCTGTTTGTAAAATTATCTCCTTAAACACAGATAGAATTGGGCTATA,"[[181691881, ""A"", [""G""]]]",yes,no,A->G,1
chr18,32891209,32891469,GATTAACCAATGTCAAGCCTTACTAGAGGCAGAAAAATAGTAAAGAAGCTTGACGCTTGGCACAAACTGAGTACATCTTAAAGATGCAGGTGCTAGTGTGGTGTGCTCAGCAAAGGAGGATGTGAGCCCAGAATTTCTGGAGATCTTTGAAAGTGGGCTAGATAAGATCTATGTAGTTCTGCTTAGAAACAGGAAAATGATGATAATTTCTTTGTTTCTTTTTCTCAAAAAATATAGTTTCAGTTCAGCAATATAGTTTTA,"[[32891237, ""A"", [""G""]]]",yes,no,A->G,1
chr10,15252066,15252393,ACCTGTCATTTTATTGACTCTTCTCTGTCTTCCTGGAGTTATTAGTGAAAGCAATTTTTGTAAAAACCCCTTGGGAACACCACGGAACATTCTGTGCTTTCTCAGCAGCTGGGGGAAGAGTGCGATGCTCTCCAGTGAGAGGAGGGGGCCCCCAAGAGCTAGAAAGAGAAGATGCTTCTCCACTTACTTACAACTCTGGATCCACCCTCTAAACCAAACAACACAACCTTCATGGTACCCCCAGAAAACAGCCTTTCGGAGCCCTTTCCAGTCTCTTCCGCAGCCTCTCTGTTTCCATCCACCTTCACTGAACTCTGGTTATGACGCT,"[[15252199, ""G"", [""A""]]]",yes,no,G->A,1
chr1,53804903,53805150,CCCAATGTATTTGCCACAGTACATTTTAGTTATTTTGGGCATCTGTATTTTCTACTAGGCTGTGCTATGTCTTATTCATCATTCTACCACAAACAACTAGCAGAGACTGACGTACCACTAAATAAATATTTGGTGAGTAACCAAATGAGTAACTGATACTTTTAAGTTTCTCTAACAAATTAGTTATAATTAATATTTAAAAGTAATTCTATTTATTTTCTTATTTGTTTATAAATTCTTTAGAGTGT,"[[53804943, ""G"", [""A""]]]",yes,no,G->A,1
chr4,147515560,147515904,TAAGCTTTACACCACTGGGTATAGAGTGAGAATCAGTCCCCCTGTGGTGGAGACTCAGGCAGTTTGCTGAGGACTAACACACATGAGCTTTAGGGCATAAATTTCACAACTTTTTGGCTCCTTACATTTTTGTTTACTTTCTGGTTGTCAGGTATGTTCCAGAAAACTAATGTAAACAGATATGTTCCCCATACTTAAGAGGTCCCAACCAATGAGATCTTGCATTGCACTAAATATAGTGGTGAATGTACATCCTCCATCTGGCTCTATCCATTCTACAAACAGGGTGCATATCAGTGTATCATATGGTACAAGTTCTTCCCTAAATCTGTTTTTAATGGGTTA,"[[147515580, ""G"", [""A""]], [147515719, ""T"", [""C""]]]",yes,yes,G->A,2
chrX,24499061,24499261,CGAGCTAAGAATGTAACACAATACAAAAGTAATAATGACACTTTCAGTTTTGCTTTTATGATCTAATACTTAATACCTTTACCCAAGGTGAACTGGGCAGTCACTATAAACACTGCAGTAAATGTTCCATCTAGTGGTAGTTTTAAGAATGCAGTGGCCTTTTTATATACATGAATTTATCTACTCAATCCTTTACAATTA,N,no,no,N,0
chr9,91143170,91143594,TGGAGGTTGCAGTGAGCCAAGATCATACCACTCCAACCTGGGCAACAGAGTGAGACTCCATCTCAAAAAAAAAAAAAAATTGTCTGTAACTGTCTTCTACTCAGCAATACAAGTAACATCCCAGAGTTGCACTAAGCCTGGACGCGGGCCCCACCCTCAATCTCAGACGGGTCAGAGGCATCTGAAAGTATTCAGTCATCCTTCCCCATTCAGACTTGTTCTGTCTAAACCAAAGGAAGACCAGGAGCCTAAATAACTTCCAGAGGATGCCAGTTGCTCAGCTCTCCCGGCTCCAGAAGCTTTGGCAGCACCCTACTGATGTCATGGCCTGCTCAACTCTTTACAGTGTCCAGAAATATAGACTTTGAGTTCCATATTTTCCCAGACTACAGCAAAGTGCACAAAAGTGGCCCACTCTTGAGGTA,"[[91143205, ""G"", [""A""]], [91143483, ""A"", [""T""]]]",yes,yes,A->T,2
chr7,56841147,56841379,TGAGGAATTTATCCATTTCTTCTAGATTTTCTAGTTTATTTGCATAGAGGTGTTTGTAGTATTCTCTGATGGTAGTTTGTATTTCTGTGGGATTGGTGGTGATATCCCCTTTATTTGATTCTTCTCTCTTTTCTTCTTTATTAGTCTTGCTAGCAGTCTATCAATTTTGTTGATCCTTTCAAAAAACCACCTCCTGGATTCATTAATTTTTTGAAGGGTTTTTTGTGTCTCTA,N,no,no,N,0
chr11,19082208,19082551,ACAAAAAAACAAAAAGAAACAAACAAAAAAAACCTTCTGTCTGTAAGTGCTTAAGAGAGGGTCATTCGGTTTATTGCAGTTCAATTCCATTGAATCATTGGCTTTATTTCACTTTAGACTTATTCATCATCAGCTGTCCTTTGAGGAGTCAGCAGCATTCAGACATGTGCTACATAATGTGAAGGATGTAAGTGAAGCAAGATTGCAGATTTGGGCACGTTGGTTTAAGCAGCAAAGGCCACAGGAACCTCCCAGAAGAGCCCTAATAGGCTTCCTTAAATGAATGGCTGAAGCCAAGGCCAAGATGTTCAGCATGTGGCCAATGGTTGCCACAATACTTCCCT,"[[19082216, ""C"", [""A""]]]",yes,no,C->A,1
chr4,85205527,85205749,TTTTTTTCATGTATATTTTGCATTTTTTTGTTTCAATTTCGTTTATTTCTGTTCTTATCTTGGTTATTTCCTTTCTTCTGCTGGGTTTGGGGTTGCTTTCTTCTTGTTTCTCTAGCTCCTTGAGGTGTGACCTTAGATTGTCTGTTTGTGCTCTTTCAGGCCTTTTTTTTTTTTTTAGATGGAGTTTCACTCTTGTTGCCCAGGCTGGAGTGCAATGGCATGA,"[[85205537, ""T"", [""G""]], [85205688, ""T"", [""C""]]]",yes,yes,T->G,2
chr1,228434706,228434952,TAAGAATTTTTGCTTTTCAAAATTTATGAACATAATGAGTCACATTTACAGATTTCCCAATGGTTACAAGCCCTCCCATTCCCGAGAGTAGCCCCGCTTCATTCTGGCGGTGGAGAGGGCTTGGCAGGCTGGTATGTGCATTCTGATTGGCTGACATCCTGCAGTGGTTTGGTCCAATTAGAGAGCTGAACTGGCAGCATCTTATTTAAATGTGCACTTTAATCCAATCAGATGCTGGATTTCTCTA,N,no,no,N,0
chr2,241556845,241557080,TCTCAACGAAACCATCTGAACCTAGAATTTTCTTTGTGGGAAGATTTTAAATTACAGATTCAATGTATTTAATTGGTGTAGGACTATCCAGATTTTCTATTTCTTTTAGTGTCAGTTTTGGTAAGTTGTGTATCATCTAAAATTTCAAATGCACTGTCAAAAAGTCCTCCATACTATCTTTTTATCCCTTTAATGCTTGTAGTATCTACAGTGATGTCCTCTTTTTCATTCTTGAT,"[[241556851, ""T"", [""C""]], [241556910, ""C"", [""T""]]]",yes,yes,T->C,2
chr10,33600431,33600755,TTAAAACAAGCTTTTACAAGATTGTTATTTAAGACTCATGGTAATCAGAAAGCAAAAATCTCTAGTAGAAAAACAAAAGATAAAGGGAAAGGAATCTAAGCATACCACTATAAAAAAAAAATCAGGCCAGGCACTGTGACTCACGCCTGTAATCTCAGCACTTTGGGAGGCCAAGGCAGGTCGATCATGAAGTCAGGAAGTTTGAGACCAGCCTGGCCAAGATGGTGAAACCCCATGTCTACTAAAAATACAATAATTAGCCGGGCACAGTGGCAGGCACCTGTGTAAAAAGTAAAGTAGATGTTCCTCTTCAAAGAGACTTTCC,"[[33600516, ""A"", [""G""]]]",yes,no,A->G,1
chr1,224045635,224046022,CCGGTTTCCCCAAGCTCTAAAACTAGTCTGTGTTCAAACATGGGAATCAGAGCACGTGGAACAGCCCGGATGAGCATCAAGTGACACAGCTGTTGAGTCCCAAGGCCTTAAGGAAGGCATGGGCCTCCGATCCATTCCTGGGACAGAGCCCATCCCTGTGCACCTGCTCCCAGCAGTGGGAATTTGCCTGATCCTGCGTCCGCAGATCCCTGCTCTGTTAATGCCACCGCTATCCTGGTTCTCCCAAGACTAGAGCTCTGCCCTGTTTGTACATTTTCTGTAGTTTTTGGTGGTTTTTTAAAAATTCTCCTTTCCTCTATTACTCGTCTATTTAATTTTGTATTCCTTGCTTCAGCTGAATGTAAAAATAAAAATGCTAAGGTACTTA,"[[224045637, ""T"", [""G""]], [224045796, ""G"", [""A""]], [224045836, ""C"", [""G""]]]",yes,yes,G->A,3
chr10,90604631,90605006,ACTCAAATAAAAGAGTAGCTCAGTTTATTCATCCTTCTCTCCAACTTAGATGTGGAGAGAAAATCACACCTTATCTCTCTTCCAGTTTCTCTTCCTTCATTTCTTTCTGAGTACACTAAGGAAGCCACCCCTACTGAGCCTGAAATTAGAAGTCAAATACTGCTCTGCCTTGTCTCTCATCCCATTCCTCTCAGTGACAGTTTAATGGCATGCTGTTAATAAGTCACAGACAGATTCCTGTGGTCAACAATGGAATACCTATTTTTAATCAGAGGCACAAGGCTAAGTAACATGTTTTAACCATCAAGCATACTGTATTAGTTAGGGCTCTCTAGAGAGACAGAACTAATAGGAGATAGATAGATAGATAGATAGA,"[[90604633, ""C"", [""T""]]]",yes,no,C->T,1
chr3,101388628,101389089,CCAATAACATATTTCAATGAAAAGGAAATCCATAAAATATCTGAAAAAGAATTCAAAATAATGATTTTTTTAAACTGAGAGAGATATAAGAGAACACAAATAAATAATATGAAGAAATTAGGAAAACAATTCAGGATCTGAAGGGGAAATTCAGGAAATAAATAGATATCCAGAAAAAAAAAAGAACTAAACAGAAATCCTGGAACTTAAGAATCCAATTAATGAAACAAAAAATACAATCAAAAGCTTCAACAATAGACTAGACCAAGAAGAATTTCTGAACTTGAAGACAGATCTTCTGAAAAAACAGACACATAAAAAAAGAAAAAAAGAATTAAAAAATGAAGAAAGCCTACATGACATATAAGACATCATAAAATGACCAAATATTCCATTTTCAATGTCCCAGAAGGCAAAGAGAAAAAACAAAGGGATAGAAAACATACTTCAAGAAATAATAGC,N,no,no,N,0
chr4,21181716,21182164,TTGACAACAAGGCAGTTTTTCTTCTGACTTCACTGCATTCATTACATACCATTACTACAGATACTGTAATTCTTTCCTTTGGGCCTTTAACATTCTCTGTGGGAACATTATTTATCAAAGAGTAAAATTTTGAAACTTAATAAAACAAACATAGGAGAGATTCATGACTAACACTGGTACAATAGTGCCCTTGGGTCAAACATTTGCTTTACTAAAATGCCAAACAGTCTCCAGTTTCTACCAATAAAACATGACTTCATTTGCTTTCAGCACTGTTGGAATGCCTCTACTATAGCCCTTAGTCAGAGGAGATATAATTATGACTATAGCTTCACTGATATTGGATGTTATAAGTGGACATTCAGACCAATTAGAAAGAGGAATGTCTGGGAAAGAACAGTCAAGGGAAGGAAGACTGTTGGCCTTGCAACAGGAGACCTAGCCAAGGG,N,no,no,N,0
chr2,66915135,66915563,CATAGTGCAAAAGAGTCTAACCTTAAGTGGGCAGGCTTTCAGTTACAATATATGAAAATTTTTTGGATTATACAGTCACATAAGTAAGTTTTTCAAAAGTCAAATTTTCTAGTTGTGATGGAATTTAGAGTTGAGTGTGGTTTTCTAACATCCTGCTGACAGATGAGGAAAGGGAGGTCTGGAGCTACCCAGGGACTAACCCAGCTAAGACGGCATACCTAAAAGGACATGACCCAAGGCCAACCGAGTCCTTTTACTTCCAGTTCAATGTGCTTTCTAGCACACTGCACCATTACACAATTGAAAGAAAAAACACCAGAGAATTTTATGAGAAGAGTCATAACTTTAAACACAAATCAAAGCCTTATTCCAGTAACAACAAAGTAAAAATGTATAAAGATCACAGTTGCATATCAGAATGCCATGGAT,"[[66915215, ""C"", [""T""]]]",yes,no,C->T,1
chr15,42264816,42265140,GTACTCAAGAGTTATTTTTTCTGATCCTCTCCCTCCTCCCACCCTCCACCCTCAAGTAGGCTCAGTGTCTGCCGTTCCCCTCTTTGTGATCATGTGTTCTCATCATTCAGCTCCCACTTATAAGTGAAAACGTGGTATTTCGCTTTCTGTTCCTGTGTTAGTTTGCTAAGGTTAATGGCCTCCAGCTCCTTCTGTGTTCTTGCAAAGGAAATGATCTCATTCTTTTTTATGGTTGCATATGTATCACATTCTTTTTTATGGCCGCATATGTACCACATTTATCCAGTTTACCATTGATGGGCATTTAGGTTGATTCCATGTCTTT,"[[42264877, ""C"", [""T""]]]",yes,no,C->T,1
chr10,105742213,105742592,CCAAGTGGCTGTTTGATCTTCTTTAGGGATAGTCCCATATTGAGCACTGAGATTCTGTCACTGCTGCTGACTGGCTATCAGCAGTGGCTAGATCAGCTTTCACTAGAGAGCCCATACAGAGCTTTTATCTCAGCCACCAGGACTGTTCCTTTTATAGCCCCATTGTACCAGGCCTGGAGTGGCCTACCACAGAAGCTGGCTGATAGCCACTGGATGAGTCATTTATCCACCGGCTTCTTTAATCCCTCATACACAGTTGAAGATCTCTGTTGGGTACTGAGGTAAGACTCAAAGATCTGCACACTTTTGGCCATTCCTTTAGATCCACTGACATGCCTCTTCTCTAGATCTCCTTTTATTCTGTCTTCTGGAATTGCTTA,N,no,no,N,0
chr5,151880343,151880651,TGGTGGCAGAGTGAGAACTCAAACCCTGGTCTCCTGACTCCTGGTTCAGATCTCTGTCCATTGCCCCTTAACGTCAAATAAGGCCAAACTTGTGGACTGTAGTTGCATAGGCTGTCATCAATCAGCAGGGGTCCTGGCCACAGTGCACCTGTCTTGTGCCAAGCTAGCCTGCCCCTTGGCAAGAGAGGCTGGAACACATGTTCTAATAATGGAAATACTGGGATTCATGCCCAAAGGATGTCAACACACACTCTCTCTCTCTCTCTCTCACTCTGTCTCTCTCTCTCATGTTTATATACAGTTCTACAC,"[[151880414, ""A"", [""C""]]]",yes,no,A->C,1
chr11,79291970,79292248,AGAATCCTAGTCCTGCCCAGGTCGTCCAGAGCCACTCCAAGCCCCTCTCTTTCCCAGCTCATATGTGTCTCCCAGCTGCTGATCTTTCACTAAGAGCACATGTTGCTGCTACCTTCTGGATGAAGTCACAAGGGGTCAATTATCTTGCAGCAATGAAACCGGCATACTGTTTCTTCAGCTTGCATAAGATGAAGCTCCACATGATGAAACAAGTCAACGGTCCATGAGGTCTTGGGGAAGGCACTAGAAGCAAAAGCCCTCCCTTGAGAGCAATGCACC,N,no,no,N,0
chr10,54606873,54607114,CAGAAGGATGAGAGAGGAAGAGCCTTATATAGATCTGTCTTCTGTTTCACATTCTGACTATTCTAAAGCTTTTAATGAAGAATTCCCTAGAGTCATAAAACAAAGGCTAAATGGTGAGTGGCTGCAAATACACATAAAAATATAGTGAATTTTTTGAAAAGATATACTAATTTCAGGTGGCTAGAAAGATTTATTAACATAAGTAATAAAGGTCTTTTAGTTGTCAAAGTAACTTATACTTA,N,no,no,N,0
chr2,128032054,128032363,GCTCAGGAGTCATGTGGCGAGAGGTCTCAGATTTATGACTTCCCCAGTTGCTCCTATAGATAACATCACTGTTGTAAAGATTTTTTTTTGAGATATCTTTCATACTGATCCGATCTGAACTCGTGACTCATGGCTCTACTGGTCCTGTGGCCCTACCTAGAGGCAGACTCAGCACACGAGGAATGTCTTCCACACCCCTATGGTTTCATCCCCAACCAATCAGTAGCACTCATTCCCTATCCCCCTGCTTACCAAATTGTTCATAAAAACCCTAAGCTCTGAGCCTTCAGGGAGACTGGTTTGAGTGATA,"[[128032072, ""C"", [""G""]]]",yes,no,C->G,1
chr9,67596132,67596355,CTGTGCTGCATCCCTCAAGCATGCACTGTTCCCTATTTGCAGAGGTGTCACCTCGGGGGAAATTCCTAGAAATGGAGTCGCTGGGTCAAGGGGCAAAGCCAGTGTAATTTTGTTAGCTACTGCCACCTTCCGCTCCCTCGGGTGAAGGACAGTTTCCCTCCTAGTGTCTGAGGGAGCCAGTTTCCCACGGCCTCCTCCACCGCAGTCGCGCTTTTGAATCGCTG,N,no,no,N,0
chr2,14702233,14702647,TCAGATAGCTATAAGAGGCAGAGCCAAGACTTAAACAATCTGTCTAATTCCAAAGTTTATTGTCTCAACCACTACCTTATACCAGCTCTGATATTTACTTGCTGTAGTACCATGAGCAAACTTTAGCCACTATGGGCCAGTTGCTTCACTCACTTCCTCTACCCCGTGAGCATACCACCGCACAATATTTCTCCATTACAACTGAGATTGGCCGTATGATGGAGTTATGGCCAAAGGCATATGAGCAGAATTAATGTATGCTGTAACTGCCAGAATTAGTTGAGTCAGAGTGAGTGGGTGTTAGCCACTGTTGACAACATTTTTAAAGACACTACAATAAATGAACTCAAGTAAGAATTGAGTAGTTTAGAAGCAGAAATAGAAGAGAATGGAGAAAATTCAAAGATACAAATTC,"[[14702264, ""G"", [""T""]]]",yes,no,G->T,1
chr20,22408547,22408921,ATATAAGGAACTTACGCAACTCAATAGCAAAATAACCAAATAACTCAATTAAAAATGAGTAGGTATTTTTCCAAAGAAGACATATAAATGGCCAAGTGCATGAAAAGGTGAGCAACATCATTAATCATCAGGGAAGTGACAATCAAAACCATAATGAGTTATCACTTCACACCTCAGGATGGCTATTATCAAAAAGACAAGAAATAACAAGTGTTGGCGAGAGTGTGAAGAAAAGAGAGCCTTTGTGGTTGGTTGGAATGCAGACTGGTGCTGCAGTATGAAAAACTGTATGGAGATTCCTCAAAAATTTAAAACTAGAATTATCATATGATCCAGCAATTCCTTTTTGGGTAATATATCCAAGGGAAACAAAAT,"[[22408562, ""A"", [""G""]]]",yes,no,A->G,1
chr17,18177724,18178138,TAATAGCTCCTGTCTCTTAGAGACACTGTGGGGATTAAAACAGGTAGGACACATCAGGCCTTTAGGACAAGGCCTGGCACACAGTTAACACTCAGAGTGTGCCTCTAACATGATTTTATCCTTTCTCAGAGCAGCTTCCCTGGGGGGATTCCAACAATGGCTTTCGTCTGAGAACCACATTCACAGATTGATTTCCGCAATTCCCTGATGCCTTCCCCTACCCTGCTCCAATTGGGAGCACTAAGCCTGGGTCACTGCCCATTGTGCACTGTGGGAGCCAGGCGGTAACCATGGCAACAGACAGTTAGAAACTGTTACCATTTATTGATTGGATTCATATTTTTTAAATCTAAAGAATTTACACGTGGCCGGGCGCGGTGGCTCATGCCTGTAATCCCAGCACTTTGGGAGGCCG,"[[18177823, ""C"", [""T""]]]",yes,no,C->T,1
chr12,111418099,111418389,CCCACCCACGTGTCTTTCAGCCCGGCCGCACCACCTGGGTCTCCGCCATGAACGGGCCTGCCCTGCAGCCCTCCTCGCCCTCTTCCGCGCCCTCAGCCTCCCCGGCGGCGGCCCCGCGGGGCTGGAGCGAGTTCTGTGAGTTGCACGCCGTAGCGGCGGCCCGGGAGCTGGCCCGCCAGTACTGGCTGTTCGCCCGGGAGCATCCGCAGCACGCGCCGCTGCGCGCCGAGCTGGTGTCGCTGCAGTTCACCGACCTCTTCCAGCGCTACTTCTGCCGCGAGGTGCGCGACG,N,no,no,N,0
chr2,100658081,100658291,TGAGCCCAGGAGGTTGAGGTTGCAGTGAGCCATGATGGTGCCACTGCATTCCAGTCTGGGGGACAGAGTGAGAATCTGTCTCAAAAACACCAAACTAAAACGAAACAAAACCCGAAAAACTGACAAACTATTTTTCAGAATGGCTGTACTATTTTTCATTTCCACCAGCAGTGTATAAGTGGTCTTATTTTTCTGCATCCTCAGCAGCATT,"[[100658191, ""A"", [""C""]], [100658266, ""G"", [""T""]]]",yes,yes,G->T,2
chr3,64381343,64381610,AAAAAATCAGTATGGTGTGCCCTCTGACTGTAAGGAGATCCTGGCCTACTGGTGATTGGGGAACTCCGGGCACAATGGCTTTGGAGGTGGGGGGAGGGCTGTGTTTCTGTGGCAAGATTCAATCTCAAACAGAAACAGAAAAATGATTCCTTTGCAGGTTTTTAGAATGACCCTTTGATATATTCTGCTGACTCAGCACCCTTCTTTTCCTTTCAGTGATAAATCAACCTTGAATTCGTTTTGGGATGCCTTCTCCTTCCCTTCTCTC,"[[64381352, ""A"", [""G""]], [64381394, ""A"", [""G""]]]",yes,yes,A->G,2
chrX,16005912,16006299,TGAGAAATTCACTTCTTTGAGCTTGCTAAATAGTTTTTAATTTGTAATATTCTTAAAAGACAAAACATTCTGCATTTGTGGGTGAAATAATCGTTTTAGAATGTGTTCCCAAATTGCATTGTCAATTCAAACCTGGCAATAGTTCAAGTAGGCTATAAGAAACAGATGAAAAGGCTTGGAAGCATGTGTTTCCACTAAGGGCATGAGGCTGGGAGGGCTATAACTGGAGGCTATTTCAGAACAGCCGTATGTCTGGGAGTAAATCTTGGAATCCAAGGTGAAATGCAGACTAAACTGCTCATGTGATACTATATTGGATAAACAGAGGCACTCATATATTTGGGCAGGCTGAGTACAACTACATTCATCTTCAACTTGAGAACAGTCT,N,no,no,N,0
chr5,2699820,2700037,GCCTGGAGCCCGGGACCTCAGAACCCCAGCCACGGTGAGGAAGGTGGCCTGGGGGCGGGGCGGCACCTGCTTGCTGAGCCAGCAGCCCACACACTGCAGCACACCTGCCTTCCTCGAGAAAGCCACGGGACACCTGCTTGAGAGCGTGGGGTCAGACGCTTCTCCTTCACCTGCAACATGGACTCATCATGCGCTCCGTATTGCACGTGGACTTTGGC,"[[2699844, ""T"", [""C""]], [2699920, ""G"", [""A""]]]",yes,yes,G->A,2
chr17,18002238,18002535,ATCAGGAATTTGTTTTCATGTAAGGCTTGAGGTAGGGATTGAGCCTGGTTTTTCTCCAGACAGGGTAGCTATTATTATGTCATTCGCCCCCTTCAATCATGCTGTTACTCCATCCTCCTTCATGACTAATACCAGGCATCAACAAAAACAAGCCAAAATCACATCTGGTGTTGGTGGTAACCCAGGCCCTTTGCTAGTAAGCAGCTGGTAGTCAGTGCTGTTTGGACCCCAGGTTGCCATATACCCTCTGAGCACCCCCTCATTCCAAAGGGCTCAGCATCTATTTAGCAGTAGCTTC,"[[18002277, ""C"", [""T""]]]",yes,no,C->T,1
chr3,8573332,8573772,GGCTAAATCAAGCTAACATATCCGTTACCTCACATAGTTATTTTTTGTGGTGAGAACATTTTAAAAATATTGTCTTAGCAATTTTCAATCAAGCCTGTCCCATGGAGACACAAGCAATAGTGACATGAGCACTTGACTCGCTGGGTTATCAGGCTTTGGCTCCAAATGTTTGGCTTCAAATATGAAAAAATTACATGAAAGATGAAACTATGCAATGGCATGGCTGTTGGTCATTCACATCTCTCTCTGCCAAGAATGGAGATGACGCTGTTGAAGGAAGAAATGTGTTTTCTCCTTTTTCTCAAGTGATATTTGCCTTAGGTCAGATTCTACTAGTTTAAAGCAAAACGATCTCCTGGTCTGATTCCTTTGGGTCTCTAATAATGGAAACTGCAAGGATCAGCATAAAGTGTTCCTTTGTTCTGACGTTGGTATAACATT,"[[8573355, ""A"", [""G""]], [8573521, ""G"", [""A""]], [8573591, ""G"", [""A""]]]",yes,yes,G->A,3
chr13,25806634,25807050,TGAACATCTGTATACATGTTTTTTGTATAGAAATAGGTATTCAGTTCTCTTCAATACCTAGAAGTGGAATTGGTGAGTCATAATGATAACGCTATCTTTAACATTTTGAGGAACTGTTGAACTGTTTTCTGAAGTGGCTTCATCATTTTACATTCTTACCAGCAATGTGCTAGGTTCCAGTTTCTCCATATCCTCACCAGCACTTGTATTGTCTGTCTTTTTTTACTATAACCATTCTGATGGGTTTGAAGTGGTATGCCATTGTGGTTTTGGTTTCCATTTCCATGATGAGTAAGGATGTTAAACATCTTTTCATGTGGTTATTAGCCGTTTATATATCATCTTTGGAGCAATGTCTATTCAGATTCTTTGCCCATTTTTGGATTGGGTTGTCTTTTTATTGTTGGACTATAAGTG,"[[25806650, ""G"", [""T""]]]",yes,no,G->T,1
chr19,19140503,19140829,AACACCCATCTCTAAAAAAAAATTAAATTAAAAAAAAAGTTAAATTAGCCCAATGTGGTGGCTCAAGCCTGTAAGTCCCAGCTACTCAGGAGCCTGAGGTGGGAAGATTGCTTGAGCCCAGGAATTTGAGGCTGCAGTGAGTCGTGATCATGCCACAGCACTCCAGCCCTGGCAACATGACGAGGAAAAAAAAAGAGGCTGGGTGCAGTGGCTCATGCCTGTCATCCGAGAACTTTGGGAGGCCAAGGTGGGAAGATCACTTAAACCCAGGAGTTCCAGACCAACCTGGGCAACATGGGGAAACCCAGACTATACAAAAAATACAAA,"[[19140556, ""C"", [""T""]]]",yes,no,C->T,1
chr10,92455018,92455346,GGCCAGAAATGATCTATTGCAAAATAACACAACTGTTCAAACAGGAGGCAAAGGCAGACAAGGGTAGAGGCTGAGTGACTAGATGTTCAGGGAAGAACTAAAGTAGAAGCTCCAACACCTGGTGACCTGAAACTTTTAGTTCATCACTTTTAGTTCCCAATGAACAAGTTTCTTCTGGCCGGGCACAGTGTCTCGTGCCTGTAATCCCAGCACTCTGGGAGGCTGACGCAGGTGGATCACTTGAGGTCAGTAGTTTGAGACCAGCCTGGCCAACATGGTGAAACCCCATCTCCACTAAAAATACAAAAACTAGCTGGGCATGGTGGCGT,"[[92455032, ""C"", [""T""]], [92455241, ""C"", [""T""]]]",yes,yes,C->T,2
chr9,37441283,37441755,TGCAGTAAAGTTATTTCCTCTGCTCTTGTTAAGGAAATTCGAAATACTAAAAGTGGACTTATGCTCTAGGTTATTTGTGACTTCCAAAATATGGATATCACCTACCCTGTCTGTGCTAGACTGGGGATCTGAAAAACTCCGATCACTGCTTTCAGGGCTGAGGTCTATCTTCTCGGCACTGACCACAACTCCTTCCACTTCCACAGACTCGCTGCCTTCTGCTTGTGAGGTCACATCGCTCACTTCATCCTGAGGCTCAGGTGAGCTCAGGGGCTCAGATTTAACCACCACTCTCATGTGCTCCTTCTCACCAAGGCCAACCTCAGGGTTTTCACACTGAAAACTACTTTTCTCAGGTGCAGCTTCCTGACCAAAACTAGTCTCAACCTGAGTTGCACGAGAGGCCATGGACAACTGTGCCATGTTGCCAGCACTGTTATCAGACTGGCTGGGCACCTGGGCATCTTCTTGAG,"[[37441316, ""A"", [""G""]], [37441653, ""T"", [""C""]]]",yes,yes,A->G,2
chr1,52520203,52520554,GGCAAGGCAGAGAAATAGGGGAGTGTCACAGATCGTGTAAGGCTCTACTAGCCACTGTAAGAACACTAGCTTTTACTCTGATGGATGGAAAGCCACTGAAACACTCTAAATACTAGTAATGTGATCTGACTCATTTTAACAGGATCATTCTGCTTACTATACTGAAAACACAATGAAGGGTGATGTAAGTGAAAGTAAGATGAGTTGGTGCAGGCTGCTTGAAAGCATTATCTTGACCAGCAGCATCAGCATCACTTGGGAGCTTATTAGAAATCCAATTTATCAGGCCTTATCCTAGGCTTTCTGAATCAAAACACTCTGGAAATGAGACCCAAGACTCTGCATTTTAATA,N,no,no,N,0
chr17,42842238,42842665,ACATGCACACACAGACTCCTACTCCATTAGCTAACATACCCTCCCTCTCCACAACCCCTGTCACATACCTTTCAGGAGGTGACAGTTGTCTTGGTTGTCATCTACCCAGACAAACGTCCTGGGCCCGTCCTCCCTCCTGATACTGTAGCCTCTTGGTACCCAGGGTGAGTTGGTGGAGAACAGAGAGATGAGAAGCAGAGGGCTTGGGGAAAGCCTGTTCCTCTCTGACTCAGCCCTTTTTGGCATTATTGCAAGAGCTTGACTCCTGGTTGCCTTTTCCCAGCCAGTTTTCAGTTGGGGTGAAGGTTTCTGCAAGTGTGAGGTCCAGATGCTGCTGCTCATGTTGGGCTTTCCTTTTGGGAACTATTTCTCTTTATTTATAGTGTCGGGCTTCCGGGGAAAGCAATCATTGGTGTGTATGTGTATGT,"[[42842330, ""A"", [""G""]]]",yes,no,A->G,1
chr2,147945729,147946008,GTGACCTGTTATTTGTATCACTGCTATTGGCTTAATCCTGCCATTCAAAATAGCTTCCTGGATAATCGGCACTAAGAGAAAGAATAGCTCCCTTAATGCAGCTACCACCCTACTCCACAAGGCAGGGACTCTGACCATGGTGCTGACAGATTTTTCAAGTGAGGCTCATTTTATTCACATACCAAAGACAGGCACAAGATGATCAGGATAGGGGAAGAAAATATTAGAACTCAGAGACACAAACACCAGTGATGCTGGTTCTACTTAATGAAACTGACTA,"[[147945741, ""C"", [""T""]], [147945891, ""A"", [""G""]]]",yes,yes,A->G,2
chr8,79103727,79104161,TATATAACAAACCTCCACATGTGCCTCTGAACTTAAAGTTAAAAAAAAAAAGCGAGCAAAAGGAATTCTTGCTTTATCTCTGAGATTTGCCCAGAAATTTGCTAATGGTAAACATTCATTTCCAGAAAAACAGGGGAAAGGTTTGGGAGGTACAGAATGAGTCATTAAGTGGTTTGGGATTATGATTTTCAGTGATGATCAATCAGTGTGGAGCCATGACTTTGAACTCAGTGGATGAGGTAAGCATGATGCTATTTGTTCTTAGCTCACAATAGTTTAACAGTTCACTTTTGTAGTCCTTAGGATTTTGCTGAGAAGTCATAGACTCACTATGTTATTGTTCACTCCTGAAGTTTAGAGTGAAAGGCCAAGCAAAATAAAAAATTCACCACTATATATCAGCAATGTGAGAGAAAAGATTAAATAAAATCCTCC,N,no,no,N,0
chr11,68968619,68968864,GCAGGGATCTGATCCAAGGTAAGGATGACTGTGAGGGTAGGGTGGGGGGAATCTTGTTTCCTGTAATGCAGCTCCCTGGAGAGGGCAGCAGCTCCCTGGAGAGGGCAGCAACTCTTCTAGGAAGGCTGGGACCGCCTCCTCAGATCGGGGAGGACGACCTCCTTCAGGCAGAAGAAGCCCCTGGGTGGTTCTTCACGGTTTGGCTGGTTGGGGTCAGGATCTGTCCTGTGTCTTCCGGGAATTTCC,"[[68968661, ""C"", [""T""]]]",yes,no,C->T,1
chr7,53220307,53220621,TAGCTTTATTCCTTAAGGAGTTTAATCCCTCAGAATGCCAATTTATCCACTCTTTTGCTAAAACTCTTAAAACACCTGGCCTCCTTAACTGTATCTTGCTCTGATAGTATAAGTTGACACTACAGTATTGATCACCCATCTGCCTTTCTTGCTGTTACGATTTAGCAGCTGAGTGTGAGCAAAGAAAAGCCCATGACCAAGATAATTAGAGACTCTAAGATGTTCAGCGATCCATTAATTCACTGTGTGTCTCCTCAATGCTATTTTCATCTTCCAACCCCACAGTTATGGTTAGAAACATTCCACGCTTCCTCA,"[[53220324, ""A"", [""G""]]]",yes,no,A->G,1
chr4,190073035,190073376,CAGCTGCCAGCACGGAGCGCCTGGCGGCGGAACGCAGACCCCAGGCCCGGCGCACACCGGGGACGCTGAGCGTTCCAGGCGGGAGGGAAGGCGGGCAGAGATGGAGAGAGGAACGGGAGACCTAGAGGGGCGGAAGGATGGGCGGAGGGACGTTAGGAGGGAGGGAGGGAGGCAGGGAGGCAGGGAGGAACGGAGGGAGAGACAGAGCGACGCAGGGACTGGGGGCGGGCGGGAGGGAGCCGGGGACGGGGGGAGGAAGGCAGGGAGGAAAAGCGGTCCTCGGCCTCCGGGAGTAGCGGGACCCCCGCCCTCCGGGAAAACGGTCAGCGTCCGGCGCGGGCT,N,no,no,N,0
chr3,74651226,74651663,AATGCTGGGATTACAGGCGTGAGCCACCGTGCCCGGCCCGATGCTGCTTTTATTGTAACAATCTCACTGACTTACTGGCTGTTTTACTTAACAGGTACCAATCATACAATGCAAACGAGCTTAGGCAAAAATAAAAGCAGGGGGTTATGTGGTTCACATAGTTGGAAGTCTAAAGGTCTGTTTCTGACTCAGCTGGGTCCAGGGATAAAATGCTGTCATCAAGAAATTGTTTTCCTGTCTCGGCTCCACTTACCTCATCTTGGCTTCATTTTGATGTAAGCTTTCTCTGTTTGGCAGCCAGATGGTAGTTGGCAACTGAAATAGCAATTATCATTATTGAAGTACTAAGATTGAGAATAGTTTACTAAGTATCTACTCTATGCTAATGCTCTACATGTATTAACTCTTTATTCCTCACAGCAGCTCTGTGAGACAGGT,N,no,no,N,0
chr11,30001078,30001376,TAATAAAACATTTCATTGTCTTCGAATGTCAATCCATCCCATCAGGGCTGAAGTCAGCCACTAAGTCAACAACCTAAAAATAGACTGTGGCGAGTGTGAAGACTGTCACTTGCCTGCCTCTGTCAGCTCCTCTTGCCAGCAGTGAATGGAAAACTCAGGTGATGCCTCATTGTGTATAGACATTTTCCCTTAAGCAAATAAACATAACAGCCAAAGCACAGCTTCGATAGCCTAAGGAATAATGGAAGAGGCATTTTAAAGTTGCTAAATCAAATCATTTTGCCTAGAAATGGAAATGA,"[[30001139, ""A"", [""T""]]]",yes,no,A->T,1
chr4,137300823,137301108,CTTTGAAGAATGCTTCTAAAACATCACACTAAGTCAAGCTGAAAGGTAAAGTTTAAAATAGTTTTTAAAGTATAAGTCATAGTATATGTAATGACTATTCACTCTACAGAATCTTGAACTTAAAGCTTATGACACACCCAGTTGGCAGTAGCACCCATGTTTTCCAAATAGCCAGTCATTATTTTTCTTTTGTCTGCATAGACTTCTCATTAGCTGCCTTCTGCTTTTGTTGCATGAGCTCAGAGTCCCTATGCTTTCTCTGAGAGGTAGTCAACCTATCCTCTTT,"[[137300940, ""C"", [""A""]]]",yes,no,C->A,1
chrX,49963720,49963969,AGGCCATTTAGGATATAGTAAGTATATGTTCTTCCTGTTTGTGGACCAGGTTTAAGTCTGTCTTTTTTTCTTGTTATCACTAAGAAGAGCTAAGGAATGCCTGCATCATCATTTTGACAGAAACCAAAACTTTAATTCTGCTGTTTTTGAAGTAAACTAGCACCTTTCTTATCTTGGGCAAATTCATTGAAGCTTGTTAACCAGTTAGGTGGTAACTCTACCTCTTTATTCCCTATTTGGATGTAATGCA,N,no,no,N,0
chr11,90948023,90948336,GGTCATATGAAACTGTCAAATGCTTCACTGATTTTTTATTCTTTCCTTTGGTTTACATTTCTCCTTCTTGATCTCCACTGGAATAACTGCTAGTTCCTTGCCTAGAGGTGGCACAATTCACCAGATAAAGCACCAGCTGATACCCAGGGGTACCAAAGATTTGTTTTGGCTCAACTTACTTAACACTTTATCTTGTTCTCCTGTTCTTAAAAATAAGAACTGAAGTACTAACCTTTATAACCTTACAGGAATATTCAATCCTTTGAAAAAAAAAAAGGTAGTGATAGAGAAAGGAAAATTCCAACATAATTAGA,"[[90948031, ""C"", [""G""]], [90948225, ""T"", [""G""]]]",yes,yes,T->G,2
chr7,91515975,91516372,AGCTCTACCATAGATCAAACCCCAAATAGTCCCAAAGGGACTGTGCAGACTAAACTTCCACATAGAACTTCCACTCTTTGGTGGCTATTTTGATGTCAGAATGGGCCTATCCAAAGCTGCCACATGAGTCACCTTGAACTCTGCCTGCTTTGCATTATTGCCTCTGGATTCTCTTCCCTGGAGTTTCTTCAGGCAGCTGGACTGCATTGTGCCATGACATGCTCCTCATTTTCCCCATAAACATCTCTGATTGAAGGCAGATGACACACGACCTTTAGCTCACCCTTAGGAATCTTTGCTAAGCCTGGTTTAGTACAGCTAGGTTGTAGCATGGATGTTATTCCTATCTTCCAACCTTATGGGTCATGGGTTATATAGAACTCCATCTGTTGTGCATT,"[[91515986, ""G"", [""A""]]]",yes,no,G->A,1
chr2,200422917,200423362,AACATCCTTACTGTGATGATGTGAGATGATAAAATGCCTGCATGATGAGATGCGATGACACTCACTCTGATCACCAAGACAGCCACTAAAGTGACGAGTGGGCAGGTATCGTATATGGCATGGATACTCTGGACGAAGGCATGACCGCATCCTGGGTAGGACAGAGTGAGATGGCACAAGATTTCATCACATTACTCAGAACAGTATGAAACTGAAAACTTAATGAGTTGTTTATTTCTGGAATTTTCTGTTTGCTATGTTTGGACCGCAGTTGACCATGGGTAACTGAAACTGTGAATATGGGAGGACTATTGTAGTTAGATTTTCCTGCCTTCAAATTATGAAGGTTCATCAGAAAGTTGATGGCAAAACTATCTAATGGCTTTAAAATGCTTGCTCAATCTACTGGCAATCGCAAGAGCTCTAACAGGTATTCTGCAGATGAG,"[[200423063, ""A"", [""G""]], [200423200, ""T"", [""A""]]]",yes,yes,T->A,2
chr15,53666047,53666253,TACTTATTATACAGTTGCAAGTGATCAATAACACATAACTATGGAATATTTTAGTGCTGTCCCCTAGTGTTCCAACTCACAAGCAACAGAGAACCCACAGTGCTTTGCCTGGGTTTCCAGGCTTGAAATGTTTCTATTGGTAACACATAATTTAAATGAATGGAGCAAGTAAGAACACGGATGCTTTGTGTACTGCCTCCCTCACCG,N,no,no,N,0
chr9,35455588,35455891,CACGTGGCCCCTGCTGCTGTGTTGTTCCCCTGTTGGCTAGGGTTAGACCGCACAGGCTAAACTAATTCCAATTGGCTAAAGAGAATGATGGGGTGAGTGCTTTGGTGGGAGTCACGGCAGAGAAGGTAGCAGGTAGCAGGTAATTGGAATGAGTTAGGGTGGAGCAGGTGATTGGAATGTAGGGTGGAGCAGGTGATCAGAATGAGTCAGGGTGGAGTATATAATCGAAAAAGGTTGCTTAAAGAGGAAGTTTAAAAGTAGAAGAATTGAACATATGGACATATTAATTCTTTGAAAAGAAATT,"[[35455619, ""A"", [""G""]]]",yes,no,A->G,1
chr19,4224483,4224947,GACTCCAGGCTCAGGGCCGCTGAGAAAGGCCAGGCCCAGTGGCTACACGGACCACACCCACGCAGGGACCTCACCCCCCTGCAGGCCCCTTGCAGACCGGCTTCACTTGGCTTCACTTGGCCCTATCCAGGCCCATGCACTTGGAGACCAGCCTGGTTCCCTGCCCGACCACCCCCAGCTGGCTCCATCACCCCACCTGGTCTCTGCACGCACACACTGGTCAGTCTGGACCCGGGCCGTGACTGCCCCTCCCCCACCACCGGAGACTGTGATTCCCTGTGTCCTCCACATCCAGACGCCAGCCCAGGAATAAAGGCATTCTGTGCACAGGGCCAACGCGTGCCGTCTCGTTGCTGGGCTTCCACTGCGGGGAGCGGAGAGGGTGGCCCAGAAAAGGAAGCACTCACACCCCTCCCCACCTACCCCACGCCACAAATCAGCCATCAGGATAAACCCCATCTTTTT,"[[4224531, ""T"", [""G""]], [4224884, ""G"", [""A""]]]",yes,yes,G->A,2
chr6,79861068,79861543,GGGGAAAAGGTTCACTGTCCTCGATTTTCCAGATTCCTCTGAGCTCCAAAGCACACGGAGGGCAACAGGCATGCTATCTTTTCAGAAAGACACTCTCTGACCTTCTTATCTAAAGCAACACATGCACCCCATGGCTTTCCAGCCCCTCACTCTGCTGTCTTCACAGAGCCTATTACTGCCCGAGAACAGTAGGCTGGCAGCTGGTAAGGCCTACGACCTGAAGCTGGCGGCCTGCATGTGCAGCCTGACTCTGTGACTTGACAGCTGGGGGGCGGGGTGGGGAGGAGGAAGACCTTGGATAAGGTACTTAATTTTCCTGTTCCTCCGTTTCCTCTTCTGGAAAATAGGAATGTTAATAGTGCCTATCTCATAAGATTGTGAGAATTAAGTGAGTTACTATTGAAAGCCCTGGGAGCACTGTCTGGCAAATAGTCATACTCTGTGAAATAAAACAGGTGAGCAAAATGTATTCATTG,"[[79861124, ""A"", [""G""]], [79861196, ""G"", [""C""]]]",yes,yes,A->G,2
chr13,100115891,100116181,ATTGCACCCTCAGTCAAAACTTTCTCTTACTATGACCTACTTTAGGTCAATTTCTAGAAAGATACTATAAGTAAAAGCAGGATAATGATGGTGGGAATGTCAAAAGTTTCATTTAAACCTCAACAGTAGGGTCAAATCTGCTATGTGGTTTCTGTTTCAGTCTCAAGGAGGCTGAAAAGGTGAATTCCTGTAACAGCATCTTTTGCATCCTCAGCACGTGATCACAGAGGTTACTATCATAGCTAATCAGCTTTATAATATCAGTAATATGAAAAAGCCATGCTATTCAGA,"[[100115898, ""A"", [""C""]]]",yes,no,A->C,1
chr1,46798166,46798366,ATCATATCTTGTTTGATTTCTTTAATCTGCCTGCCTCTGCAAATAACATACCCTCCCCAGGCAAGGCAGTGGTCTGAGCCAAACTTGTTCTTCCACAGAAGCCTGGGCTGTGGCACTGGGAGCTGCCAATTTCTTGCTGTGCAACTTTGGATATTTCCCTACCTCTCTTGAGCTTAAGTGGCTCCATCCAGCCAGGAGGGA,N,no,no,N,0
chr22,24833978,24834297,TTGCCACATGTCCTGAGCAAGCTCATGGCTTCTTTTTGTGGAGAGAACAGATGGGGCCCAGTAGCCTCTGCTCACTATGAGGGAGGACACAGGCAGGTGGCCGCGCTCCTGCATCAGAGCCTCTCTGGAGGTGACAGCAGATGGTTGCCTCCAAGGAACAGGATGTTGGCAGGATGGCTACAACCTTAAGAGAGGGCCAGCCACTGTGTATGGGAGTTGTCAGTCACGTCAGCACTGACCCTGAGAGCTGTCCCCGACTGCAGACCACCTAAGTAGGCCGTCTGGGCCATGACTCAGGATACAGGAGCAGTTTCCTTGGC,"[[24834010, ""C"", [""T""]]]",yes,no,C->T,1
chr7,155638426,155638690,CGACTGCCTGTCTTCCAATGTCTGAAAAGAGTGTTTCCAAATCTGTCCAGTTTTCAAGTTGTTTGTGACGTGAGAAGCCTGTCTCAGTCCTCCATGATGGCCAGAGGTGGAAGTTTCTCTTTCACTGCTTTTTATATCTTCTCTTTTTTGGTTATTCAAATTTTTAGTTTCACCACGTCTAGATGTGGATTTTTTTATTTTTTTTTTTACCCCATGCTTGTTATGCTTCCTGTATCTTTGGATTTACGTCTTTCACTAATTCTTA,"[[155638494, ""T"", [""C""]], [155638549, ""G"", [""A""]]]",yes,yes,G->A,2
chr18,25661842,25662201,ATGCCTGCTCAATTTCCATCTTGTTTCTCTATTACCATATCTGTGCAATGTGCTTATAAAAGTTGTCAAAACAACACAACATACAAACTCAGAACAGGTCCAGTGAACTGTTTCAGCTGCTTTTTCTTCTCATTTCCTTCCACTCGCTTCAGGAATCCTTGGGCTTTGACAGTGGGAATTGCAAAACCCTCAGGGCAAGTCCCTTTGTGGCTCATTCTGCATCTTATTTAGTGCTGGTGTCCAGAGGCTATAAGTAATTCCGAACAGGCCCATGTCACAGCTGACTCAGGTGACTCACAACATCATTCACATTTGTCGATATTCTCCCTAACGTCTCCGGAATCAGGTGTCAGTCATCAA,"[[25661904, ""C"", [""T""]], [25662125, ""G"", [""A""]]]",yes,yes,C->T,2
chr20,10876577,10876970,TCTCTATATACCCTTAGACAAATTAATTATACCCTCTGTGCCTCAGTTTCCTTATCTAAAAATGAGGCTGCCTCATGGCAAGGTTCTGAGGATTACATGCTATAATCCATGTAAATGGCTTAGAACAGTGCCTGGCACACAGAAACTGCTTAACAAGTGTTAGCTATTATTTCCTTTGGCATAGAGTCACATCTTATGCAACAGCACTTTCATGGGATTTAAATGTTGAAAGTTCAAATGGTGAACATCAACCAAGTGGATAAAACTGCAAGATGTTTTTGAAATTCACATACACGCAAAAGAGTATTAACAACCATCCTCAAGCTCTTATATCCATAATTCAAAAGGGCTATTTTTCCTCACCTAGTTAGGTGTGGTTATCTCATATAGTAGA,"[[10876578, ""A"", [""C""]]]",yes,no,A->C,1
chr1,30481950,30482256,ACCCTCACATCCTCACCACCTGCTTCTTTGTTTGATCATCAATAAATAGTGTGGGATACCAGAGCTCGGGGCATTCTCAGCCTCCATACTAGCGTTGGCCCCCTGGTCCCACTTTATGCGCTCTTAACTTGTCTTGTCTCATTCCTTTGACTCCACCAGACTTCATAGCCCCCCGGCCTGGTGTTGGGTCTGATCACCCCAACACCCTGCTTCTGTGCTGTGTCGGGGTCATGTTGGGCCTTCCCTGGACTATCATTTCCACAGCTGCAGGGCCTGGATCTGTCTCAGTCCCAGGTCTATCCCCAGC,"[[30481954, ""C"", [""T""]], [30482057, ""G"", [""C""]]]",yes,yes,G->C,2
chr4,101439998,101440336,TGCTATTGTATGTTTGGGAGGATGGGACGGAGGTGGTTAGAATGAGTATTGGCTGTGGAATTGGAAATACAATTTCACTGTGAAACATTTCCAAAGATACTGCAGGCTAAAATGTCAAAGTATCTCCAGAGGATTTAGTTTTATTACTCACATTGATGTCAGTAGGAGCTGGGTAGTTATAGCCTTGGCTGCTCTCTGGAACTTTGCCTAACTACTCCTGTTTCAGCCATTCGAAATTATTTGTTTCACAGTCTCTCTTTTCCCCTCTACTAAATAAACTAATTTCAAATATTTTGATATTAAGGTAATAGCAGAAAAGTAGTCCCAAAGAACAGCTAC,"[[101440045, ""G"", [""A""]]]",yes,no,G->A,1
chr7,28458738,28459223,AGTAAAATATGGATGTGATAGTATTCTTGGAAGAGGTGTCATGGGAATTAAATGGATTGACATAAATGCAATACCTAGGTGGCGCCTGAGATACAGTGGGCCTTGGAAATGGCAGTTCCCATAGGGAGTCCTGCACGAGCCATGAAGGCGAGAAGCCAAGGCTTTGCATGCTATGCTTTGGGTGTGATAACCCTGGTGGGCCTGGCCTGTATTGCTCCCTGAGTGATGAGATTCTTGCTGATGTAATGGGCTGGGTCGATGTTGTGCAGATCTGATGACAGTACATCCACACCCTGTCGCTTTCCCTGCCAAGACGAACTGTAGCCGTCAGAGCCTCCATTCTGCTCCCCACACCCATCCAGTGACCATCCACTAACGCCCCAGTGAAAGTGGGCTTTATTTGAGCCTTCCAGAGAAATTCAACCTGAGTGGTTTGTGGTGGTCACGCTCCTGTGTGTGTGTGCGGGGGAGTCTGTCTTCAGAGCT,"[[28458829, ""C"", [""T""]]]",yes,no,C->T,1
chr6,169038716,169039073,GACAACCTGCAGGAGGGGAGAAAATATTTGCAAACTATGCAAACGACAGGGAACTAATATCAGAATTTACAGAGAACTCAAACAACTCAACCACAGCAAAAACAAATAACCCCAGTAAAAGCAGCCAAGGGACATGAATAGACATTTTTCAAAATAAGACATACAAATGGCCAGCAAGCATATGAAAAAAATGCTCAAATCACTACTAATCAGAGAAATGCAAATTAAAACCACAATGAGATACCATCTTACACCAGTCAGAATGGTTATGATTAAAAAGTCAAAAGTAACATATCTTGGTGAGGATGTAAGAGAAAAGGGAACTCTTAGACACCATTGGTGGGAATGTAAATCAGTA,"[[169038811, ""A"", [""G""]]]",yes,no,A->G,1
chr13,42607412,42607691,TAATGTTTTCTTTGCAAAGTATTGTAAATTATATTTGTGCTATAGTGTTTGATTCAAAATATTTAAAAATGTCTTGCTGTTGACATATTTAATGTTTTAAATGTACAGACATATTTAACTGGTGCACTTTGTAAATTCCCTGGGGAAAACTTGCAGCTAAGGAGGGGAAAAAAATGTTGTTTCCTAATATCAAATGCAGTATATTTCTTCGTTCTTTTTAAGTTAATAGATTTTTTCAGACTTGTCAAGCCTGTGCAAAAAAATTAAAATGGATGCCTTG,"[[42607458, ""A"", [""G""]]]",yes,no,A->G,1
chr18,37256743,37257109,TCCAGCTAATTTTTGTATTTTTAGTAGAGATGGAGGTTCACCATGTTGGCCAGGCTGGTCTCGAACTCCTGACCTCAAGTGATCTGCCCGCCTCAGCCTCCCAAAGTGCTGGGATTATAGGCACGAGCCACTGCACCCAGCCTAGGTTTCACTTTAAAGGCCTCTGGGATATTGGCAGAAAGCTCAGCTGCCTGGTGAGAGAGAGAACCCAAGTGGCTTAACCAGGAACAGCTGGGCTGGACCAGCATCTCAGGAGTCTGTCCTTTTTTCAGGGCTGGTATGCTCGACATCAGAAATTTGTTCAAGAGAGGAGAGCTAGATTAGAGGTATACTAATTAGAGAGAAAAAAAAACTGTAGTCCTGGCTA,"[[37256866, ""T"", [""C""]]]",yes,no,T->C,1
chr1,78291405,78291838,GCAACATTAGACCAATATTTAGTTTTAGAATGAGATTTTAATATAACTAGACAATTCACATAGAGTGGACATTAAATGCAAAGCCAGATAGTTCAGTTAACTTGAATACATGCCCTTCCTATTTCTGGAACAAGATTTATTACGTAAAACCCTGATTGTTTTTCCCTTTTACATCCAAGTTAGCTCTATTATGTTAGTATCTGCAGATGGGTTTAATTTGAGTACTTTTTCACTTTCGACCACCTCATGATTTTTCCTGGGAGCCAACAATGACAGTGATCTCATGGAAGAGATTGCATAAATGCTACTCATTAGGGTTATTTAAGAACTCAAATAGATATTTCCAGTTGCTTATAAAACTATAAAATAAGCAATAATTAAACATGATAAAAAACTCTGCCAAATCTCTTTTCCATATCATGGGATATTACGAT,"[[78291535, ""T"", [""C""]]]",yes,no,T->C,1
chr17,18266537,18266740,TAATAGTAATAATAAATTAGCATCTCAGTCTGTTTGGGCTGTGATAACCAAATGCCATAGACTAGGTGGCTTATAAACATCAGAAATTTATGTCTTGCCATTTTGGAGGCTAGAAATCCAAGAGTGAGTCACAGATTCCATGTTTGGTTGAGAGCCCACATCCTGGTTCATAGGTGTCCCCATCTAGCTGTCCTCATGTGGAGG,"[[18266585, ""A"", [""C""]], [18266633, ""A"", [""G""]]]",yes,yes,A->C,2
chr10,43065360,43065637,CTGCAGGCCTAGAGCTCACCAGGGTGGAAGAGGGAGGGGATAGGATAGCCCAGATGGGCCCCTGCTCCCAGCAGCCTCCCCACCCCCTGAACACTCCCCTCCACCCCACCTAGCCGGGCAGGCCCAGCTGGCCCCATTTCTCATTACTATTGATTATGGTGGCAGAGACCTGCAGCACAGAATGTAAATCAGCATCCCTGGGGTATTTAACCTAGGAAGGGTTAGGTGGAGGTGGCATCCCTTATAAGTCCTGCATCTGATGTTTTTATATTAATTCC,"[[43065401, ""G"", [""A""]]]",yes,no,G->A,1
chr8,132022399,132022737,AAATTTCAAATTCTCCAAAGTTCTTGAGTCATCAATTGAGAGTGAGGGGGAGGCAAGGGGAGTTTGAGGGCAGAAGAGAAGATACCAAACAGTTGTCCTGGAGAGCAGAAGAGTCAACTGGTTAGGAAAAGGCTGAGCATCCATTTGAGGTTTCGTGGTTGTAAACTTGAAGTGAAATGGCTCAGCTCAGTGTCATTTTTTCCCTCCAGTCACATTCAGCTGCCTCTAGTGAAGATGTGGAGAAGGCAGATGGTCATCATACTGTGGGTGACTTAATACAGTGATAGCCACGGTGAGTGGACCCTTAGTCAATTCCTCCTTGATTAAAGGGAGGGAAGA,"[[132022413, ""T"", [""C""]], [132022590, ""T"", [""G""]], [132022675, ""C"", [""T""]]]",yes,yes,T->C,3
chr9,17462890,17463269,TAAATTTATTTCTATTTTTAATCTAGAATGCTACTAATGAACTCACTAAACAGTCATCAAATGTGAAGACTTTGAAATTTGAACTCCTAGCAAAAGACGAACACATAAAGGAAATGCATGAAAAGTATGGTTTTTGTATTTCTATCCATTGTATTTGGTGCCACCTAGTGGCAACCAGCTCTATTAAACGTGCTCCAAGAAACTGCTAATGTTTACGTTTTCCTTCCCTAGTTCATATTTAAACCTACCTAAGATGAAAGTTTAAGGAATACTATGTATAGCATGATTAATGGCAAGCTATTTACTTTTTTAAATTAGATAATGATGAAGTTAAATTTCCGTTATTAAACATATTTAATTTTGAATAAATACAAATTAAT,"[[17462987, ""A"", [""C""]]]",yes,no,A->C,1
chr4,171265491,171265777,TATTTAAGGAGATTCCAAAGTTGTAAAGTTGTAAGCAAGAAAAACTCATACCAGAGGCTGCACTGTGAACAGATAAGCTTAGGGGCAGCTAGAGAAAACATCTGAGCCTCTGAGGATCACTGGTGCCAGTAAGATCTAATGCAGGGTGGATTCAGCAGGAGGAAACCACCAGCTCCCCTCAAGCACCCACTTTGCATTGTTTGTGATATGAAACTAGAAAATAAGAAAGACCACAAATATGAAAAAGCAGGGGGAAAAATCACCTTAGCACTGATTCCTTTCTCTCA,"[[171265530, ""G"", [""A""]]]",yes,no,G->A,1
chr22,43949134,43949372,CACTGTCCCCCATGGAGCTGGAATGGGGTGGAGGAGCCCATATCTGGCACCCACGTGGCCTCCTTGTGACGGACCCACCCTTGCAATGTTGGAAAGGAAAGTTACAAGTTTCTTTTCCCAAGTTTCCCAGTAGGCTTTGTTCTGTTAGCTTCACGCCTTCGGTCATTAGCAGACATAAATAAACTTTAACCATTGTTTTTTATCTTTTTTTTTTTTTTTTGAGATGGAGTTTCACTCTT,"[[43949174, ""C"", [""T""]]]",yes,no,C->T,1
chr1,114745346,114745707,AGACGTCATTGTAACTTATGTAATGCTATGTGGTCAATGGAAACAATATGTGGAAAATGCTTATTCTGTAATAGGAAATGAGACATAAGATATTTATACAGTATGATTTCAAATGTATTTAAAGACCAGAAAATCTAATGTTCACAGATGAGAAAACACTTAGCCATCTTAAGGGCACAGCGCTAAAAATGGCAAATGTGGGAACAGAATCCAGTTCTGACTCCATTCTTAACCACTGCCTTATTCATTCAACCACAATTAAGTTCATACAATGCATCAGCATTATTTTAGGTTCTACTCATATAGTAGGTAACACAACAGACAAATATCTCCAGCCTCATAAAGTTTAGACCTTCTACCCT,"[[114745382, ""T"", [""A""]]]",yes,no,T->A,1
chr16,18597367,18597663,CTAAATATTTAGATGCTACAGGGAAAGCAGATCAAATTAAAGGGTACTGTGCACATTTTTTTACTGGGAACTCCCAGGGATATAAATCATTTCGCCTGCAGCATGGAATTCTTCAGTACACATGCTTGTGGAAACATTCCACGCTCCGCCAGCACGCTCATTAAAGTGATGATTTGGGTTGCAACAACAGTGCCAAGTACTTCCTGTGTTCAACTGGGGACCATGTGGCAAGACCCAAAGCTTCCCCAGAGATCCTATGGGAATAAGTTTTTTGAGCCACCATATTCCATTATTTCA,N,no,no,N,0
chr22,41320927,41321152,ACCCTTCAATCTTGTCCAGTAGGTAATTCTGCCCTCACCCTTCACATTTGCACTCCCTGTTAATTCTCTTGCATGACTGCACGAGTTTTCTGATAAATCAATGGTCCCTCTGTTACAATCTCAGTCTCCGTGCTGGGACCTTCACATCTGTGTCTTCTTTGAGACAGAATCTCTCCTTGTTGCCCTGGCTGGAGTGAATGGTGCTCCTGACCTCCTGGACTCAAGC,N,no,no,N,0
chr2,208384699,208384993,TAACTTCAAAAGGAGAAATTAAAATGTTCTTATGTTTTGAGTAAGCATTTCCACTTCCAGACTTTGCTGCATAAACATCTGTGGTCATCTAGGGAATGCCTGACCTGGTTCAGAGGTGTCAGAGCAATGTAAAGTCACGGAAGTGCTGCAGTTCTATTCTGGGCTCTCATCTTTTTGCAGCGGTCCATTCTCTAATTTTCAACCACATATTACCAGACAATCTCTTAAGTCATACACAACAAACTGATTCTGTTTCAATGCTTAGAATTAGAATAAAAAAGCCTAAGCAAAAATA,"[[208384740, ""C"", [""T""]]]",yes,no,C->T,1
chr8,43108258,43108701,TACTGGCTTTACAAGTACAAGTCAAGGTTGATTCCATAAAGGAAAGCATGCCATTCTAGTCAAACCCTTGGTAAAATAACCAGTGTTTTCAATAGTGTCCTGTTACAAAAGAAAACAGATTCTTATTGTATTTATGAAAATAACTGTATTGCCATAAATTAAGAATACTCACAAATAGTTTTTAAATTCTGGAGAAATCAAGTAGAAACAAATATGCGCCAAATTTTATTCACAGGAGTGTACTTTACTCAGTTGCTACAAGCTGTAAATAGCTTAAAAGAAATTTCCCTGACTCTGAAAAAGCAAAGAATCAGCAGCATTTTAAACAAAAAGGTTACTTCAGACTTTTATTAGTTTAGTCCATGCATTTAACTTCTGTTTGATATTTATGAACATTTCAGCTTTCCATGAGAGTTCTAAAAGTTTTTTTCCTTTATTCTATGT,N,no,no,N,0
chr8,19206324,19206542,GAACAGACATTTCTCAAAAGAAGACATACAAGCAGCCAACAAACATATGAAAAAATGCTCAACATCACTAATCATCAGAGAAATGCAAATCAAAACCACAATGAGATACCATCTCATACCAGTCAGAATGGCTAGCATTAAAAAGTCAAAAAACAACAGATGCTAGTGAGGCTACAGAGAAAAGGGAATGTTTATGCACTCATGGTGGGTGTAAATTAG,N,no,no,N,0
chr12,39647003,39647256,ATTCTTTTAAAAGCTTTCCAAGTGAGAAATCTATGCCTTAAGAATATTTTAATTGATTGCTTATGAGAATCTCTTTGGACTGCTGGTAATGTGACTAGGCCTATGTTTGCATAACATTTGATTCTGCTTGTTACTGATGAGCTGCCAAGGACAGTTCACTTAGGGATTCTTACTTTGGGTTCACGTGATTATTGAGCAATTCATCTGTTCAAACATAGTAACCAGATTACTTTATATCAAATTGTGATGTCCAA,"[[39647023, ""G"", [""A""]]]",yes,no,G->A,1
chr10,55183975,55184400,CCATACTTTAACACACAGTCAAGTAAGCTATCAGGTTTACCTCTCTTTTTCTGATGCTTTCCAGGAGCCGTATAACTCTTGGTAATATTTTACAGACAGTGTATGTGACCCTGCATGGTAAAAGGCAGTGGTGGGAGAAGTATTCAGAGCTGGTAACTAAGGTCTCAACTTGGCCCTCCAGCTAGATGTGGTTTTATGCATCCTCAGCTTGTGAAATGCTGAAAACCACAAAGCACTGGTGGTAGCTGGTGAGGCTGGTGGAACAATGAGACAATTATAGTTTTGGTGCATGTGAAATAACTACAGGAAATATGGACTCATCCGTACTGCCATAGAGAATATAGAGAGTGGTGTGAGGACTCACTACAAAGGACTTGTCATTTATTGTTTGGTGAAAATCTATACTGTTCAATTATTTACTATTTT,"[[55183991, ""G"", [""A""]]]",yes,no,G->A,1
chr15,44064728,44065107,ACTTTCAGAAAAGGAAGAAAACTATTTTGGGTAACCAAATAACAAGTCCCTTCTAAGTCCCAGAATTTAAAGATCACTGAAAAATGAAAATTATGTCTTGTACTCAAGATGCTCTGGAAATTATTTTTGAATTCCCACACCATTATCATTAATGGACACCAGCTGTGGGCTCACAGTATCATGGGTATATTACACAATAAAAACATAGACAGGATGTCACTGCACATATGCCATGCACACAGCTTGGTTCTAACTAGCATCACTGAGAATAGACATTTATTAAAGAAGATAGTGTAGCGGTTAAGAGCACAGGCTCTGGAGTCAGACCACCTGGGTTCCAATCTTGGCTCAGCCACCTATGCAATGTGTGACCTTGGGCA,"[[44064780, ""T"", [""C""]]]",yes,no,T->C,1
chr12,87695105,87695388,TTTAGTTATTTTCCCATGATTATAGGGGATACCATGTTTATGCATAGTAGGATCCCATATGCAACTGTAATTTGATCCCCAGTATTGATTAAATCCATGAAGCTTGGCCAGTTGGTGCATTTTAGCAAATGTTCAAATTAATCCAGATTCTATGCTGTAGAGGCACAAAAGACAATCAGCAACCTTTCTGTTTGTTATTAATATATAAATTATTTTAATACATTTTGGATTCCCAATTGGGTCATATTATAGATCTTTGTTTCAATTTAACTGCATAATAATTA,N,no,no,N,0
chr6,113111999,113112273,TGGGGTACAGCTATTTATTTCATTTCTCAGTTAGTCCAAACCCGAACCATATAAGGTAAGTCATTTGTCTCAGCTGGCCCTATGGAACATGAGGACACTTTAGATTCTTTGGAATTAAGCAGCCATATGGAACTTGTAGTGAGCTTACAACTGAGACATATGGCAGCAGAATGGAGCCAGCCTTGAGGCTGTATAAGCACCCCAGTGACCATCAGCAGTCAATTAAGAGTTGAGACAAGAGAGAAATGTCATTTTAACTCTTGTAAAATTTATGT,"[[113112071, ""A"", [""G""]], [113112245, ""C"", [""T""]]]",yes,yes,C->T,2
chrX,627114,627412,CCAACAAGCACCCCCTTGTACACAGCCCAGGCCAAGAGAGGTGCAGACCTTGCTTTCTGCCTGCAGCCGCCTGCTGTAAAATGTCAATGCAAAACATTTCATACAGTCCACCCACTCTGCAGACTGGAGCTGCGGCCTCTCGGACAGCGTCTTGAATTTGCAACGAAAAACGTGTGGGGTAGAAAAAGCTCTCGTCTGGATTTCTAACATGTTATCAAGCACTCAAACGCTGGGTGTTTCCTGCCTGTCTTTAAAGGGAAGGGCAGGGAGAGAACGTAAAAGCTCTGGTCAGAGAAGGG,"[[627163, ""C"", [""T""]], [627272, ""G"", [""T""]]]",yes,yes,C->T,2
chr1,245371301,245371628,TCTCCCTGCAGTAAATATTGTACAGTTCGCAGTCTAGCCAGCTCGTCAGAGACGGTTGACTGCTCTGAAAGCTGACCTCATTTTTCCTGCTTACCCATACTCCCACTTCCCTCCCCACAGAGCAGATGGCCTCTGGATCAGTGCCAGAGCCATTCCCCGGGCAGAGAAGCATCTAGACCTTGTCACTACCAAGGGTGCGGCTCCACACCCGCGGGACCCGAGCCTCTAGAAATGAGGGAGAAGACGACTCTGCCTTTCTGCAATTTAGATGTCGCAAGGATGAAAACGATGCGGACAGGCTTTCCAGCAGTGAGCCTGGGGAAATCTG,"[[245371314, ""C"", [""A""]], [245371570, ""C"", [""T""]]]",yes,yes,C->T,2
chr10,63994381,63994780,AGAGAAACGTGGAAGGGGCCTGGGAAGGACGCTCCCTGAGGTGAGCCAAGTGGCCAGTTTGTACTTGCACCATCATGTATACTTTTCTTGGGGCGTGGTCTCCTGTTGTTCTTTATTCCAAGGAGAGGGGATGGTGTGCGGGGTATGTTGGGCTTGCCACTTTGAATCAGAGACACCTAAATTTAGACACGGCCGTAGAGGACTCACAGTTCTTCCTGCAGATGATCCTTCAGACTCAGCTTTCATCTGCCCAGCAAGGACAGCTGTGGCTTTGTGAGATGCCCTGCTCCATTCTTGGGCAGCCTGAGTGGTTTAGGACAGGGCTTTTAAAAACGGGGTATTATCTTCTCTTGACAATCTCCCTTTGCCCCATTTAAACATATTTTCCTCCTTCAAGTAT,"[[63994388, ""T"", [""C""]], [63994437, ""A"", [""G""]], [63994590, ""C"", [""T""]]]",yes,yes,T->C,3
chr9,95138490,95138956,CAGGAAGCTCTGAATAGGAGAGTTCGCCTCTCAGTGGCTCCTCCCTTCTCAAGCAGCAGTGCTGGCTTTGACCAGCTTTCCTCACGCCTTATCTTTTTTCAGGATCCATGTAACACGAATCTGTATGTCACTGGAAAGGCGTTTCACTGCAGTGAGAGGTCTTCTGCCAGTACCACATCCTGGCCGAGAGCCATGGCACGGTGTTTGTCATTCATCCTGCCAGGTGGTGGTGGGGAAGCTGCTGCAGCACTCAGGCCAGGCCGCCAGGAGCAGCAGCAAATTCACATGAACCAATGAAGAACCGACCCATCCTGCTTAGCATAGTCACTCAAGCACACGAGTCACACTCCAGTCAGTAAAGTGCGTGATGCGCCCATTCTAGTTTGAAAACGATGTGTGTTAATAGCTGTCTTTTTATTAGAGCCTTGATTCAGAGCACACCCTACTAATTGCTGTGAGTGATTATG,"[[95138574, ""T"", [""C""]]]",yes,no,T->C,1
chr11,26245046,26245413,CATTGAATTTTTAAAAAATAATTCCAACTTGCAGAAAATTGTTCAAATAGAATTTTCCCTATTATCCCCTCTTTATTAGAAAATAAGGTAAATATAATTGCCAAGAAAAATGCATGGGTAAAGTACCCTTCCTGGAACATTTTATCAGGAGGCACATGATGTCAATTGGTCCCATTTTTGATGATGTAAACTTCAGTCAGAATTTGAAAGTGATGTCCACATTCTTCTTTGCAAAGGCATTCTTCCCCTTTTGTAATTCATAAGTAATCTCTGGGATGATTCAAAAAGTTCACATGAATATTCTCTTCCACAACAAAATTTTAACCAATACTTCAGTATCCTTTGATGATTTTAGCCCGAATCAATTA,"[[26245239, ""T"", [""C""]]]",yes,no,T->C,1
chr18,38720181,38720608,AAGCAAAATGTATTCAAAGACCTGTGCTAACATTCTTAAATATCTGCTAGCCATAATAAAGAAAGCAATGTATTTTATGTTCTTAGCTCCCACAATTTAGCCTAAATATTTGCCCTGGCATGCTTATACTAGTCCAAGCAAGCATTAACTCATAGCCTGTTCCTCTTCCTTATTTGAAAGTGTTCTTACCTTTCTCAGCATTCCACAAGTTACTTCCTCCTTCCTTTGTTCTCCTCTGCCTTTGCCTCTTTTAAAAGTTCTAAGTTGCTAGCCAATCAGGACAAATACAGAACATGAAGTCCCGTTCCAGCCAACAGAAACCGGACACAGCAGTAGAAATTAAATTTATGTTCAAGTGCTATTTCTTTACAATACCAAAGAACAAGCATTTCTATCATCTATAAAACCATCAAAAAGGTTATTTTTTT,"[[38720253, ""C"", [""T""]]]",yes,no,C->T,1
chr20,18626270,18626547,TGGTGGCTAAAGTCAGTGAAGCATTGTCCAGAGGGGCATGGACGCCAGTTTTTGTAGCTACACAGAGAATCTGCAGGGAGGCACTCTGGTTTACAGCTGTTAGGGCCTTGAAAAGTTCTGCTGGAGATGAGTTCATGGGTGGTTAGTCTCCAGCTGAGAGCTTTCCTGCTTTAAACATGCAGCATAAGTGTGTCTAACATGTGCTTAACCTGCAGCTCTGGGTAGAAAGAAAGCTGGGACTTAATATTTAAGAACAACTTGATTATATCACCATAGGA,"[[18626313, ""A"", [""G""]], [18626458, ""C"", [""T""]]]",yes,yes,A->G,2
chr16,72705829,72706215,TAGCATGTGAAGCTCTGCAAGTCTGTCCCAGAAAATTGACCCCCTTTTCTGTAACCCACCGAACTGAGACAAAATGAGTATTTCTGAGGTATCCGTGGGGATACTCTCAATGCTCTGTGAATGAGCATCTTGAGGAATCGTCACGCTTCTTGCACCCTCTGTCCTTGGAGCTTACTGCCAGCTGGCAAATGGAGCACAGCCTATGACCTCTGACCTTGAATCAGCTCCTCTTGGACTGTTAGAAAAATGATGTCTGAGGAGAGTTCTGAGCATTTGAGTTATTACTAGATTCCGCCCTCTTAAAACACAAAGAAGAAATTTGTAGGTTTCCTTAATAAGCAGAGTCCTCAAATGCAACACAGATCATAGTGCATTCTGGGAATTGTT,"[[72705853, ""A"", [""G""]]]",yes,no,A->G,1
chr2,200523207,200523482,CCTAGCTCAAAATGCACTTCCTGAGTTTGGGTAATTCCTCACCTTATGAGTCTGTCTAGGTTACCTCTCACTAAGAAGCCACCATCATCATAATCATCATCATCATCAACACAACAACAAAAGCCAGACACAGGCTGTTCAGGACTCCCTTGCAGCAGGACTTGTAGCATATGATTCAGGTTTGACGAGTCAGACACACCCAAACCAGGTCTAGCAACAGGAGCTAGTAATGCCAAGCAGCAGTGATGGGAAAACTGCAGCACAACTATGCCCACT,N,no,no,N,0
chr7,33278675,33278974,ATTAGATCTCTGTCCTATGGGTCGACAGTGCCTCACCAGCAGGTACAGTGCCAAAGATGACCCTCAGTAGAAATAAGCAGTTGTAAGAGCTCACCTCTAGGTCTGTTATACTGGAGGAGGCTGATGAACCATGGGCAGATATTTGCAAGGGTGGATCCTGGATAAGCCCCCAAATTTGTAACTGTCTGACGAGTTCTTCCTGCTCACTGTACAAACAAAATTAATTCATGACATTGCAGTCGAGAGAGCATTTAATTGACGCACATCTAGCCATACCATGTGGGAGAGAGAGTTATTACT,"[[33278687, ""C"", [""T""]]]",yes,no,C->T,1
chr7,123096287,123096751,AATATTGCTTTAAATCTACTAAGTATCTTGTGACTAACCAAGTGAAGAAAGCATAAGTACATTCTTCTCAGTCCAGAAGACTTTATGTTGCTGATCGGGAACATCAGGGAAAAAATCTCATTCAATGATAAGAGGAATATTTTTTTCTAAAATACCAATACCAGTTACAGCAATGCACGATGCACAATTGTCATTCTATGTGTCTAGTAAATGTTCTTCAAGTAACCCCTTTTCAAAGTCAGAAAAAGAATAAGTAATCTGAATAGGAACAGAAATATGAATAATAAAAATAAGTGACACATGCTTCTCACCACAAGAACAGATGGGATGACAGGGCTTAGTCATGTTAAGACAAGTGAAAGGAGGCATGTACTAAGTATAGCAAATTGGTTGAACTCTATATGGAATCCCACAGAAAGAGTAACTCACACAGTTCAAAAGTATTTATTCTTCCAATGATAACAT,"[[123096305, ""A"", [""C""]], [123096456, ""T"", [""G""]]]",yes,yes,A->C,2
chr2,234563339,234563596,TGTGCTGTGTCCACTCAGGGTTAAATGGATTAAGGGCGGTGCAAGATGTGCTTTGTTAAACAGATGGTTGAAGGCAGCATGCTCGTTAAGAGTCATCACCACTCCCTAATCTTAAGTACCCAGGGACACAAACACTGCGGAAGGCCGCAGGGTCCTCTGCCTAGGAAAACCAGAGACCTTTGTTCACTTGTTTATCTGCTGACCTTCCCTCCACTATTGTCCTATGACCCTGCCAAATCCCCTTCTGCGAGAAACACC,N,no,no,N,0
chr14,74507408,74507629,TATTCCAAATTACTGTGCTCATCCCAACCCCAGCATATCAAGGTCAGGACGATTTCCCCTGACCCTGCAGGGCTGAGCCTCTGGGAAGAGAACCGTATGCTATTTAGGAAGCAGTGAGCTCCTGCCCTTCTGTGACACTCCTTTTCCTCCACTGCCCCCATCTGTCTCCTATCCCTACCAGCAGAGCACTGTACTTCTCTTTACACGAAGCCTTCAGCATAG,"[[74507443, ""C"", [""T""]]]",yes,no,C->T,1
chr12,9221460,9221907,AATTATAAAATATTTTATAGAAAAGTACTCTTTATACAATTTGACAAAGGCATTCTCTTTTATTTTCAATATTTTACTTTTTTATGCCTGCTACAAAGAAGCAATTTAAGTTTTCATTCAGCTGCTCTGTGATGTGGAAAGAGTATTTTTGGGCCAAGTGTTATTCAAGTGTACTGATGATGAAAGTCTTTTGTTAATATATGAACAGACTTTGAGTAATCAGAGATCGTTTACTGGAAATGACAAGTTTCATCTTGTCTGATTAAGTACACATTAAATCTTGGCACAGACTTTCTTAGGCAAAACTTTGCTCAACAATAATTTGAATCCACATAGAACCCTTGCCTTTAGTACCTTGAATATTCTTTGTTATTGCATTAATTCCCATTCCTAAATTTTACAAGATGTCTGAGACTATTAAGTAAAATGCATAAAGATATTTCTCATA,"[[9221750, ""T"", [""C""]]]",yes,no,T->C,1
chr13,102328988,102329267,TTTTTAAGAAGCATAGGAGTTCCAGTTCGTTCCTGACCTCTCAGACTGTCACCCCATATGGTTCTGTACATCCTCCTCTCTGGCCCTATCCACTATGACCTAACTGCTGAAGTTCTTTCACTTTCAACTTTCAGTTGAGCAAATAGAGGGTTGCATTAATACCCATGAGCTTACATCAAAGCTCATGGCTACTAGTACAAAAGCTCATGGTTATTAGTACAACCCACTATTTGATCAACTTCTCTGACTCTACCCTTCAGCTTCTTGCTCCAAGGCTGAG,"[[102329000, ""C"", [""A""]]]",yes,no,C->A,1
chr12,59408471,59408778,CCAATCTACAAAAGTGGATGTGTTGCCATGTCCAGTATGCTGATGAATTTCAGTGGTGAGGGTGACCCTCTAAGCAGTTAGGCTTGATCAGCAGCTTGATTCTAGTTGGTCTCAGACAGTGAGCCCTTACCATAGACATCTGAATGAGTGACTCAGTCTGTCAGATTGCCAGGTGATACTGGTTTCTGGAATTCATCTCCAAAGAGGGGTGTCTTTAATCTGCCAATCTGTAGTCTTCCAAGTGGCAGGCCAGACACGTGGGACATTGGTCAAAAAGGTTCATCAAGGGAAGTATTGCCCAGAGCCAG,N,no,no,N,0
chr7,81873502,81873918,AATACAGTGTAAACCAAAAAGAATTGTTTGATAGCCACTCAGCCTTTAGACTCATTCATCAAAAACAAAAACAAACAAACAAAACAAAAAACAAAAAAACACATTTCCGAGGAATGGCTGGGACCCTGAACATCATAAAACATACCATCAAGAGTACTTTTTAAAAATTCTTAGTTCGTGTGGTTAGGTCACTGACGTCAAAGCAATGATGTGTCTCACAAGAACAGATGTAAGTTTTCAGATATTTCATAATTGAAATGCATTGTTTTCTCAGTGTTTCAGTTTACAGTAATCAGAATCTGATGTCTATTTTAAAGAACCTGAAACTATTGCTATAAATGGCCCTACAATTTGCATAAAATATCAATGAATTGATGAGGTTAAGGTTCTCTATTTTCTTTTTAAAAAGTTAATTGA,"[[81873508, ""A"", [""G""]], [81873586, ""A"", [""C""]]]",yes,yes,A->G,2
chr8,108439815,108440307,TAAGTGTGCCTGAGGAAGGCAAGTTTTATTAGACATGCAAAATGTTATAATTTATAAGCAATCATTTTCCCCACTTCAGAGTACTGTTGGTGACAAAATTTCTCCTAAATATATTTTTCTCATTAATATTTTATCTTTCATCTACGATCTAAACAACTGATCTCCATATGAATCACCTATCTTTGTTACCTGCTAGTGGCAGAAACTTGGGCAAATCATTTCACTTTAGGGCCTCAGGTTAGGAAATACGATATCCATTGGTGTTTTTTAAACTATGAGTCATGACCTCATTTCTGTGTCATACCAGTAGTTTTAGAAAATAAAATGTAGCTGACAGAATTTGAATAGAAAATGTAGGGGACAAGACACATGACAAAGCTAGTTTTTAAATTTTGTCTCAGTTTTAAATACATGTACACATACTATGTGACAATGCAAAACATATTCCTTTAGTATGAGTTGCAGGAAAAAGAGGTTTGAAAAATATTATTCT,"[[108439866, ""C"", [""T""]], [108439972, ""G"", [""T""]]]",yes,yes,C->T,2
chr8,140671181,140671487,TATTTGGATGAATTATTTTAGTTATACATAAAAGTAAATATTTTAGTATTAGTTTTTTTTAGGCAGAATCTCGCTCTGTCGCCCAGGCTGGAGTGCAGTAGTGTGATCTCAGCTCACCACAACCACCGCCTCCTGGATTCCAGCGATTCTTGTGCCTCAGCCCCCTGAGCAGCTGGAATTATAGGGTCACACTACTATGCACAGCTAATGTTTGTATTTTTAGTAGAGACAGGGTTTTGCCATGTTGGCCAGGCTGGTCTGGTACTCTTGGTCTCAAGCAATCCACTTGCCTTGGCCTCTCAGTGTT,N,no,no,N,0
chr8,71645235,71645452,CCCACCAGCAGTGTATAAGTGTTCCCTTTTCTCTGCAGCCTCACCAACATCTATATTTCAACTTTCTAATAATCACCATTCTGACTTCTGTGAGATGGTATCTCCTTGTGGTTTTGATTTGCATTTCTCTAAAGATTAGTGATGTGGAACAGTTTTTCCTATGTTTGTTGGCAACCTGTATGTCCTCTGAGAAGTGTTTGTTCATATCCTCTGTTCAC,"[[71645242, ""A"", [""G""]]]",yes,no,A->G,1
chr3,108713799,108714196,CTTAATATTATTTTCCTTATTTAGTCCTCAAATCATGGTGCAAGGTAGGAGTTATCTACATCTTAAAGAAAGAAAACTAAAGTGAGAACTCATCTAAGACTTCAACCTAGGTCAGTGTGACTCCAAAGCCCATGCTCTTTCTGCTACACGACAATGTTTTCGCAAAAGCACCTGCACGTCAGCATAAGTGAATTATGTCCCTGTGATACCAGTTTTGCTGAGACCAGATTGCAACTCTCAGCAATTGTACCTGCCATCTGCTTCCTGTGCCCAGCCTTGAATCTGTAAAGACATGACATCAGAAGTGTTAATGCTATATATAGCTTAAAAGGCTTTAAAAAAATTAAAGAAAAATTCTCTTTAATTGATGAAATCAAAGTGTCAAATATTCCTCATTC,N,no,no,N,0
chr1,224304764,224305151,TCTTCAAATTTCACGTTGGAGATCTGGAATTCTAACCCCCTGGCTTTAGCTGGTAAACAAAAATGAGGAGATGAAAAGATTAATGATTCAGTAGTAACTCATAATTATAATGAATAGTCTTTAAGTAAACAAAGGTCCATTAAATATAGAAATATTTCCTGGTAAACATTTCTGCACATAGAAGGTCCCTCAAGCAAAATAGCTTGGGACAGAATGATGCTTCTCTCACTGCAAACATGACCACTGCCACCAACAAGACTCACACCTTACCTTTCTTTTGTAGGACAGCTTCAATTTCTCCATCTACTTCCTGAAGATCTTCTTTCTTCCTTTTGCTTCCTTTATTCTTTAGCTTGCCTTTCCGTTTCATATCACTCTCCAAAAGAGA,"[[224304772, ""C"", [""T""]], [224305044, ""C"", [""T""]]]",yes,yes,C->T,2
chr6,86631531,86631732,TCTGATCTTGCTGCCTCATTGTAAGTATCTCCTGCCAGGAGCATCTGGAAGCTTCAGAAGGGAACTGAGTACTCAGGGATTCAAATCTTAGTCCCCTGCTGCTACCTCATCTCTATTAACACTCCCTAAGGGAAGGCCCTGCTAATAGAGACCCAGATTCATTTCCGCATTAATTCTTGAAGATGGTCACCTTGGTTAAAGC,"[[86631561, ""T"", [""C""]]]",yes,no,T->C,1
chr14,61268784,61269174,AGCAATTCAAAGCAATTCATAGAATGCTAACTGGGCATACTTAATTTTGCTTCTGGAAAGACTCTGGAGGTTTTCTGCTCCAGAAAGAAGTGACTATTGTAAGTGTATCAGTCAGTCCATTAAGCTGTGAGTCAGTTTCATACAGTTCCTGGGAAAGGCATCTGCCAATATTTATTGGTCTTCCACTTAAAAAGAAAAATATAGTTTCAAATATAAAAAGACATATTCTTCCTATTTGGCAAAGACATTTGGTGAAAAGAAAAAAAGTGGCAGTCTTTTCCATTTTTTGTGCCTATGCTTATGACAAAGTAAATGACGTGTACTTTTCCAAAGTTAGAGCCAAAAATTTTTTCTTTATGACATAGTTGTAAAACTAACATATTTGTGAAAA,"[[61268854, ""C"", [""T""]]]",yes,no,C->T,1
chr6,70140625,70140996,GGATGTATGTGTGTGATCGTTTTCTATGTGGACTAGGCAATAGGAAGCTTTGGCCTTGGGCAGCATTCCAATTTGTCAGCCACTTGGGATTTTATAAATGATGTTAGAATGATTAACTCATTGTTCATTTGGGAATATAAAGGAGTTTTTAAATTAATTATCATATATTTCCTTTAAGCTGCAAAGACAGACTGTGTGACACTCTGGGTATTTTTGGAGGTCTGTTTGCAATGGGAATCTGAGTTTGGCCTATAGGGTTTATCCACACCCCGGTTTGGAGAGTTTATTTCTAAGAGCGTTTAATTCTATTTTCTACCCCTTCTCCTTAGGGAGAGCCTTTTACAAAAGGAGAAAAAGGAGATAGAGTAAGTA,"[[70140631, ""G"", [""A""]]]",yes,no,G->A,1
chr5,129748011,129748217,TGTGCTGCTTTGTTTCTTTGTCCCTGTGCATTGATGTGTCATCTCGAGAGCAGTGGCTGCGTGCAGCTGAGAGACTTGGTTTCAGATGCAGTCAGAGCATCCTCAGGCACATTAATAATGGAGGAGTCTGACAAGAGCAGCTTTGCCTGTCTTTGTTTTCCACTGTAGGTGAAGGGAGACATGGATCTCTCTGTTTTGCCAAATAAC,"[[129748048, ""A"", [""G""]]]",yes,no,A->G,1
chr10,74361630,74361922,CGTCTTACTACAGATATTAGTGTTTTAAACACTGCAAATACAATATTAATATAACACTCATTTTAGTGTTTCTTCCAGTTTGAAGAAGTTTTTAAAGCATTTCTTATTGGACAAGTCTGATTATGGTAAATTCCCTCAGCTTTTGTTTGTCTAAGAAAGTCTTTATTTCTCCTTCAGTTTTGAAGGATAATTGTGCTGAGCACAGTAATCTTGGTTGACAGTTTCTTCTCCACCAGCATTCCAAATATATTCTTCCACATTTTCCTGGCTTATAAGGTTTCTGCTGATAAGTC,N,no,no,N,0
chr1,83515817,83516033,CCTTAGCATATGTCTGTCCATATTCAATACTAGTGAAAAAATGAGTCACCGTTTCCTGGAAACAATTCTCCCAGTCTGAAGAGTTTTTGTGTTTTTGTTTGTTTGTTTGTTTGTTTTACTATAACAGTTCAGGATATGCTCCCATTCCTAAACCAAGCCCTGCGGCAAAGTTGACAGGAAGTGTTAAGTGTCCAGACTTCGATCACACATGCTGGCC,"[[83515832, ""C"", [""G""]]]",yes,no,C->G,1
chr5,163173008,163173295,ACTTTCTGGCCTCAAAATAAAATCTTTTTTTCAACCTATAAATCTCTAAGTACAAAGCAGGGAAATTGTGGTGAGAGCAGCCATTGATTCTGATGAGATCTCTGACTGGGCTGAGCAAACACTGGGTAAATTCCAAGTTCAATGAGGGCTAAGCAAATAAAACCACAGCCAGTTCTGTTTGCTCCATCTGCCTAAGATGTGAAGAAAGTGTAAATGGGGTGTTCTGTTAGCCTTCATTTTATTTATTTAGCAAATGTAAAATTGGTCATGGAACCTGTAGTACATTCT,N,no,no,N,0
chr12,116783513,116783946,AAAGTGGACCAGCTCCTGCAAGGCGACACAGGTTGCAGCCACCTGCAGGCACAAGGCACATCATCCTCACTTGAGCAATAACACCCCTCCCTGTGCCCAGCTACAGCCAAGCTCTGACCCCAGGAACCCAGGATGGGAAGGAGCCTGGACTGAAGCCAGTGCTGAGAAGTGGCAATGTCTTCCACCTTTCCTTAGCACCTGTTGGCTGCTGGAATCTTGTTGGCTCTCCACAGCCAGCCAGGTCAGACAGAGGAGCAAGACAGGCGGAGCCCACAGAGTGCTAAGTGACACTTGAGAACAGATTGTCAACAACGGATCATTTTTCTGCCTGTTCTAGTTAGGACCAGGAATAACAACTGTAATAGCAAACTCTTAGAGGCCGCTTAACCGTGTACTGGCCACTGTCCCAAGTACTTTACATGTACAAACTCATT,"[[116783515, ""G"", [""A""]]]",yes,no,G->A,1
chr3,19385011,19385227,TGAAGAGGAAACCATATCAGTAAGAGATGGTTGAAAGAAATGAAGATATTCAGCCTGAGAACTGAGAGATGAACTTGACGACTGATCTCAGATATTTATAGAAAGAGCTTTGGGCTGGGAGAGGACAATGTATTCTGTGCTGCTGCTGAGAACAAAACTAGAATAAAGGAAAGGAAGTTATGAGAAAGAAGGCATTTCCTCTGACTTGAGAAAAGTA,"[[19385063, ""A"", [""G""]]]",yes,no,A->G,1
chr16,27568063,27568472,TAGAACCAATATGAGTATATATTTTGATTTTCCCTTTTCCTTAGAGAAAAGGTTACATGCAACATATACTTTCTGGTCTTGATTTTTTTTTCCACCTAAAATATGACCATCTTTTAAGGATATATAAGGAGTAGAATATGAGAAGCTTGCTCATTCTTTCAGCTTTACAGTGTTCAATTACATTGTGCGGATTCATCATATTTGTTCAGTGACTTATTATTTCTGATATTTGCTATTACAAATCATGATACAGCAAATACCTTGAGCATATGTTTGTTTCCTATTTGTGGACAGATGTCTTCACGGCTGATTCCTAGTAGTGATATTGCTAGCTCAAAGGAAAAATGCATTTGTGCTTTTGAGGGATTACAGGTGTGAGCAACCGGGCCTTGCCCCGGGAATAAGAAATA,"[[27568101, ""T"", [""C""]]]",yes,no,T->C,1
chr19,19000342,19000599,TCCCTCTCTTTGACCTGCTTCTCTTTGCCCACAGCATCCCCAGGACTGCCTCATCCATTTCTCTTTCACTGTTGGCCCTGCTTGCTGCTGCCTCCAGGTGGACAGTCGGGACCTGGCACGTAGGAGGTGCTGACCGCACACACCACGCTCTGCTTACTAGCAGATTAGTGAACTCTCTTCACCACCCTTCCAGTCTACTAAGCTTGTAAGTTTTTATGTTTTATTTTTTAAGGAGACCAGGAGGAGACATAGGTCTCA,N,no,no,N,0
chr7,625446,625709,AAAGAAAATCGATGCAGCCAAAGCATCTCTAACTTCAGAAATGAAAGAAGGGACATCACTAGAGGTCCCATGGACAAGAGACATCACTACAGGTCCCATGGACAAGGGGCATAACTACAGGTCCTATGGACAAGGGGCACCGCTACAGGTCCTATGGACAAGGGGCATCACTACAGGTCCCATGGACAAGGGGCATCACTACAGGTCCTATGGACAAGGGACACCACTACAGGTCCTATGGACATTAAAAATAAAATAATATTA,"[[625507, ""C"", [""G""]]]",yes,no,C->G,1
chr18,73577410,73577749,TTTGTTTTCTCTATCAGCTTATTACAGCCCTGGTTAGTAGGATTAAATGAAGACTACTTTTTTCCTAATTTCTTATTTTCTGTTCCCCAACAAAGGACTATGCTTTAGCAGATTAAATAGCAACTGACAACTCATCTCATTGGGAAGGATTAAACTGTGTCATAGTAGCATTTTGCATGAACTGCATTCCAAGTATATTACAGCAACTTTTGGCTGCTTATTTCTTTCACTTTTTCGCCACCTTTTTTTTTTTGCTTTTAAAATGGTGAAGTTGTATATATTATTTGAAAAAAATCATCAAATGATAGATATAGTTTTAGAGATGGCATTAAAAGCCTAC,"[[73577432, ""C"", [""T""]], [73577457, ""G"", [""T""]]]",yes,yes,G->T,2
chr5,38008291,38008604,TCTCCAGACTTTGTTTTCAAAGTTGAACAGGTATCAGAAATATGACTCCAGCCTGATCATATTTCATGGCCACCACAAGTGGCTGCTAAGAGATTTCGCTTAAGTCTGCAGCTGGGGCTAGTTGGGTGCTTGCCAAGAATAAGGGCATGATATATTTGTGTGGTGTATATGAAAGTCTGTTTTTATAGGTATAATATTCATATATATTGCTTTGAGATTAAGGGAAGGGTGTAAATACCTTGTGGGTTTATTCTCCTTTCTGTCTACTCGGCCTTCAGCTGGGTCCTAGAGATGACATATCCCCAGAAAAAGCC,"[[38008505, ""G"", [""A""]], [38008559, ""T"", [""C""]]]",yes,yes,T->C,2
chr17,73218377,73218583,AATAACATCCTTTCTATACCTTTGTTACCCTTATAAGGTGAAACTGGACCACACAATGTGTTTAAAGTTCCCTCTGAATGGAAATACTGTATTATTAGTATCACTTTCACTTTGTTTCCATTTCAACAGGCCAAAAAATAAGGCCCAGCAGTAGAAAAAGATGTGTATGTGTATATCTTCAGTACTTAATAACAGATTTTAACATTC,"[[73218448, ""T"", [""C""]]]",yes,no,T->C,1
chr16,55625545,55625912,ATCTTCTCACTTATCCCCAACATCCGCTAATAGATCCATTCCAATATGAATCAACTTATTCCCTTTTTCACAATAACTAGTGTACTATAAAAAAATCTAAATTCCATCATATTATCTGAACTGACTGGATTTGGTCTGAGGCCAAGGTTGTGCCACAGAAGAAAAGGCCACACCCAATTAGGACATCACCAGAGTTTCAAGGTCTTTGTCTGAGCCCAGTCAGGAGAAGCAACCAGAAAGCTTCTGGCCCACATCTGGAGCAACTCACAATACTGATGCTTCTTTAGGGGAGGAAGAGAAAAGGACAGCTTTCTGGGACATACACTAATAATACCTAACCACTTACAACCCAGATAGGATTGGCATGT,"[[55625546, ""G"", [""T""]], [55625607, ""T"", [""C""]]]",yes,yes,T->C,2
chr12,42870151,42870389,TCTCAACCTGGACATTATTGGTGTAAAAAAATGCTACTGCTTTTTGTACATCAATTTTGTATCCTGAAACCTTGTTAAAATAGTTTCGATTCTAGTAGCCTTTTGGTGAATTCTTTAGGGTTTTCTAAGTATAGAATCACATCATTAGTGAAGAGAGGTAGCTTGACTTCTTTTCCTGTTTGGATGCCTCTTAATTTTTCTTCTTGCCTGATTGATTGCTCTGGCTAGGCTTTCCAATG,"[[42870290, ""T"", [""C""]]]",yes,no,T->C,1
chr9,126342875,126343185,GAACTCCAGCAGATGAGGAAGCCCTGCTGCGGATTGGGCCGAGACCTCTCTCTGTCTGTTGTAGCTGCTGTAGGATTAATTTCTCCCTGCGCACAGAGCCCGTTAAGTACTGCCACCACGCAGCCCTGCGAGTTAGGCACCAGATGGACTGGTGGCCCTGAGTAGCACAACTGCTTTAAAATGAGCTTAGGTCCCATTGCTGCTTGAGGTAAAAGGTGCCAAATGTTCATTTATAAAAATTTAATTCAATAACTTCCCTTCTCTCTGGGTCAGGGGAGCCTTCTTAGGCTAGGGGGCTGGGGATTATTTGC,N,no,no,N,0
chr12,129564922,129565192,GAGAAAAGTGGGGAGCCCCTGAGAAAGGAAGGAGGAGAAATACCTATGCAGGAAGAAATGCCCCCAAATGTCCCTTAAGATGTCTAATTACTCACTCTGTGGTTAAACTGTCAGAATGTGGCTAGCCACATGCTGATGAGAAGAAAAATGGGTGAACAGGAAATTCCTAAGAGACACACAAGTGCAGAAAGTACAGATTTCCCTGCTCTATGCCCTTCCTGGGGTGGCAGCAAGGAGCAACACTGCCATCAGATGAGATTCATATTGATCA,"[[129565004, ""C"", [""T""]], [129565079, ""G"", [""A""]]]",yes,yes,G->A,2
chr4,176584059,176584472,GTACAGAACAGACATATCTTCCTCTGACTCCAAAATTAGAGAGAAAAAGAGCATAGAAATGCTAGGACATTCACACTGTGGTCTGGAAGATTGGTCAAGAAACGAAGAAATAACTTTTTTTCCCTCTGAATTAATGAGATGAGGTCATCTGGTAAAAATGAACAAGCAGCAGCAGCTCAGTGAGAAGACTAAGGAAGTCGAAATTTTGCAGGATGATACAGCTTAGTGAATGTGAGAGGGAAAGACCAACAATGAGAAACGTCTTGAAGAATATAACTGAAGCCCCATATTGAGAAAGCATGACTCTCAAAACATCCCAATGCGATATGTGTATGATTTCCTCCTAGCCACACCCAGGCCCTCAGCTAAAGAAATGCAGAGGGCTGTGTATATGGTTGCTGCAGTGTGGGGTGG,"[[176584112, ""C"", [""T""]], [176584351, ""G"", [""A""]], [176584421, ""T"", [""C""]]]",yes,yes,C->T,3
chr5,79586949,79587236,GGGTCTCACGCTGTTACCCAGGCTGGAATGCAGTGGCACAGTCATGGCTCTCTGCAGCCTCAAACTCCGAGGCTCGAGCAATCTTCCTGACTCAGCCTCCTGGGTAGCTGGGACTACAGGCACACACCACCACATCTGGCTAATTAAAAAAAAAATTTTTTTTTTGTAGAGATCAGCTCTCACTGTATTGCCCAGGCTGGTCTTGAACCCTTGGACACAAGTGATCCTCCTGCCTCAGCCTCCCAAAATGTTGGGATTACAGGTATGAGCCACTGCATCAGGTCCACA,N,no,no,N,0
chr20,48197035,48197485,TTTCCACCTTCATCTCTGTGCCTGAGGCTATTTCTCCAGAGTCCCGGAAGGCTGTTCTGGTGGGCTAGAAATGCCAAAGACGCATTACCCTGTGGGAGCAGCCCTCAACCAGTGACTCTTGGTAGCTGGTGGGAAAATATCCCAGGCCCCTCGCCCCGCAGCGGGATGACTCTGAGCTGTGTGCTCTACACTAACTTGCCCCAGGAGGATTGAGCCCCGGCTGCACGCTGCATTGCTTGCTCGGTAACACCCTGTGCTGGCTGCTTTCCCTCTCCTGTCTCATTTCCCCACCCCTTACCAGTACTGCCTGGATCCCCTTCCAGACAAACGACTTGCCCTTGGCTCCATGCTCAAAGTCGTCGTCTAGGGAGCTCAAGCTTGGATGCTCCTTCGTTTTCGCTAATCACTCTCTGTATGTCCCCTGGTCTTCTTACAATGGTAGCCCTTGTCA,"[[48197134, ""G"", [""A""]]]",yes,no,G->A,1
chr17,77561661,77562157,GGTGACATTGTCTCCTTCTGAGATCTGAGGACATGGACACCAAACCACCTGCCGGTGACATTGTCTCCTTCTGAGATCTGAGGACATGAACACCAAACCACCTGCCAGTGACATCGTCCCCTTCTGAGATCTGAGGACATGGATACCCAACCACCTGCCGGTGACATCATCTTCTTCTGAGATCTGAGGACATGGACACCCAACCACCTGCCGGTGACATCGTCTCCTTCTGAGATCTGAGGACATGGACACCAAACCACCTGCCGGTGACATCGTCTCCTTCTGAGATCTGAGGACATGAACACCCAACCACCTGCCGGTGATATCGTCCCCTTCTGAGATCTGAGGACGTGGATATCCAACCACCTGCCGGTGACATTGTCTCCTTCTGAGATCTGAGGACATGGACACCAAACCACCTGCTGGTGACATTGTCTCCTTCTGAGATCTGAGGACATGAACACCAAACCACCTGCCAGTGACATCGTCCCCTTCTG,N,no,no,N,0
chr11,84962107,84962340,CACAATGTGCTAAGCACATACACGGTGCTTTACAATCATCCTCTCACACAATCCTTAACTACCATTTACAGATAGCATATTATTGTCTTGATCTCATAGAAAAGAAAACTGAAACTTCACGAGGGAGAGTAACTTGCTCCAGATTAAACACGTAGTAGAGATAGAGCCAGACTTGAACCCAAGCTGCTGGACTCTTCTATTGCCATGAGCAAACTAGGGGTAAAGAACTCTGTG,N,no,no,N,0
chr3,197397860,197398226,CTGGATGTCACTGTATGCCTTTTATATTGGCAAAATATAGAAATACAGGTAGTGCCAAGTATTGGCAGGGATGTGGGACATAGCCACTCCTGTACCCTGCTGGCGAGAGGACAGATTGAGAGGAGTCGGCATTGGCAGTGTTCCGGGGCACACACAGGCATTGTTAGTCACATTCGGTATAACATGCTAGCAATGCCTCCACGAGGTATACATCCCAGGCCGCTGTTATGCAATTCTGTAAGGAGAGGTGTATGCAAATGTTGCCTGCACAGGAATTAGTGGTGGGAGCTGGAGACTCCCTGAGTTTCCATCACTGAGATGGAGAAATAAAATACAGTGAATGCACGCCAGGGAGTACGATGAAACA,"[[197397861, ""C"", [""T""]], [197398084, ""C"", [""G""]]]",yes,yes,C->G,2
chr10,132530947,132531307,GAGAAGATTTTAAATCATAGATTCAAAATTTTTAATAGATAGAGTGCTATTCAGAGCAGCTATTTCTTCTTGAATGAGTTTCTGTAGTTTGTGTCTTTCAGGAAATTGGTCCTTCTAATCTGAATTGTTGGTATGTCAACACAAAGTTGTTTATTCTCTTACTACCTTTTAAAGTGTGTAGGGTCTGTAGTAATGTCTCCTTTCTCATTCCTTACACATATTAGTAACTTATGTCTCTGTTTTGGCCTTTCTGCATCACCCTCATCATTCTAGATATTGGTTTCATTCATCAATTAAATTTTTTTTTTTTTTTTTTTTTTTTTTTTGGAGACAGGGTCTCACTTTGCAGCCCAGGCTGGAG,"[[132531306, ""C"", [""A""]]]",yes,no,C->A,1
chr5,21481639,21481990,CTTGGGTCTGTCCTGCTGTGCATCCATAGTGGGTGCTTTAGAAAGGGGAGGCCCACGCGAAGCCCCCGTTGCAAGTGAGGACAAAGTGTGGGAAGGCCGTGAGGGTCTGCAGTCCGAGATGGCCTTGCCCTCAACGTGCAGTGCACTGTTGATGTGGGGCCTAGAGGCCTGGGATCTGGGGGAGCCACCCCTGGGGGCGAGTGTCTGCCCTGGTGCTGTATCTGCCTTCTGACAGCGGGTGTGACCCGTAGAGACAGCCTGAGCTCCGTCCTCACTCACTGTCTTTGAGGAACTGTGGGCCAGCTGGCAGTGGCATGAGGCTGGCCCCCTCCTCCGCTTTAGTTCCGGGAGG,"[[21481867, ""T"", [""C""]], [21481887, ""A"", [""T""]], [21481902, ""G"", [""C""]], [21481921, ""G"", [""C""]], [21481934, ""A"", [""T""]]]",yes,yes,T->C,5
chr12,129877415,129877730,GGCTAGCAGAAGGAAGCACCCATTCCTATTTGTTCAGCTGAGAAACATCCTTAAATGCGTAAAACAGATAAGGTCACAGAGAATCTCATTCATCTGGCTTCCCACAGTCAGCCTGCAAACAGACATGGGTCAGAACAGCAGGGACAGCAATTTGAGAATAGCGGCTTAATAATACCTATTAACCAAACGCGCGCGCGCGCACACACACACACACAGACAGAGAGAGAGAGAGAGAGAGCGCGCTATAAGCTGAAGCCCATCTTGCAGCCTCTCTAGAGAGCTCTTAGGCAGTGATGACAACTCCTTTTGGAAAGCT,"[[129877470, ""C"", [""T""]], [129877632, ""G"", [""C""]], [129877653, ""A"", [""C""]]]",yes,yes,C->T,3
chr3,156396304,156396708,CTAAAAAGAAAATAGAAACAACATTTTGTTTCCATTTTTAATTTAAAAACTATAAAGTTAAAATGCAAAATATTAATATCCAACAGGGCAGCCACTTTCATCCTTCTATACTTAAAACACATCTTTTCAATCAGTACGAGTCATTTCTTACCAAGTTCTGCTTATATGTGGCCTCACTTACCAAAGAGCTCAATCATGACACATCATTATAAGTCAACCAGATAAATCATTCAATAATTCAACTTATTCCTCTCTGCCTCCAGTGACTCCATCCTCTTCCACCAATTACTGGACCCAAAGAACATCGTAGAGGGCTTAAATCTTTCTGACAAATACACTGTTTAATAAAGCCTGTTGCTCCTACTGCCTCAAATTTTCTGGGTTAGCTTTATCTGCCTGGGTATA,N,no,no,N,0
chr1,84867187,84867584,CAGATGCCCATCTGTCTACACGTGGTGGGGAAAACCAAGTGTTCTGCCTCACAGTGGTCTGGCCACAGCCATGAACGGTCCTACGGAAGAAGATTGGGCTTAGGGTCAGGGTTCTAGCTTCTTGGAAGAATGACCATCTGCTCCCTCACTGAGAATGAGGCTGCAGCTTATTCCCTGGAGAACCAGAGATTCAGTCGGCAGAGGGACTGAGCAGCCCTCTGGGAGCTGTGACAGTAAAAGCTCAGTAAAAGCCCCCAGATTTTAAAGTTCCTGAAAATTCTGAAATCTAATACCACAACCAGAATCAAGAAGACCAGATAACTATTAAGTAGTACAAAATAGAAATGTATCTCAGTCTTTTTTTTAATTTATATTTTAATGGTATAATGATACTTTTA,"[[84867188, ""G"", [""A""]]]",yes,no,G->A,1
chr12,49855072,49855346,AGTGAATGTTTTCCTTCCTCTGTCTACATGAATGTCTGTTGCTGCATTTGTCACACAATACTGCAATGTTTGATTTACCATGAACTCATGGGAAAGAGTGACCACATATAGCCTTTGTATCCCCTGCATCTGGCACGATGCCGGGCAGCTAAAGGAATGTCACCTTAATGGGTGGAGGCTCTTTATACATAGAGAAGGAACAGGTTTTCAGTAATGTACAGTTTTACAAAGGGAAGAAAAAATAATTCGCAGGAAAGGACATCTGATGTCTCAAG,N,no,no,N,0
chr6,80395834,80396127,AGAACATGGTGCCCTGCATTCCAGCTGCTTCAGCTCCAGCTCTGGATAAAAGGGGCCAGCATACAGCTCAGGCCATTGCTTCAGAGAGTACAAACCTCAAGCCTTGGTGGTTTACACGTGGGTGCAAAGAAGTCAAAAACTGAGGTTTGAGAACCTCCTCCTAGATTTCAGAGGATGTATGGAAATGCCTGGATGTCCAGGCAGAAGTTTGCTGTAGAGGCAGAGCCCTCATGGAGAACCACTACCAGGGCAGTGCAGATGGGAAATGTGTGGTTGGAGCTCCCACACAGAGTC,"[[80395839, ""G"", [""A""]]]",yes,no,G->A,1
chr5,139288963,139289305,TAGTAGAGACATGGTTTCATCATGTTGGCCAGGTTGGTCTTGAACTCCTGACCTTGTGATTTGCCCGTCTCAGCCTCCCAAAGTGCTAGGATTACAGGCATGAGCCACCACACCCGGCCAACATCATGAGGGAAGCCCCAGCCCTTGATGAATCCTACCAAATTCCTTTTCCAAGCCTGTCAAATGATTGGCCTCAAAGATGTGAATCACATTTTGTAAGCTTTGCTCAAACCTTTGAAAAACAGAAAATAACATACAGATGTAAGATTGCAGTTCCACTTTCACAATGGCTATTTAAACATTTTCCTTGCCTGGGCGTGGTGGCACACCCCTGTAAGTCCCA,"[[139289062, ""G"", [""A""]]]",yes,no,G->A,1
chr2,236762734,236763012,TGGTGATTTATGGAGAAGAGGCTTGTTGTCGGGGGTGGAGCAACTTTCGTGGAGACAGAGAGTGATGAGTGACTGCCCTGGGCAGTAGCAATAAAGTTGACCAGAATCCTGGATTCCGGGATGGCTGGGTCCCTGCCTAATGATGTCACCTGCTGAGACATAGGATGATGACTCCACAAAACCCCCATCACTGTAGCTCCCCAACATCCTGGAGGCCTGAGATAAAAGCAGGGGAGGATGCGTTTCATATTTTTTTAAATCATAATCATATAAGGGTTC,"[[236762764, ""A"", [""G""]], [236762877, ""C"", [""T""]]]",yes,yes,C->T,2
chr1,194366697,194367096,AGCATTACTCCTCCATCTGTTTAGTCATATGGATGGCAAAAAGCTTATTACTCTGAGGACTTAAATGATTCCTCATTCTTTGAAAGCTGATTGACCATCATATATTGACTCATCTCCATAAAAAACTATGTTCATTCCAGAGGCTGCACCCACTCACTCATCTCTACCCTTTCCCATTTTATAACTTTGCATTGCTTATTTGCATTGAAAGGGACTGAAAAATCCCAAGTCATCATTCTTGCTAACCTCTAGATTCCTATTAGGCATAATCATCTTGCCTTTCAGGGCTTTAATAAATAAGAAGGTAACCAAATGTACAACATTATGACTCCTATTACTGCTGTCTACGCAGGTTTGCCCTGTCTTCCTCAAGCTTTCCTGTCATTGTGATATGGAGGAT,N,no,no,N,0
chr3,21790050,21790394,TGTAGAGCATAGCACATATACTCTACAAGACACAAACACACAAATAACTATCTATGCTCATGGATAAAAAGACTTTGGGAGGACATGTATTAAACTGCTAACAATGTTGGCCTCTGAGGAAGAAGTGTCGGGGGACAGATTCAGATTGCATTCAAAACTCTTTCAATATTCTGAGCTTTAAAAATCGATGCATATGTGGCTTTTTTTCAATTAAAAAAGTGGCTCATAAAGATACATTAGATGCCAATTCTCATCATACTCCTGCTAAAATAGATGGTGTTGAGGAAGAATGGAAAGATTGATCAAATTATACAAAAGGGAAAGGAGTATGATTTTACTTATGTA,"[[21790092, ""C"", [""A""]], [21790176, ""C"", [""G""]]]",yes,yes,C->G,2
chr13,48942119,48942478,GGGATTATGGGTCTTGGGGAAGAACATCACATGTGTGAAGTGTCCTCCTCATCAAGTTATATCAAAGGATACACAATATCAAAATGACATGTAACTGGTGATGTTAATCTTGACTATTTGGTTAAGGTAGCATTGCCAAGTTTCTCCATAAAGTTACTTTTTTTCCCTTTCCTTACTCTATTCTTTGGAAGTGAGTCATTAAGTCCAGCCCACGCTCAAGGAAATCAAGCTCCACCTCCTGGAGGAGGGAGTATCTGAGTGAGGAGGGAATTCTTTAAAGAAGATTTGTCTCTTCTTCTCCACGTGTTTGTTTATTCCACCATTTATCTAGATCACTATGGGCCAATATATATTTGTTTT,"[[48942161, ""C"", [""T""]]]",yes,no,C->T,1
chr10,79810537,79810823,ATACCTGTAAATATCACCTTATTTTGAAATAGGAGCTTTACAGATATAATAAAGATCTCAGGGTGAGATCATCCTGAATTTAGAGTGAGTCATGGGTATTTGGGACACAGAAACACAAGCAAGGTCATGTGAAGATAGAGACAAAGGTTAGAGTTATGCTGTCACAAGCCAAGGAGTGCCAGGAGCCAACAGAATCTAGAAGAGGCAAGGAAGGATTCTTCCCTAGAGCCGTCAGAGGATGTATGGCTCTGCCTCCACCTTGATTTTGGTCTTCTGGCCTCTATAAT,N,no,no,N,0
chr16,90035823,90036280,ATGGAAGTTTCCAAGGCCAGTGGACCCACTCAGAATCCCAGAACAACCTATTTCCATGTGAGTTTGGGAGGCTGTGATTACCACACACATTCCCACTCCTAGCTGAAATCAGTAGTTATCAGCAGGTGGTAGCTATTCAGTGCCGTGGGCAGCCTTCTTAAAATAGTCTTCTCCATGGCTCCTGGTCTGAGAAGGCTCCAATTTCAGAAGTCTCTGTGTTTTACTAATAAAGGCTGATTGTGGCTGGGTGGCCACACAGGCCTCGGTTACTGCTCACTGGGGTCAGCTGACATTCAGCTGTTGGCACCCCCAGTGCAGGGAGCGATTAGCAATGCCTGTCACTGGCAAAGGCAGGCCGACAGTGGTGTGTGTGCTGAGTGTGAGCATCAGCAGAAAAACTCAGTCTAAACCCCTTTGTTCTTCTCTTGCAGAGCTTTTGCCTGCAAGGCTGTTCTGAC,"[[90035927, ""A"", [""G""]]]",yes,no,A->G,1
chr3,156874103,156874304,TTTCTGTTGCCTTCTCGTCTACTTGATCTACTCTATTATTTAAGCTTTCAAATATATTTTGCATTTCATTCAATGAATTCTTCAGTTCCAGAATTTCTGTTTTGTTCTTTTTTACAATATCTTTCTCTTTGGTAAAATTGTAATTTGTATCTCAAATTGTTTTTCTGATTTCTTGGTATTGTCTTTCAGTATTCTCTTTTTT,N,no,no,N,0
chr12,82723946,82724277,TTTGTCATTTATCCAGGGTGACCCTGGGTAAACCACTTAATTTTTCTGACTTCTGATTTCCTTGTCAGTAAAATGGGGATACAAAGAACTTCTGGATTTGTTTTAAGAGTTAGAGATAATATCTGCAAGATGCCCTGGGGAAAGAAATTTTGTCTGGTTTCTCTCTGACACAGCTCACGTTTGAGCATAGGGCATTGAGACTGTGCAAGGCAAACTAGAAATTCAGAAACAATCATTTATTAACTTTGGAGCCCTAAATGTGAGTACCACGGCATGCATTAAGAATCCTTCATTACATTATGAGGAATGAAGGGAGATGTTGGTTTTAAATA,"[[82723973, ""A"", [""G""]]]",yes,no,A->G,1
chr15,35349909,35350291,TTGTAGTTTTCGTTTCTTAAAGTATCTGCCTGATTTTGGTATCAGGGTAATGCTGGACTTCTGAAATGAATTTGGAGGTTTGTTCTAAATTTTTTGCAAGAGTTTGAGAAGGATTTTTGCTAGTTCTTTAAATGGCTGCAAGAATTCTTCAGTGAAGTCACTGGTCCTAAGCTTTTCCTTGTTGGGACCTGTTTGATTACAGATTACGTCTCCTTACTCGTTATTGGTCTACAAAGAATTTTTATTTCTTCATGAGTCAGGCTTGGTAAATTCCTAGGAATTTATCCATTGCTTTGAAGTTGTCAAATTTTATTATTATATAGTTGTTTCTAGAAATCTCTTGTGATCATTTGTATTTCTGTATCATCAGTTGCAATGTCTTC,"[[35350028, ""T"", [""C""]]]",yes,no,T->C,1
chr2,25706001,25706347,CGAATAGAAAAGGGGGAAATGTGGGGAAAAGATAGAGAAATCAGATTGTTGCTGTGTCTGTGTAGAAAGAAGTAGACATGGGAGACTCCATTTTGTTCTGTACTAAGAAAAATTCTTCTGCCTTGGGATGCTATTGATCTATGACCTTACCCCCAACCCGGTGCTCTCTGAAACATGTGCTGTGTCCACTCACGGTTAAATGGATTAAGGGCAGTGCAAGATGTGCTTTGTTAAACAGATGCTTGAAGGCAGCATGCTCCTTAAGAGTCATCACCACTCCCTAATCTCAAGTACCCAGGGACACAAACACTGCGGAAGGCCGCAGGGTCCTCTGCCTAGGAAAACCA,N,no,no,N,0
chr3,116454017,116454291,TATATATACAGCATGTTGGCAAGTGACCTATTTGCCAATAATGAATCTCATTTTGATTTTTAAAAACACATCCATATAACAATTAACTGATTCTATGTTTCAAGAAGAAATATCATCTGAACTTGTCTCCCTCTGCTGGTTGCATATTGAGGTATCATGAATCTTTTTAAACCATAGTAATATTAGAAATAGAAATATCCAATGAAAATGTGTTTTGTTCAAGTATAGAGCTTTGCAGTTTGCAAATGTATAGTGACACACATAATTTAATATGG,"[[116454222, ""T"", [""A""]], [116454253, ""G"", [""A""]]]",yes,yes,T->A,2
chr2,136797185,136797461,AGTTATTGAGAGTGGGTGAGAAATTATCATAATTATTCAAGTTTCTGCTGGTTGGTTTAGATAACCATCATCCCCTTCTTCCCTCAAGTCAAGGAAAAGATGTAAATAAACACTTTCTCTCACTCTCTGAAGGCCATGGGTCACTAAACCACACAAATTAAATAACCCTTCCATGTTTTGAATGAATGGACTTAAAAACCATTGGAGAAGGCGTAAGTCTTTCCATAGGCAACTCCATCTGAGTGAATAAACTCAAAGAAGATGTCTGGCTAGTGAA,"[[136797279, ""G"", [""A""]], [136797323, ""A"", [""G""]]]",yes,yes,A->G,2
chr1,223659694,223660129,TTCTGTCTTGTAATAACAGCTAGATTTCCTTATTCAAGCATCCCAATAACAAAAGCCTCCAAAAAACAGTGAAGTGGGTAATATTATTATCTCCATTTTACGGAAGAGGAAACTGAGTCTTGGGGTCATTAGTCATGGTTCCTCAGCTAGCAAATGGCCAGAGGGGACCAGAAACCTGATCTACCTGACGCACGAGCTCATGCTCTTAACCACTCTGTGGCCTGCCAGCTGTCCACTTGTCCGTATGTCTCTCCCTGATGAGCCAAAGCTCCACAAAGACTCCTCTCCAGCACCTGAACACAGCCAGCACGCAATAAATCATGGCTAAACTGAAAACTCCAGATTCACTCCAGATGTAGCAGCTGAAGAAAGAGTGGAAGCTCCAAGCTGAGGCCTGTCACCCTCATCCTTATCCTAACCTCCCAACAATTCATCC,"[[223659744, ""C"", [""A""]], [223659779, ""G"", [""A""]], [223659794, ""T"", [""C""]], [223659996, ""A"", [""G""]]]",yes,yes,A->G,4
chr10,52534062,52534323,TCTGTGAAAGTTGTCTTTCTTGGAGACTAAGCATACCTTCAGCTGTGGAAGCTTTCCTAACAGATGGGCTTTTATAGCTGCTACAGCCTGGCCTCTATGTTAGTCTTTCACCTCAGGGACTTTCTACAGCTCATTACTCACCCTTATTCATGGCAGTCTAAGGATTCTGGTTTTATTTATTTTTTTTGGTGGGGTTGGGGGTGAGGGGAGAGATAAATCTGTTTTTGATTGATCACAGTTTCATGTAGGCCAATTGCCTCTT,"[[52534130, ""T"", [""C""]]]",yes,no,T->C,1
chr10,104411376,104411624,TCCTTTATGTCCCCAATTAATTCAAAAATTTATTTTATAGTCTTAATCTGAGTGTTCTATTATTGAAGTTCTTGAGGGGTTTTCCTGTTTGTTGTGACTGCTGACTTTCACTCATGGTGGATTTTTCTTTTTGTGTTTTGTGATTTTGGATTGTGAACTCATTTTCAGAAAGCCTTTATTTGGGGACTTGGGAATGGTTCAGGTTAAGGGTATGTCCATTCATTTGTTTCTGCCAGGTGCCTTAGAAGG,"[[104411448, ""C"", [""T""]]]",yes,no,C->T,1
chrX,26778645,26778921,GGGTGGCTAGAGTAACTTTAGTGTTAACCTTGGCTAATTTTTTCCTGCAATTACCAATCCTCTCATGACTTCCACAGACCATCTACGACATGCTTAAACTTTCTGGCTTGTCCTAAACATCCCTCTTTTTAAACTACCAGTTATTCTCTTTAGGACAATAATTTACTGTACAAGATCCTTTCTTAAATAAAATCTCTTCTCTTTATAGCTTTTTTGCATAGCTAGGGTGTGACATATTACCAAACCCAATAAAAAGTTCTAGCAGATTTATTGATGG,N,no,no,N,0
chr20,58138833,58139180,CATGACTGTTTGATGGATATTGGGTTTAAAGGCCCAAGTGATGACAGACACCTGGATGGCCTGGGAGGTTCACTTTCTCCCTCTTTTTCGAGGTGAGTAAGGAGCTAGCTCCACACGACTGAGTTGTCTCCAGGGAAAACAGACTGATACCAGCTGCTGGGCACGAGGCCGCCTGCTCTACAAGGTCACTAATTGTGGATTAGACACCCCTTGGCCTCCATCCCTATGTGTGGGTAGAGCATTACAGGGCAGGATCCTCTGCCTGAGCCCTTTCTGAGGTGCTCCACATCCAGCTGTGCCCAGCCCTGCACACCTCCCATGCAGCAGCAGGAGCTCAGGGATCATGTG,"[[58138841, ""A"", [""T""]]]",yes,no,A->T,1
chr1,40572432,40572744,GCCCGCACCCCCGTAAAGGGTCTGTGTTGAGGAGGATTAGTATAAGAGGAAGGAACGCCTCCTTGCAATTGAGACAAGAGGAAGGCATCTGTCTCCTGCCCGTCCCTGGGCAATGGAATGTCACGGTATAAAACCCGATTGTATGTTCCATCTACTGAGATAGGGGAAAACCGCCTTAGGGCTGGAGGTGGGACATGCGGGCAGCAATACTGCTCTTTAAGGCATTGAGATGTTTATGTGTATGCATATCTAAAGCACAGCACTTAATTCTTTACCTTGTCTATGATGCAGAGACCTTTGTTCACATGTTTAT,"[[40572493, ""T"", [""C""]]]",yes,no,T->C,1
chr13,48645054,48645356,CACCCATTGCACCTCACCAGCATGGAGCTCAAGCTGGCCTCCAGGCAGGGCTCTTTTCCACAGCATCTGCCCCTCCCCACCAGAGCAGAAGGCAATGCTAACTGCACCTGGGACCATCATCCAGAGGAGCATCTCTGAGAAGCAAAGTGAATTGTCTGGTCTGAGCAGTTCCTAAGTGGATTAATGACTAATAACCCTTGGTTCCTAATGACCTGGATGAAATAATACAATTTCCTGGGCTCTGTGGAATTCTGGAGTCTCCAGCTATTAAAACCACTACAAAGCACTCTTAGATACTAAATG,"[[48645085, ""G"", [""A""]]]",yes,no,G->A,1
chr16,48181765,48182176,CACGCCAGGCTAATTTTTTTGTATTTTTTTAGTAGAGGTGGGATTTCACCATGTTAGCCAGGATAGTCTCGATCTCCTGACCTCGTGATCCACCCACCTTGGACTCTCAAAGTGCTGGGATTACAGGCGTGAGCCAACGTGCCCCACCCCAAACCACATGTTCTTAACCACTTTGCTCATCTCATGCAGTGTGGTGAGCACTGAATGCCTGGAAGAGACCACGGCCAGTGCCTGGCATTGCACCAGCTCAGTGGAAGCTCCCAGTCAGCCCAGCTGTTATTGCACTCCCAGTGCATGTACGTGCTTGCTTCAGGGGGCTCAATGAGGAGTGAGATGGAGCCCCTTTGCATGCCCAAAATAACAGCTCAGCATGGAGGACTGATACATGTGCTCATGGACATACATGCACTCC,"[[48181983, ""G"", [""C""]], [48182087, ""C"", [""T""]]]",yes,yes,G->C,2
chr1,209562980,209563260,GATGTATTGTCAGGCTATGTCCAAATTTTTAATTTGGAAACTATAGTCACAATAGATACAGGGATAAAAGAAACAGTATGAGGGAGAGGGAGAAAAAAAGGAAGAAAAGACAGGGAAGGAAAGACAGCAAATGAGAAAGGGACCTGGCTGGGGCACTTCTTTGAGCAGTGGGGATGGAACAGTTAGAAAATGCGTGCCACACCGTATGGCATTCCCAAGGGGTGCTGTTTCCACAGCCACCGTCTAACACTGTCGTGGGCTGTTCTCATCCCAACCCCAAG,"[[209563170, ""C"", [""T""]]]",yes,no,C->T,1
chr5,50308313,50308573,AAATAGGGAATCCTTTCCCCATTGCTTGTTTTTCTCAGGTTTGTCAAAGATCAGATGGTTGTAGATATGAAGCATTATTTCTCAGGGCTCTATTCTGTTCCATTGGTCTATATCTCTGTTTTGGTACCAGTACCATGCTGTTTTGGTTTGAAGTCAGGTAGCGTGATGCCTCCAGCTTTGTTCTTTTGGCTTTGTATTGACTTGGCAATGTGGGCTCTTTTTGGTTCCATATGAACTTTAAAGTAGTTTTTTCCAGTTCTG,"[[50308382, ""C"", [""A""]], [50308505, ""A"", [""T""]]]",yes,yes,A->T,2
chr6,167533890,167534179,TCCAAAAGAAAAAAAAGAAAGAAAAAGGAAAAAGAAAACCAGACCCAAACATAGAAAAGGCTGCATGTCCTTTCAAAGAAGTACTGAGCCAGTCTATCATGCCCGCCTCAGGATTATCTAATTCTCAAGGGCTGTACGTCTTTGTTGACTCACAGTTTACTATTGATTAGGATATTTAGCAACTCTGTAAGGGCAGGTGTTAAGCTGTAGAAAATTGATTCCATGCAAATGATTCTTTTCTTATACAAACGAACCCATGTCTGATAGAGGTGCAAATGTTGTCACTCTGA,"[[167533897, ""A"", [""G""]], [167534016, ""T"", [""A""]]]",yes,yes,T->A,2
chr12,74897360,74897792,CGATTTATTTATTTATTTAGAGATCAGGTTACGAGACTGGCTAATTTTTGTATTTTTGGTAGAGATGGGGTTTTACCATGTTGACCAAGCTGGTCTCGAATTCCTAGGCTCAAGTAATCCACCTGCCTCAGCCTCTTAGAGTGCAGGTGTGAACCACTGCCTGGCTTATGACTTGTTTTCATTTTTGTTTGTTTGTTTAGTGACATCATAAATAATAAAAGCCAGAAGCTTTGCAGCACATAACCATACCACAATTCAGGACTTGTGTTTTGGCATGTTGAAACAAGAAATTGTAGTGCATCAGAAGAGACATGGGCTGAAAACCTGCCTCTGACATTCAATGGGTGTGATCAGAGAAGAGCAATTGGTTCATTTAGTTTCAGTTTCATCAAATTTTAACATGTATTTTTATTAAATATCCTTTCATTTGTAA,"[[74897361, ""T"", [""G""]]]",yes,no,T->G,1
chr2,152858811,152859181,TATTCCTTTCAGTCACTGCCCTAGACAGTCAAGTCACATCCTGCTCATGGCAACATCTCCCTGCTGGTGCTGCATGACTGTGCCACACAAGAGCTGTGTTGGGCAGGCAGCTGTTGGCATTCGAATTGTGCCTGAAAAGGAGGTTCTCTGTCTTGGGGACAGAAATGAGTAAAGGAACACAAATGAAGGAGTGATGACAGTGCCATGGGAACACATTCTGCCCATTAATGTCAGTAAATTAATTGCCACTGGGGTGTCCCCAGCTGGGCACAGAGGCTGGCTGCCCCTGGGAATTGTGGAGAAGAGCTGATATCTGTGTGGAGGGAAAGGAGTGAGGGTGAGTAGCTTTTACCAGTTGATTTAGAGTAGTG,"[[152858868, ""G"", [""T""]]]",yes,no,G->T,1
chr10,67622553,67622887,ACCCACAGATCATCTCAAAGCTACCAGTTTCTGCTGGTGGGGGCCTCCTTGTATCCTTGCCATGCACGCTCCCACTGGACTTGTACTATTTTAATCAATTAGCTATGGGTTTTCTTATCCTTATTTTAATGTAATGAGTGACTTCCTTTTTCTCCACTATTTGTGTCTTAAGAAATACTATAGCCTAGCCATTTTCCCATGGGAGCAGTTTTCTGGCAGTAAAATCATGCAGAAATTGGAGAATTCACTTTATTAGAATCAACTCAGCTATACTGAATCATCTTAAACTTTAAAACATTACTGAGGCAGAATTAAGTTTATTTCTTCATCCTACC,"[[67622667, ""C"", [""T""]]]",yes,no,C->T,1
chr14,81479908,81480331,ATCTAACTGTTTAATATTGAAAAACTTAATTAAAAAACTCATTTTCCCCCAACATAACATCTAATTTGCTGTGTAGATATGCTGCATACAGCCATATATCTACGCATTAACACTGTTAACCTAGAGATTTCCAAGGGCGACTTCTGAAACTCACACTAATTTTTTGCTACTTAAAACTTCAATCAGTATTAGCAACGTCTGGTTTCAGTTCTGGACAGTGATCTTCAAAGTGGGGTAGAAACACTCAAGATTTTACAACAGATGACAGGCACGGTGGCTCATTCTTTTTTATTTTTTTTTTGAGACAGAGTCTTGCTGTCACCCAGGCTGGAGTGCAGTGGCGCGATCTCGGCTCACTGCAGGCTCCGCCCCCCAGGGTTCACGCCATTCTCCTGCCTCAGCTTCCCGAGTAGCTGGGACTACA,"[[81479917, ""C"", [""T""]], [81480010, ""T"", [""C""]]]",yes,yes,C->T,2
chr3,149519955,149520274,AACAACATCAAGAAAAAAAAAAACCATCAGATTCTAAGCTGCAATTTTTTAAATCCCCAGTTGTAATATTTCAAAAACTTTTGTTTGAATAAAATGCTCATAATTAGTACCAAACTGGTCTCTTTCACAAGATCTGTAGTGTAAGAACTGTGACTAATGCTGCTGCTGCTACTTTCCCGCTGGAGGGACTAAGTTGTCTAGATGCTCTGCAGTAAAATAACGAAAGATAAGCTACAATAGGACTGTGTGCCTTTATAAATACAGACTAATAAGAGCCATCAGAGCCAGCATGGATTCAAAATTACATTGTATTCCATACA,"[[149520101, ""C"", [""A""]]]",yes,no,C->A,1
chr8,42136476,42136957,AAACACCTATATACCCACCACCCAGATTCTATAATCAGAACCTAACTTTTACGAGCTAGAATTAACATTTGTCTAGACCTACAAGTGATATTGAGTAGTGATAGCTCTATCATAATTACATAGACGTACTCTGTTTCTGCTGGTAAGCCCAGTGCTTCATAAGAGTTTTGTACTGTGGCCAATTTCATGAGTGTTTTAAACAAGCCAACACAGGTCAGCTGTTAGCTGGGTGGAGGAGCTTCTAGAGAGTTCTTCCCAGCTTAAAAAAACAAAATTTCAAAGTCATCTGGCATGCTGCCTAAAGACACCCACAGCTTTTGGCTCTTAGAAGCAGGTGATGTCCATAAGCATAACCTTGGATTTCTGGTTGTGCAACAAGGAGCAACTGCCACCTCTCTGGGGCAGAAGGTGACAGAGACAGTGACAAGAGGAGGGGTAGCTGGAATTCATATCCCTTCACATCAGTTTCACTAAAAGTTCCA,"[[42136528, ""T"", [""G""]]]",yes,no,T->G,1
chr3,145097593,145097834,CTAATGAACAATAAGGGGACCTCTAGTGTGAAAATGTTTGGGAGTTCTTGCCTACTACAGGAGCTATTGAATAGCTCATTGGCAAAGGCTGCTGGAATACAAAGCTAGCCACTGGGGACTGTGGTGACATCTGTTGCGTGGCTGATACTGATAGCCCTGCCCCTCGCCTTTGATCCTAGCTGTCTCCAGACATCTCAGGTATGGGAATCTCTCCAGTAATACTCCACTGTGTTGCTCCAGGT,"[[145097689, ""G"", [""A""]], [145097726, ""C"", [""T""]]]",yes,yes,G->A,2
chr4,98016462,98016662,TGTTTCTCTAACTGGGTAATTTCAAATAACCTGTCTTTGAGTTCAGTGATTTTTGTCTCCTGCTAGATCAAGTCTGCCATTAGAGTTCTCTGTGGAATTTTTTAGTTCAGTCATTGTGTCCTTCAGCTCCACAATTTCTGTTTGGTTTTATTTTATACATTCTATCTTCTTGTTGAACTTCTCATTTTCTTCATGTATTGT,"[[98016507, ""C"", [""G""]]]",yes,no,C->G,1
chr17,48704676,48704974,CCATGGTATCCAAGCACCAGTCTGTCTGGGATTTCATTTGCCAGATGGACAAAGGAGAGGTTGTTCCAATACATATCCTGAGTGGTGGGGGTGGGGAGAGAAGGGGAAGAATGCTCTCTAGAGAACTCTCTTTGTCCTCTGAAGTAAATAGAGATCATGTCTTCCCCAGCCACACTCAGTGATCTGAATCTCTTGGACTGTGGATTTTTCCTTTACCTGCTGTGAAGCCTTGAAAAGTATGAATTAGCTTGATAATGATCCTCTAAAGATGTTCAAGAGTTAAAGACGTGTTTAAGTTC,"[[48704801, ""T"", [""C""]]]",yes,no,T->C,1
chr6,51526061,51526321,CTCTACAGAAGTATTTGTGCTAAATTCACAATTGCTTTTTTTTTCTTTAGAGTCCAGTGTAGTTTACATCTGTTTGCCCCATGAGTCCGCTCATAAAACAAGAATAGAATTAACAGTTTGTGAGGATTCTTAGGGACTTTATATGTTTGTGAAAATGAAACTAATTCAGCCTAACTCCAATATAAGTGCTGTTGCATGCCGCGCACAGCACCCTGAAACCCAGTGGGTTCTGCTAACTTGTTGACTGACTGATAAACAAGT,"[[51526149, ""A"", [""G""]]]",yes,no,A->G,1
chr7,122485897,122486209,TAAAAACTATGCTACATCAACCCTGTTCTGTGCTCTATAACTGAAAGAACAAGCCCAGATGATGGTGCATCTGTTTACAGCATAGTTTACTGAATATTTTAAGTCCACTGCTGAGGCCTGATGCTAGAACAAAAGAATCTGTTGGAAGCATTATTGCTCACTGACATAGCATCTAGTTGCTCAAGAGCTCTGCTGGAGATGTACAAGGAGATTAATTTTGTTTTCATGCTTGCTAACCCAACATACATTCTGCAGCCCACAGATCAAGGAGTAATTTCAACTTTCAAGTCTTATTATTTAAGAAATACATTTT,"[[122486113, ""G"", [""T""]], [122486141, ""C"", [""A""]]]",yes,yes,C->A,2
chr17,32947833,32948231,TATTACAGCCAGAGACTCAAGCTGACTTCTTTCAGCTTCCCCAGGGTACCTAGTGCACAAACCTGGCATACATCGCTCTCCTCCAAGACCCAGCCTGGGAGAGCCTACCTCTTGAGAGCTGTCTCAAGCCGAAGTAAGTTTAGTTACCAATGATCAGCGCTCAGAGAGCCAGTTTTTTTTTTTCCTTCCCTTCCTTCCTTCCTTCCTTCCTTCCTTCCTTCCTTCCTTCCTTCCTTCCTTCCTTCCTTCCTTCCTTTCATTTGTTCTTTTTTCTAGATGGGATCTCACTCTGTTACCCAGGCTAGAGTGCAGTGGCATGATCTCTCAGCTCACTGCAACCTCCGCCTCCTGGGCTCAATCAATCCTCCCACCTCAGCCTCCTGTGTAACTGGGACTACA,"[[32947867, ""A"", [""G""]], [32947962, ""T"", [""C""]], [32947990, ""T"", [""C""]]]",yes,yes,A->G,3
chr14,57755218,57755493,TAGGCCAAGACTAGGGAGGCTTTCCAGTGGGGGGCCCTGACAAAGGGGCTTCAGCCACGGAAATCTAAATGACAATGCAGGGTGAATCTGAGAACCCTGGCACTCTGCCAGGACAAATTCCCATGAGCCCCACTCCTGTCATAACCCAGAGAGTAGGGAGCAGAAATAAGAGAGGCAAGCACAATCTAAAAGGCCTATTTTAAATGATGGTCTAATCAGTTCAATGTGGGGTTGACAACTGCTTCTTTCTCACTCCTTTGTAGGTGGGAGTTTGGG,"[[57755259, ""G"", [""A""]], [57755492, ""T"", [""G""]]]",yes,yes,T->G,2
chr12,120563346,120563579,GGGTGTGCTGGAGTACCTGTCTGCCTTCGATGAAGAAACCACGGAAGTTTGTTCTCTGGACACTCCTTCTAGACCTCTTGCTCTCCCTCTGGTAGAAGAGGAGGAAGCAGTGTCTGAACCAGAGCCTGAGGGGTTGCCAGAGGCCTGTGATGACTTGGAGTTAGCAGATGACAATCTTAAAGAGGGGACCATTTGCACTGAGTCCAGCCAGCAGGAACCCATCACCAAGTCAGG,"[[120563361, ""T"", [""C""]]]",yes,no,T->C,1
chr4,60398825,60399047,TCCATATGAGTAACAGTAGCCCAAGACCAGCATTTCAACACCGGTCTAATTATTCAGTCTCATGCTATAGTGGGAAAGGAACATAATGTTGGCCAGCAAAGTCAGTCTGGTCACCAGACTGTTCTGAAACCAGGGGCCTGAGACAGCTACATGAGGGAGTTTCAGATCATCTCAGGACATCTGGTAAATGCCACACAGGGAGTTAGTGGTGGCAAAGCTCTCC,"[[60398873, ""G"", [""A""]], [60398972, ""C"", [""T""]]]",yes,yes,G->A,2
chr3,162538687,162538948,GGAAGACACTGTGCTGTGCAGGGCCACATAGGGGGTGCATTGAGAAACAGAGAGAAAATCCAGAAGTTGTGGGTGGCAGAATTTGTAGTATCAAGAGGATGGGGTGACCCCTAGTAACCACAGGGGGTTGTGATTGGCTTCTTTGAGTAATATCGTGGGTTTGCAGGGAACTAAAAACCATTTCTCTGGAATAAGCTGGAATTGTGCTTAGTCTTCTTTATAAGGAGAGTTGTTTGATTAAGAAACATTATCTTTAGGAGCT,"[[162538702, ""A"", [""G""]], [162538739, ""T"", [""A""]]]",yes,yes,A->G,2
chr16,68162860,68163256,TCTCTGGTTTTCCTAGGCAGAGGACCCTGCCGCCTTCCGCAGTGTTTGTGTCCCTGGGTACTTGCGATTAGGGAGTGGTGATGACTCTTAACAACGAGCACGCTGCCTTCAAGCATCTGTTTAACAAAGCACATCTTGCACCGCCCTTAATCCATTTAACCCTGAGTGGACACAGCACATGTTTCAGAGAGCACAGGGTTGGGGGTAAGGTCACAGATCAACAGAATGAGAATTTTTCTTAGTACAGAACAAAATGAAAAGTCTCCCATGTCTACCTCTTTCTACACAGACATGGCAACCATCCGATTTCTCAATCTTTTCCCCACCTTTCCCCCCTTTCTATTCCACAAAACCGCCATTGTCATCATGGCCCGTTCTCAATGAGCTGTTGGGTACA,N,no,no,N,0
chr6,20397023,20397374,CTATCTATAGATAGTATGTATATACATATATATGTACATGTATATATATAAACATTTGGTGTATGTGTGTGAGTATGAGCGTGTGTATGCAAAGGAATCCAGAGCTCATGTAAACAGGAAGGATAAGGAGCAAGAGGGATATCAGAAACATACATCAAGGCATTTAGGCGTTGGGGGAGGGGGCACGGGTCAGGGGGCAATTCTAGCTGTAGCAACGGGAAGTTATGGAAGTCCAAGGGTATACACATGACCCTGGCTCTTAGTTTCCAGTGCTCAAAGGAATTTTCTGGAAGGGCTTGTGAAAAGCAGATTCTTGGGGCCTGCCTTAAAGGATTCTGATTCATTTGGTTGA,"[[20397274, ""T"", [""C""]], [20397287, ""C"", [""T""]]]",yes,yes,C->T,2
chr1,37839562,37840016,GGACAGAAGCCTTAGCACAAAGATCCTGAGCCAAGGGGAGATAGTACTCTATGCCAAGCACTGAAATACCCAGGCCAGAATGCTGCTCCATGAGATGCAAATCTAAACAGAAATGTACTGTCGCTTCTAACCAGCCCAAGATACGTCCATCTTTAAGTAACAGGTTTCTCTAATGCATTTTTAAATTTTTTTCTTTCATTTTCTGAGATCTGGCAGAAATGAATTTTACGTAGTTGAACACAGCTGCGCTCTTTTAAAGCCCTGAAAGTGAAAACAACTCCTCTGCAAGGGGAAAGAGCTCTGCCATCACAACAAGGTCAAGGTCAGAGGCTGGCAGAGCATTGGAGACGAGACTGACCTGTACAGTGTGTTGAATGCCTTCTCACAGCCCTGCACGTCACACTCAAATGGCTTCTCCTTCGTGTGCACTCGCACGTGGATCCTGAGGCTGTAAG,"[[37839629, ""G"", [""A""]]]",yes,no,G->A,1
chr9,99495602,99495849,TGGGCTGTACAAAAACAGGGAGCAGGCTGGATTTGACCCATGGACTCTAGCTCAGCCAGCTGCTTCTCTAAAGCCCTAACCAGCTTAAGATCTCATGGGATAGTCAAAACAAATCAATACTCAGGACAGGCAATAGTACCGTCCCTGATTTTTAGTAGAGAAAACAAGGGACAAAGAAAGTTAAATGACTTGTCCAAGGTCGCACAGCCAGTATAAGGAAGGGCTGGAATTGGGATCAGATCTGGCTA,N,no,no,N,0
chr17,66098078,66098408,AGTTTTGGCAATTAAAGGCAATCAATCGTTCAAACCAGATTCAAATAAGGCAAACGCAGAGCTGTAACCTATCCTGCTGTTTCTGTACCTCGCTTCCATTTTGTGTACATCACTATCCTTCTTCTGTCCATAAATCTTCAATCATCCAGTAGTGCTGCAGCCTCTCTGAACCTATTATGATTCAGGGGCTGCCTGATCCATGAATCATTCTTTGCCTACTAAACTCTGTTCAATTTAATTTCTTTAAGGTTTTTCTTTTAACATCCTGGAGTGTACTATGAGGATCAAGTGATAAACATTTCAAATATAAATTATCGGATTCTAGTTCTCC,"[[66098147, ""A"", [""T""]], [66098393, ""T"", [""C""]]]",yes,yes,T->C,2
chr17,6402347,6402627,CAGAACTGCCTGAAACAAAATGTTATTATGAATTGGCCACTCAAGAAGAAGTGATGATGTGAGGTTTCAGGTTTTATTAACTTAAACCATTTGGTAGACAGATTTTCTTTTTTTTAATGAAACGCAGACCTGTGACTCATTGAGCTTCGCAGGGATAATGATCAAGAGATAACTGAATTTCTTCTTCCACTCTGTTTTCCAGCTTCACATATTTCTCTAAATAGATGTCCATGTTTTATTTCGTAATTTTGCTTTTCCTTTACTCAAAACCAGGATGGGCA,"[[6402446, ""G"", [""A""]]]",yes,no,G->A,1
chr7,159050652,159051051,AAAAATAGTAATATAATACATGGGAAATGTAGTTTTAGGAGAAGAGAATTAGGAAGGAGCAGTATTTGAAGAGATGCTGGCCACAAGGTTTTTTGAAACTGACAAAAGACAGTAACAGATTAAAGAAACTCTACAAACCCCAAGAAGGAGAAATGTGAAGAAAACCACCTTAAGTCCTATGAGAGTGTAACTGCTAAAAACTGAAAAAAGTCTTCAAAGCTTTCAGAGGAAAAAAGACACACTGCCTCAAAGGAACAATGGTGCACTGGCAGCTGACTTTTCAGAAGAGGTCACGACGTACATCTTTAATGTGGTGAGAGAAAATAACTGCCAACAGAATTCAATCCTCTCCAAAATAGCCTCAAAAATGAAGGCAAAATTAAAATGATTTCAAGCAACC,"[[159050730, ""A"", [""G""]]]",yes,no,A->G,1
chr1,30667318,30667573,TGGTTGCATTTCTTTCAGTATTTTAAAATCAGTTTTTCAGGCATAGTTATCATTGATCTGTATGTATAATTTAACACCCTAGGGTTTTTAAAAAAAAAAAAAAACTCGTATTATAGCATTAAGCATTTCCCAGCTAGCATGAATGTAAACAATGTTTTCATTGCCTGTGGAGTATTCTGGGTGGTCCACAGTTTTAGGTTGTTCTTTTTTTCTTTTCTTATTTTTTTTTTTTGCTATTTTAAATAGCCCTGTGGTA,"[[30667368, ""T"", [""C""]]]",yes,no,T->C,1
chr11,120702718,120702959,GGACTGACAGGTGGGCTCACTGCTCTGGAGATTTTTGTTTCGCTTTGTTTTTAATGCTCCACATTAAAACAATATCCCATGGGTCATGGCCTGAGGACGTTTCTATCTGAGTAGAGCTTGAGGCTTCAGCCCTGCAGAAAGCAGGAAGGAAGATGTATTTGTATCGAAAAGAAAAAAGGAAGTTACCAGCACACTTTTAAGTTCACTGTCTTGTTTTATTTCCATAAGTCCTTTTAGGGGAG,"[[120702759, ""A"", [""G""]]]",yes,no,A->G,1
chr18,621191,621577,TAATTTAAAAATACAAGTGGAAGTTCTAATATTTTCTATCTATCCCTCTATCTATAAAGTTGGGGGCCACTGAATTCCAGATTGCTGCTTGCATCTTTTTACTTCTGAGGATCATGGCCTCTGGGAGTCCGTTAAGCAACTGGAGCCGGGTAGTGTGACAGGCTGACCCCAAAGCTGTGTGTCAGCGTCACCGGACTGGTTGATGTTGCAGCCTCACCTACTGCCCTGAGTCAGTCAGGGTTCTGGCAAGGAAAGGAGAATGCCTGACCAGCAGCTGCAAACCCTTCTCCCTTTTGGCAGCAATCAAAAGATTTTGAGGAAATCTAAAATAGCTCCTCATCAGGAAAATGTGGAAGCCCCTCCAGCTGGGATCTTCCCTGGTGGGCT,"[[621281, ""A"", [""G""]]]",yes,no,A->G,1
chrX,121851133,121851406,TATACCACAGTTTATTTATCCATTCGACCATTGAAAGGCATCTTATTACTTCTAGGTTTTGGCAATTATGAATAAAGTGGCTATAAATATGCTAGTACAGAACTTTATGTGGACATGAGCTTTTCAACTCATTTGGATATATGCCAAGGAGCATGACTCATATGGTAAAGATATGTTTTCTTTTTAAAGAAACTTCCAAGCTGTCTTCCAAAATGACTTTACCATTTTGCATTCCCACCAGTAATAAATGCTACTTCATGTTGTTCCACATCAT,N,no,no,N,0
chr11,32121094,32121552,TCCTGGAACCAATCTGCTGCTGAAACTGAGGGACAACTGTATATGGTTGTATGAAATGCAATAACAAAAGAGCCTAACCTAGACAGAGGTAGGTGGGAGCAAAGAGCTTCTGAGAAACCGAAACCAGTGAGGCCCTGTGGCTAGACCACAGGACTGGAAGGGAGCAAGATAGCAGATGAGGCAGGAGCAGGTGGCTGGGCCAAATCACATAGGAACTGGATTTTATCCTAAGACAGCGGGAAGCTATTCTGTTCTGGGGAGGGAGTGGCATGACCATCTTTTTATTTCAAGATCAGCACTCTAGGAAATGGATTAGTGAAGTCATATGTAGGGGCAGAGACACCTGTTAGGAGACTATTGAAATATTGAGAACTGAGCTGAGTGGCAACAATGGAAATGAAAGTTGTGGCTTCCAGAGATATTCAGGGAAGGGCTTAAAGGACAGATACCTGGACCTTT,"[[32121108, ""C"", [""T""]]]",yes,no,C->T,1
chr9,115194733,115195054,CAAAGATTGGTGTATTACAGTGTGGTAGCCAGTCTCTGAGATGATCCTTATTCCTTGTTTTTGCTTCCTTGTGAAGTTCCCTCCCATATGGAATAGGAGTGATTTATGCAACTAATTAGAGATTGCAGAAGTGAGTGTGTGACTTCTCAGGATGTGTCATAACAGATATTGCCATTTTCACCTTGATCTCTCAGATCACTTGCTCTGGAAGTACACTAGCTGCTATGTCATGAGGACACTTAAGCAACACTGTGGAGAGGTCCACATGGTAAGGAACAGCCAGCACCAACTCACAGGTGAATGAACCACCTTGGAAGCAGAT,"[[115194736, ""T"", [""A""]], [115194778, ""T"", [""C""]]]",yes,yes,T->A,2
chr11,12981902,12982257,CATATTAGGCTTCTGATTGTGTTGCTATTGTAATATTGTATTGCTTATCTATTTCAACATAATGAATTGCATACAAATTTAGTGGCTTAAAACAACAAACATTTATTAGCTCACAGTTTCTGTAGTCAGGAATCTGGGAGTGGTTTAGCTGGTGGTTCTGGCTTACAGTATCCCATGAGGTTGTAAGTGGAATAACAGCAGGAACTGCAGTCATCCAAAGGCTTGACTGGTACTAGAGGATCCACTTCCAAGCTCACTAATGTGGCTTAGCAAGAGACCTCAGTTCCTTGCTTGGCTGTTGACTGGAAGCCTCAGTTCCCTACCAATTGGGACTTTTCTCATGACAGGGCAGTCAT,"[[12981904, ""C"", [""T""]]]",yes,no,C->T,1
chr2,240909150,240909371,GCTCTACCTCCTCCACCTCGGGTGACCTCTACCTCCTCCACCTGGGGTGAGCTCTACCTCCTCCACCTGGGGTGAGCTCTACCTCCTCCACCTGGCGTGAGCTCTACCTCCTCCACCTCGGGTGAGCTCTACCTCCTCCACCTCGGGTGACCTCTACCTCCTCCACCTGGGGTGAGCTCTACCTCCTCCACCTGGGGTGAGCTCTACCTCCTCCACCTCAGG,N,no,no,N,0
chr2,143843654,143844039,TGGCAAAAGACAGAAGGTAACATTGTAGGGAGTTCCCTCACTCTCTCTTAAACCATATTTCCACCTTAAATAAATTAAAGCATGCAGCAGCAGTAGGTAAGGTGGTCAATGCAATTAAATTCAAAACCTGAATGTATTGAACTTTCTGCAATTATACATGGGTCATCTCTGGACAATATGTTGGCCATCTGGTAGCATCTGTGCCGTTCCCTCTAATAGAGTTCCTGCTGTGGCTCGAGGCCATGGCAGGCAGCGCTAAGCAGGTCACATGTTGTGTCTTTCAGCCATATTTAGGTCACAATTTGGGGTGGGAGGAGGCAGGAATTATCTTTTTGTACAAAGGCAATAAAAATGAATAATCCCTTGTAGGTATCTTGTGTTTTGTT,"[[143843707, ""T"", [""C""]]]",yes,no,T->C,1
chr2,142851057,142851324,CCCTGACTTCTGAAAGATGGTCAGGACACAGATGGGCTGAAAGAAAGAAGAAGCTATCCAAGGAGAGCAAACACAGACAGGACATAAGGAGTATGACAGCATGGCATCTGTGTCTGTGCTGGGAGAGTCTGCATGCGGTGGAAGAAATGGGAGGAGAGGTATTTTGCATAGTTAAAAGGTTAGTCTGATTGAAATAGATAGTTCATGTTGTTAACTAATAAGGGATAATTTAAAACTGTACAGTTCACTGAAATTATTGAATGCTATA,"[[142851149, ""G"", [""A""]]]",yes,no,G->A,1
chr5,17595934,17596289,CAGTACCTTAAATTTCCAATCCTTATCAAGTACAATAGTTGAACATGGCGTGGTAGCTGAAAGTGTAAGAGGCAGAATTTGGCAGACTCCACTTCTTCCCATTTCGATGGTTCCAGGTTTTTTGGCTTCAGCCGAACTAAAGAATGTCCTCACGAGCTGTGAATTCACAGGTCACTACAGACAATTTTTGAAACTGAATCACACTGTAATTTTTGGCGTATGCTCTGTGAGCTGTGCTGGGAAGGTTCACGCTGATTCCGTAATAAATCTCGGGTTTTTACTCTATAGCGAAAAATTACTCTTTGCCATCCTGAAGGCAAAGCAGAGTATGTACAAGTAGAGTGTGGAATAACTTT,N,no,no,N,0
chr10,94673649,94673873,GTTTCAACCAAGCATGGTAAATATGAAGACCCATATTCACTCAAATGTGTATGCCCTTAGAAGGGACACCATGATCCCACATCCCAGATGACATCACCTTGGCCCAGGAGTTCACTGCTGGAGATTACATCACCTCAGATGACATCACTCAAGTCCAAGACCTAATCATTGGAGATGACTTCACCCTTTTATCAGGGATGATTTCATCCTAGATACTAAAACCTC,N,no,no,N,0
chr2,74982605,74982856,AAAATTCTGTAAATATTTCGATGTTTCAGATGTGTTGGGGGAGGAAGAAAGAGAAAGGAAAAGCTGTAGAATCAGGAGGAGATGATCTGGCCTCATTGAGGGTGTGGGGCATCGTGGACCAGTTCCAAAATAATTGAAACACAAATGTCCAGTCTCAACACAAGACAGAGAGCACTGCCACTCACTGGCTGTTGTGCTGAATTACCTGGCAATGACAGGCACGGTTTTCTGTATTAGTGTAAAGATTAATTT,"[[74982613, ""A"", [""G""]], [74982637, ""A"", [""T""]]]",yes,yes,A->G,2
chr1,220797524,220797967,ATTTAAATCAAACATAATGAGGTCATCAAATTCAACCACCTTATTAAACATTTGAGAAATGGGAGGCTTAGAAAGGTTCAGTGATGTCCCCAAGGGCACATGCCTTGTGGCAGCTTAGGATTGATTCTGAGTCCTTGTTCCCTTCATTCCACCATGCAGTTTCTGCTATCTGCAAGGCTATTGAAAACTTCTGAGTCACTGTGACTTCTATTAAAAGAACAAGAGAACTACTTTGAAAGATTGTGTGTGGGGTGGGGTGGAGCATGGAGGCTATGTCTAGGAACTAGGCACACCTAACCACTGAAAAGTTGGTGTGCCATGTGTTATAACAATGTCTATTTCCTTATCAGATTGCTTACTCAGACACCAGCCCATTCTTGATCCTTTCTGAGGCGTCGCTGGCGGATCTCAACTCCAGGCTAGAGAAGAAAGTTAAAGCAACCA,"[[220797554, ""C"", [""T""]]]",yes,no,C->T,1
chr17,61678379,61678809,AATCAGTATTTACCATTGGGTTTTCAAAGGTTAATTTCTGGGAACAGTAAATTTCATATAGCTTTTGTTTTCTTTCCAATACATTGACGCTTGTTTATTACAGAGTGGAATTTGGTGTAAGATGGGTTGTTTTGGACCTGGTCCAAGAGGGTTTAGTTACTGAAAGCACCTCATTATAAGGTAGTCTTACGAATAAGGTGATCTGCTGGCTCAGATCCCATGTATATTATAACAAGGCTCCATTGTGGAGTACAGGAAGCCAGGCAGCTAATGGTTCTATCAAATGAAACTTAAGAAACAAAATTCTTTTTTTTTTTTTTTGAGACATGAAAATTGTTTAAGGCTAGAGGATCATAAGCCTTGGTCATTTTTCCAAATTTCTATTTCCTGATGTTCTTTATTGTATTTTTCATAGCTCTGCAGTTATTTTA,"[[61678569, ""C"", [""G""]], [61678746, ""C"", [""T""]]]",yes,yes,C->G,2
chrX,99799141,99799379,TGAGCATTTCTGTGGTTCTGTGGTCACACATTGGCTTTCTCCTGAATTGCTTTCATGCTACCCCATCACTTCCTGGCTTAAGTTTCAGCCTTCTCCGGTTTGCTAAATCATATGACTACCAGATTCAAAAATTTTGCTGTTACCACCTTCTTTTCTGTTCTCATTTCCTAAGTGGTTTATGTCCTGTATGGTCTTTCGTCCCAGCCATTTTAGTGAGGTGTGAGAAGGAAGCAGAGGTA,N,no,no,N,0
chr14,45715996,45716310,ATTGGGTAGAAAGAGCAGGGAGGAGGAGGTAATGATTGGTGAGCCGCTCAATTAATCACAGGGTCATATTATTGCTAACAAGCTTCAGTTGTGCCTAATCACAAAAACACTGCACTTGGGGCATGACTGCCCTCAGCATTCCTTCTGGGTGGCAGATGCAGTTTGTCATTTTGCCAACATCCTGCTTTGAACATCCTGCTTTCATGAGAAACAGTTTGCTGTTTGCTCCTGTAGCCTCCAGTGGTATACTGAGTTGATCATAACTCTCATTCTTTTGGCCACCAACATTCACTCTATTCTTTAAAGAAGACTACA,"[[45716036, ""C"", [""G""]]]",yes,no,C->G,1
chr12,107235175,107235501,AGTGGAAGACCAGAAGACAGAATTTGGATAGAGGCAGAATATTGTCCCCCTTCTCTCTGCATCCTGTGGCATCTCCTCCATGGCTCCAGCTCAGATCCTGATGTGGTTTCAGCTCCCACAGGGCAGCCTGCTGCTGTTCCTCCAACCCTAGGAACTGTTTCCCACTACTTCTAATCTCGAAGCTGCCTTATGAGCATCAGTTTGCTTTCTCATCTCTGCTGTGTCTTGAATAACCCATTTCCTGTATTAAATTCCCCTAGATTGAAAGACCTAAAGTGGTTCACATTTCCTGGTTGAAAGAGTTAGCTTCAGGCTGGGCAAGCCTCT,"[[107235458, ""T"", [""C""]], [107235495, ""C"", [""A""]]]",yes,yes,T->C,2
chr1,202254301,202254737,CACCAGGGTGGGAGCCTGAGGCAGGATGCTTTGTGCAGCTCAGGGAAACTCTGGCTGTGAGGAGCTGGAGTAGGATTGACTGGAGGGGTTCCTCACCTCTGGTCAGGCTTTGCTGCAAAACTAGATTATCCAGGAAGGGAAAGATACTTCCTCCACCCCTGACCTCAGGAATGGTCCGTCTGGTGGTGAGTTGCCCCTGCCATGAGTGAATGTGGGTCATTCCTTCCATTATGTTTGCATTCTGCAGATCTGTGTTGTACACTTCCCCATGCCAGGTGCTGATGTGCCTGCCTTCAGTGAGTTTGTTACCAAATAAGGGCTGTGAGACATGTTCATAAATAGTACATGCTAGAATAAATATAGCTGGTGCATATGCAAAGTCCAGAATGCTGTGGGAAGGGGAGGAGCAAGTGTTTGCTGGGTGAGTGTGCCAGCAC,"[[202254377, ""A"", [""T""]], [202254425, ""T"", [""A""]], [202254636, ""C"", [""T""]]]",yes,yes,A->T,3
chr4,37720997,37721265,AAAACTACATGACACAACCACACATACCCCAGAATGACTAGAATTAAACATTGATAATATCAAACATTGGTAATAATGTGGAACAACTGGAATTATCTTGGAAGCTGCTAGTAAATACTTAAACCGGTAAAACCACTTCGGAGAACTGCTTGGAAGTATCTACTATTGTACACTAAACCCACACCTATTCTGTGATATAATTCCATCCCTAGGTATCAGATTGGTACAAAAGTAATTGTAGTTTTTGCAAAAATTAGCCAGGCATGATG,"[[37721060, ""G"", [""A""]], [37721261, ""C"", [""T""]]]",yes,yes,G->A,2
chr8,141309817,141310164,GGTAGCAGTCAGGATAGTGGTTACCCTTGGAGGGAGGGGTGCCAGAGCTAGGAAGCAGGGCACAGAGGACGTGTCTGGGGGCTGGCTGTGTTCTGTGTCTTGGTCTGAGTGCTGGTTACAGTGTGCTCAGTTTATGATGACTTTTCCAGCTGTGCAGTCAAGATGCATGTGCCTGTGGGGCACGGTGATTCACGCCTGTAATTCTAACACTTTGGAAGGCCAAAGCGGGTGGATTGCTTGAGCCCAGGAGTTTGAGACCAGCCTGAGCAACATGGTAAGACCCTATCTCTATTAAAAAAAAAAAAAGACGTGTGTGTTTTTCCATGTGTATGCAGTATCTCAACAGAG,"[[141309865, ""C"", [""T""]]]",yes,no,C->T,1
chr1,120453605,120453943,ATGTTTCTCTATGTGTGCCGAGTGTCATGTCTGTACCGTACAGGGATAGCTGAGTCTTCATCCTCCTCAGCTCCTATCTGTCCAGTGCAATGAACAGCAGCTGCTCTCTTCCTCTCTGGTTCCCATGGCAGCCATGCTCTGTTGCAGAGAGAACAGGATTGCATGTTCCCTCTTAATGGGAACCTCCATTTTGCTTTCTGGGACCACTCTCTTAATGCCGCCTGTCAAAACCAGCTAGGACTCCCTGGGGTCCAATCCCTCTGTGTTTAATCTTCTGTCATCTCTGTCCCACCTGGCTCATCAGGGAGATGCAGAAGGCTGAAGAAAAGGAAGTCCCTG,N,no,no,N,0
chr6,142045365,142045756,CTGTTCCTGCGTTACTTACCAGCGCTTATTTTCTAGCACCCTTTGTTGTTTTTACCTAATTTTGGAGACCATTTCTTTAAAAAGAAAAAAAAATCAGTTATTCCGTTTGGTTTCTATAGTAACAAAAACTAATTTCTGGGTTTCTCCATGATCTATGATCATGTTGAAACCAAAGAGCACTCATGGGTCTTGCAAAATTCATAAAGTCCTGAACAAATAGGACTGCCATCTTCTGGCATTTGTCTGAAATGACTGATAATTGTACCAATTCTACATTGTAATCATAAGATTTTTATCCTCATTTTTTCACCTGCTGTTTTTTAACAAAGCATGACATAGTACCTGATCAGACAGTTCTTGGGTGACATCATCAACTTGCAAATAAGCCATTT,N,no,no,N,0
chr19,53897404,53897674,GCTCCCTGGACTGGCAGCACCCATGTCACCCAGAAGCTTTTTACACATAACGATTCTCAGGTCCCACCCCAGATTTATAGAGTTAGAAAATCTGGCAGTGGGACCCAGCAATCTGTTTTACCAAACCCTCTAGGGAATTCCGGCTTAGAGGCTAAGAGCAACCAGATTCTAGAGCTGGACTGCTTGGGTTTCATTTCTGGCTCTGTCCTTTACCTGCTGTGTGACTTGGGGCAAGTTACTTAACGTCTCTGTGCTAGTCTCCTCTTCTGTA,N,no,no,N,0
chr2,43488748,43488995,ACCGCCAAAGTGGTAGCACCATTTCATAGTCTCACTGGCAATGTATTAGCGTTCCAATTTCACCAGTTCTCCAATTTCTCCACATCCTCCCTAATACTAGTTATTTTCCATGCATTTTATTTTAGTGGGCATGGAATGGTAACTCATTGTAGCATTTCCCTCATGACTAATGGTGTTAAGTATCCTTTTGTGTGCTTACTGGCCATCTGCCTATCTTTTTTGGAGATAAATATTCTTTGTCCATTTTA,"[[43488750, ""T"", [""C""]]]",yes,no,T->C,1
chr2,33400120,33400327,CTCTTTGGCACCTGCATTTAATTACCACTTAAGTGCAGCAGGTGTGGGCCATCAGGAAATGCCCACCCCACCCCGCCCCCGGGCCTTGGCTGCCAGTTGATCACTTTTAGAGAGGCAATGTGGTCACTGCTGAACCACCACCTGACATTCCTAGTGGGTGGGGGAAGAACCCTCTCCTGCCCCGCTTATGCTTGTCTAACTACCTGTA,"[[33400144, ""A"", [""C""]], [33400199, ""T"", [""C""]]]",yes,yes,A->C,2
chr8,115710646,115711105,CATGATCTCAGCCTTTCTGAACTGACTAAAAATAATATTAATAATCATAGGAATACATTTCCTTTCCATGCTACTTTATAGTGTGCATATATCCTGTAATTTGATCCTCACAACCACACAATGAGGCATTGAAGGCAGGTGCTATTTTCCCTGTTTTGCAAATGAGGAAGCTAAGACAATTACATGAGAGGTTAATTGATATTCAAGGTCACTCAGTTGGTAAGTGGCAGAGATATGACTCAAGTCGAAGTTGTCTAACCTGAATTTCTTTCCATTCTATCCAAGTGTTTCCTTAGGAATACTCAGCAGCAACAGTGAGAAGAAGAGAAAGATAAAAAGAAATGGGAAGAAAGACAGGAGAAATATTACAAGAGTGATGGGAATTAATTATGTTAATTTCGGAATATTCTAAGTTGTCTGTATGTTGGAGGGAAATTTTAGTTTAAGAGACTGTATTCTG,"[[115710730, ""A"", [""G""]]]",yes,no,A->G,1
chr1,241984342,241984622,CTAAATAAATACTGAGTCAAATGGAAGGAGCACATAACCAAGCCAAGATATTGCCTTGAACCTTGAAAAATGAGTGGAAAGAGCTCATCCCTAGAGGGAGCACACTCTAGGCAAAAGAGGAAGCACCGTGAGCAGCGACGTCAAAACGCTGGAGAAGCAGGCTGTGGGCCAGACTGAATGAGCCACTGAGTAGGGCCAGCTCGTGAAATGTTAGGATGTGGCATGCAAAGCCATTGCAACATCTTTGAGGGCCAAAGCAAGGGGCTGTTCCCAGAAAATAT,"[[241984421, ""G"", [""A""]], [241984468, ""T"", [""C""]], [241984477, ""T"", [""C""]]]",yes,yes,T->C,3
chr22,31041491,31041845,TCTGCAGGCTGTACAGCATGGCACCAACATCTGCTTAGCTTCTGGTGAGGTCTCAAGAACTTACAATGATGGCAGAAAGCAAAGTGAGAGCAGGCATGCCACATGGCAAGAGAGTGAGCAAAAGAGATGGGGGAGGAAGTGCCACACACTTTTAAGCAAGCAGATCTCACATGAACTCATCACCAAGGGGTTGGGACTAAGCCATGCCAAACAGCACCTCCCACCAGGCCCCACCTCCAACACTGGGGATTACACTTTTTTTTTTTTTTTTTGAGATGGAGTCTCGCTCCGTGGCTCAGGCTGCAGTGCAGTTGCTTGATCTTGGCTCACCGCAACCTCTGCCTCCCGTGTTCAA,"[[31041546, ""G"", [""A""]], [31041803, ""G"", [""T""]]]",yes,yes,G->T,2
chr7,145986575,145986959,GGATTCTCCCCTAGAGCCTCCAGGCAAAAAAGCCCAACTGCCATCTTGATTTTAGCCTTGTACCTGGAACAGAGAAACCAGATGAGGCTATTGGACTTCTGACCTAGAGACTTGTGAGATACGAAATTTTTGGTGGTTTTTAGTTTTGTTTTAAAACAGTAAGTTTGTGGTAAGTTGTGACAATAACAATAGAAAACTAATACAAAGTCAACATTACTAATTTTTCCTTTTGCCTCAGGCTCAAAGATGGTTTGGTACTATACTTTAAATCTGTCTTAACTGGGGGTTTAAATTTGAGATTTATTATGTATACATGGTATTTCAAACCAGGGCTATATATGACTACTAAGGAGTGAGTGAATGTAGAACAAAGAAAAGCTCTAAG,"[[145986670, ""T"", [""C""]]]",yes,no,T->C,1
chr3,47256797,47257123,AAGAAAAGTTCTTCTGCCTTGGGATCCTGTTGATCTGTGACCTTACCCCCAACCCTGTGCTCTCTGAAACATGTGCTGTGTCCACTCAGGGTTAAATGGATTAAGGGCGGTGCAAGATGTGCTTTGTTAAACAGATGCTTGAAGGCAGCATGCTCTTTAAGAGTCATCACCACTCCCTAATCTCAAGTACCCGGAGACACAAACACTGCGGAAGGCCAGAGGGTCCTCTGCCTAGGAAAACCAGAGACCTTTGTTCACTTGTTTATCTGCTCACCTTCCCTCCACTATGGTCCTATGACCCTGCCAAATCCCCCTCTGTGAGAAACA,"[[47256841, ""G"", [""A""]]]",yes,no,G->A,1
chr6,96946978,96947429,CTTAGTATTCATTGTGAAAAAAGCAGCTTGATTACTTTCTTGATTTAAAGCATTTGTAAATGTTAAAAGAAATTTATCTGGGAGGCCATTAGGCTGAGATGGCTCCAGCACCTTGGGTTCCTACCTAAGTAAATGAAACCAGTGTTAATAGTAAAATGAAACAAACATAACCAGCTGAAATCATCAACTAACCACTAACTGGGGACTTTCCACCAATCATATCCAAATAAGGCAAACACCTAACTGTAGCCAATCAAGTAATTTCTTAGTTTTGCTTCTGCATTCAACCTATGTAAGCCTGAAGCTCACGCTGCACAGCTGAGTTCTCTGAACCTCCTCTGGTTCCAAGTGATGCCCAATTCATGAATTGTTCATTGCTCAAATAAACTGTTATATTTAATTTGTCTAAAGTTTTTATTTTAACATAAATAAGACACAACCACATGTTAGGA,"[[96946985, ""G"", [""T""]], [96947077, ""C"", [""T""]], [96947268, ""G"", [""A""]]]",yes,yes,C->T,3
chr8,90748662,90748936,CTACTGACTGTTGGATGAGCTCCCTAGAGGAAGGGCAACAGCCAGCACTGCAGCTGCTAGCTACCTAAGACACTAAGCCCCCCAGTGGGGAGGGGCAGCAGCCATCACTATACCTCTAGGCCATGCTTTTCCCCTGCTGGAGCCAGGAAGGCTGGACAGTTTGGTCTCAAGGGGAATCATGGATCATCTTCCCTCAAGAGCACACTGGGTATGGCAGACTGTGGCCAGATTGCCTCTTCAGGCCAGACCCTGACCCTCCTTCCTCACTGGGTGAG,"[[90748670, ""C"", [""T""]], [90748671, ""C"", [""G""]]]",yes,yes,C->G,2
chr19,48165067,48165548,TGACCAACGTGGTGAAACCCCGTCTCTACTAAAAATACAAAAATTAGCCAGGCGTGGTGGCACGTGCCTATAATCCCAGCTACTCAGGAGGCTGAGGCAGGAGAATCACTTGAACTCATGAGGCGGAGGTTGCAGTGAGCCCAGATTGCGCCACTGTACTCCAGCCTGGGTGACAGAGCAAGACTCCAACTCAAAAAAAAAAAATCTCCAGACGCTGCCAGATGTTCCCTGGGGAGCAAAATTGCTGCTGACTGAGAACCACTGCGTTAGGGTTTCTGCTCCTTGCAACTAAAAACTGTTGTTCAATACACTGTCTTCCATATCCCACGGCTCATTTTCCATACTACTTGACTCCTGGAAATTCCAACTCAAAATCTAACGTAAGGGTTTTTGTTTGTTTGTTTGTTTTTTTAAGTACAGATTTAGAGAAAGAAACAGAGGACTTGGAGAAGGAAAGACTCAGGGGCAAGGGAGGGTGCTCA,"[[48165208, ""G"", [""C""]], [48165452, ""A"", [""G""]]]",yes,yes,G->C,2
chr6,98032681,98032894,GATGAAGCATGGAAGGATCATATTGTTAGGTTATCAACTCCGTAGGTACGGTGGTTGCATCTGTTCCATTCATTACTGTATTCCCAGTGCTTGAAATATTGTGGGCAATCAATAAATGTTAATTGAATGAATATGTAAATAAAAAAGAGTGGAAGTGTCTTTAGGGACAGCTTCTTTAAAAAGGTGAATTGTAAGTTAAGATCTAAAAGATGAG,N,no,no,N,0
chr12,67327396,67327877,TGCTCTCCTCCAATCTAATCTCAAAAGAGCAATCAGTGGTCCTATAAGAAAGTAAATCTCATTACACCATTCCATAGCTCAAAAGCCTCCACTGGCCTTCCATTTAACTCAGAAAATGCCACACACCTTATTACATACAGCCTACATGGCCCTTCATGATATAATAACCCTCGTTGCTTCTCTCACTGCATCTCTAGCTACTTTATCCCTTGTTCACTCCGCTAAAGCTACCCTAGCCTCCTTACTGTTGATTGATCATGCCAGGTGCATGACATTTACATTGGCTCTTCCTTCTGCCTGGAACACTGTCCCCAGAGTGCTGTGTCAATGCCAGATATCCACATGGCTCACTCCTTCTGCTTTTTCAAGTGTCTGCCTAAATGTCACCAATCCTGCCTTTCTCAATCTCTATTACCCTTTTGTTTCCATACAATAACATTTATCACCTTTAAATGTACAATATAACCTATGGATCATATGTT,"[[67327639, ""G"", [""A""]]]",yes,no,G->A,1
chr12,3113977,3114347,GTGTACTCACTTGTGTGATCCTCAGACCCTGACTGTCATCCTCAGTGGGCCATAAACCCCACGAGGACTTAATCATCCCTTCTCCTCTCCTGCATCTCTGACATCTAGCTCTGTGATCAGCCAGTTTCATCTGTCAAGGACCTGACTGTAAACATGTTAGGCTTTGCAGACCATATGGTCTCTGCTGCAGCTTCTCAACCCTGTCCTTGCAGCATAGAAGTGGCTGCAGACACTACGTAAATGAATGCAGCTGTGTTCCAAAAAATGTATTTACGGACATTGAAATTTAAATTTCATGTCATTTCCACACCATGAATATTCTGCTTTTGATTTTTTTTCAATCTTATAAAGTGTAGAAACCATTTCTAGCA,"[[3114318, ""C"", [""T""]], [3114329, ""A"", [""G""]]]",yes,yes,A->G,2
chr12,25594454,25594732,AGTGTAAGTAAGGATCTTATATGAAGGAAACATAGTCTTTTTCAGACAACCAAATGTTGACAGAATTCGCCACTACCAAGCTGAAACTACAAGAACTGACTTAAAAAAATCTCTAAATCTTGAAACAAATCCTGGGAACACATCCAAACAGCACATCTTTAAAGCATAAATCTCATAGGACCTATAAAACAGAAATACAAAAAAAAAAAACAAAAAAAAAAAACCCAAGGCATACAGGCAACAAATAGCATGGTGAATGGAATGGCACCTCACATCTCA,"[[25594629, ""C"", [""T""]], [25594664, ""A"", [""C""]]]",yes,yes,A->C,2
chr16,22267695,22268102,AACAGCATGTGCTTAGGCCCAGAGGTGAGAGACAAGGTGCACCCGTGTAGCTAGAGGTGCAGGAGCTGAGGCAGAGCTGGAGCTGAAGCAGCAGGGTGTGGACCTGCAGGGAAATTGCGTAGGAGCCTGCTGCTGCTTCTGTCCCTGGTCCGTGAGCAGAGGGAGGAAAGGATTGAATGGGATCTGGCAAGGCCCAGGCAAAGTGATCTTTTCCCAGGAGAAGTTGAGAAGCCCTTGGCGGGCACATCCTCCCATCTGTTCCCATCCTCCCCATCACGTGGGCCAACGTTGCGCATGGACAGGTGGCCTAGGCTCATTGTGGGTGCAGGACATCAGCTCTCCTTGACGGGTTGGTTTGGCTGTGGCCCAGTGGGTGAATGGATCTCAGACTCGAGGGTGGGAAGATAC,N,no,no,N,0
chr5,89816771,89817155,TACTATATAGGCTAGAATTGCTAAATACTTGCTTTACCATTATCTTGAAAAAGCTAAATCCTTAGAATTTGAGCTTCCCTTGCAGCTAGAGGTGGCCAGGTGATGCCGTTCTGGCCAATGAGATGTAATTAAAAGTCCCTTGGGATGGTGTATTTTAGAAAGCATTTCACTAATGAGAAAGAGTGACAGATCCTACCAGCACTACCTCTTCTCGTCACTACAATTGGAGTCTGAACTATCAATTTGCAATGGGGTGATGAGCCTAGTAGAGTGAAAAGACAGAAGCAGCAGAAGCTTATTTGGCAGAGTGGAAATGCAGCATGAGCTTTGTCCTCCTATTGCCATACTGCCTCTTGTTTACTATAATTAAATGCCATTATTGTTT,"[[89816830, ""G"", [""C""]]]",yes,no,G->C,1
chr3,63155959,63156378,ACTTGAGCTTTTCATGTTGGAAATTTTGAAGTCTGTGCCCACCATTTCTTGTTGTGAACCGGGGGTTATGTGAGGGTCTCAGAGTCTATTCTTCTATAGTGAAAAGATTTTACTTCTGTCAATGATGCCCATTCATTCTGTCCCCCACTGTTCTAACAGGAAGTAAATACAGTTGAGCATCCTATTTAGATCAAGAAGATAAAATCATCAAGTCTTTTCATAGCCTGGCACTGGAGGATATACAAAATGAGCACTCTCCCTGCCCTTATGTAACTGTCCACCTAGCTGAGATGAAAACATTACCCAACCAGGAAATCTTGAGTAGTCCAAAGTGGTCAGTTCAATTCCACAAAGAATGAATGGGTCACTGTGACCCATTCTGTGACAGTGCTCAACAGAAACACAATAAAATATTATATC,N,no,no,N,0
chr10,26983180,26983519,TGTTAAGGCCTCTGTATGCCATAGAACATCTTTAATATCTATTTGTGGTATAAAGATAGAAGCTGAGTAATCATACCATTGGAATACAGAATGTGTCCAATGAGACTGCAAATGAAAAAGGTCTGCTGGTTTGGCAGAGTCTGAATTACTCATCCTTGTGCCCAAGCATAACCTAGGGAACATTGTCCTAACCATCCTGGGGTTAACTGAGGCCATAAATTAGTGCTACATAGCCAGTATGTCCTATTTGGAGCTAGCTAATAAATACCATGTTGCTGTACCCAATTCGTGGTATGCTAGCCAGTGTCTTGTAGTAATAATATGGTCACAATGTTCTCCA,"[[26983193, ""A"", [""G""]]]",yes,no,A->G,1
chr1,19550366,19550817,TGCTTCAAAGGGCTATAAAGATTACAAGGCAAAGGCAAAATTAGAATTACTGATGAGGGTCTATGTCCCACTGTGCATGCATTGTCTTGATAAACATCTTAACAGGAAACAGGGTTCAAGAGCAGACAACCGGTCTGACTAGAATTTACCAGGCTGGAATTTCCCAATCCTGGTAAGCCTGAGGGTACTGCAGGAGACCAAGATCTATTTCAGTCCTTATCTCAACCGCATAAGACAGACACTCCCAGAGCGGCCGTCTATAGACCTACCCCCAGGAATGCATTCCTTCCCCAGGGTTATTCCTTGCGGGAAAAGAGTTCAGCAATATTTCTCCTACTTGCTTTCTGCAAGAAGAAAAATATGGCTCTATTCTGCCCTACCCCACAGGCAGTCAGACCTTATGGTTATCTTCCCTTGTTCCCTGAAAATCGCTGTTATTCTGTTCTTTTTCA,"[[19550388, ""C"", [""T""]]]",yes,no,C->T,1
chr7,118449929,118450168,TTTTAATACAGCTGTTTATTACATTTTATTCCCCAAATGTACTTTAGCCACATCATCAAAATTTTGAGTTCTTTTGCTTTCATTTTCATTCACCTGAAAACACTTTGATTTCCCTTTTGATTTCTTCTTTGACCCATGGGTTATTTTAAAACTTATACTTTTGTTTATAAATATTTGAAAAATGTATTAGTTTCCTAGAGTTGCCATAAAAATATACCACAAACTGGTCAGTTTAAAACC,"[[118450075, ""A"", [""T""]]]",yes,no,A->T,1
chr11,104183632,104183922,AAGAATGATTGATTTTCAGAGTTATTGCAACCACAGCCACCAGAGAAGACCACCCAAAGTTTGTGATGCAGAGCAAGTGACCAAACTCAGAACAAACCTGAAGTGAATGGGAAGTTACAATTCTGTATTCATCCATCACTCATCCTGTTAAGCTGTATCAGGAGAGTTGGTGCTCTGCTGCTGTTAATTTGTGGCATAAAACATTAATGTGCTGGGAAATATCAGATACAAAGGCACACCACTCTACATTATTCTAAATCATTCCCCTGTTTAGCAACCTTGTATGAGTTA,"[[104183768, ""G"", [""C""]]]",yes,no,G->C,1
chr14,98269569,98269863,TATTTCTTTTATAATCTGAAAAAGCTATAAAATATGAAATTATGAAAGATTGATGGACCTTAAATGTATTGTCATCATTTTCCTGGCTTTAAGTTGCAAGAACTTACACCATTCAGACATTTGTTGTATAGCCAAAGCACAAGTTTAGACAGAAAGCATCAGTCTGGCTCATACCATGTGCTTCCCTTGGCCCACAGAATGTTAGGGTACAGTAGTCTGGAAAATGTACATGAAGGTTGTTTTCTGCCTGTGGTGCTTTAGTGCATGGAGGTAACATGAGTGAAGTATTGAGTGT,"[[98269735, ""A"", [""G""]], [98269800, ""T"", [""G""]]]",yes,yes,A->G,2
chr3,161539122,161539323,TACAGTTTAGTAGCATTAAGTACATTCACATTATTGTGCAACCATAGCCATCATCCATCTTTAGACTTTTACATCTTGTGAAACTGAAACTCTGTATCCACTAAATAATAATTTCTCATTTCCCCCTCCCAACAGACTCTGGCAACCACCATTCTACTCTGTCTCCATGAATATCACTTCTCTAGGTACTTATCATTTTATG,"[[161539129, ""C"", [""T""]]]",yes,no,C->T,1
chr15,87669916,87670182,TGAAAACTCTTCAGGCTCTCTCACTTTATACGGTACTATTTCCACTTCTGCTTCTAGCAGGCGCTGTCTGGTTCCTAAGTCTCTCCATGTGGAGCTGAGCTACTATTTTTGGCCTTCCAAGCTGTTTTCGTTTTTCACCAGAATGCATGCTCCATTTGGGTAATGGTAACAGATGTGACAATGGGAACAAAACTCCTACCAGCCACATTCTAACCCAAACATCCCAGGAGCCACTTCCAGCACTCATCTCTTCACTTCCGCTCCGAG,"[[87669951, ""T"", [""C""]]]",yes,no,T->C,1
chr11,74049068,74049342,TTGGAAACTGTGATATAATTAATGTATTATACAATTCATCCTTTTAAAAAGCTCAATTCACTGGTTTTCAGTGTATTCAAAGTTGTGCAACCATCACTACTAACTAATTCCAGAACATTTTCATCACCCCAAAAGGTCAGGAGGTTGTTATGAGACACATATAGTATATAACGTATTCTATAAGCCGGAGAGTGCCAAACATGAGTAAAGGATGTTCTTATAGGTCAGTACAATTCGTATTGGTTAGGGATGTGAATCTCCATACATACCAGTGA,"[[74049078, ""C"", [""T""]]]",yes,no,C->T,1
chr2,30383101,30383365,TCTGCAGAGACTGTCATGGCCACTTCCTTTCCCAGCCTATTCCAGAAACATCTCTCCACATTTGTTCAGGGATGGCTGTTGCCATGGCTACTGGTGACAGATGCTTTTTGAATGTGGTATTTGAAGAGCTCTTCAATTTGGGATCTGACCTGGAACAGGTGGCTATTTTTAGCCACACACTGCTCAATATATCCTTTAGAAAAGTCAGTTCTTCGCTTTGTATTTAAATGTTGCCTTACTCCACACTCCCCCATTTGGTTGCCCA,"[[30383145, ""A"", [""G""]]]",yes,no,A->G,1
chr4,80154536,80154924,GGTGAGTAGTATGAGCCTCCTTAGATCTCTAAACTACCAGTAAATCTACAGATGCTTTCTTTTTAATAATAAAAATGCTAGATAAGTGCACTTTCACAAAGATTATAGCATATTATCCTCACAGTAATATCCCCAGGGAAGATATTATCCTCATCATACATATGGAAACAAGCTCAAAGAGGTTAAACGGCTTGTCTGATGACAAGTGGAACATAATGACCTCTAAGTACTCTCGCTGTTCTTTCCACTTTGTGTCTACTGCCCATCTATGAAACAGAAAGGAGGAGGTTATTTTCCATCAGCTATGTGCAGTTAGCAGAGAAAACAAAACAAACAAGGCTGACTTTTATTTCTTACATAATGATTATCTCAAAATTGTGATTTTTTTT,"[[80154547, ""C"", [""T""]]]",yes,no,C->T,1
chr4,120631483,120631756,AGAAGCCATCAGGCTGTTTTAATATTGGTTATCTACATACAGCTGCTTCTCTAGAGACCAACCTAGTTCTCTCAAGTTGTTACTCTGCTGGTGAAAGAGGACATGTCTCTCAGATCAGGCTCTTACATAGGGGAAATAATTGCCAACAGATGGTGATAATCTGTTACCAGTCTAATGGAGATCCCTGAGGATATGCTGGGAAATGAAGTTTTCACTGAAGAACACTTGCACAAAGCGAATAAACAGAATATCTGGTACAGCTGGGAAGGGAAGC,"[[120631521, ""C"", [""A""]], [120631671, ""A"", [""G""]]]",yes,yes,A->G,2
chr15,79248125,79248535,TACCTGAGAGGCATGGGCCCAGGTGGGGGCTTTGACCTGACATTGCTTTCTTTTCACCACCCATGTCCCCCACCTTAGATGTCCTTAGAAAAGAGTGGGGTTCCGTAATTTTTGCAGAGAATTTTCTTAACTCTGACTGGGTTCCCAGGCCCTGAAGTCACATGCGGATGTAGTTATTAACATCCTATGAAGGAGATGCTCTCTCTGGAAAAGTTATTTATTACAGAAAATTCAAAACATACCAAGAAGGGAGAGAAGAGTGCAAGGAATCCCATGCATTCATTACTCAAATTCCATTCAATCCCATCAAATCTGTCCCATTCTCTCCACCACATTTTTTGTTTGGTTTTGTTTCATTTCATTTCTAGATAATTTTAAAGCAATATCTGTCAGATTCTTTGGTCTCAAAAC,"[[79248232, ""T"", [""A""]]]",yes,no,T->A,1
chr2,148337338,148337787,CCTCTTGCATTCTTGTCTACTTTATGGTTTTTGTCATGTAAGCTTTATACAATGATGCTCTTAAAATAATAAGGCAGCTTTATATGTCCTGATATGATCAGTTGACAAAACATCTTACACGAAGAAAGCAAGGTATAGAACAGTATGCATAACCTGCTTCATTTGTGGAAATTTATGTGTAGCATGGCAATGCATTGAACATCTCTGGAAGGATGTATGAAAGTGGTAATGGGGGTTGCCTCTGGGGAATGAAGAGACAGATGGCTGAGGGACAAGACTGAGAGAGATTTTTTACTCCCTTTTTATATCTTTAAAATTCTATGTCATGTGAATAACCTATTAAAAAAAATAGATACCAGATAATTATAAAGCATTTGTAATTTGGCTTCTTCACTCTTGCTAATGTCCAGATCTCCTATTCTCAGACACAGATAAAAAGTAGCTTTATTG,"[[148337370, ""A"", [""G""]]]",yes,no,A->G,1
chr2,199216150,199216599,TGTGACAATAATTAACTATTGTTCCTTTTCTGAAATTGATCCTAACAATGGAGTATGTTACATATTTTTCTGTCCTTTCCGGAAGTAATCAGATTAAAATGAATTCATTAGTGTGAGCCCTAATCCAATATGACTGGGGTCCACACACAGAGGAACGACAACATATAGAGAGACAAGGAGAACCCATGTGAAGACGGCAGATGGAAGGGATGCACCTACAAGCCAAGGAAGGCCAGAGACTGCCGGCAAACTACCAGAAGCTAGAAAAGGAAAGTGAGAATTCCCCTATTGGTTTCAGAGGAAGTATGGCCCTGCTGAGGCCTTGATTTCAGACTTTCAACCTCCATAGTTGAGTAGATTCTCAACCAATGGCAGGATTTCCTGTTGTTTTTTTGTTGGGTTGTTGATTCCTGTTTAAAGAATCTGCCATAAAGTTGTACTGACAATTGA,"[[199216208, ""C"", [""T""]]]",yes,no,C->T,1
chr11,128821666,128821954,CAGCTTGCTGGGAGCTAATTACAAATGGTCCCTTAGCTTTGCTCAGTCAACTGGCCAAAAGGCAACGGAGAGGAAATTGGAGTTAAGACAACTGCAGTTGGTCCCTGGAGGGAGCCTATTCTACTGCCAGCATTCTGGCTAATCAGAATGGTTACAGATGGACAAGTATCCTTTATGCATGAGGGCCTGCTGGTTTTCCTGGGCGAGAATATGACAGAAAGTCGGGGGGCTGATGCTGGGTTTCCAGGAAATCAGCTTAATGATATTAATGGAAAAATATAGTTTAGCA,"[[128821817, ""A"", [""T""]]]",yes,no,A->T,1
chr12,95395764,95396121,TCCATCTTATATGTATTTACACTTCTCAAATTCCCCTATGCATGTATCATCCAACCTCTAACAGTATTGGAGGTGGAAAAAGGCAGTGAAGTAGACAGAGAATAATTTAGATTCAATTGTTTCCCTTCTGGTTGATTGCCAAAAATGACTGCAATATTTTAGTGCTTTCTGAAGAAAAGCAGGAGTCTATTTCTCCACTTCCCGAATCTAGGTTTGGCCATGTGACTTGCTTTAACTGATGGGGCATTAGCAAACGTGATGCTAGAGAAGTCTTGAAAAATGCTCATGCATTGGGCTTCTTCTTCTCTCTTGCTGCTTTTGGAACCCAGGCACCATGTGAAAAAGCCTGAGCTAGCCT,"[[95396019, ""A"", [""G""]]]",yes,no,A->G,1
chr16,11730781,11731035,CCAAAAAATAAAAATAAAAATAAAAATAATAAAAATAATACACCATGCATTAAGCCTGTAATGTATAACTAAAATCATCACCACCACAAAATGAAAGTGTCTTGCTTTGGGATCCAACCAAGTCACAGATCAGTAGCCTGCTTTGCTCAGGAGGTGACCAGAGAATTAAGAACAAGCATTTTGGGTGAGGAGAGGCACAAGCAGCCCCTACCCTTCTATGATCTTGAATTCAACTGCAAACTGAATTGCCAAACA,N,no,no,N,0
chr2,150690920,150691282,CTTGGCTTCCCAGTTTGGAGGAATTTACACATCTCTAAACATGCTTTAAAGTCAAAACCATGGCTCTTTTTCCCTGGTGACTTCAACCTGTGCAGATTTTGTTACCATCTTAATCCAACAGCAATTACTGTTAGTTCCATTTCTTCAGCTGGTTAGTCATAGATTGTTTTGTACTATTGCTTCACACTTCACATGTATGACTTGAGTTTTCCTGAGTTTGCAGCTCCTTGAGGGTCAACTCTTTTGACTTATATTCTTTTGTACCACTTTCTCACTAAACGCAGTTCTAATTTTACAGCATGTACTTAATAAATATTTATTAATGTTAATCTTCTGTGGTGGCCAAAAAAGAAATGCTAAATC,"[[150690938, ""G"", [""A""]]]",yes,no,G->A,1
chr16,59096759,59097039,TCTCGTGCCTGGCTCAGAAGGTCCTACGCCCATAGAGCCTTGCTCATTGCTAGCACAGCAGTCTGAGATCAAACTGCAAGGAGGCAGTGAGGCTGGAGGAGGGGCGCCCGCCATTGCCGAGGCTTGAGTAGGTAAACAAAGCAGCTGGAAGCTCGAACTGGGTGGAGCCCACTGCAGCTCAAGGAGGCCTGCCTGCCTCTGTGGACTCCACCTCTTGGGGCAGGGCATAGCTAAACAGAAGGCAGCAGAAACCTCTGCAGACTTAAATGTCCCTGTCTGAC,"[[59096764, ""C"", [""T""]]]",yes,no,C->T,1
chr4,163398287,163398659,ATCAAGGCTTCAGCTTGAAGCTATTTTCATGCTCCTGCATGACTGTATAAAGTGGAGATTGCCTGTATGGTATATATTGTATCCCACTATCTTCACAAAATCTATAATGCATGCAGGAGTTAGTCCAAGAATGGTTTAATTACTGGCAACCAAACTCAGAACTCATTTTCCTCTTCAATGACTAAGCACCAATTATGCTTCTCAGTCCTTCTGCAAAGACAGGCAACTGCACCATTTTGGTAGGCATGACAAAATATGCCTGAACCATAGAAATAAATATAGTTTAATTGATTTTCCAAGCGATTCCTCAGCTCCTGTGTACATATAATTCTTAAAGAAACAATCTCAGCAGCTCTCTCAACATTTCCAGTCA,"[[163398365, ""A"", [""G""]], [163398588, ""A"", [""G""]]]",yes,yes,A->G,2
chr2,212512051,212512307,TCACTATTGAACTGGCATGAGAAATGAAATGACGATAATAGGCTTAGAACAATAATGATTCTCTCCCCAGGGATGGGGGACAATTGAATTAAAGTTTATTCTGCCAGCAAGGAAGAGGTAAAGGAAGTAATCATTGAAATACCCTCTAATAGTTTCTACACTACACCTTTGGAGTCAGGGGAAAGTTGACTTAAATCCTGACTTCATACCTTTAGAACTCTTTATATAAGTACTTAACCTCTCTTTATATTGGGAGA,"[[212512057, ""C"", [""T""]]]",yes,no,C->T,1
chr17,31748912,31749194,TGCCTTTTACTGAAAAAATCTGCCAGTCCTGGACTGCTTCTAATCTAAAGCAGGGTCAGGAAACTACGGCCCCAAATCTAACCAGCCACCCGTTTTTGTGAATGAAGTTTTATTGGAACTCACCACATGCGTTTGTTTACAGAGTTTAGAGCTGTTTTTGTGCTTCCATGTCAGAGTTGAGAAGTGTGACAGAGACTGTGTGGCCCACTAAACAGAAATATTCCTTATCTGGCTCTTTACAAAACATTTCCCAACCCCTGGTCTAATAAATAATCAGAAAGAA,"[[31749066, ""C"", [""T""]], [31749082, ""G"", [""T""]]]",yes,yes,G->T,2
chr12,4009965,4010167,GTACAGAAAAAACTCTGGCTGAGAGACGGGAACCCTAGATCAGATCCCTGCTCTGCCACTAACTCACTGGTTGCCTTCAGGCAGGTAATTTCAACACTTTGTGCTTCAATGTCCTCATCAATAATTGAGTGAATAAGACTAGATCAATATTTCCCAAGACATGTTCCAAAGGACGGTTGCTAAGGAGGTTGATGGTTGTTGTA,N,no,no,N,0
chr11,13947410,13947738,GCCTTCTGTAGTCCCTGATAATACCCTATGCATACATACCAATTTCATTGCATACATCCCATCATATTGGATTGTCTATTGATTTATCTGGGATGACTGAGTGCAGACATAAACTAACTCTGAGATGACTCAAAAGCTGAAAGATGCAGGGAAGCCACAAGGAGACCACTTCTGGAACAGCATTGCAGGCTGAGGGCCTGAGAGCTTTCTATTTCCTTTCCCAGGTCCTGTAAGTTTTTGCTATAGCTTTACAGAAAGGACTCATTTGCTTGAACCAGCCCTAAGGATATCTTCATTTCATGGGTCAGTAAACTGTGGCCTGAGGGTCA,"[[13947431, ""C"", [""T""]]]",yes,no,C->T,1
chr4,44886432,44886700,TGTGTTGAGGCCTGCCTTGTGCATTCCAGGAAGTTTTGCAGTATCCCTGACCTCCACATTCATTAGATGCTAGTAGCACCCCCATCCCCTAGGGATGAATACAAATATCTTTAGACATTGTGAAATGTCCCTTGGGGGACAAAATTGCCCCAGGTTGAGAAACACTGGAACAAACTATATAACTATTTCTTTATATATGTTTTTACTGTTTAATCATATTTTGGGGAAATATGTTATGTTTTTTAAAAAATTATAACATCAATGCCTAA,N,no,no,N,0
chr15,39479071,39479276,AAAAACTTATAATAAGACTCTATAATGAGAAAGTTCACTGTGTATTTTTTATCATTTCTGCTACTATACATAGTCATATAAATATTTGTTCTTAGGAGCTTTCTAAAACACAGCCTTAACTTTCAGTTTTGGTTTCCACTCCCAGGTATAGTTCTTGGCTGTGCTGAGGATCTGTAAGGCACCAGATGTGAAAGTAAGGAAGAAAG,N,no,no,N,0
chr4,166160735,166160980,TCACGTCCCTCTGCAGTTGATCTCCTCCTCTGTTCAACATCTGGCAAACATTGATTTGTTTTGCACCCATATGGTTTTGCCTTTTGCAGAAGGAATGAAATCACACAGTAGCTTTTTGAGCATAGCTTCTTTCACTCAGCATAATGCCTTTGAGATTGATATACTACATATTGTTGCATTTATTAATAGTTCATTGCTTTCTATTGCTAAGCAGTCTTCCATCTTTTATCCATTCATCTGTTGGTG,"[[166160745, ""T"", [""C""]], [166160896, ""G"", [""T""]]]",yes,yes,G->T,2
chr8,117045572,117045969,TGTTAGGTTTGGAAATACTGAACAGAGGCCACGGGCTCCCACTCCCATATTTGAAGAAGCAACTTGGAGTCTGTGACCTAGGTGGGCTGACTCCAGGTGACTGCAGGGTAAAAGCCTGACATATACTCTGCTCGCAGCAGCAGTCCTTTCAAAGTGTGGCCAGTGCAGAGCTGTGAGGCTAGTAAACATCCATGTGACAAGCCATCTGTTTGTTTAACATTTGGACACTAACGTGAATCTGAACTTACCGACCTCTTCAGACCAGCCGATGGCTCCGCGGATCTCTGGCATGGTCTCTTTCTGCCTCTGGTTCTTTACCCTTTTTCAAGGAGAGCCTGGGCAGACTGTTTTTTTTTTTTCCCCTTCTTTTTTCTTTCTTTTTTTTTTTAAAGCTGACA,"[[117045643, ""C"", [""T""]], [117045726, ""C"", [""T""]], [117045845, ""C"", [""T""]], [117045930, ""C"", [""T""]], [117045963, ""A"", [""G""]]]",yes,yes,C->T,5
chr3,102329094,102329446,TACTCATACACAGACCACAAATTTGGTGGAAATAATACTGGTGATCAAATAGCAACACCATTGCATAAGTGCCTTCTTATCCTACCATGCACATAACTGTTTTAAAGCCAGTCAGTAACTTCACTGGCTTCTTCAGGCAAATGTGGTTTTAATTAATTAAAATCTCTTGGGAGGTCATCAGCTAGAAGGAATGTCAACGCAGGAAAATGGCACATTTTTAAACTGCAGTTTTTATCATTGCCATTATCTCATGGCCAATCCACTCATCTGAATTTTCTAACAAATGCATTGGGTTGAATGGAGCAAAACAAACTTTATTGGCAACACTTTGAAACTCACTTTTAGAAGCTTTG,"[[102329190, ""T"", [""C""]], [102329411, ""C"", [""T""]]]",yes,yes,T->C,2
chr4,86640483,86640883,ATAAGTAGGTGTCACTTTTGCCCTTAAGGGATTTATTCAGATAAAAGACACAACTGCAAATTTACCACTTCAAAACAAAGTGCCAAATAAGTGACATAGACGATAAGTACTACAGATGTTCAGAGGAGGGAGAGAGAATACCTCTTTTTATTATACTAATGGCAGGATTACTGCCCAGGCCATGACTCACAGTATATAAAGCATCTTGCATACTGTAAGTACCTAAGGGTTTTTCCTTGTTTCACATTTCATAATGTTAATAGAGATCAAATGAATATAAAGGTGTTGTCACTGAGAGGCAATTATTGCATAACATATTGGCACATTATAATTAAAAGACTTACCAGATGTATTATAAAATTAATTGTGAGGTAGCTGTGTCTTAAATACCGTCCAGTAGG,"[[86640517, ""G"", [""A""]], [86640873, ""T"", [""C""]]]",yes,yes,G->A,2
chr5,134919736,134920176,ATTGAAAGGAGACCTTAAATAATAACTTAAAAGTATTTTGGTCTTGCTCATTTCTGTTCTGTTTCTGTTTCTCGTTAGTATGCCTGCCCACCGCTTCAGTACTGCCATTATCAATAGCTTTCGGGTTTGCACTGCAGTTTTGTCCATAGTTGTGGTGCTTTAGGGCCATGACACAGAACTTGCATTTAGATGTGTCAGAATACAAATATTGGGTGCCTGATGGAGCAGCTGTAGTGGCTGAGCAGTGCTGCACTCACATTCCTGTGGCTGGGTAGCGGCCAGTTGCTTTCTGCCCTCAGGAGGGATTCGGTCCAGCGGTGTGGGCAGGTGGCTGAGGTTCTTCTTCCTGGCTTTGAGCTCTCCATGTTTTGCTCTTTTTCTTACATCCTTTTAAACAAAACAAAGCAGTAATATTCTCTCCCCTGTGTTGCAGAGAATTAC,"[[134919806, ""T"", [""C""]]]",yes,no,T->C,1
chr3,20866072,20866437,GGAGTAATCGTTTAGAAACTTTTGTAGCAATTTGTTAATGTTGAGTCTAAGAATGAAATAAAAATAGGTTTGCAGTTTTATGACCTTATTCTTTTTTTTTTTTTAATTGATCATTCTTGGGTGTTTCTGGCAGAGGGGGATTTGGCAGGGTCATAGGACAATAGTGGAGGGAAGGTCAGCAGATAAACAAGTGAACAAAGGTCTCTGGTTTTCCTAGGCAGAGGACTCTGCGGCCTTCTGCAGTGTTTGTGTCCCTGGGTACTTGAGATTAGGGAGTGGTGATGACTCTTAACGAGCATGCTGCCTTCAAGCATCTGTTTAACAAAGCACATCTTGCACCGCCCTTAATCCATTTAACCCTGAGTG,"[[20866081, ""C"", [""G""]], [20866177, ""G"", [""A""]]]",yes,yes,G->A,2
chr9,9914200,9914483,CAGCTATGTTCCTGCATTCAGGGTCTGAGAAACAGCCCCACAGCAACCCCTGCTACTCCAGGCATGTCTCTGGCTTGCTTAACAGCCCTGTGCCTGCAGTCAGCGTTTGAGAAACAGTCCCAAAGGCTTCCCCTAGTGGGCACACCCATGGGCCAGGAAAACAGCAAAGAGTATATGTCTTGGGCCTTGAGCTTCAGGTGTCCACCCCTAGTGGACATGCTGAGTAGCCGTGTAGCCACGTCAGGGGCCTAAGAAATAACCCTGTGCCTGCACTTAGCAGACAC,"[[9914261, ""A"", [""G""]]]",yes,no,A->G,1
chr3,5643508,5643911,ACCTACATTAGTTAAGATAAGGAAACCTATTAACAATCTTAGGGTGCTAAGCGAGAGTCAGGTCACAGCCATTATGTATTGGGTCAGAGTGGTCAGGTTATCAAGACTGATGGCCTGCAGTCATGACTGTCTTTCCAGGTCCCTCAGGAAGAAATTTAGAACAAAGAACAGCAGTTCATTCAGGCTTCAGTTTCCTTTTGTCTGAGGTCTATGTGACATCAGTCAGCAGTTTCCATCTGGTCAGGGTCTCGGTTTCTAAAAAACAAATTAACTCAAGATGGATTAAAGACTTAAATGTAGAACCCAAAACTATAAAAACACTACAAGAAAATCTAGGCAATACCATTCAAGACATAGGCATGGGCAAAGATTTCATGATGAAAATGTCAAACGCAATTGCAACA,"[[5643548, ""G"", [""A""]], [5643685, ""G"", [""A""]]]",yes,yes,G->A,2
chr5,54733115,54733466,TCCTTTATAATACTCTAATTCTGTCCAAATTGTTAGATCTTTCCCACTCAGGCTATTGGGAATTGGCACTTTTCTCAGGCTTTGTGAAGTCTAAGGACTGCTGTCTTTAGTCCTTTCAGATGGGTCTTTCCCTGGCCTTGGGTAGTTTCCTCACACACATGCATTCAATTGAATACTCTAGGAGGACTCTTTTCACATCGCTGGAGTTGGGTCTCTGGGGAGCTCTCTTCTTTCCAGTATTCTGCCTTGTAAATTCTAGCCACTTTGGCTTCCTGGATTCTGAGCTATGTCTCCTAAACTCAGTGAGACAACTGGGCTCTTCCTGGGTTCTCTCTCCCTGCGCTGCAACCTG,"[[54733169, ""G"", [""A""]]]",yes,no,G->A,1
chr6,37327645,37328008,AGCTAAAGGCAGAGTTTTTAAAAGCAGAGCATCTGCTGGCTTGAGTGAATATCAATAACTGGTTGAATAACTGGTCTGGTTGAGTGAATTTCCATAATCATGTGACTGGAGGGGTTTGCCTGGAGGGTTGGAGAGAGCAGATGCCAGCAACCATGGAGGGGAGAGTGGGGACCTTGGGATGTGCACTCCTCCGGGGGTTCACCACCATCGTGACGGCTTTGAGTTCTGTTCTTGGGCTTGGGGATCAAAGGGAAGACTTTGCATTAGCAAAGTTTGTTTTTTTTTTAAATGAGAATATTTAGTGCTGGTAGAGATCTAGGGAAATGGGCATTTTTCTGGAATATATTTTCTGGTTGAATGTTAA,"[[37327738, ""G"", [""A""]], [37327854, ""A"", [""G""]]]",yes,yes,G->A,2
chr13,92804925,92805283,TTTCTCATCCATATGAAGCAGCTCCTCATCTGCTCAAGTTTTATCATGAGATTACAGCAATTTAGCTACATCTTCAGATTCTACTTCTAACTCTACTTCTCTTATTTTGACCACATCTGTGGTTACTTTCTCCACTGAAATTCTGAACCCTTGAAAGTCATCCATGAAGGTTGGAATCAACTTCTTCCAAATTCCTGTCAAAGCTGACATTTTGACCTTTATCCATGAATCACAAACGTTATTAATAGCATTTAGAATGTTAAGTCCTTTCCAGAAGATTTTCTATTTACTTTTCCAGATCCATTAGAGCAATCACTATCTATGGCAGCTACAGCCTTACAAAATATATTTCTTAAGTA,"[[92804955, ""C"", [""T""]], [92805128, ""T"", [""C""]]]",yes,yes,T->C,2
chr3,127273177,127273571,AGTAAAACCTTGATATAATGTATGCATATGTGCATCACAGTACAAACGTATAGAGTACTTAGCACCCACAACAAGGGGGCACAGTCTCATTCCAAACACTTCACTTCATGGTCTCATTTAATTAATAGCACTTGCTGGGGAAATGATGTTATTATTGCCATTTTAAAGTTAGTGATGTGGTGGACTAAGCATGAGAGGGGAATTCCAGAAAGAACAAGAATGGACAAGGATCATTAGATGAGTTGCTCAATATCACTGCTCATCAGGGAAATGCAAAATCATATATAAATTTAGAAGTATAGCTGTACCAAGCATTGACAAAGGACAGGGGATGTGTAAACTGCTGCTGGCTGGGGGCCAGTGGGCATGGCCCGCCTGGAAGGGCAGTTGGGAGG,"[[127273261, ""A"", [""T""]]]",yes,no,A->T,1
chr3,27426978,27427301,TCAGCATTTTCTTTAAATTTTTCTTTGAATTTCAAATTTTAAACTTTTCATTAAAAATTTGAAAGTGAGGTAGTTACAGCAATGGTGCCCAACTAGGAAAGATTATGACCCCCAAGGGACTTGTGACAATGTCTGGAGACATATTTGGTTGTCACAACTCGGGGGTGCTGCAGGCAGCTAGCCAAGGATATTGCTAAACATCCTATAAAGCACAGGACTACTCCCCTGCCACCCAATCACCCAGCCAAGAATCATCCAGCCTAAAATGTCAATAGTGCCAAGATTGAGAACCACTGAGTTAGAAAAAGGTATTTACAAGTACTA,"[[27427004, ""A"", [""G""]]]",yes,no,A->G,1
chr11,23508995,23509444,GCTCCAAACCCTTTTAAAATTACATGCTGAAAATCACAAAGTGATCTATCATCAGAATTCTTTAGGTTATCTATAGGTCAATGACTTAAGAATGTTTCTCTTATATTTGTTAAAAGAATGCCAGGACTTCTTGGCCAAAGTCCTGAAATGACTGCTCCTGTTCTTACAACTTCTGAAACAGTCATATAAGACTCATGTCTCCTTGACTTCAAATCTTACCAATCTCCACTCACTCACTAAGGTTTAGTCACAGTAAACTTCTTGTGGTTTGCTCCTTAAACACATTACATGATTCTGCCACCTTAATCACTTTCACACTCACTTCTCTATGAGTACCCTCTCCATGACTAATGACTATACTTCTTATTGTTGTAAGCAGCCTCTCAACCTTGAAATTCTCAACCTTTATTCTGATCTTCCTTTTTAAAATCTTTATTATTTACTTACTTG,"[[23509044, ""G"", [""C""]]]",yes,no,G->C,1
chr3,64400653,64401061,TTCTTCAATAGTCAAAAATGTTGATAAAGCTATCTTCATGTTGGAGAAAAGAAAAGATCCCATCCAATCCGAGTGTTTGCATTTGAACATGTTTGAGCATTTGGAATCAGCAGAGCAGAAGGTTTTGAGAAGGGGCAGAAACAGCACCTGTTGTCTTACCTTCCTGCTCCTGGAGAAGACAGTGCACCATGCAGGGCAGCACTCCCGTACAGGATATCTTAACTTGGGCTTTGTGGTTTAACTTAAGAGACTCCCTGAAAACTGAAAGCTAAATTAGGTGTAGACTACACTTGTTTGAGCATGTGCAGAACTTCCAACAGGTTCACAAAAGGGCCTATGAACTCAAAAATGGAAAGGCGCTGATATAAAAGGATGAATTCCAAAATACATGTTATTGGAACCTGTAGTA,"[[64400882, ""C"", [""T""]], [64400988, ""C"", [""T""]]]",yes,yes,C->T,2
chr10,12668669,12669011,TCTAGAGATGGTCTTTAATTTTATGAGATAAAGTTCAAGTCGATTTAGAATTTGCCTTTCTAAGCAACTTGGGGTTGTATACTACCAACAAAAGTTATCGCAAATATGGGTTGACATAAAAACATAAAAATGTCTGGAACAAAACCAACCTCAGAACAAAGCCTGGAAGTCATATGAGGACACTGCTATCCCTGCCCTTCCCTGAGCTTTTTCTGTCAAGGAATTCCTCTTTCTTTTGTGTTAAGAAAAAAAAAACAAAAAACAAAAAACAAAACCTCATTGGCCCGGCATGGTGGCTCACGCCTGCAATCCCAGCACTTTGGGAGTTCGAGGCTGGCAGATC,"[[12668673, ""C"", [""G""]]]",yes,no,C->G,1
chr5,171149422,171149757,TACCGTATTTCACTTACTGTATCAGCCTCCTTCTAAATTATATCATAATCTCCCTTAAGTCCCTAGATTAGTTTGTTCAGAGGCAAAACAAAAGTGAAAGATTTTGTGAGAAATGCATAGTTTCATTACACATCTGGTAAAGACACGCTATGATTGCTTTCTTACAGTGTCCAGAAGCTAATTTATGGTACTTTCTTTGTTTATTGTACTTGAGCAATATAGAGTATACTCTGCAGACATGGTTTACACTTTGAATTAGTTTGCATCTATCTATATTAATGTGTTTTGTAAGCCAGGCCTTAATATCTCTTTATTGTGCTCTTTTGAAAATAATTC,N,no,no,N,0
chr5,126178469,126178938,TGAGTTTGAGTGACTTTTTATAATCTGATTACTCAAATCAACCCAGAAATCTAAACTGTTGAATATGAGAGAAATGCTGGTTCAAACAAGATTAAGAAAAAAAAAATATTGATTCACTTAATTGAGAAGGCCAGAAAGAATGCTAGCTCCATACAGGATTGGATTCAGAGGCCCAATGATGTCATCAGAAATTGGTTTCTCTCCAGCTCTTGGCTCTGTTTTCCACTGAGTTGGCCTCTTTCTCTGGCTTCACATCATGGCCCCTGACAGCTCCAGGATCATAATCTCTTATGATTAGCTCCAACTGGACTATCTTGGCTGCCACATATAACCCTGAATCACTGTGGCCAAGGAGATAGACTCTAGTCTGATTAGCCAGACCTGAGGCCCATTCTTAGCCCTGACTGAATTGTGGCTTTCACCCCCAGTGTAAAATTTCTGTTATTTTCAGGTGAGTGCATTTCAACTAA,"[[126178494, ""C"", [""T""]]]",yes,no,C->T,1
chr4,186772933,186773366,CCAATCTATGTAAATAGCTTTTTGAAATGTGTAACCTCATTCCTATCAACTTTCCAAGACATGTTATGGGCCGTGAATATAAGTAATAATCATTAGGATCACAATTTAAGCACATTGGCGAATAGTGCTATCATGTTCTTTACTGTGCCGTTTACCTAAGACATGACTCAGGGTCCAGGAACAATAAGTGAACAATGCGAAGCCCAGAAACGTGACGTCAATGAAGTAAAAATAAGTTAGAAGACGTACACAGAGAGACCACCAAGTCTGTATACATAAAAGGATGCAGTGAGAATAGACAAGATGTCACATCACAGGGCATGTCCTTTGTGAGAAAAAGCTGAAAAACGCAGAACAACCATGTTTGACAGAACTTGCATATATTCACATCACACATGACGTTGTGATTATTTTCTTCTGACAGAAATAAGTTA,N,no,no,N,0
chr2,178949682,178950165,GAGGAGAATGGATGTGTGGGTCAGGCCTGTCAGGAGGAGTCTCTGAGAGCAAGAAGCCAGCTGTGGGCAGTGGTGACAGCAAGAGCAGGCTGAGAATTTCAGTTCCCAAATGACATGTGCCAAAGACAGGACTGAAAGATGGATCATGCAAGCGGTAGAAAATGCTCTCTGATGGCCAAGGATAAACAACTCAGGCGGCAAGAAGGTGAACTTCTGCTGCAGCCCAAAGCAACACATCAGAATGCCATAAGCCACTGCAGTTTATTTTTCTGCAATTTGTTCTACAATATGAAATCAGATCTCTTTTATCTTTATTTAAAATATGCTGGAGGAGGTGAGCTAGCAATAAGCAATTCAAACGACCTTAACAGAAATGCTTAAGGGGAGATGAAAATCTCATCAAATTACTTTCATTTTCTTTTCCATGTGCAGAACTTGCTGAATAACCAGGTTCTATTAAGTACAAAAAACTGATAAAGGAAAA,"[[178949824, ""G"", [""A""]]]",yes,no,G->A,1
chr12,4938963,4939301,TCCTTGTGGTCCTCAGCAGCTCTCAATTGCTGCATCTTTGCAGCTCTGAGCTCTTGCCACACTGAGTTTCTCACACTTGCCGAGACACCGCCTCTGGCATCACGCAGGCCCTCTCATGCCACATGCCTTTGCCTCCACGCCCATCTCTTCCTAGACAATTCTTAGCTCTCCTTGAAGACACTGCTCACATGTCACTTCCTTGATGGAAGCTTTTTGACTCACACAGGCAGACTGAGTTGCTTCACATATTTGTCCAGTAACACTTTCATGTTGTCAGGTAATTTGTCTGTTTACAAGCCTGTCTCTTCTAAATCATGAGCTATTTTTATATAGATTCAC,"[[4939025, ""C"", [""T""]]]",yes,no,C->T,1
chr1,155923148,155923563,TGAGCCGAGATCCCGCCACTGCACTCCAGCCTGGGCGACAGAAAAAAAAAAAAAAGACAGTCCTAAGGTTTAACTTTTGGTTGTTTATAGAATAAAAAGAATGCATAATCAAATGAGCAATCATCCCCCAAACATGTCTAACTGGTTTTAAATTATTATAGTTCTACCCTTACTTCAGACTGGAGTTATGCTAATACAAGCCAAAGAAAACCAACACAATGACCAGGTGCTAGGAGAGAGGAAAGGCATGGGATGATTTCTCTCTCAAAGACTCCAGAAGGAACCAATTCTGCCAGCACCTTGATTTCAGACTCTGCTTCCTGGACTGTGATAGAATAAATTTGTGTTATTTTAAGCCACCCAACTGCCATAACTTGTTATAGCAGTACTAGGAAACTAAACAGGTGAAAGAAACA,N,no,no,N,0
chr9,8229240,8229508,TAACACTAACAATAGCTGATGAGCTTAAAAAAAAAGAAATTACACACAAAATTCTCATAATGTTTTAAGAAAGCTTATAAACATATGTTGGGCCACATTCAAAGCTGTCCTGGGCTACATGAGGTCCTTGGGCCATAGGTTGGACAAGCTTGTTCTAATCAAAAACATATTTGTGTGATGAACGACCAACACTTAATTAAAGCCAGCGTCCAAGATGTGGTGAAAATTCAGGAATTTAAACGTTAGGACAATAAAAGTTCCTAGCAAAG,"[[8229283, ""G"", [""A""]]]",yes,no,G->A,1
chr4,1105098,1105460,AGACTTATCTCTTACCACTTGGAACTCAAAAGCAACTGGCATGTCCATGACTGTGGGGCATCCTCGTCCTTCACCTCCTTACTGTGGCTACTCCTTTCCACGTGTGTGTGTAAAAACCGGCCCGGTCTAGCTTACACTCTCCCTCCTCAAGGAGGCAGATGCAGGGGGAGCACAGCTGCTGCTCTGCTCCGCGCTCACCGGAGTCTCCCTTCCTGGCGGCCCAGCCACCCACCACATCCCCAGGCACTGGCTTCAGTCTGCTCTGCTCCCTGGCCATCCACCACCCAACCAATACGGTGGTGCCCTATTTTGTGCATTCAATCGTAATGGAGCATTATAATGACAAACAAATCAATATATAAA,"[[1105138, ""G"", [""A""]], [1105407, ""C"", [""T""]], [1105413, ""G"", [""A""]]]",yes,yes,C->T,3
chr4,15101077,15101292,ACAATTCTCCTAATTCTAAGTCAGAGCATCAGTGTCTACTAATGAAATAGAAACACTCTCTTTCCATGGGGTGATGTGAGTAGTCATTATTGGAATGCACTCAAATTTTTTGGAAGGAACGTGTTTCCTAACTGAGGGCACCACCAACAGTGTTATATCACTCAACAGGAAGCCCCACCATGCAGTAGTAGAGGAATAGAGGTTTTGGAGCAGAGC,"[[15101221, ""G"", [""C""]]]",yes,no,G->C,1
chr17,81069133,81069414,CATCAACTTTTGGTAGCTCCGAATGGTGGGTCCACGGGCATTTGTGACGGTCTCCTAGGTACAGTTTATACATTGGAAGCATTTTTGTAATTGTTACCAGCAGTCACATGCAGGCGGTCACATCACTGCAGGGCCAACTGGACTGTGTCCCGGGCAGAGACTGAACACGTGCACACACCCAGCCAGAGCACGCACGCGGGCACAGATAGTCCTGGATCCAAGTACCGAGGGGCGGCGCTCATGCCATCTCCATGGAGTGCTGGAGGGGTGACAGGGAGAGTG,"[[81069142, ""C"", [""T""]], [81069175, ""C"", [""T""]]]",yes,yes,C->T,2
chr16,12755003,12755278,GTTGTACAAAAAATGTGTAGCTAGTAGAAAAAGGTAAGTCAGATTCACTGGAAAACATCTGCTCCCAGGAAGCTGCAGGCAAATGTGGCTTATTCAAGACTAAGGTGAACAGTTTCCTCCTGGACATAAAGTGGCAAAAATGGGGTCAAATCATCTCTGATGGGTCCCTTCTGGCATTGGAATTGCATCATTTTTATGACGAGCATACCAGTGATGCTCATGTATTAATCACTGACATTCTCTCAGGGTAACCTTCTCACAAGCATACAGTATGCA,"[[12755027, ""C"", [""T""]]]",yes,no,C->T,1
chr4,71028532,71028805,GAGCAGTAAATAACTCCTAAAATGACCTTTTAGGTCATTCATCTTTTACTACTGAAGTATTTAACAATATTTCTTTTTTTTCTCGAGACAGTCTTGCTCCGTCGCCCAGGCTGGAGTGCAATGGCACAATCTTGGCTCACTGCCATCTCCACCTCCCAGGTTCAACCAGTTCTGCCTCAGCCTCCTAAGTAGGTGGGATTACAAGTGCACGCCTCCATGCCTAGCTAATTTTTTTTTTTTTTTGAGACGGAGTTTTGCTCTTGTTGCCCAGGCT,"[[71028537, ""A"", [""G""]]]",yes,no,A->G,1
chr2,169817168,169817409,CAGACATATGAAAAAATGCTCATCATCACTGGTCATTAGAGAAATGCAAATCAAAACCACAATGAGATACCATCTCATACCAGTTAGAATGGCAATCATTAAAAAGTCAGGAAACAACAGATGCTGGAGAGGATGTGGAGAAATAGGAATGCTTTTACACTGTTAGGAGTGTAAATTAGTTCAACCATTGTGGAAGACAGTGTGGAGATTCTTCAACGATCTAGAACTAGAAATACCATTTG,"[[169817196, ""G"", [""C""]], [169817204, ""C"", [""T""]]]",yes,yes,G->C,2
chr9,130441013,130441300,TGGTCTCAGAGTCCTGTCCTCAGCAATCTGCCCATCTCAGCCTCCCAAAGTGGTGGGATTACAGGCATAAGCCACCACACCCAGCCTTGATTTTATCTTTTATAGCTCTTTTAACCCAAAGATTCCCCTTCTGTTTCTTTTTTTTCTTAAAAATCAATTTGAGATATAATTTTTTCCAGGAATGCAAGGTTGGTTCAACACCTGAAAGCCAATCAATGTAACACACCACATTTATAAAATAAAGGAGAAAATCATATGATCATTTCAATAGGTGTAGAAATAGCATTT,"[[130441029, ""G"", [""T""]]]",yes,no,G->T,1
chr8,89442483,89442800,TATATATCATCTCTCAGCTTCTTGCCAGTTTCACAGCCCAGGAATGCCTTTCTTAAGAACCTGGGAGCCATACTTTTGAAATGTAAATATCAAAAAAGATAGGGTCCCTATTTTCTAGCTCTGTCAGAGGGTGGGAGCCTAACTTTGATAAGCATCAATTAGCAAACAGAGATGGCCTACTGACATTGAGCATTCTTCCCCTAATGCCCATCAGTACTTTTTCACAGGCTCACCCCAGTGCTTAAAATCTCTCCTTGTTTTGTTTCAGAGGAGTTAAATTCACTCTCTTTATCCCCATTGCAATTGTCTTGACCCCTA,"[[89442487, ""A"", [""T""]]]",yes,no,A->T,1
chr4,177574484,177574779,GTAAATTATATTTGATGCTGAAACAAACAACCTCACAGTAAATTATATTTGATGCTGAAAAAAACAACCCAAAATTTCTGTGGCTCGCCAAGTTAAGAATATATTTATCACGGACATTCCAGTCTGATGATTCAGGTGACAGTTAAGTTCAGGCAGAGGTGCCAGAACTTCATGCATTAAGCAAACTCGGCACCTCTGTTCAGCTAGTGGCTCTTAGGCTCTGAAGTTGTCTATAGACGAGGGACTAGAGAGTGAAGCTGGAAGATCTGAATGTAGCCAACACTACTTCTGCCCAC,N,no,no,N,0
chr11,71804648,71804920,GAGAAGAGCACACGCTGCCATGGACCCGTCTCTGTCCCTGCCACATGACCCCAGGCTCAAGACACTCCCCCCTAGGAGGGATCCTTTTCCCAGAAGCTCCACCCCTTGGCAGCTCCAGTCAGGCCCCATCTGACTGGGAGGGGAACAACACACACTGGAGCCTGTCTGGGGGTGAGTGGGGAGGGAGTGCATCAGGATAAATAGCTAATGCATGTGGGCTGAATACCTAGGTGATGGGTTGATAGGTACAGCAAACCACCATGGCACACATTT,"[[71804661, ""A"", [""G""]]]",yes,no,A->G,1
chr5,175892038,175892335,TATCTTCCAGCAGCACCGCATGCAGAGAACAAAGCTCCCTAATGCCTGTCTAGCCCTGCTGCCAATCCCAAACTTAGCTCTACTCTCCACAACTTTCCCTACAGAAAACCCACTGGGTTTTCTAAGGATTTTTACTACTGGTGTCTACAGGCACAAGAAAACAGATGGGCTAAACAGATGGGAAAAGCCTCCGAGTGGTAAGGTTTTCGAAGCTGGAAGGTCCCTTAGAGAGCATCCAACCTCACCCCCTTGCTTTACAGCAAGGCCCAGAGAAGTTCCTAAGTAACTTGCTCAAGGT,"[[175892043, ""C"", [""T""]]]",yes,no,C->T,1
chr19,56964427,56964749,AGACCATTTTGGAGAGCAATCTGCCGGTGTCTAAGAACGCTGATCCTATGTGTTCCCCTATCGCCCAGAAATTCCAGTTTGAGATTTGTGCCCTAGAGAAACTCTCACACATAGGGCAAGGAGGCAAGTTCAAAGATGTTCATTGTGACTTTCATTGATTTGGCAGATATTGATTGAGCAGAAACTGTGGACTGGGCACTGCTCTGGGCTCTGGGGAGATGTAGCGTTGCTTGTGATGGCCAGGAAAGCAGGAGGAGAGGTTACATCCCAAGTGCCTGCCAATGCGAGAATGGGTGAATAAACTGAGTGGAACGTGAAGAGCG,N,no,no,N,0
chrX,63275189,63275519,AAACCAGGGACCACAGACCAAGCATCAGGATGTCACCCACTGACCAATAAAAGGCCCATTCTCTGTTATAGCTATAACCAGCCTTGGCATATTAACAGAAACTGCCAAAACCCTCCACGAGTGTCACCTGATTTTCTACTGCCACCACCTGGCCTTTGCCAATACTGCAAGCAACTGGGACACTGGAAACTGGAATGCTCCTCGCTCCCTCATGATAGGTAGTCATCCTCAAACAAGTCCCAATTATGGGCCAACTTGGGAGGAAAGCAAAGGCAAATGCCCTTAACTTTGTTCCTCAATTATGAAAAAGCTGAGGAGACCTTAAAAGAGA,N,no,no,N,0
chr12,9745278,9745558,TGGTGGAAAAAGACCAGAGCATGTTGAGGGGACTCTGGTCAATGTGATTAGGTCATCGGTAGTTGTTAATTGAAGCTCATTGAAGTGAGGTTCCTGTGCTTCCACAGAAGCCGGAAGTAGGGGCACTGTCTCGCTTGATGGTTACATTCCAAAAGCCTGGCTCCCAGGTCTTTGAGAAAGACATTCCTGGGCTGTAAAACTGGAAAGAGGCTGGGAGAAGATTTATGTTTCAAAGAAGCAGAGAAAGAATTTGTAATTACTTTCCTAAATGATCCAAGAAA,"[[9745288, ""G"", [""A""]]]",yes,no,G->A,1
chr6,135308759,135309125,AATTAACGAGAATTTAGGAAGATATCGAGGAAATGACACATTCCCTAAACCTTGTTCTGAAGTTAAACTACAGGGGGATTCTCTCATGTTCCTTTCATTTCAGAACCACTGGCAATTATCTAGGTCCTGCCTTCAGGCTGGATAAACTGAGAAGATAAGCAGCCTGCAGGGTCTCACCTTGTAGAGAGTTAAGAGGGTCCTGGAAATATGGAGAGCACTTGCCCAAAGTGGCAAGAAACAGGGCTGTTGTGGGAGAAGAGACACAGTAGGGGCTGAGGTACATATATCAAATACAATGGCAGAGGCACAGGTGGAAAAGAAGCAGTCAAACAAGTTGCCAGACCTTCAAGAGAATAAAGGCCTTATA,N,no,no,N,0
chr8,55545037,55545415,GAGATAACCATAAAGTCTAACTGCCTGCGGGGCCAGGCAGAACAGAGTCATATCTCTCTTCTTTCAGAAAGCGAATAGGAGAAATATCACTGAATTCTTTTCTCAGCAAGGAATAACCCTGGGAAACTAATGCATTCCCAGGGGGAGGTCTCTAAAATGGCTGCTCTGGGAGTGTCTGTCTTATGCAGTTGTAGATAAGGGATGAAATATGCCCTGGTCTCCTGCAGCACCCCCAGGCTCGTTAGGATTGGGAAACTCCAGACTGGCGAAATTCTAGTCAGACCGGTTTTCTGCTCTCAAACCCCGTTTCCTGTTAAGATGTTTATCAATGACAATGTGTGCCCAGTGGGACATGGACCTTCATCAGTAATTCTAGTTT,"[[55545055, ""G"", [""A""]]]",yes,no,G->A,1
chr10,5677614,5677830,GTACCAAGAGGCCCCCAAGTGCACCCCTGGATTGTACAAGTGTTCCTTCCCGTGTTCAAAGACAGCTCTACCTCCTCCTACCCATCGGCAGCCATCACTACTGTCAAGAAAGTCACAGCTGTTCGCACCTGCTGCTGCCTTGACACAAGAGTCTAAGTGCCCTGGCAGCAGCTTTAGCTTGGGATTCAAAGGGCAGGTGCTGAGTCTCCTGGGAAGA,"[[5677706, ""A"", [""C""]], [5677801, ""G"", [""A""]]]",yes,yes,G->A,2
chr10,1002508,1002718,TGGATACTTTTTCATCTTTTCATGATAGTGATTATTGTCTTCGCTTCCAGATGTAGGACTTTCTTAAGTATATCTTGTAAGGCTGGTCTAGTAGTGACGAATTCTCTGTTTTTGCTTTTCTCGGAAAGAATTTATTTCTCCCTTATTTCTGAAGGATAGCTTTGCTGGATGTAATATAGTTGGCTGGCAGTCTTCTTTTTTTTCTTCAACA,"[[1002523, ""G"", [""C""]]]",yes,no,G->C,1
chr2,140998032,140998402,ACACATTAGGTTGCATATATCCTAGAACATAAGGCTTGTCACAGCCAAGCAGATAAATGGTTCACCATAGTGAAGTCCTGTTTCTTGACAGAGGAATATATCTGGGGCTCCAGAAGGTGATAAAGATCACAGAGTACCATTGACACATAATTGTGCAATGCTGTCCCTTGGATAACCAATGTTTTTGCAATGTTCAAGTTGCTCTCCTGGGAGTAAGGCACATTGAAAAATTCTGTCTTATTTTTAGGCCACTAAAGAAGAATTAAAAGAATTACTGTTTCTTTAGACAAAATAATCTTGCTGGAGTTTTTGAAGTTGTTGTTAATAGTGACTCACTGTCTTTGGAATCTAACTTACTTTTTGGGATTGTT,"[[140998041, ""A"", [""G""]]]",yes,no,A->G,1
chr16,87735666,87736093,CCCGTTTATATTTGAAACCCCAACAGGCTTCTCAAAACTGCTGTCATTCCTAAATACGAAGTCTTAAAAAATCCACATGTCCTCCTCAGCCAGAGGCCTATGGACAGCACAAAATACAGGGGAATGTCGTGGTGGCGGCTGCCTCGAGGCTCAGCAGCTGCGTGCAGGATGGAGCTCCAAGCAGGGCAAGCTGCCAGGCAGTGTCACCACCAGGCCCCTCGACTGGGCCGCTGTGGTGACATTTACAGAAAACTCTACATGCTTAGGGTACAGTCAGAATTAAACACTCTGCATGCAAACGCTTCTCTGAGTTAAGCACTCTGCATGCAAACGCTTCTCTGAGTGACTTTACAGTCTACACCTTACAAAATTATACAACATATAGTCACGCACTGCTTAATGACAGAGACGGGTTCTGGGAAACAACA,"[[87735669, ""A"", [""G""]], [87736048, ""C"", [""T""]]]",yes,yes,C->T,2
chr21,37195137,37195449,AGATTTGGATCTCAGGAAAATATTCTAGACTGCAAACTTTTAAAAAGATTTGGCCTCAGGCAGCTGCATGGGGAGGAGTGTCAGCACTGCAGGCGTGGACGGAGGCCTGAGAGCTGCCAGGAGAGCTGGCAGGGAAGAGGAGGCGGCCCCCTGGGATGGAGACAGCTCTGGGGAGTGTGGTGGCCATGATGTTCCATCTGTCAGCTACATGGTTTAGCTCAGAAGGGGAAAAGTGTAACCAGGTAGAGGCTGAAGGAGGGCCAGTAGGCAGGCAAAATGGTCTCATCTTACAGAGAAAATAGTGACTTATAGA,N,no,no,N,0
chr8,96150968,96151310,TGGAAATAGAGCCAGGTGTACTGGGTGATTAAAAATGAGCCACCAACCCCTCCTCCTGGAGTGTGAAGGGCTTTAAGGGGAATCTGTGTGCCAACTATGTACCCTCTTCCTGAAATACAGATCTCTTGGGCCTCCCCCTGAGGAGATACTCATCCTGAGTCAGGCCTCTGTTGAGATCTGAGCTTTGCAAGCTGCTGACGCATTGCTAACATTCTTACTGAGATGTAAGTTCGGGAAGCAGTCCATACAATTCACCCTTTCCAGGGTGCTTTTTCTTAACCCCAATACTCATGCCTGATCCCCCAGCATAATAATCGTTAAGAGCAAACACTGGTGTGGCACT,N,no,no,N,0
chr5,174617390,174617605,CACATGTTTCCCTGTCTCAAACAGTGGTGAGCATGCCTGCTCCCCTACAAACTCACCAGCTCAGAGCATTATCAGGCTTCTCATCTCTGCCAACCTGGTAAGTACAAAGGGCATCTCTTGTAGTTTCGGTTGCATTTTTCTCATTATGAGATTGAGCAGCAGACAATGTCTTTAAAAGACTTATTTTGCTCTGGGTTTTAATCTTAAAATACTCTA,N,no,no,N,0
chr10,91370022,91370368,TCAATCCTTGAATATCATGTTTATTTAATTCTGTCACAGCCAGGTAAATTTTTAGGCAATTCCTTTATTTTAAGCAAACAAAGAGCGAATAGTATTAGCTTGCTTTAAATGGATATGCAAAACTGGAGAAATCATAGGATCTGGTGGTGCTGTCATCTGGATTGCCACCTAGTGACCAATATTTTGCACAGCAGACAAGGTACCCTGAGGATATCACAACCAAGAGTCATTTTGCTACTAGAAATTCATGTGCATCTATTGAGATAATCATGTGGTTTTTGTCGTTGGTTCTGGTTATATGCTGGATTACGTTTATTGATTTGCGTATGTTGAACCAGCCTTGCATC,"[[91370094, ""T"", [""A""]]]",yes,no,T->A,1
chr11,26942796,26943281,AGATAGTCATTATTCTATGTCATTAACGTAGTCTTGGAAGGGAAGTTAGTGAAGAAAATTTGAGAACCCATTGTTTTACCAACAAGGAAGTCTAAATAGAATAGTTGCAAAATAGCTCATATGCTTTTGTTGACACGGATCATTTTTCTTTATTGCCTAGTTTTGCCTTTTTCCTTGAGAAGATATATAAAACCGAGTATGTTGCTGTGTGTAAAAGTCTTTTAATTAGGCTGCATGGTACAAAGCATGGTTCAGTGAAGGAAACACAGATGTTGGGGTAGAGAAGCACACCCAGTTTTATTGCCTATTTTAGCAACTTCTCTGTTCTGTGCCTGAAAACCCTAAGATTAATGCCAACTGTAAGAACTCAGCCTCCCAAGTGGTTCGGTGAAAGAAGACATCTCCTTCCTGAACTGACCTGAAGAAATCAGGGAGAAATCTCTCCTAGAAAACCAGGCAGGCTCAGACTCATTCCATGAACTTCAG,"[[26942863, ""G"", [""C""]], [26943181, ""T"", [""C""]]]",yes,yes,T->C,2
chr6,35055929,35056274,AGCTTGCAGGCTTTTCCAAGGGTCAAGTGTTTGCGGGAAATGGATGTTCAGGACTGAGACAAACACTGTTACCATTTTCAAAGCTGTGCTTTGACCACAGGGATGGGAGGGATAGCAGTCAGTTCCATTGAGGATGGTTTCTGCTTTCTGTGTCCAAGGAGCAGGAGCCAAAATCACTTGCATATGCTTGAGAGCTGTGAGTCAGAAACAGCCATTGCCTCTTGGATTTGATAAGTCGGGAGATGTGGCAGCACCTCGGGAAGAGCCCTCCCCTTGGAAGGGTTAATGCTGAGCTCTTCCCGTGACATCTGGTCTCCTGTCTGATCCTACCTACTAGTTTTTTGTT,"[[35055937, ""A"", [""G""]], [35056256, ""C"", [""T""]]]",yes,yes,A->G,2
chr9,27714440,27714723,CCCCTGTCTCCTCAGAGCTCAGCTGGGATAGACAGAGAAAGTCTCTGACTTGCAGAGAAACAAATTCATTCCTGGCAGGGACTGGGTTCTCTCCAGGTTATAGACCTAGCACACCAAGGGAATGATGTTTATTTTCCCTTCTCACCAGCAGGGGCACAGAGGGAACAGCTTTAAATCCAGATGGCCAGGACTGTGCTGGAAAGAAGGGACCGATAGCAAGCCATAAAAAGTAATACAGAGCTTTTTTTTTTTTTTCTTAGTCCAATCTGTCCTTTGGACACTTG,"[[27714445, ""A"", [""G""]]]",yes,no,A->G,1
chr11,13538058,13538337,GGCTAAAAGAGACCAACATACAGCTTAGTCCATTGTTTCAGAGGGTGCAAGCCCCAAGCCTTGGCAGCTTACATATGGTGTTCAGCCTGTGAGTGCACAGAAGTCAAGAATTGAGGTTTTGGAACGTCCACCTAGATTTCACAGGATGTATGGAAATGCCTGGATGTCCAGACAGAAGTTTGCTGCAGGCATGGAGCCCTCATGGAGAACCTCTGCTAGGGAAGTATGGAACAGAAATGTGGGGTCAAAGCCCCCACAGAGTCCCCACTGGAGCACTGCC,"[[13538069, ""G"", [""A""]]]",yes,no,G->A,1
chr20,35275108,35275509,CCCCTGCTTCTGACACAGTGAACAACAAGCCTGGGTTTCCCTGCTGGCAGACGGCAGATCCCTCAGGAAACCTGCTCCACTTGTCAGGGTCTCTTCGGAGACCCAGGATTTAGGGTCACATGCTGCAGGCAGGGCTGTGGCCCAGCTGGGTCTGACAAGGACCCAGCTGTCACATCGTGAATATTTAAATGTCCTGTCACTACTGTCCCATTTTGCAAAGGCTGCTTGAGGCTTTAGGTGAACTAGAGGTGACTGTCTTGGTGATGAGGCCAGCATAGCGGCCCTCCCCCAGGCGACAAGGACCAAGGTGCTGCTAAGGCCACTCTAGCGCCCAGACACCCCAGTAGCTGAGCTCTGCTCCTATGGCTACAGAGCTGGGGCAGAAGCTGACCCCATTTCTGG,"[[35275129, ""G"", [""A""]]]",yes,no,G->A,1
chr7,141039383,141039772,AAGTCTGGGGGTTATCTCTGAGTTCCCATCCCTCCTCCCCCACATCCACCCTCCAAATCCCTTTGTTTCTTATCCACAACATTATAATGACCTCCTAACTAGTCTCCTCCCTCCAGCCTACTCTCCCTCCAGTTGATTCTGTTCACTGTAGCAAGAGTATTTGTATTTCTGAAATACAAATCTGATTACGTCACTCCCCACAGCCCCAGCATTCTCCGGTGGCTTCCCATTTCTCTTTGGCCATTTCTCTTTGGCATGGTTTACAAGTCTCATCACAAGCTGGCTTCTCTGCCTACAGCCTCATATTTCTCCACTCCCTTCCTCAAAATTCTCACTCTGGTTTTGCTGAGTCGTTTTCAGTTTTAGGATGTATCTCTACTTGGAACATTC,N,no,no,N,0
chr4,124816341,124816611,ATAAAATTCAAATTTTGTAGCTTGGTAATTGTGTAATTGTCACTTCTATAACTTCTTAGAAATTGACCTATTCTGTGGCTTTGTCATACTGAAATGTCTTTTTGGGACTCCTCAGTAAACACAGACTGGTAAAACTGGTTGAGTGAAAGGAATGAGTGAGAATTGTGGATAACTGCATGGTGATATTCTACCTAAAAGTGGACAACCTCTACTTAGCTCCAGTTGATTTTTGCCATGTGAGAATGGGGGCAGATTTTGCTTGGTAAAGTCT,"[[124816343, ""G"", [""A""]]]",yes,no,G->A,1
chr21,34651634,34651893,GCAAAGCTTTTATTTCTCAAAGAGAGATAGGATTTAAAGTATCTCTTTTATTTCACAAAGGGATAGGATTTTTGGGGTGATTGCTCACTGACCTAGGTTCACTTGAAGGTATAGATGTTTGGTCCGTAGAGCAGTATTCCCAAACCTGAAAGAACAGGAGGCATTACTACAGAACCTACAGAACAGACAACAGGGTCCTGCATCTGAGCAACTGGATAAATCATTTCTGAAAATAAGGCCTAGGAATCTTTCATTCAGAC,"[[34651688, ""T"", [""A""]]]",yes,no,T->A,1
chr4,129133415,129133647,TCAATGAGGTTGTTTTTGTGTTTGGAAATTCCACTGGAAAGTGACTGATGTTTGTGACCCTTTCTCCTTTTTCAGCTCCTGCTCCATATGCAGCAATACAGGAACTTCCAGCACTGTTAAGCCAGTGCCAGCACCAGGGGAAGAGCGCCCTCAGGGACAGTGCTGGAGCTAGAGGAAGTTCCACAGCCCTCTTGCTGCTGCCCTGGTACAGCCAAGGACCAGCCCAATGAGGA,"[[129133517, ""T"", [""A""]]]",yes,no,T->A,1
chr8,54421405,54421845,TGCAGTGAGCCCAGATCATGCCGTCGCATTCCAGCCGAGGCAACAAGAGTGAAACTCCATCCCCCCCACCCAAAAAAACCCAAAAACACCAAAACAAAAAACCCAAATCCATTAGCAGTTACTCCTCATTGCTCCATCACCCAGCCTTGGGCAGTGACTAATCTACTTTCTATCTTCACAGATTTGCTTACTCTGGGCCTTTCATATAAAGAGAACCATATGCTATTGGGTGGTTGTGTCTGGCTTCTTTCACACAGCATGTTTTCAAGATTTACTCATGTTATAGCGTGTACCGGTATTTCACCATGTTTTATGACTGAATATGATTCAATCATATAAATATACCACAATTTATTTACTCATTCATTAGCTGATGAACACTTACTTGGCTTGTTTCTACCTTTGGGCTATTGTGAATAGTGTTTACACCAATAGTGGTGT,"[[54421483, ""A"", [""C""]], [54421658, ""T"", [""A""]]]",yes,yes,T->A,2
chr16,87589523,87589765,GGGCAGCCTGGCACACACAGAACCACTGGGCAGCAGACAGAGAGTCTGCAAAGCGCACGTGCTCTGCTGTTCCACATTTTGGGATTTATCGGAAGGAAGCACACACACACACACACACACACACACACACACACACACACGGAAACATCTGGAAGAGTGACTCCGTGCTCACCGCAGATGTCACGGCACCCTGGCCATGCTGGAGGCTCCCGTTTCCTCTTCTCAGCAACCCTGGGAGGCGGC,"[[87589624, ""G"", [""C""]]]",yes,no,G->C,1
chr16,50286704,50286984,GGAAACAGACACCATCTGTGTGTGATCACCTGACTTATGACAGAGGTGGCTCCACTGAAATTCAGAGAGAGGATGGCCGGTTCACTGAACACTGCTGGGATAATTCAATATCCATATGGAAAAAAGAAGTGAACCTTGATCCCTACCTCACACCATACCCAGAGTGAATCGAAATGGATCAGAGACCTTTGTGTGAAAGCAAAACAGTGAAACATGCAGAGCAGAGCTGGCCTGTAGAAGCTTCTGTGATGATAGACATTCTCTGTTTATCTGTGCTGTCC,N,no,no,N,0
chr9,101454210,101454533,TATAATATTCTAAGATATATATATATACATATATATATGCCTTTATTTATTTGACTGGTAGTGTGACAAGTCCCCCACCAGGATACTTAAGGGTATATGTCTGCTGCCTGAACCCTGAAGACTGGTCAGTGACTCACAGTCATGATGCCCTGCAGAGAACTAAACAAGTGTCCCTGAAAACCCAAATATCCCGGAGAGTATCTGAGAACCTACCAAGAAAAACAGTCTCATTGCTCAAACACAGCAGGCAAAGAGCCAGAAATTAGCTTAAAAGCAGTTTAGAGATGGGAGGTGGTGCGGATCTCGAGAGCTGTCCCGCCACCA,"[[101454335, ""G"", [""T""]]]",yes,no,G->T,1
chr18,26520220,26520516,CAGGGCCACAGCTGAGAAGCACCTGGTAAGCACAGTGACCAGTTTCCACACACACATGTGCTGGCTATTTTCTTTCTGCCATCTCCCCAGAGAGAACTGGAGCCTGCATAACCATGTAAAACTAAATGGAAGTCAGACGATAGCCCCCTAAATTATTGATGACTAACAGTATTTGTCAAGACTCTACAACAGAAGACCTCAGGTACCCCCACAGAGGTTATTAAGTATAATCCTTGCTTTTTAATTGCCACTTAAGCTGAAATTACTACCTCTTCAAGATTTATACGAAGACAATTT,"[[26520262, ""C"", [""T""]]]",yes,no,C->T,1
chr9,116242810,116243221,TGTATCATGACTGCTTATTATTTGGCATAATGAAAGTGTTTTTTCTTTGCACTTTTTTATCCACTTTGATGGGAAAAATATGACTTCTCATTGACATTTCTGTTATGTGCTCTTAAGTAAGCATCTACTCAAATACATTTACTGGATAATTGCATTTCCTGTTCTATGACTTGTCTATTCATATCCTTAAGATGGGTCTCATCTTTAATCTCCTTCACACCTCTATTTCTCATTCGTTAAATTGGGATTTCAATGTCAGCCCTATTGCATGTCCATTAATGTTATCAGAATCCAGGGTGAAATAGGAAGTTAAGAGGGAAATAGCATTTATGCAGAAGTTACTCTGATTCTTCTTTTATGTATTGATATATTTATCAAATGCTGATTTAGTACAATCCCTGTGCTAAGAACC,"[[116242869, ""C"", [""T""]], [116243006, ""C"", [""T""]]]",yes,yes,C->T,2
chr1,185444728,185445102,TATTTTTATCAAATCTGGCTTTGATAAAGAGCTTGGCCACATGTGTTATTCTGTCCTGAACACTTGCTTGGCACGAATTCTAAGTCTTACAGCAGGGGTCCCCAAACCCCAGCCCGCAGACAGATACTGGTTTGTGGCCTGTTAGGAACCAGGCTGCACAGTAGGAGGTGAGCAGCCGGCAAGCAGGCATTACCGCCTGAGCTCTGCCTCCTGTCATATCAGCTGTGGCATTAGATTGTCATAGGCGCGTGACCCCTATTGTAAGGGATCTCGGTGGTGCATGTTAGGGATCTAGGTTGCGAGCTCCTTATGAAAATCTAATGCTTGGTTGGAACAGTTTCATCCCAAAACCATTCCCTGGTTACCCCCATCTGT,"[[185444840, ""G"", [""C""]]]",yes,no,G->C,1
chr2,175501174,175501397,GACTGTATATTTTCAAATAGGCTGTCTTCAAGCTCACTAATTTTGACTTCTGTTTGATCAATTCTGCTATTAAGAGATTCTGATGCATTCTTCAATATGTCAGTTGCATTTTCAACTCCAGTATTTCTGCTTGATTCTTTTAAATTATTTCAATCTTAAGATAGTTATTGATTGAATGAACTTCTTACAGTTTTTATCTTGAAATGTATTTTCATTGGACTTAG,"[[175501194, ""C"", [""G""]]]",yes,no,C->G,1
chr17,66126270,66126479,TCCAATATTCCTGACATAGATCTTAAGATATTACATTAATCGCAAAATAAATAGAATCTAAAACTTGAAAAACCAAATAAGACATAATTTTTAAAGTTTTTTTTCAAATGGGTACACATAGAGTGTTTCACAATGATCCACGAGTCACTAAAGGGAGAATGTTCCAAAGCCTCCATCCATGCAAGCACTCAAATGAACTTACAAATAGCG,N,no,no,N,0
chr1,113415998,113416350,TTAATTACACATATTAATTATGTAATTAATGACACATATTAATTATGTAATTAATGACACATATTAATTATGTAATTAATGACACATATTAATTATGTAATTAATGACACATATTAATTATGTAATTAATGACACATATTAATTATGTAATTAATGACACATATTATTATGTAATTAATGACACATATTAATTATGTAATTAATGACACATATTATTATGTGTAATTAATGACACATATTAATTATGTAATTAATTACACATATTAATTATGTAATTAATTACACATATTAATTATGTAATTAATTATGTAATTAATTATGTAATTAATTATACATCAATCATATATTAATTA,"[[113416007, ""T"", [""C""]], [113416331, ""T"", [""C""]]]",yes,yes,T->C,2
chr10,109185183,109185467,TGTTTCTTACTTCCCATCTTATTTTTGCAATTTGGGTGGTTTTAAGTAGCCATAAGGTTTGATTCCTTTCTCCTTTGAGTATCAACTGTACCAGTGAGTTTTATAGTTTTTGCACATTTTCATAATGGTGATCATCTTTTCACTTCCAGATGTAAGATTACCTTGAACATTTCTTCTAAGGCTGGTCTAGCAGTGATAAATTCCCTTAGTCTTTGTCTGTGAAATATTTTATTTCTCTTTCATTTCTGAAGTATAATCTTTCTGAGTATAATAATCGCATTGCTA,"[[109185374, ""G"", [""A""]], [109185458, ""T"", [""C""]]]",yes,yes,G->A,2
chr12,25688954,25689199,CCCTGTCTCTACTAAAAATAAAAAAATTAGCTGGGTGTGGTGGCACGCACCTGTAATCCCAGCTACTGGGGGCTGAGGCAGGAGAATCTCTTGAAACCAAAAGGCGGAGGCTGCAGTGAGCTCATATCACACCACTGCACTCCAGCCTGGGTGAAAGAGTGAAACTCCGTATCAAAAACAAAACAAAAACAAAAACCTCAAAAGCCTTGATAAAACACTTGTTTGTTTTTTTAAAGCATTTCTTTA,"[[25688989, ""C"", [""T""]]]",yes,no,C->T,1
chr3,66742713,66743195,TACCATGATCTAGCAGTGTCGTCAGGAGAGAAGAATTATACATTTAATAACTCGTGTCTCTAGTATAGTACCACGATCTAGCAGTGCCATCAGGAGAGAAGAATGACCCAAAGATGAGTTAAATTATGCATTATGCACTCCAGTCTGACATGAGCATGGGATGCTAACACGAGCAGCCGCCTGGTGCTATGGAACGCCAGGGCAGTTGGGTTCAGGTCTGAGATCTGCCACTTGTTTTCAGATTCAGCAGAGCTATGCTGGGGGTTGAGTGTGAGTCATTGAAAAGTCTCTTCACATGTTTCTAATGTGAACTTCTGGTTAAGAAATTCATCTTGGCCGGGCGCGGTGGCTCACGCCTGTAATCCCAGCACTTTGGGAGGCCGAGGCGGGTGGATCACGAGGTCAGGAGATCGAGACCGTCCTGGCTAACACGGTGAAACCCCATCTCTACTAAAAATACAAAAAAAAATTAGCTGGGCGTGG,"[[66742767, ""C"", [""T""]], [66742803, ""T"", [""C""]], [66743055, ""A"", [""G""]], [66743058, ""C"", [""G""]], [66743066, ""T"", [""C""]], [66743186, ""T"", [""C""]]]",yes,yes,T->C,6
chr20,8468023,8468232,GATTGTGTGGAACAAATAAAACAAATGAAGTCATGTGCAAAAGACTACTTACTCTGTTGTTCTGTTTATAGGAAATTCAAGAACAAGCAAAACTAATAAATGGTCCTGTAAGTCAGAATAGAGTTTTCCCCTGGGACTGGGAAATATTGACTGGAAGAAGCGTGAGGGAGCCTTATAGAGGCTCTATATGTTCTATATTTTGATCTAGGT,N,no,no,N,0
chr3,3020352,3020596,CGTGTAAAAAAGACAAATGATTTTGCACAGCAATGCACTAGCTTAATGTCGAAGAAAGAAAAACAGTTAATTCCGATGAGCTTCATGAAAGGATAGGATCACCAGCGAACAGGGTGGCCAGGAAGGGCATGTGGGGAGGTGGCTCGGATTCATAGGCTCTTCAAGACAGTAGGCTTTTTCCAGCCTGGCTGGCCACTAGCAGAACTTGGCATCCCCTCTCTGAGGGCGCCCACCTCCACCTGAAT,"[[3020381, ""A"", [""G""]]]",yes,no,A->G,1
chr5,135203120,135203386,TGGGTTATATTTCAAAATATTTCTATTTTATTGTTTTATTTTTCTTCTTCATGGACTCTAATTATACATAGGTTAGCTCATCTTTGCCTGCCTTCCATTTCAACCACTTTCGCTGATTTTTTTTAACCTCGTTCTCAATTCATTTTCATTTGGTTTTTGTTTTACTACCTTTGTAAATGCTCCCTATTAAATTTTCATTTGAACTTATTCTCTCTTGGGCACATTGTAATTTGTTCTTCATTTCTGAAATAGTTTTGGTCTTTTTCT,"[[135203178, ""C"", [""T""]]]",yes,no,C->T,1
chr4,88359493,88359802,AGTTTAAGATCCTTCGCCACTCACTAGCATAGAGGCTTGATAATTAGTTTCAGGTAACTTGTAAGATTCTCCCCAGGGCCTGAAAGCCTAAGGGGATGAGTGACTCCTCCCTGCTCAGGCCCAGTCCCAAGGTGCAAGGCCACCTGCATCAGCAGCGTGTGTCAGCAAGACAGCAGAAGCAGGAAGAGAGCCAACCAGAAGACACCTACCCTGGCCGTAAGACATGTACCACCGAAGATCCGAGAAAGAGGCCATCTGGGTACAATGTAGCAGTTACATCAGACTAGGACACTTCCTGTTTACAGGAGGC,"[[88359508, ""C"", [""G""]]]",yes,no,C->G,1
chr6,168214857,168215056,TGCACTGCTTCCCATTGACACTGCTCTCACCGAGGTCCCTGGGGGTGCCTTTCACCCTTCCCCAGCCGCTTAACCACATCCGTACTCAGCATCTCTGCAGCACTCAATACTACTGACCATGGAAATCCCGGCTTCCTAGGCTTCGTGACCTTGGTGGAACTGGGTTTTCTCCTCCTGTCTGTGGGGCCTCTGTCCCTTCA,"[[168214865, ""C"", [""T""]]]",yes,no,C->T,1
chr5,126894261,126894461,CTTTTAATTGGAGCATTTAGTCCATTTACATTTAAAGTTAATATTGTTATGTGTGAATTTGATCCTGTCATTATGATGTTAGCTGGTTATTTTGCTCGTTAGTTGCAGTTTCTTCCTAGTCTCGATGGTCTTTACATTTTGGCATGATTTTGCAGCGGCTGGTACCGGTTGTTCCTTTCCATGTTTAGCGCTTCCTTCAGG,N,no,no,N,0
chr6,71099674,71099883,TTTATTTTAGTGCATATTGAACTTTTGCTTCAAGATTTAGAACTCCTTTTTAGCTTTTCTTGTAGTTCTAGTTTGGTAATGACAATTCATTCAGCCTTTTTTTGTCTGAAAAAGACTTTGTCTCTTTTTCATTTATGAAGCTTAGTTTTGCTGGATACAAAATTCTTGGCTGACAGTTACTTTGTTTAAGGAAGCTAAAGATAGGACCCC,"[[71099714, ""G"", [""A""]]]",yes,no,G->A,1
chr1,11546417,11546867,CAATTTGTAGATAATTCACAATGCTCATGCCATTAAGCAAATGCACTTTAAATTGATTTCAAATTAGTGGGCTAATGATTCCCCCCAAGTCCAGTCTCTGCCAGCCCCCAGTGCAGTGTTTTTAATAAGAGGTAGGTGTGCAGTAGCAGCCTGTTTATTCCATAATTGAAGCCGTAATTGAACCTGAGGTCATAGCCAAGGGCCCTATTGATCTGCATAGAGAGGAAAAGTGCTGACAGTGACCATCATCAGGCCAGAGGGGCTGGTGGGCCATGGGAGGCTCCTGCAGTTGTGTTGCATTTTGAGCTCATTTCCTGTATGACCTGAAGGTAGCTGTGATGGCTAACGGGGGAGCTAAATAACCTTGAGACACGCAGAACTCTGATTCCCAGTCCTGCAGATTGTACTCAGAACTGCCCTAAAAGCATGTCAAAGATCTATGTGATCCTCT,"[[11546484, ""C"", [""T""]]]",yes,no,C->T,1
chr9,133394262,133394499,CAGGGATCCCGCCTTGCTTTTACCAACAGACCCCTTTCGTAAGTCCTGGATGGCCCCTGAAGCCCTCAACTTCTCCTTCAGCCAGAAATCAGACATCTGGTCCCTGGGCTGCATCATTCTGGACATGACCAGCTGCTCCTTCATGGATGTGAGCCGCCCTCCCTCCCCCACACCCCACATGCTGTTCCCCACGCGCCCAGGCCTGGGGAAAAGGCTTGGCCTCACCCTGCCTCCCCTC,"[[133394272, ""A"", [""G""]]]",yes,no,A->G,1
chr6,40844223,40844546,AACGTATATATTTCTCCCCACCTTGAGAGACAATTGAAGGCTGACAAAAAGAGTGATTTACATCTATCTCTCTCTTGTCCTTTCTCATCTCCCTTTAACTTTCCTTCATTTCACAAGTGAAGGCCCATACTACCAGGCTGGTAGGGAAGACAGGAAAAGAGTATGCCTACAAGCCTCACAGGAAATGGAGAACAGCAGGAGGAGCTAGCACCAGCACCGTTTATGACTGCACAATGCACTGCTACATAACAGATGTTTAAAAATTCCTTGAGTCCCTAAGGCCTAAGATCATAAAAGAAGAGATCACAGAGAAATAACAAAGTA,"[[40844277, ""T"", [""G""]]]",yes,no,T->G,1
chr18,56995683,56996017,ATTTTCACTTGAGATTTCATGAGAACTACTAGAACCCATAGGGATCCTCCCTGTTTCTGATGTTCCTCTGACCTCTGCCTCCTGTCTGTGTGTACTACATCCCCAGACTGAGTCCCAGCGTCAGCTCTCTGAGCTTGGTGTGATGTGTGCATGTCCGTGGGTTCCTTTCCCAAGGCATTGTCATGGAGATAGAATGGGGTCTGCAGGTGAAGAGCTATTTTGTCCATTGTGCTATACATATAGAAGCTGGGCTCCACAGAGCAGGTGGTTGGAATTAATGCACATTTGGTAGCTGGGCCACTTGTTTTTTTTCAGGCGTAATGATTCCAAAGGTC,"[[56995721, ""C"", [""T""]], [56995974, ""C"", [""G""]]]",yes,yes,C->T,2
chr7,10797241,10797463,TGTTAAACAAATACTTGTTAAACCAAATTTAATTACAAAACGAGTTGCTGCTAGTCACATTGTCTCACACACATTAGAAGTTCTTTGGGGTTCCTGAGAAACCAGCAACCTCATTTTTAGTTTTGTTTTCACAAAACAGTTTACTCTTCAGGCTGTCAAGTTTGTACCATGAATAGCCTACCTTCTTCAATTCTGTTCTGAAAAACTGTTTGCCATTTCTCTT,"[[10797282, ""C"", [""G""]], [10797292, ""C"", [""T""]]]",yes,yes,C->T,2
chr9,114822768,114822983,TACCTCACACCTTAGCCTCATGCAATATACCTTTGTAACAAACCTGCACATGTACCCTCTGATTCTAAAATAAAAGTTGAAAAAGAAAAATAGAAACCAAAACCAAATCCAAAACGTCTTTGCACCTGACAAGAAAGCTGTGCTCCTTTTGTGTGATCTAAATGTCAGATGGGGAGGTTCAAGAACCAGGAGCTATAGGACCTGTGATTCATTCTT,"[[114822784, ""A"", [""C""]]]",yes,no,A->C,1
chr15,46552378,46552853,TACTCATTCTCTGCTGTGTCCCATCAATACTGCCAGCACAACTACCCTGATCCAAATCCCTTAATAACCAGTGCTATTAATGAGCCTGCACTTTCCCTGGGTGATATACTGTGCTGTCAGAACATACTCAGCATAGCTGAAGAGTGGAAATGCAATCAGATTGTCATTTGGCTGTTTGGGTACTGATCCTGTTGCCTTTGATTAAAAATGCATTAGCTTTCCTGCTTCCAAGTCATACCCTCTGGGGACATAATGCGGCTCAGGGAAGGGTCTCTAATGCCTCCATGGAAAACACTCCATTACCTGACCCTCTGATAATTATAAACCCCTTGTGAGGTCAGAATCTCATTATCCAACACTTACAGGATGTTTGCTATTTGGCACTGGATAGGCCACAGTTTCACAAATAGTGGCACTAATAGAAACATTAGAGACCCTTTAATCCAACTTTCTCTACTCACAGATACTACATGTGA,"[[46552418, ""G"", [""A""]], [46552587, ""A"", [""G""]], [46552591, ""A"", [""T""]]]",yes,yes,A->G,3
chr8,59932402,59932894,CTGGATACAAAAACAAAAGAAATCTAATAAAGTTGCTGCTATAGATCAGGCCCTCAGTGAGACTTCAATGCAGTTCACAAACATTTACAGAAAAATTAATCTGTACTCAATAACAAGAGCGCTGAGCTGGGAGACAGGAATTCAAAACAGTAGCATACCAACGGGGCGGGGCAGTGGTAGAGATTTGCCCCAGCAAGGAAAAGTATGTTATTACTGACATTGTTTAGAATTGCCAGTGCATGATGATAATAAAAAGCTGGCCGGCTTTCAGTCACTGTTATTATTGTTTATAAATTCCCTACGGACAGTTTACCCAGCACCCAGTGCAGGCTGCGTTCACCACCCCTCCCTTGGTCTCCCTCTGACATCAGGTGAGATATGCCTGTTCCCAAAAAGCATGCAGCATAGTAAGAAACCATTAAGAAGAAATAATCATAAACAGTAAGTGAAAGCCACACCATCTATTAATTATCAAAATAAATTCCAGTTGGTA,"[[59932500, ""C"", [""A""]]]",yes,no,C->A,1
chr6,31049530,31049815,GGGAGATTGAGGAGGATGAAGGGATTCGGTGCGCCGAATATGTGACTCTACCATTTATCAAAATCCATAGAACTGTACACTACAAAAAGTGATTTTTAGGGTATGGAAATTCAGCAAATCAACCAGGATGTGGAGGGAAAGATGGAAAGCAGACTCTGACAAATGACTCATGTAAGCACAGTGAAACGGATGGAGAAGAAGGAGCTGGCCTAAGTAACTTTGAAAAACTGTTTTGAGTCAGGCATGGTGGCTCATGCCTGTAATCCTACCACTTTGGGAGGCCAAG,"[[31049557, ""A"", [""G""]]]",yes,no,A->G,1
chr9,97347687,97347961,GTGAGATTTTTTTCTCATTTCCATTTTTTTTTCAAGAGGGTGTTACAGTTGAAAACAAAGAGTGTTGTACTGTTTTAGCTCTTGGAACCCAGATCTGCTCATACACCTGTCAGATACACACCTGCATGGTGGATGTTCTAGAGGCAAGCTCATAGCTCAGGGAGTTGAAGCTCTCAGTTTCAACTCCTGTGACCGTGTGACCCTATACAGGTTACCTGACCTCTCTGACTCCTCTCTCACCTGCAGAAGGGGTTGATAGAAGTGTTAAGGAGGTG,"[[97347732, ""T"", [""C""]], [97347897, ""C"", [""G""]]]",yes,yes,T->C,2
chr4,75158279,75158704,GTAAAAGAAAACAATTTACAGGCCAAGTATATAAGAAACATATTGAATGTGGGAGGAAAGGAAGTAAAGATTACTTATGGAAAGAAGCATCATACCTTACAGAAGGCAACCATCTGGAAATAGCATTTTGAGTATCTGAAACAGAACTATGGAGCTGAAAAAAAAAAAGAGTAATCAGGTGTGTGATAAAGACATTAAGTAATGTTTCTCTGACAACAGAACATCAGAACAAGTCAATTTCCTCTTTCCCCTCAAGAAATATTTCAGGAAACAGAATTTCTACTCTTCTGTCTTTCTCGGCTTCTGAATATAATTAGCAAAGAGTGCAAGAATAGAAACCACATTCTTCTAATGCAGATGACTGGAAAGGCCTGCAGGTCAAGTGGAAGAACAACTCAGAGCTTCCCTGGCAACCACATATTAATA,"[[75158400, ""T"", [""A""]]]",yes,no,T->A,1
chr1,116426109,116426375,CGAAGGCCCCAGAATCTGGCTGACTCACTCCAGAAGATGGAGCTGCCAGGAGCCCAGTCAGCCGCGATGGGGCTTCACAAGGATGGCACATCCATGCTGGGCTGTGGGATGAGGACAAGAAGGGACAGGGGCTGCATTCCCACCGACCCACCAATCTAAAGATGCTCAGGGCCTGGTGTGTGTGTATGTGGGGAGGTAGGGGTGGTGGCCTGGGGCACATGCACCTGTATACACTTAGTATTCCTATGAATATGCTGCTACCCACAA,"[[116426198, ""C"", [""A""]]]",yes,no,C->A,1
chr2,185502332,185502758,CAACTTTTTTTAAACAATTATCATAATTTTCAGGTAAATGGCTAGAGGTTAAAAATCTGAGGATATATATTAATTAGTTGAACTCATATGACTTATAGCTATTTAAGGTGTGCATTATCCCTCTGCCTTCTCAGAGGCTATTATTGCTTTAAGGGCTGAAGCCTACACAAGGCAGCCAAGAATGGGACAGAGACAGCAGGGGCCCACTCTAAAGCTGCTGAGTCCATCTGTCATAGCAAGGATGTTAGCATTTACTTTAAAATCGAATTTCCATTCCAAAATGTAATTTCACCAACCACTAACTCTTGCAACATTATATATTTTTACCCAGATGCTATTTCTGGAGCTGTTAGTCATGACTAGCTCTGCATTAAAATTTGACTGAAGCTGCATGTATGTATTAAATCAGTGAGTACCTTGAACTTTA,"[[185502351, ""G"", [""A""]]]",yes,no,G->A,1
chr17,27592069,27592430,AAAGGAAAAATAGGTGGGCAACCTGGGGCAAGTCGAAGTGGGCATCATGAGACCTGCTTTGCTGTGAGGATGGATAGATGACAGCAGAACGTGGTAAATGCTCAGCATAGTGGCTCAGTGTAGCAGCTGCTATTACTATTAATATCATGATGTTCTCTACTTTCGAGCTAACATTTGTTGAGAAGTGTGTGAAAATGGAGACAGTCCTGAGTGAATGCTACACAGAGCTACCCCTGTGTGCCTGAGCCCCCCCATGTGGTGCTTTGCACACCAACCTCCCCTTCTTTACCAGGTTGAAGTGTCACAACAAATGTACCAAAGAAGCCCCTGCCTGTAGAATATCCTTCCTGCCACGTGAGTTT,N,no,no,N,0
chr16,78789614,78789893,TCTTTTGGGTATTCTGGGTCCCTTGTATTTCCATTTGAATTTTAAGATCAATATAATTTAAATTTTAATCATGGCAGTGTTCAATAACTGGCTTGCATATTTTTTGAACAGTCATCAGCTCTTGTGAGCCACGGTTGGCCAGCTCCCAAACACCATGACATACAACTTGCAGGAAAAGCTCATTTTCCAGTTTTTCCCCCTCCAGCTGTAGGGGATATATTTTCGTTAATTCCTGTGACCATATGGCAGCATGGTTAGGATCTTGGGCTTCTAAATCAGA,"[[78789615, ""G"", [""C""]], [78789885, ""C"", [""T""]]]",yes,yes,G->C,2
chr2,176650189,176650569,CATGCAAATATAATGAGCCAGGTTAACCTCCCCGTCTTTCCACTTTGACACCTTGTTTAACTCTAGCTAATGATGCTATGAAAAAAAGTATTAGTGGTTTCAGTTCAGCCCCTGGTGGTCTATATCACATATTGCATAACCTGCTGGTGGGTCTTACGGGCTATTTCTCATTTACAGACAGTAGCCTTTTATAATTCTGTCTGGAAGTGGGGGATTGCAGAGGGAGGGTGCCCTGTTTTAACCTATTTATTATGCACTTGAAAATACTGAAAATGTTTATAGAAGTCAAATTAAATTTTGTAAAACACATTAGTGCATTCATATGTTCAAACCTGAGCCTACAATTCTATACCAACTACTCACGTAAAGTCATTATGTGGA,"[[176650222, ""A"", [""G""]]]",yes,no,A->G,1
chr17,71309584,71309852,TAAAGCCAAATACTTACAGGTAACTGATCTTTGACAAAGCAAATGAAAACGAAACAGGGAATGGACACTCAATTCAACAACTAGTGCTGGGATAATTGGTGAGCCACATGTAGAAGAATGAAACTGGATTCTTATCTCTCACGTTATAAAAAGTCAACTCAAGATGGATCAAGACTTAAGTCTAAGACCTGAAACCACAAAGATTCTAGAAGATGACATCAGAAAAACCATTCTAGACATTGGCTTAGGCAAAGACTTCATGAACAATA,"[[71309609, ""A"", [""G""]], [71309813, ""C"", [""A""]]]",yes,yes,C->A,2
chr5,158832073,158832458,TAAGGATACCTTTTGCTGGTAAATCCCAACAACTATAGGCATCTTCAGAGCCAGCATCCATTGGTAATCACTGATCAAACCAAACACTTTTACATTCATCCTTTAATGTATTTTACATTTCCTTTAAAAGCAGCTGTGTTTAATGTAGAAATACATGTTCTCTAAGTGTAGGGCGACCACTCATCAAATGCTGTTCATAAAGATTCCTTCTCAGTGATGCACACTTTCTGCCAAGGCTCAGCATAAGGCTCATGCCAAGATACATATTTGCCCAATAAGCCATAATGGTTTAATATATCAGGTTGAAAATCACCATTTGTATTTACCATGTTATGTGACTTAATCGTGTATTCTGAAACTATCATTAGAGCTGCTTTCAGTATAAT,"[[158832241, ""C"", [""T""]], [158832418, ""C"", [""G""]]]",yes,yes,C->G,2
chr12,131639993,131640311,TGTCTGTCTCTCTGTCTCCTTCTCTCTGACTCTGCTGCCTGTCTGGTTCCTCTCCTGGCTGAGCTCAGCCATGTGGGGCCACCCCCTCCACCTGCAGTGCCAAACCCACTCCCCTCCTCTCAAGGACATTTATGAAGAGATCCATCCTCCCAGTCCTCTGTCAAAGCCCAGATGTGGGTCCCTCGGGCTTTCACTGCCTGGGGGTTGTGTCCATCCAGCACCAGGTGCCCTGATCAAGATGCTCTGATTGGCCAGGCCTCATCAACAACCATCCCAGAGCTGGGACAGACGCATGATCTGAGAACTGGGGGGGGGGTCA,"[[131640074, ""A"", [""C""]], [131640115, ""G"", [""A""]]]",yes,yes,G->A,2
chr10,117587876,117588190,GCTTTTATGGCCACTCCGGTCACTCTCTTACCATCCTGTTTCATGCTCTGAACAGCATATATCATTCTTGAGTTTATTTCCTATGTGTTTACTTGGTTGGTTGTCTGTATCTACCTTTAGAATCAGCTGGGAAGAGCAAGGGCCTTGCCTGTCTCACTTACCACAGTACCTCTGGGGCCTAGAACCATGGCTAGCTCATCGCAGGCCCTCAGGGAATGGCCATTATTGATATTATAGCCACCATCTGCTTTCTCCTCCCTGCCTTTTTCCTTTTGTCCCAGAATGCACTGGTAAGTGCTATTCCACTGCAGGGCA,"[[117587879, ""C"", [""T""]], [117588111, ""G"", [""A""]]]",yes,yes,C->T,2
chr2,120556973,120557315,AGTTGGAAGGGCTTGAAATGAATTTCAAGTTCAGTGATGGCAAATGGGTTTTCTCTCTGACACCCTGCCTCCACTGCCAGCTGTCCTGAAGCACTGTGGGGAGAAGACTCCAGGCTCAGAGATCTGTGATTGATTAGCTATGTCTGCCTCAGGTGCAGGAAGGAGAGTGGCCCCTTTGCATATCTGCTCTTCTAGATCAAGCACAAATATTGTCTTTTGAGGGTGAGAAAATCGAGACCAAGTAGGAGAAAATAACGTGCCTGAGATGTTGCTAGTTCATGGCAGAGCACAGATATGGCCAGTTTCCCGTGCTCACTCCAGCCTGGACTGTGTTCTGCCATTC,N,no,no,N,0
chr12,68083750,68083952,GTGGGAGCTCCAACCACACATTTTCCTTCCACACTGCCCTAACAGAGGTTCTCCATGAGGGCTCTGCCCCTGCAGAAAACTTCTGCCTGGACATCCAGACATTTCCATACATCCTCTGAAATCTAGGCAGATATTCCAAACCTCAATTCTTGTCTTCTGTGCATCTGCAGGCCCAACACCATATGAAAGCTGCCAAGGTTTTG,"[[68083791, ""G"", [""A""]]]",yes,no,G->A,1
chr2,73961712,73962027,TCTATTGGTAAATACTGCCTTTTAGAAAGTAAACGTTGGCTGGGCACTGTGGCTCAAGCCTGTAATCCCAGCACCTAGGGAGGCCGAGGCGGGCGGATAACTTGAAGTCAGGAGTTCGAGACCAGCCTGGCCAACAAGGTGAAACCCCATCTCTACTAAAAATCAGAAATTAGCTGAGCATGGTAGTGCAGGCCTATAGTCCCAGCTACTCGGGAGGCTGAGGCAGAAGAATTGCTTGAACTGGGAGGCAGAGGCTGCAGTGAGCCGAGATTGCACCACTGCCCCCTAGCCTGGGTGACAGAGCGAGATTCTGTCT,"[[73961726, ""T"", [""C""]]]",yes,no,T->C,1
chr17,20591161,20591483,CCCAGGCCTCGAGTTTAGTGCTAAAGCCACTAGTGTACTTATGCTGTCACCTAACCACCACATGCGACATGGAGGCAGAGGCTAAATATAGGGGCTTTCTTAAGAAAGTGAGAGGAAATTAGCAAGCATTATTAGTGTTTGACTACTGCTATCAAGTGAATTCAAAGGAAACAGGTTTTTATGCCATATTTAAGTTACAGAAACCGGCATGCTTAGAATAGTTTCTAAGGCGACAGAGTGAGACTCCATCTCAAAAAAAAAAAAAAAAAAAGAATAGTTTCTAGAGGTTATTGGAGAATAGAAAGCTAAGAAAACTTGGTATA,N,no,no,N,0
chr11,29985396,29985717,TGAACTCCAACAGCTCCTTGTTTGGATGGCTCTTGTTCCACTCATCACCTTCACCCTGTACTACAGTTATTTATAGACATCTCATCTTTCCTGCTAGACAGTGAGATCTCTGAACCAGGAAACTAACAATTAGGAAGCACCTGCTCTGTCCACACATTGTATTTCATATTTGCACAGATAATACCTCAATGTAATCCTTATAACACCCTTGTGAGGTGTGTCTCATTTTTCTACTTTTGAAGGCAAGGAAACAAAATCAAAGGGGTTAAGTATTTGCCACAGTCTCACTATTACTACGGGCTAAAAAGGAGATAAGAATTAA,N,no,no,N,0
chr16,54236651,54237146,ATTCACCCATTCATTCACCAGTCTATCCAGCCAGCCAGCCAGCCACCTTTGGAGAGCTTATTATACTTCACATAGAGGTGGACAGTATCTTTAATAGACTTTTAATGGTGAGAGCTGTTGAAGCCTGAATTCCTAACTGTGTGACCTTGGCTAAGTCACTGGCTTAGAGTTTGCCATAATTAGAGCCTGCATTAGTCAGAGGCAGGCTAACTTTTAAAAGATAGCTCCTAATATCAGTGGCTTAACATAATATACATTTATTTCTAATTCATGATCCAAAACAGATGTTTTTGATTAATGCACGTCATTACTCCATGCAGTGACTCAGAGATCCAAATTCCTTCGATGCTGAAACTCAGCCCTTCTCTAGTCAAAGGAGTCTTTTCATTCTGCTGGTGCATTGAGTAAAAGTGAGGATTAGCTATGGGAGGCCTAGACATGGTGCACATTCACTTCTGCTCACCTTCCATTGGCCAGAACTCAGTCAGGCCACATA,"[[54236696, ""A"", [""C""]]]",yes,no,A->C,1
chr10,55233499,55233807,TCTTTTTTGCATAGACACGTGTCATAAGGATAAGAAAAATAAAGCCAACTTCATAAAATGCACTGATTCATTTTTTTACTCAAATATTTGAGTAAACTTTACCATTTTTTTCTCCTAACAATCTACCAGATTTGTGCTTTTCTAATCTCCTCCCTAGATATGCAAATTATAAAAGCACAGTGAAGAGAGAGAAAGTGTGGTTTTGACACCTTACTATGTTGGTTTCATGCCTTCATGAGCAATTCACCAGATGTAAAGCATTGGAATGAATAAGATAAAAGCAACGTAATTATTTCCTTTATTTTCTTA,"[[55233516, ""T"", [""C""]], [55233543, ""T"", [""C""]], [55233784, ""A"", [""G""]]]",yes,yes,A->G,3
chr1,85065610,85065965,TGTGATTCTGTATAGTCTTTTGTGATAGTTCTTGTTATCAGGCATTTATGACATACACTCCCTTCATGGCCTTCCCTAGCTGTGTTTGTCTGAGTTTTTAACACAAGTGGCTCCATGCTGATTCTGACAACTTTCACAATGCATTGCATGAATAAAGTGAAGAGAGGAGATTAATAGCTGTTTAAATCACTGTATTATGACAATTTAATTTATGTTACTTATGCCTTCATCTATAGTAGTTCACCTCCTGAATAATAGAAGCATCATAAAAGGATATAGTCATGGGCAAGTTGGAGAGTTAGTTTGGAAGCAGATCGTAGACAGCTGTGAATGCAGGGTTCCTCGTAATCAAGTGG,"[[85065657, ""G"", [""A""]], [85065665, ""T"", [""C""]]]",yes,yes,T->C,2
chr7,157526728,157527004,GCAGCTGCGTGGTGGGGTTGACGATGGCCACATCCCGGGCACCTCTGGCTGCTGCAGGCCTCCCAAGACCGCTTCACACTTCTGTGCCGACCAGGCCACCAGCCAGCGTTGCCTCTTGCAGACCACTCGGCCGCTAGTGGGGTGCGCACAGCAGCAGGCTTTCTGTACCCAGAGAGGCGGCAGCAGGAGAGCCACAGAGAGCACGGGAGCTTCTCCACCTCGCCTGGCCCCTCACGTGCGGAGCACGTCCCCTCCAGACTGAAGGGCGCACATCTTG,"[[157526729, ""G"", [""C""]]]",yes,no,G->C,1
chr4,141065868,141066261,ATGATGTGGAATCAGCATATCTATCTCTATTTTGATGTTGAAATCAGCTGGAATCCTCTCTCTTTATGCAGTAAAATCAGAAAAGGCTTCTTTCCTGAAGCTGCTCCTGTTGAGGTAACACACTGCAGGCATTCTCTGTGCATGGGTGGTTCACATCCCCGGACCTTTCATTCTCCTTGTCTTCTAACCCTTCGCCCTCAACACTATTTGACTCATCTGATCCCAGTGTGTTCCATTTGGAGAGGGATGAATCAGCAAAAACTTCCTCCTCCCACTGTTAAATTCTTTTTCCTTATGACCCTTCCCCTCTGGATGCAAGAACATTAGAACAGGGTGCAATTGTTAAAAGCTATCATTTGTTCAGTATATGTGCGAAAAAAAAAAAACCATTCCT,"[[141066042, ""A"", [""C""]]]",yes,no,A->C,1
chr6,148401654,148401935,GCTATAGCAATGTCATCCATCTCATGGGCCCCAGCAGAAGCTGATGAAACTTAATCAAAAATAAATCAAGAGCAAGTCCAAACCAAATTGGAAGCACATCATGAATATTCGTGAACATCTGGATGTGTGTGTGGGGGGGTGTATGTTTTTTTTTAGTGTGTGCAACAGCAGAGACATGATTTCTTAACAAAGATGCCAAAAGGAAGACAGATTTTCATCTGTGATTTCAAAGGGTGTCTTTGTTTGTATGTGTGTGTCCTTTCTCCTTAGGGTGTGGGTTTC,"[[148401658, ""C"", [""T""]]]",yes,no,C->T,1
chr4,3427756,3428171,GAAAAGAGAAAGAAAATATGTCATAAATGTAAGACTCTGACTTTCTAGAGAATATTTATGCCAAATAGTATATGAAATGAGCTTTTCAATTTCAACATCACTCCTCCAGCAAGTCCCTAGTTAGATGTAGGGAGCCCGGCTGTGTGCGTGGAGGATGGGCCCTCTCTCCTGTCCCATGGGGACTCCCCTCAGGGCTGTGCGTGGTGAATAAGGGCAGCAGATGCCTTGTGGCTTCTCTACAGCTTTGCTCTCAGAGACAGTAGGAGCAGGTTGTCTATGAAACATTCAGATGGATTTGCGAGTCCCTGAAGTCATAAAGCTTTCTTATGTTTAGCATCCGCAGATAAACAGAAAGGTGTGCCAGTGAAACAGAACACAGCTGTAAATTCCAGCTCCAGAAACCACTCGGCTACGGT,"[[3427885, ""C"", [""G""]], [3427911, ""C"", [""T""]]]",yes,yes,C->G,2
chr8,111425543,111425746,GGAGGTGAGTGTTGTGTGCATTGAGTCAGCTATCTTGATGACATCCTTCTCATTTATTTTTAGCTGTAGTGTTTTTCTCTGCCAGGTGAGGGCGATATTATTTTGAAGTAAATCATTTACTTGCAAGACCACTTCAAATACTGTCTTTTATTGAATGATAGTGTTCAGAGACAGTCACAATTCTAAGTTTATGAGCTGTTAAAC,"[[111425588, ""T"", [""C""]]]",yes,no,T->C,1
chr8,49603007,49603228,TATGAACTCACTTATATGCAGCTCAGATAAAAGTTGATTTCATAGAAACAGAGAATAGAAAAGGGGTTATCAGAGGCTAGGGAGGGGGTAGGGATGAGGAAAGGATAGAGATTGATCAAAGAGAACAAAGTTTCAGTTAGACTAGAGGAAGAAGTAATTTACTGCACTGCATGGTGACCACAGCTAATAATAACACATTGTATATTTCAAAACTGCTAAAAG,"[[49603032, ""C"", [""G""]], [49603088, ""A"", [""G""]], [49603118, ""C"", [""T""]]]",yes,yes,C->G,3
chr5,38645559,38645817,ATAGGAGTCTCAGCCCTTCCTGTGGGAAGCTTGGGAGCTGGGATGGCCTTTCAGAGATGTCCTAACTGAAGCAAATGTGCCAGCCTTTGTTTCTTCACATCAGTCAGTTTCCTCACAGTCAGATGGCCACTGGCCATCTCTGGGAGAGAGTGCAACCTTAAGTGAAGGAGTTCTCTGTAGCCAAGGGCAATTCCCAGTGAGCCATGTAGTCATGAATTGTCAGCAGCTGAGAGTCCCAGCAGCTGGAACATGAGTGCAT,N,no,no,N,0
chr11,8529701,8529911,AGAAAGACTCGTTAAAGATAAAAAAAAGGGACCATAAGCCATGGATCGCAGGTGGCTTCTAGAAGCTGAGAAAGGCAAGGCAATGCATTTTCTTCAAAAGCCCCGAGGAAGAACACAGGCATGCTGACACCTTCATTTTGGCCCAGTGAAACTGATTTCAGACTTCTGACCTCCAAAACAATAAGATAATACATTCATATTGTTTTAAGCC,"[[8529720, ""G"", [""A""]]]",yes,no,G->A,1
chr2,190473313,190473573,CCCATCAGTGTGCTGTATTCAGGAAACCCATCTCACGTGCAGAAACACACATAGGCTCAAAATAAAGGGATGGAGGAAGATCTACCAAGCAAATGGAAAACAAAAAAAGGCAGGGGTTGCAATCCTGGTCTCTGATAAAACAAACATCAGAAGAGACAAAGAAGGCCATTACATAATTGTAAAGGGATCAATTCAACAAGAAGAGCTAACTATCCTAAATATATATGCACCCAATACAGGAGCACCCAGATTCATAAAGCA,"[[190473490, ""G"", [""T""]]]",yes,no,G->T,1
chr18,69785522,69785788,CAAGACATTAAATCAAGACAGGTTTTTTTTCCCCTAAATTGTACCAGTTATTGGGAATCTTCTTTTAGGAATAGATTTTCCATTAGTTCATGGGTATGCAGATCTAGAAACCTCAAGAATTCTTTTTGTTCCGTTGCCAGATTTGAAACTCAGTCACTGCCTTTTTATCTCAATGTGCTTTGTTGCCATATTTCTGATGTTTCTTTCCTCATTCCTGACATTACGTTGTCCATTATATTATTCATTTCTCAGTTGCTTCCTTTCTTA,"[[69785539, ""G"", [""A""]]]",yes,no,G->A,1
chr2,143736885,143737375,CACCCAGATCTATCCCTACCCTCAGAGAAAACACTTTAGTAATTTTAGACATAATAGAATATTTTTCTCTCCAAAGAAAATGTTTGCAAAGCAACTCTCTTCCTTTTGTGCTCATATTTCATCAGTTTACATAATATTTAATTAAATTACATAATTACAATAATAAGTACAACTGGCATAAACTTGTTTGGGACTCTCTCCTGGGACTTTCCTCTAGTGGGAACAGATGTGCGCAGTTGAGAGTCATTAACTAGCCGGGAACATTGAATATGTTGTGGGCATTGGTCAATATGTTTTACGGAGGATATAGAGAGCTGATTAAGTGGGAGTCAGCCAAGAGAGTTTCTACTGCATTGCAGCAGTCTCCTGCATTCTCTTCATTTACATGAATGCTCCTGGTTCTTAAAACTTTGTCTCACATTTGACCTATTTATGCATTTTCTAAACATCCTTCAGTAGCTGATATGCAGAAAGCTTTATTACTAGAATTG,"[[143736964, ""G"", [""A""]], [143737114, ""A"", [""T""]], [143737190, ""G"", [""T""]]]",yes,yes,A->T,3
chr1,2165761,2166051,CTGTGCCTCCAGGAGAGGGCTGTGGTCCCTCCCTCTGAGCCGGGCACCTTGCATTCCTGGAAGGGGTGGGGGGAGTGGCGAGGAGGGGGCGGCACCAAGGACAGGGCCCACCTCCTAGGAGGTTTTGTGAGCTTCCCTCAGCCCCCGGCCGCCCCCTAGGAGGTTTCGTGAGCTTCCAGCATCCCCCTGCGGCCACTGTCCCTCCATTTCCCATGTCTGTTGGATGGTGCCGGTTCCAGGGCAGGGTCAGGGACTGGATCCGGCTGCGGTCTGCGTCTCGCCTGGTTCCTG,"[[2165787, ""T"", [""C""]]]",yes,no,T->C,1
chr16,83554605,83554830,TGCCTGATAAGAAAAACTGTCACAAAAGACTGCAAAAACCACAACCTTGCACAAAGGCCATCACAACCTTACACACACACACGCACACACACAAATACTTCTGCAAGGACATCTGCCCAGCAACTGCCTGTCCAAGTACAGACTGATGTCACCCTTATTATTGATCTTTGTAGCCAACAATAACTACTTCAAAGCCATTATGTAATCTTCCTCATTTTTTCCTTCA,"[[83554615, ""C"", [""G""]], [83554781, ""G"", [""A""]]]",yes,yes,C->G,2
chr3,195267212,195267436,CTGCATCTTGCAGCCATGCTGAGGTCCCAGAGCCAACTGAAGGGAAGAGGAGCCCCCAGGCTATCTTCAGATAGTTCTAACACCACTCAAATCAATTCTCCCTGGGAATAAACTGCCCCCTGGACTTTACAAGACAGAAGTGCTCCTTAAAGGGGAAATACAGCACAAAGGGAACAGCACTGACCTAGGATGCAGGTCCAGCCACAACTGAGTAACTTCTCCAGA,"[[195267283, ""C"", [""T""]]]",yes,no,C->T,1
chr7,61054053,61054364,AAAGGACTTATTGAATGCAATCGAAGGCAATCATCACCAAATGAAATCAAACGCACATAAATGGAATCATCATGGAATGGAAACGAATGGAAGCGTCGAATGGAATCGAATGGAATCATCATTGAATGGAATGGAATGGAATCGTCAATGAATGGAATCGAATGGAATCATCATCGAATGGAATCTAATGGAATCATCATGTAACAGAATCGAATGGAATGATCAACGAATGGAATCAAATGGAGAAATCGAATGGAATCCGTTGGAATCATCATAAATGGAATCGAAAATAGTCGTCATCTAATGGAATCG,"[[61054061, ""C"", [""T""]]]",yes,no,C->T,1
chr7,3886479,3886768,TGGAAGTCTTTTGTGTTCTTTACTCTCTGAAAAATTCTGACAATACAAATATTTAACTTTCAGTTGAGTTCACCAGTTGTTCAGTGAGCTTGGTTTCTGCCTATATTTGGGTTGGGTATATTTTCCACTTGACCCTGCCTCAAAAGTTGGCTTTTGGCCAGACATGGTGGTAACACCTGTAGTCCCAGCATTTTGGGAGGCTGGGGCAAGAGGATTACTTAAAGCTACAAATTCGACACCAGCCTGAGAAACAAAGCAAGGACCTGTCTCTACAAAAAATATTAAAAATT,N,no,no,N,0
chr12,115377830,115378177,ATCCCCCGTCATATAAAAAAAAGCATGTTTTAATGTATTGACTTTTGGGGAAACGTTTACTGATGTATAACATGCATACAGAAAAGTGCACAAATCATAAATGTTCGGCGTAATGAATTTTCACAAACTGAACAAACTGGTGTAACCTGTGCCCAGATCTTGAAAGAGCATTCCTGTGCATCTGGATGCTTCCTTACAGCCCCTTCCAGTTTTGCCTGGTTTTCTTCTTTCTATAAATGGAATTATATAGCACGGTTCTTTGTGTGTAACTCTTTTAACTCACTGTTACATTGGCGAGAATTATCTGTGTCGTGGTGTCTAATTGTGTTTCATTTATTCTTATTAGCA,N,no,no,N,0
chr8,144380631,144380893,TGTGCTCAGGCGCCTGCTGCACTCAGGATTATGGGCTGGGTGTAGAAACAGATGTGTGCTCAGGCACCTGCCGCACTAAGGATTATGGGCTGGGTGTAGAAACAGATGTGTGCTCAGGCACCTGCCCCACTCAGGATTATGGGCTGGGTGTAGAAGCAGATGTGTGCTCAGGCACCTGCCCCACTCAGGATTATGGGCTGGGTGTAGAAACAGATGTGTGCTCAGGCACCTGCCGCACTAAGGATTATGGGCTGGGTGTAGAA,N,no,no,N,0
chr4,100680177,100680415,AGCCTGATAGGCAACAGGAAGTTAGTTCATTCACACCGTGTAGGCCATTTAGGGAAATTTGAGCTTTTCCCTATGGACAATGAGAAGCTATTAATGGCATAAAGCCAAGGTTTGGCCAGGTTTTCCCAGCTGTTAATTACCCTTGTTTGCCAACATCAATTTAGGCATATAAGACAGACAGGAATCAAGATAGATTAATACTCCTTGTGAATTTTGTGCTAAAATTGATATTAAAAGCA,"[[100680180, ""T"", [""C""]]]",yes,no,T->C,1
chr6,64590415,64590623,GCCATTCTGGCCTAATTACAGACATGGAGGAAGACGTCTGTATTGAAAGTGCTGGAGTTGCTGAAACTGTATAAAATGCAACATTGGTGGTGACTTCTGAAAAATCAGGCACTGAGCCTGTCAATGGTGGCAGATTATTTTTGAAGTCATTTGCATGTGTAATTTCTGAATATGTCTTTAAAGTAACATCCGGATAAATTTGTAAGTTT,"[[64590419, ""A"", [""T""]]]",yes,no,A->T,1
chr1,202547332,202547572,TCTATTCTTGACCTGGTTATCATGCAGTGAGTGATGGTTATCCACAACTGGGATGTTAGTTCTCATAACAGTTCCAAAATCCAACAGCTTTCTTTGGTTACACAGCATGGAAAGAGTTCTACCAGTGACATGATTAGATAAAGATACTGAAAGTGTGTCTGGACTTTAACCTCTTCATAGGTCATTATGAAAGCAACATTTTCATATAGGAGTTGTACATAAAATTGCAAGTGGCTATTTT,N,no,no,N,0
chr16,58548467,58548790,CCTTGCTATCAGATAATAAAAACGAAATAGAGCCATGTTTCTTAACTCTATACAGCAACAGCAGAATGGCACAAGTCAGCTGTGCAACAGAGAGCCAGGAATTCTTTTGCACTACAGCGTAACCAAGAATGGGGAATATTCCCATCCACAGGTTTAAATATAGTGCTGGTTCCTAAGCCAATGACCCAAGTTATTGAGCAAAGAATGACCACAGCTGTATGCTGGTTCTAGAAGTTTTTCCTCCTAAGAAATAAATGATGGTTTAGAAATTAAAATACTTGAATTTTGTTGAATAAGCCTCAGCTCAGTAGAATTTGACCTTAA,"[[58548506, ""C"", [""T""]]]",yes,no,C->T,1
chr9,24842034,24842341,TGTATAATTCTGTAAGAAACCCAAACTGTTTTCCAAAGTGGCTGTACCATTTTGCATTCCCACTAGCAATGAATGAGAGCTCTTGTTGTTCTACAAGTTTGTTGGCATTTAGTCAGCATTTAGTGTTGTCAGTGTTCTGAACTTTTGCCATTCTAACAGGTGTGAAGTGGTATCCTTTTGCGGTTTTAATTTTCAGTTCCTTAGTGACATATGATGTCGAACCTCTTTTTAGATGCTTACTTGCCATGTGTATATCTGTTTTGTTGAGGTGTTTGTTCATATCTTTTGCTTGGTTTTTAATAAGGTTG,"[[24842136, ""C"", [""T""]]]",yes,no,C->T,1
chr16,5161628,5161873,ACAACCATAAGGTCTGACTGACTGCAGGGTCGGGCAAAAAGAGCCATATGTTTCTTCTTGCAGAGAGTCTATAAACAGACGTGTAAGTAGGAGAGATATCGCTAAATTCTTTTCCTAGCAAGGAATATTAATGTTAATACCCTGGGAAAGGAATGCATTCCTGGGGAGAGGTCTATAAATGGCTGCTCTGGGAATGTCTGTCTTATGCTGTTGAGATAAGGACTGAGATACGCCCTGGTCTCCTGC,"[[5161711, ""C"", [""T""]], [5161733, ""G"", [""A""]]]",yes,yes,G->A,2
chr1,19062694,19062978,TCTGTTTTTCAAGCTCGTGCCTGGATAAGCTGGGCTGGCAACCCAGCCTCTGAAACCACCTCCTGGTCTGGGACCCACCCACCTGCAACTTGCAGGAGGCCACACCCACAGGATCCTCTAGTGCTTTCCCAGCCTCTCTTGCAGCTGCATGGTCATGGGACCTAGCTCAGCCAATCAGATGTACTTGTGCAGATTTGACCCCAGAGCCAGTGATGCAAAGAAGCAGGATCTAGGTAGGGGCAGGTGGCATGGTGGTGGCTGTGGGCACAGCCATGTTCTGTGTCT,"[[19062797, ""G"", [""A""]], [19062875, ""C"", [""T""]]]",yes,yes,G->A,2
chr9,1937256,1937511,AATATATAATATATAATATATATACTATATATACTATACATAGTATTATATACTATATATTATATACTATATATGGTATATACTATATATACTATATATGGTATATACTATATATAGTATATACCATATATAGTATATATAGTATATAATATATAGTATATACTATATATATTATATATAGTATATATACTATATATTTTACTATATATATACTATATATTATACTATATATATGTACTATATATATTATATAGTG,"[[1937257, ""G"", [""A""]]]",yes,no,G->A,1
chr8,106877118,106877322,TCATTCTGTGCGTAATTGTATTTCCATTTTTCATGGGCTGGTCAAATAGAGGAAAATTTGCCTACAAGCAAAGCAGATTGAAAATTCCCATCCAGATGTATCATCAGACAGGCATTAACAAGAGCTTATCATTTTGTCTGGGGCAGACCAAATGTTTAAAGTATTTCTTGAGAATGTTCACATGGACATTTAGTCTCCAATGTTA,N,no,no,N,0
chr1,60071310,60071690,AATAACCCTATTACTAGATAGGTGTTGTTTTATCCCCACTTCATATATGTAGCATCTAAGGCCAAAGATGTTAATTCATTTTCCCAATGTCAAAAAGGCAAGAAAGAATCAGACCTAAGATTCAATTTCACACCTCTCAGCACTGTAGGGATCCCAAATGTATGAATCACGTGCTGCAAACCTCAGTTCCTGTGCAGTGGCAGACATTACTAACTGATTATAGCAGTCACTTTGGAATCCCTCTAGACCTTACAATACTGATAGTAGGGAAGTAGAACTAATGTGCCTTTCTAAAGCCTTATTAAAGCCTGTACTTCATAACAGCAGTCTTGGTGACCTACATTCAGAGATTTTGATTCAGCAGACCTTGAGCTGGTTCCT,"[[60071362, ""A"", [""C""]]]",yes,no,A->C,1
chr18,59805140,59805430,AGCCACTGTGCCCGGCCCAAACCTTCATTCTTAGTGATACAAGCAAAGAGTTTATGGGAGAAAACTATTGTCAAACAAAACATAGTAACAGTTAAAAAGGAAGCAGGAAAATAAGTCTGACTAACTTCTTCCAAACTGTGGTATTGTTCCCACAGGGAGGAGTTCAGAATGGAACTTTTGGATTCTAATTGTCATTGTTTTGCTTGCAAGTAAGGCCTACTCATACTGTGAGATTATTGGTCTTTTGCATTTATTCTTCTGCTTATATCTCTACTAATTAAAAAGTAATTT,"[[59805148, ""C"", [""T""]]]",yes,no,C->T,1
chr2,102661899,102662169,TCTCGGCATAGATTCCCTCATAATACAATTAAAGGATTTAACTGGAATGAACTAAGTATGTGGTTTCGGCCAGTTGTAACCAGAAGAATTTTATCCCGTGCTGATCACTAACTAGGTATCAGGTTCATTGTAAAACAGGTGGGAGGTTGTGGAAAGCTTTCTGGTTGTTAAGGTAACGCTCCTACCTGAGATATTAGCTCTGACACTGCCGTGGCATCTCAGGCAGGAGAAGGATCAAAATGGAGCTTTGGCTCAATGTGCTGAGAGTACA,"[[102661994, ""T"", [""C""]]]",yes,no,T->C,1
chr1,81420854,81421099,AACTACATTAAATGGTAAATCATTAAATATCAGCTGAGTAAAAGCACTGTGGTGTATTTCCCTGCTTAAACCACCAGCATCTGTCTTCTCACATGCAAAGAGTTGCTCTTAACCATCATGCAGTGAAACCCTGACAGAAGGGCCAAGACTGAAACCACACAAAAAACCTCAAATAGCATCTTTTGGGTTTTCAGTTGGCAAGTAAATGATCATCAGCAAATATTCCACAGTGGAACTAAAGCTCAA,"[[81420924, ""T"", [""C""]]]",yes,no,T->C,1
chr17,66808952,66809214,GCCTGCCTCGGCCTCCCAAAGTGCTGGGATTACAGGCATGAGCCACCACGCCCAGCCAAAATATTTTTTTAAAGTCATTTTCCTTAAGCTGCTTGGGCTACATGTGAAATACACTGGACGGTCAACATTCCTGTCTCCTCCCATTTGGGCTGATGCAGCAGATCCAGGGAATGTTACCTGTTTCTGCTGCTAGAAGATCCAGGAAATTGGGAAGGTTACCTGACGCACACATGGATGAAGGCCATCATCTAGAAATGGGGTCA,N,no,no,N,0
chr9,19433195,19433455,CTCACAGAGGGGGATTTGGCAGGGTCATAGGACAATAGTGGAGGGAAGGTCAGCAGATAAACAAGTGAACAAAGGTCTCTGGTTTTCCTAGGCAGAGGACCCTGCGGCCTTCCGCAGCATTTGGGTCCCTGGGTACTTGAGATTAGGGAGTGGTGATGACTCTTAATGAGCATGCTGCCTTCAAGCATCTGTTTAACAAAGCACATCTTGCACCGCCCTTAATCCATTTAACTCTGAGTGGACACAGCACATGTTTCAGAG,"[[19433313, ""G"", [""A""]]]",yes,no,G->A,1
chr5,57715285,57715566,CAAGAAATAATTACTTATAGACCCTTTCACACATTTATATATTTTAATATCTATTATCTCTCTTACTCACTTCTACTATTTTTATCTAAAAAACATGAGTCTACACTGATATCTCCATTTCCAATTCACACTAGTGGGATCATTCTAGCTTTCTGCCTTCTCATGTTTGTTTATTTTTTCATGCCTTCTCATACTTGTAATTCCCTTTTCCAGTGGCGAGAAACCTGGCTACCATTATTCATGACATAATGCCTTATTTGCTAATCATAGAATACAAAGAAA,"[[57715413, ""T"", [""C""]]]",yes,no,T->C,1
chr13,24837621,24837896,GAAATTAAAAATTTCTTCAAACTGAACGACATAATGACACAACCTATCAAAACCTCTGGCACACTGCAAAGGCAGGTGCTAAGAAAAGTTCCTAGCCCTACATGCCCACATCAAAAAGACTGAAACAGCATAAACTGACACTCTAAGGTCACATCTCAAGGACTAGAGAAACAAGAACAAGCCAAACCCAAACCTGGTGAAATAACCAAGATGAGAGCAGAACTAAATGAAATTGAAACAAACAAAAAATACAAAAGATAAATGAAAGAAAAAGCT,"[[24837694, ""G"", [""A""]]]",yes,no,G->A,1
chr2,61894213,61894450,TCTCACTCAGCCTCCCAAATAGCTGGGACTACAGTATCGTGCAACTACAACTGGCTATTGAATTTTTTTAGTAGAGATGGGTTTTTGCCATGTTGGCCAGGCTGGTCTTGAACTCCTGGTCTCAAGTGATTCACCCGCCTTGGCCTCCCAAAGTGTTGGGATTACAGGCGTGAGTCACCATTCCCAGCCTAAAAAAGTGAGGCAAGCTGACTTTATACACATCCTGCTGGAAGAATGA,N,no,no,N,0
chr11,74608479,74608912,GTTTTCCCTGTTATGCTAAGAACAGAGGGCTTACCCCCTCCTAGGCTCTGGGTTTGTGGATGCTCCCTAACTCCCGTGTCCACTTTAATAGGAACCCATTGAATCAGAGCTCCACTCTGGTCTGCATTGTTTTAGCACCAGCTGGCATTTCCATTCTGTTGTTTTTATGTACTTTCAGTATCCCCCAGGGCAGTATATAGCCACACGGACCTGTCTGGTCTATTCAGATCTTCTCATGAGGTGCGAATTACTGTTTTTAGGGCTCTTACTGCAAAGCTGCATTGGTTTTGAGTGGTTCATTCCTAATGGTCTGTAATTTTTATAATAAGCTCTGTAATTTTTAGTGTGCAGTTTTACGGAACATGACTTTTTTCTTCCCTTGAATAAACCAATGAAAATGACATTTTTAGGAGTGCCAGTTTTAAGAGAAAATG,N,no,no,N,0
chr1,14820208,14820699,GGGGCTGGTGCTGCTGGTCAAAGATCACCATTAGAGCAATGCTGGATCATCTATTCAGCCTACTCTCCCTAACTGTTTCCCCGCAGAGGCTTCAGGGCTTTTGAGGGTTACTTAGCCAAGTCATTGCCTCTGTTCCCGGAGCCATCTGCCAATTTCAAGTGCCACATCATCTGGGTATCATGAGAGCCCATCTCCATCTGCCAGCCTGGAAGCAGCCATGGCAAATGGGATGTGTCCCACTGCCCCTGTTTGGTGCCACAGTTGGGTTTATTCTCACAGCTGCAAACCCACGTGCTGGGCTGCACAGCTGCCTGAACGAAGCTGGAGCGTGCAGAACAAACTGCATGGAATGTCACGTGGGGTTTTCCACTCTCGCCCATAGTGAGTTGGCAATGCCTGGCCACGTGTGCTCTGTGGTCTTTGAACTTGATCTGGGAGGACAGAACTTCAAAAGGAAGATGAAGGCCCCAGCAAGGGAGGTATTCCTGTCTT,"[[14820454, ""C"", [""T""]], [14820587, ""C"", [""T""]]]",yes,yes,C->T,2
chr8,76254923,76255157,CACCACCAAAGGTAGCTGCTGCTGCCAGGGCTGAAGTACAAATCACTGGCAATTACTCCACTGCCTACAGTGAGGCAGTCATGCATTTTCACATGCCCCAGGGACAAAGTCCCCTGCCTACAGACACTGCTGCTGTGGGCTGCCACCACCAGGCCAAAATGTGCATGCTACCCAGCCACTTAAATATGACTGTTGCTGTTAAAAGCAGTCTCACCCTCCTTAGTAGCAGGGCTGC,N,no,no,N,0
chr18,73959368,73959664,CATGTGGTACCACCTAACTGTATCAAAAGCTGGAAGTCCTTTACCTACTCAGGTGTGTGGTAAAACAAGGATTTCCCTATCAGCCATATAGAACTCTTGCTTCTAACATGAGCAGCAGAAAATCGAGGGCAGCTGTCTGCATTGCATTGAGTTGGCTGGGTGCCTGCTGGATTAGAACACTCCAGGGCAGGACTTGAGAAACCACAGCAGCGTGGCTGGGACACTGTGATACCCACCCATGGATGGTATCTTCTGGCTCGTGCAGCCACCCTGAGCCAATCAACTATGGCCACAGTA,"[[73959370, ""C"", [""T""]]]",yes,no,C->T,1
chr11,92939317,92939678,TGACAGTATTAATGATTTTCCCTCTGCAATCTATAATCAGATGTGCTCTCACACCCAGGCTTTGATGAGATTTTGCTTTAATGTAACTTCTGAGCACATGTAGAACCTCCACCATCTAATACGTAAGTTATGGGTTCATACACTGCTTTGGAGCAGTCTAACCAAAACTGAAAGATTCACCTGGATTGCCATCTGAGGGAAGACTCAGTGAAACTAACTTTAATTCTGTAAAAGCCTAGGTTTCTCTTTCATTGACACAATCTGTGATCTCTCACAGTTTTTACATTTTACAACTCTGCTGGGCTCATATAGTATCAGGATAATGTTGGCTTCTTCTAACATCTTAAGGTAACTGAGAAGGT,"[[92939621, ""C"", [""T""]]]",yes,no,C->T,1
chr8,5301618,5301869,TAAGGAACTCATAGTTCTGCATGGCTGGGGAGTCCTCACAATCATGGCGGAAGGAGAGAAAGGAACAAAGGCATGTGTTAGACGGCAGCCGGTAAGAGAGTGTGTGCAGCGGAGCTGTTCTTTATAAATCTCGTGAGAGTTATTCACTAGCATGAGAACAGCATGAGAAAAACCTGCCTCCAGAATTCAATTACCTCCCACCAGGTCCCTCCCACGACACGTGGAGATTATGGGAGCTATAATTCAAGATGA,"[[5301629, ""C"", [""T""]]]",yes,no,C->T,1
chr15,92954629,92954965,GGTTTACAAAATAGCGTAAAGCACTACATTCCAAAAATGATTGCAAACAAAGAAAATGAACTCTAAAAAATTGTAGTCAGAGAAGTTTTCCTTGCTATCTCTAGTTCTCCTTTTCTTTGTTCTTTTTACCCCCACTTGGGGGCGATCACCTGCAGGCACTTACTGTCTTGTTCTCCAGTTCCTAACTTGACAGCCAAACTGCAAGAGCGTTGTCATGAGTCTTCGTGCTTGCTGAGTGTCCAGTTATACTTCAGTATGAATGTACTCATCTTTGTGTTCTTTTACATTGACGTTATTATACGTATTGCATTATATTTTCATCTTACAAGCCTCCCTT,"[[92954730, ""C"", [""T""]]]",yes,no,C->T,1
chr2,140736549,140736805,AACAGAGTCCTCAGAAATAATACCACACATCTACAACCATCTGATCTTTGACAAACCTGACAAAAATGAGAAATGTGGAAAGGATTCCCTATTTAATAAATGGTGCTGGGAAAACTGGCTAGCCATATGTAGAAAGCCTTATACAAAAATTAATTCAAGATGGATTAAAGACTTAAATGTTAGACCTAAAACCATAAAAATCCTAGAAGAAAGCCTAGACAATACCATTCAGGACATAGGCATGGGCAAGGACTTCA,N,no,no,N,0
chr18,34359049,34359331,CCAAAAAATTCCTCGCTGTGCTGCTGGGCTGACTTCACCTAGACACGTAAATCTCCTTTCACACTCTCTCCTCCGACTGTCTCCTGGGAGTTTCCCTGCCCTTCTCTTGTAAGTAGCAACCTCTATGCCTTTGCCTGAGAACACACTCCTGCTGGAAGGGACTTCCCCTGCATTCAAACCTGTCAAAGTGTCACCCACAAAGCTTGTGTGTGCTACTGCCACATCATGGTCATATTTTTTCCATGATTGGCCTCCACATCTCAATCTCTCCATAAGGCTTTAA,"[[34359075, ""A"", [""G""]], [34359122, ""T"", [""C""]]]",yes,yes,T->C,2
chr14,85865670,85866141,GGTTAAGTTAAATTAGTCTGGCTATTTCTGAGGTCTGTTATAGCTCCAAAAATTCCAATTTATTCAAATCAGTGTGTTTATTTCCCCATGGAGCAAGAGAAGAAATACCGTGCACGAGCACATGTTAGTAGCTGACCACGCAGAGAATCTGATGCCTTTTCATCACCTGCCTTAGCAACTTAATGGCACATGATTATTGAACTAAAATTTTGATGCATAGTCTAGATTTCTCAACCTCTGGCTACAGAGTTGGATATTACTGCATGAAATATTACTTCTATCTGTAATAACAGAATCACTGGGGGAATGTGAGTTAATTAGAACCTCACTGCAAAAGCTTGGGCAATAGCCCATTAAATGTTACAACTTCAGCAAATACAGATTGTGGAAAAATGCTAGTTTCTAGAAATAGGTTCACATTATTTTGTTATAGGACAACTTAACAATTCCTGTCACCACTGTAACTTCACTA,"[[85865687, ""T"", [""C""]], [85866081, ""T"", [""G""]]]",yes,yes,T->G,2
chr6,39507411,39507837,TGTGGAGCTGTTGCAGGCAGTTGCAGAAGGTCCTGACCTTCCTAATAGGCCTAATCTGGTAATTTTTTTTGGAGGCCCTTGGTGGGCTGTTCCTCCATCACATGGGACATATGCAACCTGGGGGAGGGCGGTATATGTTTTTTCCCCACAAGGCCATAACCTACCATATAACTGCTTGATTCTGTCACAGGAAGCTTATCTCCTTTCCTTTCCTTTCCTTTCCTTTCCCCTTCCTTCCTTCCTTCCTTCCTTCCTTCCTTCCTTCCTTCCTTCCTTCCTACCTTCCTTCCTTCCTCCCTCCCTCCCTGCCTCCCTTCCTTCCCTCCTTCCTTCCTTCCATCACACTGGGTGTACGTAACCTGGGGGATGCCTATATATAATATTATTTCCCTAAAAGGCCATCTCCTACCACTTGACCACTTGATTC,"[[39507431, ""A"", [""T""]], [39507546, ""C"", [""T""]]]",yes,yes,A->T,2
chr20,63392664,63392878,GGCAGGTCAGCAAGGGAGGAGCCGAAGCAAGGGGCAGGTCAGCAAGGGAGGAGCCGAAGCAAGGGGCAGGTCAGCAAGGGAGGAGCCGAAGCAAGGGGCAGGTCAGCAAGGGAGGAGCCACTGCAAAGAAATGAGGGCTTGCTGGGGATGTTATAGGACGGCGCCTGTGCTGTGTGCTGGAGAGGGCCACAGGCAGTACTGATAACGCCAAGGTT,N,no,no,N,0
chr18,43650503,43650765,CATTCTGAGGGAATGGGAATTAGTGCTTCAACATACAAATTTTGGGGGGAAACAATTCAGCCCATAACTGTAGGACTCACAGTTACTGAATCACAATATAACCCAGCTATGGAAATTGAACCATCTCCAGCCAATGTGTTTTTAATTTTTCTCAAAACTTTTTCAAACATCTGAGAAGTATTCTTATTCTATCTTCTTGAAACAAACCAACTGGAATCATGAATCCAGTTCTTCATTTTTAATGAATTTATAACTTTATCATC,"[[43650605, ""G"", [""C""]], [43650625, ""G"", [""A""]]]",yes,yes,G->A,2
chr16,12296948,12297344,TTCCACGGCATGCCTGGCTGCTGCCCGCTAGATGCTGGTGGCACCCCCTTCCCCACAACTGTGATAATCACAAATGTCTCCAGACATGGCCACATGTCTCTGGGATCAAAATCCCTGCTGGTTGAGAACCACTCCTCTAGGATATACCACTTTTTTCCCCCCGCTGCAGAAAGAAGACAGGGTTAGGGGTCGGAGGCTGGAGACAAGGGCAGACCACACCAGCAGCTGCACTGGGGCGGAGGCCACGGCACCTGTTGGGGTCTGGGTTTCCCCACCACACACGGGGCAGTGTGCGGTGAGCTGAGGCCCTGGAGGCTCTGGGCCTTGAATCTCACCTGCTGCCATGGCCAAAGCCTGGGAGTGATTTTCAAGTAATGCCAGTAGGATGTACCACTTC,"[[12296950, ""T"", [""C""]]]",yes,no,T->C,1
chr9,138133148,138133430,GGATGTGCCTTGTTAACAATGTGTTTGCAGGCAGTATGCTTGGTAAAAGTCATCGCCATTCTCCATTCTCCATTAACCAGGGACACAGTGCACTGCGGAAAGCCGCAGGGACCTCTGCCCAAGAAAGCCTGCGTATTGTCCAGGTTTCCCCCCAGTGAGACGGCCTGAGATATGGCCTCGTGGGAAGAGAAAGACCTGATCGTCCCCCAGCCCGACACCCATAAAGGGTCTGTGCTGAGGAGGATTAGTGAAAGAGGGAGGCCTCTTTGCAGTTGAGATAAGA,"[[138133156, ""T"", [""C""]]]",yes,no,T->C,1
chr4,101087898,101088233,TCAGGTGACCTTCTCTGCAGAATTCCCAGTGTTACATTCTTTCATATTTTCATGATGCCGCTTTCCCCGCCTGCAAAAATCTTCCCCAATGACTCTGGTTGGATATGTTCTACTAATCCTTTAAAACTCAGGTCTGCTAATGCCTTCATCATGAATAGTCCCTTGAACCTAATCCATTCCCCCTTGGGGTTAGGATTCCCAACACACTCACTCAGATTGTCTGTCTCTCTCTCCCCCTCCCCACCAACCTGTGTGTGTGCGCGTGTGTGTAATAGCCTGCACATTTATAATGACGGCACTATTCACTTTGTATTTTACTTGTCTGTTTCTGCTTTG,"[[101087937, ""C"", [""T""]]]",yes,no,C->T,1
chr13,22965213,22965578,CTGCACTGGTGAAGGGCTGACCGCGCCTGACGCCGTTAATTGAGCTTCCTCCAAGTGGGACAAGTGAGCGATCTCATTTCTAGGATGATCAAATTTTGCCAGAGCTTGAGCAAAGCTACTCAATCATGGGATTGGAAGGTGGGAGCCCCACGTGGGTGGAACTTCATTCCTGCAGAGAAGATTCCTCCAGAGAGGCCCCAGGCACAGCTACGGAAATAAAAGCGGCCACACCCCATTCCTCTTGAGATGACACGGACTCCTCAGATGCCCCGCTGTCAGCCCAGCGCTCAGCTTCACGGTTGTCTCTCCCCCGGCTCACCCGGTGAGCCTCTGCCCTGGAGCTGACAGGGCCACAGCCAAGGCCCA,"[[22965265, ""G"", [""A""]], [22965473, ""C"", [""T""]]]",yes,yes,G->A,2
chr18,22993369,22993597,CAAATTTAGGCAAGTGACTCTTCATGAGGCTTTGAAGACCATTCCAAAGGGCTTTTCCTCAAGCCGTAAGGCCTCAGATGGCAACTGCACGTTGCCCAAAGATTCCCCAGGGGAGCCCTGTTCACAGGAATGCATCATCCTTCAGCCCTTGAATAAATGCTCTCCAGACAATAAACCATCATTACAAATAAAAGAAGAAAATGCTGTCTTTAAAATTCCTCTACGTCCA,"[[22993391, ""T"", [""C""]]]",yes,no,T->C,1
chr1,5405230,5405615,GCCTGATCTCTGCCCACACTCCCTTTCCTTCCTATTCCTCTAATTCTCATTATTCCTCAACCTCACTGAGACTTCTAGGCCTGGCCCCCCATTGCCTCCCAATTGCCCCCTGTCTTCAATCTCCACTCAGCCCAGCCTAAACTTCATGGAACTTCACTTCAATCTCTTTCTCACCCACACTGAACTCCTGTGTGCACCTGTGATGATTTATTTACATGTCATCTTGACTGGATTACGGGATACCTGGGTAGCTGGCGAAGCATGATTTCTGGGTGTGTCTGTGAGGGTGGTTCCAGAAGAGATTAGCATTTGCATCAGTGGCCTGAGTAAGGAAGACCCACCTCCACCCATGTAAGTGGGCAGCAGTCAATGGACAAAGGGCCCAG,"[[5405278, ""G"", [""A""]], [5405419, ""A"", [""G""]], [5405445, ""G"", [""A""]], [5405465, ""T"", [""C""]], [5405526, ""G"", [""A""]]]",yes,yes,G->A,5
chr16,89540603,89540823,CAAAAAACAGTGACAACACCACACGCTGCTGAGGATGCAAAGAAACCAGATCCCTTGTACGCTGCTGATGGGGGTGTGACGTGGTGCAGCCTCACTGGGAAACAGTTTGGCAGCTTCTTAAAAAACTAAACGTGTGCTCACCATGTGACCCCGTGTCCACATGCGCTCACCACATGACCCCGCATCCACCCTCCTGGGTGCTCATCCCAGGAAAGCAAAGA,N,no,no,N,0
chr9,80320509,80320830,TACCAAAAAGATCAAATGATGCTTATTTTCCTCATTACACATGATGTCATCTATAGAAAATCCATGAAATTGCTAAAACCCAGGGGCCGGGAATTCACATAGTACACAAATAAAAAAACGTCTTTTTCTTGGAATTTTTGGTGATAATTCCTAAGGGCAAAGGACAGTAACCACAGCAGTTGCTCTTTTCAGTCATGATTTGTAACTTTAATTCCAGAATCATAGCTGTATGTGTTTGGAAGAGACTTCAGGAATTTGGATGGATCGTTGGCCAGAGATTATCTTTTGTTTCTCTGTAGTTAGGAAGACTCTCTAGTGATTT,"[[80320618, ""T"", [""A""]], [80320624, ""C"", [""A""]]]",yes,yes,C->A,2
chr15,96020856,96021220,TTATAGTCATAATCAAGTATGTAGTATCTAAACGTTCCCTAATTTATTGCTACAGATGCATTCTGTCTTCTCTGGTTGGCAGGGAGATGTTAGAGGTCAGGGAAGTATGTATAGGCTCCTCTTATTTCATCAGGGCCTCTGAGAGGTTTCTGCTCAGTAGTAAGAGTGCAGCTAGGAATTGCTACTTAGTGAATTAATCATTTTCTTCCCTGACAGCTCTGCAAACATTCATCACTGTTGTTTGTTCCTCTCAATTTCAAGTTCTACTACTATTATGTCTCATAAAGACTGGTGTATATACTTTTTGACAAATATTAAAACTTTGATGAAAGATTCTCTATAAGTCAGGTGTTTACAGCAATACT,"[[96020954, ""G"", [""A""]], [96021103, ""A"", [""C""]]]",yes,yes,A->C,2
chr20,31782913,31783144,CACACACACACACACACACAAAATCTAATCCAGAGGTTGCAGTAGAAGAACTTACTTAGGATTTCAATTAAGGAATGCCCTCTAAGGTTAAGTTAGGTAGATCCCACCCTTTTGTGACTCCCCAAGGGATTGTTACAGCTATTATTAGTGGAGGGAAATGGAAACTTAGTGTGATTCGTAGCATTGGAGTTTATTTCCTGTATCCTTCTTCCATTCCTTTTTGTGCTTCTTT,N,no,no,N,0
chr11,116551560,116552029,CAACGCCTCTCTCCCTCTCTCAACTCACTCCCTTAGAACAAGGACCTCAGATCATCTCCTGTCCCACTCCTTAACTCCAATCAAACCCAGATAGCCATGCAAATGTCCATCAATATCCCTGGCCTGGAATCCCACAAGACCCAGAAATCACTAGCTTTTGATTTATGAAGCACTTTGGTGTCCCTCGCCGGATGCTCTCTACCTCTGCCCTGCACTAAAGACAGCCCACTTCTTGGAAGACAAAAAGCCACTAATTGTTTTCCTCTCCACTCCAATATTGATTAGGAGAGTAGGAGGCTATTGGTGTTTCACCGGCAGCCAGCTGGCTCTCTTGCCTGGGGTAGACGGTCTTTAATAAGACAGAAAAGGAAGGGAAAATGTCTAGTGGGTTGTGGGATCAGAGACCAGGAAGGCTGGTCAGGGGTGAGCTGGGTGGTGGATGAGTTGCATTTGTTGTTCTGCATTTCTGA,N,no,no,N,0
chr8,1876501,1876908,ACAAACAGGCACAAAACAGCCCACATGGAATTCTAAAGTTTTAATTTCATTTTGGAATTTATGCACTCAGATGAAATGATTTATGATGATGTTGAGAATGGGGATGAAGGTGGAAACAGCTCCTTGGAATACGGATGGAGTTCGAGTGAATTTGAAAGTTACGAAGAGCAGACTGACTCGGAGTGCAAGAATGGGATTCCCAGGTCCTTCCTGCGCAGCAACCACAAAAAGCAAGTACGTGTTCCCTGCACATGGGAGGGATGGTTCTCTCGCGTTAACACGGACAGGGGGCTGTGAATATGATTGTGATCCACCTAGTACTTCATAGTGATTTGTTAAGATGCTGATAAGTAGTTTGGGGAAAGCATAAGATATTGGCAAAGGAGAAGACGTGTCTTGTTTCATATA,"[[1876673, ""G"", [""C""]], [1876755, ""T"", [""G""]]]",yes,yes,T->G,2
chr9,91154768,91155045,TGCTGGTGACTCCCGGCATCCCCTCTTGAGCATATTTTGAGGTCTAGAGAACCATTTTGCCCAATAGTGGCTGTCAGATAAGGTCTGTTTGGCAGATGCCTGCAGAGCTGTGTGCCTGCCAACAGACATCCCCTGGCTTCCATCCCACCCTTCCCACTATGAGGAGTCAGAGTTGGTGTTTGGCTGACCACAAGGAACCCAGGCAGAAAAGTCCCCTAAGCCTACTGCAGCTCTGTGGTGTGGCTGAGTGGGATGCTCAGCAGGTGTTTGGGGAGAAG,"[[91154796, ""G"", [""A""]]]",yes,no,G->A,1
chr19,41276330,41276631,GAGAAGTCCATCCATTGTAATATCCTGATACCAGCCACCTTTGTCAGAGCTGCAACTGCAAAAGAGATTGGATTGTGCAATACCATGTCCAAGCAGACAAAACTGTGATGAACTCAAGACAACTACATCATTGCTAAATATCGTATCAGAAAAGCAGGCCAACCATGCATTGCTTCATCAAGCAGATATTTCCTTGGTGAGATTTGACCCAGGTATTATGTAGTCAACCAGTGTAGTGATGACATGTTTGTAGAACTGAGAAAAGAAGTTGTTTGGAAGAAAAGTGATCTAGAAAGAATAGA,"[[41276371, ""G"", [""T""]], [41276472, ""A"", [""G""]]]",yes,yes,G->T,2
chr1,198147238,198147585,TGAATGAGATGAGTTTACTGATGAAAATATGATGACGGATAAAAATAAATATTAAATTAAAAACACAATGAAATATCACTAGCAAAAATTCTGCGACTGGCATTCATTAAGCTAGCTTGAGTTACAATTGTTTGTTATTCCCATCTGTTCTGGGCACACCCACTAGAGTGGCCAAAAATAAAAAGACTGAAAATATCAACCATTGGTTTGGATGTGGAGCAGCATTGCTGGTAAGAGACACAAAAGTGTACACATTGTAAAATCCAGAATACATAACACTAATTTATGGTGATAGAAACTACGTAGGATGAGGGAATTGGCTGGGAAGAAGCTTTCTAGGCTGATGAA,"[[198147331, ""G"", [""C""]], [198147459, ""A"", [""G""]]]",yes,yes,G->C,2
chr18,23680204,23680479,CTCAGGTGGTCCGCCCGCCTCAGCCTCCCAGAGTGCTGGGATTACAGGTGTGAGCCACCGCAGCTGTCCAGCCCTGATGACTTTTCATTGGCTCAAAACTTAGTCATATGACCCTACTTAGATGCAGGTGGTACTGGGAAATGTAGTCTCAGAGCAGGCAGCCACCTCTCAGGAACTCTGTATTGCACCAGTCCTTGGTAGGTATACCATTGACTCTGTCCCATTCCCATTTACTCCACCTCTTCAGGGCCACACCTGTAGCATATTCATATTTTC,"[[23680219, ""T"", [""C""]]]",yes,no,T->C,1
chr16,2057100,2057515,CGCAGCTGATGCGGAACCTCCTTGGCACCCACCTGGGCCACAGCACCATCTACAACATGTGCCACCTCATGGAGGACAGGTGAGTGTGGTGGGTGGGGCGCAGGGCAGTGGAGGCCAGCACAGCCCTCGGGGCAGCTCCAGTGTCCCTTGCCAAGCACACACTGGCTTAGAGAGTCCTTGTCCTCTCGGGCAGCTGTTCCAGAGGCTGCCACTAGAGCGAGGCCCATGACTTCTAGGATCCAGCCCCTGTCCTCTCCTTCCTCTGTCAGTTCAACAGAATATCCACACCCAGCTCAGTGCCTGCCCCATGCTCGGACGTCCTCCAGCGGTGCTCCCCAACTACTTAGCCTGTTACAAGGCGAGGCTCGGGGTCTTGGCTTGACGTTGCCCTTGCCCTCACCCCCACAGCCAGGCTG,"[[2057144, ""G"", [""A""]]]",yes,no,G->A,1
chr5,72205612,72205863,GAGAGAGAGAGAGAAAGAATGAGAAAGAAAAGGAATGCAAGAGAAGGAGATGTAATCACAGAGAGTTCTGGTGAGATACCCAGAGAGAAAAAGAGAGAGCAGGGTGGGGTAAGGAGGAGAAAATAAACCAACAATTAGGTCTGCATTTTCTCAGGCAGTAGGCATTCTTTAGTCTACATAGGCAAAGTTTTCCATTTTTGTCAGTCTGAGTCATCAAAAAGAGTCTTAATTTTCTAAAACAAGTTGGCTAGA,"[[72205668, ""G"", [""C""]]]",yes,no,G->C,1
chr5,99603121,99603384,TGCAGCTGGTCACAGAAACGGAAGTCAGAAACTCCACGGATGAGCAGGATTTGATGTGGCCTGCTTACTTACTAATGGAAGGCATCATGTGGTAAGGAAGGCAGATGGCTTCTAGGAACTGACAGTCAGCAAGAAATCACGAACCTCAGTCATACAGTTACAGAACTGGACTCTGTCAATAGTAATAATTACGGAAGCAATTTTATCCCCAGAGCCAACAGACAAGAAATAAATACAGCAAATGCTCTGATTTCAGCATTGTGA,N,no,no,N,0
chr13,20537005,20537246,TATTTAAGGCTAAATGATATTTCATTTTGTATATTTATCCATTTGTCTATCTAATATTATTCTTAATAGTGAAAGATAATATTTTCCCCCTAATATTGGGAATAGGCAAGAATATTCTTTCTTACATTTTTTATTCAACATTGTATTAGAAGTCCTATCCAATGCAATTAGACAAGAAAAAGAAATAAAAGGCACAAAGATTGGGTAAGAAATAATAATACTATGTTTATTCACAATTGACA,"[[20537081, ""C"", [""T""]], [20537241, ""G"", [""T""]]]",yes,yes,G->T,2
chr6,28406607,28406931,AGGGCAGTGGTGCATGCCTGTAATCCCAGCACTTTGGGAGGCCGAGGTGATAAGATCACTTGAGGCCAGGAAGTTGAGGCTTGCAGTAAGCCATGACTGCACCACTGCACTGCAGCCTGGGTGACAGAATGAGACTCCATCCCCGAAAAAGGAAAGTTAACATTTTGAGTATTTGTCAAAATGCGGATGCTACTGCCCAAGGCGAACAATACCCAAGGTGAACAATATGAACATATTAACAAAATAGTAAAATGTACCTATCCTAGAAGCATCATCTAGGCAGTTCTGTTGTTTAATACAAATGGTTTCTTTGGGAGGGCTAGAT,"[[28406762, ""A"", [""G""]]]",yes,no,A->G,1
chr1,199472057,199472398,CATGGCCATGTGAAATAATTAACATAACAGTAGTATTCTCAAAGGCCCATCATAAAAGTAGGGAAATGTAGAAATCCTTGTCTTCCAGGTTTGCATAAAGAAAACAGAAGATTGTCCTAAAATGTTCTAAAAATTGTGCAAGACTCAGGATCATATATCTCTCAAGCTATTTGGCCTGGATCCAGAGAATGAAGAAGTTAAGGTTTGAGCCCAGATAACAGGGGATAATGGTTCAGTTGGAGAAATAGGGAAACCAAAAAAAAGGATTAAGGAGGAGATGCAGAGGAAGGAGTGAATGAGTTGAAGCTGAAAGGCGGAGTTGAGGTGCAGATGGACTATTCA,"[[199472124, ""A"", [""G""]]]",yes,no,A->G,1
chr14,64850123,64850382,TAGCCCTTTATAGAAAAAGCTTTCTGACTTCTGCTTTTTACCTGTGAAGAGGACAAGAAGGACTGACTGTTCATATGCCTACTAAGCATCGGATGCCTTACTCAGTGCATCACCATTGGGACACAGGACAGGGGACGTCAGGTGGGTGAATGAGTGGCCTCCAAAGGAGTGGTAGGATAAGGGCCTCCCCAGAGGCTGTCCACACACACCTGTGGATGGCTTCTTCAGAATCCCACCATGGGACTCTCCAGAAGGATTTC,N,no,no,N,0
chr10,93775400,93775741,TTTTAGTCCTTGAAATGTAGTTCAACAAACATTATTCAGCCAGGAACTGTGCCCGGGGCTGGGGACACAAAAACAAATAAGGGCAAATTCCTGCTGTAAGAAATATTTAATCCAGTAGTCTCATAATGATCAGAATTTCGTGTAAAGTGAATTCCTCTTTGTCCAACAAATATTTATTCAGTGTCCGCTAGAGGACAGGCGCTGTATCACAGGTGCTAGGGATAAGAAATGAACAAGCAGACAAAAAATCTAGCAGAAATCCTCTCTTTTCTTCCCGTGACGTGCATGGGCAAGTTCTGCCCACTAATATTCATTTCCCACTATGTCCTGCATCTGATTTAA,"[[93775468, ""C"", [""A""]], [93775522, ""G"", [""A""]], [93775538, ""A"", [""C""]], [93775545, ""G"", [""A""]], [93775586, ""A"", [""G""]]]",yes,yes,G->A,5
chr19,45143683,45144102,TCCCACTCCAGCTCTCAGCACAGTTGCCTCTAGCTGATGGCTCCTGTCCTGCCCATCCTGCAGGTTCAAGACGATTTAAACTCAGCCCCACCTGCTTCCTCATTCAGCTTCTGTGCCTGTTTTCCCTGAGGAGGAGCCCTTCTTTCATTATCTCCTTTTTTTTTTTGAGACCGAGTCTCATCCTGTCACCCAGGCTGGAGTGCAGTGGCGCCATCTAGGCTCACTGCAGCCACTCCAGCCCCCGCCTCCTGGGTTCAAGCCATTCTTCTGCCTCAGCCTCCCAAGTAGCTGGGACTACAGGTGCCCGCCACCCCGCCTAGCCAATTTTTTTATTTTTTATTTTTATTTTTTTTGAGACGGAGCCTCAATCGCCCAGGCTGGAGTGCAGTGGCTCGATCTCCGCTCACTGCAAGCCCCACC,"[[45143720, ""C"", [""T""]]]",yes,no,C->T,1
chr9,123543974,123544434,TGTTCCATGTTGTGCTAACAAGGCTTGACTATAATAGCCTTCAAATTCACTATAAATCAAAATTCCATTGTTAATACAATCCCTAATAAATAAACCTTATATGAATGTGGCTTTTATCATGATTGTCAGTAATTTGCTTTTGTAAAATCCTAACATCAACTGAAAAACAACCAACAAGAAATATGGATTAACACTGCTGTGAGAAAGCTAGCCACTAGGTGTCAGCCCAGGAAAAGAGGAGGAAGGGCTACACTTCCCAGCGTTTTAAGTTTTCATCCAATTATCACTACAAATATCAAATATTTAAACAACAAAATATTAGCCAATTAAAATTATCTATTAAAGGAATGTTTTAAAAAAGATATATAAAATTTTGACATTACCCCTTGCAAAATAGTTTATAAAGGTTGTTAGTTTAACCTGTATTTGTCAAGAAACACTTGTATAGATTAGAGAAATTG,"[[123544011, ""A"", [""C""]], [123544102, ""A"", [""G""]]]",yes,yes,A->C,2
chr20,3051471,3051960,GAGGCAAGAGAATCACTTGAACCTGGGAGGCAGAGATTGCAGTGAGCCCAGATCCACTGCACTCCAGGCCAGGTGACAGTACAAAAAAAAAAAAAAGTCAGAGCTGCATAAGCCCCAGTCTTATGCAGTACTCCACAGTGGCTCTGTGGTCACAACAATCCTCCCCAAATGCATTTCCCCTCACTGAGAGTGAAAACACAGGTGTGAGGTTGAAGTTCTCTGGGAATTTGTGTTACAGGTCACTTTTTTGTTTTTTTTTTTTAATGCTGGCTACTGAGGGAGAGAAATGGTCTGGGAGTGAGGTTGTGTGGCTGGGAAATCTGAAACAGATACAAACGTCAACCATGCCTACTACACAGCCTTCTGGCACTACCAGTCAGTGCCCCCAGGTGCTATTGCTGGCACCCCTGCTGCTGCTGTTGGAACTGCAGGAATGTAGGTGCCCACTACAGCTGCCAGAAATGCCCCAGAAGCGAGAAAAGTGAATTTG,"[[3051597, ""G"", [""A""]]]",yes,no,G->A,1
chr8,35060408,35060717,CTGTGAGATTCCTTGGGTGTAGATAGGCTTAGTGTGCTGGCTTTCTCGAATGCTATGCTATTAGTAAACTTGTCAGGTGGACAGACTCAGGACCTTTGGTTAGCCGAGGTGTTGCAAGTAGTAGTGTTAGCTGAGATCCTGCAGCTGTTTTCTCCTTCCTGGGTACAGTGTTATTCTGCCAAGAGGTGTTGTAATGGTCTGAGTTTCTTGACCTTTAGCCGGAAGATGGTGCTTGCAAGAGAGCACCAGCTGTGTAGTAGCAGTGCAATTTGAACTTGCCCTGTGTTGTCCAGGGGAAGTATTCTACTTT,"[[35060547, ""C"", [""T""]], [35060674, ""G"", [""A""]]]",yes,yes,G->A,2
chr10,31084572,31084864,CATTACTTTCATAGTAAAAATATAAAAGTATACATTTTTTAATGAGAAGATTTGATTCCAAGTATGAATAAAAGCGTATTTAGCCTGAAGAGAGTCTGGCCTGTAAAAATCAGACAAACTATAATCTGGGTAATGAAAAGTGACTGCAAATGTGATCACAATTCCACTGGGGATAACTTTTGAAAAAGAGGAGCAGTAAAGACCAGAGTGAAGCAAGTGATGTCATAGCTCTCCAAGAACCAAAAAGGGTATGGTTCAAAACTAACAAAATGAGACGGTTGATGGGATCTTCC,"[[31084599, ""T"", [""G""]]]",yes,no,T->G,1
chr1,76587214,76587457,GACGTGTTTGATAACATGACACCGACTCACTTTGGGAGGTGGAAGGCTAATTAGGAGTCCAGGGATTGGCAGAACATATTGTCTGAGTCCTGGTCAGTACACAGTGAGTGTGTACACTGTTGCTGACTGGCTGGTCCCCATGGAGACATTACTGCTCGATCAGTTCTCCTCAGCGCCTGTGTGTCCAGAGCTGTGACTGTGGCTTTGAGATGCCTGGCTGACGGGCAAAGTTCTCTAGATGCTG,N,no,no,N,0
chr6,49576623,49576932,CACACTCGGCCCAGAATCTACTTTTGGTGGGAGAATTATCAGATGTGTTAACCAAACAAGCCCTAAACCTAAAAATATTACTCAATTTTTCCCTCTGCCTTTCTGTGTAAAAGCTAGCCATAAAGAAATTATCTGACTCATCTTGTTTGACTGTAGGTCATAAGACTCCCATTCTAGAGAGGGTCCTGCCCATACCCAAGAGGAAGGAATGCTGCTCAGAGAGGCCAAGAGGAGTCTAGACAGGCCTGCTGGGTTTCCTCACTCTGTCTGTTAGCATTAGAACACACTCTTATTGTATCTCTCTAATAAT,"[[49576636, ""A"", [""G""]]]",yes,no,A->G,1
chr5,69356150,69356447,TAGAGGGACACTTGGATTGCAATATATCTGAAACTGCTTTAAATATCAAAACTGAAACCAACTAAAAAGAGTGAATAACCAACTTCAGAATTTGTGGGGCTACTAGAAGAGGACTACACTATTTTTGTTGAACTACAGATTGGCGGGAAGAGGAAACACCTGAACAGATACAAACACACTCACATACATTTAAAAGCAGATTAATTTATCAAAAGCAGTAACAGGCCAGGCATGGTGGCTTTGCGCTTGTAATCCCAGCCCATACGAGGTAGGAGGATCTCTTGAGCCCAGGAGTTCA,"[[69356158, ""A"", [""C""]]]",yes,no,A->C,1
chr9,118303239,118303577,TTTTGTTTTTTTTTTAATTTTCTGTAGAAATGGGGTCTCGCTATGCTGCCAGGCTGGTCTTGAATTCCTGACCTCAAGCAATCTTCCTGCCTTGGCCTCCCAAAGTGCTGGGATTACAGGCATGAGTCAACATGCCCAGCCTCCCATTTTAACACTGAAAGTCTCATGTCTTGAGAATCTCTTAGTCTTGGGCAAACCTAGGTGTTTTGTCATTCTGTTGCAACACCTGTTAAAATACAGAAACAGGCCAGGTACAGTGGCTCACGCCTATAAACCCAATGCTTTTGGAGGCCAAAGAAGGAGGATTACTTATAGCCAGGAGTTTGAGACCAGGCTCAG,"[[118303243, ""T"", [""G""]], [118303405, ""C"", [""T""]]]",yes,yes,T->G,2
chr15,63330018,63330493,CAGGCAGGGAGAAGAGCTGTCCCCAAGGACAGGGAAGCCTATTCTCCCTACTCTGCTCACCACCACCAGCTGCTCATGACCTCCCAAGTGGCAGAGTGGCTCCACTGGCCAGACTCCCTGCCCCAGGCCTCTTCGTGTAACCTGAACACAAGGACCAGCCTGTGGCTTGGGGAGGTACTGAGGACATGAGTCTCCACCTGGAGGGAGCTTCCAGTGTTTGTACAGCACAAGCTCTGTTTCCTGCAGGGCCTGTGGCCTCTGCACAGTGGAACTTGGTATTAGGGTTGGTTGTTTCTTTTTTAAATGTAACCAGAGACCATGGTCCCTGGAATCTTAAAAAAACAAACATAATAAACCTAGCCATGGTTTTTCTTCCCAACCCTTTGATGAAATACACTCTCGTTCTTTGTTCCTGAAGCTCCAGATGCTTGTGGTGCCAAACCAGTTCTCGCCACCTGAAGACTATTACTAGGAAG,N,no,no,N,0
chr1,195206829,195207116,TATCCATTCCCTCAAGCATTTATTATTTGTGTTACAATAGGCTTTACTTTTAGAGGACTTGTAGGTCCACTGCAAAATTGGGCAGAAAGTCCAGAGCTCCTATATATCACTGCTGTCACACAAGCACAGCCTTTCTCACAGTCAACATTCCTCACTAGAGTAGCACATTTGTTACAGTTGATGAATATCTGCAATGAAACATCAATATCACCCAAGGTCCACATTTTAAGTTTCACTTTCAGTGTTTTACAGTCTATTGATTTAGATAAATGTATAGAGATATATTGG,"[[195206909, ""A"", [""G""]], [195207034, ""C"", [""T""]]]",yes,yes,C->T,2
chr7,157450606,157450805,TAACTTATTGAGAGTTTTTAGCATGAAGGGTTGTTGAATTTTGTCAAAGGCCTTTTCTGCATCTATTGAGATAATCATGTGGTTTTTGTCTTTGGTTCTGTTTATGTGCTGGATTACGTTTATTGATTACGTTTATTGCATCCCTGGGATGAAGCCAGCTTGATCATGGTGGATAAGCTTTTTGATGTGTTGCTGGATTC,"[[157450750, ""A"", [""T""]], [157450762, ""C"", [""A""]], [157450763, ""A"", [""G""]]]",yes,yes,A->T,3
chr15,33048312,33048616,TATAAAGAAATGAGATTATATATAAGAAAGAATGTTGTATGGTAAAATCTTGTCCTAAAGTAAAATAACTGGTTATTTAATAAGACTGATGTTTAGGACAATTCAGAAAGTCCAGGCATGTTGTAGATGGTCTTTGTAAGTTGTGAAAGGATTCATGAAAGGATATTTATGCACTAAAAGTAAAAGTTTCTAACAGTTACCATTATATCATGTAATTGAGACTACTAAAAAAAAAGTTTTACATGCAAGGTGCGTAAAGAAATACATTAGTCTGTTTTCATGCTGCTGATAAAGATACACTCGAG,"[[33048345, ""C"", [""G""]]]",yes,no,C->G,1
chr2,52409400,52409813,CTCCTCTGCTGCAGGTCTGCTGGAGTTTGCTGGAGGTCCACTCCAGACCCTGTTTGTCTGGGTATCACCAGCAGAGGGTGCAGAACAGCAAAGACTGCTGCCTGTTCCTTCCTCTGGAAGCTTTGTCCCAGAGGGGCACCAGCCATATGCCAGCCAGAGCTCTCCTGTATGAGGTGTCTGTCAGCCCCTACTGGGAGGTGTCTCCCAGTCAGGATACACGGTGGGGCGGGGGGCGGGGTGAGCAGTGTCAGGGACCCACTTGAGGAGGCAGTCTGTCCCTTATCAGAGCTCAAACACTATGCTGGGAGAACCACTGCTCTCTTCAGAGCTGCTGAAGCTGTGTCCACAGCCGCCCCTTCCCCCAGGTGCTCTGTCCCAGGGAGATGGGGGTTTTATCTATAAGTCCCGAACTGG,N,no,no,N,0
chr2,125724060,125724317,TTAAGCAATGATTAGGATGTTCCCAGAGAGATGAAGAAGAGAAACTTATTTACCTAATTTCAAGAAAAAACAGAGTTACAGGGCCAGAATGTGAAACTGGCTGATTGGGCAATTATAAAGCTTCAGGAATTGCTAGACCAGCAAACAAGGTCATCAAAGACTGACAGCATCAGCCTGGAGGGCCTCCTGAGCTAGGATCAGAGGTTTCTTATGAAGGCTCTCAGTAGAACTCATATCAAGTATAAAGCCATTACAATG,"[[125724091, ""C"", [""T""]]]",yes,no,C->T,1
chr21,31795923,31796383,TGGATCAGGGCTTGAACATTTAAGTCTTCTGTGGCAGAAGCAGAAATTCAATTAACAAAACTGTTTCATGGTTGTTGGCTTGTTTGTGACACTCCTGAGGTTCTGGTGAAGAAGCAGAACACAGATGCAAATACAACAATGATGATGTGTTGATCAACTCGTGGATAGACATTGTTCTAAGTGCTTCACATATGTTATCTCATTGAGTTTTCACAACAACCCTATGAAGTATTATCCCCCAAGGTATAGAGAAGGTTTCACATTGCTGGTGTAATCCCAGAGTCTGCAGCAAGACGATCTGACTCATTGACATCATTCTAGGTGTGGTCTCAAATGAGCTTATTCAAGTGCATTTTTGGCAAAGAAGGACATGAATAAAAAGCACCGAGAAATGGGTGGGTTTTTTTCTCTTAAAATGATGGCAGGGGCTGGGCATGGGGTGGATCATGCCTGTAATCCCA,"[[31795941, ""C"", [""T""]]]",yes,no,C->T,1
chr5,58439176,58439514,CTAAAAGCGCCACTTCGCTAAATAATCCAGCAATGGCACAACAGGCTTACTGGACAGAGTGACTGTCTTCATTAGTCAGACTGGCTGGCAGGCTTTCTGCGCAGGGGAACTAGAGAGTTTGTAAGCTCTCCAAACAGTCCCTGAGGTACAGCAGCCAGACAGCTGAGGTCTTCCTAATGAATACTTCAACAAGCCAGAGTTCGCAGGGATAAAACCATTAAGCCACAGAGACAGCTATGGCTTTTAAATTTGATGTGGTATGCTAACTCTTGAGAGGACATTTTAAGATAAGAAATGCAAACTTCCACATTGGGTTGGATTGTCCAAAGCACCTGAACA,"[[58439233, ""T"", [""A""]], [58439234, ""C"", [""G""]]]",yes,yes,T->A,2
chr22,35498071,35498359,TCCAACCTTTGTGGATGCATGTGAATAAATTACTGTTTTTTGTTCTGCTTGGGCTTCATTCCCTGCATTTTCCAGTTCACTGAGAGAATTTGTTATGCTCCACCCCTTTTTCCATAGGCTATGTCATAAGCCCGTGGCCAATGGGCTGGCTGCCTACGTGTAGAGCACCCGCCCCTTACCCAGTCAGATGCAACTGAGGGTTCACATGATATTCCGGCAGCCAAGCTTTCTAACAGGGTTTAGAAGAGTCCCTGGCAGGTGCTGTTATGATGTTCATTTTATAGATGAG,"[[35498123, ""A"", [""G""]]]",yes,no,A->G,1
chr2,155358107,155358452,GCTAAAAAATATATATTAATCTCTTAGGTTGTGTAGAAAACAAAACATAGAATTACGAAGACTCTATTCATTTCTCTTCAATCTTTATGCTTTCTGTTCCTCAGACCCAATAATTCTCATTGTCCAATCTTCAAATTTGCTGATTTTTTTTTGCCTGCTTACATCTACCTTTGAATCTTCTAGTAAATTTTCAACTCAGTTACTGTAGTTTTCAGCTCCAGAACTTTGTTTTGTTTCTTGCTTAGATTTTCTATTTATTTATATCATATTTTTTTCATACTTTAAATTTTCTCAACATTTTCTTATAGTCCCTTGGTTATATTTAAGACAGTAATTTTAAAGTTTT,"[[155358141, ""G"", [""A""]]]",yes,no,G->A,1
chr13,45701445,45701925,TGTGCAAGGAAAAGGGAGGTCTGGAAAGTCCTTGGGCATGCATAGTTATTTCTTCATGTTAACTCCTGAGTTGCATGGCAAATTCAGGGAGAGTTAGTATGAAACGTGGTGGAAATTCAGGCTATGACATCAGCAAGCTTATTCTGTGCAAGCTCCAGTTAGCCATCTTGGTTCCAACCAGTTTCAGCCAGGTTTTTCTTGATCTCACAAGTGGAGGGAGTTTCAGCGGCTTAAGTTTCTTTTCTTATCTGCTATCTTGAAACTCAAAAATTAAGTAACTGGTTTCTTACTCTTTGGGACTTTCCAGACCTCCCATTTCCATCCACCAATCACCTACTAATCTCAGAATCCACCCCCTGAATCTTTTCTAATAAAAATACTACCTTAATGTCAGCACAGAGAGACAGATTTGAGCTTGACTCTTGTCTCCTTGGGAGTTGACTTTCAATATACAAGTTTTTCTTTTTTAAAGAACTTAGTG,N,no,no,N,0
chr19,20240417,20240748,TGATATAACAAGTAGATTGATATAATAAGCAAATTGCAATGGGAAGAGGAGAAAGGAAAAAAAAAATATATATTTACACTCACCAGACTATGGAGGATTCACTACCAGAGTGGGAAGCAACAGCCTGGGCTCTAGCATCGGACATTGCACTCACCAGACAGTGGAGGCCTCACCACCAGATGGGAAGCAACAGCTTGGGCTCCAGAGTCGGCCGCTCATTCCTGCACAGATGAGAAGAGGTCTCATGAAGCTTCAGCCCAGTCTGGTATCCTAGCTCTTTTGTAACTAGTTGTTTCGCATGAGGCCTAGTCACGAGGGCCTTTCATGACCCG,"[[20240479, ""T"", [""A""]], [20240481, ""T"", [""A""]]]",yes,yes,T->A,2
chr4,36391939,36392417,TAGCAATACAAACAGCTGCTATTAGTTACTCAATTAATTAATTTATCTGAGAGGCTGGTAAGCAGTGCCAGGAGCTGATGATCTAGTGATAGCAAAATAGATAAAATCTCTGCCTTCCTGGAACTACTTATGGAGTACTTACGTGTTTCAGGCATTATGTACAGCTGAGTTTTCATAGGCAGTTATTACTGTTATTCTTCATGACAAAATTTTGAAGCAGATTCTCTTCTGGCAAGGATTATACAAGCATAGAATGAGAAGAGTGAGGCTTAGAGGGAGTGAATCACTGATCAGGGTCCAGTGACTAGTAAGTGAGGGAGCTGAGCCTCAGACCCAGGCTTGTCTGACATCTGACTCAGAAGTTTAATGGCCTAATGCCTGCTTTTAAATACTATTTGTGCTATCTCCTATTGCACACCTTTTGTTCTGTGAATTCTTTGACCCTCTCCCACTAACCCCAGGCTACCAGTTTGGCTTTG,"[[36392065, ""T"", [""C""]], [36392317, ""T"", [""C""]]]",yes,yes,T->C,2
chr4,179313873,179314129,GGGCAACCAATCAGAAAAGATGTTTCTGGTTATCCATGCCTTTTTGTTAACATAATAATGACCTGGTATGAAATTCACTCCTTGAAAATAGTAAGAAGGCAAGCTTTTGTGGATCACAGCAAGTTTACATTCAGGCATGCCTACTGCATTAGCACATCCAAAGACAGTCATTATGCACTTGGCACCCTTAATTCCTGTAAGGGCCATCTTATAAACTGTAATCAATGTCTTTCTGGGGCAATAACTCCAAAATGGTG,"[[179313903, ""G"", [""T""]], [179314018, ""A"", [""G""]]]",yes,yes,A->G,2
chr9,81805875,81806186,CCACTGCACTCCAGCCTGGGTGACAGACCAAGACTCTGTCTCAGAAAAAAAAAAAAAAAAAGAAGAAGAAGAAGGGGAAAAAAAGGCAATTCTCATATGCATTAAACGCCAGCCTCAATAATATTAGGTTGGTGCAAAACTACTCGTGGTTTTTGCCACTACTTTCAATGGCAAAAACCACGATTACTTTTGCACCAACCTCAATATGTTTTGCAAGCAGAAAAATTGCGCACATTTTCTTTTCACTGTTTTTGAAACTAGTGACTAGGTGCAAAAAGCTAGAATACTAACAATTATACATTCCTTAGAGCA,"[[81805952, ""G"", [""A""]]]",yes,no,G->A,1
chr3,106545708,106546044,CGTGGAAAGCTGATATTGAGCAGCCCAATATCAGGCATAACAGGAGTTAATTATATAGACTGAACTAATAAAAGAGCCAAATAATCTTTTCATTATCATTTTGTTTAAAACATTCCTAATTCTTTTATTTTGCAGAGTCTAGAAACCCTTTTTCTTTTGATCTATTTACTGCTTTTAACAATTGGGTAAAGTATATGCCTATGAGCAAAATTTGGAGCATATTTCTTTCTTTCTACCTGCTTTCTCCAGAATTTGAAAACTATTTGTAAGTATACTTAATTTATGGCAGTCTAGTTATTTGCATAAGTTCAATAAGGATTTATTTTCTCTTGTAACA,"[[106545804, ""T"", [""C""]], [106545936, ""T"", [""C""]]]",yes,yes,T->C,2
chr4,148118628,148119050,GTTTCTATCAAGACTCAGAGTTGGTATCAAAAAATTAACCTATCCAAAACAGCACTCATTTTACACACCACACAATCTGCTCCAAGTCCTGATGTTAACATATTCCTATTAATGGCATCACTACTGTGGCTAGTCATTTCTCTGCGCTCAAAACCTGTGTCACTCTGACCCACAGCACTTTCATTTCCCTTCCTAGGCAGCTGCCAAGGCCAACTCTACAATGTTTCTGGACTCCACTTGCTCCTGTCTATCATACTACCAGTCATGGTAATACCCCCCATTATTTCCACAGGCTCCCAGCAGGTCTCTGTGCTTCCAGCTGGGCTAAGTTCTCTGTCTCTGCCTCTCTCCTATCCTGTCTCTCTCCTCTTGAATCTATTCCGCCAGAGAGACCCTTATAAAGCCATACAATACAGCTTTGAT,"[[148118694, ""G"", [""A""]], [148118947, ""T"", [""C""]]]",yes,yes,G->A,2
chr13,111937789,111938230,TGGGAAAAAAATGGGTGTTTTTCCCCAATGCAACTTCCTCCAGGCCCAGGCTGCCTTGCACATGTTGCAATGGGAGCTCTGGTTTCTCAGCTCCAAAGTTCATCTGTACTTCTCTGTGTGTGTGTGTGTGTGTTTTTTGTTTATTTTGTTTCCTTGGTGAAAGGCTGATGACTAAATTAAAAGCTTTCCTGAATTCCGTCGGTTGACTCCAGCTTTCCCCTAGCTGTGCACTTAGAGGGTTTAGCTGCGCGTTCCAAGCCAGCTGGTGCCCAGGGCTCCCCTGTTTCCATCTGCTGAGTGCGGGCACCTGCCAGGCGGCCATCAGCACCCGAGGGCCTGGAGGTGGGAAGGGCTTTGTACCCACTGAGCGGCCCCTTCAGGGCTGCAGGCTCCCTGGCTTCAGGTCTCTGTGATATGAGCAGACAGAGGGAATCTGGGAGCA,"[[111937887, ""C"", [""T""]]]",yes,no,C->T,1
chr1,217569036,217569498,TGACATTAGTAAAATATTCATTAGTAAAAGGATGACAGCAAGGTTTATAGTATGAACAACTAAAAAGACAATAGTGATATTTACTTTAAAAAAAAAAAGAACTCCAGAAGAAAACAATTAATATGAGACCAGTACAGATGATGAAATGGGAGTAGACAGATATTTGGGGACACATGTTTTTAATTAGTTAAGTAATACGTTTGACTTGGCTGAAAATACTAGAAGAAACTATATCATAAGGAAGGATATGTTACTCTCTTCAAAATTCTAAATAAAAACAATGAATGTTGTCATTAAGTAAGCAAGCAGAGGGTGGGGTGGATATGTGTGACCCATTTTATGAAGCAAGTATTTAAGGTAATAAATCAAATAAGCCCAGCCAGGCACAATGGCTCACGCCTGTAATCACAGCACTTTGGGAGGCTGAGGCGGGCAGATCAGCTGAGGTCAGCAGTTCGAGACC,"[[217569177, ""C"", [""T""]]]",yes,no,C->T,1
chr5,64653758,64654178,CTGAAACCATGCTTGTACAGCCTGAAGAATTGTGAGCCAATTAAACCTCTTTTCCTTATAAATTATCCTGCCTCAGATATTTGTAGCAATGCAAAAATGGACAAAGGCAATAAGCATGATAGATTGTTACATTAATGGCCTTCAGTGAATCATACCTCTGTATGGATGAGTTTGCTGTCTTGGAACCCAGGTCATATGATTATATGAAAAGTCCAAGCTGATTACTGAATGATGAGTGAGCACATGCAGAAATAGGCCCTGAAACCACATAGAGAAAGAGGCCCAGCCATCCTTCAATCAACCCTAACTGAATGCAGCCTCAAGAGTAGTGTCAGATGAGAACAATAAAAGAAACACTCAGCCAACATACAGGATTGTGAAAAATAATAAATCACTGCTGTTTTACCATGCAGCTTTGGGG,"[[64654058, ""T"", [""A""]], [64654127, ""T"", [""C""]]]",yes,yes,T->C,2
chr2,4588550,4589042,CATGCTCATATGTCCTCTACAGATAATCACAGGCCAAAGTGAGGAATGTGTGAAGATCTTGGCCTCTCTGAAGTCTCATAGACATATGGAAGCTCACCAAGGACCCCATATCTGTCTCATTTCTTGGATGTCCCTGATAGATGCCTGAGGGTTCTGCCATTCTGTTTGCCTGAATCCATGCCACATCTTCATTCTTGCTGAGTCACTTTTCTTCTGTAGATTCATCATCAATGTTGCTCTTGTTACTGATAGTGCTGCTTGAGCATGGTGTCTTACGTTGTTCTACTTCATATCAGGTCAGGCTCCTCTGGCAAAGACTTTCAGTTTTTTTCTCCTCTGGTAGAACTATCACTGTGACTCAGCTGTGGTGGGGGAAGGGCGAAGCCCCAAGTAAGGATGCCACAGGCTCCCACCCTTCTTCCTCAAAATCCAGTTGTTTCTTTACAGTAAATGACCACTTCTTAGTTCAACGTTTGCTTTGGTCAATTTCCAG,N,no,no,N,0
chr6,161695067,161695341,TACAGGCTCCCAGGTCAACCCAGGTGGCCTCTGACATCCCTACCAGCCCCAGGACTGTGGACTAGGACACGGTTTTGCCTAATGACTGATTATATCCTGCCTTGGTTAAGGGCAATAGAATTGAGAAGATTAGCACTGCCCCCAACTGGCTACAAAAGGAATGGAAAAGCTCAAAGGAAGAACCATGGAGGTAGAATATACCGGGAGCCAAGAAAATTGTTTTCAACTACCTGAAATGAGAGAGGTTCCTCTATAATGATGAACAAATGACAGAG,N,no,no,N,0
chr2,24685465,24685722,TGTGAAATTCTAATAAATTGGAACTTGAAGTTTGAAAAAAAATTTTAAAAAGCAAGTCTTTATAAATTCATACCATTTATATCTCAAATGATGGAGACACGATAGTGCTTAAGAGCATAGCCTTTCTGGTATAAAATAGAAATGGCTGTGTCTGACTCTGCTACTTAATTAGCAGCGTGACCTTGAACAAGACACTTGACCCCCTCTAGGCCTCATCGTTGGTAGGAAGGTTAAAGGGTAAGTGTTGCTTAGCATATT,"[[24685523, ""G"", [""T""]]]",yes,no,G->T,1
chrX,39244156,39244559,TGGGGATACAAGGATAAAGGTGACACAGCTGGCCTCAAGAAACTTACAGTCTAGTGAGGCACATAGACAAGTAGAGAGAATTACAATGCTAGATCTGAAGAGCTTGGACATATCAGTCACAAAGGAGGCCATGCTAAGTCATCCGGCTGTCCTGTAGTAGAACTGAGTTGGCTGTGTATCATATCCCATCAACTCTCTGATAATACTGTCCAGATGCCATGACCTCATAAGCAGATGACTCTTATGCTGTATGTCAGTTTCCTTTGAGTGAATGTTTCAGTAATTATGTTGTATTCTGTTAAGGCTCATCATTTGAGATCAGCAAAGTAAGACATCTTCATGGGCAAGAAAGATGATCTTTTCTGAAACCCAAGGTCATTCCCAGAAGGGTGAGTCCTTAGATA,N,no,no,N,0
chr21,43023105,43023459,ACCCCCTGTAGTTTCCCGCATACTCTGGGGCAGCATCTCTGGCTATTTGGTGTTTTCTGCTTGTGTGCTCGTGTTTCCTGCCCTGTTTCTATTTTATGAGCTTTTTAAAGGGGGAGAACAGTATTTCTGTTTCCATGACCTTGAGCTCAGAGCCACACACTCATTGATGGAGTCAAGTTGAGTCACACTGCCGTTAGTTTGAGGAAACAAACCCATCACTGCTGAGGCACATCTGAGGCCGCTCCGTCCCCATGTGATGGGCAGGGGTGTTTCCACGCCGCACTCAGTGTTCCTTTCACGTCAAAGCCAAAGTAAACTCTCACTGCTGACTTTGCTGGTACCGTTCATTCTCTTG,"[[43023149, ""G"", [""A""]]]",yes,no,G->A,1
chr2,110485118,110485529,TTTATTGTGTTCTTTGAAAGAATTACCTTTTGACAACTTGCACGAAGTCTTCACAAGCTTTCGCCAATTCCTCAGCCATCTTCTCCAACGAGGCAAATACTTCATTCTCCACTTCTTTCCTCTCCATTGAGATGAGCAGATGGCAAAGCTGAACGATCATTGGTGAGATGATTCTCTCAATGCCTTTGTTCTGTATCACAGAGCTGATGTCATCCAAGAGGAAAGACTCCATCTCTCTTAGTCTGTGAACAGAAGTTACAACATAGTTTAACTCACACTGACTGACATGTAAACCTACTTCTCTTTGACTTGATGTTCATCTAATTTTACTTCTATGATGAGAAAGAAATCTGCAAAATATCAAAGGGATAAGTTGGGAGAGATATTTTTAGGACCTCACAAGTATGGGATA,N,no,no,N,0
chr2,194391605,194391863,ACTGGGTACATAATGAAATGAAGGCAGAAATAAAGATGTTCTTTGAAACCAATGAGAACAAAGACACAACATACCAGAATCTCTGGGACACATTCAAAGCAGTGTGTAGAGGGAAATTTATAGCACTAAATGCCCACAAGAGAAAGATCCAAAATTGACACCCTAACATCACAATTAAAAGAACTAGAAAAGCAAGAAAAAACACATTCAAAAGCTAGCAAAAGGCAAGAAATAACTAAGATCAGAGCAGAACTGAAGG,N,no,no,N,0
chr4,120886232,120886512,AAAGAAAAACATTTGGTAAAAAGAATTATTTGTTCCAAACGCCTAAAAGGACTTCCATAAACAATAAAGAAAACAAAAGATTTTAAACAATTGAAAACATTTTTTCCCAAAACTAAAACACATTGGAAACCTGGTACTGAACCAAGTTCCCAACAGCAGGACAGCTGTAATCACATAATAACTGCAAAGAATGAGAAAAACATGTAAACAAAATGTCCAGTTTAATATCCAACCAATCTGCTCCTTTAAAGACTATATTTCAGTCAAATCAACATCATCAT,"[[120886272, ""A"", [""G""]]]",yes,no,A->G,1
chr5,37966301,37966685,CCTTGGCAAACCCAGAAAGCTTTAGCAGTTAGCTGAGTCAATTTATTTAAATGAATATCAACTTCTCCATCATGAGGAAGAACTGAAAATTAAATCAGCCTAATAATAACCGTTTGTTTCTCCCTCTGCACATACTGGTTGGCAAAACTTCCGTCTGCTTCCAACCAGGACATTTTATTCATTTCTGGTTGCATTCTTGTCATCCCAGTTCAATATGGATTTTTTTTTGTCCTGGAGCTAATTAGTTGCAGCTGATATTTACTCAGCATCAAACTTTTTGGAGATAAATACAAGTTGAATAGCCAGTTGGTGGGATGGAGTCTATTTTTTTTCTGTGTAAGTTTGTGCCATCTTTACTCTCTTCTCTTTTACATTTTTCTGCAGA,"[[37966361, ""G"", [""A""]]]",yes,no,G->A,1
chr10,133370026,133370420,CTCCAGCTAGCAGGAGTGGAAAGGAGGTTCCAGTTACCAGAGAGCAGAGAGCCCACCCATCCTATATCTCTCAGACCAACAAGGAACTTCAGAGCACACCAGACACAGGCAGTGGGGTTGCTGGGCACGGCTGACACCAGGCCACGTGGACAGCTGTAGGGACGCTGTAATGCCAGCTAGAACAGAAGTCACGCAGAGGGGCCCTGAGGCAGGCAGCAGGTGCAAGGGAGGCGCCCACAGAGGCTAGGCATATTTGTCAGGGCATAAGCCCTCGACACACACAAAGCCTGACTGCCAAGGACCTAAACCCCTTTGAAGAAGCTGTTTTGCTGGTGGAGCACATGCAGCTCTCTGGCATACACAAAGCTGCTCATGCAAGCCGTTCCCATGACCGT,"[[133370298, ""T"", [""C""]]]",yes,no,T->C,1
chr11,40302709,40303035,GGGTTCTGTATATACTATGACTTAGCAATGCTTTAGTAACTTTTCATCATTTCCCAGACACACTTAGATTTTTGTAAAAGATTACTGTATATTTAGAAAGGGTGTATGCTTGATCCAAGAAAACAGCATGGAGTCGAGCCAAGAACAGCAAGTCTGGAATTTCATAGACCTCAGTCTGAATCTGACATTCATTGTTTGTGCTTTAGGAGAACTGCAAATACTTTAAGGCTGGAACTTAAGGGAAATGTGTGGCAGGGAAGAAGATAAAATGCCAAGAAATGAACCTCCATATAACAGCCACATCAAGAATTATTATTTTTTTCTTTT,"[[40302775, ""T"", [""G""]]]",yes,no,T->G,1
chr2,158380786,158381194,GTATAAAGAGTCTCAAGAAACAGTTCCATACATACATGATCACCTGATTTATGAAGAAGTGAGTCATACTGCTGTGCAGTATGGAAAGAACAGTCTTTAATAAATGGTCCTGGTTCTGTTGGATACCCACATGGAAAAAGTGATTCTTGATCTCCTACTTCCCAACAGTCACATAGATCAAATCCAGATGTACTGCAGATCTAAATGTGAAAGATAAAAATGAGCATTTTGGAAGAAAACAAAGGAGAACATATTCATGACCTTGGAATTGGCAAAGATTTCTTTTTAAAAAAATGTTCATCTTAAATGGAAAACATAATAAGTTGGGAAATACTAAAATTAAGACCATCTATTCATCCAAAGACACCATTAAGGGAGTGAAAAGGGAGCCTGAAGAGCAGGAAAATCC,"[[158380796, ""C"", [""T""]]]",yes,no,C->T,1
chr2,155455807,155456086,TCTCAATTGCTATTATATTTTAGCAAGTAAGTTCTAAGTAGAATTAATTTCATCAGATGTTTTGCAAAAGTCCTTGAACAATTGTACATGCAATTGTATTTACATTTAAAAATGTGGTTGCTGAAGCAGGTAAACCAGGTAAACTGGATTTGTTACTAAATAGTGCTTTTGAAAAGGCAGTTTGCACACCAGCTTCCATTGTAACTTGAAAGAAATCTTGGCTGTTGTACTGAAAGGTATCCAGATAAGAAAAAAAAACACTCTAGCTATTTGAAACAGA,N,no,no,N,0
chr11,41039530,41039902,TGGCCTACTACCAGAAATAGGCTATTAGGACAGCTTGCGTGGTCAACACAATATTTTGTAAATAACTGGAGTTAGTCGTCACTGTTTAAGAAATTTTGCATTTAAACAAACAATATTTTAGGCTTCTCTTAACATACCAGGAAATCTGAGAGCGCTGGACTGACTTTCCTACCTGCCAAAAATTGGCTAGAATGAAGTAAGGAAACCCTTTTAGAGGAGGTTATACACTCCCCAGCTTACCACAGAAACTACTTGCTATTTGATACCAGCCCTCCATTAGTGATTTGATCTTTTGGTTTCAGTTTCTGCTTGTGTTAAAATATGACTTGAGGCTGAGCGCGGTGGCTCACGCCTGTAATCTCAGCACTTTGGG,"[[41039799, ""G"", [""C""]]]",yes,no,G->C,1
chr4,23966796,23967023,CCTCAACCATTACAGCAACCTGTGTATGAATTTGTTAGCACTGCAGGTTCAACATTCAGAGGAGAGGGCTTCTGTCTGGGAATGGAGAGAGCCAGCTTCTCATCACGCCATACTGCCCACTAGCTGTTGGTGTGAGGCCATGCATCTCCCAAAGCATTTCTTCATGTGTGAGTACAGGAAGAAATCTCTGTCCCTGCCTACCTCTCAGCCTTGTTGACAGCATATGCA,N,no,no,N,0
chr1,56904733,56905057,TTGGACTCTCAGGTTCTATGATTCTTTGTGAGTCACAGACTCCCCTTGCTGGCTGGGACCCTCTTTGGGGTCTTAGATGGCAAATCTCTGCAGTCAAGTCATGCTTCTCAAGTCAGACTGGAATTCTCTTCTCCCAGCATCACGTGGCAGGCTGTTGCCAGATCTTTCATGAGCATAATCACACAACAGGCATCCTCCAGCCCCCATTAATCAGCCTGTCCTGTGGCTTTAATTCAGCAGCACTCCACCATCCACCTAAGTAATCACTCTGGCTTCTGCCAGTGAATTCTTTTCATCCACTTTTGTTTATCACTGTTGAAGCATT,"[[56904737, ""G"", [""A""]], [56904762, ""A"", [""G""]]]",yes,yes,G->A,2
chr8,116622685,116622916,TGTAGGTCCCACGATTCCATGTGCTGTGGGAGGAACCCAATGGGAGGTAATTGGATCATGGGGGCGGGTCTTTCCTGTGCTGTTCTTATGATAGTGAGTAAGTCTCATGAGATCTGATGGATTTATAAAGAGAAGTTTATAAATCCTTATAAACTGCAGAAGTTTATAAATCCTTATAAACTGCAGAAGTTTATAAATCCTTATAAACTGCAGAAGTTTATAAATCTTTATA,"[[116622690, ""C"", [""G""]]]",yes,no,C->G,1
chr18,816298,816736,TGCCTGAGCCTGCTCCTCTAGTCTTCCTGTTGATTCTCACCATCCTCCAATAAATTCCGTTTATGCTTCAATAGAGACCATTTTTGTTCTTTGCAAATGAAAACCATTACTTAGTCTTTGCTACTTACTTGTGCAGCCAACAGTAAACTCAGGAGCTGTGAGGGTGGCATCTCCTGCCACGTGCTTGGAGAGGCAGTGGGAGTGGGATGGGGAATCCAGTTTTCACAGAGGATGAAGCAGGCACAGCCAGAGGTGGGAGATAAGAGATTGTGGGACCCCAACACTGAGACTTGAGACTTGTGACTTTTGTCACATAGAAGACCCCAAACCTAGAACAGAGCTGGCAGGTCAGTCTCTCCTCCTGCTTGCCCATGGCAGTCATGGCTTTTAGACCATGGCATAGCACATACTCTCCCCCAGAGCATTAATACCATCCTCA,"[[816356, ""C"", [""G""]], [816703, ""T"", [""C""]]]",yes,yes,C->G,2
chr1,71901308,71901690,ACCATTTATTAACTATTTCTGGCACATTCGTACAATTATTACTATCTGGTACATTTCTTATTTATCACGCATCTTTCTTCGCTAGAATGTAGGCCCCATGAGAGCAGCCTCTTGGGGCTATTTTGTATATTGCTGAATCTCTAGCTTTTACATTACATATAGTTCAAAGTGCTGAAAACACTATTATTGAATGAACAATCAATTTCATTGATCTAGGGTGTAGGTAATTGGCTTAGAGAAGATAAAACAACCTTTAAAATGGGCCCCTGGGGTTAGAGTTCCCTCCTAACCACAATGTGACATTGTGATACTGATGAGCTTTTTTTCTAAACACCATTTTTCTAAAAATGAGATATAAATTTTTTTTTTTTTTTTTTTTTTGA,N,no,no,N,0
chr5,116867623,116868040,AAGAGTTGGGGGGTCGCAAGGTGCTCAGTGGGGGTGCTTTTGAGCCAGGATGAGCCAGGAAAAGGACTTTCACAAGGTTATGTCATCACTTAAGGCAAGGACCGGCCATTTTCACTTCTTTTGTGGTGGAATGTCATCAGTTAAGGCAGGAACAGGCCGTTTTCATTTCTTTGGTGGTGGAATGTCATCAGTTAAGGCAAGGACCGGCCATTTTCAGTTCTTTTGTGGTGGAATGTCATCAGTTAAGGCAAGGACCGGCCATTTTCAGTTCTTTTGTGGTGGAATGTCATCAGTTAAGGCAGGAACAGGCCATTTCACTTCTTTTGTAGTGGAATGTCATCAGTTAAGGCGGGGCAGGGCATTTTCACTTCTTTTGTGATTCTTCAGTTACTTCAGGCCATCTGGGCATATTCGTGCA,"[[116867624, ""G"", [""A""]], [116867781, ""A"", [""G""]]]",yes,yes,A->G,2
chr11,46729650,46729908,GCAAGTTGCCTAACCTCTTGGTGGCTCAGTTTCTTCCTCTGTAAAATGGAGGTAAAAGTCTCTATCCCATAAGGTTATGGGAGGGTTAAATGAAGTAGTATATATTAATGTACTTGGCATAGTATCAGTCACCAGTGAGCTCAGATAGCAGCAAGAGGCTGCGGGTAGGGAAATGCCATTCATTCAGTCACTCAGCAAATATTTATTGAGCGCCTATCACGTTCCAGGCAGCGTTCTAGGGTATACAGCAGGGACCCAG,N,no,no,N,0
chr2,200189967,200190319,CCCTGTGGTTTCACCTTATTCTCCCATGCCTTTTTCCATGTAACTTTGCATTCTTCCTTATGCCATTGATGTTGGGCTTGACCATGTGACTTGACTTGGTAAATGGAATGCTAGTAAATGTTGTGAGCAGAGACTTGAAACATGCTTTTGTGTTTTGGCTTGTGCACCAATCCTTCACCACGAGGACATTCCCTGGGTGGTCACGAGTCCAGGAAGGATGAAAATACATTGGGAGCAGACATGGAGTTAGTCAACAGCCTGCAGCTAAGCCCAACAGACCTGCAGCCTTAAAAAAACCTCCCAGCCCATAAAAACTGCACTTCAGTCTACTTGCAGACTGGTGAATATGAAGA,"[[200189986, ""A"", [""T""]]]",yes,no,A->T,1
chr2,225296905,225297299,TAAATTAAAGGAAAAAACTTAGTGTGCTGTAAGTCAAGGATTATCAGAGTTTAAGGAAAGGGGAAGAAAGTGTTATTTTATACAAGAAGGATTCAGTTATAATGCATACATTGCTTAGGTTTTAGTCTCACAAAGCCAGCTGATGTCCTTCTGCTGGAGAAAAAAATAGAATCCTCATGGGACAGGGACTTTAACAGTGTGTTTGTTATTACCCATCTGAACAAGACTGAAAAAACACTACATTTCTCCTTAGCGCTGTACTGCTCCCCCTGCCCATATGTTAACAAAACCAAGCCAAGTTAAAGGCATGGCATTCTAAACCACTCTGTAAGTCATGTAAAGAAAACTTAAAAAGAACTTTTGCTCTGAGGCTATCCTGTGCTCCTAACTCCTAG,"[[225296917, ""G"", [""A""]], [225297239, ""G"", [""A""]]]",yes,yes,G->A,2
chr19,18183492,18183955,ACAGGTGCGAGCCACGAGCCAGCATGCGTGGTAAATTTTTGTATTTTTTTTTTTTTTTTTTGCAGAGATGGGGTTTTGCCATGTTGCCCAGGCTGTTCTTGAACTCCTGGCTTCAAATGACCTACCTCCATCAGCCTCCCAAAGTGCTGGGATGGATGACAGATCTGAGCCACCACCTGGCCAAGCAATTCACTTTTATTGCATGTATTGTTCTTAGGTTTATTTTATAGTTTTACAGTTTACACTTTTATAATCTTCAACATCTAAAGATAGCATAAGCCTGTTTGACTAGTCTTAATTTACATAAGCAAATGTGGTTTTCTAAAGTCAATGAAATAGAGCTCCTTTACAAGTTAATCTTTAGGAATTCCATCAAGAGGAAGAAAGTGTTACATACCTATAACATATATATATATAAACATAAATAGGTGCAGTCAGAAATCTTATAGCTTTCATTTTAAAAT,"[[18183764, ""A"", [""G""]], [18183872, ""G"", [""A""]]]",yes,yes,A->G,2
chrX,7828556,7828940,ATGAAAACATTTTTTTTAACCCATGGAAACATAAGCAATGGAAAAAAAGTGCATGTGAATAAACAGCTTTATTTTGGAAATCTAGGGAAGAAAATATAGCACACCATTTCCCAATTTGTTTTCCTACTCAAGACTTGTGTTGAAAACACCAAGCCAAAGATAATCCATGGTTCTTAATCGTATACTGTTAGATGTGCATGACCAAGCGTTGTCAGATGTGCATGACCAGGCATTGTTACAGCTCCCCCTATTGACCTATCTCCTGTCTTCTTCTCATTAGAACATTTGTTCTTTGCCCCAGAGTAAGGCATCTGGCCATATTTTCATTAATTCATTCTAATACCTATTTTGAGGATTAACATATTTAATATGCTTATATTGAATA,N,no,no,N,0
chr4,71959119,71959332,TATATATATATACACAGTTACCTCCCATGAAACTCACAGCAACTTCCTGCCACAAACACTTTCGTTTTTATATGTGAGGCTCTTTTAGCCTGGCTTCACTTGTCTACTTTTGTAATTTATTGTCCATCTTTTTCCCCTTCCCTCAGCCTACAGCAATCTATCCTAAACATGAATGTGGTGGTAGCTTGGACTTCACTCCTCAAAACCTCAAATA,"[[71959131, ""T"", [""C""]], [71959199, ""C"", [""T""]]]",yes,yes,T->C,2
chr21,7262651,7263146,TATTGGCCCCCACTCTCTTCTGGCTTGTAGGGTTTCTGCCGAGAGATCCACTGTTAGTCTGATGGGCTTCTCTTTGAGGGTAACCGACCTTTCTCTCTGGCTGCCCTTAACATTTTTTCCTTCATTTCAGCTTTGGTGAATCTGACAATGATGTGTCTTGGAGTTGCTCTTCTCGAGGAGTATCTTTGTGGCGTTCTCTGTATTTCCTGAATCTGAACGTTGGACTGCCTGCAGAGTGTTTTCCAACTTGGTTCCATTCTCCCCATCACTTTCAGGTACACCAATCATACGTAGATTTGGTCTTTTCACATAGTCCCATATTTCTTGGAGGCTTTGCTCATTTCTTTTTATTCTTTTTTCTCTAAACTTCCCTTCTAACTTCATTTCATTCATTTCATCTTCCATCGCTGATACTCTTTCTTCCAGTTGATCGCATCGGCTCCTGAGGCTTCTGCATTCTTCACGTAGTTCTCGAGCCTTGGTTTTCAGCTCCATC,N,no,no,N,0
chr3,189745599,189745966,CGGGAGGCTGAGATAGGAGAATCGCTTGAACCCAGGAGGCGGAGGTTGCAGTGAGCCAAGATTGCACCATTGCACTCCAGCCTGGGTGACAAGAGCAGAAACTCCATCTCAAAAAAAAAAAAAAAAAAAAAAAGCCAAACAGAAATTCTGAAACTGAAGAATTTACTAAGTGAAATCCAAAATACATTTGAAAGCTTCAGCAATAGACTAGATCAAGCAGAAGAAAGGATCTCAGAAATTGAAGACAGGTTTTTAAAAAATAACACAGTTAGATAAAAATGAAAACAGAAGAATTAAAAAAAATCAAAGCATACATAACATATAAGATACCTCAAAGGGACAAAACATTAGAATTTTTGGTGTTTCCA,"[[189745756, ""T"", [""A""]]]",yes,no,T->A,1
chr11,37435322,37435555,TGCATGTTGGGAGAACCACTACTCTCTTGAAAGCTGTCAGACAGAGACATTTAATTCTGCAGAGGATTCTGCTGCCTTTTGTTTGACAATGCCCTGCCCCCAGAGGTGGAGTCTACAGAGGCAGGCAGGCCACCTTGAGCTGCGGTGGGCTCCACCCAGTTCGAGCTTCCTGGCTGCTTTATTTACCTACTCAAGCCTTGGCAATGGCGGGTGCCCCTCCCCCAGCCTCGCTGC,N,no,no,N,0
chr17,34000813,34001057,TGTCTTTGAACTCACTAAATCTGCTTGATTGAGTCTGCTGTTGAAACTCTTTATGAACATTTTTAGTTTAGTTACTGTGTTTCTCAGCTCCAGAATTTATCTTTGGTTCTTTTGTGTTTTTTCTGTCTCTTTGTTGAACTTCTCATTTTTTTCCATGTATTGTTTTTCTGATTTTGTTTACTTTTCTATCTGTATTCTCTTATACTTCACTAAGCTTCTTTAAGAGGATTATTTTAAATTATTTG,N,no,no,N,0
chr1,196380283,196380695,CTAATGTCTGTCATTTTCAGTTTAAAAGCTTCTAAAATAAAAAATTACAATTGAGATGCAAATGCATTGATAAATATGAATCAAAATTGTCTTCAAGTCCCTTTTACTTTATGAAAAATATAATTGATAGTTACTTTAAAACAAGTCAGAATATTTTCTTAAAGGTCTACATCACCTTATATTCTGAGCTTTTGTGTGATTTAAAGTACTAGAAACCTCTTCCATGCAGTTGCTAGGTAACAGCTCTTTGGAAAACAGTAAATAGTGGAAAGTGCAGTAAACCAATCTAGTGCTGGGTTTTAATTTACAGAAATCAAATATCCTTTGGAAAATGGCTTTTAAATAGAAAAACGAACCAGGGTGGATTTTAAAATCTAAATGTTAGTCATTTTTATTTTATGGGGAAAAAGTTT,"[[196380403, ""A"", [""T""]]]",yes,no,A->T,1
chr15,65867283,65867522,ACCAGGATCAATACTTTGGATCCTTCAATTCAATCAAGCTGACACTCAGTATTAACCAACACACCATTTTTATTAGTCATGCTTGAGACTAAATTAAACATTAGTGTTCTTTTTTTTTTTTTTGAGGAGTCTTACTCTGTCACCAGGCTGGAGTGCAGTGGCGCAATCTCGGCTCTCTGCAACCTCCATCTCCTTGGTTCAAGCAATTCTCCTGCCTCAGCCTCCTGAGTAGCTGGGATT,N,no,no,N,0
chr3,78581258,78581699,CAACATGGCTGTTTATTTCACCTGGGTGCAGGCGGGCTGAGTCCGAAAAGAGAGTCAGCAGAGGGAGATAGGGGTGGGGCCGTTTTATAGGCTTTGGGAAGGTAATGGAAAATTACAGTCAAAGGGGGTTGTTCTCTGGTGGACAGGGGCAGGGGTCGCAAGGTGCTCAGTGGGGGTGCTTTTTGAGCCAGGATGAGCCAGGAAAAGGACTTTCACAAGGTAATGTCATCACTTAAAGCAAGGACAGGCCATTTACACTTCTTTTGTGGTGGAATGTTATCAGTTAAGGCGGGGCAGGGCATATTCACTTCTTTTGTGATTCTTCAGTTACTTCAGGCCATCTGGGCGTATACGTACGTGGAAGTCACAGGGGATGTGATGGCTTGGCTTGGGCTCAGAGGCCTGACATTCCTGCCTTCTTATATTAATAAGAAAAATAAAA,N,no,no,N,0
chr15,28347440,28347873,GGGGGTTGACCCCCCTCTGGCCAGGTGGCTACCTTCTGACACACCAGCCTCTGTCTCTAGCACGGTGGCCCCCACACACCCAGCCTGTGAAACCTACAGCCCTCAAGAAGGCTTTGGCCAAATTAATGAGCGGCTCCCTCTCCCAGGAGGAAGCACAGGTGAAGGATGTGGAGGGCAGTAGAGTTGTGTGTGCTCCGCCCCCTTTCTCCACAGTCGGATGGAAAGAAGGGGGCTTTCAGCCAGGCTCGCCCAGCCTGGGGTCTGAGTGTCACTGTCCAGCTATTGGCTTCTTGCTTAATGGGTGAGCCCAGCTGCTCCCGTGCAGCTGCCGCCCTAGTGAGGGTGAACCGGCAGGCGAGTTACATTTCTGAAAGCCTGGGAATACAGTAAATATTAGGCTGTGGGCTGCTGGGCCAGGAAGAGTTGTTTATTTT,N,no,no,N,0
chr6,119655178,119655442,AAAAGAAAATTAAGATGGTTTTGTTATCAACACAGAATGATTCCAATTTATTACTTTGGTGCCCAGGACTACTAAGTGTAATGTGATCATTTGTAATAACTCAAACTGGGAGATCTGAGTGGTGAGAAATCTAAGTATTCTGGGAGTCAGACCACTGAAGTACTGCAATGAAAATATTTTAAAATAGGTGACTTCCTTTATGAAAATAGAAAATAAGGGCTATTTCTAGCATGAATAGTGTATTATTTGAAAAGTCTATGTCTTT,"[[119655307, ""G"", [""T""]]]",yes,no,G->T,1
chr8,7140467,7140861,CCAGCCAGACTGCAGTTGTTATTGGAGGCTGTGGTGAGGCTTTGCTGAGGATGGGGATGCCTGGAAGTCTTGTCCTTCAGCATCAGTGGTAGTGGTGGTAGAACAGGTGTGTCAATACTAGTGACCATGTGCAGTGTATGTGGGCACTGATGATAGCCTGTCTGCATGGGCCAATCCCTGGGCCTCCAGGTGGCTTCTTTGGTTGCTGGCAGTGGCAGCACTGGGCCAGGTGGGCGGGTGCGCCACTGGGCTCCTGGGTTGTGTGTGTGGCAGGCTGATCTCTAGTTCGCCAGGTGACGTGTGCAGGTTCTGGTGGTGGGTAGGCAGGTGTTTCCTCAGGCCTCTCAGTAGTAAGTGTGAGCGCCAGCTCTGGAGGCAGTGTGAGTCAGTCTCCA,"[[7140755, ""T"", [""G""]]]",yes,no,T->G,1
chr13,25852122,25852428,GTATATGTTCTCTGTATTTACTCCACCTCCTCCTATTTCTTCCCTCTGAGGCAGTGGTTCTCAACCAGGATTGATTTTTGCCTCCCAGGGGACATTTGGCAATGTCTGCAGTTATATTTGGTTGTCACAACTAGGATGGGTGCTACTGGCATCTAGCGGGTGGAAGCCAGAGATGCTACCAAGCAGTCTGCGATGCACAGGTCAGCCCCCAGACAAAGAATTATCTGGCCCAAAATGTCCGTAGTGCCACATTTAATAAACTCTGGGCTAATGAAATGTCCACACCAACTCAGAATAAAAGGTCAGA,"[[25852124, ""G"", [""A""]]]",yes,no,G->A,1
chr9,111101457,111101711,CCTGCCTCAGCTCCTGAGAAAGTGGGATTATAGGTGCACACCACCACGCCCCGCTCATTTTTGTATTTTTAGTAGAGACGGGGTTTCGCCATGTTGGCCAGGCTCATCTTGAACTCCTGACCTCAGATGATCTGCTCGCCTCGGCCTCCCACAGTGCTGGAATTACAATCGTGAGCCACCATGCCCGGCCTGCATTTGAAGCTTCTAACTCTGATTCTGTTGTTCTTCTTGCAGTAAAACAATAGCTTGTTGTAG,"[[111101487, ""C"", [""T""]]]",yes,no,C->T,1
chr16,35595053,35595405,CTACTGCAGTGTCCAGTTTCCATTGGCTGGAATGGAAACTCACATTCTGTATTTGTCCCGATTGGCTAGCAACTTAGAACTTTTTAAAAGAGGCAAAGGCAGAGGAGAACAAAGGAAGGAGAAGTAAGTTGTGGAATGCTGAGAAAGGTAAAAACACTTTTAAATAAGGAAGAGGAACAGGCTATGACCTAATGCTTGCTTGGACCAGTATAAGCATGCCAGGGCAGATATTCAGGCTAAAATGTGGGAGCTAAGAACATAAAGTACATTGATTTCTTTATTATGGCTAGCAGATATTTAAGAATGTTAGCACTGGTCTTTGAATAAATTTTGCTTCTAAGAGAAGTTACTAT,N,no,no,N,0
chr13,98749576,98749892,CTGCTTTTTCTTACTGACACTTCTTCCCAGCATGTAAGAAGTTTTCTGCTATTCAGAGACTGAATTCAACCTGACAGCCCTTGGGAAAAGAACATCTCTCCACCCCAGGCTCTGAGAACCACACAGATACCTTGGCTAGGATCCCCAAACTATGGCTCATGGGCTACATCTGGCCCACTGCCTGTTTTTGTGTGGCTCACAAGCTAAGAAGAATGTAAGCTTACATTTTTAAGTGATTGTAAAAAGTTTTTTAAGATTTTGTGGCACATGAAAATTACATAAAATTCAAATGTCTCAGTACATAATGAAGTTTTATA,"[[98749594, ""G"", [""A""]], [98749609, ""A"", [""G""]]]",yes,yes,G->A,2
chr11,116307729,116307942,GCAAGGAGAACAGTTTATTTTCAAAGAAAGCTTGAAAAGTCCTTTAGGGGTATAGCTACGTTTGCCATTAAGATGCAGCAGGTGTGGAGATGGAACAGATGCTTTCCTCCCTATGGATTTGGAGGTCTAGGAAGTAGAATTGACTAACCCACTTATGAGTCACCTCCAGTCCTAGAATCCTAGGACTGCCATGCTTCTCCCTAACATCACGAGG,N,no,no,N,0
chr17,74197495,74197940,CCAGTAGGGAAAAGCAGGGGAGCTGGGGAGGTGTCATCTGTCAAAACTGACTCTGCCCCCCATGGAGGAGATGGTGCGGGACTTTCGGAGTGGCCCTCCCCAGCCTCACAGGTCTGGGCAAGGAGGGCTGCTTTCCACTCCAGCCCATGCCTCCACCAGGTTGCAGGTTTTTTCCTCCAAATCCATTGGCAACTCTTGCCTGGGAATCACATTCAATTAACAGCCACAGAGCCGGCTGCTGGGCTAAGCATTTTTCTATTCTTGGTGCCTTCTGGTTTCTCATAAGCAGGGCAGCTGCAGACAGTTGTGCAGGCTGCACACAACTGGCCGCAGTGGCCTGGATCCTAGCAGGAATTAATACTCAACAGAAACTGAGGCTCAGAGCTCTCAGGAGACTCATTCAAATTCTCCCAGCCAGACACTGAATTTGAATCTAAGACTTCCTG,"[[74197575, ""G"", [""A""]], [74197642, ""C"", [""T""]]]",yes,yes,C->T,2
chr4,136768845,136769205,GAGCAAATGCACATTGGAAATGAATTTTGAACAGTTCAGCAGAAGAGAGGTTTTCTCTCACAGGAACAAGCCATTCAGCAGGAGTTAAGGTCAGGACTGAAGTACTTCGGTCAAAATGCTCCCGAATTTACACTTTGAAGCCCTAGAGTCATCTTTGGAATCCCCTGCCTGTCCTTGTCTGAACAGGAATCCCAGGGGTTTTGACCCTCAGGGCACTAAACAAACATTTCTTTCAAGCTGGCTTAGTTTAAGACACAGAACATTGTGTAACATTGTGCATCTACTTCAGTGCAGGCAATATTCAGTGCAATGTCTGCATAGAATATTTGTTACTTGAATATTTCAAGGAATATTATATTTT,"[[136768953, ""T"", [""G""]], [136769163, ""C"", [""T""]]]",yes,yes,T->G,2
chr10,420692,421076,TCCGTACTTAATTGCCGGCATAATTAAATTGGTGGAAAAAATCCACAAAGGACTTGAGATTTTGCTTCAACAGCAAGTAGAAGCGTGGCCAGCTCTGAGAGACTCCGTGACCTGAGTCTGCAGCCCTGGGCTTTTCTCCCCTCGGACACAAGCAGCCTCTGCAGCCTCCACTTCTGTCCCTTGCCGGAGGGATCGGCCAGTGTGACTCAGCCATCTGTTGTGCTTGGACTCCTTAGGACACTCACGCGCACGCAGACGCACGATCACACACGCTACTTTCCTGTTTGTAGGCTTCTGATTATCTCACAAGGTCAAGTGCAAATCTGACTTTTTACTTCTTTTGTTTTGCCACAGAAAATATTTTTCCTTTTCTGATTAAGTTTCA,"[[420695, ""C"", [""G""]]]",yes,no,C->G,1
chr20,43603075,43603531,GATGAAGAAAGTTGAGAAACTATTTGTCTGGACCACCCACCCCAGATTTTCTCAGGCTAGACCAGCAAGATCAACCCTAGATTTTTCTCCCTTCCTCAGCTTTGTGAAAATGAGAGATCTTCCAGGAGATAAGCAGAAAACATGCGTTTCTCTCTATGGTTTGGTTGGTCAATGACCTTGAACAGAATTCCTCCCAGGTGTGGTATGAAATGACTTCATCCTGATATCCTCTGTGGGCAGTCAAGAGAAGGCATTGTCTAAATCAGTGGTTCTTAACTAGGGGTGATTCTATTTCTTCTTCTCCTGAGGGAACATGTGGCAATCTCAAGAGACATTTTTGGTTGCCAGGGGAAGGTAGGTACAACTGGCATCTAGTAGGTGGAGACCAGGGGTGCTGCTGAATGGAGAACTGAGTGCTTCCTTTAGTTAAGTTTTTCACTTTTGACTTGCTCTCTAG,"[[43603170, ""C"", [""T""]], [43603192, ""G"", [""T""]]]",yes,yes,C->T,2
chr1,71037607,71037885,TATCTGAAATAGTATGTCCAATAGGGACGATTTAATCTATTGAGAGCTACAGGAAGTGAGAACTGAAAGGAGGATTAGAGTCGTTAATCGTTTTATCTTACCGGTTAGAAAAGGAAAGTCCGGCAAGATAAAGTGACTTAGATCACATGGCAAGGCCATGACCAGATCCAGGTCTCTTGCCATCCAGTGCCTTGTTCTCTCTGTGGCACTCACTTGCTTCTTTAATAACTTTCTTCTGTTCTTCTTATGAAGCAGAGAGGAGTCCTCACAAGTCGGGGG,"[[71037648, ""T"", [""G""]], [71037764, ""G"", [""A""]]]",yes,yes,G->A,2
chr20,38004422,38004786,CCTGTCTCTAACAGATGCTGAAAAGATAAATTAAAATGCATTTGTAGAATGCTTGGATTTCTTGGAGAAAGGGACCTCAGATATACAAGGTGCTTTTATGTGCTTAAAACAAAAAACTCATGTCAAGCCAGCACTGAGGCAAACATTCCTTAGAATGCCAAGTGTGTGGTGTGTACTTGATGAATGATAAGCATGATAGGCCTGTGCTTTTTTCCCCAGAGGGGAATTTGTTGTTTGAAATTCACCTATTGCAGAATCTTATTTGAGGGATGTGGATTTTCCTGTTATTGGAAGAAGGGTTTGACTCTTTCAGTCTGCTCTACGTGAACATCAACTAACACCAGAAGATCCTAATCATGAAGGAA,N,no,no,N,0
chrX,16851445,16851788,GAACAAGTAAAGGAGTCTAAAATTCTTAGAACAGCAAGTCTGAACTAAAGGAACTTTAAAAATTGGCAGAAACTCTTTATACAATGAGGCCCCAGAGAACATAAGCTCTCTGACAGCTTGGGCTGTCCTTGTCCCCTTCACAAAGGTCTCCCCAGCAGTTACACAACCCACAGCAGGAGTGCACATCTGCAGAATGAATCACTGAAAGCAAAGTAAATGGTACAAAAACCCAGAAAAAACAGTCCTGCCTACACGTACTGAGATCCAATGAGACATAAAACAGCTAACATCTTGATTTCTCTATATCAAGTGTGTTTTAAATACAGTCATTTGAATGCAAAAAC,N,no,no,N,0
chr2,139457516,139457851,TTAAGTTGTTCAGGAGAATGTTCAGATTTGACTGCAATATGTTAAAAAGAAATAACTACTTAGCTATATGCAAATTTTTAGCTATGAACTATTGCTATTCTTAATCCTCACCAGCTTTTGTGGTTGATCTCTTTCATCATATTATACTGACTTTCAAATCACAAATTTCCTGGTTTCGACTTTTAGAAGCTATTTTTATAGAGGCCTTCAAACTCAGGAAGTTGAATGTACTCACTTTCAAATGTATCAATTCTGCAGTTTTGTTAATAGATAAGTTGACAAGTGACAGAAAAACTTTAGCATTCTCCTTCTATTGAATTAATCTTAAAAGAAAAT,N,no,no,N,0
chr11,23280105,23280522,TATTTCTGAGGAAAAAACACAAAGAAAGCAATAACACTTTCTCAATATGTACTTGGGCACTGTCGAGCACTGTGCTAGATCTGTAAGTCATTGTATACATGACATAATTTTCAGAGTAATCTCAAGAGGTAGATCTTGCTATCACTACTTTGTAAGTGATGGAGGGCAGAATCTGAATGTGGTCTCCAGTGTGGTTGTAGCATTAGTCATAAAAAAGGCCTGCTGCAAAGATAATGGAGCAAATATGGAAAGACTCTGCTTGTTCTCAGGCATGCATTTCTCATTTGGCATCATTAGGAATGGTTCTTACAACCTTCATCTGGCAACCACTGCACTAAAATTGCCAAATAATTGTTTTATACTAATTGAAACACTAATTTTAAGTTCATATGAAAGGTGTTTGAACTACTAAGGTCAT,"[[23280208, ""G"", [""A""]]]",yes,no,G->A,1
chr2,12574985,12575256,TATTAATATAAGAAGGCAGGAATGTCAGGCCTCTGAGCCCAAGCCAAGCCATCGCATCCCCTGTGACTTGCACGTATATGCCCAGATGGCCTGAAGTAACTGAAGAATCACAAAAGAAGTGAAAAGGCCCTGCCCTGCCTTAACTGATGACATTCCACCATTGTGATTTGTTCCTGCCCCACCTTAACTGAGTGATTAACCCTGTGAATTTCCTTCTCCTGGCTCAGAAGCTCCCCCACTGAGCACCTTGTGACCCCCGCCCCTGCCCACCA,N,no,no,N,0
chr19,31893508,31893784,AGAAGCAGAAGAGGAAGAAGAAGAAGGAGGAGGAGGAGGAGACAACAATGATGACGATGAAGAAGAAGCAGAAGAAGGAGCAGAAGAGGAAGAAGAAGGGGGAGGAGGAGGAGAAGGAGGAGAAGGAGGAGGAGAAGGAGGAGAAGGAGGAGGAGAAGGAGGAGAAGAAGACAACGATGATGACAATGAAGAAGCAGCAGAAGAGGAAGAAGAAGAAGGAGGAGGAGGAGGAGACAACAATGATGACGATGAAGAAGAAGCAGAAGAAGGAGCAGAA,N,no,no,N,0
chr10,48285725,48285988,CCATAAACCTAATTTCCCATGCCAAAAAACAAAACAAAAAAAAAAAAACAGCCACCCTTGACTCCCCTGGGTCCTTACATCACATCAATTGGCAGGTTTTGCTTAAAACATCTGACGCTCCTCACCATCCCTCTTCACCCTCCCCTGGGACTATCATTCCCCCGCCTGAACCACTGAGGGAGTTTCCTGGCTAGTCCTGCTCTAATGATTGATGACCCAGCCTATTCCCCACTCAGCAGTCAAGCTGTCCTTCGAAAACCAAAG,"[[48285764, ""C"", [""A""]]]",yes,no,C->A,1
chr12,84973070,84973286,GAGCAGACAAAGAAGAAAAGCTGGAAATCCTCTTATCACTCACACATCAACTCCTAGACCCTTGCTGGTATCACAATCCCACAATGAAAGATTCTTGTGGGTACAAACATTCTTTCTCTCTGAACTGACATCCCTAACAAAGATGTGATGTGTAAAGGATGCTTACTTACCCAGACTATGACCTTTGCCATTCTAGGGAGAGTTACAGGAATAGTGC,N,no,no,N,0
chr8,34877180,34877676,TAAAAAGTATTGTTGCCTTTTACCGTAAATCTGAAATTGATCTCTCAAGCTAGGGCAGGGAAAGAATGTTGAGTAGGGGGAGCCACACAGGACTGAGAACTACAAAACAGAGCAAATTACAGCCAAGAGAGCATGATCTGTAACTACTTGGTCATAGCTGCATTAAAGGGCAAATTCACATGTTCACAGAAAGTGCTTTCATCACTCAAAGGGGCACTTCTGAAAATGACAACTCGCTGGAAATGAGAATAAGGGAGGTGAGGCCGAGGTCATCTGCTACAGTTACCTGCTTACTCATTTTAGCTACAGTGGGAAATGCTGAGGTTTTCAAAACAAACAACCTTGTCTTTCCCTTTATATTTCTCTTTGGTCAACAACGAACTTTGCTTTGTATGTGTCAGGCATGAAGGAGAATGTTAACTCAAGATTAATCTACCTAAAATACTGAGACATCTGAGTGTGCTCTTGTTAACTACTTGCTCATTTTTGACAAAACA,"[[34877282, ""T"", [""C""]], [34877316, ""C"", [""T""]], [34877430, ""G"", [""A""]]]",yes,yes,T->C,3
chr1,236198508,236198719,TGACGGTATCTTGATGGGAATTGCATTGAATTTGTAGATTGCTTTTGGCAGTATGGTCACTTTCATAATATTGATTCTACCCATCTGTGAGCATGGGGGATGTGTTTCCATTTGTTTCTGTCATCTGTGATTTCTTTTAGCAGTGTTTTGTAGCTTTCCTTGTAGAGAGCTTTCACCTCCTTGGTTAGGTATATTCCTAAGTATTTTGTTTT,"[[236198511, ""T"", [""C""]]]",yes,no,T->C,1
chr16,3701582,3701922,CAGAAGAAAAACCTCGGGCAAAAGATATGAACGGCATTTCACAGTGGCTACAGAAAGCGAAGGAGCACCAAACTATATATGAACACAGCAAGCTCTCCACGAGCTATGTAGTGAGTAACAGAACACAGAGAAGGGTGCGTCCCTGAGGGAATATGTACATCTGCACTTACTACAGTCATACAAGTAAGTAGTGGCAGGACCCACAGGCAACTAATAGTGGTTATGAAGACAGCAGGTGCTCTGAACAGCAGCAAGACTTCTCAAGCTTTACCTGTTCACATGGTTTTGGTTAATCAAACCATATTTATTTATTCAAAACAGATATTAAATTATTAAAAATA,"[[3701596, ""G"", [""C""]]]",yes,no,G->C,1
chr11,112643434,112643798,TAATTTTCATCTCTAGAAGTTCATTTTGATCTTTTTAATATTTCCCACATGTTTATTTAAACTTTTTGAACATATGGAAATAATTTATAAGAACTGTTTCACTGTTTAACATTCTTTTCTGCTAGTCTAACATCTGTGTCTTTTCTGAGTTGGTTTTAATTAACTGGATTTTTTTCATTATGAGACATATTTTTATGCTTCTTTGAATGTCTATCAGTTTTTGATTGGATGCCAGACATGAAGTAACTTGTTGGGTGCTGGCTAGATATTTATCTATGAATTCATATAAATATTCTTGAGCTTTTTTCCAGGACAAAATTCAGATACTTGAAAATACTTTGATTCTTTTCAGTCTTGGTTTTAAG,"[[112643484, ""A"", [""G""]], [112643646, ""G"", [""A""]]]",yes,yes,A->G,2
chr2,71232977,71233245,CAGAAGGGGAGGGATGTACGAATAGGGAGTGGGTCACAGAGATCACATGCTTCAAAGGGCAATAAAAGATCACAAGGCAAAAGGGCAGAGCAGGATCACAAGGCAAGGGTGAAATTAGAATTACTGATGAGGGTCCATGTCCCGCTGGGCATGCATTGTCTTGATAAACATCTTAACAGGAAACAGGGTTCGAGAGCAGACAACTGGTCTGACTAGAATTCACTAGGCTGGAATTTACAATCCAATCCTAGTAAGCCTGAAGGCACTGC,N,no,no,N,0
chr10,76246037,76246435,GATCCCATGTCCATATTTCATTGACGAGGAAGCTGAGACATAAGAGAGTTGGAAACTCTACGAAAGTTCACAGCCTTTGGGCTTCCAGCAGTGAGCCAGGATTCCAATCCAGCCCAACTGGTTCCACGCGGTACTACTGCTGGTGTTATTTGTCATCAAATAAGGGAACCCAAGGCCCACTGTAGGCTCATTAGGAGGGGTGAGTTTGGTCTGAAATGGTCCTGGCGGACTGAAGGGAGGAAATGAAACTCAAAAAGCCTGTATGGAAATAGCCTTGTGGTCATATCAGAGATCAGGTTTCTAACGCAGGTTCTTACCACCTCATGGTAGGACCTTGCAGTAGTTGCAGGGCTTTTCCCACACCTCCTCTCATGTCTCATGGCTAACAACCTGTTTTCT,"[[76246098, ""C"", [""G""]], [76246379, ""A"", [""G""]]]",yes,yes,A->G,2
chrX,6053785,6054245,AACTAAGCCATTCAAAGCAGAAATACTCTATTTCAGTAGGATGCTTTCATGGCTATTAAACAGCAACATCGGGAAATAATCATTGCAGTCACCATGCATTATCACATATGTTATACATTTCACTTGAAATTCTGGTAGGTCCTTTCTTTTATCATTACTCTGCAACAGAGCCAGCTTTGTCATCAAATAGAGTTTCCAAAGAGAGAAATGATCTACAATCACGAAAGCACAGCAGCCACTAAAAATCAATAGCTTTAATGCACTGTTAGCATGAGTTAAGAAGCAATGGCTATCCCCAAGTGAAATCATTACAGCTGCCACTTAGTCAAGAAGGTGTTTAATACGTGCAACTTTTTTTTTATTTATTTTTGTCCCCAGATTAGAAATTGACATATTCATTGCAGGAATAACATTAGCTACATTTTAAGTTTCATCATCTTTACCTAGAGAACAAAAATGTG,N,no,no,N,0
chr9,109401973,109402216,ACATGATGTACCTCCTAAAATACACTAAAATTAGACTGTAAACTCCTTGGGGCCAGAAACTCCCCTCTCCTTCCCTCATCAGGTTCCTGATCCAGGGGAAATACCCAAGACACACTCGCTAAATCAACAAACAAACGACTTCTCACTGCCTTTCCTGTCCTCTCTAATACCAAAAAACCGGTATGCACTGTGACTGGCTCTTAAGTTCTTCCTTGTTTCGATTTTGGAGTGTGTGAAAATATGA,N,no,no,N,0
chr6,146847408,146847858,ACCAAAATAACTGACATTCATCTCTCAGAAAAACCTGCAGGGATGTATAATTGAAGACTGTTATATATCAGCATTTTAACAGACTAGCAAGGCTCATGAATACAGACAGCTCAGCTTTTCCTGATATGTTGAAACAATTTCCCTGCTCACTGCATTGTCTGGAATTCTACTCATTTCCTCTGGGCTTTTTTTCTTGTATTAGTATTTAATAAGTACACCCTTCACTAATGATTTCAGTGAGAGTCCACAGTTGCAAGCTTCCTCAGACCTTTTATCACCCTTGAAGGAGAGTTTGACCACGAAGGGAACTCTGGGGAGATGGTTGAATTCCTATGGCCTTTTAAGGATATTACTTCATTGACTTTTGCCATCCATTTTTGCTGATAAGATGCCTGATGTCAGTCTAATCTTGATTGTTTTGTATATAACATGATTTTTTTCTCTCTCTGGC,"[[146847423, ""T"", [""A""]]]",yes,no,T->A,1
chr12,37567343,37567684,CTCTGACCAGGCTCTGTGAAATGGTGGGGGCTTACAAATCGGTGCAGCTTGGACCAACAGGCTCCGGCGGCCACTTTCCTTTTCTGGACATGCTTTGGACTGTGAGCCAAGGCTCTATGAATCATCACTTCAGCCCCTGATTGGTCCTGGGCCAAACTTCCACTTCAGCCCCTGATTGGTCTTGGGCCAAAATTTCACTTCAGCCTCTGATTGGTCCCAGGCTAAGGTCCCAGGCCAAGCGAAGTAGTGCTTTCGCCAAGACAGCTCACAGACCAGTGAGCACATTCTTCCCCTTCCCAGTTCACAAAACCCCCAGATTCAGCCTCCTAGTTTGCAACCCTC,"[[37567451, ""G"", [""A""]], [37567502, ""T"", [""C""]]]",yes,yes,G->A,2
chr19,32891579,32891930,CAGTAAAATATAACAGAACACAAATAAACACTATAAAGAAATCAGAAAAACAATTCAGGATATGAATGAGGAATTCATCGAAGAGACAGATATAAAAAAGAACTAAACAGAAATCCTGGAACTGAAGAATTCAATGAATAAAATAAAAAATACAATTGAGAGCTTCAGTGATAGACTAGATCAAGCAGGAGAAAGAATTTCTTTTGCTTTTGAAATACTCAGTGAGATGAAAGAGAGAGAGAGAAAAAGAGAGAGAGAAACAGAGAGAGAGAGAGAAAAGGAGCAAAAGAAAGAGAGAAAAATTAAAAAAAAAAATGAAGCATGCCTTCTGGTGTTCCAAGGGGTGAAAAGA,"[[32891790, ""T"", [""G""]], [32891823, ""G"", [""A""]]]",yes,yes,T->G,2
chrX,78074150,78074459,CCACCATAATATATGTGATATGTTGTTGACTGAAATGGTGTTATGCAGTGCCTGACTGTACAAAGGTGAGCTGCAGGTGTACAGAAGAAAGTGAAACTGATTCCAGCAAAGGTGGTTTAGGTAAAGTATCCTAAAGACAGTAACAGCTGTATCTTGAAGCTTGGATAAGATTTCAGTAAGCACAGCTGAAGCAGAAAGGCAGAAATGAAACAACAAATAAGGACAGAGGTACTCTCTTTCTATGGCCACCCTCTGGCTAGCTGAAGACAGCCAGCATGATGCTCTGAGTCTATCTTTCTCTTGTCCCCTT,N,no,no,N,0
chr2,26841001,26841293,CTCTGTTCTAACAGTACACTTCAATTGCACGGTGCTTTACGTTGTCAAATTTTAAGCCTATTCATTATAAACCATTGACCAAACACTGAGCATGTGTCTCATACACAGGCACCTGATGTACATTTCCTCATGCACTCCCTACAGCCACCCTGTGGGTAGGAACTGAACTACCCTACTTGCACAGAGGAAGAAACCCAGATGTAGAGAGGCTGCATAACCTGACCAGGATCCACAGCTGAGAGAGTGATTCAGGGGGGTGTCAAAAGGAGGCCCACCATCTCCACACTCTGGGA,"[[26841041, ""A"", [""G""]]]",yes,no,A->G,1
chr3,107297590,107297959,TAGAAAAAATGGCATAGAAAATTCCATCTCACAATGTTATAATTTTCAATTTCAATAGAAATATATATAGAGAGATGGTGGTTAGATATAGATGTATTTTAAATACGTGCTATGAACTACATATGTGTTCATATGTAGGGAATTCGTATGCTGAAATCCTAATCCCCAAGGCAATGGTATTAAGAGATGGAGCCTTTGGGGAGTTAATTAGGCATGAGGGCTAATGGGATTAGTGCCCTTATGAAAGAGGTCATAGGGAGCTGCCTTGCCCCTTCCATCATGTGAGGATACAGAGGTACAGTGCTGCCTATGAGGGATGGGTCCTCACTGGATGCCAGCTATGCGAGCACTTTAATATTGGACTTCCAGG,"[[107297600, ""T"", [""G""]]]",yes,no,T->G,1
chr2,65681551,65681958,TTGGCTATAGTCGAGCACCAGAGGTAAAGAGAAGGTCATTTTCTAAGAAATACTCAGATCACTATGAAGAGCAACACTCCTCAGCAAATGGAATTCTATTGCCCCATAAACTATTTGTTGGCAGAGGCTTTTCCTCCAAGGGGTGGGACTAGAGACTCAGAACTATTGTTTACTCTCCTCCATGCTCTTGGTATCCAGCTGTTTGGCAGGGCACCTGTTCACAGGAACCTCAACAATTTCTCTAGAGAGCTAACATTAGGAGGGCAATGGGATTTGCTCTTTTTTTTCCCACCAGAGAGAGGGAGATGAAAAATCTCCTAGGGATTCTTTCAGGATTATTAAGGTGAAAGTTTTAAGCACTGCCTTTACAAGATGGGACTCTACAAAATAGTTCTTTTAGCAACAATG,"[[65681552, ""G"", [""T""]], [65681572, ""G"", [""A""]]]",yes,yes,G->T,2
chr1,185251982,185252272,CCCCTTCCTGTGTCCATGTGATCTCATTGTTCAATTCCCACCTATGAGTGAGAATATGCGGTGTTTGGTTTTTTGTTCTTGCGATAGTTTACTGAGAATGATGATTTCCATTTTCATCCGGACATGAACTCATCATTTTTTATGGCTGCATAGTATTCCATGGTGTATATGTGCCACATTTTCTTAATCCAGTCTATCATTGGTGGACATTTGGGTTGGTTCCAAGTCTTTGCTATTGTGAATAATGCTGCAATAAACATACGTGTGCATGTGTCTTTATAGCAGCATGAT,"[[185252092, ""A"", [""T""]]]",yes,no,A->T,1
chr1,115961132,115961573,GCCTCCCAAGTAGCTGGGATTACAGGTGCATGCCACTGTGCCAGCTAATTTTTAAAAATATTTTGTACAGATGAGGTCTCATTATGTTGCCCAGGCTAGTCTTGAATGCCTGGACTCAAATAATCCTTCCATCTTGGCCTCCCAAAGTGTTGAGATTACAGGCATGAGTCATAAGGCCTGGACATCACATTGCTTATGTTTTTATTTCATGATCACAAAATAGAGCAAGGGTGCAATTTCCACAATCTACAACTTCATTCTCTTTCTCCTTGCCATCACCCCACCCATCCCATCTGGAACTGCTGCCAAGAAGGAAAAGTCTTCACTGGAATGCAAGCTCCACAAGCTAGAATTTTTGTCTGGTTTAAACACTGTATTATCTCTACAACAGTGCTCAGTACAAAGCAGGTCCTCAGCAACCATGTGTTGAATGCATTCTAAT,"[[115961168, ""C"", [""T""]]]",yes,no,C->T,1
chr7,109751310,109751568,TCTACCTGATATCAAGCTTTGTTTCCTTTATCCCTTTAAAGTTCAACTGACACTCAGAAAGAGGGGGAAAAGAAGCAAAAGAGAGCACACAGATGAGTAACAACAGATGACTCACAGGATAGACATACAAGACAGTGTGGCTTCAGTTTAGGAAGGAAGCTGCCTGCAAAATATGCTCACAGTGTTGCATTTGCTTTCACCAATGAGAGTTTTCAAGGAGACCAGTGTTTTCTGTTTTTGTTTTTGTTTTTGCGTTTGT,"[[109751347, ""G"", [""A""]]]",yes,no,G->A,1
chr2,124425316,124425611,TAATTTTGACATTGCTATTTAAATGACTCTCATTGTATGAACATCCTTTTAGTGGGCAATTGTGTCAACACTGTGGCTTAAGACTACTGATGACGGTAGAAGTCAGGAAGCAGCTTGTCATTGCAGGATGCTGCTGCCACAACACGGGTTGATCATTCCTTTCCTTCTGTGAGTTTGTGGCTAAGATTTCTGAAACCTCATCCCCATAGTGAAACCTTTTGCTAACCTGTCTATACCTTAGTGGAGTGATCACTATCTTCTCACTGCCCACCATGCACCTCTTACTTAGGTGACCA,N,no,no,N,0
chr1,222523912,222524317,GAGAAGGAGTTAGGAGTATGGGCATGGTGGCAGTCAAAACGGGTTCACATCCTGGTAACCAGGGGCAAAAAACCTTGCTAAGCCTCAGTCTCCATATCTATCAAATGCAAAAACTAATGTTTCCCATCTGGCTTGGAACAGTGCCCAGAACATAACAAGAGCTCACAGATGAGGATGATGAAAATGATGATGAGGATGATTCTGCTGCTGCTTCTGATGGTGGTGCTGGTGACTCCCTTTAAAGAAAATGTCTTCAAGAACTCAAGGCACAGCCCTCAGGCGATGCCAGCTTCTCTGCCTAGTAACACACACATTCTTAAACTGCTTGTCCCCGGGTGCATCTTCTGAAATAAAAGGGACTTTGAGGACAGAGAGTACTTCCACTGTAGAGAGCAGAGCTGGAACT,"[[222524006, ""C"", [""T""]]]",yes,no,C->T,1
chr1,47679496,47679798,AAACCCTGCCTCTTCCTGTGTCTCCAAGCTGGTTCGTCTCATTTCTCTGTTTTAGCAACTCTGCACAGCCCTGCTTCTCTTTTCCATCTCCTCTGCAGGCCCTCTCAGTGCTCTTGGGCTTAAGCTTTTGGAAAGAAGCCAGGAGCCTTTGCTGACCACATTTTTTCTGCCACACACCTCCCATGGGGCAACAAGCATAGAGTCAGTCTTTGCTGGAGTGAGCGGGAGGGCAAGAAGAAACTACAAGGGGAGGAATGAAACATAACAATTATCTTCACATACCATCCACTATCACTGTCATAG,N,no,no,N,0
chr6,160368775,160369118,CCTACTCTGTAGGGAACCCTGTGGCTGGCGCAGGTAGCTGCCATAGTCACCGGTTCATATTTCACCGTTCTGCTCATTTCGTGCTCCCTGGTACATCTCTTATTTCACTGCTTGCATATTCTGTCCAAGCTCTGATAAAGCCAAACACATTTAACAGATGGACACAACTGGCCATGCTTCAGGCTTCTGATTCACCCATACTTCCAGGAGCCATGAATCTGAAATCTGGAGCTGGTCTGTAGAAAGCATTCTATTTAGTGAAATGTTGAAGGAATTTTAGGTCAACTATCATGTATTTCATTGTCTCCAATGCCATAATTTCCAAGTGCCTACTTGAACAGTAG,"[[160368790, ""C"", [""A""]]]",yes,no,C->A,1
chr3,189340716,189340989,TGGAGCCCTTGGCTTTCCCTGTCCTCAAATTCTGTGTGCTGCTTGATTTTTGCACCATTGGGTGCCATGGAAATCTGTGTGAGAATGTGGAGGGAAATGTGGCTTCTTATTCAAGTCCTTTCCTCCCCTCCTGCAGGGGGCAGTGTAGGAAGAGCCTGGACTGAGAGGACACGGCTCTGTCTCATTGACCTTGGCCATGGCCTCTCTGTCTCTGGATCTCAGTTTCCTAATCCTTTAAAATGAAGGGGTTGAGCAACATGATACCCCAAGGCCC,N,no,no,N,0
chr5,154010679,154011059,CCCTACGCACTCTGAGCTTTGATTAAAGTCTCTCCACATTCCAAATATAAGAAAATAGTTCCAGAATCAGCACCAAAAATAAGGGCCTTGGTCATAATACTCTCTCATTTCCACATGCCAAATAGTCATTATCTGAGTCACTGGGCTCTGGGTAATGACAACCTCTAATCCCTATGGACAAGGCCACATATCATCTCTAAATCATTCAGAACCCTGAGAACAGTGAGTCCTCGACAGAGGCTCACCCACTGGAATCATGAGGCTGGTCATCACTGCCAACTTTTAATGACCAACATTGTAGACTAAATTAAGCTTTCAGATAAGCAAAGCATCCCAAATGAAAACAGGTAAGGATGGGACACGTGTTGTGGGGCAGATGTG,"[[154010685, ""C"", [""G""]], [154010794, ""C"", [""T""]], [154010856, ""G"", [""A""]], [154010889, ""T"", [""A""]]]",yes,yes,G->A,4
chr3,63687850,63688179,ACCCTAAACCCTGCTTCAAAGGGGGACTTTGGCTTGGCTGAGGGGCTGGTTGTAGAAGCCTGTAGAACAAGTGCTTTTATACATCCTTCACCTACCTTGCCAGCTGAGAATTGTTCATCCGGTACTAGTGGGAAAGTCTCCCAAATGCACAGTCTGACAGCACTGCCTAGACAGTTCGTGATCAGGTTGCCATGTCAACAAGAAAATACCCTACTGGGGTTTTGTTTACTCATCACCAAGTTCTCAGTTTGTGTAGCTCTTAGCCATGAAAAAAGCTAAGAAATCTGATCTCTGACTTCCAGATTGCTTCTCTGGGCACTGGAATTATTT,"[[63687947, ""C"", [""T""]]]",yes,no,C->T,1
chr8,101842067,101842402,TTTTACCTGAGGTCTCTTTCCCTTGGCTTGTAGATGTCTGTCTTCTTCCTGTGTCTTCACATGGTCTTCCCTCTCTACATCTCTATGTCCAAATTTCCTCTTCTTTTAAGGATACAAGTCATACTGGATTAGGGCCCACCCTAATGACCTCATTTTAACGTAATCACCTCTTTAAAGACAGTCACATGCTGAGGCTTTGGAGGTTAGGACTTCAACTTATGAATTTGCAAGGAGGACACAATTCACACATACCAAGGAGAGAAGGAAAATAAAAAAGGAAAAAAAAACAAGAAGAGGAAGAAAGGGAGAATGGGATGCATCAGTTGGGAGTGATTT,"[[101842072, ""T"", [""C""]], [101842182, ""G"", [""A""]]]",yes,yes,G->A,2
chr4,155371495,155371841,TCCAGAAGTACTGTCAAGTTCCCAAAAAGAAAAAAAAATGCCTATACTTTAAGAAAAGCGCTTTTTTTGGTAATCAATGTATACAATTACCTATTTAGGTAATTATTTTTATATTACACGTACTGAATATAACATTGCATATATAAGTAGAGCATTTAGGATCCTGATGCCACCTTGTGGTTAAAATACAGTATTTTCTTATTCATTGTAACCCACCACAGGTTGTTTTTTTTTTTAAGGTATGAAATAGGTGGATTATTGCTTTCCTGATTATCTACCATAAACTTCTAATTATATACATCCACCTGTCTCAGACAAATTTTTAGGTGCTATATATGCTCGCATTT,"[[155371719, ""T"", [""G""]], [155371821, ""T"", [""G""]]]",yes,yes,T->G,2
chr14,42401038,42401284,GACACACTTTCCCAATTCAGGTTTACCTTAAATCTGAAAAACCTACAGTGGGAAAGGTGACGATGGTTCACATTTTCCTCCACTTACTATGGCTGTTCGAGGTCCCTTGAGAGTTTGAGCTCTACCAGAGAGAGGCAGTAAAAAGAAAGCCAGGACATTTGTGACCTTAACTTCTTGTTAGTACGTTTTTCGATGCTGTAATTATATATGATCTTTGGCTCATTCTCTCTTGGGGTTGCTTAGAAAC,"[[42401082, ""G"", [""A""]]]",yes,no,G->A,1
chr7,40490595,40490858,ATATTCAGACTGGTACTTTTGCCTGATGTTAGTTACTAGTTGGATTTCTTTGTGGAGGAGTTCAGCTATACAATGCCTATTCCTTCATCTTGCTGCTGTCACTCTAAAAGAATGGATTTTTAAGGTCATTTGAATTCCTGAGATCTTATGACTCTGGAAAGTATAGGAAGTCCCTAAATTGAAACATGATGTTTTAAGCATTTTTATGTTAGTCAGTTTTTGAAATGTGAATTTTTTTTCCCTAAGACATACTGCAAGATTTTC,N,no,no,N,0
chr5,37744428,37744684,GAGGGACAAATTGACAGAGGTAGGCTTCAGAAAATGGGTAATAAAAAGTTATGATGAGCTAAAGGAGCGTGTCCTTACCCAATGCAAAGAAGCTAAGAAGCTTGATAAAATGTTGGAGGAGGAATTGCTAAACTAGAATAACCAGTTTAGAGAGGAACATAAATGACCTGATGGAGCTGAAAAACACAGCACAAGAACTTTGTGAAGCATACACAAGTATCAACAGCCAAATCAACCAAGCAGAAGAAAGGATATCA,"[[37744476, ""C"", [""T""]]]",yes,no,C->T,1
chr13,97932035,97932312,CTCTTCTCAAATGCCACAGTCAGATTCCCCACCCTCTTAATATGATTACAGTGGGGACTGTGTCAACATGAGTTTCAGCAGGGACTAATATTCAAACCATAGCAGGTGGCTATGCCAGTCAGGTCTTCTGCTGAGGTCACTAACGTAGCTGCCGTTATCTGGCAGCTCCACAGGGTCAGATGGGTTAAAATGACCTCATTATGTCTGGTGGTTGGTTCTGGCTCTTGACTGAGCGGCATGTCTCCCGCAGGTCAGCTTGAGCTTTTCACATTAGAGTG,"[[97932079, ""G"", [""A""]]]",yes,no,G->A,1
chr9,135570547,135570871,GAGTCACAAAAGGCTGCCTCCCCACTTCGGTTACTAAAGAAGATTGGCTACAAGATGAAAGGCTACCCACCTCCCCCTATTTTGCCCACAAGGAAATTCCTGGTGAGCCATGGCGATGCAAATTGTCAGCTTATCTTTGCAGGTGCAGTCACCCCAGCCAGCCAGACACAAATACATATCTGATTGTTTCTGCTGCCCCATTGTGTCTGTGTTATCTTATGTAAAATGCAGATTCCCCACATTTTTCCTCTGCCCCTCCCCTTCCGTTTATATGAAAACTGTGTGCTTCTCAATATCCCACCCTTTCCCCTTTACATTTGGAGCA,"[[135570832, ""T"", [""C""]]]",yes,no,T->C,1
chr19,34128851,34129219,GCCCAGATGTGGGGAGGCTGTCACTAAACCCCTCAGTCTCCCTCTAGGATGCCTTTTCTAAAAATAAAAAATAATAACATGAGCTTTGGGAACAGAGTTACCCTCCAACAATAGTTGCTGGATGAACATCTCCATGACATTCACTGCTGCACATTCCTTGTTTAATTGGAAGAGACCACAGATGACCAAATCATAGGCTGACACATTCAAGCCCTGCCTTGTGATAAAACTAAATAAGACAGGGCTTACCCAGGGTAACCACAGGACAAGGGGGAGGAACCTTCCACTCTGATCCCCAAGGGTAACCACTGAACAAGCAGGAGGAAACTTCCACTCTGCTCCCCGTTTCCTACATCCAGACAAAATGCC,"[[34128908, ""T"", [""C""]], [34129142, ""C"", [""A""]]]",yes,yes,C->A,2
chrX,64663717,64663975,CCCAGATGGTAGAGCACATGAATCCATCCACACCCACCACTGGTGGCCAAGTGGGAAATACTTACTAGAGCTTCTGGACCAGTGGCCCCACTTCTGCGTGAACTCAGCCAGAAGGCTCAGCTTCCTGTTGTCCAGGAAACATCCAGACAGCTGAATGCAAGACCCCACCCACCTCCACCACTGGCAGCCAGGTAACTCTTGGTAGAACTTCCAGCTCAGCAGCTTTGCTTCTGTGTAAACTCAACCAGCATGTGCAGCC,N,no,no,N,0
chr2,121928009,121928267,AAAAAAAAACTTGAGATCTATGGATTTATGTCACAGGACTACCTGGAAAGTATCGTGTAGGCTATGTAAATATTTAAGTATAAAATTGGAGATGTTTTATGACCACAGCAGATCCCTTTTGTGTGAGTGATGCAGCTGCATGGAATTCCTCAAAGTGCATGCTGATGTAGCAAGAGTGGACCTGGGGAGCTATGCCCGGTGTCCAGACTTCTCTTTGCTTTATCTGTGCCTCACAATTACTTGCATCCTTGGACTTATT,"[[121928016, ""C"", [""A""]]]",yes,no,C->A,1
chr1,60527528,60527954,ATATAATAATTTATCTCTGAATAAACAGTTTGAGTGTTCCATTTAATACTTTATATTTTAATAATGTTAGTTGGTCACAGCTATTTTCCAACTAAGCAGATGACTTTGACAAAATGTGAAATAGCTAAAGACAGATGGTTTCCAGCTCCAACTGTTTGGGTTTATTTTCCAATGCCAGCAAGGTCAGTGATCCTTCAACTGAGTGTGGCCTTAGACCACATGATGGCTATGATTTGCATATTACAGAAAGAATAGTTCAAACACTTTAAATTTCATTCTAAAACATATGAGTCACATCATAAAATGTGACCAGTATAGCTTGGAAGTTTATTATAGGTAACCTTGAACATGTCTTTGCACATTGTTGAAATGAAGAGTATATTAATAGCCAGCAAATGGATTAATCTCAGTATTAAACACTTCCCAA,N,no,no,N,0
chr20,40978771,40979249,TTCTTACATTTCTTTGAGTTCCCTCAAAATAGCTATTTTGAATTATCTATCTGAAAGATCACATATCTCTGTCTCTCCAGGATTGGTCCCCACGGGCTTATTTAGTTTGTTTGGTGATGCCATGTTTTCCCGGATGGTCTTGATGCTTGTGGATGTTTGTCAGTGACTGTGCATTTAACAGTTAGGTATCTGTTGTACTCTTCACAGTCTGGGTTTGTTTGTACTTGCCTTTCTTGTGGACAGGTACAAACAAGCCCAGACTGTGAAGGACAAGTATTGTGGAAGGACAAGGCTTTCCACGTATTCAAAGGGACTTGGGTGTTGTGATCTAAGTGTTTGGTCACTGCAAATGCATCTGCATTAAGGGACACCCCAAGCCCAGTAATGCTGTGGTTCTTGCAGAGTTGCAGAGGTACCACTTTGGTAGCCTTGGATAAGATCCAGAAGAATTCTCTGGATTACTAGAGATTCTTGTTCTC,"[[40978791, ""T"", [""C""]]]",yes,no,T->C,1
chr2,66201277,66201631,ATGACCAAAGGAGATACTATAAATGAAAGCACTATCCAGGTTATAGTTACATTTTCCTGTTGCCAGAGAGACTGGCACAGGTAACACATAAATCAGAATAAGCAAATAAGTCTATGTCTTTTCATGCCTACCATTGGCCAGCAAGGCTCAAGCTATGCAAGGAATGTTTAGAATAAGCTGTTCCAGGCTTACAGATGCCCAGGGCACCTTCGCCCGTTAACCCTTCTGCTGCCTCTCCCCAGCACAAGGAGGACCTCCTCTTGGCCCAAGACCTGGTAACATTTCTGGGTCTTCCTTGCTTATTACAGCTATACCTTTGAGCCAGTTTCTTGGGAATACCTTCCTTTTTCTGCCT,"[[66201281, ""G"", [""C""]]]",yes,no,G->C,1
chr2,204239790,204240234,CCAATCCCTACCCCTTCCCCTCCCAGATCCCTTCCAGAGTGAAGGTACAGCTGAAATCCCACTGACTCCTCATTAGGGTGTTGCATGCAGGCCAGGACAGGAAGAAGAGCACATTTTTGAGCACTAGTCCTTGGAGAGACATGCAAACGTGACTGCCATTTAAACTGCAGATGGTCACGGTTGTCTCAATCTGTGTGTGGACAGCTGCTTGCTGTCCTCTCAGTCTTCTAGGAGAGTTTGTTCTGTTGTCTGGCAAGTCCCTTCATCCAAAAGGAGTACCTATTTGAAAAGGAGAGGAGTTGGCTTGATGTTGCTTTGTAAGAAGAGTTTGAGTATTTTAAAGCAACTTTCATGGAAAGAGAAAAGTCTACACGTCCTTTACAGGGATACATTTGGATTCAAATGGTTAGATCCTGCTATAATTGTTGAAATAACTTACTACTTT,"[[204239930, ""G"", [""A""]], [204240101, ""C"", [""T""]]]",yes,yes,C->T,2
chr3,145739858,145740337,GTCTTGTTAAGACCTTGTATTATGGCTTCAGTAGGTGCAAAGATATGTATGAAATTGATTTATAATTTTTTTTATCTATAAGGCAAGATATTCCCAGATTACCCCAAAGAGCAATCTTGGAGAAAGAATTACTGCTACTATTGGCCAGGTCAGAGAGGAAGACCATTGCCAATGGGTTAAGCATCTAAAAAATGTCCAGTCGAGGGCAGAGAATCCAGTCAACATGACACGTCACAGCTGGATTCTTTATTAGACACATTCTGGTTAAGGGATGAAAGGCAGCCACATTCCACTGAGCTCCATCACATGTAATGGTAGCAATAATGTATCAAAAGGATATCGGCTTTCATTGCTACTCACTCAGGGGAGCTCCAGGAGTTCCTCAGGTTGTCAAGTGGTCTAGGAAGCAGTTTACGTCCTCCAGCACTATAGCATTACTGTAGTTTGGATGTTTTACCTTTCCAAACCTCACATTGAAAT,"[[145739922, ""T"", [""A""]]]",yes,no,T->A,1
chr1,175231608,175231907,TGTATGTGTATATATACACACGTATATATACATGTATGTGTATATACACACATGTATATATACACATGTATGTGTATATACACACATGTATATACACATGTATGTGTATATATACACACATGTATATATACATGTATGTGTATATATACACACACATGTATATATACATGTATGTGTATATATACATATGTGTATATATACACATATATGTATATATACATGTGTGTATATACACACATATGTATATATACATATATGTGTATATATATACACATACACACATATACATACACATGTACA,"[[175231622, ""C"", [""T""]], [175231628, ""T"", [""C""]]]",yes,yes,T->C,2
chr18,52280774,52281094,CTTACTATGATGAAGCTAATACAAAAATTAAAAAAAAAAAAAGTCCCTGAGTGTGGCTTTGGTCCAAGATTAGAAAGTAGAATAATAGAACAAAATAAAGAAACCGAAACAGCCGTCTGCATATCTTAAAACCCAGTATATCCCATGAGTGCTTTCTCAATCACCAGCAACTATGCAGTAAATGGTGCTAGACCAAATGATTACCAAAAAGGAAAAAATAACAATAACAGCAATGAAATTAAATTGCTATCTTCCATGTTCATAAAAGTAGGTTTCAGGGATGAAAGACATAAATATGACAAAGCAACACTCAAAATATCT,"[[52280816, ""A"", [""G""]], [52281019, ""C"", [""G""]]]",yes,yes,C->G,2
chr7,155738019,155738384,TTTTTTTAACCTGAAGTTAATGATGTTGTGTTACCTTTCAGTTTCAGGTGAACCAAGATTCCCGAGCCATCTTTTTCTGGAACAGCGAAGTCCCCCTCCACCACCACCGCCTCCTACCCTTCTTAACAGTAGCCATCCTGTTCCTACTCAGAGTCCTCTACCATTCACTCAGCCAGGACCAGCATTTAATCAGCAAGGACAGCAGCCAGTGTTCCCAAGAGAGCGGCCCGTACGACCAGCCTTGCAGCCTCCAGGTCCGGTGGGGATTCTGCACTTTAGCCAGCCTGGGTCGGCAACCACACGGCCCTTCATTCCTCCTAGACAGCCGTTCCTGCCAGGCCCAGGACAGCCGTTTCTGCCCACACA,"[[155738020, ""C"", [""T""]]]",yes,no,C->T,1
chr1,1998317,1998602,ATGATTTTGTGGTTATGCTAAAAATGAGTTTCTGTCTGTCAGAGGCATCTGCAAAGGTTTTTACAGGTGAAATGATATATCGCCTGGGATTTTCTTTGAAACATGCTAGTCCAGATCTACACGTAGGGAGGGGTAATGGGAGAGGAATGCTGTGAGGCTGATAGTTGCTGAGGCAGGGACGGGCACCTGGGGCTTCGTATTATCATTCTCTTTACTTTTTTGACTTTGCAATTTTCCATAATAAAAGTTTTTTCTAAAAGAAAGTCTAAATAAATAGCCTGGGCGC,"[[1998350, ""A"", [""G""]]]",yes,no,A->G,1
chr2,197360668,197361115,GAAAATATTTGATTCTACAGGTTTCTTAGAATTAAATGAGGTAAGATAGGTATAATACTTCAGCATGGGGCCCAGCACATAGAACGTACTCCACAAACCAAAGCTGCTAGCACTTCTCATGCACAAGGAGCCAGGTAATTTGTCCAGTCATTAGTGGATGACTCACTTTGGACTGTCTATGTTGAAGATGTGGGGTTAGGGTTTGACTGTTGATAGCCATTAAAAGACAACCACAATGAGAACATCTGGTTTCCATTGAAATTCTAGTCTGTCTCTGTGTTATTTGAGTCAGCTTAGGATTTCTTCCCCCTACCTCCAAAACAACTGAAAGCTTTGTACTACATTTACCATTGCTAAGTGGGTTGAAATTGTTCTTTATTAAAAAACAGGCCCCAGGGCAGTATGAGAGACAGCTATCTATTTTGGCAAGTTGTCTCTCCATTAAGTA,"[[197360752, ""A"", [""C""]]]",yes,no,A->C,1
chr22,32094753,32094955,AATGGTCTATCAATTTTATTTATCTTTTCAAAGAACCAACTTTTTGTTTCATTTATCTTTTGCATTTTTTTTTTGGTTTCACTTTCTTTTAGTTCTGCCCTGATCTTGGTTATTTCCTTTCTTCTGCTGGGCTTGGGTTTGGTTTGTTCTTGTTCCTCTAGTTCCTTGAGGTGTGACCTTAGATTGTCTATTGTGCTCTTTCA,"[[32094815, ""T"", [""C""]]]",yes,no,T->C,1
chr4,172865124,172865532,AAAATTCATTAGACTTGAGTGTTTCAAATATCTATATCAAGGACAAGGACAAAACTGCTGTCATAGAGAAAAGGCTGGTGCACTAGTGCACAATAACTTCAATTTTTCTTCATCTGGGTCTAGTGACCCATTCCGTAAAAATGCCAACACTGCACTATTTGATCCAGAGGAACTGGGGTGATGACATCAAGATAAACGCTGTTTGTTCAGAAAGTCCCATGCACAGCACCACAAGACTACAGTCCTGATAATATTCACAGTCTCATTCAGTAGAGTCCAAAGTGACATCTGGTTTGGATGACTTTTGTGGAAATTTTGGCTGAAGTCTTTCTGTTTCCCAAAAGCAAAAACTTTAAATTAATGGGAACAGTAAGGTTAAATTAAGGTATATTTTATAGTAATCAGATAA,N,no,no,N,0
chr10,46751840,46752109,GACCTTGCCAAGTCCCCACAACTGGAAACCACGGAACAAAATGACCTGAGTCACACATGCTAGAAAAAACTCATTGTGCCTCCCCATGGAGATTCACAATGGCTATTTCTGTTGCAATAGAGGATGAAGCAGGTGGTCTTTCCAATCAAGAGCTGTTAAGAAAGGCTCCAGTTCTCCCCGGGGAATCTCAGAATCAGACTGAAGATTCGGAAGAGCCTTTGCTGACCACTGAGTCAAACTCCCCAGAATCCTTTTGTAGTACCGCTGACC,N,no,no,N,0
chr2,33996875,33997114,CAAATAACCTTTCTTCAAGTTCACAGATTCCTTCTTCCACTCAATTATGCTGTTAATACTCTCTATTACATTTTTCACTTTATTTACTGTATTTTTCAACTCCAGAATTTCCATTTATGTTTTTAATAATAATTTCTATTATTAAAATTAATTTCTATTTAATTTTGGTCATTGTTTTTCTCATTTTATTGAATTGTTTATTTTCTCAAAGTTTGCTGAGCTTCATTAAAACAGTTATTT,"[[33996939, ""G"", [""A""]]]",yes,no,G->A,1
chr16,55659055,55659402,GCTTGTCTCTAGACAGTAGAAGGCTCTGTCATTAATCAGTAATATTTTTCTGGTTCCTCTTGGCGTGAGGCACAATGCTAGGCTCTGCAGGGGTCACGGTCACCAAGAGGCATGAACCACCACTTCTGCCTGCCAGGAGCTTTAATCACCCGAGTCTTTATTGTCATGCTGCTAGAAGTTCTTCCCATTGCTCTATGTGTTTGTTGAAACTAAAAGCATCCAGATGGCCAATTTGACAAGTCAGCTAGATGGATATTCCAGGGCTTTCATTGACACTGTGTGCTCTTTAGTCATTGCCAGCAAAATAAAGAGCACCTGTTGTATGCAGTGTACTATAAACCAGGTTCT,"[[55659072, ""G"", [""A""]]]",yes,no,G->A,1
chr10,60270420,60270672,AAAATTATATTTCGTAATTCATAATTTGAGTATAGCTCATAGTTAATAGTTCATAGTTAATAGTCCAAGTATAATTCAAAGCAATTTACCCACTTTAAAGAAATAAGTACACTCACTTAGTCATCAACCACTTATTGAGAGTCTACCATGAGTAAGTATTTTACTAGATGCTATGAGACTATGAAGAAAAACACATTTAGTCACTGTAGCTCCCAAGCATCAATTATCTGTTTTAAATAAACATGTAATATTT,"[[60270433, ""A"", [""G""]]]",yes,no,A->G,1
chr6,21459239,21459573,TAGAAGTATGTTAATGAGAGGATCCGAGTCGTCCATTAGGCAGTATTTCTGAAAGCAGGCCTACCTGACAGCAATAATGCCAGATGGCTAAGTAAAAAGGCTGATGGACTTATAGATTTTTTTGAGTTGAGTTAGCACAGGGTGCAGTTCTCTGCTTCTTTGAGACTCATGCTGTCTGTAACCAGACATAATTAAAAGATTAAAGAGACATTTAGAAACGTGAAGCTGTTCACTTTTTAATCAGGGAGATTGATTTTCCAATCCTGATGCAAAGGTGGAATTTTAAATAATTTATAGGGTAGAAATCAGTGGCTTCTCACAACTTGGCTAAAAGA,N,no,no,N,0
chr10,108049722,108049956,GCCCCACAGGAAAACTTGCCTTCTTTCTGAAGAGCTGTGCCCCTGGATCACATTTCAGCAGTGAGGAGAGAAAATGCTTCTATAAAGCTTCCTTAGTGATACCAACAAGCAAGTGTCAGCCTGTCCTTGTCACAGCATTGGGAAAAATCCCTGACTCACAGAAATAACTTTGTTTTGTGGTCTGCGCTAAGGTAACAAGGAAGAGAGACCCTGGTTTAACCTAAAGTCTCTATCC,"[[108049864, ""G"", [""A""]]]",yes,no,G->A,1
chr10,98072324,98072626,CAGGAGGCTGAGACAGGAGATTTGCTTGAATCCCTGGGGGTGGAGGTTGCAGTGAGCTGAGATGGCATCACTGCACTCCAGCCTGGGCAACAGAGTGAGACTCCATCTCAACAACAACAACAACAAAGTAACCTGATTCTGAAGTCCCAAGGCAGTTCCTTTCTCTCTGCCTTGGTCTTTTGACTGCCTCTGCTTTCCCTGGCCACCATCTGTCACAGTTACAGATGATTGGACAAAGATAAGGAGAGAGAGTCAGCTGTCCATTGTGTCTTCCTTGAGGACTAATGTCAGCCTTGGATCAGA,"[[98072344, ""C"", [""T""]]]",yes,no,C->T,1
chr11,126764268,126764522,GTCTTGGCAAATGTCCATTCTGTCAGGCACCCTGCCTCTTGCCACCTCTTTCTTAGCTAGATACAGATGGAAAAAAAAAATGACAGCATTGGGCTGACACCTGCATCGAATGGAAGCTACACATTTCTGTCCTAGAGATAGGTGGCAGTGTGGATTCAGGGCTGTGTGGTTCAAGATCAACTTCGCAGAGAAACACCGTTTCCAGAAGCAGTGAGGATCTTTCATCATATGCGCCTCTGATGCTCAACAACCTTC,"[[126764296, ""G"", [""A""]]]",yes,no,G->A,1
chr3,58185523,58185787,TGGCGGGTGCCTGTAATCCCAGCTACTCGGGAGGCTGAGGCAGGAGAATCGCTTGAACCTGGGAGGCTGAGGCAGGAGAATCGCTTGAACCTGGGAGGCTGAGGCAGGAGAATCGCTTGAACCTGGGAGGCTGAGGCAGGAGAATCGCTTGAACCTGGGAGGCTGAGGCAGGAGAATCGCTTGAACCTGGGAAGCTGAGGCAGGCGAATCGCTTGAACCTGGGAGGCTGAGGCAGGAGAATCGCTTGAACCTGGGAGGCAGAGGT,N,no,no,N,0
chr7,3428016,3428303,TCTTTGTTGCCCAATTCCCTCTTTGGATTACCCATTTTTGTAAAATGTCAAGTGGGTTAATCACTGTGAGACATGGTGGCAGCACAACTATATGCTTTTCTGTCTGTGTACCAACTCAGATGCACAGTGACCAATCACTGACAGGCTTTGAAAGAAGTGACGTGATTGGTCATGGATCATGATACAGATCTGTTATTTACTCAGTGATTGGTGCACTGAATAGCTAGTGGTGAAGTTTCTTTTATGTAATTATTATTGATTAATTTATCATAGTAACTGACATTTGAG,"[[3428022, ""C"", [""T""]]]",yes,no,C->T,1
chr6,80053950,80054151,TGTCTGTGCCCTGTCCCCAGAGGTGGAGCCTACAGAGGCAGGCAGGCCTCCTTGAACTGTGGTGGGCTCCACCCAGTTTGAGCTTCCCGGCCACTTTGTTTACCTACTCAAGCCTGAGCAATGGTGGGCGCCCCTCCCCGAGCCTCGCTGCCACTTTGCAGTTTGATCTCAGACTGCTGTGCTAGCAATGAGCAAGGCTCCG,"[[80054095, ""T"", [""C""]]]",yes,no,T->C,1
chr8,91683710,91684022,TACCATTTAAACTGATTTGATCTTTATAAATCATATGAATGTATTAAATGATCACATGTACCTTAAAAATATGTATATAATGTATTGATTAAAACAATAAAATTGAACAAAGAAACTAATGCACGATCTGAATGAGAAATTCAACAAAAAGATAGATATCATAACGAAGAACCAAACAAAAATCTTGGAGCTGAAGAATTCAATGAGTAAAATAAAAAATACAGTTGAGAGCTTCAACAACAGATTAGATTAAACAAAAGAAAGAATCTCTGAACTTGAATACAAGTATTTTGAATTAACTCAGTCAAAGGGA,N,no,no,N,0
chr7,132255208,132255432,CAGGAGTCTGTGGGTCACAGGGGACCTGGGACCTGCTGCTGTTGGGACCTGGGCTGTGCAGTCTGAGAGCTGATGCTTAGATCTTAACTCTGCCACTTAAGAGCTTGGTCAGGCGCACTCAACATTCTCAAGCCTCTGAAAGCTATGCAGATTAAATGACATAATACATGTAAAACACTCAACACAGTCCTAGACCATCCAAACCTAACACCCAGCATCTGTCCT,"[[132255249, ""C"", [""T""]]]",yes,no,C->T,1
chr10,47309455,47309733,AGTAGAGGGCAGGGGGAGCAAACAGGAGCTTTGGAGTCCAGCAGGCCTGAATGCCTCCCTGTCTGCCCCTATTTCTTTGCTGTTGCTTTTTGTTGTTGTTGTTGTTTGCTACGGGATATTGACAATCTCAACCTTAATTCCTCACCTGTGCACTGAGGATTGCAAAGGGCGCCCTCATCAGTTTCATGTGAGGATTACACGAAAGGAGGGAAGCAAAGCGGGGGAGGAGGATGGTCCTGAAAGTGTGGATCGGTGGGTGTTTGCTCCTCCAGCCCTGGG,"[[47309502, ""C"", [""T""]], [47309712, ""C"", [""T""]]]",yes,yes,C->T,2
chr18,14394018,14394293,TTAGAGTGTCCTAGAGACTTTTAAATATGCAGATTATTGACCTGAGAAACCATTTCGTCTCCAAAGGAACATTTGCAGGCTGTCATGCAAATCTGCACTTGAGCAACTTTCACATTATGATCTTAGTGAATTCTTGACCAGATGGACTTGAACAGCTGCCACCCATGCTTGGGAAGTCCCTTTACTCGAGAAGAGAAAATAGCTCATTTGTTTGCAATTCTTTCCTGAAAGTACATAAGGGCAATTTTCTACATTGTGACTAGTATCAGAGCAACA,"[[14394022, ""G"", [""A""]]]",yes,no,G->A,1
chr10,38502678,38502976,AACAGACTTCAACGAAATAGAATAGAATTTAATGGAATGGACGTTAATGGAAAGGAATGAATTGTTCTTGAATGGAATGCAGTGAAATGGACTCGAATGGAATGGAATGAAATGGAATAGAATGCACCTGATTGGAATGGAATGGAATGGAATGGAATGGAATGGAATGGAATTGACCGGAATGGGATCTTATGGAATGGAATGGAATGGATTGGAATTTAATGGAATGGAAAGGAATTGAATGCAGTTGAATGGAATAGAATAGAATGGAATGGAAAGGACTCGAAGGCCTTGGAAAG,"[[38502692, ""G"", [""A""]], [38502701, ""G"", [""A""]]]",yes,yes,G->A,2
chr1,56700535,56700848,CCTAATTTTTCCTTTTAAGTGTTTTGGTCAGCTTTTCCTTTACCCAGCTTTCACTGCTGCTTCAGGCAGTTGCGATGTTAGACAGTTGCCATTGATTTTTGTTTTTTCTTTTTTAACAAATGCCCTGGGGAGAAGGCTGTTTGCAGGAGTAAGGTCTGAGTCAGGTCACATAAAAACCAGGCTTGTGAGTAGAGGTTTCCAGAGAACTGCTAGACATGTAAAATAATGACAGTTCTCTCATGGTAAGATTTTTGGGGAGCTCTAAACTATTCTGCTCCTCTATTCTCCCCACCTCAATGCCCCAGTGATTGTTA,"[[56700688, ""C"", [""G""]], [56700725, ""G"", [""A""]]]",yes,yes,C->G,2
chr5,15885252,15885638,CCTCTCCACAGGGCAGGTTCCAGCATGGCATCTTGCTTCATCAGAGTGAGCAAGTGAGAGGGCGAGAGAGAGGATGAAACCAAGAAGGAAGTAGTCATCTTTCATAATCTAACCTTGGAAGTGACATCTTACCACTTTTTCCAAATTTCATTTATTAGAGACACACCACTGCATCCAATCCACACACTCCAGGGGATGTGATTACACAAGTATATAAATTCCAGAAGATGAGATTCCACTGGCACCCACGTCAGGGAGCACCTACCACAAACAGCAACTGGCTTCCTCTTTAATCAGGACAAAATGAAATGTGGAAGACCAAAGAAATGTTGAAACTCCAAGGACATTTTCCTGTAAAATGTTCAAAACATACAGATAATTCTCTAA,"[[15885277, ""C"", [""T""]]]",yes,no,C->T,1
chr6,81051936,81052214,TGTGTTATATTAGTCCATTTTCACACAGCTGTAAAGAACTACCCTAAGACTGGGTAAACTAAAAAGGACAGAGGTTTGTTTAATTGACTCACAGTTCTGCATGCCTGGGGTGGTCTCAGGAAATTCACAATCACGGAGGAAGGGGAAGCGGGCACATTCTTCACAGGGTGGCAGGAGCGAGCGAGAGTGAGTGAAGTTGGAAGAGCCCCTTACATAAACCATCAGATCTTGCGAGAACTCACTCACTATCACGAGAACAGCATGGGGGAACCGCCCCGT,"[[81052039, ""G"", [""C""]], [81052065, ""G"", [""A""]], [81052101, ""A"", [""G""]], [81052110, ""A"", [""G""]]]",yes,yes,G->C,4
chr8,63755717,63755956,CATTTTTCTTCATAACCTTACCAGTATCTGTGGTTTCCTGACTTTTTAATGGTTGCCCTTCTAACTGGTGTGAGATGGTATTTCACTGTGGTTTTGATTTGCATTTCTCTAATGACCAGTGATGATGAGCTTTTTTTCATATGTTTGTTGCCCGCATAAATGTCTTCTTTTGAGAAGTGACTGTTCATATCCTTTGCCTACTTTTTGATGAGGTTGTTTTATTTCTTGTAAATTTGCTTA,N,no,no,N,0
chr11,91124445,91124669,CACCAGAAGTAGAATAGTTCCAGAGCAGTTCTGGGGCTGCCACATGGTTTAATAACATTTATGAACACAAAGGGAAAGTGATGTACCAAAAATGGAAATGAGGCACAGTGGCCACCTGTGACTGTCTGAAACTCAGCTGCTGTGATTAGCTGAGATTCCGCTCCTTGTTACAAGAATAGTTTGAAGTCTGTTTACACACCCAGTTAGGTTATAGTTAAATATGTA,"[[91124496, ""G"", [""A""]]]",yes,no,G->A,1
chr20,42082688,42083086,GTGGCAGAACTGTGTCTCTGTTACTCCTTTCTGAAACTCCATAAATCATCTTCATGGACACACCCTTCAAACTCTTTACAGACAGTCCCTGTAGGAATATGCCTGATTCAGAACTCCTGGGCGTGTTGCCAAGAGCAACTAATGATTTCATGTAATGGTCTGTGTCTAAAGAACATCTGGACAGAAACTAAGGCACTCAGTCAATCTCCCAGATGTTTTATCTACAGGACATGCAGTGACCAGATGTTTCAAGTACAGAGAGTTGCTTTCCATTCACTGACTGGTGCCTGCATTTCAAGGTCTGTTATGGTGTCTGTGGCCCTCAAGGAAACCAAGTTCCCTGTTGGTAAAAGAATGCCCCTGTACCTTCCTTTGGCTCAAACTACTGGCCACCTTGGC,"[[42082746, ""A"", [""C""]]]",yes,no,A->C,1
chr2,235446008,235446338,TGACCTCAGGTGAACCACCCGCCTCAGCCTCCCAAAGGGCTGAGATTACAGGCGTGAGCCACCATGCCCAGCCCCTGAGTTTATTTCGTTTGGTTTGTTTTTAATGAATGGGACAAGATCTGGGGGTTGCATCGTTTGTTTCATATGATGCCTTTACACAGCTGAACTTAGGTGCAGTGTTTTAGCATTGACAGAAGGCTTGCCTTGAATACATTATTGAATTGATCCTCCCAGCAACCTGAGACCCATATGCTTCCTGCAGGCACACGCCTGTGAGTGGTGGCACTAAATCCTTAGCCCAGCACTCTGAGCCAAGCCCGAGATGACTTTC,"[[235446021, ""T"", [""A""]]]",yes,no,T->A,1
chr1,223056845,223057113,CCCTCAGGGATTTTTCTCTTTCAGTGGTGTCCAGAAATGTGTTAAAAGAAAAACCTCAGCTGAATTAAATTTAAGGGAGTTTAATTGAGCAATGAGTGATTCAGCAATCGGGCAGCCTTCAGAATCACAGCAGATTCGCACAGACTCCAGGGATGCCTCATGGTCAGAACAAATCTATAGACAAAAAAAGGGAAGTGATGTACAGAAATCAGAGGTGAGGTACAGAAACAGTTAGGTTGGTTACAGGTTGATGTTTGCCTTATTTGAAC,N,no,no,N,0
chr1,78376010,78376425,GACGAGCAATGTATGAATGGCACTTTAGAATCCTAAAGGATTCTATTTTCAAGAGCTTAAATTGGCACAACTAATTACCAGTGCCAGCAAATGCAGAGTGCTGAAAACATCATTTCCACACTACCTTTCAGATTTGTAAGTGTGGCTCTGGTCTGAGCTGGCAAGGCTTCTCTGAGTTTCACTTTACATGAAGTTGAATGTCTCAGTTGTGTGGTTTGGCTCCTGCTGAACTGCATTTAAAGCAATGGATGAAACTCCTTAGGTCTGAGGCTATGTGAATCAGATCTGATGAAAAGGCATATTGACGGGATTTCACTTATTTCTTCTCAAGTTCCCCAGCCCTGTGGTATCTTTAATTCCGGCTTGCTAGGTGTAGTCTTCTATTCTTGTTTTTGCTAAACACTCTAGAATCCTTG,N,no,no,N,0
chr15,80641339,80641821,TGCTGAGCGTGGAGTTGCTCAGCAAGGTAAGAGGGGCAGCCCCACTAAAGACAGAAAAGTGAGTCTGCATAGGGTGTTGTCTTTCTTTTGCATTTATTACACAAACAAACAGCAACGATGGAAATCATGGGGGAAGAAATCATCACAATCCTCCCCGCTAACACATCAGATGTTTTTATTTTTCCAAGTGCTTTTCCAGGCCCTGGTGACATTTATGCAAAAATGTTATGTTGTGGTAAACACAGCACGAGCCCAGTTCCGCATCCAGCTGTTCTCACTTAGCCGAGCATGTCTCTGTGTTGCTACACAAACTTCATCGGTTTAACAGCTGCACAATATTTCACCGGGTGCTTCCACCAATACCACCAACAATGAATGGATGTGCCGGCTTCCTGAAATGTGTGTACTGATTAGTGCTGCTATTATTATTATTATTATTATTATTATTATTATTATTATTATTTTAAATGTTTATTCATTTGT,"[[80641347, ""A"", [""G""]], [80641623, ""A"", [""G""]]]",yes,yes,A->G,2
chr4,143207531,143207965,CCATCTAAAAAAGAAAGAAAGAGAGAGAGAGAAGAATTTGCTTTATTTTATTGTTGGGCTCCAGATTATAACATCAGCACTCAGGTGTTTTTGGTTTCATTTAGCATTTAATTTTTTGGTTTGTTTGTATTTGGAATTTTTTTTTTTTTTAGAGAGCAGCTATATCTTTAGACACAAGTGATACTAGGCATAAGACTGAAAGAATCCCCATCTTACCACCAGAGGTCATCTAGTCCAGACATCTCCTTTTACAGATGACAGAGAAAACAAAAAACCAAAGCAGTTATAACGGCAAGAGCAAATAAAAGGTTATCTCTTATTGAACAGTGGCCAATAATATTATCTCTGAATGGGAAGACAGCATATTTTATTTCTTAAGTAATATATGAATTATTCTTCATAGTTTAAAAATAAATTTTATATAGAATAAAAAGC,"[[143207602, ""T"", [""C""]], [143207923, ""C"", [""A""]]]",yes,yes,C->A,2
chr8,65298724,65298973,CCCAGTCTATAGTAATTTGGTGTAGCAGCTCGAATGAATCACGACCTAACCTTGGCCTGTGCATCTGTGAAGACTCCTGGTCCTGCAGGCACTGAGGTATTGATTTCTCACATCTCTGTATTTTCACTGTAGCTTGTATGTCTCTACAGTAGAACTCATCAGGTTTGGATTTGGGTCTTTACTCCCCACCAGGCTGAAAACCTCATATTATTCATCTCTGCATTTCCAGCTCTGAGCACAGCACCTAGTA,N,no,no,N,0
chr8,71006483,71006683,GATAGCTTGTTGGTGGATGGGGTGTCCATGAGGAAATTCTACCTAACAGAGTGAATTTCTTAAACAAACCTTCAACTGCAGCACACATGAGGTATAGAAACTGAAAGAAACATTACATAGAGGGAATCAGACTTTGCACATTAATCAACTTATTTTTAGGGACTCAAGCCAGTCCAAAAATGGCATCTGGCTCCATGGTAA,N,no,no,N,0
chr2,119574139,119574563,TCTCCTGCCCTAGACTTTGTGCAAATGGGTCAATTGGTTTGCATGAGGCCAAGGGGTGGAGTGGTACAAATCTGGGAACAACGTCTAGAGCAGATGATTGTATGTACCAGGGGCAGTGGTTACAGGTGGAACCTTTTTCTTGTTTAGGGTTTTCTGTCTAGTCTGTATAAACTCTTGGAATGATTCATTACATTCAACAGCATGTACACATTGTGGCTTCTGTGAAACTACCAAGCTAGTATCAGTACTGAGAAGTAAGAAACTTTAAACTACTATTAGAAAAAGTGTTCATGGATGAATTCCCACGAATATTTAAGAATATAACATAGGGAATTTCAGAGTCTGCGCCACAGTACATTCCTGGAAGGAGCAAAGGTGACAGTTGTGGATGGTTTTTGGCCCTGGAGAGACACCCCTACATTGAG,"[[119574145, ""C"", [""G""]]]",yes,no,C->G,1
chr10,122236183,122236413,TACCTTTAGGTCCTCCCCCTTCCCAGTTAATGTTGGCTCTTTAATCTTACCTGCTGTCCTTGATAAGCCCTCATTATTCTTTCCCCAAATCTCTCTCTCTCTACTACACTGTGGTAGCCTTCCATCATTCAATTTCTTCTCATAATTTCCCAAGGGAAGAAGCAGCCTACTCTGCCTGTTAGAGCACTCTAGTATTGATAACTGGGGTAGAGGTTCGCTGGGCAGCCATGA,"[[122236307, ""C"", [""T""]], [122236386, ""A"", [""G""]]]",yes,yes,A->G,2
chr14,84853695,84854175,CTCAAAGCTGCACAACAGTAAGTATTAGAACTGCACTTTGAATGTTACTATTGAAGTTTACATAACCAGGACAGGAATTCTGGCCTTTTCATATGTTAATTACTTTACTCATCTAACCAGTATTTATTGAGCTTATCCATTTGGGGTCAAGCACTAGGGACCTAGGGTGAGAACTTGGAGCCTGGCTACAAGCCCAGACAAAGGCAGCAATATCAAATTGCTCCTATCACAAGTGCCAACTCTGATAAATTGGCAGGAGTTGCCTGTAAAAGCATCTTAAGAAGAGTACTATGGCTCAGGCCAGGTCAGAAAGGAACAATGAGGTAGACAGATGAGCAATGTCTATGATGCATGAGGAGGTATGGCAGTAGCAACACAAGTATCAAATAATTGATTTCCTTGGGCTAGTGGGTAAGCAAAGAATAAAAGTAAAGCTCAGAAGCCACTGGTTAAATGAAGTGGGGTAAATTTAAAAAATGTG,"[[84853789, ""A"", [""G""]], [84853843, ""G"", [""A""]]]",yes,yes,A->G,2
chr3,127925423,127925798,TGACCTGGTACTTCAGGTTCTTTACGTAGTTTTTTTTCTTCCTCCTCAAGATAGTCTACAATTCTGCCATCACATCTTATTTTTAGTAAACCTCCAACCCTGTCAAAGTGTCTTTCAGTTTTGGTCCTCAGACGTCTTTCCTTTTAACTTATTGAGAGCCCATTTCCCTTTCTAACAGCAAATGTCTAACTATATACCCCATGTTTTCCTTCCTGTTTATCTTGAACTCAACCAGGTTCCCATCACCAACCGTCTCACCCTCCACATTGGTCAGAGTTAGAGTAAAAGTTATTAGTTACTCCCATCATTTCTTCCAATAATGAAATTGTCAGAAGCATTGCTTTAGGCTTAAATGAGACTTCCAGCTGATGTTCTG,"[[127925448, ""A"", [""G""]]]",yes,no,A->G,1
chr6,169765844,169766110,CAGCCAGTCCTCATGCTGTCAAATCTCACTGAAGTGATTTCATCAGGCTGTCTGTCAAATCTCACTGAAGTGATTTCGTCACGCTGTCTGTCAAATCTCACTGAAGTGATTTCGTCACGCTGTCTGTCAAATCTCACTGAAGTGATTTCGTCATGCTGTCTGTCAAATCTCACTGAAGTGATTTCGTCATGCTGTCTGTCAAATCTCACTGAAGTCCCCAAAATCCTTTTGAGATAGGCATTCTTAACTTCTCCTTTTGCAGAGAAA,"[[169765850, ""A"", [""G""]], [169766067, ""G"", [""T""]]]",yes,yes,G->T,2
chrX,12159885,12160129,GCTTTCCCTTGAAAAGCCCTGAGGTTTGCTTGTGGAAGTGGGTGTGGAAAGATTTGCAGCTTGTGACTGGGAAGGGCTAGAAAGAGGGTTATCTAAACCTCCGAGGGGAAGTTGTAACACCAGATGGGAACAGGCGTGGCTCCTAACACATGCTGTGAACTGAGGTAGCTGTAGATGTTGAGGGGTGTGTGTGTGTGTGTGTGTGTGTGTGTGTATGTGCCTGTGTGTGCGTGCGTGTATTCCTA,N,no,no,N,0
chr2,175815460,175815865,GTCCATCTTCCCACTATACTAGAAGTTCTGTCAAGGCAAATGGCTCCAACCAGCTCTGTGTGTAGTCCATAGCAGCTGCACACTAGTCATGGGATGGAGTTCAGTCTGTGATAGGTGCCGCTCCTTTGTATTCTCAGGAAACCTGTGCTTAGCCCTGTTACAGCACATGCACACACACAACAATGTAGTCACCTTACTAGTCATTTTCCTCCTCTGAGGAGAGAGTGTATCTTTCATCTTTGTGTCCCTACTGCCTGCCCAGGCAACAGATATGAAGTAAATTCTTTAAGCCCAACATTAGTTCTTAAAAACTATGATTCATTCTGTGCTCATCTTAAGCAATAACAGTTGGCTTAACTATCAGATGAAGTAGGCCAAACATAAGCCATCTCTAAACTTAAGCCTT,"[[175815518, ""C"", [""T""]]]",yes,no,C->T,1
chr17,80303907,80304155,ACAAAGCTGTAGTTCATCTAAACTATTAACTCAGCCCCTGATAACAGAAGAGTCCACTAGATGATCAAGAGAGAAAACAGTCAATATAGTCAGACCCATGGATGGTCCATATTTACCTAGAAAGGCTAGATATAGTAGAAATATAGAGTACCTTTTATTATTATTGCTATTTTTATGTACTTATCTTTAAATATCTTGAAAAGTCTGCAGTAGCATTGTTCCTAAAGATCCAATCGTTCAGGTAAAAGT,"[[80303959, ""G"", [""T""]]]",yes,no,G->T,1
chr3,65589272,65589763,AACTTAAACACGCTGTTTTGGACAATCACTTAGGCCACTCCCAGGCTTATAGATCCCACACTCTTCTGGACAGCCCACTTGCATGCCCCTTGTGACTTTCCCGTCTACTAAGTCACCCTTCCTAGGACCATGCATGTCATCTTGGACCTCTTCCTCTCCCTTGCACTTCCTGCTCCAGTATTCACCAAGTCCTTTCTCTCCCTAAATATTTATTTATTGGGTATCTCCCCTGTCTTCCTTGCCTTAGCTTGGGCTTTTTCACTTTGACCGTAGCTTCCTTGTTGACCCCCCCTGCATTAACTTCATTCCCTAAATCAAGGGTTGGGAAATTTTTTCTGTCAAGGGTCAGATAATAAATAGAAAATAGGCTTTGGAGGCTGTGTAGTCTCTGTCACAACTACTCAACACTCCCAATGTGGCATAAAAGCAGCCATAAAAAAAAATACAATAACCAGATGACCAGGTTCCAGTAAAACTTTATTTACCACGACA,"[[65589336, ""G"", [""T""]]]",yes,no,G->T,1
chr7,121752710,121752970,ACTGTAGATTCCATCTACATTATTATCAGGAACTTCTCTTTTCAGGATTATGTCTCCTTTATAAATTGTCAAATGTCATGCAGTTGATGTAGTTGAGGGACGGGATCAATCCAACTTTTACATCAACTGGGAGAAAACTGCGTTCAGTCAAGGATTTTTTTTTCTTACTGCCACATGGTGTCACTCTTGAGAACCAGTCCGACATGCGAATCTCTCCCAGGATGTTGGGCATCACTGTAGATGAAGGGTCTCATTCTCTTA,"[[121752743, ""C"", [""T""]]]",yes,no,C->T,1
chr6,70164859,70165269,TGTTATATATTCTCAGGCAGAAGCATTGCAAGAAAAACTTTACAGTTTATTTTTATTGATAAACATGAACAAAAGATTTTATGATACTTTCGTTACAAAAAATGGCAGGGTATTGGAATGAAGTCCTTGATTACATTTATGGGAATGGACTAAAATCCCTCAAAATTCTTGGACATTGTGAGTAGAAATTTTACTCTATCTGAATTCTTTTTTAATTAACCATGTCTTGCCATTTCCCCTGCTATAGAGGGACTTAAGAGATTTTATGAGGCTATTATTCTGAGAGAAAAGCAGAGTTATAGGAAGAACTGCTGAGAGACACCAGAGGGACTTCAATAGCTCTGCTTATTATGGACCGATAAACATCTATGGTTTATAAAAATAGAAGTGAAATACATTTTTCAACTTTCA,N,no,no,N,0
chr7,99456287,99456705,GTACCACTGAGAATTTCAGAGTCATGTCCTGACTGGGGACTTGGTGGATGATTTGGGATTTGGTGGGCACTCCCTTAGTTGAAAACTGCATTTGAACAGTGTTGTTGTCTGTCTCTCCTCTTCCCCCACTTCCTGCTGTTCCCAGTGTGGCGAGAAAGGACACTACGCCAACAGATGCACCAAAGGGCACTTGGCCTTTCTCAGTGGACAGTGACAGCAGCTGGAGCCAGCTCCGAGCAGCCCGGGGGCCCCGCTGTTGGGAGTGTGCATTTAACTGTTTCATGCGCTTGTTGGCGCGACTGTGGCTCGAGCTGGCCCGCAGACACGTGGGTTTCATCACTCTGAGGGGCCACGTCTGTTAGTTTCCTATCATTTTGCCTTAGTATTTTTTGAAAAAGGGACATGTGTCCTGTGGGTCC,"[[99456316, ""C"", [""T""]]]",yes,no,C->T,1
chr7,85515061,85515385,ATAATACCTCTATTATGAACCTCAGGACTAGTCTTTTAAGATATTTTTCAGTTTGCATTCTTGTGGACCAACTGATGCCCACTGAACTCACGACCCATACCAAGGAACTGACTCAACTTGTCCTGCAACCTCCACCCAGAAACTGCCTCAGAGTATGAAGATAGTTTCTATAACCCTATAGTTTCATTCCTAAGCAATCAGCAGCCTCCATTCTCTACCCTCTTGCCCAGCAAATTATCCTTAAAAGCCTTAGCCTCTGAGTTCTTCGGGAGGCAGTCTTGAGAAATTTCTCCCATCTTCCTCTCTCAGCTGCCTTGTGATAATT,"[[85515233, ""C"", [""A""]], [85515274, ""C"", [""T""]]]",yes,yes,C->T,2
chr11,79923769,79924139,ATTGTGTAATCAACAAAGCTATCTTTAAATGAGAGTTAAATAATGATTATTAAAAATAGACAAGAAAGAGAGTGACTACCAATAGCCCTTTCCTAGAGAAATGTAAAGGATGTGCTTTAAGTGAAGGAGAGCAATCCCAGAGGGAATATTTGAAATGCAGGACATAATGACAAGCCAGCCAATTACTATACCTGTGTGTGAAAGGCTAATTGGTCATACATATGGAAAACAATGAAATTGGATCCCTAGTTCACTTGCAGTACGAAAGTCAACTGTAGATAGATTAAAAATTCAAATGCAAAAAGGTAAACTTTATGCCTTTGGAGAAAATGAAGATTTTTTTTTTAACCCCAGTGTTTGAAAGATTAACC,"[[79923817, ""T"", [""A""]]]",yes,no,T->A,1
chr1,235617823,235618192,TGCAGTGAGCTGAGATTGTGCCACTGCACTCCACCCTGGGCGACAGAGTGAGACTCTGCCTCTATCTAAAAAAAAAAAAAAAAAAAGAAAGAAAAGAAAAGACAAGACAAGACTTGGGAGCTGCCTCCCTAAAAGCACATTCTGAGCATATTTCAGACATCTCTGTTAGAAGGCAGACTGCACAAACTATCCTCCCCTAGTGGAGATATCTGCACAGTGGCAAGCTGACTGGTAGAATTGGAATGCAGTTTATGCTCTGCTTAAACAAGGGTAATCAGAAATGGAATCAGTGCAAGCAAAATTTAGGATTTGCTACTTCCATAAATAAAAGCATGAATAACAGGGGTCTCTGAAATGTAAGGTCACAAAC,"[[235617847, ""C"", [""T""]]]",yes,no,C->T,1
chr21,10438981,10439224,CTCATGACTAAGTTTTAGTTCTCATTCATCTCACAATTTCTTGATTTCCCTTTCATTACTAATGGATGTTTTTGCTGGATATAGAATTCTTTGTTGTCGGTTCTTTTAGGACTTGCAAAAATGTTATGCTGCTTTGTTCTGGCCTCCATGGTTTCAGGTGAGAAATCTGCTGTCATTTGAGTTGTTTTTCATCTGTGGATAAGGTGTCATTTCTCTTATTTATCTCAAGGTTTTTAAGTTTAGT,N,no,no,N,0
chr5,18546656,18546936,CTTCCAAAATAATGGTTGACAATTATTGATGTCTACACCTTAGCAGAATTTAGGCTCCTCACCTCCCCCTAGCCTGCTGGGCTTTCATTAGATGTACAGAGGCAATTGAGTCTTGTGGAAGGGCTATTATCATTTAAACTATAACCTAAGTGTCTCTGACAGTTGCTTGGGCTGAAGCCCAAAGATAATTAAGGCAGCTTGAAAGCTAAAGGCAAAGTTGGGGTATGTTGGCTACAGCAGATCTCCCTGTTGATTTTTCCAAAGGCAGTTTCAAATTTACA,"[[18546726, ""G"", [""A""]], [18546736, ""C"", [""G""]], [18546749, ""T"", [""G""]]]",yes,yes,C->G,3
chr9,116662670,116662964,TAACAACATAGTCTTATTTTTAATGCAGTTTTGCTTTTAAGATGGTGATAGGAAAAGTGCTTGGTAAAGGGAGAAGACAGAAAAGAAAATCATATTTCCCAATCTTCTGTTCTTTGCCAAACACAAGACATTGTGGATCTCATGGAATCCTCACAACAGTGCCTTGGACAAGTAATGTCGTAATTTTTTACAACTGTAATATACAGCTGAAAAAACAGAGTTTCCGAGAAGTGACAGACTGCAGTCGAAGGTCATTAGGCATTCAAAGACTGACTCCAAAGCCCCTTTTCTGTCC,"[[116662778, ""A"", [""G""]]]",yes,no,A->G,1
chr20,46791157,46791392,CAGACATCCAAATCATATCAGTGAGTCAGTCATCTTGACACCACAAAGGAAAACCCCATGAGGGTCCCAGGGGAGGCGGCCCTGAAAGATGAAATCATGTGAGCATTTGCAGCAAGTGGTACCTGGAGCCGGCCAATCCTTCTGAGCTTTTGCACTATAAAATCCAGTCAATCCCTACAGGGATGGAGAGTGGTTGTTGAATGGGTACAGCGTTTTTGTGTGGGATGATGAAACTG,"[[46791210, ""T"", [""C""]]]",yes,no,T->C,1
chr10,105068367,105068860,CCTTGTTGAATTTATTACACCTTCAAACCCCTTCCCTAGATGCATCTGCTTTTTCCCTGTTGGAACTTCCTTCAGCCAGGTCCTCCTCTTCTTTTGCCTGGACCAGCTTCCTCTCTGTTTCTCTGCCTTCAGTTTTACTGCCAAAACTTGAGTCAGTCCTTTATGGCTTCTTCTTGTTTCCTAAAACACCGGCTAAATGAGGTTATCATTTGGTTAAAAACTTCTGCTGCTGAAGTCGAGAGAATTATTTAAAAAAAATTAAAGCGTAATGACACATTAGTGAGTCATGATTCCTTGTGAAGTGTGTCACAAAAATTTTGTGGCCAGTAATAAAGAACTGATGTTGATGAGTTATCACCCTCATTTTCTTTTTGAAAATTTGAGGCAATTCAAGGTTATCAGTAAAATGATGTCATTCTTACATACTTGCATTCCTAAATGAATAGAAATCAATGGAATGACAACTAATGTGTCAGCTTCTTTAATATTTCTTA,"[[105068430, ""C"", [""A""]]]",yes,no,C->A,1
chr11,112096226,112096612,CTGGAAAACAAAAAGGACTTGTAATAGGCAGAAAAATACCAAGTGTATAAGTAATTTGGTATAAACAGAGTATAAGGTTTAGTATTTAGGAATAAGAACTATGTCCAGAGTATGGTGTTCTGTGAATACCAGCCTTTGGAATTCATATTATGTTCTATGTGTATTTAGTCTGGTCTAAGAGTTGAGTGTAAGGCATGATGCTGTCTTCTATCAATATAGAGTAACTGGGACTAAGCACATTTTACTCACCAAGGACCTTACTGGGAAGCTGAGGCAAAGGAAGAGTATGTGTTTATGAATGTGTACTAGGGGTTAAAGACATGCTCTCCTTGATGTGCCTGTGGTCTTGTAGAGACTCAAGTGTGCATTAGGGTTTAGGAAGAGGTG,"[[112096335, ""T"", [""G""]]]",yes,no,T->G,1
chr6,119593368,119593591,TAGATATACATACATACATACATATATGTATATATGTATGTATACATACACATATACATATATGTATGTATGTATATATACGTATATACATATGTACATATATGTATGTATATATGTGTATATATACACATATACATAGTTATATATATGTGTATATATACACATATATACATAGTTATATATATGTGTATATATACTATATATGTATATACACACACATATAT,"[[119593376, ""T"", [""C""]], [119593418, ""T"", [""C""]]]",yes,yes,T->C,2
chr5,71945458,71945876,TAATTCTTCCCTGAATGCATGCTTATTTATTTCCCCAGTTTTTAAGCCAATTAAGGGGAGGACTGTTTCTCACACATCGTGTAGTCGTACAGCGAAGGGCAGAAAGGGATCAAGGGCAACTGTATTCCTGTGAGTCAAGGACAGAAATGATTAACTTAAGTATAGGCAGATGGCTATGCATGGCTGGAGACCCAGAGGGATTCTCTCACCAGAAGGGCCAGGCCTCTGACCTTCCAATCCCCACAGAACTGTCCCATGGTCAACGATTCCACCCAACCAGGGAGAGGATCCCTGAGGTCCTCTGAGACTTCCTTACCAGCAGAATCATAGGAAACCTCATCAGTAGCCATAGAGCATGGACACTGGTCAGTCAGAACACACATCCGAATGGATATCGGCCCTGCCTGAGGGAATGGTTA,"[[71945496, ""A"", [""T""]]]",yes,no,A->T,1
chr12,43282189,43282463,AAAAATAGTGTGTGTGTGTCAATGTTTTATATTAATTTTACATTTTTTGCAATCCTTTGAAAAAATCATTTTCCTCCAATCAATCCTTTACAGCTGAAAAATGTATGCACAATTAGATATGAAATACATGACTGCCCTCTCTTGTCCACCTCAAAGTAAAACAGTTTTAGTAATCAAATATTTTCTTTCTGTAGTGGTAGGATATTAAATTAGCCATATTTAATAATATAAGCTAAATTATTTGTCTTCTCTTTTTGATAATATGATGTGTAAAT,"[[43282198, ""A"", [""G""]]]",yes,no,A->G,1
chr4,24813213,24813541,GCAAAACAGGAAGAAGGCCCTCCTGAGTCACAGAATCTCTTAGCACCTTGATCCTGGACTTCCCAGCCTCTGGAACTAAGAGAAATAAATGTCTGCTTCTTGTTGAAAACACTCAGTCTATGGTAGTCTGTTACAGCAGCCTGAACTGACTAAGACATTCAGAAATGTTCCTTGCATCTGCCCACTCTTCTCCTTGCCCAATACCAAACATGGCTTGGATTTCTAAGGTTTCTAGATAAATTGCTGAGGCATATATCCCCAAGGTTCAGCTTGGGGAATATATATATATATATATATATATATATATATATATATAAAACCTAAAAAGG,"[[24813266, ""T"", [""C""]]]",yes,no,T->C,1
chr8,54312094,54312358,CATCACTTGATGACCCATATCTTTAAAACTGTTGTTTCATATATTTTGTCCATGTATTTAGTAGTTGCAGGTTGGAGGGTGGACCCAATCCCTGAGAGTTGGTCTTGGCTGAAAGCAGGACTCTGGACACCTGCCCACACATGTTTTCCTAGCAGTTACTCACAGCCACGTAACTCCCTGCTGTATGTCCCCTCTTTCTTCAATTTCCAGTCCTTAGACTTTTGCTTTTCTTGTTTTTGGCTTTTAACATTAGTTTGCTTAATGA,"[[54312174, ""A"", [""G""]]]",yes,no,A->G,1
chr1,154306219,154306467,AAGAGCTGCTTTTCAAGTGGTGGGTATTTTCCTGCTGCAGATGGCATGGATTTGCTCCAGAGCTTCAGGGGCCTACATTATGATTCTCCTCTGAGAGCTTGCCAGACCAAAACCAACATCTTCTCCAACCACAGACATTCCAGTCTCTTACGTTCTGCTAGGTCACAAGGCTGCAGAGGCCTTTTCTGCTTTTGGCCCCACTCAAAGTTGATGTCTTTCAGTGTCAGCTAGTAAATTGGTCAGGGTTGT,"[[154306323, ""A"", [""G""]]]",yes,no,A->G,1
chr11,26529112,26529366,AATATTATATAATATATATAATATATATTATATAATTATATATATTATATATAATATATATTATTAATAATATATATTATATATAATTATATAATATATATTATATAATATAATATATAATATATATTATATAATATATATTATATAATATATATTATATATTATATAATATATAATATATATTATATAATATATATTATATAATATATAATAGTATATAATATATAATAATATATTATATAATAATATATTATA,"[[26529116, ""A"", [""T""]], [26529123, ""T"", [""A""]], [26529148, ""A"", [""T""]]]",yes,yes,A->T,3
chr8,57213530,57213871,TTTCAAACCGCATGGCGTTTCTTTCCCGGATCCCGTTTCAGGAACGTTTCTGTTGGCTACAAGGACCGTCTCCAACATGCTTAGGCTCTGTGAACTTTCCCAGGATCCTGAGTAGGGTATCCGCCATTCGTCCTTAGGGCTCCGGGATGTCTCGTTCTTACTGTGTCCCTGCCAACCCTGGTCCCATCTCGTCATGATCACCCACTGCAGAAGAGAGGAGGTGCTAGAGTGAACAGGGTCAGGGGAGCCCCGTTCATCCCCAGGGTCCCAGAATGAACCAGTGTTACCATGTACCCCTGCCCTTGCCTTCCTCCCTGCTCTAATGGCCGTGTGTTAGCCGGA,N,no,no,N,0
chr1,171300385,171300823,AATTCAAAATACTGAATTTAAAGCAGCTCAGTGTGATACAAGAGAACACTGCAAATACAGGTTTCTCTGTACTGAAAACAATACAGAGAAATCGGGAAAACAATTCAAGATATGAATAAGAAATTTACCAAGAGATAGATTTTTTTTAAAGAACAAAGAGAAATTTTAGAAGTAAAAAATTTATTGAATGAATACCAAATACATTTGAAAGCTTCAATAATAGACTAGATTATAGAGAAGAAATAATCACAAAACTTGAAGACAGGTCTTTTGAAATAATTTAGTTAGACAAAAATAAAGAAAAATGAATAAAAATAATAAGCAAAGAATTCATGACATTTGGGACAACATAAAGCCACCAAATATTCAAATGATCAGTGTCTTTAAGGGCAAAAAGAGAACAAAAGGATTGGAAAACCTATTTATTAAAATGTTAAAG,N,no,no,N,0
chr2,146396990,146397254,TATCTACTAAAATATCAAACAACTTTTTCCAGTTTAAACTTCACTGTGGCCTATCTAATTGACTTTTCAAATGCAGCTAACAGCTACGTAACCTCTGGTGTACACCCTGCAGTTATTATTGTGTTATCCTTATAGGCCTTCCCTAGGGGGCTGCTCCAACTGCTGCTAACATTAGACCCCACCATTCTCTTTCCCAAGTATCTGCTACACAGAGCCACTGGCACTGCAGACATCAGCACTGTGCAGCTTCTGTCAGAAAGCCTCG,"[[146397052, ""T"", [""C""]]]",yes,no,T->C,1
chr1,219397186,219397400,CTTTAGCTATGTTTATGTGATGAATCACATTTATTGATTTGCATAGGTTGAACCAACCTTGTATTCCAGGGATAAACCCTACTTCATCATGGTGGGTAATCTTTTTGATGTGCTGCTAGATTCAGTTTGCCAATTTTTTGTAGAGGATTTTTGCATCAATGTTCATAAAGGATATTGGCCTGAAGGTTTCTTTTTTTGTTGCTTTGTCATTGCTA,N,no,no,N,0
chr1,77828096,77828460,GTTTAATGGTTTCCTTTGTGACATTGATTACTCTTGACAATACATTATAATTATTTATGTACATATCCAGTGTGTTATGCTAAACCTTAAACTCCTTGTGGGCAGAAGACATACTTAATTCTATTCAGTGTCTGAAACTGGTTTGAATGTAGTATAGATAGTAGTAGGTCTGTGGGTCTTCTATGATGTTTATCAGAATCACCTTCATAGGTTTTGCTCTAGACCTACTGAAATTGAAACTTTGGGGTTGGGACATGAAGCTTTGGGTTTGTATTTCCTAGTTCAGCAGGTGATTCTCATGTGCATTTCTGCTTACGAGGCCCTGCAGGTAATATCTGAATGATAGATATTTGGATGGATAGACA,N,no,no,N,0
chrX,114344823,114345237,TCCTGTATAGCAATCCTACCCATCCTTATTGAGTATTATTGACAGTTTGTGCTTTCCACCACTATGGGTTTCTTGAGAAAAACAGGCTCTAAGTGTCCTCTTCCCCCAACTAGAGAGAGGGTGTAAGTCTGCAATTTTTCACTTTAGCCACTAGATGGCAAATGTGCAACAGTAAGCCATAATGCTGCTGGGTTTTCAAAATCCCCCAAGGGAATTCTAATAGGTTTAGGATTAAGGCAGTGAAAAGTGAAATATTGGTGTTTTAAAACACAAGGCAATGACTGTTTCAGTGAAATAAGGGGTAAATTGAACACAGCCCAATGCAAACATAATGAAGACATCTCCTTGGCAATTTGTTAACACATTCTTATTGACAAGCATCCAGATTGCCTCATTGCTTGACAAAACTGCCTCA,N,no,no,N,0
chr14,26132169,26132425,AGTGATGGCCAAGCACAGCCTTGTATGGGGAAAGGAATGCTGTGGAAATGAGAAAAAGAAGATGAGTAAGACTTGGATATTGCAAAAACAGGAGGCAGCCAGACTGAACTCACATTGACATTGTTCTCTTGGAACAAACTAAAGGTTTCTCCAATTCTTTGGTGAGAAATGGTATAAAAATAAATGTATCTTTTGTCATCTGTTGTCTATGATTATGCTTGACAGTACAATGCTTACAACATTTTTTCTGTAGTACA,"[[26132188, ""T"", [""C""]]]",yes,no,T->C,1
chr4,55025426,55025778,ATAACTTCTCTTAGAAGCAAAATGTGTTCAAAGACCTGTGCTAACTTTCCTAAATATCTGCTAGCTGTAATAAAGAAATCAAAGTACTTTACGTTCTTAGCTCCCACAATTTAGCCTAAATATTTGCCCTGGCATGCTTATACTGGTCCAAGCAAGCATTAGGTCACAGCCTGTTCCTTTTCCTTATTTAAAGGTGTTTCTGCCTTTCTCAGCATTCCACAAGTTGCGTCCTCCTTCCTTTGTTCTCCTCTACCTTTGCCTCTTTTAAAAAGTTCTAAGTTGCTAGCCAATCGAGACAAATAAAGAATGTGAGGTTCCGTTCCAGCCAATGGAAAATGGACACAGCAGTAGGG,"[[55025517, ""T"", [""C""]], [55025728, ""C"", [""A""]]]",yes,yes,C->A,2
chr15,71585270,71585558,TAATTATAATGAACTTTTGTTTGGGAAAATCTCTTTGTCATTGTAATTTCTGAAGGACAATTTTAGCAGATATAGTATTCTTGGTTGACAGGGTTGGTTGTTTGTTCCTTTCGGCACTCTGAATATATCCTCACTGTCTCCTCACCTGCAAGGTTTCTGCCAAGAAATCCACTTATAATCTCATGGAGTTTCCTTTGTCTATGAAGAGTCACTTTTCTCTTGTTGCATTGAAAATTCTCTCTTTGTATTTGACTTTTGACAATTTGGTTATAATGTGTCTCAGTGAAGA,N,no,no,N,0
chr17,63096379,63096805,CCAACAGAAGTTTGGGATAAGATAATAGTGGCCTCAACTAAGGTCATGGTTGAAGAAATGGAGAGAACATGGCAGATTGTGGATTTGCCTCTCCTGAACATTTCATATAAGTGGAATAATACAAATGTGGTCTTTTGTGTCTGGCTTCTTCCACTTAGTACATTTTCAAGGCTTTTGAATGTTGTAGCATGAATCAGACCTTCATTCTTTTTATGGCTAGATAATACTTCATTGTATAAATATGCCACATTTTGTTTATCCGTTCACCAGTTAATGGCATTTGGGTTGTTTCCACTTTTTGGCTATTATGTATGAATAATGCTGCTGTGAACGTTCATGTTCAAGTTTTTGCTTGAAAACCTGTTTTCGTATCTTTGGGTATATACAAAGGAGTGAAATGGCTAAGTTATATGGTAATTCTGTGTTT,"[[63096540, ""G"", [""A""]]]",yes,no,G->A,1
chr8,107324228,107324509,TGTGTGTGTGAAGTCCCAACCTCCAGGAAGTCAAGAATGTGGCCTTATTTAGAAACAGATTCGTTGCAGATGTAATTAGTTAAGATGAGGTCATCCTGGAGGAGGATGAGCTTCTAATCCACTATGATTGGTGTCCTTATAAAAAGGGAAAATGTTAAGAGACAGATCAGATGTGCACACAGGGAAAAGGTTGTGTAAAGATTGGAGCACTGCTGCCTCAAGCCAAGGAACTACTGGCAGGTAGGAGAGAGGCCTGGAACCGAGTCTTCCCTAGGGCCTTCA,"[[107324384, ""G"", [""A""]], [107324509, ""G"", [""A""]]]",yes,yes,G->A,2
chr2,187316078,187316374,CTTCATTATTTAATATCCCACTAGGCATTATAAATATCTTAACTGATTTAATTAATACAAAATTTATTTAAATGGTTATTTTTTCCTCCTTGCTGAATAACAAAAGAAATGAAGACTCAGCAAGTTAAGCAACTTGACTAAGGTGGGGAATGACAGAACTATGATTTGCATGCTGGCCTTTCTAACTGAAAATCCTGTGCAGCTAAACATTGTGTGATCCAGCCTGCTTCTCTTTTGAAACTCCTCACTTTCACCTCTTCCTCTACTTTCTGATTCATTCTATTTTCTTGTATTTTT,N,no,no,N,0
chr3,74672512,74672781,AGAAGGTTGAAGCAATGCTGTTGTAAATTCACTTTCCCAACCTTTGTGGACTATGAGTAGGATAGAGTATTAGATAATGTGATCCAGCGATATATTTCAGTGGATGACATAAAGATGACCAAGATTATATTGCCTCCTCCTGGTAGGTGTCCAAAAATATCCCACTATATCACCAAAAGTGATACCCATGAAAAATGTGGAATGAACACTGAAATATAAGGAATGCTAAAGTTCTGGGAGATCTGAGAATTTTAGGGTAAAATAAATTAG,"[[74672538, ""C"", [""A""]]]",yes,no,C->A,1
chr22,38136662,38137057,AATAAACATAATATATCAGAATCATTGTATACTTTTAATAGGTGGATTGTATGGAATAGGAACTATATCTCAATAAAGCTTTTTTTTTTTTTTTTTTTTAGTGCAATTACTAGGACAGCCCACATGGGTTTAATTCCCAGGTCTGGCACTTACTGACTGCCTGACTTTGAGCAAATTACTTAATCTCTCTAAGCCCTGGTTTCCTCATCTGTTTTTTGTTTGTTTGTTTGAGACAGGATTTCCCTTTGTCACCCAGGCTGGAGGGCAATGGCATGATCATAGCTCACTGTAGCCTCAAACTCCTAGGCTCAAGCGATCCTCCTGCCTCAGCCTCCCAAAGTGCTGGGATTAGAGGCATGAGCCACCACACTTGGCCCTCAGCTTTAAAGGGGGAAT,"[[38136697, ""C"", [""T""]], [38137048, ""G"", [""A""]]]",yes,yes,C->T,2
chr6,144012611,144012889,TTCTTTCTCACTGGTAATGAACTATATGAAATCCTTTTTTATCTTTAGGTTATTTCCACAGTGGTCTCTTTGAACATGACTATGTTGACCTGGTAGCTGTGACACATTCTTTTTCTCCTGAGCTTTCCCTCAATGACGCATGCTTTGGCATTACAGCATGCCCTAGCAAAGCTTCTGGAGCAGGGGTTGCAAACTCAAATCTCTACAAAGTTTAAAACAGTGAGGAACAACGGGACTGTGGTAAAGTGAAAAGGACATTCTTTGTGTAAGGGGCAGATG,"[[144012717, ""C"", [""T""]], [144012841, ""T"", [""C""]]]",yes,yes,T->C,2
chr18,2328169,2328380,AAAGAAAAGAAAAAAGAATCTGTGTGGTAGTGAGACAGCTGTAGCTCTTCACATACTTTCTGGTTTGAGTCTAGTAGAAGAGAAAAACTCTCTTCCTGAAACCTCAAAAATGTCTCATTGTTTGTTTGCTATTTTCATTCATAAACCAAACATTGTGACCAGGGGAATAACAAAGGCTAACTGATTTAGGCCAACAAGGGCCCATCCGTGGA,"[[2328190, ""A"", [""G""]]]",yes,no,A->G,1
chr12,45098810,45099172,ATCAATATTGGAGTCCCTCCTGAGCACCTCCTCACAACACAGGCTAAATAACTAATTTCTGCCTTCCCATGTTTAGTGATCATTCTTTTGTTTCAGGTCCTCTGAGGTTTTCAGACTTACATCAGCAAATTCTTCCTTCAAACAGCTGGGGAAGCTGGCTTCCTAAACCTCTTGCTGGCATCATCATAGAGCATTATGAAGCATAAGAGATAGAAACAGACACGGGGGGCACCGGGATGCTTCTTTCTCTGTTGGCAGAACTCCAAGTGGCCAATGCCTGACCCAAAGCCAAGGAGACACAGAGGGGTGAGGCTGAGTAAGACAGGGTGCTGACAAGAAGAGTCAGAGACTCAAGATTCCCCA,"[[45098880, ""T"", [""G""]]]",yes,no,T->G,1
chr3,126002679,126003101,AGATGTAGCCTTATGTGCACACTTGAAGTTGACCGGTACCTTAAATTTCTCCTTGATTTTGATGAAAACCTTTGGACCACTTCACATGCACAGCAAGTGTAGCTCTGATTTGAACTTGAACTTGATTTAGACCTTGGCCTTTGAACTTAACCTTCATATCGCTCCTGACTGAAATTCAAGCTTGAAATTTCCTAGAACTTACCTTAACCTTTAACTTGACCTAGACCTTGAAACTGTGCTTGAATTTTACTTCCATTTTCACCTGGACACTAATTCAGATCTACTTCTCATTTAACATCCCTGTCACTTTAAGGCCCATATTCTCATGACTTTGAACTTGAACTCTGGCTGCAGCTCAGAAGATACAAAAGGGATGAGTAATGTAAAAATCTGGATCAATATTCTAATTCTGGGTAATTATCC,N,no,no,N,0
chr1,35174063,35174336,CTTGTACTTAATTCTACTTATCATTTGAGGTTAAGTACACTGGCAACAGATGGCCTCTCCTTGGGACTTCCATCCCTCTCAGTACTTAGGCTCTTTCTAATTGTTCCCTATGGACTACATGATCTGCAAGTTAAATTTTCTCCCTGCTATCAAAAAACTGCTAATCAGGCTCTTCTGATTACATGGTATACTAAGGGAAATATCGTTTTTGCCTGTGAACCTTATCACTGGTAGAGACTTGAAAATACCATGTGCTCCTTTTGCATCTTTAGGC,"[[35174140, ""T"", [""C""]]]",yes,no,T->C,1
chr21,36959440,36959815,TGGACAACATGACTGACAGCAGAAGGCAGACAGGCTCATAGGTAGAAAGGGGTGGGTCCCTGGTGACGCCCTGCCTTCAAGCCAAGACCAGCCCAAAACCTGGGGACCTGGCTGTCAGTTCCAGGTGAAGCCTGTGGCCCAGAGTGAGAACTTAGAGTGCTTTTTCTGGCCCGCCCATGGCTGCCCATGGACCAATCAGCACGCGCTTCCTCCCTTCTGAGCCCATGAAAACCTCAGACCCAGCCAGACTTACACAGAGGCTGGGACTACCAGCTGCAGAAAGGAGCTACCCACTTCAGGTCTCCTGAGAGCTGTTCTGCCACTCAGTGAAGTTCCTCTCTGCCTTGCTCACCCTCCACATACCTCATTCTTCCTG,"[[36959492, ""C"", [""T""]], [36959690, ""C"", [""T""]]]",yes,yes,C->T,2
chr11,21426813,21427182,GGCTTGGTCAATGAAGATCTGGAAAAGGGGTGTCAGAAGATCCAAGAGAATTACGACATAGTCCATCTGGAGCACTGGCATGGGGTGAATAATATGGAGCTTATGGGAGAATCTGAAATTGCAAGCACAGAAGGCTTCAGGAGTGGAACTATGAAGACGAAGCCTCTAGGGTATTCCTGTGAAAGCTGTTGCCCCCATGTAATTACCACTTCAGTCAGTCCACAGCCAGGCAGCTGGTGGTGCGTGGGCCTGGAGATGCTGCTGGGCAGTAGGGGCAGCAGGTGGAAAACAAAGTCAGCATGAAACAGGGGAGAGTGAGGACAAGCTGTTAGGCATCTCTGCATTTTTTCATGTCGCTATGTCTCATCAC,"[[21426837, ""G"", [""A""]]]",yes,no,G->A,1
chr1,52369940,52370237,TCTATTAACCATCACACTGGCTGATATGGTTTGGCTCTGTGTTCCCACCCAAATCTCATCTTGAATAGTAATCCCATAATCCCCATGTGTCCTGGGAGGCACCTTGTGGGAGGTAATTGAATCATGGTTTCCTTCATGCTGTTCTTGTGATAGGAGTGAGTTCTCACGAGATCTGATGGTTTTATAAGCATCTGGCATTTCCCCTGCTGGCACTCATTCTCTCTCCTGCTGCCCTGTGAAGAGGTGCCTTTCACCATGATTTTAAGTTTCCTGAGGGCTCCCCAGCCATGTGGAACTG,"[[52370041, ""T"", [""C""]]]",yes,no,T->C,1
chr5,61771873,61772130,TAAAGGAAGCAGAAAGGAGGAAAAAGAGAAGAATAGTCTGTATATAGACACAGCAAGGAAGAAAAATGTTTATGCTATTGTTTCTGCAAGTGGTCATGTGGATATGGGTGGTTTTTATGGCATCCTTTCTCCACAACTATGCTAATGTGGTTTAGCTCTGTGTCCCCACCCAAATCTCATGTTGAATTGTAATTCCCAATACTGAGAGAGGGAGCTGGTGGGAGGTGATTGAATCATGGGGACAGATTTCCCCCATGC,N,no,no,N,0
chr7,99389041,99389352,ATTCTCCTGCCTCAGCCTACTGAGTAGCTGGGACTACATGCACGCACCACCACGCCAGGCTAATTTTGTATTTTTTAGTAGAGATGGGGTTTCTCCATGTTGGTCAGGCTGGTCTTGAACTCCTGACCTCAGGTGGTCCTCCTGCCTCCGCCTCCCAAAGTGCTGGGATTACAGGCGTGAACCACTGCGCCCGGCCATATATATATTTTTGAGACAAGGTCTTGCTCTGTCGCTCAGGCTGGAGTGCAGTGTTGTGATCATAGCTCACTGCAGCCTCAGCCTCCTGAGCTCAAGTAATCCTACCACTTCAGC,"[[99389079, ""G"", [""T""]]]",yes,no,G->T,1
chr18,50662219,50662611,TATGAACTTAGAAAACCTGCCAGTCTCTTAGACGCTATGATATTACCTTACTTCAGAGATCTGAATTTACATGTCTAGTTTTGCAGGGCTTTTCCTCCCCACTTAGTTCCTATACCTGTAATTTGAGTCAACAGCCACCAGAGGGCAGGGACAGTGAAGTTTAGATTTGACCCATTGCTTTGAAGAGCGAGGTCACATTGTCAAAAAGAATACAGCTCACCATGCCAGTTTTGATATAGCACTGGGAACTCTGCACCCTGGTTTCTGGGCAAAGAGAGTCCTTTTATTATAGGTGGCAACATTATTTCCTTGTAATTTGGTACATGGGCTTCTTCAACTTACGTGGAAAGCAAGAGATACAAATGTCATTACATCTTAGTCCCTGTGAAAGCC,"[[50662307, ""T"", [""C""]]]",yes,no,T->C,1
chr3,29798988,29799310,GGATATGAAGTTATTTTTTCTTCAACCTCTTTAAATATTAGCAACTATTTCACAGATGGTCTTTTCTTAAGCGATGTCATTGATTTACCAGTGAGAGCAGCCAAATCTCACTTGGGAAATAATGGTCAATGCCTCTCAGTCATCCATAAATGGAGTTGACCTAATGCTAAACTAAGCTACAAGGTAAGAGGGCCATTGAAGAAATTTCTAACACAGATGGTCAAATCAATTCAAATATTACACAATCCTCTATCTTCCTCCACCAAATCATCAAAGTTTCCAAACTGTCAAGCCTTTCACTTTTTTCTGAGTTGTCTGAGTGA,N,no,no,N,0
chr3,62151641,62151996,TATTATGGTATAATGGAATGAATGGTGGTATAAATAGTTTTTCAAATATTTTTCTCAACTAGTAAGTGGCTGGGACAGGAATGTTTTGAATTCAAATGACTAATTATGATAAAAGTTGGAGGCAGAATGCACTGATCAGGATGGGCATGGAGTCACACTGCTCTTTTATAGCAAGACTTATTTAACAAGCACTATGCATGCTTACTGTGTCAAGCGCTCTCCTAAGCTCTCACCTGATGTTAACTCATTTGAGTCATACTCAGAACCTCCTTGTAATGTCAGTGTTATTATCCCATTTTACAGATGAGGAAACACTTACACAAAGGTTAAATAACCCTTCTCAAGTCAAACCTTTA,"[[62151802, ""C"", [""T""]]]",yes,no,C->T,1
chr6,112706540,112706915,TAAAGATGTTCTTTGAAACCAATGAGAACAAAGACACCACATACCAGAATCTCTGGGACGCATTCAAAGCAGTGTGTAGAGGGAAATTTATAGCACTAAATGCCTACAAGAGAAAGCAGGAAAGATCCAAAATTGACACCCTAACATCACAATTAACTAGAAAAGCAAGAGCAAACACATTCAAAAGCTAGCAGAAGGCAAGAAATAACTAAAATCAGACCAGAACTGAAGGAAATAGAGACACAAAAAACCCTTCAAAAAATCAATGAATCCAGGAGCTGGTTTTTTGAAAGGATCAACAAAATTGATAGACCGCTAGCAAGACTAATAAAGAAAAAAAGAGAGAAGAATCAAATAGACACAATAAAAAATGATA,N,no,no,N,0
chr11,28296359,28296786,AGCAAACCTTGTATCTTCCATACTGCAAAAAACATTCAAGTAGTAATTTAAATTTTGAACAACTTAAATCTAACCATTTTTCATTGTTTTAGTTTGAGAAAAATACACAGGAAATAAAAATTTCTTTGTGAATTAAAGTTTAAGGTTAGTATATTTTGACTTCCTGCTGCCTTGACCTTGATGAATGTTATAAACCATCACCACTTGCCATAATGATGGGTAGTTGAAATAGAAAGTCTATTTCATTTGTTTAAGGTTTCAGTTTCTGACTTTAAAACCTCACTTCTCCTAGAGTATGTGTGTGTGTCTGACTTTATGTCTCAGTACTCTGAAGTTTCACGTCTTGTCAATGAGAACTGATGTCAGTGAACTAATTGGCTCTTCTTGTGCGTAGGTACCCTGACATGCCCACTGCTGCTGATGTTGTG,"[[28296399, ""C"", [""T""]]]",yes,no,C->T,1
chr19,9736110,9736354,GCCTGTGGAGGGAGCTATGGGCCAGGGGCATGGGCCCACGCTAGAGGACCAGGAGGAAGGTGAGGCCAGGCCCAGAGGATGAGCTTGAGGTTAGAATCAGGCCTGTGGGCCGGACTACGCTGGGGGAGGAGCCATGATTGGGGGCGGAGCAGAAGGTGGGTCCAAGCCCAGAACACCAGGTTGAGATCAGATCCAGTCCTGTGGATGGTAGAAGGGCAGGGAGGAAGGTGGGGCCTGGCCCCAAG,"[[9736140, ""C"", [""T""]]]",yes,no,C->T,1
chr5,20875744,20876239,CTCAGCAAACAAGACATTGAAGGGACATACCTCTAAAAAATAAGAACCACCTGTGACAAATCCACAACCAATATCATACTGAATAAGGAATCCAATAAAATGAACTGAAACCACTCCCCTTGAGAACTAAAACATGACAAGAATGCGCACTGTAACCACTCCTATGCAACATAGTACTGGAAGTTCTAGGCAGACCAATCAGACAAGAGAAAGAAATAGAAGATATCCAAATAGGAAGAAAGGAATTCAAACTATCTCTCTTCACAGATGATATGATGTTATGCCTAGAAAACCCCATAGTCTCTGCCCAAAAGCTCTTAGATCTGATAAACAACTTCAGAAAAATTTCAGGATACAAAATAATTACTCAAAAAACAGTATTATTACAATATACCAACAACATCCAAGCTGAAAGCCTAATCAACAATACAATCCCATTTACAATAGCCATAGAAAAAAATTAAATACCTGGGAATGCAGCTAGTCAGGGAAGTTA,"[[20875890, ""C"", [""G""]]]",yes,no,C->G,1
chr8,12918802,12919202,CCCTTTCTGTTTGCTTGACATGGCTTTGACACTGAATATCAGAAAGGCACTGATTCTTACACAGAACATGTGAAACAGTCTCAGGTGGCTAAGTGTAGAACAGGCAGTGGGGATGGGCTGAGCCTGAAATACAGTCAAGAGTTATGCATGGCCCCTGTGAAGCGAGAGACAAAAAGAAAACAGGCAGCAAAGTTGGGGTGTGAAAGAGAGAACAATGCTCAAGGGGGACGCACTTCTGAAAGGGACAAGAGTAGTTAGATTTTCAGTTTCAGAAACTCTTTTTCAGGCTGGGTGTGGTGGCTCATGCCTGTAATCCCAGCAGTTTGGGAGGCCTACGCAGGTGGATCAACTGAGGTCAGGAGTTCAAGACCAGCCTGGCTGACATGGAAAAACCTCATCTT,"[[12918879, ""C"", [""G""]]]",yes,no,C->G,1
chr1,148008732,148009000,GTACCTCTTAGCCAGAGCTCAAAGATGCACCTCAGAACAGGTGGGGCTGAGCTGCAGCTGAGGATACTATCAAAATGTTACAGGAGGGTGGAAATTTTTGCGGTATTCTCAGCAAAGGTAACAGTGCCTGGCACATCAGCAGGTGCTCAAGAATTTGTTGAATAAGTGAATGACTATCTGGGCACTCAGATAAAAAAAAAAGATACCAATCTTACTCAAAAATAGCTATTATGAAGAATCTCATTTTTCTTGCCTTTTATTCCTTATTC,N,no,no,N,0
chr3,129335357,129335595,AGCTATGGGGGAACCCCCAAGGAGACTTGCCTCAGGGAACCCACTGGGAAGTTGGCTCACTCCATGTGGAAGACCCAGAAGAGGTGACTTGGTCGGAGGGAACCCCCGGGAAGCCAGATGGTGTAACCTCAATCTCTGTGACCAAAAGGAGCCACGGATGCCATTGGCAAAAGATGTTTCAGTTTCATGCTGCAATTATGTTGTTTCTGACTAGCACAAAAAAGTCAAAGGGAGAAATA,"[[129335386, ""T"", [""C""]]]",yes,no,T->C,1
chr2,30859899,30860394,CTTCATGACTTACACATGAGCAGGGAATGGGCCCGGGAAGCAGCAGCTGTGGGAATCAAGGCTGTCCACTGAACCTGTATGAAGCACAATGTTCTTATCTATAAGACGGGAGAAGTAAGCCCTGTCCCACATTGCTTCCCAAGGAGGGGACAAAGGAGGCTGTTCAAGGCAAGTCTCTTCACCAGACATCTGTTGTCACATTCATGATGCTGAACAAAACCCTCAAAACCACAGTGGCATCCAAGAGGACTCACTGAATTAGCTCATGAGACTGGGCTTCAGCTGATCTGAGCTTGGCTGCTCCTAACTCTACTTGCACATGTGATTGTGCTCAGCTGCAGGTCAACTAATTGTGTCTGCTGATACGGGCTGGGCTCGCGTGCATGCCTGGAAGTGAGCTACCTATCTATTGCTGACCTAGGATGGCCATTGGCTGGAACAATGGGATGCCTTGGTTCTATTCCATGGGCATGTTTTCTAATGGCGAAATATAGGG,"[[30859922, ""A"", [""G""]]]",yes,no,A->G,1
chr9,123584837,123585194,CCAGCACCTCTCTGCCTGCCTGCCTCCCCTGCTGGGGTGTGGGCTCCTTCAGGGGCTCATCTGTGGCTCACCACTGCAAAACATCCAGTCCCTGACAACATGACTGGCACCCGGTAAGTGTACACTAATACTGGTTGACATTCACTCTCTTAAACCACAGCCTCTAGGGCAGAACATGGTACCTAAGTAAATATTTCAAGATTCTTCCCAGCAGGAGGGTGGAGCCACACTGGTCACAAGCCTCACTAGGATTGAAAAAACACTCCCAGGCAGCAGAATCCCGGAACCTTTCCACTTAACACCATCAGAGCCTCCAACTCCTTCTGCTATCCACTAACTTCTCCACGCCTCTGGGGCT,"[[123584920, ""A"", [""T""]]]",yes,no,A->T,1
chrX,94742498,94742751,TGAACAAGATCACAAAAAACTCTGAATTACCAGGCAGAAACTCTTGTTCTCTTCCTTTACTTTCTTCCAAAATATATAGTTTCTGTCTGTTCTGAGCCACTTATAGCTGGGGGTTTAGTGACACAAGTACTCCTGTATCCACCACAGCTATGACTGTGCTGCATTAGACCTGAAGCCAGCACAGTGCTGGGTCTCACCTAACACCTGCTTTAACCATTCTTTTGCTACTGCCTATGTTCACTCAAGGCTCTGGA,N,no,no,N,0
chr4,27267257,27267691,AGGTCCATCATCTCAGTGGAGAAGAAGGTCAGCTGGGTGCACCGAGGCAGAACTGACTGGCTAAATTGCCAATGGCCGCAGAATGATCCAGCAACAGTCTGAAGCCAGGAGGACAGAAACAGCTGTATCCAAGAGGCATTGAAATCTGTCTCTAATTACATTCGCCCAATAAAAGCTTGGTTATTTACCATTGGAGAGATGCTCATAACAGCATTTACATCTTTCATCCTTCCAAATAATTTTGCCAGGTTTTTTTTTTTTCTTCCCCTAGGTTTGAAGGGCCAAATGTTGAGAAAGCACATTTCCAGAATGTCCTGTTTTTTGTGTGATGCAATGTAAAATCATCTAGTAATTTCAGATGCTAAGGAGGGATGTCTGCTTCTTGAAAAAGAGAGTGAGTCTGTTCACCAGGACTCCACTGTGTCTGTGTTGTGG,"[[27267281, ""G"", [""A""]]]",yes,no,G->A,1
chr6,80407983,80408386,TGTGGGTTTCTCATAAGTAGCTCTTATTATTTTGAGCTACATTCCATCGACACCTAATTTATTGAGAGTTTTTAGCATGAAGGGGTGTTGAATTTTGTTGAAGGCCTTTTCTGCATCTGTTGAGATAATCATGTGGTTTTTGTGGTTTGTTCTGTTTGTGTGATGGATTACTTTTATTGATTTGCATATGTTGAACCAGGCTTGCATCCCAGGTATGAAGCTGAGTTGATTGTGGTGGATAAGCTTTTTGATCTGTTGCTGGATTTGGTTTGCCAGTATTTTCTTGAGGATTTTTGCATCAATGTTCATCAGGGATATTGGTCTAAAATTCTCTTTTTTTGTTGTGTGTCTGCCAGGCTTTGGTAGAAGGATGATGCTGGCCTCATAAAATGAGTAAGGGAGGA,"[[80407995, ""G"", [""A""]]]",yes,no,G->A,1
chr2,61268265,61268572,CACATCTGTAATCCCATTTCACCACATCTAATGGTGAAATGTGCTCCCCAATGTTGGAGGTGAGGTCTAGTGAGAGGTGTTCGAGTCATCAGGGTGTATCCCTGAAGAGCCTGGTACCTACCACACAGGAATGAGTGAGTTCTCACTCTTTGAGTTCATGCAAGAGCTGTTGTTAAAAAAAAAAAAAAAAAAAAAAAAAAAAAAGTGTTGCACCTCCCACCTCCCTTTCTCGCCATGTGACACAGCTGTTCTCTCATGGCCTTCTGCCATGAGTAAAAGGCTCCTGAGTCCTCAACAAATAAACCTCT,N,no,no,N,0
chr5,83145279,83145601,ATGTCAGTTTCCATTGACTGTAGCTTTTCTTCAGTGTGTTATTTCTCTACTTGTTGACAACTTTTAGATTTAATACTGAACATTGTGAATGATGTAGAGAGGAGATTCTCTTAGACTCATCTGAGGAGTATTGGTTTTTTGAGGTAAGGAGGAGTCTGTTTTCTGAGTCAGTTAACTTGGCTGTATTTCAACTTCAAACTTTGTTTCCTATGTGGTAGGTGTTAGCTGAAATTTCAGGTCAGTTCTTTTAACCTTAGCACTGTTACTTGGAGTCTGTCTCAAATATACTTCATTTAGAGTTTAGCAAGAGATTTGAACAGTTT,"[[83145300, ""G"", [""A""]]]",yes,no,G->A,1
chr15,69100074,69100305,CATTTAGCATCTCCACCGAAGCTCCAGGTGCTGAAGTGCATAATTGAAAAGCTCCACAATTTAAGTTTGCAAAGAGGAGGCTCAGCTCCTCTGAACGTCACAGTGTGCAGGTCTTCCCTGCTGGGGCCTAGACAGCAGCCAGGAGGTGACAGCCTGCATCTGCCCGAGAACCCAGCCACACCAAATGAGTGCTGAAGTAGTTCTGCTTTTGCCCAGGGGAGCTCAGGCAGTG,"[[69100131, ""G"", [""A""]], [69100188, ""C"", [""T""]]]",yes,yes,C->T,2
chr13,47017576,47017857,GAACTTTTGTAAATAAAATCGAAAGTTTTTTAATTAGATGAGAAAGCATGGAGAAATTTCTTGGGAAGAATTATTTCTGGATGACATCATCAGTGGGGTTTTTTTCCTGTAAGATGGAAGGAAAGGTTGGTTGGCTCAATTTCCTGTGCATATTGAGACATAGTTTTCATTTTTCTATCCTGTCCATGCAATAAAAGTTTTCATTAAGTAGCACTACTATCATCTTGATATTAAGTAGGAGAGAAGAGAAAGATACTTGTATTTGTTTTGGGATTTGAGAGA,"[[47017673, ""T"", [""G""]], [47017789, ""T"", [""C""]]]",yes,yes,T->C,2
chr1,43055003,43055309,TTAGTATCTAAGGGATAGGAAAAAGTGATCAATGGGAAGCACTGAGATGATGGTAAGAAGGGACTCTGATCTCCTCAGCTACGCAAAGCCATGGGAGGAATTTCTCTCCTTGGGTCTACAGTGAGTCAGTTCTCTGGGAAGTGGGTTGGGTGAATGCTGGAATTTCCTAAGTGGTGGGAGCCTGAATGTGCCGGGTCTTGTATCTGAAGAGGTGAGAGATTTAGAGCAAGGCTGTGCCTAAGCTTGGAAACTAGGTGACAGGCCTTGTCCAGCAGCACTGGCACCAGGAGTCCCAGAGTCGAGCTCA,"[[43055084, ""G"", [""C""]]]",yes,no,G->C,1
chr3,168666688,168667005,GCATCTATACCATAAATCTGAAGAAGACCTGGGAGAAGCTTCTGCTGGCAGCTCATGCCATTGTTGCCATTAACAACAGATATCAGTGTCATGTCCTCAGGGAATACTGGCCAGTGGGCTGTGGAGAAGTTTGCTGCTGCCACTGGAGCCACTCCTGTTGCTGATGGCTCTATTTCTGGAACCTTTACTATCCAAATCCAGGCAGCCTTCTGGGAGCCATGTCTTCTGGTGCTTACTGATCCCAGAGCTGACCACCAGCCCCTCACAGAAGCATGTTATGTTAACATACCTACCATTGCTCTGTGTAACACAGATTCT,"[[168666742, ""G"", [""A""]]]",yes,no,G->A,1
chrX,618775,619083,CCCCACACACCTCAGGGCTTTCTTAGCTGCGGCGAGCGGACAAGTGCCCTGAGCTAGACTCCCTGAGTGACCAGTGCAGACAGCTGTCCGCTCAGATCCCCCGGGACCCTCAGCCAGTGGCACAGAGTAGCTCTCCTGCCCATGCCTGCAGAAGCAGACATGCCCGGGTGGTTTATCCTGCGTGGCTGGGGGCGTGGGGGTGGCTGGGCTGTCGCTTGCTCCCACCCCGACCCCGGGTGCGCCCCCTGCCCCGTGCGCTGCGGGGGAGAAGAGCGGGGCGGTGCGCAGAGCGCAGAGCTGGGCTCCGGG,"[[618917, ""C"", [""T""]], [619003, ""T"", [""G""]]]",yes,yes,T->G,2
chr19,43241254,43241565,ATCTTATTTACTCTTCCTTCTATCCTATACCATGATTGAAACATGATGTAGGCTTCCAAAACCAGGCCATGAACCTTGATCTTAACTTTCTAAGCATGGGATAGACACATTTCCTTTCAATGTGTGCCACACATCCACTTTGGATAACTATGAGCTGGGTCAACTGTGCCTGAGTCACACATAGAAAGACACCTTCTCTTGGAGTTCCCAAATACCTCCATCCACTTCTCATACACTTGGCTGTCTTCCTGCATCTACAGTGATCCAGTGTTATAGGGGATCTGTAGCTTCATCAAAGATAACATTTGTTTG,"[[43241262, ""G"", [""T""]], [43241384, ""C"", [""A""]]]",yes,yes,G->T,2
chr20,7137851,7138206,GTAGGTTATTTTTGATATTTTTGCTCTGTGGGCAAAATAGAAACCAACAAGGTCAGTGATTCACATCCTCTGCTGTCAGCTGCCACTTGGTCACCTTTGGCAGTATTCATATACATGTAGACACATCTCTTCAGCTCCTTCATGGCTTTCTATAGGGAAGTCCTTGATGTACTATCTCTCAGGCAATATTTAAAAGAAAAAAATAATAAAATCACAGACGATGTACCACTAGGGGCACATTGACTCCAAGAAAAAGCCACGTGAGTAAATTGGTATTCCCCTTCACTCTCTCCAGGTTCAATGGTGAGAACTGCACATTTAAATGAAAATGAGCATGTGCCTTCCTCTCCCTCCTG,"[[7137945, ""T"", [""C""]]]",yes,no,T->C,1
chr11,15673420,15673853,CATGCTGGCCTGACATCCATGGCTCAGCCTCTCCTTAGTACAGGCTCACTGTAGGGCTGAGATAGGCACAGGAGTCTGATGCCTAAGGTGCCAAATAAAGGGCCCAGCTGAAGAGGTACTTAAGATGTGGAGTGACTAAACTCTGTGAATTCCCTCCTGCTGACCCTGAGAGGATTCCTGGCTCTCCACATGGCTGACAGGGACAGACATGCAGATTGCCAGGATACTGTCAGGAGTTTCAGCTTCTAATTGGCAGGCATCCAGATACTGGGACAGCCTAGTGATAGGAAGAATGTAGAGCAGTTGTGGGTGTTAATGAGGGCTGGGGAATCAGCCAAGAAGCAACATGGTGGCATCTGCCACAATATTTCCTATACCCATAGCTTTGGAGACAAGCACTGTGAGTCAAATCCACATATTCTCACAGGCATATG,"[[15673536, ""C"", [""T""]]]",yes,no,C->T,1
chr13,71856195,71856441,ATCAGTTCATTCCTTTCCCATAGGGTAACTTGTATAAATGTAATTCTATGGTTTCATAAAAGCAGGTCAAGTTTCTGTCCCTGGGGGTCTTTTGGCAATTTGAAGCATGGAAGCACTGTTCCTGGCTACAAGTTCAAATCTGCATGTACCATACTGTCAACAGTGCGTAAGAAAAAAATCAGTGAACAGCAGACATATATTCATCTTTGATTATAGTACACACTTATCAGAGCATTCTTAGAGGGTA,"[[71856216, ""G"", [""A""]]]",yes,no,G->A,1
chr6,85417347,85417691,AACCTTGACTCTAATGACATTCTGAAAACAATTTAGCAAATTTATTTATTGACTATGTGTTGGGTATTTTTGAATTAATGTTCCTTAGATGTGAAATGTCCCTATTCAATTGTGATTGTTGAATAAGAACATTATATGGGAGTGATGTGTCATGATGCCTGCATACTACTTTCAGATGGCTTATGAAAGGAAATGTGTGAGTGAGTGAGTGTGTGTGTGTGTGTGTGAAGATGCTGCTAGCTTTAAATCTAGGAGAGCAGTATATGGATGTTAATTTTTCTGGGTGTTTTTTTTTCCAATTTTTTTTCAAGCATTTAAAAACTTTTTTTAATTTAAAAAATTTAA,"[[85417383, ""T"", [""C""]], [85417444, ""A"", [""G""]]]",yes,yes,A->G,2
chr9,2257510,2257927,TACATACAATGTAAAGAGGTACCGAAGCAACATCCTGACCATGTTAATTTCCTTTTGACTCCCTTACATCTTGTTTCTTCAGTATGTCTACTAATAAAGGGGCTCATAGCCCCCACACATTGTGTCGCTTTAATGCTTTGAGAGTTCAATAGTAAGCAATGACAAACATGTGATGCCCTGGCTCTTTCCTCTGAGAGTGCATTGGGCTGGAAAAAATGTTCAATCATCAGCAAGCTTCCTCTTTCCTGCACCTGCTGACAAACCCCAGGAGCACCTGTTTGCTGATGGACGCTAAGATCCACAGATAATGCTTTAATCTTACTTTAGCTACAAGGAAGCATGGCTAGGTACTCTATATATCATTCATTTTATTCATACTCTTTGCTTAAGGTGATTTTAATGAGAGAGAAGAGAGGAT,"[[2257521, ""G"", [""T""]], [2257788, ""C"", [""T""]], [2257805, ""C"", [""G""]]]",yes,yes,C->G,3
chr3,114393706,114394037,AAAGATAATTTTGAGGGGCTGCTGATGCCACACATTCTCCCTAGAACCTGAAAATCCAGCTGTTGTCTCTGCTTCTTACATCATCACTGTAATAAAGAATCTGCTCTTGGAACCCGGCTGGCAAGTTTCTTGATGGTGTCAGAGGCGAACAGACAGTAGGTCACTTCTCTACAGCCCGTTTCATTGTTGGCGTTTCTGCAGATCTGTCTTGGAAGCCCTTAGAGAGCAGAGCTGTTATGAAACACACTGCCACATATCAATGTAAGGAACTTTCTGCAGATGTCTACTTTGAGTATGGCCTGTCCCAGTCCTAGGAAATCACACCACATCGT,"[[114393738, ""A"", [""C""]], [114393821, ""A"", [""G""]], [114393948, ""T"", [""C""]]]",yes,yes,A->C,3
chr1,83251797,83252065,CACCCTAATAAGCCTGAGGGTACTGCAGGAGACCAGGGCATATTTCAGTCCTTATCTCAAATGCATAAAACAGACACTCCCAGAGCAGCCATTTATAGACCACCCCCCAGGAATGCAATTCTTTTCCTAGGGTGTTAGTATTATATTCCTTGCTAGGAAAACAATTTAGCAATATCTCTCTTACTTGCATGTCCGTTTATAGGCTCTCTGCAAGAAGAAAAATATGGCTCTTTTTGCCCGACTCCGCAGGCAGTCAGACCTTATGGTTG,"[[83251857, ""C"", [""A""]]]",yes,no,C->A,1
chr7,5160805,5161145,GCCTGGGCGACGGAGCGAAACTCCGTCACAAAACAAAACAAACCTCCGAGCGGACCCAGACAGGGCGCCCTGTGCTCTTGTGAGTTTTACCTACAGAGGCTCAACCAGGTTCTCAGAGTCAATATTAGAGAAAAATCCCCTCGTGCCTCCAGCAGGGGGAGGGGAAGAGAGACAAGCCCGGGCTTTCCGTTCTTAACAAGGCCAACCCTCAGGAGAAACTACTTAACCACAGCTGAACCTGCTGGGGCTTCATCAGTGCCTACCTGACCTGGGGGAAGAAAAATACCCAACTCCAGCTGGCCCTAGCCTTCCACCTGGAGAAAAGGAAAAACCCAACCCCA,"[[5160924, ""G"", [""C""]]]",yes,no,G->C,1
chr6,27847752,27848051,TTACATCGCTCAGTCAGCCTGTAGGATAGACACAGAGATATATATGCCTGGACCCAACCAATTAGTTGGTTGAATAGCCATGGATTTTATTTTTGTTCCTAAAGTAGAGAACTTATGGTGTCTCCAATTTGTGGCTGACTCAAGGCCTCATGAATAATGAGTCAGTGCTTCGATGTCTCATATATCTGTGAATTCTGAATGTGTGGCTCCTTTTGTATATTTTGTGCATCAGGAACATTAGGTATCTTTTGACCCTTCCATCCCTTATATCTATATTTAACAACATATGCTCTGTTTACT,"[[27847764, ""A"", [""G""]], [27848045, ""T"", [""G""]]]",yes,yes,A->G,2
chr3,66350589,66351002,CAGGAACATATAACTTTCTAAAACTCTAAAACATGAAGTTCTTGGCATTCAAGTTTCTCAACACCCTGTCCTTGACTGGTTTTTTCAGCTTCTGCCCTATACTCTGTGTGTGTGTGTGTGTGTGTGAGCGCGCGCGTGCGCGCACACCCACACGCACACACAAAATTCTTCCCCTCCAGCCAGAATAGCCTCCTTACTGCCTCTAAATATGTTCTCCCCTTCTCTGTTCTCTGACTCCTTTCTGAAGTATGCTTCCAAGGATCCAAAAGTGATGCATCACTCAAATCTCAATTCAGTGTTTGATCTCCTGCTTGAAGTCTTCTAATGAAGGCCTTGAAGAATTGCCCTTACCACAGATTTGTCTGTGTCACTGACTCGTATTTAATCACCCACCATATTGTGTTTAAAACATCT,"[[66350623, ""T"", [""G""]]]",yes,no,T->G,1
chr2,199111520,199111836,TATTTGGAAGTTTATCTTGTTAGCATTATTCTTATTTAGATATCATATGTTCTCCCATATTAGCATTTTAACATCATTGAGCAAAATTCAGCTGTGCTCTATAAAACTATTACTCATGATTGTGAAACTGAAGTTGTGGAGATGACCCCAAGCTGCATGATGTTCATTAAGTTGCTTAACCTCCCTTAGCCTCAACTTTCTCATCCATATACTAGAGATAGTAATGCCTAACCACCTTATAGGATTGTCTTGTGATAGACTGAACGTTTATGTTTCCCAAAATCCATATGTTGAAACCTAGCCACCAGTGTAATGGT,N,no,no,N,0
chr6,84766058,84766378,GTTGGCTGCCCTTTTATCTCTGACTTCTCTGTAAACTTTCAGTAGAGTAGCATTTGGGGGTAGATCCGCCACTGAGACTGATCCTTTTATTGTAGAAGAGAACGCGCGGTTCCTGGAGGCCGGACACCACAGCGGGAGTAGGAACCTGGCAGGCGATGAGCAGAGGCACGAGCAAGCCGCCCAGCCAAACCTGGCAGCCTTGAGGTCAAAAATGATTTTGTAATATCCTTGCGGAGGAAGCCTCTTTCAGACGCCTGAGAAACAAATTCAGTTGGGAGGAGGTGTTTTGCATTTTACAAAATGAAGGCTTTGCGACCGGTT,"[[84766305, ""T"", [""C""]], [84766324, ""C"", [""T""]]]",yes,yes,C->T,2
chr4,124151102,124151387,GTTGTCTCCAGTTCATGGCCTTAGTTTCCAAATTCAGAGGACTCAGCATCCTATTATATTAGTAAAAGATTCATTCATTCAGAAAACAACGATGGTGGAAATGGCCAACTTGTAAGACATTGAATTCTGACCAACTGCCTTGGAATTTCCTTGGAAGTCTACATTTTTAAAAGAATGAATGGGGAAATGAAAGACTTATTCAAAACAGATTTTCTCAGTTCTTAAAATTTCTAAAAAGAAACCTATTTGTATGGCAGATACCCACTAATTTTCATGACATATAGTA,"[[124151361, ""C"", [""A""]], [124151381, ""C"", [""T""]]]",yes,yes,C->T,2
chr3,159404634,159404951,TAGAATCCTAAGGTTTCTAACTTCAGGCCCTAGCTCCCAGACAGCATCTTGGAACCCACCCAGGACTAGCAGGATCTCACCTCTCTGAAGGGAAAGATGCAAGCCTGGCTGGCTTTGCCACCTGCTGATTGTACAGCCCTAGGGCCTTTGAGCAAACATAGGTGGAAACCAGGCAGTGGTTACTGCAGGTCTTGGGTGAGACCCAGTGCTGTGCTGGCTTCAGATCTTACCAAACACAGTCCCAGTGGTGGTAGTGACATAGGCGTTTGTGTCACTCCTCCCTCACCTCCAGGAAATTCAGCACAGAGGGAAACACTC,"[[159404652, ""G"", [""A""]]]",yes,no,G->A,1
chrX,43541778,43542095,GTATGCCCTTGCAAGTGACATGTGCAACCTCCATCCCCTTCCCCATCTCACGGCCAAGGCAGATGTTCCCAATTGATTAATCAATGCTGGACACCAGGAACACTGTCCTGAATTGTGAAGCTGAAAAGTGATTGGGTGAAAAATCTGGCTTAGCTTTTGTGTGTATGTGTGTCTTTATCAGAAGTTCTCAAGCTTTAGCATGCATCAGAATCATCTGGAGAACTTGCTAAAACACAGAGTGCTGAACCCCAGAGGCAGAGTTTCTGAAGCAGCAGGTCTGGGGTGAAGCCTGAGAATTTGCATTTCTAATTCATTCTA,N,no,no,N,0
chr5,151810910,151811161,TTCCTGATTGTGCCTAGTATATCCCAGACAGTTTGTTTCTATGCAGAAGAATTTTATATGAAATTTTCATTTCTTTGCAAAAACTTGTTCCTTCTTTCAGTTCATGACATCATCCATGCTAAAGTCTGAGTCATCTGCTTCCATTTTTGTTATTCCCCACATCCAGTCTTCAGCTAAGTCCTGTCAGTTCTACCTCAAGTCTTTCCCGTCTTTCTTCCTCACCTATGTAATTTCAGTAGTCTCTCAGCTTCA,N,no,no,N,0
chr8,115257319,115257654,TTAAATTAAAAGATTACCTTACAGCCTATCTGTTGTATTCTTTTCTCTACATAAAATCAGTTACCCTTATTTCCACAATGCCATTAAGCTGACACATTCAGAGTCTACTCAACCAAGCTCCAGATACTTTTCTTTTTTGTTTTTATGCACAGGTAGTACTTCCTTGAACTTTATTTATAATGTTTACATTTTGTCCCTAAGCAAACTGAGCTATACTGTGGTTATAGCCAGGGGATGTAAGGAATTAAAGACAACAGATTTTAGAAAATCACCTTGAGACTTTACACTAGTTTCCTCTTGCACCAAATTTTAAGAGCAAGTTTCAAAACTTTTTGT,"[[115257399, ""G"", [""C""]], [115257412, ""T"", [""A""]]]",yes,yes,G->C,2
chr7,36372036,36372506,GCAGAAGTTCAGTTTTTTGAGAGCATATCATGCTTGCAACTGAAAAAAAAAAAGTTTAATTTCTTAACAAGAGGTTTTTATCTTATTAACACAAAAAGAATTAGAACATTATATTTACTTACTTGTAAGTTTCAGATGAGAAACTTAAAAAATGGGGAGGGAAGCTTCTGCAGCCTACCATTATAAAAGAACAGAGCAACTCTAGTTGCAATACCTCAGATTCTGATAAGCATTACCAGACGCCTCAGGGCAAACTGTGAACATTGTTTCTTGATTCATAAAAGAGGAGGAAAAAAAAAGAAATCTAGGAAATAGTTGGTAGAATTGGTTTTTCCTTGGCTTTAAAAAAAATTTCAGCGAAGTTTGAATGCTTTCAGGATGTCTATATCAAGAGAATGGAATGTTTTGCAGCATGTCTATATTCAGGAGAATGAAAAGCGTTAAGTAGAAGCCAAATAAAAGAATGCTTTG,"[[36372103, ""A"", [""C""]]]",yes,no,A->C,1
chr9,124498221,124498628,CACCAGCCCAGGGTCCACTGGACCAGTGGAAAAGAACTTCCACATGGCTTACAAGAGGCGCTCTAAGGGCTGGGCTGGTACTTATCTGCAAGGCCCCTTTAGAGAAGCTGGTGACCACTGCTCATAATCCCGGGCTCAATTCAAAGACTTTGAGAAGGGGAAGCAGGAAGGTTTGGACCACGGAGAAGCCAGAAGCAGGAAAAAACACTCAGCAAAGCTGGGACAAAAGCCCTTCCCATCCTGCGTGAAAATCCCCGGGAGACTAGGAAGGCAGCCAGAGGAAGTGCCCTGCCCCTCAATCCAGGGTTCTGGAAGGCCGGGAATGCCCTGCTCCTCCTCCCCTCTGCACGGGGGGTGCATGGGAAGTCTGGAGGGAAGCTAGCAACCAACCCAAGATGCTTGGGGTCC,"[[124498273, ""G"", [""A""]]]",yes,no,G->A,1
chr5,23687897,23688195,GGCAGAGATTTTAAAAAAAGGATATGAAGATGGAGCAAAAATTCCAGTCTTGGTTTGGTCAAAGTGGGCACTAATAAAAGCAGCTCTTGAACCATTTCAAACAGATAATGAGGCAGATTCAGATGAGGAAGAGGAGGACGAGTATAAAAACTAACTTCAGATTCTTAATGTGAGGAACAGAAACTGGAGGAAATTAAAGAAAAGAAAGGGAAACTGAAAATAGTATGTTTTACTAGCCTGTCGGCTCCACCTGCTGAATTAAGTGAATGGCCACCTCCTCTCTCTCCCTTTAATGGGCG,N,no,no,N,0
chr5,54944317,54944585,TGTATGGAAAGCCCAAGGAAAACTGGACTCGTCAACTCATCATCAACCGTAGGATGCAATTTTCAGCTTAGAGATGTATAAAGTAATACTGAACATCAACAAATGCTTGATCGAGACCATACAAATCTTGGCCAGTAGGGGTCTCTGAACATTGCACACTGAAGCTCTTTATTAAAACTAATGTAATCTAATTACTTAAATCATCTAATCTGGGTATTTTGTTCAAAAGTCTGTGCACCTGAGTTGAAATGTTCTGTTTCAGCTGGGCA,N,no,no,N,0
chr1,165960166,165960413,TAGGGGAGAGTATGGAGTGGACATTTGGGGCAGGAGGAAGGCAATGACATGAATGGAGTGAACGTGGTGGGTGAGATGCAGTCCTTTCCACCCTATATGTGTGGGAAGAGTCTTCTTTCATTCTTGATGTATTAGTCAAGCCTGCTAACTACTAGCTTGCTCATAACCTTGCTGGAGCTGGGGCTTGCGTGTGTGTGAACATATTTGTGTTCTTGTGTGTTGCTGTTTTAGAATCTGTCAAAAATATG,"[[165960192, ""T"", [""G""]]]",yes,no,T->G,1
chr7,3650911,3651234,CTAGTGTTTCTTGGTGTGGCCATAATGTGTAGTTTATAATCATTCACCTGTTGAAAGCAATCTGGATTGTATGCAGTTTTTGGCCATGATGAATAAAGTTGCTATAAACATTCTTGTTCCTTTTTTCTGTGCATGAACATAAGACTTCATTGTGTTCATACACACACATGCCCAGGAGTGGAATGACTGGGCTGTATGGTATTTGCATGTTTAGTTTTAGTTTTTTTTTTTTTTTTAAATGCCAAACTGTTTTCCAGAGTGGCTGTACCATTTTGTAATCCCACCAGCAATGTACGAATGATTGCGTTTCCCTGCTTCCTCACT,"[[3650983, ""C"", [""G""]]]",yes,no,C->G,1
chr3,126810868,126811145,GGGGGTGGGATGGGGCAGGAGGAGAGGCTGGGCTCAGTTGTAGAGAGACTTGTGCCTGCAGGCACATGGGATGTCCTGTAGGCGGGACCACCAAGTTAGAGACAGAATAATGCACCAGCCCATGGATAATTGGTTGGGAGCAGATGGGATGTGTCTGTAAAATGTGTGTGAAATGAGAAGAGAAGAGGACTTAGGATAGAGCTCTAATGAATACCAAAAATATTGGGGAAAAGTGCAATTTTTACTGCTTGATTTTTGTTCCTAATTTTAGTTCTTTG,"[[126810936, ""A"", [""G""]], [126810961, ""G"", [""A""]]]",yes,yes,G->A,2
chr2,162993598,162993914,TGTCAGCCTGCAGAGAAATTGGCCTCCACTGTCACTGACAGAGGATATAAGGGATGTGGCATCACCAGCATCTGCTCCACTTGTTTGTCTTATTTTTTGCTGTATCTTCAGTGCCTGGAATGCATTAGGCACTTGAAACAAATGCACCTGTACAAAGAGGCCCACTCTCCAAGGCAACCAGGAATGAAATTAGCCTGGTCCATTCTTAGTTGAGACTTTTATCTCACTTGATCAGACGTAGTACTAGCCCCCAGAATGCTTCATTTTCATGGTTACAATATTGCAGAGTCTTTTTAGTTTTTTCCACTATCTCTTGG,"[[162993710, ""T"", [""G""]], [162993891, ""A"", [""T""]]]",yes,yes,T->G,2
chr20,52171061,52171486,CTGTTGCAGGTGTCCAGAATTCAATAGCAACAAAGGGGCATTGGGTGCTGAAGACTCTCATCCAGATGGTTGGCTTGCTGGCGCCTCCTAGCTGGATTTATCAAGGGTATCCCTTCCCACACACGTGGCCTTTCTAGAATCTGCTGTGAACAGCAGGACCTGCAGAGACACCCCAGGGAAAGGCTTATGGTAATCACTGAGGGACTGCTGGCAACCAGAGGCCTCCTCATCCCCTTTGGTTGTTTGCATGTGATTTGATGCCGGAGTCGCCACTCATCCCCAGGGGGTGTGTGTGCATATGTGTATGTGTATGTGTATGTGTCTGTGTATGCGTATGCGTATGTGTATGCGTATGTGTATGTGTATGTGTCTGTGTGTGCGTATGTGTGAGCATGCATGGTCAGACTGACCTTGGACCAATTTGGG,"[[52171131, ""C"", [""T""]]]",yes,no,C->T,1
chr6,67775357,67775706,CATACTCAGATAATTAGCATTTATATCTTCAGTTCAGATGTTTCCTCTAAACTCCAGACCCATATGTCTAACTACTCATCTCAAAAAAAAAAATCAAATGCACTTTAATATATTCTGCTACAACATGTGGTTCTTTAGTGAGCACTGACTCATACAAAGTTGTCATATGGGAAGCAATGTAAGTTTTAATGTGAAATTCATGTTGGGTCATATGTGATGTTTCCCAGCATGATATGCATTGAAGTAATCAGTAACAAGCTATTTCACGATGAAAAAGAAAATCTTAGTAACATATGAATATCTTCAGAAAAAGCTGAACATTCTACAAAAATGCAAGTAATGGCTGGCTT,"[[67775386, ""T"", [""C""]]]",yes,no,T->C,1
chr12,119699404,119699715,GCCTTGAAGGGAAAAAGCACTATTATTCCTTGTGGCAAGACTTGGTATTAGACTTTTAAAGTCATGGGCTCTGGTATGCGTGCCCCGGTGCAGTTCCCTGGCCTTGAATCTGGGCTGACTCTGCGGTCTGCTCTAACCAGTAGAGCGTGGTGGAAGTGAGCACGCTTGCCAGCTTCCGCTTCTATATTCTTGGAAGAAGCCAGCGTGGAAAGCAACAAGGCCTCCAGCCACCAGCCGCAGCTAAGCGCCCACATTATGGCCAGCACTCATTGCGTGCCATGTTTGTGAGCCTGTCTTGGGCTTTCTAGTTGT,"[[119699409, ""A"", [""G""]]]",yes,no,A->G,1
chr15,84020538,84020748,TAAAACAAACTTCAAAAATCAGAAGGAAAAAGTGGAAAACAAGTGAAAGAAATCACTCTGCTATGTGAGAGAGCCTGTGGACACAGCTGGTAGCTATTAATTACTTGTAATTATTACAGGAAAATCTGGCACCTTCTGTAATCACACACAAATCCATCATCATCATGTCCTACCTCATCTTTTGCTGAGTGTCAGCAGGGAAGGGAAAGGC,"[[84020544, ""G"", [""A""]], [84020677, ""G"", [""A""]]]",yes,yes,G->A,2
chr2,139217614,139217944,TGTGTCCCTGTCCAAATCTCATGTTGAATTGTAATCTCCCATGTTGGGGAGGGACCGGGTGGGAAGTGATTGGATCACGCAGTGGATTTTTCCCTTGCTGTTCTCATGACAGTGAGTGAGTTCTCATGACATCTGGTTGTTTAAAAGTGTGTAGCATCTCCTGCTTCACTCTCTTCTTTCCGCTCTGATCACATAAGGAGTGCTTCCTTCCTCTTGGCCTTCTGCCAGGACTGCAAGTTGCCTGAAGCCTCCACAGCCATGCTTCCTGTACAGCCTGTGGAACTGGGGGCCAATGAAACCTCTTTTCTTTATAAATTACCCAGTCTCAGGT,"[[139217650, ""C"", [""T""]]]",yes,no,C->T,1
chr5,162962034,162962442,CGAATACAAGAGATAAATTTGCATGCCCGTCAAACGGTCTTTTATTCTCCTTGAAGGAATTGTGCCTCTTTTCTAAGCAGTAAGAATTGATATTAGAATGTTCTCATAGGTTAGGCCACTTTCTATGTATGGCTTTTATGCCAGAAACTATGTGTTTTATACAGTGCCATGGTCCTTAGAGAAATGATTTTTAAATGTAATGGATTCCCAAGGGAAAGACTCTGCTGACTAGTTGACTATCTGAAATGCACTCAGAAAGAAAATATAGAACTATTAGCAATAGTTTTTTTTTTGAGTAAGCATGATCCTATGCTTCTCCTTTGGTTATTTTCTGTCCAAAAGTGGTAGATGAATCCATACACAAGTAGATAATTTAATCACTACATTGAGTTTTTTAATCAAATTCACA,N,no,no,N,0
chr2,18899715,18900096,GGGAGTTTATAGAGCATATAAAATGGCAAGGGTGAAAAGTTGTGGCTTCTCATTTCTCTAGCATGAACTTGGCTTTTAAGTCTTGAAATCTACTGTGATTGCCATGAGAAACCCTGAACCAGCCCAGTTTCATTGCTGACATGCTTGGGGAATTGGGAGTAGACAATGGAAACTGTTTCTCTTGCATTGTTTTACCGAGTTGCCAAAGAATGGCTGCGCCTCACCGATCTCAGCCTGGTAATTATCCAAATGGCTCTGGGTCACAAAAACCACAGGAAAGAGCCTACTGGCTTGCTGCTGCTCCAGGGCTCCAGGGCTCCAAAGATATGGCCTTTTATATCCCTTTGCAGCCTCAGAGACTGTGACCATGATTGAATGAGTC,"[[18899724, ""C"", [""T""]]]",yes,no,C->T,1
chrX,67787214,67787680,AAAGAGAGGGCCCTACTCCTTCCATCAGTTTGGTTCAAATAACTTGCCAACCACACCTGATTCTGCTTGGGACCTTGGTTATCTGACAACATAAGCCTATGATCAGCCTCTGTATCATTTTATGACTGCTCTGGCTCAGTTCCCAGCCTCTTTCTCTATAATCAGGCACAGCTGCCCCATCCTTTTCACAGACAGGAACTGCTGTAGGTCATGAAAGTTTCACGTCCCCTCAAGAAACATCTTTAAGAGCATGCCCTATGGGAAAGGAATGGAATGGGATGTATCATCCCTGGAGATCTTGATGACTTAGGCTTCTTCCACCCCAACTCGTGTCCTCCCAAACACCATCCCTCCCTATCAGCTCCCTCTGCTGATAGCTAGTCCAGTGAGTTTTAACACCCATAGGTTATCATGAATAAAACGGGGGGTGTGGAGTCACATTTTAGGACATCATGAAAGAGGGTATT,N,no,no,N,0
chr13,94753083,94753512,TGTTTTTCCTTTAAATCTAGATATAATTTACTTGCCATAAAGTTTACCATTTTCACGTCTACCATTCAGTGGGTTTTGTGTATTCCCAGAATTGTGCAGCCATCATTACTGTCTAATTCCAGAATACTTTCTTCACCCCAGAAAGAAATCTGTACCTGTTAACAGTCACTCCCTGTTCCCCCTCCCTCCAGCCCAGACAAATGCTAATTGATTTTCTGTCTCCATGGATTTGGCTGTTGTGAACATTTTACACAAATGGAATCATACAATATGTGGCTTTTTGTGTTTGGCTTCTTTCACTATGTGCTATTCCCTCTGCTCCAAAGTAGATGCACATAGGATGGAAGAAAACTTTTCTGTTCTCATGGGGGTTAGAATATTGTAGGACAAGCAGGCTAAGTAAATATGTGCTGTACACAGTACGGGCAAC,"[[94753091, ""T"", [""C""]]]",yes,no,T->C,1
chr5,24475322,24475563,ACCTAAAGTATGTCATTCCGGTTAAAGCCTTGGTATAATAACTAGTGTCTCCAATTGTGTTCTATTACAAAAGGAAACAGATTCTTATTGAACTTATGCAAATACCTATATTGCTGTAAATTAAGAATACTCACAAATAGTTTCCAAATTCTGGATAAATCAGATAGATAGAAAGAAATATGTTTCAAAATTTACTCACAAGGGTATACTTTACTCAATTGTTACAAGCTATACTTTGCTCA,"[[24475524, ""T"", [""G""]]]",yes,no,T->G,1
chr16,84038731,84039184,CCCATCCCCAGAAGAAACCACCGGTCTAGTATTTTCCACCTTTACGTAATTCCTGGCTACTCCCACTCCATCAAGCATGTGTGATTGATCTGTATCGGGCGCACAGGCAGCTTGCTTCTGTTTTTGCTAAAAGGCCATTGTCTGAATAGATCACAATTAGCTGAGCATGGTGGTCGAGCATTCCACATCTAATCCCTAGAGCCTGTGAACGTGACTTACTGGAAACAGTTTTTGCAGATGTCCACAAGGAAAATGTTAATTAAGTGAAAAAGGGGTTTGCCTCTATCATTAAGGATCTTGAGGTGAGGTCATCTTGGATCTGGTGGGCCCTCAACCCATTGAGGTATGTCCTTGTAGAGACAGAAGGGAAGGAGGCAGAGATTGGAGTCCTGAGGCCATAAACCCAAGAAGCACCTGGAGCCACCAGGAGCTCGAAGAGCCTTTGGAGGGAGCG,"[[84038821, ""C"", [""T""]]]",yes,no,C->T,1
chr15,55060863,55061288,TCTAACGTAAATAAATGACCAGTAGCACAGACAAATGTCAATCAAATAAGAAGAACTTAAGTGTAGAAAATACATGATCAACCCAGTTTCCTCCTTCCTGCACCACAGGGCATAGCTTTATGCCATCTGGTGATTATTAGGGGAGAAAGATGCCATCTGCCATTTCTGCTAATCCACGGGAGAGGGATAGCTCTCCCTTACCCTGTAAGCCTATGGGAAATCTCCTTGTGCCTGTTTACATGTCCCCAGGGCTCCAACTGAGTTAAAATTTCCTCTGAGAGAGAGAATGTGTGTAGAGTGTGTGTGTGTATGTCCCCACATATTCAACATCAAAGTGAGACATCCATTTCTATCCCTTTCATACAACCTCTTAAGTGTCACAGGAGTCTGTGTTAGTCCAGGTTAATAGCAAATCTCTTCCTATCC,"[[55060876, ""T"", [""A""]]]",yes,no,T->A,1
chr2,118633692,118634005,TGCTATTCTCATCCAAGATTCTTCATTTTATCCCACTCCCCTTAGCATAAAGGCCAAAGGCCCTGCACTATCTGGCCTCTGGGGACCTTTTCAGCCTCATGATGTAACACTCCCAATCTCCCTCCAGTCCCTCCCATCCTGTCCCCACTCCCTCCCACACACACACTTACTTGGTTCCAGGCAGTTCAGGTTTTTGAATTTAACCGAGATTTTTTCTGCCTCCGGGTGTTTGCACAAGTCCCTCCTTCTCTTACCCTACACCTCCTCCCTACTCCAGACTACTGTTCATCGCTCAGATTTAAGCTTAGAAACCT,N,no,no,N,0
chr12,4772246,4772484,AGTTTGCCATGGGGCTGGTAGAGGAAGCATGGGGTGATCTCATCCTACATTCTGCTTCCCTTTCTTCCCTGGATGACTTGTGGAGCACTGAGGGGTCCCTCAAGAATGTGGCTGAGCACAGCAGGGAGAGCAGGGCTAGAAGAGATGATGAATTACTGAGGCATTTCAGCACCTTGGCTCTGTCTCTCTTCCCCTCCAGGGAGGAGCTGTCATAAACAGAGATACCAAGCGGTGTCTGG,"[[4772275, ""C"", [""T""]]]",yes,no,C->T,1
chr17,20417389,20417876,ATGTGAAATAGTTTTATTACAACTGGCCTGACCTTCAAAGGCCTTCACAGCTCCTGCCTTCATGTTACCGTCTACTATGTTCCTCGTGCACCTTCCACTCAGCACAAACAGGCTGCACTGCCTCCGAAACACATCACTGGAACCCTGCCTCTGCTCCTTTGTCCATCTGAATCACCCTCTCCACATTTCTGACCCTGTAATCCTGATCTCACTTCATGAGGCAGTTCGCTTCTCTTTTGCATTTAGCTTTCCCCGGGGTACACTGTCAATAGCCTACTGTCTGATGTCATCAGTCAGCACTTCATCAGAGGCAATTATGTCCACAGAGCTTTTGGCTAATTACTGTCACTCCTCTTTACATGTGTGCATATGCATATCATCTTTCCCTAATGAGACTGGAAATCATGATTCATTCCCTGGAGCAGTGGTTTCCATAAGTGACCAACCCACAGACCAGTGCAAACTGGCTGCAAAAGAGCTTCCTCTGA,N,no,no,N,0
chr9,133519331,133519760,CAGAGGCAGGAGGATCGTCTGAGACCAGGAATTCAAGACTAGCCTGGGCAACATAGCGGGACCCCCATCTCCACAAAAAATTCGGTGGGTGTCGTGGTGCATGCCTGTCATCCCAGCTACTTGGGAGGCTGAGGTGGGAGGATGGCTTGAGGCTGTGAGTTCGAGGCTGCAGTGAGCCGTGTTTGTGCCACTGTACTCTGGCCTGAGTGACAGAGTGAGACCCTGTGGCTAAAAATCAATAATCACTATGCAAAGTGAATAGGATCGAATCTATCCCATAGGATCACAGGACAAAGACACTAAGATTCAAGAGAAGAAATGAAGCCCCTCACAGGCCCGGTTAGATGGCAAGGAGCCTCAGGTCATGGGGACCTTGCCACAGACAACAGTTACGTGGAAAAAAACATGGTGGGAAAGGGGGCTTATGAAC,"[[133519361, ""G"", [""A""]]]",yes,no,G->A,1
chr4,133263723,133263997,GTTGTTCTCTGGTGGGCAGGAGTGGGAGTCACAAGGTGCTCAGTAGGGGAGCTTTTGAGCCAGGATGAGCAAGGAGAAGGAATTTCACAAGATAATGTCATCAGTTAAGGCAGGAACAGGCCATTTTCACTTCTTTTGTTGTGGAATGTCATCAGTTAAGGCAGGAACCAGCCATTTGGATGTGTACCTGCAGGTCACAGGGGATGTGATGGCTTAGCTTGGGCTCAGAGGCCTGACATTCCTATCTTCTTATATTAATAAGAAAAATAAAATGA,N,no,no,N,0
chr7,132369108,132369409,GCCCTTTCATAGAAGATGAGAGAATCCCTAACGCCTCTGCCATTTGACCAAGACAGCTCCTTTCAACTTCCTCTTCCCCTCGGGCAAAATCAGCAGCAGAGACAGGACTAAGCTGAGTGGCCTAAGCCCCTCCTTTGATTCTCAGGCCCCCAGAGCCACCCAGGTGCCAGAAACCTGCTAAGACGTATCACCAGACCCCTTGCTGATATCATAAGCATTTTTTCCCCTTCTCAGCAAAACTGACAGGACATGGCTTCCTGGAAAGGAGGTGAGGGGAGGAGTCCCCAAGCCTGGTGAGAACA,"[[132369117, ""C"", [""T""]]]",yes,no,C->T,1
chr11,109140475,109140698,TATAACCCATTATTTTAAGCTGATAATGATACTTTTTTGTCAATAAAGAACAAGCACAAAAGAAAAAGAAAACTACAAAACTAATAAAGACTCTACCTCCCTGTGGCCCAGCTGATACCTGAAACCAGCAAGTCTCAGAGTTTCAAGCAAGGCCCTCAACATAGCACCTGGGTATCACTGCTGGTTATTCAAGGGCTCAAGGATTTTTCTGTTACCAGGTAATG,"[[109140504, ""C"", [""T""]]]",yes,no,C->T,1
chr1,12538051,12538299,AGCTGGGGAAATCAATACCCTCCCCTCTCCTCTTGCCCTCTGATCTCCTGCTCTGTCTCCCACTGGCTGAGCCTAACTGGAAGCTGGAGGGTTGGGGAGCCCACTGATATAGTCCACAGAGGGCAGCCTCCCAGGGCAGAGAGCAGGGTGAACAAAGGGAGAGTAAATTTAGAAGGCAAATGGTGAATATCCCAAACCCCTCTGCTTGCCCACAGCTGCACACACCATCCATGGCCCAGTCTTCATGTA,"[[12538054, ""C"", [""T""]], [12538055, ""A"", [""G""]]]",yes,yes,C->T,2
chr6,42610497,42610877,CAGTCTTAAAAAGGAAGGAAGTTCTGATACATGCTACAACATGAATGGATCTTGAGAACATTACGCTAAGTGAAATAAGCCGGTAACAAAAAGATAAACAGCATATGATTCTACTTATATGACCTACCTAGCATTGTCATATCCATAGAAACAGAAAGAGACAGATGGTGGTTGCTAGGTGCTAGGGGAAGAAAGTAGCAGGGACTTGCTCTTTATTAGGTATTATGGCGAGTTTCACTTTTGCAAGATACAGAATTCTGGGGACTAGTTTCACAACAGTATGAATGTACTTAACAATACTGAACTGTACACGTAAAAATGGCTAAGATGAAAGTTTTATATGTATTTTACCTTTTTTTTTTTTTTGAGACGGAGTTTTGC,"[[42610560, ""T"", [""C""]], [42610595, ""T"", [""C""]]]",yes,yes,T->C,2
chr9,43338764,43339052,ATGATTCCATTCAAGTCCATCCAATTACTCTATTCAATTCCATTCTATAATGATTCTGTTCAAGTCCATTTTATGATTCCATTCGAGTCCTTTTGATGATTCCATTCGATTCCTTTTGATGATTCCATTCGAGTCCAATTGATGATTCCATTCAATTCCATTTGATGATGATTCTGTACGATTCCATTCCATGAGGATTCCATGTGATTCCATTCGATGATGATTCATTTCGATTCCATTTGATGATGATTCATTTTGATTCCATTCGATTATGATTCATTTCGAGTTC,N,no,no,N,0
chr7,81151871,81152088,TAGCTTCCTTGATCTTTTTCTTAGACAATTGTCTCTTTGTGCCTAAATGCATTTGTTCAGCTTTTAGTACAGGCATGCAAGACATATGCCCTTAAGCACACACACACACACACACACACACACACACACACACACAGGCACACATGCAAACACACACTAAGCTACTGTTTCTGCTCCCCATCTGTTGGTTACAAACGGAACTATATGCAGGGAAATTA,"[[81151908, ""C"", [""T""]]]",yes,no,C->T,1
chr2,33878360,33878770,TAGAAACACTGAAGTGATTACAAACACAGAGGAAGCCTCCTTAGGAGAACTGACTCAGCAGCCCTCTGCTGAGAGAAAAGGCTATCGCCTTCTCATCCTTCTTTGTGACCAGGGCCAGTCAAATTATCTGTCTTCAGGAAATGCCTTGGCTTGCTGGGAGCACTAATGGGCATGACAATCAATATTGCTTCTACCGATACATCACACTCTTGGTAAGGGATTTCACCAGTAAATTTTCTTTCTCTGGGGATTCAGTCAACAATATTTATACAACACTCACAGCATGTAAAGCATGCATGGTAGTAGACAGGACAAAGAAGCAAGAGAATCACAACGAATGGTTCCTGCTCTTTAGGGCCATCTTTAATAGTTGAGAGATTGATAAGTATATTAGACAGGGTTCTCCAGAGA,"[[33878446, ""T"", [""G""]], [33878479, ""A"", [""C""]]]",yes,yes,A->C,2
chr4,90495274,90495505,TGTTGTGACTAGAGAATAGTGCTTTAAAAGCTATAAGGATTAGTGTTGTTATGAATTTGACATGCATTAACATGACCATTGTTAATGGACAGCTTGGTACTTAATCTCCCAGGTTGGTTAATTTATTTAGACTTTTGCCTACTTACTTTAGAAATGGATGTCTAGCCATCTGCTAGGCAATTACAGCTTAGCTGCATTGACATCTGCTTTCCTTCATTCTTATAGACGACTG,N,no,no,N,0
chr7,148859553,148860000,TGTAAGATGATGTTGAGTGCTATGGGAGAAAAAACAATACAGGTAAGTGAGTTAAGGCAAGGGTGGCAAACAAAGGAATGTGAGCTGAAGTACTCAGAGCCCCAGCTGTGTGGCAAAGCCCATGGGACACAGAGATCCCACCAACCAACGGCAGTTCACCAACAGCAAACCCAGGAGCAAACTATGTAAGAGCATGTTTTCTGGTAAAGATTCCAGAAATAATTAGATTAAATATCCACTTAATGCAGGCTCAGTATATCCGCAACGCCTCAGTGATCAACACAGCTTTACAGAATTTTGATCAGGCATTAAAACTAGCATTCAAGAGTTGCTTGCTGGCCCCGTTCTGGTTAACTAGTAGGTCTCATTATCCTGAACAAAGACTAAAAGTTAACACCATTTTATAAAACATATTTATGCAAATAGCCATTCTCTGTTAGTATTATCA,N,no,no,N,0
chr22,26979455,26979678,CAGGTCCCTATGTAGAGTATAATGAGGTGTGGGGCTGGTGTGGACCAAGGGATCAGGACCAAGGGCAGATCCCATGGGACCCATTATCAGGTTATTGGGAAAATCTGAGTCGGCAGGGCTAACCCATTACGCTAGTTTACGAAGGTAACAATTTCCCAAACGGTTAATATGTGCGAAGAACTATATTAGGATCTGAAATTTTATACATATCCTTCCTTCCTCCC,"[[26979549, ""A"", [""T""]]]",yes,no,A->T,1
chr2,238874334,238874784,GGCATCTTAATTTCATGTGCAGTATTTCTCTTTAGTTCCATGTTATCGTGTCTTAAAATGTCCAATTTAGTTACTTAAGGCTCTTCTTTTGCAAAAGAATAGAAAGAAAAATGTTAAGGATGCAGGCCCAGGAGACGTTGTGTTATCCCAGGACTTCCACAATAAAAAAGCGAGCTTTCGAAATGATGTGTATCCTGGTTGGACGACTCTCTCCCTGGTGAATGCCGGTCTGCACCAGCCCCACCTCCTGGCCACTAAAAATCTTTAATATTACATAGTACATACATTCGTTCACCAGACATAGCACGTTGAAAAGGCCTGGAGGAGTTTCTCTAAAGATGCAAATCTTGGTACTTTGCTTGTTTCTTGGAGAATCTACAGGGGCTCTCTGCCTTGGATGCTTACCCAGGATTCAGGTAGAAGAGTTGCCTGCCCTGGGCTCCCCACAGCA,"[[238874349, ""C"", [""T""]]]",yes,no,C->T,1
chrX,51083698,51083931,AAAAAACCCACTGGCCCTGGGATATGAGAAAATACATATTAAAACAACATGATGCCATGTTTATCCTCAGGTTAGCCAAATACAGTAGTCTCCCCTTATCTGTGGTTTTGTTTTCTGTGGTTTCAGTGACATGTGGTCAACCATGGTCCAAAATAGTTGAGTACAGTACGATAAGATATTTTGAGAAAGAGAGAGAGATCACATTCACACAACTTTTATTACAGTATATTGTTG,N,no,no,N,0
chr4,190115838,190116189,TGTCTACCCTACTGCTGTGTGCAGTTTCCATTGGCTGGAATAAGACCTCACATTTTACACTTTACCCAGTTGGCTATTAGTTTAAAACTTTATTAATTAGGTAAGGGGAATAGAACAAAGAAAGAACAGGAAGTTGCCCAGGGATAGTTAAGGAAGCATCTCCAAATAAGGAATGGCATGCACTATGGGCTGGGGCTTGTCTAGTTCTGTCCAGGCATGCTGGAGCAAGCTAGGACAACTGACTTGGAAGACACACACACACACACACACACACACACACACACATATAAATAGTGGATAGCAATCTCATAGTAAGAAATTGTGACTTTTTATAATTTTTGAAGAAGAATTT,N,no,no,N,0
chr20,61550642,61550939,ACCTTCCTCCCACACCCACCCAAGGCCCTTCTTGGATGCCACAACCTGCATCGGAGCCCTCCTCTTCTTTGGGCTCCTTGCAGTGCAGAGAGCCACATGGTGGTGTCTGTGCTCTTGTGTTGCCTTCTGGATTAGGACCTGGCCTCCTGGTGGAAGATGGAACAGCAATGCTCCCAGAGCCTGCAGTACCCAGGGGCACGCAGGGCTGAGCAGGAGCGGAATCACTGGACAGGAGGCAGACACTTGGCCAGATGCGCACAGGCCAGTGCGCAGACAGAATCTCCTCTTGCAGCTGATG,"[[61550692, ""C"", [""T""]], [61550840, ""G"", [""C""]]]",yes,yes,C->T,2
chrX,12223572,12224051,CCTATACATGTACCACCTGAACCTAAAATAAAAGTTGGAAGGAAAAAAAGGAACTGGCGAACTGTTTTCCACAGTGGCTATACCATTTTACATATTCACCAGCTGTGTATGTGAGTTCTAGTTTCTCCATATTCTTGAGAACATTTGTTATTATCTGTCTTTATTATAGCCATTCTAGTGGGTATTAAGTGGCATTTCTTTGTGGTTTAGTTTGCATTTCCCTGATGACTAACGATGATGAGCATCTTTTCTTGTGCTTACTTACCATTCAGGTATCTTCTTTGGTTAAGTGTCTTTTGAAATCTTTTGCTCATTTCTATTTATTTGTTTTGCAGAATACTTTAAAGCATTACATAATTGTATCGTTTAGCGTCGAGTTTATCAGCCTCAGCACTATTGACATTTTGAACATTCTTGGCTGTGAGGGCTACCCCTGCATATTGTATAATATTTAGCACTATCCCTGGCCTCTATCTAGTA,N,no,no,N,0
chr3,197650513,197650908,GGATGCCACCAGGCAGAGGTGTGGTGGAAAAACACAGGGCCACAGGGTGAATGCTCACATGTGAGGAGCAAACCACCACAGAACACAACAGAAACACGGTGTACTAAATCAGGCTTCAAATCGCAGCCCTGCAACTTCAGAGCTACCACAGGTAACCCAGAAAGGGAGCACGGACAGCACCGCCCACTGCCTGAGGCTATGAGATGGACCAGAAACCTGTGCTTACTAACAACCTGCCTTATTCCAGAAGGAATTCAGGAAACACAAAGACACTCACAGTACAGCAAAATAAAGTAAATGTGAATCATGTTGGCTGAGGAGAAAGTGAAGAGTCTAAGACTATGTCATAAAGTTTACCTCTACTCTAAACTCTCATTACTGGTGAGCCACCAATCT,N,no,no,N,0
chr1,200708847,200709067,GGTGAACTGGGCAGGTATTCCTCTGCTGGGAGATGCCAGGGCTGGCAGGAGCCAGACATGCATCACCTAAGATATGCTGCTGTGGAATTCACAGTGGGCCAGTCACTGTGCTGAGGAGGATCTGTTGTTTGAAGATAGTGATGACTCAGTTTCTGATGCAGTGAACATCAGTGATGAAGTGAATCCTCTGGATACCAGCAGTGACAAAGGATTTCATCTTC,N,no,no,N,0
chr4,41065718,41066021,CTTAGGATAATGACAGCTTTTTTTTTTTTTTTTTCATTAAAATGCTAATGATGACCACATATTTCCAGATAACCATGTTTATGAATTATTCATAGTCGCATGCAAGATGAAGTCTCCCTGTCACCGCAGGCAGGCCCAGGGCTTGCTGATGATTAGCATGCAGGCCCTGCAATAAGTGTGACAGAGGTGCAGGTCACTGGAAGGCTTGACCAGGGCTGGCCTTCTCTGACCCCCATCAAAAGTCCAGGCAATCTCACCTGCGTTTCCCTGATGCTTTTCTATTCTTCCTTAACATCAAGGAATA,N,no,no,N,0
chr1,232876688,232877111,AAAACATGGAGGTTAATCCCAGGGATCAGTAAATGGGCAACTTGTTGAGTCTGTGTATGGCTTGGTTCATGGGGAGGAGCCACAAGGGCAGGATACAGAGAACAAATGGATGAACTGCGGTGTTCGTGGGTCTCATCACACACGGTACTTAGAGTTTTCTCTGTTTTTGTTTTCAACCAGGCTATTCTGGAAGGTTTAGAGGAGGCTGGGCATCTTCAGCAAAAAGATGATTGCCTGGGGCGTCAGTTTCAGTTTTGAAAATGTCACTGGAAGGAAAACCTCAAGTGATACTGTGGCTGTTTCTCCTGCATGTTTTTCCCCAGCTCTTAATTGTAGAATTTTGCCTTATTCTACGATGGGAAAATATACATGCCGCAGAATTTACCACATTAATTATTTTTTGGTGTACAGTTCAGTGGCATTA,"[[232876757, ""G"", [""T""]]]",yes,no,G->T,1
chr2,190511126,190511441,ATTTCTAATCACAGAGGCAATTAAAAGCTTGTTTTGTTTTGTTTTTTTATGCTTGGCCTGTTGATTTTCTTGGGCACTAATAGAAGCAAGCTTTTGAGATGTCCTTTTATGCAGACCCTCTAGAACACTGACCATTTACTCTCCACACCAAGAACCTGGGAGGATTTGTGGGATATCACTTCCACCTAGTGGTGGTGATTCTAATCCTAGAGAGAAAGAGCAAATATTGTACAAAATTTATAGTAATTTTTCCTGTATTACATGACGAGTGGATCATGATTAGAACTTTCTTTTTCCAACCAAGAAAATCCTAAAT,N,no,no,N,0
chr4,61638558,61638936,GTACAGTTTATCTTTACTAACCACTGTACACCCTGATTTAATCTCCTGTTATGTTACTACTACTACAAATATTTAGCAGTAATGTTTATACACTGAGTTCCAGTTTACAAAATATTCTACACAAATAGTGTTTTATTTAGGCTTCAAAATTACTCTAAGTTAAACAGGAAAGGCTCAGTATAATTATCCCTCCCCTGTAGAGGCATAATGTTGCTCATATGTTTATCCAGAATTGGTGACGTGATCAGTGGTTAAAGCAAATCTTAAATGATGATATTTTGGCTCTGACTCACTTCAGTGAATTTCTTCTATTAAAAACTCAATTATATGTAAATTTAGTTCCTCCTGCTTTCCTCTTCACTTAATTTGAGTGGTCCCA,"[[61638590, ""A"", [""C""]]]",yes,no,A->C,1
chr1,192615021,192615387,TGAAATGAACATGGAAATGCTAATATCTCTTTAAAATCCTGATTTCAATTTTTTTGGCTAAATACCAAATTTGCTAGATCTCATGGTAGTTTTTTTTAATTTTTTGAGGAAACTCCTTACTGTTTTCCATAGTTGCTACAACATTTGGCATTCCCATCAAGAGTGTACAAGGGTTCTGATTGTTCTACATCCTCACCAACACTAGTCTTTGGTTCTTTGACAGTAGCCTCTTAACAGGTGTGAGATGACATTTCATTGTGGTTTTGACTTGCATTTCCCTGATGATTAGTGACACTGAGTAGCTTTTCATATATCTGTTACATGTTTTTATGTCTTCTTTGAAAATATGTCTATACAATTCTTTTTA,"[[192615078, ""T"", [""C""]], [192615220, ""T"", [""C""]]]",yes,yes,T->C,2
chr3,179392012,179392217,GAGAATTTTACTAAGCAGTTTCTACCTTCAAGCAATGAAGAATCCTAACAATAGAGATTGCTCTGGTGACCATGATAGGAGGAAACGAAACTTGTAAGATTGGAACAGTTGTTATTTTTATGAAATTACTTTAAATATGAATTGTACTAACTGTACCTAAATAGCAAAGCCCTGTGTAGATTCTGGTAATGATCTGTCTCAGGGTA,"[[179392074, ""T"", [""C""]]]",yes,no,T->C,1
chr8,85721629,85721844,CACGGCCTCCACCTCCCGGGGTCGAGAGTTCCTCCCGCTTCAGCCTCCTGAATAGCTAGGACTACAGGCGTCCAACGCCACACTTGGCTAATTTTTGTGTTTCTTTTAGAGATGGGGTTTCACCATGTTGCCCAGGTTCATCTCCAACTCCTGGGCTCAACGCTTCCACCTGCCTTGGCCTCCCAAAGTACTGGGATTACAGGCATGAGCCACCGT,N,no,no,N,0
chr16,24950302,24950638,AATAAACAAGGGAATCTTTTATTGGGTAGGAGGCTAGCCAATAAAAGAAATCCCACAACTCTCTTCTACCTAACACTGATGTTGGATTCTACTGAATTCTGTCCCATAAACATTAATACTGACAGCAGGCTGGGCCCCAGGCAGGGTTCCAAGGATACGTGATGACTAAGAACTTGTCTCTGAACTTAAAAACCTCACCATCTACCAGGGACAAAGTCTCATTCCACAATTACAGAGAAAAGCTCAAATGCGGCTGAGCGCGGTGGCTTATGCCAGTAATCCCAGCAGTTTGGGAGGCCGAGGCAGGCAGATTGCCTGAGGTCAGGAGTTTGAGACC,"[[24950313, ""A"", [""G""]], [24950568, ""T"", [""C""]]]",yes,yes,A->G,2
chr9,123139454,123139769,TACTTTTCCACATCTCTCAAATTTCCTACAATGCACATATATGTTATTTTTTTTCTGAGAAAAAAATAAGTATACCTCTAAGGTACTGGAGGTTTCAGTTGTAGAATTTCCAGTATTATTGCTTGAGTTTGAAGACACTGTTTCATTTTTACTTTCATTATCTGATTTTTCATCGGAACTCATACATTCAATATCTGCATCAAAGCCTGTTGGATATCCCATTGCCTGCAATACCTGTACAAATTACATTAAAATGCAGTTTTATTCAGACACGAGAAACCAGAGAATAGACAAAATATTGAGAACAAAAGTTTCA,N,no,no,N,0
chr8,94388904,94389254,TGAATATGCTTAAGCTCTATGGAAATTATTCATATTAACCAAATTAAGAGACTGAATAAGTCAGAATGAAAATGTATTGACCTATGAGACCTGCCTATTTAGACCAATCAGTCTATGCACGTGCATTCTGTCCTATGAAAGAACGTCCCCAGGGAAAGTCAAACCACTAACAGAAGGTGTCTGGTGAATATTAAATCAGAGTACAGGGAGATGGGTGATCTTTTCTTTTTTTAAAGAGACAGGGCCTCATTATGTTGCCCAGACTGGTCTCGAACTCTTGGCCTCAAGCAATTCTCCCGCCTCAGCCTCGCAAAGTGCTGGGATTATAGGCGTGAGCCACCGCCCTGGCCA,"[[94388923, ""G"", [""T""]], [94389202, ""A"", [""G""]]]",yes,yes,A->G,2
chr8,35200520,35200891,AGATGACTACCCTGTGTCAAAAGAACCTGGGCGCTGGCCGGGCTAGATGGCTCACGCCTGTAATCCTAGCACTTTGGGAGGCCGAGGCAGGTGGATTACTTGAGGTCAGGAGTTCAAGACGAGCCTGGTCAATATGGCAAAACCCCATCTCTACTAAAAATACAAAAATTAGCCAGGTGTGGTGGCATGCACCTGGAGAATCACTTGAATCCAGGAAGTGGAGGTTGCAGTGATCTGAGATCACACAGCTGCACTCCAGCCTGGGGAACAGAGTGAGCCTCTGTCTAAAAAAAATAAAAAATAAAAAAAAAAAAAGAACTTGGGCATCAACTTGAACAGGTACTCGGTTACTCAGTTCAGATACTCAAAATA,N,no,no,N,0
chr5,65895899,65896316,TACAGGTAAATAAAAAATTAGAAAACAGTGTGCAATATACTCTGACAAGAGTGAGTATGGGGTGCCATGGGAGTGTAGAGGGGGTGCCTTACTTAGCCAAGGGCGGGACTCATGCCGAGAAGCTTTCCAAGGCATGCAGCATTTACACTAAGATCTGAAACTGAGTGTGGTTGATAACCAGTATCAGGTGATGCAGAGAAGCCAGAGTGTTCCAAGTGGTGTCTAGTATATGCAAAGACTGTGAAACACTAGAACACACAGAAAGCAGCTCACTGTGGCTACAGTAAGGTTTGGGGAAGCGGGAAAGAAAAGGGTTAAAACAAGTAGGGACCAAATCATGAAAGTCTTATAAAGCCATGTTGAGAAATTTGGACTTAATCCTGAAAATTTGGTAGTAGCAGAGTGACATGATTATGTT,"[[65896048, ""G"", [""A""]]]",yes,no,G->A,1
chr15,82434097,82434316,CCAACCACCTAAGGAAGGAGCTAGAGAGTGTGGGAAGACAGCTCCAGGCTGAGGTGGAAAACAATCAGATGTTGAGTCTCCTGAACAGGAGACAGGAGGAGAGGCTACGTGAACAGGAGGAGAGGCTACGTGAACAGGAGGAGAGGCTGTGTGAACAGGAGGAGAGGCTGTGTGAACAGGAGGAGAGGCTACGTGAACAGGAGGAGAGGCTGTGTGAACA,N,no,no,N,0
chr1,232250731,232251198,TTTAATCATGAAAGTCCCTTTCTAAAACTGCCAGGCCAAGTGTTCTAGCAGCTATATTATGTCAGATGTGATTGTACCCATGGTGCCTCTTGAGCTGCGTATCAGAAATGATAGTACAAAATGGTTTGACTGTTTGCAAGGGCTTCTGACAGAGATGCGTCTGACATAGTGAGAAACCTCTTCCTGGAGGAGTGGCCAAATCTCTGTTTGGCCAACTGGCCTTGGAGGCTTAGGGTGGTATCTTCCTTGTGATCAAGATGCACAGATGGCTCAGATTAGCAGAATCGCCTGCAAGGGAGAGGAGATGACAGGGATTAGTACAGAGTGGAGCCGAGGACAAGGCTGGGACAAGGCAACATCAGGCTGTGCCCCATGGGCTTCCAAGCAGCTAAAAGGCTTATGGATTTCTCTCTTAGGAACTGGGAATGTATTTGGTAGCTTAAGAGGTTAAATCCCTGGATTTCATGC,N,no,no,N,0
chrX,120499774,120500049,TGTTCGGCTCCCCATCATCTCACCACACTGTATGGCAACTGTCCACTTCCTGATCTGTGTCCTCTGTTAGACTGGGAATTTGGGGAGAGCAGAGAGTAGATTTGGCTTGCTCCCCACTGCATTTCCCAATCCTGGCACAATGCCTGCCACGTAGTAAGTTCTCTATACACAGAGACTCCTCTGCTTAAAACATTTCTTAGAGAACCACATGTGAAGAGCAAATGTCATCAACTCTGCCACCAGCAGATGGTTATTGGCTGCCATTTTGGTCTCTGG,N,no,no,N,0
chr10,55283116,55283327,CTAAATTGCTCCTGGGAATAACATCAGTATTGTAAAACCTAAGATCAGTGTTTGAGATATTTCGCAGACCCTGCACTGGATGAATCAGCTGGCACCACCCAGTTCAATAAGCTGTTTTATCTGGTCTCGTGGCCCTTACCCAAGAAATGACTCAGCGCACGAGGACAGCTTCAACTCCCTATGATTTCATCTTGGACCCAATCAACCAGCAC,N,no,no,N,0
chr14,54023019,54023422,TCACTGTTAGGACCTGGTAGAGTTCCTGCAGGCAGAACAAAATTGTGAGAACCTTTCCTCACAACCCCACTGCACCCTCTCCCCCGGAAGATTGGAAGTCCCCTAGAGTTTGTAATTTTCACAGTTGTCCACATTGGGCCTCTGGTAATGCTTCACTTTCAGTGTATGTTTTCCTACACTGGTACTCGTTGCCACAGAGGTGTATGCTCACAGGTTTCTGTTCACACAAGCTGTGATTTTCTGTATCCACCTGTCAGTCACTCTAATTTGGGGAGGCTGCAGTTAGTCCTGTGACCTCACTTCTCTGATGGGTCTCAGATTGCTGCTGATTTTTCAGTTTATTCAGACTTTTACTTATTATTAGGACAGAGTGGTGAACTTCTAAGCTCCTTACACGCTGGACC,"[[54023047, ""G"", [""C""]], [54023414, ""T"", [""C""]]]",yes,yes,T->C,2
chr11,120972503,120972992,AATGCTAGAAGTTAGAGTGAAAAAAAAGAGAAAGAAATAGAAGAACCAGGCCACCAAGTCTGCAAATCAGATAAAAGGATGCCCTGGCCAGGACAGGAGCTTCTGAGCAGAAAAGGACATGTTAAAATGTGGTTGGTCCCTGCCCTTCTGGGAGCCGGAGAGAGGCAGATATCACTCCCAGAATTAGCTGGATATTCCATGAGTTCTAAATAGATTTTTACTTGTGCAGGGGCTGTGGGTGGTACATGTGGAGCAGAGAAGAATTTCTGGAGAAATTCTTCTGGAGAGTTTGGCTGTGTAATGGGCTTGTACTGTGGTATGACGCATATTTCTGGAGTTTGGCAAACCCCAGAAATATGTGCCATGCCTTAGTGAAGTGGGGGACGTAAGAGGCGGCACGTAGGGACCCAAGGCAGAGGGCCCAGTGAAAGGCCTGAGTTTTCCTTAACTCCAGACAAAGATATTGGAAATCTAAGTGGACTACGGCATA,N,no,no,N,0
chr17,79191397,79191657,ACCGCAAGGCCTCGGGAAACAGAATGTGAGGGGCGGGCACTCTGTTCGTCCCCTGCCCCTGCATGCCCCCTAAAGCCAAAGCGTCAGCTCATTAAAAGCTCATTAGGAGCCCAAGGCACACAAAGGCCCGGAGAGGCATTACTGTCCTGGCAGAGTGCGTGGCCCTGGGGAGGCCGATGCACTGCTAGGCAGCCAGTGCCAAGCTGCAGACAGGGGCCGGGCCATGGAGTGACGAGGCGGCCGGCGGCGGGAGGTAGGGGT,N,no,no,N,0
chr8,48200979,48201191,TACAGCTTCTTTTCTTGTAGTTTGTGTAGCTCAGCTAAGTTGGTTTTCTAGTGGGTTTCAGTTTGTGGTTATCTAAAAACTAAGTTGCTTATTACAGCAGAATTAAGATATGTTTAAATGTTTGCAAAGCATATTATTTTGGAAGTTTCAGATGGGGGACTTTTCTGTTTCTTTATGCAATCCAAGTTTTTTTTTCAGACTGCATGGTCTTTG,N,no,no,N,0
chr5,55387936,55388213,CTTAAGAATGAATGAACATCTTCTTTTTTGTTTTTTAGCCTAACTCTGGTGAACTGGATCCTTTGTATGTAGTAGAAGTACTTCTGCGCTGTAGCAAAGAGAGCTTGAAAAATTCAGCTACAGAAGCTGCAAAACCAGCTAAACCTGATGAGAAAGGAGAGATGCAGGTTTGTACATAACTTTCTGTCTTCTGATTTCAGATATTCTGTAACTTATTTGTCATCACCAAAGTTCTCCAATGTGATGGTAATGAACATACTATCATGATTTCTAAATTA,"[[55387960, ""G"", [""T""]]]",yes,no,G->T,1
chr1,31494774,31495035,TATATAATATATATATTATATATATATAATATATATATTATATATATTATATATAATATATATATTATATATATTATATATATTATATATAATATATATATTATATATATATTATATATATTATATATAATATATATTATATATATTATATAATATATATAATATATATATTTTATATATATTATATATAATATATATATTTTATATATATTATATATAATACATGTATATATAATATATTTTATATATATTATATATAATA,N,no,no,N,0
chr3,127485934,127486280,GGCCCAGAGAGTAGCCGCAGACATCAGAGATAAAAAACTGAGCAACTCTGACCAGGAAGGGGCAGCAGCTACTGAAATAAGGGAGCCCTGGGCCCAGGAAAGACTGCAGCCGATGGAGGGGTGGGGACCAGGCAAGAGGCCAAGTTCACATGCATGGCCAGGGCAGGGCACCCACAGCAGTGGCGGAGCTGCAGGAGGGGAAGTCAGTGACCACGAAGGCCCTAGTTCACCCATCAAGCGTGGTGCAGGGTTTTCTTTGTGCATCGGTCTGAATTATTTCCATTGCAAACAACAGATTCCCACTCAAACTGGTCTGAGCCTTAAAGATGATGAGTGGTCTCAAAAAC,"[[127485949, ""T"", [""C""]]]",yes,no,T->C,1
chr13,71853763,71854102,CAAATGTTCAATATTCATTTAATTTGCATAAAGGTGCTTGAACAAATTTTTGATTCTAACAAGCTCATTTTTCATGCGTTTTGTCTTTCATCCTAATCTAGCATCTGTCATTCCTTTTTGAAGTTATTATCGGCCCAATTCCCTCTTGGACATGGTTGCTGGGTGACCGGTATCTTAGCACCCACTTTGACAGGAACAGATGTGAAACTGATCAAGAGATTTCCCAAGGGTACCTGAAATCACAAACAACTTTTGTGAAAAACAAACAGCATTCCTGTCATGGGCCCTTATTTAACCCACTCTCCAAAAAAAAGAGAGCAAAAAAGTTTACTCCAGATCA,"[[71853768, ""A"", [""G""]]]",yes,no,A->G,1
chr9,82747978,82748300,TAAATAAGTTTTTAATAAGTTAGTTTAAAATGGTCATGAACAACCCTTAATTACTTGCTTTCAAAAAATAATAGCTGCCAACATGCTTAAGGTAGGGGAAGGACAGTTACTTCTCTGTGTCCTCAGACCAAGCCTCAGGCAAAATGCTGCCACATATGCAGACATGCCTTAAACAAACATGCCCTAGCAAAATGGCCCAGGTACTTAGTAACCAAACATCCATTAGCAAGCTGACACTAAGAAGTTATACAACCTGTTGTGTAAAACTGAAGAAGTCCCAGCTCTCCGGCCTTTGAGGTGCTCCTGAATATTTTAGCCAGCCC,"[[82748000, ""T"", [""G""]]]",yes,no,T->G,1
chr6,71162553,71162760,CATCTCACAGACTGAAAACAAGCAGCTGGCAGATTGGCCACTTTGTTTACAGCTCTGCAGACTGTACAGAAAGCATGGTGCAGGCATCTGCTTCTGGAGGGGCCTCATGGCAGAAGGCAAAGCAGAAGCAGATGTGTCACATGACAAAGACAGGTGCAGGCGGGGCAGGGCATATACTTTTCAATGACCAGATCTCCCAAGAAGTCAC,"[[71162714, ""A"", [""G""]]]",yes,no,A->G,1
chr18,69330679,69330989,ACCTCAGAGCCAGCTTTTTGCTATTTCCTTCCATATCTATTTGTTTATGGAGGAAGTACAGATGCTTGCTTGAAATTATCACGTTTCAGGATGATTTAACCATGCCAACCATGTATGTTTATTTACAGCCTTTCTCTCTCCTAGTCCCCAAGTGTGAGTCTAAACTGCCACTCATGCATGGATTTCAGTGAGAGTCATCACACTATAGGCTTATTGATTGCAACCCTCTGATATCCTGCTGGGCTAAGTTAATCAGGCATCTTTCTCCTCATTAATTTATGTAAATATAAAAAACATGCGCAGTGCAGATG,"[[69330681, ""T"", [""C""]], [69330922, ""T"", [""C""]]]",yes,yes,T->C,2
chr4,95831198,95831489,AACAACCTTTGAGAAGCTAGTGTTCATGAGTGACAGAATGTAGTGACAGCATCATGTGCAACGATGTAACCAGAATTAATAAATTAGGGCACTACAGAGTCAAAACAATCTAAATGGCTTCGGTGTAAACAGAATATTGCTCCACAACGTCATCACCACTGCTTTGTGGTTAATAACAAGTACTACCTCTTTCTTGAGGAAGTAGATATGAAATGAGATAGAAATGGTGCATTGGCAATAAAAAACAGGAAGAGATGGTTATTAGGCATGAACAAGGATGGACTGTTCCTGT,"[[95831288, ""G"", [""A""]]]",yes,no,G->A,1
chr12,18101087,18101399,TGTAGACACCAAGTGATTTTCTTCTAAGCTAATATAGTTTTTCTCAAAAATAGGCTACTATTCTAGTTAGCTCCTTCTTAATCACTTGTGGTTGGTCAATACTACAGAAGTTACTTTGATCTTTAAAAACGCTCTTCCTTCTGTAGTGCAGCTGCTGGAACAGGAAGTTTGAGGGAGCAACACTTCAGTGCGTGCAAGTTATGCAGAAACATGATTTTTAAAAGGCTGAACAATGCAAATGTGGTAAGGATATGTTACTCTTATTTTTCTGCTCATTTTATTACTCTAGAAATAAATATTTCAAAATAAACTC,"[[18101096, ""T"", [""C""]]]",yes,no,T->C,1
chr21,21547457,21547902,CCAGTCCCTAACAGCAATTTTCTCACTGCTCTAAGAGACTTCACTAACAGTCTTCTTTCCTCCATTTAGGCCTTTATCTCCCATATAATCACAAAGCTGATGACAGAAGGGATATCGTTTTGTTATAATAAGAGCCCACTTGCAGTTTCCAGTTTCGGTTCCACTTATCTATGCCTGTGTGTTAGTTTCCTCTTGCTACTGTAAGAAATTACAATGAAGTTAGTGGCTTTAAAAAGACCACAAATGTATTATTTTACAGTTCTAGAGGTCAAACTCTGTTATGGACTTCACTGGGCTAAAATCATAATGTCAGCAGTATTACATTACTTTAAAGGCTGCTAGAGTCTGCCTGCATTCTTTGACTTATGATCCTCTTCCATCTTCCAGGCCAGCAATTGCCTTACTCTGAGCCTTGCTTTCATCGACACACCTCCTTCTCTGACTCA,N,no,no,N,0
chr6,17087177,17087421,ACAGTTGGCAATCCCCAGTTTTGAGAACACCTGTAGTTCAACCTGATAGGCAGCATTTCCATGGCCTTAGGCTTTCAGGCAGCAAAAAAGTTTCAAATGTATGAAATCACAGAAGCACTGCCAGTCATCAGCCAGGTGAAGTTACCTATGATAATTACTGTGCACTCTTAGGAAGTGTCACCTGTGCACTTCGGTTTCATGTTTCCAAATGCATACTCACTCTTCAAATCAGAAACTTACCCACA,"[[17087186, ""G"", [""A""]]]",yes,no,G->A,1
chr10,84224735,84224994,TAAGCCTACTGGAGGATAGGTCAAGGTAGGTCAGGCTGACCAAGAATTGAAGAGCCAGCTCAGGGAGTGCATCAATCTTGTTGCGTTTGAGATCCAAGACCCTCAGGAGAGGGGTGGCACGGAACGCTGTCCATGGTACTGAGCAGAGCTTGTTCCCCTCCAGTCTCAGCTCCCTCAGTTCTGGCAGGTGTTCCAGGGCTCCTAGGTGGATCACACTGATATTGTTAAAATTGAGCCAGAGGTATTCCAAGGTGCTCATG,"[[84224743, ""T"", [""C""]]]",yes,no,T->C,1
chr13,25981085,25981431,CTATATCTAGTTTACTTTTGTTTTGTTTTGGGTTGTGTTGAGAAAAGCCTTGAGGGATAAAGATTAGTTGCCAAGTTTGTGTTTTCATACTTTGCCTTGTGACCTCAGACTTTCTCATTTTTGTTCCTGATTATATTTAACTGTTGCTTAAGTATACAAGTCATATAAAGAAGGAACCAACAGTTTGTGTACACACTGTCTCTGAAATCAAAATAGCATCATGTGATAATTGATCTCTTGTTATGTGACTGACATAATATAACAGTCACATGTTCCACACAGACAGGAACATGGATCAGGTAATGCACTTTGTGAGAATAGGCTAGTTGCCAGTATTATTTTATGTG,"[[25981211, ""T"", [""C""]], [25981250, ""C"", [""T""]]]",yes,yes,C->T,2
chr1,247468470,247468944,GGCTGATTAAGTTAATATAACCTTGCCTTTGGGAATTTCCTTACGTCTTAAACTTCTGTAGAGAATAAATGTATTGTGGACCTTAATTAGCACAATTTCCTGAAGAATTAACTTTTAAGTTTCATGCTTAGAAGCAAAGCTTGCATGAACAAAGAACATCTGTTCCCAGACATTTTATACAATGCTCAGTGTCACTACTTGACAGCAGCACTACTATTGTCCTTATTGTATGGTACTCCCCATGGTACTCCGGCTTTCCACCCAGAAGTCAGTCTGACACAACTAGCAGGTTGATTTTATCTTCACACTCCATTGTCATCTACTATGGACTGAATTGTGGCTCCCAAAATTCATATGCTGAAGCGCTAACCCCCAGTGTGACTGCATCTGGAGACAGGATCTTTGGTAGGTAATTCATGTTAAATGAGAAAATGAAGGTGGCACCCTAATTCAATAGGACTGTGGCCTTATTAGA,"[[247468482, ""A"", [""T""]]]",yes,no,A->T,1
chr15,68845236,68845596,CCATTTCAAGTGTACAGTTCAGTGGTGTTAAGTACATTCACATTGTTATGCAAACATCATAACCAGCCACCTGCAGAAGCTTTTCATCTTCCCAAACTGAAACTTTGTGCCCATTAAACAATAACTCCCTACCTCCCTCCACCTGCATCCCGTGGCAACCAGCATTCTACTTTCTGTATGAATTTATTATTCTAGGCACCTCAGATGAGTGGATTCATACAGTATTTACCCTTTTGTGACTTGCTTATTTCACTTAGCATAATGTCTACAAGGTTCATTCATGTTGTGGCATGTGTTAGAATTTTCTTCCTTTTTAAGGCTGAATAATATTCCATTATACACTTATGCCACACTTCGTTTA,N,no,no,N,0
chr17,66177085,66177373,ACCTATGATAGCACCTGCTTTAGTCTAAAAGAAGGACCAACAAACCTTTTCTGTTAAAGGCCAGAGAGTATATACTTTAGGCTTCACAGGCCATATGATCTCTGGCATAACTACTCTGCCACTGTAGCATGAAAGCACTCAGAGACCATAAGTAAACAAATGGCATGACTATGTTCCAATAAAACCTGGCAAAAAAAGACTGTGGGCAGGAGTTGGCCCATGGGCCATTGTCTGCTAACTCCTGGTCTACAATTTCACTTTATTAGGTAATTGGTAAATGAGAAAGACA,"[[66177091, ""A"", [""G""]]]",yes,no,A->G,1
chr3,165210203,165210454,CTTTCACCTTATTTGAAACCCTAGTGTATGGCTTGGCCTGGAGATTAATCTATTAGGGAAAGTACACCTTGTCTAAATACTGCTGGACATTCAGTTTTGGAGAAATCTACTGCAGTGTGTACTGCAGGATTTTTCCCCCTAGTGGTTGACTTAAGGCTGTTGTATTAAAACAATAGAAATAGACTTTTCTTCATATATGGAGCTAGCTTGGTCAATATTTTCTAACTTATGTTTTTAAAAACTTATTTCAGA,N,no,no,N,0
chr5,3276082,3276356,CAAATGAAGGAGGGAGGGGAGGAAGGAGGGAGAGGATGAAGGAGGGAGGGGAGGAAGGAGGGAGAGGATGAAGGAGGGAGAGGATGAAGGAGGGAGGGGAGGAAGGAGGGGGGGATGAAGGAGGGAGAGGATGAAGGAGGGAGGGGAGGAAGGAGGGAGAGGATGAAGGAGGGAGGGGAGGAAGGAGGGAGAGGATGAAGGAGGGAGGGGAGGAAGGAGGGAGAGGATGAAGGAGGGAGGGGAGGAAGGAGGGAGGGGAGGAAGGAGGGAGGGGA,N,no,no,N,0
chr17,35790845,35791220,CATTTCCCACTTCACACTGACATTCCAATTCACAAATGTGTTAATGTTTTTTTTTTTTTTAAATGTGTAGAGACAGGGTCTCTCTATGTTGCCCAGGCTGCTCTCAAACTCCTCGGCTCAAGCAATCCTCCAGCCCCGGCCTCCCAAAGTGCTGGGATTACAGGTATGAGTCACTGTGCCCAGCCACAAATGTACTAATCTTACAATAGTAGAATTCCATTTACCTGCCCCCGCTTGCCTTGTGCCATTGTCATAACTGCTACTTTTACATGTGTTTTAAAGTCCAACTTATGGCCATAAGGGGGCATGGCCATTAAGTTGGACTTTAAAACACATGTAAAAGAAGTAGTTATGACAGTGGCACAGCACCTGGCCA,"[[35790884, ""A"", [""G""]]]",yes,no,A->G,1
chr21,41572218,41572440,GGCTGAGCTTTTATAGGCTGCACATGGAAGCAAAGTAGGGAAATCACCTGATTGGCTACAGCTAGGCATCTGCCTTATGTGGGCATGGTGTCAGGAGTTGGCTGCCTATGATTGGCTGAGCCTCAGCTGTGGTACTCCTAAGTTAGGTTTCAATTTGTTTACATAGTAAGTTAGGTTGCAATACATTATGCAAGAACTGTAAGTACAGAAACAGCTTCAGGTA,"[[41572238, ""A"", [""C""]], [41572263, ""C"", [""A""]]]",yes,yes,A->C,2
chr16,10479668,10480074,AAGTGGGCAAAGGACATGAGCAGACATTTCTCAAAAGAACACGTACATTTGGCCAACAAACATGAAAAAAAGCTCAACATCACTGATCATCAGAGGAATGGAAATCAAAACCACAATGAGATACCATCTCATGCCTGTCAGAATGGCGATTATTAAAGTCAGAAAACAACAGATGCTGGCGAGGATGTGGAGAAATAGGAATGCGTTTACACTGTTGGTAGGAATGTAAATTAGTTCCACCATTGTAGAAAACAGTCTGGTGATTTCTCAGTGATTTAGAACTGGAAATACTTTTTTTTTTTTTTTTTTTTTTTTTTTTTTTTTTTTTTTTTTTGAGACAGTCTTGTTCTGCCCTCTGTCACCCAGGCTAGAATGCAGTGGCTTGATCTTGGCTCACTTCAACCTCC,"[[10479707, ""G"", [""C""]], [10479768, ""C"", [""G""]]]",yes,yes,C->G,2
chr2,213959565,213960026,TAAGCTAGAAAATCTACAACCTTCACAGGAAACTCTAAGGAATAATACCATGGACTTTACTGAAGGCATAATTACACAGGTACTCTTCCTCTCTCCTGCTCCTCACCCTCTGGTTGAGCTCCCTGATGCCTTTGGAATTCCAGTCAGCCTCCCATCAGTACCTGTAACTTCTCTGAAACCTGTGAGTTATGAATTTCTTGTTTCATGCACTTTGGTTTCACTTCCTCTTTGTCTCACCTGACACGCACACACACCTAAACCTAACCTTCCTCCCATTCAGGTCTTTTCTAGAAGAGTGGCTGTTTTGGTTTATGAGTGCTCTCCAAAAAAAGACAATACCAAATTAAAAGAAACTGTAATAATGGAAATCTCATGTGGAAAGTTTTCAGCCATTATTTCTTTAAATATCTCTCTTACCCTTTCTCTCTCTCTTTTCCTTACAGTATTCCCACAATACTTGTC,"[[213959598, ""C"", [""T""]], [213959733, ""C"", [""T""]]]",yes,yes,C->T,2
chr1,38918618,38918932,AGTCTAAATCGGTTCATGAGAGAAAGCCCTTGTGCAACCCCAGAATGATTTGCTTCCTAAAGACCTCACAACTAAAATGAAAGGAAGCCACTGAAATTGCAGCCACAGCTGGGCAGATTTGTCTGACAAATGAAACTCCACCCTGGGTTGGCAGTGACCGTGAGTATAGGGAAAGCCTCAAAGGCAGCTGTGGGGAGAGCAGAGGCAGAGGTGAGGTGTGTGCTGTCCCCATCCCCACGAAGCTCTCTCCCATGTTCCCAGTCTCTTCTCTAGATCTAGATCTGACCCCTAGTTTGTTCCCAGCTTCCCCATGCC,"[[38918620, ""C"", [""T""]]]",yes,no,C->T,1
chr4,81225218,81225536,TTGTCTACTAGACTCAATGATTTGGCTTCCCAACATCCTACCAAAAACACTTTTCCTAAGGTGACTAATGTCCTCCATCTTTCTAGTTTCATGAGAAATATCTGTTTTACTTGGCCACTCAGCAGCATTGAGTGCAGTTACCTCACTTCTTCTCATAGGAGTAGTTGCAGTGACTGCATAATCTCCAGTTTCTCTTTCTTCACTGGCTGCTCCTTCTCAGGCTCCCTTGCAAATGACTTTGCCTCGAGCCATAAACATTAAAAATCCGTGCAGTGTTGAGCAAGGTTGTCTTTCCTCTCTGTGGTTGGCCATCCTTTTC,"[[81225250, ""C"", [""A""]]]",yes,no,C->A,1
chr16,22428520,22428759,CCAAAAGCAGCCTTTGACTAGTGATCCTGGGGGATAATTACCATCTGCAGTTGTCTTGTTTTCTAGCCTAAAACCTGAGCCTGGGTTCCCTTGGGGATACAAAAAACATCTAGATTCCAAGGCACACCTGCTGCCACGAGCTGAACAAAAAATAACAAGTGTGCCCTTAAAGCACTGCAGGGATGTTCCTGCTCCACCGCCAACAGGGCTGAGGCGTGGGCTTGTTCTTGCCCTGGGGGG,N,no,no,N,0
chr4,154696073,154696548,CCCAGCATTTTTCAGAAAGTGGTAGCCCTCAGTCAAGTCTTTGGTTTTCCTAAGATAGTTACCTGAGCATTTGGGCTGCCCAGGAACCAGATAACTGGAGTATCAGTCACTCTGTAATACCTACCCTACCAAAACCAGCTCCACAGTTTTTGAAATCTCTATTACAAATGCACATGTAAAATGAAATGCTATGATAGTTTTTATTGTTACTTTATGGAAATGAGATGTCTTAACTTATTCATTCATTTACTAGCCATTTCCTGTATGCCAATTGCTGGCAAGCATGGTAAGTACTTGATAGAGACAGGCACTGCAGAAGAGCAAAGGGAGATACTCAACCAGCCTGGTGGTAGGTTCTAAGAGGAAGGGTCTGGGAAGGCGCTGTACCAGAGCTGACAAGCAGTAACACTTGAATGAACCCAAAAAGACCAGTAGGAATTATCCAGGTAGATAAAGAAAAACAGGGCATTCCCTGC,"[[154696193, ""A"", [""C""]]]",yes,no,A->C,1
chr15,40014526,40014791,GTAGAGCAGCTTAGACACAGGGCACCAAGTCCCTAAGCTACATAGAGGAGGGGGGCCCTGGGGCCAGCCCACGAAACCATTTTTTCCTCCTAGGCCTCCAGGCCTGTGATGGGAGGGCCTGCCATGAAGACCTCTGACATGCCCTGGAGACATTTTCCCCATTGTTTTGGTGATTAACACTTGGCTCCTTGTTACTTATGCAAATTTCTGCCGCTGGCTTGAATTTTTCCTCAGAGAATGGGGTTTTCTTTCCTGTCTCATTGTCA,"[[40014528, ""G"", [""A""]]]",yes,no,G->A,1
chr18,54888889,54889280,AATAGTAACATTGGTCAGTAGTTTTATTGATCAGAGGGTATTCTTCCCCTCCTAATTTTTTTAAACAGTGATAATGCCTTGGCTTCAACTTCCTGACTACCTCTTGTGTCAATTTCCTTGCCCATAAAACTGGTTGTAATCATACTAAAGAGCAGCTCACCAATTTTTACTCACTGAGGAAAAAACAAGGATGCTTTCCAACTTAGCCAGCAAAACCATAATCATTTCACAATCTCTCAGCCAGCCGTTTTTGCATGTGTGATTCACTTGTACATCTTGCTGTATCTGTTCTGATTTCTTCCTCTCAAAAATATTTGCCATCCTTTCTATGCTAGCATACCATATTTTGAAACAAGTGCAGCAACTGGACAGAATGTGGAGAAAGCTGTAGA,"[[54888931, ""T"", [""C""]]]",yes,no,T->C,1
chr3,179300552,179300884,TGTTTTATTGTGTTCGTTTTTGAGACAGGGTCTCGCTCTGTTGCTCAGGCTGGAATGCAGTGGTGTGACCACAGCCTTGACCTCTTGGGCCCAAGCAATTCTCCCATCTCAGCCTCCCGAGTGGCTGAGACTGCAGGCATGAGCCACCGCACCTAATTATTTTATTTTGATTTTTGTAGAGACATTCTTACTATGTTGCCCAGGCTGCTCTTGAACTTCTGGACTCAAGTGATCCACCCGCCTCAGCCTCCCAGTGTTGGGATAATGGTGAGTCACTGCGCCCAGCAACACCTACATTTCTGTTTTCACCAAGCAAAGCAGAGATATGGAGGG,"[[179300567, ""A"", [""G""]], [179300617, ""C"", [""T""]]]",yes,yes,A->G,2
chr1,22732381,22732651,GCGTGGGGGGCCGGAGGGCGGCTCTAACTCTTCTCTCTAATTTTTGAGAAAATCTTTACCCCATCTTCATATAATTAAGAGTATTTTTAAAATGCCTTGTTGAAATAAAAATAGTCCATTTCCATATGACCTCATTTCATTCCACACCCTCAGTGCGCGTGTGCACACAGATATACACACGCACACGAATGTCTAGATTTTTAAAGCTGCCTTTTGTGCCTCTGCTGAAGGGGTTCTTATTTTTGCCTAGCAGGTAAATATTTAGGGACTG,N,no,no,N,0
chrX,48371887,48372240,CAGTGAGGAAAAGAAGTATTAAACGCTATTGTTATTAAAGAAACCAAAGATCGTGATGCCTGGAAGGTGATTCAAAGACTCGAGATAATGGACTTCTGGCCAAGCCAACCCATGGTGACATCATCAGGTTTGTGCCTCCACTGGTGATCAAGGAGGATGAGATTCGAGAGTCCAGTGAAATCATTAACAAGACCATCTTGTCTTTCTGAGGGTAGCAGCTGTTTTCAGTGGTCCCTGGGAGCCGGCTGGAGACAGGTGGTCTTGTAAAAGCTCTGCTCTAAATGTAGGCACATTCCACTCCCATGTGTCTTCAAAGCCTTTGTGTGGAATATCCATTTTTTTCAGTTGATACAC,N,no,no,N,0
chr17,3464261,3464519,CGGTGTCTGGTTCACTCAGTGCTCAATGGTGCCCAGGCTGGAGTGCAGTGGCGTGATCTCGGCTCGCTACAACCTCCACCTCCCAGCCGCCTGCCTTGGCCTCCCAAAGTGCCCAGAGTGCAGCCTCTGCCCGGCCGCCACCCCGTCTGGGAAGTGAGGAGCGTCTCTGCCTGGCCGCCCATCGTCTGGGATGTGAGGAGCCCCTCTGCCTGGCTGCCCAGTCTGGAAAGTGAGGAGTGTCTCTGCCCGGCCGCCGTCC,N,no,no,N,0
chr11,14012902,14013185,CCTTCATTATTAAATATTAAATGTTCCTATTTACATATTCTGCCTTACTGAAGAGGTGTTGCTGGTCCCTACACAAAACGGTCCCTGATGACTGTACTCTGATATTTCTTACATTCTTTCCCTGTGAGTCTGTTTCTAACGGCAACCTCATCTTCTAAATGTAATTTCACACATGTTACTAAATCACTTTGCTTCAGCCTGAACCTAAGATGTTGCTTCTCCTTCAGAATAAGATGCCAGCTGGGAATATAGATCCAGGCAGTCCCAGAAGCCCCATGCTAACA,"[[14013109, ""G"", [""A""]], [14013151, ""G"", [""T""]]]",yes,yes,G->T,2
chr16,72246370,72246801,CATCAGACTCCTCAGGCTACTGTGAGGAACAGCTGAAATGAAAGCGCCATATGACAAATTCCAGACACCTGGACAAGGCACATAGGTCCTTTGTGATCTGGCCTCACCTGCCATTTCAGTCACGTATTTCGTGCCTTAATGTCCTCACACCTGCTGTCCCTTCTGCTTGAGGTGACAACTTCCCCAGTCCCCTCTCATCACTCCTCTTTCTCCAGCTGTAAACACCTGTTCATCTTTCAAGATCTGGCCACAAGGTTACTTTCTCTGTGAGGCTTCCTGTCTTCTCAGTATTTCCTGTAGTACACATGGTTAGAACGCTCGCTGTATAGGATAATGATTGACTGGTTATTATTCTCTCTCCCCTTCTTAACGAGGAAGCTTATTGAGGGCAGAGACTATATTTATTTCTCTTTTTATCTTCAGTGCCTAGCA,N,no,no,N,0
chr2,147092791,147093026,GTTAAGGAAGGCCTCAGCTGGGCTGACTAACTCTGTTCCATTTGGTCTCTTGCCCTCCAGCAGACAGGCCTGGCTTATTCTCATGGTGGATATAAATGTCCAAGAACAGCAGAGGCACACAAAGATTCTTGAGGTTTAAGGTCAGAATCAGCACATCATCATTTCTGCCATATCCTGTTGGCCAAAGCAAACCATGAGGCCATCTCAGTTTAAGGGTGAAGAAAGAAATCATGTTC,"[[147092808, ""T"", [""C""]]]",yes,no,T->C,1
chr7,1709937,1710208,TTGGATTTGGGAAACTGTGCTTCACCCAGTTCTGGGACTCCAACTCAGCAGTTTTCAAATTTAGCAGGTCCTGTTCCGTAGTTTCTTTGTCTAATAGAGCTCGGTTGTAATATCTAACTTGACCAGAAGGAGGCGCTATTGTTAAGCAACACAGTACACTGAAAAGTCTGGATTTTAGACTGTGGGTTTCCTCAATAAATAGCTTGTCTTCCATATTGAAGAGTTCTATACACTGAATTTATTTAAAGTGGTTGTATTCCTTATGTTCTGCC,"[[1709955, ""A"", [""G""]]]",yes,no,A->G,1
chr16,29955305,29955604,TTGGAGTGATGAAAAAGTTTTGGAAATAGTAGTGACAGTTGCACAAAATTGTGAATGTAATTAATACCACTGAACTGTGCACTTAAAAATAGCTAAAATGGCCAGGTGCAGTGGCTCATGTCTGTAATCCCAGCACTTCCGGAGGCCAAGGCAGGTGGATCACCTGAGGTCAGGAGTTCAAGACCAGCCTGGCCAATACGGTGAAACCTCGTCTCTACTAAAAATACAAAAAATTAGCCAGGTGTAGTGGCAGACACCTGTAATCCCAGTTACTTGGGAGGCTGAGGCAGGAGAATCACT,N,no,no,N,0
chr6,105226938,105227345,AGGGGAGAATGTACAAGTCGACTTTTTCTTTCCACTTTTGTGACTTTGGAAGTGAACGAGATGACCAGATTATGTCTCTTTAAAATCGACTTGTTTAATTCTTCCTGTTTTGGTGAGAAGACATTGATGCTTCAATCCCAGTCTCACATTATTCCAGCCAAGACAATCTTGCTGGGCTGAATCACTGTGCTGCAGATTTTCCTGTCCGATGAGTGGGTGAGATATAGGATAATAAATGAGTCCAGGCAGTTGGCAAGATGCACGGGCAGCCTGAGAGCAGAGTTATAATCACAGTACATTTATGATAAAACTGCAGTTTATTCTGCAGACACGACAACATTAGATGGTCAAAGAGCTCAAGGATAGTGAAGGAAAAACTAATTGTTTGTGAGTGATGAGATTTGCCCT,"[[105227059, ""A"", [""C""]], [105227269, ""T"", [""C""]]]",yes,yes,T->C,2
chr11,43784990,43785227,TTTTGCTTCTTAAGGCTATTGGTCTCTCATGTTAGCTTTTCTGTAAACATAACATGAGGAAATGCTTAGGCTGCTGACAGTGTTTTCAGCCAGCTAAGTAAACAGGGTTTTTTTTTTTGCTAAATGAGGAGGCTCTGGTAACTTCTGGTTTATATGCTTAAAGAATGACTTAAAGACTCAGAATTGTTGCTGGGCCAGACAGGTTCGGGTTACTTGACCAAGTAGTGTGTGTACAGTG,"[[43785032, ""A"", [""G""]]]",yes,no,A->G,1
chr7,38882264,38882693,TCCAGAGATGGGATCCTCCCTTGGTTTCTGGGGCACCACTCTCTCCTGGTTCTCTTCCTACCTCACTGGTTACCCTTTCTCTGTTTCCTTTGCTGATTTCCCTTCATCTACCAGATCTCTAAAATGTGGTAGCACCCCTCAGGGTCCAGGAATCAGGCCTCTTTATCTGTCCTCATGCCCTAAATGATCTCATCCAGTTTCATGGTTTTGAACACCATCTAAATGCTGAGTCACAAATTCTTACCTCCAGTCCAGACTTGAACTACTCTTCTTCAGGTCTACTAGACAATTCCACTTGGATGTCTAATTGACATCTCCAACTTAAAATATGCAAAGTAGAACTTCCAACCTACCCACCACCACTATTTTCACCCTGAGCACCAAAACTAACTCTAGCCAGAGTCCTCCCCTACCTTAGTTACAGCAACCC,"[[38882272, ""C"", [""T""]], [38882317, ""T"", [""C""]]]",yes,yes,T->C,2
chr14,89098310,89098628,AAGGGAAAGTCAGAATTCAGATATACAGTCTGGAGAAGTGGTTCTCAGCCACAATTGCATATTGGAATTACTCGGGGATTTTTTGAAATGGACATCTGGGTCCCAGCCCTCAGAGATTCTGACTTAGATGGGGTGTGGCCTGGGCATTGGGATTTTAAAAAGCTAAGTGATTCTAACTTGCAGCCAAGGATGAGAAACACTGGCCTAAGTGGAGCCTGCTGTTATTACAATGAAAATACAGATTTAATTGTGAACTTCCCAGCAGGGAAAGCAAAAAGGGAAACGTGGTCAGTTTCATAATACACATTGTCCCAAAGAT,N,no,no,N,0
chr18,71682548,71682968,TTTAGAGGAGTCTAGGCATGAGTCATAAAGATTACTGAATGTAGTAGACCAGGTTAGAAGCAGACAGAGACTAGTAATTCGCCTCAGACCACTGATTTTGTATTAAACAAATAAATGTTGAATGCTTATCATAGATGTGGACTCTCAGAATTCAATAATGTAAACATCAGCCAGTGATCCCTGGGAAAAGAGAGATAATAATCATAATAAGTCAATATATTATCGGTTAGGAGATGACGGTAAACACTAGCAAGAAAGGCAAACACAGATCTGTGGTCAGGGCCATCAGGATTACTGTGGACAGGTTTGAACGGAACATGTAAATAAAGAATTCAGGACTTCTGGTTCCATAATGATGGTATAGAAGCAAGACGGCATTACTCCTTTTCACCACAGAAATCCAAAAATGACAGCATTGAGA,N,no,no,N,0
chr12,85028543,85029012,TGCTATGGCACAAACAGCAGAACACTAAATGCTCAACAAATAATTGTTTTAAAAAAGAAGGACGGATAAATAAATTAAACATGTGGGAGGTGTTATGGGAGAACAGTGTAGGCAGTAGTGTGCTGGAGTGAGCTTGTACTGGCTCATAAAAGCCAATTGTGATATTTTCAGGAAATCTGCAAACCAACTGAATTCACTTTGACACCTTGAAATTGGCCATTGAGGAGCTGTTTAAACCATGGAAATGGGCAGATGTCATAAATCAATATTCTCTATTCCAGAACTGGTTGTTAAACGTTTGCCGGCATACTACTGGGAACAGAGGCACCTAAACCAGTTGGGGGAGAAGGTTAGAAGGTTTGGGCAAGGCTGCTGGAAAAGGTAACATCTGAGCATAGGCTTTATTGGTCATTGTAAATAACCAGGTTGGAATGGTGGAGCATTTCTGAGACATCCAGCAGCACAGGGTG,"[[85028567, ""A"", [""C""]]]",yes,no,A->C,1
chr3,127967367,127967638,TCCATCTGTGAATAGCATTTATAACAATATCATAATAAACATACTCAATACTGAACTGACCAAAACTATGCCTTAACTGTACTGGAAAATGTGGAAACAGACCATAGGTAGATAGGGTAGGAATGTGAGAGAAAGCCAAGTCCGCATTCTTCACAGTGGAAGTCAAGAGTTAATGCCTTCATCTGACAAAGCAAGAGGCAGAAGTAATATAAAAAGTGTTGTTTATAGAGACCATGGTCAGTGCCAGCAGAATCAGCCAGAGTGGAGAGAGA,N,no,no,N,0
chr1,35215378,35215607,AACTGGTACAGTTGCTTTCTTATTTTATTCAATGTGTTATTTTTCATTACACTTTCTATTGATGTTGATTCTCAAGTTGTCCCAGATTTGGCCAGTGGAGCCTGTTCGAGCTAACTCATGTGTCCTCTTGACTTATGCCGTCATTCTTTGAGCACTATTTACTGTCTGGCACACAATATCCACAGGCTCATTCTGTCCCAACTCTGGAATCGGTCATTTCTCTAGGGGGC,"[[35215388, ""A"", [""G""]]]",yes,no,A->G,1
chr19,2369635,2369993,CATTATGTTGCCTACACTGATCTCAAAGTCCTGGGCTCAAGCGATCCTCCTGCCACAGCCTCCAAAATTGCTGGGATTACAGACCTGAGCCACTGCACCTGGCCTAGTTTTCTGCAAATTACCACAAATGTAGCAACTTGAAACACCTCCTGTTTACTGTCTCATGGTTTTGTGGTTTCTGTGGGTTGGGTGGCTGGGCATGGTTTGGCTGGATCCTCTGCTCAGGGTCTGACAAGACTGCAGTCAGAGTGTTGGCTGGGCTGTGGTCTCATCAGAAACTCAACTGGGGATGCCCAAATGCAGTGGCTCATGCCTGTAATCCCAGCACTTTGGGAGGCCAAGGCTGGCAGGTCACTTGA,"[[2369702, ""G"", [""T""]]]",yes,no,G->T,1
chr2,183341026,183341413,AAAAAGAGATGTGATTGGGCTCTACGGGGTGAATGTAATGTACTTTTCTGCATGTCATATAACATCTCACTGATTTGGTTTAATAGTAAGGTGTGAAGGAAGAAAGCACCAAGTTTGAAGTAATTAAAAATCTGAGTTTAGTTAATGGAAAAAAGGATCATAAGATTTAGTAACATAATAGACTCTAAACCTTAAATAGGACACTAACCTCTGAGTTTCAGTTTCTACACGTGTAGGATGGTGATCATACCAGCTTCCTGAACCCTCAATCCTTTGGTAATTAAATAAGATACTGCATATGATGGTCTTTGCAAACTTAACACTGTATGCATATTCTCTCTTGTTATTAATTTAAACTAAAGATAATAACAAAAATGAACAGTCTATT,"[[183341051, ""C"", [""G""]], [183341079, ""A"", [""G""]]]",yes,yes,A->G,2
chr4,138007685,138007895,TAAAAGTCATTTAAATCTCAAAATAAGTCATTTTAAACAATAGTTTAAGGATGAAAGCAATTCAGGAAACTACCACAAGGGGAGAGGTTTGGGAGGTGGTAGACTCAGTGGTGATGAACAGGAATGTAATCATAGCCACAGATTCCCATTGTGCCACCTACTTCTAGCAAAGACTCCTTGTAATTCAGCAAGAGCATGAGAACCCAGTCTA,"[[138007788, ""A"", [""C""]]]",yes,no,A->C,1
chr10,84907632,84907954,GGGGCCAGCCTTTCCCTCCAGGGCTTCTCATGGTTAGTGCTGGCAGAAGGTCTTGTCCTTCAACTTCAATTCAGCAGATAGAAGAAAAAGCCTATGTATCAATTACATGTCAGAGGGAGAGCTAAGAGCCATGCTCTGGGGTTGCTGTGTGGGTGGTCCCATGTAAGTAATTACACTGTCCACTTCCAGGATCACAGCTTTCCCTGGAGCCTTTTGGGAATGAGACTATAAATAGCTCTAGCTTTGCTTGCAGGGAGGTGACCCTCCTAGTACAGTTGGCTACAGAAAAGAGCAGAGGAAGTGATAGACCCTGTGTGGCAGCA,"[[84907899, ""C"", [""T""]], [84907901, ""A"", [""G""]]]",yes,yes,A->G,2
chr4,96348949,96349187,GGGGACACCCGCATAGCCAGCCAGATCAGCTGAGTCAACCCTGACAATCAATGGGGTGAGAGATGTCACGGCCAGATCACCCTCACATCTGCTCCTCAATGATATTGAGACTGATGTTCATTGCATTGGTCTTGGGTCCTATACCATCTGTAGGCTTCTAATTATGAAAGATGCATTTTCTAAAAATTTAAGGCAACTTGAGTTGGGGATTATAAAATTTTTTTCTAAAATGTATTACC,"[[96349008, ""C"", [""G""]]]",yes,no,C->G,1
chr1,18882463,18882892,GCCTGGGACTTCATCCAGTAATAGCCAACCTCACTCCGATAATGGCAGAGGAGTGACTTGAATACCATCAACCCCGAGAGAGACTACATCCAAATCTTTCTCTGCTCCATCATTTATTTACTAGTCACTCAGTCTTGCCAAGTAAGTCACGGCTGTGTGTCTCAGTTTTGTCATCTGGCAAAGAGGCAGAGTCACAACTCCCTCTCGAAGCTGCTGAGAGGATGAAATGAGATCATCTCCATGCCGTGCTTGACAGCAGCAGGCACGTGGTGAGCACTGAAGGTCAGCGGTAATGATCATCAACAGAGCCACCAACACTCAGCCAGCTCCGGGCCAGCCCTGCCTGCTGCTGGATGTGTCTCATTTGAGCCTCACAACCCAGTCATGGAGGCTTTCCTATTATTTCCACTTTGCAGATGAGGAAACTGTG,N,no,no,N,0
chr6,48876735,48876946,AAGACATCTTAAGCTGTGCCATAAGCCAGAGTCCAAGGAAGAGGAGAAGATCTCGGAACGTCCCTGCACCCCCAGTTCATCAGATGGCTCAGATGAACACCTCTGTTGAGCAGATGGAAACCAGTAAAACTCGCCAAGCAACTCAACCGACCTGTGGGCAGATGAAGAGACTAGCTCACATTGCAGAGGAGAACGTGAGGTCTCAGAACAAG,"[[48876757, ""G"", [""A""]], [48876867, ""A"", [""G""]]]",yes,yes,A->G,2
chr10,98351262,98351512,AGCTATACTCCTGGTAGTGATGAGATAGTTCTGTATCTTGAGTGCAGTGATGATTACACAAATCTACACATGTGAGGAAATGGCATAGAGCTACACACACACTGACCTGGTGTCAAATTCCTGGTTCAGATTTTGTGTGATAGTTATTCCCGTAACCACTGGGCAACTTCCTATCATTATTTCAAGATTAAAAAGGAAAGAAAAGAAAAAAAAAAAGACCAGGAAGGTAAAAAAGGAGATGGGGTGGGAAT,"[[98351325, ""G"", [""C""]], [98351457, ""A"", [""G""]]]",yes,yes,G->C,2
chr2,216151594,216152018,TCATGGGTAAAATAGGGATAATAGGAATATCTGTCTTATAGAGTTGTCATGGGGGTTAATGCGAGCAGTGTATGCTGTTCACTCTTGTATCCCTAGGACCTGGCAAAGTGCCTAGCAAATAGTAAGAACACAGTGTTTGGAGTAAATGATTTTAAAAATCCTAGTAATATGCCTGGCATGTTAGTAGTGACAATGACAGTAGAGGCCAATAGGTGGTGTATTAGCATCACTCATGCTGCTATAAAGAAATACCCAAGACTGGGTAATTTCTAAAGGAAAGAGGTTTGATTGACTCACAGTTCCACATGGCTGGGGAGGCCTTGGGAAACTTACAATCATGGCAGAAGGCGAGGGAGAAGCAAAGGTGCATCTTATGTGGCAGCAGGCAAGATCGAGTGTATATCAGCACAGAAGAAACTACCTTA,N,no,no,N,0
chr12,114499357,114499787,TCCAGAGCTTGTCCAATGCGAGTAACTTGCAGAGCACGGTCACTCTGAACTTTGGGACAGAAGATTGAGCAAGTATGGGGTTAGAGAGGTAGGACAAACTCTGAGATGTTACAGAGTAGAGTCCTTGGCTCCAGATAGGGCTGGTGGCCAAGACAGAGCATGTGGTCGGTTCACAGCATGGGAGCATCTGTGCTATACCAAGATTACTCATAGGATAAAATTAGACCTCCAGACCCACGCAAATACTAATCTGCTTTCTGTCTCCATGAATTTGCTTTTCCTGAGCACTGCATATAAATGGTATCATACTATATGAAGTCATTTGCTATTAGCTTCTTTCACTCAGCATAAGGTTTTAGAGATTCATCCATGTTGTAGTATGCATCAATTTTTTTTTTTTTTTTTTTTTTTTTGCTGAGCAGTATTCCATG,"[[114499439, ""C"", [""A""]]]",yes,no,C->A,1
chr12,48615710,48615952,CCACTGCACTCCAGCCTGGGGGACAGAGTGAGACTCCATCTCAAAAATAAATAAATAAATAAGCAATCTGACTGCTTTTTGGTAGAGCAGGTGTGCTGCACTGGGGGGAGCCCTTCCTTGTCCAGACTGTTTGTATTCTCCAAAGCCGATAGGCTGGAAAAGACTGAGTCAACCAAACCACAAAGACAGCAGCTGCACCTCCCCCAGGGGCTCTATCCCAGGGAGAGATCAGAGCTTTTTCTG,"[[48615747, ""G"", [""A""]], [48615791, ""A"", [""G""]]]",yes,yes,G->A,2
chr8,79842281,79842747,GCTACATGGAGCAGCTGCTCAGGCATGCACAGAGACCCAGGAGCTTTGCATACTCTGGCTCTGGGCTCCCCAGCAAAGGGGACTGAAACTTAGGCAAGGCAGGAGGTTGGACCTCCATACCAACACCTAAGAAGGGGGCTGAATCCAAGGGCCAACAAGTGATGGTCTGTGGGCTCCACTTCCATGATGTCTCATAGGATAAGACTCACTGGCTTGGAATTTTAGCCAGCCACTGGCAACAGTGTTGTGGCTAGCTGGGACAGGACAGAGCTCCCTGGGCGAGGGGCAGGTCACCATCTTTGCTGTTTGGATGATCCAGCCATTCCAGCCTGTGGGTTTTGGAGATTCCAAACCACCTGGGGGCAGAAGGGATCCCCCAGCACAGCACAGCACAGCACAGCACAGCTGCTCTACCAAAATGTGGGCAGACTGCTACTTTAAGCAGGTCCCCAGTCTGTCCCCACTCA,"[[79842328, ""A"", [""G""]], [79842551, ""T"", [""C""]]]",yes,yes,T->C,2
chr4,159212885,159213288,TGTTCTAACTTCTGGAAAGGGAACTTAATGTTCAGAAGACTGCTAGTCTAGAAAAAAGAGTTCTTGCAGTTCAGACTTATTTCTTGAGCACATTGGACTCTACGTCTAATTATTTTAAAAGATGACATAAGTTATTCTTTTTCTGGCTGGATGTCAAGTGCTTGCCAGTTAGTACTTTAATAGGGTGAAAGAGGGAATGGCGGTTCCGACGGAATGACAAGCCAGTACTATATATAGGTTATTCCTTCATGTTGCACCTGCTGACAGTTTGCACCGTCCAAGTTGCTTGTTTCCTTTGGGGATGTTGCCTTAGGAATAGGACTGAGATTGTTTTAATGAGAAAGAGTTTAATGGTGTTATGTTGAAGATTGGCGTTAGTGATTCAATATATATTTCTCTTCCCA,"[[159212930, ""T"", [""G""]]]",yes,no,T->G,1
chr10,3195670,3196146,ACATACAGGTAAAGCACCCAGCACAGAATATCATATAAATGCTTGTTGCTATGAATATCATCCTATTCCCTGGTGGTGTTCGGGGAACCTCTTTTCCCTTCTCTCCCGGGTAGATTCGCCTGCAGTGAGTGGGAGTTCTGTGGCTCCTGGGGTCATCGGCTGAGTCCCTCTCCGGCTTCTCCTTCCTGACTGTGAATTGCTGTGTGGCCACGCTTGGGTGTGTCTCTCTCCATTCTCTGTTGCTCGTGGCAGCTGTCGCTTTGGAGTCATGATTCCAGTTGGAACTGAGAAGCAAATACTGCCCACCTGGCCATGGACACTGGCTGCCCGTTCAGAAGCTGTCCAGCCACCAGCAGCTGCCCTCTGAACGACTGCCTTCTAGAATGTCTAGTTTGCCAAACATCAATTTGTTAAAATTACAGGTTTATTGTTTCTTTGAAACCAACTTACCCCACATCAGGCCACAAACTGAATATG,"[[3195697, ""G"", [""A""]], [3195750, ""T"", [""C""]]]",yes,yes,T->C,2
chr7,75274145,75274496,TCCTTTAATTTTAATCAATTTAAATGTAAAGAGCTGCATGTAGCTAGGAGCTACTGAATTGGACAGCACAGCCTTAAGGAGAGTGGAAATCAGCTGAATCCAGTTGAAACAGGAGTTAAACCAGTTGGAGCCAGCCAACATTGGATGACTTTGGCTGAAACCACCTGAAACTGGTTGAAAGGAGCCACAAACTGTTCACAACCAGCTGAAGCTGAATTAACCTGGCTGAAACTGGATGAAGTCATTTGAAACCAGCTGAAACTGGATCAAACCAGCTGGCAGTGGTTGAAACCAGATGAAATCATTTAAGTAGGGTTTGTCATATTATTTTGCTTCTTGATGAACTAGTCCT,N,no,no,N,0
chr12,73608352,73608617,ACTCTCCACCCCAAATCAACAGAATATACATTCTTCTCAGCACCATATACGCTTGTTGCAAAACTGACCACACAGGAAGTAAAGCACACCTCAGCAAATGTAAAAGAAGAGAAATTATAACAAACTGTCTCTCAGACCACAGTGCAGTCAAATTAAAACTCAGGATTAAGAAACTCACTCAAAACCACTCAACTACATGGAAATTGAACAAGCTGCTCCTGAATGACTACTGGGTACATAACGAAATGAAGACAGAAATAAATATG,"[[73608512, ""T"", [""C""]]]",yes,no,T->C,1
chr20,56941430,56941872,GCTCCATAAAAACAGAGCAATAACAGCCATACCTTGCTTTATTTATTTATTTATTTATTTATTTATTTATTTATTTATTTGAAGAATCAGTAAAAGAATGCAATAAAAATGCCTGGCATAATACACGGCAAACTCCCCAAAATGCTCCTGAAAGTGATTTTACAACTCACACACTTTTTAAAAGAAAATATAAGACTCCCGCATTCCAACGTCAGCAGTTACAACTGATAAACCAATATTTGCCTTAACCTCTAGCTTCCCTTTCCCTGCAAGGAAACATCGGAGCTTCTCAACTGGGCCAAACACACTATGGGCTGTGGTTTAAAAACAAGAAAAAACAAAGCTAAATCCCTAACCAAAAGGATCTGGGGGTGGGGGGTTGTTTTTTCCTGAGGGATTTTGCTAATGCCACTCAAAAAGGAAGCCCATGCAGGCAAGAAGAC,"[[56941582, ""G"", [""A""]], [56941586, ""C"", [""A""]]]",yes,yes,G->A,2
chr19,33747213,33747539,AGCCATAGGTGCCCCACTCAGACACACTTCAGCGGGCAGGTGCGCCCTTCCCCTGCTGCAGTTAGTGGGAACAGCTAATTGCTCACAGCTGCACCCGTCCTTAGAGATCTGACCTCAGCTGATAGGATACTCCTCTTCTGGAAGGCGACACCTTCCCCCTGGAGTTGGCCTGCAACCCATTCACATGCTGGTAAACCCCTTCTCCAGGGAGGAAGAGAATAGAGCCCTGATTTGTAGCACTTGCCAATATCTATGGTGTAAATACTCCCACTGCATCCAGCTCTAAGCTACCATGTAAAAATAAACAATACATTGCTTAGGGGATAT,"[[33747282, ""G"", [""A""]], [33747524, ""G"", [""A""]]]",yes,yes,G->A,2
chr15,38904293,38904759,AGAGAGCTTGATCCTTCCCTAACTTCCTAAAAAAGGAAAAGTCCTCGTCCTTCCTCTTCATCTGTAATGGGTGAGAAAATGACAACAACAAAAAAACAACATGAAAAACAAAACATCCAGCCATCTGTGTCGACAAGAGAAGCATTCCCTTGCTTGTCCTTGACGTCACGACATTTACTACCAGTCACTCAGACCCAGCCCTTGGAGTGGCATGGGGCTTGGTACTCCATTCAGAGCTGCTCAGCAATGCCTGGTATTCCTGTTGAGGAATGCTCTTGGCAAGGGGGAAGTGATTCTCTTCTCTTCCACTAAGGACTCATGAAAGGACTTTCAGATGTCTTTACCCTGACCTGGGTCTTCAAAGAACAGAACTTCTTATCTTCCATACTTTCCTAAGTAAGGGGCAACTCGGTCATTTTCTGCCGTTACTTAGGCGCTTTTCTCTTCCTTATTATTTCATTTCTTCA,"[[38904328, ""A"", [""G""]], [38904404, ""G"", [""A""]], [38904463, ""G"", [""A""]]]",yes,yes,G->A,3
chr8,14768500,14768973,CATAAAATGCTACTTTCATTATTTAAGGGCAAATTTGGATGAAAGGAGTAATAATAACTGAAAGTTAAAATTATGTCTTTTTTGTCCATGGCCTCATGGGCCTGCATCCCTTCCCCATCAGGATCCAGAACTAAGCTGCACGTAGTCACCATTTCTCACTAAACACACATCCTCCTCACTTCAAGAGATGCCGGAGTATGATTCACTAATTTTCTAATATGCTCTCACAGAACACTTACAGATGGAGGAAGGGAAGAGGACTGCACTCATCATTCAGAAAGCTCTCATATGAAACGAGTCTCTGCTTGTCCCATTTTAACCACTGTTCATGGTACCCAGTAAGTCAGTCACTGACAAAGGGTTCATTTAAGAGACAGAACAAAGCCAAAATATTCCTCACAAATCAGACGAATATCCAGAAATGGAACTGGCAGCATTATAGATCTTAAATCCTGATCATTATTGTATTCATAT,"[[14768512, ""T"", [""C""]], [14768691, ""G"", [""C""]], [14768713, ""G"", [""C""]], [14768783, ""G"", [""C""]]]",yes,yes,T->C,4
chr1,85934631,85934902,AACTACTATAGAATAGCAGATAAAACAGGAATGAGCAATCTATGGCTCTGATGGCTGGCTGCCTGTTTTGTAAATAGTTTCATTGGAACACAGACTTGCCCATTTGTTTACTTATTATCTGTGACTATTTCCACATTATGCAGGCAGAACTGAGTAATTTCAACAGAGACCATATGGCCCACAAAGCCCAAGTCATTTCTGCTGGATATTTAAAGAAAACACAAAACAGTCATTGAGCCATAGCCAGAATTATTGTCAATATATACCAAGAA,"[[85934863, ""C"", [""T""]]]",yes,no,C->T,1
chr22,48103966,48104279,CAAGAGGTCTTTTCTGTCTGGACAATTTCCTCCACCACATTAGCCTCCCCTGTGAGCTTTGATCTGCACATTTGACAAGCAGGTCTGTTACAGCTCATCCAAGTCATTGATAGAAACGGACCAGGATGGGGAGTGGACAGGTGCCACTGGAGACTTCCCTCCCACTTGACATTGATCCATTAATCAATATGCTCCACAGCTCTGCCACTCCCTGACAGCTACAGCCTCTCTTCCAGGGTTCTCCATGGGGCCCATGGTAACAGAGTGGGGACTCCACACAACTCCCCTGTTGCCTGGGTGGGGAATCTACCAGA,"[[48104128, ""A"", [""C""]], [48104270, ""G"", [""A""]]]",yes,yes,G->A,2
chr4,46886757,46886981,CTCAAACAGAAGTAAGCAGAATCTCAGAATCTATTTTCAGCCTTTCAGATAATAAATTGGTGAAACCATTAGCTCAATATGCAAAAATGCCTTTTCACAGATTTAAGGAACACTTGATAAAGGAAAGAGAAAACCCTTATGTGTACATGAAGGAGTCCACCTACTGGACAGACTGTTAATTGGTGTGGAAAAAAAATCGCAGACATATTTTAAACTCGACACAGG,"[[46886829, ""T"", [""C""]]]",yes,no,T->C,1
chr8,15325343,15325717,ATTGGTACGAAGTTGACAGCCAATAATCAGCATTACTCTGATGTTCTCTGTTTCACTGGTAGTGCTATTTTCAATAGGAATATGAGAGCTCCTGCCCTAGACAAGGGCTTCAGAATCAATAAACACATGAGCTGCCTCTTACTGGAGAACCTCTTTCAACAGATAGTGAGAAAGACTTCTATGACTACATTCAGCAGAAATTCTGAGACTCCAAGGAATGAAGCAAATGAAGCCTGCCCTTCCTCCCAGGCACAGCCCAACAGGATTCTTAGTAGACTTTGGTGTTTTTAAATGATTGCCTCTTCTTTATGCTTTTGCTTGAGTTGTAGTCAATAAAAACTCTTCCATTGACAGACAAACAAAAACAATAGCATT,"[[15325402, ""C"", [""T""]], [15325416, ""G"", [""A""]], [15325561, ""C"", [""T""]]]",yes,yes,C->T,3
chr18,52127163,52127533,TAAGAGAAAAATAAACTATTTCTCTCAGGAAAATACAATTTGTAAATACCCCTTTTCTTTCTCTACCTATTTCATGCTTTGTAAGGAAGGCAGATTCTGTAGAGGAGGCTCAGCACCCATGTTAAAAGCATCCTACAATGACCTCAGCTTTAAAGCTGAGCTTTCATTTCTAATGCTTTAAAATAGAATTCCACAAAGCTAGGGTTTCACTCTCCGTTTAAAGTTTACAGCATTTGCTGACCTTTAATTCATTAATAATGGAATAATTTGGATACTACACTATAAGTTACTTGAGGATAAGATCTAGTTCTGCCTCACTTTGCTTTTCTCAAACTTCCTATCACAATCCCTTGCTAATACTGCAGGCCCTC,N,no,no,N,0
chr11,15118472,15118690,CCTGCTTCTCAGTATGTCTTATGTCAACCCAAGCTGGTGGCCATTGCCTGCCTTCAAGATATATCCTCCCAGAAGCATTTGATCACAAGGTAGGAAAGAGGAAATCCCCTGTGGCCTGGTACTGAGTAATGTGCTGGTGGCTTGGTATGGGTGAGGTGTTTTTTCCTTCCCAGAAAAGTGTCATCTTAAAAAGGTAAGACTAAGACTGGACCACATCTC,"[[15118483, ""T"", [""G""]], [15118487, ""A"", [""G""]], [15118653, ""T"", [""C""]]]",yes,yes,A->G,3
chr12,89311849,89312346,GGCCATGGTGATTTGCCCAGATCTCAGTTGTCCAAGCCCAGCCCTTAAATACAGGTGATGCTTTTCCCAGCGAACCAAATGGTTTGGGCATGCAGCTGAGATAACTCACAGTCATAATCACGAGAAAGCAGAGGACTTCTGTGTTCATTGTAGACACAGGCCTGTAAAAACTTATTCCTGGATCTCTGGGCAATTCTTCTGGCCACCTCCTCCAAGCATAGGAGATCTAAGTAACCTGTCATCCCATGCAGTCAACAATGGTTGTGCAAGTTCTCAATCACAATGCAAGGTATTCTTGATTAATTTGTGAATAGTTTGCTTCTGCCGCTTCAAGACCAACTAGCATGTTGTAGCATGTTGGGACAAGGCACAGTTTTAATATCATAAACTGAAATGTGAGTTGCAAGAAACCTTATGTTTTACATTTATTAAATTATTAGCAGAGATTTCCAGAAGACTGAAAACCCCAACTCCAGCAATGGTGTTTTCCAGTTTAAC,"[[89311922, ""T"", [""A""]]]",yes,no,T->A,1
chrX,916192,916592,TGAGATCAACAGACCGGGCTTTTCTCTGTGATACATTTAAGCAAATTGAATGTAATTACCTCAACTGAATTCAGAGCAAGGCCTGCCCTGACCTTCCGCTGAAGCGTTCTGCCCGCTTGGGGAGCAGGCCGGGGCACACATGACATCATTTGGACAATTTGCACATATTTATACAATTTGTCATTATTCCATCTGTACAGGCTGGAGGCTGAGAGGTTTGCCTCCAGCACCGCTGTGAAATCAGGCCTGTGAGAATGACGTGCTGGACATACCTCTTGTGTGTGCTATTTACTTCGAATTCAAGTATACATGGTCACTAGTGGGGGGAGTGGGGTGGACGTGTGTGTGTGTGTGTGTGTGTGTGTGTGTGTGTGCCGGGCAGAAGATGCAAATCCATTGAC,"[[916256, ""T"", [""C""]], [916547, ""A"", [""G""]]]",yes,yes,T->C,2
chr5,27251992,27252260,TGTTAACTTATAGTTCTGACAAACCACTGCTCCAGCTGAATATTTTATGAAGCTACAGTTTGGCTTGTTAGCAGTCTCAAAGGAAAAATAAGATCAATACTTGTCACAGCAGGAGATACTTTATTGTCAATGGAATGGTATAATGTAGCACTGAGGGTGAAAAAATGCACCAACACTTCTCAATTTGGCCTTATGTAATGAGCAGGCTTCTATTAAGAAAACTAAATCAGTTTTCCCGAGAATGTAATGCCCAGATCAAAAGGCTTAAG,"[[27252115, ""C"", [""T""]]]",yes,no,C->T,1
chr2,7734206,7734483,TGTCAATACACTTGGCAAAGAGTAGGCATTTAAAAAAATTGTTTGGTTTGCTGATTCTAAGAGATCTTCCAAACGAACACTCACATCCAGTCCAGGCTGGGGGGAGACCCCAGTCCTTGACATGGGGTAATGGGGACAGCATTTCCTGAGGACTCCACAGGAGGCAAATCTATTTCAGATGTTTTGATGATAAGGAATTTGTAATCTACAAGTGGGCTTTTAAATTATGTGTCATATAGTACACACTTAATTTTTTAAGGAGACTAAAGCGGGAGAGA,"[[7734264, ""C"", [""A""]]]",yes,no,C->A,1
chr12,98550933,98551181,CTTCTTCATGTTTGCACACAGCTGAGAAGTGATGGCTCTGGTTGCATATAATATGGCAGAGGGAACCTAAAACAAACAATTCTCTGTTTACATGCTTTAAACCAGTTCTGTGTTCAGCCCTGCTCCTTTCACAACTTTGGTGGTGCCTTCTGAGTTTCAAACCTCTGAAGCGTTCTTTTGGGTAAAGTAGCTCACTCCTAGTTTTTCTTGTTTTTGTTTTTGTTTTCTTTGAGACAAGGTCTCACTTAA,N,no,no,N,0
chr22,25857130,25857572,CCTTCACCAAAGCCTACATAGAGTGAATACAAGGGTGGAATCTCAGGCAGGTCAGTGAAGGCACTCTTTCAGCTCACCTTGGCTACGTCCCAGATTCTGGTCCCTTCCATTTTTCTGCTGCTGAAGCAGGAGTTGCCAAGTCTATCTGATCGATGTGAGGAAACCCTTGGGCCTGCCCTCCTCCCCGCAAAGTGTCTACAGTGTTGATTGATTTTAGCCGGCAAAATCTCTGTCCCTGAGGACTTGATCTGAAGAACATAATTAAGGGCTGTCAATCCGTCTTCTCAAAGGCAGCCACTGTTATTCTGTCTCCCACCCTGGCAGACACTCCCAGTTTCCTGTGAATTCATCTCAAGAGTCTTTATCTGCTGGGAAGAAACCCTTATGAGCCCATGGCCAGGGAGGGAGCTGTCTGCTCTCTAGGTGCTGAATAATTATTCATG,"[[25857133, ""A"", [""T""]]]",yes,no,A->T,1
chr17,63537027,63537355,AGCATGCGGCTCCATGTGTCCACATGGGTTGTACACATGAAGCCAGCTCTGCCAGGCACTCTTTTAAACACTTTACAAAAGCCCACATTTCATTCCCTTCTGAGCCTGGTTTACAAAGCAAGAACCCAGATAGTGCTAAAGTGCCAGAGGGCACACAGCTAGGAAATGTCCGAGTGACTCAATCCCAGCCCAGGGGTTCAGCTCCAAGGCTGTGCTGTTCTCAATCCCTGCTCCCAGCTGCCTGCCTCCCAAGACACCTGGTTTAGGAAAACAAGAGTCAGCGTGGAATTTTACACATAGATTGAGTTGTGATGTTCAGAGTATTTAGA,"[[63537040, ""G"", [""A""]], [63537156, ""G"", [""A""]]]",yes,yes,G->A,2
chr12,58629409,58629726,GTTGAGGCTTAGGAGGTTAATTATCCAGGTACATAAAGGTATCTAAGAGGTAATGCTAGAATATATAGCATTATAAGCTGATGAGACAGAAGTAAATTAGCAAGGAAATGTGCATGACTTATGATTTGGAACAGTTGGCCAATCAAGAGTAGAAGTGGGAGGGCTACAAAAAGATTGAGCAATGTTTCAAGGCAAGATGAGTTGAAAGGAGTAACATGAGAACGTGTACCAGAAAATAAACTATTTTCCATAAGTGATTCCCAGTTTCTTTACACTTTCTAGTTACATTATACAACTTCACTGAAGTGTAAGCTCTGC,"[[58629556, ""G"", [""A""]], [58629632, ""A"", [""G""]], [58629711, ""A"", [""G""]]]",yes,yes,A->G,3
chr20,5989587,5989888,CTGAATTGTGCAGTATGTCTTAGCTGCAGATCCTTTTCTTCTTGTCTTTTCCTCATAGGGAGAGACTTTACCTAGTTGTCTCTTTGTCCCCAGCCTGGTACTGCCCCATCCCTGGAGGCTGCTGTCTTCTCTCTGCTGCCTCTAGAGGTATGCAGATGGGTAGAAGGGCACCCATGTCACCTCCTGAAGGTACAAGAATCTGCAGGTTGTTTCCTGCCCTTAGAGGGAGTCCATGGAAGAAGAGGAACCTTTCTCCTTAATTCAGTCTCAGAGTTTGTAAGCAACCGTGAGGTTCTACTGGC,"[[5989589, ""A"", [""G""]]]",yes,no,A->G,1
chr10,133616741,133617169,AGACTTTGAAAGGGGCCTTCATTGGCCCCAGGCTAGCTGTTCACTGATGTCTTCATTGGGCCCAGCCTAGACATTGTTAGCTGTGCTCATGGAGGCAGCCAACATGTTTTCAGCAGTCTTCATTGCACTCAGCCGTGGTGACACAGCTGTCCTTATTGGCTCACCCCAAGTGTTCTCAGCTGTTCTCTTTGGACCCAGGCCAGGTGTTCACAGCTGTCCTCACTGGCCCAGCCTAGGTTTTCATAGCTGTCCTCACTAGGCTCAGCTAAGGTTTTCACAGCTGTTTACTTTGGGCCTAGCCCAAATACTCCAAGCTCTCCTCTTAGGGCTTAGCCAAGGCATTCACAGCTGTCCCAATTGGTAGCTAGCCCAGGTGTTAATACTTGTCCTCACTGGGCCCAGACCAGTGTTCACAGACATCCTCATTAA,"[[133616748, ""C"", [""G""]]]",yes,no,C->G,1
chr12,24232458,24232830,TTTCAGGATTCAATTAACCAACAATAAGAAAGTAAATCTATTCCTGAGACAAGGAAGAATCCTTCAAGGGAATAATCCTGATCATTAAGATCAAAGTTGCTAGAGACATGCCCCAGGACAGGAAGGCAGGCCAAATATTGCTGATTTCTGGCTCTAAGAATGACTTGATATGAGTCAAACCTCCTGATTTAATGAATAATTCTATCGGTTAGATATCTTGGCAAAGGAAAAATGTATGTAACCTGGCTTTCATGGCCACTGCAATAGCTTTGAGAAGTACCTGCATACCACTCACTGTGTTGGTATTCTGTCCGGCCTATGTAGTGTTCACATTTTTAAAAAAGTATTTTCCACTATTGAGAAATTGAGACAT,"[[24232663, ""T"", [""C""]]]",yes,no,T->C,1
chr6,157400772,157401193,TGATGCCCCTGGCAGTAACCCTGCAGCGTTCCCCAAGGTCCCGCTGTCTTCCTTTGGCTCTGCCTCTTACCAGTGAGTGCCGGGCTCCCTGTGCAGCTGTGCACGCCTTTATCATCCCCTGGCCTGTGCACTCACCAAGCCCAGAACCCTGTCTTATTGATCTTTGTCTCCTGTGCCTCTGGTACTAGTGTGTGGCTCACAGTGGGCACTAAATCAGTCTTTCTAGCACTGCATTGAAAACAATATGCCCTTGAGTGGAGGAGACAGCCAAAACTTGCTGTTAAACCTAGGTGCATCCATTTCAGGGTTTCCATGTGTGGAGTGTTTTCATTAGCTGCCTTCATTATTTATTTATCAGATGCCAAAGCCTTGCCACAAGAAGCACTGATGTAACTTATCAGTAACCCAATGTTGAGATGTAG,"[[157400806, ""C"", [""A""]]]",yes,no,C->A,1
chr7,34493517,34493794,CTCCCTCATCAAACATCCTAAAATTCCCTGCAGAATGAACTGTCATTTGTATTTCAACAATTGGGTCTATATCTGTTGTGGACAATCTTTTTACCATCTCTTCTCCTTATTGCTTTCATCAGTTGATTTTCCGGTTCTTCCCCTTCCTTTGGTAATGACATTGGTAGGTAAGGTACAGTCTTACCTTCCATCTCAACTCCTGTATTCATTTTTAGGAACTTCAGTGTCTGTGTGGATGACCCAGTTAAGCCTCTGTGTTCTTAATTTCTTTATCTTCT,N,no,no,N,0
chr3,1623858,1624278,CTCTGGTGAGACAGCAATTTATGGCAAAAGGGTAGATTTTCTGAATCTGTAATTTTTCAGGCATCCTGCAATTATTGACAATGACTCCATTCAAACTAGATGAGTTGGGTTAGATGAGATTACATTTGGAAACATTCACTTTCAATACAAACTTCCTGGTTGAATCAGTAGTCAGCAGGAGGGCTTTGCTATAAAGCAATCCTGACACAAGCTTTTAAGCAGTGAGTAATAACACTCTTTAATAACATGAATTTCTCGTTATCACCAACACTGATGGTGCAGAAATCATGCTGTCTAGGTACAATGAGTTATTTTATGGCCAGCAATCAAAGCGCCACCACTTTTTGCCCAAAGAGAAATGTTTCACCCCTCTGACAAAAATGCTGCAAGGCTTAATGATAAATCAATGATAAATAAGATT,"[[1623869, ""T"", [""C""]]]",yes,no,T->C,1
chr7,41944814,41945108,TAAGACTATTATGAGAATAGAGATTAGAGATATAATATAAATGTGTTCAGTTTACAGTTGAGTCTGTGAGTGCAATATCCAGAAGTATTCCATAAAATGGAATACTCCTATAGCCAGGAACTCAGCATCAGTCACTGTAAATGCAAATACATGCAGCCGTACCCGGATGGCTCTGCGGTTTCTTTTCTTTTTCTTTTCTTTTTTTTTTTTTTTCTGAGATGGAGTCTCACTCTGTCACTCAGGCTGGAGTGCAGTGGCAAGATCTCAGCTCACTGCAAACTCTGCCTCCTGGGTT,"[[41944888, ""G"", [""A""]]]",yes,no,G->A,1
chr2,100047222,100047501,CGTGGACAAGTCAATTTTCCTTTAACATGTGCCCAATGTACTTTATTTAAAACACTGAACTTCTTATAATATTTGTCACTCCTACATTATTCCATTATTTATGTAGTCTTTCCCTTTGTTCCTTGGCTCTGTCATAGTGGTGACAGAAGGTGAATGCAATTACTGATTTACTTTTCTATCTCCCCAAGGAGACGGTGAGTTCCAGAACTCGGTAAATGCTGAGTCTTACAATTCTCAAAGGCACAACACAGACCCCGTCCTTATTACATTACCATCCTAC,"[[100047330, ""C"", [""T""]]]",yes,no,C->T,1
chr11,105517399,105517643,GAGAGAGAGAGCACAATCTCTCTGATATCTCTTCTTATAAGGTCACTAATCCCATCATAAGGACTCCACCCTCATGACCTCATCTAAATCTAATTGTCTCCCAAAGGGCCCATCTCCTAAGACTATCACATTTCAGGTTAGGGCTTCCATATATGAAGAGGGGGCACACAATTCACTTCATAACAAACATGTATTGATCATCTATGTGCAGGATACTTTGCTAGGCACTGGAGTCCATTGGTAGA,N,no,no,N,0
chr10,17536262,17536638,TAACTTTGAGAGGCAAGATGGAAACTTCCAGTGCTTCAACAAGCAATTATTTGGGATTGTTTCTCGCTCATTAATCAAGAAGGCAGGCACATGAAGTTCTGCTCTCTGAAGTGCTTACGGTGTTATCCACCAGTTAAGGGGATTATGAACTATCCCTCACTGACTCAGACGTATGACAACAATAGGTTCCAGATGTCCCAAAAGTTCTGATTGCAAATATTCTGTGTCCCAGTGCTTCATTCAGAAAATAGGGTTTCTGTACTCAGGGCTTGTGACTGCCCAGCTGTGTTACTTGAGTAGTGATGCCTGAGACAACAATGAGGTTTGTTTGCAGTGGTGGACAAACTGCTGTCTAGTACTGTTCAACGTTAAGCTTT,"[[17536290, ""T"", [""C""]], [17536474, ""T"", [""G""]]]",yes,yes,T->G,2
chr16,28915214,28915614,CAATGAGCTAATTTTTGTATTTTTTTGTGGAGACAGGATCTTGCCATGTTGCCCAGACTGGTTTTGAACTCCAGGCCTCAAGTGATCCTCCCACCTCAGCCTCCCAAGGTGCTGGCATTACAAGTGTGATTCCCAGCATCTGGGTTGGGATTACACCAATGGCCAGCACACTTCACATTGTTAGTTGGGCATGTGGCCTAAATCCTAAAATACCATCCACATTTCTCAGCTTCCTTGCAACTAAACAGATCATCTGGCTAAGTTCCAGCTACTGAGATGGAAACAGATAAGCCAAGGGGACCTTCCAGGACAACTCTTTATTTTATTTGTATTATTATTACATTTTTTTGAGATGGAGTCTCACTCTGTTGCCCCGACTAGAGTGGAGTGGCATAATCTCG,"[[28915258, ""T"", [""C""]]]",yes,no,T->C,1
chr4,145816128,145816483,CTGAATAGCTGGGATTATAGGTGTGGGCCACCACATTTGACTTGGATCTGGGTTTTATAAGGGCTTTCGGATGTTACCATTTCCCACAAAACACAAACATGAAAGTGTTGATAATTATTTTTAATACCAAGTGACTCAACCCATCTGGGCAGACTCAAACCATATGGGCAGAGATAAAGGGGCGTGGCCACACAATCACAGTTGTTTCTTTATCTTTGTGGCTTTCTACAGATTCTTCAGGTAAGGCATCTAAACAGGATACACATTTCTCCTTTAGAAAGGTTACCACCCTTAAAAAAGTATGCGTGTACTTTAGTGTGTGAACCTATAAATGCTGGTCTATAGGGGCTGACAAC,"[[145816218, ""G"", [""A""]], [145816269, ""T"", [""C""]]]",yes,yes,T->C,2
chr6,145783948,145784186,GGTCTTAATCCCATTTATGAGGAAGCAGCCCTCATGGCTTAAATCACCTCTTAAAGGCCCCGCCTCTTAACCCTTTTCCTGTTTGCTGAGAATACTCACCGGTGGTGCTTGCAGCTGTAGCAATTACCCTGAGATAACTTTGCTATGAAATATTTCACTCTTATTATTATTTTCGCATTGCTCTAGCATATCGACTTTGGAAACAAAAGACATCATTCTATTTATAGCATTCTACATTT,N,no,no,N,0
chr12,88509356,88509733,TACTAAAGAGTGAGATATTCTGGAATTTGCTACCTAAAACCTTTCTCAGGCAGAAGGATAGCATCTAAGGAAGGGGCTTCCAACAAAGCTGTGTGGGAGGCCTTACTAAAGAAAGCTCAGACTTGCTCTCTGAGAGTGCGGTGACTACCATGTTGACAGTTCCATCCCTAAGACTGTGAGCCAATACACAATCCTGGAGTCTGACTAAGACACAGCAGCAATCTTCCTGCAGGAGACAGGGAGGGAGAGAAACAGCAAAGACTGGATGGCGGGGCGGCAGTGGAGAGGAGGGTTGGGGGAAGCGCCCATAGGTTACTGAGCTTCACCTCCCATAGAGGTCAATGTTACCTCACTTTTTTTATTTCACTTGTTCATGCG,N,no,no,N,0
chr16,81370117,81370437,TTGCCTCAGGGCTGTATCAACTAATATATAATGGGCTAATGTCGGCTGTATATTAGTCCACAGAGATTTTAATCATCATGATGTTCCACAAAACATCTCACTGGTCTACCCCACTGACCACATTGTGCTGTTTGTATCTTATGGTTAGGAAGAAACAGGTCCTTTCAGATGCCTTTGTAAGACGTGTGAACTAGAGGATAAAAGATGAACCCCACCCCCAACCACATCTGTTTCAGTCATGGTCCAGTCAAGTGGCAAAAACCACACCAGTCTTTTGAACAGGGAAAATGTAATATATGTAATTACCACTAGTAAGAGACA,"[[81370277, ""A"", [""C""]]]",yes,no,A->C,1
chr11,66033444,66033676,AAAAAAAAAGATTTAGCCTGACAGAGTGGCACCAGGGATGCCAGGCTGAGGTGGGAGGATCACCTGAGCCCAGGGAGGTCAAGCCTGCAGTAAGCTAAGATCTCACCACTGTACTCATCTGGGCAACGGAAGTGAAACCCTGTCTCAAAAAAAAAAAAAAAAAAAGTAAATTGTAGTAAACTAATTAGTAAGTGATGAGTTTTGAGTATTTATCGTCTTTATTACTTATTTAT,"[[66033539, ""C"", [""T""]]]",yes,no,C->T,1
chr6,79466325,79466549,TATATGGAGTAGATTTGAAACCCAATAAGATTTCAAAATTGGCCAATTTTACCAAGAAAACATGAAGAAAGGTTTCCATGGTTTCAGAGAATCAATAGTGCCCTCTAAAGGAAATCTATGTGAGGTACATTCAATATCTAGGTTTAATTCAGCACTTATTCCACGAAAATGCTACTTAATTGTAACTTATAATAATACAGATTAAAAATTACAAAAAGAATGCAG,N,no,no,N,0
chr13,71240936,71241286,TTAATATCCCTACCACAAAACAAATTTTTCATTTGAGATAACAATATTTTTAAATGCATATACACTATACCTAACACTTTGATATTTATTTATTTATAATTATACTCAAAAAGTTCATGGGGACATTCTTCACTTTTGAGACATAGGCTGAGCATGGGTATAGCAGTGTCCACTAGGGAGAGCTGCCTTACAGCACACCACAGCTATCAGCATTACCACATTTGATAATTCTCCATCACCAGTAACAGTAATGGAGAAAACAACAGTAGCTTTTCCAAAGCAGATGAATTTGATAATAATATCTTCCCAAATCCAATGTAATCGTGTGATTTTATATGTGATTCACAGGTA,N,no,no,N,0
chr5,125478595,125479005,GTTTCCACAAGAAACTGTTGCACCTCAGATCACCAGGCATTAGATTCCCATAAAGAGCGCACAACCTAGATCCTTCACACGCGCAGCTCACAATAGGGTTTGTGCTCCTATGAGAATCTAATGCCACCACTGATCTGACAGGAGGCGGAGTTTAAGTAGTAATGCCTATTTGCACACCACTCACAGGGTTGGGGAAATGCAGCTCCAGAAATCTTGAATGTTTACCTTACAGGTACAGGAGTTGGCAGTCTATAGCACAGTTAAACCAGATTGATGACATTCTATAATGAGGAAGTGTTCATCATCTGAACTTGGCACAGAAGTCACAGTTCTGTTTAATATAATATATGACATACTTTTACTCACACATAGATTTATTCTACTTTAAAATAAGTTATTTTCAAAATGGTT,N,no,no,N,0
chrX,74505351,74505756,CATCTCTCTCAGAAAACACTTAACAAAAAGGGGCAGTATCCTGGAAAAGGCATTTTAGATTGAAAAATGAGCTCTGTCCATACTTTTGCAGTTCCTCTGCCTTCTTTTCCCCTACCTCCCTTCCTTCAGACAAGTAATTCAAGGGTGCTAGGGATTGTCAGCCTATTCCTGCTCAGAGGCAGGAACATGGCCTAAGTGGTCTCTTGAGATTTCCTGCAGGCTTTCATGCTTCATGAAGTCGTAGCAGCAGGCCCCCTGACGGTGGAGCCAACATTAGTGCTTGGCTCAGCTCTGAGGATCAAAGCCATATTAATCCTGGCAGCCAGCCTTCCCTGGATTGATTACCTTGTCATCTGCCCCAGACCAACCATCCCAGGTTTCCTTCCTAATGTTAAACTACAGTGTA,N,no,no,N,0
chr11,56089753,56089987,ACTATACATATCAGTTCACCAAATATCAGAATATTAAATAGCTGAGACAAAATTTGAATCTTGAAAGAGGCAATTAACACTAGGTAGTGTGAAAGGAGAAATATTATTTTCATGTTTCACACAAAGCATAATGCCTGCCATCTAACGGCTGCTTAATCAATTTGTGTTGAACAAATAAGTAAGAGGGTAGATGAAACATTGACATTGCAGGTGTACAACCCAATTCTTTCAAAGT,"[[56089764, ""T"", [""C""]], [56089784, ""C"", [""T""]], [56089890, ""T"", [""C""]], [56089895, ""C"", [""T""]]]",yes,yes,C->T,4
chr7,34806854,34807173,ATATGAATACAATCTGGCATTTTGCTAAGTAAAATTTCTCTGTTTCCAGCATTTAAGTCTCACTTCTCTGTGCAAGATTTTCTTTAGTTTTATATTTCCTAGGTCATTTCTGTCAGAATTAAGGGGTGGGGTAGTGAGAATTCAGACATATGTCCTCAAGCTGCCATCTGTTCTCCAAATGGTATCCCATATGTTGTTGATGTGTAGAGTTTTCATTGTTGACATTTATGAATTGACTATAATTGTACTTTGATTTCCTTCTTGACTCGAGTTAATTATGAGGGTGTTTAAATTTCCAAGTGGTATTTTTTAAAAAAACA,N,no,no,N,0
chr8,132590143,132590392,CACAGAACCCTGCTGGCCTTCCATGTTAACTGGCTTCCACCTGGGCCTGGCCAATGGGAGGCAATGGAGGGAAGCTGGAGGGCCAAGAACGGTACGTGCTTTCACAACCCCTGTCTGCATCAGCAACTTCTCCAGCAGTGGTAGAGTCTACTCTGTGGCTCCAGGCCCTGCCCAAGAGGGTTACTGCAGTTTTGGTTTCTTTCAGGTGACCTTTCCAGGTGACCTTGGTGTTTGCTTTCTGCCGACACCA,"[[132590233, ""C"", [""G""]]]",yes,no,C->G,1
chr9,88187665,88187874,TTAATTGTAATAGTTATAAGAGTAGAAATGTCGAGTAGAACACACTATTAAAGCTATGAATATGAAAAAAAAGAGTTTTGAATTGTTTTGTATGTTCTTTAACTGATCTATTTCTTTGGATAATCTAGTAATTTCTTCCAGATGTCTTTTAGTAACAACTTGTTGGCACTGGCAAGCGAAAGTGATAGCCATTTCTTGTTGTACTTCATG,"[[88187763, ""C"", [""T""]]]",yes,no,C->T,1
chr2,338974,339290,CATTAAACCTCTCTCCTTTATAAATTACCCAGTCTCAGGTGTTTCTTCTTAGCAGCGTGAAAATGGACTAATACAGTACCCTCCAGATACTAGCAAGGTAGTTCCATAAATACATGAGTTGTTACCAAACTCAAATATGTACCCTTCAGATACGGGCATGGTAGTTCCATGAATGCATGTGTTCACCAAAGACCAACATGTACCTTCAGATACTGGGATGATAGTTCCACGAATGCATGCATTCACCAAACTCAAACATGTACTCTTCAGATACTGGCATGGTATTTCTATGAATGCATGTGTTCACCAAACTCCAA,"[[339030, ""A"", [""G""]]]",yes,no,A->G,1
chrX,134062127,134062415,CCGTTCTCAGATCTCAAACTCCATGCTGGAAGAACCACTACTCTCTTCAAAGCTGTCAGACAGGGACGTTTAAGTCTGCAGAAGTTTCTGCTGCCTTTTGTTCTGCTATGCCCTGCCCCCAGAGATTGAGTCTACAGAGGCAGGCCGGCCTCCTTGAGCTGTGGTGGGCTCCACCCAGTTTGAGCTTCCCGGCTGCTTTGTTTACCTACTCAAGCCTCAGCAATGGTGGGTGCCCCTCCCCCAGCCTCGCTGCCACCTTGCAGTTCAATCTCAGACTGCTGTGCTAGCA,N,no,no,N,0
chr8,18995772,18996076,TATAAAACCATCAAATCTCGTGAGACTTATTCACCATCAATAGAAACAGCAGGGAAAAACCCACCCCCATGATTCAATTACCTCCCACCAGGTCCCTCCCATGACACGTGGGGATTATGGGAGCTACAACTCAAGACCAGATTTGGGTGGGGACACAGCCAAACCATATCAGCCAGCATCCGTAGCATCACCTAGTAGCTTGTTAAAGATGCAGATCTCAGGCCCCACTCCAGAACTAAAGAATCAGAATCTTCACTTCAACAATGTCCCCAGGTGATTTCCACAGTAATGTCTGGGAAACAACT,"[[18995785, ""G"", [""A""]], [18995979, ""C"", [""G""]]]",yes,yes,G->A,2
chr1,31086795,31087034,AGAGTAGGATAGGAAGTCAGGCCTCTGGGGCCACTGCAAGGCTAGCTAGCCAAGATATTGATCAGGGCTGCGTGATGCAGTCTGACTTAGGTTTCTCAAAAATCACTCTGTATGTTGCATCAGGAATAGACTGTGGCAGGCCGAGGTAGAAGCACAGAGACCTGTTTAGAGGCTATTTACAGTAAACCTGGAAAAAAGATAATGACAGCTCAGACAAAAGTGGTATGAGTGGGACTGGTA,"[[31086809, ""G"", [""A""]]]",yes,no,G->A,1
chr11,92651151,92651530,AGCCAATTGTCAAAAGGCTACTGTTCACAAAAGAGTCTGCTGTGCTAGATGTTGGGAGGAGAAATGCCTGAGTGTACCTAGACCTTGCTCAGGCAGTTTGTGGTTTAGTGGAAGAAGACAGGAATGTGTGCAGGTAACGTGGAATTGTGAAGATGGCTGGGCTGAAGGGAGTCAGGGAAACAAGCACCTTTGATGCTGCAGGCTACTTCCCATGAGGGCCCGTTTGGGCTTGGTCAATGCACTCAGCTTCAGGAATAGGCACAGTATGGAACATGCTTTCCTGGTGTGTGAATCATTCCCAAGTGTGGAGTAGAAAAGGCTTGTTGCTCCTCTAATCCCTTCTGGAACTATGTGTTCCTTCAGATTAGAGTCTCCATGGG,"[[92651165, ""T"", [""A""]]]",yes,no,T->A,1
chr2,17940056,17940482,TGTGTAGCTTTATTTGAAGATAGCTTTCTTTCCAAATGAATCCTGCCAGATACCAGCATGGGTATACATTTTACTGCAAAGTTCCATGGTGCTGTAAGGCCAGCTGTATGAAGCACACACAGAGCTATTTTTCCAGTAGCAATTATCTGATGAAATTGTGCCTTGTTGCAGCAGACAAGCCAGCTATATTCCCATTGGAGTAGGGAGCACGTGCTATGGTATTTATAAACTGTAAAAGCTGTTTGTCAGCATGCACAGCACATGCATTCATCCCTGAGTGCTGGCAAGAAATAGCCTCATTGTCCTCAAGAGCTAATGATGGATTTATAAATTCTGTCAGCAAATCTACTGCTGCAAGGGATTCTCTCTATAGATGATGTTGACTCCAGCACGTGCAGTTTTAATGATGGACTGAATACATTGTAAG,N,no,no,N,0
chr2,89318978,89319337,AGATTGGGAAGTCAGAGTGGTGGATTCATGTACTCTGACATCTGAAGTAAAACATGTGGAATTGTTTGTGGACTGGAGAATCACCTGGAGACGTGCTGCAGGCAGCTGAGAGCATCAGCACCCCAGCCCTCGGCTTCCCAGACAGGTCTGAGGATCATCACACGGTACTCAGCACATACCACCAGGGGCAGGTGCACTCTGACTTCTGCAGGAGCACCTGAGAATCCCCTGTCTCTAGTGGCTGCTTCACGAATAACATACCGTAGGCTTCAAAAAGACTAGTTTAGACTCTAATTTATTCAACTTGAACAATTTCTCCTTGAAATACCGAGAATAGCTTCTCTTTTGCTGTGTAAATTC,N,no,no,N,0
chr19,31943405,31943765,TGACGTTAACTGCTATCCAGCCCAGCCGGCCAACAGACAGCCTTCCCCTCACATTTGGTTTAAATGCAATGCCGTCTAGTTTTTCAATACCATTAGCGTCCCCCTGGTGGGCAGAGAGCAAGGCAGTGGCACCGGTCACACTTCACTGCTTTATCTCATATGACAAAGAGCGATGATACGCTTCAATCCAGGCCAGCCCGGCAGAGGGAAGGTGGCCACACAGAACTCCCCTTGCTGCCGAGAAACGCCCTCTGTGTGACTTACTAACAGCATGAAGGGGCAGACAAATAGATTTTCCTCTATATTTATAACCAGCATCATTCTTCCTTTCAGGGCGTTCAGTGCAGGTAGCTGTTTTATA,"[[31943417, ""T"", [""C""]]]",yes,no,T->C,1
chr3,39197525,39197739,GATTTGATTAACTTTTATTCTTTTTCTTGCCTAATTGTTCTGGCTAGGACTTCGGTACTATGTCTACTCAATATAGAAGTGGTGAGAGGGAGCATACCTGCCTTGTTACTAAATTTAGAGGAAAAGTTTTCAGTTTTTCACTGCTGAGTATGAAGTTAGCTGTGAGCTTTTCATATACAGCTATTAGTATGTTGATGTTCCTTCCTTCTATTCCT,"[[39197618, ""G"", [""A""]]]",yes,no,G->A,1
chr14,73048597,73048884,CAATCTCCTGACCTCATGATCCGCCCGCCTTGGCCTCCCAAAGTGCTGGGATTACAGGTGTGAGCCACCGCACCCTGTTTGTTTATTTTCTTGAGATGGAGTTTCACTCTTCTTGCCCAGGCTGGAGTGCAATGACGCGGTCTCCACTCACTGCAACCTCCGCCACCTGGGTTCAAGCCATTCTCCTGTCTCAGCCTCCCAAGTAGCTGGGATTACAGGTGCCCACCACCACGCCAGGCTAATTTTTTTTTTATTTTTAGTAGAGATGGGGTTTCCCCATGTTGGCCA,"[[73048598, ""G"", [""A""]]]",yes,no,G->A,1
chr20,2042428,2042781,GTAGGAGGTTGCCATGACCTCTCCCTGAATCTGCTCTAATTTTCCTTCTCATCTGAGGCTTTGAGCCCCGACTTTAGGACCTCAGAAGAGAGCCATGAATCGTGGGTTAAATTTCAGGACTAATTATTTCCTCGGGTGACGTCACCCTCAAATCTTGGAGCCAGAGATTGAATTCTGTGCAGTGAGACCTGGAATGGGAGTCATTAGACCTGAGTCATCATCCTGGTTCTGACTCTGAGACTATGGGTGGCTTATTTTCACTTTCTAGGCTTTGACTTCTTCCTTTGAAAAACGAACAAGTTGATCTCTAAGGATTCATCCGGCTTTAAAAATAAGGGTATTCTACTTGAAGGA,"[[2042464, ""G"", [""T""]], [2042561, ""A"", [""G""]], [2042710, ""A"", [""C""]]]",yes,yes,A->G,3
chr3,24970044,24970466,TATTTTAGGCTGTGTGGGCTATAAGGTCTCTGATTAAATGACTCAACTTTGTTTTTGTAGACCAAGTAGCCACAGACAACAGATAACTGAATGGCTGTAGCTGTGTTTCAATTAAACTTTATCAAAGCAACAGTGAGCCAGATTTGGCCTATGGCTGTAGCTTACCCACTGCTGATTTAGAAGGAATTCTACATCTTTTAAGCAATCAGCAAAGCAAAGAACGTGTATTTTCTAAGAAAGTTTGAGGTGTAGGTATAGCTGTTTGTAGTGGTGAGAACTGAAACCACCACGAGTATTTCAGCTTCCTCTGGAATGTGGTGCCATCCATAGACATTTTAAGATAACCAGACAAGAAGACAATTCTGTCTTCTTTATAATTAGTCCATACTGGGGAGTCTACTCTGTGTGTCTTTTATATTTGAA,"[[24970104, ""G"", [""A""]]]",yes,no,G->A,1
chr1,166067222,166067451,CTTGGCTCTTCAGCTGGCTAGGTATACCATTCTGAGTAGATGACCTAATTTAACGAGGCCTCAAATTCCTTCGGGATCATGGACTAAAAGATCTCAAAGGACCTGATTAAGAAAACTTAAGGCCTGATGAAATGCTTTTTCCTACGTAATTCAAAACTCTAGCGCCACCAAGAAGCCATGTGTTGTGTGTGTGTCTAAGTCCTGAGACCACCCAACTAAAACTTAATCAA,"[[166067257, ""A"", [""G""]], [166067384, ""T"", [""C""]]]",yes,yes,A->G,2
chr3,122908491,122908878,TCCTCCTCCTTGCTTCCAGGAACCTTTAAGCTTCAAGCACTCCTCCCTCCACTCCCCAAGAGCTTCCGCCTCCTCTACCACTAGGATGGCAGGTTTTACAGCCTGACCTACAATTAGATTCTGCTGGGAATCCTAGGAGAATTGATCCAGCCAATTAAGTCAGGAAATTGCTCTCTAAATTTAACATGTCCGTCAATCTCATCCAAAATGGCAGCATTGATTTGGTGGGCTGAGGCTTTGAGGTTATCTTTATTTAATCCAGCAAAAACTATATTAGGCTTCTCCCACCTCACAGATTTGCCTGTTTCTCAAATTTGATTTTATTAAACTCAGCAGTATAAATATCTCATAAAATAATTCTCATCAACACTCTCCCGCTGGACTCACA,N,no,no,N,0
chr20,50969472,50969810,GTCCCAGTCTGCAGGTCCACCAGAGGGACAGAGCCGCCCTGCTGCTCAGCAGACAACCCCCCACCCCCAGGCCAATCTTAAAAAGAGGCAAGAGGCAAGGCAGAGCACATATGCCCAGTTCCTTCTCTCAAACTCTCCAGCTGGCCACATCAGTCATCCTTCCTGGATGGGCATGGGAAGGTGGAGCAAGACAGAGAGACACCAGGACTTACTCTGGGGCAGCACTCTCCTCTCCACCTCAGCTGCAGAGTAAAATGGCTTGGGGCACTTTTTTTTTGAGATAGAGTTTCACTTTTGTCGCCCAGGCTGGAGTGCAGTAGTACGATCTTGGCTCACTGC,"[[50969644, ""G"", [""A""]], [50969702, ""A"", [""T""]]]",yes,yes,A->T,2
chr4,27397824,27398268,CTTGCCTTATATATGCTTAAGTATGTTATTCTTAGAGGGCAGGGTCCTTTAGAGGACAAATATGTTTATTTATCTTCAACAAGAGCAGAACTGTATTTTTCTCAGTTGTCAATAGAAGCTACAAACTGTTGAAAAATTGCAATGTCCTGTTTAAGGAGATGGTTTTAATTTACTTGCACATAAAAACACTTGGGTAAAGAATCTGACTCAGTGGCAGTACGTAACTTGTCACATAGTCTGTAAATATTGGAGCCAGGAAACATCTATGGTTAGTCTGATTCCAAAGCCATGCTTTAATCACTGTCTTACTCTACAGCAAAGGAATGAAAGGATAAAGGAATGACTAAACTGAACTTGGTAGTGATGTCATTTTTATGTAGTCTAGAGAAAAACAAAACAATTTTGACCTCAAAGCATTTTTTTGTGAAAAAGATAAAAATAATTA,"[[27397849, ""G"", [""T""]]]",yes,no,G->T,1
chr2,72705108,72705308,CACATCAAAAAGCTTATCCACCATGATCAAGTGGGCTTCATCCCTGGGATGCAAGGCTGGTTCAATATACGCAAATCAATAAATGTAATCCAGCATATAAACAGAGCCAAAGACAAAAACCACAATTATCTCAATAGATGCAGAAAAAGCCTTTGACAAAATTCAACAACGCTTCATGCTAAAAACTCTCAATAAATTAGG,N,no,no,N,0
chr4,13170189,13170461,GATATCTGAGGCATCTTCATGGAAGGTAGAAGGGTTAGCTGAGCCTGAAGGACAGTGGGGTTTGCTGACAGCAGAGAGGAGAGACTCCTGGCTGAGAAGCCTTGTGAATCAAAGCCCACAGCTGACATCACAGCTGCAAAAGCAACCTCAGGGAGCAGAGGGATGGCTGTGCATCTGGGAAACATTTTCTGCATGAGAAGCCACGAGACATTTGTTTGTTCACTAGGCAGTCTAGCCTCTATCATGGGGGTCCATGAGAACAAGACCACTCAG,N,no,no,N,0
chr3,127940665,127940872,AGAAAAAGAACAACATAAATCAAGTAGAAGAAAGTAAATAAAGATAGGAGCAGAAAACAGGGAAATTAGAGGCTGAAAAAAAAAGGAAAATCAATGAAACCAATCTGTTTCTTTGAAAAAGCCAATACACTTGGTAAACACTAGCAAGACTAACCAATAAAAAGAGGAATACAGTACAGATTACCAATATTAGAAATGAAAAGGGATA,"[[127940794, ""G"", [""C""]]]",yes,no,G->C,1
chr1,162996288,162996645,TGTACACCTATTAGAATGTTTAAAATTCCCCAAACCTGGCAATATTAAATATTGGGAAGGAGCAGAGGAACAGGAACCCTTATTTGTTACAGAAAAGAATGCAAAATAAGTCAGCCATTAAGAAGACAGTTTGGCAGTTTTTTACAAAGTTAAGCATAGTCTTATGCAATCAAGTGATTGTGCTCCTAAATACTGACCCAGTTGAGTTTAAAACTTAGGTCCATGCAAATTCCTGGACATAAATGTTTATGGAAGCTTTGTGTATAATCATCCCAAACTGGAAGTAATGAATATGCCTTTTAATATGTGAACAGATAAACAAACTGTGGCAAATTCATACAATGGAATATTGTTCGGC,"[[162996289, ""A"", [""G""]]]",yes,no,A->G,1
chr7,8353988,8354445,TAGGCACATTAAATTTTTTAAAGAGTTTATTTGAGCAAACAGCGATTCATAAATCCACCAGTGCCAGATCACTAGCAATTCAGGGCTCCACAGAGGTGCTGTGAAGGGAAAATTGTATAAGATGTTCTGGCAAGCAAGACAGAGAAAATATTTGATTAAAGTGGAAAGTCCCTAGTTAGAGGTTTCTGGCAGTTTCTGATTGGTTAACCCTGTTTTGCTGTCCTAGGCTGTGACCCTTCACTTTGAGTTGGGTTTCACTTTGCTGATGTAGGTACTCAAGGTTCTGGAGCTGACTCAGGCTAATGGCCTCCCAATTAATTTTTGTAAAACAACTTTCAGCAAAATTCTTCAGAGGGAGGATGGGTTCAAAAATGCCCCAAGATTCATCTTGGCTACACACAGAGTGGTAACCAGTATTTACCTCCTTACTCAGGGATCATCTCACTTGTCATTTTGCA,"[[8354044, ""G"", [""A""]], [8354280, ""T"", [""A""]]]",yes,yes,T->A,2
chr14,70069179,70069557,TGTTATTCCCAAGCTGCAGCCACAGTGAGGAGGCACACAATTTCCACACTGAAATCCCAGCAGCACAGGCAGGTAATAAGTGGATCTGCCTCTGTATTGTATTGTGAGTAGGTGGCCTCCTAACCCTTCGGCCCTCCCATGCCAGAAATAATCTCTGAGTACAGGCTGGGCTTCTGACTCTGTGACCTCTTCCTGTCTCATTCCTACTGAATGACTCTTTACCCGGTCAAGAAGCGTTCCCTTTCATCACTTCTGAATGTATCCTTGCTGCTCCGGGTCAGCTAACACTCACAGAGCTTCCTTGACCTGGGGCAGCTGGACCGAGCAGGTGGAGGAGCTGCGAACCTTTCCATGGGAGCTTTCAGAAGCCTCACATCTC,"[[70069182, ""C"", [""T""]], [70069216, ""G"", [""C""]], [70069403, ""T"", [""G""]]]",yes,yes,C->T,3
chr10,75493442,75493928,CCACAGTCCTTGTGGGTTGAAGGTATGTTCTCTCAATCCCTGGACTGACACACAGGATGGGCCACCATGCTCTGAAGCTACCCTTCTGAAGAGTGCTAGGGAGAAGCTGTGACTGTTGGAGGTGTAATGGAAGATACCCCGTCATTCTCTTGGTTGAGATGGTTAAGTCACATCCTTAAAATTTGGCACCTCCTGGAACACTGGCCTCATCTTCCCTGCTGTTGGGTAACTGCTGACTGTGGCCTTGGAATTACATGTGTGGTGAGACATCCCCATGGGTGCAGGCTTGGTCTTGGAAATTATTTCAAGGAAGCTTTCTTTATCCCACTCAGTCATAACTCCGGGGAGAAGAGTGCCTGGAAAGACTAGTCACAGTTTCCTATTTCTTATTCCCCATCATCTAATTAGGTAGCTCCTGGTCTTGACTCTCCGTGACTGACTTGTCTGAAATTTACGTGTGTGTGTGTGTGTGTGTGTAAATTATTAT,"[[75493509, ""C"", [""T""]]]",yes,no,C->T,1
chr6,100186551,100187039,CGTCAACACTCCACTGAAGATGACACTGCTCAGCCTCTCCAGTATGGCTGTGTAACGAAGTTCTTGCCAGTGGTACGTGATCACAGGTGCTGTACACCACTTTCAGGTCATTTGAAGGGTGGCTGTACTCCTCCCCTTCCCCACCTCCCCTCTTGCTCACCGAATTATAGTCATTGTAGAGGGAGCTGAACAGCCATCTCAGACCACAAAAATAGAAGCAACAGATGAGGCTGGCAAAGCAGTAGGACTCAAAGAGCCTGAGTCACCCACACTGTGGAGCAGTTATTAACAGCCTCAGAGTGTCTTGTTCAGTGAGAGAATAAACTCCTATTTGTTTAAGCTACTGTATTTTGGCCTTTATTATAAAAATATCCTAACGGATATGTTCCAATTAATTTAGTCTATCTGCATTGTAGTACTCATCACTGTATATTATCTTACTATTATCTTCTTAGCTTACTTGTTAAGTCCTTTAGCTGAACTCTGAGA,"[[100186577, ""C"", [""T""]]]",yes,no,C->T,1
chr12,58818566,58818903,AATGTGCCTCCCCTAAAAGTCAAATTGAGAAATCCTGTAAAAGATAAATCCCAATTCGTCTAAAGAAGAAGTCACCAAACTATGGCCCATAGGCTGAATCTGTACTCCCAACTTTTGGAATAAAATGTAGTTGGAACACAGCCATGCTCATTTGTTTATGCACCATGGTATGTGGCTACTTTTGCACTACAACAGCAAAAGTGAGTCATTGTGACTGAGACAGTATGGCCAATAAAGCCTAACATTTACTACCTGGCTCCTAAAAGGGAAAGATTGCCTACCCATGGTCTAAGGCAAAAAGGGTAATCCCATTCCCCTTGTCAATAACTGGTTTAGGA,"[[58818588, ""T"", [""A""]], [58818591, ""G"", [""T""]], [58818592, ""T"", [""G""]], [58818593, ""T"", [""A""]]]",yes,yes,G->T,4
chr10,15454176,15454413,AGCAAAGAGTAGCCCTGTAACCTCCTTTCCATGAAGTGGAACTGAAGTCATTGCAGGTGCGCTGTAGGACCCTGCTGTGGGCCCTCAGGGAGCCATCTGTTCGTTAGAGGATGAGATGGCCTTTGCTTAGGGAGACACAGATGGGTGGGCATTTGGCTTTTAGGCCAGGTCAGGTCACTAAGCTTGTTTCCTCTATGACTGTAATCAAATAACTCATGCCTGACTCTGGTTAAAGAAC,N,no,no,N,0
chr4,41447404,41447688,GACAAACCTTGGGCAGCAAAATGCTGTTTTTATTATTAATGCAGTGATGTCAGTCCAAACTAGATGACTGTGATTCATGGAATCTTCAAGGAAAACCAAATATTCTTTTTTAATAAAGTAATGGAGCTGGGAATTGCACATCTGCTCTTAAAAATCTGTTTTTCGTAATACAGAACATATGTTAATCGTCACATCTTTTATTAAACTGAAGGAAAATTCTTGTTGAGTAGATTAATTCTGGATCCTGAAAATGCGGGACCATGGAGACGAGAATATCGAGACAAA,"[[41447456, ""A"", [""G""]]]",yes,no,A->G,1
chr7,1301651,1301858,AGCCCTGCCTCCAGCTCCCGTCTGCTGGTGGGAGGGGGCTCTGTCTCTGGGAAGCCCCAGAGTCTCTAGTTGGGGATTGATTCTCTCCCCTGGGGATCGAGTGCTCAGCAGGACCGTGCAGTGTCTGGAGCAGCCTTGTGAGGAGGGAAGACCCCAGGTAGGGACCTGTAAGCTGAGGCTGTGGGCTCTGCCACCGGCTCACTGGGTA,"[[1301686, ""A"", [""G""]]]",yes,no,A->G,1
chr2,24888270,24888681,CACTGGCTGGGTTTTGGGCCCTGCAGTGTAGCTGCACATCCTGGCCCCAGGACCCTGCCACCCAGCTGGATGGCTCAGCTCCTGTCCCATCCCTTTCCACGTCTCATTATCGGGAAGACCCTCATGGCAGTGCCAGCAGCTGCTAGAGCCACCTGCCGGTGCTGAACTGACCGACTACCTCCCAGCCCACAGTGGCTGCCTGTGTCTGGGGACACCAATTAACCTTCACACCATTAGTCAACAAGTCCTCCTCCAGCCCCTACAACAGGAGGGAGTGTGATGCCGTGGAATAAGCACTGTCTTTGGAGCCAAACTGGCTTGTGTTCTATCACTCCTTAGAAAGTCCCTTAAAACCTCCCTCTGCAACGTTCTCACATGGAAAATTGCCTCACATGGCAATTAGTATTTCTTG,"[[24888340, ""C"", [""T""]], [24888637, ""C"", [""G""]]]",yes,yes,C->T,2
chr5,5854137,5854343,ACAGAAGTTTATTTCATCTCACATGAGACATTCCAGCTCAGTCCAATATAACAGCTGCAATGTGAACACAAGCTATTGATTCAAAGCTGCCACCTGCTTAGCCACGTCAAGAGGCAGGAGCTTAATATATCAGATGGTATTTGCTGTTTAGTCTCAGGTGGTAGCCCAGAATCAATATCCTTAAATCAAGAATCTCTATATTAACCA,N,no,no,N,0
chr3,111371856,111372087,CCTGCAGTCCAGGAGAGAGTGGGTTTCTACATTTAAAGTGCTGAAGGAAAAATACTGCCAACTAAGAATACTTTACCCAAAAAGCATGAAGGAGAGATGAATACTTTCCTGGACAAACAAAAGCTGAGGGAACTCAACAACACCAGATCTGTCTTATGAGAAATGCTAAAAGGAGTTCTTCAGTATGAAAGAAGGGATGGTAATCTGTAACATGAAAACATCTGAAGGTATG,"[[111371885, ""T"", [""C""]]]",yes,no,T->C,1
chr3,131730568,131731050,TAGGATAAGGTCATACTGGAGTATGGTCGGTTTCTGATTTGATATGACTAATGTCCTTATAAAAATGGGAAATTTTGACACAGACATGAACACAGGGAGAATGCCATGTGAACACAAAGGAAGAGAGCAGAGTGGTGCAATCTCTTGTTCCTCAGCACAAGCCAAGAAATGCCAAAGTTTTCCAGCAAAACTACCAAAAGCCAGGAGAGGAGCATTAAGCAATTTCTTCCTAGTAACCCCAGAGAGAACCAGTTCTGCTGACATTCTGATGTCTTGATCTTGGATTTCTAGCCTCCAGAACTGTGAAGGAATAAATTTCTGTTGTTTAAGCCACCCAGTTTATGGTACTTTGCTATGGCAACCCTGGTAAACAAATACACCATTCTACTTAAGAAACATCCAGACTGGCAGCACCACTTAATGGATATATCTCCAAAAAAGCACTCTTCACCCATCAAGCAGTAAAACCTTCAAATACTCCAG,"[[131730745, ""A"", [""T""]], [131730852, ""C"", [""T""]]]",yes,yes,A->T,2
chr13,108877328,108877540,CCCAAGAGACAACTTCATTTGGAAATCAAGCTCTGCCACCAACTAGCCCTGTCCCCTTGGGCCTGTCACTGACTTCTGTTGGCACCAATTCTCTTGCCTGTAAACATAGAAATACTTCTCTGACTCCAGTCATAGGTTCTGGAGGACTGCATGAGTGAGTGCCTGTGAGGTGCTGAGGACAGCACCATGCACAGAGTGCCTGTAAGCTATTAT,N,no,no,N,0
chr12,69866310,69866646,GCATGCAGTTAAGTGGAACTGCAAGAAAATCTCAGTGAGAACAAGCAGAAACATGGCTAGTCCATGACCGCAGGGACACTGGGCTAGTTCAATGATCATTAGATCTGTACAACCTGTTCAAATACTCCAAGTTTTAAGTATTTCTAAATACCAGGGTATTTATGCAGGTTAGTTTCATTTCATAGTTTCATATCACAACAGCACTGGGATGCAGGGTTTTTGTTTTGTTTTGTTTTGTTTTTGCCTGGGTACTAGAGGTGGGATTCAGACCTGGGTTTACTACAAATCATGTTACTTCCCCTCTACCATATTGCCTACAATGTGTGTCTTCTAAAGA,"[[69866334, ""T"", [""G""]]]",yes,no,T->G,1
chr1,13478704,13479073,GGCTTCTGTCCTGGAAAAAGCAGCCCTGCTAATTACACAGCAACCCTGCAACCACCCTGGGGGGGTTTGTGTGTCTTTTTTTCTCCATCTCAGAAACAGGAGATGGAGGAATAGTATCTGAGCATCCTCCTTCCTTCTGTCCTGCCCCATTTTTTAGGTAGTCTACAGCCAACCCATCGATGCTTCTGTCCCATGGGAACCATTGCCTAGCAACCAGACTCTGCATTCCCTCCTCTCCCAGAATCAGTGTCTGCTTTATATACCCAAGGAATTAGCTGGACCAGAGCTCTGCAGGCCTCCCCAATTTATACTTGATTACTGTTTTTGACTGTTTCTTTTTCTTAAAGAGGCCAAACTTCTGAGAATTTTA,"[[13478854, ""C"", [""T""]], [13478860, ""T"", [""G""]]]",yes,yes,T->G,2
chr1,206451115,206451556,TAAAAAAAAAAAAAAAAAAAAAAAAGTAAGCCTGGGGTGGGAAATAGCAGAGCTGGTTGCCTGGAACCCAATAGAAGCAAGCCAGAGGGAGTGGGAATGAGGATGCAGAAACCACATGCTTTCACGCCTACCGACTGGAAAAACTGACCCTTTCCAAAGTACAGACATGCGAGTGCCGAGCAGCGTGGTGGGCGTGCATCAAGGGGAGGAATGCTCAGCTGTCATCCTCAGGCCCCTCAGCAGTGCCCATGCTTTATGAGGGTCTGTCCAGCCAGCACATTTCCCCCGCTTCCAACAGCTCCACACCTCCTCTGGATCACATGGGCTCTGGAAGTCTCAGCAGCTGACAAGGGGCCTCAGAATTTTCTGGGCACAAGAATGAAATGGCAACAGTCTGTGGAGTTTTCCCTGTTCCCTGCCTTGCTGGGAATTCTGCAATTCT,"[[206451176, ""C"", [""T""]]]",yes,no,C->T,1
chr1,50420308,50420592,CCCTCAACGGCTCTAGCCTAATTTCTTCCCTCCCCACAAAAAGCCACGGGGGTCCAGAAAAAGAGGGTGGTGCTAGGCAGGCAGTAGGAAGCGAAGAGGAAAAGACATAGGAAAGCAGACCTGAGAAACCAGGGAGGGTGCGGAAGAAACTAGAAGGAGGGAGGGCGCAGCAAGCGGTTGTCCAGAGGGCGTTAGGAACGCGAGAAGGGGAAAAGAAACTAGGGCGTCTCAGAACCTAGGGCGTCTCAAAACCTAGGGTGTCAGTTAAAGGGGGGGGGATTCCTT,"[[50420322, ""G"", [""A""]]]",yes,no,G->A,1
chr11,29231929,29232309,TAAAACACCAACATATTCACTGACCTGGAAGGCAGAGGTAATAATGGTGTTGGCATTTAGATGTTCAGGTTTGTAATCATGAAGGGAACTCACCGAAAATACTGAAGGTTGGTTTGAGTGCCCTTCTGTGCATTTCCCTCCTCTCCAACTCCCTGATAAAACTAGGAAAATCCTTCACCTTGACATCATTAACATCAGAAGTAATAAATGGAGAACAGCTGCAACCAAACCGGCCAAATACTTGGCACAATTTAAGTTACTTAAGAAGTTGCTTCAATGGGAAGTTTTTTCAAACCTCACTGAAGATTAGCAGCATCTTGGGATCTTTGCCCACCTCAAAGCTCTGGAGTTGGGCCCAACTCCATAGCGTTTTTTTTTTCT,N,no,no,N,0
chr2,155148264,155148623,TATATATGTATATATATATATATGTATATTTGGGAATTTATTAAGTAGTATTAAGTCACATGATCACAAGGTCCCACAATAGGCCATCTGCAAGCTGAGGAGCAAGGAAGCCAGTCTGAGTCCCAAAGCTGAAGAGCCTGGAGTCTGATGTTCAAGGGCAGGAAGCATCCTGCATGGGAGAAAGATGCAGGCTGGGAGGCTAAGCCAGTCTAGCCATTTCATGTTTTTCTGCTTGCTTTCTATTCACTGGCAGCTGACTAGATGGTGCCCACCCAAATTAAGGGTGGGTCTGCCTTCCCCAGCCCACTGACTCAAATGTTAATCTCCTTTGGCAACAGCCTCACAGACACACCCAGAATC,"[[155148271, ""A"", [""G""]]]",yes,no,A->G,1
chrX,115093262,115093489,TGAACAAATTTACAAGAAAATAAAACATTAAAACGTAGGCAAAGGACATGAACAGACATTTTTCAAGATAAGACATACATGTGGTCAACAATCATGAAAAAAAGCTCAACATCACAGATCACTAGAAAAATGCAAAACAAAACCACAATGAGATGCCATCTTATGCCAGTCAGAATGGCTATTAATAAAAAGTAAAAAAAAAAAAAAACAGATGCTGGTGTGGTTTCA,N,no,no,N,0
chr15,50006736,50006936,GGAAGGACTTTTCAAACAAGCTAAACAACTCAATTCTAGTAAAGTTCAAATATGCTCATGCCAAGTAAGGATTTTATTTCTACCATCAGCTAAGAAAAGTGAAACAACACAAGAGTACTGCTGTCCAGTGAAGGAGAAAGGTACACCTGGCTCCCACGGTCCGAGTTCCGGTGGTATCAGGAACTCTGCAGTATGTTTTTC,"[[50006778, ""T"", [""A""]]]",yes,no,T->A,1
chr4,4726135,4726408,ATGGGAATGTGAACTGCAAGATTTGTATTGTTAATGCCTAGAGTGAGACAGCATGGTAGCCTCCATAAGTAGGTGCAGCCCAGCAGCAGGAGCAAGTGTGTTAGGCAAGCTGCACAGAGTTTGTCTTCAACAGTGACACCTGTGGCCATGCAAGGCAATGACAGCAGTAAATAGATCAGACTCCGCTTCTCCAAGTGAACCTCAGAAGCAGGAATGACCCCTTCTAGACTGAGCAAGCCTCTAAGTATTTCAAACGATTATGATACAGGTGCAG,"[[4726167, ""G"", [""A""]]]",yes,no,G->A,1
chr3,172720180,172720481,CGGAGCTTGCAGTGAGCCGAGATCGTGCTACTGCACTTCAGCCTGGGGGACAGAGTGAGACTCTGTCTCAAAAAAAAAAAAAAAAAAAAAAAGAGAGAAACTGAAAAAAAAGTATGTTTTACTAGCCCGACGGCTCCACCTACTGAATTAAGTGAAAGGCCACCTCCTCTCTCTCCCCCTAATGGGCGAGAAGATGAATTAGCTATGAAACTTACTGCTCCTGTAGTTGCAACATTAAAACCTGGAGCAATTGATGGTGCTATACAAAATTCTATTCAAAAGGCTAGAGCCGAGGGAGACCT,"[[172720205, ""C"", [""T""]]]",yes,no,C->T,1
chr9,91078155,91078389,GCCTGGGGTGTGTTATTATACGACAACCAAAGGCCTAAGTTTCCAGCTTTGCTACTTGGCAGTTTTTTTAGTGGATTCATTAGCTATTTCATCTCCTTATCAGGCTGAAATGTAATAAAGATTCTAACAATATTCTAAATTCCTGGCAGAGTTACACAACCAACGAGAACCACCAGTGTTCTCTACTCAAAGCCTCCTAGAAATGTCAAGTGTTCTTGTTGGTTTTAAGGAAATA,"[[91078190, ""A"", [""T""]]]",yes,no,A->T,1
chr17,5809088,5809357,TCAACAGTGGAGAAAACTCCTGCTGCTGGGTTTGCTGGGTGGCCTTGCTGGGTGGTTGCTGTTGCCACCTGCTCCCTGGCTGGAAGCTGCCAAGCACTTTCCTGGCAGTGACTTGGCCCAAGGCCGCAGCCCCCAGCACTCACTGTGGATGTGAAGTGGCCACAAAAACTGGTGGTGAGCAGGTGGTGGAGACAAGACAGGTGCCTGATTAGATGGGTTCTAGGCCATCTTGAAGCAGAAGTTATAAAAAGAAAAACAAATTTTCCTGTA,N,no,no,N,0
chr4,1377312,1377672,ACACGACACACGAGAGCAGGATGGTAAGCGAGGCAGGCCCTGGTCTCACTCACAGCAGGACTGAGATTTGAGGGCCCCATCCTCAGGGCTCCACAGACACCGCCCCTAGTGGGGGCCAGATTAGGGACAGTGTGAGGAGGGAGGGGCTGGGCAGGCTGCTCAGCGGCCGGAGAGGTCGGGAAGAAACAGCTGTCCCTGTCACACATTGCCACCAGGGGTGCCCCAAGGCCAGTGCTTGGTTTCTGAGCCTGGGAGGTGACGCCCAGCAAAGCTCCCACCGAGAAGCGGATGCCCGTCCCTCCTCCCACCTGCCTGGCCCGTCCCCAGGACCACAGGCTTTGCCCTGAGCCCCCAGGCAGTT,"[[1377390, ""G"", [""A""]]]",yes,no,G->A,1
chr1,67904016,67904215,TCCTTTCTTGGTTAATCTTGCTAATGGTCTACCAATTTTATTTATCTTTTCAAAGAACCAGCTTTTTGTTTCATTTGTCTTTTGTTTTGTATTTTTTTTGTTTCAATTTCATTTAGTTCTGCTCTGATCTTGGTTATTTCCTTTCTTCTGCTGGGTTTGGGTTTGGTTTGTTCTTGTTTCTCTAGTTCCTTGTGGTGTGA,"[[67904018, ""T"", [""C""]]]",yes,no,T->C,1
chr17,44672502,44672835,CCACTGGTTTCTTGAGAAGCTTTTTCCCCCTATATTCTCCAATCAGTGAACACCAAGTTCTGCTATCAATTGTTAAATCATTTAACTCCCAAAGACAATTACTGTATTTACTTGATCTTCAAATTGCAATTATTCAAAAAGTTCTCTTTCCATATACTTTCCAAGTTTAGAATTTGAAACAAGTTAGGCATATGAAACATACTCCCCCTACTGACCTAATATATCAGTGCCCTTTTTTAAGTTTCATCATCCAGAGGATTGAGAAGCATCCTAATTTTCTTTAGCAGTTTTGACAGTTACAGGAGTCATTTTGTATTGTTTTAATGTAAATTTA,"[[44672505, ""T"", [""C""]], [44672587, ""T"", [""C""]]]",yes,yes,T->C,2
chr12,72815492,72815755,GCTAGGTCTTTCCCATATCTAGAAGGGATTTAGAGTCTGACACCTTCTAAGATGCTAAAAAAAGGCAGCATCTATTCTCTCTGAAGCCTGTTACCTGGAAGCTTCATCTACATAACAAGAACCTTGGCTTCCACAACCCCCCCCTTATCTTAACTCAAGCATTTCTTTCTAGTGATTTCAAGTCTTTAGCTTAACTCTTTCAACCAATTGCCAATCAGAAAATCTTTGAATTGGCCAGGCACAGTGGCTCACACCTGTAATTCC,"[[72815556, ""A"", [""G""]]]",yes,no,A->G,1
chr8,51073655,51073895,TATCTGGTGAAACAAAGACAGCCTTGGAAGTGAACCTTCCAGGGAATCACCTGATAGGTCAAGGGAGGACAGTTATCTGAGAGGGAAGCTGGAAAGATGCCCCAGCCACGACCTGCTCCTGCAGGTGACTGCTGGACTGGTGGTGCTGACTTTGACTTCAGGACTTTCGGTTTTTCAAGGCTAGAGATAGGGATTGGCCAACTCAAAAAGCCACATACCTCCCTGTTCTCACCAAGAATTA,"[[51073681, ""C"", [""G""]]]",yes,no,C->G,1
chr10,122595193,122595657,GGCATTTGTATTCAAACTTGACTACTTTTCCCATTGCCCTGAGTGTTGTCCATGCCTTTTCCTTCACCTCAGAATGGAGATGGATGAAGGATTCTTGTGTTCCCCTGTAGGACCTGAATCCAGTTTGGCCCTGAGGCTGGTGAATGGAGGTGACAGGTGTCAGGGCCGAGTGGAGGTCCTATACCGAGGCTCCTGGGGCACCGTGTGTGATGATAGCTGGGACACCAGTGACGCCAATGTGGTCTGCCGGCAGCTGGGCTGTGGCTGGGCCACGTCAGCCCCAGGAAATGCCCGGTTTGGCCAGGGTTCAGGACCCATTGTCCTGGATGACGTGCGCTGCTCAGGCTATGAGTCCTACCTGTGGAGCTGCCCCCACAATGGCTGGCTCTCCCATAACTGTCAGCACAGTGAAGACGCTGGTGTCATCTGCTCAGGTGGGCCTCCAAGACCTTGGGCTCCCTCTCT,N,no,no,N,0
chr19,53388191,53388437,TGAGGTGTAGTGGAGAGCACAATATCAGTTCCAAAATTTGAACTCCTTCATATTTATTCAACATAGGGAAATGCTCTTCAACTTTGGGTGGTTAGATTCCATTTGTGAAAGATACATATTTCTAATGTAGCAGGATGAGTCACAGACAAAACTCCTCAGACACCAGATTAAAGAAGGAAGAGGTTTTTTATTCAGCTGGGAGTGTCAGCAGACTCGCGTCTTAAGAGCCAAGCTCCCCAAAAAAGAA,"[[53388205, ""A"", [""G""]], [53388260, ""G"", [""A""]]]",yes,yes,G->A,2
chrX,131472002,131472283,CTTTTTTGGTTCCATATGAACTTTAAAGTAGTTTTTTCCAATTCTGTGAAGAAAGTCATTGGTAGCTTGATGGGGATGGCATTGAATCTATAAATTACCTTGGGCAGTATGTGTCCTCTTTTATTTCACTGAGCAGTGGTTTGTAGTTCTCCTTGAAGAGGTCCTTCACATCCCTTGTAATTTGGGTTCCTAGGTATTTTATTCTCTTTGAAGCAATTGTGAATGGGAGTTCACACATGATTTGGCTCTCTGTTTGTCTGTTATTGGTGTATAGGAATGCTT,N,no,no,N,0
chr8,141776427,141776770,TGTGTCTGAAGGCCGGGGACCGCTCTGCTCCTCTCGATGTCTGTGAGCAGCTGTCGTCCTCTCCTCAACTCAGCTTTCCAATCAGCTGAGTGGAAAGGGGTGGCACCGAGGTTGTGCGGCTGTAACGAAACAACACCGAAAGTGCCGTTGGCCCTGAGCCAGGCACGGAGCGGGCCCTGATCACTGTGGTGTGTGTTTCCCGTCCTCTTGGTCTGAGTGGATGAAAATTTAAAGGGGCCCTCCCAGTGACGTCTGCAGCTCAGAGGCAGTAGACGATGCTGCGTGGCACAGGTTTGGGGAACAGTGAGTCCCTGGAAGGGAGCTGGGGCGGGGTATTCGGACCC,"[[141776558, ""G"", [""A""]], [141776581, ""C"", [""T""]]]",yes,yes,C->T,2
chr4,55424833,55425229,AAATACAAAGTCATTTTTATCGAATTCATAGTAGCTTCTTGTTAACATATTATCTTAGTAAAACAATTGTCATTTGGAAGTATGAGAAGTTTTTGGCTCTAAAAATGTGTCTTACAAGACTGGAATCATGTGGAGACCATATGTACTGATTCTGCTGAATATGTCCTGTGAAGCCACAGTTAGGTCTAGAGATGGAAGAATCGTCTCTTTGCTAGTCAGAAGACCTGAACATTTTCTTTTATAACTGGATTTTAAGATGAGTTATAGTTCTACTGTTGCTTGCCAGCACTGTCTGGATTTAATACAATCCTGTCATTTCTCAAAACAGTGCTGGAGAAAACCTGATTCTTAGTGTTCACAGTCAAGCATGTTAAGTATTGTTCCTTGTTATGTAAAA,N,no,no,N,0
chr11,7882911,7883237,CCTTCATTTCCTGTAGTCCCTGCCTGAGAAAGTGGATGAACGCAATGCTATCAAAAATTGGCAAGGAACTGCAACCTCCTCTGAGTTGGCTTAGTAAGATTGTATACCTAATCAGAATGATCCCCATTAAGATGACGCATCTCCCTATTTATATCTCCTTTAGGTGAACTCAGAGGAAGTGGGTCACTGAGTTCCAGCTGTATCTGGATGACCCTAAACTCTTGTAACTCTCTATGATGCCAATGCACTGGAAGCCCTGGGAGTCATAGGGGGCTTGTTGTTATAACCCAGATTTCAACAGGCTTTTCTAACTCCTTGAGACCTAGA,"[[7882923, ""A"", [""G""]]]",yes,no,A->G,1
chr22,23397231,23397471,TGCCTGCTCCCGCCTGCCCCGTTGCCTCCCATAAGAGCATAAAAAAAGGTTCAGGCTTTGGTGAAAGGGATGGCGGCGGCTGGAACACTGACACATGGCTGGCCATCTGTCCACCTATCCACCACTACCCAGAGCAGATCAGAGCAGAAGCATCATTGGCCTTGCCAAGCTACGAGCTTCCAGCGGGGTCCATGAAAGGCAACGCGTTAGGAGTAGCCTGGCTGGGGACACTCGGTCTGGG,"[[23397301, ""C"", [""T""]], [23397311, ""C"", [""T""]], [23397346, ""C"", [""T""]], [23397435, ""T"", [""C""]]]",yes,yes,C->T,4
chr5,174102975,174103235,GATGGGCTTTCACCATACTGGGCAGGCTGGTCACGAACTCCTGACCTCAAGTGATCTTCCTACCTCGGCCTCCCAAAGTGCTGAGATTACAGGTGTGAGCCACTGCACCTGGCCCCTGCTTTGTTTTAGATTTTACAAAGCTCTCTCTGGTTGCTGTGTGCTGAATACACCCTAGAGGACAAGGAAGTCGTCACTAGTTAGAAGGCTGTTAGATGCTGTAGGTGAGAGATGATGATGGCTTCCACCCGGTTGGACATGATT,"[[174102992, ""T"", [""C""]]]",yes,no,T->C,1
chr7,115909526,115909796,GAGGAGAAAGTATCAGGTAAATTCTTTGGGTAGCAGAGTAGTTTCAATAATGTCAATAATGCATTGTCTATTTTCTGCTCCCATTATAGTACAGTTTCTGATTCTCAAAACTGTTGTCTGACAGGTCTGTGTTCTCCTGGCCAGGTTGTGGTACATTTTGCAGCTTGTCAAATTTCCTCACTTCCTCGTGCCCTTTTTCATTATACAGTATTGCTCTGTGCTTAGCCACTGTATCCATTCATGCAGACATACTCTACCTTCAGTATAACAC,"[[115909532, ""G"", [""A""]]]",yes,no,G->A,1
chr3,87201660,87202130,TACACAGCACTTCCTCCTATCCATTGAAAAATCTCATTTAAAATTCTTAATGACTTCCCCAACAAAAGAAAACAGATGCTCCCCCCAAAACTCCAGATGCTGTACAATGTCTGACACCATACACAGCTAATCTTATATAAACTAAAGATTCATTTTTTTCTCTCCTTTATTTTTTTTCTATAGCACATTGTTCTGCTTATGAATGTTATACATACAGTCAATTATCCAAGCTAATGGAGGCAAGCTGTGGGAGAGATAACTAAGAACAGTACATAATCTACCCTGCTATTAGTGCAGGTGTCAGCAAAGAGTCTGGCCTGAGACATCATTGTAGGGGGTGTGTAGTGAGGAGAAGAGAGGCTTGTAATCCCAAGATAGTTATAGAGTGTCAGGGAAAGGCCACTGAGGAGGGATGGGGGAAGCAATCCTGGTGAGGAAGAGAACGTTGACAGATGATCACTCATTAATATG,"[[87201919, ""T"", [""C""]], [87202057, ""A"", [""G""]]]",yes,yes,T->C,2
chr3,110745535,110745975,TAAAAACCAACAAAGACAAAGATGCCCAGCTTTCACCACTTCTATTCAACATAGTATTGGCAGTCCTGGCCAGAGCAATCAGGCAAGAGAAATAAATAAAGGGCACCCAAATAAGAAGAAGAAAAGTCAAACCATCCCTGTTTGCAGATGTCATGATTCTATTAATACATCTGGAAAGCCCCATCATCTTGGCCTAAAAGCTCCTTCAGCTGATAAACAACTTGAGCAAAGTTTCAGGATACAAAATCAACATACCAAAATCACTAGCATTTCCATAAACCAGCAACAGCCAAGCTGAGAGACAAATCAGAAATGCAATCCAATTCACAATTGCCACAAAAAGAATAAAATACCTGGGAATACAGCTAACCAGGGAGGTGAACAATCTCTACAATGAGAATTACAAAACAATGTTCACAGAAATCAGAGAAGACACAAACA,"[[110745536, ""G"", [""A""]]]",yes,no,G->A,1
chr17,82820672,82820907,TGTTATGTTAATACACATGTTGGTGCGCTTGATGGTGCCCTATGAGTTTCTTAGGTTCTGCCCTCATTTCAGCTCTTGAGTCCTCTTGTTATGTTAATACACATGTTGGTAAGCTTGATGGTGCCCTATGAGTCTCTTAGGTTCTGTGCTCATTTCAGCTGTTGAGTCCTCTTGTTGTGTTAATATACATGTTGGTAAGCTTGATGGTGCCCTATGAGTCTCTTAGGTTCTGCACT,"[[82820696, ""A"", [""G""]]]",yes,no,A->G,1
chr12,120597784,120598225,AGTTAAAACTGACCTCCTCGCTCTTCTCCCAACCTGTGAAGCCCCTACTTGCCTCAGGGCCTTTGCACTCAACGTTCCCTCCATCTGGAACCTTCTGCTTCCTGGATTTTGCATGGCAGCCTCAGCCTTCTCATGCGTCCTGGCTCAAATGTCACCTCTTTAGAGGGCTATTCCCTGGACAAGTTACCCTATTTAGTGCTCTCCTCACCAGCCAGCACAGTGGTGCCAGATGGCCTGGATTTGAATCACAGCTCCACCTGCTCCAATGCTGTGTGGCACTGGGCAGGTTACTTAACTTCTCTGTTAAGCCACAATTTCCTCAGCTGTAAGGTGGGAGTGGTGATTACAGCCTCATCGTGTGGTAGCAAGGATCAAATTATTTAACATCTGTTGGCAATGCCTGACCCATAGCAGATGCTTTACACGTATTAGCTTTTATTCA,"[[120597856, ""T"", [""C""]], [120597969, ""G"", [""A""]]]",yes,yes,G->A,2
chr16,12638951,12639441,TGACATAGGGATCCAGGGGCCTCATGTAATGCCTGTCATCAAAGTGCAGACAATGTAGCTAGCCCTCCCCCAGGAAAAATAGGAAGTACGACAAAGTATTTTCTGCATCAAAGCCAGGCCTGTCTTTCCTTCTTTCATCATTGCCTCCTTTTGTGCATCTGCCTCTTTCTTCATCGTCAATCTGTCTTCAGAGCACAGGGCAGAAAATGACGATCCTTGACTCAGACACATACCATCTCCATGACTGATACATACCATCTCCATGGAGGAGACCAGCCGAGATAGCAACAGGACTCCTCCAAGGAAAGACAATCTGGTTGGCCCAGGCTGGACCACGTGTTTACTTCTTGACCAATCAGCTATGGCTAGAAAGTCAAGTAGCCTGCTCATTGGTGGAGCAGGTAATCTTCAAACAGGAGGGTCTGGGTGGCTGTGTCCACCCTGGGAACCTCCAGAAAAACAATAAATTTCAATAAACAGAGCAAAAGGGG,"[[12639039, ""G"", [""C""]]]",yes,no,G->C,1
chr3,902082,902457,ATACTGTCAGCAGATCAATCATTAGAAACCTTGCAGCCCAGTAGAGAATGGTATGACATATTCAAAGTGCTGAAAGAAAAAAAAAATACTGGCAACCAAGAATACTATATCAGCGAAGCTGTCCTTCAGCAATGAAGGAGAAATAAAAACGTTCCCAAATAAGCAAAATCTGAGGGAATTCATCACCACTACACTAGTCTTTACAGAAATGCTTAAGATGATAGTGCTACAACTGAAAGTGAAGATAATTACTATTATGGAAACACATGAAAATATAAAACTCACCAGTAGAGGGCAGCTCATAACCAAAATCAGAATATCCCAGTGCTATAATAGTGCTATGTCAGTCTTTTAATCTTCTGATATAAAGTTTAAA,"[[902232, ""C"", [""G""]], [902428, ""A"", [""G""]]]",yes,yes,A->G,2
chr2,193539268,193539523,GCAGATAAACATGGCTTTTGGCAGAATACTTCTGAAGCAAGCGGATGTATGCTCTGGCAATGTAAATAGAGATCAAAAGGACATTTGAATTCAGAGAATTGAAACCTAGAGTTAAAGTCAAAATGAAACAAAGCTTAAAAAGCTTTTAAAAAGATGATATATTAGGTATACATGAGGCATATGTAGTGATGCATGAAACAAATTTAAACAGACTCCAAGGATGGTTGTATTCAAAAGTTATATACATTATTTAAAT,"[[193539309, ""T"", [""C""]]]",yes,no,T->C,1
chr13,46054692,46055022,TGTTACAGTTTAATGCATGTTAACTAAAATGTGTACATATTTTAGTGTTCATGATAAATACAGTTTCGACCTTTTTTGAGATGGAGTCTCACTCTGTCACCCAGGCTAGAGTGCAGTTGCACAATCTCAGCTCATTGCCACCCCCACCTCCCAGGTTCAAGTAATTCTTATGCATTAGCCAACCAAGTAGCTGGCATTACAGGCGCCTGCCACCATGCCCAGCTAATTTTTGTATTTTTAGTAGAGACAGGGTTTCACCATGTTGGCCAGTCTGGTCTCGAACTCCTGACCTCAAGTGATCCTCCTGCCTCAGCCTCCCAAAGTGCTGGTA,N,no,no,N,0
chr13,20754039,20754376,GGTGGTTTTCTGTGTTTGCTTTACCAGTGGGTTTTATACTTTAGTGTATTTCCATGATGGTAGATTTCATCCTTTTGCTTCAATGCATAGGACTCCTTTAAGTATTTCTTGCAGGGCTGGTCTAGAGGTGATGAATTTCCTCAACTTTTACTTGTCTGGGAGTCTTGATTTCTCCTTCATTTATGAAGAATAATTTTGCTGGGTATAGAATCTTTTGTTGGCAGTTTTTTTTTTTTTTTTTTTCTTTCAATATTTTGAATATATCACCCCATTCCCTCCTGGCATGTAAGATTTCTGCTGAGAATATGCTGTTAGTCTGATGAAGTTTCCCTTTTAAG,"[[20754182, ""G"", [""A""]], [20754272, ""C"", [""T""]]]",yes,yes,G->A,2
chr7,19876097,19876418,TAAATAAAACTGCTGTCATCAAATTTTTTGTTCCAGCACTTGCCCTTTGCATTACTTTACCTACTACCTCTGTTCTAAGGAAGTAGAGTTCCCTGGAAGCTCTGGGTCTCCTGGATGAGCTAACAGGCGAATGAGGGGTCAGAGTTCTGGCTATTTAGATGGGAACATACCAAGGTTACCATGGAAACTCTCTGGAGTCCACCTTGTAATCTTTTGGAACTGAACTCCAGAAGGTGGCCTGACGGAAGTCTCAGAGAGATATGATCAATGTGTTTGTCCTATATGAGGTAAAGCTCAGCAGATAAAGTTTATTAAATAAATA,"[[19876114, ""G"", [""A""]]]",yes,no,G->A,1
chr10,104060666,104060999,AGGAGGCTTTAACTGACTACCCCATCTAAAGCACTTCACCCTCATACACACACTCCTATCTCTACCACATTACTTATTGCTGTCCTTATAATCTGTATCCTTTTCTGTAATTATCTTGCATACTTTATGTGTTTGTCGTCTGCCTCCACCACTGACATCAGCTTAGTGAAGGCAGGAATCTATCCTGTCGTGTTCACTGCTGTACTGTCAGCACTTAGAACACTGTCCATCTAATACAAAGAAGGTGCTCAGTAAAGGCTTTCCAATAAATGAATTGTTGAATGGAAGACAACACACTAGGATTAGAACAATGGAGGAAACAGCTCACTGTATG,"[[104060677, ""G"", [""A""]], [104060747, ""T"", [""G""]]]",yes,yes,T->G,2
chr4,120078268,120078552,GAACTAAGAGGAGGCATTAAACAAATATTCTGGCCAAGGGATAGAATGACATTTGAAATAGCCTACTCTTTGTCCTGCCAATTTTATTGATAGCTCAGACAAAAGGAAATGAGAATATGCAATACAGCAGGAATGTAAAAAGATGACAAATTTGAGAGACATTTTAAAAATGTGTTGAGATGTGTTTGGTTGTACTCTGAAGAACAGCCTGGGTTTTGGGGGATCATGGTGTGGAGCTGTTATACATGGAGATGATATAGATAAGTTTGTGGCATTCGATTCATT,"[[120078316, ""G"", [""A""]]]",yes,no,G->A,1
chr16,51807656,51807863,TAGCTCTATTGCCCCATCCTGTAAAATCCCAGTTCACTGCCATACTTTGTTCCATCCCACTTCCTCTGCCTTCATTCATTTAAACTGGCAGTGACTCTGCTGGTATAATCCCTTTTCTATTTCTGGCTTCTGCTGAGATGGCTGATTAAACTCATGAGTAATCTCTTTATGGAGTAGTTATCCAGCTACGTCTTTGGTGTTCTCCAGA,"[[51807689, ""C"", [""T""]], [51807749, ""T"", [""A""]]]",yes,yes,C->T,2
chr12,32161110,32161530,TGAGACTCACCTAAATGCAATCTTTAACATGACTTACTGAGCCCCCAACATGGTAAAAGATCTTAGCCTGAAAACACTCCTTGTCAAATCATTGCCCATCATAGTGCTGAGTAGTAATCTCTCCAGGCTGAAAGATGGCATGCCGTATAACAAATGAAAGGGAGCTGACACTAGAAAGAACATTAGTGAAATCAATATGATTCAACCAGAGACACAGACTCCGTTAATGGTATGTCAATATGACCAATTATTTCCACAGCACTGACATCATGATTGTATTTTTTTCTTCATCTTTAGGAGAGAACAGTTTTACTTAACCGTAATTGTTGAATTATAGCCATTGGCCGAGAAAGTCTTGGATGTTTTACATTGTTATCGTTACCAGTTTCAATTTGTCTTTATTTGATATCTAAACTCCTGA,N,no,no,N,0
chr1,15598412,15598865,ATTTCTGTCACCCCCAAAAGTTCCTTCATGCCTATCAAAGCTTTTTAAAGGGTGCGTTTTTGTGGATAATTACAATCATGAGTAACAAGTCCCAGAAATGTCCATTTTGCCTGGCTTCCTTTTGCTGCCGGCAGGCAAAAAGAAAATTGCAAAAGCCCATCAACAAATGTTGGAAGAAAACACCATAAGCTGATCAACAGCTGTCTGCTAAAAATAGTTTATTCATGCTCTCCAGCTTTTAGTGAATGTCAGCCAAGTGCCAGGCATTGGTTAAGTCTGTTAGGGATATCAAGACAGGATAATAGCTTCCCCTGGAAGTAATTGGATATGAGTTCAATAGTATACAACCTCACTTAAAACAGTTTCCATATTCAATGGTTTGGGGTGGTAAAAGTGTGCCAGGTGGGTGTGATATTTGGACTTCCACTTCCAGAACTGAAGATAAACAGGGGCT,"[[15598418, ""A"", [""G""]]]",yes,no,A->G,1
chr5,14513307,14513588,TTTCGGGATGAAACTGTCCCACCTCACATTATCAGGCATTAGATTCTCATGAGCGTGCAACCTGGATCCCTCGCATACACAGTTCACAGTAGGGTTTGCATTCCTATGAGATTCTAACGCCCAGGCTGATCTGACAGGAGGCGGAGCTCAGGCAGTAATACAAGCAATAGGGAGTGGCTGTAAATACAGAAGAAGCTTCGCTCATCACCTGCCGCTCCCCTCCTGCTGTGTGGCCTGGTTCCCAACAGACTGCGGACCAGTAATTTTTACGGATCAGTACTG,"[[14513506, ""A"", [""G""]], [14513513, ""G"", [""A""]]]",yes,yes,A->G,2
chr20,23550328,23550641,AGCCCTGCCCCACACGCTGCCACCCCTGCCCATCACTCAGCAGCCTGTGCTGGACACTAGTGCAGAAAAGGATGTGCTCATCAACCTGCTCCTTCCAGGAAGCCAGGACAGGCACCAGCTTGTAGGCATACCAGTCCTTGCTCTGCTTGTTGAATGTGTACACGGCAAACTCCAGGGTGGGAGGGAGATAAACAGCAATTTGTTTTTGGTCATTCCACTGCTCTTCCTCTTGGAAACGCCAAGCATAGGTAACCAGGAACTGGAAGCTGAAGAGAAGCAGCAGTGGCGCACAGGACAGAGCCCTGCTCGGCAGC,"[[23550547, ""C"", [""G""]], [23550639, ""G"", [""A""]]]",yes,yes,C->G,2
chr3,121758063,121758488,TAACGGGGCAGCTGATCTGACAGGAGGCGGAGCTCAGGCAGAAATGCACCATCGCCCACTGCACACCTCCTGCTGTGTGGCCTGGTTCCTAACAGGCCACGGACTGGTACCGGTCGATGGTCCGGGAGTTGGGGACCCCTGTGCTGAGGCATGGATGCAGCAATCTTCAGCTGCATTTTTCCTTTCTGGCAGGCTTCCATGGGTGCCAAGCCATGTCAGTAGGGCTGAATCTGACGTCTCTCTGAAGTGCCAGAACACCACTAGGTTCAAAAAAACACCAGGGCTGGATTAGTGGTCACAACCAGGGTCCAGGATGCCTAAAAGATAGCAGGACATCTGTCCCTTGAGAGACTTGTTCAAAATTGAAGGAGTTCAAGTTTATTGTAAGGCACTAACCAGTGGCATCTGTTTCTAGGAGTCATTGGA,"[[121758328, ""G"", [""T""]], [121758329, ""A"", [""T""]]]",yes,yes,G->T,2
chr3,188926217,188926556,TGCCTTCCTTCCCTTATTTGTCTGGCAAAGAGGTGCTCAGCTTTTAAAACTCAGAGATGTCGCCTCTTCTGGGAAACACTCCAGGACCACCCTCTCTGTGTTCCCATAATAGCTGAGTAATCGCTACCGGAGCATTTACCACACTACACTCTGAGCTTTTGAGGGATGAGAATGTGTCTAATTTATTTTTTTAGGTATTTGCATCAGAGGCAAAATTGACTTGAAATCGGATACCCTACTGATCCCTAGAGTTAATTTGTCTAGTGTGGCTTTGGTGCCATTCCTTGATCTGTGACTTTGATCGCCAGGTCACCAGCAAAGGAAGCACATGGTAAATGGA,N,no,no,N,0
chr18,31961315,31961576,TCCTGTTGATCTGTGACCTTACCCCCGAACCCTGTGCTCTCTGAAACATGTGCTGTGTCCACTCAGGGTTAAATGGATTAAGGGCAGTGCAAGATGTGTTTTGTTAAACAGATGCTTGAAGGCAGCATGCTCATTAAGAGTCATCACCACTCCCTAATCTCAAGTACCCAGGGACACAAACACTGTGGAAGGCCTCAGGGTCCTCTGCCTAGGAAAACCAGAGACCTTTGTTCACTTGTTTATCTGCTGACCTTCCCTCCGC,N,no,no,N,0
chr5,146243280,146243611,AAATAAAGTAAAATAAAATAGTTTTAAAAATATTTTTGTCTTTGAGACAGATAATTGAGTCCTTCACATTGTTCAAGTTTATTTTTCTAAATACAGGTCAAGCATTCCCAGTCTGAAATGCTCCAAAATTAGAAACTTTTTGAGTGCCAATATGATGCTCAAAGGAATTACTTACTCATTGAAGCATTTTGGATTTTGGATTTTAAGATCTGTGATGTTCAGCCAGTAACTATAATTCAGAGATTGAAAAATCTGAAAAAGTCTGAAATCTGAAACAGTTCTGGTCTCAAGCCTTTTGGATATGGGATACTCAACTCGTACTATAATTGGTA,"[[146243338, ""A"", [""G""]], [146243524, ""A"", [""T""]]]",yes,yes,A->G,2
chr2,170493720,170494072,TCTTTCTCTCCCTCTCTGCCCGCAACCCCAACCCCAACCCCAAGACGCTTTGTTCTGAGGGAAGCCATCTTCTATATAATGAAGGGACTCAGGCAGTCCCCTGGAGAGGCCCACGTGGCAAGGAGCTGAGGCCTCCTGCCAACAGCCAGTGAGGAATAGAATCTTGCCACCAACAGCCATGTGAGTGAGTCATCTTGGAAATGGATCCTCCAGTGCCAGTCAGGCTTTAAGATGACTGCAGCCATGGCTGACATCTTGACTGTAATCTCATGAGAGACCCTGGGCCAGAAATAAGCTGCTCCTGAATTCCTGACCCTCAGAAACTGTGTAATGATAAATATCTGTTTTTAAGG,"[[170493741, ""C"", [""G""]]]",yes,no,C->G,1
chr13,93887562,93888059,AGATAGCTGCATTGACCTTAGAAGTAAAGAGATAATTTGGGGGAAATTATAGTAACACTTCAGTGATCCCTCTAAATACATCTTTCACTGTAACAAAACAGCCTCTGTGGGGAATTAGTGACTTCGTGCCATGATTTCTGAATCGTGATACAACCTTATTGAATTTATGAAGGATGAGGTCAGAAAGCCAGACATCACTTCTAGGCTTAATAATCAGTTTGGATTTCTCATTGTGTAGAAGTAAACAAAAATGTAGTTGATTCCAGAGGTAGCAAAATTTTATATCTACAACTAAAAATATAATGGGCCCATAAATGAACATAATTAGATCTGACCACCAAATGGCATCAGGACATTCTGACTACGGGTTGTGGCTTATGGCCAGCAGTCCATCTGGGGACCAGTCCATCTGGGGTCCACTCCATAGCATAAGTCACATGACCTGTGTAAAGCAGCTGACAGAAAAACAAAACCAAGAATGCCTTGAAACATCTTATA,"[[93887660, ""G"", [""C""]], [93887868, ""A"", [""G""]]]",yes,yes,G->C,2
chr8,117086549,117086780,TCAAACCGGTTTAGACTTGGCTAAGTTAGGCTTAGCTCCAAGCTGTAGAGTTGGATTTAGTGAGCTCCATGGGTCTCTCATTTGCCTTGATCCAGCAGCTGCCAAGGTGTATTCTTCTCATCTATAAAGACAGAAACACAAGACAGGAAGTTAAACTATGCAAACACAGTTCAAATTTCTATTTATGCCACATCTACTAACATTGTGTTGATCAAGGCAAGTCACATGACTA,"[[117086555, ""T"", [""C""]]]",yes,no,T->C,1
chr16,23222167,23222552,GACATATGAATGAACCCTAAAAACATCACGCTAAGTGAACAAAGCCAGCAGACTCAAAAGGTCATATATGGTCCCATTCCATTTATACGAAATACTCAGAATGGATAAATTCACAGACAGAAAGCAGATTGCAGGGAGGAGAAATGGAGAGTGATTGCTTAATGGATATAGAGTCTCCTCTGGGGATAAGGAAAAAGCTTTGGAACTAGATAGAGGTGGTGGTTACATGGCATGGAGGACATAATAAATGCTGCTGAACTGTGCACTTTAAGACAGTTACGTGGCTGGGCGCGGTGGCTCACCTCTGTAATCCCAGCACTTTGGGAGGCTGAGGAGGGTGGATCACCTGGCGTCAGGAGTTCGAGACCAGCCTGGTCAACAAGGTG,"[[23222185, ""G"", [""A""]], [23222438, ""A"", [""G""]]]",yes,yes,A->G,2
chr2,140688586,140689015,CTCCGTATATGTTTGCAGCCCATTTTCAGCTCTTCCCAATCAGTAAGTGAGTCTGTTTCTCTATCCTTGAATCTGAACTTGGTCATGTGACTTGCCAGTGAGACATTAGCAGTTGCTGTGCAAGCAGAGACTTATAAAATATCTTCACATATTGAGCCAGTTCTCATGTGGAACCCTGAGACCATCTCAAGGCATCCTACTGGATAATTACAGACTTGTGGCCTGGTTACTCAGCATATAGTCTGCCAACTGCCAGGCATATGAGAGAGGCCATCTTGATCATCCAGCACCATCTGACCCACCAGCTGGTTACAGAAATTTGAAGAGCTAACACAGATGAGAAGAGCTACATAGTCAGCCCACAAATAGTAGAATAAATAAGCAGTTGTTTTAAGTCACTGAATTCTGGAATGGTTTGTTTTGTAACCAA,"[[140688590, ""A"", [""G""]]]",yes,no,A->G,1
chr9,86519245,86519602,CAAAAAATTCCTTGAATACCAAGGAAATATTTTGCCAGATTTTTATGCTAAATCACCCAAAACTAAAATTATTTAGATATACAACTTGAATGAACTCCATGGTCTAAATCAAATTACCTATGCTAACCCCTTAGTTATCAGAGCTATGCACCTAATTTGGAGAAACAACTGGTATTCAAGAGGATATAGGTCTAATGTTAATTAAGCATGAACTCATGGAGAACCAGAACAGCTGCCTTGTCCTTCCTGAGTCCGTAAAGCTTTTGTTATTAAAATTTCCATGACTCATCATGGAAAAGATAAAATGATCCAAATTAAATATATTGGTGTGGTGACTTATAAATTGCTAGAATTGTTT,"[[86519296, ""G"", [""A""]], [86519499, ""A"", [""G""]]]",yes,yes,G->A,2
chr2,216424353,216424680,CCAGAATACCAGTCCCTTATCTATCTGGCTGTAACAATTCTGCATTGGGTTTGCAGCTAGCGTGGCTTATGTTCCTCTGCTTTTCTCCTAATCCTGATGGCCTGTTGGGCCTCCCAAACCAAGGAAGGAGTCATTTGTGGGTACCAATCAGGCCAGGACAGACACGAGCCAACCCTGGGAGCTCTGAGTCATTGGCCATCTTCCCTGGCAGGCTAGGGCTTCAATGTGAGGGAAAAACTGGGTTCCTTCCTTTTGTCTCCTTCTTATGTGACTTACTATGTGACATTGGGTAAATAATTAAACATTCTGGGTCCCATTGTCCCTTTAG,"[[216424414, ""A"", [""G""]]]",yes,no,A->G,1
chr13,113624732,113625158,CTCTCAGGTGTCTCTCAGGATATCTCTCACATGTCCTCAGGTGTCTCTCAGGGTATCTCTCACATGTCCTCAGGTGTCTCTCAGGTGTCTCTCACGTGTCCTCAGGTGTTTCTCAGGTGTCTCTCACGTGTCCTCAGGTGTTTCTCAGGTGTCTCTCACGTGTCCTCCGGTGTCTCTCACTTGTCCTCAGGTGTTTCTCAGGTGTCTCTCACATGTCCCCAGGTGTCTCTCAGGGTATCTCTCACATGTCCTCAGGTGTCTCTCACGTGTCCTCAGGTGTCTCTCACGTGTCCTCAGGTGTTTCTCAGGTGTCTCTCACGTGTCCTCAGGTGTCTCTCACGTGTCCTCAGGTGTCTCTCACGTGTCCTCAGGTGTCTCTCACGTGTCCTCAGGTGTTTCTCAGGTGTCTCTCACGTGTCCTCAGGTG,"[[113624809, ""T"", [""C""]], [113625128, ""C"", [""T""]]]",yes,yes,T->C,2
chr22,21944797,21945099,AAGGAAAGGACCTCGGAGTTCAGCCTAGGCGACAGCTACACACTGTCTGCCGGTGGACACCCAACTCTCTATCTTCCCCGAAATCTGCTCGGCTAGTTGTGCTACCTCTCTGTGCCTCAGCTTCCTCACCTGTGGAAGGGGGACAGTGCCAGCTATCTCTCAGATCGTGGTGGCTGGGGTGCCATGTGGCTCTGCCACTCCTTGACTGTAAGGCCTCAGGCCAGCCTCTTCATCTACCCACCTCTGCCTCCTCGTCCATCACACGGATCGGAAACAGGACGTACTGCTTATCAGCTGCTATGC,"[[21944811, ""T"", [""G""]]]",yes,no,T->G,1
chr13,34522834,34523164,TTCATCAATTTAAAAAATTAATTATTATTTTAAAAGCCTAGAGAATTCCCAGAAGTCAACAGATATTTTATGAAGGCACAAGAGCAACCTTTATCCTTAAGGAGTTCACATTTTTGTTCACTGTATCACAAAACTAACACTATTGAAGGCAAGACTTAACAGCCACAGCAGTGTATAAACAAAGTTTCCTGAAAGCGTCAGAATACAGTGATTTATTGCAGAAGAATAGACTAAGTCATTAAGAAAAGATATTTACTGCGGTAATATTTAAAGCTCTTGGTAAACGATCTCTTTGAGAATTGCACATCTGTCGTTCTGGCAAAAAAATAGG,"[[34522858, ""C"", [""T""]]]",yes,no,C->T,1
chr7,42254278,42254682,AAACCAAGATGACCTAGTTCACAGCCTGAAGCCCAGCATGTGGGCGGAATGCAGGTGAAGGAGGCCATAGCGAAAGAGTGGCCAAAAATATAGAAGAAAATCCTATCTTTATAGGTTGGCCAATATGATGACACAAGAGTGAGGAAAAGAGAGTATTTCAAAAGGGTTGACTGGCCGACTGGGTTGAATGCTGCTGAGAGAGCAAGTGGGAGAGCATTTAAATGTGTCATGGATTGAGCAATAGTTGTCATCAGTGACTTTAGTCAGAACATTATATGGCCTACATAGCCTGAAATGTTTGTTATCTGGCTCTTTACAAAAAAGTTGGCTGATCCTTGATCTGTAGTGAGTGATTTTTCTAAATGCCAGATATAATTCAATAATTTCTCATTGCTCTCAAAATAA,N,no,no,N,0
chr11,7292976,7293365,CAAGAACTTAAATCTGGCTCTTAGGGTATATGGCTCCAGGCTGTTAGTGTCTAGCTTCAGCACCCCTGCCCCATCCGGGCAATGCAGGGGTGGTGATGCCAGTGTGAAGAGGAACTGGTCACGCTGATGAGACAGCACTTTGCAAATAGAAGGTATAACAGAAAGTGTTCTCTCAATGCTAATTTTAGGCCAGCTCCTTAGTTAACATAGGCAGAATCATCTGGGCAGCCTTCTGAGGAAGGAATCAGAGAGCCAGAAACAGTCATATTTCAGATGTTCTTCCCTCTGTGTCAGTCACAAAAAAAAATTGCATTTAATGCCATTTGCCAATTTCCATGTTCCAATTCATTTTACTAGCCCTCAAACTTCTTATATTTAAGGCAGCAGAGT,"[[7293020, ""C"", [""T""]]]",yes,no,C->T,1
chr1,12083819,12084292,CTGAATTAAAGAGGCCGATTGCAGGGGAATGGACTGTGTAATTCTACTTTATGTAAAATCCAAAAGCAGTCAACACTAATAGAGCGATAGAAATCAGCCTTTTGGGAGGAGTGTGTGGGAGGGGGGATGACGGAGGAGCTGGGGCTGGCAAGGTCCCATTTGATGAGTTGGGTGCTGATTGCCTGGTGCGTTCATCTTGTAAAAATGCAGTTGGCTGTAACTTGAGATCTGTGCACTTTTTTGTACGGGTGTGTTAGACTTCAACAAATACGTTTACCAGAAATTTGTATTGTTGGGCCCATCCCAGAGACAAGGTAGGAAGCAATTATGTTAATCCCAGGGCGAGGGGATGGTGACTAGCCCCAGGTGAAGGTGGTGATGATTATGGTATGAAAAGGGCCAGGAGAATTTGCTGATAGGTTGTTTGAGAGGAGAGAGTCAAGGGAGACGCTAAAGTTTCTGGCCTGAGCTGGA,"[[12083855, ""C"", [""T""]], [12084162, ""A"", [""G""]]]",yes,yes,A->G,2
chr2,160143800,160144173,CAAAGAGAACCAAGGAGAGGAACAAATGAAGCCAGGGCAATGTTAGAACACAGAATGCATGCAGGGTGCCCCGGGCACTTGCTAGAAGTGGGTCCCTGGGTGAGTCCAAGCTTTCTACACCTGTGTGGAAAAATGGGTTTTGGTTTTGATTTGAGGGTTTCTAATGTTCCTCTTATTTCAGTGGTCACGATTGTGTTGAAGTTTGAAGTCAGTAGAAATCTAATTATTTTTGTTGTTGTTGTTAATTTTTATTTTTAGAGACAAGGTCTCACTCTGTTGCCCAGGCTGGAGTGCAGTGGCCTGATCATAGCACACTGTAGCTCAAACTCCTAGGCTGAAGCAACGCTCTCACCTCAGCCTTCCAAAGTGTTGGG,"[[160143832, ""T"", [""C""]], [160144144, ""A"", [""G""]]]",yes,yes,T->C,2
chr9,23587040,23587249,AGTGACCTATATCAACTGCCACTAATCATCAGAGTGAGAGAACAGATACTTACCCTTTTCTGTCAAGGGCAGACCAATGAATTAGGCACTGAAGCAGACCAAATGTGATCTGGTATCTTAGTTCTGTGCAATCAGCTACAATAAAGCTAAGTGGTCTGGGAAAGCATGGCAAAGCAGTAATCATCCCTAAAGTAACTAGAGGAATAACTA,"[[23587091, ""C"", [""A""]]]",yes,no,C->A,1
chr6,160322088,160322587,GTACTTTCCTTCCTGCAGGCCCCCAGCCACTACATTAATGAGAAGAATAGGATTATTTTTTAAGGAGCTAGCATTTGCTAGACTGGTCTTCAGAGTTACAGCTCCCTATCATCAAGTTGATTGCAAACATTCATCTGCAAACAGCTCTCTTAGCTCATGAGCCATGCAAAACCAGCTGGTGGCTGAATGCGGCCTGTAGCCATCATTTTATATGCATCATTACTGAGTCTTATGTAACAGTACAGATGTGCCACCACATCTGTGTGTCAGGTGGCAAGAAGAAAAAGAAGGACATGGACATCAATTATTTTTGAAGGAGACTTCCGAAGTCCCACACAATACTGCTAACATCTTGCCCAGAACTTGGTCACGTGGCCACACATTCCTGCAAAGGAGGCTGGGAAATGCAGTTGTTTACTCCCATTGTTAGAACTCTCTATGAATCTTAATTTTCATCAGTTTACTTCATTTGTTAGGAGCTACTGATAGACTCAAGTAAA,"[[160322142, ""C"", [""A""]]]",yes,no,C->A,1
chr9,6336155,6336485,CAGTCTTAGCAAATGGCACAGCAGGAGATTATATCCCACACCTGGCTGTAAGGGTCACTCGCCCACAGAGCCTCAATCACTGCTAGCACAGCAGTCTGAGATCAAATTGCAAGGCAGCAGCGAGGCTGGGGGAGGGGTGTCCGCTATTGCTGAGGCCTGAGTAGGTAAACAAAGAGGCCAGGAAGCTCCAACTGGGTGGAGCCCACCGCAGCTCAAGGAGGCCTGCCTGCCTCAGTAGACTCCACCTCTGGGGGCAGGACATAGCTGAACAAAAGGCAGAAGAAACTTCTGCAGACTTAAACGTCCCTGTCTAACAGCTTTGAAGAGAGTA,"[[6336156, ""G"", [""A""]]]",yes,no,G->A,1
chr15,33216339,33216668,TATATCTATATCTATATATATGTATATGTATATGTTAAATCTTTAATAAACCATCTAAATTCTTGTCTTTAGAGACAAGAAGACAGCTGGTTGACTGTTAAACCTTGTCAATAGAGGGCACTAGAGAGACATTGCCTGAGGAAAGAGTTTTACTTCCCAGTTCCTAGCCTGCTACTCACAGACTCACTAAAGCCAGGTAATTACATAGCATGTCTATTTACCTCAAGACTATAGGCAGGAGGCACTAGATAAGTATTATAGCAGAATAACAATGGATTTCTAGTCTTAAATTCTATTATGAGAATTCAATATTTCAATAGGACTGTCTTG,"[[33216372, ""T"", [""G""]]]",yes,no,T->G,1
chr21,41086545,41086999,TAGGTCATATGTTTCTAAACTGTAAAGCCTTGAAATGTAGAATGCCTGTGGGTTTGCCAGCAAGTTCCAGCCATGCTTGGAGGGAGACAGCCTCCACGGAGGCAGGGTCTCGGGAGCAGCTGGGAGATGCTTCCTGTGTGCGGGTGTGGGTAAGAGAGAAGAGAGGTTAAATGGGAACATATGGCGGAAGATTAAACAACATCCCTCTAATCCCCAATTGTCTGGCTGCCCCTGCTGTAATTACATGCCATCAGATTCAAAGGCCACCAGATGTTCAAGGCCTAAACCAGGAATTACCCACTTGGCCACTATCTTGTGAATGAGGGCTTTGACTGGAAGGGCAAAGCTGCATTTAAATTGAACAAGACAGGAGCATTTTTAGATTTGTCCACAGTAAGTGAGAGAAGGGTGGGAAACCAGAGCATTAACCATTTCCTTTCCAACAGAGAACCACA,"[[41086622, ""C"", [""T""]]]",yes,no,C->T,1
chr7,53548939,53549164,GACATTAAGTGGACTGCTGGGCTGGACTTCCAAGAGTCTGTTTAATGATGTGGTGATCAATCAGCTAGCTATTCCCTTGAGAAAATACTTCTACTCAGCAAACATATTTGTTTTCATCACAAAGGATCTGTGTAAGAAGCTCCCTCTCTGAGGTTTTCTTGGAGCATTGCAAGTGAATGAAGCCTTACTTTCAAAGAGACGATTGAAAGAGATGTGATAATATGCA,"[[53548987, ""C"", [""T""]]]",yes,no,C->T,1
chr15,43538116,43538433,GTTTCTTCCTCAAACAGGCTGCCAGAAAAAGGGCAAAAATTCTACAACTGTTAAGTCCAATGCTGAATGAAGTAAGAATCTTTACTTCGGTCCTATCCAAATAAAATAATGAAAGGCATATTTGATTTCAGTTATTCCCCGGAGGCAGGATGACACTTCACCAGTGCCTCTGGCCCATATTCCCACCTCCAATTACCACCAGTAGCTCCTCCTCTCTATAGTCACTCTAACAACTCTGTGTGGCTCCACTGTTCACATTGTTACCAAAAATAACTAGTGATAGATTAGAGATAATAAACAAGATGGGAAAAAGCAGCA,"[[43538134, ""A"", [""C""]], [43538269, ""T"", [""C""]]]",yes,yes,A->C,2
chr11,79163928,79164199,ATATTATATATATCTATATAGTACTATATATCTATATATCTATATATAGTGTATATATAGTGTATATATAGTATAGTATATAGTATATATATAGTATGTATATAGTATATATACACTATAAATACTATGTATATATAGTGTATATATACACTATATATACTATGTATATATAGTATATATACACTATATATACTATGTATATATAGTATATATGTATATATACAGTATATATAGTGTATATATGGCATACTATAGTGTATATATATACTATA,"[[79163932, ""C"", [""T""]]]",yes,no,C->T,1
chr1,118861294,118861664,CCTAAACAAATCTAAGACATCTATATGTGGTCCTGCCTACATTCCTTTCATGGTAGACCTCAGGCCAGATTTTTTCAACCCCTCAGAGGGAGCTCTTACCACTAATATGTCCACGCTTATCTCTGAAATCCTCCTGGGACAGTAAAGTGATACTGTTATTCCACCAGCCTTGCCTGCTCTACCATGCAGCAGTCAGCCACTAAAAGCCTGAGTGCTCAGGCACAAAGGCAGGCCACCTTCCATGGGGTCATTTGGTAGAGACCACCTTCCATAGGGTCATGGCAGCCCCCTCTTTGGTTCATGGGGTAAAGATATGACTGACTGGATCTCACCCACCCATCCTCTAATCTTTGCCATGAAAACAAACCACA,"[[118861407, ""G"", [""C""]]]",yes,no,G->C,1
chr16,871762,872138,CCCCTCGGCCGATGGGTGACACAGACAACAGGGGCCGTGGGGGGGCCACCAGTAACGCCCCCACTCCAAAATACGAAATGCAAGGAAGTGAGACACAGGCACAGGACCCTGTGCCACAGAGATGAACAGCAGGAGAGGGGAGGGGCTGCATGCAGGGCTGGCTGAGCAGCACGGCTGGGAGAGCTCCAAGGAAAGACTCAGCAGCAGCAGTGAGTAAACCTGCGGCAGGAGGGACTCAGAGGGACCCGCTTCTGGACATCCCCGCAGGCCAGCGATCGTTAGGTGACGAAACTGGAGATGGAGCCGCTGTCCCTGCAGCTCCGTCGGGTGATATCACAGGTGTGCTGCCAGACCTCACCCCTGCCGTTGCCGCGGAG,"[[871768, ""A"", [""G""]], [872134, ""T"", [""C""]]]",yes,yes,A->G,2
chr5,59209742,59210229,TGTTGCAAATTGATTTCTGCTCAGCACTTCATTTTTATCCAGCAACTGCTGAAAACCCAATTTTGCAAAGATATGGTGTCACAGAAAGGAATATCATGGTCTTAATTGGAAACTGGGAACTATTCCAAGCTATTAGTTTTCCAGGTGGTTGACAGATGTTTTCGTGTTTTTCTTGAACATTTAAAATAACGCTTGCACCCATGTACATTCCCTCTGTTGCCTCAGGACACATTTTGAGAACTCTGGCCCTAGTCCCATCACTCCTACACCACAGGGTGAGGGGTGAGGATGCCTCCCCAGCTGGGAAAAACCCAGAACTGGGGAAGAGATGATTTGGCCATGGTAGCTTTCTTTCTGTGGTTAATGGAAGAAAGCTTTCAAGATAACAAATTGATATGCTTTTGAAATGTTCATTAGTGTAATATTATCTTGCAATCTAGGTAAGAGATGACTACAAACTTTTCATGTAGATCCAGTGAGAATTAGAA,"[[59209749, ""C"", [""A""]], [59210032, ""A"", [""G""]]]",yes,yes,C->A,2
chr16,6003021,6003328,TGTAATCCCAACACTTTGGGAGGCTGAGGTGGGTGGATCACGAGGTCAGGAGATCGAGATCATCCTGGCTAACATGGTGAAACCCCGTCTCTACTAAAAATACAAAAAATTAGCTGGGCGTGGTGGCGGGCGGTTGTAGTCCCAGGTACTCCGGAAGCTGACGCAGGAGAATGGCATGAAACTGGGAGGCGGAGGTTCCGGTGAGCCGAGATCGCGCCACTGCACTCCAGCCTGGGCGACAGAGAGCAAGACTCTGTCTCCAAAAAAAAAAAAAAAAAGCAATGAGAGGGAAAGAGAAAAATGAGATC,"[[6003050, ""C"", [""T""]], [6003215, ""C"", [""G""]]]",yes,yes,C->T,2
chr1,153320084,153320499,GCCTACTCAAGCCTCAGCAATGGTGGATGCCCCTCCCCCCAGCAAGCTCCAGCATTCCAGGTCAATTTCAGTCTGCTGCTCTAGCAGTGAGAATTTCAAGCCAATGGATATTAGCTTGCTGGGCTCCATGGGCGTGGGACCCACCGAGCCAGGCACCAGAGGAAATCTCCTGGTCTGCCAGTTGCAAAGACCATGGCAAAAGTGCAGTATTTGGGCAGGAGTGTACCTTTCTTCCTGGTACAGTCTCTCACAGCTTCCCTTGGCTGGAAAAGGGAAATTCCCTGACTCCTTGCACTTCCCAGGTGAGGTGATGCCCCACCCTGCTTCAGCTCACCCTCCATGGACTGCACCCACGGTCCAACCAGTCTTGATGAGATGAACCAATAAACCAGGTACCTCAGTTGGAAATGCAGAAA,"[[153320311, ""G"", [""T""]]]",yes,no,G->T,1
chr3,55427828,55428100,GCCACGGGATTTACCTCTAGGAGTTAAAGCATTAGCAGGGTCCTGAGCATAAGGAAATGAATGCATTCCAAAGTGCGATGGCTCTTGTTCCCTGTATGGCAGAGTGATTCAAATGCCATTACTAGACTAGTAGAACCTGCTTTTAACGGCCAGAAGATGTTCATTTCCTGAGGCTTGGTGCATATACTGAACAGTCTTTTTTTCCAGCATAAAAATAGAAATGTAAAGGTTGGAACGCTATGGTTACCAGCCTGGCGACAGAGCAAGACTCCA,"[[55427833, ""A"", [""G""]], [55427850, ""A"", [""G""]], [55428069, ""C"", [""G""]]]",yes,yes,A->G,3
chr7,148256512,148256839,TACACTGGAAGTCTAGAAGCTGGTTTGCAAGGGGTCCCTGAATGACCTTCCGTAGAGGACAGTGCCTTACCGAGAAGAGGAAACACATACTGAAACCAGCCACTTTTCTCTTTTTGCCTTCTCACAGTCAGGTGATTCGGGTTTGGAGAGAGCCCCAGCTCCCATGTGCAGGGGATTTTCTGTCCTAGAAAGGCTTAGGCACAGTGGATTCACCTGGATCTCTTCTAGTTTTGCAGCCAGTTTTTCTTTCTTGCTCTTGGACCGGAGAGCCCCCAGACCCAGGCGTAGGCTTAGGTAAAGGGGGCTCAGGAGACAAATCTGTCTGCTT,"[[148256563, ""A"", [""G""]], [148256678, ""C"", [""T""]]]",yes,yes,C->T,2
chr1,162033396,162033803,TGAGGTTCTCCCCACCCCACCCTTTTTGGGGGTTTGCTTTGTTGCAGGGACTGAACTTTAAGCAGATAACTTGCTGAAGCTTGGGTGATTCCTGAGGTGTTCTCAGAGATGGGTCTGTGGAGCCAACTGCCAGCCCCTTCCTTGCTTTTGTTGGCAGGGCAGCCAGGCATATCTGGTGGCTGCAGCTGCCCAGGGAGTTGCTGCCTGGAAACCCAGAGAGTGGGGAGGACTTTCTCTGGAGGACAGACAGCACCGCCTGACGCAAGGCAGTGAGCAGAGCGAGGCTGGCACAGGCATCCCTGGCCTGATGCTGAGTCCTGAGTAGAGACATAAGGGACGCCTCACTTTAGACAGGAGGAAACCTGGTTATGTGCTCTGAGAGCCAACGCTGCCATCCAAAGAGACTCC,"[[162033725, ""C"", [""A""]], [162033726, ""C"", [""T""]]]",yes,yes,C->A,2
chr16,52405428,52405838,GACTAAAACTGAGAAAAGGGTGGTTCCTCAAGAAAAATAAGAGTGCCCTTACTGGAAAGGGATGGCAGAGAAGCAAAAATCAGCAGATGGTTCTGTAAGCACCGACAGCTATATTTAACCTTTTCCAAGCTTTCTTTAGGGCTTGGTTTGGAGCAGGGAGGAGGTCTCAGGGCAGATCCTGGATCTCCTCATGCCTGTGGCATTTGACAGGCACAGGCAGGTATCAGGTAAGTACAGGACAGCCCTGTTTTCCTCCAGCCAAGATAACCCAGCCAGATGAAAGGACAAGGCATCCAGCTGCCTCTCAGTAATCCCTCAGCCCATTTGGTAACCATCTGTCCTTCTCATTTCCAAATTTGGCCCAAATTAAAGGGGCCTGTATTTGCTTTTTTGGAAAATGTTATGATTTTT,"[[52405483, ""G"", [""A""]], [52405540, ""G"", [""A""]], [52405801, ""A"", [""G""]]]",yes,yes,G->A,3
chr4,27343521,27343895,TGCCAGCACCCCAAATTACTGCCGCTGATTACAAAATGAGAGCAGATTATTAAAACTTTTGTGACAAGAAAGCTATACATCAATGAATGGAATTAACATTAACATTTTGTATTGCTGCCAAGAATTAAGCCTTGGCAGCAATACAAAAAAGTAAATTCACTTAAAAGTACACACACGACTTCTTTCCTGTGTTCATAATAGAGAAGTAGAAGAACTCAATGGGGAATCCAAGAGTTTCTTCACACTCTTTTGCCTAAAGACTGATTCCTCTCTGATCTGATTGGACTAAAGTAGGGTGAGGAACTGCCCTCGATGGGATGCAGGTGTCAGGGATATCATCCCCATAATTGTCTACTGGAGGGATGAGGAGATTGA,"[[27343576, ""T"", [""C""]]]",yes,no,T->C,1
chr12,85681260,85681614,AATTAGAAATGAATAGTAACCTCTCTTAGAAGCAAAATTTCTTCAAAACTTGTGCTAACATTCTTAGATATCTGCTAGCTGAAATAAAGAGATCAATGTGCTTTGTGTTCTTAGCTCACACATTTTAGCCTAGATACTTGCCCTGGCATGCTTACACAGGCCCAAGCAAGCATTAGGTCATAGCCTGTTCCTCTTCCTTTTTGGGGGGTGTTTTTACCTTTCTCAGCATTCCACAAGTTGCTTCCTCCTTCCTTTGTTCTCCTCTGCCTTTTCCTCTTTTGGAAAGTTCTAAGTTGCTAGCCAGTCAGGACAAGTACAGAATGTGAGGTCCCATTCCAGCCAATGGAAACAGCCA,"[[85681309, ""C"", [""T""]]]",yes,no,C->T,1
chr5,123865648,123866064,TTGTATATATTATACTTACTGCACATCTCCATTCAGTCTAACCATATTTCAAGTGCTCGATAGCCACATGTGGCGAGTGGCTGCCACTTTGACCGAACGATTGCAGATGATGATGTATCTGCCATCCCACTCCAGGGTCCATTGAATTGTCTTTCCTGTGGTGGTGAAAGGGTAGGAAAACTATGCAAACACTCACTCCTTGGTTTATTCATTACTGAAAGCCTAGTATGTGTCAGACTTAGTGCTACGTTGGAGGGAAGCAGACGTGAGTAACACCCACGTAGTTTAGAAAATAATTACAATATCACACGTAAAGCACTATAGACACATGGAAGACAGCATGAGCATTGCTAAAGGCAGAAATACAACATGAGAGTGAGAAGGCTGCACTCTGGAGTCAAATGGACTCATGCTCTA,N,no,no,N,0
chr3,126162304,126162635,TATTAGTTTCCACTTCCATGTGCTCTCCACTTTGGCTTGTGTCTTCATTTTAGCGCTTTTCCTAACATGAAATACAGCTGTCTCATTGGGGTTTAATTTGCAATTCCCTGATGACCAATGAAGTCGAATGCCTTTTCCTGTTTCTTGGCTATTTGGATATCCTTTTGTGGGAATCATCTCTTCAAATCTTTTGTCTGTTTTTTTCCATTGGGTGGTTTTATTCTTATTGAAAAGGAGTTTTTTTGTATTGTTGCTCTGTTTTGTTTTTTAATCATCTAGACTTTGAGCTCTTTGTCAGATATGTGTATGGAAAATATCTTCCCTAATTCTGT,N,no,no,N,0
chr13,113786550,113786997,CATCAACATCATCACCGTCATCACCATCATCATCACCATCATCACTGTTGTCACCATCACCGTCGTCACTGTTGTCACCATCATCACCATCATCACTGTCGTTACCCTCATCACCATCATCACTGTCATCACCATCACCGTCATCACTGTCGTCACTAGCAGCAGCTGCTTCCTCTCTGCTGGGGAGTGAATTTCCTCCCTGGCATCCACGTCAGAGAGCAGGCAGGAAAAGGGATTGCAGACGAGTCATCAGAAGAAACCATTACGATGGATTTCTCATTTCTCGGTCTGGGCTGGTGGCGTTGGAGATCATCTGTAGTGGCCTCTCATTCACTGAGAAGGAGGCCACGTCTTGGTTTTTGAGGAGGAGTGAGCCCTGTTCCAGGCTCACTAGTTACACATGTGACATGCATGGGGCATGCCTTCACACAGGAGACCACATTACTCC,"[[113786551, ""G"", [""A""]]]",yes,no,G->A,1
chr12,98359943,98360232,TGTCTTTGAGGACAATAGAAACCGCAACAGGATTGTCTGATGGTCCTCCTCCCCATAGACACAAGGCAGCCCCTTACAAATGGGCTCCCACCCTGCTGCGGAGGTAGTGATGAAAACAGTCAATCATCTCACATTTATTTGGCATTGTGTGGTTCCCCCGGGTATCACTTCTCTGCTCTGAGCTTTGTAGGCACCGCTGTTCTGCTTGCTAATGACATTAGCAATGGGATGATGTCTCATCTATGGGCAGTGACCATTTTTAGCAAATGCACTTGGTGTGGAAAGCTCCA,"[[98360001, ""G"", [""A""]]]",yes,no,G->A,1
chr22,28209550,28209827,GTCTGAGATTGAACTGCAAGGCAGCAGCGAGGCTGGGGGAGGGGCGTCTGCCATTGCTGAGTCTTGAGTAGGTAAACAAAGCTGCCCAGAAGCTCGAACTGGGTGGAGCCCACCACAGCTCAAGGAGGCCTGCCTGCCTCTGCAGACTCCACCTCTGGGGAGCAGGGCATAGCTGAACAAAAGGCAGCAGAAACTTCTGCAGACTTAAACTTCCCTGTCTGACACTTTGAAGAGAGTAGTGGTTCTCTCAGCACGGAGTTTGAGATCTGAAAACACAC,N,no,no,N,0
chr11,24900609,24901021,AGCTGATATGTTAAGCAGACTGTATCCTACACTTGTGCCAGCCACTGAGGTTTTGCCAGTGAAGAGAAGTCGACTGTTAAAACCATGTTCAAACACAGCAAACACCGAGCTGTAACCAGAGGAGCTGTTTTTGTACCTCACTTTCATTTTCTGTATGTCATTTTGCTTTTTCTGTCCATAAATCTTTGATCGCATAGCTGCAATGGAGTGTCTCTGAACTTAGTCTGGTTAAGGGGCTGCCTGATTTGCAAATCATTCTTTGCTCAAACTGTTAAATTTAATTTGTCTAAGATTTTCCCTTTAACAGCTTTGAAGCCTCTGCTGTTTTGTAACATAAATTATACCTGATCACCTTTCTCTAATGTTAAACTCTTTTTTTCTCAACTAATCAAAACTTCTGTGGTCTGCTTGGG,"[[24900658, ""T"", [""G""]]]",yes,no,T->G,1
chr13,20500067,20500332,AATGGAAACACTGATGTGTTCACAAAGATGGCTAACTCAACATGAAGTAGAGCAGGAGTTGTCTGCATGGACGGAACTAATGGAGGACTGAAATAACTTTTATGGCTTTTTTGTTTGAAATATTGCTCATTCTTTTTGTTTTTCAGAGTCTGAAGAATTTTTTTCTTTTGAGTCATCCTTTAAGTATCTTTTAAGTATAGTGAGTAGAGTATACTTTTGTAAACAGAATTTGAGGCATATTTCTCTAATTTATCCAGAATTTATAA,"[[20500114, ""C"", [""T""]]]",yes,no,C->T,1
chr11,111812440,111812662,ACCAATAGTCCTAGCTACTCAGGAGATTGAGGCAGGAAAATTGCTTGAGCCCAGGAGGTCAAGAAAGCAGTAAGCTATGATCATGCCACTGCATTCCAGCCTGGGTGACACAGCAAGACCTCATCACTAAAAAGAAAAACAACAACAACAAGGTGGGGGCTTAGTTACTGTAAAGCTATAGAAATTAATACAGTAGGCCATGTACAGTGGCTTACGCCTGTAA,"[[111812504, ""C"", [""A""]]]",yes,no,C->A,1
chr6,118790862,118791191,TACATGATCACACTTTTTAAGACTCTTTGAATTGCCTATAATTACCGGAAGGCCTCATGTTTCACACTAATAATTCCAGCATTAGTGGGAAGCTCAGAAGACATAAGGAAAGACAGAATTCATTATTAATGAAAGTACTGCCGCCCTCGGAGGAAACATGTGTGTCTAATGCCCAACTGACTTCATCTTTTCGTCAATAAGTCCATGCTCTCTCATCATTGATGGCATCTATTGGTCGGCTCACTGGAGAGGACCACAGCTAATTAACAAACACACTTTGGCCTTAATGAAGCTGCTGTTTCCGGTCTATGATACTACTTCAAGGGTACT,"[[118790888, ""C"", [""T""]]]",yes,no,C->T,1
chr12,78687191,78687424,AGCTTAGCCCAAGTAAACTCTCTACTTACGTTAATTTTTGACTCAGCATCTTCCTTTTAGGTTGACATATCTGATGTAGCTGATAGGACTCAGAGTGACTCCCTCTGACCACCTGGTACTTCTCTCTGTCTTTTTTTTTTTTTTTCAGACAGAGTTTCACTCTTGTCACCCAGGCTGGAGTGCAGTGGCACTGATCTTCAGCTCACTGCAACCCCCGCTTCCCAGGTTCAAGCA,N,no,no,N,0
chr18,60556299,60556643,TAGGAGCTCCCTGAGCTAGGGCTGTGACACCTTCTTTGGAGCCCTGCAGTTTCTGGAATCTCCAAGCTTTTGGGCACCACTCCATTCCCCAGTGCCCACAGTGTAAGCTGCTTGCAGTACACCTGGTCCAGCCAGAAGCTTGCAAGGAGCTGGTGCCTATGCCAGCACCTGAAGCTACCTGTCCCACCACAGCTGGCACACCTGGCTGTGCACAGTGGCTAGACTCTGTGCTTGCTCTCACACCCCTTAGTGCTCTGCACCTGGCTAACCCTTGACAGGCATGGGATCTGGGCTGGTAGCACAAGCTGAGTGCAGCCTGCTGGGCCAAGTGGGCAGAAGGAGCCC,"[[60556475, ""G"", [""A""]], [60556487, ""G"", [""A""]]]",yes,yes,G->A,2
chr15,87827197,87827468,GAACAACCCTGTAATCTTAGAGTAGCTGAAAAGTATGAAGTATTTGGGCGTATACTGGAGGATGGCAAAAAAATGTATACAACCAGTACTACTGGAGCTTGCTGAAATATTTCCAATCTTTGGTCCTGTGAGTCATCCCTCAGCAATGTTAGAGTTTAGACCATGTAGTAGACTTTTGGAGCCTGCATAGCCATGGTGCCTTCTAAGTGAAATGCCAGCACCCACTCAAAGGTCAGGCTTAGGCAGCCATATTCTGTGGCACATGTCCCTTT,"[[87827243, ""T"", [""G""]], [87827270, ""G"", [""T""]]]",yes,yes,G->T,2
chr5,154380193,154380634,CATTGCATAGAGGAGAACACTGGGGTTTGGAGGTATTATTTGTGCAGCTGCCTCAGGGCCCCATGGAGAGTAAAAGGACTGAGATGAGAGCCTCGGTCCCTCTTGCTTAAAGCTTGCAGTCTCCCTTCCCCTCCATGGATTGTCAAACTGAGGGTTCAGAGATGTTAAAAATACAAGTAAGCTGCAGAACAGGATGGTGCACTTAGCTGCTTCCCCATCCTGCTTCATCTGATAGGCATCTCTTGGCTTCTTCAGACCGCATTGCTCGGAACCGCAAGACCATTGTGTGCCCGATGATTGATGTAATTGACCATGACGACTTTCGGTACGAGACACAGGCAGGGGATGCCATGCGGGGAGCCTTTGACTGGGAGATGTACTACAAGCGGATCCCGATCCCTCCAGAACTGCAGAAAGCTGACCCCAGCGACCCATTTGAGTA,"[[154380225, ""A"", [""G""]]]",yes,no,A->G,1
chr9,18126906,18127286,CAACATTTTTTAGTTTGTCATCGGTGGTAAGCATCATCGTAACCAGTATGCCTTCTGCCAGCCTGGGTGGGGAAGGAGAAGTGATGAGGCAGATCTTCCAAACTGTGTGTCCGTCAAGATGCTGGGCAGCCAGCAGGGAGGCAGCTAGGAGTTGTAAAGACAGCATTTCAGTGTGTAACTGGGAGCTCATTGTTAATGGTGTGTGACATATGGCACAGCTGTGAAGGTTTTGTGCCAGGCAGGATGAGCTAGTGCAAAAGCATGTGGAGACAACCAGGCCATTTAGACCTGAAGAGAAGCCTGTGCTTCAAGTAGGAAGAAAACAGGTGATAAAAGCCATTTGCCTTCATAGCATAGAGAAATAATTGTGATTAACTACCT,"[[18126922, ""A"", [""G""]]]",yes,no,A->G,1
chr17,53390603,53390990,AGGAATCCACGAACAGGTTTGGGAAAGTACAAATTAAAAATGAGAGTTTCTAGGACTGAGCCTCCTTCACTGGAAAATTAAAACATAAAACCTGACTTTCATTATTTTCCTTGAGCAGTTGTAACAGCTTGCACACTAAAGATGTTATCTGAGATGGATGCAGGCCTTCCCCAGAGACGTGGCCCTGGGCTGCCTTAGACAGTAAATCCTTGTTCTGAGTAACCAGGAGTTAAAAATTGGGAAGCATTTAGTCAAGTGAAAGAAAGTACTAACCCAAGAAGGCAGATATATTTCTGCTGGGCTTCTCTGAAGTACTAAATGATTCTTTTATTTATTCCTTAATTTTAACATTTAATGACAACCTAACATGTACTAGATAGTAGAGATC,"[[53390665, ""C"", [""T""]]]",yes,no,C->T,1
chr1,149480417,149480809,GGGATAGCTGAGTCTTCATCCTCCTCAGCTCCTATCTGTCCAGTGCAATGAACAGCAGCTGCTCTCTTCCTCTCTGGTTCCCATGGCAGCCATGCTCTGTTGCAGAGAGAACAGGATTGCATGTTCCCTCTTAATGGGAACCTCCATTTTGCTTTCTGGGACCACTCTCTTAATGCCGCCTGTCAAAACCAGCTAGGACTCCCTGGGGTCCAATCCCTCTGTGTTTAATCTTCTGTCATCTCTGTCCCACCTGGCTCATCAGGGAGATGCAGAAGGCTGAAGAAAAGGAAGTCCCTGAGGACTCACTGGAGGAATGTGCCATCACTTATTCAAATAGCCATGGCCCTTATGACTCCAACCAGCCACATAGGAAAACCAAAATCACATTTGAGG,N,no,no,N,0
chr4,8932943,8933284,AAAACTTTCAGGACTCATGGACAGTTGAAATGTTCATGAATATCAAGCAGAACAGAAATTAACTGCATGGACTGAACTAATAGAAGACTGAAGTAATCCTTTTGAATTTTTCCATAAAACATTGCCAATCCTTTGTTTTGTTTTTCAGAGTCAAGAAAACTTTTATTTTGTGCTATTGACAGCTTTTACCAATTTAGTATACTCTATGAACAAAACTTGGAGCATATTTGTTTCTCTCTACCTGATTTCTCCAGAATTTGGAAACTATCTGTGAGTATTCTTACCTTATGCCAATAGTATTATTTGCATAAATTCAATAAGAATGTGTTTTCATTTGTAACA,"[[8933048, ""C"", [""A""]], [8933054, ""G"", [""C""]]]",yes,yes,C->A,2
chr7,46188740,46189080,GAGAAGGAGAAGCACACACCAGTTTGTAACCTGTTTTCATCTAAATGATATGGTAGACATTTCTACATAGCTTTTGTAATTCTTTCTTCTGCCAAAGTTGTAGCTAATTCTTCCCAGCAGAGTCCTCACTTCCTCTTCCTGGGGTGTTCCTGTGTTGCAGCACGCATTACCTTGCCTTGTATTTATTTACTTAGAGTGATATTCTCACTAGTCTGAGATTGGGATCTTCTCCAGTGTCGGGACCAGAGCTTTCTCCCATTTCTGTCTATGTTCTACACTCATGAGCTCTTCCATCATTAGGCTTCAAAACAGATGCAACCCCTGGGCACTTAAATCAAACT,"[[46188823, ""C"", [""T""]]]",yes,no,C->T,1
chr13,64458011,64458293,TGTATACAGTTATTGTTACATGATCATATATGCATTCCTGGAATATATTATGTGAAATCACATGCCAAAAATAATACAGCAGATAGGAAAAATGGGATTAGTGTTGAACAATTCAATACATTTAGACTTAGTAACCAAAATAATATCAATGCCAATAATAGCACAGTTAAAATCTCCACTGGTATTTGTACATAGCATTCTAATCAGTGGACTGTTGCAATCTTGAATCCCAGAGCTCTTGCTTATTTCTTTAAGCATGCATTTGTTTCTTATAAAAAACAGT,N,no,no,N,0
chr18,58461334,58461803,CACCCCAGACCCATTAAATCAGAAGCTGTGGGGATGGGGCCCGCAACCTGTGTGTTAACAAACCCTCCAGGTGATTCTGATGCCTGCTGAAGTTTAGAGCTGCTGGGCGGTAAGCCTGGGACACGGCAGTTCTCGTTAGTGTGTAATGAGAGTGATGAGGGAATCAATTAGCCAATTACTCTACCTTGGAAAAGAGAGGAACAGTGTGTTCTCAGCCTTGGCTGCACATTAAAAGCACCCTGAGAGCTTTTAAAAATCCCAAGGCCTGGGCCATGCCCCAGATCAATTACATAAGATTCTCCAAGGGGGACCCAGGCACTGACATGTTTACAGCACACCAGGTGATTCTAATGTGCAGCCAACACTGAGCACCACTGCAGTAAAAGAAGACATTGGGTTGGGCACAGTGGCTTACACCTGTAATCCCAGCACTTTGGGAGGTCGAGGCAGGTAGATCACTTGAGGTTAGA,"[[58461422, ""C"", [""G""]], [58461534, ""G"", [""A""]]]",yes,yes,C->G,2
chr4,48293526,48293792,CCTTATGGGAAATGAAGGGGTGGGCCGAAATAAAGGGGTGGGTCTGGCTAGTTATTTGCAGCAGGAATATGCCCTTAAGGCAGAGATCGCTCATGCTACTGTTTGTGGTTTAAGAATGCCTTTAAGCGGTTTTCTGCCCTGGGCAGGCCAGGTGTTCCTTGCTCTCATTCCGGTAAACCCACAACCTTCCAGCCTGGGCGTTATGGCCATCATGAACATGTCACAGTGCTGCAGAGATTTTGCTTATGGCCAGTTTTGGGGCCAGTT,"[[48293538, ""C"", [""T""]]]",yes,no,C->T,1
chr9,4955936,4956159,AAAGACAGTAATTGTTAAGTGTAGTTTGGTGACACTGCCTTGACTCATGCTAAGGCCCCAGCAGTTTGGTCCACTATTGTTTTTGCCCCATTGGTGTAAATGTCAACACAGTAAAAAAAAAAAAAAAAAGGCAAATATTATCTTCATATTATTTTGATCCCTAGGGGTCCGTGACTCATGTTTTAAGAACTATGGGACTTTCATGTTTTTACATGCAATTTTCT,"[[4956143, ""C"", [""T""]]]",yes,no,C->T,1
chr5,51640336,51640635,CCAATATCCCTGATGAACATCGATGCAAAAATCCTCAATAAAATACTGGCAAACCAAATCCAGCAGCACATCAAAAAGCTTATCCACCAAGATTAAGTGGGATGCAAGACTGGTTCAACATACGCAAATCAATAAACATAATCCAGCATATAAACAGAACCAAAGACAAAAACCACATGATTATCTCAATAGATGCAGAAAAGGCCTTTGACAAAATTCAACAACGCTTCATGCTAAAAACTCTCAATAAATTAGGTATTGATGGGACGTATCTCAAAATAATAAGAGCTATCTATGACA,N,no,no,N,0
chr18,57030404,57030782,GGGCCCTATTAAATGCCCACTGTGGGCCCCAGGAAATGTTTTAACATCTCATGACTTAAATGTATTCTTATATGGAAAATAGGGGCAGTAACAGTTCTATATGATCAGCGATCACATAAACTGATCAAATGTGGAAAGGCGTGACGTTAATAGGAAGGTAAAGCCAAGCAGTGCTGGGTGAACTTTCACCTTTCACCCCTTCGGCTGACTGACAGAGCCCAGTGTTGAAGAAAATCAATACTTTGGAGCCAGGAGGGAAATACTTCCACCCTCTAACTAGAGAATGTATTTTGACAAGGCCAAGATAATCCAAGCTGCACAGGAGAAAGAGAAAAGAAGACTCATTTTTAAAGCCTGACACTTCAAGGTGTTTTTGTGC,"[[57030476, ""G"", [""T""]], [57030691, ""G"", [""A""]]]",yes,yes,G->T,2
chr18,895315,895668,TATGCATAGAGTTGTAGTTCATCTTTGAACAGATTCATGTTAACTTTTTTCTTCAGTATTTCCTTTCCTTCATAGAAGTAAAGTCAGTGGGTTAAATGTATGCATAATTGACAGACTGCTCTCTGGGAAAGTTGGATCAATATACACTCCTGCCAGCAGTGCTTGAGGACATGTGCTTCCTAGCTTGTGTGACAGTACCACACAGTAGAATATAAGACATTGTTTCAATTTGATAGATTGTGATTTGTACTTGCATGTCCATTGTTGCTGCATCAGATAGATAAAAGGAATAAATATTAAGTACATAAATATAAAGAAATAAAAATGCTATTATGCAATTTCCAATGGAAAGAG,"[[895354, ""C"", [""T""]], [895513, ""A"", [""C""]]]",yes,yes,C->T,2
chr22,39825730,39826014,GAGAGAGTCTCACTCTGCCTGCCTATTTTGATTATCTATTTGGTTTGTTTGGTTTATATCAGACATAGTAGTTTCACTACCCTAAAAATCCTCTGTGCTTTATTCATTCCTCCCTCCCACTAACCAAACAAACCAAATAGATGTTCTTGGTTTTGTTTTTGAGACAGAGTCTCACTCACTCTGTAGCCCAGGCTGGAGTGCAGTGGCATGACTTGGGCCCACTGCAAGCTCTGCCTCCCAGGTTCGAGTGATTCTCATGCCTCAGCCTCTTGAGTAGCTGGGACT,N,no,no,N,0
chr21,16519052,16519404,TAAGGGATGCTTAAAAACTGATGTATTCAGTCTAGTGGCCATTAATATGGGGATAATCTGGAATATTCCATTGTGGATCTGGAACAAATTTAACACAATTCACTACAGACGGCAGTGTATGAATAATCCATGTGTTTTGCTAATTCTGCCTGCTCTTGGTTCAGTGACATGCTTTTTAAGGAGAATCTGTCATTACACATGCAGAAGACATTCAGGCCTGGGGGATATCACTACTCCAGCATAACCTCAAGTTAGTGGGGAGATTAAAGTCTGAAGTCAAAATTATTTCATCTGAAGTCAAAATTGTTATAAAATTGAAAACACATACTTGAGGGTAAAGTGAGGTCATAGAG,"[[16519073, ""C"", [""T""]], [16519084, ""C"", [""T""]]]",yes,yes,C->T,2
chr7,83701717,83702151,TCTTTCCAAGCCTGGCTTTTGAGGTCTCTGCAAAGGATGGCAGACCCATAATTCTTGAATTTACATCCCCTAGTTCAAGTCACACCCACCTAGATTAAGTCCAAATTTCTAACTCCTAGAAGAGAACATCTGGAGTAGTTTGGGTCAGGGTTTTATTTATAGTCTAGTCAATTGTGGCCAGCAGAGAGAATCTAATAATAACAATATGCCTGTCAAGGATAAGTCCCTGGAGAAGGGTGTGGGGAAGGAAAGGCAATTCTCAGAAGTATGCTGTAACCTTCTACTTGGCTAGCTTCCTATAAAACCATCAAGGGCTAATTTGGGTGTCATCTTTTCTGGTTTAATCCTTCTACCCCCACCACTATCCACATCTGGAGATAAATTTATAGAATTTAGTGCCACTAACTAAGCACTCATTTTCTGTTTCTCTCTCTT,"[[83701797, ""T"", [""C""]], [83701999, ""G"", [""A""]]]",yes,yes,G->A,2
chr12,58479358,58479814,ATTAAATACTCTAAAATTTAGTGTCTCAAAACAATAATTTTTTATCATCTCCCAACTTCTGCATGTTGACTGGGCTCAACTGGGACAATTCTTACTTGGAATCTCTCATGCAGTTGCAGTCAGATGGCAGCTGAGACTGGAGTCATCTGAAGACTTGACTGAGCTGGATGTCCAAGATGTCATTCACAAGCCTGGCAGCTGCTGCTGGCTATTGGGTTGGAGCTTAGCCAGAGCTGTCAACTGAAGCTCCTCTATGTGGCCTCTGCATGTGGGTTCTTAGAGACAGTGCTCCAATAGTGAGTATTCTTAAATGCCTGGGCAGAAATGAAAAGCCTTCTTATGAGTGAGTTTCAGCAATCCCAGTCACTTCTGCTACATTCTTCTGATCCAGAAGATCACTAAGGGCAGCTCACACTCAAAGGGAGGGGAACTGGACACCATGCCATGATGTGTGGAA,"[[58479641, ""G"", [""C""]], [58479669, ""G"", [""T""]], [58479812, ""A"", [""G""]]]",yes,yes,A->G,3
chr2,124879575,124879950,TGACTAACATCACCTCTCTGAGCCTTGGTTTCCTCATCTGTAAAGTAGGAGTAGTAATACTTGCTTTATGTATTTGTTTTGAAGATATGAGATAATGCCTGTGAAGTGTCTGGCGCTTAGTGGTATTTGAAAACAGCAGCTACTGTTAATAAGATCATACAACCATGCTGCCTATTGATTTTCTTTGCCTGATATCCCTCTTCCTTGCCGATGGCTCTGCTATTGATTTGTTTGCCCTTTGCCTGGGGAATCTGGGCCAGTGTTATAAATGTCAATGTTGACAAGGTAATGAAGTAAAAAGGATCCAAGCTAAGAGTAATGAACTCCCTGCGGCGGCCTTATAGGGACCCCTCTGAAGCTTGGTGAGAATGGAAGC,"[[124879644, ""T"", [""G""]]]",yes,no,T->G,1
chr11,43419280,43419701,CTCTGGAACAAAAAGTAGAATTTTCAAATCATATACGTGAGATTTAATATCTATTCCAATGTGCAGATGGATTATCTTGTCTTCACAGTGTTTCTGTATTTATAGCATCTATTTATGTAAATCATATCTCCTTTTATAACTTGTTTCATTGCCTGTAGTTTTAGTCTGTGTTCTTCAACCTAAATTTTTGTAGATTTGTAACTTGCAGCTTAAAGCAATTTTACAGAGTTCAGATGTTGAAGAAAAAGAAATCCTGCACTTTGCTGCCCTCCAGTGGATTATCCAGCATATATACTGCCTGCAATGAAGGATCTTTGCTTTATCACATCCTTTTACATTCTTTTATAAGAATTAGTGAAGGTATCTGCTTTTTAAAAAAAGATATTCTTATAGACCCAATTTTAATAGTACTTTTTTTAGAG,N,no,no,N,0
chr18,71729702,71730035,TAAAAGCAGAGTTTCTCTAGCTGGAGTAAGCGAGACAACTGGCCGGGGAGGCCGAGGGGAGAGTCAAAGATTCAATTCTCAGTGCTGGCTTTGAGGCTGGAGGAAGAGGGCTGTAGGCCAAGGGTGCAGGTGGACTTGAGGATCTGAAAGTGAGCTCTTACTGCAATCCAGCAAGAAACAATGACCTCAGGACTATCACAAAATACAAATACTTACTTAGGCTATTGTTCTGAATTTCATATAAAAAATAGACTTATGAGAGTGATGATGTTTTCTGTCACAATTATGAAAATTTTATCTTAACTCTTACACGTTGCCACTTTTAACCAATAAT,"[[71729732, ""A"", [""C""]]]",yes,no,A->C,1
chr22,26444304,26444625,TGTGTCTTCGTCATGGCACAAAGGTGTGCACTGCGTGACAATGACCCAAGCCAGTGTGTGCTAGTGAGGAGACAGAGAAGACCTACATGCCCAGAGGACCCGTGGCCGTTGTGCTGGTTTTCTGGTCTCCTGTGAAGAACATGTGGATCTCTTCCCGAAGGAAAAGGTCCCAGGAGACCAGTTTGAGGCACTCACTCTAGAAATAGCCTGTGTTAGCTGATGTGTGAAAGCGTAGCCGGCCAGCCACACTAGAGATGCCTTTTCTGAATAATGTATTATGAGCAGTGTCAGATTTATAAAGCCGAGGAGTGGTTTGGAATAT,"[[26444312, ""T"", [""C""]]]",yes,no,T->C,1
chr13,112941835,112942180,AAAAACCAGGCCATACAGAGATAGGAACTGAGGGGACATAGTGAGAAGTGATCAGAAGACAAGAGTGCGAGCCTTCTATTATGCACAGACAGGGCCACCAGAGGGCTCTTTGGTCTAGCAGTAACGCCAGCATCTGGGAAGACGCCCGTTGCCAAGCGGACCATGGTCTAGCGGTAGCGTCAGTGTCAAGGAAAAACACCCACTACTTAGCAGACCGGGAAAGGGAGTCTCCTTTTCCCTGGGGGGATTTTAGAGAAGACTCTACTCCTCCACCTCTTGTGGAGGGTCTGTCAGGCCCACCCGCAGTTATCTGGAGGCCTAACCATCTCCCTGTGATGCTGTGCTT,"[[112941954, ""G"", [""A""]], [112942159, ""G"", [""A""]]]",yes,yes,G->A,2
chr1,117621072,117621325,CAGATTTTGCTTGGGATCCATAACCTAGGAGTGCTTTGTAGGATGATCTAGATAGCCTAGGACTTTTTAACGCTGTTCAGAGGCACTTTTGTCTTCCCCTCCACGAGTACTCTGTAGCGAGCAATAGAGCACTCATCCCCAGATTGGTCCTGCAGAGCCTGCTGTGATCACATACTCAGCCCGCTGCTTTCTCCCTCTCGGCCCCAACCAACAGCTCATGTTGTCTTTCTGTTGGCTTGTGTCCCCTCTCCATA,"[[117621202, ""G"", [""A""]], [117621264, ""G"", [""C""]]]",yes,yes,G->A,2
chr2,130596912,130597355,CATCAGGTGTGCCTCTGGACACTGCACCACCAGCCCACCCGGGCCTGGGAGAGGGCAGAGCTCGGGCTGGGGCCAAGAGGCTGGGCCTTCACTAGCTGTGCCCTCCATTGCTAGCCCCAGCCAGTGATCACCAAAGAGGAGAGGAGAGAAGGCACAGGATTCCAGAGGGAAATGCGGCTCCTGCCTGTGTCCCTGCTGGTCCCACAGCTGAGCAGATGGTGCTGGCCTAGTGCAGGGAAACCACCTGAGATTTACGCAGCTAACTTGTCTCCCAGCTTCCTCTCCGATTACCAGCTGGTCATCTCCTGAAATTCTGCTCACTGAAACGGACATGTGAGGACATGGTTTGGAAATCATTTTTAAACTCAGCAATCTGGATATGAGAACTTCAAAACAAAATTTAATTCACTATATGATTCCCAATGAATGCGACTTTCTTCAATG,N,no,no,N,0
chr6,126938192,126938624,GCAATTAATTCTGACTGAAAGGGGAGAAGATATAGAATATTCCAGATACACTAAAGTATTCCAGGAAGAGTGAACAGTACGTGCAACGCTTATCCTTCAGTTTCTGCCCAACCCCATTTCTCTAAGTACACTGTATCCCTTGTGGCTCTTTAATTACTCCCTTGTGGCTCTTTAATTGCTCTCAGGAAATGTGTTAGATGTTGGACAAACTAAGTTCACAGCATTAATATTGTACCAGTGGAAGAAGAACAGAGAAAAGATAAGCATTCATATTTAACTTTTCCATCTTAACTGTCACTAGTGCCCTGAAATATGCAATAAACAATGTTATTTTTAGTTTTAAAACACTAGAGATAGGTGACAATAGTTTGGATTTGTGTCCTTGCCCAAATCTCATGTCGAATTGGAGAAAGGGCCTGGTGGGAGGTGACTG,N,no,no,N,0
chr11,6979449,6979743,TTTTCTGTTACTTATATCTGTTGATAAGTACTTGCTCTTTCTGTCTGTGTAAGCAGGAAAGACAAATACTGTGAATAAGCCAAATAGTCCAATTAAAAGGAGGAACTATTTTAGGAACAGTAATGAGTAATCAGTGCTGTGATTTCCACATAACATCCAAGTAGAAGAAGGAGGTTAAGTAGCATGTTTAAATGTCCTAAGGAGGAGAAGTAACTTGGCCGAATTGATTCTTCATCTCCTAACAGGTAGTTCTATTAATTATAATAAAATACTAATAAAAATTTTTGTTGCTTTT,"[[6979471, ""T"", [""G""]]]",yes,no,T->G,1
chr4,94038262,94038505,TGAGAAGAGTAACTTGGCCTTTACAACACAACCATTTTCCAGGATGCCTGCCAAGTGAGTACTTAGGAGGATGGCCTTCAGGCTGGGAGGAGCGTGTTATCCCCTATCTGGGGCCTAGACACAATCCAGGAGGCTCCCAGGAGAATTGGCCCTGTTATCTGATAATAGCTCTTTTCCATTTCTGACCAAAGAGATATCTGCTGTTTCCAAGGGGTTAATATTTCAAGTTATACCAATAAATACA,"[[94038277, ""A"", [""G""]], [94038375, ""A"", [""C""]]]",yes,yes,A->G,2
chr12,110159608,110159962,ACAGAAAAAAGGATCCGGACCTATAATTCCTCTAGAAGTCACTTCAGTAAGAGGGGGAGGGACTTGCAATAATGGTGGAAGATGCAACAATGGCCTCCCTCTCTTTGTCTGCACCTCTGTGATCAGAAGCAGCGCATAGATCCCCAGTATTGGAGGACTAGGTCTTTTCTGTTCACACTTGCTCCAGCAAGCTGTGTGCATGCTGCACCAGGAACATGTGTTTGGGGCTGGAGGTGGGGGATGGGACCTGCTATTGTGCTAAGGGTTGAAATTGATTGAAATTAGCCTCACTTTACTGTCCAAGCTTTCCACTGGATGTTGCAAGCACTCAGTATTCCAACAATTACACTGGTAG,N,no,no,N,0
chr9,85436012,85436475,AATTAACAAAGAAATTAAGGACTTGAACTCAGCTCTGGACCAAGCATACCTAACAGATACAGAACTCTGCACCCCAGATCAACAGAATATACATTTTTCTCAGCACCACATCACACTTATTCTAAAATTGACCACACAGTTGGAAGTAAAACACTCTCCAGCAAATGCAAAAGAACAGAAATCATAACAAACAGTCTCTCAGACCACAGTGCAATAAAATTAGAACTCAGGATTAAGAAACTTACTCAAAACCACACAACAATATAGAAACTGAACAACCTGCACCTGAATGGCTACTGGTAAATAACGAAATTAAAGCAGAAATAAATAAGCTCTTTGAAACCGATGAGAATGCAACATACCAGAATCTCTGGGACACAGCTAAAGCAGTGTTTAGAGGGAAGTTTATAGCACTAAATGCCCACAGGAGAAAGCAGGGAAGATCTAAAATTGACACCCTAACA,"[[85436024, ""T"", [""A""]]]",yes,no,T->A,1
chr2,132813470,132813958,CAGTATGCTTCTTCCTAAAAGGGGTGGCTGGGGAAGTAGGGGGTCAGTCTAGGGCCCTCAATTATGCTGCATGCTAGAAAAGAGCCACCAGCACTCCAGTGATCCGTAATTGCTAATCCTGAAGACATGCAGTGACTCCTCCTGTGACACCAAAGGGTTCCACATGTTATCCAGATGGTCAGCAAGAAACCATACGTGGGCCCTGCTCTTGCAACTACAATGAGGAGACATTAAAATCAAACTATTATCACTTAACTTTGGAAGATAACCTCCAAAGAAGGGAAAATGCAATGTCAGTGTTTTGGAGAACCAAAAAAAATTATGTAGAATTATTTATAAGATGGGTGCTTCCTTACATTATTAAAGGAAAGATTAGAACAAATGAAATTCAGAGTTTGAGAGATTACATAACCACTGGGACCTTCACAGCCTGCAACATTGACTCTCACAGTATTCCACTGCATGGGGGCTGGGATAAGAAAGAGATCA,"[[132813632, ""T"", [""C""]], [132813906, ""T"", [""C""]]]",yes,yes,T->C,2
chr19,27738708,27738977,GGGGTCATTCACCTGTCTTTTTAATTCGACTGCCTGAGGACACTTAGGAATCTCTTCCATTACAATGCCTGAGGTCGCCCAGGTTGCACTTTAATTAGACTGCCTGGGGTTGGCCAGGAGTCTCTTTTATTAGAATGCCTGTGGTCACCGAGGTGTCTCTATCATTAGACTGCCTGTGGTCAGCCAGGTGTCTCTCCATTAGAATGCCTGAGTTTAGCCAGGAGTCTCTCACATTAGAATGCCCGTGGTCACCCAAGTGTCTCTATTATT,"[[27738747, ""T"", [""A""]], [27738810, ""T"", [""C""]]]",yes,yes,T->A,2
chr2,206164234,206164653,CCCAGCCCCTAGGTCAATTTTTTAATAGAAATATACAGTGCTATTTCTTCTCCATCTGATTTTATGTTGTGACTGCCTTGACTGTGGGAAACTATATTATAAGGAAGATTTATTTAACAGATAGATACATTGAATAATATCTCTAAGCAATGTTTATAATCCAACAGCCTAAAAGTCATGGGAGACATTTTCAGGTTGTCATTATCATAAGAGCCAGCAGAGGGCAGCACTACATTTCCTGGAAAACCAGAGAGTTTGGGAATAATGAAAATGCCAAAAGAAACACAAAAAACAAAAAACCAAAACCATGAATAAACTTCGGTGAATGGTAATAAAAATTTGCAATTATTGACATGGTGAAGGGGTTGAGTTCCAAATAGCTTGGCCAAAATGTTAACTATCAGCAGAAGTTTATGATGA,"[[206164264, ""C"", [""A""]], [206164471, ""T"", [""C""]]]",yes,yes,T->C,2
chr5,74286852,74287058,CCCTTTCACTTCTCAGCAACTCCATTATATCATGGTGGCATCTGAATGATTGAAGGCTGTGCAGCCTTCTTTTCTGACATATGCCAGGGAGACAGATGTTAAACTTGTCTGTTGATTGACTTGGTAAGATGAGTCTCTCAACCTGGTCTTAAGAAAAAGGTAATAGCTTGGTGTCACAGGGTATGCTGCTTAGAGAAATAGGAGTCA,"[[74286879, ""C"", [""T""]]]",yes,no,C->T,1
chr3,195621250,195621488,TCTTTACCAAGGGATGGTGCTTCCTATGGAAAAAGTTTCCTAAGGAAAAAGGTTCCTGTGGAAAAAGGTTCCTGTGGAAAAAGGTTCCTATGGAAAATGCTTTCCTGAAGAGCACATGCTTTGAAGGTGGCCAGACTTGGGTGGAAACTGAAACTCTGCTAGTGACTAGATGTGTAATTCAGGGAACATTCCTTCACTCTTTCAGCTTCAGTTTCCTTATCTTTAAAAGGAAATGATCA,N,no,no,N,0
chr20,16158409,16158714,CAGCCTGGGAGCCCAAGCGTCCTACAGGAAAATGCTTTCTCCTTGGGGACTGGCTCTCGAGAGGCTTGCTTCCATACAGGCTGGGCTCTTGGAAATGTTTCCTGACTGCAGAGGGACTTTCACTCTGTTTGGTAAGTTGGAACAGGATTCAAGGTCCTGCTGAGCTAATCACTCAGCTGCACCAGCTGCAGAGGCACACTGTCCCGTGGGAGTCGGTGCCTCCAGGGAACTTACCGCTTTCTTCAGCAGAGGATGCCAACAATGGGTTTGCTGCTCCTCTAATTCCACCCCTATCCAGCTTTCTGC,"[[16158416, ""A"", [""G""]], [16158708, ""C"", [""T""]]]",yes,yes,A->G,2
chr4,37535867,37536290,AATCTTGGCTCTACCAGTTGCGAGCTAGAGGATATAAAGCAAGTTCCTTAACCTGTTTAACCTTGCTTCCTCCTCTGTTAAATGAGCTTCAAAATAGTACCTCCTAAGTGGTTGTGAGGATTAAATGAGATCATGCACATAAAGTGCTTGGCACATAGTAAGCACTCAATAAATATTTATTCCATTAATAGGCACTGAATCAGATTCTGTGGTTGCAAAACTGGGTGTGACACGAGTACAAAACAGAGACAGACAACTACATAACTGGCCATATAGCCAGGGGATAGGCTCTGAGTAAGCACTTAGCACAGCACTTTGATGGTTCTATTTGGGATAGGGGCACAGCGGGCCAAAAGCTTTCACAGAGAAGATCCTATTAGGACTTTGACCCAGAAGGTAGAATTTCACTCCCCTTGAAAGGGCA,"[[37535888, ""T"", [""G""]], [37535947, ""G"", [""A""]]]",yes,yes,G->A,2
chr2,44061848,44062124,TGCTTATCTGACTTCTAAGAAGGCTTAAATGCAATTGTCTTAAGACTCCCTCCCTGGGGATCTCATCAACTAACCAGGAATGATCAACCATGAGAGAAGAGACTCAAGTCATCACCATGCCGAGGCTGACTTTTCCTCTGTTATGCGGGTAGCTCCAAGAGATTACCCGCAGAGGGGAACTTTAGTTGCATAATAAGACAACCTTTGTTCCTGTGAAGCAACCTCTGTTCCTTACGTTTCTGTACTGGTGGCCTCCCAACGCCATTCGTTCTCCCTA,"[[44061869, ""C"", [""G""]], [44062020, ""C"", [""A""]]]",yes,yes,C->G,2
chrX,58152459,58152793,TATGTAGAAGTACAGTATACAGAGATAAGAATTTACAATTTAGTGTGTGCGTCAGTAATTTCTAACAGAGCCTTAGAACAGAAACACAATCTTTCCATAACCTATGATTAGCAAGATATTAATCAGCAGTAACAATTGCAACAAAAGCTGGTTACAAACAATCCATGGAAACAGGTCGTGAAGCTAGACAACTGGTTAGACCAGAAATTCTCAGAAGGGAGTATGCTTTAATCCTAAAGAGGCCTAGAAGAGTCACAGCAAGATGAAGGCGTTTATAGCCCTATCTTATCCATATGGACAGGCGCACCCCATGCATCCATTTATAGGCTTTCCAC,N,no,no,N,0
chr11,1256186,1256624,AGCCATGTGGCCCCATACAGCCTGCCACCTGCAACTCTAGGTAAGTACAGGGATGGCTGGTGCCTTCCCTGCCACCCAGGCCTGCCTGACCGGTCTGGGGGAGCAGGAGGAGGCCAGAGGGTGTCCCACTGTGGGCCACAGATCTCTGGGGTGCCCGAGCCCAGGACTCCTTGGAAAACATCCCCTGCTGCTCCCAGATGCCTTAGAGACAGAGTCAGGCAGGGGGCGCATCCCTGGCCACGCCTGGCCCCGCATCCCCACCTGGCCCCGCCACCGAGCCCCACCCATCCCCGCCCATACTTAGCCCCGCCCACCCCCACCCCAGCCCCACCCGTCCCCGCCCCCAGCCCCGCCCACCCTGAGCCCCGCACTCCACCCATTCATCTCCTTCCCTGCTCCCCACTGCCCATCCTGGGGACTCACGTGGATGACAGTGGAG,"[[1256193, ""C"", [""T""]]]",yes,no,C->T,1
chr7,33694029,33694305,TAAGGAGTTAACCTAAGTTTGTTTGTTGCCTCCCGACCCAGTCCCAACTCGTGAAAGAATTTAGTTTCACAAAAGCAAATTTAGAGAAAACAGAGTTGTGTTAATAAAATAACAGTCCCTTTAGACTTGGGTCATCTTGAGGATTCAATTTCAAGAGTGCTTTGTTGTAAACACATTTCTAAGATTTCCTAATGCCAGCTGATAGAGTCCTTGTGGGAGAAACCAAATGTGCCCAAATGAAATAGCAGTAAATGCCATAGAGAAACTCTCATAGGAG,N,no,no,N,0
chr1,111281316,111281755,CTCTCTTGGAGGAACAGAGCTATCTCTAAGAGATATCTTCACCCCTGAATTGCCTGCTCATTATTGCCTGCAAATTATATAATTATAGGTTTGCTGCAACATAAAGTTCTTACATTGACTTTTCCCCTTTCCTTTGAGACTTCAAATAGGGAAATCATTTGGAAATCTGTGGTTTTTAAAGAAATCTGTGACTCACTAGGGAGCTTGTCTCTCACCTTCTTTCTCTGGGTAACAGGCTCTGCCTACCAGCTGACATGTTACTTCACCAACTAGGCCCAGAACCAGCCAGGCCTGGGGTGCTTCAAGCCTGATGACATTGACCCCTGCCTCTGTACCCACTTGATCTACGCCTTTGCTGGAATGCAGAACAACGAGATCACCACCATCGAATGGGATGACATGACTCTCTACCAAGCTTTCAATGGCCTGAAAAACAAGTA,"[[111281357, ""G"", [""C""]], [111281587, ""G"", [""A""]], [111281633, ""C"", [""T""]]]",yes,yes,C->T,3
chr3,157807317,157807639,GTCAGCATAAATGCATAAACACTGCCCTCAATACAAGGCCTTCTTGATCATTTTTAACTAACTTCCCAAGCCACGTTTGCCTAATTTCTCAGGAGGGAATAAGGAGATAGAGACAATATTTGAAAATAGTTGGAGGCCCCAGCTCTGTCATGTACGAGTCACAGGTTACTTCATCTTTCTGAGTCTGGATACTTTAGCTGCAATTGTGAGGATTAGTTAAGCTCAGGAGCCAGAGAGTGAGCATAATGAATTCAATCTGAATTATTACAAAATATTTGATATTTAAAAGTGTTTCAGTGGGCAATCTCACACAGAAAATTTCC,"[[157807343, ""T"", [""C""]], [157807605, ""A"", [""G""]]]",yes,yes,A->G,2
chr16,4723066,4723519,TTGTCTATGACTGGTGGGCAGGACAACAGACAACCTTGGTAGTGGGAATTCATCAGGACCGCCTGCACTTCCCCGCATTGGGTTTAACAGCCTTATAAAGATATAATCCACATACCAACAAGTCACCCACTTACAATGTACAATTCAACGGCTTCTCGTATATTCACAGTTGTTCAACCATCACCACAAACAATTTTAGCACATTTTTATCACCCCAATCTTCCCATTCCCCAAGACCCAGGAAACCACTCATCTATTTTCTGTCTATGTATTTGCTTATTCTGGACATTTCCTATGAGTGAAATCACCTAGTGTGTGGCCTGTTGTGTCTGGCTTCTTTCACTGAGCCGAATGTTTTCCTTTTCTTTTTCTTTTTGAGGCAGGATCCACTCTGTGACCCAGAATGGAGTGTGGCGGCGCAATCATAGCTCACTGCAACCTCCAACTCCAGGGC,"[[4723140, ""C"", [""G""]]]",yes,no,C->G,1
chr7,128244648,128244947,TATCTCACCCTGAAGGCTAAGGACAGGGAGGGCCACCAGGCCTCACAAGGACCCAGGAACCACAAAGAAGGCTAGGAAGGAGCACAGGCGGTGACCATACTCTGGCTCAGTGGCTATGTGGGCTCTGGTCTCTCTCAGCTGTTCCATGCATATGAGGCCAAATGTGGCTACCCTAGAGCTTCTGAGCCCTCAACAGAGATGAACTGGACTCTCTGCAGCCCCACTCTAAATTCCTAAGAGAGAAGTTGATTGACCCAATCAGGGTCAGGAGAAGGAAGGGAGGAGGAAAGGGAGGAGAGA,"[[128244694, ""G"", [""A""]]]",yes,no,G->A,1
chr2,53734637,53734972,TGTAAAGCTATTCCCTTGAAAATCATCATCAAATTCAATGGCCTTTTCTCAGCCTTGAACCTCCTATTCAGTTCCTACTGCCTCTGGCATTAAATTCCCCATATTTCTCTAACATAAACTTTTTTCTCCATGTCAACAGCACTGTTGTGGTGTTACAACTTTCTCTAACAACTCATTCTTCTTAGTTTAGTTGTTCTATCCTACTATTTCAGAAATGTGATGACTCACCAGGATTCTGTCTTCAATCTCTATTTATTTTTTTATTCCTTTACTTTATACAAGTTTTTTTTTTTTTTTTTTTGAGATGGAGTCTTGCTCTGTTGCCCAGGCTGGAGT,N,no,no,N,0
chr16,29548462,29548706,TCCTTAATTTCTTACATATCGATTTAAGGGCCTGAATAAACCAACACATTAAAAAGGAAAAGAATAATTCACATACCAGCGTGAGTAAATTCAAGACTGAGATGATATAATTGGTACCACAAGTCTGGCAATTCTCCAGTTGGTCTAATCCATATGTAATGACCATGTCACAATGTATAGTCATGCTAGGATCCAAGCTGCCGAGCAAAACACCAACACACTCATTAGCAGCTGTCAACACAGCC,N,no,no,N,0
chr9,19623934,19624426,TCTCTTTCAATGACTTCTCTAAAAACGCTAATAGGGAAATATCCTGATGCCCTAGTTCCCAAGAGCCTGCTTGCAGAACTGGAGTGGACAGGAAACTGTCCTTTGATTTCCCACTTTCCTCTGAACGGCACTGTATGATCCTGCTTCTCTCTGGCAGGTCCTCTCCTTTTCTTTCCTTCCACATCAGACAGCTCAACAAATGGCCTCACAGTCTACAGGGCAATCCCCTAGGGAAATTTTCCAGGGCAGCAAGCTCAGCCTTTAGACATACATTGAGATTAACCGTCAGAGCACGCCTGGTCAGTTAACAAATTTACACCTTGTGGCTAAATGGGAGACCAATAATTATGAGCTGGAATTGATACCACAGTGTTGACACAGAACATGAAGGAACAGGATGAAAGCAGGGAGAGAAAAAGGTGGGCTTTATAAGGGCAGAAACGTCACCAGCTGAGAGTTTGAATTTTAAAAAATATATCTAAATACATGATTA,"[[19623939, ""C"", [""T""]]]",yes,no,C->T,1
chr3,63559834,63560211,CATATACCATAAATCCAGCATGCATGTTTATTTCTGGATCCATGTAAACATGCTCACAGGGCTTTTAAGCCTGAGGAAATATCCTGACTTCTAAACAGAAAAAGTTGATACAGCTAATCCACACATAAAGTGGGAAAAAAACTATTTCGTTATATAAAACCACATTCTACTCATATAAAATGATCTTGTAAAGGCATGCTGCTTTATCTCTGTGTAAACAGTCTTTCCCATCAAGCAAGATATGATGAAATCCTGAATTGTATAATACAATGGTAGGTTTTGTTTCATTATGTCGTGGGAGGAAGGAACAGAGAGAGATAATTCTAGTAATCAAAAAAGAAAAGTCTCCTAGATGAAACTTCTTTAATATTAAAAAAC,"[[63559894, ""A"", [""G""]]]",yes,no,A->G,1
chr12,54754179,54754389,CCCATCTTAACTGGGATCAGATGACATCTTACTGTGGTTTTGATTTGCATTTCCCTGATGATTAGTGATGTTGAACATTCTTTCAAATACCTGTTGGCCATCTGTATGTCTTCTTTTGAGGAATGTTTACTCAGATTTTTGCCCATTTTTAAATTGGATTAGTTGCTTTTTTTGCTATTGAGTTCTTTATATATTTTGGTAATTTATCCCT,N,no,no,N,0
chr6,166533464,166533898,GTTTGTGGCAGGGACACCACATTTCCCCGGCATCCTGCAGGTAAGTTGGGCAGTGACACCAGCAAGGGCAGGGGTGTGCCTTCCTGGCCTAGGCAATGAAGAGCAGGTGCAAAACGTTCCAGCTGCCACTCCCTGCTGTGGCAACTGAGGACACCTGGTGCAGGACAAACCGGGCAGCCTGGTCACTGAGTCACTGTGTGGAGGATGGAAGCCTTGGGTGGTTGCTCCAGCCCATGGTGGACTTTGGTAGGGTGACAGATGAATCTATCCATTCCATTGCGGCGAAGCTGACATGTTAGCTCCCAAAATAAGGCATTCTTATAATCAGAAAACAAAGGGCCAGGTTCAGTGGCTCACACCTGTAATCCAGCACATTGGGAGGCTGAGACAGAAGGATCTCTTGAGGCCAAGAATTTGCAACCAGCCTGGGCAGCA,"[[166533479, ""G"", [""A""]]]",yes,no,G->A,1
chr10,30172674,30173113,GGAATTAACTAGGAGATGTTAACTGGATCACTGTGTGTTAGAGCTGGAGGGTCCTGGACTGTCATCTGACCCACTCACACGTTTTGCCGATGAAGATGATGTAGTGGCACAGAGAGGTAAGAATTGCCCAAGGCAGAACCACGCAGAGGTTCACGGGGCCCCAGCTGTTTCCAATTCCTGAAGCAGGCCTCAAACCACAATTTCAAAATAAAGGCATATGAAAATCAAACAGGGTACCCACCAAAGTCATCTTCTCTAAGATAAATAAGTCTGTCTCCTCTCACGCAGCTGATATTAATCAAGGCGAGACTATCCGAACACCCAAAAACAAACAAGCAGTTCTCTCTCTTTAAGCTTTCAGCCCAAGCCAAGGAGCTTCTCACTCTCATTTCCTCTCCTTGCTTCCCGCTGTCCCTGACTCAAGGTGATACAAATGAAAA,"[[30172678, ""G"", [""T""]]]",yes,no,G->T,1
chr10,105691753,105692177,TAAATACAACCTTCCTTTTGTTTACTCTCCACACCCAAGACCCAATTTCTATATTGTGATGATGATGATAAAAATATTGATAAGTAGATGAATAGTTAAATAGATATGTGTGTATTTGATATAGGATAGATATATTTGATATGTATCTTGCTATAGCAAGAATGTCCTAGGGATATACAGATAAATGGAATCTTCAGATTTGCCCTGTTTGCATGTTGTGACAGGTACAACTGATAAGCCTATAGCCCCCTCTACTGGGAGGATTTTCCCAGATTTATCATATGCACCTCAAGCAGGTGGTCTTTGTAAACTTTCTTTGAGTACTCTTGATCATGCCCTAATTAACTTAAAATCCCACCACTGTTCTGATTTATAGGATGCTACATGGATCCAAGCGTCTAAAGTGCATGAACTCTTTTTCTCAA,"[[105691792, ""C"", [""A""]]]",yes,no,C->A,1
chr4,136329420,136329628,CAAGCCGCTAAGAGCCTATCCATAGGCCATCAGGCTTAAGTTCCACCTACTGGATCATAGGCCAAATTACACCACCAAAATATTTTGCCAGTATACAGTGCCTGTGAAAACTCAGGCAAAAATTCAGCCACACATAAAGATTATGTATAGAGTCTTGGCCCTTGGGCAGCACCTAAAATGAAGCCAACTAACTATACTCAACTTACATA,"[[136329425, ""A"", [""C""]]]",yes,no,A->C,1
chr7,34497064,34497451,GAGGTTCTTTAAGTCTAATGTGGAATCCTGAACTCTGTGGCACTTCCAGAAGCATTTTGGTGCCTCTGAAGTGAAGTTAAAATGGAAATCACTGCCTCTGTCTGTGGTTCTATGGCTTTGCCCCTTGGCTCCACAGTGATGGTACAAACCCGTTCGGTGAGTCACAGAAGAAGCTAAAGAGGTCCTCTTGGAAGGCCTTCCACTTTCATAGTCACAACCTGAACTGCCACACTGGCCTGAATGTGGCTGAGGATGAGCTTGTGGCTGCTTCACCAAAACCCACCACCAGGGGCTGGAAAATACTACAGTATCCCCACAGTGGTTTGTTTGTTATTATTATTATTTTTTCTAATTGTACTTTAAGTTCCAGGATACATGTGCAGAATGT,"[[34497109, ""T"", [""C""]]]",yes,no,T->C,1
chr13,64327480,64327876,TGACTCAGAACTCCCCTTGGTGTGGAGAATAACATTTGCAGTTCTCAGCTTGGTATTTAAAAGCCTTCATAATGTGTCTCAATCTACATTTCTAGAGTACTACTGCCCTTCCTCTGACCCACAATTAAGACTATTCCCCAGGCACAGCAAATTATACACCATTTCCAAAACACATTCCCTTTCATTGCTGCCTTACCTTTGGCCATGCAGATGCACTCTCCCTAAAATGCCCTTCACACATTACCATTTCTAACTCTGGCAGATTGCCATTTTTCTGTCAAGACCAACGTATTTGAAGTTATGGCCTCCCGTGAGACACAATTAATTACTACCTCCTTTTTCTGCAACACTTTGTTCATACTTTGAATATAGCAGTTTTATGCCATAAGATTTATTA,"[[64327485, ""G"", [""C""]]]",yes,no,G->C,1
chr10,11776063,11776529,GCCACTCAGAGCCCTGAGAGGTAGGCTTCCTTTTTATCTACCAGATCTGATAACCAGAGTTCTTGCTGGGGGAATACCAATGCTAGGGGCCATTTTGAAACTTTGTGGGAGCATTATTTATGGTGAAAAAGAATTGGAAACACTGCAGGCATTTAGCAGTCAAGGGCCAGGAATGTCAGATGTCTCATAAACCATGAGACAGTTCTGCAAACGCAAGTATCTCACATTCCACAGGACTGCATACTCAGGTAGGTGAAAACCTGCTTATAATGATGTAAGCCTAGACAGTCACTCCATTTTGCAAATAAACACAATGCGTATTTGCACAGTTGTGCTGTACACTGACTGTTTCAGGAATTTAACTCTGTAAGTTGAAACAAAATGGTTCTTCTTGTTGTTCAGAACTTTACCAAGAATTGTTCACCATTTGGAAAACTGTGTCCCCAAAAGCATTTCCTCACTGAGTC,"[[11776303, ""G"", [""A""]], [11776405, ""A"", [""T""]]]",yes,yes,G->A,2
chr1,78377470,78377749,GATGTACTGTACATCTCCACCTACATATGGCACTGTGGCCTGAATAAGCAGGTGCTAAAGGAGATGAGTCATCTGTAGAGCTCCATCCTGTAAAGCTATATTAGCTTAAAGGTTACAACATCATGTCTTTGAAATCTTCCCTTTCCTCTTTATTCCCATTGCTGCCCCAAGTCTTGTCTCTTATTAACTTTTGTCCACCACTATAGTTCTACATCATTTCTTTTTTGGTCTTCCACTTCTATTTCTGCAACCCAATAGCAATTAGCATTTTTGAAGGTTA,"[[78377493, ""T"", [""C""]]]",yes,no,T->C,1
chr5,57856990,57857297,CAGGTTGAATATTTAGCAGAAGTAATAGCTAAATTACTTCTTGTTAAGTTAGGAACCCATGCTCTTGGAGACTTCTATTTTTATCAGCTTAGCAACTCTGTTCATATGCCCATTATATCAGTTTTGAGGTAGACAATGACAGAGGCAGGCTGATGTTATCTGGCTGAATCATTTTGGTTTCATGGTTATTTAGTAACTCCACTGTGTTGAATGCTATCTGGTGGGTGTAATCATGTGATACAAAGATTTTATAATTTGAGCCCACTCTCATGTTTACCCACATGCCTCTACCCCTGATCTTTTTGTCG,N,no,no,N,0
chr19,282293,282605,TCGTGCCTGCACATACAGCTGGAGCGGGGAGAGGACGTGTTAGCCTGTGCACCTGACAGGCGCTCCCCCTCCCCCTGCACAGACGTGTTAGCCTGTGCACCTGCCAGGCGCTCCCCCTCCCCCTGCACAGACGTGTTAGCCTGTGCACCTGCCAGGCGCTCCCCCTCCCCCTGCACAGACGTGTTAGCCTTGCGCCTGCCAGGCGCTCCCCCTCCCCCTGCACAGACGTGTTAGCCTGTGCACCTGCCAGGCGCTCCCCCTCCCCCTGCACAGATGGCAGCACTGAGGCCGGAGGCAAACACTGGTCAGCCCA,"[[282317, ""T"", [""C""]], [282348, ""C"", [""A""]]]",yes,yes,C->A,2
chr15,81918802,81919111,GCTCAATCTGTTGCTTCAGAGGGTACAAGCCCCAAGCCTTGGTAGCTTACATGTGGTGTTGGGCCTGCAGGTGCAAAGAAGTCAAGAATTGAGGTTTGGGAACCTCTGCCTAGATTTCAGAGGATGTATGGAAGTGCCTGGATGTCCAGGCAGAAGTTTTCTGCAGGGGTGGAGCCCTCATGGAGAACTTCAGCTAGGGCAGTGCAGAAGGGAAATGTGGGGTCAGAGCCCCTACACAGAGTCCCCAGTAGGGCACTGCCTAGCGGAGCTGAGAGAAGAGGGCCACCATCCTCCAGACCCCATAATGGTA,"[[81918808, ""G"", [""T""]]]",yes,no,G->T,1
chr4,163795807,163796219,CCCCAAAAACTTAACAACTATAGCCTACTGTTGACTGGAAGCCTTACAAATAACATAAACAGTTGATTAAAACATATTTTGCACATTATATGTATTATATATGGTATCTTACAATAAAGTAAGCTAGAGAAAATAAAATGTTATTAAGAAAATCCCAAGCAAGAGGGAATACATTTACTATTCATTAAATGGAAGTGAATCATCATAAACGTCTTTATCCTCGTCTTCACATTGAGTAGGCGGAAGAGGAGGAGCAAAAAGAGGGGTTGGTTTTGCTGTCTCAGGAGTAGCAGAGGCAGAAGAAAATCTGCATTTCAGTGAACCCAGGAAGTTCCAAGTTGTGTTGTTCAAGGGTCAACTGCATATAAATATGTAAATGTGTGACTATATACTTCCAGAAAAGTGAAACTTCT,"[[163795877, ""G"", [""A""]], [163796165, ""T"", [""C""]]]",yes,yes,G->A,2
chr10,91860276,91860499,CCAGTAAGATTAATTCCTGAGATTTATTCGACAGTTAGGGCACTGCTTATTGAATATACAGAGCAGTAGTTTATCAAGCATTAGCATGCATTAGAGTCACCTAGATGGCTTGTTTAAATCACAGATTCTTAGGCTCCACCTTCTCAGTTGCTGATTTAGTAGATCTGGGATGAGACTCTAGAATTTGAGTTTCTACCAAGTTCCCAGATGTGACACTGTATTTC,N,no,no,N,0
chr18,45274097,45274358,TGGTGATAGCACAACCTAACTTGACCAACAATGACACCCACAACTCTGAGATCTTCTGTTAGTGTGTGGGGGTAGGGGAGGCCAAAGTACATGAATCAGCTGTGATTTGGCTGGGTTCTCTCACCCATGTTGACTTTTCCTGGGTCAATTCATGCAAGATGTGTGTTGTTCTTGTTAACGAGGCTAAACATCTGGCTGAATGAGAAAATTTTAGTCTGCTACTTGCTTAAATAGCAAAATCTAAACAATCTACTAAGCTGAA,N,no,no,N,0
chr7,147523062,147523430,AGTGCCTGTGGCCTGGGTCTCTCACAGTCAAGATGCAATCAAGATGCTGATGTCAGTGAGGGCCGCACTGATCATAAGGCCCAAGAGGGTAAAGATCCACTTCCAAAATCATTCAAATGCTGCTGGCAAGTCTCAGCTCTTTGCTAGTCATCGACTGGGCACATCTGTTCTTTCTCATGGAGCCTCATCATGGGGCTGACCACATGGCATCCCGGTTCACCAAGAGGGAGAGTTCTGACACAGAGAGAGGAGACAGCGAGAGAGAGAATGAATGCACAAAACAGAAGCCACAGTCTTGTAATAGTCTAATCATGGAAATGACATTTCATCACTTCACTGTATTGTATTCTTTGGAAGCAAGTCACTAGG,"[[147523248, ""G"", [""A""]], [147523399, ""C"", [""T""]]]",yes,yes,C->T,2
chr6,167707764,167708072,TGCTGAGAGGAGTATCACATCAAGAAACCCAGTCATCCGGGGAAAGTCGGCACTTCCCGAATTCCCGCGTAATCAGTCACTGAAGAGACGGCATGATGAGCGAACTCTGGTCTATCCGAGGCCTGGGAAGCTGGCTCAGAAGCAGCAGCTGGAGAAACACACGTATGACAGCTGTGGCATTTTGCTAAATATGTTGTCACGATGCCCCATGGCTACAAGGAAAGAGCTTAGCATGTGATGGGGAGGGTGGAAGACACCCCACAGTGCTCAGGGGGGAGGCTGAGCCTCTGCAGCCAGGTAGACCTCTTG,"[[167707771, ""C"", [""A""]]]",yes,no,C->A,1
chr20,43107553,43107807,TCAAGATCAGCCTCCTGGTTAATGTCTCAATAGGCAGATGGAGTCAGCCACGTTAACAGGCACTTTGTTCTCAGCTTAAAGGATCAATATCGCAATTACACAGTGCCAGCAGAAATTAAAACAGGTTTACACACTAGGGTAATCTAAACACAAGAAGAGGAAAATCATCAGGAACTCGGTTCCTGAACAGAGTCCAGAAAAACAATTTAAAACTCGTAACATAGCTGTGTGTGTGAAGAGGGATGAGGCGAAGAA,N,no,no,N,0
chr3,181271535,181271793,TGAGCGGCAGGTGAGTGAGCATCACAGCTGAGCTCTGCGTCCTGTCAGATCAGTGGCAGCATTAGATTCTCATAGGAGTGCAAACCGTATTGTTAACTGCTCCCACGAGGGATCTAGGTTGCCTGCTCCTTATGGGGATCTAATGCCTGATGATCTGAGGTGGAGCAGTTTCATCCTGCAACCATCCCTCATTCCCCCCACCTCCCCTGTCTGTGGCAAAACTGTCTTACATAAAACTGGTCCCTGCTGCCAAAAGGGT,N,no,no,N,0
chr9,39120345,39120706,TCCAGAGAAACTATCCTTCAAGAATAAAATGGAAATAAAATCTTTTTAGGCCGGGTGCGGTGGCTCACGCCTGTAATCCCAGCACTTTCGGAAGCCGAGGTGGGCGGATCACGAGGTCAGATCGAAACCATCCTGGCTAACACGGTGAAACCCCGTCTCTACTAAAAATACAAAAAATAGACGAGCGTAGTGGCGGGAGCCTGTAGTCCCAGCTACTCAGGAGGCTGAGGCAGGAGAATGGCGTGAACCCGGGAGGCGGAGCTTGCAGTGAGCCGAGATTGTGCCACTGCACTCCAACCTGGGCGACAGAGTGAGATTCCATCTCCAAAACAATAACAACAACAAAAAACCTTTTTAACACA,"[[39120385, ""C"", [""T""]], [39120437, ""G"", [""A""]]]",yes,yes,G->A,2
chr14,78647210,78647559,AACCAAACTGTAATTCAGATATTGTTTGTGCTGTTTTAATCAGAGCAGCTAGAGGAAAACTACCCTGGATGTTTTTCCCGCCCCTGCCCTTCATGTTCTAAGGCCCAACTCTGCTCTGTGCCCTTGCGCAAGCCATTTGACCTTTCTCCACCACAGTCTCCATTTGCAAAATGGTGGTTACAATCTTCCGCAGCCATGTGTGGTGGCTAAATATGCAAAGCACCTTATGTTCCAGAAGGATTATGAGCTCATCCATGGTCTAGGTATAGACGTGCTGTGACGTGCACATGATCTACAGGCTGAGCTTTCTGTTTCAAAGGTGACTGCATCTGTCTGGCACCAAGGATGCA,"[[78647227, ""A"", [""G""]], [78647336, ""G"", [""C""]]]",yes,yes,A->G,2
chr1,78828259,78828520,AGAAGGCCCTAAGAAGAGCCGTGTCTGGAAAGGGTGTGGACTGCTGAAAGGGGCTGCAGCAGTGGCTGGCCCATCAGAGGGAACAGGGATAGGCTGATTTGAGGGATTAGTCAGATCTAGCGTATTCTTTAAGGAGAAAGACAGGTGTGTGAATTGAAAGTGCTGTGCCACTAAAGAGTATAATATTTTGGGTCCAGGTAGCTTTGTTGTGGTTAGCCTCTGTCTGAATGTATGTGAGGAGAGTACATCCTTCTCTTTGACC,"[[78828500, ""C"", [""A""]]]",yes,no,C->A,1
chr1,121104270,121104685,CCCCTCCTCTCTAACTCCTCATCCTGTTACATGAGTTTGGAACATCTGGATCTATTTTTCATATCATTTAACTTTTCTTTCATCTCTGCATGCATCTTTTTATATGGCTTTGTGGAGGAATTTCTGGCTTATCTTGATCATGATGAGGCGGGGGAAACTCAAACTATGTGTTTCCTGTGCTTTCACACTACAACAATCAACACAGAAGACTGACGGCGGAGGGGGGTTCTCCACACAGCAAGCAAGCAATCAGTTCTGCAGTGGACACCAGCTGAGTGTACTCCAATTCAATTTTTACACTATTTATCAGGAGATCCCACAGGTTGAGGACTGAGTCTACCAGACTGCCCCCACTTCAAATGCCAGTTCCAAGTCTGGGCCTCCAGAACTTCTGACCAACCATTTCCAAGCTGGGG,"[[121104410, ""C"", [""T""]], [121104422, ""A"", [""G""]]]",yes,yes,C->T,2
chr1,214330306,214330572,TGACTGCACTCTGATCTCAGGACCTCTCTGCTGAAGAGCTTGTCTGACTTGGTGGATCTCCTCTAGGATCTTTTTGACCCTTTAAACCCTCCTTACAAAGACAGCCAAAGGGAATCTAGTTAGACCAGGTCTCTGTTCAGACCTGCTCCTAGTAGCTAAAGAAAACATTTCCATTACACTGTACAAACAGGAGAAAGGTCTGCCGAACTGCTCTTTCTTGAAAAGAAACAACTGCTCAAAGGAGGAGGGGGGAAAAGCACATGAGTA,"[[214330358, ""C"", [""T""]]]",yes,no,C->T,1
chr3,26422556,26422768,GCTTCCACCCTTCAGATGGAAACCTGCTTCTCTTCTTCAGGTTATTTAAATAGTTGTCCACTGTTGAATCTTGGAGGTGCTACATTGAGGTTTTCTTTTGTTATATTTTCAGTTCCTCTTACATGACAAATATAGAAAATCACATATATATTGAACATTTTGACCATATTCTCTATAAACATTTATAAAAAGGGCAGAGTTAAACATCTTGGG,N,no,no,N,0
chr11,109885170,109885403,CATCTTAGTTTGTAGTCAGGGGAAGGCGATTATCGAGTAAAATACCCTTATGTGCCCTGAGATCTCCCACAGGACCCTCTATCCTCTGAGACTCCACCTAACTGGGCTTCGTGCCCAAAACATCAGCAGTTCCAACCTAATAATAAAAACGAGCTGGAAAATCGTATGTAAAGTTCTGTTTCTAATACGAAGGATGAATAATATATTTTCAGGTCAAATATGAGAAGACATATA,N,no,no,N,0
chr15,56232210,56232513,ACCCCACATTTCCATTCCACACTGCCCTAGCAGAGGTTTCATGAGGGCTCCACCTCTGCAGCAAACTTCTGTCTGGACATCCAGCTGTTTCCATACATCCTCTGAAATCTACGTAAAGATTTCCCCTTTTAGCCATGGCTGGAGCTGCTGGGATGCAGAGCACCAAGTCTCTAGGTTGCAAAGAGCAGGGAGGCCCTGGGACTGGCCCATGAAATCATTTTTACCTCCTAGGCCGCTGGGTCTGTGATGGGAGGGGCTGCTATGAAGACCTCTCACATGCCCTGGAGACATTTTCCCCATTGTC,N,no,no,N,0
chr10,74371692,74372020,GGACCTGGGAGAAGCTTCTGCTGGCAGCTTGTGCCATTGTTGCCATTGAAAACCCTGCTGATGTCAGTGTTATATCCTCCAGGAATATTGGCCAAAGGGCTGTGCTGAAGTTTGCTGCTGCCACTGGAGCCACTCCAATTGTTGGCCACTTCACTCCTGGAACCTTCACTAACCACATCCAGGCAGCCTTCCAAGAGCCACGGCTTCTTGTGGTTACTGACCCCAGGGCTGACCACCAGCCTCTCACAGAGGCATCTTACGTTAACCTATCTACCGTTGCTTTGTGTAACACAGATTCTCCTCTGCACTTTGTGGACATTGCCATTCTA,N,no,no,N,0
chr21,5985515,5985843,GAAGTGCATGTCTTCACCTCTAGTAGTTTATGCTGGGCTGTTTTGCAAAGTGGTTATATCAGGTGTGAACATTTACCAACAGCAAAGGAGCGTTCTGGTTGCTTTTCTTTCTTGGAAACACCTGGTATTGTCAGAGATCTTCATTGTAGCCATTCTGTGGGGATGGAGGGCTGGCTCATTGTGGTTTTAATTTGCATTGTTTTTATGAGTTCTGAAGTGGAGCACCTTTTCCTGTGTTTACTGGCCATTTGGATATCCATTTTTGTCACAACCTATTCAGAGCTCTTGCCTTTTTTTCTTTTAGGTTGTCTGAATTTGTATATTCTGGA,N,no,no,N,0
chr10,64316506,64316785,CACCCTCCTGTTTCAACTCAGAAGTCCTTCTCCATTACCACCCCTGTCAGGTGAGGAGCTGCTGTTTCTCCTACTAATGAGCAGAGCAGGTCAGTGGTATTGATAGTATCTACTTCCTCAGGGAATCAGTGGGTCATCCATCACCATTAGTGCTTCCCCGGGGGCCTCCAAGATGTTATGAGGTGTTGTTACAGGTAAAAGAGATTCAGTGCTGCTAGACAAGCAGGGAGCCTGACAGAGCATGTGAAGGTCCAATGGGAGCAGAACTGGGAAGTGGGTT,"[[64316555, ""A"", [""G""]]]",yes,no,A->G,1
chr17,41601204,41601452,TGCACATGCATTTACATAAATGAGGGATGAGGGGTTGGCTGTTTATTTCACATAAGTGAAATCAATATCCTACATGTACATTTCTGCATTCCACATTTCTCTCTCTCCAATCCCTGGAGGAATCCCTCCTTGCCATCCAATAAATAGCTCCAATTTATTGACTATAATGGCTGCTTAATACTCCAGGGTAGCAGTGGACCATTATTTATTCCACCTGTCCACTATCAACTTTTAAAAATGTGTTTGCCA,N,no,no,N,0
chr6,16944527,16944915,TGTTAACCAGGTCTTTTCTTGTTTCTGAGCCTCACTGCAGTTCTAATCTCTAGATTTCTGTGCCATTTTCTGGACTAGAGCCCGCATTTAGTAAGCAGCCTGCACTCTAATTTCTCTCAGATATAAAAGTCCTGCCTCATTCTTGGTCTTTCATCACTTTAAAGACATCGATTCACTGTCTTCTAGCTGCTGAGGCTTCTGCTGACACATTCACAGCAGAATCATTGTTCCCCTGTATGTAATGTGTCATCTTTTTCTAGCAGCTTTCAAGATGTTTTTGTTTTAATCTTTGGTTTTCAGCAGTTTGATTATGGTGTGTCTGGTGTGGTTTTCTTTGTGTTTATTTTTTATCATCTTTGGGATTCATGGAGCCGCTTTAGTCTACAAAT,"[[16944602, ""C"", [""T""]], [16944872, ""G"", [""T""]]]",yes,yes,C->T,2
chr7,68172117,68172332,CAGTGTGTGTAACTTGTAGCTTCAACTATGGAACCGATGTTAAACTTATGGAAATAGAAGAAAACCCTTATGCCACAGTGTGAAGGAGGTGAAACAGAAGAGGAAGAAAGCTGTTGATGAAAGCTTCTGTTGCATATTGATAGCAGATGTGTCGGGGCAGTGAGAGAGGCCCTTTGGGAGAGACACACAAGAGTAAGGAAGCCTCTAGAACAGAGA,"[[68172154, ""C"", [""T""]]]",yes,no,C->T,1
chr2,115981071,115981357,TCATAGTAGTAATAAATGATCGTATTTCTGTGGTGTTAGTTGTAACGTCTCCAGTTTCATTTCTAAGTGCACTTATTTGAATCTTCTCTCTTCTTGGTTAACCAAGCTAATGGTCTGTCAATTTTGTTTATCTTTTCAAAGAACCACCTTTTTGTTTCAGTGATCTTTTTATTGTGTTTTTTGTTTCAGTTTCATTTAGGTCTGCTCTGATATTTGTTACTGTTTTTTTTCTTCTACTAGCTTTGAGTTCAGATTGCTTTGTTTCTCTACTTCCTTGAGGTGTGACA,"[[115981099, ""C"", [""T""]], [115981339, ""G"", [""A""]]]",yes,yes,G->A,2
chr7,158023717,158024207,ATGCCCGGTTTGTCATCTCCTCCTTACCCTTGCCCTCATCAAGCCACTCAGTCATGTCAGTCCCTCCTGAGTCATGCACATGCATGCAGGCACACACAAGCAGGCACACACATGCAGGCACACACACGTGCAGGCAAACACATAGGGCCTGGCACAGACATGCAGGCACACACACGCAGGTAAACACACAGGGCCTGGCACACACTCGCAGGCACACACATGCAGACACACATGCCGGCACACACACAGGGCCTGGCACATGGGTTCTATATTTGGTAGATACCACCATTACCTCCAAACAGAGCTGCTAACCACTGGTATCTATCAGCAGTTTCAATTCCTCTTGATGTGTGAGGGTCATTTTGTCTTCTATGACAATGCCAAACACACCCCAGCAAAGCTCTGGGGTAGTGTGAACATGTCCAGTGCACCCCAACAAAGCTCCGGGATGTTGTGAACATGCCCAGTGCATCCCAGCAAAGCTCTAGAGC,"[[158023723, ""A"", [""G""]], [158024138, ""C"", [""T""]]]",yes,yes,C->T,2
chrX,54166985,54167366,CAGTGTGTAGAATGAAAACAGTCCTTTTACTCTCATTCCTTGGAAGTAATCGCTGTTCTAAGCCCCACCCCTGAAGAGTCTGATTCAGTAGGTCTAGGGTCAGGCTGGAAATCTGTTTTTTAACAAGAACCCCAGATGATTTCGTGATGAAGCAAGTTTAAAAAACACTTATCTAGTCAGATCACACAACATGGCAATTTATTCCTAGCAAAATACAATCTGCATTCAATCCTGACAGGGCAAAGAGCCAACAATGACCGTCAGAATAGTGAGCACTCTGGCTCAATTTACACATTTATCATCACTGTTACCACCTGTAAGCGCCTGGCCCAAATTGGTCCAGTTTAGTCGTTAACCTTGCAATTTTCCAGGAGAGTAAAAT,N,no,no,N,0
chr2,164114947,164115305,CACACTATAAAGTTATCTAATGCTGTATTAAAAAACACCACAAACTTAGTGAATTATAACAATAACCATTTTTTTTTTAAGTTCACTATCCTGGGGTTGGCAATATAGACTTGGCTCAGAAGGTGGTTCTTCTGGTTTGGGCCAACCTCCAGTAATTAGTCTGTGCTTCCTCAGGAATTTGCAGTCAGCCAGCAGGTCAATTAAAGGCTGCCTAGTCTAGGATGGCCCCAGCATGGGTGCAGCTTTCTACTCCAAGTGCCTCTTATTCTCCAACAGGCTAACCCAGGATATTCACATGAGAGCTGGACAAAGATTTAAGACAGCCAATGGAAGTAGGCTCTCACTTCCATCACATTCTC,"[[164114952, ""C"", [""T""]]]",yes,no,C->T,1
chr9,92432308,92432783,AGAGCAAAACTCCATCTCAAAAAAAAAAAGGAAAAAAGAAAATGGTAATTTGACCTTCTCTTTAATTGCTTTTAAGGGACTAGCTCTTTGTTTGAAAGACATTTTGTAAATCTTTAGTATCTAGACAGCTGGACTATTTATTGTTCGGTCTTTCTCCCAGTTAGCTCCTATAAACCACGAGATGAAAGTACATTTCAAATCAATAAGCCATGTGACAACAAAACTAGCAGATGTTGTAGAATCCTTGCCAAATAAGGAGGATTGGGTATAAAAGCCAGCACACAACCAATCACAGGCTGCAGAAGAAGCGAGAGAGCACTCATAGGCACGGGGAGCAGCCAGTACTCCACCCTCACAGAAGCAAAGTCCCAAAATTATATACACGATTAAAAAATTATTTTCTACATAATTAATTCAAAGTTTCTTCTACAATGACTGGTAACTTAGTACTTAGCATTTAGCAGTTTTAGAAATCA,"[[92432313, ""G"", [""A""]]]",yes,no,G->A,1
chr5,27252805,27253248,CAAAACTAGGAGCTGCAGTCTTACTACTAATTCTCCTCTTATACATACTTTCCAGGAACAGAAGCCTAGTAGAATCTTGAAGGAGCTTGCCTTAAATGTGTCACATGGCTCCAGGTAGAGTAAGATATTATCTGTTATGGACACAAAGGTGCACCATCCTATTTATTCTACAAAGAAGGGTGCTGGCCAGGTTTTAGAAGTGTCAGCAGACTGTGGTCAGCTGCTTTGAATTTTCTTTAGCTGTAGACAACTGACTTGAACAAGAGCACATCCTTCCCAGGGTGACTCATATCGAAAGTCTCATTATAGCAGGTAAGTAAGTCACTGCCATGTTGGCTCAGGACAGGGGAATTCTGAAGACTCTGTGTGACGGGGCCTGGGTGGAATTGGTCAAGACTTCTTTGGCCTCATACCACAGTCTGTCTTCTCTCACTGCTTAATCTT,"[[27252875, ""G"", [""A""]], [27253024, ""A"", [""G""]]]",yes,yes,G->A,2
chr3,191385048,191385547,TTCTTTAATTAACTGTTGATGGGCATTTTGGTTGATTCCATGTCTTTGCTATTGTGAAGAGTGCTGTGATGAACATATGAGTTCATGTGTCTTTTTGATAGACTGATTTATTTTCTTTTGGGTATACACCCAGTAATGGAATTGCCAGGGTAATGGTAGCTCTATTTTTAGTTCTTTGAGAAGTCTCCAAACCGCTTTCCAGAGGGATTGAACTAATCTGAATTCCCATCAACAGTGTAAAAGTGGTGTTCCCCTTTCTCTGCATCCATGCTAACATCTGTTATTGTTTGACTTTTTCATAGCCATTCTAATTGTTGTCAGATAGTATCTCATTGTGGTTTTGATTTGCGTCTCTGATAATTAGTTATGTTGAGCATTTTTCATGTTTTTTGGCTGCTTGTATTTCTTTTGAGAAGTGTCTGTTCATATTTTTGCTCACTTTTTAATAGGGTTGTTTTTTCCTTGTTCATTTGTTTAACTTCCCTAAAGAGTCCAGATAT,"[[191385125, ""C"", [""T""]], [191385174, ""T"", [""C""]]]",yes,yes,T->C,2
chr12,1891661,1891960,CAGAAAAGCAATGCAAAGAAATAAAAAAAACTCAGGATATGAATAAGAAATTTGCTAAGAAGATAGATATCATTACAAAGAACCAAACAGAGATTCTGAAACTGAAGAATTCATTAAATGAAATACAAAATACATTTGTAAACGTTAACAATAGACTAGATCAAGCAGAAGAAAGAATTTCAGAACTCGAAGACAGGTCTTTTGAAATAACTCAGACAAAAAATTTCTTTAAAAAAAGAATAAACAAAGCCTATGTGACATATAGGACATCATTAAGTGGCCAAATGTTCACATTTTTGG,"[[1891752, ""A"", [""G""]], [1891883, ""T"", [""A""]]]",yes,yes,T->A,2
chr17,30173591,30173976,GGAAACCTGCATAAAGATAAGTTTATTAAGCACTTTCTATGTGCCAGGCATCATGACAACTATGTTTTAAGAATGATCTTTAATTCTTACAATAATTCTATGAGATAGATGCTTTTATAATCCTTATTTTATAGTTAAGGAAATGAAGGCAAGAAGAATTTATGTGACTTGCATGAGACCACATAGTTAATAAATGGTAGGGCTGTGTTCAAAACTAGACAGTGAAACCTCAGAACCTAGGCTTTTAACCACTGTGTTTCACACCCTCCCGGACGAATTGGCACAGAAGGATATATTTAGTCATTTTAAGATAATGTCAGAGTTTCACAGTGAAATATAATGTGTAACTCAAAAGCCTCAGAATGATTTAATATACACATAAAACA,"[[30173942, ""G"", [""A""]], [30173943, ""C"", [""A""]]]",yes,yes,G->A,2
chr10,89444920,89445183,TAGCACATGGCACACCAGGAGATTTTATCCTGTGCCTAGCTCAGCAAGCCCTACGCCCATGGAGCCTTGCTCACTGCTAGCGCAGCAGTCCGAGATCAAACTGTGAGGCGGCAGCCCGGCTGCGGGAGGGGCATCTGCCATTGCTGAGGCTTGAGTAGGTAAACAAAGTGGCCAGGAAGCTCAAACTGGGTGGAGCCCACTGCAGCTCAACCAGACTTCACCTCTGGGGGAGGGCATAGCTGAACAAAAGGGAGCAGAAACTTC,"[[89444925, ""A"", [""C""]]]",yes,no,A->C,1
chr20,58586004,58586443,CCTTCCAGAAGTGGTTGATAGAGGCTGAACAGAAGAGGGCTTGTGGCCAGATGAGCTGGATTAATCAAAGTTTGAAAGCTGCCTGTCCTGCAGGACTTGTCAGAGCTTTGACACTGCCCATGCTCCACTCATGTCTCAAGTCCCTTTAGCACTTCCATGTCTGTTCCCGGGAGCTTTCACTCCCAGGCTCCAGCACCTGGGTCTCTTTGCTAAAGACTGCTCTCATGCTTCCAGAATTGATTTCGTCTGCCAACATGATGAGCAGGAAGTGTCTGGAAATTCACATCCCCTGCCTTGGGGCAGCTTTAACCAATTAACTAGGGAATGTGGGTGTGAGGGTATAAATACCTCAGCTCCCTTGCCCTGATGGGACTGTTTCCAGAGTCTGCCACAGTGGTGGGCCAATGCTACCCTCCATGGAACTTGGTTTGTTACAGCCT,"[[58586219, ""G"", [""A""]]]",yes,no,G->A,1
chr18,49446509,49446916,ACAAGTACAGGGTTGAAAAACCAAATAAGCCATATATAAGCTACATCACATTATGGTTACATTAAGCACAAGAAGCCTATCAACAGTCAATAAATATTTCCTGAGTGCCCACTATGTGGCCAGCAGTATGCAAAGTGCCAAGGTTAAAGTTGTGAAGAAGCGAATGATATACAGAGATACGGATACATCAACAAGAAATGTTAAGATGGCAACTATTCAAGCTTCCAAGGGAAAGCTTCCAAGAGTTCATACCATAAAAGTTAAGACCAGCTGGGTGCAGTGGCTCACGCCTGTAATCCCAGCACTTCGGCAGGCCAAAGTGGGTGGATCACCTGAGGTCAGGAGTTCGAGACCAACCTGGCCAACACGGTGAAATTCCGTCTCTACTAAAAATACAAAAATTAGCTG,"[[49446669, ""G"", [""C""]]]",yes,no,G->C,1
chr11,75470657,75471098,CAACAAATGTATGCCTTCAAAATGGGAAAAAAATTTTTAAAATAGAAAAAAATACATCTTAATCCATCTGGAATTTATTTTGGTGTGAAGTAAAAGGCAGGGATCTAATTTTACTTTCACCAAATGGATGCTTCAGCTGTCCCTACATCATTTGTGATACTGGTAGTAATTTCTACATTTGTTCACCACACAGTGAGTTCTCAGATGCCTGTGGTTGTGTTTCCAGGTTTTCCAACCTGGCCCAAGGCAGCCCTTTCCCCCTTGTGCGGGCTCTGCCTGGCACAGCTCCTTTCTGCTCAGCCAAGCCCTCTCCCCAGTGGTTCCAGCTCTTCTTTGAGGTCCCAGAGCCCAGCTGCACCCTCAGCACACGGTCCTACAGAGACCAAGAGGGAGAGACTGAAGAGTGCCTACTCCTGAATCTGCCACCTGCAAGCCAAATCTT,"[[75470694, ""A"", [""T""]]]",yes,no,A->T,1
chr17,34122169,34122502,ACTTGCTTGCATCATTTCATTTCCTTTTCCTACCCACCCTGTCAGTCAAGCATCATTATCTTCCTGGTATTCCCAAGGAGGCTGAGTCTCAACGAGATTAAATAAGTGCTCAGCACACCCAGATAGCAAGTGGCAGAAGGGGCACAAGGGAGGGAGGGTCCAGCCCAGGCAGCCGACTCCACCACACTACCAGAATGAATGAAGGAATGAGCCAATCATGTCAAAGTCTCGCAATTAAAAGTTATTCCCTGTGGTTCACGGTTCATCGGAATGCAAATGGAGACCTCCCCAGTTCCACCTGCCACTTCGATATCGACTTGTTTCTCATCTAGAG,"[[34122321, ""C"", [""G""]]]",yes,no,C->G,1
chr18,74176932,74177259,ATTCTGCTGTCCTTTTTCTGGGGACAAGGGCCTTTGTAAGGATTCAGTAAACATGCAGCAGTGAGAATGGGAAAGATGCCTCGCAGGACTGCCGGCGAGCAGCTCCTTCTCCAGAGCCCCCGCTGCACGGCCGCTCTCCCTCGCAGCCTCGCCTCTCAGGGGTGCGCCCATCTGTTCACACGACATCTGTGGTAATTTAATAAACGTGGGCACACAGAAGGCGGCTCCGCTTTGGGAAGACATTTAACCTGCTGCAGAGGTAAATTATTTGACTCTACCCGGTGAGAGCGAAGAAAGATGTCCTTAATGCAGCTTCTGCTGGGCTCCG,"[[74176991, ""G"", [""A""]]]",yes,no,G->A,1
chr4,90226810,90227178,GAATCCTCTGCAGGATTCAATGTAAGGTCATACTTTTCCAGATCATCTCCCAGCCAATGACTGAGCATGATGGGGTACTAGGGACCTGACCATTTCTTCCAATGTAGGATTCACTTGACCAGTTGTCTTTTTGGCAGAGTGCCACATGGGTTAGTCAAGACAGTGTGGAATTTTTATTGCATTCCCTGCATTGTTCTCCATGTCCAATTCTTCTTACCCTCTTTTTTCCCCCCACAAATGTCAGATCTGCCTTGTGGTCTGAAGGCTTTCTCTGCATAACCCTTTTTCATTCCCCTTTACCTTTCCTGGTGTTACTCCCAGCAATCTCGTACTTCTAACTCTGGCTCAGCATCTGCTTCTGAGCAAGGT,"[[90226830, ""G"", [""T""]], [90226831, ""C"", [""G""]]]",yes,yes,G->T,2
chr7,155093653,155093943,GCTGTCTTTTATTAGATTTTAATACCCTCATTCTTTATCACTCCCTAAGCCAGCTTATCTTGTCTCAGCTGCCTATGAAAAATGAGTCAAGGGTCTCAAATGTGCAGTCAGGCTACTCACATGTCTTGTGGTTTAGGAGAACAGAGAGTTCTAACCGCAGTGCTCAGGTCAAATCTTCCAGCAAGCATTTATTTCCTAGAACAAAGCCTTCTCAAAGAACACAGGTTTCCACCTCATACTGGCTTCTCTTACCTTAAATCTTTTCCAGTAGAAGCAGAAGAATAAATGGAA,"[[155093678, ""T"", [""C""]]]",yes,no,T->C,1
chr2,11009058,11009268,TGCCATTTACTTTGTAGGCCCCTCTTGAGTTTCATGAAACCCAAGGAGCGACTAGTCGATCCCATGGGGGGCCACTAGATTCTTGTCTTATATAGAAGCACAAGCACAGAGGAAGGTTACCTCTTCTGTCCCTCTGACATGAATGTTCTTGAGCTGGGCCTGGGTCCAGGTGACTGGAGATGTTGCTATGTGTTAAGAACGCATTAATTTC,"[[11009113, ""A"", [""T""]], [11009130, ""T"", [""C""]]]",yes,yes,A->T,2
chr5,31157729,31157990,CATCTTTCTCGTCCATCCTATCCTATTCCACTACTGTACACCCTATGATCCCTGTCTTCTCTCCCCCTATTCCCTGTTCCCTCACTTTTCTCTTCTCTTAGCTGTTCTAGCTCTCTATGTATATTTGCAAAGCCTGCATGACTGAAAGTGTGTTATCACTTCCTGTCTTCCTCAGGACTTAGACAGCATGACCTCTGAAGTGTGCATAGCTCGGCCATATTCACAGTGATCCTAGCCATGCCCTCTTCCTGTCGCCTCTGTT,N,no,no,N,0
chr7,27214650,27214930,AGGGAAAAGGAGAGGAAGAGGCTAGTAGGATTCCTGGGTGGCTGCAGCCCCAAAGTAAACCCCATGCTTTGAGTGCCTCTGCATAACAAAGTTTCCCAGGCCCCCCAGACTTGGAGGGGGGTGGTTAGTTATGCAGCAACTAGACGTTTGGGAACAGCAAGACCCTGGCAGGAGGTGCAGACTAAAGCTTTCAGGTTCCTACCTCTTGTTCTTTCCTACCCCCTGTGTCTGCCTTTCTCTCTGCCACCTTTCCAGAGACTCAGGCCTCCAGGAGCAAGTGG,N,no,no,N,0
chr10,33379533,33379782,TCTATGGATGCTTCTAATCCATTGCTTCTAACTCCAACTTCTGCCCTTTCAATTACATACAATTAATTCTCTAAAGCAAGGGGCAGACTCGGGAGACATCACTCATAAATATTAATTAATCAATTAACATATTAAAAGCAATTCAGTCAACAAAACATTTGTTAAGCACTTACTACCAGACACTGTGTTTAATGTTGAGAATACTGAAATGAGTAAAGTTTAAAACCTAAACTTAGGGGACTGTCAGTCC,"[[33379602, ""C"", [""T""]]]",yes,no,C->T,1
chr18,60664660,60665136,CCTTTGGCCACAGCAGGTCCTGAACAACCTGCTCTAGAATGTTGCATCAAGAGTTCAAACATCAAAATACAAAATACTAAGAGGAAATCTCCATTGGTCTACAGGGGCTGGTTACCGCTTTTTGCTAAGAGGAAGATCACATGACTACAAAATGGGGAGAAAACTGTTTGCCTGTGGTAGACACTTGCACGCATAGGATTGAAGACAGTACAGGCTTCCGTACAGAGAAGTCTCTCACACCTGAACTGCATACTGAGCAGGCAAGTTGGTTTAAGTTCAGTAAAACCTTCTGATGATGCGAAAAAAAGTATTAAGTTTCACAAGCTGTTTGCACTCAGATATACTTTCTCAGTTTCAGATCTTCTGCTATTTTACTGAGTGGAAAGTCTTGAGCTAAAAGGGTTCAAGAAGAATAATGTTGCATTTCCTTATGACTCAGGAAACACTTTTTATGGAAACTTGTCAGATTGTCTATAA,"[[60664686, ""C"", [""A""]], [60665093, ""C"", [""A""]]]",yes,yes,C->A,2
chr3,160115526,160115750,TGCTGATTATAGAGCCACTGGACCTTAAGCAAACATAGGCAGTTGCTAGGGAGTGGTTACAGTAGGCTTTGGGCAAGACCCAGTGCTGTGCTGGCACTAGGTCTGACGACTTCAGGGTCAGACTAGTGGTGGTGGCAACAGGAGTGCTTGTGTCACTTTTCCCCAAGCTTTAGGTGGCTCAGAACAGAGAGGCTTCATTTGTTTGGGAGAAAGTAAGGGAAGAGA,N,no,no,N,0
chr5,86038507,86038945,AGAGTTGACATGAAGAAAAGATTCTCATGGTCTAGTTTCCAGGAAATTTTCCACCACTGGGAATGATCCAATTATAAGTCTTTTAAGCCTCTTACATTAAATGCAAGTCACCCTTAAAAAAAATAGAGAATCATTTTCAGGGCTAGTATAGGAAGCTCATTTTGAGGAAGGAAACACTCCCTCAGTTGTAGTGGCTCCGTTATAATGCAGGAAATGTAGCATTTGGTCCTTTACTGATCCACATCGAATGGGAGGAGTAGAAGTAAGTAGGTTATTATGCCAATTAAAGAGGCTGCGTAATCTTCTGCATGCCTCCCTTCGTTACTCAAGGGAAGGCTTCTGACTTGATTAAAATCTTAAGATTCAGCTGTCTTCCTCTGGAGAGGGAATTTTACTAATTCTTCCTATTTATCCACATAATTGACTATAGATGAGAGGC,"[[86038691, ""A"", [""G""]], [86038803, ""A"", [""G""]]]",yes,yes,A->G,2
chr10,75443475,75443712,TATATTATATAACAATAAATGTGGTATATCACATTTATTGATTGCGTATGTTAAACTATCCTTGCATTCCAGGGATAAATCCCACTTGATGATGGTGCATGATTCTTTTAATGTGCTGTTGAATTTGGTTTGCTGATTGTGTTGAGTATTTTTGCTTGTATGTTCATCAGGGATATTGGCTTGCAGTGTCCTTGTCTGGCTTTGGTATCAGGACAATGTTGGTCTTGTTAAGTATGTT,"[[75443486, ""T"", [""A""]], [75443709, ""C"", [""T""]]]",yes,yes,C->T,2
chr5,70555185,70555386,GATAAAGATCAAAACGTCACCTTTATTACTTACTGTTTGAAAAATAGTCTAAGGCTGGTTTTACAGGGTTGCTCCTATCCATCACCTGATGTGAAGTTTCTTAGGAAGCTTCAGGACTACACCAAAGAAGCAGAACCTGCTCTTTCACTCTGTTGCATTGTGTGGAGTGCAGGCCATCATGACTGCTCTCTACAAGAAAAAG,N,no,no,N,0
chr11,89930566,89930955,TGTTTTGTGGATGGTGAGAAAGTCACCAGAGGAAGCAGGAGAGAAGTGGGAGAAGTATTTCAGCAGTGAAAAAGTTGATGATTTGTTGTTCATACCTATACACATATCAGTTAACAGTTCTGAAAAATAGATTGAAAAAACTGTGGAGTGTTAGAACTGTATAAGTCTCTAGGGAAGCTTGTTTCTAAAAGGCAGGTCTAGCTGCCTAGAACAAGTTTCACATTCTTTATCTTGAAAAGGAAGCAGCAGATGCAGCAGTCTCCCCAGAACCCCGCTATTTCAGACAAAGGTGTCAGGGGAGTCTGCCAAGAAGTGGAACTCAGAATTTCGTTTCTAAATATTCTCAAGGCCGTAAGGCTAAGGAACCTTAAACATTTGGGGCAAAAAATA,N,no,no,N,0
chr1,166197629,166198006,TATCACTTGCTTTCTAGCTAGTTCACTCAAAGATAAGCCCAGGAAATATGTATCTCACAAACAAATTGTCTCTTTCTTTGGAGATAGTATATCTCTCTGCTAGGTTAACAGCAGGGCAATTACGTGGCAAATCTGGGATGTGTCCAGATTATTCACACTTACAAAGCAAGGCTCTTTAGCCTGAACTCTTGGCCCTTTTCTGAAGTTGTTCACTGATGCTTGTGTGAAATGCCAGTTGGGTGACCAGGTTTGAAACCAGATAATTCCACTAGACTACAGGGTCCTATAGGGAGTAGACTACAATCTCCCCATGGCTCTGCTCTGAAAGGAATTTTCTCTAAAGATTTTCAAACTCTGGAGTTGATGAAACTGTTTATA,"[[166197637, ""A"", [""G""]]]",yes,no,A->G,1
chrX,80578617,80578854,TAGTGTGCTTAGGATATCATATGTCCTGATGTGAAGCAGAGAATTCATGAAGACAGTACTGGAGCAATCGACCTGCCTGGTTCCTGTACTGACACCTTGTGGTAAAAATCATAATAACAGTGAAAACAAACAGGACAACAGGCTTTCTAATTTTCTCTTTATGAGGCAATAATAATCAGGACTAACCCCTTAGCTTTTACTAATTAAGCCTTTCTGGTGATCTCATTGCTCTCATAGA,N,no,no,N,0
chr18,80047002,80047318,CCTATTTAGTTCGGCTTCCCTCTTAATGTCCCAGCCTCTGTCAGCTGTCAGGTTCTAAATTCAGAATTCTCTCAATTCTGTCAGGTTCTGCACTACGAGTCAGTGTCATCCCTCCAAGCCCTGGCTCTCTGCCAGTGCAGCAGGGCTGTGAGAATCAAGACGGCACAGGGAAGGCATCTGTCCCAGCATTTGCACATGACAGGTGCCCACGGTGCAGGAGTAGAATCTGTGGAAGCAGCAGTGGCTTTAGTTGCTGTGCCCTGCCACCTCCTCCCCAAAAAGGAGAAGTGTCCAAGGGATAGCAGACCCGTAGCACT,"[[80047038, ""C"", [""T""]], [80047043, ""G"", [""C""]]]",yes,yes,G->C,2
chr3,165280554,165280850,TGTGGCAAATATCTATGGTTCTCATTTGGCTGGATGTCTTAGGACTGGACTTACATTGACGAATATTTAATCATCTGTCAGCCTTCTGTTGGTGACTTTGTGCTAATCAATATCCAAGCATGCACTTACGCCCTCTGTATTCAGTTCATCTTCTAGCATGGGCCTGATTCTATTTAGATTGACTTTGAATGTATTCTACTCTCCAATCCTGTTATTACTATTATATATTTCTTATTACTGTAGTTTTTGGAATTCTCCTTATCTTCCTCTCAGACTTCCAACTATAATGCTGATTCA,"[[165280609, ""C"", [""T""]], [165280735, ""G"", [""A""]]]",yes,yes,C->T,2
chr3,51015357,51015564,TATTAAATGCTTTTTCAGCATCAGTTGATCATATGGTTTTTCTCTTTCATTCTGTTGATGTGATTTAGCACATTGATTGATTTGCATATTTTGAACCATCCTTGAATTCCTGCAATAAATCCCACTTGGTCATGACAAATGGTCTTTTTAATGTGTTGTTAAATTTGGTTTGCTAGTATTTTGTTGAGGATTTTTGTGTCAATATTTA,N,no,no,N,0
chr6,159149613,159150053,CAAGTCTAGGTGCATGTTCCCTCTTGCTGCGGTAACACATTGCTACAATCGCAGGGGCTTCAAACAACACAAATGTTTCCTCTTACAATTCTGGAGGCCAGAAGTCCAAAACGCATCTCACGGGACTAAATTCTAATGGGATTGCCAACCCTGAGAATCCACGTGGGTGAGACTCTTGAAGAAGAGCAGGGAAGGCGCCAGCCATCTGAAGCAAGCATTCAGCCAGCATCATGTAAAGCCCTGTGGAATATTTCCCAGAGAGGCCTCTAGAAACTCACAGAGGCACGCATGAGAGTGAAGCAAGCCTAAAACATTTCCAGCTGGGCAAGAACATTCCTGTTCCTGTTCTTCCTACTCCTTTTCCTACCTTGACTCTGGAAGGGTCTGGAAAAATCAAAGGAAAGAAGAGAAGGCTTCGCACTCTGCAGTCTTCCAGGTACA,"[[159149717, ""C"", [""T""]]]",yes,no,C->T,1
chr7,89001330,89001632,GAATATACTCTTTTTTTTCCTTTCCTTTTCTTTTTTTTTTAAAAGCTAAATGAAAGATTTTATTAGTCTTGGGAAAAAAGACAGAAACACAATAAAAACTTCTCTAGTATGAACATGTGCAAGTTTCACAATCATGCTATTACATTTTGCACTGGCAGACAGTTCAAGGCGTAGTTATCTGTCAGCCTGTGTCAGATAGCTTGGTAGCCAGCAGCAGTCTTTTGAAAACACAACCAATAAAAATACCAGATCTAAGCCCAAGGCTAAACTGACACAGAGGTCTTCTGAAACCAAATTATGGTA,"[[89001337, ""T"", [""C""]]]",yes,no,T->C,1
chr2,46020446,46020872,ATGTATACAGGGGTCATTTCCTGAAGGTCTCCATTACAAATGTCCTTTCATTATTAAAATGGGCACATTCCTGAGATTTGGGCAGAAATGGAATTTTGGAAGCAGATTCAAGATTCTGGTATTCTGTCTCAGTAACATATTTCATTGTTTAGATCACGCACAGAAGTGCCTGCTGATGTGTAAAAGTGTGTGTTTAAACCTTTGACTCACTGCTGACAGATGTAGAGGCCTGTGATAGAATGTAACTGGGATGTCACACTACTTCATTGATCAGGAGAATTTGCGTCAGAATCTTTTGAGGCACAGTTGGGAGATAACAGGGACTGGGAAGGAGAGATATGACAAGGCACAGCAAACAGTAACTTAGAATAAAGACAGTATGTGATAAAGAGGAAGGAGAGACATATTTATTGAGCACCTATTATGT,"[[46020457, ""T"", [""G""]], [46020849, ""G"", [""A""]]]",yes,yes,G->A,2
chr18,10820226,10820464,TGGGAAACATTTGGCTGTTATTTCTTAATATACATTTGTCTATGCCCACATCTTTCTCCAGTTATACTTCTGTTAGACCTTTTGAAGCTGTCCTATAGGTTATGTGGTTCAGTGGTTTTTTTTTTTTCTTCCTCAATTTCTTTTCTTCTTGTGCTTCAATTTGGGTAGGATTTATCATTTTATCCTCAAGTTCATCTATCTTTTCTTCTGTGGTATTTAATTTGCTCTTAAGCTCATTC,"[[10820324, ""C"", [""G""]], [10820405, ""C"", [""T""]]]",yes,yes,C->T,2
chr3,156931201,156931419,ATGAAAGTATTCAATCAAAAATGACCAAAAGATCTGAACAGACACTTTTACACAGGAAGATACATAAATGGCCAATAAAGACACAAGAATGTTCTCAACATTATTAGCTCGTCTGCTTGACGAAAATGAAACAGTCTGATGGCAGCAGATGTTACTGAGGAAGTAGAGTACTGGAATCCTTTTACAAATTGGTGAGAATGTAAATTGCTACAGCCACTT,"[[156931203, ""A"", [""G""]], [156931311, ""A"", [""G""]], [156931322, ""T"", [""G""]]]",yes,yes,T->G,3
chr3,40055479,40055771,AAATTGAGGCAACAGTTGAACAGCTTGTCACAAGTTGAGGCGGGAGAAAAGCCAAAAACATAAAAAGCACCTGTGACTCAGATGTTTGATGACTTCTGGAGGAAGAATATGCCCACCTCTCTGGTTTGCTTCTCATCACTCAGCCATACCATACCAAGGGCATGAACAGGCCTTACAACAGATAATCCCCATTGTAATCATTTTTCATCTGTCCATAGCACTTTACTGTTTTCAAATGTTTTGGTTGAGGAGTTACATCCAGGCCAAACAAACCTTGTTACAATGTCTTTTAC,"[[40055509, ""T"", [""C""]], [40055510, ""G"", [""A""]], [40055638, ""A"", [""G""]], [40055713, ""T"", [""A""]]]",yes,yes,A->G,4
chr2,168974562,168974812,TACCGGCCTGTATTGGACTGTAAGCTCCCAGAGCAAGCAGGCATCAAATGTGCTTTTTTATCATTATAGCACCAGTACAATGTGGCACACAGAGGGTTAAAAACATACTCGTACTATGAATAAATACATATAGGTTTAAGTAAGAAGATTTTATTTCACTATTAAAAGTAATGGCAAAAACCTCAATTACTCTCCACCATTGTAATATAAGTTTTAGCTATCCATTCAAAAATATTTACTGAGTGTGTATT,"[[168974565, ""T"", [""C""]]]",yes,no,T->C,1
chr2,146481710,146481993,AGGCTTAGAAAACCAAACCTGCTTCTAATGGGATGATACTGAACAAGAAAGTTTCAAATAGAGAGAACTGAAAGGAGAGTGGCATGCACATGATTGGGAGGCATCCTGTGCACATAAGAGAAGTGTGAATCATTGGGAGGACTGCCAGCAAGAGAAATCAGTTCACTGTGAATGTGTAGTCTCAGATTCAGCTGACCCCCAGAGTTACCTGCAAATATTTTATTTTTCTTTGGTCAGTTTCTTCACCCATTCTCCAATGGTGTAAGTTCAGAGCTGTAGCTCTT,N,no,no,N,0
chr1,80262534,80262737,CTTACCAAGAATTTCATATCACACCAAACTAAACTTCATAAGCAAAGGAGAAATAAAATCTTTTCCAGACAAGCAAGCAGTAAGATAATTTGTTACCACTGGACCAGCCTTATAGAGATCCTCAAGAGAGTTCTATACATAGAAGCAGAATAACAATACCTGCTACCACAAACACACACACACACACACACACACACACACACA,N,no,no,N,0
chr19,17517950,17518189,AAGAAAACTCAGTCATTCTTGGGTTGAAAGGTAACTTGAAATTGCAATTAGAAAAAAAGGAAAAAAAAAAAAAAAACCCCAGAAAATTGCAATTAAAGGCTAGTTAGGTATTAACTGCTATGAAATGAAATTGATGAGATGAGGCCAAAGCTGCATTCAGAGGTAAATTAATAGCATTCAAATGCATTTAAAAAAAATTATTAAGTAGCAAACTATTGAAATAAATCAAGTGCTTTCCTG,"[[17518065, ""C"", [""T""]]]",yes,no,C->T,1
chr13,109726835,109727155,TGTGTTTGTTTGTATGTGAGGCAAGACACCCCCGGATGCTTGCAAAGAAGAGGCAATTTGGAGTGAAACAGGCAGATGTACAATCTGATCCCATAAGTGACCCACTGCAGAACAGACAGCTGGACATATGGACATATGCAGCTGCCTGTCATTTATACACGAGAGTTAAACAGTTGGCAAAGAGAGTCTGGGCCACAGAGTGGTGAGCTGGCTAGAGGTGCGGATCTAGCCATTGGATAACACTGTACTTAAAACACAAAACTCTATCCAAGAAGAGGAAATGATTGAATACGAAGTATTTGAAAAAAGATTTGAAAGACT,"[[109726867, ""T"", [""C""]], [109726895, ""A"", [""G""]]]",yes,yes,T->C,2
chr11,96752249,96752527,TCATGGTGGATAAGCTTTTTGATGTGCTGCTGGATTCGGTTTGACAGTATTTTGTTGAGGATTTTTGCATGGGTGTTCATCAAGGATATTGGCCTGAAGTTTTCTTTTTTGTGTGTGTGTTTCTGCCACGTTTTGGCATCAGGATGATGCTGGCCTCATAGAATGAATTAGGGAGGAGTCCTTCCTTTTCAGTTTTTAAAAATAGTTTTAGTAGGAATCATACCAGCAATTATTTTGACCTCTGGTAGAATTCAGCTGTGAATCTGTCTGGTCTGGGGC,N,no,no,N,0
chr3,150330889,150331231,ATTGAGAAGGGCCTGGCCTTCCACCTGGGAAGGTAACCAGAGCCCCGTTGAAACTCACCTGGTGCTGTCTCTGCTTCAGGTAGAAGAGTGAACTGGCCCCTGGACTTGTGCTTCCTTTACTGACCTGACCTGTGTTTGGCTTTCCCATCATCCCTCCCTATTGGTGTTTTGCTATAGTCATCATGTTTACACAACCCCATCCTTCCGTGAGTGTGCTGGGAAAAGCTATCTCAGCAACATATACCCAGCATCTCCTGTTCTCTCCTACTCACTCCAAGTAAATTCAGGATGGCTCCTGCTTAAACTTTAAAAGAGTTGCTCCTGTGAGCCAGGTGCTTAATAT,N,no,no,N,0
chr2,95082513,95082822,GTTGAGGCCAGGAGTTCAAAACCAGCATCGGCAAAAAGGTGAGGCCCCCATCTCTACAAAAAAAATTGAAAATTAAAAATCAGCTGAGTCCAGTGGCACAAGCCTACAGTCCCAGCTGCTCAGGAGACTGAGGTGGGAGGATCCCTTGAGTTTCATTGTTCCAGGCTGCAGTGAGTTATGATTGTGTCACTGCACTCCAGCCTCTGCAACAGAGAAAGGCCCCATCTCTTAAAAATGAAAAGAAGAAAAAAGAAGCCAATGAAGTCCAAGCTGGCTGATAATGCTGCTCACATCTTCTATATCCTTACCA,N,no,no,N,0
chr12,131320155,131320381,TACAAGTGAAAACAGATTCTTATTGCACTTATGCAAATAACTGTATTGCCGTAAGTTAAGAATACTCAAAAATAGTTTCTAAATTCTGGAGAAATCAGGTAGAAAGAAACAAATATGCTCCAAATTTTGTTCATAGGAGTATACTAAATTGTTAAAAGCTGTCAATAGCTCAAAAGAAAAGTTTTCTTGACTCTGAAAAAACAAAACAAAGGATTAGCAATGGTTTA,"[[131320205, ""A"", [""G""]]]",yes,no,A->G,1
chr3,16054515,16054782,GAGAAAGGATATATATGATCATCTCACAGGCTATGAACCTAATGGGGCTTTTTACAAAGGGCTTAGTTCTTAGCTACTCACTGAACATTCCCCAGGGACAACTGAGTCTGATCCTGTACCATCCAGATCTAAACACTTAGAGGTTAGCTGTTCAATGTAACCTCTTCCTATTGGCTTTTTCTTTCTGCCAATTATATCTTTCATTCCCACATGCATTTATGGTATGTCCTTGCCATTTTCTTTCTCCTTTATCTGGACTGACTATGTG,"[[16054559, ""A"", [""G""]]]",yes,no,A->G,1
chr21,21668270,21668658,TGATGAATCCCAACAGAGAAACCTGGAATCAACTGTTTCTTGGTTTCTGTTATTTATATTCTTGGAGCTACCCCAGTTTCTATTTTAAATATGAAAATGAAAATAGCATTTTTAGCTTCTCTGTAAGTTCTATCAGCCTGTCTATCTACATAAGATTGTATACTTGTTTAAAGGACCCTACTTTGGTTTCTGTTGCTTGCAAACAGAGAGCTAAAAAAAAAAAATCTAGATGTATTTACTGAAAAAAGATGGTCACCAAATTTTGGTGACTATATTAGTCTGTTCTCATGGTGCTATTCAGACATACCTGAGACTGGGTAGTTTATAAAGGACAGAGGTTTAATTGACTCATACTTCCACATGGCTGGGGAGGCCTCACAATCATGGCA,"[[21668322, ""G"", [""T""]]]",yes,no,G->T,1
chr4,159062383,159062723,TATGATGGAATGGGTATTTACATATATGTAAAAGATTTAACTATGCCCCCTTTTCAGGTAAGATAATTGACTCTCAGGAAGATTAACTGAGACTTGAACTCAGGTTGTGGTGCCTAGTTTCAAAAACCAAAGCTTCCCCACATTCCATTCACTCTTTCTTTTAACTCTTACTGTGTAAAGTGAGGTTTCAAAACCCTTTATCACCTCACCTGACTCTTGACTAGTCTTGAAAGCTTCTTGTGATTTCCTGTCTACAATGTTGATCTGTTTGCCCCAAGTTCATTCAGGCTGATTGCATTTTTTTTTGAAACAGGGTCTCTCTCTCTCTCTCTCTCTCTCTC,"[[159062508, ""C"", [""A""]]]",yes,no,C->A,1
chr7,55742666,55742889,CAGGAGTTGAGCCAAAAGAGCTTGCTTACTTGCTGGGAGGCAGGGCCGGGAGACGCCGACTTCAGGACGACTTGGGCCTGCAGAGGTCGCCGGGAGGCCCAAGCTGGGCGTGGAGGAGCCCACCGACCGGAGACCATTTGGGGCCTGGAGACGCCATCGGAGGGCAGGAGCTGATCCTGGAGAGGCCACCGTGAGGCCTGACCTGGGCCTGGGGAGCTTGGCTT,"[[55742757, ""A"", [""G""]], [55742823, ""T"", [""C""]]]",yes,yes,A->G,2
chr2,165535424,165535875,CAGCCTTAATCACAAACTAGGCAGTGGGTTACAAATAAGCTTGGCAAAATTTAGATGCCCTTTCCTTGTAGACCATTTAGTCTACAAATGGACAGATGATATACAAGATGGCCTTCCATCATCAAGGATAGAATCAAGAATGAGGCAAGCTTACTTGCAGGGAAAGGAATTTGTGTGCTGGCCTTGGCAAATTTTATGTCTGACGTGATCACAATGACAGGTTTATTGCTATGATGAGAGAGAATAAAAATCTTGCTGGCCTAGAGAGGAACTTGAAAATGAAGAGGGGAACACAGTCTGGAAAATGAGATCATGGCTTGGACTACTGTCATCATTATCAATAGCAAACATATTGAGAACCTGCTAGATGAAAGAAACTAAATTAAGTATGGTGAGGCTGATGTTATAAAATCCACATGGGAAGCTGACAGTATGATATATAGTTACACTGT,"[[165535541, ""G"", [""A""]]]",yes,no,G->A,1
chr5,83947138,83947477,TGGAGACTATAGTTGAACCGCATCTGGGATTTCAGATATTGTGGAAATATAAAGGTTGAGTGAGACTTTCTAAAGTTTTTTCTATTGATTGTATTTGCTTTGTTTATGGTATCAAGCATACCACTGGCCTTACTGACTGTATCTGTACACTGACCTGCTGTTCTTAAGGGATAGAGGACAAAGGTAAAGATCCATTTTCCTAGGGCAGCATGTATGTGTCTGTGTCTGTGTGTGTGTGTGTGTGTGTGTGTGTGTGTGTGTGTGTGTGCAGAGGTGCTGGGCTGAAAGCTCAGAATTCTTTATTTAACATACATAATTTCAATCCTTTGAGCTTTCATCC,"[[83947151, ""C"", [""T""]], [83947369, ""C"", [""G""]]]",yes,yes,C->T,2
chr5,4386079,4386538,CACTAGAAATGCTCCTGACCAGAAGAAGGCAATTAAACCAGTCAGTACTGGTTTCAGTTCATCTGGATTTCATATTATTAAACTAATAGAAGGTGCATAAAAAACAGGAACTTAATTAAAAGTTTTGTACAAGAGGCATATTTTCAGAGACCAGGGCCATGGTAGTTTTGTAATATGAGTAATTTAGAAGACTGAAATATTTGGCCAAGGTTCATGCCATTCCTTGAAATATATTGTTCAGTGTGAAGTGGAGCAAGTCTAGGCTGGAAACTTTATTTTGCACCTGCAAATGAGAAAAGTCATTACAGCTGAGGAGATGATTCAGCCAATGCAGTATCTGACTTCTCAGGAGGGAGGACATTTTTTGTCTGGAAGCGATGGATATATATGATTCTAATGAAATGGGCCATTAAAATTTAACTAAGAATATAGAGCACAATTTTAGTTTTTAAAGCCTTGC,"[[4386346, ""G"", [""A""]], [4386347, ""C"", [""A""]]]",yes,yes,G->A,2
chr17,4549088,4549419,AAAAGCTGCCTGCAGGGCACGCAGAGCACACCTGAACCTTTTAGGCCCCTGCAGCTGGGGTGCCTCCTGGGCCCCTTCCCTTCACGGGTTCCTGAGGAATTCCCAAGTCCCCTTGTGCCTGCCCCCCACTGATGACTCAACCCAAAGGCTTCTGGCTCCAGGGGATGCAAACTAGGACGAGTTAAGGGGCCCCATTCCTTGGCCACACGCCCATGGGAAGCTGGGAATCCAGCACAGCTCGCACCTGGCCACCTGCTCAGTCAAGGCCTCCTCCATCTCCAGGTGCAGGCTGTCCACAATGCTCACCAATCGAAAGATGATCCATTTCCTCA,"[[4549106, ""G"", [""A""]]]",yes,no,G->A,1
chr4,134632059,134632431,AGGACTTGTATGGAGGTAATTTATTTGGGAGTGTTTCCAAGTAGCACAAATAAATGTGTGAAGAAAGTAAGACCGGGGGTGGTGGGGCAAGAAAATAAAATAAAGCATGCATTAGTAAGGTCCTTTCTGTTGACCACAAAACTTGACTCCTACAGGCCTTCCAAGAAGCATGGAGTATTTTCCAGAATTGTCCATATAAAGAGATGTGGCTGAGGTAATTATCCATTGGCTCATTCCCCATTGCTAGGCCCAGGTGTAATTCCTTAACTTCTGACTTCTGTAAAAGCCACAAGGAAGAAATATGAGAGCTATGCTCTTGAAGTAGAGACTTTAGGCTGCATGTAGTCTGAGGGAGCAATTAGAAGGGATGTCA,N,no,no,N,0
chr2,215052409,215052839,CTATTTGAGAGATCCTTCTATTAACCTAAAAGGCCTATGTTGAATCACGCTACCCATTACAAAATTGAATCAAGTTACCTTTTCCAAGCCAAGAATTCGTGCGAGCACTTGACTGCCATTGAAAGTATATGTTCCGGGGATTTCCAAATCAGAACTTGGACTGGGAAATACTGTGGCTGTAATCAAAGAAGGAACAGATTAGCATTCCACACACACACACACAAATGCACAGGACCACATGAGAATCCATAAACATCACTTGTGACCTCATATACCCTACAGCAAGGCTGTGCTCAAACATGCCTCTTCCATGGAAGTTTTATACTGGAAAAGTGGCAAATTCCATGAGTTTTTCTTTTCATATAAAATTGTGATGACTTTGGTCTGTTCTTGTTTTTTATCCAATCATTTAGATGTCATTTGCTTTCATT,"[[215052457, ""T"", [""G""]], [215052696, ""A"", [""C""]], [215052804, ""G"", [""T""]]]",yes,yes,G->T,3
chr1,237910785,237911234,TGTGAACCAGCAGTGTTTGGGATAATGAATTGGATAGAGGGTCAGTTCTGGTCACAGGGGCAGTCAGTATCTTATAGGTGGGGCTTCAGGGAGACCATCAGCCTGTGAGAAGTCCTGCTGTGAGGACTGTTCCCAATAGAGATGCCCTCCAGGTGTGGTGACCAGTACATCATGCCTTGTCATGTCTGGAATGTGAATGCAAACCCTTCACAAAGGCACACTCAGACAGAAACGGGAAATGGCAGAAACCATCCATGAGTCAAGAGAAGCAACAAAGAAGCAACAGCCATGAGATAGAGAGGAGGAGGAAGACACAGGATAAGCCATGGGTGAGGCAGAGCCAGAGAGCCGGAAGAAGCCAAAGCCCACACAGAGGCTGAGGCTCTTAGATGGATCATTTCTAAGGATACTTTTAGAACAAAAAGTAATTTGTAGACCCCTCATTGATAT,"[[237910836, ""G"", [""T""]]]",yes,no,G->T,1
chr2,205610369,205610725,GAAATACATAAAGATGTTCCTAGATTATTGCATTTATGACAGAGATAAAGAAAATTTCTTTGCTGTACCATCATAAAAATAGTAGTTAACTGACCCTTGAATAAATACGCTTAGCCTGTACCTAGTAAGCCCAGTTTCCAGTTAATCTTGAGTCAAGAGAGCTCTCAATTTCCTCAGCACCAGTTAGTCATGCTGAGCTCACTGGGAAGTCAGAGAAATTGAATCCCAGTGTAAGATTTATTGAGCACCTATTGTATTTCAAGTACTCTGTAGGGCAACAGAGATAAGACAGTATAATCTTGTTCTTGGCAAACAAGACAAATAAAATAACCTCTACCCTGATAAAATTTACAGTCA,"[[205610414, ""C"", [""T""]]]",yes,no,C->T,1
chr5,149108780,149109185,TAAAGGAAACCTTGGGCCCAGAGATGAAAATGGACTTGCATAAGATGGTAAAGCACATTAGAGGACTTTCCAAAGCAAACATTTTCTTCTCCCAAGTCACAGTCCAGCTCTGGTCTCACAACACTGAAACAGTTGTCATGATTAATGGTGTGCTGGTAAACCAGCAATCCAGAAAAAAAAAGGCTCTGATTTGTATTATTTGCCAGTTTCCATGGTATAAATACTACCAGCATGGTTAATTTCATGCTACCAATGTTAAATAACCAGCTCACAAAATTCCTGTGTATTTAATAATCAGGTCTCAAGGGCTGGTACATGCTGGCTCCAGAACACTACTGTGACCATCACCCATCTGCATCAGTATTACATCAGAAACCCTAGCTCTATCTGAGACTGACTCAATCCA,"[[149108829, ""G"", [""A""]]]",yes,no,G->A,1
chr13,33855438,33855781,CATATGTGTGTGTGTCTTTATGATAGAAGGATTTATAATCCTTTGGTATATACCAGTAATGGGATTGCTTGGTGGAATAATAGTTCTATTTTTAGGTCTTTGAGGAAGTGCCACACTGCATTCCACAATGGTTGAACTAATTTACCCTCCCACCAGCAGTGTATAAGCATTCCCTTTTCTCTGCAACCTTGCCAGCACTGGTTATTTTTTGATTTTTTAACAATAGCCATTTTGAGTGATGTGAGATGGTATCTCGTTGTGGCTTTGATTTACATTTCTTTCATGATCAGTGATGCTGAACTTTTTTTCATATGCTTGTTGGCTGTATGTGTGTCTTCTTTTGA,"[[33855439, ""G"", [""A""]]]",yes,no,G->A,1
chr1,22508286,22508744,CAGTTTCTAAGGTGGAATAACAAATAGGATAGTTCTAATTTCTGTGGTAATAAGGAAAGGCATTCAAAAGGAGAAATGAAGAACTTTGTCATGTATAAGAAATCTCTCAGACTGAGAGGTGAGGATGTTGAAAAACTCCTTCCCCAAACATATTCACTGTAACCCAATATCTAGACTTGCAGCTCTGCAGCTGGGCTAGTGGCTGGAGAGTCTCTTACGTGAGTGTTTGTGTTACATCTTGAAGGTCATGGAGAAGCTTGTGAAACGTGACTCTGGTTCAGGTGGTTTCAATTCTCTGATATCAGCAGTTCTAGAAAAGCAGACTCTCTCTGCCACAGCCATTTGGCAACTGCTGCTGGTGGTTCAGGAGACAAAGACCTGTCCATTGGACCTGCTCATGGAGGAAATACGAAGGGAGCCTGGTGCCGATGCTTTCTTCCGGGCAGGTAAGTTACCTGC,"[[22508313, ""A"", [""G""]]]",yes,no,A->G,1
chr13,48066576,48066868,CAGAGAAAAGACTGTTCACAATAAGAGAGCGCTCAGTCAGGTCAAATAAAGACAAACCTTATTGAGACAGCCAAATGCCTAGGCAGATAAAAAGGGGTCCCCAGAGAATCTCCAACCTGCCCCACAAGTGTTTACATCAGATACTTTTGCACAGAGGGAACCTGCCCAGGGCTTGTCTGGGCATGCCCATAACTGACTGGATCCTGATATGCACATGGGGGGAAGTGGGTGGAGCCAGAGGGAATTCACCCCTTATGCAAGGGAGGAGCCTGCCCTCTTCAGCTTGTGTGGTG,"[[48066598, ""G"", [""A""]]]",yes,no,G->A,1
chr5,68454820,68455136,GATAAGATTTCCAACTAAGGTGGAAACCAGGAGATTTTCAATGATCCAGGACTCTGGATTTAGAGCTATGTGTCTTTGGAATGTTTTTATAAGTCATTCAACAAAGACTTTAGGATGTATTCCTTTCCTCTGAGTACATTGCTCCACTTTAGCCCAATTAACCTTCAGAGTGGGAGGGAAGACGGAAGGGAAAACATCTTTAATAGCTCCTCTCAGGCCCTGAATATCAGCCTCCAACTGGGCCATTTGCAGGAGGAAGATAGTGGTGCAGGGGACGGGGAGAGTTTATGGTGAGTGTGAATTTCAATTTTTGTTCT,"[[68454849, ""A"", [""G""]]]",yes,no,A->G,1
chr10,23481376,23481833,CATAGCTACTCAGGAGGCTAAGGTGGGAGGATTGCTTGAAGCCCAAGAGGTTGCCGTTAGAGAACCATAGAGCATTCAAGAATGTGAGCAAGCATACATTTCCCATTTATTATTTCCATAAGAAGAAAGCCTGGATGACATCAACATTGTGCAAAGACTTGTTTCAAACCGGTTTTAGTCCACAGGCAAGAGAATACTATTGGCAAAACAACATCCCATGCAAGATTCTTCTGATGCTAGATAATGCTCTGGGGCAAGCACAGCATATTGGTGACATGCATCCTGATGTAAATGTTGTGTATTTGCCACCAAACAAAACTGCACTAATTCAACCAATGGACTAAAGCACAAGAGCTGGGTTCATAGCATACTATGTACACCAGATGTTTGCACAGGCTGCTGAAATGACTGAATCTGGCCAAATGCTCCTAGAGTTTTGGAAAGGTTCTAACATTCTA,"[[23481377, ""G"", [""A""]]]",yes,no,G->A,1
chr11,111163331,111163806,TGCACTGTGGTTAAGTATCAATTACTGAAAACTAAGATACGTCACTATCTACATACACACACACACACATACACACACACACACACACACACACACACACACACACGGGACAGCAATCTAAGTGGCACAAAGCACAGAACTTAGAGTCACCTGACTGGGCCCATGTCTCTGCCTTGCCACTTAACAGCTATGAGCAAATGTTTTCAAACTCTGAGTTTCAGTTTCTAATCAACTTACATAGATAAGAATTAACACCTGATCTACCCATTTCCCAAGACTATTGTGAGAATGAGATTATATAGAAAAAATGGTTACTGTATGCCATCATGTTTTTAACTAATATAATTCTCTGTAGAATAGCAAATGGCTTTTAACGATTAATTCACTCAACTTTTATTGAGTGTCTACTCTGTACCAAACATGTCTACTTCTTTGTAACAGTCCTTTTTAAGCTTTCAGATTCCAGGGTGATTTTC,"[[111163399, ""C"", [""A""]]]",yes,no,C->A,1
chr12,84803719,84803999,CATGTGGAGTTAGCAGTCATTCCAGAAAAGTCAGTCACACAATAAAATTCAAGAATCAGTACAAGTTAAGTGAGTACTAAGTATTAAGTAGGCAAACTAGGGTAGTGACATGCAAGGGTCAGGAGCATGCTATTTTTGAGACTGTGCCAGAAAAGGCTTCTGAGTCCACATCATTTGCCTTAAGACCAGAGTGGCTAAAATTGCATGTTACAGGCAGAGGAAACAACGAAAACTGTGGCTTGAAGTGAGAGGAATGATGGTCTGTTTAAGGCACAGTGACA,N,no,no,N,0
chr6,4093312,4093742,ACAAAAGCAAAACTCCACCTCAAAAAAAAAAAAAAAATTATTCAGTATTAAATCATAACTGTAGAAAATTAACTGTAGTAATACTGTAGTGCTGTAGTAATTTCATAGCCACCTCCCGTTGCTCTTGCTGTGAGCTCAAGTGGTGTGAATATCCACTTAAAATGCCATGTGATGCTAATCATCTCTGTGGGAGCAGCTCATGTCTCTAGTAAATTGCATTTCACAGTAAAGTGATTTCACAGTTCTCATGTATTTTTTGTGTTTAGTGCAATGCCATAAAACTTGAATAACACCATGGGACCCACAAAAAGTGCCATTAGTGATGCTAGAAGTACTCCCAAGAAGCAGAGAAAAGTCATGATGTTACAAGAAAAAGTTGAGTTGCTTGATATGTACTGTACATTGAATAGTTGCCTGCCACTTCAGACAGA,"[[4093353, ""G"", [""T""]], [4093584, ""A"", [""G""]], [4093605, ""T"", [""C""]]]",yes,yes,A->G,3
chr6,118171857,118172239,CTCTTGTTTCATCTTCTCATGAATTAGTGCAAAAAAAGGGAAAACAAATGAGCCCTGTGATACCTTCCTCTGGAAGAATGCCACTGCCAGAGCATTGGATAATAATATAGGAAGTTATACCATCCATAAACCTTTTATAGTAGTGTAATTAGTAGGGCTATTAATACTACCCAAGCCTGGCTTTCTTTATTGCTGTAAACACAGCTTGTGATCACATAAATGACGTCAGTAATAATCCTTCAGGGCATCATGTAAGCCAGAGTACTTGAGTCAGTTTAGCTAGGGTTTAATCAGAACCTCCATTCAAAAAAAAAAAAGACGATTCTTTTTGCTTAGAAAGCAGAGTATGAGGGATAACCCTTGGACATCTTCCAACATTTGGA,"[[118171970, ""T"", [""G""]]]",yes,no,T->G,1
chrX,102546216,102546519,TGTTGCATGTTTAAATAACTGAGAGTGTGCTAAATCTCATCTAATAAAAGGAGGAGAGGGGCTGGGGAACTCAGAACACAGTCATGTAAATCTAAGGGTTGGGCCTGAACGATGATTACTTTGCACACGTGCCTTCTAGGTGCTGAATGTGTGTTCCAGTAGCATTGACGTTGACCTCCTTGCGGATTCAGCCACAGGTTTCTGACAAGCTTGAGGAAGCAATGGTAATTTTAGCTTTTTCGGTTTTGTCTTCAGATAATGAAAAGCTTTTGTAAAACAGCTGAGTGTCAATATGAGTTATATG,N,no,no,N,0
chr9,135078262,135078671,CACATCCTTGCTTTTAGCTCTTTCCAAGGGATGGACATGCGATTCTAGGGCCACTGTGTTTCTAAATGAGCATACGTCGACATAAGAAGATGTCAGAAACGCCTGGATCCTACCTGCACTTAAGAAATGCTGCCTGGAGGATTCAGGCGGACAGGCAGGGGGAGTGGAGCACATGGCGGGGCCATCTGTTCTCCTGACAGCTTACTTACGATGAGACACTCAATCAAACACCAACCGTTGATGGATGGCCTACGACACGCAAGGCTGTGGGGCCAGGTGAACTTTGTCCTCAGACAGAAAGACATTTCACATGGTCTTGCTCTGTGATTTTCAACAAAAGACTGGTATTTCATGCTCTTAGAGAAGCAGGGTAAAGTGGCATGGTACTGAGCTTCCGGGGCAGGGTCCAG,"[[135078282, ""C"", [""T""]], [135078456, ""C"", [""T""]]]",yes,yes,C->T,2
chr20,46885811,46886075,ATTTTTGACACATGCACCATGAAACCATCACCGCAATCAAGACACTGGACTTTTCCGTCACCCCCACTGGTTTCTCTGTGCCTCTCTGTAATCCATTCTTCCCTTCACTCCCACCCACAGGGGACCATTGATTTGCTTTGTGTCACTATACATTAGTTTACATGTTTAAGAAGTTTACATAAATGGGCCAGGCATGGTGGCTCACATATGTAATCCCAGCACTTTGGGAGGCTGAGGTGAACAGATCTCCTGATGTCAGAAATTC,N,no,no,N,0
chr4,1583363,1583587,CATCTTAGACCCAGCACAGGCCTAAGGCCAAAGTCACTGGTCAGAGGAGTCTCGTGTCTCCCTTGGGGAACGAGCCATTCACTGGCTTCCCTGTGCTTGATCTGTGCTCCCAGGAGGACAATAATCTCTGGTCTGTGCCAGCAGGGATCAAGCACTTTGCATGATCACCTCATGTGCTTCTCACACGTCTCATGTGCAGCTCCGGTTACAAGGCACAGCAAGTGT,N,no,no,N,0
chr18,58466738,58467220,GTTCTCATGGTTGTGAATAAGTCTCATGCAATCTGATGGTTTTATAAGGGGAAACCCCTTTCACTCGGTTTTCACTCTCTTTGCCAGCCACCATGTAAGATGCGCCTTTGTTCTTCCCTCACCTTCTGCCATGAGTGTGAGGCCTCCCCAGTCACGTGCAACTGTGAATCCATTAAACCTCCTTTTCTTTATAACTGACCCAGTGTCAGGTATGTCTTTACCAGTAGCATGAAAACAGACTAATACAAGTGCCAACCTGTCTGGGCAAGAAGCCAGCTCTGTACAAGGTGAGGGAAATGACAACTCACAACATGGGGAGAAAGTAACGACCTTTGAATCACCTCCTCATGCTATGCACCGAGGCCTGCTCATTGTATGTGAACCTATAGATGATATAAATATATGCATATATGTTATATAAAAGCTCTGAGATTCACTTTTTAGTTGTCTGAGCATGAATGTGACAATTCAATTGAGCTGCTC,"[[58466840, ""T"", [""C""]]]",yes,no,T->C,1
chr5,152284682,152285009,GTTAGCCTGCAGTTTAGTTGCAACAGAGGCCTCAGGCTATTGCGTGGTGAATTCTAGAGTTGAGATGTTCCTTCAGAATTGTATGGAATTGAGACAAGGGGTTGGCTTTTATCTTCCTGAATTGATTAGTTAATCAGATGTGAGCTGCTTCTTGAGAGGGAACATAACCCTGGGTGAGACAGTTTCATTTGGTTAACCACATTGCTAGACCATCAGCAGATAGCATTCCTGGCCACTAAAGGTGTTAGTGCTTCAGTCCTAAAGAAGGGTCAGCGTGGCACACTACAGCACACATTCTACTAGCTTAAGCTGACTTTGCAATCATCAC,"[[152284723, ""C"", [""G""]]]",yes,no,C->G,1
chr5,162187373,162187729,TTTCTTATTGAGCTTATTTGGATTTTTTCTCTTCTTTTCTTGCTAATGGTCCATCAATTTTATTTATTTTTCAAAGAATCAGCTTTTTGTTTCATTTCTCTTTTGTGAGTTTTTTTGTTTCGATTTCATTTAGCTCTGTTCTGATCTTGGTTATTTCCTTTCTTCTGCTGGGTTTGGTTTTGGTTTGTTCCTGTCTCTCTAGTTCCTTCAGGTGGGACCTTAGATTATCTATGCTGTGTCAGACTTTTTGATGTAAGTGTTTAGGGCTATGAACACTCCTCTTATCACCACCTTTGCTGTGTCCCAGAGGTTTTGATAGGTTGTGACACTGTTGTTATTCAGTTCAAAAATTTTTGT,"[[162187506, ""T"", [""C""]], [162187628, ""G"", [""A""]]]",yes,yes,G->A,2
chr18,65788399,65788834,AAAAAATATGAAATTCTAAAAGAAAGAAAGAGAGAGGGAATGAGAGAGAAAGAAAAAGAAAGACCCTACATATCACATGGTGTGTAAAGTTCATGTTGGTAGCTGCAAGTCATGCTGTGTAGCGTGAGCAGGTATGTTTATAGATAATCACTTCAGATGCAGAGATCACAGGGGCCATCTGCCGGCTTGCTCAACTAATGCATTTGCTTGAGCCTCTAGCCACCTGCAGCCTTCTGAAAACACCACCTCGTGGACCAGATAGAGCTTTTTGCTGATGCCACTTGCCAGACACTTGTGCAGTTCAAAGAACAGAATAGTGAATGCTATTTTTATATATTTTTAATGGAAAAAAGGAAAGAGTTATACCTGCTTTCGCTTAGATGAAAAAGTTTCCAGTGAGTAAAAGTTTTCAATAAGAATCTATTCTGTACATTTC,"[[65788523, ""C"", [""T""]]]",yes,no,C->T,1
chr3,86109421,86109766,AACAGTCTTTCAGGAAATCTTCACTGCCTGGAAGTGCTCATCAGAAAAATTACTGGACAATGCAAAAACTTTTAAACAGTTGCCTAAAGAAAGTTTAGCCAAATGGATTGTGTGGCTATGGGAAACTGGTGAGGATGGCATTTTCCCAGCAGGAAATGAAGCTGAAAAAATGAGTAATGTAACCACTTATGCAACTTTGAGACAATATTTGCACAGTTTTAGAACTGTCCAGGGTAATCATAGCCTGATGGACTGAATTATAGAGGCCATGAGAGAGACACGGCTAAATGAAGGAGACTTCCCTGAGCACAGCTCGCCATGACAGTCTTTGGAAGAACTGCAGACC,"[[86109426, ""C"", [""T""]]]",yes,no,C->T,1
chr14,60510591,60510820,CCCCCAGGCCCAAATGCTCCTTACAATCCTTTTTGCCTTTAGGTCGGGCCGACCCGATCCAACGCGATCGCGGGAGCACTTGCTCAGGCGTAAGCCCCAGGCAGACGCACCGTTAGAAATGGTATCCCATGTCCCTGGGACCGATCTGTCCTTGTCACCCACGCTTCGTTTATTTCCTGACAGTCCTGTAAATCTCCCAAAAGTGCACAACAAACAGGGAGGACACTGCA,"[[60510753, ""A"", [""G""]]]",yes,no,A->G,1
chr15,92326362,92326597,TATGCCAGGAACACTGACCCTTTGGTCGTTAGACCATGAACGAAGTCTGGGTTGTCTCAGGAGGTCCCAGGGGAGGGGGAGGGGCCGGGACAGCCTGGCTTAGGCAAAGCCTTTAGACTTAGCAGTAATTTTCCAATTCCTAAGAAAGCATTCAGTGTTTTAACAAGTAGCATATCTGGTGAAATGTCAGCCCTACACTCACCAGCTAAATTCCAGACACCCTCCCCACCTCTGTG,"[[92326364, ""C"", [""T""]]]",yes,no,C->T,1
chrX,16852866,16853198,GGTGTCCCATCTAAAACACAAAGGTAAAGGCACACGGCACCCAGGGATGACACACTCACATTCGGCCTCACATCACTGTCACTGCACTCCACAACTAGCTCCACTATGTGCTCCCCTTCATGAAGAAACCAACCACACAGCTGGTGATTCAGACCTCGACCACTAAATGATACATTCGAAACCTACAGAGAACAAGCTAGGGCTGTTAGTCCTGTTTTTTAAATTAGATTCCTATTTTAATTACCAACTATTTCAAGTGTACACAAAATACAGACTATGTAGAGAATAATGTCACAATCTGATACCTAAAACTAGTTTTGACAAATGCCCAGT,N,no,no,N,0
chr8,124926080,124926393,GGACTGCTGTCCTGATATGGCAGCTGGCCCTCCTTAGAGCAAGCAATCCAAAACACCGTGAAGAAAGCTGAAACTGCCTTGATGATCTAGTCTTACGCCACATGGCAAAAGTCATATATCGTCACTCCCTCCACATTTGATTGGTTACTCAGGCTGATCCTGATTCAGTAGGAGGAAACCATATAAGGGCATGAATACCAGGAGGCAAATATTGCTGGGAGCCATTTGGAGGTTGGGCCACCCAAGGACAGTTTACCAGTGTAACACAATGACAGTGCCTGGCATGTGGTTGGCATTCAAAAAGTATTTGTTGA,"[[124926108, ""A"", [""C""]]]",yes,no,A->C,1
chr1,41290612,41291023,TCTGAAGAAGCCCTGGGGCAGGCAGGAGTGACTGATTTCTGTCCTCTCAGATGGCTCTAGGTTGTCAGCTGGAACCCTGGTGGGGGCAGCTGGGCAGACAGATGTCCCTGTTTTGATGCCTTGTCTCAGGATAGCTCTGAGACTTGAGTCCTGGAGGGAAGTAATGTCCGGCAAGGCTGCCTCACCCCTGGGATCCTGCTGTCCCCTAAGCCCTTCTGCTGCCCACTCTGTCTCTGTCTCCATGTTCCACCACAGGACCCTTCCAGTCCTGGTTCCTGAAGAGCTCCCGATGTCCCTTCATCTCCACCTGTCTCCAGTGACCAGTGACCACTTCCCCTCTTTCGCCCTCACTTCCCCTCTTTCGCCCTCACTCTCCCTCTTTTGCCCTCACTCTCCCTTCCTGGACCTTGTC,"[[41290646, ""G"", [""A""]]]",yes,no,G->A,1
chr5,5047197,5047541,TCCCACTGTAATAAAGAACTGCCCAAATTTTAATGTTTTAGTCAGTCCTGGCTCAAGCATAACCAGGTGATTTTGCTGTAGTTTTTACATGAAAACTCTAGTGAAGGAGGGTAATGTGTTTCAGTTTCAGTTATGCAGAAGAGCTGAGAAGAATTACTAACCAGGGTATATGCCTTTGAAATCCCCTCTTTAGTTTTTTTTTCCCCTAAAATGAGATCTTTTCAATCCTCTTGGTTTGTGTCTGAAAATCTCAGTGGCCTGAGAACACAAAGGAAATTGATTCAAAGACTTTGGAAAACTTTGCAAAGGGGCTGTCATTCGACTGGCTTCCTTTGTCAGGTGCCC,N,no,no,N,0
chr1,109861292,109861500,ACAAACTTACAAGGAAAAAACAACCCCGTCAAAAAGTGGGCAAAGGATATGAACAGACACTTCTCAAAAGAAGACATTTATGCAGCCAACAGACACATGAAAAAATGCTCATCAGAGAAATGCAAATCAAAACCACAGTGAGATACCATCTCACACCAGTTAGAATGGCAATCATTAAAAAGTCAGGAAACAACAGATGCTGGAGAGGA,"[[109861319, ""A"", [""G""]], [109861429, ""A"", [""G""]]]",yes,yes,A->G,2
chr9,69678816,69679302,TGGACAAATGATTTAAAATCACTGCTCTATTCCTGTTTTCTGTTAGGTATTTTGTCCCACGTTGTTGGTATCACCTCTCCAAGTTGTTTATGAACCCTGAAAGATCAGTGAGCAAATGTCAACTACATTCTCTTAGTATTTCCTCCACTAAATACGTAGCATATTACGGAGTACCCAGGAAGAACTCATCAAATATTTGTTGGCTGACTGATTATACAGACACTCCTTGGTGGAGTTACAGTTTCTACTCAATGCCTATAGCTTTCCCACCATTGTAAAGTCAAAAAGTCATAAGTTGAACTATGGTATGTTGGGGACTGTCTGTACTTATTAGCTATCTTTCCAGTTATTCCAGTTAGAGTGTTCAGGAAGATTATGTAAATAATTTGCCATTAAAACAATTTCCTTTTCATTTGCTGCTATTTTTTATTAGTGTTCAGTAGTGTCCGAAAAAAGTTATAGATGTGTCCACTGACTCAAAAATAAG,"[[69678822, ""C"", [""A""]], [69678871, ""T"", [""C""]]]",yes,yes,T->C,2
chr6,51982490,51982753,CTGTTGATCTGTGACCTTATCCCCAACCCTGTGCTCTCTGAAACATGTGCTGTGTCCACTCAGGGTTAAATGGATTAAGGGCGGTGCAAGATGTGCTTTGTTAAACAGATGCTTGAAGGCAGCATGCTCGTCAAGAGTCATCACCACTCCCTAATCTTAAGTACCCAGGGACACAAACACTGCGGAAGGCCGCAGGGTCCTCTGCCTAGGAAAACCAGAGACCTTTGTTCACTTGTTTATCTGCTGACCTTCCCTCCACTATTG,N,no,no,N,0
chr17,8556114,8556471,CTACACATTTTAAGAAAGACTAGCAAAGATACAGAATAACTAGAACTATCAGACAACCCTGGTGAGAAGGCAAAACGGTACAGCCAGTTTGCCAGTTTCTCACGGCGTCAAACACAGATTACTCTATGACCCAGCAATTCCATTCCTGGGCGGGGTTTCACCCACGAGAAAGGAATGCATGCATCCACATGGACTTGTACATGAATGTCCCCAGCCACTTTATTCTTAATAGCCCTAAACTGGAAACAACCCAATGTCCACCAACTGGTGAATGGATGAAGAAATCGTGGTATATTCACAAAATGGAACACTACTGAGCGATGACAAGGAATAAACCAGGGACACACCCAACAACGTG,N,no,no,N,0
chr10,24133913,24134213,TCAGAGGCAGGAGAAAGAGCTAACCAACCCCTTGGATCAGGCTTAGAGGAACAATGACAGGCAAAAGCAACATTCTTTTATGACTCTTGCTGACACAGCTGATTCGTACAATATGATGTTTGCCTTTGAATTCTGGGAAAGTGCTCCAGGAGAAGTACAAATAAAGTACTCTGGGAGGTGAAATAGACATCATTTGCTTCTAGCTAGAGTACAAGGGTGTTTAAGGAAGGGCTTCATGGAGATGAAGGTGTATGCACCAGACCTTAAAGATAAAGGGATTTAGATGTGCAGAGATTTGGGA,"[[24134017, ""T"", [""C""]], [24134101, ""G"", [""A""]]]",yes,yes,T->C,2
chr1,154288113,154288361,CCCAACCCTGTGCTCTCTGAAACAGGTGCTGTATCCACTCAGGGTTGAATGGATTAAGGGCGGTGCAAGATGTGCTTTGTTAAACAGATGCTTGAAGGCAGCATGCTCTTTAAGAGTCATCACCACTCCCCAATCTCAAGTACCCAGGGACACAAACACTGCGGAAGGCCGCAGGGTCCTCTGCCTAGGAAAACCAGAGACCTTTGTTCACTTGTTTATCTGCTGACCTTCCCTCCACTATTGTCCTGT,N,no,no,N,0
chr15,83439880,83440143,AAAATGAAAAGTCTTTCTGGCCTTTTCTTAACTGTCAATTGATTTTCCCTCAGCTTCTTGTAAAACAATAAGCAAAGAAAATCTGTACGTTTGTTCCCAGTTGTGATCTTGTGAGTTCAAGGCAAATTGCCATGTTCAACATCTGGGATTCATCATGTCTGCTGTTACCTCATCGGTGGGCACACATCTTTCCCAGATGTGGAAAAAAAAAACAAAAAAACACCTATGAAGTTACAAGGAAAGCAAAAACAGTATCTGTGCTTT,N,no,no,N,0
chr9,38600602,38600826,CTCAATAGGCAGTTGGATTGCTTTTATGACCCCATCTTCTCCCTGAACATAGACACTGAAGGCAACCAGAAACCAAAAAACAGAAGAAGTCTTTAACCTCAGCACTGGTGACCGGCAACATAAAATTGCAGTTTGAACCACCGGGAATGATGACTCCTTTCACATGAGGTGAACTCAGTGGCCATCACCGTTCAATTGCTCATCATTTCTCTTGCTTAGTAATAC,N,no,no,N,0
chr1,184286959,184287327,CACTATATTCTTCCCGTGGCAAATTAACTTAAAACACACAAAACATCAGGAGAATCACAAAGGAAGAAAAAAACCTAGCTTATAATACCATGTCCCTAACATACAATACACTCCCGTAAGGAAAATGGATGTGCTGCAGTCAAGAATAGGCCAAGGCAGACATCTGGTCCAGCATGACTCAGAAAGTTTGGAGTGCAGGTGCACAACTCCACACGTTATGTAACCACGTCATGTGAGGCTCATTATGTAACCACTCCACTTGAGGCACATTAGGTGATCACCCACGTGAGCTTGAGCTTGGCTCAGAGCCACTATTGACGTAAAAGGTCTAACTACCCTGCTGACATTGTACATACGGCTTGTGCCCAC,"[[184286973, ""A"", [""C""]], [184287323, ""T"", [""C""]]]",yes,yes,T->C,2
chr21,28781626,28781996,CACAGTGAATTTGTGTGAACAACTTAATTCTCCCAGCAGCAATGTGGAACAACATGCACAGAGTATTACCAACCAGGGAAGCTCACCTAAGCCTTTAGGCCAGAGTTTATATTGGGAGTCATTTATATGGGTATAGTTATCCACCCACATGGCTGATCTTCAGTCTCCAGTCCCTCTAGTGGTCACATTGATACTGTCTGGCCCAATGTCAGACATAATGGAATTATTTGCATAGATTTTCTGGCCCCAAGGCTTCTAGGTAAACAGACACTGTTATCAGGGAGGATATTCTAAGGGCTTAGAGGTTACCTCCAGAGTAAGGGTCATCCTTTCTTTGGATTGTGCAGGATGTGAACAATCTGCTGAGCTGA,"[[28781647, ""G"", [""A""]]]",yes,no,G->A,1
chr2,64281877,64282232,GTTCTTAAGGAAATAGAAGTTCTGATCAGATGATTAGTAGCTTTATTACTTCTCCTCCAAGGAAATGAGTTGAACTAATTTTTAAATTAGTGGATAATAGTCTGGCCTCCTAGGAATGTCAAGGCTGTGGCTACCATAAGCAGGTGGGCTAAGCTGCTACCCAGCTTTCCCATGACCCCCTGCCACCACGGAGGGAAGGCACTATGAGATCACACACAACGCAGAATAAGCCTGGGATTCAGCCACCAGCAAAGCAAATGCCAACCTCTCCCTCTCCCCTGCAAGAAATAAATTTTAGAAAGAGTTTGATATCTCAAACAAAGCATCGAAATAGTCATCATTGGAGAAAACTAACT,"[[64281977, ""G"", [""T""]]]",yes,no,G->T,1
chr3,108165692,108165944,ACAAAATGATGAACTACCTTAACCTTCACAAACTGACTGTGTACCTCGCATGGGCATGGTTCACAATAAAAACTGTCCTTGGTCATTCCTAAACAGTTTAGGAGAGGGGCTCTTGGTCAATCTAATTTGCATGCTCCGCAGAGAAAGTCCGTTCTAAAACCAAAAATCAATCAAAGTAGAGCATGAAGCTCAATGATGAATAAGGATTAACATCCCGTAAGACAGTACACTCAACTGGAGTATGTCAGAAACT,N,no,no,N,0
chr10,63898585,63898812,TAATATCTATTATGCTGTAGAACTTGCAATCTAATTGGGAGGCAAATCATGGAATAACTAGAGATTACTGATAGTATTATCAAGTTCTTTCTGAAGGAAAGCCCCCAGAGACCCATGATCTTCCTAATCAATGGCTCTTGTTTAGTGAGAAGGCAGCACACAAAAACTAAGACTCAGTTTCATGGAATAATGATAACAACAACAACAACAATGGCAATATTTATTGTG,"[[63898601, ""A"", [""G""]]]",yes,no,A->G,1
chr2,181596261,181596722,TATAATTTTCTTGTATAAGACCCCAATTACTTGTTTTTAGTATAATTATGACCAATTACATGTAAAAATATAACCCTCTCTTAGAATAAAAATGCCACCAGGGCCCGTGAGAAGCCCTAGGGAAGACTGCCTGATGTTACTTATCCCAAGTATAAATAGAATGAATCACTTCTGAAGAGCTAATTGCTTTTAGCTGAAAGGGTAGAGGTTATGAGCTAGGGCTGTTGATGGACAAAGAGAAACACTGCAGGAACCTTTGCCATGTCTGTCAACCTTTTCCAAGCATCCCATAAACCAGTCATACAGTAAAACTCTTGGAAAATAAGTGAGAATTTTACATGAATCAGGAATGGGTATTGCTTAACTTTTAATAATATTTAATAAGAATATAGCATGTTCTGTCACCTATAATTAATCCCTGGAAAGGTTTCTTTGGTTAAGTGTGGCATTCAGGGTTCTACA,"[[181596282, ""A"", [""C""]]]",yes,no,A->C,1
chr9,109575,109942,AAGTACAAGAGAAGGTTATACCTGTTATTCTAGGCGTGCTAATTCTAATTTTAGAATTGCTGTGGTTATTTCATGTTACTCTGCCAGGCTTCAGTGTTAGGCAAGGGCAATTCTCTGTGTAAGCAGGGGATAGCTTTCCTGAAAGGTCCTGTTGGTCCTGGGAAGTGATGGTACATGTGACTCATCCCTCAAACCAGAAGGCTAAGCTAAACTAGCAGGAGAGCTGCAGCGGGAACCTTCTGGCACGAAAGAAACAGCATGCTCTGTGTACCACCCGTGTGTGATGGGAAATAAAGGATGCCCACCATGTGAAGACTGACCAGGACGCAGAGAGAAGGACGTCAGGCAAGATCCCACCCGTGCTTAGG,"[[109859, ""C"", [""T""]], [109860, ""C"", [""G""]]]",yes,yes,C->T,2
chr4,147207976,147208257,GAATGAACTCCCATACACACTCCTTGGTCCCTGAAGATTTGGTCTCCTCTCCCACTCCACTGAAACTGTGTTCCTGATGTTATCCATCATCTCCTGACCACAAACTTAAAAGGCAATTGCCTTGCCTTCATTCTTTACCAATTTGTCGCAACTCAAAACTGTTAACAATATCTGTTCTTGAAATCCAGTCTCTGCTGGTTTTCCATATGTTTCTAATCACCTTGTCCCAGATTCCTTTTCTGCCTCTTCATTTTCCTAAATGTGGGTGTTCCCCAAGGCTTA,N,no,no,N,0
chr13,70611838,70612283,TGTACTTAGTAGGTATTAAGCAACCCTCTACACTCCTGTCCAGTGGGAAGAGGTTGTCATGTGCCCCATGCTGTTATCCCATATGGTAGAACTGCCCATGTTCAAAATTCCTTCCGTTTGGATCTGATAAAAATCCCTGACTAATTTAGACTTGCAATTGAAAGTGTTGTAAAAAATGTGAACGATATATCATACCTGAGTTAAGCGCCCCCTCTCTTTGTCTCCTACTTTTCTCTAGTTCACATAAGCATAGCTAGCCACATTCTGTTTCAGGATTAAGGCATTGATTATTTCATTTCATGTGTTAGTTAAGATCAGATGCATTTTTAAATGTATTTTATTTTTTATTTTTATTATTTTCAAATGGACAAATTAAATGGTAGCTATTTACAGCATACAACATGGTGTTTTAAAGTATATAACATTTCAGAATGACTAAATATAGC,"[[70611847, ""C"", [""T""]], [70612056, ""C"", [""T""]]]",yes,yes,C->T,2
chr1,23903914,23904167,GCCCAGGTCTGCAACTGTCACAGGAGCCTGCCTCCTAGTTGCTCAGCTGGCTCCTGCGGCTTTCTCCCGGGGACTTCTCTCTAATCTCTCTTGGGGGCCCTTTGAAATGTTAAAAAATTGCATTTGGGCTCCCGATTTTCTGCTTTACCAGATTCCAGAGTTCACACTGCCTGAAGACAGGAATCTTAGCTTTGCCCCACTAGGGAGCTCCTTTGTGATCCAGGTGATGTCACTCAGAACTCTGGTTTTTTTGT,"[[23904001, ""T"", [""C""]], [23904005, ""G"", [""T""]]]",yes,yes,G->T,2
chr12,31431765,31432137,TGCTATCTAGCACACAAAAAAAATCCCACTGATTAGAGACCCAAATGATTAGTTTTACATGTCAGCAGCATAGAATTACTCATATTAGCACACACAAACACAGAAAGGGACTAAACATAACAAGAAGCAGAGAGCAAAATGGGGAGTGTGAGTTCACATCTCAAGGTCATGTGAGGCATTCTAGAGCTATGTGCACTCACACATGTGTAACATTCAAGTAACACCAAAGACAAGATTGGGGGAACATCTGGTAAAGCACTTTCAAGCAAAGAACATACCAGGCAGCACTCAGAGAAGGATTTTTTAGGAAGTCGTGCAGGAGGAGGTGGACCCTGGTCCCACTCCCAGAATGCCATGGAGTTCTGACAGACCA,N,no,no,N,0
chr9,34137120,34137391,CGGAGTCTGGTTCACTCAGTGCTCAATGTTGCCCAGGCTGGAGTGCAGTGGCGTGATCTCAGCTCGCTACAGCCTCCACCTCCCAGCCGCCTGCCTTGGCCTCCCAAAGTGCCGAGATTGCAGCCTCTGCCCTGCCGCCACCCCGTCTGGGAAGTGAGGAGCGTCTCTGCCTGGCCGCCCATCATCTGGGACGTGAGGAGCCCCTCTGCCTGGCTGCCCAGTCTGGAAAGTGAGGAGCGTCTCTGCCCGGCCGCCATCCCATCTAGGAAGTG,N,no,no,N,0
chr3,143519891,143520373,TAATGCTTGAATAGGCATTTGGGTGAGTGAATAGGGAGGAAAGGGGGAGGCAATTTTGGATGTGTGAAGTTTAAGATGCATAATAGATATAGAAGGCAAATGGATATGCAAGACTACAGATTAGGAGAAGACTCCAGGCTGTAGATGTATATTTGGAAACTATCAGTAAATAAGTGGTATTTAAATTCATGAGTCTAAATCAGATCATCTAGGAAATGAGTTTAGATAGAAAACAGAAGTCATCCAAGGGCATCCTATAGTCATAATTGCTAATATGGTGCTATGGACTGATGTTTGTGTCTCCTTGAAATTCATATGTTGAAGCACTCACTAATCCCTACTGTGATGGTATTCATTTGTGGGAGGAAGTAATTAAGTTTGAATGAGATCATGAGACAAAGCCCTTATTATGAGATTAGTGTCCTAATAAGAATAGAGTTGAGAGAGAGACCTGTCCTCTGTCCATCATGTGCGGATACAGCA,"[[143519907, ""G"", [""A""]], [143520032, ""G"", [""T""]]]",yes,yes,G->T,2
chr20,16744451,16744807,AGGCTCAATACAAATTGAGGGGCAGATTATTTAGAACTTTCTAGGAAAGGAGTGTTAACTTCTGGGTCATTGCCATGGAAAGGGGTGGTAATTTCCAGGTTGTTGCCATGGCATTTGTAACTGTCATGGCACTATGGGAGTGGCTTATGCTAATAAACAATGAAGACAGCTGAGGATCGCTTTTCTTGACATCTCCTTGTCCCTGCTGGTTTCTTCACTTTTTACTGCCTGGACCAGATCCTGTTCTGGTCAGCAGGGTGGTGACCAGAAAACAAGTTCTTCTGGTCTCCTACCTCAGTTGCAAGAAACTCAAAACTCCATTTTAAACTTTAAGCCTTATAGTATCTTCTGTTTGAG,"[[16744505, ""G"", [""T""]]]",yes,no,G->T,1
chr1,196381598,196381910,TACAAAGGACTCTACAAAAGCTATACGACTCTAAAATTGATTAACCAGCACTTAAAATAGGTAACAGAATGTAGCAGTGTTTCCCTCTGTAGAAACCACTTAAAGATGACCACTTGCTACCAGATGAACAAATGGCTGGAGCATCCATTACACTGAACTGATGACTGAGAAAACACAACCACCAAGCTCCCCGAACACCTGTCGTGTAATAGTGAAGTTTGAGAGAACGTAGGCAAATTTGCCTTTGAGATCAGTTTCATTCCTTTTCAACCACAAAACACAATATTGTAGCTGAACTAAAATAATTTGAATG,N,no,no,N,0
chr14,51308837,51309269,CAAGATGGCAGAGCTTTGAGTAATAGCATATGTAAAAAATCTTCATGATTTTATGTTGACATGAATTGTATTCTTATCTGATGGTGGGATATGGTGGACAAATGAATTAAAGGAATGTCTGTCTGCATGGGAACATGACACCCAGGCCCATGAAGGAGGGGCTCATGAAGTCTGCTCAGGCATTGTGCAGAGCCTTGAGCTAAGTTTGGCCTGTCAGTGCTTGAGGGACCTTGACAGATGAGCCTGCCCAGAGGAGAGTAGTGAGGTTACCAATGGAATGAGAACACTCAAGGAGCAGATGAAGGGGCTAGGCCAGCTTATCCTAGAGAATAGAGACTGGATTGGGGAAATGTGGGATGGGAAGGGCAGCCTTCACATACTCATAGAGCTACCAGGTAGAAGAGGGAATAAACTTTGTCTTGCTGTGGAAGGC,"[[51308856, ""A"", [""G""]]]",yes,no,A->G,1
chr2,208092145,208092447,AGTCTAAATGAACAGAAATCTCTCTTGCTAAAGATAAGTGTTCAATGCTTTGCATTTAATCCCCAAAATACTTTAGATCCAACTTTTCTTAGAGAACACCCAGTAAAAGATAAGCAACAGCTGTTATGTTTGACCTACATGTGACCTCTTCCTCATTCTCATTCCATGTGGCTTAAGTCTCATTGACTCTATCTCCCAACTCCAGGGTTTGCTTCAGCCATTTAGAGTATTCTAAGGCTGAAACAGTTGAGGACCACTGAATTAGTCAGGGTTCTTCAGAGAAACAGAGCCAATGGGATGGAT,"[[208092231, ""G"", [""T""]]]",yes,no,G->T,1
chr16,9330200,9330437,CTGGGTCTCTTTGAGAGCACTGAGACACGAAGCCCTGGAGGCATTTCCTCATGGGCAATCAAGGGAGAAGCAAAAGCCGATTTTTCTGTTTTCTGGCAGCAGCCTTTGCTTTCCCTCTCTCTCTGGGGAAATTAGCTTGCTGGCATGGACAGAGGGAAAATAAACAAGCCTAACCTGAAATATGCATTAGAGTTGAGCTATTTTTGGAGATTCCCAAGATTGAAAATGGCTGAAGGCT,N,no,no,N,0
chr18,909478,909878,CGGAGCCGCTCTCCAAGCGCCACTCGGACGGGATCTTCACGGACAGCTACAGCCGCTACCGGAAACAAATGGCTGTCAAGAAGTACTTGGCGGCCGTCCTAGGGAAGAGGTATAAACAAAGGGTTAAAAACAAAGGACGCCGAATAGCTTATTTGTAGCGATGGGTTACCAGCTACCCTGTGTATACAGCCCTGACGCAATGAAAAGTCGTTTTCCAAACTGACTCAACAGTTATCGCTCGTGTGTTCTATCCAAACATGTATTTATGTAATGAAGTAAAGCCATTAAATGAATATTTTGATAATAATATTGTTTTTCTTTCTACAAAGCACTAGAGAATGCACAGATATACTTTGTGGACCAATTATTGATATATATTATAAATATATATAAAGAATATA,"[[909560, ""A"", [""G""]], [909710, ""C"", [""T""]]]",yes,yes,C->T,2
chr4,3093994,3094411,AGTGGAGGGAAGGTCAGCAGATAAACATGTAAACAAAGGTCTCTGGTTTTCCTAGGCAGAGGGCCCTGCCACGTTCTGCAGTGTTTGTGTCCCTGGGTACTTGAGATTAGGGAGTGGTGATGACTCTTAACGAGTATGCTGCCTTCAAGCATCTGTTTAACAAAGCACATCTTGCACCGCCCTTAATCCATTTAACCCTTAGTGGACACAGCACATGTTTCAGAGAGCACGGGGTTGGGGGTAAGGTTATAGATTAACAGCATCCCAAGGCAGAAGAATTTTTCTTAGTACAGAACAAAATGGAGTGTCCTATGTCTACTTCTTTCTACGCAGACACAGTAACAATCTGATCTCTCTTTCTTTTCCCACATTTCCTCCTTTTCTATTCGACAAAACTGCCACCGTCATCATGGACTGT,N,no,no,N,0
chr6,123682934,123683223,TGCTACATTTATAGAGCACTTAGTATTTTATTGAGTATCACAAATGGTAAACTGTAGAGGGAGTGAGAGGTGAGATGGAAACAGAAACTGGAGAGCTTGTCTTTCTAGAATGTCTCCTCGCTTCTCAAAAGTATGTGCCTAATCATAGTGGTAATAAAAATTCATACTTGACGAAGTCTTTTGTATACATATCTCTGTTTAAGTTAGCATATAACTAGGCTAGCCTTACTGAGAAGATTGGGTAAACAACAACAAAAAATCAACAAAAGTTACATGGAGCTAACAAAGCA,N,no,no,N,0
chr5,18613508,18613718,ATCTGTCTCAAGCCCTCTCTTCTCAAACTGTAGATAGCTATCTTCTCCTTATGTCTCTTTATATCATCTGTTCCTGTGCACAAGTCTTTGTTCACATTCTCCCTTTTTATAATGACATTAGGCATATTAGATTAAGCCTGATCTAATAACCTCATTTTAACTTGATTACCATGCTAAAGACCTTATCTCTAAACAACATCACATTCTATGG,"[[18613663, ""C"", [""T""]]]",yes,no,C->T,1
chr5,143767253,143767555,CTAGCTTTCACTCTCTGTACTCCGTGGGTCTGTGCCTGCTCTCTGCGCTGCTGTGCATGTTCTTGGAAGAACTTCACCATATTAAGGAGAAGCCAGTCACTCTGGGTATTTCCCTTAACGGGGTCACACTTATTTTTAACTCCCCACCCAAGACAGCTGCTTGGAAAGCTTGTCATCCATGGTGGCAAAGTGGTTTCTAATGGCAAGCTCTCTATTTCTTCTCTTTCCCACCATTGGGAAGAAGAAATCAAATCCAATCCCCAATCCCCTCTTCCTCCATTTAGAGCAAGCCTGTCCAACCCA,N,no,no,N,0
chr1,238951837,238952206,ACAATATGCTACTATAATCAAACAGATATTGATAGCAAGCAAAACGTCTATCTGTTCAAGTATGCTGATTAAGTAATCTACTGTAATTGCCCTTTCTCTGTAGTGTAGTCACTGCGGTCTCCATGATTTTACTCTTAGAGATTCCGTCCATTGGTGAAGCACTGCCCTCTTCAGGCAAAATCGCCTAAAGTATCAATAATCACAAGAAAAATATACTTGAATCCATTTAATTTGTAAGAGCACCACTTTGGTGAGGTGACGCACACACAAACAAAATTCTAGGAAATGATACGAGTTTTGCCTAAATAGGGGTAATTTTTAGATAAACTGGTGAGGTTTTACACCTGTTTAAACAGCTGAATGTGTCTGA,"[[238951961, ""A"", [""G""]], [238952035, ""C"", [""A""]]]",yes,yes,C->A,2
chr20,52024416,52024813,GACAAACATCATGGAAATACTAGAGTTTTCTCTGCTGTAAATGCTGCTGCTGTCCAACATGAATCGGCACCATGTCCTCCTTGCATCAGCTGGCATCCCTGTAGCATTGATCACATACATGCCAGGTCTCCTGCTGGCATCTTTAAAGGACTATCTCATTTAGTTTTCTCAACCCCTGTATGGCTAGTAAGCTACCCAAGTTCACTTAAAAAGTGGGTGAGCTAGGTTTACAACCCACCTGTCTGACCACAAAGCCTATGTTCTAAGCCACTATCCAAAATAGTCACCCAGGGCCAGGTGCAGTGGTTCACACCTGTGATACCAGCACTTTGAGAGGCCAAGGCTGAAAGATTGCTTGAGCCTAGGAGTTCAAGACCAGCCTGGACAACATAGTGAGA,"[[52024450, ""T"", [""C""]]]",yes,no,T->C,1
chr4,67766035,67766309,AACTTTTATAGGCAATATTATTGCAACTCACTAGACTACAACCTACTAATATGTTGATCCTATGGAATCCAGGTGCTTGTCATCAGGGGATGACTCAGAAGGGAGTATGTTGCTAATAGCTACTCTATGATTCTCCAAGAGTCCTGGATCTGCAAATTGGTACAGAAAACTTCCTTAATAAACTGTAATCCATGTTTACTCATATAATTACCATTGATCTGAAAAGGTAAAAGGGAAAATTGTATGTCCTAGTCCATTAGTCTCATTAAACTTTT,"[[67766106, ""T"", [""G""]], [67766179, ""C"", [""T""]]]",yes,yes,C->T,2
chr5,126143675,126144129,CTCACCCCTTTCAGGGCTTCTCTATTATCTGAGACAAAACATTACCAAAATTATGCCAATTAATAACCCTACAATGGCCTCCAACTGTTCAAGTGAAAGAGTCACACATACCTCACTTTAGATAAAAAGCTAGAAATGATTAAGCTTAGAGAGAAAGACATGTCAAAAGCAAAAAGCTAGGCCTCTTAGGCCAAACAGCCACTAATGAATGCAAAAGAAAAGCTCTTGGGGCAAATTAAAAGTGCTATTTCTGTGAACACACGATGAGAAAGTGAAACAGGCTTATTGCTGATATGAGAAGTTTTAGTGGTTTGGATACATCAAACCAGCCAGCACATTTCCTTAAGCCAAAGACTAATCCAGAGCAAGGCCCTAACTCTCTTCCATTCTATGAAGGATAAGAGATGGGTAAGCTGCAGAAAAAAATTTGTAAGCTGGCAAAGCTTGGTTTGTGG,"[[126143701, ""C"", [""A""]]]",yes,no,C->A,1
chr6,17268146,17268495,CATATATCTCACTACACAGAAGCTACTGGCCCGAGGACAGAATCATCTGTTGAACGCACAGCCCCCTTGCTGTTATTGTGGTAGAGCTCTCACAAGATCTGGTTGTTTGAAAATATGTAGCTTCTCCCCCTTCTCTCTCTCTCTCTCTCCTGGTGCTCTCAGAGGTGATGCCTGGCAAAACTGAGTCATCATCCTACAGAACACGGTGTATGCTTTCAGTCAATGACCCTTATGCCGTGATTTATAGCTCCACGTTTTTTTCTGATACCAAATGTGTGATGTCTTTTCCAAGACCAACAAGCAATTCTCCAACTCTGACACCAACTAGGTGTCCAATAATTTAATTAAAT,"[[17268152, ""C"", [""T""]]]",yes,no,C->T,1
chr10,77735155,77735384,GAGGTTAACTAATTACAGGCTAAAATAATGGCTTTTTTAGTGTTTTTAATTTTTAGAATACACTACATAAATTGTAAGTAATTGTGGGTCTCAAAAACCCTAGGAACTTTTAAGTGTCTTAGCACTTCCTCGATGTGCCTGCCCTGAAGGAGTGAGCTCACATGTGAGACAACTGCACTCCAGTGTGGGCGTGCCTTTTTCTTCAGGCCATGCGAAGGGTGTTTAAAGCA,"[[77735185, ""C"", [""G""]]]",yes,no,C->G,1
chr16,33601123,33601390,CTGAGCACAGGAACAGAGGCCGAGGGTGCTGGGGAAGTGGAGAGTGGTTTTGTGAGGTTTGAGAGCAGGATATGCACCAGGGAGGGTGTGGTTGAAGCAGGAAGGGGCTCTGCTGCAGGTGTGCAGGACTGCAGAGGGGTGCAGGCCAGGCATGACAGGGTCTGGGCTGTGCTAGGAGGTTCTGTGTGGTGGGTGAGTCAGAGGAGGTAGTGTGTGGGGGCTCAGGGTCAAATTATGAACCTCACCAGGTGTGGTGGTTCACGCCTAC,N,no,no,N,0
chr2,35461924,35462236,TATACATTTCACAAATGCTAGTTGCATTTTCAGATATCAGTTATGGGTCGTGAAAACAAACAAACACAAAAACTATATATAGAATATTTTTTTTCTTGGTTATGTTTGCTTTTTCTTTTCTGTAACTTACAAAGTACACATTGACTTGTTTACTGATTAGAGCAAATACACTTTCCACATCTTTAGCATACATCTTTGAAGACATGTATACATAAGGATGGTTTGGTCTCATGCTCTGGTACAGATAGAAATATTTTCAATAAAGTTTTATTGTAGAAAATAATTGACAATTTGTATTTCTATCAGTTAATAA,"[[35461973, ""A"", [""G""]], [35462078, ""T"", [""G""]], [35462094, ""G"", [""C""]]]",yes,yes,A->G,3
chr3,119933198,119933617,TAAAGATAGCAATAAGCCACAATTTTTCATCTATCAAACTAGAAAAGAAAATTCAGTCTGAGAAAACTAAGTATTGAAATAGATCACCATCCAATATGAACTACAACAATTCTTGTGAAAGTCCAAACTCATGCAATCTATTGGGCAGGCAATGGGTTATTAATTCAGAAGTGAAGACATAGAGCCCCCCCAAATAGACTCAGCAATGACACTTTAGGGATTACATCTATGAAAACAATTCTGTGTGTGTACACGCTCGTGCATGCATAAAATTTGTGAAGAGCAAGAAATTAAAAACACATCTGCATGCCATTATCTTATAATGCCAGAAAACAAAAACATGCTTTAAAATAAAACAAAAAGCCCACATGATAGTATGTTAAAGAAGCACAGGAGCCGCCAAGCGCGGTGGCTCACGCC,N,no,no,N,0
chr6,140311194,140311503,TTTAATGTCAGGATCAAAACAAGGGCATCTGGTATCACTGATTCTAATCTATCACTGCAACACAAAACAAAAAGAACAAAGAACTAAAAAGAAGAGTTATAATGAGGACTGCCACAATGAATAACTCTAAGGGGAACATAATATGCAATGTGAATGATGCCTCTGGAATGTACAATAAAACAGGCCTGATTTTAAGATAGGAAAAAATTAGGTAAAATTGCCATCATTCAGAGATAAATGATTATCTGTAAAACAACCCAAGCTATCCACACAAACTGTTAGAAATAATAATAGGCTTTAGTTAAATCAA,N,no,no,N,0
chr2,76584481,76584900,TTATTTCTGTGTAATCGTTGTTATTTTCTTCCTTCTGCTAACCTTGGGATCAGTTTTGTTCTTATTTTTCTAGTTCCTTGAGGTATAAAGTTAGATTGTTTATTTGAGATTGTTTTTCTAAGTGTAGGCATTTACCATTATAAACTTCTGTCTTTGAACTGCTTGTGCTGCGTCCCACAGGTGTTGGTATGCTGTGTGTTCTTTCGTTTTCATTTTCTCAATACATCTTAAAATTTCCCTTTGTTTTCTTTATTTGTCTGTTTGCTCAAGAGCATGCTAATTTCCACATACTTGTGAATTTTTCAGTTTTTCTCCTGTTACTGATTTCTAGTTTCTTATCATTGTGGTCAGGAAGGTTACTTGATATTACTTCAATCTTACTTTATTTATTAATTTTTTTTGAGACAGAGTCTCACTGTG,"[[76584592, ""C"", [""G""]]]",yes,no,C->G,1
chr2,209901199,209901615,AGTCAATACCTGGCTTCAAAACTTAGAAGAACAGGCTGATTCTCTTGTTAGGGGTTAATGCATCTGGCAGCTTGAAGTTTCAGTCAGTGCTCATTTGCCATTCTGAAATTCTAGAGCCCTTAAGAATTATGCTAAATTTACTCTTCCTGAGCTCTATAAATGGAAAAATAAAGCCCGGATGACAGCCCATCTGTTTCACAGCATGGTTTCCTGAGTATGTTAAGTCCACTGTTGAGATCTACTGTTCAGGAAAAAAAACAAAAAAAAATTTCTTTCAATAGATTGCTGCTTATTGACAATGTGGCTGGTCACTCAAGAGCTCTGATGGAAGTGTGCAAGAAGATTAATGTTGCTTTCATGCCTGCTAATGCAGCATCCATTCTGGAGCCCACAGATCAAGGTGTATTTTGACTTTCA,"[[209901224, ""A"", [""G""]]]",yes,no,A->G,1
chr15,33621179,33621516,CAACAGAGCTCATGAATAATTAAATTCCTCTAGAAATCCTCATAAGAGATCATTTACTTGTTCTTGGAGTCCAAATGCTAGTGAGTAATGGAATACACTTACTTGCTATACAAGCTACTAGGCATTCAGCTGCTCACAGGAAAGATGCTCAATGAGAAGAGAGAGGCAGAAAATTTCCCACACTAATTCTTTGCCCAGAAAGATCCAATTTTATCCCATGGTTTCCATATGTCAGTACACAATCTGTTATGTTGCAATTGAATTGGGAAGTTCTCAACAAATAATTTTAAGATTTAGTCATTATTTCCTGAGGTTCACTAAATTAGTAATACTGCAGG,"[[33621252, ""T"", [""A""]]]",yes,no,T->A,1
chr5,132896715,132897077,TCTGGGAGGATTTACTTGTTGACTTATATTTCTTTTTCTCTGCTGTAGGTCGAGGGGAAGACTTAGACTCCTTCTTTATATTGGGTTTCCTTGAGCCTTTGGTGGCTGCTTTGTGTCTGCTGGAGGGCATGCTGCTAGCCAAGTCTACAGGGGTTTCACTTTCTATCTTCAGGCCTCCACGAGGCTCTTCAGCAGCTGCCTTCTCAGCCTTTTTGGGTTGTTTTTTGCCTACAGTTCTTCTCTGTGTTGTGCTGTCACTCTGTGCAGGAGATTTCTGCCTCCCACGCCCACTTTCTGATCCCTTTTGGATGGTTTTGGAGTCTCGTCCCGGAGTAGCGGAACTCGTTTCTTTAGGTCCACTTG,"[[132896722, ""A"", [""G""]]]",yes,no,A->G,1
chr5,77779464,77779711,TCTTGAGTCTATGGGTTAAGATTAAGGAGTTTGGCGCCGCCTTTAAGGATAAGAATCAGAAAGACTTGTTTCAGGTTTCAGGAGTTTACAATAGTGGTTAAGAATGTGAACCCTGGGACTAGACTGCCTGGGGTCAATCCTAGCTCTGCATCTTACTAACTGTGTAATATTGGACAAGTTACTTAACCTCTCTATGCCCCAGTTTCTTTCTTCTGTAAAAGGTAGATGATGAAAAACTTAAATGAGCT,N,no,no,N,0
chr1,65769658,65770015,TTTACATATTATAGGAGACTACAATAAAAATGACAGTTAAAAAGTATTTGGGAGGGTATGAGGAAACTAGAATCCTCACACATTCCTGTATGAATTGTCATGCACTATTAATAAAAATGTAGAACTGTGCATTTGCTTTAGAAAATAGTTTAGCAGTTCCTCAAATGGTTAAACATAGTGTTGTCGTACAACCCAGCAATTCCACTCCCAGATTTACACCCAAGAAAATTAAAAACATATGTCTACACAAATTCCTGTATGTGAATGTTCTGAGGAGCATTATTTTTAATAACCAAAAAGTGAAAAAGTGAAAGCAACTCAAATGCCCATCAACCAATGAATGGATGAATAAAATGTT,"[[65769719, ""A"", [""G""]], [65769736, ""T"", [""C""]]]",yes,yes,A->G,2
chr12,66708779,66708981,CACTTACATTTTAAAATCCACAAACTGAAGTTTATATTTACTTTTTCTTTGAATGCCCTCAAGTAAATTTAGTTGTGGTTGACTCCCTCTACTGGCAAAAAATGATATTTTTTGAAAAAAAAATTTTTGTCAAGAAGTTGACACGAAAGAAACATAATTTGTAAGCTATCAGATATATTCTCTCTGATAAATATTACCATGTG,N,no,no,N,0
chr11,111373607,111373868,TCAATCTCCAGGAAAATTAGCCAGGAAAAGGCAAGTTCCATTCCAGCACTAGAACATTTGACACCCAAAGTGGTTAGGTGGCTTGCTTAAGGTCTCTCATCTAATTATCTGTAGAATGGAAAGTAAAACCCCTGGCTCCTGCCTACAAGTGCTTGTCCCCAGTATCACACAAGCGGGACAAGAGGGTTTCAGAGAAGGCCTCCCCATCCCAGGTAGGCTCACTTAGTTGTCAAGCAGTTCTACAAAAATGAGAAAACTAGAG,"[[111373668, ""G"", [""C""]]]",yes,no,G->C,1
chr8,64076142,64076570,ATTTGACAATTTTGATAACACTTGCCAAGCTTCATATGGGAACAGAAAGGTGTCTTAGTGGGGAAACCAACAATAAACATGTAATCAAACAAGTGAACATGTAATCAGTAAGTAAAGCCCAAAGGAGGACAGGAGGCGGGAGCTGATTAGGGAAAGTGGCCAAAGAAAGCCCCTTTGAAGCAGTGACATTTAAGCCAGAACTCAATAATGAGAAGGGGAAAGCCTCAGGGGAAGATCTCTTTTAGGTAGAGGGGAAGAGGGAATGGGCCCTGAAGTGGAAAAATCTGAAGAGTTGTCCCTTTTTAGTTGTACTGGAAAATGTTTAATCAAATTTTGTGGATGTATATGTTTTTAACTTAAAATATAAAACACTGCCTTAGAGAAAAATCGACTGAAAATCTGCACTTCTATGGGATGTTTAACAAATCG,"[[64076155, ""T"", [""G""]], [64076430, ""T"", [""A""]]]",yes,yes,T->A,2
chr13,42657012,42657312,TGAATAATGATGATTACAGAGATTCGAACTGAGGACACAATCTCCTTATTCTACATTCAATTTAAATAATCTTCACAGGAGTAGTAAAGTGTAACTCCTTCCCGCAGAGGGCTGCAGTGACATAAACTAATGTGACAGATGGACACACCATAGCCCACCCTAATTAGCATTCATTAGCATACTAAGTTGTATCTTGATCAGGCAGCGAACACAAGGTGTGCACAGAAACAGCATTTTCATGAACCCCATCCAGCTAAGATGCCTCTCTTCACCTTGGTGGGGGAAATTCATAGGATAATCA,"[[42657070, ""G"", [""A""]], [42657140, ""G"", [""A""]]]",yes,yes,G->A,2
chr1,193395250,193395512,AGCAATGCTTGTTTGTTTTTTGCTTGTCAGAGTTTGCATTTTACTTTCGAGAGACTGAATATGGAAACAGACAATGGCCAGAGCATATATGACAATAGAATTCTGAGATACATAAGAAGCTCAGAAACTAAACCCCAACTACTTTAGCAACCAGTCCAATAAGCCAAACCACAACCTTTTCAGCAACAAGTCTAGGGACCCAAACCACAACTGTGGCAATAAATGGCCCAGCAGTGTGAGGACTTGGTCAGCGACTGCTAACT,"[[193395280, ""G"", [""A""]]]",yes,no,G->A,1
chr16,78047557,78047841,GTCATATTTATGTAAGCCTAGAGAGCAGATTCTCAAAGTCAAAGACAAAACATCCCCCCAGAAATCAAGTAACAAGCAAGAGTAACTTGCAAAACAGGTTAAGGTTGCTTACAGCTGTAACTTTCAGAGCTTTCACAGTAATCAAAAACAAACTGCGGTCAAATGAACTGCATAAATTATTTTGTCCTCATACTACAAATATTAAGTTTCCAGCACATTAAGCCTATTCCAGATTTTTAAACATGCAGCCATTAACAAACACAGGCGATTGAAAGGAACTGCATT,"[[78047573, ""T"", [""C""]], [78047668, ""T"", [""C""]], [78047732, ""G"", [""A""]], [78047822, ""T"", [""C""]]]",yes,yes,T->C,4
chr22,38735739,38735967,GGCACTAACCTTGTAGGAGAGCTGGGCAGCTCTCCATCAAGTGCTTCCTGCCTGGGGAAGTCCCATCCTGCTCTGGAGCTAAGCACCCTCCTCCCAGAGGGCCTCGCTTCCTTGCCCAGGGGCAGAGGCAGCTCACCTAGCCCAGGCCGTAGCTTGCCCCTCCCACAGCCCTGGCACCTGCTTCATCAGCTCCCAGGCACCAGCCCCTGACCCCAGCCAAGACCAGTCA,N,no,no,N,0
chr12,103589559,103589986,TCTAAGAGTTTAGCAAATAAGAATCAGGTGTCTTTTAATGGAGTGCAAAAACCAACAAAATGTGCTCCACTGAGCCAGCCACAGGAAGAGTAGAAGTTGAGAAAAGGAAGAAAAATGAATGTGGTTTTGTGAAAGAGGTGGTGTGAAACATGGTCTTGAAGGATATGGTTCAGCAGCCCAGTGAGAACATGGCAGTTAGGAGAGGAAACAGGCACAAAGGTGAGTGAAGAGTTACAGCAGCCAGCATTCACCACCTGTGATACTTCAGACATTTTTGCCAGGAAATTTGCACCTGCTTAAGTGACCGTCATCATTTAAAGGTCTCAATAACCTCAAGAGTGGTTATTAATATCTCCTCTTTATAGGTGATGGCAAAGGGTAAGCAATTCATTCAAGATTGTACACTTAGCAAGATATAGAGTTTGACT,"[[103589631, ""G"", [""A""]], [103589709, ""G"", [""T""]]]",yes,yes,G->A,2
chr6,25838857,25839180,CAATGCAAACTACTTATAATCCTCCTTTCCCATGGCTCTTCCAAAGAACACACTCGCCATACTAATACCTGTATAGGAAGTGACAAAGCCTCTGTTGATGTGTTCCATCTGGCACACCATATGCAATTAAGGCTACCACTGGATCCCATCTGTGGTGGTCCTCTACCATCTGCCACAGTCTATTTATTCTGGGGCCACATTGGTGAGTTGAATGGGAATACAATAGAGATCATTACTCTAGCATCTTCTACATCTTTACAAATGGCATTACTGTCTGCTATTCCACCTGGGCTGTGGTATTGCATCTGAATTACTAATTCAGCA,N,no,no,N,0
chr20,11530926,11531203,TCTGGCAAAGACACAACTAAAAAGAAAGCTACAGGCCAATATCCCTGAAGAACACAGACACAAAAATCTTCAACAAAATATTAGCAAATCAAATTCAGCCACACATCAAAAAGATAATCCACTGTGATCAAGTAAGCTTTATTCCGGAATGCAAGGATGGTTCAACATATGCAAATCAATAAATGTGATTCACCTCATAAATAGAATTAAAAACAAAAATTGTATGATCATCTCAGTAGATGCAGAAAAATGATTCAATAAAATCCAACATCTCTTCA,"[[11530980, ""T"", [""C""]]]",yes,no,T->C,1
chr6,109528036,109528328,AACTGAAGTTGAATGTCACATGTGTCAGCACTCCACCAGGCACCGGAGAGCAGTGAACAAAGTCAGTGAGAACTGGAGAAGGGATACTGCGTAGGTGTGTTTAACTGCAAAGCCTGGACTCCTTCACTGCTGAAACATTTGAAGTGATTCAGAAGGGGACCACTAGGGACTCCCAAGGGCTTAAAGTAGTTAACTGTACTTAATTCCAGGTTAGGACATCTTTTTGATCCTAAACATTAGCATGACACCTTAAACAGAGCAAACTTTCAGAACATGTTTGATGAGAGAAATGA,"[[109528079, ""T"", [""C""]]]",yes,no,T->C,1
chr15,34952010,34952411,AATTCATAATAATAAATTTCAATTTCCCTCTAGAAAAACGATAAGACCATCTACTTCATGTCATTTTTTTTGTAAGGATCAAATGTGTATGTAGGAGTAACAATTATTAACACAGAGGCCCTGACCTCTGATGTAAACCAGATGTCAAGGAAGTGTAGAGAAGCGGAAAACCATGAGCTTTGGCATCAGACATTGGTATCCCAGCTCTGCCAATTACTTAGAGCAAAGAATTTAACCTCTCTGATCTCAGCTTCTGTTTCCAGTAAATACAGAGGATAGTACTTACTTCACAGGATTGTTGTGAGTACTCTGTATGTAAAATGCTTAACACTGTGGTGAGCACAAAACTGGTGTTCTGTTTGAGAAATGGTAAATGAAACTATCATCAACAACAATCCTGGC,"[[34952173, ""T"", [""C""]], [34952386, ""T"", [""A""]]]",yes,yes,T->A,2
chr2,27243423,27243776,GTGGACTCGGATCCCCGCGCAGCCTACTTCCGCCAGGCTGAGAACGGCATGTACATCCGCATGGCTCTGTTAGCCACCGTGCTGGGCCGTTTCTAGGGCCTGGCTTCCTCAGCCTCTTCTCTTTAGGCCCAGCTGCTGGGCAAGGAATTCCAGTGCCTCCTACGGGGGCAGCACACTTAGATATTCCTGGACATCCAGATAGCTCACATGTGCTGACCACACTTCAGGCTCTGGACTGGAGCTCTCTGGCATGGGGGTGGGGCCTCAGATGCTGGGGCCCAGTCTGCCCCATCTTCATTCCTGCACCTTAAACCTGTACAGTCATTTTTCTACTGACTTAATAAACAGCCGAGC,N,no,no,N,0
chr1,243064069,243064474,TCTTACAAAGACCTCAGTGGCAGATGTGACAGGAACATCTTTTGTTTTAATATTTGGTCTTGGTCCCAGGTTTCTAACACAAGAGCCTCTAATAACTTTGGGATCTCCAGCATGGTAAGAATGCATTTGGGGATGTTGTTGAGATGACTGCGTGACTGCAAGCTCCTAAATTTCTTCAAGAGGAGGGCTGATTACCATGCAACCACATTATAAGAGGCTTGGAACTTTCAGCCTCATGCACTGAACTCCAGGAGGAGGAGGGGCTGGAGACTGACTTAATCACCAACAGCCAAAGGTTTTATCAATCATGCTTGCATAATAAAGCCTCCATAAACACCCTGAAAGGGGTTTGCAGAGCTTTCAGGGTTGCTGGACACAGGAGATGCTGGGAGGGTCGCATGTTCAA,N,no,no,N,0
chr5,107088524,107088768,CAGGAAACACATCCCAAAGGGAAATAGGAGAACCACAGAAAAGAAATCAAGTGAAGTGAATACAACCTCACAACTAGTGCAAATCCCTCGGGAATTCTCCTAATATGAACAGTTAAAGCCACGTGTTTAACATTTGATAAATGTAAGTTCTTATTTGTCAAATGGGGAAGCTTCAGGCACAGTAAGCATTAACCTGATCCATAAAAGGCATTATATTGTCTGTCTTTGCATTTCATTGCATAATG,"[[107088634, ""C"", [""A""]]]",yes,no,C->A,1
chr17,33240378,33240793,GCTAATGCTCCTCCTTCCAGACCCTCCAGCCAGTGGCTGCCTTTTGTTGAGGTTGGATAGAGAAAAGCTTCTCTAAGAAAGCGGCCTGCCAGAGAGATGGGAGATGCTTGGATGCTAGGCAACTGGTCAGAAAGCAAATATTGGCCTCATCTCCAGGGACCCTGCCAGGCACTGTGCAGCTCAGATGTGGAGTTCTTTGTCTGGATGAGAGTTTGCCATTTAATTAGATTCCCCACCTGATCTGCCTGTGGGGCCATAACAGGCAACGAGAGGCTGTCAGCATCCCTACCCCAGGCAGCCAGGAGCGGGAAGGAGCTGTAGCATTGGAAGGTAGGGTGGGTCTCCCATCTCCCAATCCTGCGGGTTCCGTGCCCTGCTGGTTCTTGCTCCACTCCCTCTGGGTGTCTTCCTCCATA,"[[33240563, ""C"", [""T""]], [33240742, ""G"", [""T""]]]",yes,yes,G->T,2
chr3,158200951,158201319,CATTTCCTCCTAAAGAGCCATGCTTTCATCTGTTGTCATTCCTTTTCAGCCTGAAGAACTTTCTTTAGTATTTGTTGTAATGCAAGTCTTCTGTTGATATTTGTTTACTTTTCCTTTGTCTCAAAAATGTCCTTATTTTACTTTCATTTTTGAGGGATGTTTTTGCTGGGTATAAAATTCTAGGTTGACCTTTTGTTTTCTTTCACCATGTTAAGAATTTCATTCCACTGTCTTCTGATTTCCATTATTTTTGATAAGAGGTCAGTAGCAATAATTTGTATCATTGTTCCCCTGTATGTAATGTGTTGTTTTTTCCTCTGAATACTTTCAAGATTTCTCTTTACCTTTAGTTTTTATCAATTTGACTGT,"[[158201024, ""A"", [""G""]]]",yes,no,A->G,1
chr6,9360983,9361286,TTGTGCCACTGCATTCCAGCCTGGGTGGCAGCACAAGATCCTGCCTCTAACCAAGCAAACAAATGAAGAAACATCTGGATGTTGTTATCCAGGCTCAAAGAGGTTAAGAATTTGTCCAATGACACACCACTAAGAAATGACAGAGCTGGATTCTGACATTATACCATGCTCTCCACCCCCACAAGACAGTTATCAGAAATCTGTGTAATAAAATATATGCTAACAAAAAAATGAACATAAAAATAACTTAAATTAATTTAGCATTTTAATATTTAAAGTAACATTTATAACATATAGTTTAACA,"[[9361059, ""A"", [""G""]], [9361218, ""T"", [""C""]], [9361249, ""C"", [""T""]]]",yes,yes,A->G,3
chr14,78345788,78345989,GGGCAAACCGGCTGCCACTTGTTGCAAAAAATGTTGACAATACCGAGGGAAACTGAGACTTGAAAGAACTGGAGGGAGCAAAGTGCTGCTTTTCTGTAGCATCAGGTCCCTGGGGACAGGCCCTGAGTGTTGTACCTACTCTAGCTCTGAAGGGCCTGGGGCAGATGTGTCAGGGACTTCTGAGAAGATGGGGTTGTTTTCA,N,no,no,N,0
chr8,67912743,67913018,TTAGTGCAATTTAATACTTGGTAGTTGAATGGACTAGCAGATGGTAACTTCAGACAGCATGACTACTCTATTACTTCAGGAAACGTTTTCCTAACTAGGAATAACATTTCTTAGATCCCTGTGTGTGTTTGAGTGTTGAGAAATGCCCACAGAGTGAAGGAGTCCTGGTTTATGGTTATGAAGGAATGCTGTTTGCTGCCGACTCAAGCAGGCTGAAAGTCCCAGTTGACTAGGATACATAAGAAATCAACTTAATTGATCCTAGATAGGAGAAGA,"[[67912756, ""G"", [""A""]], [67912942, ""T"", [""C""]]]",yes,yes,G->A,2
chr1,198032730,198032944,GATCTTCAGCATTCCTTAGGGCTCTTCTAAAAAATTCTGGCTCTCAGGCACTGGGTCTGCAAGTGGTTATTCTGAAGGTCTGCAGAGAAGCCCAGGGTATCTTTTGTGAAACTCTTCAGGGGACGTGATGATCGTATAGTTTGGAAACCACTTCCTGAACTATACTGTGCTGTCTGCTTAATAGGTCTTAAATCTTTTTCTGACCTGCTTCATGG,N,no,no,N,0
chr10,98101290,98101786,CATTCCTACCACCCTGTTGGCTATCTTGTCCTCACTGAAACATTTTCCTATCTGAGGTTCCGTGGCCGTAAAATTTCTTTAGAGTCCCTTCTATCCTACCAAAATTGTACCTCTATAAGAATTTGTTCTCAAACCTTTTAGTGAACTTTAAATGATATCTACCTCCCACTGTGTAGCAGCCAGGAGAATTGGGAGGGACTGATCCTACCCCCAGCTCTAGTGGAAGCTATGACTCATCTAAGCCCATTAGTATAAACCCATTCCTCCTACCACAATGATGTCTCAGGGAAAACCAGACCAGAGCAATTAACATGTGACATTTACATATGACCTCTGGTGATCCAATTAGCGCCAAGCTCAGGATTTTTGTTTGGTAGTTGAGGGAAAATAGTTATTTCTTTCCTCTTGGATATAAACGACAAAGCATGTAAACCTAATTGCTGTTGGCTACCATTGTACAAACTTGAGGGAATCCAGTATGAAAATGAAACAACACA,"[[98101324, ""T"", [""C""]]]",yes,no,T->C,1
chr8,100731224,100731709,TAGCCACCATTTAAGGAGCCCTTTTGCTTAAAACAACAGCTCAGGGGAGCCAAGTGAGGCCCAAATAAGGTCAGCACACAGCGAGACCCCAGGTCCAGGCTCACTAGCGGTGTGCTGAGTGGTAGCACTGCCTTCTCTGGGGTAGGCCGTGACAGAGGTGCCAGGCAGCTCTTGTGAATCATAAATGACCTACCTGTCAGATTAAATGATGAAATCAGTTCCAGTTTTGTATTACTAATTAGGGGACAGCTCCTGTAACTATGGTTCATTGGTTTGTTTTCTCTTCTAGGAAACCAACCAGGTATGAACAACTCCCTTCTAGTAATCTTTCTTTTGGCTCCACAGGCTGAGCAAGAAAATATTTTTATGCTGAATGGTGGTAATGGCTTATGTCCTGACAAGTGTGTGTCAAATGATTGTCGTGACAGAATGAAGTGTGTAGGTACCTGTCCAGTGTGTCTCTGTCTTGCAAATCTATAGTTGTAT,"[[100731372, ""A"", [""G""]], [100731657, ""T"", [""A""]]]",yes,yes,T->A,2
chr9,77374350,77374561,AAGTAAAATAAACGTTACTTGAACACAAGCACTGTAATACCGCAATAGTCAGGATGATAACTGAGACAGCTACTATGTCACTAATGGACTGGTGATGTATAAAGCATGGATATGCTGGACAGAGGGATGATTCATATCCCAGGAAGGACAAAGCAGGGTGGCAAGAAATTTTATCATACTACTCAGAATGGCATGCAATTTAAAATGTAGGG,N,no,no,N,0
chr11,131002086,131002549,TTAACATGTTTATCTATATTTATACTTTCAAATGAAGAAAACTCAAAGGCATTTGTCCAATACTTTTTGTAAGTAACTTAACCTTTCTGGATATGTTTACTTGCCTATAGAGTAGAAATACTATGCCTCTCCATAACCTATCTCAAAATTCTTGGCATCAACTCAGTTAAGGTATGTATAAGATCTTTGAAAGAACAGATCCTATCCAGGTGGCTCCATGTTTACTCAGTGTGTGCCATGCTTCAGAAATAGTGGTGCCGTGTATGAGCATGTCAGGTTTAATCATCCACCCGATTGCTGTCCCAAGGCTGAGTGTTGTGATCGCAATGCTGCTATTGGCACTTGTTCTTATGAAATCTCTGTGTCTCCCACGTGAAAAATTGTTTTGTTAAATACGCAATTCTGGATTGATCTGTCTGTCCGTCTATCTATCTATCTATCTATCTATCTATCTATCTATCTAT,"[[131002195, ""A"", [""G""]]]",yes,no,A->G,1
chr3,150826817,150827166,TGGGGCTGTAGGCAGGTGAAATGTAGTTTTATTCAGCAGCTCTTTCATCAGCAGCTTACCCACACTGTCTATCTTTATCTTGGTTGTCTGCTCCAGCTCTGCGGCTCCTCTCAGCAGCCGGCTCCCATGCACAGCTGCACGGTTGGCCTGCAAGGCCAACTCTCCCTTACAGTGTTAGCAGCTTAACTCATTCCCTCTGGGCACAAGCCGGTTCCTGGCTTCCCCCTGCCTGCCTTCAAGGCAACTGGCTCTCCCTTAGTGGTCAGTAGCGTTACTCTCTCTCTCTGGACACCAGCGGTGTGCCATGTTGAGCCATGCTGAACGCTGGCTCCCCTCTGTTTGTCTGCAAG,"[[150826823, ""C"", [""T""]], [150826935, ""T"", [""C""]], [150827087, ""A"", [""G""]]]",yes,yes,C->T,3
chr8,134239931,134240287,TATGTCAATAGCCTTAGCAAAAGTTGCTTTATAAGGTAGAAGGATCACTCCAGAGGCAAAGTCATAAGAATCAATACTGCTGTTCTGTTCCATTAAGCAAATGCTTATTGATTACCTGCCTTATGTAATGGCATTGTGTGAGACCCTGGAGAAAACAAAGATGTGTGAGGCAGTGTCCCAGATTTCCAAGGAGTCTCCCAGCCTAATGGGAAACAGATGAGCCAATGTGACTGCAAGTGCCAAGTTAGAGGAATCTTTGGGGAAAGATGCAACTTTGGGAAAGCGATGACTTGACATCGTCTTAAAGTTCAGGCTATTTTTTGATGTGGTCTCCAAGGCAAGATTCATACACATTTA,"[[134240007, ""G"", [""C""]]]",yes,no,G->C,1
chr15,97561571,97561835,AGAGACAATGGTGTTAAAATTTAAATTTCACCCCCTGAGTATCATTTTGCCTAAGGCTTCTTTGAAAAAAATAAAAGCAAAAATATCTGGCTTCACCTCAGCCATCTTCTCTGCCTCTGCCCACCCCCAACCCCAGCCTTTTTATTCTCAATTCTCACTTCCCTTTTCAGGTTATAGCCAACAGGAATAGATCTGACAACTGAAATTCTTATGGGTAAAGGCATTGTGGACAAATACAAACTCACACACAATGGGTTCCAAAGTA,"[[97561607, ""C"", [""G""]]]",yes,no,C->G,1
chr15,30742860,30743153,AGAGATTAGGTTAAGTAAAAACTCCTAAGTCTTCAATTTGAATTGGAAATATTAGAATGAACTCAAAATTTATTTTTAAAACAAACATATTTCTTAACTCTCCAAGAAGTCCTGTAAACGATGACTAAACCACTAGTTATGGGTACACCAAGCATCCAGATTGTGGTCTTGAAAAACCATTCTCAATAAAAAAGAGTCATAGTTCTTTGGAGAAATGTTGAATTCTAGATCCGGAACAGTAAATGTAGAAAAGGGACCTGAAACATTTTGTCACACAAAATATGTAGAAAAGAC,"[[30742901, ""T"", [""A""]]]",yes,no,T->A,1
chr22,47775787,47776063,GAGAATGCCAAGTGCTAGCAAGACTAGAAAGACTGGATCTCTCATTTCCTTCTGGTGGGAATGCAACAGGATGCAGCCACTCTGAGACATAGTTTGGCAGCTTCTTCATGATTAAGCAGACACCGTATGGCTGAGATCCTGCTCCCGGGGAAAGGAAACTTGTGTGCACACATGTAAGAAAATTTCATAGCAATTTTATTAATGATCACCCCAAATTGGAGCTAATCCAAATGCCCTTCAGCAGGTGAATGGATAAACAAACTGTGATCCATCCATA,"[[47775837, ""G"", [""T""]], [47775941, ""T"", [""G""]]]",yes,yes,G->T,2
chr5,89864980,89865301,TAACAATTTTTAACATTTCATGTTAGAAACAGTGTGAGGTTGTCTTGTACATGGTACATAAACTCAGATGACAGGCAGAACCCTCAACTTGTTCCTGAAGTCTCTCAAGAGCCTAGTGACATCTCAGCCACCTGCACTATGCAAATAGACCCAAGGTGTCAGGAGGATGCTGCAAGGACCAGTTCCACCACATTCCATTCCATTTGCTCAAACTCAATACCTGAAAGACAAAAGAATCTCTTACCAAACTTGATAGTGTTAAACTTTTAGGGACCTACATTGGAAAGTTAATACAAAAGTGTGTTAATTCACGAGGCAATAT,"[[89865167, ""G"", [""C""]]]",yes,no,G->C,1
chr21,21968884,21969212,TGTTTCTGCTGGTACATAACTGTCAGATCCTGTAATATTTTCCTGTGAATAAGCTACTTAACCTCACAGCAGGGAACATATTTTTCTATTTGTGCTTGCTGAGATCTAAACCCAGCTATTTGTCAGAGGACAATGGTTAGTGCAGGTGTGAATACAGAACATGGTGAGTATACTTTGTATAAGATATGCATCAGGGAAGTGTGTCTAAGGCCCTCCAGGCAAGAGGAGGCTTCTGTCTTTCAGCAATGAGGTCTGTGTTGCTTGTACCAGCACTAAGAGTTTCAGGGAATCTGTGGATTCAAATGACTCACACGCAGTGATCCAAGTCT,N,no,no,N,0
chr22,20914135,20914383,CATCTACATTAAAAAACCATACATTAAGTATGTATCGGCTGGGCGTGGTGGCTCACACCTGTAATCCGAGCACTTTGGGAGGCCAAGGCGGGCAGATTATGAGGTCAGGAGTTCGAGACCAGCCTGGCTAACATGGTGAAACCCTATCTCTACTAAAAATACAAAAATTAGTCAGGCATGGTGGCGCGTGCCTGTAATCCCAACTACTCAGGAGGCTGAAGCAGGAGAATCACTTGAATCCAGAAGGCA,"[[20914145, ""C"", [""A""]]]",yes,no,C->A,1
chr3,10312871,10313274,GCAAAAGGGGTGCTCAGTGGACAGTGAGGAGCCTGAGGTCCTAAGAGGTTAAGCAACCTAAGGTCACAGAGCCTTTGAGAGAGAGTTGAGCCTCTGGGTCAGCCTTCCTGTCCTGGCCAGGCAGCAGCCTCACTTGCCCAGACTGCAGCCAGCACTGTCTGTATGTGCTGTCTACAGCATAGTCATTAATTGGTCCAAGGTTTCCAGCCAGAAGTGTTCAGGAAATATTTGTAGACTGAATTGCTATTCATCCTTCCCGACGGTCAGCTTCCTGAGGAGGCATTATTGGTTTCATTTTGATGTTTTCCACTACTCTTTTAATTTGTTCGAAAGGCATGTCTTTCCCTTCTCTTCTGATCTTTATCCATTCACCTGATAACAGGTGCTATCTGAGCACATGCTCT,"[[10312995, ""G"", [""C""]]]",yes,no,G->C,1
chr4,52110126,52110612,AGAGACCAGAGCTCCCTCCCTCTGCCATATGAGGACACAGAGAGAAGGCAACAGCTGTTGCCAGCCAGGAAGAGAGTCCTTACCAGAAACTGAATCTGCCAGCACCTGGATCTTGGACTTCCCAGCCTCCAGAACTGTGAGAAATAAACATCTGTTGTTTAAGCCATGCATCTCTAGTATTTCGTAGTATCAGCCCAAGCTGACTAAGACAATTGGCCTGTGGGAATGCAGGCCTACAATTGCCACACACTACAATTTTTAAAGAAAGGCTGAAATGTTCTGGTATTTACACTAGGTGAGCCAAATGTAACAAAGCTGTAGGCTGAATGTGGCCTCTGCCTCACCACTTTGCAACTTTTCCCATGGTAGTTAAGAGTTTAGGCTCTAAAATAAGATAGGCCTGAGTTTCTCAAACCCCAGCACTTACCATGTGTCCTTGGGCCAATTAACTTATCTTCTCTGAGCTCAGTTCTCTCATCTATATAGA,"[[52110169, ""C"", [""G""]], [52110341, ""C"", [""G""]]]",yes,yes,C->G,2
chr8,75992116,75992506,TGTAATTTTATTAAGAACAATAAAAATTTTAGGTACACCTTGTTTTAACATAGGGGAAGAATCTTAGAAAGACTATTATAAATAATTCCTCTTAAATTATACCCAAGTTAATCACATACAAAATTTATTTTACAAATTCTTTTTTCACCAACTTCATTATTATGTACACAGACCATCTATGACATGCTTGGACCTTCTGATTTGGCACATTTTATATGAAGAATTATATGTTAACTAGAATTCTTACTTTTAGTAACTTTAAATTTTAGTGAAAAATCTAGGAAGCAAGAAATCCTGAACTGCCTGTGAGATATTGGCATTTTATAGATGAAAGTACTTCACAAATTTTTAGAAACATGTTTTCTCATATCATAACCCATTCTTAATTGGA,"[[75992151, ""A"", [""C""]]]",yes,no,A->C,1
chr5,118747704,118747976,TATCAGTAGCATATAATATAAATTCAGAGTCCGGAGTGACAGTGATGCCAAACAACCACATGGGTGGCTGAAATAGTGACACCTTTGCTTCCTGATGGTTCAATGTACACAGACTTTGTTTCAGTTTCAGACACAAAATTGTTAAAAGTATTGTATAAAATTACCTTCAGGCTATGTGAACAGGGTATATATGAAGCATAAATAAAATCTGTGTTTAGACTTGGGTGAATTCCAAAGATATCTCATTATGTATATGTATATGCCAATATTCCA,"[[118747767, ""T"", [""G""]], [118747833, ""C"", [""G""]]]",yes,yes,C->G,2
chr13,113612615,113613048,TGCTTGGAAATGAAGAAGTCTGTTACTATGGTGTTGAATTTGAATTTCTCTTGTTAGGTTACATGCAGTAGGCTTTCTTACCACATGTGGGCTGTCTCCTTTTCCATTCTTACTCACAAATCTGTGCTTGAATCTGTAACAAGTTTAATTGAGCTGAAGAGTTGAATTGCAGGGATTAGGAAGGAACATATTCTGCATTCATGACATAGCTGAAAATGTTCTGGTTTTGAGCCGGCCCAGCAGGGCCGTGCATTTCCCCTCAGCTCGCCCCGCGTGCCCCGGCCCCCAGATCCCTCCCACATGAGCCTTGGGACGGTCAGTTCTTTCCCTGGATCGCCGGCAGCAGCTCCTGGACCTCCCCTGCCCTCACCTGGTGTTGATTCCACCGCACAGACGGTGGTTTTTGTTGTTGTTGTCTTTGAGATGGAGTCTCA,"[[113612628, ""T"", [""A""]], [113613031, ""T"", [""C""]], [113613034, ""G"", [""T""]]]",yes,yes,T->A,3
chr8,26003762,26004164,GAGAAGGGGCAATCGTTACTGACCCACCCCACCAAATTCACACATCCTCTGAGCCGGACCATTATATCCTTCTCCTGAAAAATCACCTCTCTGGCGAAGCACCAGGAGGACAATTAGGGATTAACCAAAGTGCTCGCTCCTGCCAGCAAGAGTTTGCGCTCCTGGGGGACCAGGGGTAGTTTGTAGCAAAGCTCTTTGTCTCTGGAACTCTCTCATCTTTGTTTTCTGTCTCATTAGGAGAGGCGTTGTCCTTCCACTCTGTGGAGGACTTTCACTTCTAGGTGTCGTTTAATTATTGAATTGGTATTTTCCCCATGTCCAAAGACCTTAGGACAAGACTGACATGTTAAAAAAAGAAAAAAAAAAAGGATTAAAACTACTCAAAATAAAATCTACATGTGGA,N,no,no,N,0
chr6,161211460,161211682,TGGCAAGAAAGCTTAAAGAGAAATAATTTCATATGAGAAAAAAATCTTGTATGGTAAATTTAGTCCTAGAGTAAAATGACTGGTTATTTAAGAAAGAGGGACGTTCAGGACAAACTAGAAAGTTCAAGCATGTCATGAACAGTCTGTGTAAGTCATAAAAAGAGATTTTTAAAAAAAACGTTTATATGATCAAGTTGTCATATTATTATTAAGTTTGGTTTAC,"[[161211583, ""C"", [""T""]]]",yes,no,C->T,1
chr20,24340955,24341365,AGCCACTGTATTATCCTTCTGTATTGTGTATCAAGGGCAGACCAGGCAAGGTGGGGTTGGCTTGTTTCTCTGTGATGTCTGGAGCCTCAGCTGAAGACTTGTTTCTGGGATGACTCAATGATTAGAGGCTGAAATTGATGGAAAACATGTTAAGACTCATGTCTGGGAATTGCTGTGGGATATTGACCAGAACCACAGCTGAGTTGTCAGCAGAAATATCTACACATGGTTTCTCCATGTGGTGTCTCCAAGTGAGCTAGCTCAAGCTTCCTCACAGCATGACTGAGTTCCAAGCGCCAGTAAACTAAAGGAACAGGTAGAAGCCCTATACTTTTTCTGACCTGGTATCAGGAGTCGCATGGCATCACATGTGATGTAGTCATCAGCCTGACAGAGTTGGGGCAGAAAACA,N,no,no,N,0
chr12,104322780,104323055,ACATCTTCTTATATACAATTTTTTTTTTTTAATTTATTTTTTTATTGATAATTCTTGGGTGTTTCTCACAGAGGGGGATTTGGCAGGGTCATGGGACAATAGTGGAGGGAAGGTCAGCAGATAAACAAGTGAACAAAGGTCTCTGGTTTTCCTAGGCAGAGGACCCTGCGGCCTTCCGCGGTGTTTGTGTCCCTGATTACTTGAGATTAGGGAGTGGTGATGACTCTTAACGAGCATGCTGCCTTCAAGCATCTGTTTAACAAAGCACATCTTGCA,"[[104322788, ""C"", [""T""]]]",yes,no,C->T,1
chr3,97211450,97211686,GATGTTTTTCTCACAGTTCATAAGGCTGAAAGTCCAAGATCAAGGCACCAGAAGATCTGGTGTCTGGTGAGTACCCTCTTCCTTATTTGCAGATGGCTATCTTCTGCTGTCCTCACATGTAAGAGGGCAGAGAGGTCTGGTTTCTTCATTCCCTTATAAGGGCACTAATCCCATTTAGACTTCCATCCTCATGAGCTAATCACTTCCCAAAGTCCCCATCTTCAAATATGATTGCAT,N,no,no,N,0
chr3,197921559,197921826,TCTTGGTCGACCCGACTACTGGTTTTCAGTAACTCTGCGGATTTAACCTGGTTTCATCTTGGTCGACCCGACTACTGGTTTTCAGTAACTCTGGGGATTTCACCTGGTTTCATCTTGGTCGACCCGACTACTGGTTTTCAGTAACTCTGGGGATTTCACCTGGTTTCATCTTGGTCGACCCGACTACTGGTTTTCAGTAACTCTGGGGATTTAACCTGGTTTCATCTTGGTCGACCCGACTACTGGTTTTCAGTAACTCTGGGGATTT,"[[197921579, ""A"", [""G""]]]",yes,no,A->G,1
chr16,50802018,50802288,TGTGGTAAGATTTCTTTGAGGAAATGCTATACCTGGGCACACCTCTGTGTCTTGATCAAGCCTCTACCACCATTACAATTGCTTTAGAAAACCTCACACACTTACCCTGTTCTGGGAGATGTGCCAGCGGCATTATGATGCTGTGTGGCTTCTTGATCTAGCCAAGTAATTCTGACCTCTGATGCTTGTTAAAGCTCAGCTGCTCCAGCCTCCAAGCCACTCCAGCCAGAAGTTGTCCCCCGCTGCTTCATTCCATCATCTATAAACATGA,N,no,no,N,0
chr16,83300218,83300667,CAGAAAAGGTCAACTTAGAAAATGAGATTTTGTAGTTTAAACTCCTGGAAATTCATAGATCATAACATTTCAACTTACTTTTAACTTGAGTGACATGAAGAGATAGGTCAAAATATTTACATTTGCTAAATGTGTACTTACTGTTCTTTATATAGAGCTTTGCAGCTTACAACATACAGTTCTGTGTCAATATTTTCATTTGATTTTCTCAAACCTGGAAGGGAGGAATGGAAGATGTTATCTCAAATTTAAAGACAAATGAACTGAGACCTGACAAGTTACCAGCTGAGTAGGTTACATCTTTCTGCCAGTTCATGTGTTGGTTCAACAAACGTATACAAACAAATCTTATGTGCTTGGCACCATGCCAGGCAGGGTCTGGGGACGCAGTGTTGGACAACATGAATGTAGTTCTGCCCTCCCAGAACCTAGTATCTTGTCAAGATGAGG,"[[83300302, ""G"", [""C""]], [83300667, ""A"", [""G""]]]",yes,yes,G->C,2
chr18,55003627,55004118,TTTGTTTAAAAAGAAATCACCAGCACATGTCATTATACAGGATGCCATCAGTGTACTTTTTTAGGAAGTGGACTGAATTTGAAACATTGCTTTTATTTTAGTTTTGCAGCTCTGAGTTTGGTAATGTCCTGGGCACGGGCTGTATTTCACTGCAGAGTCCACGTGTAGTCCAAGTGGGGTTGTTGCCTATGCCTAATGTTACAGAACTCTGCAGTTTACAGTGCATTGCATAACTCCAAGATTGAAGAGTGCATCTGGTCCAGATGATGTGGACGTGGCATGATACATACCAACGAATGCAGAAAGCTCCCATGTGGATGCGGATGGACTCAGAGAGAGCCTGCTGTGTTTCCAGAAGGTCTGATATGATCTTTACTCACCCAGACTTTATCACCCACACAGGCTGGATTTCCAGCTATCAAGCAGAATGAAGGTTTGAATTATTGTGATTTTGGTGCTAGAAAGAAATTTAGCTTCATGGATTATGAAATT,"[[55003655, ""C"", [""G""]], [55003831, ""T"", [""A""]]]",yes,yes,T->A,2
chr11,46890759,46891029,CTAATTTTTTTTTGTAGTAGAGATGAGGTCTTGCTATGTTACCCAAGCTGGTCTCAAACTCCTGAGCTCAAGCAATCCTCCTGCTTTGTCCTTTCAAAGTACTGGGATTATAGGCATGAGTCACCATGCCCAGCCTCAGAATGCTTTTTAAGTGTCTGAGTTTAAATGTCTTTAGACAGGGCATTTATTCATTTAATAATTTTTTTTTTCATACTGGCAACAGGCAGGACATACTATCTTAGGCACTGGAAATCTAGCAGTGAACAAAACA,N,no,no,N,0
chr2,239087060,239087409,GATCCTCAGCTGTGTGGACCGTCGGCAGTCTCTGAAAGACCCGAAACAGCATCAGGATAGCTGCCTGCATGGACGTGGCTCTGTGGCTTGCTGCGTCAGTACCAGGCATTCGGCAGGCAGCTAAAAGGCCATGCGCAAAATGACCTGAGTCCTCTAGACAAGCAAGTGCTGCAGTGACTCACTTGAGGGTGAGTGGTGTTTCCTCTCCCAAGTGTTGACAACTACTCAACAACCAGAGGCTTCTCTGGACTAACCTCCACAGACCCTTTCCCATCCTTTCCTCTGATCTGTCTCCGTCATAACCGAGCAGTGATGCTCGCAGACCTTGGCATCTGCACTCCACACCCAGG,"[[239087073, ""A"", [""G""]], [239087384, ""T"", [""C""]]]",yes,yes,A->G,2
chr8,52533367,52533822,GATTTTTTAAACATAATTATTTGTAAATCTTTGCTCATAGACCAAAATAAGTGAAACCAAAAATTGAGAATGGAGCTTCATAATATTCCTGAAGCCAAGGGGCATTTTTTTCGCTTGGTTTTCTGAGGAACAAAGGACAATGTATGCATACATACACAAAGAGACACGAAACAGTGTCTGGAAGTTATGCAAGAGACCAAAAGCACTGCATAATTGAAGTGATGGCTTCCATATGGCACAGAGATACATATGTCTTCATGACAGCAACACAAGCAGTTGGCAAGTGATACAAAGTCAATGACTGCACTGTTTAGGTATTGTTAAGCAACTCATGATTTGTCTACTAATTAAAGGGATGGAGGTTCTCCATTGTTTTGTTGTAGGGTCACGATTTTTTTTCACTGTTGTTTTTAAATGAAACTTCCTGGATGCATCAGAGTATTCTGCTACATTCTA,"[[52533630, ""C"", [""G""]]]",yes,no,C->G,1
chr6,91732000,91732311,CTTTAAGGAGGATATTTCTGGTGCCCTTACAATGAGAGAGACACTAGGGATGTGTGTATGCAAGAGAAAATGCCGTGTGAGGACACAATGAGAAAATGGCCACCTGCAAGCCAAGGAGAGAGGATCCAAGAAACCAAACCTGCTGACTCCTCAATCTTGAACTTTCAGCCTTCAGAATGGTAAGACATAAATGTCTGCTGTTTAAGCCACCCAGTCTGTGGTATTTTGTTATGGCCACTCTAGCAGACTAAGACAGATATCATTACTTCTAGGCACAATAGGCTTTACTTCAAGCTACAAGTTACATTCTCT,"[[91732074, ""A"", [""G""]]]",yes,no,A->G,1
chr10,62880160,62880623,TCCCACCACCATCTCTTCCTACTACTCCTGGACTCACTGCAAGGCTCAAAAACAAGATTAGCTCCTGAATGAAGCTTTCACCTTCTGAAAGGCGCATGCTCCCTTCTGCAATCCTGCATTCCTTGGTGCTTCTCTGCCCACAAAACTCCGTTTTGGGAGTTCTGCCCCTTTCCTGACCTTTTCTAGTTCTAGTAGACACAAGCTCCTTGAGGCAAGAAACTCATCTCTGATTCACCTGTGATCCACAAATACCTGCTGAACTGACATAACAGAGAAAGGAAAGGGGGAAACACCATCAACGGTGTCCCAGACCCTCCCATCTTGGTCTCTCCCTGTTTAATTGCTGATGAACACACAATTCAAAATGTGAGCCAAAGCCTTGTTACCATCCCTGCCCCTAGACTTCTGCCCTGGTTAGAATGAGGGATTTGGGCTGCAGTGGTTGGTTAAGGCATTCAGTGCTC,"[[62880191, ""T"", [""A""]]]",yes,no,T->A,1
chr7,119583615,119583935,TACAATAAGGTGGTATTTACATGATTCCCATACGAGTGTTTAGAAAGGATGGAATACTATCAAAAATAAATCCATCTTATAGGTCCAGCAATTGCTTGGTAATGAACCAACAAAGCCTGAAGCACAAGAAACGACCCTGGTGGTAATGGCGATGATGTGTTTAATGACTTCAGCTGAGTGGCTTTTAGGGAAGATAAACACACTAGGAAATGTGTTTTAAAATGTACCAAGGAGACATTTTGGTTTACTGAACACAGAATTTAATTTTAAAGGATTTTTGAAACAAGTGAAGATAAAATGAAGTTATGACTAGACCTTCCT,N,no,no,N,0
chr8,15356430,15356927,GGAGAGTGCACAGAAAGCCACGTCATTTATGTAGCATATGAATCCGGCTCCTGTGATGGGAGGACAATTCTCCACAGATTTCTCATGTTCTACTAAGAAGGACATGTTTAAATGGGAAACAGCCTTAGAAGCTAGAGAGTAGTGCTTCCCACTGGAGAGACTTAAAGATGGACTTACTGAGTCATCCTAGGATAGTAAAACAGAATCCTCTCCTTTCTCAAAGACATTTGCTTATATTCCAGAGTGACAAATCTAGAAATGCCCTTCCCCTCTCCCTTAAAGGAGATTTGTTTACATTCCAGGATGCTGAGTATAATCCCTCTGGAGAGAAAAACATGCAGATGCTCCGGCAGCCCCATAAAAACTCAGCTTCCCAGTCATACATTTCCTCACCTGTGTTATGTCCAGTCCTCATCACATCACCCTACAGAGCTTAGAGCGTGGGGATTTGGTACAAGATGCTGTTCTGGCTGCCATATATTCATATACATTTATATG,"[[15356459, ""A"", [""T""]]]",yes,no,A->T,1
chr2,13414864,13415162,AGCAAATACTCTTATTTATAAGAAGGATGAACTCAGTGGGTGAGAAGGAGAATACAAATGCAACAGCCTCAAATTAGCAGTGGATGCCTACTGGGCTCCTGCAACCCCTTTCCACGGGTGAGCAAACTCTCAAAGCTTGAGCTGTTGTTCAGGTTTTCCCTAGGGAAGCATTGATGGTGTCCTGGGGGCACTGCACTGCAGTGATGGCCAGCAAGCCTTGTAAAATACAAAGCATGGTACAGGATATGCATGATAAAATCACCTTGCTCAAATAAATGCAGCAGGAAAAATGGATTTCA,"[[13414889, ""A"", [""G""]]]",yes,no,A->G,1
chr14,27890291,27890563,TAACCTCACAGTTCTGTAGCTCAGAAATATGAAACAGATCTCACTAGGCCAAACTCAAGATTATCACAGGGCTGAATTCTTACTGGAGGTTCTGAGAAAAAACAACTCTTTTAGGCTGTTAGCTAAATTCAGTACTTTACATTTATAAGACTGGGGTCCTGGTTTCCTCACTTTCTGTCAATCAGAAACCGCATTCACCACAAGAAGCTTCTTTCAGGTCTTTGCACATGGGCTCTGTGTTACAGAGGCACGTGAAATCTTTTTCATAAATGG,"[[27890390, ""G"", [""A""]]]",yes,no,G->A,1
chr1,47818711,47818984,TCTCCAGCCATGCTGTGGCCTTTAACTTGCTTCACTGGGTGTCCAGAATCACAGGCGGGTGGAATGACAGCAGTTTGAATGACACCTGGTAGGCAGACAGTTTGGTATTGAAGTGCTGGGATTTCACATCCTCTGGGTTGTCTCGCTGTGGCTCCGATGCCTTTGACGTGAACAGCTCACAAGTCCATCACTCGCATTCTGTGGCGTCTGGCCATCTCCCAATTTGGAGTTTCTGATTCTGTGGTTAGACCTTATGTTTCCAGGGCCTGGGCTT,"[[47818720, ""T"", [""A""]]]",yes,no,T->A,1
chr5,124547516,124547816,CTTCTTTTATTTCAAAAGAATGATCTGGAACAAAGAATACTTTTGTGAGGTAAAACAGATGATCCTCTAAGAGGACTGCACAGTCTGTGAGTATTATTGATTTTTCTTCCTAAGTCATTTCAGCGATACAATCTTGAGCTGAGTGACCATCGATAGTAAATGATTTCCAGCCAGACACTCAATTGTCAGACCTGCTTCTCTCAAAGGTTTAGCACTTCTGGTGAAAATACATACATGGATTTTGAAGCAGTAATAGTGTATGATAGAAGATGTCAACTTGAGAGAATTTTTACTTATTATA,N,no,no,N,0
chr9,135000612,135001035,CAAACCCCAGCTTCCTAACAGAAGAAAAATGACTTTGTCTCATTCAAAGGCTATAAAGGTAAAGAGGTATTTGTGGTAAGGAAGGTTATGAGAAAGAGATTTTATATGAAGAAGAATCTTGTATGGTAAATTCTTGTCCTAAGTAAAATGACTGGTTGTTTAAGAAAGAGGGATGTTTAGGACAACTCAGAAAGTTCAAGCATGCTGTAGATGGTCTGTGTAAGTTTAAAATTTGTGAAAGGAAATATATAAAAGAAATGTTGTATGTAATTGCGGTCTAATAGTCTCTGTGAAATTGGTTCCCTATGCTGTGTCTAATTAAATTCAAACATTTTTTATGGGGCTTAACTTCCAGGTTACCTAAATGAACTTCCAATAAGAAAAAACAGTCACACAGCAAAAGGTTTTTCTTTACCTTTTGGTA,"[[135000641, ""C"", [""T""]]]",yes,no,C->T,1
chrX,101797624,101797844,GTAAAGTGAACAAACACTTTTCGAAAGAAGACATACACACAGCCAACAAGTATATGCAAAAAAGCTCAACATCGTGAATCATTAGAAAAATGCAAATCAAAACCACAGTGAGATACCATCTCACACCAGTCAGAATGGCTATTAAAAAGTCGAAAAATGAAAGGTGCTGACAAGGTTGTAGAGAAAAATGAACTTATACACTTCTAGTGGTAATGTAAATT,N,no,no,N,0
chr2,13193082,13193485,AGTAGATAGGTAGTGTTAAATTAAATGTGGCCTAATGCCTCTTCTCTTGAATCAATTTGTAGCAAACTGCAGCCTAATTTTAAGAATATAATCTTGTAACCAGTAGCTGTGTCTCAGTCGCTTACATGAGATAAGCTTCAGCCAATCACAGGCTGCCAACTGCTCAGGCCATGTCCATATAAGGCAAATGCCTCATCACACCCTGCATAAAGAAAGTCAACACTCAGCTGCAACCAACCACACAAGCTATATACGTATATGCTTCCTTGTTTCGTTTATAAATACTGCCTTCCCATGCGCTGGGGGGAGCTGTCTGAACCTCTCATGGTTCTTTGTGCTGTTTGATTCATAAATTTGCTAAAATAGGCTTTGCTAAATTTATTTTGTCTAAAGCCTTCCTTTTA,"[[13193182, ""A"", [""C""]], [13193479, ""T"", [""C""]]]",yes,yes,A->C,2
chr16,20767169,20767457,TAATTCTGTTAAGAGGAGAGCAGCCAAAAGCATAGGTTGTGACTTGCCAGCAAAAAACAGGGACCGGTGCCGGGCGCGGTGGCTCACGCCTGTAATCCCAGCACTTTGGGAGGCCGAGGCGGGCGGATCACGAGGTCAGGAGATCGAGACCATCCTGGCTAACACGGTGAAACCCCGTCTCTACTAAAAATACAAAAAATTAGCCGGGCGTAGTGGCGGGCGCCTGTAGTCCCAGCTACTCGGGAGGCTGAGGCAGGAGAATGGCGTGAACCCGGGAGGCGGAGCTTGC,"[[20767236, ""G"", [""T""]]]",yes,no,G->T,1
chr14,83020198,83020412,CACCAATAACATTCAAGCTGAGAGCGAAACCAAGAATGCAATCCCATTTACAACAGACACACACACACACACACACACACACACACACCTACGAATACAGCTAATGAAGGAAGTCAAAGATTTCTACAGGAAGAACTACAAAACACTGCTGAAAGAAATAATATATGACACAAACAGATGAAAAACATTACATGCTCATGGACTGGAGGAATCAA,"[[83020251, ""T"", [""C""]], [83020312, ""G"", [""C""]]]",yes,yes,G->C,2
chr7,20828956,20829280,ATTGAACAGTCACCTAGCAAACTGTCGGCTCATTTTTAATGGTCTGTTCTATCCCTTTATGCTGATTTGCTTGGAGGTAATAAGGCATAACGGTGTTGATTTAGGGAGCCTCTTGACTACAAATTCATCAGCTTGGTGGCGGTAATTGTCAGAGGCAACAATGGTGTTGTTCAGTGAGTTACACCTGGTCAGCACCTAAGGCTGAGTGTTGCAGCTGAGGTTTGAATCAAATTAGGAGTTTCAGTTCTTCTAGGCTAAAATCTGGTGACAGCCTCCTCCCTTTCTCATTTTATCTTAAATGATTTCTTCCTGGCTCATTCTCTTC,"[[20828981, ""T"", [""C""]]]",yes,no,T->C,1
chr16,35526284,35526559,CACTGTCCCCACCTTTGGCCCCCTAGCCGGCATTCGTACATTCTGTGCTCAACAAACGGAAGCGGCAGCTGGAGCTGCTGCTCCGGGAGGTGGAGTGGCCTGGCAGAGGGCACATGGCTGCCACCTGCTGCAAGGTGAGCTGGTCTGCAGCCTGGGCCCACAAAAGGCCGCTCTTGTGCAGGACACACCGCTGCCCTTGACCCTCTTGCTCCCCCGCCTGCTGTGCAAAATGCTCAGGTCCCTGATCTCGGGCTTTCCTGGCAAGTGCACTGTGGT,N,no,no,N,0
chr2,169018517,169018727,GCAAACCAACTGGTGATATTCTTGAGTCACTGTAGTTGATGAACGACACCCACATACTGTTGGGTAACCTTCAGTGTTCCTTTGTAAATGCAACCTCAAGGTAAGGTGAGTCAAGCTTGGATCAAAGGAACAGAAGGAAGACATTTTCTAAATAAAATGTAAATGTCGACAGAGTCATGATTAGTCTTATTCACAGTGGAAAAATTAGTTT,N,no,no,N,0
chr8,11778468,11778725,CCAGAACAGTGATCTTTAAGCACGGACCTGTAGTGGTCAAAAAAGTAACACAGGCATTTCCAGTATTAATGCCAGATATTTTGGTTTATACTCCTTGAAAGACTGCCTGAATTTCAGGCTGTGTAGAACTGACTCATCCTGGAATCTAGGCCTACATATTGCATATCAGGAGGTGCAATATGAAAATAAAGTCAAAGCAAGGGCCCGGGCATGGTGGCTCATGCCTGGAATCCCAACACTTTGGGAGGCCAAGACGGG,"[[11778508, ""G"", [""A""]], [11778674, ""A"", [""G""]]]",yes,yes,A->G,2
chr11,82105588,82105870,GATTCGCCCCCGCGACCAAAACACCTCCTTTCTGGCCCCACCTCCAACACTGGGGATTACATTTCAACATGAGATTTCAGCAGGGACATCCAAATATATCAACTTAACATTGAACTAAATAGAACTCATTGAATTAAATGTGTGAGAAATTTGCCCGAGCTCTTGAGGGCCATGTGGAAAGTGAAAGCACAGACGTAGGATTTAGTTTCAACATTGCCCTCTTTGACTTTGTATGAATTAGTAACTTCACAGGGTGGAACTGTACTAATGCAGCAATGAGACT,"[[82105599, ""A"", [""G""]]]",yes,no,A->G,1
chr20,33005156,33005410,GGGGAAAATAAAAGCATAACCCAGTGGAAATGTCGGGCTAAGTTTTTTCTGTTCACCCTGCCTGTAGGGAGCTTGACTATTTGGATAGCAAAGCTAAAATGAATTCACTTTTGCCCCCTGGTGGCAGTTGCTTAAAATTGCAGGCTAATTACCAATGGGAAGTGGTACGATGGTCCCTCAAAGAGGCCCACACACTAAAACCTGAACATGTAAATATGTTAAGTCACAAGGCAAAAGGGAGTTAAAACTAGAAGA,"[[33005177, ""G"", [""C""]]]",yes,no,G->C,1
chr1,113545257,113545569,TAGAACAGAATGGGATGATCACCATGAATCAATATGAATTTATAAGAATAAGACATGCCAAAATGACCTCATTTTTTTTTTGCTTTATTTTTAGTTGTATAATTGCTATTGGATTAGAGAATAGTAAAGACATGTTGTATCTTGACTTTCGCCAAGTGGTTGACAGTGTTTCCTTAACTATCCTTGTGGAAACATGATGAAATTAGATTGTAATTAGATTGATTTACAGCTGCTTGCCTGGCCATTGCCATGCCCGCATGCCCAGCGTTTAGTTAAATAATAGTTACTTTATATACTGGTTCCTCACAGAGAA,"[[113545262, ""G"", [""C""]]]",yes,no,G->C,1
chr7,55627165,55627364,TATAAATCCTCTTACTGTGACTTGCACCAACTGTTGATGACATGCTTGGACTTTTTGGTTTGTCCTGAACATTCCTCCTTCTTAAACAAGTGGTCATTTTATTTTAGGACTAAATTTACCATACAAGATTGTTTTTCATATAAAATTACTTCTCTTAAAGCTTTCTTACCACAAAATACTTCTTTATTTTTATAACTTTC,N,no,no,N,0
chr1,106480643,106481030,ATACTGAATGAGGAAAAGTTGAAAGCATTCTCCCTAATAACTGAAACAAGACGAGGATGCCCACTTTCCTCTCTTCTATTCAACATAATACTGGAAGTCCTCGCCTAGGCAATCAGACAAGTGAAAGAAACAAAGGGCAATCAACTGGAAAAGAGTAAGTCAAACTGTCAGTGTTTACCAATGACATGATTGTATACCTATAAAACCCTAAATACTCATCCAAAAGGCTCCTAGATCTGATAAATGAGCCTAGTAAAATCTCAGGTTACAAAATCAATGTACGCAAGTCAGTAGCACTGCTGTACTCCAATAATGACCAAACTGAGAAAAAAATCAAGAAGTCAATTGCTTTTACAACACCTGCACAAAAAGAAAAAAACAATCTAGG,"[[106480680, ""G"", [""T""]], [106480759, ""G"", [""A""]]]",yes,yes,G->A,2
chr12,109657026,109657519,AGTGCACGCCTCTGCCCCAGCCGCCCCAGCCCCCAGTGCCTCCCTGGCAGTGGCTAGAGCAGCCAGCCATCTGGTCCTTCAAGAAAGGTCCCTGAGGAGGCTACTCGGGCACCAGTTCACTGGGGCCACCTTGGGAAGCAAAATAGCCCCAGCCCTGCTCTCCAGAGCTCACAGTCACAATGGAGAGAGCCACAATCCAGTAAACCCACATCAATAACATGATGACAAATTGTGATCTGTGTCATGAAGGAAACTGACAAGCTTCAGAGAGAGGGCAAACAGCAGGCCGGGGACCTAATTTAGATGAAGCGGTTCCCCTGGGGAGGTGACATTTAAGTGGAGTCGTGAAAAAGGAGCCAGGGGCAGAAGGTTCCAGGCAGAGGACACAGCAAGGACAAAGGCCCTGGGGCAGGAGCGAGCTTGGCACACTTAAGGAACTGAAGAAAGATCCGCAAGGCTGGAGCGTGGTAAAGGGGGCAGCCACCAGGCTGGCA,N,no,no,N,0
chr5,12934731,12935100,ACAAACCATGATTATTTATTTAAGTTGTTTTGAATGTGAAGGAGATTTTTTATAAAAGCAAGTTTTGGGATGTGGGGGAGCCTATTTGTAAGGAACATGGCTATGCTGCAGCCAGGAAGGCAGAGGCTGAGGTAAACACCCTGCATGACTCAGCAGGATTGGAACACAGGTGCACAATTCCATGTGTTATATAATCACAGCTATGTAGCCATAACATGGGGAGACTCATCACCTGGCTCTGAGCCACTATTGTTTGTGAGGTGTGTAAATGCAGCACTGACACTGTGAGAGAGCTGCTGAATAAAGCCATGTTGGATCTACCTCCTGTCTTTCGAGTGTTCTGGAAGAACACTTGCAGCTCCCTGCCCCC,"[[12934791, ""T"", [""A""]]]",yes,no,T->A,1
chr2,112345505,112345975,TTGCTTTTCCAGGCGTCCCCTTTCTGTTCCGTCTCTGTACTGCACTAACTTCACCTATACACAGGTCTGTATCCTCCTGTTAAAACCACTGACCAGGACTGCCGCTTCTGGGTGCGATACAGTAACAGGCATTGGATTCCTCCTCTTCCCTCAAACAACTAGAAAGCTGGAGGAAATAAACGACGTTACTGTTAGGCATTGGATAATAGGCCATGAAAGATACGGATCTATTAAAAAAAGAAAACTAATCAGGTAAGCTCTGCAATCGCCCCAGCTTTTTCCCTGTAGTTCCATTCTTGACCACAGAGCAGGGCATCCCGGGCAGAGCGCAGCTGCGCAGCAATCTTGCTAAATGGAGCAGAGGTGGAGATGAGAGGAGCAAGGGCAGCTGCGTGGGAGCACTGCCGAGGAGAGCGCTGGCAGGCACAGAACTCCAGACGTCTATGTAAGGGTCCTCTGCAGTTTTTGTTG,N,no,no,N,0
chr3,103084276,103084592,TTTCCAAAAATGCATACGAGATATGCAATTGGAAATATGTGTGTAAACATCCTATCTGTTATTTCTGAATGATAAAGCATCACCTTTCCGGTACTTCTGCCTTGGTGCTCTTGCTGTCTAGGCAAACTGTCAGTTCCTGTGACAAAGACACAGACAACACCTGCCACATTCTTTGAGCCAGTAAAAACAGCCATTTAAAGAAGCAAAGGAAATGAAAAATAATGAGCAATGATGATAATATTTTCTCCATTGTCTTTTGTTTTAAATTTGATTTCCCTTTGGTCTCAGGTAGATTGTTTGCACTATAAAGTAATCCC,"[[103084285, ""C"", [""A""]]]",yes,no,C->A,1
chr13,103640684,103641010,TCATCATGAGTGATATTTATTGGAAAACAAATGGTGAGGGCATCATTCAATTATGTGGAGTACATAATAGGAAATTGCATGCAGCATATGTGGATGGGATCCCTGCAGACCATGACATCACCAGACAACATTCCAGCTGCAGAGAAAGGTCTCAGTGTATCAGAATCACAAATTAAAAACTTCCATTACTGAGTATCACACCCACTGAGTCATTAGAGAAGATGTAAGTCTTAAATGTCAATAACTAGGCATTCAGGATATTTGCTTTTCCAGTCAGTCAGTAAAGCACCGTATTTGCCCTTGAGAGGGAGCAGATGGCTTGGCACA,"[[103640722, ""A"", [""G""]], [103640875, ""G"", [""A""]]]",yes,yes,G->A,2
chr5,171604149,171604589,TACAGAATCTGGTATTGTCAAGTTTCTTCAGTTTGGCAAATCCAGGTAGCCTTGATGTACATTTTCCTGTAACTAATGAGATTGAACATCTCTCCATATTTTATTAACCAAATATATTTCCTCCTTTTTGAAATACCTTTTCCTGTCTTTTTCCCATTTGTCTAGTGATTTGCTTTCTTCTTCTGATGATATTTACAATTGTGTCTTCTCCTCTCCCCTTTTGTTCCTCATCTGTCTGGCTAGAAGTTTATTGATTTTATTGATCTTTTCAAAGAACTATGTTTGCTTCTATTGATTTTTCTCTACTGCTTGTTTTCTATTTATTTTTTCCTTCATTTTATTCATTTCATTCCTTCTGTATACTTTGTGCTTAATGTGCTTGTTGTTTTGTTTTGTTTTTGAGACAGAGTCTTGCTCTGTTGCCCAGGCTAGAATACAGTG,"[[171604300, ""G"", [""T""]], [171604342, ""G"", [""T""]]]",yes,yes,G->T,2
chr1,64740608,64740827,GTAAACTAGTTCAACCATTGTGGAAGTCAGTGTGGTGATTCCTCAGGGATCTAGAACTAGAAATACCATTTGACCCAGCTATCCCATTACTGGGTATATACCCAAAGGATTATAAATCATGCACATGTATGTTATTGCGGCACTATTCACAATAGCAAAGACTTGGAACCAACCCAAATGTCCAACAATGATAGACTGCATTAAGAAAATGTGGCACATA,N,no,no,N,0
chr7,14440137,14440363,GCAGGGAGGAGGAGGTAACGATTGGTCAGCTGCTTGATTGATCACAGGTTAACATTATCACTAACAGGCTTCAGATTTGCCTAATCACAAGAAACACTTGTGCCTGGGTTCTGACTGCCCTCAGCATTCCTTCTTGGCAGCAGATGCAGTTTGTCAATTTGCCAACATCCTGCTTTCATGAGAACAGTTTGCTGTTTACTAATGTAGCCTCCAGTGATTTACTGAGT,N,no,no,N,0
chr11,19421108,19421496,GGGGTCATAGTCAATGGACCTGCCTTTCCCTTCTCTCCATCTCTTCATGTTCACCTGCCCCAAGCCCTCCAGCCCTCTCAGCTGCATCCCAAATGGAAGCCATGCTTCCCTGGGTCCTCAGAGCTCAACTCTGCCTCCTTTGCCCACCTGCTGCAGTCCAGGTTCCCATCACACAGCTGCCTCTGTACTAGCCCAGCATCCATCACAGAGGACCAGAGTGCGCAGCTGGAAGATGACCTGGCTCTAAGGCACGCATGCTCACATGTGTCCACGCTGGGGGAAGGGCCGAGACTCACAGAGCATTTCCTAACAGAAGGCTCACATGCTCCAAGGTGTCACTTGGATGAACAGTTTATAATTTAATTGTTATCAATTTATTTTGTTGCATA,"[[19421120, ""G"", [""A""]], [19421358, ""G"", [""A""]], [19421359, ""T"", [""C""]], [19421379, ""T"", [""C""]]]",yes,yes,T->C,4
chr2,138078174,138078512,GGAGGCAAGACGAGGTGACAACATTCAGGTCAATTGGAGAAGTTTCTGGAAAACAGAAATGTGGTCTCTATTACACTGAAAAAGAGGCAGGGTGTTAGACTGCCCAGAAATTAAACTTTCTGCTGGTATACGTGTGGCATTGCTCCAGTGAGCACAATCCATTTGGCCAGCCAGATGGACCAGTCCTGGCAGCTTTTCAGTCTCATGCACAAAACATTTCAGCCTGGGAAAGAAAAAAATCCCCAAACAAAAATATAAATAGAGAAGATTCAGCATTGTGGCGAAACAATGGGGAAGACTCATGGTCTCACAAATGAGGTTTCTACAACATTGTCTGTG,N,no,no,N,0
chr2,142415472,142415895,GCCCTGCCTTGGTTCAGCCATCATCGTTCCTCATCTGGACTACTGTAAGAATTTTCTAAGAAGATCTCTGCTATCAGTTCTGTTCCATGTGCCTGGCCACTACCCTGGCTCTGTGTAGTCTTTCTGAAACACAGATCTGACCACATTGTTCCCATGAATGAAATCATTCTTTACCTTTTTATTATAACAGTACAAAGTACAAACTTCTGACCACAACATCCAAAGTCTTTCACAATCTGTTCGTTTATCTCCTATCCACATTTGCATACTCCTGTTCTCCTTTCTACCTTTGCTTTACATTCCAGAGCTGCCAAATTTCCTATCCACTGCCAGGAGTCATGCTCTCTTTCACCTCAATGGGAAGGCAATTCCTTCTCACCTAATTTCTGGTTGGACTTCCCATTCTCTAATTGTCCATCTGGTA,"[[142415536, ""G"", [""T""]], [142415616, ""G"", [""A""]]]",yes,yes,G->A,2
chr2,229783342,229783632,CACAAAACCCGAAATATTTACTATCTGGTCCTTCACAGAAAGTTTTCCCAAGCCATGGGTCTACAATAATCGTAAGTGATTTATTAACAAGTTTTAAGTTTATGAAGGTCACAGAAAACAAGGTTATGATACAAAAACGAACTGTATTTCTAGAAACCAACAAACAACTGAAAATGAAAGAACAGTATCATTTTCAGCTTCATCAAAAAACCACAAAACATTTGGAGCGAAACAAAATATGTGCAAGAAAGACCTCTAGATGTAAATAATGAAAAATTAAAGATTCAGATA,"[[229783351, ""T"", [""C""]]]",yes,no,T->C,1
chr1,55423383,55423760,CCTCTGAGATTTAACAAAGTACCACAGGATGATGATCTGTTCCTGGGTGCAATAAACACCAACCCTCGTGAGATGGAAAAGATTTTCCTGATGGTTGTTCTGAAGCAGTTAATGTAACAAAAGTCCAAGTGCTTGGATGAGACTGTTGTCTTTCCTCTTATACTGAGTAAACACCAGTGTATTTATAATCAGTTCCTGAGTTGTGATTTCTCAGCACAGCTTGCATGGGTTCCTGGAAGTGGTGTGACCCTGGTCCTGTTCACATGCTCTGGTTCCTTACTTCTTCTCAAGAGGCAGGATTTGGGCTGGCAGGGCAGATTATGATGCTCCCTGGAAAACAAGGGAGCCCAGAAAATGTCCAGTTCTGAATGTCACATA,"[[55423429, ""A"", [""G""]]]",yes,no,A->G,1
chr6,45641163,45641487,AGTCGCTTTAACAGCAAAAGCAACAAACACACACCAAACGAGATCATCCCTGTGCTCCCAGGTGGTGGGAGGCAGATACGGGAGGGAGGACACATTTTCCTGCGATATTGAATAAGATGAGCAATGGTTATTTTGGGCCAGTCTCCAGCAAGCATTTGGAGAGCGCCTCAGAACTGCAGATGAAGCCCCGGATTGACTTTATTGGGTGATTTCAGCACGGCCAAATATTTGTAGTGTAAAGAAATCATAAAACGTGCTGGTGGTCCGGGAGCTGGATGGGGTACAGTCTGTGCATATTTGAGATGACTGTGATTTGGTGACAGGC,"[[45641203, ""G"", [""A""]]]",yes,no,G->A,1
chr2,184111171,184111550,TGCATATGATAATTCTACTTAAAATTTATTGAGTATCTTCTCTATGCTAGGCACTTTGGTAATTACTCAGTGTAGCCTTAACTAATTAACAAATTAATGAATGAAAGTTGAGTTAATCCTTCATGTTTGATGGCTAGAAGAAAAAGAAAAAGACCCATTTGTTCCATTCTGAGGGTGAAAGGACTGGTATAATTGGAAATGGGTGCAGATGGTAGCAGACTCACAGTGTCTGGCCGGACTTAGTATCTGCTAGTCTGATGCCCATAAAGGGGAAAAACACTGCAAGAGAAGAAACTATTGGAAAAATACCACTTGTGGGAAAATGAATTACTGCGCTTTTAAATAAGTTTTATGGAATTTAACAGATAAACATTACTATA,"[[184111192, ""C"", [""A""]]]",yes,no,C->A,1
chr3,45185464,45185946,CCCTCACCCTGTGAAGTAGACTTTCTGTTTCATTCCACAAACTCAAGCAAGACCTAAGGAAATCATGACATGCTGAGTATGGCTGTGTTTTCGTGTGTGTGTGGAAGGAAGCTGGTGTACAGCCACAGCCTGCGCATGAATTGACGGAGGACAAGACACAATAAGAAGGATGGATGAGGGCACTGCTGACCTCCGGCCGGGCCTAGCCACAATGTCAGTCCCTGCTCTCAGGGAGGCCCTATCTTGAAGAAGACAGGCTACTGACTTGATGGTGTCCCCACCCACAGGCTGCTTTGGTGGCTTTGAGGCTGGGTGATCTTCATGGAGATCTCTATTAATTATGTCTTGACCTTGCAAGGAGAGAAGAAAAGGCCCTTTCCCCCTTGCCCTGAGTTTCTCTTCTAAGGGTCTGGCCAGGACTGTAGGGTACCCGGAGGGGCCAGGCAGGGGACTGTGAATACAAGCCAGGGAGGAGGAAAAGGG,"[[45185481, ""G"", [""A""]]]",yes,no,G->A,1
chr18,32893952,32894271,GAGAGCTCAGGGTAGACTTCATAAAAGAGACTTGTTCGTATTGGAAAAATGGAGGATTTTCCAGGAGGACAAGCACAAGAGATACAGACAGGAAACAGAAAAAGAGCAGTCATCGTCACCAATGAAATGGAAGAGAGCAGGCAAGTTCTGGAAACTGCAGTACCTCTGTACGAGGATAGAGGGCTGCTTGGAGAAACCTAGGAGACGTAATGTTAGGAACATCATCGTAAGCCCTGTAGATGATGATGGAATGCCTTATGATAGTAAGACTGTGTTAGCTATAAAATAACAAGGAAAGAGAATTATAGAGCTGCCATTTG,"[[32893983, ""A"", [""T""]]]",yes,no,A->T,1
chr3,126889659,126889943,GGAATCCTTGCTGCAGGGTATTCTTGTATACCGCCACTGCACATCTTTCTTTCCCTCTGCCTTTTTATACCTCCTTCCCAGAGTCTCGAGAGCTGGAGACTCCGTGAGTGTCAGGAATATCATTTATGTGAAGGAGCCTGTTGCCACAGCAACCCCAGCAGATGGCCTGGTGCCTGGTCTGCAGTCTCTGACCAGGTCCGCAGAAAGCGTTCCAGCAGGGAGATGTGAGGGTGGCCCCTGCTCCTGCGTTTGTGGTTTGTTGGTACCCTGGGTAGAGGAACCATC,N,no,no,N,0
chr13,85709768,85710037,AATAAGGATTATATTATTGATTGTTTTCCTTTTGAAATCAGTTAGTCTGAACATAAAAAAAAATGACAAAATTGAATATAAACTGGCATGGCTATACCAAACAATAAAATTGTATCTCCTCAGGCTATTGACATTACCTGTGGCAACCTCAATTCAAACATCACCTTACGTTAAGTGCTTGTAATTCCTAAGGCAAAATGACAAGGAATAGGACTCTGAAAAGAAATTGATTCAGATGGGGTGAAATTCATCGGAAAGTAAATGTCTTAG,"[[85709786, ""A"", [""G""]], [85710020, ""A"", [""G""]]]",yes,yes,A->G,2
chr9,5755438,5755734,GTATATTGTAATAAAAGTTGTATGTATGTGGTCTCTCAGAATATCTTAGTATACTGTACTCACCTATTTTCAGACCATGGTTGACTGTAGATAACTGAAACTGTGAAGAGCAAAGCCATGGATAAGAGAGACTACTGTATCTGGTTTTTTGTTTTGAGAAACAGCTGGTCTTATTATGTATCAGGTCTAAATCTGCAGGTCTAGGCCAGGTGCAGTGGCTCATGCCTGTAATCCAAGCACTTTGGGAGGCTAAGGCGGGTGGATCACCTGAGGTCAGGAGTTCAAGACCAGCCAGGC,"[[5755462, ""A"", [""T""]]]",yes,no,A->T,1
chr20,49359632,49359867,TCCTGCATGTGTACATTACTGCCTGGATCTCCTTATCCTGTTACTGGCCCTGAGGGGCTTAAAACCTAACGGTTGCTAAAGTGAATTAGTCTCATTTTGCAGATGGGGACATTGAAGCAAGGATGCTAAAGACCCCCTCGGTGCCAATAGCCAGTAAGTGGAGCAGTTAGGATTTTGAACTCAGGCAATTGAGTTCCAGCCCCATCTTTCTTAAACCCTGCACAGCCAGCCTCATG,"[[49359679, ""T"", [""C""]]]",yes,no,T->C,1
chr3,162521420,162521720,GGAACTTTGTGGGGTATCAATACCCATGAGACATCCCTGATGTCTCCAGGCATATTTTGCAATTGTAAAGGTCAAACAGTGCAAATGATTTTGCCTGGAAGTAAATACCATGCATGGGTGAACAGTGATGTCAGGCGGCAAAGCTAATCTATAGACATTCCCTAGAGAGGAATTGCTGCACATTTCTGTCCCATACTTTTAACCTACCATCTCTTCTCACTGATTCCTAATTTGTAGTCCCTTCAGATCTCTGCAGAAAGATCACCTCTAATTTCTGATTCAAGTCTCTTCTGAGCCTGTG,"[[162521455, ""T"", [""C""]], [162521558, ""T"", [""C""]], [162521597, ""A"", [""G""]]]",yes,yes,T->C,3
chr13,76641073,76641413,CTTTTTTAAATTAAAAAATGAGTGTAGTTTTTAGTTTTCTCAGCATTTAGGATCATTCTGTTGGTATGGTATTCCACTGTATTCTTATTTCATAGCCTCACAAAGCTTCCATTCACATCAAAAGTATGCTCAAGACCCTAATATTGACCATGAAAGTTCTCTTTGTCTTTACGATTACAGCTGGTAGAGCTTAGCTGGCCATCTGTTACCAATTATTCTATTTAGCATCATAGACTATATTGGCCTCCTCCACAAAGCCTTTCAAGCAAGGTTTAGTTGGAAATTTTTGTTTCTCCTTTCATTTTGAAGGAAAAAACTAAGTTAACAGAAGTTTTTTTTTT,"[[76641215, ""C"", [""A""]]]",yes,no,C->A,1
chr12,70330211,70330490,ACCAATTGATTATTTATAGAGAATTTTAATGAGTGATTGTAGAGAGCTTATTTAGTATAATGGACTTCTTTTTCAGGGGTATTTTGCCTATGAATCCTAGGAATATGATGAACCACTCCCAGGTTGGTCAGGGCATTGGAATTCCTAGCAGGACAAATAGCATGAGCAGTTCAGGGTTAGGTAGCCCCAACAGAAGCTCGCCAAGCATAATATGTATGCCAAAGCAGCAGCCTTCTCGACAGCCTTTTACTGTGAACAGGTAAGATGTTTATTGATACTG,"[[70330227, ""A"", [""T""]]]",yes,no,A->T,1
chr6,60290883,60291107,GCCTGGGTTGGTCGAGAACTCCTGTGCTCAAGTGATCCTTCTACCTGAGCCTCCTAAAGTTCTGGAATTACAGGCATGAGTCACCATGCCTGGCCTTAATTTCACTTTCTATTTGTGAGACTCATCTTTAGAAGGTACTGGTAAAACGTTAAAGAAACCAGACTTCCAAAAAATGTATTTATACACATCTTATTTAGATACAGAAAAAAGGACTGAGAAGTTCCC,N,no,no,N,0
chr6,54604942,54605182,ATATATTATATAATATATATATAATATATATTATATATATATTATATTATATATATATAATATATATAATATATATATTATATTATATATATATAATATATATATAATATAATATATATATTATATTATATATATATAATATATATATATAATATATATAATATATATATATTATATTATATATATATAATATATATTATATATATATTATATTATATATATATAATATATATAATATATA,"[[54604953, ""T"", [""A""]]]",yes,no,T->A,1
chr10,104795441,104795926,CCATTAACACTATACAAAAATATTTTTTGCTTTATATGTAAAATGAATTTAGGTCATAGGCTTGGTTCATAACAAACAGGTTCTTCCCTACAAGAATGTATTGTGGGATATTTTCAAGCTGTGTGGAATGTCAGACAATTTTTCATGGTACAACATGGTGTAGAATGATCGGCATTCCTGCCTTGTCATTAAATCCGGTATTTCAGCACCCTGTCAGATTTTTCACATGCCCCCTAAGGGGCAGTAGCTTTCTTGTTGATAACCGCTAAGTTGGAGTTGGTGGTGGCCAGAAGAGACCAGAGATGATGGGAGCTGAAGAGCTGCAGTTATCCTCTATGATCAATTCTTGGTACCCTATCAGGGAGCTATCCTGGTGCTGGTTAGACTTTGGTACAATCTAATTTGATTCCCACTGACTTGACCAATTCCATGTTCCACCTGCAACCAAGATTCTTTGATCTTGGCTTTCTGATCTAAAACTCTAGT,"[[104795511, ""G"", [""A""]], [104795629, ""C"", [""T""]]]",yes,yes,C->T,2
chr3,76214566,76214785,TAGCACAGCAGTCTGAGATTGAACTGCAAGGCAGCAGCAAGGCTGGGGGAAGGGCGTGCGCCATTGCTGAGGCTTGAGTAGGTAAACAAAGCAGCCAGGAAGCTTGAACTGGGTCGAGCCCACCACAGCTCAAGGAGGCCTGCCTGCCTCTGTAGGCTCCACCTCTGGGGGCAGGGCACAGACAAACAAAAGACAGCAATAACATCTGCAGACTTAAATG,"[[76214585, ""C"", [""T""]], [76214623, ""C"", [""G""]]]",yes,yes,C->G,2
chr8,114580466,114580821,TGCGCTGCACCCACTAACTCGTCATCTAGCATTAGGTATATCTCCCGATGCTATCCCTCCCCCCTCCCCCCACCCCACAACAGTCCCCAGAGTGTGATATTCCCCTTCCTGTGTCCATGTGATTTCATTGTTCAATTCCCACCTATGAGTGAGAATATGCGGTGTTTGGTTTTTTGTTCTTGCGATAGTTTACTGAGAATGAGGACATGAACTCATCATTTTTTATGGCTGCATAGTATTCCATGGTGTATATGTGCCACATTTTCTTAATCCAGTCTATCATTGTTGGACATTTGGGTTGGTTCCAAGTCTTTGCTATTGTGAATAATGCCGCATTAAACATACATGTGCATGTG,"[[114580609, ""C"", [""T""]]]",yes,no,C->T,1
chrX,112147282,112147567,GGACTTCTCTCCCCTCTTCCCCTTCTCTGCCCTGTGGCTTGCAAAGCACTCAACTGGATGGATTCTATGTGAATTTCAGCTTTTAGAATCCTAGAATTCAGATTCTCAGCTACCCCCTCCCCCTTGTGACCAAGTGCTGAAATTACAGCGTGGTTGGTCAGTGTTAGGAAATTCTGTGGCTCTGGATCACAGACCACAGAGCCACTAGTCCATATGGGACAGAGTTGTGGCCACTGCACTTCAGTGAACTGGTCACAATGTAAGCTCCTCACTGCTCCCATTTTGA,N,no,no,N,0
chr16,10683178,10683451,GACCTTATGGGGGAATGAGAATTCTAAGCCGACAACATCACACGTGCCAACACAGAGAAGCTAGAAACACCAGATGTTTAGGGACCTCAGGATCAGGAACTGGGTGGAGTCAGGGGCTAGGTGAGGACAGGGATTGGGTGGGGTCAGGGACTGGGCGGGGTCGGGGGCTAGGTGAAGACAGGAATTGGGTAGGGTTGGGGCTGGGTGGGATCAGAGACTGGGCTGAGGTAAAGAGAGGACAATGGATCAGGGCCAGGGCTTAAGCCAGGAGGGC,"[[10683202, ""C"", [""T""]], [10683297, ""C"", [""G""]]]",yes,yes,C->T,2
chr9,134793247,134793696,TCCCCAGTAGAAGGTCCCCTCTCAAGCTGCGTTTGGCTTCCCAGCATGGCCATTGCTGGGACTGTCCACTCCTTCCTAAGGGCGAGAAGACAGGTGCCCACAAGCAATTTGCAAGGGAGAAGGAAGGCTAAGGAGGCTGGGGGGGGCATTCTGTTCCACAGCTCCAGTCACAGGGACTCGAGATTCTTTGGCTTGAGTTAGTTTATAAAGAAAACAGATGAGCAAGATGCCTGCTGGGAGCCCCAGATGGCGTTGCGGTCGAGCCGGTATTTTGCTAACTGCCAGGGCCCCAGCGCCTGTGCCTCGGGCACAGTCAGTTTGGGTTGCAGTCATTTTTGTTGCAGGATTAAACCTGTGGTCCAGGTCATAGTGGGACTGTTTTAGGGTGGAGGGTTTTCATTCTAGGGGAGGATGGGAATGAGTAAATCTGGCAGCCCGGGCTCATTCGCA,"[[134793330, ""A"", [""G""]]]",yes,no,A->G,1
chr16,13138604,13138891,TCTTTTGTAGACTCTTGAAGAAAGATTTTCCTTAGTGGTTCACAATTATGGATGGATGTCTCACAAGGGCAGTCTTTGAGCCGTTTAGGAGGACTAGAGTGTTCCACACATATCATCTCTTGTTCACATGCAAAGAATTGCTGCCCTATGAGTCATTTTCCCCCATTCATGTGAGCATGTTATGAGGATTCCTATTTGGAAACTTTTATTATTTTTTTTTTGTAGGATTCATGGCTCCTGACATGGCCAGAGTGTCTGACCCCTTATTTGCAGTTTTTAATTCCATGG,"[[13138673, ""G"", [""C""]]]",yes,no,G->C,1
chr16,799068,799467,ACTCCTCCATGGGGTCAGGGGCTTCTGAAGCAGCCAGCCTGGGGCTGGAGGGCACAGGAGGAAGCCACAGGGCCGAGGCCGCCAGCCTGTAGTCCCCAACCCCGCTGCTCCCCGCAGGCCTGAGCTGAACCCCGCAGGATGAAGCGGGGAGAGTCCACACCACTGCCTGGGCCAGTCCCCTAGGCGTTGCTAGGGTGCAGGGCACAGAGCGAGTTCCCACAAGGCCCCAGCTCCCGCCTCCTGCACTGGGACTAATTAACTGCAAGAAACTTTACATCCTCAGCTACTCCCCCATAGGCCCCCACACCTTACGAAGATCCCTTGCAGGCAGGAGAAAGGGTGCTCAGCACGGCAGACCCCCAGCTCCTACCCTCCCACTGAGGCCCACGCAGGCTGACCC,"[[799148, ""A"", [""G""]], [799166, ""C"", [""A""]], [799423, ""G"", [""A""]]]",yes,yes,A->G,3
chr1,65946993,65947326,ATGGGACAGCCTCTTGAATCTTCCTCTAGAACACACGTTTCTTTCCAAAGCATCCAGAATACTTGCCACTTTTTGCACATCAGGCACGGTTAACATGACATCCTCAATATAGTGGACCAGTGTGATGTTCTGCAGAATGTCCAGATGACTCAAGGCTGTGCTGACAATGTTATGACAAAGAGCAGGAGAATTAACACAGCCCTGGGGCAAGACTGTGGATATACACTATTATCTGTTTATGTGAATGAGAACTTCTTCCGATCCTTCTTTCTGATAAAAATGAAAAAGAAAACATTTGCCAGTTCAGTGGCGACATACTTTTGGTGTGCTTGGT,"[[65946998, ""G"", [""A""]]]",yes,no,G->A,1
chr7,39845003,39845385,AAAAGTAAAATTTGTAAGTCCTTTCTAAGAAATCTCTGAAAAGGAATGTTAATAATGATTACTTTTTCTGGAAATAGAATAGTGTAGTCTGCCAAAGCTGGAGAAGACTCAACTATGTCAATGCTGTTGAAAGATTGATTACGATAAGGATTAGTGACTTTGACTAGGAGTGGTTTCAATAAATAGTAGCCATGGAATGCTGACTGTAGTGGATGAACATAGTCAACTCTTGAGAGAAACTTTACTGGGAAAGGCAATAAAGAAATGAGTAATAACTGAAGAAAAATGTGAGATACTAGGAAGTTTTCTCTCTTTTTATATTTTAAAACAGAAGTTTATAGAGTACGTTTGTTTGCTTTTGGGAATGTTTCATAAGAGAAAAA,"[[39845016, ""A"", [""G""]], [39845370, ""A"", [""T""]]]",yes,yes,A->T,2
chr21,18850293,18850507,TGTTTCAGAGGGTGCAAGCCCCTAGCCTTGGACACTCACACAAGGTATTGAGCCTTTGGGTGCACAGAAGTCAAGAACTGAGATTTGGGAACATCTGCCTACGTTTCAGAGAATGCATGGAAATGCCTAGATGTCCAGGCAGAAGTTTGCTGAGGGTTGGGGCCCTCATGGAGAACATCTGCTAGGGCAGTGAGGAAGGGATATGTGGGATTGGA,"[[18850315, ""A"", [""T""]]]",yes,no,A->T,1
chr11,56716393,56716821,GCCTAATTGTCTAGTATTTATAAAGTACACATTAGTGTACAGTGATGTCATAGGCTTTCACTTTCACTCATCACTCTCACTGACTCACCCAGAGCAACTTCCAGTCTCGCAAGCTCCATTCATGCCAAGTGTGCTACAGTAGTTTTACTATGCTTTTTCTATGTTTAGATACACAAACATTTATCATTAAGTTACAATTGTCTACGGTGTTTAATGCAGTAACCTGCCGTACAGGTTTTAGCATAGAAGCAATGGGCTATACCATACAGCCTAAGTGTGTAGTAGGTTGCACCATCTAGGTTTGTGTAATTATACTGTATGATGTTTGCACAATAATTAAACCACCTAACAATGCATTTCTCAGAACATTTTCCCATCATTAAGCAACATAGACTGTATACCCGAGGCTAAGCTTCAGAGATTTTCACA,"[[56716420, ""T"", [""C""]]]",yes,no,T->C,1
chr7,70616785,70617077,TGAGCATGTTTTTAGGCCAAGCAGTAGGAATTATTAGAGAGGGAATGATGACACTATTGATGGAACACGGTCCCAGAGGAGATCTGAAGTGACAAGATTAAGAGCAGAGAAGAATTTTCATTAGCAGAAACAGGGCACTTCCTCCTTAGAGACCAGAGGTGAAGAGAGAAAAAAAGGATCCGGTAGTCATGGGCTATGTATCACTTAGGAGTGCTTTCAGCTGCAAGTAATAGCTTGACTAGCAGTGCCTGAAACAATTAAGGATTTATTTTTTTTATGTGATGGTAAGACAG,"[[70616835, ""G"", [""A""]], [70617060, ""C"", [""T""]]]",yes,yes,G->A,2
chr4,67393794,67394011,ATGTTATGCCTTTTTCTTTCCTAAAGTTAAACTGTTAACATTAGTAAGAAATTGATTTTGAGTCATTTATTAATAAACAGATTGAAGGGTTCACAGCGCCACCTAGTGGTATAACTTGTAAGTTTATGCAACTTTCCTTGATCTGAGTTGTAGTCAGAATTCTATACCAAAAATAAATGTTAAAAACTTAATTTTTTAATGGAAGTAATTAACATACA,"[[67393802, ""T"", [""C""]]]",yes,no,T->C,1
chr8,93159060,93159264,CCAAAAGACACCGATTAGGTTCAGAAAGTCAGCTCAAACAGACTTGAAAAGTGAAAGAGGAACTAATTAATTCTGTAACTAAAAAAATTCCTCCCAGACTCCAATAAATCGCTGACTATAAGCTTCAGTTTCTAATACTATGAGATTTCATTCTTTTTCTGCAACCATGAATTTTTAAATTGAGAGTTACGGGAGGCATTTTTCA,"[[93159119, ""A"", [""G""]]]",yes,no,A->G,1
chr3,48966474,48966791,CACATTCTAGAAGAGTTTCTTCCCCTAGTTGGTGTCTCCACATCCCCCCTGCCAATATTAATTACATGTGACATCTGGTGTATTAAGGATGAGTTGTAACTTGGTAAAGGCTGTAGTATTTTGTGGTTTGGGTACGTCGATATAGTGAAACCACTGTCCTTGACAAGTAAAACTACAGTGTTGGCTGTTAGAAGATTTATAAACTCATCCTCTAATAACCTTTGTGACTAGGTTTCTAGTAGTTGTGAGGGGCAACTCTGCTGTGCTTAACAGGGGTAGTCTACAAAAGAAACCTGATAGCTTCTAAAAGAATTTGGA,"[[48966523, ""C"", [""T""]]]",yes,no,C->T,1
chrX,147803921,147804271,TATTTTTCAGTTTGAGATTTTATTTTGCTAAGGTAAAATGAAGCTCTAAACTTCATTAGAATGTATTTGTTGGCTCTTGAGGGAAACAAAATAAAGACACCTGCAGGAAAATAACAACCGAGAACCTTTTTCTCTGTAGTAAAAGTCACTCTTCATTTCAATCTGTAAAGGTCAGTCCTTGTTGGAAACAACAGTATAGGTTTATCTACAGTGAGATAGCAGCTCCCCCATGAGGCCTCATCTAGAATTGTGAGAAGAAATAACAGAGATACAGGCAGAACTAGGGTTATATCACCGTGAATTTGTGCCTTGAATCTCAGTATGTGTGTGAGTGAGGGGTGGGTGGAAGGG,N,no,no,N,0
chr13,54914627,54914879,AATATGGAGTTCTGAAATTGAGCCAATAATAATAATAATAAAACACCTACCAAACAAAAAAGCACCAGAACAGACAGATTCACAGCTGAATTCTGCAAGATGTACAAAGAACAGCTGGTACCAATTCTACTGAAACTGTTTCAAAAATTGTGGTGAAAGGACTCTATCTCATTCTATGAAGCTAACATCACCCTGATACCAAAACCTGGCAAAGACACAGTAAAAAGAAAATGAAACTAGAGATCAATATTCC,"[[54914869, ""G"", [""A""]]]",yes,no,G->A,1
chr1,113602989,113603267,CATACACAGAAGATCAAAGAGACAAAAAGCTGATTATTTGAAAAAGATATACAAAATTTATAGACCATTAGCTAGATTAACCAAGAAGAGAAAAAATTCAAATAAGCCCAATTCGAAATGAAAATGAAAATGAAATGGAAATGAAAATGAAAATGGAGACATTACAACAAACACCACGGAAATACAAAAGATAATTTGAGGCTACTATGAATAAGTGAAATTGAAACTGTGCACACAAAGTAGAAAATCTAGAGGACTGGATAAATTCATGGAAACATA,"[[113603021, ""G"", [""A""]]]",yes,no,G->A,1
chrX,11319836,11320282,CCAAACAGTGAGATGAAACAGGGACAACTCAAAGGCAGCTTCATTTTGAAATTGGCCAGGCTTTTGTAAACAAACCCTTGACAGAGCAATTTCTAATTCTCTAAACAGCTGGGGGGGAAAATATCACACAGAAAAGCAGATGTTATTCGCGTAACTTCTTTTTTTCAGGTCTACAATCATCATCTACAGCACCGGATCCACCATATCACTTCAAGTAAATTTTGACTTTGCTAGGTTTCAACCACATTACTCACATTGGAGATGTGAGTCAAAGAATAAAGCTTCTCAGAGACAGCTCTGTGGATGCCTCTTCATGTTAGGTTGACAGCTTTTGATTTAAGCGTTCTGTTAGCTCATGACTGCAGCATGCAATAGGAACACAGTTCCTCAGATGCCAACCCTAACCTAAATAAAAGCTAGACCGGCATCTCCTCAGGGTCAAGTTAA,N,no,no,N,0
chr10,112340620,112340921,TCAGGCCTGCAGACTCTTCATGAAGTGCTCACTGAATAAATTAGCCTCTTGCTCTTATAAGCTCCTAGATGAGGTCCCTTCCACACATCTCCAGCAGTGACCAGGAAATGGGACATCTGGGTCACATATGGCCTCACCTTGTTCTGGGGAAGAATGGTGATATCATCAAAATTGATTTGCCACCAGATGTCTTTGTTTTGCCTCTGCATCCTTAAAATCAGACCTATGATGGCAGCTCCCAAGACAGGAATGAGGATCATCAATGTCAGAAGCACAGCAGTCACGCCTGGAGGGTAGAGGCA,N,no,no,N,0
chr11,47201112,47201384,GAAAGAAAGAAAAAGGAAAAGATAGTGTCAAGGAAGTCTTCCCAAAGAAGGTGACACTTAAGCTGAATCTTGAGATTGATCGAGGGGGAGGGGGAGGGTGCTCCAGGCACAGGCAGCAGGAAATGCATGGGCAGGGAGGCCGCCTCTAGCTATAATGGATTTATGAGCAAGGCAAATGTCCTGCTTAATGCCACATTTTCCCAGAATGCATTTTTAGGATTTGAGAGGTTTTCCATGGTGGATAGAAAGAACCATGTGCGGGCCAGGCACGGT,"[[47201221, ""G"", [""C""]]]",yes,no,G->C,1
chr18,67218060,67218280,CACTATTTTAATTTACAGAAAAAAAACTCACAAACAAGCAAGCAAAAACTGGCTCAATTGTTTCAATGCTTTTATAATACTTTAGTTTTAAATAGGGCTTTCAGAATTTCAAAACACTTTGAAATCATTTGTCCCTCATAATGTTCTCTCAGAAGTAAATCTTGTTTGAGATAAAAAGGTACCCAAGGGAGTTTACATCCCTTGCTTGTAGTAATACATTT,"[[67218180, ""C"", [""G""]], [67218181, ""C"", [""A""]], [67218182, ""C"", [""A""]], [67218183, ""C"", [""A""]]]",yes,yes,C->G,4
chr18,60092081,60092417,TATAAGTTGTGCATGAGTTCAGGGAAATTGTGGAAGATCAAGAAGACTCTAGCAAATGGCACTTTTCTGAAACTGTTCCACCAAAGCCTATAATTGCTTTCTGGTTGCAAAATACACATTCTTCCATATTCCCTTGTGGAAATATGTGGTTGGCTTCATTTGTTTTTAACAACACTCCTTCCTGAAGTGAAACTTGTGTTCTTGGCAATATTTGACACAACTGACCACTCCCTTCTTCAAACACTCAGCTTCCCTTGGTTTTGACTCTCCTGCCTCTGCCATTCCTCAGAAGCTTCTCATTCCTCTTTATGGACAGCTCTTTTTCCTCCCTCCCTTC,N,no,no,N,0
chr5,137407165,137407491,GAAAAAATAGATACAAGATTTTTACTTCAACTCCATAGCTGTCACTTTAAACCACTGCTGTCCGAGGAGAATGGGCAATTTTAGAGCAATTGATCTTTTTTCTCTAGGGAAATGTGACAACGCTGTGCTCTTTAAGCTGCACTTCACAGCTGGGGAGAAACTTGGGAAGAGACAAGAGGCAGAGAAAGAGCAGCACTAACAGGCTTAACCCAGAGGGCAGGATGTTATGATAAAAATCAAACCTTCCTGAGACACAGGAACCCAGGGTTCTTGCAGTCACTCACCAGCTTGGTGTACCTGAGAGGGGGGAGTGGTGATCAGATTAGG,"[[137407178, ""T"", [""C""]]]",yes,no,T->C,1
chr16,55576393,55576776,GTGACACTTAGAGTTAGAATATTCGTCAAGATTCTTCATTTGCAAGCAATAAGATAGACTGACTGACTGACGCCAAAGTGGAATTATTTGTAAGGCCAGGGAGTAGACTCAAGGGAAAACTCACAGCCAGGAAGCTTCAGAGGTCCTGGCTGCAGGAACAGCCTTACAACCTCCCTGGCCACTGCAGTTAAAATGAGCAAACTCCAACTCTGTTCATAATGCACATTTCAGGGAGGGTCCAGCTGGTCTTGGGCCATGTGCGTGATGGGAAAGACAGAATGTTTTCATTAAGATTCCACATTATTCTGTGCAATGGGGAGATATCAGTCCCCATTTCAAAGGAAACTGAGGTGTTAAACTTTCTACCAGAGTCTAGATCATGCA,"[[55576416, ""A"", [""C""]]]",yes,no,A->C,1
chr22,28024648,28025054,TTTCATCTCTGCCACTGACAAGTGGGCAGACTTGGCTTGGGGCAATTCACCTTGCTGAGCACGAGCAACCGTTTGAGGCTGTTGATAGGCATCAAGATAGGCAGGGACAGGACAGGGGCTCCTACCCAAAGCCTGGTGACTGGAACCAGCAGCTGCAACAGCTGTTGGCAGGGAAGATCCTTGCCCAGAATAGTCACAGTGAGGTGAGTATGGGTGGATGGCAGCCATGGCATGCTCTACATGCCCACATTTAATGTGGCACAGATGACCTGGAGGTCAGAGATGGAGAGAACACTCAGCTCCTTATTGGGGCCAGAAGCCAAAGAGGCACCAACAAGGAGCAGGGGAAAGAGATGCAGGACCCCAGCCAGAAAGCTGGGTATGCAATCTTGGGGGTTCAAAGCCAG,"[[28024771, ""G"", [""A""]]]",yes,no,G->A,1
chr16,1754243,1754650,GGGAGCTGTACCAGCTATTACCGCACTACCTGGTGGGAATTTCACAGCAAATATTCACTAAGGAACTTATTTTTCTGTTTCACAAATGACTAATACTCAGAGAAGTTATACTACGTGCCTTGCATTGCTGAGCGGAATCTGGAATCCACGCAGCTGATCTTTCTCTCCGCTCTGCTCTGCATGGACGAGGCAGCCCTCAGGAGAGATTCCACCGATGTAGTAGCCAGATGTAGAAACTGTCCACAAATAGGCCGGGCACAGTGGTTCATGCCTGTCATCCCAGCACTGTGGGAGGCCAGGGTGGGCGGATCACAAGGTCAGGAGTTCGAGACCACTCTGGCCGACGTGGTGAAACCCCATCTCTACTAAAAATACAAAAATTACCCGGGTGTGGTGGCGGGCCCTGTA,"[[1754356, ""T"", [""C""]]]",yes,no,T->C,1
chr9,30609674,30609935,CATTTTACATAAAAATATTCTCAAAATGAACCATAGACCAAATGTAAAACTAAAAATTTTAAAACGTCTTGAAGAACACCTAAAAAAGACAATGTGTGTGACTTTCAGTTTTATAAAGGCCACTTGGGGATTATGAAAATTAAAAACCTCTGCTGACTCATGGCTGGTTTTGCTTTGGCAAAATCAAGTCAGATTACAAGGAAATTCATGTATTCAACCACTTTGAAAATTCCTTATAGATTGTTATCTTTTCTTTAATTTT,N,no,no,N,0
chr12,3445115,3445384,TGCTTTTAATCAGACCAAGTGTGTAAATAATGAATTCAGAATTACATCCACATTGCCTCATGGGTTCTCCTCATTGTCGTCACTATTTAAACAAAACTAGCATGTAGAGAGGGAAATGCTAACCCTCCTGGTGCCCAGGGAAAGGTGGCCGGGGAGGAGTGATCCAGGTAGCCTGCAGCTTAGCCACTGCCTCCCCTGGGAGGGCTGGGCCTGCCCAGAGTGTGGTGTAATAGTGAGTTGATGCCATAACCTTTGTGTTTGATTAGTCGC,"[[3445155, ""G"", [""A""]]]",yes,no,G->A,1
chr7,150332869,150333141,CTACTGCCTCTGGCTCCAGAGCAGGGATAGGAGGGGCAGGGCTTGCTGGATCTCTCCCTGCAGTGTCCTGTACCTCACTCGCAGGATCCTGACTCACATGTCGGGGCGGGGAGGATCCGAGAATGTGATGCATCCTCAGGTTGCCTTGGGCAGCGTGCGTGACTGTGCTTCCATCCTTGAGCAGTTGGAACTGTTCTTGGAAGTGGCATTGTGGCTCTGCTGTGTGGCATCACCGAGCGGGCTCATGTTCTGGGAGAGGACTGGGAGGCCTAG,"[[150332877, ""C"", [""T""]]]",yes,no,C->T,1
chr7,7449121,7449396,CCAATCAGATAATACAGTTATTAAAATAAAAGCAAAAATCCTGAATAAAAGATTAGTCAGTTGAATGAGCATCATAAAAAAGTACACATAATGAATTGAGTTTATCTCAAGAATGCAAGGATGGTTTGACATCTGAAAACTCTGTAAATGTAATGTATCGTATTAACAAGTTAAAAGTGGAAAACAACACAATTATCTTAGTAGATGCATAATTTGATAAAATCCAGTAATCACTTATATTTAATAAGTAACTTTTGGTACAACCAAAAAAGAAGG,"[[7449189, ""T"", [""G""]], [7449354, ""T"", [""C""]]]",yes,yes,T->C,2
chr20,48251806,48252159,TCCAGGCCATGGTTACTTATATGGACTCAGAATAAACCTTTTTAAATATTGTACCGAGTTTTTTTCTTTTAACATAAGCAACAGAAAATGGACGAAGACAGCAGTGTTCCTCTTCCTGTGGTCTCAGCATCTCATGGGCAATCCTCTCTTACAGCTGCAGTTCTCACAAGCTCTAGTAACTCCCTTGCTCCCAGCGCCTCCAGTCCCAGGGCTGGTAAGGGTTCCCATCTGTTTCTAGTCCCTGGGGTTCTGGGAAAAGTACTTAACCCCTCTGTGCCTCACAATCCTCATCTACATAACAAGAACGATAATGGCACCTACCTCACTGAGCCATTGGAACAATTAAATGAGATA,"[[48251819, ""C"", [""T""]]]",yes,no,C->T,1
chr2,110420728,110421011,AGGACAGGGCACAGCAGTTGTGGGAGAAGGGTGACTGAGTAGGTGGCAATGAGGTATTAGGGTAAAGACCTTATGTTCCTCTATAAAGAAAGTAGCAAACCAACAACTGACAGGCCAAGTGCAGCCTAAAGTTGTGTTTTGTTTGGCCCAGAGAGTGTTTTTAGATGCTGGTTACTCATTCCAATTTTTTAAAAGCTGGAGCTTACACAAAAATTTGAACTTCTGGCTTCGCTTTAAAAGATTATAACATTCAGCCATGCTGCGCTGTATTTCAATAAGTTTTT,N,no,no,N,0
chr1,168759176,168759449,GCCAGGCAAGGTTTCTTCTTTGTTCTAAGCAATTTATATTCATTATCTTGAGTCTTCATGAGAGCCAGATATGTGGATAAATATTATTATTCGTGTTTTACAAGTGACCAAACAAGTTCAGAAAAGCAAATAGATTGCCCAAGATTGCACAGTAACTAAAATAGCAGACCTGGGATTCAAATCCAGGACAAGACTAATAGACACTACTAGGACACTTTGCTCCTTTATTTTTTATAAGTGATTTCAACTTGCGAAAATGAAGTGAAAGTAGGAA,"[[168759234, ""C"", [""T""]]]",yes,no,C->T,1
chr1,39322115,39322355,CTGTTAACACTTACCCACTTAGTTAATTAGGGAAATTCACGTCCCCTCTCTGGGTTTCACTTTCCCCACAGGTGAGATGAAAGGGTTGGTCAGACTGCAACTAAGGCGTGAGCAAACTATGACCCACAGGCCAAATCTTGTCCACACACCTGTTTTTGTATGGCCCATGAGAAAAGGTTGAAAAGAAAATCAAAAGAATAATATTTTATGATGTGAAAATAATATGAACTTCAGTTTTTAG,"[[39322155, ""A"", [""G""]]]",yes,no,A->G,1
chr17,65894672,65894871,CTGTTTTTCTCAAGACTGGTAGGCCTCATTGACCTAAAAACTTGGTGGATTCTTACTCTGGGCACTCCTTCTTATTTCAGCAATAATGTGAAACCAAAAGTGAACCCATTTCAAAATGTACTCACTACTCACTGTTCTATTCTACAAATTCTGAAACTTGTTGGAAGAAACTATATTCCGAAGAAAATATTAAGGATTGC,"[[65894680, ""A"", [""C""]]]",yes,no,A->C,1
chr16,81428251,81428674,TATCTAATCACTGTTCATTCATCCTCCATTATCCCATAAATGTCTTTTTACATGTGATTTGTTTCAATCAAGATCCACAAAGCCCTCACATTATGTTCGGCTGATAGATCCTCCTCCAAACCCCAGCATTTTATTAGGTCAATTTTCAATCTACAGCAAACGGGAATGAATTCTACAGCGAGCACCTGAATAAGCCCCTAGACGCAGCTATTAACCCATTACTGCAGCTGTTCTGTCCTCCATCCATCTGCCTGTTTCTCTACAGTCCATAATCCTTTTAAGTCTCTTTTCATCCAAAATACTATCCCCCTTTCACATTTTTTTCTTGCCATTTATTTGTTGAAGACACTATGTCATTGCCCTATAGAATTTCTCTTATTTTGAGGATCAAATAAGCTAAGTACATAGTGTTTAGACTATAGTA,"[[81428638, ""C"", [""T""]]]",yes,no,C->T,1
chr11,130431906,130432167,TGACACTTGAAAATGGTATGAAATTCAAATTTGTGTCCATAAATAAAGTTTATTGGAATGCAGCCACAGCCATTCATGTACGCATTCTTTGCTCTTGAGCTGCGAGGGAAGGGTTGAGTAAGCCTAAAATATTTACTATCTGGCTCTTTGCAGAAAAGTTTGCTGACTCCTGAATGTAAAAGAGCATCAATTTGGATTCCTCAAATTTGGAATCTGGGATTACTTAAGCTCGCTATATGCCATTCTTATGGAATAAGAAGCT,N,no,no,N,0
chr1,232825863,232826221,AATGGTCCGACTTTGCTGGTTTAGTTTTAATTTCTTTGACAATTAATGAGTGAATCTTTTTTATGAGTGAACTGGAAAAACACCCAAAATCTTAAGGCAATGATTCATTACTCCAGTCAGCCAAGTGGTTCTGACTTGGTCTGTGTTGCCTGGGCTCACTAGTGAGTCTTCGGCTTGCTGCAGGCAGGCCAGATACTTTTGCTTCCAGAACTGGCTGTGAGCAAGCTGGGGCACCTTGGTTTTCTTCCACATGGCTCCCAGCATCATCAGAAAAAGTCCAAGCTGGTTTAATGGTAGTGGCATGGTTCCAGGAGAATGAACAGAATGTGCAAAGCCTCTTGATACTAGACTTGGAACTG,"[[232825952, ""A"", [""T""]], [232825976, ""A"", [""C""]]]",yes,yes,A->C,2
chr20,22993030,22993419,TTGAGGAGGCAGTCTGCCCGTTCTCAGATCTCAAGCTGCGTGCTGGGAGAACCACTACTCTCTTCAAAGCTGTCAGACGGGGACATTTAAGTCTGTAGAGTTTATTTCTGTCTTTTGTTTGTCTGTGCCCTGCCCCCAGAGGTGGAGCCTACAGAGGCAGACAGGCCTCCTTGAGCTGTGATGGGCTCCACCCAGTTCGAGCTTCCCGGCCACTTTGTTTACCTACTCAAGCCTTAGCAATGATGGGCACCCCTCCCCCAGCCTCGCTGCTGCCTTGCAGTTCAATCTCAGACTGCTGTGCTAGCAATGAGCGAGGCTCCGTGGGCATAGGACCCTCCGAGCCAGGTGCAGGATATAATCTCCTGGTGTGCCGTTTGTTAAGCCCATTGG,"[[22993033, ""G"", [""A""]]]",yes,no,G->A,1
chr16,21324320,21324627,TCCCTAACTCAAGTGTCTGTGATGACTTTATAGAACATAACCAAGAATGATGAAAATGGATGGTGTCCAGGATGGGAACATAACATGTACAGCATCAGCACTTTCATATGAAAGTCTCCCAACAGCACAGGTGCAGCTGTACGTTCCACCAGTACACAGGGCACATTCAGTTCAAGAGCTGAGGTCGATACGGTGTAGACTCTGTAATTATATGGAAGCCTCCACTTTTGTTTGCCAGAATTTGTGCAAAGTCCTACTTACTTTCTTCTCAAGTCAAGTGTAGTCTCTAGACGAGATATATGGCAGCA,N,no,no,N,0
chr6,77687716,77688053,CAGCACAGGAACAACCAAATGGGAGAGATGCATAGGGCCATGTATGGGGGGATTGCACAGAGCTTCCACATCCTTTCTAGGTGTGCCACCTTCTTAGCATCCTGATGTGTTCACCAACCTGAAAGCTCTCTGAATCCCATTGATTGGGGGTTTTATGGAGATTTCATCAAAAAAGCATGATCCATCATTAATTCAGTCTTCAGTCCCTCTCATCTCCCTGGAGGCTTGGGGTGGGACTGAAAGTTCCAAGCTTTTAATTATGGTTTGGTCTTTCTGGCAACTAATTCCTATCCTGAAGCTTTCTAGGGGCCTGCCACAAGCTACCTCAGGAAATTCTA,"[[77687729, ""G"", [""A""]]]",yes,no,G->A,1
chr10,121639427,121639757,CATTTGTTCTTGTTGTGATTTTATTTCTGTTTATTGACTACTTTATTTCATTAGGAATGGCTGAGGATATATATCCTTCTTCCTTCTGTAGCCAAAAACTCTTCCCTCTGTTCTTAAGCAGAACATACTGAACATAACTTTTCTGATGACTCAGGGGCCTCCTTGAGATCATAGTCATTACTCCTTAGATAAAGCTGTAGCCCCAGGGCTTGAGGAGGCTGTAGTAGAAAGGAGGGTACCTGAGGCCTCATGACAGGACCCAATCTTTGATGCTGGTAGCTTCTTGTTTCCTTTCCTCTATTCCATAAGGGCAAGATTAGCCTGTAAAATT,N,no,no,N,0
chr12,127515290,127515512,CCTTCTCTACAAGAAGGGCTTGAACATCTCACTGGTAGCAGCCAGTCTTCTGTGAATCAGGCTTCCAATGATGGTGGTGATTCGTTTTGTGGAGCCATCTAAGTCTTCTTGCACAAGTTTCAGAGTTCCACTTTAATGAACTAACTAGCTAGGGTTAAGAAAAGAATTTGTGTTGCAGGATTGAGTTCTCTTCTGCGAAGCTAAATGCTCCTGATAGAGACGG,"[[127515298, ""G"", [""A""]], [127515301, ""G"", [""A""]], [127515373, ""C"", [""G""]]]",yes,yes,C->G,3
chr3,105901060,105901460,TATTGAACCTATGATTTAATACTCAGTTGTTTGCTCATTTTCAACTCACAGCATATTTATGTAAATTGGGTCTCCACCAGGCACAGTGGCTCACACTTGTAATCCTAGCACTTTGGGAAGCAGATGCTGGCGGACAGCTTGAGCCCAGCAGTTTGAGACCAGCCTGGGCAGAATGATAAAATCCCATCTCTAACCACAACAACAAAAGTAGCTGGGTGTGGTGGCATGAACCTGTAGTCCCAGCTACATGGGAGGCTGAGGTGGGAGACTCACCTGAGCCCTGGAGGTCAGTCGAGGCTACAGTGAACTTTGATGGTGCCGCTGCACTCCAGCCTGGGTGATGGGAGTGAGATCCTATCATCTCAAAAAAAAAAAAAAAAAAAAGCCTATATGCTGTGATA,"[[105901105, ""A"", [""T""]]]",yes,no,A->T,1
chr1,220670527,220670740,TGTAAGTGGTCTAAAAGCCCCAGTGCAAAGGCTGTACTTGGCTGATTTGATTAAAAAATCAAGACCAACTATATGCTGCCTACAAGAAACCCACTTTTAATATAGACACAAATAAGTTAAAAGCAAAAGGATCAAAGAATCATGAGTTGCCTAGTTTAGAAGTAAAAATAATGTTTGCTTTCAGGCTTAGAATTTTTAAATCATAGCATAAAGA,"[[220670532, ""A"", [""G""]]]",yes,no,A->G,1
chr19,34279877,34280345,TGGGAGGCTGAGGCAGGAGAATGGCGTGAACCCGGGAGGCGGAGCTTGCAGTGAGCCGAGATCCCGCCACTGCACTCCAGCCTGGGCGACAGAGCGAGACTCCGTCTCAAAAAAAAAAAAAAAAAAAAAAAGTGGTTTAATTGGCTGTACAGGAAGTATGGCAGCATCTGCTCCTGGGGAGGCCTTAGGGAGCTTTTATTGGTGGCAGAAGGCAAAGCGGAGCAGGCATCTTAAATGGCAGGAGCCAGGACCGAGAGAGAGAAGGGAGGTGCTGCCCACTTTTAAACAACCAGTTCTCATGAGAACCCACTCACTATTGAGTACAAAGGGGAAAATCCACCACATGATCCAGTCACCTCCTCCCAGGCTCCACCTCCAACATTGGGAATTACTATTCAACATGAGATTTGTGTGGGGACACAGATTTAAGCTATATCACTAGTGATTAGTGATGTTGAGCATCTTTTCA,"[[34280170, ""G"", [""T""]]]",yes,no,G->T,1
chr4,64712485,64712968,GAAATGTAGGCAACACATCCTCAGAAAAAAAATTGAATTAACTGGAATTAGTTATTTGACCTGGTTGGGACAAAAGTAGTTGAAATTGTATAATTATTATCCCTTGATGTTAATGTTAACAACTGTGACACACACTAGATAGAAAATGAGCCGATTTATGTATTGCCTATGGTCCGCTAGAATGCAGTCCTCATTCAGGGCAAGTTTGACCATATGTGTCATTCACGTTGCCTGTGAAAAAACTGCCCCTCCCGCTCTAGCCTTTTAATATGCAAATGCGAGTGGCCATTGTGTCCTGCACACATGGCCTTATCTGAAGTCTGCCATGACACCTGGCACACGTAGTGACAAGGAGAAGAGGGCAGAAACTGCCATATTGGGTGGACCTGGTTTCTAGCCTCTGACATTTGCATATCAATGCCTGCCGGTCTGGTTTTTCAAGCCATTTTCTATTAGAAAAGAAATGGTTTGGGGTCATTTTTTG,"[[64712631, ""C"", [""T""]]]",yes,no,C->T,1
chr4,3520255,3520716,ACATCTGGGTTGCCATGGTGGGTGAGACAGGTTTGCCTCTCATTTTCCAGTAGTTTCCTTTCACCTGTTTCCTGGATGACCACTGGAGATCTGGGGAGAACAAGAATGTAAACAAGCGTGGGGTCTGTGGTCTCCCAGCACTTAGGAACGGGTCTGGCGACTCACGGGACACCCCCAGGACCTCCCTCTTTCCTACCAGGGACACGCCGGCTGGAGTCCTCCATCAAGCTGTGTCCCCCTGAGACGCAGCTGTCGAAAGCAGCTGGTGGGCTGGGCTGTAAGAGTGGTTACCGATTGGCCCGTCTTTAGCGACCAGCTGCACAGATTTTCAAGAACAAAATTTGCAGCCTCACCTGCTGCCATAGGGCAAAAACTCTAAGGACCACAGGACAGAGGCCACCTGCAGACTGTGCAGGGTGGCAGGGCTTTCTGACAGCACACATCTTATATTTATTGGGAGGA,"[[3520270, ""C"", [""T""]]]",yes,no,C->T,1
chr2,195051405,195051776,AGTTCTGCTGAATTTTGAAATTTGAGTTGAAATTTGTGCTCTTGGTTTAACTTGGCACAGTTGGCTCCTGACCTAGCATCAACTACAAAATCTCATCACAATCCTTTTTTTAGTATTGTTCTCTGCTATGATTTAGACATGTTTTGTTTGGCCCTGCTGAGTCTCTTGTTGAAATTTGATTCCTAGTGTTGGAGATGGGCCTGGTGAGAGGTGTTTGGATCATGGGGGTGGATCCCTCATGAATGGCTTCCAAGGGAGTGAGTGAGTTCTCACTCTTAGTTCTTGAGAGCACTAGTTGTTGAAAAGAGCCTGGCACCTTTTCCCTACTCTTTCAGCTCCTCTCTCACCATGAGATCTGTACATGCTAGTTCC,"[[195051427, ""A"", [""T""]], [195051557, ""A"", [""C""]]]",yes,yes,A->T,2
chr7,41374153,41374640,AATTTCTGTGCAACTGCAGTTGTTTTCCATTCAGCATCTGGTGGTATCTCTAGCTCTTTAGATAGAATGGAGTTGGCCAAGGTTATCACTGGGGACTCTGTTGAGTCTATGCCCTCTTGATGCAGGCCATGCCTCTGAGAGATTCCCTTGCAAGGAACAGGTGTCCAGGGTGCTTGGAAGGCTTCTGGGCATCACGAGGTCACTGCAGAGAGCAGAGCCTCTTCATGAGTCAACAAAGGGTGTAGTGGAGGCAGTCTGGCTCTCCCCACCATACCAAGCATATTTAGTCTGGGAGGATGTGGACGGTGGGCACAGACACAGGAGCGTCCTTTGCATTCCTCTAAGCAAACTCATTTATCAGGCCGGGGGCTGATGAAGCATAAATGGCAAGGGTGTCAGGGGGCCAGGTGGCACGGTGCATGCTGCCCTGCACCTCCAAGGAATGAGGGTCAAGTGTCAGCTCTGGACACTCTCCAAGTGCCTTCTCA,"[[41374273, ""C"", [""T""]], [41374477, ""G"", [""C""]], [41374614, ""C"", [""T""]]]",yes,yes,C->T,3
chr3,63387526,63387856,TTAAAATGTACTTTTCTAAGTTTTTTACATCTCTTCAGCAGCCAAAACAAAAAATCCTCTTTCAGAATTTGGAAAATGGGTAGTGAAAGGCAGAGTGGGAAAGAATATAGGAACACTCAGTCATAGCTACAGAGGTCAAGTTGAACCACTTAACCACTGGTGATTCATCCTTCTAAGCCAAAAGAATAAGTGAGGGAAATAGCAAGAAAGGCATTATGTAGTGGAGGCTATTGAGGGTATTTGGAATTTGAGATAAGAGGTTACAAAGCAGCCTTGAAGTGCGGGAGAATTGGGTGGCGGAGGGACAAAGCTACTGAGACCGACTGCTATG,"[[63387701, ""G"", [""A""]]]",yes,no,G->A,1
chr21,39217474,39217737,CCTGGTAGCCAAAGCAAAACTACTTGGCCAATCACAATAGGTAACTCCAGATGGATGGACTTTTGATGAAAGACTGCCAACAGCTGCTGCACTGGAAATGAGGATTTATCTGACAGTTCCCTGGGAGCAGTAGCCACCCTGTTAAACCATCTGTCATGAGTTTGGCAAATGAAAACCACTGGAGAAACAAAACCACTATTTACCAAGAATAATTAAAATAGAAGGTCTTATTGTTCAAATAATAAAACACAACATTTACTGAGG,"[[39217609, ""C"", [""A""]]]",yes,no,C->A,1
chr22,25508236,25508552,TAAAGTTGGTTAAACCTTTAAAGTCCCCAGGTTAGGCCCAGAGGCGCTGACTGTATCAACTCAAGACAAGCCTCCAGGGTAAAAACTATTGTTATGTTCATTCTGTGTAAGAGAAAACTGAAGCAGAGACGCTAAGGAATTTACACTAGGCTACACAGGAAGTGAGTGGTAGAGCTGGGATTCAAACACAGCGAGAGCCTCCAGAGCCCATCTTCTTTTTTTTTTTTCTTAGCCAACTACTAAAGACATTTAAAGAGCCCATGTTCTTAACCACTGCGATGTGCTACCCATCTCACCAGTTAATTTAATTTTTTTTT,"[[25508244, ""A"", [""G""]], [25508365, ""G"", [""C""]]]",yes,yes,G->C,2
chr16,25734341,25734641,TTCCAGCTTGGATCTTAAATTTCAGGGGTCCACCTCCTCATATTTCTGGGAGGAGGGCCCAGGCTCCCAGAGAGGCATTGCGTGAATGTGAGTGTGTAGACTTGGGCAGAGCTAGGACCAGCAATTAGTCCTCCTAACTCCCACCTCCAGGGTTGTCTACCATAAATCATTCATCCAATAAATATTTATTGTGGATTTCCGGGCACTCTGTGAGGTGCTGGGGTATGATGGAGCTCAGGAAGATGTAATTCCTCCCTTTTATGGAATTTACAGTGTAGTGGAACATTCTGGCCACAATCAT,"[[25734392, ""A"", [""G""]], [25734579, ""A"", [""G""]]]",yes,yes,A->G,2
chr12,75614028,75614357,AAATTCCTGGAAATATACAACCCTCCTAGATTAAACCAGAAGAAATAGAAACTATGAACCGACTAATAACAAGCAGGAAGATTGACATGGTAATTTAAAAGTTACCAACAAAAAAATTCCAAGACCAGATGATTCACAGCTGAATTCTATCAGACATTCAAAGAAGAATTTGTGCAATCCTATTGACACTATTCCAGAAGACAGCCAAAGAGGGAATACTCCCTAAATCATTCTATGAAGCCAGTATCCCCCTAATACCAAAACCAGGAGAGGACATAATAAAAAAAGGAAAATACAGACCGATGAATATAGATGCAAAAATCCTCAATG,N,no,no,N,0
chr5,125450880,125451195,TCTTTGCAAATGGGAGAGGAAAGTATTCCTATATCCATTTCAGAATGTGAAAGCAGAGTTTTTGCTCAGATTTTTTTCTCCAAAGTTATGGGAACTGATTCAAATGTAAAACTTGGCAACATCTTGTTCTTAAGATGATGCATAAACATTGATTGCCTCATATGCTTAAAGGAGATGTTAGGACTTTTTTCCTTAGGACAATTAGAAGCTAACCAAAAGGCAATGTGTTGGAAATGTACATGTTAACTTTCCATGGTACCAGAAAGGAAGACATATAGAATATTGGCTACTGCCCAGTGACTCTCTTTCACATGCT,"[[125450927, ""C"", [""T""]], [125451055, ""C"", [""T""]]]",yes,yes,C->T,2
chr11,20487916,20488281,TATGTAGATCAGAAATAAATTACATTGTGTTTTTCAATAAAAGTATTTTTAAAAATATTTTTGGACTATTGCCTGTTTTACTACTTCCCATATTGCTTTGTCTATTTTTTACCACCACTCAATCTGGCAGTATCTCTTGAGACGTATATGGCACTTAATGTGTATTGTTGCCTAGAGGAGAATCATGAAAGAAAAGGTGCAGATTTTCTCTTGGGATACAATAGAAAATTAATTGAAAAAGAAAGAGTCCGTAATTTAATGTATAGTTACAATTGGGGGAAAAATCATAATATATAATTTTCATATTTGTTGATTATGTCTTCTTAAACGCCATTTATTACTAGCACAGTTCATGCTCTGTATGTG,"[[20488085, ""C"", [""G""]], [20488194, ""A"", [""G""]]]",yes,yes,C->G,2
chr3,63652198,63652456,CCTTTTGATCACCACATTCCCTCCTGCCCCAGGGCTCAGCGCAGGCTATTCCTTCTGTCTACAATATGGATCCCTTATCCTTTCACCTAGTTAACACCTACTCATCATCAAGCATCACTTCCCCAGGGATGCCTCGCTGACCTCCCTGACTGATGTCAATCTCATGGCATCTGCCTTGCATAGTACTGTTCACAGGTGTGACTTTTTGTGCAATTACTTGATTAATATCAGTCATTCCCACTAAACTCCCTAAGACCAG,N,no,no,N,0
chr15,78010043,78010518,TAACCATTTTATGCACAAAAATTCCAGATGTGAATGTAAGTAACAAAGAATACAGAATGGTTTAAAACAGCTTTCCCAACACCATCCTGCTTCCAGGCTGAAGGAATAAAATGGGCTGCAGATGAGGGCACCCCAAAGGAGCTAACAGCGCTGTGCCCACTGCATGCACAGCAGGGGAAGAGGACCATGTGTCTCACTTGCTTTGTTGTTCATAACGGAAACTGGGGTCAGCTATTTACATGCTGTCACTAATCAATAGCCCTGGTATGGCTCCAAGCGGGAATCTGGAGCAGCAGGATGGAAAGGAAGAGGTGAGAGAAAGGCCTCCCTCTACTCAGCTGAAATCCAAAACTTCTGCCCATCACACGAAGCTTATAAGCAACACTCATGGGAAAATCCCTGAAGCCATTTCTCAGAATATTTTTCTTAGATAAAACTATAATGAACTCATCTCAAATTAAATGGAAAAAAAGTCC,"[[78010048, ""C"", [""A""]]]",yes,no,C->A,1
chr14,84969525,84969820,GAGTGGATGGTTCCAGCAAATAAATGCACCAGCTCCTCTCTGATGGGAACAGGCACGGTGAGGGCCCCGTGGCAGCATCCAAGTATGTTACAATGTTCTTTTAGTTCTGCCATCTGGGAGTGGGTGCCTGCGAACCCTGGAGCCCCAGAGGGCATGTGTCACAATCAGTGCTCTTTTAGCATTTGTCATCCACAGATGACTAAGTGTTAACCAGCTCAGTGGAGGGGCAGGATGACAGTCTTTTACACCCTGCCCTCTTGGTACCCGAGTTCTTGTCTGGCATCCAGGAAGAATCA,"[[84969651, ""T"", [""C""]]]",yes,no,T->C,1
chr16,23096457,23096913,TCCAGGACTTGAACTCAGCTCTGCACCAAGCAGACCTAATAGACATCTACAGAACTCTCCACCCCAAATCAACAGAATATACATTCTTCTCAGCACCACATCGCACTTATTCTAAAATTGACCACATAAATGGAAGTAAAGCACTCCTCAGCAACTGTAAAAGAACAGAAACCACAACAAACTTGTCTCTCAGACCACAGTGCAATCAAATTAGAACTCAGGATTAAGAAACTCACTCAAAACTGTACAACTACATGGAAACTGAAGAACCTGCTCCTGAATGACTACTGGGTAAATAACAAAATGAAAGCAGAAATAAAGATGTTCTTTGAAACCAATGAGAACAAAGACAACGTACCAGAATCTCTGGGACACATTTAAAGCAGTGTGTAGAAGGAAATTTATAGCACCAAATGCCCACAGGAAAAAGCAGGAAAGATTTAAAATCAACACCTTA,N,no,no,N,0
chr11,26344621,26344970,TCCCAAAGTGCTGGGATTACAGACGTGAGCCACCCTGCCCCACCAAAATATTGTCTTTTTAAAGACTGTCTTTGGTGTAATTTCTCCTTTGGGCCACTAATATTTTGAATGGTGCTTCTCTATTTCTCCCACAGTACTCCAAGATAACTGAGTTGGTGGTAAGCACCACAGTGAACAGCTTGCAATTAGTCATAGCTCTTACCAGATGTGAAGAAAGCACCCACTCAGACGTACTTATGCCTATTTAGACAGCATTACTCTAGAGTTTAAATCATGGATAGAAGTTACTTTTGTATATATATTCCATATTAATTCATGTTTTATAAAACTTACTTTTACATGCTCTAAAG,"[[26344656, ""C"", [""T""]]]",yes,no,C->T,1
chr3,102008589,102008820,TGTTAGCACAGCAGTCTGAGATCAAACTGCAAGGCAGCAGCGAGGCTGGGGCAGGGGCGCCTGCCATTGCCGAGACTTGATTAGGTAAACAAAGTGGCCTGGAAACTCGAACTGGGTGGAGCCCACCACAGCTCAAGAAGGTCTGCCTGCCTTTGTAGGCTCCACTTCTGGGGGCAGGGCACAGACAAACAAAAAGACAGCAGTAACCTCTGCAGACTTAAGTGTCCCTATC,"[[102008591, ""C"", [""T""]]]",yes,no,C->T,1
chr4,165426670,165426913,ATTAAAGAAATACACACGCACACTCACCGGTTTGAGAAAATTCAGAAAAGTACAAATAATTTTACACAGTTAACCCTTTGTTACAGTCTCACCAATACACTACAATGTAGCAGTCTCTCGTGAGGTATCAGCCAGAGTTTTTTGTCTCACAACCAAGAAAATTAAGGAGCATGGACACAAAGGGTGAGGTTGGAGCAAAAGTTTAGTAAGTGAAAGAAGAAAGCTCTTCGAGGCAGAGAGTGGG,"[[165426686, ""T"", [""C""]], [165426732, ""G"", [""T""]], [165426737, ""G"", [""A""]], [165426755, ""A"", [""G""]], [165426910, ""C"", [""T""]]]",yes,yes,C->T,5
chr1,195981780,195982106,TCAGACTCCAACTTCTTCAGCTTTTGGAATCTTGGACTTACACCAGTGATGTGCCAGGGACTCTAAGGCCTTTGGCCACAGACTGAAGGCTCCACTGTCTGCTTCTGTACTTTTGAGGTTTTGAGACTCAGACTGGATTCCTTGCTCCTCAGCTTGCAGACAGCCTCTTGTGAGACTTCACCTTGTAATCATGTGAGTCATTTCTCCTAGTAAACTCCCCTTCATATACACATATATCCTGTTAGTTCTGTCCCTTTAGAGAACCTTGACTAATACTGTGCTTAAGTCTTCCTTTAAATCAAGACAAGAAAATGCCAATAAAGTTAG,"[[195981830, ""T"", [""G""]]]",yes,no,T->G,1
chr6,48836389,48836605,TTACTTGCAACAATACTTAAACGCTTCCTCAAAAAATTCTAAAAGAAAAAAATTGCCTCCATTGAGGAGGTAAACAAAATAATATTTGAAACTATGTATAAATTAAAAGAGTTTGCAGGCTTTTTCACTTTCATTTTTAACTGCTCTTTCTCCTTCTACCACTGTGATGTGACTTCATCCCTTTCTGCTTGAACCCTTAGCTCTCAGACATCTATTA,"[[48836410, ""T"", [""C""]]]",yes,no,T->C,1
chr4,174648674,174649150,CATCTGGCCCTCATTCTGGGAAGGCAGGAGGGTGTTTTGATTCATGGGTATATTAACTCTTGCAGCTGCTACACTGGGTTTTACTGATGAGAAGAAAATCTAGGCTGTTCAGAAGAAAGATCATGGCCAGAGGTACATCTATAAGCTCTCTTTAGGTGGCTGTTAAGACACAAAAAGAACACAGCAAAAATTGACAGGATTTCTGTGAACTATTTCCCAGCAGATTATTGCCTGCTGGGAGGACGGAAATCTGTTCCAATTTTGGCAGCGGACTCCACTAAGGAACCCTGTTCGATCTGTTCTTTTCAGCTCAGAAGTTAAATCCCACGGTGCCAATGGGGAATGGAAACAAAAGGCACTGACATAGGTTGCTAAATTTACTCCATCAGTTAAGGCAGCTGAAAGAAACAGACTGACTCGAAGGCCAGGATTTCCATGCCCAATTCTTAATGGGGCTCTATGGCTGTGCTATGGTTA,"[[174648677, ""G"", [""C""]], [174648736, ""G"", [""C""]], [174648741, ""A"", [""G""]]]",yes,yes,G->C,3
chr18,11112312,11112721,TAAAAACAGTTATTTGAGATATTCTGATCCACCCATTTAAGTAAAGGCCTGGTCCAGTCATTCTGAGAACAACCCTTCAACGCTTTAATTAAAGAGGCCTACAACATCAGAATCTAAGTGTCATGACCAAAATATGTACTCCAACTCCATCATTTATTTACATGGAACTACTGAGAGTCAAGTCTCCAAATTTTACACTGACTGATGAGTCTTCTGTACATCAACAAAGTTAACACAGATTGGCCTTGGAGCAGCTATCGAAACCACATAAACATTGCATACTAGTCAGAGGCTCACCAGGGTTGTAAAGAAGACTTACACACTTAGTCGTAAGTCAACAATTGCCAGATTAGGCACAGAAACAAACCTATATAACTTTCTGAAAATAATGCAAGTGACACCTGGTGTTC,N,no,no,N,0
chr2,114068503,114068786,CGATCTTCTCTCTCCTTTCCAATTAGAAAAGAGTAATCAGATTTCAGGGCGGAGGCAGGCAGAGGACTTCAGGAATTGACTGCAAAGGGGCAGATGTGTACCGTGATGGGGAAGTAGTGAGAGAGAAAGGGACAGGGGAGAGGGTGCTGTCCACCCCTACAGTGCTGAAGCCCCTGATCTGCCTGTAAAAGGACAGTGATTATAACTGTTTAAACATTAAAATAATGCTAATTTAAATAACTATCTCTTAATGTTATTTGGGGGATTAAACTAGTATGTTAAGG,"[[114068561, ""A"", [""G""]]]",yes,no,A->G,1
chr1,55016248,55016516,GAGAGAGAGAACTAGAAATCAGACAGGAAAAGAAAGGGAATTCATCCATTGGAAATATCTGTGATCCCACAAAAGAAACAAATGAAAACATGGTTAACCTCAGGGGAATGCAAATTAAAACAAGAAGCTATGTTTCACCCATAACACTGGCATCATTTTGTAAAGATGATATAATAAAGATAATAATAGGTGGAGCTGGCAGAATGTGGAGGAACAGAGCTCTTTCTGACGTTGCTGATGTGAATGGGAGTGGTGGCAGCTTTTCTGTG,"[[55016296, ""C"", [""T""]], [55016418, ""G"", [""A""]]]",yes,yes,G->A,2
chr5,81495385,81495672,TATAAATATGATTCCCCAACACCAGAATATTCTCTGTTCCTGAAGATTACGCTGTACTCGCTTTTCTCTGCCAAGTAAATTAATTCCCCAAGGGCCAGTTTTGAAACACTGCTTTCTCTTTAAAGAATTTCTATAGGCTCCATTTCCCCTACTTCATCAGCACTTTATTTATACCACTTATCATAGAGGATTTAGTACACTGTGGTATAACATACTCCGATATGAAGGAACTGTACTTTAGAGGAAAGAATACAAAATACTATCAGAGCAACAACTATCTTAATGTCA,N,no,no,N,0
chr21,34244598,34244944,AAGCAAGCCCCTTCATCTCCGGGGATGAGGGGCCACTCATCTTGGTGACCTACTGCATTTGGGTGGCCTTTAATCACTGCGGGTAAGGCCCATGGCCTGTCTTTCTCTCCCTGCTGACCATGAGCTACAGGAGGGCAGATCAGGTCCCTTCACTGGGTCCTTTCTAGTGAAACTCAGCTGTGCGGGGCTGACAGTGTCAGCTTTTTGGCCCTTGTCATGACGCACTGAATCCCAAGAGAGTTGGTGAACTTAATTAGAGCCAGAGGCTCTTACTTGTCTGCATCTGCCGCCTTTAATCCCAAATGAAGATGTTTTAAAAATCCCTGGACATTTTGCTTTTACATTTC,"[[34244613, ""C"", [""T""]]]",yes,no,C->T,1
chr1,163046037,163046436,AAATACCATGTTGCTAACTACCATCAAGTTCCGGGTTAGAGCCTAAGTTGAAGAATCAGTTTTGCATGATGCTGTTAAGTGTTAGTCCTAATTTTTAGATAGAGAAACAGGCTTAGAAGAGGAAAGGAACTTGTTAAAGGTCATGTGGTAAATTCATGGCAGCTCCAACACAGTCCAAATTCTTAGACTGGAGTCCATTCCAATGTGCTTTACTGTTCCCTTAGTCACTGCACTGTGCTTTCTGACAAGCTAGAGCCCCACGAGTCATGAAACAAACTACAGGATGTTCCTGAGGGCAATGTTTTTGTTTAGATGACAGCTTTGGAAACCAAAACAGAAAACCAACACAACAAAACAACAATGACATTCTAAAGGCACTACCTAGTGACAATGTGGCTAC,"[[163046161, ""G"", [""A""]]]",yes,no,G->A,1
chr11,96620522,96620785,ACTTATCTCCCTATTCTGTTCTTGGTAGACATTTCAGTTGTTTCTAGTTTTTGGCTATTACATATAGTGCTGTTATTATTATACTTGTTTATGTCTTCTGGAAAACATTGGCTCACATTTCTGTGGTTACATACCTAAGAGTAAAATTGCTGTGTCATGGGAATTGCCATTTTCAGTGTTCAGAAGAAGATCGTACCAAACAGTTTTCTGAACTGGTTGTTCCAATTTTTGTTTGTAACAACTATGTATATGAGTTCTGGTTTC,"[[96620550, ""G"", [""A""]], [96620688, ""T"", [""C""]]]",yes,yes,G->A,2
chr11,75041932,75042172,CTGCTGAAAATTCCCTTAAGCCAGCAGGTTTCCTAACAGGGGATCTAAATCTTAATTACCATACAAAGGTCCGAACAGATGTAGGAGGAACTCCCTTGAGTACAGGATGATAGACGGTTCCTCCCCGGTAATTGAAGGGGGAAAAAAAAAGCTATCTATACCAATTCTTAGTTAATTTGGACTAAACAAGGTCTTATTAATAGCAAAGGATAATGGAAATCTCAAACTTACAAGGTTTTCA,"[[75041951, ""C"", [""G""]]]",yes,no,C->G,1
chr5,139455382,139455663,TCCCTCATGCTCAGGCTCATGGTGGTTGAATTGGGGGGAACAGTTTGAAATGTGTCTAAAATGGAGTGGAGTCAGGGGCATCAGCGAAGGGGACTAACACAGGGAAGCTAGAGCTAGCTTCCCTCCCGCTTCCCCCTAGGGAAGGACCAGAATTTATGCTGCAGAGCTAGGAGGTCAGACTGGGCAAAATAGAGCTGTCTGTATTGTGCCAGGGTTGAGGTGGGAGGAATGTTTCTGCTCAGGCAAGGCTCCAACAAGCCAGGCTGCCTGTTAAGGGGCACA,"[[139455477, ""G"", [""A""]]]",yes,no,G->A,1
chr3,88936798,88937280,ACAGGGACAGAATCTCAGGCAAAGGCAATAGAATATACTAAACCATGGAGGCAAGAAAATATGATACATGCAGAGAAGTAGTATATTCATTTTTAACTTCCCAACAAATATTTATCGATCACTTATACTCCAGATACTAGTTATGCAATAATTTATAAGGCAAACAGTGTGTCATCACAGATGGTACAGCTCAGTGTTCAGAAGATAATTGCAGCTTACAGCAATTACTGCCAGCTGTCAGTGTGAAGATTCGAGCCTGGGAAGAGATGAAGCTATGGCGGTGGAGGGACAGAAGTACAAAAACCTGATCTGCTGTACTAAGGGACTTATATTGCATTCAGTGGGCAATAATCACAAAGCAGTAATAATTGATTATAAGCAAAGTAAAAATGTAATGAAATTATGTTTTCAAAATATCACTCTGTGGCCAAGAAAATAGCAGATTGAAAGGAGATATTACTAGAGAACTAGAAATTTATTAGG,"[[88936897, ""T"", [""C""]]]",yes,no,T->C,1
chr6,161554880,161555223,GCCCTCTTTTGCCTAGATGCCCAAGGAATTTTTTCCATTTCTTTAGAATCCAGGAATTTTGTTAGAGTATATCTTGGTGCTGGTCATTTCTGGATCAATTTTCACAAGCATACTGTGTCAGGAAAGTTGTACTGAATTTAGTTTTTAGGGTTCACTTTGTTCAGTTGCTTTGATGTTTTTCTTATGTCATCTCTAGTATACATATATTGGATCTTCTTTACCTCACTTCTAATTCCAACAGCTTATCTCAAATCCCTTTTTAATTTTCTTATTTGTGTTTTTTAGAATTTCCTTCACTTTTCATTTTCTATTTCTTTTAAGACAATATCTATTATATGTATTTG,"[[161555070, ""T"", [""C""]]]",yes,no,T->C,1
chr2,118197441,118197651,TCTGCTTACATCCCACTGGACAGAACCAAGTCACGTGGTCACACTCAGCTGCACAGGACCCTGGGAAATGTAGTCTTTATTCTTGGTGCTCACGTGACCTGCTAAAAGTTTATTTATGGAAGATGGGAAAGAATAGACTTTGGGGGTCAACAAATCTTTGTCCCAACTTATGAAGCCCTTAGCACTGTGGTTGGCTACATGATAACTGGTG,N,no,no,N,0
chr17,31773326,31773540,CCAGCTCCCTAAACAGCCTCTGACAAGAGGAAAGGCAGCCAGGCACATGAGCAACTTTGAAGTCAGATGGTTCCAGAAAGCGCCAGGCATGGGCACCAGATGCTGGTGGTCCTCAGAGGAGAGCTCTGCACTAGACACAAAGGTCACATGGCCCCAGTCCTAGGAGAAGCATCCAGTCTAGACAAGCTAATGAAAACCATGGTGATGTCAACAGA,"[[31773367, ""T"", [""G""]]]",yes,no,T->G,1
chr10,79602937,79603280,ACTAAGAGAGAGGCCTCAAATATGCAGAGAAGCCCATGCACTGTCCTCAGTGCCTGTACATGGCCTCCACTCTGCACCCCTTTGAAACGGGAGAGTCCCCTGATCCCCCTCACAGGATGCATGACAGGGGTGTGGCTCACCTGTTTGGTTGCCCCACTGCTCAAACCCCTAGGGGGAGCATGCAGATGGGCAGGTTCAGAGGCTGGGGTGAGTGCTTTGGGCTCCAGCTGTTCAGTAGAGTCTAGGGATGGGTGCCTGTAATCCTGGTGTTACAAAACTCTTTCAGTTTTGCATACGCAGGTGGCTTGAGTGTTAATCAGCTCAATGGACCCTCTGCCTTATCC,"[[79602984, ""T"", [""C""]]]",yes,no,T->C,1
chr7,38778877,38779197,TGGTTCTTGAGAATGAGCTCCAAGATACAGAACAGAGAAACTACGAAATAATCCTACCCAAATCTTTCCTCCTCTACATGCCAACTCCCCAGTCCACAATAGCTTGTATGAGTAAGACAGAAAATTTCCTGTTCTCTAATTAAGAACATGATAGAAACTCCAATGTGTTCTAAAACAAAACAAAGAAAAATTGCAGGTGCACATATCTATTTCACTTCTCAATTCCAGATGTTGTAATAAACGCTTACTTGTTAAGTACTAAACCTTGCCAAATTTTGCTAATTGAGAATTAATAATTTGGACACGGACTATATGCAGTGG,N,no,no,N,0
chrX,146224459,146224771,CCTTGTAGGAGATGGGCAGCAGGAAATCTGCCTGCAATTTGGGAGCTGAGTACTGGGGAAGGTGCCCACGCTGCAGGAGCTAGGTAGATGCTGAAGCAGAAACTACCTTACTGCAAGATCCTATCAAGAGAGCACACAGGAACCAGAAAACAAAATTCCTTTCTCCAGTGATGTCTCCTCAGTGCCCTCTATTGACCAAACAACATCATGCCAGTTGAGAGGAAAAATATTTAAAGGGTCCAGACCCATTTTCACAGAGGAGGCTATAACAGTCAATTTGGAGCTGAAAGGCATTAAATCCATAGCCAGCACA,N,no,no,N,0
chrX,119816315,119816674,GCAAGAGGCTCCCACAACACCCTGTGCTACCGCGACCCTTCTGACATTGTGCATCATGATCTGATTATTGCTATTTGCCTCTTGCCAACACTGAAACATGAGTTCCACGTGCACAAGGACTTATTTGAATCCCTGACCCCAGGGCCTGGCACACAGTCAGTGATTGGTACATGTTTGCTAAATGAATGAGCAAATGGAAGAAATTGAAGAGGGTGGGGTGGGGATGGGTGATTTATCCAGAGCTGGACAGGCCAGGCAAGTAGAACAGAAGAGGGAGGTGCTGACATGAAAACAGGCTAGACAAAGAGGCAAGGATGTCAACTCATGCCTGGGGGTTCAGGAGTGTTGCTTCTCCTAAGG,N,no,no,N,0
chr5,170247344,170247766,GCACACTCCTTATTTTAACATATCATCAGTTTTAAAATGGTGACTTCTTAGATTCCTTCCAATACCCCTTTTATTAGCTCATGAAAATGAAGCTGCAAGATACTCTTTTCCATTTCGAAAACTTGTAGATTAAGCAGAGACGCCAAAAATTGTTGCTAATAAAAGTTGTGCAATAACAACCAAGGTCCCAAAGGGAAAAACTTGAAGAACAACTGATTGTCACTATTTGGCTGAATACCAGTTTTTTAATCTGGCTGAATGCCTATATTTTTTGTTAAGTGATATTTGTAAACTGGAGGAAAGAGTTTAATTACCTCAAAGCACTTATACAGCCTGTTTGGGAAGGATGAGGAGAAGGGACTTTATGGCAGAGCTGTCAGGGGGATAACAAGAGACAGAAGAGCCATATCTAATAGGAAAGTC,"[[170247347, ""T"", [""C""]]]",yes,no,T->C,1
chrX,119536890,119537213,CCGGGAGGCGGAGCTTGCAGTGAGCCGAGATCGTGCCACTGCACTCCAGTCTGGGCGACAGAGCGAGACTCCATCTCTAAAAAAAAAAAAAAAAAAAAGAGTAAAACATAATGAAAAGCATATGCTTGCTTGGTGCTAATGACGTTTTACAGTCTTATAGATGAAGCAACATGTGTAATTTCAACCAGATGTTGAAATGGTTTAGGATTAGTATCTAAAGACAAGTATTTCAGAAAATATGTAGAAAGGTAACCATACACTTGCTACAGGGGGTCCTCTATGCAACTGTCTTGACTTTGCACTTTATTTTTCAAAATGAAATTA,N,no,no,N,0
chr2,181768460,181768745,TGTGATTTTTGCACACTGATTTTGTATCCTGAGACTTTGCTGAAGTTGCTTATCAGCTTAAGGAGATTTTGGGCTGAGATGATGGGGTTTTCTAGATATACAATCGTGTCATCTGCAAACAGGGACAATTTGACTTCCTCTTTTCCTAATTGAATACCTGCCTGATTGCCCTGGCCAGAACTTCCAACACTATGTTGAATAGGAGTGGTGAGAGAGGGCATGCCTGTCTTGTGCCAGTTTTCAAAGGGAATGCTTCCAGTTTTTGCCCATTCAGTATGATATTGGC,"[[181768475, ""T"", [""C""]]]",yes,no,T->C,1
chr10,108360108,108360578,TAAAACTAGGTGACTCTATACAACCTCCTGGATCTGCAAACCCGGTATGCACTTGTGACACACAGTAATTAATAAGTATTCAGGATAAAACCAAAATATATTCAATCCTTGATCCAGTTGCCCATTTCTTATGGGAAGTGAATCACAAACCAGTCCAGGACTGAATCATGAAATGTTTAACAAAAGGTGAGGAGTACTTGAATGATTTAGGGAGACTACAGCTGAGGCCTGTGGTTATTAACATGTCGTCATTCAGAGGCCATAAAGATGAGAAAGAGAGCATAAAAGGTTGACATTGTGGAGATGCCAGAGATAAGATCAAGAATAACACTTCTCTGACAAAAGTACCTTTTAATACACAATCACAGCCACATGAAAGAGTCATGGCAAGTCACCTGTCTGCTGCCCACTTCAGTGTGGTTAGTAACAAAGAAGATTACACAATGAACGCAGCATGCTCCATTCAGATGG,"[[108360154, ""G"", [""A""]]]",yes,no,G->A,1
chr7,82376839,82377211,GGAAAACAGAAACAAAACCAACACTACTTTAGAATAAAATGCTAAACAATGAAATGGAGGGTTATTAATTCTCTGCCACTTGAAGATTGTTTTCCACCCTTCAGCATGCTGAGATAATTATATACACATGACACTGTATAATACATGCTGTTTGCCTACTTCAAAACTGTTCTCTAATGCAAGGATTATTGATGGAAGCTTCTTGTGCATCATGTTAAAGGCACAAAAAATTACCTAATTTCCACTAGAGCTAATCCATTATTCAAATTTTGTCAGGAAAATCTGGATGAATTGTGTAAAACTGCCAGGTTCCATTCCTAATAAAAATTGATTCATTTTTATTGGGGTCATACAGTCAGCTTTTAAAATCTAA,"[[82376882, ""G"", [""A""]], [82377032, ""A"", [""G""]]]",yes,yes,A->G,2
chr9,69657274,69657685,TCCAGCCCATTCAATAAATGTGTTATATATAGAAGGCAGCGGATTTTGCTTGAGATTCCTTGAACAACAAATAGTGTTTTCTGAGCCTGCCAGTTATTACTTAGGTTTCTGTTTACTATTCAGTTCCAAAGATTAACTCTGATGTGATGACATGGGAACCATGGTTCACACTGACATCAGCAGTTTATTGACCTGTGTCTAGTGTTAATATCCAAAAACACTGTGAAAGACAGAAGTCCCCCTGCTTAGCCCAATGAGATCAACATTAGCCACTGGCTGACATTATCCAACTAATGATTACAACAGACTGTAACTATTCATTCTGACTAACATAGCACTTTGCTAGATAATACTTAGATTGGCTAATTACCAACTATTAAGCCTATTTTTTATGAAGTTATAGGAATATACT,"[[69657313, ""T"", [""C""]], [69657494, ""T"", [""C""]]]",yes,yes,T->C,2
chr5,129234037,129234324,TAATCCTTTGGGATATACCCAGTAATGGGATAGCTGGGTCAAATGGTATTTCTAGTTCTAGATCCTGAGGAATCGCCACACTGTCTTCCACAATGGTTGAACTAGTTTTACAGTCCCACCAACAGTGTAAAAGTGTTCCTATTTCTCCACATCCTCTCCAGCACCTGTTGTTTCCTGACTTTTTAATGATCGCCATTCTAACTGGTGTGAGATGATATCTCATTGTGGTTTTGATTTGCATTTGTCTGATGGCCAGTGATGATGAGCATTTTTTCATGTGTCTTTTGG,N,no,no,N,0
chr10,29407306,29407633,TATAAAGAAAAGAGATTTTATATAAGAAAGGATCTTTTATGGTAAATTCTTGTCCTAAAGTAAAATAACTGGTTGTTTAAAAATAGGGATGCTTACGACAAGTCAGAAAGTCCAAACATGTTGTAGATGGTCTGTGTATGCTGTGAAAAGATTTATAAAAGAAAATTTATGCACCAAAAGTGACAGTCGCTAAGAATTACCATTATAACATGTAATTGAGACTACTTAAAAAATAGGCTTACATGCAAGGTGTGTGAGGAGAAGGAAATGTGTTTTTGGAAAGAGTTTATAAGAAGGCATGGGAATGTAAATTTTTGCCTAGTTTAGA,N,no,no,N,0
chr13,35718613,35718874,TCAAAATCGAACTCCTTTTCTTATATTGAAACACATAAGGTGTGTCTTTTTCGCCCATGTTGTAAGCTGTTTGAGGACTGAGGCTTTGCCTCTTGTTTTTGTTCTCTCAGAGCCTAGTAAATTCCATTTATGGGGGCAGGTGTGACACAGATACACCGTGAGGCTCCCAAGGGACTGTAGCCTGAAGGATGTTACGTGGTGGATTTAACCACAGAAGTGAAGTGGTGTTTGGGCTTGTGGCTGATGGGTTTAGCTCAAAATT,"[[35718659, ""C"", [""T""]], [35718672, ""C"", [""T""]]]",yes,yes,C->T,2
chr21,22936486,22936856,AACCATTCTTAGCTCAAAGGCATGAAAATACAGGCCAGATTCGACCCATGAACTGCAGCTTGCCAATTCTTGATCTAGATGATCATATTCCCTGTAGACTGTATAGTAACCGACAGAAGGAAAATTAACATAGCCCTAGGGAAAAGAGTAAAATGTCCTGTTGTTCCTTTCATTGTTTCTGATCTTTCTACTGATGAGGACTGAAAATAATACACTTGTCAGACCAATTGCTGCATATTGAGTGCCAGATGCCATGTTGATTAGTGCTAGGAAAATATCCCGTAACTGGCAAGTATGCTGAGATTTAAAGTTAACTAATTGGTTAAGTTTAGTGTATTCCATATCATTCAGCTTGATCTATCTGGTTTTGA,"[[22936508, ""C"", [""T""]]]",yes,no,C->T,1
chr4,132001598,132001918,CATTTTCCCCCATTTTATTTTCTTAGGTTTCATTAAACATTAGCAGCTTTTCATGGCTACTGTTGGTAATGCCCTGTTCCAAAAACACTGCCTGTAAGAGATATTACTAGTCGTTATGACGACATAATGTATCCTTGAAAAACAATAACAGAGTGAATGGATGTTAAGTGTTCTCACCACAAAAATGATAACTATGTGAGGTGATGCATTTGTGAATCAGCTGGATTTATTCATTCCACAATATATGTATACTTCAAACAGTATGCTGTACACAATAAATACATACAATGTTACCTGCCAATTAAAACATTTAAAAATCTT,"[[132001644, ""T"", [""C""]], [132001844, ""A"", [""G""]]]",yes,yes,T->C,2
chr12,82644925,82645418,AAAACAGAATACTACATACAACCACTTTTGTTCATTTCTCTGTCTACTAATACTTTCCAGACTCCAAAATTTAGACATCTTGAAAATCCTGCTGCAGCTTTTCCTTTCCAAGGATTTGGTCAAGATTATAGACACATGTGCTTGGAACGTCCTAATTCTGTGTGTTATAATGTGTTTTCCATTTGTGATTTCACTGAAGACTCCTAATATCTAGAACAGTCTCACAGACTCCAAGACACTTAACACCAAGTCCTGTTTGATAATAAAGACATTCTTTTTCTCTGACAGGCCAAAATAAATGTGCACACCAAGATTTTTTGTTGGTTATTCATTTATTTTGCAAAAATGGAAATTTTGCAATCTTTTCAATACATTTATTTTCATGTCCTCTATCACTCTCCAACTTATGTCCTGATTTGTTCCAAGTTCAACACTTTGGATTTCCCACTAGGTTGTGAAATCCAGTGTAAAAGACACACTCCTATTCCATTGCT,"[[82644948, ""G"", [""A""]]]",yes,no,G->A,1
chr5,53298768,53299251,GCTGCAATGAACATACTCATGCATGTGTCTTTATGATAGAAGATTTATATTTCTTTGGGTATATATATAGCCAGTAATGGGATTGCTGAGTCAAATGGTATTTCTGTTTTTAGGTCTTTGAAGAATCGCCCCACTGTCTTCCACAATGGTTAAACTGATTCACACTCCCACTAACCGTGTATAAGGGTTGCTTTTTCTCTGCAACCTCACCAGCATCTGTTATTTTTTGACTTTTTAGTAATAGTCACTCTAACTGATGCGAGATGGTAGGTATCTCATTGTGGTTTTGATTTGATTTTCTGTATATATTTAAGCATACTTATTAAAGACTTGAGGTTAACCACTGAGAATTAGGATGCCTTACTCCCAAATCATTTGGAGGAAAAAAAGGAACAAATAACTTAATCACATAAGCAGTTAAGGAAAAGAGACGGCAAGAAAGCATATAAAAGATAAACTACGAACTATGGTTCTGAGAACATAG,"[[53298837, ""C"", [""G""]]]",yes,no,C->G,1
chr1,230548353,230548672,TAACCCATGATACATGCTTCCTGTGTGTCAGGCATGGTGTCTGGATTGTCTTATGTAATACAAAAATGTGATCTGCATAGGATAAAGACACTTGGGTTAGAGAACATGTCACTTATCTGAGATCACACACAGTGGTGAAGCTGGGGTGAGAGCTTGCATCGTCTGCTTTGGAATCCCATGCTTAGCTCTATTGCCCCAGGCTCTCCAACCATACCTTCTCAGTTGCTCTTCATCTCCAAAGGTCTGTAACTGTTTCTGCCTAGCCAGCATGCACCTGCCCCAGCTTCAGAGTTTTCTGTGCTCCCTGGCTCTTGGCCAAG,"[[230548387, ""C"", [""T""]], [230548526, ""C"", [""T""]]]",yes,yes,C->T,2
chrX,86501797,86502212,TTCAGTGTGCTTGTCTCCTGTTGTGCTAATTGGTAACCCTGCCACCTGTTAATTTTGGTATTTTAAACCAGTTAGAGCGGGGTTAATGAAAAAAATCAATATATTTGGATCTTATTTCTACCTCCAAAACTCCAAAGAAAACTCACAAAAGTGCTTACAATAGCACAGTACAAAGTATCCTGGCAAAACATTTTGAATAATCCTTCTTTCCTTCTTTCCTTCCTTCCTTCCTTCCTTCCTTCCTTCCTTCCTTCCTTCTTTCTTTCCTTCCTTCCTTTGAACCAAGAACTATGTTAGACACAATCAAGGAATACTCACACGGTAAGATACAGTCCCTACTAACAGTAAACTTAAGAGTCTGGACAAGTAGCTATATCTTACTTAATTTAATGGTTTACAACAGGTAGAGTAGGACA,N,no,no,N,0
chr2,64045949,64046227,TATTCATGGTGAACTATCTTTTCTACTAAAGCCCTTAGACAACTGGCAGTAGCAATTTTCACTGTCTAGAAGGTGGCTTCTCCAACTCAATGTGCATAAGAAGCACCTGGAGCTCTTGTTGAAATGCAGATTAAGATTCAGTTGCTCTGGGCTGAAGCCCAAGACTGTGCATTTGTATTAGGCTGGTGCAAAAGTAATTGCGGTTTTGATGGCAAAAACCACAATAACTTTTGCACCAACCTAATAACAAGCTTCCAGGTGGTGCTGGCGCAGCTGGTC,"[[64046123, ""C"", [""G""]]]",yes,no,C->G,1
chr3,115761901,115762282,CAACCTGTGTCTTCTCTCTTCATTACATAAGAATCTACCCAGGTCCAAAAGAATCATGAGAAGTTGTCTTCATGGAGAGGTTTGATGAAAGGTCAGCAAACAAGAAAACAGTATTATTTGACCTCACACTTCTCAAAATAGCACCTTCTCATACCTTTCTGGGGGCCTTGCTCTGCCTTCAGAACACTCACCCAGCTCCTTTCCCTCCTATCATCCAGCTGTTCCCTGTCAATCAGGGCCTCTCAGCAATTTTAATCCTGGTTTACTAAAATGAAAACAGAAAGCTATCCTTTACTGAGTGCTTACTATGAGTACTACACTGAGTACTATGTGCCAGGTACTATACCAATCTTATCAAATAAATATAACCATCTCTGAGGGA,"[[115761926, ""T"", [""C""]]]",yes,no,T->C,1
chr4,73674162,73674366,AATATATATATATATATATACACACACGTACGTATATATATATATACGTGTATATATATATACACGTATATATATATATACACATATATATACGTATATATATACATATATACGTGTATATATACATATATATATACACGTATATATATATACGTATATATATACACGTATATATATATATACACGTATATATATATATATATTT,"[[73674180, ""C"", [""T""]], [73674192, ""T"", [""C""]], [73674193, ""A"", [""G""]], [73674315, ""A"", [""G""]], [73674365, ""A"", [""T""]]]",yes,yes,A->G,5
chr18,53695849,53696205,TCCCTGCAGTGAGCACCAGCTGCTGATACAAAATGTTTGTGAAACCAATTAGAAAAGGTGTCCCTGGTGGTTCATGCCTTTTTGTTTGCATAGTAATGGACCATTTAAAAAAATTCACTCTTTGAAAACAGCAAGGATGCAGGCTTTTCCTATCACAGCAAGTTTACACTTATGCATGCCTGCTGCATTAGCACATCCCAGCACAGTTATTCTGTCCTTGGCATCCTTAATTCCCACAGGGGCTGTCTCATCAGCTGTAGTCAGTGTCTTTCTGGGGCAATATGCCAACACAGTGATACTTCACCAGCATTATAGACTTGTTCAGGTGTCAGATTTTCATCAGCAATGACCTTTGCA,N,no,no,N,0
chr7,84502231,84502572,TTATTTGGAAATAGGGTTTTTGCAGATACAATTTAGTTAAGGACTATGAAAAGAGATTATTCTCTATTTAGGATTTCCTCTAGATTTAATGACTGGTATTCTTACAGGAGAAAAAGCTGCAGAGACACACAGAGGAATGTGCCATGTGATGATGAAGGCAAAGATTGCTCTATGTGCCAAGGAACAGGCAGTATTCCTGGCAACAACCAGAAATGAAGAATTATGGAACAGATTCTCGCTCAGAGCCTCCAGAAGTAACCAACTCTGCCAACTCCTTAATTTTGGACTTCTGGTCTCCAGAATTGTGAGAGAATAAATTTTTGTTGTTTTTAATGATGAAGT,"[[84502276, ""G"", [""A""]], [84502563, ""G"", [""A""]]]",yes,yes,G->A,2
chr12,31947984,31948311,ACATATCGCTAAATTCTTTTCCTAACAAGGAATATTAATATTAATACCCTGGGAAAAGAATGCATCCCTGGGGGGAGGTCTATGAACGGCCACTCTGGGAATGTCTGTCTTGTGCAGTTGAGATAAGGACTGAGATAAGCCCTCCTCTCCTGCAGAATCCTTAGGCTTACTAGGGTTGGGAAAACTCAGCGCTAGTAAATTTGTGGTCAGACTGGTTCTTTGCTCTCAAACCCTATTTTCTGTTGTTTAAGATGTTTCATCACTCTCAGCTTTCACCTCAGAGGAGGCCAAGGTGCAACTTTCTTTAGTCATCCCAAATCCAGGTTCA,N,no,no,N,0
chr17,36238643,36239003,CAGAGGTTGCAGTGAGCTGAGGCAGCCTGGTGTCCAAGCTGTGGTGAGCCATGACCATACCACTGCACTCAAGTCTGGGCAACAGAGGAAGTCCCTGTCTCAAAAAAAAAAAAAAAAAAAAAAAAGGGCCAGGTGCAGTGGCTCACACCTGTAATCCCAGCATTTTAGGAGGCTGAGGCGGGCAGATCATGAGGTCAGGAGTTGAAGACCAGCCTGGCCAACATAGTGAAACCCCATCCCTACTAAAAATACAAAAATCAGCCGAGTGTGGTGGCATGTACCTGTAATCCCAGCTACTCAGGAGGTTGAGGCAGAAGAATTGCTTGAACCTGGGAGGCGGAGGTTGCAGTGAGCCAAGACC,N,no,no,N,0
chr18,9001220,9001584,CTGTCCTATGGAGATATTTCTTTACCCCTGTTATGAACTGATTTGTGTCCCCTCAAACTTCATATGTTGAAGCCTTAACCCCCAAGATGACTGTATTTAGAGGCAGGGCTTTTATGAAGGAAATTCAGGTTAAATGAGATCATAATGACTGGTGTCCTTATAAGGGAAGAAATACCAGGGATGTACACACACAGAAGAAAAGCCATGTAAACACGTAGCAAAAAGGCAGCCCTCTGCAAGCCAAGGACAGAGGCCTCAGGAGAAAGCAACCAAGCACCTTGATCTTGGGCTTCCAATCCTCCATAACTGTGAGAAAATAAACGTCTTTTATTAATTATAATTACACCTGTAATCCCAGCACTTTG,"[[9001229, ""A"", [""G""]], [9001406, ""G"", [""A""]]]",yes,yes,A->G,2
chr8,137105496,137105762,AACCCTCGAATTTGTTAGAATGTTTGGGGAACTGGGACTCCTCTGGGGAATTGGATTTTCTGTCTATGAACTCTCTTATTTCAGTTCTCATCAGAATGATTGCAAATACCTAAGTCCCTAGTCTTCCTTCATCAACCTAACATGATTGCATCTTTGCTTGATGAGTCTGAGTTCTTTGAGTTCTTGGGCTCATTAGTGTTCACTCTGTGGAATTTGATGTTGATATAAATGTTTTAGGAGGTAGAGTTTGTTTACTTCTGAGTTTAG,N,no,no,N,0
chr5,10069978,10070308,AGGCTACCAGATAATCGACATGATTATTTGGAGAGGTTATGTGATGTGCACAGACTAGAAAGCTAGAAAATCCAATTCTGTCACTCATCTGCCCCTAATGAATTGTGAGGTCTGGGGTATTGTGGTTCTTCTCTGGCCTGTGCTTTGACCACAGTTTCTCTCGATTCTTAGTAGTAAACCACATGATGATCAGCTAAAACAGCTTAAAGCATCAGCAACGTCAGCATGTTCTGAACAGTATTATTAATGCTTTGCCCTGTCCTCCTAAAATATTCCTCTGATCCTTATATTTTCTAGTACAAATGACAGGAGGCATCTCTATCTTATTTAT,"[[10070022, ""C"", [""T""]]]",yes,no,C->T,1
chr2,43677283,43677545,GAAGGTCAGCAGATAAACAAGTGAACAAAGGTCTCTGGTTTTCCTAGGCAGAGGACCCTTCGGCCCTCTGCAGTGTTTGTGTCCCTAGGTACTTGAGATTACGGAGTGGTGATGACTCTTAACGAGCATGCTGCCTTCAAGCATCTGTTTAACAAAGCATATCTTGCAACGCCCTTAATCCATTTAACCCTGAGTGGACACAGCACATGTTTCAGAGAGCACAGGGTTGGGGGTAAGGTCACAGATCAACAGGATCCCAAGGC,N,no,no,N,0
chr12,108400918,108401264,AGCTTAATCATGCTGTCTCTCTCTAAACATATTTAAAGAGCTTTATTTATGTATTCATATACTGTATTTAGAAATACATAACCACATGCATGTATATATAACTATATGCATAGGTAGAATATTCACTTCCTGTTGCTGCTGTAAACACATTACCGCAAATTTAGTGGCTTAAAACAACGTAAATGTATTGCTGACACCTGCATGTCAGCACAGTAAAACTGATTTTGGACTTCTGGCTTCCAAAACTGCAAGAGAATAAATGTGTGGGGGTTTTTTTGCTTTTGTTTTTGTTTTCATTTTTCTTTTGTAGAGACAAGGTCTTGCTGTGTTGACCAGGCTGGTTTCAA,"[[108400928, ""C"", [""T""]], [108401043, ""T"", [""C""]]]",yes,yes,C->T,2
chr17,28262074,28262510,TGAAGAAAGAACAGGATAACAGCGATGTTCAGGGAACAAGGGAGATAACCATTAGATCTGACTGCCTGGGAGCCAGGCGGAACAGAGTCATATTTCTCTTCTTACAAAAGCAAATAAGAGAAATATTGCTGAATTCTTTTTCTCAGCAAGGAACAGCCCTGAGAAAAGAGAATGCATTCCTAGGGGGAGGTCTCTAAAATGGCCGCTCTGGGAATGTCTGTCTTATACAGTTGTGATAAGGGATGAAATATGCCCCGGTCTCCCCTAGCACCCCCAGGCCTATTAGGATAAGGAAATTCCTGCCTACTAAATTTTAGTCAGACTAGTTGTCTGCTCTCAAACGCTGTCTCCTGATAAGATGTTATCAATGACAATGTGTGCCCAGTGGGACATGAAACTTCATTAGCAATTTTAATTTCACCCTGGTCCTGTGATCT,N,no,no,N,0
chr6,24078220,24078621,TAGATGATAATCCATTCACCAAAAGTCAGTGAATTGTCACTGTAAGTGGTATAAATGGCAAGTCTGCAATCTACTAGGATAGGTGTCATGCAGTCTCCACACTTAACCAAAATATAGATGCTCTGTGCTAGTCAGGGGCATGGCTGACTCACTGCGTGGAGGATGCAGATGACTCACTTGTGAAATCCAAAATATCACCAATGCAAATGACTCTGTCTAGTGATGTTTTTCCAATCTGCCAACTCAGTTATAACACTGGGAGTATTGCCGATTTCCTGTGTGGCTCTGTTTTCCTGCCTGAAAACAATAAAAATATCCAAGTCATTTCTAGGCAGACTGACCTGGGTCTTTTTTAATGTTACTCCAAGACCATAAACGGAAAGAACTTTAAGAAAAGGGGTG,"[[24078283, ""T"", [""C""]], [24078392, ""G"", [""C""]]]",yes,yes,G->C,2
chr9,98589265,98589469,TGAAGGCTCACCCTGACCATCTCTCTTCATATCCTTTCAAAGGAATTTCCCCAGGGCCCCTCTAACTCTGAGCATCTGCTTCCCAGAACACCAACCAACACACCCCTTCAAGCTGCACTTGACAATGACATAAGCAAGAAATAACTTTCATGCATGAAACTTCTGGGCTATAGAGGTGTAGTCACTACAGAGAGGCCGCATCATC,"[[98589280, ""C"", [""A""]]]",yes,no,C->A,1
chr5,3129161,3129596,CGACAGAGCAAGACTCCGTCTCAAAAAAAAAAAAAAAAAAAAAAAAAAAGGGACACCTGCCAACCTTCCTTTGGACACCCAGTGGGTGCCAAGAAGATGGAGGGAACACCCATATGCATCTTCCTTTTCTAAGATATTCCCATTGGGCTTTCTTATTCTTACATGAGCAGCTGCACTGTGTTGAGTAAGTTATTCTGGAGGAGTAAAGAAGTGAAAACCTGACATGGCAGAAAATGCGTTGGTGGAGACGGAGAGGCAGAAGAGAAGTTTCTGTGGTGCCTTGAAGAATGGTCTTGGTGACATGCTCAAGAATGCAGGTGCCAGTCACATGACTCAGTGTTTCAAACAGTTCTATGCATAACTATTCTTGTGCTGCCTTTATCTTTTTCGCAAATACTTATTTAGACCGATGTCTCATAAATTAAGGAATAAGAGC,"[[3129433, ""A"", [""G""]]]",yes,no,A->G,1
chr3,148238550,148238907,TACTTGAACACCTATGTGCATATAAAGAGGGTAGCCTCACGCATGCTGTGATAACCACTGAAGCATATCACTCTTAGTCACAGAGGAAAAGATATTATCATGTGATATACTCATCTGGTTAGTAGTACATGTCAATTACATTGGTGTTTTGCCTGAAAGTCAGGATGAAATTTTATGCTTGCTGTGGAGTGGCAGACATATTTTCCCTTGGGTTACCACAGGAAAAGTGCCAAGAAGTGCATTTTGATTAGTATGCTGTGTTCATTCATGGGCTTGCTTTGCAAGGCTTTTTTTCTTTTAAGTAAACTGGTATGTGGAAAATTTTGCAAAAACCAAGACTTTTTAGAAAGTTCATTTG,N,no,no,N,0
chr11,29488230,29488473,GAAATTTAATCCAATAGATATACCATAGGGCTCATGGCTACATTGTTTGTAATACCAAAATACAAGCTTGTACTCTCTTTCTCTCTTTCACACACACACACACGCACACACACACACACACACACACACCCCCCAAACTGATGGTCCATTAATGGGATCAATAATAAAAGACTATTACTAAAGACAGTGCAAGATCCAGGCTCCCTGGCTTTGAAGGTCAGCTACCTGTGTGATATAACCTTAA,"[[29488337, ""G"", [""A""]], [29488359, ""A"", [""C""]]]",yes,yes,G->A,2
chr7,123271246,123271630,TGTGAAATATCGTACCATGGAGTGGCCCAAATCCCTCATCACTGCTCAAATGGCAGGAATGAGATTCTATACCTAAGGGGGAAATTACTGTGGAGGACAGCAAGTACATTATGTTCTGTTGCCACTCTGAAGAAGGCTTAAGATATCAGGAGGGGTGACAGAGGAATGAAAGAATGTAACGTTCACATATCAGAGACAACAAGGGTAAGAAGTGAGGTCTGGATATCAGTGAAGGGCCAAAGTGACTCATCATGAGGCATTTTGCTTGAAGTCCCAAAGGAAGAACACAGTATTCTCATTACTAGGGTGTAGCACACATGGTGCTTAATTTTGTCTTTTGGGGGTATGAATAAAACCTCGATTTATTATAAAAAGAGCAAAAAGA,"[[123271564, ""C"", [""T""]], [123271605, ""T"", [""G""]]]",yes,yes,T->G,2
chr3,55871379,55871636,TGAGTGGCTTATGTTCAGACCTCACCAGGGATTCAGGTGTTTAATTTCCCTACAAAGAAGGCTTAATCTCAGTTTCATTCTCTGCAGAAAAGCTACCATTAATCAGCATCCAAGAACCCTTAGGTGTAGATAATGTGACCAATGATCAGTTCAAGTTCACACTCTGAAAGTTGTTTCTTCAAAATCCAGAAGAGGCACCATTCGGCCAAGAAGTTGAAAAGAGACAGGAATTTATATGCAGAAATGTCAATAATCATA,"[[55871407, ""A"", [""G""]], [55871566, ""G"", [""A""]]]",yes,yes,G->A,2
chr8,132401808,132402197,TACACCAAATGCTGCAGTGATTCTACCAGCACTGCCCTGACGTGGGGAGGGACAGGGGCTAACTAGATTTGGCCAGTAGAACCTGAGGAAGGGGCTGGGAGAACCTAGAGTCTGGAACTATTGGGACACTGAACACTTCTGAGTGAGAGGGCTGGTGCAGTTGGGCAGTTGCTAGAGCCAAAGCAAATCCCTGGGGAAGGAGGCTGTGCCTGGGTTTTCTCCTTGCAGACCTGGGGGCAAGGGTGTGCATGTGCCTGTGGTGTCATAATTAGTCTGGGGCCACAGGCTTTGGAATGTTAATTCTGGAGATATCATGCTACCTAGAGCTGTCTCTTGCCCAGAGAGCGTGTCCGTGTGTGGGCACTGTGAGGGGCCACAGCACTTCCATCT,"[[132401969, ""C"", [""T""]]]",yes,no,C->T,1
chr10,44807496,44807778,GCTAGGTACCTAGATGAGAGCACCTTTTACTATCACACATGCTCCCAGGTTGTGTGTTAATAATGGATACAAGCTTTGACATTATACCAGCCCTATCCTGCATGAGTAAGATGTGTCACCAAATGTAGAAATATGGCAGGCTTCTTGGCAGACATTTCTGGATGAACTATTTCCAGCAAAAGCAGTAACTTATCAAGCAGTTCCAAGTGAAGTACCCAACTAGGAACCTAAATTTGCAATGACTGATAGACTCCCAGCTTTAAGAAATAAAACAATCACCAAT,"[[44807512, ""G"", [""A""]]]",yes,no,G->A,1
chr8,71105714,71106141,TTTAAATCTTTAGTATGAATGTCTCTGAATTCTGATTTCAAACTCTGGCTCTTTCACTTCCTAGCTGAGTGAGCCTCCCAACTGTCTTTGAGTTTCTTGAGTCCTTGTGTGAATATTGGGGTAATGTCCTGCCTCATAAGGTTGCTATTAAAAGTAAATGAAAAAGTATATGTAAACTAACTAGAGCACCAGTGTCTGGAATAGAACTCTCTTTGATGGTGTAAATTTTCTATCTGCACTGTCCAATATGGTAGAAGCTAGCCACATATGCTTAATAAGCACTTTAAATACTGCTAGTGCAACTGAGAAAACTGTTTAACTTAGTTTCATTTAAATTTGAAGTACTAGTTTTTCAGCAACATGCTCATCAGTCTCTCTTTTGTAGTTGCTTTGTATCTCATTTTTACTTATGGATATAAAGTTCTAAG,"[[71105807, ""C"", [""T""]], [71105910, ""C"", [""T""]], [71105940, ""G"", [""T""]]]",yes,yes,C->T,3
chr6,38957408,38957890,AATGGACAAATCACCCAGATAGAAAATCAATAAAGAAACATTAGAGTTAAACCATACTCTAAATCAATTGGACCTAACAGACATTTACAGAACATTCCATCCAATAGTTGTAAAATATACATGTTTTTAAACAGCACATGGAACATTCTTGAGGATAGATCATATATGAAGCCACAAAACAAGTCTTAACAAATTAAAAAAAACTGGAAACCTACCAAGTATCTTTCTTGACCACAATGGAATGAAACTAGAAATCAGTAACAGTAGGAACTTTGGAAACTGTACAAATACAAGGAAAGTAAACAATATGTTCCTGAATAACCAATGAGTCAAAGAAGAAATTTAAAAGGAGATTTAACAATTTCTTGAGGCAAGTGAAAATGGAAATACAACACACCATAATCTATGGAATACAACAAAAGCACCTCTAAGAAGTTTAGAGCAATAAATGCCTACACAAAAAAAAAAAAAAAAAAAAAACAA,"[[38957475, ""A"", [""T""]], [38957866, ""C"", [""A""]]]",yes,yes,A->T,2
chr17,57126688,57126999,CCAGACACCCAGATTTTCTCTCTGGAGGTCACTATATCTAGTTTCTTGTGTTTCTTACCAGAGGTTCAATCCCTGCACACCCAGCACACATAGATGATAGCATAACATAAACAGGGTCACACACTAGGCCGGGGTTTGTCAATAAAGTTTTATTGGAACAGGCATGACCATTTGTTTACGTATTGCCTGTGGCTGTGTTTGTGCTACAGCCACAGAGGTGAGTACCTACAATAGACTGGATGCCCTGCAAAGCCAAAAATATCTAGTTTTTCACAGAAAGTTTGCTGGCCCCTGCTGGAAACACTCGTGTGC,"[[57126716, ""A"", [""T""]]]",yes,no,A->T,1
chr15,89513252,89513668,GGCACAGGCTGCCTTCTACCTCTAAGGACAGAGCAAAGGCCCTGAGTGGGGTCTCTGATTGTCCTGCCTCTGGACCTAACAGCCAGTTAAAGACCAGTGATATGCCCCATGGTGGCTCCCAGTCACCTCCTCTCTGGACTGAATTGATTTCGGCATGAGGGAAGACACCAGAACACGCCCTGGGCATGTGCAGGTGAAGCTGCATGCATGGGATGAATCAGAAGTTAAAGGTGCAGGGAGAGGGCAAGAGTCACATGGGTGTGCATGTCACAACTTATTTCTCCAACTCCCTACAGGAACTTAAAGTGGGTAGAGCATTGGACCTACAGAGCACTGAGGATGCACTCAAAGGGCTTTGACAGATGAACATAGAGTGGAGTAGGAGGATAGGGCTTGCCCATGTGGCCTCTCCATTGA,"[[89513298, ""A"", [""T""]], [89513328, ""C"", [""T""]]]",yes,yes,C->T,2
chr13,109810661,109811132,CTTAAAGGCCCATAGCCCAATTTATTAACTCCCTCGAGTCCTCCCTGTCTGAGCAGGACTGGCATCACTACCCTCCGAAGCTGTCAAAGAGCACTCCTCTGCTGGACACAGTATGGCAGGTGCCTGCTGCCAGCATTCCTTCCCAGCCTTGCTCCGGCTGCGGGTCCTGCTGTCCGCGTCCACCGACATCCATTCTCCTGTTCTTTCTTTCTCAGGGTGTCAGGAAAGCCCACAAGCCCCTGGCTAAGCCGGCTGAGGCTCTCGCCTGCTGCCTTTGGAGCTTAGACATGCCTGAGTCACTGAGTTCCAGCTGAGGGGGTGCGAATAGCTGCCCTCTCATGTCACCGTCCTGTGTGGAATGGGCATGAGAACACACCTCTGGCTGAGTCCACTTGTGTCCGTGGGACCCAGAGCCACCACTTTAGACCTAGAGGTGAAAGATTTGTGCTGGGGATGGTGCTACCAAGTCCAC,"[[109810762, ""T"", [""C""]]]",yes,no,T->C,1
chr12,117705577,117705817,GACATCAAACAGCTGAATGTGCCTTGCACTGCCTGGTGACAGGTTCCATCTGCTTCATTACTGTCAGTCCCCAGAAACCAGGCTTGTAGCTAAGTGCTCTGGGCCCTAATTGGTTCCTGATAGATTGGGCCATAACGAAGCACTTAGAACCTGCCAGACAAGTTGAGGATGAAGAGGGGGTGCCCCTGCATAGACTGGGAATGCTCCCCTCTTTGGGAATTCTTGCTGGGAAATCTGGGCA,"[[117705583, ""G"", [""A""]], [117705735, ""G"", [""C""]]]",yes,yes,G->A,2
chr2,193482645,193482955,TAAAGAAAGAACAAAATGCTTCTTTGGAGAGGATACTGAACTACAGAATCTACCAGTTTCTGTCAATTTCCCCTCTTCTTGATCTATGACAATGGGGAAATGTAAATGATGTACCTAGAAGGGAAAACTGGGGTGAAAACTGAAAGCAAAACTATATGTAGTCAAGAGTGGAAGATTAAACGTTAAAACCTTTTTGACCCGTATGTGTAAAATCCATACAAATTTAAAAGCATTACGTACTTTATTACTCATGGTAAATATCTTTTATTGATCAGATGAAATGTAAAGTTAAATGTATGCCAGAGAAAACT,"[[193482650, ""T"", [""A""]]]",yes,no,T->A,1
chr20,56756622,56757006,TAAACGTGGTATTTCTTTCAAAGCCGGTTGCAAACCCTTTTAGGATAATTTAAGACAAGTGTCAGGACATGATGGAGTAGAATAACAAATGTCTTCACAGATTTTTAAACACAGTATTTCAAAAAAATCTTGAGCTTCTTCCAGCCAAGTCATCCAGACTCTTAGATAATGTGTTTGCTATTTTCTCTGCAGTTAGAAATATTTTGGTGGACATGGTTATGAAGCACTCACATCGCATTCCTTTTTTTTTTTTTTTTTTAGACGGAGTCTTGCTCTGTCACCCAGGCTGGAGTGCGGTGGCGCAACCTTGGCTCACTGTAACCTCCGCCTCTGGAATTCAAGCAATTCTCCTGCCTCAGCCTCCTGAGTAGCTGGGATTACAGGC,"[[56756641, ""G"", [""A""]], [56756917, ""A"", [""G""]], [56756940, ""C"", [""T""]]]",yes,yes,G->A,3
chr5,128154931,128155326,TTAAGAACTTTCACCTTTTCACTTAAAGGAAGCATTTCACAGTTTTTTTTTTTGGCATATTCAAATTGCCAGCATCACTACTCTTGTGCTTTGAGGGCATCATGAAGTAAAATAAGAGTTGCTTGAACACAGGCACTGCGATATGCAACAGTTGATCTGATAACCAGGACAGATGTTGGGCAGGCAGTGTCTGTAGCACAGAGACGCTGGATAAAGGGAGAATTTATGTCCCAGGCCAGATGAAGCCGGATGTTGAGAAATTTCACCACACTACTCAGAATGATGCATAATTTAAAACATGAATTGTGTATTTATGGAATGTTCTATATTCTGAAACAATGGAAAACAAAGCCACAGATAAGGGGGGCTAGTGTACTTTTTGATTTTTAATTTTGG,"[[128154968, ""T"", [""C""]]]",yes,no,T->C,1
chrX,124726933,124727313,AGTATAGTAATACACATTGGTCATATAAGTTTCATTTCTGTTTCCATTCCTTGCCAAAATCTCCTTTGCCAATGGCCCTGGCTCTTCTTTTGTAAAAATAACCCTGTAGACTCCATTTAATTGTCACATTGGCCTAAAGCCATCAAGGGCAGTTAGCCTCATACCAAGCTGCAGCCATCTGTCAGAATATGCTAAAAATCAATGAAGATGGTTACTTGCACTCTCCTGCCCCGGCATGATTCCTCCACACAATTCTGATTTGTCTTTGTGAACTGAAGTGGTCATGTTAATCCCAACACCAGGTTTTCTCTAGTGTTGATAATCACAGCAAAACCTTTGAGTAAGATTCATTTTGGTAAATAGATCATGATTACTATCCAT,N,no,no,N,0
chr1,106957726,106958184,CATCTTGAGGGCCGTTAGTTCACAGTGCAAGACTGGGCACAGATCCAACTGCAATATCCACTTGTCTGTGTCTCTGTTTCTTCATCTGAAAAACGGGTATTATAATAATGTCTACTTCCCAGAATTGTTGTGATAATTAAATGAGGCAATGCAACTAGATTACCCGGTATGCATGCATCAAACAAGGTGAATGATTAAGAGGGTGATATACAAAATCATCCCTCCTGCTGAGTTGAACAAAAGTGTCCTCGATACTAGCATGTAATTCCTCTAGGGGTGCTGTGGGACTAAGATTACGGTAACTACTTTAAAGCATAATTTTGTATGGATTTTGCTTCCTTTTAATTAAAATTCCTCCTGACATGCTGGATCAGGAGTTTTTAAAAGTGAGTACCAAAAGGCTTTCCAATAAGATCTTTGTCTTAGTATGTTTGGTGATAGCTAAAGGCAAGAAAACAA,"[[106957819, ""T"", [""C""]]]",yes,no,T->C,1
chr4,85864850,85865173,ATAGAGGATCTCTGGCTGAGGCTTTTCACTAAAATGTCTTAAAAATAAATAAATTATAATACCATCTTGAGAATGTGAATGCATTTGAAATAAATAAACTGTCATTGTGAGAAAATAAGTTCCATATGTCTCATCCATCTCCCTTCTTCATGTGGTGTCATGGCCTTGTAAGCAAAAGGACCTAATTATCATCCAACAGTCGTTAGGAGGCCCTTGCAGATTTCCTGTGACTTAGATGTAGAAATGACTTGATGGAGTTTGCTGGTTCCTCTTGGAGAACATTTTCTTCTGTTGTCTTTTTTGTTGGATGTGTTTCAGAAAAAT,"[[85864984, ""T"", [""C""]]]",yes,no,T->C,1
chr7,69042120,69042515,AAGGAAAATGTGTGAGCAGAGGGCTATGGAAGAGAGGTGGCCTGATAAGAACCCACACAGGGCACTGGGGAAAAGGAACAGGGAAGAAATCGCTCAACCTCTCCTCCTGCCCTCCCAACTCCCTCCTGGTCTTCCCATTGGCCAAACCCAAGCAGAAAACAGAGACAAAGGAACCAGGCAAGCTCACTGATAGGAACAAGCCTCCAGTAGTGCACTGCTCACTGCCTTCCATTTGCCAAATCTAGCAGAAAGCTAGCTTGCAAGGGAGCCTGGGAAATGTAGTTTTCAAGGTCCAGTGCCTTGTTACCCAGACCAGAGCTGGGGAAGGGTGGGAAGTAAACTTGAAAGCAAATAGGCAAATGATCTTCACATTGCCCACTCTAGCTTATCCTTCAG,"[[69042164, ""G"", [""A""]]]",yes,no,G->A,1
chr17,41113344,41113582,TTATCTTTTTGACTTTTTGCTTAAAATGTTGCTGCTCCTTGTTTTCCTTTTTTTAGTCAAGGAAACTTTTATTTGAGCTGTTGTCAGCTTTTAACAAGTTAGTATACTCCTGTGAAAAATATTTGGAGCATATTTGTTTCTCTCTACCTGATTTTCCCCAGAATTGGAAACTATCTGTGAGTATTCTTAACTTATGGCAATACAGTTATTTGCATAAGTGCAATAATAATCTGTTTTCA,"[[41113345, ""A"", [""T""]]]",yes,no,A->T,1
chr5,28012647,28012856,TGTTAGGAAAGATCAGCAAATGTTCTAATTCAGTAAGTGTCGCTCTACCATGTCCCTGGTGAGCACATGGCATTTCTAACCCAACAGCACGACCTAGTGGAAAGAGAAATCCTCTTCATGTGGTGCATTGTGGGTCCTTTACCCTAACACTGCAGCTTCCCAATTCCCCTCTTTTTGCACTGCTAGAAAAGCCCCATCTATGAACATGAA,"[[28012684, ""C"", [""T""]]]",yes,no,C->T,1
chr10,29227430,29227634,GAACTCACCCACAAGGGAGGGCATTAACCCACTCATGATGGATCCATTTCCATGACCCAAACAGCTATTAGCAACGCCTCCCCCTCCCCGCCCACCAACACTGGAGATCAGATTTCAACATGAGGCTTGGAGGGGACAAACATCCAAACCATAGCTGAGATAGAAGGCAGCATATAGATTACTAAAGAAATCACAGCGAACTGCA,"[[29227457, ""T"", [""C""]], [29227461, ""T"", [""C""]]]",yes,yes,T->C,2
chrX,87818138,87818540,TGATTTTATCATTAACATTTGTAATTTTATCTTGTCTTTGTTCAGGCTGTTGGAACAAATCACTATAGACTGGGTGACTTATAAACAACCAAAATTTATTTCTTGCAGTTCTGAATGCTGAGAAGTCCTAGATGAAGGTGCTAACAGAATCAGTGTCTGGTGAGGGCCCACTTCCTGGTTGAGAGACAGCTGTCATTTTGTTGTGTCCTCACATGGCAGAAGGGACTAATGAGCTCTCTGGAGCCTCTACTATCAGAACACTAATTCTATTCATGAGAGATCCACCCTCAGGACCTAAACACCTCCCAAAGGCCCCATCTCATAATACTATCACATACGGTATTAGGATTTCAACATATGAATTTTGCGGAAACACAAACTTTCAGTTTATAGCATTTATTTT,N,no,no,N,0
chrX,138741124,138741389,TCAAACAAAAATAGAAAAGCTTAATATGGAGGCAGTCTCTCTTGGCCAATGTGGGAGCTCTTAAAAAGGCATTTCTCAAGGGACAAAATTAAGTCATCTTAATATGAGTGGTCTTATCAGGTCTAATCAAGAGACTCAGTCTTTCAGCTGTGCCATAGCTTCTTATAATGGCCCTGCAGGGGGCTGCACTGGTCAGTGTAGTGGGGAAGGGGGTCCCCAGGGATGGGAGCAGCTCAATCTGTTGATGTCTAGACAGCACAGAAATA,N,no,no,N,0
chr2,231830806,231831026,CCAGAGCGAGAAACCCTGCTCTAGAAACCCTACAGTGTACAGGCCAGCCGCCACATCAGAGAATAATCTGCTCCAAATAGAAATAGTGCCCAGAGTGAGAAACCCTGCTCTAGAAACCCTACAGTGTACAGGCCAGCCGCCACATCAGAGAATAATCTGCTCCAAATAGAAATAGTGCCCAGAGTGAGAAACCCTGCTCTAGAAACCCTACAGTATACAGG,"[[231830938, ""T"", [""C""]]]",yes,no,T->C,1
chr8,95842924,95843360,CACTACTTTCAAGCTTTACATATGATGCTGGTTTTGATGTGATAAATTCATGCTTTCTTGAGCTGCTAATATATATATATTTTTAAATTTAACATGGGAGGCAAGGAAGAGAAAGCATTTACTACAGTGATTCTGTGGAAGTGTTTGGGTAAGGCCACCGTTGTAGGGCCATAAACTAGCTACCCAGTACCATTTGAAACACCGCCAATTCACTTATCGCTAACATGTTTCCTAAGAACAGAGCCTCTCCTCTCCTTCCCTTGTTAGCTTGCCAAAAGCTTTATATTGCCACAGCCAGTGACAAAATGGGATGGGATAGAAGTGTGCATTAATTGTATTCTGAAGCTTGCCATAAATTCGCTGCAGTGAATCTGGATGGGAAGATTAAACAGCATTTAAGGACATTTTCCAAAAAATTACTTGAGGATAAAATAATA,"[[95842976, ""T"", [""C""]], [95843110, ""C"", [""G""]], [95843188, ""C"", [""T""]], [95843274, ""T"", [""C""]]]",yes,yes,C->T,4
chr13,111407901,111408173,GGTTGGCTTAAACAGCTGACATTTATTTCTCACTGTGGCGGAGGCTGGAAGTCCAAGGTCAGGGTGCCAGCTGTTTCGTTCCTGGCGAGGGCCTCCTCCTGGCTCACAGATGTCCTCACCATGTCCTCACGTGGTGGAGAGAGGGAGAAAGAGCCCTCTCTCTTTTCCTTGTCTTACAGGGCCACAGACCTATTGATCAGGACCCCACCCTCATGACCTTATCTAACCCCAGTTACCTCCCAAGACCCCATCTCCGAATCCGGTCACGCTGGG,"[[111407903, ""G"", [""T""]]]",yes,no,G->T,1
chr6,82178047,82178416,TCCTTTTTAAAAAAGCATACTTATTATGTTTTCTATGATGGAAAAAAACCCTGAAACTCAAAGCTATCTGTCTTCTTTCTCAGAATCACTAGCAGTGATAGCCAAAGCTATTTAAAACATTAACTCCCATACCAAAAATACTGAAGCTATGGATATATCATACTGTCATAAACTCCATTGAGTCAAACTTCCAAAGCAGTATAACAGGGCACACTTATAATTAAGAGCCCTGATGTTATAGCACACTCTAGTGATCAACTATGAAACCACAGATCCATATTTTAAGTTCCATGACAAATCGTTATATATCTAAAGACTTTTTTTTAAGTTTCAATGAATATTAATATTTAAAATATAAAAATACAAAACT,N,no,no,N,0
chr4,123291451,123291668,TGCATATTGACCTTTCATTTTGAAATTTAGAACTCCTTTTAGCATCTCTTCTAGGGCTGGTCAAGTGGTGACAAATTCCCTCAGCATTTGCTTGTCTGGGAAAGTTTCTCTCTCATTTATGAAAATTAGTTTTGCAGGATAGAAAATTCTTGGCTCCCCATGGGAGAAGCACCAGCTGTGTCTACAGTGATGGGCTGACAGTTATTCTGCTTTTGAGA,"[[123291501, ""G"", [""C""]]]",yes,no,G->C,1
chr7,76953638,76953884,AAAGATCATGAAAACCCAAGCAGAAGCAAGACACTGGGTTCCAGCATCAATGCTAAGGGCTAGAACATTTTCTGATGTTTTGCTTGGAAAGGCAGAATTTGGTTGTCTAGTGCGTCCACTAATTGGCCTCCATCTGACACCCTGGAGGGATGGGCTGATTAGAAGCCACAGCTGCTTTGCTCATTATTTCTGATGAATGGACATCACCTGGCGTCTCCGGTGATGGCGCCAGCTCAGGACCCAGGTG,N,no,no,N,0
chr1,170602999,170603234,TCTCCCACCAGGTTCCTCCCACAACACATGGGAATTGTGGGAGTTACAATTCAAGATGAGATTTGGGTGGGGATACAGCCAAACTATGCTATGTTTGCCAGGCTCATCTCAAATTCCTAGGCTCAAGTGATTCACTGGCCTAAGCCTCCCAAAGTGCTGGGATTACATATGTGAGCCATCATGCCTGGCGAACTATTTAGAAACAGTTTGTTGTTAAGTTTTGTTAGGCTGGAATA,"[[170603001, ""C"", [""T""]], [170603179, ""G"", [""A""]]]",yes,yes,C->T,2
chr15,81174865,81175096,TTCTGGTTGACATCCATCCAAACACATTCAGTTTCCCTTGGAGAGGTGGAATTCAGACAACAATCCTTTGTCCCCCCTGGCTTAGCAATCTGTGGCAGCATGAGCTGGAATACTCCGCATTCCAGCCAAGCCTCTGCCCCCTCCAGGTTTTCCTAGCTAGAACAACTCAATAATTTCTGCAAGACAAAACTGACTTAAGGTAGGAAGAGCAGAACTTACTTACCATCTTCCA,N,no,no,N,0
chr2,165872162,165872542,GCAGGTGCAAAATAAATGGCTGCTTAAGAAACAAAAACAAAACCTTCCTCTCCTCTTACAGATAGGAAAACTGATTTGGAAATGTCTTGCTGAGAGAACAGATGCTCTATTTCTCTATCCAATTTCCATGATTCCAGCATCCCATGACGCAAGTTCACTGGAACTACTAAAGGCATTCTGTTAATGTGATTTCTGCCTGAGTCAGCTCCGGCTGCAATAATAAAATATCATAAACTGGTGGGCTTATCAACAAAAGAAATCTGTTTCTCACAGTTCTGGAGGCTGGAAGTCTGAGATCACGGTTCCAGCACCACCAGGTTCTGGTGAGGACCCTCTTTTGGGTTGCAAATAGTTGACTTCTTATTTTGTCCTCACATGGTA,"[[165872310, ""A"", [""G""]]]",yes,no,A->G,1
chr8,116571458,116571890,CAGTACTCTGCAGCTGCCCCCATGAAGAAAAGTAGTACATTTTCCACCCCACCTCCAATCTGGGCTGGTCCATGACTCAATCGTGCCAGTTCTTAGCCTAGGCCACTGGAGACTTTGCATCTTTCACTTTTTTAGAACCTTTGACCAGCACGTGAATCACCCTGGGTTAGCCTACTGGAGAATAAGCAAACTAGTGAAGAAAGATTCCAGTCATCCCATCACCCAGACATGGCCATCATAAACCAGCTGACCAGAGACATATGAGTAAGCACCTCTGAGGTCAGCAAAACCACCCATAGATATCTAGTCCTAAATGCCGAGCCACAGAATGGTGAGCTAAATAAATGTTTGCTGTTTTGAACCACAAAGTTTTTGGGGTGGTTTGTCATGCAGCGAAAGCTAACACATACACTCAGGCTCATATCATCCTCCT,"[[116571728, ""C"", [""A""]], [116571776, ""A"", [""G""]]]",yes,yes,C->A,2
chr6,45781886,45782295,CATAAGGACCACTGTGCACATGCGTACCTACAGACACACACATGCACACAACACACACTTTATCTCACAAAACAGAATTATTATATATGTCCTTTTTGGCTAAGAAAGGGGAAGGGGGATTGAGCCTTAGCTATGGGTAAGAAGTTGCTAATAGTAGGAAACTGCTTATTCTGAAAACTTCTGCAATTCCAGTTAATCCTATCTTGGCTCGAACCCAACTCCACAGAGTCTTGTAGGTTTTGCAGAGATAGAGAGGTTAAAAGGGACCCCAGGATGCTATTTTGAAAAACTCCTCATTTCCTGGGGCCTGCTTTGGGTTCCTGGAATGAGAGGAGGACAGCACCCTCAGCCTTGTGGAGGGGCTGCTGGGCAGGTTGTGTCCCCTTTGGGAGGCACAGTTTTGGAGGGGC,"[[45781888, ""C"", [""T""]], [45782207, ""C"", [""T""]], [45782246, ""A"", [""G""]]]",yes,yes,C->T,3
chr2,231853170,231853517,AGCATGGTGAGAGTATGTGTGTGTGGGTGTGCACGCAAACGCCCACCCCCCAGAGCACGGTGAGAGTGTGTGTGTGCATGTACAAATGTCCACCCCGCCCTCCAGAAAAGCAGCTGAATCATCTTTCCCGTATGCCACCCTCTCTCTTGGAGCTGTCTGGTTTTCCATCTTATCGGGGACCTGAGGCAGCTGAATATAAAGGGCATGGGTGGTGATGCAGGAATGTAGACTGTGGTGGGCGAAGGGCCTGAGAATGCAGCCTCGGGCCTCCTTTCACCCTAGGAAGCCAGAGGAACCTCAGGGAGATGTGAAGCCCCTGGGGTCAGATGCAGAACTGTACATATATAA,"[[231853195, ""T"", [""G""]]]",yes,no,T->G,1
chr14,65631216,65631423,TATTTAAAATGGAAATAACTGTGGTTTCTGAGCTTCCTCCATTTCCTCTTATTCGTTAAATTTTCACCAACTATATCTGGTGATAGTTCTAGACTATGATCTAGTGATAGTTCAGCTACCTAAACTGTAACAAGTACCTGCCACCTGTTTTAGTTTCCTTTTTTTTTTCCTCTTGGTTTGTGGGTGGCCAAGTGCTTTCACCTGTAGT,"[[65631307, ""A"", [""G""]]]",yes,no,A->G,1
chr17,78966403,78966845,GGAAGGAAGGGTGGTCAAATCTCTTAGAGAAAGGACCCTGTAATAAAATGACAAGGACTTACAGTACCACGAATCCGCTTCCTGGCCTTCCCCAAAGAGGCTCTTGGCCGTGAACCCGGCGACCGAGCTCCAGGGCAGGGGTTCGGCAGCTGTCCCGAGGACTTGGTGAGTAGCTTCTCGTGAGTTACACCAGATGAAGACGGCGCTGCCACTGTTTCAGATGTGGCTGATTGGAGTAAATGAGCACACCCCGCACGTGGATGCAGCAGTGGCTGACGGCAGCTCCCTCCCCCTCTCCCTATCTCGGTCTGTCTCTCCTGCGTCCACACACACACATGCGTGCACACACATGCACACACACGTGTCCTGCCTCAGGAGTACACCGGCTGTCTCGTTCTGCTTCCTGCCAACTCATGATGCTACAGTCATCACACTGGACCAAA,"[[78966429, ""C"", [""G""]], [78966472, ""A"", [""C""]]]",yes,yes,C->G,2
chr1,107499287,107499747,TCAAGAAGCTGTTTCCTGAACAACATAATAGCTAAGCCACGTGACCTTTGCTGCCATGTGAAGAGCAAGAAATTCTCTAAATTAAATCAGTCAGAATGGCAAACCTGAGAGGCACCTCCTGACTGAGACCTCCAGCAACAGGGCAGAGGGCGAATCTGGGAAATCAAGCAGAATTGAGGTTCCCCTGAGACAGCAGTTAAGAGTTGAATCGGGAGGTGTTTCTAAGTTTGCCAAGTCCTCTCTTGCTGACAGACTGTGGCTTCCCAATTGAGTATTTCACTTTTGTTTTATGTTTCTGCTTCTGTGCCATGGCCTTGTAAATACCACAGTGTAATTACGGCAGGTTTCTGTTTTCTGAACCTGTACCTAGAAGGTAAAAACTCCCAGCTATGCATATGTGTCAGAACTAAAGGCAAAATAGGCTCATTGCCTCATGATACTCAGATGTACTTCTTTTGAAA,N,no,no,N,0
chr3,180512338,180512706,AGATGAAGTCTGTTTATGAAGAAAGTCTCATTTTTAAAAAGTTTATCTAAGACCTTAAAATATCAAATATAGCTTTATACTGTCTTTCACATTCACCCCCTTATCTCTCCTCCTGCCACTGCCTGAGCTCAGATTCTCATCGTGCTCCTCTGGATCACTAAAATGGCCTTTAAACTGGTCTCCTGGGTGCCAGGATTTCCCTTTCCAGACAATTATCTGGAATTGAAACCCTACTCCAAATAGCTTTGTGTTTTCCTGCCGTTAGAGTCTTCCTTATGATGCTCAAATGGCTCTGATGCTTGAAAACCTCTTCCTCACTCCCAAAACTGTTAGTCAAAGTACTGGATCATTTTTCATGGCCCAACTCCA,"[[180512364, ""T"", [""C""]]]",yes,no,T->C,1
chr13,28459873,28460239,TGAAAGCGTGAACACCTTCTTTCGGTCTGGGGATGAAGGGCCCACATTCCTGGTGCATTTCCATCTTACAAGGGTCCTTCTGATCCCCACAGGGGGAAAGTGGAGGCGGCAAAGCTCGGCGATGAAGCCTGCAGATTGCTACTCTGTTGATGTCCCTGCTGGTTCCATGGAGATGTTTATTGGACTTGCCATACCAGTCTGGCAGATTGGGCAACAAACACCATCTGCCCAACCATCACCCAGCTGGGCAGTGTTGACTGAGCCTTCTGTGTGTGCCAAATTGTGTCAGATCTGGGAAGGGATCTAAAGGCAGGCAGTGCTGGAGCAACAGCCACGCCTCACAGAACATGAATAGGGCTCCCCATTA,"[[28459985, ""G"", [""A""]]]",yes,no,G->A,1
chr5,44310146,44310484,CAGATGCTTCCGTGAGAGCCTGACTTGGTTAGCAGTTTAGAACATTCACAGACAAATGCCAGCAGCAGCCTGTGTGGTAGACTAATGGGTGAACAACAGAGGAGATTACAGAATTGGAAGAGCTGCTTTGCCAGCCCTTGAAACAGTGGTGACTAACCCACTGTGGCTCTATTTACTAGCAATAGAAGGATAACAAAGCTATTCGGTGTCTGGAGGAAACTTTCCAAAACTATGGTAATGGTTTTCTGGAGTGGATTTGAAAACAAAAGCAGAATACTTACTGAGCCATAGAGTTTCCCCTTCTTGTTCATGGCTAAGTAATAGTTGCTGTTAATGGCT,"[[44310147, ""G"", [""A""]], [44310390, ""A"", [""T""]]]",yes,yes,A->T,2
chr18,22394447,22394826,GGGACATCTCACGATTCCAGGCTACTAGGAAGTTTGCAGGTGACTTGGCAGATCTCGTAGATTGCACCTCCTAGGTGCTGTAAGAGCAAAGTGTGAGTTGCCTACTAAGCTAGTGGGCAGACACTCGACTCTTCTGTGGGGTCACTTGAAACTGGAGCTATGTATATAAAGTAGCTCCCCTTAGCCACAGCTTGGCTTTCTGCTGTTTCAGTTACCAGTGGTCAACCGCAGTCTGAAAATAGGTGAGTACAACACAATAAGATATTTTGAGAAAGAGAGTGAGAGCGACCACATTCACATATTTGTTATTACAGTATATTGTTACAATTGTTCTAATCTCTTACTATGCCTATACATACATACCTATAATAAAGTTTATA,N,no,no,N,0
chr18,39193056,39193442,TATAAATATATAAATATATATATAAATATATACACACATACACACACATATACAGTGACTATATATATATATATATATATATAATAAGAAAGATAAATTATCTTGGGGAATTGACTCACACATCATGAAGGCTTGCATGGTAAACCCTAAATCTCCAGGGTAAACTGGCATGCTGGAGACCCAGGGAAGAATTGCAGTTTCAGTACAAAGGCAGTATGGCTGGCAGAATTCCTTCTTGCTCAGGGGAGGTCAGTCTTTTGTTCTATTCAGGCCTTCAACAGATTGCATTATGCCCACTCACATTCTGGAGGGCAATCAGCTTGACTAAATGTCCACCAGTTTAAATGTTAATCTCATCCAAAAATACACCCTCCAAGAAACATCCAG,"[[39193226, ""G"", [""T""]]]",yes,no,G->T,1
chrX,39950045,39950442,TGCCAACCCAGGTAGCACCAGATTCACATCCTCCCAGCTTAGCAGTCCCAGCACAAAAAAAGAGCCTCCCTCCCTATTGACTGTGGCAGAGATACTCTGAGGAAGATTTTGACTGGCCTGTCTAGAATCACATGCTCATCCCTTAACCAATCACTGCTATCAGGGAAATAGGACAATTTGATTGGCCAGGCCAGAGACACATGCTGCATTCCTGTGGCTACAGGAGGATGAGGCACTATGACACCCCCTCTGGCTACAAGGAATGGGAAAGAGGTCCTTTCAAGAAGAAAAAGGGCCCCACAGATTAGTGACTTGCTAAAAGCCATGGGGTTATTCAGAAGCAAAACCCAAACCTTGACCTAGCTGCTTTATTCCCAGAGACAGCCTGTTATCAATCA,N,no,no,N,0
chr10,117117910,117118283,TAAGTCTAAGACCTGAAACTATTAAAGTACCAAAAGAAAAAATTGGGGAAATGCTCCAGGGCATTGGCCTAGCAAAGATTTTTGTGTAAGACCTCAAAAGCAAAGGCAACCAAAGCAAAAATAGACAATGGGATTACATTGAGCTAAAAAGCTTCTGCACAGCAAAGGAAACAAATAACAAAGTGAAGAGACAACCCACAGAATGGGGGGAAATATTTGGAAACTGTCCATATGGCAAGGGATTAAAAACCAGACTATATAAGCAGCTCAAACAACTCAATAGGAAAACACACATACATACACACAAATAATCCAATTAAAAAAGGGCAAAAGATCTGAATAGACAGTTCTCAACAGAAGACATACAAATGGCA,"[[117117936, ""C"", [""G""]]]",yes,no,C->G,1
chr7,43333822,43334086,GTCAACTGACCTATCTACCTTCCCCTTGTAATAAAGAGGTGGCAGAAAGTTACCACCTTTGAAAACAGAGGACTCTGCTCTCTGTCAAACATGGCCCAATCCACACTGGGAATCTGACCAACCAGTTTAGCAACTCCTTCTCCCTCCACTGGGACCAGGAAACGGATGTTAGAAAAGCAGTGGAAAGGGAGAATTTTCACTTTTTCCACTTTATTCCCACGTTATACTTCTCTCTTTTAACCTATTGAGTGTTTCAGCCAAGTCA,"[[43333960, ""C"", [""T""]], [43334039, ""T"", [""C""]], [43334049, ""C"", [""T""]]]",yes,yes,C->T,3
chr3,150123205,150123614,TTGTGAATAGTGCCACAATAAACATACATGTACCTGTGTCTTTATAGTAACATGATTTATAATCCTTTGGGTATATACCCAGTAATGGGATGGCTGGGTCAAATGGTATTTCTAGTTCTAGATCCTTGAGGAATTGCCACCTGTTTTCCACAATGGTTGAACTAGTTTACACTCCCACCAACAGTGTAAAAGCATTCCTATTTCTCCACATCCTCTCCAGCACGTGTTGTTTCCTGACTTTTTAATGATCGCCATTCTAACCACAGTGGTATCTCACTGTGGTTTTGATTTGCATTTCTCTGATGGCCAGTGATGATGAGCATTTTTTCATGTGTCTGTTGGCTGCATAAATGTCTTCTTTTGAGAAGTGTCTTATTCATATCCTTTGCCCACTTTTTGATGGGGTTGTT,N,no,no,N,0
chr17,71407667,71407891,TGGGAGGCTGACGTGGGAGGATCTCTTGAGCCCGGGAGTTTGAGGCCACAGTGAACTATGACTGCAATAATGCACTCCGGCCTGGGCAGCCGAACAAGACCATAGTCACTAATTAAAACAAACAAACAAAAAACCACAAGTGCAAAGAGGGAGGGGAAAAACATTCATAAAAACTATCACCCTTCTCTGCACATGTAAAGCAACCAACCAATAACTTCACTTCCT,"[[71407700, ""A"", [""G""]]]",yes,no,A->G,1
chr1,14275964,14276272,TTTTAAACATTTCCAGACTGCTTTGTGGCTGAGTTTCTCAAGGAAAATGAGATTTTGCCAATTAGATGCACAAACACAAGATGGGGACCCATGAGGCCAAGGCTGCCCTCCCAGCTGCTCTTGTCATTGCTGCTAACGAGCTCCCTGCAGCAGCCTTTTGGGGCCCACATTCATGGAGCATAGTGTTCGCTATAAGGGTGTGTGTGTGTGTGTGTGTGTGTGTGTGTGTGTGTGTGTGTATCCTTTATCAAGTTAAGGAAATTCCCTTCTCTTCCCAGTTTGCTAAAGGTTACTTCATCAACATCATCA,"[[14276007, ""C"", [""A""]]]",yes,no,C->A,1
chr18,43350180,43350481,TTCATCCCTTCTAAAAGGAATGGCCCAGAGTCAAGGATTTTAACATAATCAATAAGAAAGAGAAATTTTGCCCTATGCCATGTGCATTTTATTGACCACCGTGTTTCAAATGTAAGGAACAAAGAAGTCAAGGACAGATGGATGTGGCTTCTCTTCTCCTGACACTTGTTGTTCTCTTGGGATTCCTGCCAAAGTAAGGATCAGCAGATGCTCTTATGCTCTAGGCTGATTCTCCTGAAAATATCTGTCATAACCAAGATGCTCTGAAGTGGGGGCACAGGAAAATCCACTGAAGAGTTGAA,N,no,no,N,0
chr11,120271660,120272056,CACTAGTGCTGGAGAGAAGGATGAGGGCAGCCCCTCTGACCCTGGGAGGCCCCTGACCCTTGGAACATCTTTGTAGTATGGTTTCCCCACACGGTGGCTGCTGCTGGGAGTGGGCCTTGCTGGAGTTTGTTTCCCTTGGATGAGCCTTGTGGGGTGGGTTGTCCCCTCCCTCTTCTGGGAGGGGTTTGGATTCTCATCACTGACAAGAACAGACACGACAGATCTTTCCTTTAAAGAGGGTGGAGGGAATTTTGGAGGAAGAGACACTCTGCCCGGTCACGTTCATTTACACACTCAGGCTGGAGCTCTCCTCCGCTCACACTCACACCAGCTCACCTGCAGGTCAGTGGGTGGGCACCCAGGACTTCCCAGGCCCCTGCTTGAGGGTCACACTCTC,"[[120271816, ""A"", [""G""]]]",yes,no,A->G,1
chr8,95846259,95846510,TAGTTGGCTAAAGATGGGATACAAACAGAAAGAAAGCCTACTCCAGCTGGGAAAACAAAAGATGTTTGGGATGATGTTGATGAAAGCTTTTTTAAAGTGAGAGGTACAGAGAGAGTGTAAGAGGAAAGCAGCTGGAGTTTTTCCAGGTCGGCTAATGATGCATGGAGCTGCTGACACAGCAGTTCATCCAGCCAGTGCAAGAGAGAGCTGCCTTAGGGACCTGCCCTTTCTCGTAGGGCTGGACCCTAAGAG,"[[95846295, ""G"", [""C""]]]",yes,no,G->C,1
chr5,14781128,14781402,TGGCTTGGGTTAAATTGGATCATTTGTCTTCCCGGTAGTTTTCCAGCCATGCTTTATTTTCCCAGGGATCTATACAGCTCTAAATGAGACTCCCTCACTCTGTTTAGCTAGAGCTTCAGCCAAGAACTTCACGCCCACACATGAGGTTGTGGTTCAGGGGGAGCAGCAGTCAAACGGAACCTGGTCCCTTCAGGAGTCAAAGTGACTGCTCTGTGTGGTGCTGTCCATATTTAGTGCTTCCTGAAAACCCCAAGACAACATTGGGCAAGTCCAAA,N,no,no,N,0
chr12,18391158,18391528,CCTGATTCTGAAGAGAATAGAAGTAATCTTGAAGAGCCACTAAAGGAGTGTATAAAACATATTGCCAGACTTTCACAGAAACAGACTCCCCTACTGTAAGTGACCTAGGTCTTGTGAATGAATTTTTGCCTGCTGTTTATGATTTCCTCAATCATTCTTGAAGCATGATAGCTTCAAAGAGTGAGTGTTCCTTCCTACATAACTGGTTTCATTTCCTGATGTCATGCTTCTTGGATGGTTAATTAATGTTTAGGACGTAAATAAGTAATTTTGTCTGCTTTTAACGATTTATTTCCTGTGGTCTTAAGGAAAAGTAAAAAGTTTGGAAGTTATTCAGTTCAAAATAACAAAGCAGAGAGTGATCATATATA,N,no,no,N,0
chr11,132359019,132359245,AGAGGACAAAAGAGAAGGGAATTAAAGTTTAAAAAAATGAGGACTCAGCCTGGACTTAAATGATGAATGGTTATTCTATAGGTAAAGCAGGAAAGGACATGCCAGGGAAGAAGAACACGATAGACAAACTCACAGGGACTAGACACAGCCATATCCATTTGAAACACTGTAAGTCACTTTGGTTGGCCAAGACATAGCAGAAGTAAAAGTACAAGGGGGTGAGAGCA,"[[132359068, ""T"", [""C""]], [132359176, ""G"", [""T""]]]",yes,yes,G->T,2
chr3,122094212,122094431,CCAAATTTTCTGACTCCGCACACTGAAAGTGAGAAAGTAAAGCCGAGACACTCTATGAAAACTGAGTTCAGGTGTCACTTTTGCCCTTGATTTGCCATTGACACTTCTTAGAAGTTTCTTAGCTCCTAGGAAAAGAGTTACCAATATTGAAAGCAACAACCTCAAATGGTAACCGTTTAAGTTTTATGGTGGTGAGAGAATAAGTGACTATATTTTTGGC,"[[122094339, ""G"", [""A""]], [122094340, ""A"", [""G""]]]",yes,yes,G->A,2
chr13,75934866,75935281,CAAGCAGCTGGGAAGCAAAGGTGAGGAAGACATGACCCTGTCCTGGAAAAGCTTCTTGACTTGAAGGTAGGGAAAGAGCTGACAGCATTTTTATATTTTCTGCATCTACTGCAGACAACAATGTCCTGTACATCTGGCCAAAGGCCAATCTCTAGTAGGCTAATTTCTGTATGCTGGTGAGATGAGCAAAACACATGGAATCTCAGTTGACAAATAATTCAAGCAGGTTAATCACTTCATGCTCATGTTACCCCACTTGGTCTCCTTGAAAGATCTTTTCCTTGGGTTTGGGCTAAAGACTGTTTGTTTTACTGACCTCAGTGACTCATTCTGGGATTGGCTAGTCTAGATTCTAAGAATGCTCAGTTTCCTTCTTTTCAAAACAAAATCTCAATATCTATTAAAGAACTAAAACG,"[[75934886, ""A"", [""G""]], [75935194, ""C"", [""T""]]]",yes,yes,C->T,2
chr3,141397356,141397667,GCTAAAGGGAATGTTGTGGCTCGTTTGATCCTGTATCCTGACCACTCATTCTTTCTCCAGATCAGCAATAAGGCTTTCTTATCATTTCCGTGTTCATTGGAGTATCCCTTTTAATTTCCTTCAGGAGCTTTTCCTTACAACTTGGCTAAATGCTTAGCACAAGAGGGCTAGCTTTTGGCCTGTCTTGACTTTCGACATACCTTCCTCATGAAGCTTAATCATTTCTAGCTTTTGATTTAAAGTGAGAAATGCTCAATTCTTCCTTTCACTTGAACACTTAGAGGCCATTGTAAGGTTAATTGGCCTAATTTC,N,no,no,N,0
chr8,66264181,66264594,AACAAAATACTAAAGAACCAAATTCAGCACTGCATTAAAGAATCATTCACCATGCAAGCTTGTCCAACTCACCTTATTTTGTTGTTGTTGTTCTTCTGTTTTGTTTCATGTTAGGTTTTTAGCAGCCTGAAACCATGGTTTTCAGTTTCTGTCTCTAGTGATAAGCAGAAAAGAGAAATGAGAAAGGGGCTTTACCAGCCCTGCCAGAAGCAGAAGCTAAGAACCCATGACAGGGACACCTTTGGACATCCCTGTAGGGGATTTAATCCTGGGGTACAAGGATGCTTCAATGGATGCAAATCAATAAAATGTAACACATCACATTAAAAAAAGGACAAAAATCATGTGATCATCTCAATAAATGCAGAAAAGGCATTCAAAAAATTCAACATTCTTTCATGATAAAAACGCTCA,"[[66264195, ""A"", [""G""]]]",yes,no,A->G,1
chr21,16492848,16493294,ACTAATTGAGGAATGGATTATGATTGAAAATATCTATTGTGCACCTCTGAATCACCAGGCTAATGCTAAGTATTTCAAAACTTTCTAAATAAAAAAAATGTCAAAAATAGAAAACACACAAGTCTAAAATCAGAAAAGAAACCCTCAAAAACACAGACTCTGGTGTCTTCTCCTAGCAGCACTGGGATCTGTTCTTTAATGTATATAGTGAGCAGGCAGGTGCTAGCCACTGTGTAAGTGAATACTAGTTTCTTTAGAGCAGGGCTTCTGAAAGTGTGGTTTGTGGTCTGCTTCCAGGTCACAAGTTGTTTCAGATTCATGATGACATAAGAAGAGAAATTGGAAATGAGAATTTAGAAATCTTTGAGCATTTTGACAAAATAATTTTGTTTTTGCTATCTAATAATTCCAAAACCATCTCACATTTTATCTGTATTTTTATTACAC,N,no,no,N,0
chr15,65595957,65596262,TGTATATGGAGTCGTCTAATGATTTGCATTTTAAGCTGCTCAGGAAATAATGATAACTGTCATTTATTTAATGAGTCTAAGTTATATGACAAAATCAGCTAAATTTTATTTTTATAAGGTTAGGACCCCAGCCAAGGCAAAAACTGAAAGGTCTAATCCCTCTGTGTAGTCAGGGATGTTCAGGTCACCAGGGGGCATCATAGTCAAACACTTCCGCAGCAACTACACTCAGCCTTTGAAGAATAAAGCTATTGTATTAAAAACATCTCTCTGAGAAAGAACTGTATTCTCTACAAAACTAGGGTA,"[[65595977, ""A"", [""G""]], [65596021, ""G"", [""T""]]]",yes,yes,A->G,2
chr18,24947909,24948294,AAAAGGATTTTTCTTGCATTTATGCAGATTTAGAATTTCAGCTGCAAATTGACCTCCTTACCACAAACCATATTGTTTTGCAACCTCTTAATACATAAAACTGTTTTGGTCCTTCAGTGAAAGATGTCATTTTTACCATAATGAGAAAAACTGGAAAGTCTCAGCATCTCATGAGCGTCATTGCTCAGACAGTGCTTGGTTCAGGGAGGGTTTGAGGTTCAATCCTGATGCTTATGATTGTCTCATTTCACTCTGACATCATAATTGAGACTAATCTCCACTGATTTTTTTCCCTTACGTTCGTTCTTGCTTTCAAGTTTAATCATCCACTACAATTTGGACATAACAGCAGTGGAATGGGTGTTTTCTGAAAAACACACATTGGA,"[[24948083, ""A"", [""G""]], [24948246, ""C"", [""T""]]]",yes,yes,C->T,2
chrX,77009670,77010063,AAGTCCCTTCCACTCTTTGGATCACATTTTCCCTGATATTTAAAAAAGATCTCTACATTCTCTTACAGCTGTGCCATTATGAGAGTCTATGGAAGACAGAGTTCTGTATAAGGTACAGACATTATGAATAAATGCTCATGCCATTCAGCCTGTGTAATAGCTCAGCTGCATTCCAACACCATTCTCCAGGACCCGCTGGACTAAAGGCTGATCATATATCTTCATGATATTCTCATCTACTCCAGGCACCCAGCCCAGCATGACGCACTTGTCCACACAGCCCTGACTCACCTCTGGCAATACCAGCTCTTTATTCAACTGGAGAAGTAATCAGGTAAAAGTGAAAATTCTATGACATATTTCCCCACAGAGGGTTCTGATATGTGCCCCACAA,N,no,no,N,0
chr7,104642584,104642946,TCTCACTTGGGAATTTTTTCTCTCCTTTCTCCTCCTTATTAATAAATGTAGAGATTCTTACCTCTCCATGCAGAAATACAGCCACTGCTTGCCTTCCTCTCTGGTTCCTTCCCATAGCCTGGGCCCCCACTCTCACATGCAGGGTGCGACAGGAGAAGGCTGGAGAGCATCAGGCTTCCATCTGCTGCCAGATCCGTCAGAAGGCAGCTGGTGGAAGCCTAAGCCCCTGAAGGTTCCCCCTTTACCAGCAGGCATTCCACATGTAAAAAGATTATACAACTATAACCCAGCACCTGCTTCTTGAGCTGTCATTGTGTTGTTGTTATTGTTTTAATCTTGTGATACACAGTGATTTTTCAGTTT,"[[104642677, ""C"", [""T""]]]",yes,no,C->T,1
chr10,101647298,101647652,TCAGAGTGCTGACCCTGTACCTTCCTTGGGTGACTACCACCTTAGAGAGATGAGGGGAGGAACTACTTGCCGGGTAGTTCTTTGAAGTAGGAGAGTTTTACACATAGGCACTTAAGGAGTTGCTAAAGCCTGGGAATCCCTTCCCTAGGCAGCTGCCTGCCCATCCCATCCAACCTCAAGTGTAGTTCCACCCACTCACACCACACCAACACTTGCTTTGGAATCGATTTTTTTTCCCCCAATGGCATGTTTTTGTCTTGCATTTCTGAAATCCCAAACTGTAAAACCATGAAGATTTTTCTCTTTGGAAAAATAGTAGGACACCAAAAAATGACCAAAAAGTCATTTCATTGGA,"[[101647368, ""T"", [""C""]]]",yes,no,T->C,1
chr10,18759526,18760014,CATCCTGAGTACAGAGATTTGGCTGTCAAAAGTTGCCTACCTTTCTTTTAAAACCTATATTTCAAAATATCAGAAAATCCTGTCAGCTTTTTCTTCAAAATATATCCTAATTTTGAGCTATCAATGATATATTTTTAGTTCAAGGCAGTTTCACTTCTTACTAGGTCTACAGCAATCAGTTTTTATTGTGTTTTTCAGTTTCTTCTCTTGCTTTCCTCACCCTAGGGCCACCAATGGCTTATAGTTTCATTCAGAATGAAACCGAAGTGCTTACCATGACATTTAATGTCCTGTATGAAATGAACTTGAGTTATTTCTCTTTCTGCATCTCTTAGCAATCTTCACCTCCCCCATAGTACTTCAGCCACATTTGCTTCTTTGTGATATCATTAGTCATGCTAAGTCTTCTGGGGCTGTGACATATAGGGCTTCTTTTGCCTGAAGCACTTTAACCTGATAACTTGTTAGCACACTCTTACTTCATCCAGG,"[[18759818, ""C"", [""G""]], [18759835, ""C"", [""G""]]]",yes,yes,C->G,2
chr5,63962232,63962717,CCCCACCTGCCTTCCCTTTCAGTCTCCCTCTTCCTCCTCACTTCCCTTTATTTATCACTCTGTGAGTCGCTTCGAAAGCCAGGCTCCTTCCCTCCCACTCTAACCCTCCCCTCCTAATACTTCCCCAACCCCGAGGAGTGCCTCTTTCCTCTGGGTCCCCGCCCTCCTCTCCCTCTAGCTCAGCGTCTTTGCATTCGAGTCTCTTTTTGTCAACAGAGACTCAGAACTCACTTACACACACCAGATCCCTGCCGGTCAGACCAAGGTTGTAACAAATAAACTCCGCCTCCAACCCAGCAAAACTGGGGTTGGAAAAACTTGGGGGAGGGAATTCCAACTACTCCTTGCCTCATATTATCTGCCAAATTCTTAAATCGTGTCAGCATCCCAGAGTGGCAATAGGAGATGAGAAAAGGAAGCATAGGGAGCCTGAATGGGAAGGTGAACAGTCCTGGGTCAGTCTCCCAATTATTGCTAATTGATGGA,"[[63962288, ""C"", [""A""]]]",yes,no,C->A,1
chr2,73251081,73251570,GGGCTGTGTCTGGGCGTTTGGGGCTTGGGATGGAGGAAGGAATGAAGAACCACTCTTTCTGGGCTGAAGGGGCCTACTGAGTGGCCCAGCATGGAAGCTTGGACCAGGGGCCCTCTTACATTGAGAGGTGGTCTGATCTCTGCAGAATGATTCAGTGGTGGCTGGTGGCGGGGCCATTGAGATGGAACTCTCCAAGTACCTGCGGGATTACTCAAGGACTATTCCAGGAAAACAGCAGCTGTTGATTGGGGCATATGCCAAGGCCTTGGAGATTATCCCACGCCAGCTGTGTGACAATGCTGGCTTTGATGCCACAAACATTCTCAACAAGCTGCGGGCTCGGCATGCCCAGGTGGGTCCTTTCTCTCCCCAGGGTTCAGGGTTTGGGCGGGTGGGGCTAGATTCTGAATGTGAGCTGTGCTTACTCAAGCTGTGCACGCCTGGCCCAGGAGATAGGCTGCAACTCCCCCCAGCCTGTCTGCCTGACCAA,"[[73251152, ""A"", [""G""]]]",yes,no,A->G,1
chr13,113954417,113954829,TCCTGGAGCTCCCCACACCCCTAGGAAGACTCCCTCTCCTCCTCTGAGTGGGGAGCATGTGGCTTCCCTCCAGGGACAGATCCTAGTGCCAGCACCACAGTCTCTGTTGCTCTCGCAGTCACAGCCGGGGCTCAGCTGCGTCCACCGTGCTCCTGGCTCCTGCAGGGACTTTGGTGACACAGCAGATGCTCCATCCCTGCCCTGCACCTCTCACTCCTGCCTGGTGGGGGTGCTTCCAGGAGCTGCAGCTCACACGAGGCCCACAAAGGGCTGAGCCTCCCCTGCTGTGCCCCAGGGGCCTCTGTCCCCACCCAACAAGCCACTGAGCAAGAGGCCAGGGCAGGAAGGGGCTGGAGTCCTCCAGCTGGTGGAGACGAGGAGCAGCTGGTGGAGACGAGGAGCATCCGGTGGAG,"[[113954426, ""C"", [""T""]]]",yes,no,C->T,1
chr3,126304697,126305135,TTGTATTTTGCCCAGGTTTGTTATTGCTTCATGCAGGAAGAATAATTAAGTCTCCACTTTCCCATGTTGGTTGGAAATGGAAATCTGAGAAATGCTTTTGAAATTCACCGAGTATGAGCTAGGAAAGCTATTGGCTGCAAGTAACAGACAATGTGACTAACTATATGTAAACCTTTTAATGTTTACTCATGCAACAGTCACCACTAGTCATTCCTTAACATATCAAATGTTAGTTGGGCACATGGATGTCCAAGTAGAGTCTACCTTTCTCAGTCCCGCAAGTAGTAAATGTGGTCAAGTGACTAAGTTCTGGTAGATGGAAGTGGTGCCTGCAACTTCCAGAGTGTGTTACAGAGAGAAGTCCTGCTTATCAACTCTCCTTTTCTCCATCTTGGTGGCTGGAGCCACGTGTGATGGCTGGGGCTTGAGCAACATCTTA,"[[126304774, ""C"", [""T""]]]",yes,no,C->T,1
chr18,39445026,39445281,ACCACATCACACTTATTCTAGAATTGACCACATAATTGGAAGTAAAACACTTCTCAGCAAAGGCAGAAGAACGGAAACCATAACAAAATGTCTCTCAGGCCACAGTGCAATCAAATTAGAGCTCAGGATTAAGAAACTCACTCAAAACCACAAAACTCACTCAAAACCACACAGCTACATGAAAACTGAACAACCTGCTCCTGAATGACTACTGGGTAAATAAGGAAATTAAGACAGAAATAAAGATGTTCTTTGA,"[[39445046, ""A"", [""G""]], [39445091, ""A"", [""G""]]]",yes,yes,A->G,2
chr2,121711527,121711735,TGGTGCATGCCTGTAATCCCAGCTACTCAGGAGGCTGAGGCACGAGAGAGAATCACTTGAGCCAGGGAGGCAGAAGTTGCAGTGAGTCAAGATCATGCCACTGCACTCCAGCCTGGGCAACAGAGTTAAAAAAAAAAAAAATCTGCATTCCTTGCTCCCAATCCCACTAAGTGAGAGTAAAAAGAATAAGAACCATGGACAGGACTGAT,N,no,no,N,0
chr11,129625917,129626324,GTCTAGTCTTTTTTACCGTCATTCAGACGCCCATTCATTCTTCAAACACACTCCCTCCTTGTGTGTCCTCGACAGTTCTCTTCAAGCACCTGCAGCACGTCAGTGCTGGTTCTCCTGTTTGACCTCCAGGCTTGCCATGGGTAAAATTGTGGACATTTCCCTAAGACAGGTGAGGGTTGTTTCTCATGTTTTACTGTTACTAACAAAGCCACCTTAGACATGCTCGTACATGTCTTTCTGGGCACTTGTGCAAGAGGTTCTGAAGGAGATCCCTGGAGGGGGAATTACTGGGTCAGAAGGTTTGTGCAGCTTCACCTTTACCAAGCATTGCTAAGCTGTCTCCAAATTGATTATACTGGTATATACTACCATCAGCAAGAAGTCAAACCTGATTTCTCTATGTTCTTG,"[[129625982, ""C"", [""T""]], [129626309, ""A"", [""T""]]]",yes,yes,C->T,2
chr6,92820469,92820812,ACATGCCAAGAATGTAATTTTGGATTGGGTTCCCAATCGTAACAGTTAACAAATTTTTTTTTTGATCATACATGTGTTTGAGGCTTGACTCAACTGACCAATGGTCCATTCCATGTAGCACAAGGGGAAGTATTATCCTTGGCTTTAGAGCTATAGTTACTCTCTGCACAACCTGGCACAGTTTGCATCTCTGCCTTTTTGAATCATGGTCAATGCTTTTGCTCATAAAGAACCACTCCATTTCCAGTTGCTCAATGCCAGATTGTTCCCGCTGCTATTGTCTCCCAGCAGGCCAAAGCTATGTAGCATCATTTAACACAGAGGGGTTTGTCGACATTGTCAGT,"[[92820506, ""A"", [""C""]], [92820714, ""G"", [""A""]]]",yes,yes,A->C,2
chr14,57686254,57686683,AATGTTACCAAGGAGTCAGTTACTCACTTACCTGGCCCATATTTTGAAATTAATTCCTAAAGCTATTTATACTACTCAAGCTGTCCCCAGAGCCTCTCTTTAAAGGATGCTATTTCCAGCATGAGCTCAGTCGTTCAGGGCAGTATCCTGGGGTTTTCAGTTCAAAAAATCAAATTAGTGCAGCTGGGCCGATTACCAAAAGCCATTAGAAGACTTTGGTTCCCTTTTTAACAGCTCCCTCCTCTCCTGCACTCCTCCTGCCTTGGAAGCTCAGATGTTCAGCATGAGAGCCTTTTTTTCTGAATTGCTTTTGGCACAGACTGCAGGCGGGCAAGCATGCAGTTAGAAGATTGTCCAAAATCACAGTTATATGACAACATTGATCTTGGCTCCAAAAGTCAAATGGAGAATTCCATTTCGGCACAAGACC,"[[57686341, ""T"", [""C""]]]",yes,no,T->C,1
chr10,71091990,71092335,TTGGATTATCTGGGGGAGGGCCTAAACCTCCAAGGAATGCCAGCAGCCACCAGAAGCTGGAAAAGGCATGGAACAAATTCTCCCCTAGAGCCTCCCGAGGCTCTGTGTCCCTGCTGACACCTTGTTTTCAGCCCAGTGAAACTGATCTCAGACATCTGGCCTCCAGCACTGCAGGAGGATAAATTCTTGTTGTTTTTAAGCCACGACGCTGGTGGGAATGTGTCACAGCAACCATAGGAAGCTAATACAGATTTGTGGCTGGGCACAGTGGCTCATGCCTGTAATCCCAGCACTTTGGGAGGCAGAGGCAGAACGATCACTTGAGCCCAGGAGTTTGAGACCAACT,"[[71092092, ""G"", [""C""]]]",yes,no,G->C,1
chr4,53545969,53546354,GATAATTTTTGTATTTTTAGTAAAGACAGGGTTTCACCAGGTTGGCCAGGCTGGTCTCAAACTCCTGACCTCAAGTGATCCACCCACCTCAGCCTCCCAAAGTACTGAGATTACAGGCATGAGCCACTGCACTGGGCCAGAGGCCACATTTTTAATCAATACAAGCTAAAGCTTGTTAATGTTTCATGACTGAACTCTGCCCTGCCTCTCTGCTGCCATCCTTTGTATATGAAACTCTTAGAATTAGATAAAAATCCCTGGAAGAGCATATTCAAACATAAAGCCTTATTGCTGTCAAATGGACCCAGGCTGCACGTGTTCAAAATTGGTCGAGGAAATCCCATGTTACCATTCTGAGCAGGCCCAGGTGGTCAGACTCCATCAGA,"[[53546008, ""T"", [""G""]], [53546243, ""G"", [""A""]]]",yes,yes,G->A,2
chr4,24757229,24757474,TCAAGTTCACTGATTTTTTATTATGGCATCTCAGATCTGGTGTTGAGTCCCTTTAGTGTACTTTCCATTTTACTTACTTTATTTTTCAACTCTAGTTTTCCATTTGGTTCTTCTTAAAATATAATCCCTGTGTGTTGATATTCTCTATTTGATGAGTCATTGTCATTATAATTTCCCTTAACTTATAAAATATAATTTTCTTTAGCTTTTGAACATAATTTTACTAGCTGCTTTGAAATTTTTTTC,"[[24757276, ""C"", [""T""]], [24757353, ""A"", [""T""]]]",yes,yes,C->T,2
chr22,34870809,34871051,TTTTCTTCCAGCTATCACCATATAAAATGCAAATAATCTAGAAGTGGAAATAATACTGGAGTTTACATTTAGTTAGCAACTTGGTGTTTACAAAATGCTTTCACTTTCATTATGTCTTTGAAGTTGAACATAGTCTTGAGCTCAGCATACCCAGAACCAGCAAATGACAAAGATTCAATGTTCAGGGAATATCTCTTGAGTGCATAATTGAAATGAATGAATGAACTGACACTATGACATTTG,N,no,no,N,0
chr11,42215956,42216217,CATCTCACACCAGTTAGAATGGCAATCATTAAAAAGTCAGGAAACAACAGGTGCTGGAGAGGATGTGGAGAAATAGGAACACTTTTACGCTGTTGATGGGACTGAAAACTAGTTCAAAAAACACATGAAAAAATGCTCATCATCACTGGCCATCAGAGAATGCAAATCAAAACCACAATGAGATACCATCTCACACCAGTTAGAATGGCAATCATTAAAAAGTCAGGAAACAACAGGTGCTGGAGAGGATGTGGAGAAATAG,"[[42216044, ""A"", [""G""]]]",yes,no,A->G,1
chr11,120151496,120151994,GGTTGAAAATTCTTTTCTCTAAGAATGTTGAATATTGGGCTCCACTCTCTTCTGGCTTGTAGGGTTTCTGCAGAGAGATCTGCTGTTAGTCTGATGGGCTTCCCTTTGTGGGTAACCTGACCTTTCTCTCTGGCTGCCCTCAAACTGTTTTCCATAGTGGCTATGCTATTTTCCGTTCCCACCAACAAATTGTAAGACTTCCAGTTACTTCTCATCCTGCCAAGACATCATATAATCAGTCTTTTTAAATTTTAACCATTCTAGTGGTTGTACAGTGGTATCTCAGTGTGGTTTTAATGTGAGCTTATCTAGTGACTAATAATGTTAAGCTTCTTTTCATATGCTTATGTGCCACTTGCTTCCCTTTACTAGTGAAATGTCTCTCCATATCTTTTGCCCAGTTTTTAATCAGGTTGTTTGTCTTCTGATTGAGTAGGAAGAGCTTTTTAAAAGATATCTTGAATCCAAGTCCTTTGTTAGATACATGTTTTACAAATAG,"[[120151514, ""T"", [""C""]]]",yes,no,T->C,1
chr18,10226971,10227303,CAGGCTATGGAGCAGCTGGGGAGAGGGTGACATCTGAGACAAGGCCAGAATGGGGGTGGGGACAGTCCTGGGGCAATAAGGAACTGGAATGGGGACAGCCATGGGACCAGGGTGCTTCTTCTCGCACACTCAGAGAAGGGTGGGACCTGCTGTGGTCCTGCATATGGGGCCTGAGCTACTTCAGATGGTTTTAAAAAGAAAGAGTAATTCTGAAAGAATGAAAAACTTGGAATACTCATCTTTCTCTAGGTTGTGCCAGCTGTTTTTTCATTCAGTATATTTGAATGAAATTCTTACATGAAGTCTTTCAAAGTATTTTTTCTTCGATGCTGG,"[[10227055, ""A"", [""T""]], [10227094, ""A"", [""G""]], [10227109, ""C"", [""G""]], [10227245, ""A"", [""G""]]]",yes,yes,A->G,4
chr12,105197855,105198321,AAACCTCCAGCCACGGCTCCCCTGGGCTGACACATGAGATTCCCGCCTTGGGTGAAGAAATAAAGCCTCTCCCAGGTGGTGGTGACCAGCCCTGTTTTGCTGTGAGTTGTGTTTTAAAAAGCCCATTAGTACCAGAAAGCACCAGCGGCCACCTCCAAGTCTTGCTACCTCGTTATGGGTACTGGTGGCATTTTAGAAATAATGTGTTTCTTTATATCGTTAAAGCAAAACTGCCCATTCAAGTGGAAAGAGCAGCAGAAGGGTACAATTTAGCTGGAATGATCTGGGAGATCATGGGCTCTGCTTCCAAGGGAGACACCAGTCCCAGGGCCGACTCCCCGCACCACAGCCACATGCTGACTACTAAACCAGGAGATGCAACTAGAATGAGTCCGACACCATTAAGGACTGAACACCTGGAGAATCATTTCTCTGACACCTGGAGCTGAGCTGCTCTGAATCTAGTC,N,no,no,N,0
chr19,14289553,14289814,TCTGAGCTGGGAACTTGGAGTCTCCTGTTCCCTCCACCCCAACTCCACTAGTCCCTACCTCCCCTTGGCCTCACCTGCCAGCAGTTGTCCCAGGCGGAGGCCACATGCTTCCCTCTCCTCTGAGGCCTTGCCCCTGCCTGTGACCTCTCACTTGTCATATCTGCTGTCTCTGTTCTCAAGACAGGAAGTCAGATGGGAGTTGAAGACGGCTGGGACCTGTGAGTCCCCAGGCCCCCAGAGGGATTCCGGATTTGAGAGTCGG,N,no,no,N,0
chr3,87219686,87219946,GAAAGCGCAAGAAAGTCAGAGTCAGAGAGAGATCTGAAGATGATAGGCTGCTGCTGTTGAAGATGAGAAAGGGGCAAGTAGCTAAAAGAATGCCGTCAGCTGCTGGTTGCTAGAAAAGGCAGGAAACAGATTCTCCCCAGAATTTCCAGGAGTGCAGCCCTGATGAATCATTGACTTTATCTCAGTGAGACCCATTTCATACTTCCGGCTTTCATAACCATAAAATGATACATTTGGGATTTTTAAGCCACTAAATTTGTA,"[[87219891, ""T"", [""C""]]]",yes,no,T->C,1
chrX,123230909,123231171,CCCTGGTTTAAATACTTCTCTTTATCTCAAACACAAAGAGGATGAAGATATCCATGTGAAAAAGCCTACTCTTAAAGGTAAAAGCTAAACAAAGAACAAGTGATAAGAGAAGTGAATTCTGCAGTGAGCAAATTGCTAGTCTTTTCAGAAACAAACCTACACGGTCTGGTACCAGGAAATAGCCTTTGATGAGGAATCCACTAATTAAACCTGTTTTTACTGTGACTATTCAAAACATTAGCACCCTGGAGATCTCTGGAAAT,N,no,no,N,0
chr14,32804710,32804940,GGGTACTGTAGGAGACCAGGGCATATCTCAGTCCTTATCTCAACCGTGTAAGACAGACACTCCCAGAGCAGCCATTTATAGACCTCCCCCCAGGAATGCATTCCTTTCCCAGGGTATTAATATTAATATTCCTTGCTAGGAAAAGAATTTAGAGATATCTTCCCTACTTGCACGTCTGTTTATAGGCTCTCTGCAAGAAGAAAAATATGGCTCTTTTTGCCCAACCCCACA,N,no,no,N,0
chr14,27092124,27092326,GAACTAGAAAACAAATGTGTCTCTCTGGAGGTTTAATCAACCAGCAATCTCCAATAGTGCCCTTCTGTGAACATAGTGTCATTTTTATGAAGAATTTATTAACTTACGCTTTATTTTTGAATCAGGGCATGCAATTGCAATGTCATTATTTAATGGTTAGACAATACTCTGTTGATTTATGTGTGGATCATGTTTTAAAGGCA,"[[27092204, ""G"", [""A""]]]",yes,no,G->A,1
chr2,172803250,172803634,GCAGCAAACTTCTGCCTGGACATCCATGCATTTCCATACATCCTCTGAAATCTAGGCAGAGGTTCCCAAACCTCAATTCTTGACTTCTGTACATCTGCAGGCTCAACACCACATGGAAGCTGCCAAGGCTTGGGGCTTGCACCCTCTGAAGCCATGGCCCGAGCTGTACCTTGGCCCCTTTTGGTCATGGCTGGAGTGGCTAGGATGCAGGGCACCAAGTTCCTAGGCTGCACATAGCACCAGTACCCTGGGCTTGGCCCATGAAACCATTTTTTCCTCCTAGGCCTCTGGGCCTGTGATGGGAGGGGCCACCATGAAGATCTCTGACATGTCCTAGAGACATTTTCCCCATTGTCTTGGGGAGTACATTTGGCTCCCTGTTACT,"[[172803420, ""A"", [""T""]]]",yes,no,A->T,1
chr4,154349899,154350172,TGAAATGATGATAAATAAAAATGCCTTCCACTTCCTTTCATTTCATTCTATAGTCTTGGTTCTATCTCTGAGTCTGGAATCTGCTCATTTGAAATTTTCCATTGTGATAAGGTGAGCAGGTCCTGGCTGCTCCACCTACTGGTGTTACTTGATAGAAATCATGAAACTTCTCTCAGCAACTGCTTCTTCATTGGAAACATAAGGAAACGCGTAGGCTCTACCTTACAGATCTCTGAGGAACTCAGCTAACAGGACACAAGTAAAGAAAGAACTA,"[[154350172, ""G"", [""A""]]]",yes,no,G->A,1
chr1,15072108,15072483,TGTTTAACCTATGAACCTCAGTGTACTCATCTGTAAAGTGGGTGTAATTACCCTCCCCTCCTCGTAGGTTCAGAAATGAGAACTGAATGTGTTTTTGGAGTCTGAAAAGGGCTGGCCCCATGATTACTATTCTCTATGATTTGTAACACATCTTGAGCCTGACAGTGCCTCAAATCAAAACTTGTCCCTGGGGTAAAATCAGGGCATCGGGCTGTGTGTGTGAAGTTCCTCCATCTGCCAGGGTCTGTGAACACCAGCCCTCAGAGTGCAAATGCAGTTCCAGCACTGCTACAGAAAAGAATCTGGGCTGCTCTGCCTCAGAACAGGGAGGGTTTGAGTTATTTGCCCCTAGAATCCACCAGCTCTGACAGCATTC,"[[15072145, ""A"", [""G""]], [15072243, ""G"", [""A""]]]",yes,yes,A->G,2
chr15,73326276,73326572,GAACCGGGGCAGCCTGTTTGCATCTATGTGTGCTCCAAAGAGGTGGGAACGCACAACTGCTGCACAGAAACACCCACGGGCAAATGAGGGCTGAGAAATGACATTTCCTAAACTTCTTCCAGCCACCCTGGCCTCTGACTGCTCCAAGTTATGCAAAGTCCCAGGGGACAGTGACTTCCTGGCTGGTTACAGGGATGGAGGCAGCTGGAAAACCTGGAGCTGTGTTTTAGAGAGTCCCTCCCCTGACCCCCAGAGAACAGGTAGGGGTAGGGAGGCAGGGTCTGGACATGGGGCAGG,"[[73326279, ""A"", [""C""]], [73326468, ""A"", [""G""]]]",yes,yes,A->C,2
chr5,109986707,109987147,CTCATTCACAGGTAGGAACTATCAATAGCATTCACGGATTGTGAGTGTACAATGAGATTCAAGTGCTTCACACTTTGCCTATAGGCAATGTTGCAAACAAGCATGTTTTCTACGTGAGTGGTGTATGTGTGTGTGTCTACCATGATTTTCTCAACTTACTGCAGCCATTTTTCTGTATTATCATTGTGCTTTTTGATAGCAATGACCTTGACATTCTCTTTCAGTTGAAGATTTACAGTAGCTTTGACAACAGTGATACTACTGTTCCACTGGCTAGCCATTTAGGACTGCAATTTGATCAGAGGTAAAGAAAAGAACATTACCTCCAAGTCAAGCATACAGACAAACCTCCATTGTTGAGCATTCACTCTTTGCATCAATTTCTTTCCTTAGTAAATACTATTCACCCCCATTATATTACTCTGCTGTACAACCACATTA,"[[109986729, ""T"", [""C""]]]",yes,no,T->C,1
chr18,52333878,52334152,TTGCTACCAAATTTGTGGTTTTAAACAAAAACAAATTTATTATCTCACAGTTCTGGAGATCAGAAGTCAGGAAATGCATCTTTTACTTGTAAAATCAAAGTGTTCACAGGGCTGTGCTCCTTCTAGAGGCTCCAGGGGAGAGCCTGTTCCTCTAGCTTCTAGAGGCTGCTTGCATTCTGTGGCTTGTGGTTCCTCTTGAGCAATGATATCACTCTGACTTCTGCTGTCATTGTCATACATCCCTTTCTTACTCTGCCTCTCTCTTTCAACTTTTA,"[[52333899, ""A"", [""T""]], [52333966, ""A"", [""G""]]]",yes,yes,A->T,2
chr14,104593872,104594180,CTGTGGCCCTCCCGGAACCCACTCTGGTGCAAAAGCCCTGGGCACTCAGACCAACCCTCATTCCAGGCCGGCCAGAGGCCCCGAGGAGGGGCAGTGGCCAGTGGCGAGTGCTTTCTCCTCCAGCAGCTCCGGCCTGTCGGCTCTAAGGAGGGTGGGTAAACAGCGGAGGCTCCTCCAACCACCGGAATAAATTGACCTTTAGCCGCTGTTTCCAAACAGTTGAAGGAGAAACAATTTAATCAGAACCAGGCCTGAGCTACATTAAGCTGATTCTCATTTGAGCGTATTTGCCATCAGACTGCACTCACA,"[[104593932, ""C"", [""T""]], [104594024, ""C"", [""T""]]]",yes,yes,C->T,2
chr2,232042957,232043183,TGGTTCAGCCACAACACATGATAATTCAGATTTACTTTTTCTAGCTCTTGAGTTTACCACATTTACTGACAGAAGACAAAATATTCACATAAAATGTTGGTGTTTTAGTATGTGTTTCTTTGAGTCATCTGCACTGCTGAGCAACTGTATGATAGGCAAGGTTATATTCTGGAATGATGTGGTTTGTTTCTTACTCATGCTCACTGCCCATCAAGATCATCTAGGGG,"[[232043010, ""G"", [""T""]]]",yes,no,G->T,1
chr2,91816213,91816698,CAAGGCGTAGTAACAATGACTGCTAAAATTATGCACAAAGAAAAAGTGCATTTGAATCCAGAGATGTATCTCTCTGAATCTGGATATATGGATCCTGGCAGCCTGTTCAGTAGCCATTTCCCAGAGATCCAGTCCTCTGGAAAAGCAGCAGGAGGTTTGTGCACAGGCTGCACTACCTTGGTCTGGCCACTGGTAGTCGTGCATGAGAACTACTCCCTGGAGTATTTCTCAGTCCACTGACACTGATGTAATTGGCTCCACTTCCCCTGCTGTTGAGCCAGGCCGACACGCCCTGGGCAAAGGCATCTGTGTGAAGTATTGAGGTGCAAATCAGTACTTAAGATATGTTTGGAGGCAAAATACTTTTTCATCTACATGGGCAGTGTCTTGGCAGAAGATGGAGATTCTCTCTAAATGGATGTGAGACAGGGTGGCTGGCATCTGGGTCAGGATGATGCCCTGGTGCATGGCAAGAACATGCATTGG,N,no,no,N,0
chr1,228292231,228292551,CCAATGTGGCACAGCCCCTGTGGCAATCCCGGGGTTGTCTTTTCTCCAACTGAGGTCCTCCGGTTGTCTCCCGCCTACTCTTCTTGTCCAGGAGGTGTCCTCATGCTCATGTTCATCCCTTTGTGTTCTCTGTTCTTCCCGGGCCATTTGCTTCCTCCCCGTGTGAATGTTTATTTGCTCCTTCACATGTGGTCCTTTGGCGGTTTGTGTGGCTCCTTGTGGGTGTCCATGTCCCGTCCACAGAGTCTTCCAGACAGTCTGATGATCTCAGCGACTGCTTGGTCCTTCCCAGCTCTGCCTGCCAGGTTCATAGAAGATGTG,N,no,no,N,0
chr7,41275513,41275727,CGAATGGGGTTGGAATGGGTCTTTGGCAGAAAGCAGTGGCATCTGTCATCTTTGCTTCACCACGATTCCAGCTCAGCACCAGGCATCTGGTAGCGCTTTTCCTCCTCATCACATTTGTTCCTGTTGACTGACCAGATTATTGATCGCTCTGTTCTGCAGCACTGGGTGGGTTAAGCTTGGTTGCCTCCAGGCCTCTGCTTTGGAGTAAATCTCCA,"[[41275597, ""C"", [""A""]]]",yes,no,C->A,1
chr5,4015695,4016174,ACAGATCAAACTAGGGCCACAGGGAGATATAGATTCACGGGGGAGTGCGAATTTAGAAGCACTTTGTGGCAGTCCTCTCTGAGAGGGTACTGTGACCTATTAGCAACTCAAATTTACAGTGAGAAACAAAAATCTGATGTGACGAAGTGAAAAATAGCCCTACTGCTGAAAGTTTGACTGTGAAGGGAGAGCTGGAAATTGAAACAGAAACTGCAACCTTTCAAAATAGCACTGTTAGTTTGAAAATAGATCCATAAAACCAATTACAGACAATCTGAGCTCAAGCTCCTTAACACCTGTATATCCTGACCCAGTGTTCTGTGATAAGACCACAGACAGGCTCACCTACAAATAACTCTGTATAGACTTAAGCTTTCTTAAAACAAGACCAGCGACAGCTCCAGCAGCAGCCTGCTTCCAGATTCTGCCCATTTTTCTGCCAAGATGTCCTTTGAGTAACTCTAGCTCTCAAGCCTTATG,"[[4015811, ""T"", [""C""]], [4016067, ""T"", [""C""]]]",yes,yes,T->C,2
chr12,100752801,100753273,GCAAAGGATCTATACCCATTAACCATTATTATGATAATACTGAATAACAAACAACCCCAAAACCTCAGTGGCATACAGGATTAAGCATTTACTCGTTTATCTAGAATCAGCTGGGACTTGGCCAGAGCTCTGCTGATCTTGGCTGGGCTCACTCAGTATCTTGGAGTTGGCTGGCTCTTGGCTGATCTAGGTTGTCCTCAATGGGAGCAATTGGGATGACTCAGCTGTGCTCCATAAGTCTCTCCTCTTCCAGTAGGCACAGGAATGTGCTTCCTGGCACATTCTCATGACAGTGGTGGAAGTGCCAGAGAAGGGGCCAGTCCAATCATGCAAGCACTCCAAGCTTCTGATGGCAGCGTATTTGCTAATAGTTCATCAGCCAAAGCCATGCCACATGGATGAGCCCAAAATTAAAGATGGGGCAGAATGTCTTATTCTCAGTGGAACAACACTGCTAAGCCACATGATGAAAG,"[[100752815, ""T"", [""C""]]]",yes,no,T->C,1
chr2,95258377,95258646,TGATTGGCTACTTCTAATGGAGCAAGGGTTGGGGGCTACAGCAGCAGGAAGAGCAGTTTTGAAACTAAGGGTGCCAAATAAGGAACAGATGTGGATTGTTATAAATTGGGAATGGACGTGGGTTACAGATTGGGAACAGATGTGGGTTACAGATTGGCAATGGCTGGAAGGTTGTTTACCATAACTAGGGGCAAGGAGGCAAAGAAGTTAGGCTTTGAAAATAGAGGACAAAGAACGAGGGAGTTGAAAAAGTGGAACCTTTGAAGAGGA,N,no,no,N,0
chr3,156409758,156410103,GATATATACAGTACCTTCACTTCTGAGACACAACAAACTAAAAAATGAAGAATAATAAAAAGATCAAAGTAGAGGTTCGAGAATAAAGATAAACTAAAACCAGAACTCTAGCCTGACCAAGCATTAGTCATTTATAACAGGGCTCAAAGTAGTCATGGGCCAACTGTATTCAATGTTATTCTTCTGGAGAGAAAGAGCATCATTAACTTCAAAGTCATTTACTAGCTCTTGATGCATCTTAGTAGCTACTGAGTAAGCATGTGCTGGATTAGAAAAGAAAACAAACAAAAAACAGAAACAAACCAAAACCAATGTTCTGGCAATGTGAGAACGTTTGTAGATAAAA,N,no,no,N,0
chr3,51249912,51250200,TCATTTTGTTCTGTACTAAGAAAAATTCTTCTGCCTTGGGATCCTGTTGATCTGTGACCTTACCCCCAACCCTGTGCTCTCTGAAACGTGCTGTGTCCACTCAGAGTTAAATGGATTAAGGGCGGTGCAAGATGTGCTTTGTTAAACAGATGCTTGAAGGCAGCATGCTCATTAAGAGTCATCACCACTCCCTAATCTCAAGTACCCAGGGACACAAATGCTGCGGAAGGCCGCAGGGTCCTCTGCCTAGGAAAACCAGAGACCTTTGTTCACTTGTTTATCTGCTGAC,N,no,no,N,0
chr8,116096970,116097169,GGGAGAAGTGAGGTTGTCCCTTGTCAGGCTTGGCTCTACCACAAGAACTTCTCCATGCTCTCTTCTCCTTCTGGCTTTCTGCCATGAAGATAATCCTAGGGTAATCTCAAGAGCCATGTGTTTCAAATGGCAGAACAAGAAGAAGAAAGGATGCTGGGTGTTTGAATCATTGCTTAGGGAAAGCTGCCCCACCAGGAACA,"[[116097023, ""T"", [""C""]]]",yes,no,T->C,1
chr4,115841868,115842321,TTTTAGTAAGATTTCTACTTGTCTTTTGCTCCCCAACAATAAGCCAGATTCTATTTCTTGACAGAAGGCTTAGAAGGCAGAAACAACTTACACTTCTGTCTGTTTATGACACTCATTTGAATGATGTATTCATGAGTTGGCAGAGGTGCAGCCAGATAGCCTGGCATAGCTGATTATAATGTCTTAGCAAATGAAGAGAGCCCTAGGGCATTAAAAATTCTCAGCCATTAATACTGGTTTTGCCACAAGGCAGTTACATAAACTGGCAGTTTGGAAGAGGCATGACTCCTTGCATACTCATACACTGATTACCTCTGAAATATCATTAATATTACTAAGTTCTCATTTACTCATAGTCTAATATAAAGAGTCAGTCTTCCATTGTGGAAGCAGAATACATAAACTGATTATGTTGGTGTTAACATGATTTCTACCACAATGCAATTCATCAGAA,"[[115841885, ""T"", [""C""]]]",yes,no,T->C,1
chr12,82550730,82551060,TGCTCTCTTCAAAGCTGTCAGACAGGGATGTTTAAGTCTGCAGAAGTTTCTGCTGCCTTTTGTTCAGCTATGCCCTACCCCCAGAGGTGGAGTCTACAGAGACAGGCAGGCCTCCTTGAGCTGCAGTGGGCTCCACCCAGTTCGAGCTTCCTGGCTGCTTTGTTTACCTACTCAAGCCTCAGCAATGGCGGATGCCCCTCCCCCAGCCACGCTGCCAAATGGCAGCTCAATCTCAGACTGCTGCACTAGCAGTGAGCCAGACTCTGAGGACGTGGGACCCACTGAGCCAGGCACGAGATATAATCTCCTGGTGTGCCATTTGCTAAGACCA,"[[82550831, ""G"", [""A""]]]",yes,no,G->A,1
chr1,242793459,242793715,TAATTCAGTCAGAATTAATCGACATATTGCATAGGGATATAAAAATGTATAGTAATAACAGTGGAAAACACCAGGGAACAAAATTCAGCTAATTACTACCTCTGGTGGATATGAAGTATAATGCAATTGAAGAATGCACACAGAGAGCTCCTACAGTATAATTCATTTTCTAACATTGTTTGCAGGCACATGATATTTGTTTTATTATTGGTCTTCAAACCCCACATATATGCTTTTATGTACTTTTTGCAATCTAT,N,no,no,N,0
chr8,114851804,114852085,GTAGAGGAATCAGGAATGGATCATGAGCCTGAGGAAACTTGTAAACAGGAGGAAGAAAAAGATATAATGAGTTCAAGTGCAATGGACTTAGACTCAACAGTAAAATATCTTTGCAGTCATATTCCAAAATAGAAGGCATTAGGCAATTTCAAGACAGTAGAATGTTTTGAAACAGCTGCTTGAACTTGATCAAGTGCAGAACGTGATATGGAAACAGAAAAATACTTCTTCACTACTTTCTGAACTCTCTCAACCTCCTTACTAACTTTAGAGAGCGTGAGG,"[[114851849, ""G"", [""C""]]]",yes,no,G->C,1
chr18,6982512,6982729,TGAGGTTGTTGCCTTCTTTTAGAAATCTGGAGCTGCGCTGCACGGCCGCTTTCCCGTTAGAAACAAGGGATTCTGAGAGCTGGAAAACAGAACCACTTAAGCGTGGTGAGAGCAGGGCAGGGTGGAGTCCTGCTGGGGACAGAGGAAGTGACTCCATCAGAGTAGCCCCCAGACACATTCCCAGCAAGAAAGTCAGCCAGGTACCAGGTAGGGACAAT,N,no,no,N,0
chr7,118536835,118537097,TCCAGCTAAGCCTCCAAATAGAGTGAATTTCAGAAATCACTAAATCCCAGGCACTCATCTTTTATACGTGTAAAAAAGAGCAGTGATAGCAACGTTCCAGTCACAGGATTGCTAAAATGACCCATTGGGGAATTTGTGAAGCATGTCTTTGAATTCTTTTCCCAAAGGGATTCTGTCTTAGGCAATATTAGGTTTGGCATCCATTAAACCAAACAATTGCTAAGGTACAAATAGCCAGCATACTTCCTAAAATATGCTGTGTA,N,no,no,N,0
chr3,176848854,176849215,TTAAATGGTTTTAGCTAGGGAAGGAGACAGAGTCAGATTTTAAATTTTGAAATGATCTAGTCAAGTGGTTTAGTAGGTAAGTGTAGGTGGCTCCACAAATATAAAAATATAATTTTTCAAAGATGACTAATCCTAAGAATGATTCATCTTAGGTTTCATGCTAAATGTGCTCCAGATTCACTCTTGCTCAATGAAAGATAGTATGAAGGATTATTCTCCACCCCTCTAGGGCAGGATAGATCCTTGCTTGGCAAAGAGCAATACCTGTTTGAGATGTGGATGTAAGTCACTGGAATTAGAATTGAAAATGTTCTGAAGAACCAAGAACTTATGCCCCTGCTTCTTCAAAATATATACAAACT,N,no,no,N,0
chr13,31258417,31258662,CATCTTCTCTCCATATTTAATACTACTATGCTGTTTCAGGCTATCATCATCTCCTGCCTTGACCATTATTAGATCCTCCTGTTTCAGTGGTTTCCCATTCCACCTAAGATATTTTTGCTGGGTATAGCATTCTGAGTTGGGAGCAATTTTCTTCCATTACTGTACAAATGCTCCACCATTGTCTTTCCCCTCTCATCATTTCTGTTGAAAACTCAACTGTATATCTTGTTTCTGTTTATTTGAAAA,"[[31258445, ""C"", [""T""]]]",yes,no,C->T,1
chr11,87813721,87814181,TAGACAGAGTTTAGCTTTATTGAGGGTAGATCTTAAACACTCTTTATGCCAAGTTCTGTTAGCTTGGGTTAATCGTATGACGGTGGTGGCTGGCACAAAATTAACCAATGCTAAATATTAGTATAGCTTAGTTAAACTTTCGTTTATTGCTAAAGATTTATCACTGCTGTTTCCCGTGGGGGTGTGGTTGAACAAAGTGTTTTGAGCTGCATTTGTGCATGCTTGATACTTGCTCCTTTTGATTCAGGTGATCTAGAGGGCATTTCCACTGGGCAGGGATGCTTGCATGTGTAATCTTACTAAGAGTCAATAGAAAGGCCAGGAGCAAACCTATTTGTTTATGGGGTTGTGCAGACCCATCTAGACATTTTCAGGGTCTTGCTTTGAATAATTGACAACACCCCCAAGTGTTATGGGCCCAGAGCAAGGAGGGTAGTACTCCCGAGTGGGATGATGATTTC,"[[87813946, ""G"", [""A""]]]",yes,no,G->A,1
chr3,166200226,166200438,TGGAAAAAACTTTTCACATGCCCCAAACACACATACACTCAGTGTCCTAATTTGTGAGTTTCTTTTTAAATGTTGCTTTTTAACTCAGCATTACTGATGATTAGAGAAATGCAAATCAAAACCACAATGAGATACCATCTTGCACCAGTCAGAATGGCTATCATTAAAAAGTCAAAAAACAACAGATGCTGGAGAGGTTGTGAAGAAAAAAGA,"[[166200234, ""G"", [""A""]]]",yes,no,G->A,1
chr2,154386230,154386607,TCCTCAACTGACTAAAATTAGGGGTTTATATAGCAGGGGAAAAAAACGTAACCATGTGTGGGAAAACAGAATAAGGGAGGAGTAAAGAAGTGGAGTTGATCCAAAGGAAGCAGGTGGTAAGTAAGGCAATCATGATGGGTCAGTGGTCTGTAATCTCATTGTCCATATGTGGTGATCTGGTAAGTTTCAGTTCCTTGATACTATCTGGGTGGCCTGATGGTTGGTTTCCTGAGAAAGTACTCAGATAAGACAAATATAACTTTCTCAAGTTTCAAGACTGGGAGGGTCAGTTTTTATGCTTATTCAAAAGAAATGATAAGCATCAGTTCTGTGGGACAATTGGACCAGTTTCAAATGAAAACCAATATCATAATTCCA,"[[154386276, ""T"", [""C""]]]",yes,no,T->C,1
chr8,89565361,89565615,TTTTTAAAGCCACCCCAGCTATTTTGTATAGGAAGAGGTTTAACACACAAAAAAAATTATTACAGAACCATCAGGAAGTGGGAGGGGCAAATGTTAGGAAGAACTCTTTGGGGAAATTCAAAAGAACAGAGGCCAAATGCAGGGAAAAGCTTCCACCAATGGTCTCAACTGCCTGCAATGCCAAAGTGAGAGATTCTCAGGAAGTGCCCACAGCTGCAAGCAAGAACAGTAGCAGCTCTTCTAAAGCAGGCTTCT,"[[89565374, ""T"", [""C""]]]",yes,no,T->C,1
chr7,79877959,79878213,GTGATAAAATTTGTAACTTTTACTAATTTGTAGTACATGCGGCCTTGTTATCTGGAATCTTGTAAAGCATTGTGAAAGAGTCTATTGGCATAGTCAGTGTGGTGTTACAACTAAATCAGGAACATATGGTAAAGCCGAGTGACCAACCCATGTCTAAAAAATAACCTTGAATTAATGCATATAATAAACTAGACACAATGTGATTTTTGTTCTCCCTGAAATATCACTATAGCACTTAGTGTAATCTCATTTTCA,"[[79877979, ""C"", [""T""]], [79878032, ""T"", [""G""]]]",yes,yes,C->T,2
chr21,37812438,37812722,AGAAATGGGTGTGAAGACACATTAAAAAAAGAAAACTACACACCAAAATCTCTGATGAATATTGACGCAAAAATCCTCAACAAAACACTAGTTAACTGTATTCAACAACACATTAAAAAGATCACTCATCATGACCAAGTGGGATTTATCCCTGGCATGCAAGGATGGTTCAACATACGCAAATCAATCAATGTGATACATCATATCAACAGAATGAGGGACAAAACCATATAATCATGTCAATTGAGGCTGAGAAAAAATTTGATAAAATTCAACATTCCTTCA,"[[37812503, ""T"", [""C""]], [37812573, ""G"", [""C""]]]",yes,yes,G->C,2
chr1,3410636,3411024,GGTGCGGAGAAGGGAGGTGGGAGGACACTAGGAACACTGTGAACTTCTAGAGAGCAGGAGGCACAGTCTGCGTGGTCAGCGTCCTGCCCCCACCCCTGCTAGAACAGCTGCAAAAGTGAAGACGAAGGCAGGGCGGGCCCTGAGCCAGCTTGCCCTGAATCCACTGATGGAGTGGCAGACACCATCACATGCATTCGCTTTCCCCGTGCCCCGCCCTGGAGAGCAGGTTCACCTTCCCCAGGGACTTCTGAAAATCTTGGCTCCTAAACTAGCAACACCGTGGGGTAGGAGGGTGGAAACAGCAGTGGCAAGCCCATTCTCCAGCAAAGAAGGTGGCGGCACAGCAGGAGCTGTACCAACCGGCCCCCCGATCTGTGCTGGTCACTGGA,"[[3410646, ""G"", [""A""]], [3410985, ""A"", [""G""]]]",yes,yes,A->G,2
chr1,174583909,174584379,AGTAGGGGAAATGAAGAAAACAAAGCTTGGCGACACTGAGTAACTTGTCTAAGAGTATACAGTGTGTAGGTGGCTTTAAAACCCGAGTTTTTTTCACTTCCATAAGCTTTCTGAAACAGGCATTCCATTATGAAGGGTCAGCCTCAGTGCTTGTCCCTATTGTGCCTAAAGAAGATTGAGAAACATGGGGTGGGGCGGGGAAGTCCCAAAATCATCTTGGATAGCCTAAGCCTTTATGCATTCTCACTGCTTAAATGGAGAACTCTGGCAATGTCAACATAATCAGATCACTGCCATCTCAATACAGGATTAAATAAAATTGCTCTCATATTTTTTGGCAGTCTGTGGGTAAAAATTATCTCTGAGATCTGTACAATCATATGTGGAGTTCATTTAAGCCAAAGTCTATAAAGAATGTTTAAGACCATGCCCCTGTTTGTGCTTTTTACTGGTGTTTCTCTATTAGCCTGG,"[[174583944, ""T"", [""C""]]]",yes,no,T->C,1
chr8,9316955,9317416,AAGTGTATATGCCAACTTTTCTTAAATTTTGTCCACTCATTTCTGTTACCTGCCTGCTGTATAGGCATGTGACTTTCAATCCCTGGCCTGAGAGTCCCTGAACTTGAGGGAGGATTTGTTTCTGCACATCATGTGGCTGCTGCTGGCGGCTGCATATCTGAGCTCAGGAGCGGAACACCACTTGGCCTGGGCAGAAACCCAGAGTATTGCCACAGAGAGGGCAAGCATCCAGGGACTGATCACATGAAGCTCCATCCACAATACTGTGTGGCACAGCCATGCAAGAGATACAGTTAACTACTAACAGTTTTCAGTTTCCAGATGCCTGGCCTTGACACCAGAAGTGATCATCAGCCCCTTTGTGCTGAGCCAGACTGGAATGGAAGAGTATTTTCTTGAATGAGAAGTGGAGGTCCCTAGAGGGAGATACTTGACTTCCTGGGACAAGTAGGGGCCTATGTG,"[[9317108, ""G"", [""A""]]]",yes,no,G->A,1
chr16,46730894,46731282,CAAACCCAGGTCTCCCGGCACCCAGGACAGTGCCCTTGGCAAGGCCGAGAAGTTCTATCCAGTCTGTTCATGACATCTAGAAGGTGATCCTAGTGGATCTGTGTGGCCCACAGGAAACAGAGGACCCATGTGGACAAGGTGATGGGGCAGTTAGTGACGCCACTATTTTTAAAGGGACTGTAAAGTCAGGGCTGTGGAAACTCATGAGGGTGTTATGAGAGGGAGGCAGCTGGAGAAATAAACATCCACCCTCTCTCCTCTCACCCTCCATCTCCTGCCAGCTGAGCCCAACCAGAAGCTCAGCATGACAGCCCGTGATGGAGCCAGAGGGGCAGGCCCCGGGGCACAGGATTGGGGAGGGGGTGGACAGGGGATCTGTCGGCAAGGGA,"[[46731017, ""G"", [""A""]]]",yes,no,G->A,1
chr5,164301777,164302165,ATAAATTCTAAGTCATATGTTAAGAATACATTTCTTATCATCTGGAGCACCTATAGAATGTCATCACCATATCTTCCCTTTAAAAACCCAGGTCTTCTAAATGATGTTTCAGTTCCAACTGAAAACATGTGGTGAGTCCAGATGTTCAAACGCAATCACTCCCCAAAGGCTTACAGTTACAGGTTGATTCAAGAATGGCTATGTATAAATACACACATCAGAACCCTAATTTAAAATTAGAACGCAGGCTGTGAAGTGCATAAAAATGGTAAGAAACCACAGTTGGCTGTGTAAATTCCTTGTTCAAATGAAAATGCATTCTCCGCCCCATCAATGTAGCACATCTGGTAGAGTCAATAAATTCTTACAAAAGTTTTAATATATATGTA,"[[164301788, ""A"", [""G""]]]",yes,no,A->G,1
chr12,6253904,6254163,AAAAGAATTTTAACATTTTCAACTCTGTGAGAGACCCCATTCTTCATGAAATGGAGTGATTTGTAGCTGTTATCGAAGCGTGAAATCTGAATTTCATGCTGTGAGAATCTGCAAGAGTGACTCAGATAACTGGTGAGGGAGGCTGTGGGGTACATTGCAAAGGCCTTGTAGGGAGGGAGACAGACTTGAGATCAAATCCTGGCTCTGACACTTACTGAGTGATCTTGGACAAATCACTTAACCTCTAAACTCCTGGCTCT,"[[6253965, ""C"", [""T""]]]",yes,no,C->T,1
chr1,180225035,180225407,CCTTGTGGCTCCCTGAACAAGACAGTGGCTCCCCAGCGGCTGGGCTTAGGGTTGGTCTCCCTGGTTCTCTCTGCGGGGATGAGTAATACGGACCGGGGCAGAGGGTCTATATCAATCTAGCCCAGCAGAAAAATGAATGAAAATTGAATTCCCCAAGGAGAATCGGGGAGCTGTTATCCAGACAGAGATAAATCAAAGGATGCCACAGAGCCCCGGGAGAGCAGGTTTCCAACAGCAGGAGAATAATTAAGGAAACAGTTTCAAAATGCAAATAATGAAAGGGGCCTTGAGAGGAATGAGGATGAGGAGGAGATGATTAGAGCTGGGATGACAGGGAGGGGAGCAGGGGCAGTGAGATTCGTCCCTCAGTGGA,"[[180225071, ""G"", [""C""]]]",yes,no,G->C,1
chr14,82806474,82806754,GGTTATTCAGGGTTGCTAATTGGCACTTATCTGGAAGAGAAACAAAATTCTCATGTCTTTATGACAGGCGTAGTTTTGCAAGTTGGAGCAAGAAGCCCATTGCCTGCCCACTGAAGTTAGCCCCTTAGCCTCCCACAGGGAGTCGGAGTGAGAGTTATTTTCTTGAATCTTTACATTTCAAAGAACTATTTCCAAGTCCTTGAGGAGACAGTTCTGGGTGGTAGATTTCCATCTCAAAGGGGCAGAGAAAGGATTTATAATTGCAAACTTTCTAAAATAAC,N,no,no,N,0
chr3,142035603,142036056,TGGTTTCGCTGTGTCCCCACTCATATCTCATCTTGAATTCCCATGTGTTGTGGGAGGGACCTGGTGGTAGGTAATTGAATCATGGGGGCAGGTCTTTCTGGTGCTGTTCTTGTGATGGTAAGACTCATGAGATCTGCTGGTTACTATAAGTGGGAGTTTTCCTGCACAAGCGCTCCTCTCTTTGCCTGCTGCCATACACATAAGACATGACTTGCTCCTTCTTGCCTTCCAGCATGATTGTGAGGCTTCCCCAGCCACATGGAACTGTAAGTCCAATTAAACCTCTTTCTTTTGTAAATTGCCATGTCTCAGGTATGCATTTATCAGCAGTGTGAAAATGGACTAAATACTAATCAAGTTCTTGACTTCTCAAAGTCCACATACTTGGTGACTATCAGTATTAATTACAGATATGAATTCAATGAGTAGATTTTAATCAAAAAGCTAACTAAAG,"[[142035716, ""A"", [""G""]]]",yes,no,A->G,1
chr13,31769575,31769972,TATCACCGTAACATGACCGAGGCAAATAGGGAAGAACTCGCATCCCTTTCCTTCTGCACTCCATGTGCCCTATGATTATATTGCTCTTTTGATGACTTCTTGATACTCTTGACTCCTAGTGATCTATAATTTCTAATTCCATGCCACATGTGTTGCTGCTAAGTGATGTGTGTGCTACATCTTGTACTCATGCACTTAGCATTTGAGAGTTAGTCATGGGTCCTTAAATACATCCCTAGTCAGTTTCATCCTGTTAGAGTCAGCTTTTCTTACCGGAGTGTGAAGTTCTTTTTGTATTTTCCATCATAGTCACTACTCCTCTCATAATTATGTCATCTGCAAATAAGATCAACTACCTTCACCCAGGTCATGGAGTAAAATATTGAAGAGAACAGCAC,"[[31769636, ""T"", [""C""]], [31769860, ""G"", [""T""]]]",yes,yes,G->T,2
chr3,66744550,66744896,TTAGACAATGTAATTCTGATTACACCTGCTTTTAGGGAAAAAAATCAGTTACCCTAAATTAAATTAACATTTTTAGTGTATATAATTTGTAGTTCAGAATGAGCTATAATTATCATTTAGGAGAAACCATGTGGAATGCATTACCAGCCTTCTAAGTCTTGGGTTTTAACCATGATCCATGACTCAAAATGCTTTATCCAAACAGGTTGTAAATTCTGAGACAAGCAAGATGCATTTCAGTCATTTCTACTTTAATTCCAAATGAAGAATTCATTGTCTTTTCAAATTATAATAAATTGAAGAGCAATTTCCCACTAAACAAATCAAGGAAATTGAAAAATTACTTC,"[[66744566, ""C"", [""T""]]]",yes,no,C->T,1
chr8,124220574,124220853,TGTTCAGGCTCAGAATGACAGAACAGTTTCAAAATGCTAATTTTCACTCAAAATGCAAATTATATCACTTAAACAAATACTGTCAGTAAGTTTCCTTGAAATAACAGAGTCACTTCATTCATTTTTGAGAAACTATCTGCCAAATATTCAAGTATGAGTAACCGTGGTTTGTCAGTCATTTGCTTAAAAAGAAAAACCAATAGTGTTTCCTGAAAAACTCAAACAATAGCACAATTGCATTTCTTCTAGACAACTGTTTTGCATTAGTATGCAGCAGAAG,N,no,no,N,0
chr2,170420579,170420817,TCCCTTATGAATAATGGAACTAGCAAATGTTAATTACATGGGCTCCTCATCTTCATCAGTCTGCAGCTGGAGCTGTGCAATTCAGCACATTGGTCTAGCCAGCTGCACAGTCCTGTCTCATGTGACCATCTTGTCTGACTGAAAAGATCATAAGTGCCATGAGACCAGAAACTGGGTCTCCTGTTTCATTTATATACCAAACATGTAGTCAGTACTGGTCACATTACTTCACAGCCCCA,N,no,no,N,0
chr2,105893617,105893991,CCTTACATGGCTCCCGGACTGTGCAGGGAGCCGATACGTTTGCTGATAGCAATACTGGAACCACCGGGTGCGATGGCAGTGAGGAGACTGCCCAGTGCCTTTGGGGCTGTGCTTGCAATAAAGAATTTCCTGGAAAGGCAGTCTGCAAAAGAGGGAACCGGTGACTCAGAAAGACAGATGTTTTGGTAATTTACCCCAAATGTGCCATCCACATAGTGCTTTTTCCTCTTGCCCTTCGGCTTGTTTGAATCTCACAATTATGTATTTAATTCTCAAAGAAATATGTATCTGTAGCCGTTTGTTGACACTAATACAGATGATTAAGGAAAACAGCTGATCTTTGGGGAAGGGAGCTACCAACACTTTATACACACA,N,no,no,N,0
chr10,88515296,88515620,TTTCTCCATTACTTACTGTTCCTGTCTCAACCTTCAAAACTGCTTCACTTAAACTCTACTGAATTACTTGCAGGGTCCAATTATGCCATGTCTTTCCCATCTATGGGCTCTTGTATATGTTGCTTCTTCTTTGTGCAACGTTCTCTCAATACTTTTCTCCTGACTAATTGCTACTGGTCATTCAAGACTTGGCTAAAAGGCTGCTTTTACAGCAAAGGCTTTCCTTAACTCCTCAAGGCTGGTTTCAATGGCCTTGCCCTATTCTTTCATAGCATCTTATGTGCACTCTGATCAGAACATCACCCTTCTGTAATGTAATTAGCTA,N,no,no,N,0
chr14,61803780,61804085,AGAAAAGAAAATGAAGAATATAGAGTGACTCCTCAGGGTTGTCAAGTCAGAATCACCTTGTTCTTTGGTGGATTTAAATATGTTTTCTGATATAAAGTTTTAACAAAATGAGGAGACTATCTCTAGCAATTTGTACAGGCTACATGACTACAGGAAATGAAACCAGGCAGGTGTAGCCTACTAGGAAGGCCTCGTTTGGCCTGAAACTTGTGGTGCCAAGAGGAGATAAGTCCTGGCCTGGTCAATAGCTCCATCCATTTAGTTTTTAATTTTTACTTTTTTTGTTCTGTATCTGAGAGTTTATTT,"[[61803922, ""G"", [""C""]]]",yes,no,G->C,1
chr12,41500113,41500352,GGGTCTGTACTTCAACAGAGGGATCCCACCCTATTGTTGCTCTCTCTTATAGGGAACATTGTCAGTAAGGGAACAGACTACTGGAGGTTCAGGCTGCCTGGGTTAGATATCACTTATTTTCATTTGTCTGAGAAAGCCAGCTGCCTGGCAAAGTCCCTGGGGATTTTGGAGCTAAGGGAAGCTGCAACACCCTATACCCAGGGAAATGAAGCTCCCAGTCTCTTGTTGTCCAGACAGACA,"[[41500122, ""T"", [""C""]]]",yes,no,T->C,1
chr1,13779928,13780228,AGCTAAATTAGGTCCTGTTTGTGTGTCTGCTCCTGCATCAATGTTGCCTGTGACCTCAAGTAGGTTTAAGAGGCGGACCAGCTCTCCTCCCAGTTCTCCACAGCACAGTCCTGCCCTTCGAGACTTTGGAAAGCCAAGTGATGGGAAAGCAGCATGGACCGATGCCGGGCTGACTTCCAAAAAATCCAAATTAGAAAGTCACAGCGACTCACCAGCATGGAGTTTGTCTGGGAGAGATGAGAGAGAAACTGTGAGCCCTCCATGCTTTGATGAATATAAAATGTCTAAAGAGTGGACAGCT,N,no,no,N,0
chr12,3649178,3649476,TATGTAACAAACCTGCACGTTGTGCACATGTACCCTAAAACTTAAAGTATAACAATAATAAAATAAATAAATAAATAAATAAATAAATAAAAAAGAGTTTGTCCAGGCTCCAAACTGCCCTATCCTATCCAGACTTCAGGGAATTCAAATCAATATTCTTCTCCAGCCAGATCTTGAAGGGTGAGAGCAGAATTTGTATTACCTTCCCTCCCATTCTCACCCCACCCAGAGGCTGGTTCAGTATGTTTTTAGGAGCTCTGGAAGAATCACCTTCTCTTTCCCACCCTCCTCCCAAAGTC,"[[3649239, ""G"", [""A""]]]",yes,no,G->A,1
chr1,224630126,224630370,GCTTTGTGAGAACTGAGGAATGCACCTGCCATTAAGCACAAAGGGCATCTTGCCAAGAATTTTGTTATTGTTCATTAAAACCTTATTTGCATTTCTGCTCTCAGATCAGTGCAAAGGGTTAGCACATCTGTGGTTGAGGAGGAGAGAGTGTGGACCAGGCGGCCTTACCTGTGCTGCAGAGGAGCTGAAGTCTTACACTTCCATATTTGCCCCTAAGCTGGGGGTTGTTGGGGGCATGGAAATGA,"[[224630132, ""C"", [""T""]]]",yes,no,C->T,1
chr18,1213117,1213526,CAGTATGATTTCAGCTGTGGGTTTGTCATATATGGTCTTTATTGTTTTGAGTTACTTTCCTTTTATGCCTAATTTATTGAGATATTTTTTATCATAAAGCGATGTTGAATTTGATCAAATCCCTTTTCTGCATCTATTGAGATAATCATATGGTTTTTATCCTTCATTCTGTTTGATGTGATGCATCACCATTATTGATTTGCATATGTTGAACCATCCTTGCATTCCTGAGCTAAATTCTACTTGATCATAATGTGTTATCCTTTTGATGTGTTGTTGGATTTGGTTTGCTAGCATTTTGTTGAGGATATCTTGTCTATATTTATCAGTAATATTGGCTTGTAGTTTTCTTTTCTGGTTTTGTTATAAGGTTATGCTGGCCTCATAGAATGAATTAGGAAATTATAGTA,"[[1213128, ""T"", [""C""]]]",yes,no,T->C,1
chr6,85429352,85429701,ATTTAGTAGCCATTTCTCCAAGATATACAAATGGCTAATAAGTACATAAAAAGATGCCCAAATAATTAGCCGTTAGAGAAATGCAAATTATAACCAATGAGATATCACTTCATAACCACTAGTACTTTGCAAAACAATTTGGCAATTCCTTAAGATGTAGAAACATCGAGTTTCTACATAAATCAGTCATTCCGCTCCTAGAGAGAATTGAAAACATATGTTCACACAGAAACCTTTCCTAGAATTTCATAACAGCATTATTCATAACAGGCAAGAAGTGAAAATAATCCAAATGTCAATCAATTGATGGATGAATAAATACAATGTTTTATATTCATACAACGGAATAT,"[[85429422, ""T"", [""C""]]]",yes,no,T->C,1
chr11,61272279,61272557,TACATACACATACATATGCTCAGACACACACATACAGATACTACTCAGAGAGACACAAACTTACACACAGACACACTCATAGAATCATACACTTACATGCACATACACACATACAGACATGCATGCTCACACAGGCACACACAAAAACACAAAAACAGACACATAACATACATACCACAGAGACACACTCATACTACACAAAACATACACATACATGCTCATACACAAAGACACATGTACACAGACTCCCACAGATACCATTAACACACTGACACACAC,"[[61272311, ""C"", [""T""]]]",yes,no,C->T,1
chr5,66230697,66230939,GACTGTGTGCCAGTTCTAAGGCCGGGCCTCAAGAGGCCTTGTGTACTTCCTGCTGCTGCTGCCATGGTGACAGGCTGAGGCTAGCCTGTTGGAGACTGAGGAGTGCTGGGGCACCCAGCCGATAGCCAGCACATTCTTACTAAAGAAGAAACATTAACATTTGGTAAATGAACATGGTATCATATTTTAATCTGTATTCCTTTGATTACTAGGAAGATAGAACATTTAAAAATCTATTTAGTG,"[[66230720, ""A"", [""G""]]]",yes,no,A->G,1
chr11,108975087,108975409,TAATTTGCTTTCCTGGTGTCATTGGGGAGACATGGAGCTTTCTAGGATGCTGGAAACTAGGGCAGACCCACTTCCCCTGGAGGCTGGTTTCTAAATGCTGCTGACAGCCCTCACCATGCCCTAATAGGGAAATATAAGGCTAGCTTCCCTCAACCACTCCCTACCTCTCCATGCCTCTGCCATTCAAACCTTGCCCAAATATTTGCAGGCACACACAAATCCTGAGCAAATAATTGCCCACAGAGTTAAATTGTTTGTAGTATTTAGTATTCTGTGCTGCTAGTGTCTCTCACACACTCTATGATTTTTTTTTTTTTTTCAGA,"[[108975118, ""G"", [""A""]]]",yes,no,G->A,1
chr22,36073497,36073821,ACAAAAAACAACAGAAAAACAAAAACAAAGAAGACAAACAAATGGCCAATAAGCATATGAAAAGATGCTCAATATACTTAGTCATTAAGGAAATGCAAATCAAAACCACAATGAGATATCACTTCCCATCCACTAGGATGGCTATAATCCAAAAACCAGAAAATAACCAGTACTGGTGAGATGTGGAGAAGTTGAAACCCTTGCATATTACTGAATGGAATGATAAATGGGAGTTACTATGGAAAACAGTAACTGCTTTGGGCCTGGTGCAATGGCTCATGTCAGTAATCCTAGCACTTTGGGAGGCCGAGGTAGAAGGATCACT,N,no,no,N,0
chr4,127012561,127012909,AGACCCAAATTCCAGAGGGTTAAAGATTTACTTTTTTTGGTGGTAGTATGGATTTTATTCAGAGAAGGCAGCTGGACATTTGATGAAACTAGAAATGGATATAAGGTCTCTTACATTTGAGTTTTCCTCACTTTGAACCTTGTCCAAGTGGTGAATGAGTCATGACCAAATATTTTCACAACTTACTACACATTTGGTGATCATTGAGCCATGAGCTGATGGCCTTCCATCATTCCTTGGTGGGCAGGTGTCACCACTACTAATTAGGCTTTTGCTTAAAATCTGCTAGGGAGCCAGAAAGCAAGAGGGTCTGGAGACTGAACAGCCCATTCATGGCCTGCAGTGGCCC,"[[127012587, ""G"", [""T""]]]",yes,no,G->T,1
chr13,96017179,96017576,CTCAGATGGCACTTAGGACATTGGACTTGATGTTGGAATGAGTTAAGACATGGGGAAGAAATGACTGTAATTTGCAATGTGAGAAGGACATGAGATTTTGGGGGCTAGGAAAAGAATGACATAGTTTGGGTATTTGTCCCCTCCAAATCGCATGTTGAAATGCAATTCCCAGGGGCCCCCCTTACTCTCTTGCTCATGCTCTCACTATGTGACATGCCTGTTCCAGCTTCGCCTTCTGTCATGGCTGTAAGGTTCCTGAGGCTCTCACCAGAAGCCAAGCAGATGTTAATGCCATGTTTGTACAGACTGCAGAACCATAAACCAACTAAACCTCTTTTACTTATAAATTACCCAGCCTCAGGTATTTCTTTATAGTAACACAAAAACAGCCTAACACA,"[[96017217, ""C"", [""T""]], [96017392, ""G"", [""A""]]]",yes,yes,G->A,2
chr2,228699467,228699749,ATAATGGTGGACACGTGTTAATGTCTGGGCTGTTGTCCCACTGATTTTTTTTTTAATAACAATACTGATAACGGCAAATGAGGTATTAGCCTAGTCGGTGTACCACAATAAAAGGAACCACTATGTGGTAGTATAATGCAGAAAATGGTAGGAATCGGGGCTCTAGCTGTAATGAGATGTGCTTTGTCTGGTCATATGGTCTTCAACTTGAATTATTTAATCGATATAAACTATAGTGAACTAGTGACTTAGAGAATATTGATAACACTGTCAGATTGTTTAT,N,no,no,N,0
chr10,133180012,133180238,AGCCTCGTCCTGCTGCCCTGGGGCCTCTGAGGTCCTTGTTTCCTGAGAGGAGCCTTCCCTGGCAACATGACCCCCAGGGAACTCACTCAAACGGCTGCTCTTCGCCGGTGGCTCAAATACTGCAGCTTCTGATTCCAGCACAGTTTCTCACAGAAATCTGTTTCTCCATGTATCGCTGTCTCCTGACCCCCGCGGGCAGCACACAGTTGTGTTTCCCTCCTTCAGGG,"[[133180039, ""C"", [""T""]]]",yes,no,C->T,1
chr20,1064772,1065162,TGCAGCCCTAAGCTTCCAGGTGACCCCAGTGGACCAGTCTGCCCAGAGCATATCATTAGTTAGGGGCACTCTGCAGGAGGATGCCTGCCTTTGCTAGTGCATAGCTAATGTCCCAGGGGGCTTCCTCTAATTAAAACCCAAACTGCAATTATAGTTGTGCCAAAGCATGTGCACATGGTGCCACTTAAAAGGGACAGATTGACAAGGCGTTAACAACTCCAGAGGCAGCATTGTCCCAGCACCAGGTGCTACCAATCATCAAAATTAGAACCAAATGAGTCACTGGGGCTCAAGATACAGTATCCAGTGCAGACTAATGGGTGATTCCAAGAAACTTATGAGGATTATTTAAAACACACTAACTATGCTCCTTCTACAGGGCCTTTGCACT,"[[1064950, ""C"", [""T""]]]",yes,no,C->T,1
chr18,60980724,60981040,TGTAGTTTTGTGACTTTTTCCATTACACAAGGCTTAAGAGGTTAACATCTCCATAATTTCTTTCTTGACAGAGTCTCACTTTGTCACCCAGGGTGGGGTACAGTAATGCAAACACGGCTCATTACAGCCTCAACCTCCCCAGCTCAAGCGATTCTCCTGCCTCAGCCTCTAAGTAGCTAGGATAATAGATGCATGCCACCACACCTGGCTAATTTTTGTATTCTTTGTAGAGATGTGTTTTTGCCATGTTGCCTAGGTTGGTCTCAAACTCCTGAGCTCAAGCAATCCACTTGCCTCAGCCTCCCAAAGTGTTGGGT,"[[60980762, ""G"", [""A""]]]",yes,no,G->A,1
chr5,91422586,91422798,CTCTAATTTTATCTTCATGTTCTTAAAGCTTTGCATGACCTGCACCTGCTTCTGTCTCTGACCCCATTTCCGTTCTGCCTTATATCTGTTGGTCATGCTGGCAGTTTTGAAAGCCAGATCAAGTTCTTTCTCACAAAAGGATTTTGCACTTGCTATCATCTTTTTTAATACTTTCTGTATCTTTCCTCTCAGGTCTCAGCTGAAATGAAACCT,"[[91422618, ""A"", [""G""]], [91422657, ""A"", [""G""]], [91422700, ""T"", [""C""]]]",yes,yes,T->C,3
chr2,118699475,118699717,CTTGCCCCCCATCACTGGTCAGATGCTCCTCCCTGGGGGCACATATTCCCCCAGAATTCCCCCTTCCAGCCCATCACATGTAAGTGTTGTAATTTTTCGTTTATTTGATTGATTCGGCCTCAAGCCTAGGAGTCCCTTGAGAGAAAGCCTGTGTCATGTTCTTTATAAATACCCAGGGCTGACAGAGGCCTGGACTTGAAAAAGGCCTTAGAAATCCATTTGCTACTAAAAAAACCTAGGTTC,"[[118699478, ""T"", [""G""]]]",yes,no,T->G,1
chr19,39014033,39014443,TTCCTGTGGGCATTTTTATGTGATCCAGATGGTCCAGTCAGCGTCCATGATGTTTTCAGTTTAGGTCCCACGGAGGGTGCCCTAAGTCTGCAATGGTCTCATAGTCGAAGTGCTGTTCCTGGAGTGTGCGCCCGTTTTTAATTTAGCACAGCACATGCTGAGACTGAAACAGCACAGAGCAGACAGCAGTATCAGGTTTTGGCTTACAGTCAGGTCCAGGCCAGTAGGATCTGTGAATTCAGGAAGCCACAAGTCAGTGGCTGTTCTTTGGCAGCAGCAAAGCCAAGATGCTGCAGGCTAGAAGGTTCTGTTTCAAGTGCAAGTGACAAACAAGGCTTTCCTAAGCCTTTTTACCTCGTCAATCTTAGAGCTGGAATTGGTGCACTCAAAAACACGCACGGGCTGGATGCA,"[[39014075, ""A"", [""G""]]]",yes,no,A->G,1
chr5,103236528,103236750,TGTTTTAAGTTTTTATTATGTTTCAGTGCCAGTTTTTACTCTTTCAATACAAAGAATAGGCTTCTTTTGCTTTTATCTTCTGCATTGATTTGTATGGTTTTCCGTTCTTGTTTGTACTTACTCTTGAACAAAGAGGTTTCTAATTATGGAAGTCAAGATTGAAACTGACTTTCGACTCAGTCTACCTTAACAGATGAGAATGTTTTTATTTCCTCATACTTGT,N,no,no,N,0
chr7,87323070,87323376,TCTACATAAAGCATGAATTTCTGCTAGCTCCACCCTGTCCTCCTAGTGTACATGTGGGCCCTTAGCTTGAGGTACTCCAAATTGCTTTGTTCCCCAAAGTATGTGTGAGGGGGGCAGAACTTTGCTGAGCATGTCTGGACAAGTCACCTGTGAAGCCTTTCTTATCTGTGTGGCTGTGGCCATGTCTTAGGCAAGCCGCCCTGTGCAAGTTCCCTTATATGTGCCTTCAGGCTGTTCTTTTGTTTGAAAGAATTCAACCAATGACCCACTTTAACTGCCTCCCTGACCTCTTTCTTCCTTTCTCCTG,"[[87323073, ""G"", [""A""]]]",yes,no,G->A,1
chr11,38082763,38082981,GTTTTGACCATATTATCCACTAAATTTGTTATTGGTTTTCCTTCATTGCCTATCAGGATGAAACTCTAGTCCCAAGGGTATCCATGTTTATTGACCCTGGTTGCTGACTGACTGTTCAGCATAGATAGAGACAATCACACAATTGAGCATGTTGGTCCTATGCTTAGTCCCATGACCACTAGCCTCATATAAGTGCTCAATACTACCTGGCTCATAATA,"[[38082771, ""A"", [""C""]]]",yes,no,A->C,1
chr7,862154,862569,GAGATCAAAATCTTGGTTTTCTGAATTTTTTAAATGTAGGATTTGCAAATAGGGGCTGGGGGACTCACATCACTCAGAAGATGCTGTGTTCAGTACACGTTAGTGTGTGGAGGGGCTGGAGAGCCTGCAGGGCAGGAGAGATTTCTAAAACCCACGATGATGTAGGGCTGGGTAGGGACTCTGCCATGTGGTTGCGCAGGATCCTAATCCCATTAGTACGGGAGCAGCTGGGTTTGATTTCAGTCATTTGCCACCCTCTGAGTTCTTTCTGTGGTGGCTGCAGACTGAAGTCGTGATAAAAATGGCTGGATTCTTCCAAATGGTAGACAGACATCAACAAGGCTACTGGTGTGATCGGTGTGTGTTTGTTTAAAATGACCTTTTTAGAATATTAAGTGCTTTTAGTTATATATTTT,"[[862156, ""A"", [""G""]]]",yes,no,A->G,1
chr13,52502336,52502681,TCTCTTCTTGGAGAAAGCAAGTAGGAGAAGTATCACTGAGTTCTTTTCCCAGCAAGGAATAACCCTGGGAAAGGAATGCATTCCCAGGGAGAGGTCTGTAAATGGCCGCTCTGGGAGTGTCTGTCTTATGCAGTTGAAGATAAGGGATGAAATACTCCCTGGTCTTCTGCAGTGCCCTCAGGCTTGCTAGGATTAGGAAATTCCAGCCTGGCGAATTCTAGTCGGACCCATTGTCTGCTCTGGAACCCTGTTTCCTGTTAAGATGTTTATCAGTGACAATGGGTGCCCAGTGGGACATGGAACCTCATCAGTAATTCTAATTTCGCCCTGGCCTTGTGATCTTGCT,"[[52502433, ""A"", [""G""]], [52502464, ""C"", [""T""]]]",yes,yes,C->T,2
chr17,69195666,69195896,TGAACAAGGGTCTCTGGCTTTCCTAGGCAGAGGACCCTGCGGTCTTCTGCAGTGTTTGTGTCCCTGGGTACTTGAGATTAGGGAGTGGTGATGACTCTTAAGGAGCATGCTGCCTTCAAGCATCTGTTTAACAAAGCACATCTTGCACCGCCCTTAATCCATTTAACCCTGAGTGGACACAGCACATGTTTCAGAGAGCAAGGGGTTGGGGGTAAGGCCATAGATTAACCG,"[[69195680, ""C"", [""T""]], [69195713, ""C"", [""T""]]]",yes,yes,C->T,2
chr7,3174923,3175253,TGGTGTTTTGGATTCACCGTAAACACCCCGCAGTAAATTCAGCTCCGGGATTTGTATCTGAGTGTTGCAAGGAGCAGGTAATGTATTCCAGGGATGACACCCTGTTTTCTGAGCATCATTCGGAAACATTTTCACATGGCTTCCAATCTGTCCACCTCTCGCTTTGCAGCCCCATGTGGCTCCCTGGCGGGAAATTGACTGGGAGAAGCGAGTCAATAAATCAGGGATGGTGCACAACATTTGTGTTTACTCCACTTAAACCGATATTTACTGGGGAGTCCACCTCCCGGGGCCCCTGCCTCCTCTCACACAAGGGTGGGTCTTTAAATGT,N,no,no,N,0
chr2,180964923,180965277,TGGGGTCGGAGCCCCCACACAGAGTTCCTACTGGGGCACTGCCTAGTGGAGCTGTGAGAAGAGGGCCACTGTCCTCCAGACACCAGAATGGTAGATCCACTGACAGCTTGCACTGTGCAGCTGGAAAAGCCACAGGCATTCAATGCCAGCCCATGAAAGCAGCTGCGAGTGGGGCTGTACCCTGCAAAGCCACAGGGGAGGAGCTGCCAAAGACCATGGGAATCCACCTCTTGCATCAGCTTGACCTGGATGTGAGACATGGAGTCAAAGGAGATCATTTTGGAGCTTTAAGATTTCACCGCCGTGCTCAATTTCGGACTTGCATGGGGCCTACAGCTCCTTTGCTTTTGCCAAT,"[[180965088, ""G"", [""C""]]]",yes,no,G->C,1
chr22,43703617,43703828,CAATACATGAAAAAAAATAAAGGTTTGACAAAGAAATAGAAACAATTTTTTTAAAACCCAAATAGAAATCCTAGAGATGAAGAATACAATAACTGAACTGAAAAAAAAAATGCAACCAAAAGCTTCAACAGCATGCTTATTCAAGCTGAAGAAGGAATCAATGAGCTTGAAGATAAAACATTTGAGATGATCCAATCAGAGGAACAAAAGGA,"[[43703754, ""C"", [""T""]]]",yes,no,C->T,1
chr10,2688150,2688457,TTGCTGTGGCAGGAGAAAATTTACGAAGCACTGTTGCCCTTTTTCCTGTCAGTTTTCAGACCCACCTTCCCTCGAGAGCAAACCCCTCTGCAGTCAGGAGGCAGCTCTGTGTCTGGGAAGCAGGGTATGTCACAGTGTGTGCACCATTGATTAACCACGAAAACAGTAATGGAACTGCCATTGATCCCTGAAATGGCTCCTCCAAAATCCGTTAGGACATCCAGAGGGTCACTACTCATGTTCCGTGGCAAGGATAAGCTTCAAGCTCTCTGACTGCTTGCTAACTGCCGTCTGCAATAAACTGCTTA,"[[2688174, ""T"", [""G""]], [2688353, ""G"", [""A""]], [2688439, ""A"", [""G""]]]",yes,yes,T->G,3
chr2,166926658,166927041,TCTGTTCATGCTTGGTGCAGAATTGTTCCCTGACATGAGTGTTCTTGAATGATTACTTCCTACAAAGAAATGCAATTTCATTGTTTAAGAATTTACACAGTGAACAGACTAGAGAGCAGAGGAAACATCAGCCCCGAACAATGTTTTTCATGCTTAGAACACAGCCCCAGAATCTACAAATAAATAAACCAGCAGCTGTCCACTGACCCAGCAGGCACAGTGCATCAGTCATAATACAGTCAGCAATAGCTCAAGACCCTGAGAACTTTGCTTATTTTAAATAGTCAACTCTCAGTTATTCCTGGGAATGGGAGGCAAAGGTGAGCATGGCTCATTGAGCTGAGAATATACTTTTAAAACACTCATGCTCAACATTAATTTGAA,"[[166926729, ""A"", [""G""]]]",yes,no,A->G,1
chr5,112431758,112432056,TCTGTGTATGAGAGAAGACTTGTGTGGTCTGTATCCATTTCCTCATAGAGCTATGCAAAAAGACATGAATTAAGGGCATGTAATTTAATGTTGTTGATAATTTTAACCACATCCTGCAAAACCTTAAGTTCAGGTGACATTTTTTTTTGGCTAGCCAGCATTTCTCTGTGGATGACACAGTGTGTAGATTCACATTCAGAAGCAACCTCTTTGACCCAAGTAGTGAAACCAGAAAGGCATCCAGTCATGGCAGCCTCTCTGTCCATGCACATACCAATACAAAATGACCAATTCTGTTT,"[[112431777, ""A"", [""T""]]]",yes,no,A->T,1
chr13,33132690,33132973,AAAAGGAAACAAAAAGAAACAAAAAAGAATCCTACAGCTTGAGATCACAGTGAAAAATGAGTCTGAGTTTTAAAAAAGTTGTGTAAAGCTCTGATGAAACAGTTTAGAAAGTTGTAATTGTACAAGTGGAAAAAGGGCAAGACTCCAGAATGATGACTCAAAATATACTTTCCTACTAGTACTTTCTACTCCCTCTTTTCCTGTGATTGATATAATGAAAACTGACATATGAGGGTCATTTATACACAAGGTGCCATGATAGGCTGAACGTTGAACTTATTGGA,"[[33132772, ""A"", [""G""]], [33132789, ""G"", [""C""]]]",yes,yes,A->G,2
chr15,46947361,46947582,GGAGACATGCGTATCCTAAATATGAAGGAATCCGGTTGGGTGGGGACTACAGAAAACGAGACAGTTCACTGTTCCTCAGTATGACAGCAGCTACTTAACTCCAGCTAGTTATTCTCATGCAGAAATAAGTGGATTATTCTACTACACCTTTCTACTTTTTAAAAGAAACTCGAAATACAGATTTCAATATAAAATCTCAAAATTCTCAGATGTTGCAAACTA,"[[46947372, ""G"", [""T""]]]",yes,no,G->T,1
chr20,61692461,61692845,GACTGACATAAGACTAATCTCCCTTTAGGCTTAAAAGAGAAAGGATGAGAAAAAGTCCTGGCCTCTTAAATCACGTGAATTTGCTTTTACTGTGGGCGCATTTTGTGCCACGTTTCCTAATAAGCATTTATTAATTGGACCAGGAAATTTTCTCAGATCTGTGTCCGTGCGAGCAAATCCCCAGGCACGGAAGTGTGATGGGGCAGGGGCAAGTTTATAACAACTTTATACCATTGCAAAAGCACATCTGTGTGCCATATGACTCCATTTGCGGCTACTCATACACATTTCTGCAGCAATTGATCAGAAACATTGATTTAGATTCTATTTTAATACTCTGTTTTCTACTAGCAAGCAAGCTTTTTTGTTTTTTGTTTTTTGTTTT,"[[61692558, ""A"", [""G""]]]",yes,no,A->G,1
chr8,135620420,135620680,TGGCCCCAATTCCTTCTCTGCCTCATCTCAGGTCACTCACTCATGTAATGTAACCTGATACTGAGTTTCACAGTTATGGCTCATTTATACTTGACTCAATAACCTATTAAAATGTAAAGGCTAACTTGTGAAAGTACATTGTCATCAAAATCTTCATGGCTCCTTAGTTAATCTCAAATATGCCTTTTGAAGATATTGTGGTTTTTAGAATTTTCTAAAATGGTGCAAACAGGACAATTTGTCTTTCTTTGTATTTTAGTC,"[[135620601, ""A"", [""G""]], [135620661, ""C"", [""T""]]]",yes,yes,A->G,2
chr2,62999018,62999282,TAATACCTTTTTTTGGTATGTTAGACATTTCAGTGTACTTTCTGATTCTCAGCCTAGAATTAAGCAGAGCAGATAGTACCCATGTTTTTTATATGATGAGACTGAGGCTCAGACAGGGGAACTGACTCACTTAAGATGATCTCATTAGGAATGGTGGAGTTACGGCTTGAACCCAGGTTTTCAGGTTTTCTAGCTCTTGACTCAGTCCTCTTTCCCCACTACATCTTCTTTACAGAACAAATATACTTTATCTGCTATTTCAGTT,"[[62999139, ""A"", [""C""]]]",yes,no,A->C,1
chr2,176945081,176945335,TAATGCAAGCACAAGTTTAATGTACAGTATCAGAGAGGAGAAAGGGTTGAACACCTGAGTTCTCAAAAATTCTAGGAGAAGTTCCAGAGCCAGGGCACAGGTGTGCAGCAACGCAGCAGGTGCAGGTGCACCTTGTTTTATTGCTTTCACTTTCTCATGCTTTGCAGATACTATATTTTCTACAAATTGAAGATTTGTGGCAAACCTGCATTGACCAAGTCTATCGGCACGATTTTACCAACAACATATGCTCAC,"[[176945103, ""C"", [""T""]]]",yes,no,C->T,1
chr22,32769671,32770057,CCATGTCCAGATAAATTTGTATTTTTAGTAGAGATGGGGTTTCTCCATGTTGGTCAGGCTGGTCTTGAACTCCCGACCTCAGATGATCCGCCTGTCTCGGCCTCCCAAAGTGCTGGGATTACAGGCATGAGCAACTGCGCCTGGCCTCTCCCTGACTTCTAAACACTGTAGCACTCCTGGCTCTGCTCTTCTCTCTCCACACTCCCTCCCCTATTGATCTCATTCAGTCTCATGACTAAATATCATCCATGTGTTGACAACTCCCAAATTTACATAGATTCAACTGCTTCTTTAACATGTCCCATTGGAGGCCTAATAGGCATTTCTAGTCTAATATGTCAGCAGGCAAACCCTGACTTCTAGCCCCCCTGACTGTTCAATCTGCAG,"[[32769736, ""C"", [""T""]]]",yes,no,C->T,1
chr18,74511825,74512225,GTGATTAAATTAGGTCCTGTCTGCAGACGTCATTTATAACCCGAACAGTGCTAGAAATCACTGCAGTTGCTGCCCTGAGCCCTCACTCTGAGCAAGGTACTGTTCTGGTTTTAAAAGTGGCTGCCTGTCATCCCCAGTGCTGGGAGGAGCACTACGCCTCTTCCCATTTGCAGGCGAGGAGGCCGGGCACTCAGCAGGCAGCTGCCCTACGCTGGGTATGCAGCTGCTCAGTGCAAGGGCGAGGTCCGACCCCAGGTCTCCAGCTCCAGGCTTGTGGTGGGTCTCATTCCTGTTGGGCTGCCCTCTCAGCAGAGGTGCAGGGTCTTTGTTAAACTTCTAGCAAAGGCTTTGAGTGGTAGGCAGATTGCCCTGTGGAATGCTTGTACCTGTGGCTAGTGTTA,"[[74511866, ""T"", [""C""]]]",yes,no,T->C,1
chr3,172980891,172981301,CGTGTGCATTCTCTACTTCTAATTTTTCTCTTCCTGTTGTCTCTGCGACTCATTCCAGCAGGGCTATCATTCCCACCACGTCACTGAAACTGCTCTTGTCAGTACCACTAATAGTTTCCGTATTGCCTAATGTAATGGTTCAATTTTCAGTCTTCATTTTCTATACATTCTCAGGCGCAAGTCATACAATAGCTCATGCTGTCATCTAGTGTACACTCTCCCACTTGGCTTCCACTGTGCCATTATTTCTGGTTTTCCTCCTATCTTTCTCGTTGCTGTTTTCATCCTCCCTTGCAGTTATCTTCCCAGCATTATCATCTGGTCCATAATCTCTCACCTGGATTACTGCAACGGCCTCCAAACTGGGCTCCCTGCTTCTCCATCGGTTTATTCTCAACACAATAGTCAGAG,N,no,no,N,0
chr8,78647400,78647804,ACCATTCCCACTTATAATAATCAGCAGCCAGTTGAACGCTATCAATGGACAGTTCTGTCCCAAGGGATGATGAATAGCCCTACTATATGTCAGCTTTACGTACATGAAGCTTTACTTCCTGTGTGTCAATCCTTCCCCCAGGCAAAAATCTTCCACTATATGGATGATATTTTGATAGCTGCTCAGCAACAGTCATTACTGCATCAACTTTATGCAATGGTAGTACAGCATATGTCACAGTATGGTCTTGTTATTGCACAAGAAAAGATTCAGCTGATGGCTCCGTGGCTCTATTTAGGAAGTCTTATTTTGTCTACTACTCTTAGGTCGCAACTTACAAAAATAATTCTCCCACAGCACTTAAGCCTTAATACGTTACAGCAAGTCCTAGGACAGATTAATTGG,"[[78647457, ""C"", [""T""]]]",yes,no,C->T,1
chr3,15224183,15224587,GCTACTCAAAATAAGTATTTAAAACTGTAGGAAAAAAAATGTTCCCATTACAGAAATCAAAAAGAAAATTATGATGTCCCAAATTTTTTTTGTTTTTCTTTTTTTTTGAGATAGGGTCTCACTCCCATTGCCTAGGCTGGAGTGCAATGATGTGATCATGACTCACTGCAGCCTTGACTTCTCAGGCTCAGGTGATTCTCCCACCTCAGCCTCTTGTATAGCTGGGACCGCAGGCATGCACCATCACGCCCAGCTAATTTTTGTATTTTTGGTAGAGACGAGATTTTACCATTTTGGCCAGGCTGGTCTTGCACTCCTGACTTCAAGTGATCCATCTGCCTCAGCCTCCCGAAGTGCTGGGATTACAGATGTGAGCCACTGTGCCTGACCCTTCTTTTTCTTTTC,"[[15224274, ""T"", [""G""]]]",yes,no,T->G,1
chr3,141040166,141040400,GCTTGGCAGTCTCCTTGATTTGGGAATATGGAGCTGAGAGAAGGGAGGCCAAGGGGACTAAGATTTGTGGGGCAGAATTCTAGAAAGGAAAAAGCTATATAGAGAGGAACATTGAGATTTACATAGAGTTCCCCCTTGAGGATTCAGCTGAGTACAGATCAGCACATGCATGAGAGGAAACTATTCAAGACCTGGAAAAAAACAACCAAAAAGAGGGAACAATTAGTAGAGCTCA,N,no,no,N,0
chr8,101174462,101174735,TTCATCTTTTTCATGCCCTAGTTAAAGAGGACTGATAATTAACAGCAGAAACAATAGTCAACACCACAGACAACTCAATTGATTCAGCTAACACAATTCTGACTGAAAAAATCAAAGTTGAGCAAACTTTCCCACAATGTATGCCAAAACCATTGCTTCTAGATCATCTGCAGACAAAAGCAGAGCTTTCAATGAAAATTGGAAACAAGTAACATCAAGATCCTGAAGCATTTCTTTGAAGTAACAAGAGATGAAATATGGCTTTACCAGTACA,"[[101174551, ""T"", [""A""]]]",yes,no,T->A,1
chr20,24598475,24598737,CTATTGTACCCAGCAAGTGAGGAAGTCAGCACCCAGCAAGGTTGTTTAAGCTATTCAGGATCACACAGCAGGTTGGCGACACGCCAGGACTGGGTGGGGCCCACAGTGGGTGAAACTGTGAGGAAATCCACAAGCACCTCTAGGTGCTCAGGATCGGCTCCTACAGATTCTAGTCCAATCTCATTCATGACCTCATTTGCTTTTCAGTTTAACAGTGCTTGGTTTTGGTTTACTATTTTTCCCATGGAAACATTTTTTAATTA,"[[24598552, ""T"", [""G""]]]",yes,no,T->G,1
chr5,91464945,91465189,CTGGGCAACAGAGTGAGACTTGGTGTCAAAAAAACAAGACAAAAAAACAAAAAAAAAGAAAGGAAAAAAGCTCAATACTATGAATCATTAGAGAAAGGCAAATCAAAACCACAATGAGATCCCAGTGAGTAGTCAGAATGGCTACTATTGAAACATCAAAAAATAACAGATGCTGGCAAGGCTGTGGTGAAAAGGGAATGCTTATACACTATTGGTGGGACTGTAAATTAGTTCAACCATTGTGG,"[[91464982, ""A"", [""G""]]]",yes,no,A->G,1
chr21,32190787,32191209,AGTAATCTTTAGACCAACGAAAGTTCAGCCCAACCTGGAAAGTCCACATTCATTAATTCTACCTCCTCCTGCTCCTGGACACTTCGATGTATGTCTGCCACCGCCAGTTGTATTGAATATGCAAAATGGAGTCAGCTGTGTCATACATACATTCCCCCACCTGTGCCCACATCCTGTGAGGCACACGGCTTTCCCTGAAATTGAAACAAAAGATGTGCAGAAAGAAGGAACCAGGTGGATTATATTTTGAATGTGTAACCTGAGTTCAGCCCTCCAGGCTATCTGTTCTTGGAGAGCCGTAGCCATCTCTTGTTCATGGCTGCACTTCCAGTCAGCACCTGGCATATAATAAGTGCTCAACAAATAAATGTCCAGGGGATAAATGCATGAATGGACAACGTAAAGCGCACCATAAATTCCCAG,"[[32190832, ""G"", [""A""]]]",yes,no,G->A,1
chr18,69216460,69216762,TATGAGAAGGAAAATCCACTCCGTTAAAGGCACAAGGCTTTGGAGTGTTCTGTCCAAAACCATTTAACCTCTGGGTTATCCCTGCCAAGCAGACCTGGGAGGAGCACCAAACCACTGCCCACAAGCAGACGTTACTCAGAGATAATTGAAAGGGGCACTTACAGGTTTCTTTTCCCCTGGCCTTGTTTTGAATAGAAAAAGACAGCTGCTGTCAACGTAGTGCAAGGTGAAGAGGGCCAAAACGTCTTAACCAAAAATAACTATTAAAGTACTGCTGCGTTTTCACAAATTCCAACCTCATTA,"[[69216500, ""C"", [""T""]], [69216724, ""C"", [""T""]]]",yes,yes,C->T,2
chrX,36224034,36224409,TTTTAAAAATTGATGTTCTTAAATAGTTGGGAGGATATTAAAATAATGCTTATGTCTTAACTTTCACAACTATTTTTAGATGGCTTTCAGTTTTAAAATCACATGCCAAAAATATCTGGGAGGGACTACCTTGTATCCATGGGGGGAAATAAACCCTTTTCTGGTATTAAAAATATATAGAGTACATTTAGAAAATAAACTTGTGGTTGAAAAATGAAAGGAAAAAAAAAGAAGTTGAGTTTAAAAAAAAACCTTAAGTTGTTTGCTTAAGGTCACACAATGTAGAATTGGAACCAAAACTGAAAAAAAGTGTTTTAACTCTCAGTTGATTTTATCTTTTTCAGGTCACAAGTTTTATACATGTATGTTTCTCTGC,N,no,no,N,0
chr8,142050513,142050832,TTGATCAGTCACCCACTAAAGGACATCTGGATTTGTTTCCAGTTTTTGGCTCTTACAAATAAAGCTGCTATAAACATTTATGTACAGATTTTTGTGTCAACATAAGTCCTCATTTCTCTGAGATAAAAATCTAGGAGTATGATTGATGGGTTATGTGGTAGTTGAATGTTTACTCTTTAAAGAAACTGACAAACTCTTTGCCAAGAGGCTGCACCATTTAAATTCCCACCAGGATTGTATGAGGAATCCAGTGACTGTGTAGTCTCCCCAGCATTTGGTGTGGTCACTATTTTTTATTTTAACTGTTCTGATAGGTGTGT,N,no,no,N,0
chr4,144138837,144139085,TACAAAGATGATAACAGCTTGGGTACTGGAGACCATTGTAGCTTTCAGGGTCATCTTGCCCCAGTGACCAAGTGCCATTTAAGGCTTTAATACACTATCTGCTTGTGTAGTTGTAGAAATTTAAAAAAAAAATCATTTCTTTGCCAGGAACCCTTTCCAAATTTGGGGCACTTGTAAGTCACACAGAGTTTTCCCAAATGCTGGGCACACCCCCAGTAGAGTATGCAGTGTCTAATTTTGCTTGAGTTA,N,no,no,N,0
chr1,242710379,242710665,TACAAAAAAACAAAGTAGCCATCTTAAGCTATCCCTTAACACGACACCACCCTTTCCAATCAGGGCTTCTCTTTTAACCCACACTGAGAATTGGCAACAATGTACAAAGTTCCCTGCTGAGTGCTGTAACTGCACATCCCTGCTAGGTCCTTGGGAAATTTACTGTGTGACTGGCAAACTGTTAGCACTGTGAAGACTCTCAAGAATATCATCCCTGGAGAAAAATGATGACTGTATTAAGTCCAGTTTACATGTTCTTAAACGGCTTGCAGACCGAAACGCTTTGG,"[[242710420, ""T"", [""C""]]]",yes,no,T->C,1
chr6,11977236,11977559,GACTTAAACAGCAATGAAGAAAAAGAAAAGAATTATCTGCATGCTACCATTCACCTCAGTTCAGGGCCTGTCTTTTCCCAAAATTTGTTTTTAAGTTTTTGTGTGGAGTTCTTTATCACACAGATCACCGTGCTTGGTTAGGCCTGGCCCTCACTCTGATGTCAGACATGACACCTCTTGGTCAAGCTGGGACCAGTAGAGTGATTAGTTTCGTTGGTGTACATCTGTTCCACTTCCTTCAATTCCCTGTTTCTGATTATTTTTTTCTGCATCTTCCTAAGATGCATTTTTTTTTCTTTTTTTTCCGAGACAGAGTCTTGCTCC,"[[11977260, ""A"", [""G""]], [11977366, ""C"", [""T""]]]",yes,yes,C->T,2
chr6,100379381,100379726,TTAACATAGATGAGACTCGGAATGATTACTGTTCAGGTTTTAAAATCAGAATGTTGAAAACAACTTGCAATCCTCCCTCTGCCCCCACAACAAAAAGAAAGAAAACATGAAAAAGCTGTAATCCTGTTTGTACAATCCAGAGATTATTTGGGGTTGCACAAGCCACCGGAGGTTTTGTAATGCTGACTGAAGACCAGATGAAATAATCTGAAATACATGACCATTTGCAAGGCAGCACATAGTCACTCACCCAGCATATTTATCATGTTTCTCTCCTGTGTCAGGTGCTGTTATAGGGGCTAGGGCTGAAGGTAACAGAAGGCACAGGGAATGGTCCCTGCATTGA,"[[100379574, ""T"", [""C""]], [100379712, ""C"", [""T""]]]",yes,yes,C->T,2
chr17,65780125,65780514,ACCTAAGGAATAGCATGGGACAGTTGATTTTCTTCTCTCACTATAATTCAGGACTAATTTTCTCACCATTGCAACATATATTTACATGGCTAACACCCATAAATGATCACATAAGATTTACATGCATTTCCCCACCCTGCTCACTGAATAAGAAAGCAAACTGTGAAACAAGCTTATGGAAATAGTTAAAGAATTAAGATCTAATCATATTTCAAAGCTCACCCTCAGAGAAGCTCTCTGAAGCAAAGGCTGCAGAAACTGAAACTCATTTATTACTTGGGCTGAAATACAAACTTTAAGAGAATGAGGGAGAAAAAAACCTTTACTTTGCTCTAGGGAAGAAGCAACTATTCTCTGATGTGCAGAAAATAATTTATCCTCAAAGACCAA,"[[65780375, ""C"", [""T""]]]",yes,no,C->T,1
chr8,61614355,61614707,TGCTCTTCAAATTTCTTTAAAGGCTCACAAATCCCAACTGATAACTGACCTTTGATAATATACTAAATCAAGAAGATATTGCACATTTTTGTGTTCAGTGAATTTGTCAAAGTACAGCTTTTAAAGGTTAGAGTGAATTCTTTTCCCTTGAGTCAGGATCTTGCTCTGTTGCCCAGACTGGAGTGCAGTGGCATGATCATAGTTCACTGCAGCATCGATCCTCCTACCTCAGACTCCCGAGTAGCTGGGACTACAGGCGCATGCTACCATGCCTGGCTACGTGTTGGGTTTTTGTTGTTGTTGTTGTTGTTGTTGTTTGTTGAGACAGCATCTCACTATGTGGCCCAGGCTGG,"[[61614429, ""C"", [""G""]]]",yes,no,C->G,1
chr21,13947062,13947267,TTACTTTACAAATTTTATCAAATGAGAAGTAAGAAAATATACATAAACTGTTTCAGTTACTTGTATTTACTTTACACTTTTTCTGTTTCAGTTTTACTGTGCCAAGGAAATGCATTTGGGTTTTGTGGTGGTGGTTGTTGTCATTGTTGTTATTTTTTGAGATGGAGTTTCACTCTTCCTGTCCAGGCTGAAGTACAGTGGTATGA,"[[13947096, ""T"", [""A""]]]",yes,no,T->A,1
chr1,99856435,99856925,TGTATTTATTTATTTATTTATTTATTTTTATTGATCATTCTTGGGTGTTTCTCGCAGAGGGGGATTTGGCAGGGTCATAAGACAATAGTGGAGGGAAGGTCAGCAGATAAACAAGTGAACAGAGGTCTCTGGTTTTCCTAGGCAAAGGACCCTGTGGCCTTCCACAGTGTTTGTGTCCCTGGGTACTTGAGATTAGGGAGTGGTGATGACTCTTAGGGAGCATGCTGCCTCCAAGCATCTGTTTAACAAAGCACATCTTGCACCACCCTTAATCCATTTAACCCTGAGTGAACACAGCACATGTTTCAGAGAGCACAGGGTTGGGGGTAAGGTCATAGATCAACAGCATCCCAAGGCAGAATTTTTCTTAGTACAGAACAAAATAGAGTCTCCCATGTCTACTTCTTTCTACACAGACACAGCAACAATCTGATTTCTCTATCTTTTCCCCACCTCTCCCCCTTTTCTATTCCACAAAACCGCCGTCGTCA,"[[99856589, ""C"", [""T""]]]",yes,no,C->T,1
chr1,22593160,22593445,TTTGTTGGGAGAACTGGAGGGTGCTGGCTGTCCTGGGGCTGGGGCAGGACCATCAGGAAGCTGAGCAGGGCTGGAACCAGGATCCCCAGGTGGAACCTGGGAAGGGTTGGGAGAGAGGCCACGCCTTGTCTCCCCTCCGCCCATCTGACGGGATTGGCTGCCCCAGCCCCGTCCCAGGTGGTGGTGATCCGTCAAGAGCGGGCGGGGCAGACCAGCGTCTCGCTGCTGTGGCAGGAGCCCGAGCAGCCGAATGGCATCATCCTGGAGTATGAGATCAAGTACTACG,"[[22593318, ""C"", [""T""]], [22593411, ""C"", [""T""]]]",yes,yes,C->T,2
chr1,177590966,177591442,TATAGAATTTTGGGATTAAGGAGACCTTTAAAATGATTTAATTCAGTTTCCATATTTAGCAGATGAGCCCAGGTCCTTTAGGGATGAGGCAAGGTGCCCGGGGTCACGAAACTCATAGAGGCAGAGCCAAGCCTCGGACCCAGGCCTCCTCACTTCTAGCCACATGCTCCCTCTGCTGTGGTCTGCTGCTGTCCAAATGCTCTATTACACTGGAATTTGTTTTCCTCTGGGTACAGATGAGAGAAGAAGGATCTGTAGAGTGGCGTTAAGTGAATTGAATGTTCCTTCTGCAAATGAAAATGAGCGGCTAATCGGATTCCGTAATCACTCTCTCCGATTAGAGTCACCCTCCCTCCCCCGCTGACTTCCGCACCTCTGACGTCCCTCAGTGATGACCTGCAGCATCCCCTGCTTAGTCGAAATTTGTCTCCTTACACATCTGTTCTGATCACTAAACCCGATTTACTTCATCCTCTA,"[[177591011, ""A"", [""G""]]]",yes,no,A->G,1
chr13,36992388,36992739,TGCAAAATCAAGAAGATAAAGTCATTATATAAGTAGCTAAGTGAACTAATAAGACTTTACTATGTTAGGATGAAAAGCTCCCTCTAGAGTATGGTATCTAGCTTCAAGGAATATAACATTGTTAAAGCCACAACTGTTTGGAATGGATGCACAATGAAGCTTTACAGCATGGCCTTTAGTATACAGGGCAGCAGCTGTCACTCGGCCACCATTTGTGAACTGAGTTCCTACTGAGTGCCTACTCGCCTTTTTGGTATGTTGTTTGAGGATATAATAAACATCACTGTACAACTGCAGTATTCTCTTGTACTATACCTTGTGCCCCCTTGGTCTGAAACGCCTCAAGAACAAG,"[[36992395, ""C"", [""T""]]]",yes,no,C->T,1
chr9,41161293,41161760,AATTGTAGAACACTAACAGGAAGAGGACAGATACTGAGGAATGGCTCATGGTATAAGTGAGATTATCAGAGACTCTCTACAATGGAATTTGAAACGCAGGGAGCACATTTGGTGTATGGTTGTAGAGGACTTACACTAAGGGCATTCTTCTGCTACCTCTGCCAGCAGATGAGTGGCTCCTGAGAATGCATACCAAATTAATTCCCCAGCTGTTCACATGCATATAAGCAGCTGCTGCTGTTACTGCCTAATACTTATGGCAGTCTGTCAGCACCTCTAATCTCTGCCATAGCAGACAAGCCACTCACCTAAGGCCTCTGCTGTACTTCCAAAGAAAGAATTTCTCAAGTAGAGACTGAGTGGAACTAGACTGCCAGCTGTGAGCCTCAGAGCTCCTGGCTGCCTGTTGCTGAGTCTATCAGCTGCTGAGCCTTTCTCACCAAAAAAAAAAAAAAAAAAAAAAAAAAA,N,no,no,N,0
chr10,118977218,118977570,CCAAGGACCGCCCCCCAAAAAGGGGTCTGCAAAGTCCCTAAACCCAGGTGAGGTGATGCTGGTGGCTCTCCATGCTCAGAGGCCTTGTTCTCCTGTCTGGAAGAGCTCAATTCCCAGCCCAAGGTGGAGGCTGTGCTCAGCTCAGCCCTGACCCAGGCTCACCCAGGCTTGAGGGTGACTGTGGCTCTCACAGCAGGTACTCCTCATGCAGGAAACACTGCTGGAATGGAACTGCTGAGCCAAGCAGGGAGGAAGTCAGAGAGGTCATAAGAGCAAACCAATGCAGATAGCAATGGATTACTATTCATTTTATTATTTTTTAATTTTTTGAGATAGAGTCTTGCTCTGTCATC,"[[118977449, ""T"", [""C""]], [118977546, ""C"", [""T""]]]",yes,yes,T->C,2
chr10,120271785,120272170,CTTCTTAGTCCACATCAAGGTGGCAATGATTTGACTGTGTCAGTTACAAGGAGACTTTGTGCTCTCTGGGATGACTAGGCTGAGGGCCCTGTGAGAATAAGAACTAAGCTTGACTGTTTATGATCATATCCATAGCAACAAGCCCAGAGCTTGCCTCTTTCTCAGCACTAAATCAATATCTGTTCAGTGGCTGATTGATTGCTGAAGAGTGCTACTCTCTCTCAACTATTAGAAAAAACCCCTATCTCTGTATCATCTGTCTGTCCACCCATCTATTATACTCCTTCCTCTCTCTAAAATACTTTTCCTGTATTCATAAATTTAATTCTAATAACTCTATGAGAGAGACTATTATTATCCACTTTTTACAGACAAGGAAACTGAGA,"[[120272078, ""T"", [""C""]], [120272079, ""A"", [""T""]]]",yes,yes,T->C,2
chr7,67753863,67754298,GTTAGGATGGACAAAAGAGACAGAGGCAAGGAGAGTGGCTTGACAGCAACACAGGCTTATTGCACAAAGACCTGAGGAGGGAGAGCACCAGCCAGTGAGCACCAGAGCCCCCTTTCTTGCTTACAGGCTGGGGAAGTTATAGGTCCTGGCTGGAGGGTTCTGGGATTGTTGCGGAATGAGGTGGGGGCAGTGTGCTGGGCTGCTGTTAAGGAAGGAATTTACTGGGTCAGCGGTTAGGCCTGGGACCTGTCCAACAGGATGTTTCTCACTGTCCGGGCCCTGGTGGAATTTTCCACTCTATAAAAGGTGGGGATGTGCAAAATGCCGTGGCTTGGGCACACAAATTATTTTCTATAATTTCTCCTGGGATCCATGTTAGCTCAATTTTTCTGGAGTTTGGAGAATCTGTTTTCTAGTTTTTGGAAATGAAGATGGC,"[[67753996, ""C"", [""A""]], [67754162, ""G"", [""A""]]]",yes,yes,G->A,2
chr2,83732387,83732600,TCACTGTATCCAACTTTTAATTTGGCCTCTGTATCACATCAGGTACACATGTTGGCAGTGTCATGAAACTCCCACTGCTACTGGCCCAACCAACCTCCACCTGTTCAGTGACTATTTCTAGGCACGTTGACTAATCTCTACTTTCACACACCATGAGAAGCCTGGGTTCTTCTCTTGCCACCGCTTTCTAATGCTGCTAAGCTGTTTTCATGTA,"[[83732523, ""A"", [""T""]], [83732524, ""T"", [""C""]]]",yes,yes,A->T,2
chr21,40641971,40642358,CCGGGAGGCAGAGGTTCCAGTGAGCTGAGATTGCGCCATTGCACTCTGCCTGGGTGACAGAGACTCTGTCTCAAAAAAAAAAAAAAAAACAAAGATTATATTCATGTATTCCTGTTGTGGATTGGGATGGGAAAATCAAGGCTCAGAGAGGGTAAATATTTGTCCAGGGTGATACATCTTGTACTGGCACAGCTGGGCCCTGGCTGTTGGACTCCACAGCCCTGAAGGAACACAGAGATGAAGACTTCAATACTGGTGTTCCTCATGATGCAGGCTTCCCTGGTGAAGAGGGGCAGGTGCTAGTCTAAAGAATGAAGAAACACTGGAGGCGGAGAGCACAGCAGGGTGACATGGCTGGAACAGAGGCACGATACGTATGTATCCAGCA,"[[40642344, ""A"", [""C""]]]",yes,no,A->C,1
chr2,235283289,235283634,AGCCTCCCAAAGTTCTGGGATTATAGGCATGAGCCACCGTGCCTGGCCTCCCTTGCTTTTTGAATAAGAGGCCCTGGATTTTCATTTGGCATTGGGTCCTGCAAACTATGTGGTCAACCTTGGCCATCAGCACTGAAATTCTAAACCCCAGCCTCCCTCACAACTTAGAAGTGGCTCTGTGAGCTCCATGTGGCCCACAGAGCCAAACTGCCAAATGTTGCTCCTGGAGAGCTAGGAATGTTCATGTTTTACTCATTGCTGATTTCCGACTGTAGAACAAAGAGCAGATGTTCAGTAAAATTTGATAGAACTAATTAACTAAATCACACATGCTATATATTTGTGT,N,no,no,N,0
chr10,42195627,42195935,ACACCATCACTGCACTCCAGCCTGGACAGAGAGTGAGACTCTGTCAAAAAAAAAAGTCCCTTTTCTTCACGTCTTTGTCAGCATTTGTTATTTTTGTCTCTTCTATAATAGCCATCCTAACTGGAGTAAGATGATGCCTCACTGTGGCTTTGATTAGCATTTCCTTGCTGATTAGTGGTGTTGAACATTTTTTCATATATTTGTTGGTCATTTGTATGTCTTCTTTTGAGAAATGTCTGTCAGAGCATTTGTTTATATTTAATTAGATTGTTGTGCTTCTTTGCTGTTGATATGTTTGAATTCCTTGTA,N,no,no,N,0
chr18,36415605,36416055,GGTTGATTATTGTAAAATTTGCCAGGCTGCAGTAATCTATATTTAGCAGAAACCCAAGTCATACGGTAAGTCATTTCCAGTAGGATTAAAATTATCAGCATGTTTCTCAAATCTTAAAAGAAATGCCAAACTCTGGACTATGTTCAGTTTTGCATTCTTAATTTCAGGCAGACATTTTCATTCCATTGGCATGTGATTCTTTTTCCAAGACTACATAATAAGGGTGGCATTTTTCCTTTCCATGCCGCAGCAGCCCTGCAAGACAGAGAGAAAGAAATTTGGTCTTTGATTGATGAAGTTTGGTGACCTAACCAGATGACTGTCTTTCTCTTCCAGACTGCTTAACTCTCAAATCAACTGGAAACAAATTTGTTTTTCAGACATATTTCAAGCACATTGAATAGCTGAATATCATATACATAGGTGTCATTTTTTATTTATTTTTTTGAGA,"[[36415616, ""T"", [""G""]]]",yes,no,T->G,1
chr13,66007590,66007823,CATTTAAATTATCTGGGAACTTTAAAATATTCTGCTGCCTTGACCAATTAAATCAGATTCTGAGTGGCGGCCCAAGCATCTGTCTCTTTTCAAAGTTTTCCCCAGGGGTAGGCTTACTTCACCCCTCAAATGTATATGATCTATATATGTACACACACACACACACACACACACACACACACACACTTTCTTATTTGTATTGTCAAAAACATGAAAATGTGTAGGAATAAGTCA,"[[66007595, ""G"", [""A""]]]",yes,no,G->A,1
chr1,36529842,36530156,TGTTGCCCTGTGGCTGCTCCCCCATGCCCTGGCCGAAAGTTCAGTGCCAGGCAAGTAATTGAATTCTTGCACATTAACAAGTCAATTACGGAGTCTTAATGAGTCCTGAGTAATCTCAGACCTGCATGTTAATTGAATAGCTGTCCCGGTTCTAATCCACTGGAAGTTAATCATTAGGGAATTAGGAAATGTCAGCTGGGAACTTCATTAAGCTAGTGAGGGTGGGTTCTGGCTGGGAAAGAGAGGGATCCAGGGATGCAGTGATGGAGGAGAGTCCTGAGTCATAGGATGGGGTGGCCCATCAGGGGGTGGGGG,N,no,no,N,0
chr4,53124971,53125215,ACGGAGGTAAAGAGAGATTAAGTGATTTGCCCAAGATCACCCCGGGAGAAGGAACACATGTGGATAAATTTCAACCCTGTGTGGCAATACAAATATAAGTCCCTAGGATCCTCACAAATCAATACTGAGGCACAGGGGTCATTCTGAGCTAGGATGATTAGGGAAGGAATAAGAAAGGCAGTGACATATGAGTTCCATCTTAAAGAATGAGTGGGAGTTTTATAGGTAAGAATGGGGAACAGGGA,"[[53125084, ""G"", [""A""]]]",yes,no,G->A,1
chr4,189020485,189020739,TCAGTGCAAATCATTTCAATGCAAATCAAATAAACACCTGCTGTCTTCCTATATCCCTCCTGCTATAAAGCAAGGCAAACCTCAAACCGCATCTTCAGATAGTCCTGCTCACTGAAGTCAGAATGTTGGTAACATTTTACTGCTAACACAGAAAAACACAGGCATGAGAAGCCCAGTCAGGGTGATATACATATGTTGTAACTCAGAAATCAATTCTTTTTTTTTTTGTCATATGTTCATAGTTGCAGAGATACA,"[[189020553, ""G"", [""A""]]]",yes,no,G->A,1
chr14,105740978,105741193,TGAGGGAGGGCCTGTCCCTACGCACATGGACTAGGCATGCCCCCGAGTGGGCATGCGGGTCGGAGGACAGGGCGCTCACAGAACAGGACAGTCTCCTACAGAGGCAGGGGCTGTGTGTCTGTCCCCAGGGGCTCCTAGGGCTTCTCGTGGCCCAGCCCAGGGCAGCTGCTGCTGGAGGGAGGGCCACGCTGGCAAATCCCCCACCCTGCCGAGGGC,N,no,no,N,0
chr3,29026370,29026770,AACCTTGAATACATTATGCTAAATGAATAAGCCAGTCACAAAATGACAAACACTGTACAATTCCATTCAGATGAGGTACTGAAGAGTAGACCAAATCATAAAGGCACAAAGTAGAATGGTGGTTGACAGGGGCTCAGTAGAGAGGGAAATGATGAGTTATTTTTTAACATATACAGAGTTTCAGTTTTACAAGATGAAAATAGTTTTGGAGCCAGATGGTGGTAACAGTAGCACAGTATTGTGGAGGTATTTAATACCACTGAACTATGTACTTAAAAATGGTTAGGATGGTAAGTTTCATATTATACGTATTTTACCACAGTATAAAAGTTCAAAAATATAAACAAGTTATAGACTGAGAGAAAATACGTACAAATCACATGCCAGAGGGAAGACTAGTA,"[[29026511, ""A"", [""G""]]]",yes,no,A->G,1
chr1,228357361,228357678,CTTCCAATAGAAGGTGTGTGCAGGCGGGAGTGATGGAAGAGCTTGCAAAAGCCAGGAGGCAGGAAAGACTGTGGTTTCCTAAGGCCAGATGGCTGAGAAGCTCCAGGATGGGAAAACTCTTAGTTCTCAAGGGGCCTTCAGTTGGCCGTATTGTGGGAAAATCCCATTGCCAGACATTTGTTGAGATCCTGGGTTAACCCTTCCTTGGCTTTCTCCCTCCTCCCCTAAAACAAGTTGCTCCTATGATGCCACCCCACAATAGATGGGGCTGCCTGGATGCTGGTGAGCACCCCACTCCTGGAGGTATGCAACGGTGCC,N,no,no,N,0
chr6,150249239,150249601,CTCACACTTGTATATATCTACACACAACTAAGTTAAAATGTTGATGTGAGTTTTATTTCACATGGATGGAATAAACTTGTGGTTGTCCTTTAACTGGAGGTCCCAGCACATGTGTTTTCAAGAGGCCACTAGGCATTCTTCACTGAGTGCTGCTGACTTCAACGTTCACTTTATGCACCAAAGTGAAAGAATTCAGTGTATCCGTTATTTTAATGCACTACACCACAGAAATGTTAAGTTGGTCAAGGGCTTAATTTATGGAATTTCTATTATTTCATTGGTTGGGATGCTTTGCCAGGTCATGTGCTTATTGTCTCATTTTGTAGTCTTTTAAAGTTGTATGAACCCTTAATTTGAAGAACT,N,no,no,N,0
chr5,63286758,63287001,TGTGTTGTTGTAAAAGAATACATGAAACTGGGTAAATGAACTTTGTTCTGGGTCCTCAGGTCTAAGACTATAAATGCACCTGGGCCAGGCCACATTAGTCAGGAGAGGCTGAAAGTGATAGAGGAACAATGCTGGTGCCTGGATGTAAGATAATGCATCACACTCTGTAATCATGGTTTCTATTGTATAACCCTAAGAATAAACTATACCTGGCTGAGATCAGGTGCTCTCTAGATTAGAAGGC,"[[63286779, ""G"", [""A""]]]",yes,no,G->A,1
chr9,117191710,117192018,TACAAAATCCCCTGACTGCTGGGAAACTGCTTCAGCTCTGATCAATCAGAGAACAGTCGCTTCAGCCCCTGACATTTACCAAACCTCCTTCAACCTCATCTGTCACTATGCGGTGGTACTGCCTTGCCAGCCACAGTCTAATCAAGTCAGAATGTGCAAGGGTCCCCAGAGATAAAGAGAAAGCGGGGCTCTGAGGGAGTAGGGAGAAAGGAGAGACAGGGAGATGGAAAAGGATCATGAGGGAGGAGGGGAAGAGCAAATGTTCAGAGCATGCCCGTTTGTTTTGCTATCATGGCAATTAATGCTGGG,"[[117191716, ""G"", [""A""]]]",yes,no,G->A,1
chr9,21698801,21699038,TCCTATCCATGAGCATGGAATGTTCTTCCATTTGTTTGTGTCCTCTTTTATTTCGTTGAGCAGTGGTTTGTAGTTCTTTTTTGTAAGTTGGATTCCTAGGTATTTTATTCTCTTTGAAGCAATTGTGAATGGGAGTTCACTCATGATTTGGCTCTCTGTCTGTTATTGGTGTATAAGAATGCTTGTGATTTTTGCACATTGATTTTGTATCCTGAGACTTTGCTGAAGTCGCTTGTCA,"[[21698878, ""C"", [""T""]]]",yes,no,C->T,1
chr2,110529712,110530127,TACTGCATCATCATGGCTGACATTTTTCCATTTCTTCCTGGAAGCAGAATGGAAGATACTGGGTACGGCTGAACTAAAACTCCAACTAATTGTAAATGTGAAAGCAAAGAAGCTATATTGGTTATGCAATTCTACACATTCAGTGCCGCTTGAGTGTTTCTAAGTTCCTTGCTCTAGCTAATGTTTCTATTTAAAAAGTAGACAAATTTGATGACTAACAACGGAGAACACGAAACAAATCTGGTGAATACCAGAATTAAGACATGTGTCAGCCAGGCGCAGTGGCTCATGCCTGTAATCCCAGCACTTTGGGAGGCCGAGGCGGGTGGATCACGAGGTCAGGAGACCGAGACTATCTGAGGGAGAATCTTCAGGTTTTTTCTTCTCTTTTGCTGTAACACCAGTCAAAAAAGTTG,N,no,no,N,0
chr7,147775520,147775892,GCTGGTACAATTGATCCTAATTCAAATGACAGAATTAATGCTACTCAGAATTTTATTGTGGGGATCAGAAAATTCAAAAAGAGTCCCTTGACTTTTCAGAGCCCTGCTTCCTGGACTTGTTTGAAAGGCACTGATGTAACAGCATGACACAGCTGCTCAAAAGCTATTATGAGCCTAGGCTGAATCAATAGAAGATAAGTGTGCAAATCACAGAGATCTCAGTCCCTCTGGACTTGGCACTATTAGAACATGTGCATGTTATTATATCTATCTGTTGTCTATTCCTGGATCCTATCTTTAAGGTGTTACTGACTGGCATTCACGGGTAATGTTAAAGGAATAGGGAATAGTTTGGGAAGTGATGACTTAGGGG,"[[147775592, ""G"", [""T""]], [147775842, ""T"", [""C""]]]",yes,yes,G->T,2
chr15,31742197,31742503,GGTTATGAGACTAGCACATAATCTTGGAATGGAAATGCGACAAGAAGTAGTAAGAAAAAAGAAAAAAAATAACAGGGCAATCTCATCCACAACGATTGGTTATATACATTTATTACAATCATGGCAAACTTCTGTTTATTACAGGAATGCAAGGATGGTTTAACACTACAATATTTGCCACATCAACAGATTAAGGGAAAAAAAATTGTGTTACAACACATGCATGTAGATAAGGCTTTTTAAAAACTGAACCACTGAGATTTTATAAATCTAAGCTAGAAATGGAAGGAAATTTCTTCTATCTGAT,"[[31742234, ""T"", [""C""]]]",yes,no,T->C,1
chr4,132889995,132890237,ATATTCAAAATCTAGGTTATTTATCTATACTTTGTGTTTCAAGTTAAGATTTTGCTGAAATTGCGAGAAAAGAGATTGAGTTATAGTTATTTCTTCAAAAAAAGTGAGATCCGAAACATGTAATTTGAAAGAGATAGCACAGGCTCCACTTTATATAGTAAGCAGTTTCAGTATGCTTACCATATAAATACTCTGCTAAACTTGTACCTGCAAGTCTGGTTAAGGTTAGGAAAAGATCTATAT,"[[132890083, ""C"", [""A""]], [132890138, ""T"", [""C""]], [132890202, ""T"", [""C""]]]",yes,yes,C->A,3
chr3,127794373,127794811,TCTATGAAGTAAGACTATCCTCTATTATGATGCCAAACTGTCTTCTACGATGTGAAACTGTCTTCTATGATGTAAGGATGTCTTATATGATGTAAGGCTGTCTTCTATGACATCAGACTGTCTTCTATGATGTAAGGCTGTCTTCTATGATGTAAGACTGTCTTCTGTGATGTAAGGCTGTCTTCTGTGATGTAAGGCTGTCTTCTGTGATGTCAGACCGTCTTCTGTGATGTAAGGCTATCTTCTGTGATGTCAGGCTGTCTTCTATGATGTCAAACTGTCTTCCATGATGTCAAACTATCTTCCACGATGTGGAACTTTCTTCTATGATGTAAGACTATCTTCTATGATGTAAGACTCTCTTCTCTGATGTAAGACTGTCTTTTATGATGTAACACTGTCTTCTATGATGTAAGACTCTCTTCTGTGAGTCTTATGT,"[[127794420, ""T"", [""C""]], [127794799, ""A"", [""G""]]]",yes,yes,A->G,2
chr10,391860,392227,GCTGTTTTCACCTGGGTAAATTAGGCAGATTTAAAATTTCAAAGCTGTAGTCTCTTAAGTGTTTAGTACTTTTCTTATTGTAGATTTAAATCTACAGTGAAAACGCCTCTCTGTGGAATTTTCATGGAGCAACAGCCAAATGAGCCAACCAGCACATGCAGGGCAGCTCCCCAAGATCTGGCCGCCGGGAGCTCTGCGGACAGATGGAACCCACTTCGGGGACATCTTGTGGTGCTTTTCACACAGATGCTGCTTGCTCAAGTAAAGCCCTAATCAGTCACTTTAATGTGAATCTGAACATCACATTAGCAAACGTCCCGACTCTTGAAGGGACACAGGTGAGGGGCAGAGGTGGGGCGACATCAGCT,"[[391861, ""G"", [""C""]]]",yes,no,G->C,1
chr8,125757971,125758355,CCACCATTGGTCAGAGGGGTTTGTATTATGTAGGAGTCAGTAAGAAACGTGCCATTCTCTTATGAAAGAAACCTTATTTTATTTGCTTTGCATTGCTAAAGATGGTATGTAAGAGAGCTGAAAGCCTGGCATTCAGCCACAGAGTCTGTGGCTTGAATATTTTATATCTGTCAATGGGATTCCTTTTGGCATCTTATCTGAACACAATGAATTTGATTTTGGAGCGGCAGGAGATCCTATATATCGTTTTTCTTGCAACAGAAACATCCTTTGTGAGACCCAATGAGCTAGTTTGAATTCCTCTATCTCATGGTTCTGTCTTCAATTGTCAAACAGTTATACTTTCTTCAACTTTTGACATTTCCATTTTATGTAATCCTATTGA,N,no,no,N,0
chr13,110609132,110609496,GGTTCATTTAGGCCGGGCGCAGTGGCTCACGCCTGTAATCCCAGCACTTTGGGAGGCCGAGGTGGGTGGATCCACGAGGTCAGGAGATCGAGACCATCCTGGCTAACAAGGTGAAACCCCGTCTCTACTAAAAATACAAAAAATTAGCCGGGCGTGGTGGCGGGCGCTACTCGGGAGGCTGAGGCAGGAGAATGGCGTGAACCCGGGAGGCGGAGCTTGCAGTGAGCCGAGATCGCGCCACTGCACTCCAGCCTGGGCGACAGAGCGAGACTCCGTCTCAAAAAAAAAGGTTCATTTAATAATTTTGCCTTTATTTGAAATAATGTAATATTTATTCTATGCCTAGATACTAAATAATTTAAAGG,"[[110609145, ""T"", [""C""]]]",yes,no,T->C,1
chr5,31059473,31059837,GATCAGTTTTCTTTTCTTTTTTTTTTTTTTTTTTTTCCTGCAGCATATACAGCAGTAACTGCAATCCATAGCCACATGAATAAAGCAAGGTCAGAACAAATTTTCATCCCACCAGTCCCAAGGCAGACTGATGAGCAGAAAAGCTCTTTGCTCTCCCTTTTCCCCCTCCCCGCCACCCCGAACATCTTGACTGGCAGGCTGGTAGATAATCCTGTTCGGAGCTAATGTGTAGTAACAGGATTGAGGGAAACTGACTTAAGAGGCTTGCATCTGGGCCAGGACACATCGTATCGATGCCATATTTAAAGATGTTCCCTCTGTTCACCTCTGTGAAGATAAATGTCTGAACATTGAGCTTAAAAGCA,"[[31059496, ""C"", [""T""]], [31059690, ""A"", [""G""]]]",yes,yes,A->G,2
chr17,20307301,20307657,CAGTATTGTAATCAAAGCCCCAGAGTGTCTCCTCTCCATTCTCACCATCTTTAATCTGTTCCTTTTGTCCCCATGCTTGTTCTTTGTGGTTGAAGGTGGCTGCCAAACCTCAGACATCACTTCCACCTACAGGGCAGGAAGAAGGGGAAGAGAGAGAGCAAGTGCCTCCTATCTTTCCCTTTAAAGAATGAAAGTGAAAGGCTCCCTGGGTTTCTCCAGCTCATTGGCAGTACTCTGTTACATGGTCCCCAGCTGCAAGGGCATTTGAGGAAGTGAGCATATGAACAGTTTTCAGTTTCTTTAGTGGGAAGCCTGCGAGGGAGAGAGCTTGGGAATGACTGTTGGGCTATCTAAATA,"[[20307409, ""T"", [""C""]]]",yes,no,T->C,1
chr20,54598326,54598749,TAGTCTTTTGTTTGTTTCTTTCCACTTCAAAGCCCTGAAACCTCACGGCACATCAGACTGGCAGGGGCACTAATCTTTTATGGGAAGATCCAATTGACATGAAGTTCTAACTGCAGCAAAATCTCCCTTGGAACCATTCTTGCAATGTGATTGTGTAGAGAAGGGTGGCAGGTGTCCAGTCCCTTTCTCTGTTAACTGTACAGCTTGCTGCTGAGTTAGCATGCTTCAATGTCAGACTTGCCTTACATCCTGACTGATTTAAATTAATACCCTGGGTTTCGCACCTGCAGGAGCCAGAGAAGCTCAGGTGACATTTGGCAGAACGTACTAAATAATTACCGCACATGAGTGCCTTTCTTTACCAGCTGGAGAGAGTCTCTCTTGTGCTTTTGACATCGTTTTAAGAGAAACTTTAAGGTATGCC,"[[54598400, ""T"", [""C""]], [54598740, ""T"", [""A""]]]",yes,yes,T->A,2
chr2,145284578,145284924,TTTTTCATGAAAACAAGACAGAATTAGGAGAAATACATTCTTCTAGGGAACAGGAGTGACAGCTTTGTCTTTTCTGCATCAGTCACAACGCAACCAGAGTTTTAAATTCAGTAATTGATAGCACATTTAAGAGTGATGTTGGCAAGCTGAAGTCCAGAGGAGGTGACTAAGTGGTGAGATGAAGTTGGAAAAGGGCCTGGCTCATGGGTCGGGCATTGCCCAGTGCCACAGGCAGAGTTCTAAAGATCTGAAATTTATCATTTCCTTTTATCGTTATAACAAACTTAGACAATAGAAACTAGCATTATTCCTATCCCACAGTTAAATGAACAGTCATCTTTCTAATA,"[[145284597, ""G"", [""A""]]]",yes,no,G->A,1
chr12,58588784,58589165,TCTGAGGACTCTTGGAATAAAACGCAATGTATGAACATTGATTTTATCCATTCCCCTTATAAGATATATAGTAAAGCTAACTTTTCATTCTAAACATGCACTCTAGCTTCCCTCTTGCCTCTTTTACAAAAATTCTCAAGCTAAGCCTTATGGTACTCATGGCGCAATCTTCAGTATTACTCACCAGGTACTAGGGATTCCATTGCCATACCCAAGGCTTGGAAGTGACACACAGGCCTAGATTATAGTTCACTTTCTGCTTCGATTTACCATGGGTAAGTTACTTAACCTTTTTGGCTTCATGTAGACACATGGCAAGCGAGGGGTTTAATTATTTGATCCCTGGCATCCCATTGCTATGATTTGAATGTGTGTGTCCCTC,"[[58588806, ""T"", [""C""]]]",yes,no,T->C,1
chr1,50369946,50370205,CTCATGTCTCACACGCCCAATTTCTGGCCTGTCAGGGACAAATATCTGGATAGTGAGCATGCCAAACAGATGTCACCAGGAGAGGGAGCATGTTGCTATGGGAGGAAGGCTGCACCTGGTCTCCAAAGCCTGACCTCCAATTGCAGCTGGGTGCCCCTAGGTCAAGTACTTAAACATCCTCCTCTGCCGCAACCTCTTCATCTGCAAAACGAGAATAATAATGATCCTCTCTTCCTCAACAAGGCAGGGTGAGAAGATGA,N,no,no,N,0
chr8,6820334,6820748,TGACTCAGTGATCTAGTGACTGTATGAGATGGTTGGGAAGAATGAAGGATTTGCTTTCTTTCCTTCTCTAACAGCCCTCAAACTCCTGGGAGATGACACGGCAACTGACATGTGAGTGTGACAAATGCAAGCAAACAAGGTGGCAGGTGTCAAACTCCTCCTTATTGAGCTCCTGCTTATCTGGGCATTGGCAGGCGGGGTGTCCACCTATGAATAAGCCACTTCAGCAAATTGGATGAGAAAATCAATATTCCACTTCTTTGTTCACTTGGGGATCATGTTGGTTGGGAGGCTGCTCATGCATGACCTGGGCCCTGCCACAAGTGAACCTATCTACAACACGCACGCTGTTATGCTCGGTGTTCAGATGTGGACGCTGAGGTTGGTGAGGCTCAGTAATGTGTCCAACATTGCA,N,no,no,N,0
chr4,19398548,19398767,CCAGCCATCCCATTACCGGGTATATACCCAAAGGGCTATAAATCATGCTGCTATAAAGACACATGCACACGTATGTTTATTGTGGCACTATTCACAATAGCAAAGACTTGGAACCAACAATGATAGACTGGATTAAGAAAATGTGGCACAAATACACCATGGAATACTATGCAGCCATAAAAAATGATGAGTTCATGTCCTTTGCAGGGACATGGATGAA,"[[19398564, ""T"", [""C""]], [19398752, ""T"", [""C""]]]",yes,yes,T->C,2
chr3,169072532,169072895,ATTTCTTATTTACAGTACATGCCCTATATGGGTTTGTATTCAGGATGAAAGCAGGTATGCACCACAGTCACTTAGAGACAAAGGCTGAGGCTCCACCATCTTAGAACTGTGTCATCTGAAACTTGAAGCTTTTTTCTTTTTCACATTTCACATTCTTTTTCACATTCCTCATAGGAAGAGGGTAGAGAGAATTGTGCAATGCAATTAAATTATTTGGACCAGTAGGCCGGGTGCAGTGGTTCATGCCTGTAATCCCAGCACTTTGAGAGGCTGAGGCGGGCGGATCACCTGAGACCCGGAGTTCAGGACCAGCCTGACCAACATGGAGAAACCCCATCTCTACTAAAAATACAAAATTAGCTGG,"[[169072611, ""C"", [""A""]]]",yes,no,C->A,1
chr4,121056030,121056437,TATTACTATTTGGTATATGTGACCAGACCTCTCCATAAACTGTATCCAAACAGATAGGCTAAATAAAACCTGTGAGCCTTCCTACAAACTCACACCTGCCAAATACCATATAACTTATGCTACTGGGCACTTATTTGGAAAGAAGCACCATCCCTGGAGGAATTCTAAAGGCAATGGAATAATCCGGAATGTAGCGAACTACACAGGCACCAGCAGGGAAGTGGCAGATGGTGAGCTCAGTGAAGAAAAGACCAGGAGGGAATTGACTGCAGTCACTGAGACAGTTGAGAAAACCAGGCTAGAGAGAGTAAGGAAGTGACTGGCAGCGTCTTTAGGATGGACACCAAGCTTTGATGTATAATACTCTACAGGGCAGGTCAGCAATCTTTTCATACATTTTGCAATACA,"[[121056062, ""T"", [""C""]]]",yes,no,T->C,1
chr8,130186551,130186873,GAGATGGGCCGAGCACCCTGCAAAGTGCTTATTGTCCTAATCCCTAACAAGAACTCCACGAGGTTGGTGGTCTGACTTCAGTGCCCATGCTATGCTGAGGCTCTGTGGTCAAGACAGACCTGGAGTGAATGCTAGCTGGACACATAACTAGCTTTCTAGCCTTTCATGAGCCCCTTAGCCTCTCCAGGTTTCAGTTTCCCTGATGTATATAAACAGAGAGTAAAGCTGTACAGATAGTTTCCTGTGAAGAGGTCATACATGCAAAAAACACTTAGTGCACGTCCTGGCAGGCACCAAGATGTCACAGTATTAGCTGTTACTTC,N,no,no,N,0
chrX,66544263,66544595,GCAGCTATCCTGGTGCAAGATACAGGTTTTTTTTACTCTTTCTTTTCTTTTCCACTAGTAGAGGGACTTCCCCCTTTTGCCACCATCACCACAGGCCCATAGGGAGTACTGCCAGGCTACTGCCAATGTTTACTTAAGGGCCAAAAGTTCTTCAGTCAGCTTGTGGTGAGTGCTGCCAGGACTATGAGTCAAACTTCAAGGTATTGGACTACACTATGAACAGAATAGTCCAGAAATGCCATTTAAGAGCCAACTCCTGGAATTAGGGACCCCAAGAGTCAACTTGTTGCTTTACCTTTCTGTGGCCAAGCTGGTACCTAAGGTGCAAGATGA,N,no,no,N,0
chr3,127366422,127366699,AAAGAGATAAAAAGATACATCACCCAAGAAGAGATACAGGTGGAAATGAGCCTCCAAAAGGATGCTCAACATCATTAGTTGTCCTTAGTCATTAGGGAGATGCAAATTAAAACCACAGTGAGCTACCACTTCACACCTACTCGATCTGCTAAAATGCAAAACCTCACAGCTGAGTGCTGACGGATACAGAGCGGCTGGAACTCTCGCACCCTGCTGGCGGGAAGGGAAAGAGTGCAGCCTGGTTGGAATACAGTTGGGCCATCTCTTATAAAGCTATA,"[[127366433, ""G"", [""A""]]]",yes,no,G->A,1
chr7,131278899,131279349,TATGAGGTATGTTTTTGCATGCACTGTTATTCAATTCTTAAACCAATCCTCTGGACTAAATGTAATTTTTATTATAATGCCACTTTGTAGCTAGGAAATGAAGATTGAGAGAGATTAAGTGAAACTTGGAGGTTAGCCACCTTTCATTCATCCAACATCCAACATATATTACTGAGTGTTTACTGTGTGCCAGACACTGTTTCAGACATGAGGATAGAGCTGTGACTAAGACTATTCTCATGAAGCTTTTATTCTAGTGGGAGAGGCAGATAGGAAACTAGTAAATTAAGAAACAAGAGGATTTCAGTAATGATTAAAGCTATGAGAAAACTAAAATAGGGTAATTGACATGACTGACAGGAGTAGGGGGAGATTGTGCAACACTGGATAAGAGATTCAGAAGACCTAAATTATGTGAAGCCAGTAGTGCAACGTTTTGAGGTAATGATCT,"[[131279112, ""C"", [""A""]]]",yes,no,C->A,1
chr4,57344345,57344629,TGCTTGAAACCACTGCGATTTTCAGGTCTATTGTTTTCCACAGCAAAACCTATTCCATCTTGAGACATTGCCCTTAAGCAGCTCACAGTCTGTGTGAAGTAAGCACATGTTTGATTAATTTTGAGTAGGTGGCTGGGAGATAGAATGACCTCTGGACCTTGAGGTTCTTTATGGAATGAGAGTGCAATCCGATTAGTTCCTCTGAGTTTTGGACTCTAACTATGTAGGAGTTGGAGGAAAAACAGCTTCACAGGGCCACAATTTCCTCATTTGTAAATGCAAGGA,"[[57344377, ""T"", [""G""]]]",yes,no,T->G,1
chr9,98135582,98135966,TGGAGGGGGCTGCCATGGCAGAGAGTAAGCTCCCTGTCATAGAGGTATACAAATGGAGTACAAGGTGATCCTGGGATGCTGCTGACTTGATCTTCCTTATTGGTCCTGCAAGGTTCTCTGGCCCCTAGTTGATTGTATGCACTGTTTCCCTTAGAGGTATACAGGTTTTTCAGGTAGACGACTTTGCTTTCACTTCAGCAAATATTTATTTCCTGGTCATCTTGGATTTAAAACCAGGAAGCCAACCCCACGAGAGTAGTGACAGGCTCCAGATACTTCGGTCTGATGAGGGCTGTCACTGCATAGAACCCCAGGAGGAAGACACACTCTGAAGAGGTATGTTTGGAAGATGAAGGTACCACCCGCAACACTGAAGCAGAGAAGA,"[[98135621, ""C"", [""T""]], [98135774, ""A"", [""C""]], [98135894, ""G"", [""A""]]]",yes,yes,C->T,3
chr14,31149600,31149851,AAAATAAAGAAACAAATATTTTTGTTTCTACAGTGACTCACACCTGTAACTCCAGCACGTTGGGAGGCCGAGGTAGGGGGATCACCTGAGGTCAGGAGTTCGAGACTAGCCTGACCAACAAGGTGAAACCCCATCTCTACTAAAAATAGAAAAATAAGCCGGGCATGGTGACAGGTGCCTGTAGTCCCAGCTACTCAGGAGAGTGAGACAGGAGAACTGCTTGAACCTGAGAGGTGGAGGTTGCAGTGAGCC,"[[31149635, ""G"", [""A""]]]",yes,no,G->A,1
chr13,88617221,88617542,TATCTTTAATGAGAACAACAGAATAAGAAACCAAGACAGAACATTCAGTCACTATTTTTCACTGTGGTTAATCGTTGAAACCATTAATGAGACCCCTTGTGCTTTTCTGGCTATCTCTAGCTTGAACTTGATCAGCAAACTTTGTCTGCATTAGTAGCCATGGCAACTTCAGGATAAATATTGAGTACTGGCCTTCCAACTGTTAAAAACCTTTAAGTCTCATTTAAGTCTGTAGTATGTTACCACAGAGACACTAGCACGCAAAAAATGGAAATTTCACACATAGTTCCAAGAAAAAAAGGTAAAATTTGATGAACAATCT,N,no,no,N,0
chr1,243621991,243622355,GTCTATTGTCAACACTGCAGCCAAAGTGATACTGAAAACTAGACCGTGTAACTACACGGCATAAAAATTTCCAAAGGCTTCCCACTTCATTCACAGTAAAAGCCAATATCCTTACAAACATCCTACACCATTCTTGTTCCACACCATGCTAGACTCCTAGCTATTCAAAGAATGTGTTAGAATGTGCTAAGTAAGCTCCCTCCTCAGGGCCTTCTCAATTGCTATTTCCCCTTGCTGGAACATTCTTCCTTCAAAATATCTAAAGGACTTGCTTCCTGATCTCCTTCAAATGCTTGCTGAAATTTCACCTTTCAGTGAGGCCTTCCATAGTCATGCTATTTAAAACTGCATTAAGTCCCCAAAAT,"[[243622035, ""T"", [""C""]]]",yes,no,T->C,1
chr11,93129687,93129918,TCCTTTTAATTAAAAATGATAAAGTGCTGTACTCAGAAGCTGTCAGTACTGCACTATTATTCTTTGCATCTGTTCCTCAATTCATCAAATGTTTATTGGCACCTTGCTGTGCTTTGAAGGACCTTTTTAAATTTATTTCCATGGCTGCACTTCCTGTATGATGCTTGCTTAATTTTGTCAATTAAAGTTTGAAGACAAAAAGTGCATGCAAATTTCGGTATCAAAATACATG,"[[93129697, ""G"", [""T""]]]",yes,no,G->T,1
chr6,56232454,56232778,AAACTCAAGACAGTATTGTTATCAAGTTTGCTTCCTACAAAGCAGGAGATTCATGAGGTGAGAAACTCTCCTATCTCATTGTTCACTCCAAAGTCAGTTGGCTACGTTCTGTTATAAGGACTTTCAGATTCAATGGTGTAAAGCAGAAACAGCTGCACTGGACTTCGTTCATCCTGAAAAACAGACATTTCTCAAGCATGTGCCAAGTGCAGTCTTAGAATTACAGTATGTCAGACTTTATCCAAAAGGAGATGCTCTTATTTTACTACATCATCCAAATGCTTTTCATAAGAAATTGCAAACAAGATCCCTAGAGCCACATATT,"[[56232514, ""G"", [""A""]]]",yes,no,G->A,1
chr3,74469137,74469574,TAAATAATGTGACTGATCCTTCTTTACAAATAAAGAAACTGAGGCCCAGAGAGGACAAGAGGCTCCCATCTAGTAGTGGAGTCAGGACTACAACCCAGGTCTTCCAGGATTAATCTTGGGTTCCGTCCACGCTAAGCCACTGATGTGATTAGTAGAGTATATCATTTTAACCCCGCTAGAAGACTCTCAAATTGAAGACAGCCCTTGTCAGTCTACTAAGTACAAAAAATTCCTAACAACTGACTCCAGAGATTTAAAGAGATGACTCAAAAACTCATCAGACCCACAGAATGGTGGGAAACATTTGCATGTATCTGACAAGGGACTTGTATTTAGAAGTCATAAAGAATTCCAACAACTCAATAATAAAAAGACAAATAACCCAATTTAAAAATGGGCAAAGGATCTAAATAGATATTTCTCAAAAGCAGGTATATA,"[[74469297, ""G"", [""A""]]]",yes,no,G->A,1
chr9,115300905,115301310,ACACTGAAATCTCCAGGCTGGACCAAGAAGAGGATCCCCTTACACCACACATAAGTGCGTTTGCCTGGAGTGAAACAGCACAGGTCTTCCTCTCACTGCAAGGCTGTGATCAATTCTTGGCTCCCAAACCCAAAAGGGATGTGGAAATCTGGTGGGAACTGTAAAGGCCTGGAATATAAGACTTATGTGCACAGATGAAAGGCAGCAGGCTTGTTCAGCTGGGAGGAACTGTAGGATGGCTTAATTATAACCTCCTGGTCTATAGCAAGTTCTTAGATCACTGATGAGGTAAACCCGCTGCTGGATCCCAAGCTGGGAGCTACAGCAAGGACTCAAACCTATTTATCTTTTATTTTTCTATGGTGTTTGGGATGCAGCTCTGAATAAAGTGGTGGCTGAGGAAACT,"[[115300963, ""A"", [""G""]], [115301171, ""G"", [""A""]]]",yes,yes,A->G,2
chr5,161259220,161259565,GGAGAAAGGAACCCACTGCCTTACAAACAAAAGATTCTGTGTGTACAATTTGAATGTCCTCACTTCTCCAACACTGTGTCATTTTTTAAGTCGACGAACACAATCTGAGTTCCCATCCTCCACAGCTGCAGGAAATCTGTCAGTTTCTCTCCTTTACCCTTGCAAGTCATTGTGGAAATCCTCTGGGAATGGCAACATATTGTGAAGATTCATTCTAGTTGCTTCTTGCTTTCTCTTACTCTCTTTACTATTCCTCTGATTATCTTTTCCTCCTATGGACACCCTTCCAGCCTACTTCACCCCACACGTGAACCAAACGTACGTCATCCCCCCCACCAACCATGGC,"[[161259256, ""T"", [""C""]]]",yes,no,T->C,1
chr14,84988359,84988821,TGTAAATTTGGGAGACATTGCTATAAAACATTGTACATTCCCTAAGAATGTCTAGCTTTGGTTCAAAGAAACAACTTTTATCACTCCCAAGAGCCACGTTACTCCACAGGCAACCTGAGTCGTCTTAGTGAAGCAGCGGAACCTGCCATTCCCATGCTTGTCGCCCAGTATGAGTGTCTTTTACAGTCTAGCTGAGCACTCAAGTCAGAACCCTGCCAGACATGTTAATAGGCAAAGCTTCTTTGGGGGAGCCAATAGGAGACGTGTGAAAGATTGCAGAGCCTCAGCCTCACATTGCTCTAAATTGTCTGTCACAGTGAGTCAGCCTCATCTGCCAGAAACAGAAGATAGAAGACCTAAGAAGAGACAACAGAGTCTCACCCTATAAATATGATATGGCAGGCACGTTCTTTAGAGACCTATAATGCTTATTATATTTCTATTTGGGGTGTGTGTGTGTGTG,"[[84988360, ""A"", [""G""]]]",yes,no,A->G,1
chr13,22426938,22427400,TAATACATATGCCATTTTAAACTGAAGGTCATTGACTTACCACCTCATGCTTCACTTATAAGGCCTGTTACAGAAACAGTCTTAAAAGATAGCTCAAATTGAATGTGGAATCTGGAAGTTGTCTTTTTCTCTTATTTTTAATTCATTCCACCTTATCAAATATTGTCCTTTCTAGAAATCCTTTCTTTTGGTGCCTGAGCTCATCGCCGCCTTCTGCATGCCTCCTTCAGCTGTCTGGTGTAAGCCCTCATCCTTGCCTGCCCAGACACAGGCAGTGGCTTTTACCCTGCTCAGTCACCCTCCAAAGCCATAACCCAGACCCACCCGAAACATTTCTATGACCACATCATTCTCTTGCTCAAAGTCTTCAGCTGTTTTCTAAAACCTGATGATCTAATCTAAGCTGAACCCAAAGCACAGGCATCTCCCCAAAACTGGAGTTAAGACTGATATATGGGAGAAA,N,no,no,N,0
chr5,88298452,88298806,CCATGTGACTATATCTACCAATGGACAGTGACCAAAGGTGATATGTATCACTTCCATGCCAAAGCATGTAAGAGTCAGTGTATGATTTGCCCATCCATACTGTCTTTTCTGGAACAAAGAGCCCTGAGATATCACATTGAAATGGAGACACCAGGAAAAGGGAGCAATCTGGAATGTTGAGTCACTATGTGAAGGGCTGACATGGAGAAACTCCTGCACTCTTGGCAGATTTGCCTGAGTAAGAAACTGTCATGTGATAGGACTCTCAGATTTTTGTTTAGTTTATAACTATCAGCATTATTCCCTAGCCTATCCTGACAAACAGAATCTGTACCTAACTTGGTTTGTTGTGTTA,N,no,no,N,0
chr14,41665232,41665619,AATGACCCACTTGCTGTAATGTTTTCCAATGAAGAAATTTATGTATGTGAAGGATAAAGAAAACAAAGAAAAAAAAGAGTAACAAATTAGAAATTAGAAATTTATATAAGGGATTAACAAATGAGGGATGAGAGGTAACATTCAGATAATTTATAGAACATGTAACTAGGTGCACTTTAGAAATGACTACCCTCCATCCAGTGCAGGAAACTCATCTGGGCATTTTCTGCCAGCACTTAACTCATTCCTTTGATTGACAGCATTAATTGTTAAGCAGTGAAACACATTTTATATGGGTACGAAATTATAATTATCATAGTTACAGCAAAAGTATCATAATAAGACAGACGTATTTGGGATTTTCAGCTCACGAACAAGTAAACTTTAC,N,no,no,N,0
chr8,54570856,54571112,TAAATATATCTTTGAAGTTTGGAAGTGACTCATGCCGTGAGTCTGGAAGTGTAGGTTTCTTTTGAAACATGCACTGCTGCCGCAGCTGTAATCACTGCCTCCTCAGCACTGGTGGCCTAGGAAGGCAGGAGGGCTCATGTCAGCTGTGACTGGCCGTCATCACATCCCACAGGACACTCTTGCTCCTTCTGTTGCCAGCCCTACATTCTCCCCCTTCTGCCTGTCTAGACAGCCCCTTCCCTTAGAGAAAGGGGAGG,"[[54570977, ""C"", [""A""]]]",yes,no,C->A,1
chr16,63808808,63809279,TACAAAATTTGAAAATCAAAAGAAAGAATTAGGTAGCAAGGATGAATGTGCAGAAAAGAAACGAAAAGTGGTAGCATTGAAAGTGAAACTGGATTTGATTAGAATATTTGAAAATGGCAACAGCAAAGTGATGAGCATCCTGGAGGAAGTAACAACAGTATGTATACAAGATGACAGAAGTGTTTACCGTACTTTGTTTGAATTGAACATGAAATGGAGTTATAGAATAAATAGCTGACCATGGGAACACTGCCACTGCCACAGTTTAAGAGACTCTAGGTATGCAGTCAGAGAAACTTAGTGAAGGTAAATTTACTCACATACATGAGGAACGTGTCTGTGACAAAAAAGATGAAACTAACCCAGAGGAAATGATACTCACAAAAACTTCACAGTAAAAGAATAGCTCCTTTAAAAGTTTAGTTCAGCGGCATTTTATGACATATAAAGTATGAAGAATAAAGTGTTGGGG,"[[63808870, ""A"", [""G""]]]",yes,no,A->G,1
chr2,142417692,142418014,CTGTATGTAAATTATTTTTATTGGCCTTTGCATTATAGAGAACACTAACAAAGTTGTTCCCAAGGGAAGAAACAAGAGGCAGTTCCGGGGTGGTAAGTTATTGGAAAGGAAACCTAGTAGTGGTGCCAACACATTAAAGATAATCTTACCATATAAGGAGGTGAAGATTGTGTTTCGGTTTTTTGTTTGTTTTAAATTTCAGATGGATAGTCTTATTTTGTTTTTGAGATCACAACCAATCTTCTGTTTAACTGTTAAAAAAAGAGAAATTCCAAAATAATACTTTGCTTAAGAGTTGTTTTCTGCCCCACCCTTCTCCCCCT,"[[142417738, ""G"", [""A""]], [142417837, ""C"", [""T""]]]",yes,yes,G->A,2
chr6,98557826,98558102,CTTCAAATCATGGATAGTGTTATTTATGAAAACTTAGCCTACATAACAATGGTCTCAAGTTGCTCCATTAAAACAAAGTTCACCTGCTAAAGAAAAGTGCAGAACAGCTGTGTGAGAGGTGCAGGCCCCGGGGCACTGGCCAGGTGCCTCTCTGAAAAGCACAGTTTCAGTGACACTTCCCAGTCACCTCCTTCTTCCTAGGACTCCTCCCAGACCTCAGAGGAACTAGTACAGCTTGTCTAGGATACCTCTAATTATGGTTTGAAGAAACAATTTG,N,no,no,N,0
chr1,82321882,82322291,AACATCCATGTTCAAATGTCCAATACCATGATTCATTAGTCTGGATCCCTGGGAATTCAATCAGGAATTTCCTGGGATTGCAACTTATATTCAAGTCAGGCATGGACAAATCCAGATTTATTGAGGTTATTGTATTTTTTAAGTGAAGGGGCTGGCATGTACCCAGAGCAAGTCTAGACCAGAACTGCCCTGTTGATATTTGTTACAGCTCAAAGTTCATATGTTCACCTGCAAGAATCTGTCTTGATATTCCATCTTCTATGAAATAATAAGCACTCAAAATTTGTCTGACTCATTATAGCCTTACCTTAGTTTATAATCTATGTTTCCCTGTAAGAAGAGAATTAGGAGATGTTTAAATGAAGATCAAAATGAGCAGAGTCTAATTAGGGCTGCATTCTATAACAACC,"[[82321967, ""C"", [""T""]]]",yes,no,C->T,1
chr5,24031176,24031404,AGAGAAGACAACCGTAAGGTCTGACTGCCTGTGGGGTTGGGCAAAAAGAGCCATATTTTTCTTCTTGCAGAGAGCCTATAAATGGATGTGCAATTAGGGAAGATATCGCTAAATTCTTTTCCTAGCAAGGCATATTAATATTAATACCTTGGGAAAGGAATGGATTCCTTGGGGGAGGTCTATAAATGGCCGCTCTGGGAATGTCTGTCTTATGTGGGTGAGATAAGAC,"[[24031189, ""A"", [""G""]]]",yes,no,A->G,1
chr6,82484855,82485234,GTGAGAGGCAGCTCCCCTAACCCTCCCCTCCCAGCTGGGGTGCATGGCCATGTCCACTGCACGTGCGTGTGGTGTCAATAGCCACATAGGGCGGGAATGAGCCACAGCTGCTGCCCAGGCCCCAGGGTGGCCTTGGAGGCCTGGGTCCTGCTCAGCCAGCTAGCCAACATTCCCTGCCACTGCCACCATCCATAGTCTTTCCCTCCCCCAGCTAAAGGGTACAGCTCAGTCTGACAGCAATTAAAAGTTTCCCTCCCTGTTGGAGAAATCCATTTGCATAAGAATAAGCGGTTCTTCCCCCAGGCATCTTCCCCACCCAGTATTTATGCTTTTTTTTCCTTTTCTGCACTCTGTCAGCAGTTAACACAGCCCCACACTTA,"[[82484916, ""T"", [""C""]], [82485175, ""C"", [""T""]]]",yes,yes,T->C,2
chr5,109327589,109327846,TAGATCATTAATTTTTTATTGATTCTCAGCACAAAGCAGTCAATGAACAGACAAGTATCTTTCACCAAGTTGCTTTGGCAACATTCTCTCAGGCTCCTGTTAGGCGCCTGTTCCTAGAGATGATGAGGCTATGGGTATTCATTAACCAAAGGGATTAACCATCTGGGATAGAGACCAATTAGGACAGAACAAGATCATGTAGAGTGGATTTAGTGTGAGACACAACAGGGACCCGATGTTTATCCCTGGTCAATCACA,"[[109327644, ""C"", [""T""]]]",yes,no,C->T,1
chr2,174378409,174378675,TTAGAAAAAGAACCAAAATAATCTAAACCAAATTAGATCAATTTTTCTGAAGTAGACAGTAATATGTAGGACAGTAAGTAACTTTAACTAAAAAACAATTTTAACATACTCAGCTTTGTTTTTACCTCTGTACTAAAAAGAGATGGCTGCTGAGGCTTTCAGTACAGTCTATTTTTATAATTCAGGATATGAGTATGAGAAATAAGCATTTTTTCCTTCCATTTTTAGGCTACTAGCCTGATAAACTATGTTTAATGTATTTTACTT,"[[174378496, ""G"", [""C""]]]",yes,no,G->C,1
chr4,127214947,127215284,CTTGGAAAGTCAAGGAAGGAGGAGATGCAGCCAAGACAGAAATGTAGAGTTTCAGACATTCTGTGTATACTAATAGTGATACTTAAACCACTAAGATTTCCATTCCATTGATACTAATGTACTTCAGATTGCTCCATGGTGCTGCTAATCAAAGCCAGCAAGTACTCACCAAGACAAGCCAAAGGCGGAAATGACCTCCCTATACCCACGTCAGTATGTCAAGAGGGTGGTAAATAGTCAGAATGAATAAACACATAGTTGCTGATGCTTTAATCCCATGATTAGAAAAATATACAGTTAAATGCCAGACAGAAATTTACAGCGTATTTGTTAAATAC,"[[127215068, ""T"", [""C""]]]",yes,no,T->C,1
chr3,177545228,177545496,GGGACAACAGGAAAATCCTCATCATGAGCTCTTGCCACCCCTACCCTGAACAGAGATCCAGTTGCCCTGTGACTACAGTAAGGAAGAGGTTAGAAGATGAGATGATCATGACAAATAATAACCATAAAATCATTTCCCTTCTCTTTTCTAGAACACATTACAACTAGCAAAATATTTTTAAATTCGTGGCCTCATTTGATCCTGTCAGCATAGCTATTTTTGCTCTTTCCTGTCTAAAGGAAACCCTTTAGTATGGGTTCATAGAAACA,N,no,no,N,0
chr9,116980702,116981156,CTCTAGCAAGATCTCCATCAATGCCATAGGTATTGGCTTTATTGACTCCTGTTTCCTATTTTGCTGGCTCAGCTAAATCTCCACTGTTTGCAACCAGGCATTTCCTTCTTGACAGATGAAAAGCCTCTGACAGCCAGAGCTGAGGGTAATTAACCTCTTCCCTGGGTGACTCCTTTCTTCAACTCTGCTTCTGCACACCCAGAGCAGCAAGGCCATCAAATGACAGCTCTCTAGGGATGCATGTAACCATGCTGACTGTGAACTCCTGTATAGGGATAGGGAACTCCCTATCCTTATAACTCTAGTACCTTCCTTGCTCACCACTGCATCTCAGCACCTCCTGCATTGCCTGGTACAGAGTAGGGATTCAGTAAATAAATGCTAAATAGATGAAGGGATATATTTCACAATAGTGATGCCTATGCCAATGGAATAGGACAATAATTTTTTACTTG,"[[116980787, ""A"", [""G""]], [116980995, ""C"", [""T""]]]",yes,yes,C->T,2
chr22,49638850,49639122,GTCATTCTCTGAGCGTGGAGAACCCCCATTTCTATCAGCCGGTAATCCCATCCATTGATTTGAATTGTTCAATGTCAGGCTTGAAAAGGCGGATCAAGTGTCCTTTGGTCCTGGCAAAGAATGAATCATTTGGCACCAGCCCAGGCCACAGGCCGGATAAAGCCCGCTTCATCTGCAGTCTGGCCTTGCCTGGAACGCCAGTGGCCGCCAGCGCCCCTGACCCGGGCGGTCGCACCACGATTATTCAAATCAGCTCTCTCCATAGATCTCAGA,N,no,no,N,0
chr13,98858228,98858567,AATGAAAAGAAGATAAATTCGTTCCTCTTCCCTTGGTACCACTGAGTAGGTGGAAAAAGAAACCCTGAGCCTCAGGACGCTTGCCTTTTAAAATGAATGTAATCTCAGAGTAGTTTTTATCCAGGCAGTGAATCACTTTTAAAACTCTCAGGCACCATGATCCAAAGACATTTAAAAAACTGTGACGGCACATTCTCAGTATGTGTGGAAACAGGATTCTTCTAACAGAGATGTAAGGAGAGTTTGCTCTTGAAGGAGAAGCACCAGGACTAAAATTAGCTAGAAACTCCCTGATGAACAAAGAATTGTTAAAGCTGCCAGAAAAAAACTAGTAAACCCA,"[[98858250, ""C"", [""T""]]]",yes,no,C->T,1
chr6,117281030,117281268,CAGGCCAAAGATTCAGTGAGGGGGTTACGCCAATCACAAAGTATGTTGATCCCAATTACACATTTAAAGAGTAGGAAAATGACCACTGGGTGGGGCTGTGGCCCAAGTGGACACATTGTAGGTTAGGTTTTAGCCAGAATGCAATTTAATACCTGCTCCCATAAGCCCCATTTTAACAGAGGGACTATGATAATGCATCAGGTTTCTGGATGCCCATATCAACTCAGACCCTGTATCCA,"[[117281134, ""G"", [""A""]]]",yes,no,G->A,1
chr21,33782493,33782742,TCTTATCTTCATTGCGCTTAAATGTAGATCTTTATTTTGTTACCTCATTTTTAAATCTTACTGTTTTAGTGGAGTAATTGCTTTTGTCTCTTGTGGCAGAAGTGGTGTATGGTTTTGTCACATTTGCACAGTAAAATTGGGAAAATGCCAAAACTCTGAGGAAATGTAAAATGGTTAGATCACAGCCTTTTTCAGATTTGGTGTTTCTGATTTAACTTTACAACTGTATCATCTTAAGAATGTTAATTCT,N,no,no,N,0
chr8,85559800,85560024,ACTCTGCATAGAATGTCCTCTTTTTCATCAGCCACTGACTCACTCACAGCCCTCAGTTCTCTGCTCACATGCACTTAGCAGCAAGGCTTTCCCGGACAGCACCCCTCTTTCCTGCTCCCTGACCCATACTCTTGGGTACTTGCCTTCCTTGGTCTTTGTCACCTACAGAATGTATTTACATCTTTATAAATTCATTTTCTCTCTCCACAATGGAATATAAAAAAT,N,no,no,N,0
chr8,119583201,119583675,AAAGAACCCAGGAGACCCGACTTGCAGACTCCCCCTCTAACCACCAGACTGGCACTCCCTTACTAAATAGGAAAAGTTGTCCTCATTCAGCAACTAGAAGTTCAAGGAAGAAAAATAATTAAGAGCACATAAATAGCTGGCCAGGATGCAAGCTGGCAACATTTTTAACTGGGCTGCAATGCAAGAGATGGAGGTGGAGGGGACTCTGTGCAGAACTCTTGCTTCATCAGGTCTCTGACCAGTGGTGTCAAACTGTAATGCTATGTTAGACCAGCCAGAGGCTGCCAACAGCAACACTATGAAAACGCCCCATTAGTCAACTGTTGAAGGAAGACAAAGAAGCCTTAGAAGGGGATAATATTCTGTCTTTGAACCAATGGGCAAGTTACAACCTTTTGTGGGGAAGAGGAGGTAGTCCCAGAAAATAGACACCTCATTTCTTTCTCTGACATTGAGAAAGATCATATATACTAAC,N,no,no,N,0
chr8,128435785,128436047,GTTAATTTAGTTCTTGAGGGGGAAAAAAAAAAGAAGGTTACAATCAGCGATTTTACCACAAGAGTGGAACTGACACCCTTAGCCAGCTGTGACCGAGTGATCCATTATTCATGGAGCACGCTGGCTCCATTCCTCACCTGCCCGTCACTGCCTTGCATTTCTATCCATCCTTTAGGAATGTTTTCATCCATCCTTTAGGAATGTTTTCAGATCGCTACCACACAGAGGAAGCCCGTCAGTCTTGTTATGCCTAACAGGCATCC,"[[128435805, ""A"", [""G""]], [128435806, ""A"", [""G""]]]",yes,yes,A->G,2
chr21,16002945,16003207,ATAGAACAGAAACAATGTTTACATACCAAAGCATAAAGAGAAAAAAAAAAACCTTGGATTTTCAATGAAGTGATTTAATAACTATTTAGTTAAAGATGCAAAATTAAAGTACTGACAGTAGAGGGCAGGGTATCCCTGATGCTGTGCTGATAATTTCTTGAAATTGCAGAGTATCTCATGTTATCCCTAAAGTCATATATTTCATGTATTGAGCCAGATATTAAAGATTTTAGGTTTAAAAAATACTGATAACACAATTTACT,"[[16002966, ""T"", [""C""]], [16003177, ""T"", [""G""]]]",yes,yes,T->C,2
chr1,67159261,67159630,TATCACTATCAGTGATAATGAGTGAGTTCTCAGAAGATCTAATTGTTTAAAAGTGTGTGGCACTTTCCCCTGCTCGCTCTCTCTCCTGCCACCATGTGAAAAAGGTGTTTGCTTCCCCTTCGTCTTCCATCATGATTGTAAGTTTTCTGAGGCCTCCTAGTCATGCTTCTTGTGAGTCAGAACTGTGAGTCAATTAAACCTCTGCAATTAAACCTGCAGAACTGTGAGTCAATTAAACCTCTTTTCTTCATAAATTACTCAGTCTCAGGTAGTTCTTTATAACAGTGTGAGAACAAACTAATACAAGTATATAAGTCAGGACAAAGATGGATGGACCAAAATGATAAATAATAATTCTCATGCAGTGGTG,"[[67159497, ""G"", [""A""]]]",yes,no,G->A,1
chr9,122187109,122187390,GATGACACACTCCAGCAAGAACAGCGGCTGGCCCTAAAGAAGCACCTTTCGGTGCATGTTGACAATCACAGTCGTGATCCTTTTACACCCAGGGTGAAAAGGTGAAAAGCAGGGGCCTCCTTAACTCCATATCCCAAAGGGAGGAGCCAGCGTTACCATGGCAAACTGAAGTCTGGCCTCCTCCCATCTGCTTTTAATTCTAATTTCAAGACTGGACTAGAGGTCTGTGGTTTTCTGATCTCTCTACCCAGCCCCTGGCATTCTGTTACGGACGTGTCCCCA,"[[122187238, ""C"", [""T""]], [122187259, ""T"", [""C""]]]",yes,yes,T->C,2
chr4,176360434,176360845,TTTTAATACACATGTTGAAAGAATGACACATATGGACATTGTGTTGTCAAAGGGGTGGACTGCCAAGGAAAACTGTGGATAGACTATGGCAATACCCATTCCTACAACTCTTCAGTGTGCAGAGACTACAGAAATAAAATTATGTTTTTCAGACTCACTTGTAGCTAGTGTTCACTGCAGCTAGTGATTTAGGTTCTACAAAGCAAATGTACTCATTTGAGATTGATTCAGAACATGAGTCACCAGAGGACAGAGGCAAAATGTGGGGCACCCATTTTCCTGACACAAATTATGTCAGCAAATTAAGATGTATTTCTGAATTAACTGCTATAGCACTGGCACTCTGACCATGGCAGAGACAAAAACTTCATTCTTTGTCCAGTTTGATGGTGTCATTTGGGAAATTGTTTCT,"[[176360514, ""T"", [""A""]]]",yes,no,T->A,1
chr6,103273059,103273427,AAGGAAGAGATTAGATAAAGGGGAATACAAGCTACCCCTGTTGTGAACGTAAAGAATTTTAATTAGCCATGATGATAATTTTGAAGCATTTCAGGTATATTCCACCCCTCTGCTCATAGAACAGACCAGCTGCTAAATGGTTCCTGTCAGTAGTCCTTCAAAACTTATTTTGTTTAGATTTTGCTGCCCCCTACAGAATAACCAAAGGCATTCATGAGTTTGCCATGTACCTTCAACTTCAAGATGAGAGCATTTCATGTCTTCTTGAGATTCTGGTAGAAATAACCCTCACATGGTAGTTTTTATTACTAAATTTGGCATATTTTGTATTACTTGTGACACAGCTGAACCTCCCTCAAAATTAAAATA,"[[103273091, ""A"", [""T""]]]",yes,no,A->T,1
chr7,89887525,89887878,CACACTTTTGCTTACGGCTCTACCCCACTGTTGTGGAGCTGGTACCTTAGGTGAAAGACAAAGTCCCATTTACTTTTCTCTCTGCTTTTCTCAAACAGAAAGGTCTTTCACTGTAGCCACCACAGCTGGGAATGTGCTGAGTCACGTCTACAGTCAGCATGTTTCAGAGTCCAAGGACCACAGCATACTACTTGGTTATCTCTGCTGGTTATTCAGGCACCAAGGACTCTTTAGTCATTAGGTGATGTATCCTGCCAGGACTGGGTCCTTCCTTCAAGGCAATGGGTTCCCTTTGACTCAACATGTGTCTAGAAATGTCATATGGGAGACAGGGCTTGAAAAGGGGACATCATA,N,no,no,N,0
chr4,8513138,8513337,CCTGACTTCAGGATAAAGAAATACCTGAGACTGGGCAATTTACAAAACAAAAAGGTTTATTGGACTTACAGTTCCACATGGCTATGGAGACCTCACAATCATGGCAGAAGGCAAGGAAGAGCAAGTCACATCTTACATGGCTGGCAGCAGGCAAAAAGAGAGCTTGTGTGGAGAAACTCCCATTTTTTAGAACCATCAGA,"[[8513189, ""G"", [""A""]]]",yes,no,G->A,1
chr8,10197282,10197653,GTACTTAAATGTGGCAATTAATAAAAGTATTACAAAGGTGAAAATGGATTTCTTCTAAAAATGGAATTAATGATGACGGAGTGCTTGTGTTGGGAACTCAGGCTAGTCTGGTGCTTGCCGGAGATGCAGGATGCTTGGAGAGCTGCAGGCAGTGCTGTCAACACAGAGGCATGTGTTGACGTGTCTGATCAGCAACCCTAAGAAGTGGGTCGGGCATTGCGGGCTGGTGAAGGCTGGAGAGAGGGCCAGGGTTGTCTTTCCGTCTGTATCACCACCAGTAAGCACTGTGCAAATACCAGTGTTCAGGAGCCACATTCTAACTGTGATGGGGTTTGGCTGAAATGCAGATCCCCAGGCCTTGGTGGGGCAGAT,"[[10197358, ""T"", [""C""]]]",yes,no,T->C,1
chr15,23629269,23629569,TGGGTCATGAATTATGTTATGTTCAGGACAGTTGTAGACAGTCTGCAGGGAGGTCTAGTTTTAGCTTTTTTAGACTTAGTGTAAATTTAGTGAAGCCTGTAGTTGTTCACAGTAACAGAAAATACAAAAAACTGTTGGTTGATCTAGTGGCCACTAGATGGCCCGATAAACTCTACTTCATAGACCTCGGAGCTAGACACTGAAGTGACTGCAGTTTGTTGCTGAAAACTATATAGTGTAAAAAGCCTTTGTTGTTGTTATTGTGAATGGAAAATAATTATCAACATTATACAAATTAAAC,N,no,no,N,0
chr11,91625416,91625656,TGGGAGCCATTGCTATTGAACCATGAGCAAGACAGACAAAAATATTAGTTCTTATAAATAGGTTAATCAAACCAGGACATTTTTGAGAGTAAAAGTGAAGTGAAAGTGAAAGAGAATGTTCTTTATAATTGTATCATGACATCAGGCATAAACCAACCAGAACACATGGTCACCTACAGACAGGAAATTACACGACATGTGATTAATGTTATTTTTAACTGTACTATAGGCTAAGAGAGAT,"[[91625442, ""A"", [""G""]]]",yes,no,A->G,1
chr21,25708462,25708792,GGAGGCTAAAGGAGGAGGATCGCTTGAGCGCAGAAGGTCGAGGCTGCAGTGAGTTGTAATCTCACCACTGCACTCCAAGCTGGATAACAGAGCAAGACACTGACCAAACAAACAAACAAAAAGAGCGGCTCTGTCAATTAATACTTGTTCAGTGCTTCAATTTAGCCCACTTTAATGTAACTTTATGAATTGAATCCAGCTGTGGCCCCCTGCTGGTCATCAGTGAAAGTACAGACAAATAAGATAACTCTTCCAAAACTCTTGTCATCTTTATCTATAGCCTAAAATAATACTGGTCTGAGTTTTTTTAATGAGGAGTTAGTAAAAAAAT,"[[25708473, ""T"", [""G""]]]",yes,no,T->G,1
chrX,132226227,132226431,AAAATAAATCATCGGGTTTTTTTTTGTCAAATTCATGGCAATTTTAAAATCCTGTTAATTCTATTTATTTTTTTCTTATTTGGAGCAGGTAGCTGAATATGCAGAGTTCTGGCACTAGGTGTCAGCAAAAGATTAAACTAAAAACACCCACTTTGGGTTTTTTTCTTTTCTTTTTTCTTTCTACACATATATATTTGAGACAGGG,N,no,no,N,0
chr10,90175319,90175773,CTCCCAGTCTGGGCTCACTCGGCAAACTCCTGATTATGACCTACCCTCTCATGTCATTGCAAGGCTGTGTTCTCCTGCTGACATAAACATTCTGGACCACTTGGCAATTCCATTTCTTAGAGTGAATTGCAAAATTGGCACTCTGCTTTGTACATTGGTCTCTTGTAAATTCCCAGGGATTAATCAACTACAAGTACACTGACACTTTGTATTTTCTGGATCTGCAAAGCTAGGGAGCAGATGCTGGAATGCCATGACCTGCAAAATGACTGTGCCCTACCACGCCTGCCAGCTGCCTCCCCAGATGACACATTCACCCGCTCTCGAACTGCAAGTGCTGGCACATAACTGCCTCAGATCTGGACAAATGTACGTGTGGGATGTAAGACAGGTTTTTTCTAAGGTCCCTTCTCTTACAGAATTAGAATCAATTTCTTCCTTCACTAGTAATTTAT,"[[90175428, ""A"", [""C""]]]",yes,no,A->C,1
chr8,106159164,106159416,GTGGTTACACATCTCTGAAGGCCAAGTTCTTACAGGATCCACTGCTCTCTGATCTTACACTGAGGCTGTCATGGTTATCTCCAGCTGCATTCCAGGCCTTAGGGAAAACATCCCGATACCAGTTTTCTCCACTAGGATGCCGACAACGCTCATAGCACCAACTTTACACATCTACTTATAGGACCCTGGAGCCATTTGTATCAGTAGAGACAAGTAACCTGGATTTAGATTATAGAAATAGGGGGATGGGAAG,N,no,no,N,0
chr6,30655761,30655989,GGGGTCAAGGAAGTAGGGGCCATAGATGAAACACAGTCACAAAGGAGGGACATCCATGGAGGCAGGAGCAGGAAACACCAGGGAATTCTGAGGCTTCTGCAGAAAGTGTGCATTCACTATGTGCATTTGGAAAAGATCTCTGACAGCAGAGGAATGGCATTTAAAGGTCATCCCTCCACAGCTACATCTAAATGTTCTAGTTGGAAACCTTAGGAACAAGTAAGTTCCT,"[[30655840, ""G"", [""A""]]]",yes,no,G->A,1
chr9,98900733,98901126,ATGGGAGTTATCCTCATTTTATAGCTGGGGAAACAGATTCAGAGAGTGAAAGTGACTTTTCCAAGGTTGCTCCTTTTAATGGCAAAGCCATGGTTTCAATTCAGGGCTGCCACATTGCTTCTTGGCATTCCTTAAGTCTTTCTGGAACTCATTTTTATATCCGCTTATTCATCCATTCAACTAGAAATTATCCAGCACTGGCCATGGGCCTGGCATGATGTAAAGCCCTGGTCACACAGACATGTCTGGAAACCGATCAAGAGCATAAGGGAGGGTTCTTGCCCTGCAAAATATTATAGATTTTCTAGGGAGAGGAGACATACAAACACCACAAGTTCAGGCATTGTTGCATAAAGTGCCCCCAGGAGTGAGCAATACTGCAAAGGCTATGGGA,"[[98900746, ""C"", [""T""]]]",yes,no,C->T,1
chr1,80212034,80212404,TCGCCTAATTTACTACAGTAAAGAAATCAACTGTTAGAATAAACATGCATTATTTCCTGTAGATAGCTTTCTTTTACAGTGCATATGAATTAATCCACATGTTGTCAGTACACAGAGATATTTGTCTGCAACTTCATATGGAAATGCTTAAGTTCAGCTACTTTTCTTTGCAAGGAAAGCATGTAAAGTTATACACTTCCTCATTCCTTTTAAGATGATTTAATACATCTTAGTCCATGTGACAAACACTATGCTTACAATTTCTAAACTGTAAAAACTTTTCGTCTAAGTTTAGCAATTGGCACCAGGCAAAGGGCTAGTTGTTCTCTCAAGTATTCCTATGTGAATCCGAAATCTAAGGTTTTAGAATC,N,no,no,N,0
chrX,106814167,106814542,TCCCTACAAAGGACATGAACTCATCATTTTTTATGGCTGTATAGTATTCCATGGTGTATATGTGCCACATTTTCTTAATCCAGTCTATCATTGATGGACATTTGGCTTGGTTCCAAGTCTTTGCTATTGTGAATAGTGCCGCAATAAACATACGTGTGCATGTGTCTTTATAGCAGCATGATTTATAGTCCCTACAAAGGACATGAACTCATCATTTTTTATGGCTGCATAGTATTCCATGGTGTATATGTGCCACATTTTCTTAATCCAGTCTATCATTGTTGGACATTTGGCTTGGTTCCAAGTCTTTGCTATTGTGAATAGTGCCGCAATAAACATACGTGTGCATGTGTCTTTATAGCAGCATGATTTATAG,N,no,no,N,0
chr17,13484009,13484435,CTAGTAGGAACCTCTGAAATCATTTAATCTACTCCCTAATGAGCAAACTGAGACTCTGAGAACCCCCAAGGGTTTACGTAAAGTCATAAGATAGTGTCATTCATGAGCAAAACCCCAGATCTTGAGGCTGTTAAGAGCTGCTCCTTGTAGAGTTTCACAGCCCTGCAATGAAGAGATCTGTGAGTCACTTTACCAAGTAACCCTAAGCTTTGCTTTCTGTTAGATGACTTACGATGGGAATGCCTCTGTAGTCACCCTCCTGCCCATGACTTATGTCTGCAAAATAGAGATACATAACTATGAAATGATGAAACCAGACTCCATCAATCAGTGCTATAGACTGAACGCTTATGTCTCCCCAAAGGTTCGTATGTTGAACCCTAATCCTCAATGTGATTAGATTTGGAGGTGAGGCCTTTGTCAGGTG,"[[13484080, ""A"", [""G""]]]",yes,no,A->G,1
chr12,26863542,26863861,TGACCCCAAGATGTAAGGAACCAAATCTTCATGTTTTAAAGGATTATAGCAGCACTGTAGGGGTAACCTTAGCTGACATGTAAGTAAAGGTCATAATCACGTGTTCACATAAGAACACAACCTCAGCCTTTATGTCTAATCTTAATTAACATCTTTCCCACGTGCTGCTCCCCCTGATGGCCATGCTGATCTCTAGCAAGTACATGGAACAGAGGAAAGCACTAATCATTTGAAAAAGCTTTTCAAATGTAATAAATGAATTCATATTTTGCGCTAAATCTATTATTCATGAAAAACCATCATACGTTGAGTTAGAAATA,"[[26863594, ""T"", [""C""]]]",yes,no,T->C,1
chr3,87732269,87732695,TGCTGATAGCCGAATCTATAACCCTAAACATCAGCATCAACTCTTACGCCTAACAATTGTTCAGGCCCCAAGAGAAAGCTTTGAAACATTTCTTGCCTATGTCCTCCAAAACAAAAGATGATTGCATCCAGTCGCCAGGAAAGTCTGTGAATTCTATAGCTTCCCTATCTGACACAAACACAGCTTGAGAAGGAGGAAGATATGAATGGCAGAGGTGCTTAAATAGGAGAAAAACCGATATAATTACCTAGTCAATTCCTTCCTGTCAGCATGAACACAATACATTCTCACAGAGCAAAAAATTTCCCATTAGTACATAAACCCTAACAGTCATAGAAGGTAGACATGACAAATTTACTATATTACACAATTCTCATTACTAGGTCTAGACTTATCATATGAATACTTCACTTTCATGTAGTATGTA,N,no,no,N,0
chr7,101000059,101000346,AGCAGCCCAGGCTCCACAGACACAACACTGTCCCCTGGCAGTACCACAGCATCATCCCTTGGTCCAGAATCTACTACCTTCCACAGCGGCCCAGGCTCCACTGAAACAACACTCTTACCTGACAACACCACAGCCTCAGGCCTCCTTGAAGCATCTACGCCCGTCCACAGCAGCACTGGATCGCCACACACAACACTGTCCCCTGCCGGCTCTACAACCCGTCAGGGAGAATCTACCACCTTCCAGAGCTGGCCTAACTCGAAGGACACTACCCCTGCACCTCCTACT,N,no,no,N,0
chr1,234414458,234414675,AGAAAAGCCTGGAAAGGACACAGAAAAGAGGGCAGGAGGAACCAGAGAAGTGTGTGTCACTAGAAGCAAGAATAAGAAAATGGTCAGCAGCATGCATGTGGCTGACAGAAGAAGACAAAGGCTGACCACTGACTCGTCAGTCAGTCACTCTTGACTCCTGCAACAGTGTCTTCTGAGAAGTAACTGAACTGGAAGCTGGTCTACCATGGATTCAAGAG,N,no,no,N,0
chr4,137693700,137693904,GGCTAATTTTATAAATAGGTAACTAATTAGTGAATAAGTTTGTCTTATGAGTACCTATGCTTCTTTTTGTAGCCTCATAATTTTGGAAATTCAGATATTCAACTCTTGCTAGTTTAATCTGTCTTGGAGTTTCTGTGAGTGAGTCACTGGACCAAAAGCTGACCTAAAGAGATGCAATATTGTGTAGGAAAGCATATTCATTAAA,N,no,no,N,0
chr5,170189324,170189767,CAGTGTACATTTTCATGCCTCACTGCGGGCTCTTCCCTCTCTCTAAACTCACCTTCCTTTCTCAGATCCACCGGGAAACCACTCACTATGGCCTTGAAGACCCAACTCAAGTACCTGCTTCTTTAGAAGCCTTTTCTGCCTACCTCACCCCATTAGCTACTACCTCATACCTGCCTCAGGTACTGTACTTGAAACCTGATCCATGTTCCTTCTTATTCAAACACACAACCTTCTAGCATTCTTATCTGTACTGTTTTCTTCTCTGCACTCCTATTTCTTAGCTTGAGGCAAGATGAGGTGGATGGAATGGGTTATGGTTGAGTTTAGGTAGATCCCTTAAAAAAACAGATGACCAGAGGGACAGGAAGAAACACTTTTACATTGCCGGTGGAAATGTAAACTAGTACCACCACTATGAAAAACAGTGTGGAGATTACTTAAGGA,"[[170189362, ""T"", [""C""]]]",yes,no,T->C,1
chr2,102318429,102318694,AGAATGATGGTTGGAAGAGCAGATTTTGGGAGAAGAACGGGGATTCATTCTTGACAGGTTATTTTTGTGATGTCTGGAATATAGACAAGTGAAGGCATTGAGTCAGCAGGTGGACATGAGAACCTGAAGTTCAGGGGAAAAGTGTGGACGGCAGGTGTAACTGCAAGAGTGTAATCAGTATAGAGATGGTGTTTCAAACCAGTTAACTGGATGACATCATGTGGGGAGTGAGTGTGGACAGAGAAGAAAAGTGCTTCAAGGACTGA,"[[102318467, ""A"", [""G""]]]",yes,no,A->G,1
chr6,125568722,125569037,TATAGAGAGACAGATTGATATTGCTTGGCTGTGTCGCCACGCAAATCTCATCTTGAATTGTAACTCTCACAATTCCCATGTGTCATGGGAGGTGATTGAATTATGGGGGCGGGTCTTTCCTACATTGTTCTTGTGATAGTAAATGAGTCTCATGAGATCTGATGGCTTTAAAAATGGGAGTTTCCCTGCACAAGCTCTCTTTTTGCCTGCTGCCATCCAAGTAAGATATGACTTGTTCCTCCTTGCCTTCTGCCATGATTATGAGGTCTCCCCAGGCATGTGGAACTGTAAGTCCATTAAACCTCTTTCTTTTGTA,N,no,no,N,0
chr7,7145134,7145392,AGCACTGCTCTCTTCAGAGCTGTCAGACAGGGACGTTTAAGTCTGCAGAAGTTTCTGCTGTCTTTTTTTCAGCTATGCCCTGCCCCAGAGGTGGAGTCTACAGAGGCAGGTAGGCCTTGTTGAGCTGCAGTGGGCTCCACCCAGTTCGAGCTTTCCAGCTGCTTTGTTTACCTATTCAATCCTCAGCAATGGTGGCTGCCCCTCCCCCAGCCAGGCTGCCTCCTTGCAGTTTCATCTCAGACTGCTGTGCTAGCAGTGA,N,no,no,N,0
chr6,170449358,170449747,TACTTACATTCCCACCAGCAGCGTCTAAGAGTTCCCTTTTCTCCAAATCCTCGCTAACATCTGTAATTTTTTGTCTTTTTAGTAATGGCCATTCTGACTGGGGTAAGATGGTATCTCATTGTGGTTTTGATTTGCATTTCTCTGATACTTAGTAATGATGAGAATTTTTTCATAGACCTGTTGGCCACATGTGTGTCTTCTTTTGAGAAATGTCTGTTCAGGCTTTTTGTCCACTTTTTAGTGGGATTTTTTTTCCTGTTGTTTGATTTCCTTGTACATTCAGGACATTAGTCCCCAGTCAGATAAATAGTTTGCAAATAATTTTCTCCCATTCAACCAGCTCTCTCTTCACCCTATTGCTCCCTTGTGCAGAAGCCCCTTGGTTTGACG,N,no,no,N,0
chr1,182826946,182827290,TAAGAGATAAACAGTAACTAATAATAAAATAGAACAATTATAACAATATACTGCAATAAAAGTTATATAACTATGGTCAGTCTCTCTGTCTGTCTCCCAAAATACCTTATTATTTTTGGACTGCAGTTGACCACAGGTAACTGAAACCATGGAAAGTGAAACTGCAGACAAGGGAGACCTACTGTATATTCGATCATGCTAATATTTTCCCTCCCAATGCTCAGTTTTTACTGCAACTAAGTTAACTTAGCAAAAGAAAGTTAGTTCTTCTATCTTGAATCTGAACGCAATAGCCAGCTAAGAAAACAAATTACAGACATTTTAGAAGATGGGGATTGGGGATTA,"[[182827042, ""T"", [""C""]]]",yes,no,T->C,1
chr1,121531840,121532072,TTCGAGGAGAGTGAGAGAGGTGAAAATAGAAACCTTGTTTTTTTAATGAAAGTTTTCAAAAGGAGAGAGAAGTGACAGAGGCAGAGGAAACTGAAAGTCAGGTGATAGAGGGCATGCCTCTTGGTAACCGTAGCTGGAAAACAAATAGCAACCCAAAGTGGCCCGTCAGCCATTTTTTTTTTTTTCTTTTTTAAATTTTCATTTATTTATTTATTTATTTGTAAATAGAGATG,N,no,no,N,0
chr4,184158688,184158918,TCTTCTTTCTAAGTTTAGATTGGCTTTCGACATCTTATCCTTTGTGCTTTCAATGTCATAAAATAGCTCCGGGGGTTCTTTAATGTGAAGTTTTTGCTGGTGTCACCTCCTCTGGGACAACTGCATCCTTTTTTTCACAACTTTTTTCTTCATTTATGTCAATAAATTCACCATCACTAAGGTCCTTGGGCTGCATACCTAGAGCTTTGTAAATGATGTCAGTGTCAATAT,"[[184158758, ""A"", [""G""]], [184158794, ""T"", [""C""]]]",yes,yes,T->C,2
chr8,34030522,34031008,TAGTATCTCTATGAAAAGGTTTTGCATTTTAATAAGGATCAGGATTTTGAGTCAAGAGAATGGATATAATAGCTAACATCTTTGCATGTTTACTACATGCTAGAGACTTCACTAAGCCTTTATAAAAGGATTATCTCATTTAGTCTTCACAACAACCTATGAGATGGGCACTATTACTTCACTTTACAAATAAGAAATCTGAGACTTAGGAATGTAAATAATTTGTTCAAGATCACAGAAGTGTAGTGGTTTATCTGTAATTATGGGATTTTAAGCATCAGTGAATTTGTATGTGAGGTAAATTGGGGAAAGAGGAATCTCTGTAGGGCAGTAACAATCATGCCTCATGGGCAGTCTGCTTGGCTAACTCTATTAATACTTGACCACAATAAGTTCTTTGAGGGCAGGGAGCTTGTTCTATTCATCCCAATATGTTCTCATCACTGCCTGGCATGGTGCTTTGCACAAAGTGAGTCCTTAGTAAAGG,"[[34030605, ""T"", [""G""]]]",yes,no,T->G,1
chr7,151327670,151327987,CAAAAAATTTTTGAAATTTATGTATAGCTTTTTTTGTAACAATACATTGTCCATGAACTTTTTGTAGGCCCCTCATATATACACATTTAGCCAGACAGTGTTTTTCTAACCATAGGTCATGGACTATTAGGCTTTGGACATCCTCCAAGGTGTCTTCTGATGTTAACAAGTGGGTCAGCTAAACAGTCTGACTCACAAGACTGTCATAGCCATATATGGCATTAAATTCACGTAGAAGGATATGGGACAGTGACATGGTCTGAATGTTTGAGTTCTCCCAAAATTCATATGTTGAAGCCTAACCCCCAAGGTGATGAT,"[[151327709, ""T"", [""C""]]]",yes,no,T->C,1
chr4,107810329,107810682,TCAGGCTGGTTGTGAATTCCTGACCTCAAATGATCCTCTGCCTTGGTCTCACAGAGTGCTGGGATTACAGGCGTGAGCCACCGTGCCTGGCCAGCTGCCTCAATTATCTTGCCAGCTTGTTCTCTTACTATAGTTGCTCCTTCAGGTTTTGGTCTTAAATGAAACCATCAAACCACTGACTGGACTCAAGCTCCCAGGTGTCCTGGCACAGCTGTGTTAAACATGTGACTCTGCTGATTAGCTGCATTACAAATGTATGAGCTCCATTATCAGCTTGGCTTTCAACGCTGGAAAAATTTTACTTATATTTTGCCAACTCCCTTTCTCATTTCTGTTAGTAGATATTTCAAATCT,"[[107810372, ""C"", [""T""]], [107810379, ""C"", [""A""]]]",yes,yes,C->T,2
chr1,235583483,235583892,GAGCCGAGATGAATTATGAGTCTATTTTTGGAGACTCCTTATGGAATTCATGCACACTGTGTATTTTGCATCCTTTGAATCCTTGGGCACACTTAGGACTGTGAAGCAAACACTCATTTGTAAATGTTACAGCTGCCAAGGTTGGCTGCATGCTCTGCTGGGTGACGTGTTAACTCTCACAAGTCTGCTTTGGAAGCAGGAGGAATGTTTTGAGCTGAGCTTCGGGCGGAGGGTGGGGCTGACGCATGCATGCTTACCTTGACCCTGTCCATACAGGCTTCCATCTTTAGCTGCTCCACAGCTTTCCTGGCTTGGGAGATGCTAGTGGTGCTGTTATTAGACATGCCCTCTTTCATTCTACTGCCCCTAGAAGTAACCAAAGTAAAAGGGTTAGAAGAGCTGCTCTTCCA,"[[235583579, ""A"", [""G""]]]",yes,no,A->G,1
chr1,10626017,10626261,GCTGTAATGTAAGTTTTTATATTTGGCTTCCAAACTCCTACTGGAGCACTGTAAAAAATTAAAAAGAAGAGCTTTAAGTAATTAAAAAACCTACATAAAACTGAAGGCTATGAGTTTTCTACAACTGTTTTTTAAAGAGGCTGGCTAAAAAGCCCCAGATGTCAGATTTTATTTCTAAATCCTGGCATCTGGCACCATATGCGTTTGGAAATCTGAGTCCCTTGTAGGCCAGTGAGTGGAAATTG,"[[10626039, ""C"", [""T""]]]",yes,no,C->T,1
chr11,79430224,79430676,TGTCTGCTTTATTTATTCCTTCAGAGGAACAAGTAGCAAGGCTGGGAAATGTTGAGGGGTTAATGGCACCACAATGAACTGCAGCCCAGGGAAACCAATAAGCAAAATACAATGGCCCAGATGGGAACAGAACTTCCAAACCTGTACCAGAGAGAGCATAAGACTCAGAGTCAGCCAGACATCTGTCCAGGTCCTGAGCCTGCCATTCACAAGCCCTTATGGCAGGGGTCATGTTGAGTAACCACCTGATGCCTACTCTCCCTCTTCTGGAGAGTGATGATCCTACAATCTCAAGAGAGTGGCACAAGCACAAAAGGAGTGTACATTCTAAAGGGTGCTGCACCCCAGGCATGGAAGACATTTGCATTTTTATTTACCCATATGTGCCAGATGTCCCACTGAAGTGAGCACAATCCACACAGCCATGAGATATGGGGTAGATTCTATTGCTTC,"[[79430245, ""G"", [""C""]]]",yes,no,G->C,1
chr8,26700168,26700577,GACGAGGTTTCACCATGTTGGCCGGGCTGGTCTCGAGCTCGTGACCCCATGATCTGCTCGCCTCAGCCTCCCGAGTTGCTTGTGAATTGCCTTTGTTCCTGGTTTAGGTGGCATGAGGCATTGAAGCTGTGCTTTCACTTCCTAAGATTAGAACTAGGACACTGGAGACTGTGTCTTTTGATTCTTCTTTCTGAGAATTCTTTCAAATAGCTTCAGGTCCACTTCCTGTAAGCAAATTAACGTTTTGACTGTGAGATTTGCACTGGCCTTAACGAAGTATTCATGATTCAATTGAAAGCAATTTAGCGATTGCTGTAGTGAGTACTGACAGAAATCTTCAAAATGTCTAGCCCTAAACTACAAGAGTTTGTTTGGAATGGTTATCTATAGCATGTCAACGAATCACAACA,"[[26700208, ""C"", [""G""]]]",yes,no,C->G,1
chr14,22652416,22652747,CAGGGATGCAAGTACTGCCAGCCTCGAAGCACCTCGAGGCACTGATGCCGCTGGCATTTGCACACCTCAGCCTGGACTCTGCAGCGGCTGACAGGCACGTCTGCATCTTATCACTTAATAAACATTCATTGACACCTCCTATATCTTAGGCACTTTTGGTACATGCTGGAACACATTAGAGAACAAATCCAGTCCTTCCCCTCCAGGCATTTTTAGTCTAGAGCAGAAGCTTCAGAGTGTTCTAGCTTCAGAATTGTTCTTCAATTATACAAAAAAGGCCAGGCACGGTGGCTCATGCCTGTAATGGGAGGCCGAGGCGGGTGGATCACCTG,"[[22652441, ""A"", [""G""]]]",yes,no,A->G,1
chr6,8621484,8621827,TATCCTTAAAATCAGCGTGAAAATCAGAGAATTCATATTATAATAAACTATCAAAGGCATTTATTAAACTGAATTTTCCTCACACCAGGTGGCTTTCCCTTCCCCTCCTCCCATTTTTTTCTTCCCTTTTTAAAAAATCAAGTCTAAGGAAACCTATAGTGAAGTTCTTTAATAGCAAAGTATAATGGGGCCTCCTACACCAAGGTATGGAGAGGGCTGTCTAGTCTATTTTTAAAAGTCTCCAGGGAAGGAGCTTCTACAACTTCCTTGTGAATCTCTGACTTCGTACCTGGCAATCTTCCCCTCCCAGGGTCCCCAGGCTGGTCTTCCTCTCTTGCTTAAGA,N,no,no,N,0
chr4,3017507,3017820,GATGTTGAATGAATATTCACAAGAGGAGAGAAAGTAAGGGATCCTTACTAATTCAAGGGCCAGTGAGAATTCCTTGTGGTTTAATTCTGTGGTCTGTTGCATGCCGGCTGGGGCCTCCTCTCCTCCATTCTCAGCACCTCTGTTACTGTTTTAATACATCATGACCAAGTTGGATTTATTCCAGGAATGAAAATCAAATAATGTAATTTATCACGTTACCAGAATAAAGGGAAGAACCATATGGTCATCTCAACAGCTGCAGGAAGAGCTTTTGATAGAAGCTAATGCCCAGTCATGCTTAAAAACTCGAAGCA,N,no,no,N,0
chr7,24659592,24659943,GGTATGATTGCAGGATGTAGTTTAGCTCATAACCCTTCTAAGTATTGTACCCCACCTCCTGTGAATTACGATGGTTTTTCCACTTGGCCTGGTGAGAACAGAAACTATTCTTGTCCGTATACAACTTCTATATATAGTTCCCTGTAATGCTTTCAAATGATTCTTTACCATCATTGAGGAAAGAGCTACACAGAGAGAGGATGCAGGTAGCTTCCTCATACACATGCATTGATTAAGTACTCAGTTGAAAACAGAGGGAGTCCCTCACAATTCTCTCTCTGTGCAGCCTTTCCTCACTGATACTGTATTCCATGCACTGTAACCACCTTGATCTCCCAGGTCTCCCAGTTCA,"[[24659663, ""A"", [""T""]], [24659705, ""A"", [""T""]]]",yes,yes,A->T,2
chr12,78392959,78393306,GCTTTGGGAAAATAACCCAAAATTTAATAGTGGACTTCACGCTGTATTTTAGAAAAATTCCCATTGCTCCCTATTTCTTGTGATTGTTGTGGAATCTCACCCCTCCATCTCAGCTCAACAGTAAATGTACTATGAAGATTTTTATCCCCCAGATGGCAGTGCAGCATTCCAAGTTTAGAATGTTCTGGTCTGGTGCTCTGGAAAAAAGCAATATGAGCTTTTCTTATATTGTCTCCATCGCAATTTTCTGTGCCATGTTTCTTCTTTTTGGAGGAAGTATGCTACGAATCTAATGTAACAAGACTTGAATAATGAAAGACAGATAGCTCATTCTGAAGGGAACACAGC,"[[78392999, ""A"", [""G""]], [78393165, ""G"", [""A""]]]",yes,yes,G->A,2
chr4,150093788,150094086,TTACATTTCCTGATTCCAAAATATATTACAAAGACACAGTAATTAAAACATTATGATACTATCATAAAAACAGACACATGGAACAATGTAACAGAACCAAGAGCTTAGAAATAAACTCAAATATGTATGGTCAGCTGTATCTTCAACAGGGTTGCCAAGAATACACAATGGGGAAAGGACAGATTCTTCAACAAATGGTGTTGGGAAAACTGGATATCCACATGCATAAGAATGAAACTGAAACCTGGAACCTTATACATAAAAACCAACTCAAAATAATTTAAAAATTTAAATATAAG,N,no,no,N,0
chr1,22185276,22185558,GGGTTGAGGTTTGGTTGGGGGAGAGGCCCAGGCCCCTCCCTTTCCCCCAAGGTGTGAGCTACCCAGGGAACATGGGGCCGGCTGTCATGGCAACCCTGTGTTGCGAAATGACGTAATCGGAGTTCCAAACGTGTGAAATCAAATACAACATCCGCAAACACAGCCTGGGGGTCGGCATGGCAACCGCAGGGCACCGGGACAGGCAGGCACTCTCCGCCCTGAGCAGCCAGCCTGGCTCAGCCACCTGGGTGGGCAATGAGGGCACACCGTCCCCTCTCCATGC,"[[22185305, ""G"", [""A""]]]",yes,no,G->A,1
chrX,48461842,48462248,CATCCCCTTCTTCCCATCCCCCTCCCGCCCCGTAATCGCCCTCCATATCAGACACATAGAAGCTCCCAATGTCGAATATCCAGCTCCACTCTGAGCAGGATGCACCATATGACAGAACCAGAGGGCCTGAGTGTGATGCAATCTCCTACATGCCTGCACACACACCTGTGAGTCAACTGTGAACATCTGGGCCTCACAGCTGCTGTTGAGTCCTTGGCTGGGGAGTCCCACGAGAGCTTCACTCTCCATTGCTGTTTCATTGTGGCCTATAGCACAGCCAAGTTGGAACTTCTTGTAGATGACCTGAGGATGGGGGCAGCAGGGAAGCCAGGTCATGGAGGAAGCTATGTCCCAATGTCCCAAACTCTCTCCCCGCTTCTCTGTGACTCACCGAAACAAGGAAAAAC,N,no,no,N,0
chr5,72448467,72448772,ACTAGAACAGGACAATTTCAGCCCTTCCTTGGCTGTGGCAGGAGGAACGCAAACAGTGATTTTGTGTCTGTGATTGGACAAGAATGTTAAGGGAGGAGAATTCTCCTTCCCTCCCCAACCTCAGAGGCCAGTGGAGCTGGGGCTGCACTATGTAGTGAGAGAGGCCACAGAGACACTCAGGGTGAGGCATCCTCTGAGGCTTACACCAGTTTTCCTTTCTCACTGAGATATATTTTTAGGGCCAATGCTGGGGATTCTGGACTAATTTTTATTAATGAAGGCAATAATTTCATTAGTTGGCTATGG,"[[72448514, ""T"", [""C""]]]",yes,no,T->C,1
chr21,41379915,41380257,AGACGAGGCTTTTGGGGACAGCAGGGCAGGTTCTGGGAGCGAAGGGCCCAGTGCCACTTCTTTAAAAGGAAACTGAGGATATTTGGGGAACCTCTCGCTCAGGAATCGTAACCAGGTGTCCGCTGGTGCTGAAACTGAAAAAGCAGCCCTGTGAGGCATGGGCCGGAAGGATCAGCTACCGGAACACCGAGCTAGAGCTTCAGGACCCTGGCCAGGTGGAGAAAGAGATACACAAAGGTGGGCCCACGTCATTCTGAGGTTCGGATCTGGCAGCCGCTCCTCTCACTTCCTCGGTTCCTTCTCCTCTTCCTCAAGTCACCCCCACAGTGACCACTCAGCTCCT,"[[41379924, ""C"", [""T""]]]",yes,no,C->T,1
chr19,31543448,31543856,CCAACAGTGACTCCTAATGAAATAAATCATTGAAACCTTTTAATCAGACCACCTGCCTAAAAGGAGGAAGCCATCCAGCGGAGGCTGGGGCTCTAGGGATCTATTTTCCCCTTACCGGTCAACGCATGAGTGATTCTTTAATTGTAGTAATGATGTGCTTACCCTGGACCCAGACACTTGGGCAGCAAGAGGCAGCAATTCTCTGGGGCAGAGGGTTGGCGTGACCTCAGCTGGGGCTGCACAGGTCCCCGAGCAGGGCTGCATCACCAGGGGCCATGCAAATGCCTCCAGGTTAGGGGCCTGTTTGACTCCCAGACATGTGATAAATCTAAATCTCTATTGAAAGAAAGCCCTGCAATAAATGAGCCCTGCTCTACATCTGAATTCTAGAGTCACTGTTACAAAAATA,"[[31543474, ""C"", [""T""]]]",yes,no,C->T,1
chr20,36898863,36899200,GATCGCACCACTGCACTCCAGCCTGGCGACAGAGTGAGACTCTGACTCAAAAAAAAAAAAAAAAAAAAAGAAAGAAAGAAATGGAACAGAGCCTTCTGGGGATTTGGAAATAAGAATGTTGATGTGACTCATGGTGGAATAAAAATAACTGGTTCGTGACCACTCTTAGGGATTTGGTATTGAAATCTGGGAAGAATGGGAAATGCACTTGTGTGTTTGATCTAAGTGTGGTGTAAACTCAATCCCTGCTATGTGACAGACACAGATAGACACTAGAGGTACAACAAGGACACTTTAAAATAAAATCCCAGGCCGGACACAGTGGCTCACTTGAGACC,N,no,no,N,0
chr2,6103995,6104429,TGGATATCAGCACCTGCTCTGGTGGAGGTAGCAGGGGAGTGAAGTGGACTCTCTGAGGGTTATTGGTTATGTATTTGTTTGTTTAGTACACTGCCTTTGTGTTGGTTGGCCTCCAGCCAGGAGGTGGCGCTTTCAAGAGTACATCAGGTGCTGTCCTATAGGGAAGATGCAGACTTGCCCTAGGGCAAGTATTCAGGTTTCCCAGGAGTGGGCAGGGCCGTAGAGATCCCAGGAGATTATGATCTTTGTCTTTGGCTACCAGGGCAGGCAGAGAAAGACCACCAGGTGGGGGCAGAAATAGGGTGTCTGAGCTCAGTCTCTCCTTGTGTGGGGCTTGCTGTGGCTGCTGTGGGGGGATGGCGATGTTGTTCCCAGTCCAGTGGAATTATGTTCCCAGGGGATTATGGCTGCCTCTGCTGAGTCATAAATGTTGCC,"[[6104361, ""C"", [""T""]], [6104390, ""G"", [""A""]]]",yes,yes,C->T,2
chr17,10337977,10338397,AGGGAGTTGGAGGTTGCAGTGAGCCGAGATCGTGCCACTACACTCTGGCCTGGCGACAGAGCGAGAGTCTGTCTCAAAAAAGAAAAAAAAGTAAGCCAGTGGATTACCAAAAGCATTCCTCCCAGAGGCACAGTTTGAAGCCATCCCCCACCACCTTGCAGGCCATCTGCTTAGAGAGGAGTCAGGCCACAAGCATGTTTGATTTATGCAAACATGTACTCAACGACGACAGTAACAGAAATGGATATTTTCCAAGACCTACTACAAGCCAATGATTTCGTGTGATTCTTAACCAAAGAAACCACTCTTCCCAACACTGGAGAAGCCGGCTCATTGGTCAGGAGGCTGCAGGATGCCCCAGATAATGCATATATCACAATGATGTAGTTGGTTATTGCTTTTGACTTAGACTTTAGAACCT,"[[10338022, ""C"", [""T""]]]",yes,no,C->T,1
chrX,16664161,16664442,TACACACACCCCCAGTAAAGAATAATCATCAAAGAATTAACCTTGCCAACACTATCTAACAGTGGCACCTACTGGTAAAATCACTTCCTATCCCAAAGTATATCTTAGAAAAGAAAACCCATAGTTTTCCTGGCACAGCCATTTCAGCTATTAGTCAGGAAATATGTTTATATTAAAGGCTCATAAGGAACCCTTCATTGGTATTAGGCCTTCTGAGCATAAGACTTAAAAGTACCATCTGGCTGGTAAGTTATGGTTCATTATGGTTTGAGTTACAAGCTA,N,no,no,N,0
chr13,34808747,34808985,ACACTTGCATTATTCTTGTAATGAACTCTTATCAGGTCTTTCACTTTTGGAACTTACCAGTGTGAAGGTAACCACAGCAGTTTTAAGTCTCTTGTCACCTACAGGTAGTTTTCTGTTTCACTCTGATGTTTCCTTGAAAGTGCAACAAGCTAGAGGCCAGAAAGAGACTTATTTGTCCTGGTCCAAGTCAGCTATGGTTTGATAATGTTGCTTCATCTTCAACAAAGAAGGATCATCTC,N,no,no,N,0
chr10,100447737,100448019,CAGGAGGAGCTTTTAGCTGGAGCCCCACATACAACAGAGGGAGCAAATGAGATGTGGGAGTTACTGATTAAAAGTCTGTACATAGAACAGCTGGCCCATCAATTTCGCTCTCCCTTCATCAGCCAAGCACCTGCCCCTCCAGTAAATAATTGATGAGTTCTCCTCAAAATAACTCAAATGGCTCAATAAGAAAGGGCTCAATACCCAGAATGCAGGCTCTGGCATCACAGAACTTTCTTTCATCTGTTGAATGGGATTTGACCACCCAGATAAAAAGTTCCAA,N,no,no,N,0
chr11,13213110,13213571,TACAGAAACAATGTTGTGGATACAGCACTTGGGAACTAGGCGGACAGTGACAACACCTTCCAATCTATGGCTGTAGAGGGCAGAGGGATGCATGGTGTCTTTAGGGCAAGCCAGCCTGTTGTATCAGGAAGGAGCAGAGAAAAAGTTGAAGATCTAGGGGTGGTTTGGTGGTTATGGAACAAGCAATTCCAGAGGGCTCAGTCATAAGAGCTTTGTAGGTCAGGGGCTAGGGCAAAGGCAGGGCACGGTGGCTCAAACCTCTAAACCCAGCACTTTGGGAGGCCAAGGGGAGCAGATAACAAGGTCAAGAGATCAAGACCATCCTGGCTAACATGGTGAAACCCCGTCTCTACTGAGAATACAAAAATTAGCTGGGGGTGGTGTCATGTGCCTGTAATCCCAGCTACTTGGGAGGCTGAGGCAGAAGAATCACTTGAACCTGGGAGGCGGAGGTTGCAGTGA,"[[13213146, ""C"", [""T""]], [13213370, ""G"", [""C""]], [13213464, ""A"", [""G""]]]",yes,yes,G->C,3
chr1,79843227,79843526,GTGTATATTATATATATGCATGTGTGTGTACACCCACACATTCACATACAATTCTTATTAGAATTTTTCTCTTCCTTCATGAAATAGGTCATTTCAGTTTCTATAACTATTTGGTTCACAGAGGTTAGGTCTGAAATAGCTGGAGACACTGACTCAGAGTGATTTCAAAAGGCTTCAGAGGTTCAGTCTGCTTTTTCAAGGATTTGACTAATAATAGATTGACAGTATCTTTTTTATAACTATAACTTGCTATTATTTATTCAAATATCATTCAGTGAATATTTATCTTGCCCTGCCTGC,"[[79843246, ""G"", [""A""]], [79843265, ""G"", [""C""]]]",yes,yes,G->A,2
chr8,101444033,101444437,ACTTAAAGTAAAATAATAATAAAAAAAATAGCATGTCAGAAGAGGAAACATTCATTACAGAAAGAACAAATGATGATCTTCAGAAATCAGTTTGGCCTTTAAGAGTGAGCATTATATAAGAATGCAAAGGCCGTATCCCACATGGAAATCATTGCTCCTGTTTGTGGAAGCAATGTGTTTAAACTTGAATGTCAGAAAACTACATGAATCAACAGTGACTGGGTGAAGCAATTGAAATGCATCCAACTTCCTACCTGTAAAAGGTAATAATGTTTCACAATTATGTATGATAATAACCTTTGATGGCATGAGAACACAGCAAGGCTGAAAAAATCGTGTAAAATGGAAGTGACTTTTTGAAACTGACTCTCCTGAAATTCAAATTCAAGCAAACGTCTGACCACC,"[[101444075, ""G"", [""A""]], [101444174, ""G"", [""A""]]]",yes,yes,G->A,2
chr9,36205213,36205571,CACTTTCCTCTGGGGGCGGTGTGCTCAAGGAGTGCCTGTCAGGTTCCATGTGGAGTCCACAGGACTCCACAGTCCCAGTCCCACAGGACTGCTCTCTGGTGTGCAGGCTGGGTTGCCAGTGGTGATGGCTTCCATCAGCTATGTGGGGCTGTTGTTGAGCCTGTGGTCAGTAGGTGGTGCTGACAGGTCCAGGCTCCTGTGTCCTCTGCTCCCTCAAGATGATTTTCTCCCAGGTGGAAGTTCAGATCGGTAAAGCCGAGTGGGGACTGTGTGCAAGCACCCTGCGAGCCCTGAGAACTCCCCCAGCCTGCGACCCCAGCATTTAAGTTTAGTCTGAAGTACTGTAGCTGTGCCGACCC,"[[36205354, ""C"", [""T""]]]",yes,no,C->T,1
chr20,33113536,33113837,GCAGCTGTATGTCAACCCACTTTTAATTACATGCTAGTTAAGAGGTGAGTTATTTGGAACTTTCTGGGAAAAGAGCTGGAAGTTTCTGGAACCATTTAAGTAACTTCAGAGTTGTTGCCATGGCCCATTGCCATGGCATTTGTAAACTGTCGTGGCCCAGTGGGAGTGTCCTTATGCAGTGAGGGCAACTAGAGTCGCCTTCGTGGCCATCTGCTGGTTTTCCCTGGCTTCCTCACTGCACCCTCTTTTGAACAAATCCTGCTCTGATTAGGAGGGTAATGATCAAAGTTATGACCAGTGCT,"[[33113643, ""T"", [""A""]]]",yes,no,T->A,1
chr10,42428561,42428830,TCTATTAAGCACAACACTACAGATTATCAATAATATAGATACATGATACACTTTTTACTCAACTTTTCATCATAGAAAAGTTATATTTTCTTTTAAAATTTTATGTTAACAATATTGTTCTCAAGGAATATTTTCTATTGTCACAACCTGGGTCATGGGTTACTACTGACATCTAGTGGGTAAAGGCCATCAGTGTTGCTGAATTTTCTGTAATGCACAGGACAGTCTTCACAACAAAGCATTATCTAGCTCATAATATCAATAGTGTTA,"[[42428571, ""G"", [""A""]]]",yes,no,G->A,1
chr14,69001377,69001762,GTGCTGGGATTTGGGGAAAGTTTTTTCCCTGCCTGACAAAATGAGAGAAGTCACAAAACAAGCTCTCCTACCACCTCCCACCTGAGCTGTCTTCCCAACCTTTGAATCTCCTGTAAGTGCAGTATTCTAGGAGGCATGGCAACCATCTTTAATCATGAGGCAACAAGCCTAAGGAAACAAAACAAATCCTGACAGTGGTGAGTCCTCCACTATATCCTGGGGCTGCTGAGTCCACCTAGAGCTACCCTGGAATCTAGTTCCCAGATAAACATCTTTATGGCCTCAGGTAGTCGTTCTCAAAGTTAGTGGTTAAGTCAGCACATTATGATCCCGTGAAAAGCCTTTAAATTCCTGGTACCCAGGCCATACCCCATAGTAGTAAAATC,"[[69001634, ""C"", [""T""]]]",yes,no,C->T,1
chr2,104563536,104563841,AGTGCACTTCCCACCTCGCAGATTGAATCCCAGTTACTACCTGGGGGAGAGGAGGGGTCAGGCTCCTCCTCCCTGCAAACGGTGTGAACTGCCCCAGGCTCCACCCCAGTGCATGTTCCTCCCAGTTCCCAGGCTGGTCAGAGGTTCCCCAGGGACCCCTTTATACTTGGCTGTCTCAGAAGCTTGATAAATCTAAAGACTGCAGGGTAGGTTGGCAGGCTGGAGACCCAGGGAAGAGCTATGATCCAAGTCTGCTGGAAGAATTCCCGCTTACTCTGGTGAGGTCATTGTTTGTTCTTCGTCAGA,"[[104563569, ""G"", [""T""]]]",yes,no,G->T,1
chr11,55852214,55852443,TAAAAGATGTAAACCTTTCTGTTGTAGCATATACATCAAACACATTTTAACTAATGCTTAAACAAATAGCCCTATATTAAATTTAGCACATAGATCTTTTTTTAGGAGATGACATCATACACTTAATCTTCTTTTTCAGCTCTGCCATCTCTCCCTCATTTGCATCTCTGGGAGGCAAGATTTATTAGAGAGTGCACTAGCCCAGTGATACAGGAATTCTAATCCTTAGC,N,no,no,N,0
chr13,75129354,75129706,AGCAAGAATTGATTCATTCAATACCTACTTAGAACCTCAGTGGTAGACCACAATGAGACAGATACAGAACCTAGTAAAAGTGTAGCAGCACACTTTTTTATGTAATTGTCTTTGGTAGTCATTCCTCTGACTATGCTCCTGGCATAAAGCTCTATCAGCATAGCCATGGCAGGAGCAGGGAGTTTATGGCCAGAAGCTTTATTGCCCAGTGTGAGTAATGGTGGTTCATGGCCAGCATCATTTCTGGGTTGAAGTACTCCGTGGTGCACAGATACAAGCAGCAGCTGCATCATTTTCCCCTTGATCTAGAAATTGCTAGGTGGCAGAATTCCACATACTAGATTGTCATATAA,N,no,no,N,0
chr1,57008029,57008313,TTGAATCTTGATAACTGTGAAGTGGCCAGGCTAAGCTTTCAAAGGGAGAAAATTACTTTACCGAAGATTACAGTCCAGCCCTCCTCTGGAGCTGGGAGGTACTTATTTTGACTTGCATGTGATTCTAAGACAGCCCATTTTTTGGCAGTGAGCTGTGTGAGGCCCAAACCAGGGCCATTCTGATTATGGGGTGGGGCAAGCCAGAGAGCTAAGCAGCAGGCTTTTTTCTTTTTTTCCCTTCCAAAGCTGTTGTGACACATATTGAAAATTAATTATCTGAAGACA,"[[57008087, ""C"", [""T""]]]",yes,no,C->T,1
chr15,71888841,71889145,TAACAGAAAGAGGAAATACCTTAAGTTGGCAAAGATGAAGTAATAGGGATCTGGTCTACCCACTTACCTGAAACCAACAAAAAACCCAGACAAAATAATATGAAACCGCAATGTTTAAAACAATGGACAGATACCCCTGAGAGATGGGAAAAAAGGGAAGTATGTTCTACACTTGTTTCTAGGCTGTGATGCAGAGAGGAGGAACCCAGGTGAAACTTGACAGACTCTAAGTGGAACACATGAAGCTGAAAGTCCAAGGTGAGCACAGTGACTAGAGACCAAAAGACAGAGTACTGGAGAGGAGT,N,no,no,N,0
chr8,37215270,37215725,TGTCCAAGGTCACTCAGCCAGATGGGGACAGATTTGAAATGAACAGCCTGGCTTCTATCTTCCTGAAGATGTGCGGCCCCCAGGGAGGCCAGGTTGTCAACTAACAGGCACATAAGCATGCCTGCACCTGCTCTGGCATGCCTCACACTCAAATCAGAAAACCTGCTGCTTCGACCCGGAAGAGGAAATTAAATTAGCTACTAATTGGTTAATTGGCGACAGGCTCTGTAAGGTGGTAAGGGACAAATTAAGTTGGAGCAAGAAGCATGCGCTAGGCCTGACCATCTTCATTATCGCCGGCAAGGCCATCAGCCAGGCTGTGCCCATCTTCCCCAGGGAAATCTCTTAGAAGGATCCTGTGATCTTTTGGCTGTCAGAGGAGTTATTCCTTTCTCTTCCTTTTTCTCTCTCACATTCGCCACCTTCTCCTTAGTTCCCATCATTTCACAAGCTGTG,"[[37215295, ""T"", [""G""]], [37215643, ""C"", [""T""]]]",yes,yes,C->T,2
chr5,61641590,61641873,TAAACAAATGTTTTGAGTCAAAGGTCTGCCTTTGTCCAGAAGAGGACAACAAAGGATATACCGTTGGGAAAAAAATTGTATAACTCAAAACGTGTAAGCAGTCTTTGCCCTTTCTGAGAACCACTGTCAGAAAAGCTCTGTGAAGATTTTAGGGTAAGGGGTGTCCTAGGGGAATAGGGGAGTGTGTGTGTGGTGTGGTTGAGGGGATACTAAAAGCCCATCTGACTAGCTGCACCTGGCTCTTTGGTCTGTCTCCATGTGTACAAATAAAGTCACTTTTCTTC,"[[61641616, ""C"", [""T""]]]",yes,no,C->T,1
chr4,132460642,132460890,AACTGAACAACCTGCTCCTGAATGACTACTGGGTACGTAACAAAATGAAGGCAGAAATAAAGATGTTCTTTGAAACCAATGAGAACAAAGACAAAACATACCAGAACCTCTGGGACACATTTATTTATAGCACTAAATGCCCACAAGAGAAAGCAGGAAAGATCTAAAATTGACACCCTAACATCACAATTAAAAGAACTAGAGAATCAAGAGCAAACACATTCAAAAGCTAGCAGAAGGCAAGAAATA,"[[132460678, ""A"", [""G""]]]",yes,no,A->G,1
chrX,86428356,86428737,AAATTTATAATAATTTATACTGACATATATTCCCATAAGTTACTGAATACAGGTGTTAAAGTGCTGCTTTGGTTTTTATTTTTACAAAAGCCACCATGCTAATGCCTCTTTGATTGTCATCTGCTTCAGACGGATGACTAATTACTATTATGATGTTTTGGGTTTAAGGGCTGATCTAATTCTACAAATAGAATTCCTGCAGACAACTGAAAATGTCTATTATTAGAACTGAAAAACATTCAAATGAGTGGCCTTAGAGGTGAAAGGCTATCTTACCATTTTCCTCTTTAGTTACTTAGAAATTTTTTTAAATATCTTAGCATATTAGTTGATATGAAATTTTAACGCCAGACAAGACTATACCATATGTTATTTAAATTCC,N,no,no,N,0
chr7,25971550,25971828,CAAACAGTCCAGAGGTATATCCTGTGATGCGCATATTTAAGGTTCTCCCAACAAAAAGCTGGCACCCACCTGGTTATCCTCTTCCTACCAATCAACAATTCTTGCCCTTGTTTACAGAACGTCAAGTGAGCTTTTAGCATCTTATTCTTAAATATGAAAGAACAACTAGACACTTGGTGAAAGCCTGTGACCTGAAGACACAGACTGAGCAAACAAGGGGACCAGGAGGAAAGAGAAAATGAAAGGAATCAAAGAACATTTTAAAAAATATTTTTAACT,N,no,no,N,0
chr6,114972437,114972789,GAGAGAGGGCATCCCTGTCTTGTGCCAGTTTTCAAAGGGAATGCTTCCAGTTTTTGCCCATTCAGTATGATATTGGCTGTGGGTTTGTCATAGATAGCTCTTCTTGTTTTGAAATACATCCCATCAATACCTAATTTATTGAGAGTTTTTAGCATGAAGGGTTGTTGAATTTTGTCAAAGGCTTTTTCTGCATCTTTTGTCTTTGGCTCTGTTTATATGCTGGATTACATTTATTGATTTGCGTACATTGAACCAGCCTTGCATCCCAGGGATGAAGCCCACTTGATCATGGTGGATAAGCTTTTTGATGTGCTGCTGGATTCGGTTTGCCAGTATTTTATTGAGGATTTTTG,"[[114972581, ""A"", [""G""]]]",yes,no,A->G,1
chr4,17061879,17062161,CTGGAGTCTTCCTACTCATCCGCTTTCACCCCGTGGCAGAAAACAACCCAACAATCCAAATCCTCACACTATGCCTAGGCGCCACCACTACCCTGTTTGCAGCAGTCTGTGCTCTTACACAAAACGACATCAAAAAAATTGTAGCCTTCTCCACTTCGAGCCAACTAGGACTTATAGTAGTCACAATTGGCATCAACCAGCCATATCTAGCATTTCTACACATCTGTACCCACGCTTTCTTTAAAGCCATATTATTTATATGCTCCGGATCCATCATTCATAA,"[[17061911, ""T"", [""G""]], [17061941, ""T"", [""C""]], [17062098, ""C"", [""A""]]]",yes,yes,C->A,3
chr13,62387724,62387932,TTTGTTTTTTTCAAATTAGGTGGGATTATAAATCTAATACGAAAGTGTGAAATACAAATCTAAAATGTGTACAAAAGTTGGTGGTGTTTCTTAAAACTTAATTTGCCTTAAGATGGCAGTATTGTTCTTCCTAAGATTTAGGAAAGTTTTAGAAAAGGCTTCATGAGGAAAGCATCGGCTTTCTAAACATTTTCTCACTCTCACATCGA,"[[62387763, ""T"", [""C""]], [62387834, ""G"", [""A""]]]",yes,yes,T->C,2
chr12,126926309,126926577,AGTGAGAAAGAAAAGGAAAGAAGCTTTTAAAAGGAGTGCTATCAAGCTGGTCACCACTGTGGGGCAATCAGAGCTTAAACTCAGTGAGGAACATTTGGAAGGAGCATAGAATACACACCTGAGAGTTATCTTCCCTTGACAATAGAGAAATGAAACTAACGTATTCATCCACCAATTCGTGGTGACTCTTGACTCTAGGCATAAAGTAGGCATCCTGCTTGTTTTTCATTGTTTCTTCTGCAATGTTACTAATCACTGTGTTTTGAAAC,"[[126926325, ""G"", [""A""]]]",yes,no,G->A,1
chr11,59154618,59154900,ATATCAAGCACCCTCCCTCTAGGTCCAGGGACTATCACAGAAGAAGCAGGCATGTAAGATTTTAAGGACTGGTTTCGAGGGGTCGAGTGTAGGAAAACAGCCTGTTGCATTGTAAGAGTGATGTCATCTTGAAGAGCAGCTGGCATGATGACTGCTGTTTGACTCCTGCATACCAAGATATTCTGCAGCAATGTCTTTAAACAGTGCCGGTAGTACAGATAACCCCTCATAAAGATGCTTATCTAACCTCCCCAGTGTTCAGGTGTTTCACAAGAAAGTCTGA,N,no,no,N,0
chr8,107749688,107750139,TTTAAGATTCCCTACATGATGTATCTCTTTAGACAAAAGTTTAAGAGATGGGAAAGGCTTGAGGCACTCTAGCTGATATGACTACTATTCTATTCACTAATATTCTGCTTTCCTCTCTAGCACAGACACAATAGAAATGCTATATTTTCCTGTTCCCTTCAACTTAGCCACAGCTTGTGACTTGCTTTGCCTGATGAGTAAGAAGTGATGCATATTGTTTCCAGACAAAGCCATTTAATTCCCAGTTCTCTAGTCTCTGCCTCTATCTTCCCCGCTGAGGCAGTCATGGATGTTTGTGCTGATGTAGGAGGAACAGTACTGAGCCTCGTGGGGAGTATAGTGTCCCCACAGAGTGGGGACAAAAATAACTCCATAATAAAATTAAAATTTCTGATTACTCCTGCTAAGACATCTGATGCCATTACTACTGGGCCATGTCTCAAGTACATTTC,"[[107749791, ""G"", [""T""]], [107749976, ""T"", [""G""]], [107750056, ""T"", [""C""]]]",yes,yes,T->G,3
chr13,57045973,57046343,TGTTATGGTATCTCTTTTCTATGCAGCGGCTGCTCAGTCAATCTGGCTGCCACAGTGATAGTGACAGTCATTCAGTGGAAGAGCCCTAGCAGACCTAAAAAAGGCCCAAATTGTCACCACATTAAAAAATATATATAAGAATGTCATTTGGCAATCTGTATTCCACTAGGAGAAATTTATACTTCTGCTGCTTCTTTTTTTTTTTTTTTTTTTTTAAATGAGGTAGTCCTCTGGGATTTACTGAACTCAGCCATAAACAATGAGATTAGCACGGTCAAAGTTCATTGCAGAGTGATTCAGACAAGCAGAGAGGTTCATTGCATGGAGTTGTCAGACACTGGCGGTTGTAAATGTTTTGTCACAGATTTCTA,N,no,no,N,0
chr10,60086907,60087360,AAATGAAAGTGACTTTTTTTTTTTTTTTCCCCAATCATGAAGTTTACTTTTTAAGTGAGAAGGAAAAAAACAAAAACAGACAACCAAAAAAAAAAAAAAAAAACCCAGGTCTTTTTTAACCTTTCTTACTATTTTAGGAAAGCATGAGTAAACGAAACCAAACACTATGACAGGAATTGGTCAGTCTGAGTATTTCCCCAGTAGAACACAAATAGCACTGGCTTGCAGGAAAGAGAGGGGATCCAGTCTCACGGCATAGAAGTTTCTTAGTCTAGTCCAGATTAAAGGACAATAAATGCTGAGTCCAATATATTTTAAACCTATGCAGGACATTCAGTAAAACCTCCTAAAGGCAACTCATACCCACATAAAAACTGAGGCTTTCAGAGTTAATAACAAAATGCATTCAAAATTTCAAAAGATTTCAATTCTAGTCTACTAAGCCTCTCTTCTA,"[[60086935, ""T"", [""C""]], [60087054, ""A"", [""G""]], [60087282, ""C"", [""T""]]]",yes,yes,T->C,3
chr2,129580074,129580340,TGCATTGCTGTAAAGAAATAACCGAGGCTGGGTAATTTATAAAGAAAAGAGGCTTAATTGGCTCACAGTTCTGCTGGCTGTACAAGAAGCATGGGGCTGGCATCTGCTGCTGATGAGAGCCTGGCAGAAGGAAAAGGGGGAGCAGGTGCATCACATGGTGAAAGCAGGAGCAAGACAGAGGGAGGAGGTGCCATGCTCTTTTAAACAACCAGGTTTCATATGAATTACCAGAGCGAGAACTTGCTCATTACCAAGAGGAGAGTGCTA,"[[129580096, ""T"", [""C""]]]",yes,no,T->C,1
chr2,195401786,195402045,TCTCTCCCTTACCACCATGTGAAGAAGGATGTGTTTGCTTCCCCTTCCACAATGATTGTAAGTTTCCTAAGGCCTCCCCAGCTATGCTGAACAGTAAGCCAATTAAACCTCCTTCCTTTATAAATTACCCAGTCTTGCATATGTCCTTATAGCATCGTGAGAACAGACTCATAAAACAGTCAATTTAGTTTTGACAAAGGTGGTATTTCCAGTGTTTTTAAAGTGTTCATAACTTTTCTAGGCTCAGTTTGCGTTACAAA,"[[195401988, ""C"", [""G""]], [195402037, ""T"", [""C""]]]",yes,yes,C->G,2
chr15,53506473,53506709,TTACAAAGGAGGATCATTACCAACCGGGGCCATAGTGCAGGAAAATTCCTGCCTGCAAGCCACATCAGTAGGCTTTGCATTACTCCAAAGACCGGGTAGTGGCCAACTGGGGTAGAACAGCATCAACTGGGTGACATTTCTGTGGAGTTCAGAGGAACTGTAAGACCTGGGTAGTTTCTTAAGTTACAGCCCTAAACAATCAGAGAAATGCAACTACAGGGCCATACACAAAGAAGG,N,no,no,N,0
chrX,88363340,88363664,CTGAGAGGCTAGCTGGATGTGTGCTCTTGCCACAGTCACAAGAGTTAAACACTCTGGCTGCACAGGTGAGCAAACTTGCAGTATGGCCTTAAAGCCACAGTTTCTATTTCAGGTGGGAAGGCTTGTAGCCTGAGGCAGTTGTGCATTCGGCATGCAGATGGACTGGGACCAAGCTAGCTGTTGAAGCTTTCTGCCAGCAGGAGGCTGTGGATGTGAGACTGGCTATGTCAAAGCATGGGATCTGGGTGGATCTCACTGCCACCCGCTACACCTATCTACCCACGTAGACTTCTCTCTGCAGACTAGGCAATTCTGCTACTTCCTG,N,no,no,N,0
chr1,204659094,204659547,GGTGACTTTGCCCTCAACAGCCATCCTCATTACATTTCTCAGTCATACTTTACTGCATTTTATGGGGGAAATTATGTGGTAGTCTCTAATCCACGGATTCATGAAGGGCTATGATGTATCCCTTGAGAATGTCAAGGGCCTACTGTACCTCTGTCACTATGGAAACTAGTTCCCTGGTAGCAATTAGGCTTAGCAACATCCACAATGGTGCAATGCACATGGATTCTGGCTCTGGTAATGGACAGGGAGCAGTCCCTGGAGACAGGGCCACACTTACCCTAATGACAGTCTCCGGGGTCTTCATCCAGCCTGAGCACCCTGCATGGAGCCCGGCCTGAAGTGCTCCAGCTCAGAGGAGGAGGAGGGAGAGGGTAAGCCTTTTTGGCCCACTGAAATCTGGAATTATTCAAGTGCTCCTGGAATGGCTTTCCAAACCCAGCCTCCCAGGACATCT,"[[204659111, ""T"", [""C""]], [204659473, ""G"", [""T""]]]",yes,yes,G->T,2
chr10,18226369,18226707,CAGAAGCTGGATCCATAATGCATTTTGTTAGCTTTGTAAGAGTTACAGTGAGATCTGAGTTAACTATTCCTTTTCCCAAATTACCCTAGTGATGTTTTAATGCTCCTTATAAACCAGTCCCCTGCTGTGGTTCCTTCATTTGGTATGACCCCAGGCTACACAGCCAGTAAGAGGCAGAGATGGGGATTTAAAACCTGATCTTCCTGTTTGTTGCTTCTACGATCTGCCGGCACTTCTTGAGATTCATGAGCGTGTGGCCGTATGATCACTAATGAATTAACTCAATCAATATCAATTGAATGTCTATTCTGTCTTACATTTGTATACTGTTTAATGGTT,N,no,no,N,0
chr5,137179212,137179595,GGTTTCTACCCATATCCAGTGAAAAACAACAAAATATCTGTCCCCTTCTCCCAATTTGATCTAAAAATAAAGGCACCAGCTCTGAATTCCTCTGAGGGCATTTGATTTCAGGTCTGATTTTGTCTCACAAAAGGCACAGCCATTTGCTCTCCCTTAATAGGACATAATGCTACCAATTAGTTAACTTACACATTTAAGCTGTCACACAGGGTGAATTACAGGCTCCCAGGGCTGGCAGACCTTCAGAGGTCATCCAATTTCCCCTCTGCTTTATCAGACCACCCTAGGCACTTGGAAACCACTCTTTTCTTAGGGGAGGGGGTCCCATCACCCACTTACGACACCTTTTTGTTTAACCACCTTTTTGACCAAAAATTCCCCCCG,N,no,no,N,0
chr1,79197405,79197773,GTCTAACCTTCATTCAAATAATTTCTGAGACATTTGTTGTTATGGAAGCAGTATGGGGAAGAAAGAATTTCAGATGGGGTGGTTAAAATTACAGTTCTGACTGACTTGACTGCTCTTACTATGCTATTTAGAAAGATAATAAGTTGCCACCAAATGTGTTGTGATTTCATGATGGACGCTTGCTTTTGATTTGTTGGTTGAGTCTTCCATCTGGTGGCAGAATTTGTCTTGAATGCCACTACAGGGGAAGACTCTAGATCCGACATTAGCCACAAGTAGTGTTTCCTAAACCTAAGGCCTTCCGAATAAGTTCTCTTTTATTTAAAATTCATCTTTAGAAATATTAAATATTTTTCTCTTATTATGGCT,"[[79197448, ""T"", [""G""]], [79197582, ""T"", [""G""]]]",yes,yes,T->G,2
chr6,55058589,55059075,GCTTTTGCTGTATTCCATAGGTTTTGGTATGTTGTGTTTCGATTTTTATTTGTTTCAATAAATTTTTAAATTTTCTTCTTAATTTATTTTTTGAGTTAATGATTGTGCTGTAAGCTTGGATGTTTGTCCCTACCAAAAATCATGTTGAAATATGATTCCCAATGTTGGAAGCAGGCCTAATAAAAGGCATTTGGGTCATTGAGTGGATTCCTCATGAATAGATTAATGCCCTCCCTTGGGGGTTGAGTGAAGGATTAGTTCTCATTCTGTTAGTTCCTGTGATAGCTGGTTGTTAAAAAGATCTTGGTGCCTCCCTCTCACCCTCTTGCTTCCTGATTTGTCATGTGATCTCTGCACATGCTGGCTCCTCTTCACTTTCTGCAATGGGTGAAAGTAGCCTGAGGCCCTCAGTAGACATAGATACCTAATCTTGAACTTTTACAAACATCAGAAACATGAGCCAAGTAAATCTTTTTTTCTTACAAAT,"[[55058624, ""A"", [""G""]]]",yes,no,A->G,1
chr5,150398134,150398368,CTGGTCTTGAACTCCTGGGCTTAAGCAATCCACCCGCCTCAGCCTCCCAAAGTGCTGGGATTGCAGGAATGAACCTCCACATCCCGCCCTGCTGGCCTGTTGTGATGGCTTCTGGTGGTGTGGGGAAAGCTGGGAGCCCTGCCCTGTGCACCTCCCAACATTGACCCCAGCACTTAGGATTACCATCTGTTGTTCAGGAACTTTACTTTACTTCCCTTAGGAAAAAAAGACAAAG,"[[150398214, ""G"", [""A""]], [150398215, ""C"", [""T""]]]",yes,yes,G->A,2
chr18,55173385,55173610,TTGGGCATTCAGCTAGGAAAAGAAAATAACTTACAAGGGAAAAGTATCAGACTTACTTGGAGCTTCTGCAACAAATGCCAGGTGACAATGGCATAAAGGTCTTAGGCCAAGACTGACCCAAGAATACTGAAACTAGGTTATCGGTCATCCAATTTAACTGGAAACCAGAAAAGCTTTCAAAACTGAAACAAACCACAAGCCTTTCTCAAAAATAAATTTTATCTTC,"[[55173386, ""C"", [""T""]]]",yes,no,C->T,1
chr2,2899818,2900136,TAGACAAATATTGAAAATAGACTAAATAAAAGCCGTAGGAGGATAGGTATTGAAAAATAAAAAAATCCCAAGGACCCCAACTCACTGAACAGATCCCCTCCTTTCCAAGAGGACTCCAGAGTAACCTTGGAAACAGAGTTTCTGGCCACGAGGGGATAGGAGGTCGGGCAGGCATGGTTCTACTCTCTCACTTGCTAATCGTGATTAGGCTTATGCCCTAAGGGTAAACAGAAACCAGCCCTTTCAAAAGAATCCACCACTGACATCAACCAACTACCAGATGCTGCCTCTCCCTTTTGCAATTTCAGTACCACAATTG,"[[2899831, ""G"", [""A""]]]",yes,no,G->A,1
chrX,3581702,3582140,AAGAGAAAGAAGGGGAATGATGAAGGCAGGGCTCTGAACACAGATAATATGAAGCAGGAAGGAAGGACGTAGTGGTTGCACCAAGAGCCAGAATTTGGAGAGAACGTGTCTTGGAGAATATAAGTGCCACTGCTGCCAATATCCACTTCCAGATAGCCTTGGAAATATTGGGAAGGTCACAAAAAAGTTCCTGTTGCAATGGGATGACTTCAGCTCTTTTATTTGGGTAGAAAAGGGAAATGTGACCTCAAGTGACTGAAGAGCTCTAAGCACTCAGGCAACACTTCCCAATGCCAGTCTGATGAAATCCCCTCTTGGAATTCTGCAGATGGTTCAAAATAAAATCCCAAGTTTTCTGTAAGACACCCAAGACTCTACTCTTCAGTCTCCTCTCTTTATATCATCTTGATTTCCCTTGACTGGTCATCCTCAAAAGGAG,N,no,no,N,0
chr5,100261094,100261301,TGTGGTTACTTGGGTCCAGGAAGAAAAGGTGTTCAATTGTGTTTGAGTCTATCTTATGAACAGCTTATTGCTGAGTCTGCACAAGTATAATAGAGAACTGGTCACTATATGCAACATTTAAAACACAGTGTGTGGCATAAATCACATGCTTCAGTAGCTACTGTGGATGCTTAGTTAAAATCTTATCTATTTTGTAGCAATGTTTTAA,N,no,no,N,0
chr12,57665932,57666288,GTCTGTGTAGAAAGAAGTAGACATAGGAGACTCCATTTTGTTCTGTACTAAGAAAAATTCTTCTGCCTTGGGATTCTGTTGATCTATAACCTTACCCCCAACCCCGTGCTCTCTGAAACATATGCTGTGTCAACTCAGGGTTAAATGGATTAAGGTCGGTGCAAGATGTGCTTTGTTAAACAGATGCTTGAAGGCAGCATGCTCATTAAGAGTCATCACCACTCCCTATTCTCAAGTACCCAGGGACACAAACACCGCGGAAAGCCTCAGGGACCTCTGCCTAGGAAAACCAGAGACCTTTGTTCACGTGTTTATCTGCTGACCTTCTCTCCACTATTATCCTATGACCCTGCCACA,"[[57666190, ""A"", [""G""]]]",yes,no,A->G,1
chr13,27488251,27488637,ATCTGGTATATTTACTCCATGGAATATTATTCAGCCATAAAAAGCATGAAATCCTGTCATTTGTGGCAACATGAATGGAACTAGAGGACATTCTGTTAAGAGAAATAAGCCAGGAACAGAAAGTTAAACACCACATGGGATTCATTAGATTCTTACAAGGAGTGTGCAGTTCACAGTAAAGTTTGTGCTCCTATGAGACTCTAATGCTGCCAATGATCTGATAGGAGGCAGAGCTCAGGCTGTAATGCTTGCTGGCCCGCAGCCTGCCTCTGGCTGTGTGGGCCAGTTCCTAACAGGTCACGGACTGGTACAGGGATCCCTGCTCTAGAACAGTTGTATAATGTACACTTTCATCAATAGTGCACAATAACCATTTCATTGTAACTG,N,no,no,N,0
chr14,86153558,86153881,TCCCTTGCCACTACAGGCCACATTTCCACTCATTCACTTCATTTCTCCCTTCTTCTCTCTCTCCTCCCCTGCCTTCCTTTCTTATTTCCTGCACTTCCACCTTCCTGCCACTAGAGATAGAACAGCAAACAAGACAGAAAACCCTTCTGCTCTAGTGGAGCTTGCATTCAAGAAGAAAAGACAGGCAACCAAATACATGAGGGAACCATAGATCTATATTAGTAGAAAGCATTCCAGGCAAAGGGGGCAGGAAGTATAAGTATCCTGAGGTGCCAGTGTGCTTGGCATATTCAAGTCAAACAAGGATGGCAGCTTAGTAAGTAG,"[[86153571, ""T"", [""C""]]]",yes,no,T->C,1
chr8,7535312,7535573,TGTTTTCTCCTAAGTTTTAGATTTTTTTCTCACCTTTTTTTTAAGGAGGAATTGAGCTGTGGAATAGAGCTTTTGTGGAGTGGGTCAAAGGGTGCTGCTTGTAGGCAGGACTCCAGAGTGTGTCACCACTGTGTCACTCCTGCCCTCTTACATGTCTCAATTTTTCTCTCCAGAGGTCTAAGCAGCTCCTCAAGTTTTTTAAGAGAACAATACTTGCAAATATTGAAACAATATAGCCTGTTCCTGAAAAATGTAATATGTT,N,no,no,N,0
chr6,50610613,50610899,TCACTATGATGGCCAGGCTGGTCTCAAAAGTGCCTTAAATTTATATAACAACTTTTACCAATTCATCTGGGATATTTCACATGGAAGACATTTAACAGAAATGGTCTAATTTGTCATACTGCCCTCTAGTGAAACAAGATAGTGTTATATTAACCAAATCCCACTATAGATTTTATTCTATGTAGATTCAAAAATAGCAAAGATCAAATCATGATCCCAGATATGACACATAGAAAAGGCCCTTTTAGCATGATTAAAACACGAAATAAATGTATATCTTTCCTCAA,"[[50610621, ""T"", [""A""]], [50610845, ""A"", [""G""]]]",yes,yes,A->G,2
chr10,77669941,77670215,AGAAAAGAAAGAAAGAAATGACAGCAGGAAAAAAGGAGGGTATTGTCATCTTTTAAATGCCTCTGGCACTCTGAGAGAAAGGTCTGGGCATAAGGGATCTCAGGAAAAAGTAAAAACCAAACTGGGCTTAGCCTGGAGGGATGAGTCATGTTGTACAGGCATGAGACAAACATATGGAATGGTCTTTCTTGAGAAGAGGGGATAGAAGGCAGAAGACAATGAGAGAGACAGAGAAAGAGGCAAAGGAGAGAGAGAAAGAGAAAATGAGAGAGGGA,"[[77670116, ""A"", [""G""]]]",yes,no,A->G,1
chr12,13472676,13473096,TTTTGAGATCTAAGTTTGAAGCTCAAGTGATTGTTTAAACCTGCAATGATGAAACCCAACCCAAGATACTACTGAGGGAAGAGAAAAGGAGATCGGAAGGTGGTTTTTATGTGGTAAAATTGAGACTTCCCCCAAGATGGCCATATTTGAATCTCATTTCTGATTTTTGACTGATAGTCATTTTCCCTTGTCTCTTTACTTTCTCAAGCATATGTGGAGAGATGTGCTTCAGAGGTTATAGAAACAGCTGCGTGTACAACACACATCCTTTCAGGGCTGATGATTCATCGTAAGCTTTCACCATAGGTTTCCCTTTCGTATTACAAACAAGTAGTGAATTTCTGTGCTGACTGAAGCATCTGCATTATCTCATGAAATCTTTTCAACCACGCAAGTTCATTTTATTATGCCCATTTTTACA,"[[13472677, ""G"", [""T""]]]",yes,no,G->T,1
chr14,86295116,86295551,AAATCCTGTCACAAATTATAGTTTCTCTTAACTATTAAATAGGTGCCATTTTAAGCATCAGGAAACATTAAGTTTCCCATTTGAGATATTCTTTCAGGTCTCACCTATAGGCGAAACTACTGATACAAGCTGGTCTGAAGGACCCCAGGAGGAGCTGATTCACCAAAGAATGCAGTTTGCACATCCTAATGATTTCATCCCGTTTACGCTCAAAAATCAATGACTCCAATTTTCCAGCCCCTCACTTTCAATGATGCTCTTAAAATCCCCAGCCCAGAACTCCTCAGATAGATGGATTTGAGGGCTCCTCCTGTCTTCTTGCTCAGCTTTCCTGCAATCCTTAAAGTCTTTCTCTGCTGCAAACCCTACTGTCTCAATGTATTTGTTTATTACTGTGTAGTGGGCATAGGAAGGTGGTGGTCCTAAAACACTTGCA,"[[86295119, ""C"", [""T""]], [86295455, ""A"", [""C""]]]",yes,yes,A->C,2
chr10,37158736,37159000,AGAAAATGCCATTTACAAGCATAAGATTTAGAGATTTAGAAAAAAAATTCTGCTTTACCTCATGTGGTTCTACTTTAATATCCTGATAGTGTAAAGTTTCCAGTTTGCAATTTCTGTACGTGCTTGGTTTTAAGGCAGGTGAATTTTGAGACTGAAATATTTGCAGTGGTTCAAAGGCTGATTGGAATTCCGATCTTTACTTAGAAGAAAGTTTCACTTGCTGACATGACAGTTGTGAGTGTTGCCACTCAGAGAATATTAAGAA,N,no,no,N,0
chr9,68942110,68942328,TAAAATGACTTAAATTAATGTGTAATACTTAGTAGTAATGTCAGATGTTTAAACCTGGTATGTAAATTAGTCAAGCAACGGCCTTTCCTGTCTGTTTGGTGCAGCTGAACACATGGGTCTATATAAAGTTCTTTTGCTCTCAAATATAAATAGCAGCTCAAAAGATAGCTGGAAGGTTGCAGGAAGTTCTTAGCAAGGTCAAAAACAATTCTCATGTGA,"[[68942153, ""A"", [""G""]]]",yes,no,A->G,1
chr13,66618711,66619015,TTTTTACCACTCTCAAATTACTATAAACACGGATATACAAATAATACTTTTCCCCCATAGGGAAGATTACATATCCAGGGTTAAGTAAATGCCATTTCTCTTTATTACTTCTTGGAAGAATGGATCACATGACAGCAGCTATGGAAATGAGATTCCATGCAGTACACCAGGGAAAGTTGACATTACCCTTACTTTACACTAGGAGGCATAAATGTTACTATAGATTTTTCCACCACACTAAACATACTACATTTATGATTCCTTAAAGAAGCTTAAACATGATAAAATATTACTAACTTTAAAAT,N,no,no,N,0
chr8,53499120,53499432,ACTTTCAGGGTCTATCCATGCAATAATTTTTGCTCTAAATATTTAGGGAAACACTTGTGCATGGCAAATGTGCCATTTGCATAAGTACATATTTTTATAAGAGCATGAATACTGTTTGCACAAGAATGCATCCGTACCTCCACAGTATGCATGAGGCATCTCAGAACAGGAAGAACAAGGACCCAGGAGCCAAATGACTCAGGCTGGTTCTGCAAAGATGTCCCTGAGAGCTTACTGGTTGTCACTGGGGCACTTCCACCTGGGTCTCCATGTAGTTTCTCCACGTGGCATGGTGCCCCCAGTATAGAGCTCT,"[[53499129, ""C"", [""G""]], [53499239, ""G"", [""A""]]]",yes,yes,C->G,2
chr2,31467411,31467890,TTAAAGCCCTTCTTAGGCCAAGGGGGCTCCAGCCACAGAAAGCAGTGAGTGAAATCAGATGAGGAAAAGAAGAAACAGGTAGAAATTAGAGTCACAGAAAGGACAGGCAAGAAACCTGCAGGGCTGGGTGAGTGCTTTTCAGGAGGCTCATGATCCAGTGTTGGGAAGTGAGAACAAAAGCCAGCAAAACAGGTTTCACGTCACTAAGCAATTTGCTGTGGTAAGACAGCAATTAGAACAGCCCACACACACCCAGCCTGGGTCTGATTTCCTGTCAAGGGTAGGTGGTGTGCTTCCTTCAAACCAGTCATTTTCTTCTCTAATGCCCTGCTCTGCAGGTGGAAAAAGATCAGGATGGCTTAAGTTTCAGGAGCTTTTCTCCCTACCCTTTCTCCAACACTTTCCCTTCCTACAAATTCCCACCACTCCAGGATTTCTTCTCTCCTTTCATTGTAACCCTTCTCTGTTCTCCATATCTGC,N,no,no,N,0
chr16,22757069,22757446,AAACCATGGCCACAGATTCTAGCAGTTCTTCCCTACCAAGAGACTTTTAAGAACATGTGATATTAACCTAGCGACCTCCTGAGGCTTATTACATTATAGAAACAGAGGCAGCTCAATGGCAGGTGGTTGCCCATGCACAGAGTCATTTAGCTTGTGCACGCATACTTGAAGAGGACATCTGCCATTTTTGTCTGTCTAGCATCAATCCTAATTCCTGTAACTACACTCTGGTTTTTCCCTTGGGGAGCCAATCTGCTCCCTTTCTCATGGACCTTCGTTTAGAGGGGGCTGATCTCCCTCCCAAGCTTTATAATGAACATGTGACCCAGGATTGGCTCAGTAGGTTCATTTTTCCTGGCCACGTGGATGGTTTCAGGC,N,no,no,N,0
chr4,107631576,107631921,GAGCAGCTAGACCATGAAGTACTTCAAAGATTTGTACAGAGAATGTAAGACTTACTGTTCAGAGTCATAGTAGTCCATACGCTTCTTTTTCTTGTTGTAAGCTGCAACTCGAAAGGGAACTATTTCCAAAGTGATTAAACCAGGGGCCATCGTCAGCACTTTGGCACCATGACTTGGCTCATAAAGATCCTTCCCTGTTTCTGGATGAGGCATGCCAGCAGGGTCTCGTCCAACAATGTAAAAGTTGGCTCCTGCAACCATCCGTGCTCTGCAATGCCACTGGACCTAGAATAAAAGTTTCATTTTAGGTAACTTTCCTTTTATGACTATGTACTTAGAAATAGTA,"[[107631590, ""C"", [""T""]], [107631892, ""G"", [""C""]]]",yes,yes,C->T,2
chr12,102496476,102496971,GTCGCATGGAAGCCAGGTCACCCCAGACTGGAGAAAACTTCATTCTCTTGGAACTACTAAACTATGTTGCCTGGAAAATATTAATACAGTTCATTGTCAAACAAGTTGGTTAAGTCCAGAAAATGGGCAGGAAATACCAGGCTGGGTTCACGTAGGTGCCCTGAACTACAGCATCTCTTTGAATGAAACTATGATTTACTTTCTTAAATAAATGTCATGGGGTAAAATCATGCCTTATACAAACCAGCTGAAATGTGTGATGTAACTATGTTAACACGTTTTTATAGCCCTGGAAGAACGCAATGGGGTGGGTTCTATCAGTAATCATCTAAAGACGCCGAGTATACATTCCAGATGTTCATTATGTCCCAACCATTTGTTGGGAGTAAAGTGGAGGCTTTCTCCTTGTCCAGGAAGTCTGATTTTAGTAATTGAAACAGAGACTAACTTGAAATATCGTATGTCTGGAATTATAATACTAAATCTCATAGTTCTA,N,no,no,N,0
chr2,33454148,33454445,TCAGCAGGTTTGGTTTTTTTTGAAGTTGTCTCTGTGGATTGAAATGGCTGTATTTTCACTGTCTTCTTCTTCTACTTTTTAAGTAAAGTTATTTTTTAAAAAGCCATACATAGTTCAGAGAGGAGTGAGTCAATTCCTGTTACTTTGATATGACACATCAATGCATCTATACTTTTCTCTGTTTGATGTAACCCTGTAACTAAGGAAAGGAGAATTTTTATGGGAGGAGGGATGGTTTTAAATATAGAGCATAAGACTGGAAAGATGTGACCAAGGTAGAGGGTCTGGGGTAGGCATG,"[[33454164, ""C"", [""T""]], [33454262, ""C"", [""T""]]]",yes,yes,C->T,2
chr1,13005757,13006130,CCCTATGTTGTCCAGGCTGGTCTCAAACTCTTACGCTTAAGGGAGCCCCCTGCTTGGCCTCCCAAGATTCTGGGATTACAGGCATAAGCAGCTGTGCCGGGTCTATAGGTGCATTATAAAGGGAACAGAGAAACCTCTGTTTCAGGCATGTGCTTTCTGTGAGTGGAAAACAAAAAACAAAAAATCCCAGCAGGGGGCAGCACTGGGGAAAAAGTTGAATGGAGTCACTGAGACTCAGGGATCTGTGTCCTAGACAGTCAGAAATAGAAAGCTGAAGTTCTAGAGTGAGGGAGTTATCTCAGCAAGGATGGATACAAAGAAACGTCGGAAGTAGAGGGAACCTAAATGGAAACTCTCTGCTGTCCTTCATGATT,N,no,no,N,0
chr5,34125429,34125722,TACAATGCTTATCTATTTCCTATTCAAAAAATTGCATCATATTGTATCTTAACACACTGAGTTTCACATTTTTCTGGGGAAATTTTCTTATGTAGAGTTGTGAGGAGTTTCAGAACCTCACTGTTGGAGGGCAAGTGACCACTGGTTTTGCATGTGACCTACTGTGTTCTGCAAAAGTACAGCACATTGTCTGCACATTTCTAAACATTCATGAATCAAAACGAAGGAACAGTGATTACATCCTTTTATATATTTTTAAAAGGTTTCACGTCTATTAATGACATGAAATATTCA,N,no,no,N,0
chr5,128358882,128359165,ACTATAAACATATGCGCTGACAACTACAAATATCAACTATTTAGTTTTCCTTTAAATAATATGTTGTTATGTTATAAATGTCATGGAACCAGGAATTGAAACAGTTCACTGTACATTCCTGGAAATAAACTTCAAAGCACATCTGGTTTACATTTAACTAGTTATGTCACTGGAAACACAATCTAAACCACAGTGCTTGCTGTAAAAATTTTAACTTTCACAGACTCTCAGAGCTCAAACAAAAAAAGTAAAATAAAGTTTCTGTAACTTCAATCTGAAATATA,N,no,no,N,0
chr14,94623008,94623506,GTCTGCCCTCTGTGCTCACACAGCACTGGGTTGAGGTCTGCACTCCACCTTTCAAACAGCAAAGTAAGAGAGGGTTGTGTGTAGAGGAGCACACCCGTATGGTTCAGGAATTCAAGGCCATGAAAAGTACTTGAAAGCCCCAAGGATGTTTAAGCTAGAGCAGGAGAGATGCTGAAAGCCATGCTGGCTTGGCTGAGGAGGTTTCTGCAGCAGCTGCTTGTGGTCAAGAGCTGCCGGGATGTTGCTTAGAAGAAAAATGCTTTACATTGTTCTTGCTCTTCCTCCCAACAGTAGTGGCTGTTTTGGGGGCAAAATAGACTCTCAACTCAGACACAAAGGGATGCATATGAGGTGCTCCATTCTTTACCTCGATGGCTCTGGGCAAATCATACTCAGCATCTGGGTCTCCATTTGCACATCTAGGCATCAGGACTGTGCAAAACTAGTTGGCAGGGGAGTTGGGAGGAGCAAACATTCAACAGCACAAAGACAGGCCAGC,"[[94623099, ""G"", [""C""]]]",yes,no,G->C,1
chr5,123980988,123981371,GTGTTGGAGTGTTACTTCCCTGATGAGGTTAGAAAAGACTGTGACTCCTTTCTTTCTAATACCTGCTAACTTACTGGTACTCTTTCTTGCTCTCTAGCTTGCTCTGATGATGCAAGCTGCTATGTTGTGAGATTTTTCAATGAAGATGTCCATGTGGCAAAGAACTAAGGAAAAATCTCTGGCCAACAGCATGTGAGGAACTCAGACTCATTCCAACAGCTTGCAGGAAAATGAATCTTGCCAGCAACCATAAGAGTCAGCTAGAATGATATTCTTCCTAATCATGCCTTGAGATGACTGTAGCCTTGTTAGAGAATCTGAGCTGGAGAACCCTGACTTGGAGATGCGTAAAATACATGTGTTTTATTTTAGTCTGCTGTGTTT,"[[123981126, ""G"", [""A""]]]",yes,no,G->A,1
chr11,84136862,84137269,CTACTCATACAAAGTAGGAGGTAAACATGTCTCACTGCATTTTTCTTTTGGAATTTCTACCAAGGATTCTGGCCTATTCAAGGGAACCTCATGCCAAATGGAGAACTGAAGGGAGGAGGCACAGCAGAAAAAAAACACTACAAACTATTCCACAGGCTCATTCTAACCAGATTGTGGTCCCAGGGCAGGAAAGGGGGAGCTTTTGATGAGAATCACAGATTTTCTGGTATGCAGTATGTCTTTGGCTACAACTGTGTAGGTTGTGGCAACTTACCAGACAGCCAGAAAATTCTGTGGTGGCTTGGGGCCTGGCAATTCAGTGGTGGCTTCTAAATCTTTAGAAGGCTCAACTTTCTCTTGAGGTTTTGAAACTATGCAGCTTTGACATGCCTCATATGAAACTGTCTA,"[[84136887, ""A"", [""C""]], [84136924, ""G"", [""A""]], [84136962, ""C"", [""G""]]]",yes,yes,C->G,3
chr17,9095417,9095786,TTGAATCCATTCCTAAAATGATCTGATGTAAAGTAAAGAATCCAGCCTTTCACTTTGTCCATGTGGACCTTTCCCTAACGCATTCGAAATGCTCCTTTGCCATGTGTTAATTCTCTTTGGTCTGTTTCTGGAGTTCTTTCTGTCCAATGATACACATCTGTGTTCTTTTGCCAGTGCCACACTGTTTTAATATTTTAATCATTTTAGGGCATGAATCCCATGATTACAAAATCCCTTGGCTGGTCTTTTGCATTTTGTTTCCAGATGAACTTTAGACTGATTTGATCAACTTAAAAAATAATTCCTCTGTGCTTCTGATTGAAATGGCTTTAACTTTATAGATAAATGTGGAGGGAATGAGAATCTTTAT,"[[9095448, ""G"", [""A""]]]",yes,no,G->A,1
chr4,37633454,37633883,TGAATCTGAGTTGAAAATTTCAGCAGATTTTTTTTTAAGTCCAACAAAACATGCTTTGTCCAAACAAGCTACAGGTTCTCACTGCTTTGCATTCATAAATTCCCATGACTCTGCTTCTTAATAAAACAGTGTGGTCATGAATTGTGCTGTTTTGCTGTAAGTGGCAAACAGCCCTGCAAGTCTTCTCCATGATGCTTGTGCAACACATGATGAAACTCAACTGAATTAAAATAAAAATAATACCAGCCAACATTTCTTGAGTGCGTAAGTACCCAAAGCTGGTTTAAGACCTTTATGTGAGTCACCTCACCTAGTCTACACACAGCAACTCTATGAGGTGAGTGTGACTGTCCTTCTCACTTTACAGAGGGGGAAACTGAGGCATGGAGCAACGTAACAGTTTGTAAGTAGTGGTGCCAGGACTTGAAGG,"[[37633493, ""G"", [""T""]]]",yes,no,G->T,1
chr2,42743619,42743981,AATTTTTGAGACTCCTATGAAGAGGGTATCTAATGTAGATGACTCTGTAAGTACAATATTATGATCTGGAGTGTGAAGATTGTCCTTCTGATGGCTTGAGTCTGAAATCAGTGATTCAACAGTTCTAACTGTTGGCATCCCAACCCTGGGAAATGGGTGGTGGTGAAAGCCATTGTACCAGTGAGTGAGCTCTGGGAATGCATCTGCTCTCTTCACGAATTCCAAAAAAAAGAGACTGCCAGGGACAGCTGATGGCACTCCTAGGCATGCTTAGGCCCAGGCTGCCTTCTGTCAAAAACTCATGCCATTTCAAAAGACTGCAGTTTTAAAAAAAACTTTTAAAACATTGTCTCTGGAAGAACT,"[[42743850, ""T"", [""G""]]]",yes,no,T->G,1
chr6,90915521,90915842,GCCAATGTACAACTCAGGCCGTTGCTTCAGAGGGTGCAAGCCCCATGCCTTGGCAGCTTACACATGGTGTTGGGCCTGTGGGTGCACAGAAGTCAAGAACTGAGGTTTGGGAACCTTTGCCTCGATTTCAGAGGTTGTATGGAAATGCCTGGATGTCCAGGCAGAAGCTTGCAGCCGGTGTGGAGCCCTTGTGGAGAACCTCTGTTAGAGCAGTGCAGAAGGGAAAAGTGGGGTTGAAGCCCCTGACAGAATCCCCACTGAGGCACCACCTAGTGGAGCTGTGAGAAGAGGGTCATTGTCCTCCATACCACAGAATGGTAGA,"[[90915532, ""G"", [""A""]]]",yes,no,G->A,1
chr3,59133464,59133752,TCCCCTAATGAAAGACATATGTTTTAACTAGGTTAGTGCTTTTCCTGGATTTCCAATTATAGTACGTCTTCATTTTAGGTATGAACAGCTTACATTTTTGTTCCCTGAATTATGAGTTAAAAAAATAAGCACAGTTGTGCAATTCAGTCAGATTCTCAAATCTTTTTAAAGAAACAATGCCTCCGACACAGCACAGAAAGCAGAAGGGCTTTGGGTCTGCATGGACGTTGTCATTAGTAGACCTTGTAACATGTCAAATTTTGAACATAAAGAACTTATTACAAGTAGT,N,no,no,N,0
chr18,71429181,71429397,TATATTTGAAGTGAAGGAGGAAGAGCCATGCATATTTTTCTAGGTAAAGAACTGAAGTGTCTCTCTCAGTTTCATTTGCATTCAGCTTTAAGTTTCATGATTGACACTCACTGGCTTACCTGTTTGACTTCTATTTCTGTAGGATGTGTGGCCTACAAAACATATGTTTTCTTTCTGAGGATTTTCTTCTTTAATTTTTTTATTTTTAATTTTTGTA,"[[71429313, ""G"", [""A""]]]",yes,no,G->A,1
chr2,127131053,127131514,CCTGTTTGACAAAACTACTGGGCACCATAGTTTAAGGTGACACACAAAATTTTCCAACACAGAATGGTCCCTTTTTTCCTGACATACTTCAGGTTCATTCATATAGGTTATATATTTGTGTCCCCTGACAAAATTCACATGTTAGAATCCTATCACCCCATGGAGAGGATTTGTAGATGAAGTCTTTAGGAGGTGATTAGGTCATGGGATTAATGCCTATACAAAAGAGACCCCAGAGAGCTCCCTTCTGCCTTCTGCCATCTGTGAAGGCACAGAGAGAAAACGGCCATCTAGGAACAAGAAAGTGGGTCCCCACGAGACACCAAACCTGCTGGTGCCTCGATTTTGGACTTCCCAGCCTCCAGAACTGTAAGAAATAAATATATGTTGTTTATGAACCACCCAGTCCAGGTAGTTTGCAGAAAATTGACATTTGAAAAACCATGTTAATATTTCCAATTC,"[[127131098, ""G"", [""A""]], [127131163, ""A"", [""T""]], [127131181, ""A"", [""C""]], [127131265, ""G"", [""A""]]]",yes,yes,G->A,4
chr5,175326750,175327102,TCTCTCTGCCCCAACCTGGAGGGGCCCCCAGAACCCTCATGGTGGGGCTCTTACTTTCCTCTAAACTCCTCTGCACCATCATGGGACTGTGAGAGGAGAGAGGACTGTGAGGCTCAATGGAAGCCCAGCCTCCAGCCCCATCCTCTGGGAATTAAGAGCCCCTTTATCACCATCTGTACTTGTTCATTCGATGAATGCTCTTGTGTTTAAGGTGCTTGTTTGTTTGTTTGGAGACAGAGTCTCGCTCTGTCGTCCAGGCTGGAGTGCAGTGGCACGATCTTGGCTCACTGCAACCTCTGCCTCCTGGGTTCAAGCGATTCTCCTGCATAGCTGGGATTGCAGGCACTTGCTCC,"[[175326764, ""G"", [""C""]], [175326964, ""T"", [""C""]]]",yes,yes,G->C,2
chr3,157862531,157862750,TCTTTTCCTGCTCATGATAAGTCTCTGAAAATGCAGTGCTATACTCTAGAGAGTACACTCAAAATCAATCAATCAATCAATCAATATGTAATGCAGATCTTTTATATCTTTTACTATACACAAAACATGACGCTGACTGATGTGGTAAAAACATAACAATATAAAACAAAGTTTCTGTTTTTGTAGGGCAAAAACTGGGTAAAATACATATACATCTATG,"[[157862543, ""A"", [""C""]]]",yes,no,A->C,1
chr16,89158211,89158619,TCACATGTATGTGTCTCACACGCCTGCATAAGTCACATGTATGTGTCTCACGCCTGCATACACCACAGGTATGTATGTCTCACGCCTGCATATGTCACATGTATGTGTATCTCACACGCCTGCATATGTCACATGTATGTGTATCTCACACGCCTGCATACACCACAGGTATGTATGTCTCACGCCTGCATATGTCACATGTATGTGTATCTCACACGCCTGCATACGCCACAGGTATGTATGTCTCACACACGCCTGCATATATCACATGTATATGTGTCACACATGCCTGCATACACCACATGTATGTCACACACATCTGCATATATCACTTGTATGTGTCTCACACACCTGCATACACATATATGCCTCACACGCCTGCATCTATCATGTGTGTGTCTCACACACC,"[[89158262, ""A"", [""G""]], [89158438, ""A"", [""G""]]]",yes,yes,A->G,2
chr5,80566757,80567126,GCCAGCTGTCAGTTCCTACTGAAGGAAATCAAAGCTATTCAGAGTTACATAAACACCAATAATTTATTACATGCATCTTTCCCATTTGGAGTCTAGTTTTTAAATTCCTTATTAAGAAATCCCCCAATGTTTGCTCAGTTAGTCATATCTCACTGATTATGAGTTTGTAAAGTGTCTGGAGATTCTATGCACAGCAACCCCGTGTGTGTCTGCCTGCAGGGCTGAGTCTGCCATGCGAGGACTGCTGGGGTTGGAAGGGCCTCGGCACTCACTTGGTGCAGATCAGGAGGCTGAGAAAGGAAAGGTGAGGGCACTCTCCCAAAGCCAATCATCTTACTCACCTGTTTGCCAGAGGTCAATTACATGTTTG,"[[80566822, ""G"", [""A""]]]",yes,no,G->A,1
chr1,41925702,41926070,TATCAATGCAATAGAATATTGCCCAAAACTTTTTGGCAATCAAATTGCATGACTGTACATACTGTCTTAACTGTAAGGCTGCAAATGTTTCTGTCAGTATCTATTCCCCTCTCCCCTTCTTAGTAATAAAATTCTTAGCTAGGAACATGGCTACCCAGCCAAAGACTACATTTCCCAGCCTGTCTTATAGGAAGGTGTGGCCAGAAGAACAGGTTCTAGCCAATGGGATGTAAACAGATGTGAAATGTATAATTTCCCAGCCATACTCTTAAAGGGAAGGATCATGCTTCCCTTCCTTTTTCCTTTTGCCATTGGCTGAAATGTGGACCTGATAGCCATGTGGATGAGTGGTGCAGAGCAACGAGATAG,N,no,no,N,0
chr5,174087859,174088102,CATCTTAAGCCTTTCCAGTGAAATCATCTTCGATATGAGAGCACAGCCCACAGACAAAGCCAACTCCTTCTCTAGGGATTGACCCTAGAGAATTGAGGTCTCTAATTCTGTCTAATTGAGGGATTAGACAGAACAATGGGCAGTAAACAGGCCCTCCACAGATGTTACCTCCCATACCTGTCTTGCCATTTTAGGGTTGTCATTTCTATCCAAGAGAGGATCTTTACAGGAATTCTTCTGATAT,"[[174087889, ""G"", [""C""]]]",yes,no,G->C,1
chr7,27987813,27988165,CCATAGGAGATTCCATTTTGTTCTGTACTAAGAAAAATTCTTCTGCCTTGGGATGCTGTTAATCTATAACCTTACCCCCAACCCCATGCTCTCTGAAACACGTGCTGTGTCAACTCAGGGTTAAATGGATTAAGGGTGGTGCAAGATGTGCTTTGTTAAACAGAGGCTTGAAGGCAGCATGCTCGTTAAGAGTCATCACCACTCCCTAATCTCAAGTACCCAGGGACACAAACACTGTGGAAGGCTGCAGGGTCCTCTGCCTAGGAAAACCAGAGACCCTTGTTCACATGTTTATCTGCTGACCTTCCCTCCACTATTGTCCTATGACCCTGCCAAATCCCCCTCTATGAGAA,"[[27987823, ""C"", [""T""]]]",yes,no,C->T,1
chr1,116103203,116103460,AGCAGAGTTAAGTTATGGCACATTCATACTATAGACTATTATATACCTATTTAAAGAATGAATTCTATCTATAGCTGTAGACGTGGCTGGCTGAAGGGGTGGGAATTTCCATGCTATATTTTTAGGACGTGAGAACAGAGAGAGTATATATATAATATTATCCTATTTTTGTAAAACGAAACAACAAAAAGGAAACCTAAATGGAATGTGGTGGTGCTGAATTTTGAATTTTCAACTTATATTTTTATATCTTTGAGT,"[[116103285, ""A"", [""G""]]]",yes,no,A->G,1
chr10,68556899,68557346,CAGCTTCCTCCCTTACTTTTTACAGTCTACTCAATGTGGTCTTCCTTGATTGCTGAATTCAAAATTAAAATTCTGGTCAGGGGCAGTGGCTCATGCCTGTAATCACAACTACTTGGGAGGCTGAGATACAAGAATTGCTTGAACTTGGGAGGAAGGTTGCAGTGGGACAAGATTGCACTACTGCACTCCAGCCTGGGCGACTGAGTGAGACTCCCTCTCAAAAACAAACAGGCCAGGCGCGTTGGCTCTCTGGGAGGCCGAGGCAGGTGGATCACCTGAGGTCAGGAGTTTAAGACCAGCCTGACCAACAAGGTGAAACCCCATCTCTGCTAAAAAAACACAAATTAGCCACACGTGGTGGTGCATGCCTTTAGTCCCAGCTATTCAGGAGGCTAAAGCAGAATTGCTTGAACCTGGGAGGCGAAGGTTGCAGTGAGCCGAGATCGGG,"[[68556920, ""T"", [""A""]]]",yes,no,T->A,1
chr6,4114072,4114363,CATTGGATGGAAGTTATGTTTCTGTGGATCATGTTACAATCATCTGGAAAATGCCATTTTTGTTTTAGCAAGAAATCAATCTGGTTAGGTTCAGACTACAAGCTGTCTTGATCTTCTGTGGGTGGTGGTTAAAATCCCAGTACACTTCGCAAAGCCTTTGCTATGCTGGTTTGAGTCTGTCTCACTTATGAATCAGACTTATCTAGGTTCATACACAGAATTAGAGCTTCTTTCTCTTGGCTCTGGGAGTCTCTTCTTGCTTTCACTCTTTAGCCCCCAGAGGGCCCTTTTC,"[[4114093, ""T"", [""C""]]]",yes,no,T->C,1
chr8,70992501,70992951,TACCAGTAGTTAAGCTATTGTCTCTGAGCTCTTATCTACTCTGCTTTGCCTGGCTTTGTGAGACCGGTGCAAGGATTATACACATTAATATCTTTCCTTTGTCAGATGACTTCCTGTTTATAGGGGACAATAGAAGGAGACTAGAAGACAGGAGAGGGGAGAAGGAACCTGATATTTCCTGTTTACTAGTAACAAGTTCTGTCTTCAGAGCCCTGGTGTTGGTGTTTCACCCATGCAGTAGCAGTGTCTTCTGGTGTCCAGCTTCTTGCAGCACTCCCACAACCAGGCTGAGGTGTACCCACAGCAGCCTGGCAGAGCACCTTCCCCTCAGAGGTCTGAGTCCAGATTTACAGGCTCTCCTTCCAGCTCTTGAGACACTAGCAGTAGCTGGACTCTGCTGTCTTCTTCAGATATTAAGTTTCACTGACAGAGGGTTTCTCCTGCCTTCTAG,"[[70992509, ""C"", [""G""]], [70992758, ""T"", [""C""]]]",yes,yes,T->C,2
chr8,19112239,19112725,TTGGGTGAGTTACTGTACCTTTTTGGTCTCAGTTTCTCAAAGTGGGAATAAAATACAATGTCTTCTTCACATGGTTATTGTGAGGATTAAACAAATCAATAAATGTAATACACTGAGAACAATGCCTATAGTAAGTGCCAGCTGTTGTTATTATTATTCTCATTTTCTAGTTGAGTAATTCTAGACGCAGAATGATTGCTGAAAAACAAGACTGTAAAATGTAAATTCCCTGGTTTCAGCAGGGAAGCAGTCTAATTGCCTAAACAAGCTTAAAGTCTATTTTTGAATCATTTCAACATTCACTTCCTAGCATCTCTTTTCATGCATTGTGCTTTCGTTAGAGCAATTTAAGTTGCTACTAACAGGATTTCAGGGTTAAATTCAACAGAATATATACGATTCTGCAAATGTTTTTTCAAAAAGATAGATGGGCAGACCCTTTCTTATTGCAGTTTTCTCCCATTTTCTTGTTTGTTTTTCAATTTTT,"[[19112276, ""T"", [""C""]], [19112369, ""A"", [""G""]], [19112500, ""T"", [""A""]]]",yes,yes,T->A,3
chr1,85468133,85468509,CTGCTGTAACAAAACAACTCCAACACATATAATGGCACAAAATTGACAGAAGCTTATCTCTTGTTCACTCAAAGTCTAGCACAGATGTTCCTGATTGATTCTCAACTCTTTTTTCCAAGCAATATTCAGGAATCCAGCCTTCTTCTATTTTGTGGCTCCAACTCTTCTACATGTGGCATCCAAGTTTTCCATGCTCACTGTATTAGTCAGTTCTCATGCTGTTAATAAAGACACACCCAAGCCTGGGTAATTTATAAAGGAAAGAGGTTTAATGGACTTACGATTCCACATAGCTGGGGAGGCCTCATAATTATGGCAGAAGACGAAAGAAGAGCAAAGGGATGTCTTACATGGCGGCAGGCAAGACAGCTTGTGTA,"[[85468263, ""G"", [""A""]]]",yes,no,G->A,1
chr1,107096124,107096412,AACATTTAAATACTAGATTCAATAATATTTTGTATAATAACTATGAATTTGGAAAATATGATATTCTATTTGGTAGGGTAATTATTAGTTTTATGCCCATCAGGAAGTAAAGGCTAAATCTCACCTGGGCACATGGGCAGGGGAATTCCATGACTGGACACAAGACTTCCTGTTCTAAAGATTCTTTTTAACATCAGCAATTTAACATCAACAATTTGATTAGAGACTTTTATATCAATTGATTTTTTTGTTTTCATTCATTTAAAAAAATAATTTTGGACTTGTGAAA,N,no,no,N,0
chr2,4291458,4291755,AATTCTAATCCCCAATGTTGGAGGTAGGGCCTGGTAGGAGATGACTGGATCATGGGGGCCGATTTCCCCCTTGCTGTTATTGTGACAGTGAGTGGGTTCTTACAAGATCTGGTTGTTTAAAAGTGTGTGGCCCCTCCCCCTTCTCTCTGTTCCTCCTGCTCTTGCCATGTAAGATGCACCTGCTTCCCCTTCGCCTTCTGTCATGATTCTAAGTTTCCTGAGGCCTCCCCAACCATGCTTCCTGTACAGCCTGTGGAACCATGAGCCAATCAAACCTCTTTTCTTTATAAATTACCCA,"[[4291502, ""T"", [""C""]]]",yes,no,T->C,1
chr2,196504821,196505192,TAGATTATCTCATTTACTCTTCACAAAACTTTTATCAACCATAATTACTGTACACATTTTCAGGCTGAAAAAAAAAATGAGTGCAGAGAGATTAAGCAAGGTACTCAAGACCACAATGCTAAAAATATCTCTGACCACACCAAACAGAGCTCTACCTATATCTGTAAAACTATTAATACAATGTTACTGTCATTCCACTGTATTAGTTTCCTGCTTGCATGAATGGTTGACTCCAAAGAGTCTTATGTATCAGTCAACAGAGACATCAGCTCCATCATGCCTTAAATAGGCTTTTAAGGACTTGTTCACAATAGTAATGATAAAATTAGATTAATAACCACACCTTACCATTTAAAAAAACTTTTAAAGTAA,N,no,no,N,0
chr6,14011545,14011926,TTACCCAGCTATATTAGTCAGAGAGTCAAAGTTCTTCAGAGAAACAGAACCAATAGGACACACACACATACACACACACACACACACACACACACACACACAGAGAGAGAGAGAGAGAGGAGATTTATCATGGGAATTGCCTCATGGGACCGTGGAAGCTAAGAAGTTCCATGATGTGCTATCTGCAAGCTGGAGAACCAGAAAAGCCAGTGGGGGTACTTCAGTCTCAGTCTGTAAGTCTGAGAACCAGGGAAGCTGGTGATGTAAGTCCTTGTATTTGTCTGTTTTCATGCTGCTGATAAAGACATACCTGAGACTGGGTAAATTATAAAAAAAAAAAAAAGAGGTTTAATGGACTCACAGTTCCACGTGGCTGGGGAGA,"[[14011613, ""C"", [""T""]], [14011863, ""T"", [""G""]]]",yes,yes,C->T,2
chr7,158011369,158011678,TTAACAAATACCAATGGCCTGAATCAAAGATGCACAAAAGATGCACAGGTGTTTGATTTCATTCCAGTTTGAAGCATCCATTCAACCAGAAGAGGGAGCACATGTTTAAAAGAAACCCCCAAACCGTCAGACCATCGTCACCGACGATCACCATATTAAGTGATAGAAAATGGTACAAATTAAGAACATATCATGATGCTTAGGTTCTTAAGGAGCTATAAGCAAAGGAAGATATAAAATTATATAACACTGAAAGTGAAAATGAAAGTAGGAAACTACACTTTATATTTTGTCCCCTCTGTGGTTTTTG,"[[158011531, ""G"", [""A""]]]",yes,no,G->A,1
chr11,86365614,86365937,TTGTCTGGAATAGTTTGTGTAAATCCAGTATTATTTGTTCTTGAATTATTTGTAAGAATTTAGCATTAAAGCCATATAAGCCTGGCATTTCTTTGCAGGAAAGTTATTTTTTTTAAACAAACATATGGAAGTAATTTGCTTTGTTTATGTCAGCACAAACTTAGTCATTTTCCACATACACCCTCCCAAGACTAAACCAGGAAGAAGTTGAACCCCTGAAAAGACCAATAACAGGCTCTGAAATTGAGGCAATAATTAATAGCTTACCAACCAAAAAAAGTCCGGGACCAGATGGATTAATAGCCGAATTCTACTAGAGGTACA,"[[86365693, ""A"", [""G""]]]",yes,no,A->G,1
chr19,28526042,28526353,TGTCCTAAAGTAAAATAACTGGTTGTTTAAAAGGAGGGATGTTTAAGGCAAGTCAGAAAGTCCAAGAATGACTCAGATGGTCTGTGTAAGTCATGAAAGGAACTGTGAAAGGGAATTTATGCAAGAAATGTACAATCCAAAGGTTCTTAGGCCTCCTAAATCCTTCATAAAATGCCACTATGACTCTTACTTAAGTAAGAGTAAGGCCTGGGGACATTTGGAATTAGCCACACTCCCTAGCTGTGCTAGAGAGTCAGCTCTTATCTGCACTTTTGCCTGGTGTGTCCTAGGCAGGCTACACACTAGTACACA,"[[28526134, ""G"", [""A""]]]",yes,no,G->A,1
chr4,20185106,20185389,TGATGACCAAGGACCCAAAAGCAAATGCAGCATAAACAAGGATAAATAGATGGGACTTAATTAAACTGAGAGGCTGTGCACAGCAAAAGAAATAATTGGCAGAATAAACAAACTTTTGAAGCATTGACACGATTCCACAATTGGGAAATTCCACACTTGACCTCATGTGATGGATCATAGTCAAAATGCAGACGCATAACACAATTCATTCAGCTTCCACAGGGGAAAAAGTCCTTCCCACACTCCTTCAGCTGTGATAATATCTTTTCTGTACAAGGCCAGGT,"[[20185117, ""A"", [""G""]]]",yes,no,A->G,1
chr9,124532942,124533241,CAAGGAAGGAAAAGTTTCCTCACTACTTCTGCTGTTACTGACTTCTGCCTTGGTCTTGGGGCTTAAGGGACTGGCTACAGTGAGATGGGATGCATTATGAAGCTCAAAGCCAGAGAACCCTGTACTGCCAGTGACCCCTGCCTGCCTGCAGAGGGCCTGGGCAAACCCATTACTTGGAAGTGGAGTCCAAAGGCTGATCCTGTAGTCCCAGGCCGAACTGGTAGATTCCAGGCACCCAGAGAGGCTGGGATCCTTGGGCCAGCTCTGCAAACCCTGACAGCATCAGAGCAGGCTGACTGC,N,no,no,N,0
chr7,66685661,66686081,TTTGATAAGAATACATTCATTGATTTCTTTGATTTTTGTTGCTGGTTTTCAGTGAACAAAATGTTACCAGTACTTACTCATTGTGATGTCTACATATACAACTAAGATTCTGTTTACCTATGTCAGTCTCTGGCTAGAGACATAGAATTTCAGTCTTGACTGTGTGAGTTTAATTTCTGGCACGTGGGGTTTTATTGGCTGCAGAGCAAACATCTCTAGCAGAGATGACCTATCCCTCAAATGTAGGAAATACCTGTGTAAACCTAACACCTGTGACTCAGAATAGAAATGGTACCAAGTGGCTTCTTAGCCCATCAGTGAAGTTACCGCATTATAGGCCAGGTGCGGTGGCTCACGCCTGTAATCCCAACACTTTGGGAAGCTGAGGTGGGCAGATCACTTAAGGCCAGGAGTTAGAGAC,"[[66685674, ""A"", [""C""]]]",yes,no,A->C,1
chr11,14361066,14361286,GCTCGCTTGAGCCCAGGAGTTCCAGACCAGCCTGGCCAACATGCCAAAACCCGTCTCTACAAAAAATTACAAAAATTAGCTGGGCGTGGTACATGCCTATAGTCCCAGCCACTCCGGAGGCTGAGGTGGGAGAATTGCTTGAACGCTGGAAGCGGAAGTTACAGTGAGCCAAGATCGTGAGATCACGAGATCACACCACTGCACTCCCGCCTGGGCGACAG,"[[14361159, ""C"", [""T""]]]",yes,no,C->T,1
chr7,13069873,13070270,TTGGTAGCAAGGGTAGTTCATTACATATGTTTAGAAAGTTATTATTGTTGTTTTGAAGATGTAGAACATAAAGTTGGGACTGGGACAAAATCAAAGGAGAACAGATGTTTCAGAAGACATTGTTTATTTTTCTTAAGATTTTAACCTTACTAAGTGAGCTAACAGAACAAAGCCAGGATAGAAACAGGCTGTCTATGGGATTTAGTTGCAATGGAGCTCTGTTTTAGTTTCTGGCAACTGCCATAACAGGAGAACACAGTAACAGGCTAGGCCAGATGCCCTTCAGCATCCGAATCAATTCATCAAATTACAGCAGAGAAGCAAGAGTCAAAGCTGCCAGTTCAGGGAATAAATCTATGAATACCCTAAGACCAATGGCCATTTAATAAATGTAGAGA,N,no,no,N,0
chr22,44643819,44644050,AAAAAAAAAGCAGCTACTCATCGAGATGCAAGACTTCAAACTATAGTTAATAACAATGAAAGTTGGCCAGCTCTTATGGACTGTCTCTGAGTAATAGCCCATAGTCTATCCGAGTAATACATTTTTTCATATCGAGTCGTCTTTTTGGTTTGTTAGTTTTCTTTTTTCTTTTCTTTTTCTTTGTTTAGGTTTTCTTTTCACTCACTCTTTTAAACTAGCAGCATTGTTTTTT,N,no,no,N,0
chr17,66297601,66297899,TAGAGATAGGGTTTCACCATGTTGCCCAGGCTGGTCTTGAACTCCTGAACTCAGGCAATTTGCCCACTTCGGCCTCCCAAAGTGCTAGGATTATAGGCATGAGCCACCGCGCCCGGCAGATTTGAAATTTTCAAAGAATTCAAGCATTATGGCTTTGGCTAAAAAGCAATTCATTTATTATTTATTTAGATATGAGGTCTCATTCTGTCACCTAGGCTGGAGTGCAGAGGTACAATCTTGGCTCCTGTAGCCTCAATCTCCTAGGCTCAAGGAATTCTCCTGCCTCAGCCCTCCTGAGT,"[[66297661, ""C"", [""T""]]]",yes,no,C->T,1
chr15,31733149,31733452,CACTCCATTTCCTTACATCTTAACTCAATGGATTGCTGTGAGGGTGAACTGAGACAAACACAAAGGGCTGAGAACAGAGCCCAGCTCAGAGCAAATCTAACCAGATGACACTGACATCTGTCACCATTACCTCCCCTGAGTTTGGTCAACTCTGGCTCTTTCCGACCCTCCACCAACACCCCCTCCTTTACCAGACTCACCGTGGGCCCCACTCACTATCTGAGCAACTGTAGGATTTGTGAATAAGCTGTTTCTTCTGCCTGGGTGTTCTTTCCACCCTCTACCTCCTCTACCCCAACATTCA,N,no,no,N,0
chr1,68401553,68401865,TGCATCACTTAATATTGAGGATAGATTCTGAGAAATGTATTGGGTGATTTTATCATGGTGTGAATGTCATAGAGTGTACTTACACAAACCTGGATGGTATAGCCTACTATACATGTAGGCTGTAGTCTACAAACCTGTATAGCAAGTTTCTGTAGTGACCTACTGTAGGCGATTGTCACACAATGGCAAGTATTTGTGTATGTAAACATATGTATACATAGAAAAGGGACAGTAAAATACGATATAATCTTATGAGGCCACCATCGTGTATGCTGACTGAAACGTTGTTATGCAGCACATGACTATATATAAA,N,no,no,N,0
chr20,23663311,23663568,CTGCCCATGCATTCTCTTCAGTGCCCTAGTCCCTGCTGTCTCACACCCCGTTTCTCTGCTCCAAGGAACAGTACAGGGTGTGGACGCTGGTGAAACACATCCGTAGTAACCAGCTGGCCTGTAGCTTCATGGTACTGTGGCTTGGCTGGAAGTCCATGCTAGGATGGGAAGCATGAGCCGGGACTTTCCAACAAGCTGAGCACATAGGCCTGTGTGTGCTGGGTGGGGCTGGGGTCTCAGTGCTGAGGCAGCACTTTG,"[[23663347, ""C"", [""T""]], [23663515, ""C"", [""T""]]]",yes,yes,C->T,2
chr7,48431742,48431980,TATAGTCTTCTTTCCTTCTTGTATTCTTCCTGGTCTTTTTAGACAGTGCTGGCACTATACCTGATGAAGCAGTTTTCACAAACACTTTGTGAAACCTTCTTAGGTTTCAATAATATTCATCCATTAGACAAAAGCCAGGTGTTTTTGAAATAACCTCTTCTGTATTTTTTGGCTTCTACATAGATGGCAGAGGGGACCACACCACAAAGCTTCCTAGAGGTCCTCTGGTTTGGTTGAGT,"[[48431819, ""G"", [""A""]]]",yes,no,G->A,1
chr13,42658828,42659189,TCTAACCTAAGGTCCCATTACATGGAGCTTCCCTCAGTTACCAGAGCTTGCCCAACTCTCAAATTGAGTATTTTGTGTTTATTCTTTCCTTAAATGTCCCCACACTTCCTGTCTAGTTAATTCTATTATTTTATAATTCTCAGTGGAGACATCACCAACTGTGAGAAGCCTCCTTTGAAAGCCTCGTTGCCAGTCTAGATGGGGAAGCCTACATGCTTCCAAGCAGCCTGTGCTCTCCTCTCCCATAGCACAAGTCACTGAGTCTGTCTGTTCCTCATCAGGCTCAAAGTGCTTTGAGGGGCAGGTACCAATTATTTCATCTTGTATTCATTTGAGCCTAGCACAGTGTCCCCAAGCATTCA,"[[42658839, ""A"", [""G""]], [42658860, ""T"", [""C""]]]",yes,yes,T->C,2
chr14,62730311,62730650,TTACTAAAGCCAAAATAAAGTAGCTGCTACAGCATATTTATTTAATTTCAAGCATTGCCTTAGAAAGTAGAGATTTCTGTAGATATTATTATCCTACCTCCTTGGATAGCTATGAAGGAAATGGTTGAAAGAGAACAAAATCAATAATTTTACAGCAGTAAGGCCCACCATGGATCAATTACTACAATCAATAACATACTAATCAATTTGCATGACTCACATTCCTCTTCTTTAGTTTCCTTCTGTTACTCTTCACTATATGAAAAGAGATATCTCTCCAGATTCTTTTATCTTGTTTGATATTAGCAGAAGCAAGAAACCTCTTTCCTCATCTATCAAG,N,no,no,N,0
chr11,111128505,111128784,ACATAGTAGAAGCTCAGTAAAATGGCTATTGAATAACTGAATGAATGGACAAATCAATCAAACAAAGCATATTTTTATGCAGCCTATAATTAATTACATCATTTCAGCAGACATGTCTGCCAGGCCTCCAACATCTTTTGAATTGGCTACAGATGAAAATGTTGAAACTGGACCTCACTTCCTAGCAGCTCCTCTTTTCATAGCCAAATAGTCTCCATGCCTGTTTGTTTATGTATCACAGATGCCCATAGAACAGATAGCACAGAAATGATTTAAATCC,"[[111128554, ""T"", [""C""]], [111128704, ""G"", [""A""]]]",yes,yes,T->C,2
chr5,15183591,15183867,TTTCATTGGAAAGGTAAAACACTCTACCTAGAAAATGATTGTTGGAAAATCAAATATGAAATCTGAATTATTTGCAAACCAGAAAGCTCAAGATCTGGCTCTCACCACTAGTTTAACTCTGCCCCCTTGTGTGTACAGGATGCATTGAGATGGGGCCAATAAGCTTCCTAGAAAACAAGGCAAGTCCAGTGTCTCTCCTTAAAGGATTTGATTAAAATCTCCTGGAAAAATCATTTACAATTTCTATATCTTATAGAATAATTTTATAAGGTATTCA,N,no,no,N,0
chr12,104197302,104197649,TGAATTTGCTGAGACTTGTTTTGTGATCCAACATATGATCTGCCCTGCAGAATGTTCCATGTGTTAATGAAAAAAAAAGTGTATTCTGCAAGAGTTGGATACAGTGCTCTCTAAACATCAGTTAGGGACATTTGGTCTAGAGTTTGGTTTAACTCCAGTGTTTCTTGGCTCATTTTCTGCCTCGATAATCTGTTAACTACTGGAACTGGGATGTTGAAATCCCTTACTCATTGTATTGCAGTCTATCTCTCCCTTTAGTTCTATTAATATTTGCTTTATATATTTTGCTCCTCCAATGTTGGGTACATACGTATTTACAGTTATTATATCCTCCTGCTAAATTGACCC,"[[104197310, ""T"", [""C""]]]",yes,no,T->C,1
chr2,183162439,183162701,AGCTTCCCAGTTAGCTGGGACTACAGGCGTGTGCCACCATGCCTGGCTAATTTTTGTATTTTTAGTAGAGACGGGATTTCACCATGTTGGCCAGGTTGATATTGAACTCTTGAACTCAAGTGATTCACCTACCACGGCCTCCTAAAGAGCTGGGAAGTATTACTAAGTAATACTAAGGAATGTACTGGCATGAATGAAGATTCATTTATAAAGTATATTTTCATCTGAAAACTTTTACATTGAAGTCTTTTTCTTCCAGTTTA,"[[183162448, ""A"", [""G""]]]",yes,no,A->G,1
chr3,126038758,126039250,TGTAATGGGAGAAGAATAAGATATTTGGTAGGCCAGGGAAAGAATGATCTGGTTTGGATATTTATCCCTTCCAAATCTCATGTTGAAATGTGATCCCCAGTGTTGGAGGTGGGGCCTGGTGGGAGGTGTTTGGGTCATGGGGGTGGATCCTTCATGATTGGCTGGGTGCCCTCCTCATGGTAATGAGTGAGTTCTTGCTCTGAGTTCACATGGGAGCTGATTAAGAGTTTAGCACCTCCTCCCTCCCTCTCGCTCCGTCTCTCACCATGTGACACACTGGCTCCCCTTCAGCTTCCACAATAATTGGAAGCTTCCTAAAGCCCTCACCAGAAGCAGATGCTGGCACCATGCTTCCTGTTCAGCCTGCAGCACTATATGCCAAATAAACCTCTTTTCTTTATAAATTACCCAGTCTCAAGTATTCCTTTAGAGCAACACAAATGGGCTAACACAGTCACCAAACTAAAAATTGAACACTGGTACAACACTAATA,N,no,no,N,0
chr1,224298969,224299383,GTTAAAATGAAAAAAATTGAAGAAAATTATCTAGATTTACAATCTAAATCATTTTACTCAATCAGTTACTCAACGGTTAGGAGTGACAGTGATTATGCTAAGTAAGGCTGTCAGCGTCGCTTAAGGCATCTCAAAACCATGGGAACAACCACATCTTAAAGGGAAAGATATTTAGCTTATCGCTAGCTGGATCTCTTCCCTAATCATCCTTATGACAATGTTTGCAAAAGACGCCTATGACTGCTAGATATATTACCCAGTTACAAAGGAGTAAAATTACAGAGGCCAAAAGCACCAGAAAACAAGCACATCAGTACTTGTCAGTGACCTGGAAAGTTGAATGGGGGAAAAAAAAGAATAAATGATGGTCATCAGAATGTGGCCTAAAGAAAGCATAGTTTTCAACCAAGTATCA,"[[224299042, ""T"", [""C""]]]",yes,no,T->C,1
chr18,26771519,26771860,CGGTGCACATATGGCAGACCCAGTGCTGTCATAAAGAATTCAGTGATCCCAGAACTGATTTATTTTATTTTGTTTTTAAATCTGAAGACCAGGTTCTTTTGAGGTATTAAGTTCTGGGCACCAGCGTTTGCAGATATATCACTGCTCAGGGCAGAAATGCCTTCCTGTGCAGGGAAACCTCCCAAGAAGAGTGAGCCTCCTCTCCTCCTGCTGGTGAGACCAGAGAAGTGTTTCTAACATTGTTGAAATGAAGCAAAGTTATCCTTCTTTTGACCCTGCTGTAGCATCTGGGGTCATCTTTTTGTTTACTGTGTATTTGTTTTTGACCTTCAGAAGGTCCTG,N,no,no,N,0
chr7,52546415,52546809,ATAGTATCTTGTGTTCCTCTACCTTATGAATTACTTTTTTTTTTTTTAAGATGATATCTCCCTGAGACACCCAGGCTGGGCATAATGGCATGATCTCAGCTCACTGCAACCTCTGCCTCCTGGGTTCAAGCGATTCTCCTGCCTCAGTCTCCTGAGTAGCTGGGACTACAGGTGCATGTACTTTCTATATAAGATCATGTTACTTGTGAATACAGGTCATTTCGTGTCTTCCTTTACCATGTGGATGCCTTTTGTTTCGTTTTCCTGTCCTGGTGCCCTGACTGAAACCTCCAGTTCAATGTTAAAAAGAAGAGGTGAGAGTGGGCATATTGTATTTTTTGTGACATTAGAATAAATTAATAGAGTTTTTCACCATTAAGTATGATGGTAGTTGA,"[[52546505, ""C"", [""T""]]]",yes,no,C->T,1
chr14,37021400,37021840,ACCTCTTCATTTTATGGTGAAAAATAAAAAGTTAAAAGACAATTGCTCTGATCAATAATATATTCTATTTTTACGAAACATAGCCCCTAACCCTCCTCTTCCCCTCCTCTATTTCTTCAGTAATTTACAACTCTGCTATGTAATGTCTCTCTTGGGAGCAAAGAATCCCATTACAGATGATTCTTCTGTGCAGACTTCAGCTCTGTAAATCAACAGGCTGAGCTCTCTAACAGATTTTAAATCCCTGCTTGAGTTAGGTTGGTTCAACTTGTAAACTGGTCTGAAAGTTGGGGGCAGGGGAGGAAGGAGAGTTTGGTATCAGAATAAGTTTCAGGAAAAGAGCTTATAACACAATTTTTGTTTTTGTTGTCTTCCCCAGTAACTATTGTGCATTGATGTAGAACAGGGGAGTTCTAGAAATAGCAGGGATTGAAAAAAGTA,"[[37021485, ""A"", [""C""]]]",yes,no,A->C,1
chr5,160061821,160062101,CTGGGGGAAACACCTGCAAGGGAAAATGGGGCTGGGAGCTGGAGGCCGTTGGCAGAGTTGGCAGACCCCTGTGGAGGAGGAAAGGCCGGGGGAGGGGGGACGTTTTCCACTGGAGTGTGGTGCTGAGAAAGTTTCAGCAAAGCCATTGGGGAGCCAGTGCTGCCCCTCAGACGAGTCCCTCCCATGCTCAGGCATTGGCTGGAAGCAGCAGGTGGGAAGGGTGGCCTCTGCATGAATGTGCTGATGGATTTTAGAGTGCAGCCACTCTGTCCCCTGCATTT,"[[160061867, ""T"", [""C""]], [160061915, ""C"", [""G""]], [160061921, ""A"", [""C""]]]",yes,yes,C->G,3
chr12,67091189,67091638,TAGATGATGTGGTCTCCTAGGAGTCTGATGTCACATGCAACCACACCGATCCTGGCAGTAGAAACCACTCAGTAATAGTGGAGATGGAATTTGTATGTTGCTTAGTGTTGAAGACCTGTTGCTTTTCCATTGCACACTCTGCCTCCCAGCTCATTGAGCTGACTTGGCATATGGGAGAGTCCTTGGGCAAGCAGCTCTGTTCTCTCCTCTTGGTGGTGTTCTCATCTTGGCATCCCTCCCAATCCCTGTTAAATGCTAATCCTTTGCTTAGGCAGCAGCAGAAGAGAGCCAATATGACACAGAAGAAAGAAGAGGGAAGAGCCAGTGGGAAAGTCTTGGACTCCGGAGGCAAACTCACCTGGCTCAAATCCTGGTTTTATTTCTTCCCAGCTCGCCATCTTCTGGCAAATTTCCTGATTTCAGAGGGTTTGTTTTATTGTCTGTAAAATA,N,no,no,N,0
chr3,6592129,6592399,CTTCTCCAAAGAAGACATTTATGCAGCCAACAGACACATGAAAAAATGCTCATCATCACTGGCCATCAGAGAAATGCAAATCAAAACCACAATGAGATACCATCTCACACCAGTTAGAATGGCGATCATTAAAGAGTCAGAGGATGTGGAGAAATAGGAACACTTTTACACTGTTGGTGGGACTGTAAACTAGGTCAACCATTGTGGAAGATAGTGTGGTGATTCCTCAAGGATTAGAACTAGAAATACCATTTAACCCAGCCATCCCATT,"[[6592340, ""C"", [""T""]]]",yes,no,C->T,1
chr14,26339412,26339738,AGGGAAAATCATGCCAACTGGGAGAAAGCTTTATTTCAAGGTTGAAGGCATGAAATAAGCACTAAGAAGACAATTGTACACCTGTTTTCAAGAGTAAAAAGGCATCTCAAATCTGCTTTGCTTTCGAAAATTTGGCCAAGGAGTGTATTTCAAAGGCCCAATAGCCCATAACATTATTCCCAGGGCTCTGTGCTCTCTGCCTAATTGGGCTTCCACACATTTGCATAAGCATGATACTTCATGATTAATGCATAAGACCCAGCATGGAGCCCTATATCAATTCATCTGTGGAGGCTTTTCCCCCAACTGAAAACAATCACTGTGCCT,"[[26339448, ""T"", [""C""]]]",yes,no,T->C,1
chr1,170776858,170777167,CAATGTGCAGAGAATCACTTCTATAACCATGACAAAGGAAGGAAAAAAAAATTCTGCGGAACTTCAACTAAATTGGAATTGATATTTGTTGCTGAGCCTGGGGACTTGCCTCTTGGCAGAAGTCGGTTTTTCACATTTGGTTGCAAAAGTCTAATGACATGAAGCAACAGCTGGCCTTGTAATTCCTAATAGACTGCATCTGCTCCTGATATTTGAGAGTGACCATGACAGCATTCCCAATAGGGATCTCACCAAGCCTCAGAAGATACCCTTGTCCTTTCTGAAAATCATATATGTCCTTGTGCATACA,"[[170776895, ""A"", [""G""]], [170777021, ""A"", [""G""]]]",yes,yes,A->G,2
chr5,158549283,158549720,CTAATTGAGTCCTACCCACAATCCAAGAGTATATGGCTCTCCCCATTTAAAGATGAGGAAGCTGAGGCTCAGAGCAGTTAAGTAGTCCAGGGTCACACAGTTGATAAGTTGCAAAGCAAGGATTTAGCTCCAAAGACTTTGTTCTATAAAATGCTGGATGAGGGACTTGTTGCAGAGGCATGGGTTTCATGAGTCAGTGATGTCATTCGACCCCTGACCTAGAGTTGTTCAATATGAAAACCAATGCTTCAAGGGAGTTGTACTAGACAACCTCATCCAGAAGGAATTTTTGCTCTTTTCAGTCTAGGTACATTCCCCTAGTCCATCTGATTTGGCTTTCTGCTGAAACCTGGGCAACTGTTTGGTATATAACAATCGGTACTTTTCCACTAAGAGTCGGCCCTACGTCCTAACAGGAGAGGCACAAGCTGGACTGCC,N,no,no,N,0
chr19,16951486,16951862,TCTAGGTTGCTATTATGCTATAAGGGCTGAGTTGAGTCGCTGCCACAGGGATTGTGTGGCTGGCAAAGACAGAAATATTTCCTATCTGGCCCTTTACAGAGAAAGCTCCATGCTATCATATATGATACCAGTCCAGGCACGCCCTTGCTAGGCCAGGGAGTCAGGGACAACAGCTCCACTTACACCAAGTCCCTCTCACTCACACACATGCGTCCCCACCTCCTCCTCACCCGGCTTTGACGGTTGGTGAATCAGAGGCTGATCTCATCCCACTCCTGCCTCCCTGACAGCACAGATGACGCATCCTCCCCAAAGCCCCCCAGGCTGAGCCCACCCATCCCTGCCTCCTCAACATCATAGAGGCTCTCGCCCTCCTA,"[[16951497, ""T"", [""A""]]]",yes,no,T->A,1
chr10,58440569,58440924,TTTCACATCCTGGCAACCACTTCCTTATGACTCTCTGTGATCTCTACACCTTGCCCACCCCACTCTCCTCCTTGAGCAACTACTGATCTTTTTGTCACTATAGATTAGTTTGGAATTCCCAGAGTTTAATGTTAGTTGAATCACACAGTGTGTACTCTCACCCAAACTTCTTTCATTCAGTATAAGTAGTTCATGATTCACCCATGTGTCATTCAATAGTTCATTCATTTTGGATCAGTATTGTGAATCAATATTCCATTGTATGGATATACCACAATTTGTTTATATATTCACCTTTTGATGAACATTTGAGTTGTTTTACATTTTGGCTATTAAATATAAAGCTGCTATAAAAA,"[[58440652, ""C"", [""T""]]]",yes,no,C->T,1
chr15,35279825,35280256,TTCATATGTTGAAGCCCTAACCCTCAACGTGACTGTATTTGGAGTCAGCTTTTAGAAAGAAATTAAGGTTAAATGAAGTCATAAAGCTAATCCAATAGGACTGATGACCTTATATGAAGAGAATGAGGGAGTAATCTCTTTCCCCACACACATGTACCAGGGAAAGGCCATATGAGGACACAGTGAGAAGACAGAGCCCTCATCAGAAACCAAATTGGCTGGCACCTTGATCTTAGACTTCCCAGCCTCCAGAACTGTGAGAAATAAATTTCTGTCCTTTGAGTCACCCAGTCTATAGTATTTTGTAATGGCAGCCCAAGCAGACTAATACAATAACATAAATCTTTCCTATCATTATTATTCTGATTTTGGTTCCTGGGTCTAGTTCCAATTCATAGTAGCCTTCTGAGGGCTAGACAGTTTCTACTTTGA,N,no,no,N,0
chr3,48765375,48765699,AGTAAATGCCTATATACAGGAACATCTATGGTTTAATTAACTGGCCAAAGCAAATATTAGAGGAATATGTAAGTTACTGTGTTAATTAAGTGTTTAATGATACTTCAATCTTGAGTCATCACTGGAAGTAAAGGACCTATAGCCTGAGCCAGCCAGATGCCCACATGCTGTTGCTTGCTATCTAGCACTCAATAGGTGCCACCTATGGGTCATAAATAGAACCCAAAACAGAAAACACCTAAACATTTATGAGCTCACTGTCACTGTTCAATATCAAAAAAGACACCTCTAGTGAGCCGAGATCATGTCACTGCACTCCAGCCTG,N,no,no,N,0
chr12,123393680,123394129,TAGGTGCACACCACCACGCCTGGCTAATGTTTTTACATTTTTAGTAGAGATGGGGTTTTACCATCTTGGCCAGGCTGGTCTCGAACTCTTGACCTCAGGGGAGCCACCCTGCCCAGCCCTTCATTCCTTTTTATGGCTGGATAATACTCCCTTTTGTGGATAGGCCACATTTTGTTTATTCATCTGTTGATGGACATTTGGGTTGTTTCCACTTTTTGGCTATTACAAATAAACTGTTACGTTCCTGCATAGATTTTTTTGGGGACATATGTTTTTAATTTTCTGGAATAGATGCCTAGGAGTGAAATTGCTGGGTCATATGGTAACTCTGTGTTTAACTTTTTGGGAAAATGTCAAACTGTTTCTAAAGTGGCTGCACCATTTTATATCTGTGAGCAGCGTACTATTTACTTAATTTTTTTTTCTTTTTTTTTTTTTTTTTGAGACAGA,"[[123393684, ""C"", [""T""]], [123393715, ""T"", [""C""]], [123393960, ""C"", [""T""]]]",yes,yes,C->T,3
chr1,13043965,13044274,AGCTGTCAGACAGGGACATTTAAGTCTACAGAGGATTCTGCTGCCTTTTGTTTGGCAATGCCCTGCCCCCAGAAATGGAGTCTGTGGAGGCAGGCAGGCCTCCTTGAGCTGCAGTGGGCTCCACCCAGTTCCAGCTTCCTGGCTGCTTTGTTTACCTACTCAAGCCTCAACAATGGCAGGCTCCCCTCCCCCAGCCTTGCTGCCGCCTTGCAGTTTGATCTCAGACTGCTGTGCTAGCAATGAGTGAGGCTCCGTGGGCATAGGACCTTTTGAGCCAGACACGGGATATAATCTCCTGGTGTGCCATTTG,N,no,no,N,0
chrX,30951027,30951407,GAACTGAAGAGCTGCAAGAGACATATTATACTCTCACTGTGGTGCAGCACAAATGGAAAACTCAAGGTGAAAAAAAGGAAACATTGAGAAAGTAACCTCTAGCAAACCTGGCCCACACCCTAAACACTAGATATCACAGAGGAATTTGAAGCCTTTGTTTTACCAAGGGTATCCATAGCAACAATAAATCTCACACCCTGACTAGGTTAACACAAACCTTCATGCTGAAGGCTTAGTAGAAGAAAAGGCATGCTCAGCTCCAAGTGTAAAAATATTTACCTCACTATTTACTGTCCTGTGTGAAATATAGGCTTTGAGCAAAAATATGAAGCATGCCCCCAGAAGGCAAGAACACCTTCCCAAGAGACAAAGCAATCATCA,N,no,no,N,0
chr20,45279964,45280364,CACCAGTATTGTAGCTTCAAGTACTGCTGAATGCTGATGACTCCCATATTTGTATCTCCAGCCCAGCCCTCTCACCTAAACTCCAAACTCTTATATCCAACTGACTTCCTAATGTCTCAACATAGATGCCTCATATACATCTCAAATTTAGCAGATCTAAAACTGCATTCCTGAGCCTCAATTTTTTTGAGGCTCATTTGCCTCACCTGAGGTGATCTCACCTGCCAAAACTGCCTTGCCTATCCCATCTCAGTTGATGATGACATCATCCTTTTAGTCACTCCGACCAAAAATCCTGACATCATCTTTGACTCCTCACTTACTTTTACACTCCATATCCAATCCATTAGGAAATCTAATTCATCCTACCTTCAAAATGTGATTATAAAATTATATATGAA,"[[45279973, ""C"", [""T""]]]",yes,no,C->T,1
chr4,7601837,7602070,CCCTGAGTATGTGAGATTAGGGAGCGGTGATGACTCTTAACGAGCATGCTGCCTTCAAGCATCTGTTTAACAAAGCACATCTTGCACCGCCCTTAATCCATCTAACCCTGAGTGGACACAGCACATGTTTCAGAGAGCACGGGGTTGGGGGTAAGGCCATAGATTAACAGCATCCCAAGGCAGAAGAATTTTTCTTAGTACAGAACAAAATGGAGTCTCCCATGTCTACTTCTT,N,no,no,N,0
chr3,132522323,132522752,TAAATCCTTTCTGGAAAAAGACACAGTGTAACATAAAACATGCAGCAAAATAAATGCACTAGAAAATACTTGTAACACAGAGGTAGAATGAGAAAAATTAGTTTGTGTGGGCAGGGGCTATAAAAGAGAGTTGGAAGGGACAAGCCTGGCTAAGGGCATTCTGCATATTGTAAGGCAAGACCTATGAGGTGTGCTCTGGGAACTTTACCATACTAGTGATACGGAGGCAGGGGGTGAAAATGAAACTTTTTTGGTCACCATGGCAGAACAGAGAAAATGAAACTTGATAGGTAAGTAGGTTCAGGTCGTACTGAGTCTTATTTAAAGGTACCTTTGCATAAACCGAGGATTATCTTTTTCACTCCAGAACTTTTAGGTAATGGTTATGGCCCACATAAGTCATAACACAAATTATGTTGATATTCTATCT,"[[132522398, ""G"", [""C""]]]",yes,no,G->C,1
chr7,11203768,11204113,TGTTCTTTGGCTATTTCATGAGAAGGACATGCCCAGGCCAGCTCTCAGGTCCCAGGATGGGATAAGGGGCATGTGGAGCAGAGCCACCCAGCTTGGTCCAGGCTGCAGATGCTGACCCCCAGCTCACCCTAATTGCATGAGCGAGCTCAGCCAAGATCATCAGAGCTGCACAGCTGAGCCCAGCTGCCACTCATGTGACACCCAGACCAGGGAAAATAAATGATTGTTGTTTTTAGCCGCTGAGTTGTAAACCTAGAATTTTTGAGGCAATAGTTAATTGATACAAACTAAGTCTCAGGTTTGTGACTTCCTAGCTACCTGACCTTGGGGGAGGTACCTACCCATC,"[[11203834, ""A"", [""G""]]]",yes,no,A->G,1
chr22,37137034,37137530,CCTCACTATCCCAGACCCTGTCACTACATCTGCTGACTGACTGCCTGCCTGCCCTGCCCCAGTCTGAGATTCCTGAGAGTGGAAGTTTGCTGAGCTCACCCTCCGCTCTCTCCCCATCATTCAGCGCATAGTAGGTGCTCAGCAAATATTTATTGAGTGAGCAGTTGAGTGAATGAAGAAATGAGTGTAAGTGAATGAATAAGCAACAGGCCCGCACGGATGTGGAGCAGATGGGCTTTGACACGTGGAGGGTTGGCTTCCCTGGCCTCTGAAAGCCCATGGGGCTGGGCAGCTGCCTATCTCCTGGCTTTCTGAATCTTTCCCTGGTGTCAGCCTGGAACCTGCTGCCAGCTGGATCCCCAGGATTAAGGGGGCTAGATAAGGACGTGGAAGTCGGGGAGGCAGCCCCAGGCAGTGCAGAAAGAGCACTGGACTCAGCCACCCACCATCCACCTGGGGCTGAGGGGACCTCGACACAATGAAAAAGGGACAGGACA,"[[37137056, ""G"", [""A""]]]",yes,no,G->A,1
chr1,145151509,145151899,CCATTTGTTTGTGTTGTCTATTATTTCTTTCATCAGTGTTTTGTAGTTCTCCCAGTAGAGATCTTTCACCTCCTTGGTTAAATATATTCCTAGGTGTTTTGTTTATTTGTGTGTGTGTGTGTGTGTGTGTGTGTGTGTGTGTGGCTATTTTAAATGGGATTAAGTTCTTGACTTGGCTGTCAGCTTGAGCATTTTTAGTGTATAGAAATGCTACTGATTTTTGTATGCTCATGTTGTAACCTGAAACTTTACTGAACTTGTTTTTCAAGTCTAGGAGTATTTTGGAGGAATCTTTAGAGGTTTCTAGATGGAGGATCATGTCTTTGGTGAACAGAGATAATTTGACTTCCCTTTTTCCTATTTGGATTGCTTTTATTTCTCCTGACTGATT,N,no,no,N,0
chr1,30659145,30659476,CGCAGATGTCCCCAGGGAGGACAAGGAGGAGGAGGCAAAGATGTCCATCTCCAGTGAGGAGGAGGAAGAGGGGGCACAGATGTCCCCAGGAGGACCCCAGGAAGAGGGTGCACAGATGTCCCCAGTAAGAGGCAGGAGGAGGGAACCCAGAAGTCCCTAGAGAGGAATTGATGCTGTTTCCACAATGAAACTGGCCCAAGGTGAAATGCTCTAACCAGACACCAGTTCGTTTGAAACAGATTCTCATTACAAAGCTCATCAAGAAATATTTCAATCTGGAAATCGATGGGAGCTCATGGAAAGAATTACTTGCTGAATAATGAAGAAGGACA,"[[30659146, ""A"", [""G""]]]",yes,no,A->G,1
chr2,207465962,207466236,AACAGAACAAAGTTTGGGAGGAGAACAGAAAGTGTCTTCTCTCAAGCTATAAATCACAGAAATTGAATTAGATCATCTCAAATTGAGGGACAAAAAGCCAGTTATAGATCCATTTCATGACACTGCCTGACATGGATTCCATTTGTGACTCACTGAGTAGCATTACTTATTCTGAGTGCTCCTCTGACAATGCAGGCACTTAACATGAAGACATGTGTAACATTACAGGAGGAAAATAGAAAGAGCAAAACCCCACAATTTGCCCGGAAAGCAAA,"[[207465985, ""G"", [""A""]]]",yes,no,G->A,1
chr10,77231901,77232289,TCACCTCAAAAAGAAGCCCTGTAGCCTTCAGCTATCAACCCCCAATCTCCCCACAAGCAAGGAGTCAGTAATTTATTCTCTGACTCTATATATTTGCCTATTCTTGACATTTTACACAAGTGAAGTCATATACTGTGTGATCTTTTGTGACTAGTTTCTTCCACTTAGCATAATGCTTTCAAGGTACACATATGTTGTGGCATGTTTCAGTTCTCCATTCCTTTTTATAGCCAAATGGTATTCCACTGCATAAGCACATCACATTTTGTTAATCCAGTCATCTGTTGATGGGCATTTAGATTGTTTCGCTGTTATGAATGTTCAAGCGCAAGTTTTGTGTGGACATGTATTTTCATTTCTGTTGGGTAAATACCTAGGAGTGGAATGTA,"[[77231973, ""C"", [""T""]]]",yes,no,C->T,1
chr8,130922352,130922725,TGCGGCCTTCCGCAGTGTTTGTGTCCCTGGGTACTTGAGATTAGGGAGTGGTGATGACTCTTAACGAGCATGCTGCCTTCAAGCATCTGTTTAACAAAGCACATCTTGCACCGCCCTTAATCTGTTTAACCCTGAGTGGACACAGCACATGTTTCAGAGAGCACAGGGTTGGGGGTAAGGTCACAGATCAACAGGATCCCAAGGCAGAAGAATTTTTCTTAGTACAGAACAAAATGAAAAGTCTCCCATGTCTACCTCTTTCTACACAGACACGGCAACCATCCGATTTCTCAATCTTTTCCCCACCTTCCCCCCTTTCTATTCCACAAAACCGCCATTGTCATCATGGCCCATTCTCAATGAGCTGTTGGGTA,"[[130922704, ""G"", [""A""]]]",yes,no,G->A,1
chr5,71443956,71444437,TGCCTCTTTCTGTTTATCAAGTTTGCTTAAAAAAAAAAAAAAAAAGAAGCCAAAGACCCAGGGACAATCACTGTAGTCAACACATTCTTCTCTCAATTATCTTTAATTCTATTGAGAAATCATCTCCCCAGGGAAAAGAGATAGACGTCTCAGAACAAGAGAAGTAGATAAAAGTCTTCAGGCTTTAGCTACAAACATACTGGTAGCCAAGTACACATCAGCCTTTGGGAACCTTGAAAATAGTTTACTCCTCTGGAAGAAGCAGTAACATCGACATCAGCCTGAAAAGCTCTCCAGAGAATTTCAGAATGATAGCCAATTATTAGAAAGTGTTCTGACATCTTTATAAAATGTCCCATCTCAAGAGATCCATAGAAGAAAAGGGAAGTCAGCACTTCAGGAAATACGAGTGCTCACTCTGAAAAGCACACTTGAGATACCATTATAAATCTTTATACAAAAGCAGCTAGATATTTACATTT,N,no,no,N,0
chr14,31939913,31940268,TTACTTTTTAATTCATATAGCATGATTTAGGTATAAAACAGCTTTCAGAGTATTTTTGTGGCTTTAAACCCATCAGAAAACTCATTTTTGCAGTAAAATCCTATCTTCATGGCAGATCCATTTATTCTGGGATCACACAGCTTCGGCTGATCTCCAGAGTAAGCAGAAGATACAGTAGTGACAGCTGGCAGCCTCGCTCACTTAGATTCTGTTTGTGCAACTGCTGTTAATATGGAGCCGCTAACCTAGGAAACAAATCATGGCTTGAACCAAGGTGGAGGACATGGAGCAGGGCCCTGTGGCTTTTGGAGTAGAAGTGGTCACACACGTTAACAAACAGCATGAACCCAAACTAT,"[[31939955, ""C"", [""T""]], [31940166, ""A"", [""C""]]]",yes,yes,C->T,2
chr5,39108973,39109346,TGCTTTTAAGTACCTTATAATCAAACAGGAGATTATATAAGAAATAAAAATAGAGAGCATTATAAACATGGACATTGCCTTGAAATGTAAGATATACTTCTAAAATTCAGAAATGTAGGGTGGCTTTGTCACTTAGACCAGAACTACTCTTTGCTGTACAATCTCTGTGCTTTATCATGGAAGCAGCAGCAGGCCCTTCAAACTGCTGCCAACTATGGCAGATGCTGTGAGTTCCCTATGTCTTCTGTTTGGATCTTTTCTCTGAGATGGAGGGAGGGTTTGGCTAACGGAAATCTCATCCAAATGCGAGCAGGACAGGTTTTTCTGTCACTTATACAATAAACATTTATTAAGTATTCGCTTCAATAGGTGGT,"[[39109043, ""A"", [""G""]], [39109303, ""T"", [""C""]]]",yes,yes,T->C,2
chr15,73176714,73176990,GAAAGCTGAGCCCAGAAACACTTTGGTAGCTTATGTAAGATCACATAGCAAGTCAGTGGCTTACCTAAGCCTAGAGTCTAGACTCTTACTTGAACACACTGGCACTCTGAAACACAGCTGCCACCATTTTCTGGCAGATGATTAGCACACATGTGTGTGCGTGTATGTGTGTCCCCAGTTGTCTTCACAGCTCTCTGTTCAAGAAGCAGAAATCTTTCCACACTTCTCCTTGAAGTGTGGAAAGATGATCCTTTTGAAAAACATAATATGTAAGAAT,"[[73176732, ""T"", [""C""]]]",yes,no,T->C,1
chr9,40629610,40629842,AATTGCTGTATTCTACGTGTTAGAGTGAGTTCAAAAGATCCATTGTATTACTGAATAGGCAAAAGTTTTAATTTCAGAGGATGAAACTGATATATTACTGCCACCTTGTGGATATTCTGTTATTACAGGCTATTATAAAAAGCAATGAGGGTATGTAATCTGTTCTAAGAAGAAGCATTTCCTTTTTTTGAGGTTTTTATTATTGTTATTATTACATTTTAAGTTCTGAGATA,N,no,no,N,0
chr13,98041477,98041774,TTTTGTTTTTGTTTTTATGTTTTAGTGTCAGATTTTGAAAATTCTTTATATATTACAGATATAAAGTCGTTGTCAGATACATGATTTGCAAATACTTTCTCAGTTGGTAGCGTGTCTTTTCATCCTCTTACCAGGATCTTGTGCAACACAAGACAATACAGGCTCTGTATGCTGAAAAGCACAACAAACCGATGAAATAAATCAAAGATCTAAATAAATGGAGACATCTTCTGTGCTCATGGATTGGAAGACTCAATATAGTAATGATGCCAGTTTTTCTCAAATTGATCTACAGATT,"[[98041493, ""G"", [""A""]]]",yes,no,G->A,1
chr13,36447558,36447765,TCTCCCTCTGGTTTATAAGCAAAGGGAGAAAGAGAATACCAAAAGCTACAATCCCAGCAGGAAATCTGCTGTTGGGCTGCCGTAGAACAAATGGAATTCCTTTTAATTACATAGACTGTTGCAAAGTTGCACAGTACCCAAGGCTGGGAGAGCAGCCAATCCTGGCCCTTTATCAAGCGCAGACTCAGCTAATGGAGACGGTGCATCA,"[[36447572, ""G"", [""A""]]]",yes,no,G->A,1
chr16,83713663,83713995,ATTGAGGTATCTCACATAACTGGGAGATCCAAGGGTGGATGTGGTTTTAACCAGAACTCGATCTGAGGGTTTGTGGGAAATATTCAAATTAGAACAGTTAAGAGCAGACACCAGCCAATCAAAACAGTCCATGCCAGTGACGTCAGCCCTGCATGTGCCGTCAGGGTGGGGCTATCAGGAATCTCTCTCCCTCTTGACTGCCTTCCTCATTGTCAACATTACTCTCAAAGAGGCTTTGGTCAGGTTTCAAAAGGCCAGCAGTAGCTCTGGGTCTACAGCTCCCCAGCTCTGCACCCCAGAGAAATGCCTGTCCAGTATTCTCCAAAATTCCTG,"[[83713668, ""T"", [""G""]]]",yes,no,T->G,1
chr6,132206044,132206344,TTCTTTCCCTGTTTGGGTGCCTTTTATTTCTTTCTCTTGCTTGATTGCTCTGGTTAGCATTCCAGTACTACGTTGAATGGGAGTGGTGAAAGTAGGCATTTTTGTCTCATTCCATTTCACAAAGGGAATGCTTCCACTTTTTGCCTGTTCAGCATGATGTCAGCTGTGGGTTTCTCATAAATGGCTCTTGTTATTTTGAGGTATGTTACTTTGATACCTGGTTTCTTAGGGATTTTCATCATGAAGGGATGTTGCATTTTATTGAAAGCTTTTTCCACATCTATTGAGATGATCTTTTGGT,"[[132206054, ""A"", [""G""]], [132206263, ""A"", [""G""]]]",yes,yes,A->G,2
chr14,56089706,56089909,TCTACTTAAAATATAAGATATTAGGAATCCAAGGTTTCCATTTCAAAAGCCAATTAGAAGTGGTAAGAGATTTTAATTTGGGCGGTAACACAAGGCTCATTCTAGGATTACCCTAATGAACATCTCGTTACTTTTGCTTTGAATGTGCTGTTGCAGAAAGAGTTTGGAGAAAGTGCTGGACAAGCTGTGAAGATAAAGTGTAAG,"[[56089788, ""A"", [""C""]], [56089868, ""C"", [""T""]]]",yes,yes,C->T,2
chr3,112315841,112316316,GATTTTACTTTTAAGAGGCCTCTAGAGCCTAGAAGAGGATTTATCTGTGCCTGCATATACCTCCATGAATTGGGTGAAGTCTATTCTTCTCAAAGTCCCAAAATAACTTGAGGTTCCCGGGCCTGTCAGAACATGACATTCTTTTCTTACCACAAGTCAAGAGATGTAAAAAAAATTGCATAGACAAGGTATGAGACTAGTCCTTTCAAGAGTCTTTTATCACCTTATAAAGTCAATTTTAATTCCTCAAAGTCATCTGTTTATATCTGAAAATATGCCAGCTCAGTCAAAGCCTTGGAAACATAACCAATGTCTCCAATTGTGTCCTGTTACAAAAGAAAACATATTTTTATTGAAATCATGCAAATAACTATATTGCCATAAATTAAGAATACTCTCAAATGGTTTCCACATTCTGGAGAAATCAGGTAGAGTGAAAGAAATATGATTCAAATTTTGATCACAAGAGTATAATT,"[[112315958, ""T"", [""C""]], [112316046, ""C"", [""T""]], [112316080, ""G"", [""T""]], [112316089, ""G"", [""A""]], [112316122, ""T"", [""C""]], [112316186, ""G"", [""A""]]]",yes,yes,G->T,6
chr13,47416849,47417210,ACAATCCATAAGCTTTGTTTTTTCTGTTTAGGTTATAAGTGAGGAAAGTTTGGGGAAATAGCTCTTCATCAGAGCTTCGTGTTATGGTGACCTAAGGGGATGACCTTATATGACCATGACACAAAGCTCTGATGAAGAACACATGTGCCCAGATTTAATCCTGGACTTCCCAAATTGCCAGTCTGTGGTGGAGTCTCAGCAAGTGTAGTTTTGGGGAAAAAAATGCCAGGGAATTCTGATGCTTACCCTTGATGATAAATAATTCACTTGCATAAATCCATGGATTGTAGGCCAATAACAACAAGTCATTACAACAGAATAGGTTTGGGGAGGAATGTGACTACTTTTTTGAGTCAGAATTA,N,no,no,N,0
chr2,44866114,44866432,TTACATCATATGTAGCAATCAAAAGATTACCATTCAGAATGAAGCATTACTAACAACCAAACAGGAAAATGTGTGATTCATGTAAGAAGAAACTTGGAGAGCCTAAAAACACATTTTAAAAAGCTTGGTTTCCCTAGAATCAAGGCAGCACTAATTAAATTCACAATGAGAGATCATTTCACACACATAAGATTAGCAGAAAATAAATTCTGATTGTTGAAAAGGATATTGGGAAACAGAAGTCTTGCACAATGCTGGTGGGAATGCAAATTGGCATAACCACTTTGGAGATCAACTAGGCAATATCTAGCAAAATGCA,"[[44866128, ""A"", [""G""]]]",yes,no,A->G,1
chr3,118525194,118525422,TTTTATTTATGTGCCACACACTATTGTAGATGCAGACGATATCTCAGTGAATAAAACAGATGAAACTGAAACTGGAGAGTTCCCCAACCCCACTTGCAGGGAGTGCAACAGGGGTGTGCCTTGTCTGTTCAGCTGCTGTGCATGCTCAAACCCCTTACAGGAGGGGGAGCATGCAGACAGGCAAGTGCAAGAGCCAGGCTGAGTTTAGGGGTGGGTGCCTATGACTCCT,"[[118525324, ""G"", [""A""]], [118525372, ""G"", [""A""]]]",yes,yes,G->A,2
chr17,39566130,39566498,ATCAGTTAAAGTAATATGTGAAAGAAAATATGCTGCAAACTGTCACATTTAACTAAAATATTTTAAGTTCTGGAAAAGGTCTGATTGCTAGGGAGAGGGAGGCATCATGAATCCAGCCCAGCCCTGGGCTTAAGAATGTCCCTTCCCACAGCTGTCACGGCCTCTGGTCTTCCATTAGTTTGTTGGCAAGAGGGGTATGACTCTGCTCTCTGGTCATTAGGGCAAGGAGCTATAAAAATCAAAATCAAACACCAAGCAGTCTAGGGAGAGTCGTGCAGTGTTGTCCCTATCATTTTTCTCACCTCAGACCCAACCTCTGGCCTCTAGTTTTCGGCTGCCAAGACAGCAGCCCTACTGACACCCCACCCT,"[[39566262, ""G"", [""A""]], [39566485, ""C"", [""T""]]]",yes,yes,G->A,2
chr14,87669677,87669964,TCTCTCCCTCTCCCCATTTCTCTAATTTTTCTACAAAGGTCCCAAAGAACTCTTGTTAATTTGTGAATCTGTTTAGCATTGGCTGTCACAGAGCACAGCTCCAGGTGGCATCTGTGTGAATGATGTCCCTAGAGTGGTGTGGCAGGGAGCTACCACTGGACATCAAAGGGCTTTTGGAAAACCCAAGTGACAATATAGCAGTGCTGGTTAGCCTTATTTTGCCTAGTTTGGATTTCTGTAGACATATTGAGTAAGCTCTTTCTCTTTTTTCTGAAACTATCTCTGACC,"[[87669709, ""G"", [""A""]]]",yes,no,G->A,1
chr10,34094989,34095239,TAAAAAAGCACAATAAGATTCAAGAAAATGCAGATAGATTGCTAAATGAAATTAGAAAAATGATGTGTGAACAAAATGAGAAGTTTAATAAGGAAATAGAAACCATAAAAAGGAACCAAACAAATCCTGGAGCTGAAGAATATAGTGACAGATCTGAGAACTTCAATAGAGAGCTTCAAGTGCAGATAAAATCATGCAGAAGAAAAAATTAGCAAACTCAAATATGGGTCATTTGAAATTAGCCAATTAGA,"[[34094993, ""G"", [""A""]]]",yes,no,G->A,1
chr7,74946447,74946685,GCTGGGATTACAGGCATGAGCCACTGCACCCGGCCTATTCAATAAACATGTATTCAGTCTGTACCTACTGTTCTAGGGACTGTGGACAGAGCACTGAGCAAGATAGGAAAAAACCAGCATGCACTCTGGGTGAGTGTCAGCAGAGCCGGTCTCAGGGGGCATGAGCCATGCAATTACACACTCGGTTTCATGCTGTACGGTGGCCATTTTGAAATCCTTAATAATTTTTCAACAAGAGC,N,no,no,N,0
chr5,154505668,154505952,CCGACAGAAGTTATTGTTTTCTTATGCCTCCAATTAAACAAAAAATCCTGTCAACGGGCGACAGGCCTAATGCACAGAGGCATTAACCAGACTTGCAACCCGACCCGGGCCTGCTCCTGTGGGTAAAGCACACTCCCTCTGCAGGCCACTGTGGCAGTCTCTCTCTGGATAAAGGGCCCTGCTGAGGCACCATCACCCTACCTGGTGCACACTGTGACCCCGGCAGATGCCTCTGGGAGCAGGACCTGGTTAGCCTGTCACCATGGCAACCCTGCTGCTGCCTTG,"[[154505676, ""T"", [""A""]]]",yes,no,T->A,1
chr20,21104389,21104692,AGAGGCTGCTTCTCCTTAAAATGACTCCGGCTGCAGAGGCGGCCGCAAGCAACAGCCTTGTCCATAAACCCTCTTTAGTTACCACTAACTCACCTTGAGGGGAGTGGCCTCCTCTCAGGGCCTTTGGGCCAGGACAGAGAGGTGCGGCCCCTGGAGAAAGATGCAACCAGGTCTGCAGCCGCTGGGGGCCCAGGACGCGGGGCAGCTTCGGAGCACTTCTCCTCTGCCCCCCACCCTCCAACCCTTGACTTACTGTTTTTTTTCCTAAGAAGGGTTTTGTGTGTTCCAAATATCCTGGAATTGC,"[[21104457, ""T"", [""C""]], [21104633, ""C"", [""T""]]]",yes,yes,C->T,2
chr21,27803605,27803934,ATTGCCTACTCATACGTTATTATTACTTTTATTTTTAAAAAATTTATCTTGCATGTTTATGTTTCTAAATAAATGTTAATGGTATTTTCTCAAACTCTAGAAGGAAATATGTTTACTGGTGGCTCATTTGTGATTATGCCAAATTCACAGAATAATTTACTCATTGTTATCTTTATCATCGTGAATCATCGATCTCAGAGGTCTCTCTTTTGCCTTGCTCAAGTATTACTTTATAAGTTTAATATATTCAATAAGTATTTAAAATTCTTGGTTATTGTGATACTTTTCTTCCATTATATTATCTAGCCAATTACTTTTTGCAGAATGAAG,"[[27803620, ""C"", [""G""]]]",yes,no,C->G,1
chrX,6968269,6968626,GATAGAAATAAGGTGGGATGCAGAGACGCAAATGCAAAATTCTATTTCTATCTGATGGATCAGTGGAAGGGAAGGTTTGTGTTTAACAAGGATGTGTCCGTGCCTTTCCCAGTTTCAGGAGCAAGTGAACCATCTGGGAATCTCATGAATGTGAAAACTTTGGCCCTGTGGGTCTGGGGCAGGGGGGTGTGAGTCACTGTCTTCACTGTGGCTCAGAGTCTGTGATCTGGAGAGCTGATGGTGGGGCCGATCGTCTCTCTGCGGGAGAGTTTGGTGTCACCATCATCTCTTAAAGCTGCAGTGTGCTGGCTGAGCAGGGGTCTGTGTTTTAGGGGGTTGGAGTAATTAGTTTCCACCT,N,no,no,N,0
chr17,50419044,50419431,TCTCTCTTTCTATCTCTCTCTCTCCTTCCTTGACTCCCTCTTTGTCTCTCTCTCTTCCTCTTTCTCTCTCTGCTGGTCTTTCCTTGCCTCTGCCAGCTGCTTATGCTGCTGTTCTTTCAACCACTGTGGGGAGGTGGGGGTTCTAAAACCAGCTGTAACCAAGTGTCTATGTATGGGAACTGGTCTGGGTGCCCTGGCTGACAGGTTACCTTGTGCCATACCTTTGAAACAAGGGACCTGTCCAGGCTTCCTTCTGATGGCCAACCCACCTCTAATGCTGGCCAGACTATCTTCCACAAAGTTTTAAGTTTTCATGGTGTCATAGTACTCCATAGTCTCCCTTAAATCCTTTCTTGAAAATTTTCAACATAGTTCCTAGTGGGGTGGG,N,no,no,N,0
chr8,86750218,86750473,GATGTATAAATGTCTCTCAGGTTGAATCTACTGATGCACTTGTTAGAAATAAAAAAAAATTGCAAGCATGCCTCAGAGATACTTTAGGTTCAGTTCCAGACCACCACAATAAGGAAAACATGGCAAAAAAGTGAGTCACATGAATTTTTTAGTCCCAGTGCATATCAAAGTTATGTTTACACTATACTATGGTCTAGTTAGTGTGCAATGGCATTACGTCTAAAAAACCAGTGTACATATTTTAGTTAAAAAAATA,"[[86750302, ""C"", [""T""]]]",yes,no,C->T,1
chr14,95943726,95944065,GAGTTTTGCTCTCCAAGACTCCCTTCTGTTGGGCCCTTCTTTCCCCTCTACCTCCTCCTCTCTTTCCCTTACAGAAAGAAAGCCAGTCATTAAAAAAAAAAAGGCAGGAGGAAAAATGCCACTCTTGGCATCCTCTGGATGCCTTTCCTATCCACTGCCGTTGTCATGGTAACCTAAAGCCATTTGCCTGCCTCTTTCGGCTGTGCCTTCTCCACTGAAAGCTGAGTGTGTGGCTGGCCTTTTCCCTGCCCCCTGAAAGCTACGTTTAGAGTTCCCCAATCTATTCTTAAATTTCTCCGCAGCTCCCCATCCTCCCTGCTTTCTCTGCCTCTTACACTTG,"[[95943817, ""T"", [""A""]]]",yes,no,T->A,1
chr10,117968673,117968949,GCCTGACACCAGAGCACACACAGAATGGCCCGCGCTGTGTCCTCACCAACAGAGAGCGACACCTGCCCCGCCAGCTGTTGCTTCACTTTGGGTCATTCAGAAGGCCGGAAAACATGCTGATTCACCCAGACGGGTGACTGTGCAGAGCTCTGGACACTCTTGGCAATTTCCAACCTGTTCTTCAGTTTTGGGGTCCAAAGGATAATTGCAGCCTTCAGCTAGTTATAGCTGGACCCCTGAGCCTGCCAGAGTTGTTTTTGGTTTTGTTTTGGTTTGG,N,no,no,N,0
chr21,17922124,17922460,GAGTGAAGAAAAGAGGAAGTGAGACAGAGAAGTCTAAGAAGCAAATTCAAGGTGATATACCAAGTGGGCCACTGCTTATGGCTCTAAAAAAAAAAAAACATTGTACCTCAGAACAACCCAACAGATGGAAAATTGTGGGGGAAATTTATCTGTGAGCTCACTCATGTCTCCTGTCTCCTGTTGGCTAAAGGTCATTCCAGAGAAAATTTACAACATTGTTCCACTGCTTTAGAGGTGGAGCGAGGCCCAGAGATTCTGGATGTCTGGACAGCCTAGTATGACTTGCTGTGGCTGCAATTACTACAGAGAAAGCAGCCAATGGCCCACAAAATAGATG,"[[17922138, ""A"", [""G""]], [17922224, ""C"", [""T""]]]",yes,yes,A->G,2
chr17,38048616,38048970,AAAACTAAATCTCTCCTCTGGTCAGGCATCTATGTGCATCAGTGAAGAGAAGACGGGGACTGTGGAAGGGAAAACAGTGAGTCAGGAAGGACTGTGGCCACATCTGTTCCCCGGACCCTCAAGTAGTTAAATCCTGACCTCCTCTACCCCAGACTGTCCTGGGGAACGGCCAACACTGGCTTTTCACAACTGTGTGTTACCAGAAATGCAACAGAAACCCAGCTGAATCCCCAGGGTTTCCCTTCTGCCCTTCTCAATGGAAAGATCTGTCCCAGGACCATTTATTCCAACATTTTCAATTATGAGAAATCTGGGAAGATAAAGTTATTTTCACATTTCTCAAGAAATACATACT,N,no,no,N,0
chr15,45873827,45874205,CAGGGCACCAAGTCCTGAGGCTGCACACGGCAGGGGGTCCTGGGCCTGGCCCACAAAATTATTTTTCCCTCCTAGGCCTCTGGGCCACATTCCTCCAGACCCTAGTATCATACGTCCACTGACAGCTTGCGCCATGTGGCTGAAAAAGCCACAGGCACTCAACATCTGCTGTGAAGGTCTCTGACATGCCCTGGAGACATTTTCCTCATTACTTATGCAAATTTCTGCAGCAAGCTTGAATTTCTTCCCAGAAAATGTGTTTTTCTTTTCTATTGCATCATCAGGCTGCAAATTTTCCAAACTTTTATGCTCTGCTTCCTCTTGAACGCTTTGCTACTTAGAAATTTCCTTGCCAGATACCCTAAATCATTCTCTCTCA,"[[45873855, ""A"", [""G""]]]",yes,no,A->G,1
chr7,31129124,31129424,GATCAACAATCTGATTCCTGGGGACTCTGCTCTACTCTCTAATTTCAGAAAGCATGTTGCACTGTGGCCCTCAGCTGGGCATCCTGCCCTTAGAGTCCTGTCTCTTGGCATATCCTAGGTCTCAGCTAGGTGGCGGCTTTCCTCTGCTTCTGAAGGTAAACAATAGTAGCAGAGGGTAGAAGCCAGCTGTTCCTTGCCCCCAGGCCTCATTTCTAGGGTTGGCACTCCATGATGGCAAGAGACATTATCTCTGGCAGACAGCAGAGGGTGGCAGGGGACTGAAGATCTCATTTTGCCCATT,N,no,no,N,0
chr8,48295678,48295985,TTGATTAATATTTGCATAATATATGTTCTTCCATCTTTTTACCTTTCACCTGGCTATAGCATTATGTTTGAAATGAGTTCCTTATAAACAACATATAGTTAGGATATGTTTAGACTATTTGTGGTTAGTGTATTTATAAGTTAGGAGTTAAGTATGTTTTATATTTCAGTTTCTGTTCTCTGTTTTTCTTTCTTAGAAGGACCTTCGAAAGAACTTAGAAGACCTAAGAGAAGGAAAGTCTGTTGTGTTTACCCATATTCTCACTTACTGTGTTTTTTCTTCCTTCCTGATGTACCAAGATTTCTTCT,"[[48295723, ""C"", [""T""]]]",yes,no,C->T,1
chr21,44737904,44738331,GGGAGGGCTTCCTGAAAGACAGGGTGCATAAGACAGGTTTTGAAGAAGGGGTTTTGGGGTGGAAAAACAAGGGGGACAGGAGTTTCAGGCAGAGAACATGCTGGTGGATGCCAGAGCATCCAAAAAGGAGAGTGCAGGAGATTCTCAATCAAGATATGCTCGCAAAGGAGCCGATATTCACCAGAAAGCTCATTAGAGGCCTTAAGAGCTCACCACAAACTGTCATGAAGGCAGAACCAGAACCAAATGTTTTCTTTGTTTATGAAAGGCAACATGGCTCTTATGCACCTGGTGGAATGTACAAGTCATGTTTATTTGGGGGCAATCTCTCAGTATTTAAAATGGCAATACCTCTGACCCAGTGATTCCTGTTTGGGACTTTTTTTTTATATATACAGATTTACCTCCACATACATATAACAACATGA,"[[44738078, ""C"", [""T""]]]",yes,no,C->T,1
chr13,21639629,21640117,GAGATCATGAATGAGAGTAATGGCTGTGGAGCTCTCAGAGTTTCTACTGTGCTCCATGTTTTGTCATTATCCCAGGGTAATTGGAGTTGAGAGGGGAGGACCTCTAATGAGCTGCTTCTCTCCCCTAATGGATGGGAGAGTGGAAATTAGCGCAGCTCCTGCTGTTCTACATGAGTGAACCGTGGCTGCTGGAGCCTCCAGTGAGTCCCTCCAGGAAGTTTTAGGCAACTGCCTAATGGTAGCCTCACTAATGGCAACAATTACAGAATAGCCTTTTCAATAAGACCCGTGTGCATCAGTTAGAGACTAATCTCATTGAGCAACAACAGGCCTGCAACAATGTGCATTCAGTGACTAGCACTTCTGCGTTGTTGGCTAGAAGTGTTTTTCACGTCTCCTGGAGGTTGAGGAGCTCCTGAGAAAGCCAAACACGTTTCATGCGACACGAACCTGTTCCCATTGGCAAAAACAAAGTTGGAATAGCGAGTG,"[[21639646, ""G"", [""T""]]]",yes,no,G->T,1
chr11,70944460,70944931,CGAGAACACGTGCATCTGAAAGACCTCTGGGACCGTCTCACTGATTTGCTAGAACACTGGTTTGAAAGGATTTTCCCACTGCGCTTCCCATATGGCTGCTGAGAGGTCAGACCCCAGATCCTCTATGCGCAACTTGATTTTTCTCTCTTGAAACTTTTAAGATTGCGTTTCTGTTTCTATTCCCTGAGTTCTGAGCTTTTAGGACCTCCATCCTGCCTGGGGGTGTCTTCTCACACCAGGGCCCTTTCAACTGGGAATCACATCCATCTGCTCAGTGGCTTTGTCTTGGATGATCTCTTTGTTTATTTCTCCCTCATTATTCAGATGCTGAACCTACAAGATGACTCCTCCAATTCTACCTGATTCCAGGGCTCTCTTCCGCCTCCTTGTGTTCATCTCCAACATTACTGCTATGCCATTTTTTTGCAATCATTATTGATCTTCAAGAGTTTCTCAAATGCTCCCTGTTTCA,"[[70944481, ""C"", [""G""]]]",yes,no,C->G,1
chr12,51277945,51278146,TCCTGTCATAGGCACTAACATGTCTGGTAATAGTGTCAGTCACAGTTCGCCATTTCCCTGGCCATAGGATGGACACATCATGCAAATTGGGCCAGTTGAATTTTCTCTAAGGGAATGTGGATCTGGAGAGAACACAGTGGCAGAAGGTGGCAGCTGCTGGAGGGGCTGTGCACACATTCCTGCTGCAGACATCCAGGGGCTG,"[[51277948, ""C"", [""T""]], [51278127, ""A"", [""C""]]]",yes,yes,C->T,2
chr11,112467769,112468175,CAGGGAAGGCAGGGCAGGTAAAGCCCTCACAGGGAAGGGAGGCCTGAGCCCACACACCAGCTGTCTGGCTGGGGATGCAGAGCTATGAGCCAGGGCACTGGAGCCAACCTTGTATGCAGTTGCTTTTTCTAGGGACCAGCCTATCAATCATACACATGCCACCAATGCTTTACTTGGTAGTGTCATGATTGCCACATCTGTTTCATCTCCTCTGCCAGAGCCAAGCCTTAGCTTCCTTTGCACCAGTTCTTCTGACTGTTCTCTGCACATGCACGGCGATATCCTTAAGCCAAGGACTAAGTCATCTGATGAAGTTGCAGAGCGGCTGGTTTGTTTTGTTGAATACTATTAAAATGAAGAGTGCAACCCAAGTATCCATGGCTTCTATCAGATAGGGGAACAAATGG,"[[112467986, ""A"", [""G""]], [112468082, ""A"", [""G""]]]",yes,yes,A->G,2
chr9,92547376,92547652,TAACAGCTAAAATTTAGAAACAGCCTAAGTGTTTGTCAACTGTTGAATGAATGTACAAAATGCTGCATAGCCATACAAGGGAATATTATTTGGTAATAAAAAGGAATGTCATACTGACACATGCTGAAAGTGTCACCACATGGATGAACCTCAAAAACATTACGTGCAGTAAAAGAAGCCAGTCACAAAAGACCACATATTGAATGATTTCATTCATATGAAATGTCCAAAATAGACGAATCCATTGAGAAAGTACATTAGTGGTTGCCTGAAATGA,"[[92547404, ""A"", [""G""]], [92547591, ""G"", [""A""]]]",yes,yes,A->G,2
chr18,39731040,39731252,TACCACATTTTGGTTACAAATCAAATGCACTAAAAATTGTATCCAGACAAGAGGTGAAACCGGAAACTAGTTTTGTAATTAAGAAACAAGAAACTCTGTCTTATGAGGAATGATTGACATGTTTACTGCAAAACAGGTCCTTAAATAGTTGGAGAGTTGTATGTGGAAGAGGAGTAGAGTACTCTCAGAAACCGTAGAAAGAGTGGGTTGCAG,"[[39731082, ""T"", [""C""]]]",yes,no,T->C,1
chr8,60622121,60622478,TAAAAATTTTGCTAAAATGCGACAAATCTCACCATACTGAAATTATTTTTGTTGATGGTGTAAGCAGTGTAAGCAAGTGTTTTCTCCTGAGCTAGCACAAAAGCACTTATGCCTGAAAGAAAGCATAAAGAAGTTCTAACTCTGAAACTAACTACTTTCATTTCGCTCATGGCCTTCAACTTTCTACAGGTCTTCCCTGAAGATTCAGCAGTACTTTCTCAAAGGTTTGACAGTACTCTTGTGGGAAATCACCAAATGCTGTCATAGTTTTGTTTTAACTGTCTCCTTGAGGGCAGAGGGAAGGGTGAGAGAAAATCTGTTTTCATGGGTATTTGTAGTACAGCCTTTTTTTCTTTCA,"[[60622211, ""A"", [""G""]], [60622336, ""C"", [""T""]]]",yes,yes,A->G,2
chr5,112642925,112643248,GTAACACTTTACAACTAGAGAAACTGAGAGCAGAGGCATTTGTCCCTGTGTCTGCACAGCAGGTAGTGGCTGAGAGGAACTGGAAACCAAGTCTCCCAATTCCTAGGCTTTAGTCATTCCACTATCCCTTGGTGACATGCCAATGCTTTCAGAATGTTATCTCTGAATTCCTGGGAAGTTCTGAACACTTAGACATGAATGGAGAGTCTACATTGAGCAGCAGTTTAGGAGACTCAGAGACATGGGGCAATGAATAAATTTACTTCTTAGAGTCTTTCTAACACTCAGATTCTGCATTAGTAGATACTGTAGTTAAAGCAGATG,"[[112642999, ""T"", [""A""]]]",yes,no,T->A,1
chr11,8454946,8455219,GCCAAGCATAGTCTGTCCTGTTCTATTCTCTCATTTATAAATGCTTCCTCCACATTTCTAACCTTAAGGAGCCATTTTCTTTGACTCCCTCACCTCTACCCATTTCCCTGTGACCTCAGCTGGCTGCTCCTCATGATGAGTGGCCTGGGGAGTGTGAAGGAGGATCCTACCCATGCTTAGGTATTCCCAGGAGGAGGGAGATCATCTTAGTCACAAACCCAGCCAGGTTTCCCATATCCTTCGGTCTTCAAATACAGGATTACTTCTTTACTTC,"[[8455061, ""C"", [""T""]]]",yes,no,C->T,1
chr6,69705988,69706385,TGTAATTCATCTTTCCCATCAGCCCCTAAACTGACCGTTCTTAAAGATAACTAGTGCTCATTTTCATCATTATCCACCTTAAAGTGATAATCTTTGTCAGCCTGTAGTTCACAACCAAATAGATAGTTCCAGGGCCTCCGGGGGTTTATGTCCATGTCTATCAAATCTTCCATCAGGTGGCAGCACACACTTAGGTGGGAGAGAAGGCAGATGGAGATAAACAACCACAGCTCAAGAGAACAGCCGCACAGGACAGAATCACATCAGGGACTGATCTCTATTTTAAAGGTATCCCACAGACTCTAATATGTTTCAATTATCATTAACTTTTAGAAATTCTGTAATTTATTTCCCCTTTCTTTTCACTCAAAAGTTGCTGAATATAAGGTTAATTTTCA,"[[69706002, ""T"", [""C""]], [69706146, ""C"", [""T""]]]",yes,yes,C->T,2
chr9,114787760,114788212,TAAAAAATATACTATACAGAATTTAACAAAATCAGCAGTAAAAACTTGAGCTATGATACATTCTTTAAAAAACAAGCTTATGACAGGAGCCAAATAAATGCACAGCAGAGAATTTCCCAAAGCCTCAAATGTCTTCGAATATTAGGAAATTCCTGTCTTGGGATAAATTTCCAGATCCACCAGATCACCTACAGAACAGTGGGCAGGTTTGAGCAGGCCACTCTTCTGTGCAAAACTCCTCCTGCATACCAAAGCTGCTTGGTGCTCTCACGCACCATGAAGACCGGTTCAGAAAGAACATTTTATGTTTTTAATGGGTGTTAGTTCTGATCATGGAGCTAGACTAGAGTTATTGAGGAAACATTCTTGATCTACCAATAAATATTGTCCTAGGAATTGGTTGAGGGAATATTCTCCTATCAAGCAAGTTTTGGAGTTACTGAGAAATCTTTC,N,no,no,N,0
chr13,113931449,113931663,CACAAGCAGACGCCAAGTGGAAGGGAGTACACCCCTCCCTCGGCGGGGAGGCCCTCGGGCTGGTGGGGATGAGCGCCCCTCAGACGGCACCTGCGGGTGACAGGGTGTGACATTCTGCTGTTTCTCGGAAGTAACTCGCAAGCAGCATGGGGGTTCCTAGTGTGTTTCACAGACTCTCACCAAATGTTAGGGTTCACTCCTTGTCCTACAGCTTA,"[[113931489, ""T"", [""C""]]]",yes,no,T->C,1
chr5,30000192,30000626,AATTAATTCTGGAGAATTGGTATGAACTGGCATGAATGAAAAATGCCTAGATTCTTATTTGGATCTTCATAGTTTCATAGGCTTCCCCTCCAGGAAGTCATAGGTTTTGATGGGATCCAAGAAAGATCACTTCTTCTCTCTGGCATAGGAAGAAGAGTGACTATTGTGAACAGTGCCTAGTGCCTTCTCCAGAATATATGAGTAATCTCCAGGGAAAAGGGCTTTACCAGAGAGCAATTCAGAAATTTTATCCCAGCTGGGAGAATGAATCTCCTCTTCACACAAAGCTTCTCCTGCTATTCTAGCTTACCTAAGGGGGGAAGGTTAAACAAAATTACAGACAATAAGGTTCCAGACTTCAAGAAAACAGAAATAGAACATTCTTACTGGAAAAAAATAGTATGGTACAGGGGAGGGGAAAGGGAGAGCATTGAC,"[[30000207, ""C"", [""A""]], [30000253, ""T"", [""G""]], [30000419, ""A"", [""C""]], [30000445, ""T"", [""C""]]]",yes,yes,T->C,4
chr6,141046617,141046848,AACTAATTTGCATTCCCACCAACAGTGTGTAAGTGTTCCCTTTTCTCTTTAGCCTTGCCAACATCTATTTCTTTACTTTTTAACAAAAGCCATTCTGACTGGTATGAGATGATATCTCATTGTGGTTTTTATTTACATTTTTTAATGATGAGTAATGATGACCATTTTTTCATATATTTGTTGGCTGCATGCATGTCTTCTTTTGAGAAGTGTCTGTTCATGTCCTTTGCCC,N,no,no,N,0
chr5,31123668,31124084,TTCCTGTGGTGTGAAATTTTATAAAAAGGGCACTGTTACTGGGGAGAGACCATTTGTTTGAAATTATAAGTGGTTTTTGTTGTAGTGAACTCAGTGTAGAAATAGATGTCCGACACATTCATTTCTGTGGGCTGTCATTTGTTTTTGTTTCATGCACACAAGAAGCTGCATGTTTGAGAGTGAGGATAAAAATATGTAGAGAAGTTTTTTTAGTTGAGTTCTCCAAAGTGGCTGACTCAGGACTCAAGAGTAGACACCGGGCCTCCCAGTGCTCTTTTGATCACAGCATGATTTTTTTTTCCATTTAACTTGTAAGCCTTAAATATTTACATTCTTTCATTGGATCAAGAAATATGTATAGGAAATTACTGTGTGCTGGTCTTCCATAGCTGTTGGGAATACAGTGCCAAACAGGAA,"[[31123690, ""C"", [""A""]]]",yes,no,C->A,1
chr21,31072480,31072899,CTATAAATAAATACCAGTCCTATTTTGAGAAAGACTCAAATCAGATAACTAGAATTGCAAGCATGAAGTCAGTTCTAAATAGGTTCTGGACCCTAAACACTACAGATTCCTACTTTCCACTTTATCCCAGGCCCCTACCTGGAAAACGCTCCCTCCCCTCTGTTCAATTAAATCGTCCATGTCCTTTGAGGCACATGTCATTCCCTCCATGAAAGGTTCTGTGACCCACTGACCTCATGGTACATCCCTCTCCTGGGACCCATGAATCCCCTGAAATTGCAAGAGTCTCTTGAGGCACTTAGCATAGCTGGTCACACACTCTGACCTCGAGGCAAATCCCAAGGCTTCTCTCCTCCTGTTTAGACAATCTATAAAAAATATCCTTGGACCCTGCCAGATGGTCCGGGGATATTTTGAAGA,"[[31072499, ""A"", [""C""]]]",yes,no,A->C,1
chr16,52247709,52248014,CAAAAGAAAAAATTTTAAAGGCAGCTAAGAAGTTATATAAAAAGAAAATCCTTTTAGGCTAGCAGTGGACTTCTCATCAGAACCTTACAAGCCAAAAGAGATTAGACGCCTAATTTCAGTATCCTTAAAGAAAATAAATTCCACCAAGGAATTTCATATCCCACCAAATGAAGCTTCATAAACAAAGGAGAAATAAAATCCTTCTCAGACAAGCAAACACTGAGGGAATTCGTTACCACTAGACCACCCTTACAAGACATGGAATTGAAAGAACGACACTTGCTACCACAAAAACACACTTAAGCA,"[[52247803, ""G"", [""A""]]]",yes,no,G->A,1
chrX,87466395,87466756,TGATGACGATGGCGGTTTTGTCGAGTAGAAAAGGGGGAAATGTGGGGAAAAGATAGAGAAATCAGACTGTTGCTGTGTCTGTGTAGAAAGAAGTAGACATGGGAGACTCCATTTTGTTCTGTGCTGGGAGGAATTCTTCTGCCTTGGGATGCTGTTGATCTGTGACCTCGCCCCCAGCCCGGTACTCTCTGAAACATGTGCTGTGTCCACTCAGGGTTAGATGGATTAAGGGCGGTGCAAGATGTGCTTTGTTGAACAGATGCTTGAGGGCAGCATGCTCGTTAAGAGTCATCACCACTCCCTAATCTCAAGTACCCAGGGACACAAACACTGCAGAAGGTCGCAGGGTCCTCTGCCTAGGA,N,no,no,N,0
chr13,59084342,59084602,TGTTGACATGTCCCCGGGTTCCACAGCTATGCCTCGCTGCTCGAGTTTTGCTTCACTGTGTCCTTCTGCCCACATATTTGAGGGCTCTGTCCTCCATTTGCCATCGAGCAGCTGCCTAAGAATCCATCTGCCATCCGTCTTTCACACGTGCACCACCCAAAGGAGTCCCTCCTGCAACACATCAAAAGTACTCCTGTGCTGAGGAACTGTCTGCATTCAAAATCCAGCAGAAAATAAGTTCAAGGGGAGACACTAAGAATA,"[[59084344, ""C"", [""T""]]]",yes,no,C->T,1
chr5,173653141,173653408,TCTGAAGTTCTTTCTTCTACTTGTTCAATCTATTGCTGAGACTCTCCAGTGCATTTCTCATTTCTCTAAGTGTATCCTTTATTTCCAGAGGTTGTGAATTTTTAAAATTTATGCTATCTATTTCACTGGAGATGTTTCCATTCATATCCTGTATCTTTTTTTATTATTATTTCTTTAAGTTGGACTTCAGCTTTTTCTGGTGCTTCCTTGAGTAGCTTAATAGTAGACCTCCTGAATTGTTTTTCTGGCAAATCAGAGATTTTTGTCT,N,no,no,N,0
chr20,43424265,43424722,TGCACTCCAGCCTGGGTGACAGAGCAAGACCCTATCTCAAAAAAGATCAGCCCATTAAAAATGAGTAAAAGACCTTAACGAACACTTTACACAAGAAAATGCGGAAATGGCCCTTATGCACATGAAAAAAGCTTCATCCTTCATTAGTCACCAGGGAAAAACAAATTAAAATCACATTGGGATACCTCTACATATTTACCAAATGGCTACATTTAAAAACTAACAACATCAATTATTGTTAAGAATGTAGTGTAACTAGAACTCACACATTGTTGAGGGGAGTGTAAAATGGTACAATCACTTTAGGAAAAAAATCTGACGGTGTCATAAAACTAAACATACACCTGGCCTGTGACCTGCAATTCTACTCCTAGATATTTACTCAAGAGAAAGGAAAACATGCCCACAAAAAGGCTAGCATGCAAGTGTTCATAGCAGCTTTATTCGTAATAATCAAA,"[[43424281, ""C"", [""T""]], [43424297, ""C"", [""T""]]]",yes,yes,C->T,2
chr14,85050314,85050525,TCACCTCAAATTGTCAGAAGCACAGATCTAAGGCCCTCTTCTCACCTTTCATTTTTGCTATATAATGCAAATGCTATGAAACTTTTTCCAGCAAAGTTTCAGTTGTGACCACAACCACAATCGAAAGGCAATTGCTGTTTCACAAATGTTAAAAAACATAAAACAATCTCTGCACAACACTCTTGAGTTGCACACTGAAAGAAGAGTAACCT,N,no,no,N,0
chr7,45927806,45928127,ACTTCTAGTATAATGTTTCAGAGGAACAGTGATGACATCCTTGTCTTGTTTCTGACCTTGCGGGGAATGCATTTGGTCTTTTACTATCAAGCATGATGTTAGCCGTAGGTTTGTCACAGATGACATTTAGCAGGATAAGAGAGTTACTTTCTCTTTCTGTTTTGCAGATAGAGCTGTTGATCAGGAATGGATGTTGATCTATGTCAGATGCTTTTACTGAATAGATAAAATGATCATATAATTTTGCTTTTAAGGTTATTAATTTGGTGAATTACACAGATTAATTTTTTGAATGTTAAACCTTCCTATATTCCTGAGATAG,N,no,no,N,0
chr22,31305203,31305654,GAAAAATTGTCTTCCATGAAACCAGTCCCTGATGCCAAAAAGGTTGGGGACCACTGTGTTATAGGACCACTGTCATATATGCGGTCTGTTGACTGAAACATCATTATGTGGCTCATGTCTGTATATTCACAAGGTTGTGTAACCATCACCGCTATCTAATTCCAGAACACTTCATCACCCCAAAAAGAAACGCTGGTACCTGTCTACAGCCATACCACCCTGAACATGTGCAATCTTGTCTGATCTCAGAAGCTAAGCAGGGTTGAGTCTGGTTAGTACTCAGATGGGAGAAACCTAGTACCTGTTGGCAGCCACTCTTCATTTTCCTTTCTCCTCACCCTCTGGCAACCTCTGATCTCCTTCTTTTTTAAATAATAATAATAATAATTATTATTATTATTATTATTATTATTGTTATTATTATTTTGAGACGGAGTCTCGCTCTGTCAGCC,"[[31305234, ""G"", [""A""]]]",yes,no,G->A,1
chr17,79345223,79345447,ATTTTACCTAAATTGTGACATTTACGTGCATAGAGTTGCCTGTAATATTCCCTTATTATCCTTCTAATGGCTGCAGGGTCTGTAGTGATGTCCCCTGCTTCATTACTGAGATTGGTAATTTGTCTTTTGTTTATCCTTGTTGGTCTTGCTAGATAGAAGTTTATCAGTTTTATTGCTCTGTTCATAAAGGGATTGAACCAATTTATGCTGTCCTTCTTATGAATA,"[[79345267, ""G"", [""A""]]]",yes,no,G->A,1
chr11,17564735,17565001,TGTACTTTAAGTCTTAACATACCCCATGTGGTAGTTATCACTCTCCCCATTTTAAATATGATGAGACAGGCCTACAGAGGCTTGGGGCATTTTTGAGAACCCACAGCCAGCAGGAGGCAGAGCTGAGCCCGACCTAGGGTTGGATGTTATCACAGCATCTGAACACATCCACCCCAGAATCTGTGTAGTGTTTGCAGCCCTCAAAGTGTTTTTTTAAAGTAGACTTTATGTTTTAGAACAGCTTTAGCTTTACAGAAATATTGCAAA,"[[17564775, ""T"", [""C""]], [17564834, ""T"", [""C""]], [17564975, ""T"", [""G""]]]",yes,yes,T->C,3
chr3,27024489,27024746,CTCTGGACTAAAAGCATGCATGAGAAATTTCAAGGGGGAAGGCCTATTTTTTCTAATGGTTACAAGTCTAAATTATAAACTCAAGTCAATAAGATAGACATCTAAAACTTCTAAAAATAGTGGTGGATAATAAGAATGCTTTCTCAACCAAAACCACAACCTTCCCTCTGCTGCACTTACAGAAAGCAGCAGAAACTAATCTTTCTCCCCAAGTGGAAAAAATGGGTAATAGAATTCTACCAGATGCCTTGGATTTTG,"[[27024588, ""G"", [""A""]]]",yes,no,G->A,1
chr1,164830626,164831005,TCAAGCCCAAGCAGGACATGTCTTTGAACTCATCTTGAACTCTTTCTTTAAGTCTAAACCCTGTAGGGCTTACATAAGATAGAGTCTTTGTTTCAAGTCTCCCAGGTGACCTAAGCCTTTGCTGGCAGCCTCTGCCTCGCCGTTTCTTCCTCCCTGCCCTGCTAGTCTATTCCAAGTGTAGTCTGCAGATCAACAACATTACCTGGGAGCTTGTGAGCCATGCAGAATCTCAGGCCCCGCCCAGACCTATTAAATCAGATGCTACAATTTAACGAGATCCCCTGGCAATTGTTAAGCACATTAAGTTTGAGAAGCTCTGCTCTAGTGTGTAAAGTCTACATGCTCTCTAGGGCTTACTGAAGAGAAGGAATTACATAGCT,N,no,no,N,0
chr6,136831978,136832222,CTCTCCTCACAACTCCAGTAGGCAGTGCCCCAGTGGGGACTGTGTGGGGCCTTCAACCCCACATTTTCCTTCTGTACTGCCCTAGCAAAGGTTCTCCATGAGGGCTCCTCCCTTGCAGCAGACTTCTGCCTGGACATTCAGGTGTTTCCATACATCCTCTGAAATTTAGGTGGAGGTTAAACTCTTGTCTTCTAAACTCTTCTTGTCTTCTGTGTACCCACAGACCCAACACCACATGGAAGCTG,N,no,no,N,0
chr10,124489248,124489456,CCTGTCCCTATTTTGGTGTATGTCCTTGCAAGTGGCTTCCTGTGAGAATAGACTATTATGGATGGAGATGTTCACAGCATCGATGTCACACTTGACCTTGTTTTGTCATCTGTTTTTTATTGTTCACCAAACAATATTTGTGACTGACTTAGCATGCAGCAAATGGATATGTCTTGGGGCATGGTTATCTATGGTGTGGCTATCTTGTA,"[[124489292, ""C"", [""A""]]]",yes,no,C->A,1
chr12,97301640,97302074,TAACCCTGGTGGCTAAACAACACTGAGCTCATATTCTGCTCACACTCTCATGGCATTATCTCTGTAAGTTACAAGACAACTCTGCCATATCACTACAGTATAAACCAATTAGCAGATCAGTCTCACAGATGGAACCACTGCAGTGTCCCTGGAATCTGTCCTCTCCTCCCTGTTTCAACAGCTGCCACACTAATTCAGATCCTTCTAACCAGGCTACACGCACCAGCTCTTACATATCCCCCTGCCCCCTGCCTCTTTCCCTTGCATCCACCCAGCCCAAGGTGTTCAGATTGTCTTTCCAAGGCATGGCTTTCTATGTGCCACTTATGGGCGATGACTCTTTCAGGAATCCAAATAGCTGCATCCCTGCCTCCTCTGGGCTTTCAGAATATTTTGTTTTTACTGTGTTACATAAAGACTTTCATCTTGAATCCT,N,no,no,N,0
chrX,31742916,31743365,GAATAAGAGAATATATTTGCAAACTATGCATCTGACAAAGGTCTAATATTCAGAATCTATAGGGAACTTAAACAATTCAACAAGTCAAAAACAAATAACCCCATCAAAAAAAATGGGCAAAAGACATAAACAGACACTACTCAAAAGAAGACATACAAGTGGCCAACAAACATGAAAAAATGCTCCACATCACTCAACATCAGAGAAATGCAAATCAAAACCACAACGAGATACCGTCTCACACCATTCATACTGGCTATTATTAAAAAGTCAAAAAAATGACAGATGCTGCTGACGCTGTAGAGAAGAGGGAACTCTGATACACTGTTGCTGGGAATGCAAATTAGTTCAGCCACAGTGAAACAGTTTGAAGATTTCTCAAAGGACTTAAAACACAACTATCGTTCAACCTAGTGATCCCATTACTGGGCATATAGCCCAAATAAAACA,N,no,no,N,0
chr2,222952081,222952452,TAGGCAGCTGGGGCTTACAGCAGTTAAAAGAGTAAGTGACAGCTAGGTTGGAAACTTGTCTGTCTGAAGCTCACTGCACACTAGTTTGATGTGGTCTGGTCCCCCGACTCCAGCCTTTTGACTAATGCTGCCAGACCTTCTTGAGCCATCCTGTTGGTCTTGGCTTGTTGACTCCAAACCCCTCAACCCCACCCCAGCACCTTGCTGACCCATGATGCTTTACTGTATTCTGCCCACCTGGTCTCCAGTTCCAAGCATGGCACTGACCATCTGCCCTGAGCAGTTAATAAAACAACATTTGGCTGCTGGCTTGCCACCTGCCTGGCACTGTGCCAGGTGCCTTGTGTAGCACCAAGTATAAATGGACACACT,"[[222952134, ""C"", [""A""]], [222952305, ""A"", [""G""]]]",yes,yes,A->G,2
chr20,42779217,42779485,CTGAAATGAGAATAGTCCCTAAATGTGAGGATTGAGAAGCACATAAGGAGAGGAGGACCCATGATGTCTCTTGAGGCAGCAGCAAACTGCACCATAGCCCAAAGCATGACTCATGCCCATATGGGAGGAGTGGAGAGAGCCCACAGGGGGTTACCTAGAACTGGATGGCTGCCAAGAAACTACTGGGAATCTCCAATCTGCAGAACACTAACAAACTCATGGGGCTGGCATTCCAGGTATCCCTCCCAGGGTCTGCCATAATCTCCATG,"[[42779242, ""C"", [""T""]]]",yes,no,C->T,1
chr1,157596382,157596773,GGCGAAGAGTCCCGAACTATTCACCCTGAGAGCCCATACGCTCATATGCTACTTCCAACCAAGAGGAAGAGAAACACGTTCCATTCCATCCATCCCAGGGAAGCGGGGAAACACACGGGCCAGACGCTCAGGCTGTGGACTCAGACAGTCTGGTTTGAATTTTAGCTGTATGACCCAGGGCAAACCACATGAACTTTCAAGTCTCAGTTTTCTCATTTGAAAAATGAGGCTCATGAAAGCGACCTCATAGTAATACTGTAATGAGTTAGATCAGTAAGGTTTCAATTAATGGCTGCTGTCATTAATTTTTTAGTATGGGGCTGCTGCTGATTCCTCTTCTCTTGACTCAGAACACTTATTATCATAGCTAATTTGGAACTCAAAATGAGACA,"[[157596421, ""A"", [""G""]], [157596497, ""G"", [""C""]], [157596498, ""T"", [""G""]]]",yes,yes,A->G,3
chr6,60249826,60250082,TCGGAAATTAAAGCATTAACTATAATTTTACTGAGATGTTTCATTTTAGCTGACAGTTGTTGGCAGGAATGGAAACCAAATATATTAAATATACCATTGGTAGCTTTCTCGGTATAATATTGCCATCTCTAGGGAAAACATTATATTCACCCAACTTAGTCGTTGAGGGGTTTGTTTCCTAGCCTGTAGTTTTTCTATGCCCTTTTTGTTTTTCTTCTCTGCTACCTTTTGTTTATCTTTTTAAAAACATTTTTCAG,"[[60250010, ""C"", [""T""]]]",yes,no,C->T,1
chr20,40843295,40843609,CAGCCCCCTGGGCAGGTTGGACTGTCCCTCCCCAGGGGCATCCTTGCCTTCTGTCCCAGCACACCTCAAGGCCCTGCACACACAGGGGCTGTGCCAGAATTCAGAGAGAAAAATGAAAACTCCCTTTCCAGATGGTTGCAAGATGCTGCCAGTTTCCAGTGGTGATACTGGGGAAGGTGCCAAGAAAACTGCCTCCATTGGTGTCCCTCTCACTCCACAGCCGGGGAAGCCTCTCTGAAATGTACTTCAAAGGGACTGACAGGAGTTATGGGATAAATACCCCAGCTCCCTGACCCCCCAAATGGAATAACTTTG,"[[40843315, ""G"", [""A""]]]",yes,no,G->A,1
chr6,94956999,94957274,CGTGCGTGCGCAAACACACACACACACACACACACGTTGACCGATATCACTTTTTTTGTGGGAGGGCTGATGTATTGCTCTCTTGCCCAGAATGGAGTGCAGTGGGATGCTCATAGCTCACTGCAGCCTCCAACTCATATTCAGAGCTCACAGCAGCTTCAGACTCCTGAGCTAAAGTGATTATACCCTCTCAGCCTCCCAAAGCACTGGGATTATAGGAAGGAGTCACTGCACCATGGCATGACTGATATCACTTTAAATATATATATATCCACA,"[[94957039, ""A"", [""C""]], [94957069, ""C"", [""T""]]]",yes,yes,A->C,2
chr5,68648935,68649420,GGCCCTGTATATTGGAGCTCTCTTATACTTTTCCTGGGCAACTAATTCAATTTTCAGGAGAGGGAAAAAAAAAAAGGAACAGCTGACATTTTCCATTGATGGCTCTCAGTAAAACCAGAAATACTTTGTGCTTTTGGGATTGAGGCGGGGTAAGGTGAGCTGCCAAGCTGCAACGTGTTCTTAAACAAACAGGCTGTGCAGCCACAGGAAAAGCCATCTAACAAGGTATATTTTTATTAGTCCTTCTTTCAAAGACTTACAAGATTTTAAAAGAACCACATGAATTCTGCTTTTAACTTGCATAAAAGCCTGAAGTTAATTTTTATGAGCAAATTTCAAATCCCTGAAAAACAGGTTTGGTAATATCTCTGACAGGGCTTGAACTGCAAAGTTTAAGCAGGCCTCAGAAAAAAAATAGACATTTTAATGTCCCCTGTACGTTTTCACTGAAAAGCTGTGTCACATTTTGGTAAATAATATTTAAAG,"[[68648944, ""C"", [""T""]], [68649043, ""A"", [""G""]]]",yes,yes,A->G,2
chr13,27462240,27462558,TGCATGTGTGTGTGTCTGCTCCTACAGGGTGAGAACCACTTTCCCAGGCAAAGACAGTAAGTGTGGACAGAAGGACAAAACTGGGGCTGAGAAACATTAGCACTGTTATGTAACAAACTCAAAGACAAAACACAGGGCAGTAGAGAATTCTAAGCATGTGGAGAGGTCTGCGGAGCCACATGGCAGCCTGCTGGATTCGGAGTCAGGCTTTGGCTGGCTCATCTGCTGTGTGTTTTCCCCAGCGAGTCCATATCCCACAGGATTGAGGGTGCTCAGATTTTATACTTTGGCCTTAGCAATTAGAAAAACAGTCAATTCT,"[[27462243, ""G"", [""A""]], [27462293, ""G"", [""A""]]]",yes,yes,G->A,2
chr12,27655525,27655907,TTGTGAAAGAATTCTGTTTCGTATCCACAGTAGTGGTCATTTTCCTCTTTAGGGACTTTCTTGATGGTAAATGTACAGCAGTTGATATTATCATGGCTGTGAATAGAAATGACTGCTGAGAAGCAGCACGGTGAGAACAGGTTCACACTTCCTGCCAGTGCTACTGAAGACTTTTTGTACTTGTCCACTCTGCTCCTACCAGAAGTCAAAACTATAGGGCCAAGTGCCTCACTTCATTGGAGAACTACATCTTCTCATAGTACTAAATGTAATAAATATATCTTTAGAGATTCTGAAAGCAAAATGTGATGTTGAATATAAAGCTGTACTTCTTAGCATAGCATAGCTGTATTTTCTGTGTTAAGTACAGCCAGCAAAATTTG,"[[27655558, ""A"", [""T""]], [27655864, ""T"", [""A""]]]",yes,yes,T->A,2
chr2,227976645,227976929,CACAATCAGCAACAGAGACCACCTGTATACAATGTGCCATGCTAGAAGGCAGATGGTGATAAGTGCTTGGGCAGGAAAGGGTTAACTCATGATGCCTGGGTTGTTTCAACCCTGCACATTCCCCAGAGAGGTCTATTTCCAGGACTGACTTTTGGCTGGTTCCTAAGAGCTAAGCATTGAGCCTTGGGAATGTTCTGCCTGGTAAGAGTGTTTTGCATGCCTGAGGCCTTGGGCCATGCTGTACCACTTTGGCCACATAATTTACTCTAATAATGGGATGTATCA,"[[227976672, ""C"", [""T""]], [227976673, ""G"", [""A""]]]",yes,yes,G->A,2
chr17,56389376,56389714,GTGGTTGCCAAGAGGAGAAGAGGGTGTGTATAGCTCCCTTTCTTGTTTTCTAGCTAATGGATGCATTTTAAAATACCTTGTTTACCTTTTAAAGGATTTAGAGAGAAAAGGGATAGGTAGGCATGTGTGTTGGTTTGGCCTCTTGATTCAAGTTCTAAGTCACTTCTCCTTTTTATTCAGCTGTATGCTCAGTAAACATGACCTCAGACTAACATTAGCTTAAGCCAACACTTGTGGAAGTGTATCTGGTATTTCAAAAAATTGTGTAAGTTAGCTAGAGACAAACACAAAACTAAGGTTTTATGTCAGTTGGTGAAGGATTATTCCTGACACTGATTT,"[[56389377, ""C"", [""T""]]]",yes,no,C->T,1
chr9,132263048,132263495,CACCTCTAATAGTAGCTGGAAACACCTATCAGATATTCTAAACAGCATGTATTTTTACCAGGTAGATGATTTCTGAAGATCACAGGAAGTCTACCACTCTCTTCCCAGTTCTGAACTCCTCTGGTTACGCTTCATTTTAAATCGGGTGCTTCTTTCCCGCCCAAAATATTCTATTTGGCCTGCCCCAGTGGTTCCCAAGCTGCCTGGTGATCAGAATCCCTTGGGAAATGTTGAACACACAGCTTCCCAGGCTTTCTGGAAAACTAGTTAGATCTGTCTGACAATCTGTAAGCTGAGGCGATTCTTCCACAGCTGACCCAGCGCTAATCTAGCATTTGGCAACCAAATGTCTGTACCTCACCAGTCACACAAGGCTCACAATATGCTGGGAGCATTTGAATGATAGCTCAAGAATTATTCTTTCACTCCATATTCTTCTCTCTCAAGA,N,no,no,N,0
chr10,119997377,119997796,CAAAGCAGGGCGCTTGTAGACATCTGCTTTTGTGATGACAAAGAGGATATTCTTAGATTTCCAGATAGTGACTCTAGTAACCCCTGTAACCTGTTGAAGACCCAGTTTGGACATAGCCTTCTGTGCTTTCTTTTCACTCTGACTCTGTTTTGCTTTGCTGACTGGTTCTTTATTAATTTCAGCTGCTGCTGCCAGCTCGGCTTGTTGTGTGGTTGTCTGTGTGGAATCCTGTTCCTCAAACTCTGGTACTGATTCATCACTGTCAGATTCTGTTCCAGACCCTCTGTCAGCCTGGGGCTGCGGCAACTCCTGTTCCACAGCAGGGATGGTTTCTGTGGCTTTGCTGGACACTTTGCTCAGGGAATGCAGAACGCTTCCCCTTTTTTTTGATGGGATTATTTGTTTTTCTCCTTGCTGATT,"[[119997574, ""G"", [""C""]]]",yes,no,G->C,1
chr14,24849417,24849899,TTGCTTAGCTGAATGGATATAAGGAAAAGAATACTTGTGCTTATTAAGGGAACGTGGAAGTCACGGTCTCCATTTAATAGATGAGGACTAAGTAGCAGGTCTTGACTGAAACATCAGCTGTATCTCTTAATGGCTGTGGGATCTTGGGCTAGTTCCTCATGAATCATTTTCCTCATCTGTACTTGGTGGAGGAAACTGAAGTTTATTATTTTCCCAAGGGCAACAAAAATAGTCACTGGAGGAACTATGCCATGGATTCCTGTTGATTTAAAGAACTATAAGAAACATTTCACTGCAGTGTCACAACAGTGAATCAGCTAAGAAGCCTGGCCTCCTCTGCTGTTCTGTGTCTACATTCAGGCATCAAGAAGCAACCATATGGTGGTGTTAATACAACTTATCTCTGTGAATTATAATCTCTAATATGTGTGCGTGCATCTCCCAAGGATATTGAAGTTTGATCCCTAGGGGAAAAATTATACA,"[[24849448, ""G"", [""T""]]]",yes,no,G->T,1
chr12,41245879,41246140,CCTGGGCTACAGATTAGATGTGGCTCAGTCCAGTTGGGTGATAGAAGGTGAGTTAGAGGGGTAGTCTGGGGAAAGCGAAGGATCTTGTTTGCAATGTGGAGGCATATGGAATTATTCTCTAGGGAGACAAAAGCCATCTGAGATTTTAAGTCTTCAAAATTTAGGATGGTAATTAATAGCATGCAGATTGAGGAGCTTTGGGTAGACAGGAGACATGTTCCAACTGTAGGGAGATTTCTCAGAAAAATAAAAATGTCTTTTT,"[[41245890, ""A"", [""G""]]]",yes,no,A->G,1
chr11,6943245,6943522,CATTTAGTAATCTCTTCCTACCGTTAAAAGCTATAGGACTGCTGAAGTGGCTAAGTTTACTTTTGGGTCTGGGTTGAGGTTTGCTAATATCCTTTGGACACAGTAGCAGATTTTCTGACTCATCTGGATGAAAGTCCTTTCTGATATTGAGCCAGAGATACACAAGTCTATGGTACTCTTCTGGCCTTACCCTTCAGCAGCTTGGATTACTGTGTCGGGATAGAATTATCTTCTCTATAAAAATGTCTGAAGTGTCATATATGTTTGTTGTTGTTGTT,"[[6943302, ""C"", [""T""]], [6943419, ""G"", [""A""]]]",yes,yes,G->A,2
chr6,13830869,13831178,GACTTTGGGCAAGTTGAGTTTGAAGTGCTTGTAGAATGTGTAAATGAGTATGTCTGGTAGGCACCTTGGAGATACAAGTCAGGAGAGTGGTCTGGCAGGAGATACGGATTTACCATCTGCAAATAGATGATGGTTGAAGTCTCTGAAATGAGTATGCACACCACACCCCACCCCCAGGGGAATTGTTTCAGAGTCATCACAACCTCAAAGCCTCCCTTCCCCTCACCTCCCCTCCCCTCCCCTCCCCGCCCCTTCCCTTCCCTTCCTCTCCTTTCCTTTCCTTTCTTTTTTTTTCTTCTCTTTTCTTTGA,"[[13830932, ""G"", [""C""]]]",yes,no,G->C,1
chr9,4131984,4132300,TGCTGTTTAATTCTCTTCTCATTTCCAATATTCTTTCTGCTTTAAGTCTACGGCCAATGTTTTTTTTAAAAAAAAAACAAAACAAAAAACCACATGTCATCACAGAAGAAAAGTTTCCTGAAAACAAACCATACAACTTTTCTGACTACCAGATGTGCCAATGACTTGTGCACTGGTTTTCATTTTGAAACACTGCTTATTTTTAGAGACTACATGATGTATTTGAAACATGTGTTTACTGCTCAAATGAGGACCTAAGTGGATGGCATTCTGAGTACCACATACATTCTAGCCAAAATCACTGTATGCTAGTAGGG,"[[4132061, ""A"", [""C""]]]",yes,no,A->C,1
chr18,33751562,33751913,AAGAATTGCTTTGGTTAATTTTTTAAAATCCTACATGAAATATTGTAACTAGAGTTACTTGAATGAAATGCTGTGAGCCATTAAAACAAAATTGCTTCAGTTATATTTACATAGGTTAAAGAAATACGCATATCTTTTCAGTAAGATGGATCAAAGCATTAAACACAGTTGGCTGTTAAATCTCCTGTTTTTCATCTACACAGAAGATGTTGTGTTTAGCCACCAGATGGCGAAAGAGGATATTTACTTTTGTAGGAAAAAAGAAAATACTTTTTCCTCCTACAAAAACCAAATTTAATAATATTAAAAGTCAAATTTATTCAGGTAAGCCAGTAGAGGATGGATATTTCTA,N,no,no,N,0
chr10,91261117,91261335,TATATTCTTGAAGAATGTCATGTAAGTATCCAATAATTAGGAATATATTTACTCGCAAATACTAAAAAGCTATAAATTGAAATGTTTTCACAATACATTTTAAAAATACTCAAAATGATAGTGAAACTGGTAGCTATGGTTTCACCAGAAGCAAGATAGAACATTTTAACTGGTAGAACATTTTAACTGGTAATCTTTATTTCCTTTAGGGTTTAATGA,"[[91261163, ""T"", [""A""]]]",yes,no,T->A,1
chr8,125102224,125102499,TTGTATGAATGTTTACAGCAGTTTTATTAATATTTTCCTGTGCAGTTATTATTCTGACTTACGAATCTTGTTTCATTGTGTTTGAAAACTTAGGTACTAATTTCAAGATGCCAGGACGTTCCAGTTCAAATTCAGGTTCAACTGGTTTCATCTCCTTCAGTGGTGTAGAGTCTGCTCTCTCCTCCTTGAAAAACTTCCAAGCCTGTATCAACTCTGGTATGGACACAGCTTCTAGTGTTGCTTTGGATCTTGTGGAAAGTCAGAGTAAGTAAAATT,N,no,no,N,0
chr4,120481807,120482151,GAGGCATGTGGAATAGAATGCCAGAGCAGCTCTGTGGTCTGCTTTGCCAGGAGTTGTCATGGAGTTCCATCTGCCTTTGGAACTAAGTTATCTTTTAGATCAATTACTCTGTTTTATTTTGCACATGACGAAAATAGGCCAAAATACATTAAGTAACTTCTCCATACTCAACTAACTGTTAAGAGCCACTGACTGACGTCAAGCCCATTGATTTTTCCACTATGTCATTCTATTAACCATCGTTTTCTGAAAACAGGACATCTCTGACTCCACTTAAGATATTGAGCAATATCATTGGATAATTATTTCATATTTGCCCACATTTAAGCCAACATTCATATAAAA,"[[120481935, ""T"", [""C""]], [120481978, ""G"", [""C""]]]",yes,yes,G->C,2
chr10,70714270,70714603,GTAGACTCAACCTCATTTATTTAAGTCTCCCCATAACCCTGTGAGAGGTCTGAGTAGCCTCAATGTCCTTACATAGAAACTGGCGTGCAGAGACAGGCTGTAACTTGCTAGTCTGCCCTCTGGTAGGCCGTGGGGCTGGGATCTGAGCACCACTGTGTCCACTCCAGAGCTCACCCTCTTCCCCAGGCCTGGTGCCAGCTGGTGCTGTCCGTGGCTGGTGACCCAGCTGTTATGGTAGAAAAACTTTTCTCCACCCTCTTATGTTCAGTACTGGAGGGCTTGTGAGTTAAACTGAAAGAGATGGACTGGCAGGAGAAAAGAGTTGATTTGCCAG,"[[70714278, ""G"", [""A""]]]",yes,no,G->A,1
chr13,31274346,31274747,TTTTTTTAAGTTTAGGAAGTCCTGTTGAATACTGACAAATTGATATGGTTCAACCTACTCTCTATGGAAGATGTGTTCTGCTTTCCCTTGAGATATTTTGTCCCTTCTTATACTTGTGTTGACTGAGTTCTTTCATCACTGCCTGTCTCCTGTCTCGTGGCAGATTGCCCTCTACATCTGGGACAAAGGCGGAGGACCTCCCCTGACCCCAGTGCCTGAGTTTTGTACCAATGACGTGGACTTCTACTGTGCTACCACATTCCATTCTTTTCTACCGCTTTGTGTGAGTAACAGAAGAAAAACTTCTTTGCATATCAAAGGAAAAATTTAGATGCTGTGCATAATGTCATCCTAGCACTTTAAAATGAATTTTAAATTCAGGGCATTCATGTGCAAGTTGGT,"[[31274398, ""G"", [""A""]]]",yes,no,G->A,1
chr8,123262622,123263020,GGCATGAGCTATCCTGCCTAGCCTACAAATTTTCTTTAATATTGTTATCACATAGCTTTATTATAAAGTACAACAAACAACAGCTTCAAGACCCTAAAATTGCAAATAGACTAAAATATTTCTATGGCCAGTTTATGACCAATCTTTCTACGGTCAAGCTGGAAACAAGGTTTCTTTTCTATTATTAAGGCAAAAAACATGGCTACATAAAGGATTTTCCAGTGCTGGCTTCCACAGCACAAATACTAAAATTGGAACCATGCGGAGAAGATTAGCATGGCCCTTGGGCAAGGATGACATGCAAATTTGTTTAAAAAAAAAAAAAGAAAGAAAAGAAAGGGAGGGAGGGAGGAAGAGAGGAAAGTAGGAAGGAAGGAAGAAAGAGAAGGAAGAGAAGCG,"[[123262675, ""T"", [""A""]]]",yes,no,T->A,1
chr2,76556041,76556346,AGTGGTTAGAGAGCTGCAACTACCTAGAAGAGAATCCGGGAACAGAATAAAAGGAACAGTCCCCATGATGTCCTTATAAATGTGCCACTAGTCTAACGGGAGAGAAGGCATGCTTTCTAGTTAATTTTCCATATTAGGGTAATGAGAAGAAATAGACAAACTGCCAGCAGATTCATTTGGCTAATGTTTCAGCCAGCAGACCTGGCACAGCTCCTACTAAAAGGGGTTAAAGGTGAACAAAAATCTATATAATTCTAAGCTGCTTCTTTTGGCCTTACAAAATAGCAGAGTAGGGCCACTATGGAT,"[[76556156, ""C"", [""T""]], [76556211, ""G"", [""A""]]]",yes,yes,G->A,2
chr9,108720763,108721035,GTAATTCTCAGAATAAACACCTGGCAGAATACCTCCACATCTGGAGCACATCAGAAGACTGCAATTACATTTGGCCAGGCCAAGTGCTCCACAGCTGCTACAGGGTAAAGGCAGGTAATTAAAAACAGCAAGTTGCCATGGTACAAAATTGGTTGCTGCTGAACAATTTGTGTGTTTGTCTTCAGAGCTAAAGTACTAGAATGAGTTATGTCTTTAGAGGGACAGGAAAGTGATTTCTCAAGACACCTAAATGGAGAGGAAATACAGGATAAA,"[[108720767, ""C"", [""T""]], [108720916, ""C"", [""T""]]]",yes,yes,C->T,2
chr8,21711771,21712049,TCAGCAGATAAACAAGTGAACAAAGGTCTCTGGTTTTCCTAGGCAGAGGACCCTGCGGCCTTCCGCAGTGTTTGTGTCCCTGGGTACTTGAGATTAGGGAGTGGTGATGACTCTTAAAGAGCATGCTGCCTTCAAGCATCTGTTTAACAAAGCACATCTTGCACTGCCCGTAATCCATTTAACCCTGAGTGGACACAGCACATGTTTCAGAGAGCACAGGGTTGGGGGTAAGGTCACAGATCAACAGGATCCCAAGGAAGAAGAATTTTTCTTAGTACA,N,no,no,N,0
chr1,13917681,13918071,CAGTTACGTGGGAGGCTGAGGCAGGAGGATCACTGGGGCCCAGAAGGTTGAGGCTACAGTGAGCTGTGTTTACACGACAGCACTCCAGCCTGGTGACAGAGAAAGACCTGTGTCATCAAAAAAAAAAAAAAAAAAAAAAGGAAAGAAATTATGCTAAATCTATTCCACCTGTGCTCTATAAATGGAACAGCAAAGCCTGATGACAGCACATGTTTACAGCATGGTTTACTGAATATTTTAAGCCCACTATTGGGACCTACTGCTCAGATAAGATTCCTTTCAAAATATTACTGCTCATAGACAATGCACCTGGTCATCCAAGAGCTCTGATGAAGATGTACAGGGAGATTAATGTTGTTTTCATGCCTGCTAACACAACATTCATTCTGTA,"[[13917684, ""C"", [""T""]]]",yes,no,C->T,1
chr18,28890729,28891213,CACAATGAAGCCAGAATATACCATTTTAGACTGAGCAGTGAAAATGACACTTTGAATTCTTTCAAATATGAATAAATATTATAATATATTCTAAAATTCCCACCAGCATACAATGACCTATAAATTGACATAAATTCTATAAAATTCTACAGTCTTTCAGGTTTCTAAACCCTGAAGCGACTGCACTCACTAGAAACGAGCTCTAGCCCATAAGATTAGCAAATAGTTATGTGGAGAGCAGCAGGAGCCATCTGCTCAGACACGCACACACACAGGGACAGTGCTGAAGGAGCAAGTGCCAAGGAAGGGAGGCACTTCCTGCACATCCTGCTGGAAAGCACATGCTTGTCTCTGGCATTAGGAATATTTGATCAGCATAGACCTATTAGAAACAATTTAAATCTATATTTATCTTCATTAATATATCCCAGAAGACTTCAATATTCCAATAAATGTTCACTCCTCGTTAGGATCTTCAGTTCATT,"[[28890935, ""A"", [""C""]]]",yes,no,A->C,1
chr3,132509233,132509435,TGGAAGAAATTGTTTCCAGCTCTCATGGATGACTTTGAGAAGTTCAAGATTCCAGTGGAGGAAGTCACTGCAGATGAGCTGGAACTAGCAAGAGAGCTAGAATTAGAAGTAGATCCTGAATATGTGACTCAATTACAGCAATCTCATTATAAAACTTGAAGAGAAAAAGGGGTTGCTTCTTGTGGATAAGCAAAGAAAGTGGT,"[[132509367, ""G"", [""A""]], [132509369, ""T"", [""A""]]]",yes,yes,T->A,2
chr4,150495625,150495947,GAGGCCTAGCTAAGCAAGGGGTTCATTTCTTATTGGAATAGTATAGGCCTGGTCTGAGGCTTCACTTCAAAGTCTCTAGAGTTCAATTAAAACTGGATTAGGTAGAAACAGACCCTTCTTTGGGACTTTCTGTTCACTGAAACTCTACATACACTGACAGCACCTTAGACAGAGGTCTAGCCCTCCAATGAATCAGTTGCCATAGAAACCATATCATTACCATTGCTCTGCAGTTATGACCTCAACTCCTGAATTGCTTGAAATCTTTACTCTCTTTGAATGTTTACCACCTTGTTTTATTATTGTTAGTATTATTATTAGTA,N,no,no,N,0
chr12,127423177,127423669,CCGACAAGCCCATGGAAGGACCTTTGCCAAAAAGCACAGACTTCCCTTGAGGCAGTGACAAGCCACAGTCTGTATTGGAGAGGACTTAAAGCAGTTTCAACTCATGCAACATTTAAACCACTTATGGACACACCCAGAGAAAGCCATGGCTACTTCCTGCCCATCTCCCAAGCCAAAAGCTAAAGAGGGAGGTGGCCTGTCCCAAGCAGACATTTGACATTCTAGACTGAGTCAGAGAAAAGCCCACAGAGTCCGGTCATCTCGTCTCACAGCTGCTGAAGGCTCACTGATGTCCTGCTCCTAGCAGATGTGACCCCTGGCTGAGAAGGATTTTAGTTGCTCTCAGGTTAATATTATTTACCATCAGCTTTGGGGCAACCTTTTAAATGGATGGATATTAACAGAGCCCTTCCTAGAACAAGGATAAAAAGAATAAACTGCCTTTCACTCACCATCTGTGTAATTCTATTTCTTCCAGCAATGAGAAACTTGA,"[[127423204, ""T"", [""C""]]]",yes,no,T->C,1
chr1,75234626,75234834,ATGGTCTAATTATCTGTAGGAGTTTGTGATGCCTTACGTCATCCAGACTTCTATTCCAGCTCCCCAGTGATCTGTGGGCCATTATTTGGAATCATGATAAGGCTTCTGTGTCTCCAGGGACATGTGACTTTATCAAGCAATTAACAGCACGACTATCTTCTGTCAGCTTTAATTTCTTCTTAGAGCTTGACTGAACTACTAGAGAAGCT,"[[75234641, ""C"", [""G""]], [75234662, ""T"", [""C""]]]",yes,yes,C->G,2
chr4,183586159,183586657,GGCTTTTTCATCCTCTTTCTCCATTTTTAAAATTTTAATTTAAATTAACAAGACTACCCATTTATTAAGTAACAGTGAAAGACAACTCTACCAATGTAACTGGTATGAATAAATCCACTAGAAAGATAAAGTTAGATTAGAATGAATCTAATTTGTTAATTCATTTGTTTAATGAATAAAGATTTGGAATAAATGGTGTTGCATAAACCCATTTCCTGAATTAAGAATAGGGAATATAAAATATCCTAAAGCCTATAGAGAACAGTGAGCTATCATTTTAATTTTATGACAGTTTTAAAACAGAGACGGATGAGAATGAGAGCTGTTGGGCCTGTGGACATAAAGAGACAGGCAGACAGAAGGAAAGCTAATGTTGTTAGAATTGGTGGCTCCGGTATAAATCGGACAGGAAAACACTCCTTAAGATAGAATCCTTCAGAGTGGAAGGAACATGAAACTGTGAAAAGCATCTCTCTGGAATTCCTAGTCAGAGATAATA,"[[183586233, ""A"", [""G""]]]",yes,no,A->G,1
chr2,161776091,161776291,TACTAGTTAGTCGAGTTTGAAATAGTCCAATCACCCTCTAGGATGTGGCAAGTTTCTGTTGTGGCCACACTGATGCATACTTTAGGTCTTTAAAAGCAGCAGAACTTGAGATGAAACTCTGCCATTCCCCCTCAGAGGCATACTGATTTTCATCAGTAATGCAAGTGTACAGTTCAGTAATGTTAAGTGTATTCACATTGT,N,no,no,N,0
chr5,23674979,23675213,TACACTTTCTCCCTTCTGAGCCCATAAAAACCCCAGACTCAGCCAGACACACACAGATATCAGGACTACCAGATGTGGGAAGGAGCTTCCCACTGCAAGTCTCATCTCCAGTGAGAGCTGGGCACTCGTCAGGACAACCTGCCTGTGGAAAGGAGCTACCCACTTTGGGGCTCCTGAGAGCTGTTCTGTTGCTGAATGAAGCTCCTCTTTGCCTTGATCATTCTCTAGTTATTCA,"[[23675051, ""C"", [""A""]], [23675075, ""G"", [""A""]]]",yes,yes,G->A,2
chr15,27260103,27260430,TGCTATAACTAAGTACCACAGACAGTGGGGCTTAAACAATGGAAGTGTATTTTCTCCATTCTGGAGGCTGGGAATCCAGGATCAATGTGTGGGCAGGGCTGGTTTCCCCTGAGGCCTCTCTCCTTGGCTTGCAGATGCTGCTTGCTGTGTCCTCACATGGCCTTTTCTTACTCAGGCAGTCCCCATCTATTTTTTCGAATGAGGACATCAGTCCTGTTGGATTAGGGCCCACTCTTACTACCTCATTTAACCTTAATCACCTTGTTAAAGGCTCTATCTCTAAACACAGTCACATGGGGGCATAGGACTTCAGCGTATGAATTTTAGG,"[[27260147, ""A"", [""G""]]]",yes,no,A->G,1
chr15,48378208,48378500,CTTTCTGGTTGTTGCCCTTCTTCTTCCCCATATTTCTTCTCCATCTCCTCTCTCCGTTTCACTGACTCTCTCACTTCTATTTCTCGGACTCCCATCGGCCCCTGACTTTTTGTTCCAACCAAAAGCCTCAGTTCCTGCATGCTTGAAACTCTTGTATATTAGAAAGCACCTGTGCCTTCCAGGTCTACGAACAGAAGTCAGCAATTTCAGGCACTGCAGACTGAAAAGAGATTGTTAAATGAGGCAAGAATCTATCATCTGTGAGAGAACAGTTTCCATGAGTTGCTGGGGTC,"[[48378237, ""T"", [""A""]], [48378333, ""G"", [""C""]], [48378411, ""C"", [""A""]]]",yes,yes,C->A,3
chr8,59802975,59803293,GTAGAACAGACAAATTTTGCTAAAGTGTATCTTTTTTCAAATCCCTTCAATGACACTGCCAGTCAAATTATGTCTAAACTGCTCTTCTGGAGTGTAAAACTGTGATTATGTCCAAACATACTCCCCTAGTTATTTTTAAGAAGTTCTAGAAAGCAAGGTGTGGACTCTGTGGCTAACCAAGGAAATGGTCTACAGGAAAGATAGTTAAGCTTTGGTTTAATGAGTGGTTGACCTTTGGGCAAGTTAGTGTGGCCTACAGGAAGGGACTGCAATCTAGACATTTACCTCTCTTTCCTATCATCTTGTTACCCAGCTTGTG,N,no,no,N,0
chr9,78826527,78826901,TCTGGTTTTCAGCAGAGCACTTTACACACTTGAATCTTTCTTTCTAAAATCAAAAGTTAATTCTATTGAATTAGACAGGATTAGGAAAAGGTGTTTAGGTATTTTCATGCTGCCCAGGCTTGTTCCCTACTCACATCAGTGTTTGTTGGCCTTCAGTGTAGGAAGGAGCTAGACGTAGTGAGAGAGCAGAAGAGGGAGGCAGGTGGCAGCCAGATGGGTACACTGGCCATGGAGCCAGCACAGGCCAGGAACAATCAGCTCTAAATAACTCTCTGTTGCTCTGCCTCTTTGATTTATTCTTCGAGGTCCACTCAAGTTTTATATCTCAGCTTTTCCATCCCATGTTGATTGCTTGATTCTCTAAACAGTTGAAGG,"[[78826590, ""C"", [""T""]]]",yes,no,C->T,1
chr12,58459237,58459549,ACTCTCTGGCCATTTCAAATATATAGGTTACATTTGCACATTTGCATGTGACTTTGATGTCATATAAATAAAAATAAGCAAAAAAAAAAAATTAAACTCACACACAGACACACAAAATTAGGCAATACCAGGAAGTCTCCAGAAGATGGGTGTGCAGCTGCTTCTCTTGCCCTATGACTCCTCAGCTGTATCTGGCTCAGTAATGTGAATACTTATTTATAACCTAATCAAGGCATAAGATCCCACTTTTGCTTTAGAAAGTATTATTTTTTCCAATATAAACATATATGGGACCTGAATGAGTGATTTTGGA,"[[58459459, ""A"", [""C""]]]",yes,no,A->C,1
chr20,49189578,49189817,CCATTGCACTCCAACCTGGGCAACAGAGTGAGACTCTGTCTCAAAAAAAAAAAAAAAAAAAAAAAGAATCTTGAACTTCTGCACACTCAGCGAAAATTATGCTCGCGTTGTGAGAGGTCCAAGAAACTGAGAATGAATGAAGGAACTGCAGGTGCACAGAGCTTCTCTCTCCCGCTCACTCTGGGACTGCCGCCCCACTATTTAAAAATAATTCTCTCTCTCTTAAATGTCTCTCAATCT,"[[49189797, ""T"", [""C""]]]",yes,no,T->C,1
chrX,108947308,108947678,CTTGTAAGAACTCAAGTTCCAACCGCTGTGCTCGGCCATTCCCCTCTGGCTATGGCTATTGTAAATGCTCCCTTGTGGCTGGATGTCAGCTGAGTTTGGTCTAATTTTACTTTTGGCCATAATAGGGCAGCACTGAGTTCAGTGTCTCACAATTGCTGTGCTCTACATCTACCCAGCACACAGTAACACTCTCTGCATCATGCTGCAGCTGCTGGAAGATGGGGGAGGGGTGGCATTGGTAATACAAGACTGTTTTCCTACCTCTTTAGTGCCTCTTTTAGCAATATAAAGTTAAAAGCAGGTACTGTGAGTGCTCAACCAATTTTTGATTCTTATGAAGGTGCTTTTTGTGTGTAGATAGTTGTTGAATT,N,no,no,N,0
chr21,41144672,41144962,GACAGACTATTCCGAAGGAAGCCCGGAGGAGAACCATGACTCCACCTGCCCCCTTCTGCTGGAGGAGTAGAGGCGTCCTGGCAGCTTCACTCGCTCAGGCAGGATGGAGGTGACATAAATGTTTCCTGCACCAAAGCATTCAGAGCTAGGTTAGGAAAGTACAGACAAGAAGAAAGGACAGCAGTCACAAAACTGGCCTTTCTAGTTCTTCCTTAGATCTCATAGTGAGCTCAGTAGCAACTGGGGTAAAGTAGGTGCTCCTACTTCAGCAAGGACGAATCATAAGATGAC,N,no,no,N,0
chr3,1331274,1331637,TCACAGTTATCTTTGTATGTCCTGTGCCTTGGCACAGAACCAAAACTTAATAAATATCTGTGGAATAAATGAATGAATCAAAAAGGGTGAACATGTAAAGCGTTACCAGCTTTACAGAAAGGCTGTTCTTGGGGAAATCCCTCAAGACATAGGAACAGGTGCTTCAGAACTAAGGTGAAAGAAAAGGTGAAAGGAAACCTGTTGTCCTGACTCAGGTTGGGTCTCTTCTTCTGTGTGCATTGCCTAGGAGATTTGCTCCCAACAGATTTAGATGTGAATTCTTTTTAAATGTTTCCTCATGCATTCCTAAAATCTAATCAAGGTTTGAATACACTGCTGTGGAACAGAAAAGCATAAGAGATCC,"[[1331279, ""T"", [""G""]], [1331625, ""A"", [""G""]]]",yes,yes,T->G,2
chr12,54740957,54741157,ATTTTTTTGGTTTCAATTTCATTTAGTTTTGCTCTTATCTTGGTTATTTCCTTTCTTCTGCTGGGTTTGGGTTTGGTTTGTTCTTGTTTCTCTTGTTCCTTGAGGTGTAACCTCAGAGTGTCATTTTGCACTTTTTCAGTCTTTTTAATGTAGGTATTTAGGGCTATGTACTTTCTTCTTAGCACTGTCTTTGTTGTATTG,"[[54741063, ""A"", [""G""]]]",yes,no,A->G,1
chr10,43072051,43072364,GGCCTGAGGTCCTGTCCACAGACCAGCCGGCCTCTGAGCCCCTCGGGCTGGGGCTGCCTTATGTGAGCCAATCCCCCAGGAGCCTGGGTGGCCGCAGACATTAATCAACCCACCACTCCCGAATGTGTAATTCAAGGTCAGATAAGTGGTCCTCTGCGGCAAATAGGACTCTGGGGACCCAGGTCCCTCCAGCACTTAGAAGGCTTCTGGTTGCATGGGGAGGGCTCAAAGCCTGTGGCCAAGCCAGGATGCAGAAGACAGGTGTGTGCTCTAGCAAGCCAGTCTCGTTGACCACCAGCTCCACACAGCACACA,"[[43072247, ""G"", [""T""]], [43072350, ""C"", [""T""]]]",yes,yes,G->T,2
chr15,27370161,27370627,TATCATCTCAGGTTCTCTGTTTCCACATCTATCAAATGAAGTATTTGCCTGGGTGATCCTGAAGTATCTTTCAGCTTTGACAACCATGAGGTTTGAGCTAGGCATTTAGCAGAGTAGAAAGGGAATCTAAGGAGGATAGCACAATGGACAGGTTGCCAGGAAAGAATCACATGCCAGATGGCCAGCTAGCCACTTAGCCTGCTCATGTAATAGCCTGGAGTACTTGTTCTGCAGCTCTTGCTTGCTTTGTTTTAGCTGTGGACATCAGACAACCTAACGCTGCCAGTCTCCTACCTGTTTGGGTCATCTCCAATTTGTTAATGACTCCACTTGAGATCTGAGCGGCGGAGTCTGGGACCACCCTGGGATCCTGGTCCAGCAGACTTGGTCTGTTAGTGGGAGGCACTGTGACATGCTCCTGTTTTGCCCTGGAATCTCAGGAGACCACCTCAGAGGAGGAGTAGGTT,"[[27370174, ""C"", [""T""]]]",yes,no,C->T,1
chr1,109312218,109312630,CATTTGTGAGCTGGTGTATCTTCGGAATTATTTTTAATTTTAAAACCATGCAAAATGAACAAGCAAAAAGACTAGTGCACTCCAGCCCTAACCATATTATCTTCACAAAAACTGCCTCAACTTTATTTTCTAACTGAAGCTCCCTGACTCATTTCATTCTACTGCAGTTTTAACATCTCTAAAAGTCTCCATCCACTCTCTCCCCCACTTTCCACGCAGCTGTTAATCCATTCTGGGGAGGAGAGAACTTAGCCATCTGCTCACATTCTGACTAAAGTTAATTTGGCACTTCAAATAAAAAAAAAAAAAAACACACAAAACTGACTTTCTAGCCACAAAATAAACTAGTAGCAAATGGTATCTACCAAAGAATGTCCCAGTCATAATCATTGGGAGAAACTGTGACCCGCACA,"[[109312277, ""T"", [""C""]]]",yes,no,T->C,1
chr16,17800999,17801438,GGTTGATACACTTTCTTCTCTGTGAGCCTTCCACCTATAAAACAACATGGTTAGACCTCACATTCATTAAAATCCTTTCCAGTTCTTGTGTCTTAGTCTCACTTAACAATGAGATGCTATAAGAGGCTCACAATGCTCTCCAGATAATTTTCCAAATGAGTCATTCTATTCCCAAACCAGTTAGAGTATATTTGTTTGGCATCTTACCAATAAAAAAAAAAAATTGAGCTTATCAATCTTTTGCCCAGCTAAACCCTACTATGAGTCCTGAGACTTAATCATTTACTACTAAGTAGCTACGGATACAGTTTATCCAACATGACTAGAAACCACAGAATAACCCATGAAGAATCCAGTTAACACAGGAAGTGACTTTCAAGTCAGAAAAAGGAGGAGAAGCAAACCAAAATGGCAGCTGACAAGAGGAATTAAGTTCTCCT,"[[17801318, ""A"", [""T""]]]",yes,no,A->T,1
chr2,81370897,81371394,TCAAGCTTCCATCTTGAAGGCAGACAGCCTGGGCTCTAACCTTTTGGCACCCTGATCTTGAATTTCCCAGCCTCTAATACTGTGAGAAATAAATCTCTGTTCTTTATAAATTACCCAGTTTCGGGTATTCTGTGATGCAACACAAAACAGACTGAGACAGATGTTCTCTGTACTAATATGTTAACCTTCTGGCATGATTACTTAGTGGAAATGTCTGTCATTTTCATTAAGCAATGACTTAGTAAGAATTTGGGCAGCATTGGTTCCTGAATCCTTTACACGTTGTTAGTAAAGTGACTCCTGTGTGATGAAGCTCGCAGTTCCATAATTCTGCCAGATAGAAATAAAAGCTTGCAAGTTCTGGGGATGAAGTCAAATACGCTCATGTTTCGCATCCCTAGACATCCATTGCCCATCTGGCATAATCCCATCTGTCACTCAGGGTTCTACCACAGGAGTGACTACTCTTGTTTTTAGAGAGGAATATATTTATACTAT,"[[81370921, ""G"", [""C""]], [81371178, ""A"", [""G""]]]",yes,yes,G->C,2
chr1,241499844,241500243,TGTATGTTTGATTCTACATAATGAAATATTTACAGTTCCAAAAAAGACTTATAATACAATAGCATGGTTTTAGACAAAATAGTTGCATTTTCCTTCCTCCCTTTCACTATAAGCAATGAATACATAAACTTTTTCTTTTAATTGTAACTTTCCATTTCTGAATTGAATAAAACAACAAAATTAAAGCATTGTAGAGATCTAGGGAAGGTAGAAAAATGAGTTCATTCAATGTTGCTAATCAGCAGTGCCACCTAGTGACATTACCCACTGAAGGTCTTACAAATAACCTTCCCCAATGGTCTGCATAGAATATTTGGCGTCTGAATTCCATTGAAATCAAAATAAGTTTGAACTACTACTTCTCGATACATTTCAAATAAAATGAGGCATAATAGATCTA,"[[241499925, ""T"", [""G""]], [241500176, ""A"", [""G""]]]",yes,yes,T->G,2
chr9,103925557,103925835,TAGGCAAAATTCTGCCACTAAGTATGTGAATATGCATAAATACATTTCCCTTTGTAGGCCTCTTTACCCCATCCACAAATCACGATGTTGGTACATAATTATCTGGGGTGCTTTTAATACATTTGATACTTGGGAACAACCTCAGACCAACTGAAACTGGATGTCTGTGTGTATTACCTGGCTTTGTTTGCTTTTCTTTTAAATACTGCTAGGACAGCTTCCTGTATAGCAAATTTTGTGAACCACTGTTCTTAAGGGTTCTTTCTGTTCTACCATTCT,"[[103925563, ""C"", [""A""]], [103925585, ""C"", [""A""]]]",yes,yes,C->A,2
chr1,176604423,176604769,TGTTAAAAAAAGGAATGTTCTTATTCTAGTACAGTGGTTGGCAAACCATGGACCATGGATCACATCTGGTCTATCACGTGTTTTTGTAAATAAAATTATTTTGGAATACAGTTACACTCACTTGTTTACATATTGTCTATGGCTGCTTTCATGTGGCAGAGTTGTGCAGTTAAAACAAAGACCATGTGGCCCACAAAGCCTAAAATATTTACTATCTGGCCGTTTATGAAAAAAACTGCCAACCCCTGCTTAAATACATATTTATCATACCATACTGTAACTTCCCATTCTTGTCTGTCTCTTGCACAAGACTTTAGTTTCTTTGTTCACAGTTCTTGGAACACATT,N,no,no,N,0
chrX,34808176,34808410,GAAAAGCTTGATGTCTAGAAAAATGTAGGTAAGTAGAAGCAATGGGCACCGGCCCTCAGTCTCTACTTCTTTGGATACCTTTACCTTGTAAGTTCCCACAATCTACAACTCTCTATGGGCATAGACTTCTTCAGAGAATGATTTGAAAACCAAAACCAAAACCAAAACTCTTATTATTTGGAAAGAAGCATGGGGAGATTGTCTTTGGCCCAAATAAATACCTCAATTTTATTTT,N,no,no,N,0
chr3,120414536,120414880,TGTGGAATAGAAAGGCGGGAAAGGTGGGGAAAAGATTGAGAAATCGGATGGTTGCCATGTCTGTGTAGAAAGAAGTAGACATGGGAGACTTTTCATTTTGTTCTGTACTAAGAAAACTTCTTCTGCCTTGGGATCCTGTTGATCTGTGACCTTACCCCCAACCCTGTGCTCTCTGAAACATATGCTGTGTCCACTCAGGGTTAAATGGATTAAGGGCGGTGCAAGATGTGCTTTGTTAAACAGACGCTTGAAGGCAGCATGCTCATTAAGAGTCATCACCACTCCCTAATCTCAAGTACCCAGGGACACAAACACTGCGGAAGGCCGCAGGGTCCTCTGCCTAGG,N,no,no,N,0
chr2,29289124,29289577,TATAATGATGAAGATAAACGGGCACAGATGCTTGGTTCAGTGAGAATGCCATCCCTCTTCTCCTGTCCTCGATCATTATGGCCCCAAGAGGCACAGGCCATGGGCTCCAGGTGGGACCCCAGCCCTGCCAAAGTCCCCTCAGCCTTGCAGGCTGCTGTTGAAGCCAGGGACTCTGCTCCCACGTCCCTTATCATCAAGGTAAGGAGAATAAAGCATGGTGTGCACTTGAAGTGTTTTGAACCCCTTGGGGAAAGACTTGATGGGTTTAGTCAATGTAATTTACCCTGCATGGCTTATAATTGCCTCTGAGACCACCATTTTCTCCCAGTTCAAAGAACTGACTCAGCCTAATGCCAATAAGCATGTCAATGTCCCCAGCCCCTGTGGCTTCGGGAAGGGACACTTGTGCTGCCACAGCAGGTCATGAGTAGAGAGCACCTTTTATTTTCTTCAC,"[[29289281, ""A"", [""T""]], [29289509, ""A"", [""G""]]]",yes,yes,A->T,2
chr5,55360281,55360495,TCATTCCTTTTCATTGCTGAATAATATTTCATTGTATGGGTATGCCAAACTTGATCTGTTCATCAGTGGATGGACATTTGGATTGTTTCCATGTTTTGGCTGTTGTGAGTAATGCTGCTATGAACTTTTTTTTTTTTTTACAAGTCTTTACTTGAATATGTGTTTTCTTTTCTCCTGACTGTGTACCTAGGAATGGAATTGCAGGGTCATAGAGT,N,no,no,N,0
chr3,82641719,82642154,CTGTCCATTAGGGTGTCAGCCTCAGGACCACCAGTCTTTCCTATTTTTTTTTTTTTGTTTCTTTCTTTTGTGGCTATCATGGTTCCTATCTCTTCTTTATATACAATGTTAAATGGTAAGGATGTTGTTGTAAACCACAGGAACATGACTAGGTAGAATGAGCATTTGGTTTAGTCATCAGGAGTGTAAATGAGAACAATGTGGTATCTGTCTATTCTTAGAAGTAAGTAGGATATAACAATTGAGAGTGTTTTTTTCCCTGTTGAAGGAACCCACACCAATAGGGCAAGAGGCTTTTTTCCCCAGGCTCTTTCCCCTACCATGGACTTAAGTTGTACTATTGGGAGGCACCTTGTTAGGCCAGGTCCCCAATTCCCATGACTCCCTTTCTCTTCCTTGGTTGAGGAGGACCTGGTCCCACAGTTTAATAGGGAAG,"[[82641993, ""G"", [""A""]], [82641997, ""G"", [""C""]]]",yes,yes,G->C,2
chr1,171814672,171815124,TTGAAAGAATGTGAAGATTAATGTGGAGAAACACACAAAAACCATTCATGACCACAAAGTGACTGCTTTCATATCGGTATGAACAAAAACACAGGCAAAGACTGTGCCACTCTGCTTAGGGGAGACGTGGGTGGCTTCCAGAAAATATACTGCATGAGCTGAAGGATGGGGAGTTTGCCAAGGGTGAGAAGAGTGGTTTAGGCAGAGGACTTGGCTGGGCAAAGACCCAAAACAGAAGACATCTGGAGGATTCTAGAAACTTGAAGTGGTTTGGTTTTTCTGAAGCATTAGGTTTGTGGTGGGAATGTCAGGAAATGTGAGTAGGGCTCAACTATGCCATGCAAAGGAGTTAGGTTTCATACTCTTAGCAACTGGGAGCCTTGGAAGGATTTTGAGGCAGAGAGATACCATCAGATTTATGTGTTATAAAGATCACTCCAGCAGCAGAATGGA,N,no,no,N,0
chr10,36943704,36943983,TCTTGCTTCTCCCTGCAGGCTGCAGCCCCAGCCACCGCTAGAGCGGTGAGGGCACACAGGATCCCAGATCTGCAGGCGGCTGAGCAGGTGGAGCCCAGCGAAGAGATGTTCCTGCTGCAGGCAATTATGCAAAATGACAAGTGATTGCTTTCCTTTTCAAAGACAACCCCTTTGGAAAAAGCTTTTTCCTCGAGGACCCTAGGGAAATGGGGGGTTGGTGGGAACTTCAGGGCCTTCGTAGATGAAAAAGCCTGAATGGAGCCATAGAGCAGACGCTGCT,"[[36943761, ""C"", [""A""]]]",yes,no,C->A,1
chr10,132274070,132274459,CTGAGGTGCAGGGGTTGGGGCTGGAAATGCAACCTACAAGGAGAATGCATCAGTCTGCAGATGCCTGCGGGGTCATTGCTCAGGACGGGACCAGACAGCAAGCAACATCCACGCTGGGTGTGGCCACACTGGGACTCAGCAGAGAGGCTGGCTCCTCCTGTCCTAGGGCCTGGGGAGCAGCCAACAGCTGCGCCCGGATTCAGGACTCACACGAGGGTAATGTGGCGTCTGAATCAAATGCCCATCCCACACCAAATGTGGGTCAACAGAAGCAACACACCATTGCTAGGGAAAGGCGGCTGTTTTAAATCCTATCTCATGGTAAGTGCACGGTTTTATTTTGGACACTTCTTCACAGAGAAATTTTCGTATGTGTTTGATGGGAGGTCA,"[[132274174, ""C"", [""A""]], [132274210, ""G"", [""A""]]]",yes,yes,G->A,2
chr14,88424600,88424943,CTTATTAATTAATTGCCCTATAGGATATTTTTAGATTGTACTTACAAATTTCTTCTTTGAGAGCTAAACTCTTCTGGTACATAAGCTGTAGTGTGAGTATCATTTAGGACTACTTATAAAAACTAACGTCTTGAAGTCATTTACCAAATAGTACCCTAGTGACTCAAAATTTAATGCCAGCATACTTACTTGCTTTGAGTAATGTTGTCTTGTATTTGGAATAAGGTTATAAAACAGTTGGAAAGGAAAGGTGATTTGACATATTTTAGATAGTAGTCACAATGTCCAGTTATCTGCAATTTTTTTGCTTTGATAAATCAGCACTTTAGGTTAGCTGACTTATT,"[[88424635, ""C"", [""T""]], [88424644, ""G"", [""C""]], [88424727, ""A"", [""G""]]]",yes,yes,G->C,3
chr11,45748912,45749317,CATGGTGGCTCGCACCTGTAATCCCAGCACAACAGAAGAAAAAAAACCTCCTGGGCTCAAGTGATCCTCCTATCTCAGCCTCCCCTAGTGGCTGCGACTACAGGTGCACCATATGCAACTAATTTGTTTATTTTCTGTAGAAATGTGGTTCTACTATGTTGCCCAGGCTGGTCCCAAACTCCTGGCCTCAAGCAATCCTCCCACCTCAGCCTCCTGAAGCACTGGGATTATAAGCATGAGTCACCACGCCCAGCATGATCCCTAATTGCTTACACTTTCTCTCCTGCCTCTTCTCTGCTTCATGTCTTTGTCTCTCTTTGTTATATGTACAGAGGAAGTTCTTCAACTTTATCTTCCAACTCTTGATAATTTTTAAAATTTTTACCATCAGGATTTTTACTTTTAA,"[[45748923, ""A"", [""G""]]]",yes,no,A->G,1
chr15,62269494,62269735,GGACTGGGTCCTAAGATCAAAGGCCAGTCTTGTGGCAATAATGACAGTTCTCAGGGGGACTGTGATTCACTACATTCCACTCCTTGTTGGGGTGATCAGACCCAACACCAGGCCATGGGGGCTACGAAGTCCGGCAGAGTCAAAGGAATGAGAAAAGACAAGTTAAGGCATAAAGTGGGACCAGGGGGCCAACGCTAGTATGGAGGCTGTGAAGGCCCCGAGCTCTGGGAGCCTATGCCATT,"[[62269559, ""C"", [""T""]]]",yes,no,C->T,1
chr20,1173628,1174079,GCAGGCCCTGCAGCTCAGCCCTGCAGCTGGGAGGCAGGCATCGGTCCCCTTCTTAAGTGATTTATTAAGTCCTGGGCAGGGGGAAGGGTGTGGAGGTCTGGTCCCAGCAAGTGGCATCTCATTGGACACTCCCTTGTCCTCAACCACCATTTTCAGGCAGCGGGATAATCCCTTTCAGCATTCTTTTACCCACACAAAGGTCCAGCAGTCCAGCTGCTCTTGAAAAATCAGGAGTTCTGGTAACCCTGAGCCCATCCACCACAGGGCAACAGCCAGCCAGAGTTGAAGCAGACCTCCCCTTTAATCCTGCCGCTGTCCACAGCCACCTGCTTAGTTCGTTAATGTCACCTGCCGAGCCCTGCAGGCATTTGCACTTGGGTCCCTGCTTTAATCTGATGAGAAAGGGTGGGGACTCTCAGGGGGAGAGTCAGCAGTAGTTAACAACTCTCCTG,N,no,no,N,0
chr20,43552943,43553279,AAAGTATAACAAAGTTGAAGAACAAACCGATTTCTTTCTTTCTTTCTTTTCTTTTTCTTTTTCTTTTTTTTTTTTACAGAGTTTTGCTCTCGTTGCCCAGGCTGGAATGCAAAGCCACAATAATCAAAACAATGTGTTACTGGCATAAGGACAAATAGACCAGTAGGATGGAATTCAGAGTCTAAAAACAAGTCCATATGTCCATAACCAATTGAAATTTTTTTTTTTTTTTTTTTGAGACAGAGTCTCGCCCTGTTGCCCAGGCTGGAGTGCAGTGGCGCGATCTTGGCTCACTGCAAGCTCCGCCTCCCGGGTTCACGCCATTCTCCTGCCTCAG,"[[43553074, ""G"", [""A""]], [43553105, ""A"", [""G""]]]",yes,yes,G->A,2
chr9,82299900,82300299,CATATATTTGCAATTGATATATTTTTTAAATGAATTGATCCCTTTATCATTATATATTGATCTTTTTTGTCTCTTTTGACTGTTTTTGACTTAAATTCTGTTTTGTCTGATGTAAGTTATAGCTACTCCTGCTTGGTTTTGGTTTCTGTTTCTGTTGAATATCTTTTTGCATCTCTTCACTTTCAGTCTATGTGTGTCTTTACAGATAGTATGAGCCTTTTGGAGACAGCACATAGCTGGGTCTTGGTTTTTATCTATTCAGCTACTCTGTGTTTTTTATGTGGAGAATTTAATTCATTAACATTGAAGGTTTTAATTGATATGTGAGGACTTATTCCTGTCATTTTGTTGATTGTTTTCTGTTTTTATTTTTCATGTATCTTTTGCTCCTTTCTCCTTC,"[[82299956, ""G"", [""T""]], [82300286, ""T"", [""C""]]]",yes,yes,G->T,2
chr21,29433668,29434040,GCAGAGAAATAATCTGCGGCAAATCCACAAGTTAATGAGATGCCTGATGTGGGAGTGTGCATTTTCTAAGAAAAACCATTCCTCTGAAAGATACTGATCCCAGACTTCAGAGAAATGATGAGGGCCTTGGAACTTTCCTGCAGGCTAATCTGCCAGAGAACCAGTTTGCCAATCCCTCGGATATTTGCTCCTGCTTGTTTCTTTTCCAATTGCAGTTGTTTACATTCCTCTGCCCGGCTACCTCCTCACATTCCTCTTATATATATATTTTTCTTAGCTTCCTCCTTCCCTGCTGTATTTGAGGCATGCCTAACAACTCTCTTTCATTGTTATTTATTTATATTGCTAAGAACTATGGGAAAACACATAGATT,"[[29433684, ""T"", [""C""]], [29433685, ""A"", [""G""]]]",yes,yes,A->G,2
chr3,10664066,10664375,CCATTACCCCCATCTGACAGGTGCAGAAATAGAGGCTCAGGGAGGCTGAGCAGAGTCTAAGAGCCAGGGAGTGTTTTTGTGGGGATGGCAACCCAGAATCACTGAGCTCCAGAGCCGGCACCCTGCTCCCTTTTCCTTTTATCACCTGCAGCTGTCACCCCCGCAGCATGTTTCTAATGAGAAGATCATTAGAAACCACTTCCTGGAAGCCCCCTGGGGTCTCACACTAAAGTGGTCAGCGGCTGAGAGGATTTGGTTTATCCTTAACAACAGAGTAGCTTCTGGGGTCCCCAAGGAGACCTGCACCACA,"[[10664090, ""G"", [""A""]]]",yes,no,G->A,1
chrX,12419608,12419905,AAATGGTTGAGAAGTGCTGGTCTAAAACTCCCCAACCCAGTCAAATCTGGCTTCTGCCCATATCAGTTCACTGAACCTATTTGCTCCAAGGACACCAAATTCAAGGGCAAGTCCTTACTAGACTTCTGGGAATCATTCACACTGTTCTTGACCGTTCTTCTGGAAATGCTTTTCCTCTGACTTACAGGAGTCCAGAGAGGAACACCATGTACACTACTGGTGTTCTTCCTACCTCCCTGGCTCCTCCTCCTTTATCTCCTTCATGGGCTTTTCTTCCTCTGCCTAACCTTAAAGGTTA,N,no,no,N,0
chr8,106423081,106423377,TCAATTAAGTCACCTTCTCATTGTGATTTGCTCCCATAATGAATACACAGACTGGCCTCAGGGGAGTTTTATTACTTATCATAATTGATTAAATTAGCATCTAGTTAAGTAAATATTAACAGAGAAAAACATTTCAAAAAAGACTACAACTCTTATCACTGTAAGCTCAGTCTTTCAAAACTATATAGATTATCTCCAAAGTGCACACGATGGATACCCTCAGATGAAATATTTGTTCGAAAATGCAGTCGTCAACTATCCTTTTGACCATCCTACTTTATCAGTGCAGCAGTCCCA,"[[106423085, ""C"", [""T""]]]",yes,no,C->T,1
chr10,82759063,82759479,GTTTGGGCCATGGGGGCAGATCTGTCTTGAAGAGATTAATGTCCTCTTACAAGTAAGTTCTCCATCTAAAGGGAATGGGTTAGTCTGGTGTTAAAAGGAGCCTGGCTTTCTTGGTCTCTCTCTCTCTCTCTCTTACTTCCTCTCTTACTATGCAATCTGTTTGCATATGCCTACTCCCATTCTACTTTCTGCCTTAAATTGAAGCAGCATGAGGCCCTCACCAGATGCAGCTGATACATGCTGAGAGTAAATTAAACTTTCCAGTCACCAGAATTGTTAGCCAAATAAACCTCTTTTGTTTGTAGAAAATCTTGAACTTTCCAGTCACCAGAATTGTTAGCCAAATAAACCTCTTTTCTTTGTAGATTGCCCAGCCTCAAAAATTCTTTTATAACAACTCTAAACAGAGACATTAAC,"[[82759089, ""A"", [""T""]], [82759213, ""C"", [""T""]], [82759320, ""C"", [""T""]], [82759437, ""A"", [""C""]]]",yes,yes,C->T,4
chr6,66161603,66161935,GAAGATATGTTAATAGAATCTTCCCAAATTGAAATGCAAAGAGAGATGTTGGAAATAAAGCTTGGAGTTGCAAAGAAAATGGACACTTAAACAAATAATTTCTCAGCAAGGCAAATTTACTTCTGCAGAAGGGTGCTTCTCACAAGTCTGGTTGTCCTGAGAGCACACTGAACAAAGGAGGGAAGGGGTTTTTATTTCTAAAGCAGCTTGTCCCTGCCAGCGTGTCCTGTCTCCTTTGGCTGGAGTTGGACCACACAATTTAAGCTGAACCTGGGTGGCTAACTTGAAAAGTGCAGGAATGTGGTTACACTGGAGAGAAGGACAGTTTTGGCA,"[[66161613, ""C"", [""T""]]]",yes,no,C->T,1
chr1,26887249,26887554,TCCCTGATTCAGTTTTATAAATCATTTCTCACTAAAAGAAGTAAGTTGGACTTCCCCCTAGTGGCCTGTTTCTGCCCAGAAAACTTAAGTATCGGGGCTCCCTGGCAGCTCTATCCTAAAGTAAGCTGAGGACTCTACATCACTCCATGTCCAGACTAGAAGCTAACTGGCCTCCCTGGACAAGGTCCCGACACCTCCCTTTCCCAACAACCTCCCTATTGCTCATGTGCTGGTCATTTTATCTGTCTTCTCTAGGTTCCTTTGTTGCTAGAGATGCTATTTAGGGAACAATGTCCCCAGTTCAGG,"[[26887342, ""T"", [""G""]]]",yes,no,T->G,1
chr8,17956540,17956931,ATAATGTCTGTATTATTTTGCTAAAATGGGTATAAATCGTATACATAAATTTTTTGTTTATCAGGAAGTTAAATGAAGTTCGAAAGAGATTGAATGAGCTAAGAGAATTAGTTCATTATTATGAACAAACGTCAGACATGATGACAGATGCTGTGAATGAAAACAGGAAAGATGAAGAAACTGAAGAGTCAGAATATGATTCTGAGCATGAAAATTCCGAGCCTGTTACTAACATTCGGTAAGAACTTTTCTGGGGATGTTTTTCCAGCATATTCATTCTGTCTTGATACTTATAATGTGGGAACAAAAATACTTCGTTGTAGTATTTACTATTTGCCTTTTATTTAAGCTTTCTACTATTTTGGTCAGTGTAATCATCTCTGCCCTGTGAA,"[[17956571, ""G"", [""A""]]]",yes,no,G->A,1
chr11,4108209,4108585,GAAGGGAAAAGATGTAGCCTAGCCAGCCCTTTTACACACAGGATTTATTTACCGTGTATATCTGGACAGATTAGAGACCAGTTTTAACTTTAGGTAATATAATGATTAGGCCGGGTGCGGTAGCTCACGCCTGTAATCCCAGCACTTTGAGAGGCTGAGGCGGGTGGATCACGGGGTCAGGAGATCCAGACCATCCTGGCTAACACGGTGAAACCCCGTCTCTACTAAAAATACAAAAAATTAGCCAGGTGTGGGAGCTGGTGCCTGTAGTCCCAGCTACTCAGGAGGCTGAGGCTAGAGAATGGCGTGAACCCGGGAGGCGGAGCTTGCAGTGAGCCGAGATTGGGCCACTGCACTCCAGCCTGGGCAACAGAGTG,"[[4108324, ""C"", [""T""]]]",yes,no,C->T,1
chrX,21255240,21255473,CAGCAGATGGTATCATGGCTTTGCTCAAACTGTTTAGATTACAGACACAATAATATAGCATTTTTTTTGCATTTGTGTCATTACCTACATCTGTATCAGTTTAAAGATTTACTTATATTAACAGCCAAGCAAAATCCCCTTTATACAGGATGTCTGAAACAAAAGTCAATGCGGTTAAGGAAGTGAAATATGTGTAATGTATGCAATTTTAGCTCAGTTAACCCCATATCAACT,N,no,no,N,0
chr1,170727967,170728384,GAGAAATTTGGTGTGTTCATGAACATGCTAAATGGCTTGGAAAATGGGTGTGGTTCAAAGCCTGATGCTTCAAGATCTCTGGTTTGAATTTGGTCACAACCAGGAAGTATTGCCCCTTTTTCTGTCTGGGTCCTCCATAGGAACTTTTCATACCAGCCATAAACAATCCAGATGGCTGCCACGTGGTCCTTACCAGTGAGAGGCGTCACACAGCACACACTGCATGAATGGGGATGAAATCATTCCTGAATTAATATAGGGTTATATTACTTGGACCTCAGCCATTTGAGCCTCAGTGTCTGCATCATATGTGTTTAGTATATGGACATCTAACTGAAATTATTAACGTGGCAATTTATGCGTGCCTTTTTTGGAAATATTCTATTTTAATGGAAAGAATTATGTAGAAATACTGGAT,"[[170727992, ""C"", [""T""]]]",yes,no,C->T,1
chr5,173558663,173558914,TAATGCACAATGCTGTCTATAATTTGGTCCAGTGTGTGCCTTTTATTCTCATTTTGCTTTTGTCTAATATGTGTAGTTCAACTAGTTTTACAAGGTTTGTTAAGACAAATTACATTCCTCAGTTTTCCTCCCTCCCATTTTCCCATCTCCAGGAACAATGTTTACGACTCTTTTAGTGTTCACTCCCTATCTCTATATATGGTTGAATTGCTGTTTCCCGCTTTTTCATTTTTGGTATTACCCATTAACTTG,N,no,no,N,0
chr5,3987761,3988245,CGGCATCCACAAATATCAAGGGAGAGTAATTCACCTATCTTACAGAAAAGAATATTTATAATTTGTCAGGATAAAAAATCTTGAGAAGGGATGAATGGTTTGACAGAAGGTGAGGGGGAGGGACTGGACACATGGAAGGGCAGATGGAAGAAGGGAAGAGGTGATGGATCCCGAAAGCCCTCTCTCTTCCTTGGCAGGACTTCTCAAGCATCAGGAGTCAATAGCCGGATTCCCCCAGTGGCTGACTCTCAGACACAGTTTAAAGAGACATCAATCTGTGATGTCCGCAGTGTTCAGCAGAGAGGTAATGGACTTTCAAAGATCAATATTCAAATGTGCTTGCTGTCATGTGTGAACCCCTTATCCTCTCCAGCAACTTGTCCTGGCCAGGAGGAGCCTCTAATGTTAACTAGCCCATTTCTAACCACCACTCAGAGATGCTCAGATGCTAAGGTGCTAGGAGTATTTCTCTTTTCCTTGGTTCT,"[[3987762, ""T"", [""G""]], [3987855, ""G"", [""A""]]]",yes,yes,T->G,2
chr15,79844288,79844554,AGAAATGCTAAAAGGCTAGACAAAAGGAGTGACAGGAAAATTGAAAGGAGAGAATAGATTTAAGAGGCATTTCAGAGGCAAAATCAACAAGACCTGGTGACAGGATGGACATGGAGTGTGAGTAAGAGAGCCACGTGACTCCCGGGTTTCTGGAGATGACCAAATCCTCCCCACAACAAAATTATTGCTCCCTAGCTGTGTTGCCATCTGCCAACTTTCAACTCACAGCAAATTTCATTTCCAAAGCAGAAACCATGAGTAAACAGA,"[[79844305, ""G"", [""A""]]]",yes,no,G->A,1
chr2,67854129,67854474,CACTCAATTAGCTCTCCTCCTCTCCCTGTCCTGATGGCATTACCCTACAATTGGCAACATTCTTCCCCACTGGCTACGATGGTTGCATGTATGCCGCCTGGAAACCAGAAATGTGTAACATCAAGTCTGGCCCCTCGCCAAATTTCTACAGGGCATTAGTAACAAACTGGTGAAGCTCATTAAAAAAAGAGAGAGAAACCTATAACCATTAAAAGTCCATTAAGCAGCCTGTCAGTTTGTAGAGCTAAATAGCCCACAGTAATCAAAAGCATATGAACCCCAGCTGGGATACCCAGTGAATTGTTTCGATTTAGGGGAGAATTCATCAAGAAAGATTGTTCTTGGG,"[[67854176, ""A"", [""C""]]]",yes,no,A->C,1
chr5,75234248,75234599,ACCAAAGTCTTAATACAAGTAGAATTAGGTCAGATTTCTATCTCATTCATGCTTCTTTTTATTGCTCATGTTTCCTATAGTGTTCCTGAATAGACAATATATTTATATGGTTCAAAATTCAAAAACCAGTATAGACTAGCCCTGATTACTCATGCTCATAGTCCTCACTACTCAGGGAGCTGAGGCAGGAAGATCACTTCAGCCTAGGAGTTAGAGGCTTCAGTGAGCTATGACTGCACTATTGCATTCCAGACTGGACAATAGTGTAAGATCCAGTCTCCAAAACAAACAATATAATAGGGTATGTAGTAAAATATCTCTCTGTCCCCTCAAATATAAGCTTTCTTTCCCA,N,no,no,N,0
chrX,55883647,55883851,TCTGAAAACAAGACATACATGTGGCCAACAAGCATATGAAAAGAAAGCTGAATATCACTGATTGTTAGAGAAATGCAAATCAAAACCGCAATGACATACCATCTTACACCGGTCAGAATGCCTATAAAAAGTCAAAAAATAACAGATGCTGATGAGGTTGCAGAGAAAAGGGAACACTTATACACTGGTAGTGTGAATGTAAATT,N,no,no,N,0
chr6,148257306,148257700,AATGTGGCTTGAACCTGAGTCACATAGGGTTGGCCTAGAGCTTTTTTAAGGAATTTTAAAATTCCTATCCAAGGCTGGCATTCATCTTAGAGACAAAAGTTGACATCTGCCTGGGAAGAAGAGAGTTCCCGAGGCCAGACCTCAAGTAGTCTCTCATGTGTTCCTGACTTCCGTCGCCAATTCCTTTGGAATTTGAATATTAGACTTTAGTGAGCATGTAATCCTTTCAGTATGCTTCTCCCACAAGCTCTGGGTTTTCAAAGCATAAGTCTGCCAAACTGCATTTATTAAGTACACATGCTATATTGTCATTGTCAGTTTACTTTTTTTTTTTTTTTTTTTTTGAGACGGAGTCTCACTCTGTCGCCAGGCTAGAGTGCAGTGGTGCGACCTCA,N,no,no,N,0
chr19,2227495,2227799,CCAGACAGGGCGGAGAGGAGCCGCCTGGGGGAGCGGCCTGGCCCTGGGGCTGCTGCGGGGCGGGGGGCCGGAGGGCGGAGGGCGGGCCACCACGAGCCTGGCCGAGCCGCTGCTTGTGCTTGGTGCCCGCACACGCCTGGCGGCGCCGTTTCGCTTCCCTTTTTGTGAGCCTGCGGCTGCTGCTCTGCGCTTGCCTGGATGCTGCCGCTTGTTGAAGCTGCGTTTTTCTCTCCTATTTGCAGGTGTCTTTAACCACGCGGTGCCCTCCGCCTCTGCTCATCCGTTTGGAGCCCGTGTCGGCCGCG,"[[2227520, ""G"", [""T""]]]",yes,no,G->T,1
chr20,41371395,41371622,GGCAGGGGTTTGCACTGACCCCATCCAGCTAGGCAGAAGCAGGGCTCGTCCAGGATCCTAGGGGGGATAGATGTGCAGCCTGGAGGCAAGGTCCTGGAAGAGTCCAGAAATCGTGGAAACTGGGCTCTGTAAAGCCTGGACGGACTTCCATTGAGTGAGAGTAGCTTAGGAACAGCTTAGAAATTGTGACTGCTGATGGACTGTCAACATGGACATATGCAAACCAGA,N,no,no,N,0
chr2,25178093,25178541,CCTGTCATTCTATGATTCTAGGCTCAGATCTAGAGTCAAGCTCTGTGTTTAAAAAACAAACAAACAATAGTCTTACAGAACGTGGCCCCTAATGGGCACAGCTGAGTCCTCTGGGCTGAGGAGGTAAGCTCTGTCCTTCTGTCTCTTGGGCCTTTCTCGTGTCCTGTTTCTCTCTGAGAATCTGCTCCAGTCTGCACACATGGGCAGGCCAGTTCTCTGCTCTGTTCACTCTGAATCCCAGAGGAAACTAATGGGGCCACTAATTACCAGCACTCCTGCTGCAGGCAGCCACCCATGGGGTCCAAGTGGCCTGTGGAAAGCCAGCCCTGATCAAAGAGCCCTCTGCAGCCGCTCCTCACACAGAGCCAGTTCCATGGGACACCCCAGTAGAGAGCCTGTAAGTTTGTGTGCACAGTCCTGCATCAGCAATGGCAGGTTCTCTCTTACCC,"[[25178140, ""A"", [""T""]]]",yes,no,A->T,1
chr18,10664629,10664958,ACTAGCAGATGGACTTTGGGACTCGCTCACATAGCATGGTGGTTTCCTGCTACCGGGAAGCACAGGTGGTTCTGAGCACTGGCCACACCCCACTGAGCAGCACTTACCCTGTGTGTCCATCTCTACATATGGAAGATGAGAAAAGTAATACCCGCCCCCTGGGTTTGCGGTGAGCATGGATGAGATCATGTACGTACAGCACTTAGCAAGGGTCCTGCCCCCATGAAAACTACAATGCATGTTGTTTCTCTGGGACCAGGGGGCACACAGCAGAAAGTGCCTTAGCCTCTCTGTCAAACGTTCTTTTCTGGCGATTTCATCAAGGTTGGG,"[[10664715, ""G"", [""A""]]]",yes,no,G->A,1
chr10,33388764,33389203,GCTTGTTTCTTTTGTAACATAAAAGCTGTGACATTTAGATTTAAAATGACCATTGTTTCTGCACTGGATGTTCTTGGCCTGTTGTTTCCTTCATAATTTTTACTACGGCTTTTGGGGATTCATTCACTTAGTCTTGGCAGTTACTGAATCTTCTTGTCCTTTGCAGCTATAGAGATGCCTCAAGTTGGCAAGAAAGAAAAGGAAGTCTTTGTGCCGTTGAATACCAAATCTGGTCTCTATTACAGTGCCGAAGGAGTGCTGTTTGGAATGACATTGGAAACAGCCAAAGAACATCTCCAAGACCTTCTGACGTTGATGGAGAGAACCTCTGACTGAATCCTTGGTGGCCAGGCAGGCAGGGCAGCTCATTCTGAATGAGTAGAAATCTCATTTATAATGTTCAACCTAGGTAACATGTTTTAGAAGACAACTTAAGTCAG,"[[33388847, ""A"", [""G""]]]",yes,no,A->G,1
chr6,84158196,84158453,GCCTGAGAGGCAGTCTAGTGTCAGTTAAGAGCATGTTTGGGTTAGACTGTGCCACCAGCTTTAGGACCTTGTGTCAACTAATCCCTCAATTTAAATCTCTCTTGTCTCATGGGTAAGATGGGAATGGTAACAGTAGCAATTTCAAAGGGTTGATATAATTGAGGATCAAATGACTTTCATCTTGTTAAGCACTTAAGAGTGCCCAGCATATAGTGAGGGCTTGGTAAGTGTTGGCTTTTATGATGATTTCATCTCCTA,"[[84158230, ""A"", [""G""]], [84158284, ""G"", [""A""]]]",yes,yes,G->A,2
chr12,10847690,10848141,GCTTTCAGTTATGTTACTGGTTATTTTTTATTTTTATTTTTTGGTTGCTGTAATGACTTACAAACTGTGACTCCATCTCTGGGCACCTAAGCCCTATGTGGAAACTAGAGCTGATTTCCCAGGCTCCTGGAACCAAGTAGAGAAATACTAAGAGACAGAAGAGAAAGACAATGTGAAAGCCTGCACATGATCACTAAACAGCTGTGGCAACTATTTATCATCTGTAGTGACACAGCTGAGTGGGTCAACACAGAGAAAAGACATTCATGCACTGATTTTTTTGTTTTGTTTTGTGTTACTCCCTGAAGCCACATAACCGTGCGGGGGAACACTGGGGGAAGAAAGAAGCAGTTAAGGATGGAGGAGTCAGAATGAGAACACTTCTCATTTGTTCATCATCTCTCAGCAGTCATTCCAGCCTGGGAAAAAAGCCTGCCCACTCCTATTGTCCT,"[[10847961, ""G"", [""C""]]]",yes,no,G->C,1
chr3,108031909,108032296,CCTCCAAGTACCATGAGGGTTAGGGTTTCAGCATATAAATTGAGGGGAGGAAGACACAAACACTTAATCTATAGCAGGTGAATTGGCTGCTTCCATCCTGGCTTGGAACTTCAGACATAGAAGCCTTGGGACTTTCTCAGGACTTTCTCCAGATCTGACTCATGCTCAGCAAACAAGCATCTCTGTGGATCACGTGACCTTAGCCAGGGATGTTGGTGAAACTGTGTGTTGGTCTAGGTACCTAGCCCATGCTAGGTGCTCATCGAATAGCTTTAGTGGGTGACTGTGACTGAAGAGGCATCCTGGGCTGTGCTTTCACACCACCAGTGCCAATGCTATGCATTTGCTCTTTTTCTAGCATTTTTTTTTTTTTTTTTTTTTGAGATGG,"[[108031975, ""G"", [""A""]]]",yes,no,G->A,1
chr3,31425239,31425566,ACAATAAAATGCAATAGAAGTGATAGTGAACCAGTTCCAAGTCTGGGTCTCAACAGGTGCATGATTTTGTCCTATTTTTGGAATCCTTGCCAGTGCCACAAAAACAAATGTTGAAGAATGAGAGAAACCATGTGAAAGAGAACAGTCATTCCAGCCATCCAAGTCATCCAAGCCCCTTCAACAACAGCTGACCTTCAAGCACATAAGAGAGCCCACTTAAGATCAGCAGACCTGCCTACCCAACCTAGAGCTGATTACAAACATATGAAGCAGCTCATCCCAGGTCAGAAGAACTTCCTAGCCAATACATAGGATTTTTGTTCTTTGG,"[[31425289, ""T"", [""C""]]]",yes,no,T->C,1
chr1,216898814,216899195,TAAGTAAATGAACTATTGTTTTTATGGGAAAACATGTCTATGGAACACTGGGATACATTTTCTTCTACTGTTGTCCCAGGTGGAAAGGAAATCTTAGGCAGTAGGGAAGGCCACTGAGCCCTAGCCTCTTCTGCTCGATACACTCCCATTAGCTCAAGTGCCTCAGGGGTAGAACAGCACATTCTCTCCTCTGGCAGGATCCTGAGTCACAGGTAGGACTGGAAACATCTCCTAAGGGTCTCAGGAGAAGTAGTAACAGGGTGTGACTGAATGATCATCTGTACATATATTCTTTAAAAAGAAAACATTTGGGCTGTTCTCAGGAAATAAATGGCTAAGAAACTTTATAGATAATGACAAGAAAGTTTCAGGGCTAAGTACT,"[[216898950, ""A"", [""G""]]]",yes,no,A->G,1
chrX,143502295,143502544,GAGTCAGCAAAGGGAGATAGGGGTGGGGCTGTTTTACAGGATTTGGGTAGGTAATGGAAAGTTACAGTCAAAGGGGGTCGTTCTCTGGCAGGCAGGGGCGGGGTCACAAGGTGCTCAGTGGGGGAGCTTCTGAGTCAGAAAAAGGAATTTCACAAGGTAATGTCATCAGTTAAGGCAGGAACGGGCCATTTTCACTTCTTTTGTGATTCTTCACTTGCTTCAGGCCATCTAGATGTATACCTGCAGGTCA,N,no,no,N,0
chr6,131175605,131175944,TTAATGGGGGTCAGGATATGCTACTCCATAATATTTTAAGCTAAAGGAATTTGAGAAAACAGCAGAAGTAGGAAAGTCACTCTCTGCCCTCCTGCCCTTCCCTGAAGGAGGTCATAAGACCCACATTTGAGATATGCGTTCTCTATGCCTGGAGGAATGGAACATCCTCCTTTCTGAGGACACCGGGTCACAGAGGAGAAGCTGAGTCAGTAGGCCTTGCTAAGTTTCCCCCAGTTTATTGCCATTAGATCATACTTTTTAATTCAATTGTACTTCTCCACAACTATCCACTTCTTCATCAAACATAGCATAAAAATACACAGGTTTACATGTTTATTTG,"[[131175743, ""C"", [""T""]]]",yes,no,C->T,1
chr17,33106692,33107141,GTTGATTGGTCCAGGGGCGGGCACCTGACTGGAGCTGAGCCAATGATTCCCTTCCCTGTATTTTTTTTTTCCCCTAAACAGGACGTCTGTGAGAGTCAAAACAGTCTTTTGCTGGGGGCAGGATCTGTAAAATATAAAACTTAGGCTCTGTTAGGAGCCATGTGTGAAAAAATATGTGTGTGGGAAAAATAAGCCTGTTTCTAGTGACAGAATGAAAAGAATTCAGAGGGAGGAGGAGTGAGAGATCTGAGGATTTAGGAGCCTTGGGTTCCACTCATTCCTGAGGCTGTATCCCTGCCCCTCCTGCTGGCTGGTTGTCGAAGCTTGCCTTGGATTCTGAGAACAATATAATTTCTTTTATGCCTAAGCTTGTTTGATTCAGGTTTCTCATGTGCAACCTAGATAACCCACTGCCTATTCCTTTTATCTTTGAAGTTACTTAGAGGTATC,"[[33106693, ""C"", [""T""]], [33107103, ""C"", [""T""]]]",yes,yes,C->T,2
chr8,122866443,122866809,TAGTGCCCTGCCTTTGGCTCCCTCACCCCATCTCACCCAGACCTTAGTGGATAGCAGGATTGTAATGTAAGCCAAAATTGTGTATGACACAAACACAGCGCCTGTGCCTAGGGGATCTAAAACTATTCTAGATTCCTTTTCCCATCAACCCCCCTGACATCTGCCAGGTGGCCACAGCCTCACTTCCAATCTGGGTGGGAAGACAGATGGCATGAGGGGATCAATTGGTCATGGCTGCCAGGGGCACTATGCTGAGAAGTGTGTCGAGGCATATCCAGGAAAGAGTATGCTGCAGTGGATTACTGATGTCTGCTGAGGAGGCAAGAAGAACTGTAGCATTCCTGCCACTTTTTGGCATCTCTAGACA,"[[122866524, ""A"", [""G""]], [122866633, ""T"", [""C""]]]",yes,yes,T->C,2
chr7,73353189,73353676,CCTGCCTCCCTTTTACGAGGATCTGATTACATTGGGCTGACCAACATAATCGCCCAGCTCAAGATCCTTCATTTAACCACAGAATCCCTTCTGCCATGTATGGTAATGTATTCGTGGGTTCCGGGAATTGGAACAAGGATATCTTGGGGGGCATTTTCCCATCTCTCATACTCTGTTACAGATCAGCATCTGTGAGGGACTACACATCTTGCCAATGCAGAGATAACTCAGCACTCTGCATCCTCAGCATTCTTGGCTTAATCCTTTCCGTCCCAGATGAGATCATCCTGACAGCCGTCTTTCAGAACATTTCCTTTCTCGTGCTCCCTTCTGGTGGCTGGGGCCTGATGGACACAGCTCACCTCATCTTTCTGCTGTTTGTTTACTGCACTTGAGGGTTGCTGTACTGTTTACATTGTTAACAAATGCTAGGTTTGCTACAACCCCACATCAAGCAAGTCCGTTGGTGCCATTTTTCCAACAGCATG,"[[73353233, ""G"", [""C""]], [73353442, ""C"", [""T""]]]",yes,yes,C->T,2
chr7,113639270,113639607,AATCAGTATTTAAAAATAGTAAAAACTTATACATAAATAAAAATAAACCTTCCTTTTTAGTAAAAACTCATGCACACAAGATAAATGCCATGTGGTTACACTTCAGAATTCCTGAAGTAGAGGAATGTATTTCTCTTGACCTCGCCCTTATGAGTACAATGGGTACAAACTGTCCTGTTAGGGGCTTTTGCACAGAGAGGTGAGCAAAGGGAGCAGAGTAGGAGAGAACTGATTTACACACAAGAAATTCTGGAGCTTCTGTGTAAGTATCAAAAGTAATAGAGTAGATAAAGAGTGGAATTATATCTACTAGAAGCCAGCATTTACTGAGTGCTAGG,N,no,no,N,0
chr1,78560865,78561088,AGAAAATTTTTATCTAATACAAAATATGAACAATGCATCCATCTCTAATTCTTCTGCTTGCTCCTCCTACAGCAAATTATGTAAATCCAAGCATTGGTTAATAGTGAAAACATGTAATTAGCACACAATATTAGGAAATCTGGTTCCCAGGATTAGTCACAACCAAGGGCAACCCAGTGGAAAGGCACAGTGTATTAAATATGTCTTTTACCAATTAAGTAGAA,"[[78560898, ""C"", [""T""]], [78560987, ""C"", [""A""]]]",yes,yes,C->T,2
chr14,60064581,60064827,GATTGATTTTGCTCTTTGTAATGTGTGGTTTTTAAACAACTATTACATTTAGGTGGAAATAGGATCTTTTGTTTAAAAACAACTATGCAGTTCTTAAGATGTCCAGAAGATGTCTTTGTTGCCCTTTAGTTTTGACAACTGCTTTCATTATAGTGTTGTGACAGTCTACTCTTCACTATTTATTACTAAATTGGCATCATCTTCTTTTTTTCTTTTATGATTATGTATAAATTAAATGCTGAATATA,N,no,no,N,0
chr9,132300076,132300527,GCCGATACAGCACCACTGCACTCTAGCCTGGACAACAAGAGTGAAACTCCGTCTCAAAAAAAAAAAAAAAAAAAAAAAAAGGGACAAGTCTCACTGCATACATCTGGTATTCGTTAAATTTAGGCTAATATTTTTGTTATTAAATTACCTAGGGAGAAACATACAACGGATGGAAGTGATGTAAGCAGATTCCTCAAGCTGCCTTACAGTGAGTTTTATGTTTGGTCATCTCATTAGTAATTGGCCACAAAACCAAGGATGAAATGTAATTTAACAAACAACAGATGGTCTGCAAATGGTCCATTTTATAGCAAACACAATGATGGATAAAGAAATGTAACAAAAGGATAGAACATTACAAAAATAAATACAAGGTATTTTCCAGTTAAGTCTAGAAAAACTAGAAAAGAGACTCTGAATGGCCATGTAATCAACATAGCAAAAACATGTTC,"[[132300188, ""A"", [""G""]], [132300452, ""C"", [""A""]]]",yes,yes,C->A,2
chr12,60832196,60832636,CATTTCATATAGTTTATCACTCTCACCAAATGAGGGCTGTTACCTTCTTGGCTTTGTTTGTGTTTCTTCCTATCTTACTGATGACTACTCCTCCTCTGTCTTTTTCTTTTCTTTTTTTTTTTTTTTACCAATATTTCACTCCCCGATGTAATGGATGAGTACCCCAGGGCTTAGGTGCTGCACTATTTTCTCACTAAAATAACTTCCCAGTTGGTCATCAGATCTTATGGCTTGATGACTGCTGATTTTATATCTACAGCTCTGACCTCTCTGTTGAAATCTAGGCTCATATGTCCAATTGCATAATCAACATTTTTTAGACATCAGATGAGATTTTATACCTCCCGAACTGAACTGATCTCCAATCCGCTTCTTTCTTAGTATTCTTCCTCTCAGTTGATATAAAATTCGTCATTCCAGTAGTTCAAGCCAAAATTTCTG,"[[60832229, ""A"", [""G""]]]",yes,no,A->G,1
chr13,36100212,36100486,AACCACACACACACAAAATTAGCCAGGCATGGTGGTGGACACCTGCAGTCCCAGCTACTTGGGAGGCTGTGGTCAGAGAATTGCTTGGGCCCAGGAGGTGGAGGCTGCAGTGAGCCAAGGTCACACCACTGTACTCTAGCCTGGGTGACAGAGTGAGATCTTGTCTCAAACAAACAAACAAAAATGATGATGTTACCAGGAAACAAAATACAATAAGCCTGCGCTATTCCTTTCACAGGAGACCAATTCCAGAAATGGCCTGAGAAATATGTCAG,N,no,no,N,0
chr2,48841144,48841476,TATAGCTACCACAGCTAGGAATGTGCTGGGTCTCCTCTGAACCTATCGCCTCTCTGAATCTCACCGGGAGCCTATGGTGAGTACTCTGTGGGTACCATGGATGAGTATTGAGGGATCAAGGGCTCTTCAGTCAGCAGGTAAAGAATTTTGCCTTTCACTTCAAGGCAGCAGATTCCTTTCTGGCCCAGGGCATGCCTAGACATGTCATCTGGGAAGTAGGGCCTGGAATAGGGGCCTCAGGACTCTTCCTGGTGCTCTATCCTACTGTGGCTGAGCTGGTATTCAAGTTGCAAGATAAAGAGCACTTTACTCTTCCCTTTCCTTTTCTCAAGG,"[[48841201, ""G"", [""A""]]]",yes,no,G->A,1
chr5,171610727,171611147,ACTCATTCCAAACGCTGCCTCTGTCCCTTTGGCACTTGTCACATCTAAAATAAAGCTATTATCTAAATATTTGTTGTTTGCCTCTCTGTGAGGAAGTAGACATTGTCTATCTTGTTTACCATGTCTGTACCTAGAACAATGCTTGGCATATAGTTGGTGCTCGGTAAATACTTGTTAACAGGTGCTGCGTCTGGCTGCGTGGACAGTCTCAGGTGTATTTTTCTCCAAGGCACTTGGTCATCAGACTGAGTCCTGCCCTGATCAGATTACACCCAGCTCATTGAAGCTATGAAAATCCCCAAGCAGTAATAACAATGGTCAACGAATATCTGCTTGTTTGTGTACTTCATCTTGTTCTGGAAAGGAGCTGTGGTAGAGCAGTGCACACGAGTTAAAGAAACACCATGAGCAGACATTTAGG,"[[171610807, ""T"", [""C""]]]",yes,no,T->C,1
chr16,61204479,61204893,TATGTTTTGAACCATATTGGGCTCACAGGAAAATTGAGTGGAAATTACAGAGAGTTCCCATGCCCCTCACAGTCACCACCACCCTCCCCATCCAGATTAATTATCTTGTTAGGGGATTGTAGTCATGATTAAATTTGAGCTTCTTCACTTAAAACTGAGCATTCCAGGAAGTTCTTTACATATGAAATGTAAACCTCTAGAAAAAAAGGGTATGATTATTCAATACCATTATCATGTCCTTACACATGAAACATCTTGGGAGACTAAAGGAGGAGTTAATGAGACTCTAGAGTTATTTTATTTCCTCTTTTCACAGCATACCAGGGAGAATATATGTCAAGAGACTAGTGCTGAGAATTTAGAACATAAAAATAAGGTTACTGGTTGTGTTGCTCTTCATTTTTCTAATTTTAAG,"[[61204540, ""A"", [""G""]], [61204637, ""A"", [""G""]]]",yes,yes,A->G,2
chr3,85842025,85842394,TATGTTATGCTTTTACATTTAAAAAAATTATTTGCTTTAATGCATAAATTTTCCAATCCCGTGGCTGCTGCAGAGGTTAAAAAAGTCTACCAAGAAAACATTCACCATGAACTCTCGTGATTAGTTTCTTTGTGTATTGCTCCAGAGTAAAACAAATCAGCACTAGAAGGAAAATCTGTTCTGCGAGGTCCCACACTGCTGGTCTAATGACCTATCCCCACAAGAGGATTGAATAGAGTAGATCCACTGTGGCTTCCCAAATGGCTGAGGCTGGCAGCCTCTGGAGATGAGGAACAACAGCTGAGGTGATAGAGAAAATAAAATGTTCTGCTTGAATGCAAGTTATATTTGCCTGTCTTCCTCAACCCTC,"[[85842084, ""T"", [""C""]], [85842086, ""C"", [""T""]]]",yes,yes,C->T,2
chr1,82318346,82318622,GCTTAATGCCATTGTGTTCAAAACAAAATATGTATAGCCTCAATTATTTGAAATTTGTTAAACTTGTTTTATATCCTGGTGTATGACCAATGCTGAAAATGTTCTGTAGTTGCAGGATGCAATGTTCTATAGATAGCAATTAGTTCAAGTTTGTGAGTCATATGTTGCAAATCTGTGATTTCAATGATGTTTTATGTTTTTCTGATCAAGTATTGAGAGAGTTGTGTTAAAATCTCCTTTTATAATTGTGTTTGTGCTTGTGATTTCTTCTTTCATT,N,no,no,N,0
chr9,65440874,65441216,AACATACATGGCAATATGCTAATAATTGTTGAACCTAAGTGGGAGAGATACAGGTTTTCATATGCTATTCTTCATTTATTCTTCCATAATGAACATTTTCGTAATTTAAAAAATCCTCCCATTATCCACAGACCCGATTTTCAGGAGGTGCCACCATCTGGTTCACAGGCATATGCCCAAAAGTAAGCGAGGAGCTCTGAGCAGCCAGCGTGGCAGTCACCAAGCCCTCCAGGCTGCAACTCCCAAGTTGGATGTTTATTGATTGAGCTCAACGTCTGCTCCCCCTTCCCATCTGCTCTGACTTCCGTTTGGAGATCCACGTGGTTTAGGAGAAGCTGGCTCC,"[[65441121, ""G"", [""T""]]]",yes,no,G->T,1
chr5,171710723,171710985,ACTGGGCAATAGCATGGTTGGACTCACTTTTGCCAGACTGGATGCCGTGTGAGGAGTACATTGGTACAGACAAGGTTAGAGGCCAAGAGATTACATAAGGCCAGTAGCCATCATCCAGGCAAGAAATGACAGTGACTCAGAGGGACATCCACAAGGGTTGGGATTGATTAGATGCAGGTGACGAGTGTGAGTGAGGAGTCAGCCATGACTCCCAGGACCCTGGCATGTAGGCCCTGCTCCCTGAACTGTGGGTGGAAGGCAGG,"[[171710733, ""G"", [""A""]]]",yes,no,G->A,1
chr21,32983062,32983407,TAATTTATCACCTGAGTCCTATACAAAGATAAAGGTCCCATCTGTTTCTCCTCTCCTTTCCTCTTCTCTCCTCTCCTCTTCCCTCCCCTCCTCTCCCCCTCCCTGGCCCTCCCCTCTCCTCCCCCTCCCCTGCCCTCTCCTCCCGTCCCCTCCCCTCCCAGCATGAAGGCAGCTGCAACAGTATGTCTGGTGCCCAGGATACAGGGTATTGGGGACAGGGTATGGAGGTAGGGAGCAGAGAAAGCAACTCTTTGGAGACTGGTTACAATAAACAAGCAAGTTACTTACTTGAGTCAGCAAATAAGCAAATATACCAAGGCTAGTGAGAGGCAGGTTGCTCACTGTC,"[[32983206, ""C"", [""G""]], [32983295, ""G"", [""A""]]]",yes,yes,C->G,2
chr15,44328133,44328493,TAAAGAATATTTTGGGTTGATGTAAAAGCCACTGAAGCTATATTTTTTAAAAAATAAATGTTGCCGGTCAGGCATGGTGGCTTATGCCTTTAATCCCAGCACTTTGGGAGGCTGTGGTGGCCAGATTGCTTGAGCCCACAAGTTTGAGACCAGCCTGGGCAACATGGCTAACCCATATCTACTAAAAATACAAAAATTAGCCGGATGTGGTGTTGCACACCTGTAGTCTCAGCTGTCTGGGAGGTTGAGGTGAGAGAATCACTTGAGCTCAGGAGGTGCAGGTTGCAGTGAGCCAAGATTGCACCACTGCACTCTAACCTGAGTGACAGAGCAAGACCCTATCTCAAATAAATAAATGAAT,"[[44328156, ""G"", [""A""]]]",yes,no,G->A,1
chr10,33094223,33094657,GCTTTTAGTTTTAAGTAAGAGAAACCAACTCCCTTTGACTTAAACCAGAGTGAAATTGAATGGATGATACTGATGAGCAAAGATGCAGGAACTGAACAAGCAGAAAACAACAGAAGCTGGATAGCTGAAATCACAGTCAAGGCCAGGCCCAGCACATGCTAAGCAGGCCGCAGCTGGCTGCTGCTGACCTCAGCACTGCTTCCCCTGAGGCCAGGCAGTGTGGGCTTTGCAGCTGCCAGAGTTGATGTCTCCTGCTCCACTCTGATCACCAGCTTCAGTTTTAAAACCCAACTGGCTGAGCCCAGGCCACAATGCCTACTTTATGACTGGGAGGTGGAAAAAGGGGGTAATCTACTTCTTCTAGCTTCACTAGTGGGAGCAGGTCTCATCTCCCACAAAGACTGCTATGGTTTGGCTGTGTCCCCACCCAAATCG,"[[33094229, ""G"", [""A""]], [33094511, ""A"", [""C""]]]",yes,yes,G->A,2
chrX,150028682,150028998,AGCTAAGAATTAGAAAAATAAATAAAAGATTTTATTTTACCTTCATATATTCCTTCTCCAACAGTCTACACTCATCCTTTCTTTCTGTAGAACTGAGTTTCTGATCACTATAACCTTTTCCCCCTAAAGAACTCCTTTTAACATTTCTTGCAGGGCCAGTTGGTTTTCATTTCTGTCAGTTTTTGTTTTGTTTTTCTGAGAAAACTGTTTCATTTTCACTTCTGAAGGATACTTTCACTGGATATAGAATTGCGGTTTGCTGGTTTTTTTTTCTTTCAAGACTAAATATTTCACTGTACTCTCTTCTTTTTTGCATG,N,no,no,N,0
chr21,39404366,39404848,GGATCTCAGGTGTACACAAGGAAAGCATCACCCACAAAGGCAGGACACTGGATACCCAGGTTAGCTGAATAAGAGAAACTCAAAAATGATTTTCATGGCTGGGCACGGTGGCTCACGCCTGTCATTCCCAGCACTTTGGGAGGCTGAGGTGGGCAGATCACCTGAGGTCAGGAGTTCAAGACCAGCCTGGCTAACATGGCAAAACCATTTTTAGTCTCTAATAAAAATAGAAAAATTAGCTGGGTGTGGTGGTGCATGCCTGTAATCCCAGCTACTCTGTAGGCTGAGACACGAGAATCGCTTGAACCCCGGCAGGGCGGAGGTTGCAGTGAGCCAAGATTGTTATCACTGCACTCCAGCCTGGGTGACACACTGAGACACTGTCAAAAAAAAAAAAAAAAAAAAAGATTTTCATGAAACTAAGCTTGGTAATCACTATATATATACACACATACATACATATATGTATTTTTTTTTTTTTTT,"[[39404413, ""T"", [""C""]]]",yes,no,T->C,1
chr12,130014487,130014797,CCCTAGGCACGCTGGAGGGTAACACCTGGGATCCCCCGGCCTAAGGGCAACACACAATTCAGGTTAATTTCACCCATCAGAAATTAGGAATTCAGTAACAACTCAAGCCAAGGAGAGAGAGGATGCCAGGTGGCGCTGTTACGTCCTTCTCATGCCACGAACCCCAGCCACCCTTAGACTGAGCTGGCGTTTACACAGCGACGGGCTCTTAAAATCAAAGTCACTTCATCAACACTGCAATCCTGCGAGGTGTGTCATAAGGAGCCCTTTCTCCAGATGTCAACAGTAGAGCTCAGACACGACCCCTAACA,"[[130014638, ""G"", [""A""]]]",yes,no,G->A,1
chr4,142585474,142585789,GGGACAGCCCACACAAACTCTCTCTGTGGGATCATCCAGGACAGCAAATCTCTTGTCTGAGGCATTTTCAAAGCTATGCAAGTCCACAGGACAAGTAGTCATATCCACTGTCATATATTCTTGCTCAACTGTTGGAGGAAGTCCAGCATGTGCCCCTCCTCTTGCTTCGCTCTCAGGAAAAGTTCCAGAAAGCTGCTCACAGTTAGATTTTACTACATGTAAATCAAGCAGTGGTCCATGTGTCCTCCATACTCTAGGGCCATGAGTTGTTTCTTTGAAGTATCTCTTTCCATGACTTGAGTTAGGAGGTAGAGAG,"[[142585556, ""C"", [""T""]]]",yes,no,C->T,1
chr1,233319176,233319675,AATGCCCACCATCTCCACTTCCTCATCCCTCATTTTTTCACTGTAAACCACACCCCCCCATGGTTTTGAACTACTGAAGCTGAATTTGTAAACGTCAGAGGTTTCTTCACCACCAATTCCCGTGGCAACTTTTTCCTCTTCTTCCTCTCTAGGGTCATGACTGCTCCCGCAGGTAGATTAGATCTCCTATGAAAGGGATTATCTTTTCTGGTATTAGCTACTGAGGCTCCTTTCAGAGAGGAAACTGAAGTCAAAGCAGGTGCAAGAGAGAGGAAAAGCATAATCACGCTCTGAGCTTATGGTCGTCAGGTCTAAGTGGAAGCCCAAGAGAGAAAGCCAGGTGTTCTGGGTTAATGTGAGGGCTGAATTCCATTTCGTAGTCTCATTTGCCTTTAGTAACATCTTTCTTAAATGACCCAGCTTTGTCTGTACTGCCCGTGTTATCACAAGGTTTTGAACAAAGGGTCTTATGCCCTCACTTGAACAAGTGCTTTATCGGC,"[[233319413, ""C"", [""G""]]]",yes,no,C->G,1
chr12,63492839,63493258,TTTCCTCTAATCTTGTCTTCACACTTTATTTCATTAAGTTTATCCTCAATCTCTGATATCCTTTCTTCTGCTTGATTGATTTGGCTATTGATATTTGCATATGTTTCACGAAGTTTTTATGCTGTGTTTTTCTGCTCCATGAGGTCATTTATGTTCTTTTCTAAACTGGTTATTCTAGTTTCAGTTTCTGTAACCTTTTATCAAGGTTCTTAGCTTCCTTGCATTGCATTAGAACATGCTCCTTTAGCTCAGAGGAGTTTGTTATTACCCACCTTCTGAAGCCTACTTCTGTCAATTCATCAAACTCCTTCTCCATCCAGTTTTGTTCCCTTGCTGGTGAGTTGTGATCCTTTGGACGACAGGAGGCGTTCTGGTTTTTGGAATTTTCAGCCTTTTTGCATTGGTTTCTCCTCATCTTCA,"[[63492883, ""T"", [""C""]]]",yes,no,T->C,1
chr12,3545460,3545780,CAAACCCCCACCTTATTCAACTTCTAATAAGATCAAAGATATCAGCCCTGGGGCAGCACAGGAAGTGATGGCTGGGCTTCAGAATGGTTCTTGCCTCCTTTTCACCTTCTGTATCTCACCTGAATCTCCTCTGTGACTCACCCTAACTGGAAACATAACAGAAAGAGAAGTTGGGAAATGTAGCACCACCTGGCTGAGGTGACACGTTACAAAGCCTCCCAACGTGGTACCCAGAACTCCAGAAAACATGGAGCCAAACCTACAGAACTAAAGGAAGAAAAAGGGAAATCTCCAGTCATAGTTAAATATTTTTAACACTTC,N,no,no,N,0
chr9,114844815,114845205,ATAAGGAACTTAAATCAACAAGTGAAGAACAAGCAACCTCTTTAAAAAAATGGGCGAAGGACATGAACATACACTTTTCAAAAGAAGACATACATGTGGCAACAAGTATATGAAAAAATGCTCAACCACATTGATCATTAGAGAAATGCAAATCAAAACCACAACGAGATACCATCTCACACCAGTCAGAATGACGAGTATTAAAAAGTCAAGAAACAACAGATGTTAGCAAGGTTGCAGAGAAAAGGGAGCAATTATACACTGCTGGTGGGAATGTAAATTAATTTAGCCACTGTGGAAAGCAGCTTGGAGACGTCTCAAAGAACTAAGAACTACCATTTGACCTGGCAATCCTATTACTGGGTATATACCCAAAGGAAAATAAATCATT,"[[114844870, ""A"", [""G""]], [114844941, ""A"", [""C""]]]",yes,yes,A->G,2
chr4,166003879,166004150,TTCTTTTTTACTGAAGCATTTTTTGTACTTAGTTCTATAATTTATGTTATAAGGATTTTAAAAAGGCCCGGGGTTTGCCATAACACGTGCTGCTACCATAGGAATCTGTGTTATACCAGGTACAATTTCTGGAGAAAATCCAGTGAAATGAGTCATTTCCAAGCTAATATAAATAGTTTTTTCTGAGATTTTCCTCTTAAACTTGACTACCCTAAAGACAAATTCTTAGGAAAATTTTCAGTAATTGAAATACAATTTCTACTTAAAACCTA,"[[166003947, ""T"", [""C""]], [166004131, ""T"", [""C""]]]",yes,yes,T->C,2
chr2,15963747,15964107,AATCATGATGTCCAGTCCTGTATGTTTTTATTAAGTCTCAAATTTCTAGCTCCTATTATATTCTTTCTCATGTCCCAAAGGCACGCATATGCAACTTGTCCAAATTAAACTCATCATTTTCCTCCTGAAACCTGTCTTTCCTGAGTCATTCACTGTATTGGTCTCTATCATTGCCATCTACCTGGTCACTCAATTTAGACACCTGGGCACCGCCCTTGGGAAAATGAATTGCTTCCTCCTGTCCACTGGGCATGTTGCAGCGTTGTCAGGGAAAGGGAGGCTGACCTAATATTTGGGCCCTGGAGAAAGAGCCCAAATGGAGCCCACCCCACCTTACCTATAGTTCCCACTTCACCAGCTT,N,no,no,N,0
chr2,138786997,138787483,GGTACCTTCCTACATGCAAACAGAAGTTCTGTTAGGAAACAAGTCAGCTAATTTTCCTACTCTGATAAAGTACAGGTTTACATTAAGAGGCTACTAGGATTTGGTTAAAAAAAAAATCCCAATTTCTAATCAGTGGGGACTTCTATTTTCTTCCTCAGCTGATCAAAAATGAACTTGTCTGGTATTTCCCTGGCAAAGTAATAATCACGCTGAGATTTTTTTCACTATATTTATTGGAATATCTTGGGTGCTATCTACTGGCCAAATGTGGCATTGCCTCATAAAAGGTGAACAGGCAAATTGCCATAGCTCTTTTAAAGATAATTTTGTGTGGGGGCTGAATATATGCCATAGGTTTTAGCACACTTGGGACCTGCCTTCTTGGACAATATCACTTCCAGACATCGCTCATTGCCTTTGAGATTGGGGGATCACTTGATCAGAAGTCACACAAGTTGTAATATAAGTGAAATATAATGGGTAGGCA,"[[138787007, ""C"", [""T""]], [138787403, ""A"", [""G""]]]",yes,yes,C->T,2
chr3,189677697,189677972,AATTTATATTCCCACCAACAGTGTATAAGCATTTCTTTTTCTCCCCAGCCTCATCAACATCTGTTATTTTTCGACTTTTTAAAAATAGCCATTCTGACTGGTGTAAGATGGTATCTCATTGTGGTTTTAATTTGCATTTCTCTGATGATTAGTGATGTTGAGTATTTTTTCGCATATGTTTTGGACATCTGTGTATCTTCTGAAACGTGTCTGTTCATGTACTTTGCCCGTTTTTTCAATTGTGATTATTTCTTGTTGTTTTTGTTATGATGTTGG,"[[189677825, ""C"", [""A""]]]",yes,no,C->A,1
chr12,19647828,19648091,TCCTTATTTGTTCTCAAGGCTCCTGTTCAGGGAGTTTCCTTGGTTTCCGAGCTTTTTACCTTCACAGCTTGATGTTCTGTTATTCACATCCCCAAATGGTGCGATTGAGTATGATCACCTCAGGGGGGCTAGACAGCTGTTGGAGGCTGTGGCTGGATCTGTCTGTCAGCCATCTTGCTTTTACTGATTAGTTCATGAGGGACCAATTACATTAAAAAGCATCACATTGTTCTTCTTGGAAATCTGGCCCCTTTGTCTGCTGCA,"[[19647876, ""C"", [""G""]], [19647987, ""C"", [""T""]]]",yes,yes,C->T,2
chr3,24424367,24424596,GTTTTATAACCGAGGCAAATGGCAAAGCCATGGTAAGTTTCTATGGCAGTGGTTCTCAAAGTGGGGTTCTTTAGTAAGCAGCATTGGCAATATCTGGAGAACTTACTGGAAATGAAAATTCTTTGGTTCCACCCAGACCTACTGAATCAGAAAGTCTAGGGTAGGGGGTGGGGCCCAGCCTCCAGGTGATCCTGCCACAGGCTACAGTTTGAGAAGTACTGTGCTACATG,"[[24424436, ""C"", [""T""]]]",yes,no,C->T,1
chr8,66173393,66173717,CTCAAGACTATTTTGAGTGGCAGTAAAACAACATACTTAACCAAAGTTCTGCTTTACTTATGCCAGGTATTATCCATTCATATCGCAGCTTCATAAAATCATCCAGGGCTTCTGAGCTGAATGCATGTGGCTACCTCACTGCTTTGAAATCAGTGGCATTCTAATCTGGTGGGATAATTTTACCAGTGATGTCATCGGAACATGTTTGCTTATTTATCCATAGTTCTCCTAGGAAGAACGGTGTTTGTCATGGTACCTTGAAATGTAAAGAGTTTGAGCTCATAAAATCAAATTGCATTTCAGCAAGACTTCTTCCTGATTGTCC,"[[66173452, ""G"", [""A""]], [66173629, ""G"", [""A""]]]",yes,yes,G->A,2
chr4,71729839,71730209,TGTCAACTCTCCACCAATCATTAAAGTAAGCAAAAATAAATTTAAAAAAAAGAACGCAAACAACTTACAGTGACTTTTCAATGAGAAATCAATGAATGATGTATTGTTCTCATTGCCCTTCTAAGCTTCAAATCCCAGATAGAATTTCAGGAAAGCTGTGTTGCCTGGTGAGATGAAGGAGAAATGACAGATGGCAGCTCCCTGCACAGTACAAGAAGCCTTACAAGGTAATCTGCCCTGGAGCTAACTTAATAGCAGAGAGCACCATTTCATGTTAAAGAGCCTGTGCCAATATTCAAACTGCAGACCTGCCACTGACCAGTTTTCCTCTCAGCTCATCCTCAATGATACCCTTCTGTCTACCTGGGTCA,"[[71729881, ""A"", [""T""]]]",yes,no,A->T,1
chr17,56099635,56100037,GAGCACAGCCTTAAAGAACGAGTAGAAATTCTCCAGGCAGAATCTAAGGAGAAGGAGGTTCCTGGTAGAGAACCAACAAGATTAAAGAAAGTCTGTTCTTCATTAGAGAGACAGAAGATAATTCTGCATGGCCGGAGGGTAGGGTAATGATGGAGGTGGAAACTGTTGCTTGAGAGGCAACAAAAGCCAAGTCATGAGGCATTCCACCGTGCTCAAGTACTGGGACTCTAGCCAATGGGTAACTTTACAGAAGGACATTCACTGGAGAGTGACTCAGTCACTTCACCCTTCTGGTTGTACATGGAAGATAGATGAGAGAAATGAGCAGAAGAGGGAGACTGGTTTGGTGGCTATGCCAATTTCAGAAGGAAGAGACGAAACTCTAACAAAGAAAGCGGCAACA,N,no,no,N,0
chr3,10546727,10547215,TGAGGTACAACCTATTGATCTTGCAGCCTCCACTTTACAATGGGGAGACTGAGGCTCTTAGAGGAAGACCTCGTATCTGAGAGCACACAGCTAACGGTGATGAAGCCAGGATTTGAGCCCAGGCGGTGGGTCTTCCAAAGCCAATAGATTAATGCTGTCCCATCCTCCAGACCCTCCGCTGCCATCAGTGAGCACTGAGCATCTGCGCAATGTCCTCTCTGAGTCAAAAATAGACCCCAAGGCTCAGTTCTGCTGTGCCATCTGCCACACACCAACTCAGAGGCAAAAATGTTGACTTGCTGCAGAGACGAACACTCCAGCGGCCGGGAACTGAGCAGCGAGAGGCCCCTGTGCCCTCCGAGACTTTACTGGCTGGGGCAGGTCAATTGTATCGGTCTGGGGAGAGGAGAGCAGCTCGGGTCAAGGGCGGGGGCAAAGAGGCAGGCGGGTACAGCTCACAGTAGATGTAGGAAATAGCAGTGGGCTGGG,"[[10547048, ""A"", [""G""]]]",yes,no,A->G,1
chr7,51543446,51543760,TGTTATATTACCAGAATTGTTTTTCTGGTTCCTTCTCATCTAAGTAGACTATGTCAGAGGGAAAATCTGGGACTCAAGGTTGCTGTTCAGATTCTTTTGTCCCACAGTGTGCTCCCTTGATGTGGTGCTCTCCCCTTTCCCCTAGGGATCGGGCTTCCTGAGAGCTGAACTGCATTGATTTTTTTTTTTTTTCTGGATCTAGCCACTCAGTGGAGCTAGCTGACTCCAAGATGGTACTGCGGAGTGTGTGCAAAGAGTCCTGTGATGTGATCTGTCTTCAGGTCCTTCAGCTGTGGATACCAGCACCTGCGCTGG,N,no,no,N,0
chr1,98739748,98740184,GAGAGAGAACATGTTCAGATAACTGAGGTTCCATTTTGGAGGAAGAAGGAGTGAAGGTAGTGTTGAATTGAAAGATTAGGCTGAAGAGTGCATTATAAATTTAGTCTTTTACCTTTAAGGGAAATGGGAGCCATTGAGTAGTTTTCAGGAGGAAACTGACCGGATCAGACTTGCCTTTTGGAAAGATTGCTCTGACTGTACATGGGTCAGAGTTAGGCAACACTGGACATGATGAGACTAGTTAGGAGGCAGGAAAGGCAGAGATGTGAACTGACCTAGGAGTTTCATGTTAGTGGGCTAGAGATTATGGAACAGATCCATGGTTTTGTTTTGTTTTGTTTTGTTTTTTAACTAGGTAGAACTGGAAAGATCATTTTCTATCTCTCCATAATTTTTTATTCTGGTAACAACCCTAAGTAAATTCAAGTATCTAAAAT,"[[98739851, ""T"", [""G""]]]",yes,no,T->G,1
chr16,72902200,72902676,TCTTGCCCCCAGAATCATCCTAACGGATGACAGAGTCCAACTTTCCCATTACAGCTGTTCGTTCCTTTAAGAGGTTCTCAATCAGGTCTGATCAATCTGTCAAGATAATGCATGGAGTAAGTAAGACTCTTCCAAACACAGGCTCCCAATCAATAGCCCGGACCAGCTTAATGAGGTGGGGCTGAGGCCCAGAGGGAGGTAACAGCCCCCAGCTTGCGCCTGGGTTTGGCAGGCTGGCTTCCTCGCATGGCCCTGATAAACAGATCAGCCCTTAATGAGGACATTAGTTATGCATGCTTCAGCAAGCAGCAAGGCACCCGTCCCTGGGGACAGACGGACAGAAAACAAAATAGATTAACAGAAAACAACATGGTACCAAATTAGGTCTCACTGAAGACTTTTCCCTCCTTTTCCTGCTTTCCTTAATTGTCCAGCAGAGTGGAGGACACCAATTAATCATTCCAATGGGCCTGAGCG,"[[72902206, ""T"", [""C""]]]",yes,no,T->C,1
chr2,79092168,79092570,AGGAAGGGGCAAAGGTATTATAGTCTCCTGTAAACAAGAAGTGTCCTAGTCTGACATAACTGCTACGTTGTACCCAGATGGCCTTTTTCTGGATCTTCAGGGGTACGTGTCTTCCAGCTGGCTCTCTTCCTGCTTCTGCTATCTTGCTGGTGCACGCTGCTGGTGCAAATAGCCTTGCACCCTTGGGACTGGGCCTGAGAAGGGAGGAGTTATTCATTTCCTTAAGCTTTCAGGCCCTGGAGAGAATCTTACATTCCTGTCTATTTGGTTATAGAAAAGGGAAAAGGGATAACTACTTCAGGCGTGACATAGGGGTGGTATGGGCACCTTGGAAAAAGAAAAATTTAATTTTTGGTGTATTCTTAAGAGACGGGTTAGTATCTATAGTGTCATTGTAGCAGGA,"[[79092184, ""T"", [""A""]]]",yes,no,T->A,1
chr1,113650922,113651273,CTGTTGGTTTGCACAATGCTAAGTTAGGAATTCCTTAACTCTTCAGCTAAACTTTACACTGTGGACCAAACTGTACTTTGTTATCTTATCAGATATATATTGGGGCTATTATTCCCCTGGGAGCAGCTGAGAAAGATGGTCGGCTCCGCGCAGCTGATGAACTAATGTGCATTGATGGAATTCCTGTTAAAGGGAAATCACACAAACAAGTCTTGGACCTCATGACAACTGCTGCTCGAAATGGCCATGTGTTACTAACTGTCAGACGGAAGATCTTCTATGGAGGTGTGTGAACTTGTTCCTGCTCTGAAAAGTTAAAAAAGAAACAAAGATACTAGTCTACTTCCTGTGT,N,no,no,N,0
chr7,129500034,129500328,TAGGGCAGGGCATGGCAATACCCCCGTACATTCAGAGTGAGACACGCGAGCATCCTGTCCACCACAGTCATGACACCAAGCACATCCTGGCACAGAGGGTGCAATCCCTCGAGGGTCACCCATCTGCTATGGGACGATAGCTAGGAAGGGGAGTGTTCCCGTACCCAAGGAAACACATTAAACAGTAAACAAAAACAGCATAACAGGTTGATAGAGACCACAGAGAAAAGGAAAGCTTTCTAATTTAGTACCTTTAGTGGCACTTTTCCCTGCTTCTTCCTGTTTTCATTTTGCA,"[[129500149, ""C"", [""T""]]]",yes,no,C->T,1
chrX,47463857,47464148,TGTCTCCTGCTTCCTCTGACTGCAATCCATTCTCTGGGTCGTATTTCACATTTCTTGTTCCCTGGTATCACTGTCTTTTGCCTGTGCCCTCAAGCTCTCTTCTAAACCAAGGAACTGCTTCCTGGTTCCTCGGGAAGTTGCTTGTCCCTCAGGCTCATACCCAGTTCCTTGGATATGTTTGCCTTTTCCATTTTATCTGATTCTTCTGCTTCCTCACCCCTCTGGATACTGACTGCTCCGTCTGGCTGCTATTTGGTTCCTCTATTTCCTGATACCTCCTCCTATTTCATGA,N,no,no,N,0
chr2,85522064,85522430,AATGGTGAAACCCCATCTCTACAAAAAATGCAAAAATTAGCTGGGCATGGTGGCAGGCATCTGTAATCCCAGCTACGTGGGAGGCTGAGGCAGGAGAATCGCTTGAACCCAGGAGACAGAGGTTGCAGTGAGATCATGCCACTGGCACTCCAGCCAAACTCTGTCTCAAAAAAAGAAAAAAAAATGATTCATTATTGTAGTCACAAATACTTCTTCAGCATCTCATAAACCAGGCAATAAAGATAAACAAGGACAGATGCTGCACAGCAAAAGCACTGGAGGCTGGAGGAGCACAGGGCAGCCACAGGCAACTGGGCCTTGGGACATGTACTTCATTTATTTATTGTATTTTTTGTACAGATGGGGT,"[[85522249, ""C"", [""G""]]]",yes,no,C->G,1
chr2,219973127,219973577,AAATCCTGATAATTGTAACTTAATGCATTTTTTTTAGATTATATTTCTCTAATTGTAAAAATCCAGCCAAACCAGTATCTTTGAGTCACTTCTAGCGAATATTTGAAATTTAGCATACTGTCAGTGTTCTTCTTTTCTTCTCCAACTTTGTTTATATAATCTGGGTTTCAAATCCTGATAACTGTGACTTAATGCATTTTTTTTACATTATATGATTTTGCATTCAAGAATAACTTTTGACCTTTGTGTTTGGTGTTATAGTCACATTTGCCACAATTATTTAGACTTATCTTTATGGTCAGCTGGGTTTAGTGTGTCTCACCAGTTCTTTCATATCTTGATTTCTTCATTCTTAAAACCTTAACTTTGTTTAATCTCTTGGTTGATTGAATTACATCAAGTGATTTTTTTTTAAAAAAGAAAAGCTAGATGAGTAATATATATTTTTAGC,"[[219973139, ""C"", [""T""]], [219973360, ""A"", [""C""]], [219973490, ""T"", [""A""]]]",yes,yes,T->A,3
chr9,6596003,6596301,AAATAGGCATTCTTGTACTAAAAGTCCTAGACAAAGTGTAAACACTCTTATGGACTCCTTACAACAATCAGAAATAAACACAGAAACTCCACAGCACTTTACAGCTGTGGAAAAGGCGAGGCTGAGGTAAAGAATCTGTGACACACTGTGCCCAAATGCTCATAGCTGTGTTGCTGGAAACAGAAACCCAGGCCTGACATTCACAGAATGCCCTGGCAGCCTCCACCACAATATTGTAGAGGTTGGTTCATGTCCCTTTTTAATCTACAGATGATTCCTTCCATAATCAGGAGGCTATA,"[[6596005, ""G"", [""A""]], [6596166, ""G"", [""A""]]]",yes,yes,G->A,2
chr5,22708771,22709018,AAAATGAATGTAAGATAAATGTAGAACTAGTTTTCCTAAATTTAGAAAATTATTTGCTTTTATCAGAGAATCGCAAAAGCACTAGCAGAAGCAAAGTGAAGCATCCATGAGCGGGAAGTTAGATGCCACCGGCCACTGAAAGCGCCGCCACCCTGTGGTCACTGTTCTTGATTCAGAACAAGGGGCTTGCACTCCTGACAGAAAGAGCACAGGGGGCAGGTCTTTGGCACCAACAAACAGGAGCTTGA,"[[22708780, ""A"", [""G""]]]",yes,no,A->G,1
chr4,179447299,179447741,GAGATACCAGAAGTTAGGATTTCAACATATGAATGAGGAGCAGACACAATTCAGCTCATGACAGTAGCAAACCATACAAAATTTCGGGGCTTAAAACAACAACCATTTACTTAACTAGAGATTCTGTGAGTCAGCAGTTTTGGCTAGGTTCAGCTGGATGGTTCTCTTGGCCTCAGCTGAGCTCATTCATTCATCTGTTCAGCAGTCAGCAACACAGCTCTGTTTTGGGAGCTGGCTGGCTGTCAGCTGGTGAAATGAGGGCAACTGAGCCACAGGTCTTCAGTCATCCAACGAGTTCACCCACAATTTTTCTAATGGCAACTGAGCAAATTTTTAAAAGTAAGAGCAAAACTGTGAAAGGCCTTTTGAGGTCTGGCTTGGAACTTCCACAGTGTCATTTCTGCCAAAGCAAGCCACAAAGCCAGACCAAATCCAAGGGTAGG,"[[179447336, ""T"", [""G""]]]",yes,no,T->G,1
chr5,123439636,123440047,TTAAGTCACATGTTCCATGGTACTTTCTTATGGCAGCCCTAGAAAACCAATACATTTCTCAAGTGGAACAACATTCAAAGATACAGATTTTGTATAAGTGCTTTGACTTGCTTCCTGAAGTATTACAGAGGCGCTAAGGCCTAGACCACATGTGGAGACCATCTGGATTTGTTTCTTTGCTGGTATGGCGATTTCTAAGATTCCTCGTGGAGATCATGCGTAGGGAGACAGCCAGTGAGTACATGTGCATTGTTTAATGACAGGATACATTCTGAGAAATGCATCGTTAGGCAAGTTCATCATGTGCAAACATCAGAGAGTGCACTTACACAAACCTAAATGGTACAGCCTACTACACACCCAGGCTATATGATATAGTCTATTGCTCCTAGCCTATAAACCTCTACACATG,"[[123439713, ""G"", [""A""]]]",yes,no,G->A,1
chr5,125647009,125647377,AACAGCATGGTACTGGTATAAAAATAGGCAGATTGACCAATGGAACAGAATACAGAACCCAGAAATGAAGCCAAATATTTACAGCCAACTGATCTTGAACAAAGCAAACAAAAACAAAATGGGAAAAGAACACGCTACTCAACAAATAGTGGTAGGATAATTGGCAAGTCACATGCAGAAGAATGAAGCTGAATCCTCATCTCTCACCTTATATATAAAATCAACTCAAGACTGATGAAAGACTTAAATCTATGACCTGAAACCTTACAAATTATAAAAGATAACATCAGAAAAATTTTCCTTGAGTTTGCTTAGGCAAATACTTCATGACCAAGAACCCAAAAGTAAATACAACAAATACAAAGATAA,"[[125647042, ""A"", [""T""]]]",yes,no,A->T,1
chr3,153513249,153513569,ACCTTGAGATAAATGGCAGAGTCTGCTCAAGCATATAGGAGATGGCTTCTTAGTCTACATGTTCCAGGCCTAGCCAGGCCCTTCTAAGATGAAGGGATTAGCATCTTCGTACATCAGTAACCATCTGAGGGATTGCAGCTTGCCAAGGCACCCAAGTTAGGAAGCTCTGAAACTTTGCCACTAGGGGGAACGAGCACTAAACTGTCCTTGACAGATCTTTGGCAAACTAAGATAATCTCAGAGGTACATTTTTCACAGCCTCACCATTCCAAGGTTAAATAAATCTTTTTTCAAGAACATTTTCTCTTATCTATCTTTTCT,"[[153513280, ""A"", [""C""]], [153513356, ""G"", [""C""]], [153513517, ""G"", [""C""]]]",yes,yes,A->C,3
chr10,64795933,64796188,ACATTCTAGTTATGTAGAATTCATCTAAAGCACGCCAAGGTCATTTTTTTTCCCCTAAGAGTATTTCATTTGTTTTTTCTTTTGCTTTGAATGCTTTTCCCACAGATTTTGCTTGGCTGGCACTTTCTCATAAGCCAGGTTTCAGTTCAATCGTCATTTCTTCTGAAAGGCTTTTTATCTGACCGACTACTCAAAAGAACAACTTTATCTAGTCATGTTAGCTGTTGTCACTATCTGCAGTTATTTTATTTGTTCC,"[[64796001, ""C"", [""T""]]]",yes,no,C->T,1
chr15,86829260,86829645,TAGAATTTTAGAAGAAACATATGCCGCATATGAGAATACTGCTCCAACTTGGAAAACCGCAAGGGTCAAGTGGGCTCTGATAAAGAGAAGCCTCTGCAACAGGCTCAGAATGCAATGCAGGCTGCCCTTCCACTCATGCCATATGACCCTGTAAATCTGATGGTGTCAGATGTTGCTGTGGTAAAGAATGATGATGTGTTGTTTCTCTGACAAGCCCTAATTAGAGAGTCACAGTTCACATGCCAGATTTCTGAAGCAATATCAGGCCTTCTATGGAAGAGAACCACTTGCCATTTGAAAAAAAACATCAGTAGAACTATTTGGTCATTTCAAATGGAAAGAAAAGTAATCTGAGATAAGGACACACAGGCTTCTGGGCTTTGAGG,"[[86829285, ""A"", [""G""]]]",yes,no,A->G,1
chrX,54066838,54067207,AACCCATATAAGACAAAAGATGTTACAAATAATTTTTCATTTAAGGATAAAGTGTTTACAAGCTTCAGCAGGCCTCTAGTGCTCACCTTGAGGCTCAGCTGTTTCCTTTTAGAATCTGTACACACAAGGCACAAAGTGGTTAGAGAGGCCAAGCCCAGCTAGAGTCACTCAGCAGAAGCAGTAAAGAATGCCCTAGAGTCCTGGCTTCAGACTCTGCTCAAAGCATCCCTCTATTGCTCAAAGGTGACTCAGAGCTCAATTTTAAAACACATTTAAGTGAATACCATCCAGGGCTGAAACCTCATACTCAATCTTCCTGAGTTTTTGCCACCATATCCTCTGCCTTCAAAGTCTGAAATCTGCTTTGTAC,N,no,no,N,0
chr9,75004287,75004624,TATCTTTTAAATCTTTGCAATAAAATAAGTAAAAAATGGCATCTTAACGTGGTTTTTACATTTGCATTTCCCTATGAGATTGAGTGTCCTGTATTTCTTTTTCTGTGATCTATTTACAGGATTTGTCTACTGGGTTATGAATGCTGAGTGGTTTTTCTACTGTGTTATTCTTCTAGATCTGTAAGCACTTGAAATATTGACTTGAAAGAAATATGAAACACATACCTGTCTTTGGTCTCAGGATGAGGGAGAAATCTATCTTTAGTCTCTGAACTACCACCTGCACTATTTGGCAGTCTACATTTTCTCCAATTTCCTCCATTTTCTTTTTAAAAATG,"[[75004482, ""C"", [""A""]]]",yes,no,C->A,1
chr8,26252184,26252450,TCTGGTGAGGCTGCATTTCCTGGTTTGTAGATGGCCTTCTTGCTGTGTGCTCACGTGGCAGAAGGAGTCAATGAGCTCCCTTGGGTCTCTTTTATTAGGGTACTAATGCCATTCACAAGGGCTTCACCCTCATGACCTCATCACTCACAAAGGCCTCACCTCCTGATACCGTCACCTTGCAGTTAGAGTTTCACATGTGAATTTGGGAGGGTCACACAACATGCAATCTATAGGAGAGCCAGACTTCGAAATTGTATAGAAAGATCA,"[[26252194, ""G"", [""C""]]]",yes,no,G->C,1
chr9,102712956,102713226,TGTGGGGTTGGGCAGAATACAGCCATATTTTTCTTCTTGCAGAGAGCCTATAAATGGACGTGCAAGTAAGAGAGATATCGCTGAATTCCTTTCCCAGCAAGGAATACCCTGGGGAAGGAAGACATTCCTTGGGGGAGGTCTATAAAAGGCCGCTCTGGGAGTGTCTGTCTTATGCAGTTGAGATAAGGACTGAAATACGCCCTGGTCTCCTGCAGTACCCTCAGGCTTACTAGGATTGAGAAATTCCAGCCTGGTAAATTTTTGTCGGACC,"[[102712958, ""C"", [""T""]], [102713142, ""A"", [""G""]], [102713168, ""T"", [""C""]]]",yes,yes,C->T,3
chr20,16780412,16780701,AAGGGATCCAATTTCAGCTTTCTACATATGGCTAACCAGTTTTCAAGGGAAAACATTTTAACAGATGAAAGATAATTCAGCATTTAGTATGCTAGAGATAAATTGATAAAATAGCAACAGTAGGGAGGGAATGACTGTGAGAGGGAAGGTCATGAGTAGGTGAGAGGGAAGCATGTGCAGCTTAAGTGGAGAATTGCCTGAGGTCAAAGAATGGAAAATTCATCTGTTCACTGGGAGTTTTCTTCTTCTGTCTGAATTAAAAAACAACAATAACAACAAATCTAAATCTG,N,no,no,N,0
chr14,86598617,86598821,TATGAAAAGATATAAAAATGGCTCTTTTTATTTTTAAAAGAAGACCACAATGGAAGCACACATACAAGAGCAAAGGGTTCTCAAGTGTTTTTGACTTTAAACTTGAACCTGTTTCTAAATATAGTCAGTTACAAACCAGGTTTCAGCCCTTCCCCCTTATTTTGCCTTCTTTCTTATCTTTTGCCTCTCTGCTTTTTTTTTTTTT,"[[86598646, ""T"", [""A""]]]",yes,no,T->A,1
chr3,156413348,156413777,TCTGAAATAAGGTGAAATGAGTTGCCCCTAAGTACCAGGAGCAGAGCTTGGAGTCAATCTGTGTTTGTCTAATAACAGCTTGCACTTACAGAGCATTTACCATGTGCCAAGCCCTATATTAAATGCTGCAACCCTCACATTGAATCCTCACAACAACCCTATGAAGTAGTTTCTATTATTATCCCCATGTAACAGATGGGACACAGAGAGGTTCCATACATTTCCCAAGGCTTTGCTGATAGTAAGTGATAGAGGCACTGCCGCACTATGCTGCATTTCACCACTGCACTCAACTGCCCCGTGTCTTCTGGCAAACCACAGAGCCTCCCTGGCCAAGAAGAAAGTCATAAGTGAGTAGCAATACTGTCTTTATCCACAGCAAAGCGATAGCATTACAGCACCCACTGTGAGCATCACTGAACAGCTGTTA,"[[156413465, ""C"", [""A""]]]",yes,no,C->A,1
chrX,17955627,17956113,TAGTGTTTCTAATGTCTACCTTAGCTGGCCAAGCCACCATTCTCTGAAATAAATGAAGCTAGAGCAGATCTCTTTTGTGCAGGGCAAGTGTCACCTTTTTGAACCGAATGTACTCGCTTTCCTGTCATGCTGGCCATATGGTCTCATCTCTGCTCAGTTTTTCCAGGGCACACGTGCAAGAAATCTAATAATGGATTCCAGCCAGCCTCCGGGCTATTATGTAAATAGGAATCCTCTAGCGCCCCCCCACACTCCCTTAGGAATCTCTCTAATTCATTAAGTTAAAGCACACACACACACACACACACACACACACACACACACACACACACACCCCTCCTTTTTATGGTGTTAGGTGATCTAACACTATTCTATTCGGAGGTATGGCTCTACCTTTAAAAATAGCGAGCACTCGATTTTATGACACTGGTTTCTTAAGTGCTCAATCTCATTAAGCTCCTAGTCATCACTTGCTCAAGGGTCATCC,N,no,no,N,0
chr4,89014839,89015129,CACATTGAAAAAAGAACAGGATAACAGCAATGTTCAGGGAACAAGGGAGATAACCATTAAGTCTGGCTGCCTGAGAGCTGGGCAGAACAGAGCCATATTTGTCTTCTTTCGAAAGCAATAGGAGAAATATCGCTGAATTCTTTTTCTCAGCAAGGAACAGCCCTGAGAAAGAGAATGCGTTCCTAGGGGGTGGTCTCTAAAATGGCCGCTCTGGGAATATCTGTCTTTTACGGTTGAAGATAAGGGATGAAATAAGCCCTGGTCTCCTGTAGCGCTCCCAGGCCTATTAGG,N,no,no,N,0
chr3,116921204,116921634,ATAATTAGCAGTAAGGTTATTGTAGTAATATTTCTCTATAAGGATCCTTCTCATATTTCTAGGGAAAAGTGAATAAACTATGTGTCTAATTAAAAATTCCTATTGCCTCGCACATCAGACACCAGTTTGATTTCTCCTTTTAGCTGCAGTGAGGTCACACTCCTGCATTTGTGACATAGCAGCAGGTTGTCATGGAGATGATAGCTTTATCAGCAACTCTGCTGTGCAATGACTTCACAGCAAGGTTACCAAGAAGCAGATGGGCTGTGAAGGAGACAAACCCTTCTGTCTAAACACAAATAGCATTGATAATTAATTAGCTGAAGCAGCAGGGGAAATTATGAAAATGTGTGAAAGGTAAAATAATTTCTATTTATTTCAGATTTGATAGTTTTATTCCTCTTGCCAGAGGAAGATCACATCCCTCTTCA,N,no,no,N,0
chr4,7944891,7945190,TACACTTACAGGATTCTGTAACTGAAGCATGTAGAATTAATATTTGTTGAATTAGTAAATGAATAAACTCGGCCTGATTCTTGAACACATACTTGGAAACTTCTCACAACATTCCTGCTGAGACATCCAGGCCTATGTCTACTAGCAAGAAGCTAACCACCCAATGAACCAGTCCAGGCACAGTATGACAGCTCTGATTAGCAGGAAATTTTTCCGCTTATGAAACTGACATTTTCTTTTTCTGTCTTTTTTTTTTTTTTTTTTGAGACAAGGTCTCACTGTGTTGCTCAGGCTGGAGTG,N,no,no,N,0
chrX,27918855,27919082,CATTCAATGTAACTAGATTATATATCCTAAAAGTTTGTTGTGAACTGCAAAGTATACATGTATGTATTTTTTTGTCCCTAAGCAGAAACTCAATTATCAATATATGTGCTTTTGAGACGGCAGCCTAGACAATCAGGTCTGGAGATGGCGCCAGAGAAGCTGGATTTGAGGCCTTGGTTTTATTTCTTCTTAGAAGTGTTCAGTTGGACAAGTCAACTGGCTTTTCTG,N,no,no,N,0
chr13,70630206,70630608,GACTACTGCAATAGGTTAGAGAGACTGAACTGTGTAAGCAAAAACTAGGGAGGTTTTTAAGTACTATGTTGAGCTAGTGGGAAAACACAGGAAGACAGCCTGAGGGGGGACGTTAGTTACTGTGATCAGGCCCTTTGTGCTGACTAATTGCTGACTATCAAAGTTTGGTTTCTACCCTCCCATAGAGACTGGGAGATAGGGAATCTATCATTGTTGATGATTACATTTCAAAGAGATGGCTCTTGAGTCCTAGAGAAAAATTCCTGGGTTGGAAAACTGGCAGGAGACTGGAAGAAGATTTACATCTTAAAGGAGTAGAGAAAAAAATTTACAATGGAAAGCTTTTTAAAGTAAGTGCTCCAAGGAAGTAGAAGCCATATAGGTCTGTATCAGGGAGAAATCT,"[[70630221, ""G"", [""T""]]]",yes,no,G->T,1
chr18,1906501,1906747,TGGTCCTTCACCAACATATTAATCTTTCCAGCTGTTAATGTCATTTCCTCACCTGGCAAATGGAGGATTGCTCTTAAAGTTTCTTGTTGCTCCAACAAGCCAGGCAGGTGAGCTGTTATTTGTCTTACTTTCTGGCCTCCGGCAATCTGCAAGCCAAGCACATTAAAGTTGCTTGAAATTGTTGATTTAAATGTCAGGATCCCTGCAGAACATTGTATTTTCCCAAAGCATGAGGAACCCTGATGTT,N,no,no,N,0
chr16,61829639,61830050,ACCTCTGAGAATCTTTGCATCTCCTCTTTCCTTCCACAACACTGGGAGTAGGTTTTCTGATCTCTAAGGCGAGTAGGAAGTCTCTCCAAGGTTTCTTTAGAACACACAGTGCAGTTAATTGGCTTCAATTCAAACTGAATAATGAACAGCTCTTGCTTTCCCGAGTCCACTGCCTCTAGTCTCAACCCCATGACTAGCAGAAACTCATTAAAACATCCAAGACAGAATTTTTGGAATGCTTTTTATGCTATTTTGTAGCTGGAAAGGCAGGATAGGGGAAACCACAATTGTCCTGGATCCTCTTATTTTTCTTTTTGTGTTGGGCTTATCTACACATATTACTTAACTTTACTATTCCTATTCACAATGTATTTCACTTCCATAGATACTTCAAGATATTGACAAGCTCCAA,"[[61829680, ""T"", [""C""]]]",yes,no,T->C,1
chr9,929858,930099,TGGGCCTAGCATCATGCTCTGGGAGATGAACCATGAGAGAAGGCGTGGCTGCAGGGATAGTGAAAGGTCAGCGGTTTTAGGGACACCTCCCTTCCCTTCCTGTCTGCAGAACAGCCTTGCGTCTGAGCTTCTGTATGCTGTGGAATGGAGTAGCTGTGTGCCCAGCCGTCTTGACCTTATTCAAGACCTGGTTGAAGTCTTCCTCATAAACCTAAGAGGGTGTTTTCTTCTCAAATTAGAGA,"[[929870, ""A"", [""C""]], [930033, ""T"", [""C""]]]",yes,yes,T->C,2
chr2,45713662,45714028,AATGTGATGGGCTAAGAAGGGGGAAGGCAGAAAAGCCTAAAGATGTGGTATTAGTTTCCACTCATGGTAAATGAGAAGTGAAGATAAAACACCCCTGAAAAAGTGCATCTCTCTAGAAATAGATCTGGATTTGCAGGCATTCCATTTATGGGCACCTGTTTCAGAAGTAGGTCTGTGGTTATAACAGAGAGATACCCATAACAATCTTCATTTACACAAAGGACTTTTATTCTATAAAGCATTGGTTTGCAAAATTTTGCATTTCTTGAGACAGTAAAATGTCTCTTCCTTCAACCCCCACACCTCCAAAAGGGAAGGGCATTGACATAAAGTTATGTTCTTTTAATTTTACCAAGTAAGAATTTGA,"[[45713674, ""C"", [""T""]], [45713915, ""C"", [""A""]]]",yes,yes,C->A,2
chr14,100449308,100449524,TGGTATGGGCCTGTTGGAGCCTGGCTACAGGGCTGCCCTGGGAGGCCTCCTTTGGGAGCAGAGACAGCCTGGCACTGGCCTGTGGCGGTTGCCATGGCAGCAGGACATGAGCAACCTGACTTTCTGAGAGTGGTCACCTCTATTCCGGGGCCCTGCCCTGGCTGGCTGTTGCATTGGGGTGGGAGAGGCTGTCTCAGCTGGGTCTCTGGAAAAGCTG,"[[100449346, ""C"", [""T""]]]",yes,no,C->T,1
chr6,68317412,68317669,TATGTTGCATGTTTTACCTTTGGACTTGGTGTAACTTTAATCTGTTTGTCTTTTTCCTCTTTAATGGTCTCATATCTTCCTGACTAATCCTCTTTTGTAATCCTCCTTTCCATAGGAATTTTCTCAGAGATCCATCCTTCCCCTGATTCATGTTGAATCACGTAACTCTCACAAATACTATGGCTTCATAAATACTATGGTGTTCTCTGCTGGCTACTGTATTGGCCTCCAAATACATTTTATACTACAATATTCTTC,"[[68317458, ""C"", [""T""]]]",yes,no,C->T,1
chr2,214292324,214292614,TTTAAACAGGATCTTAACTAAACTCTTGTTTTCTCTTCACCCTCAGGGACATTGATAATTCAATTTCAAAACACCCATATTCAAGTTTTGAGATTCTTTCTTCTGCTTAATCTTGTTTATTATTGAAGCTTTCAGATGTATTTTTATTTCATTTAATAAATTTTTCATTTTCAGTATTTCTGATTTTTTTTAAATAACTATTCGGAAAATTTCTCATTCATATCCTGACTTGTTTTTCTGATTTCTCTGTATTGCTTTAATCATTTTTATTTATCTTTCTGAGCTTCTTTA,"[[214292330, ""T"", [""C""]]]",yes,no,T->C,1
chr6,33490719,33491022,AGATTTAGCACACTCCAGACTGCACAGCCGTAGTGGTGCCCTCACTGTCTCTGCATGCCTGTCCACTGGCCTCAGCTCACCTCGCAACCCTCCTGATGTGGACACCACGTGCTCCAAGCAGCCAAGCTCTCCATGCAGGCCTGTCCATCAGCCTCATTCCCCTGGCACCCTGGGGGTTGTTTCCTGCTTGCCTGCTGATTGCTGACTAGCTCTGGCCTGGGCATGTGGCAGACCTTTCCGCCATCCAGTGGACTGCAGCCGCAGCTTCTCCAATAAGGTCTCAACCAGGGCCTTGGTAGTATTC,"[[33490739, ""C"", [""T""]]]",yes,no,C->T,1
chr1,206159280,206159601,GCCATACATTTGGTCTCAGGAGTCTTTTGTGGTTGTGATGTGAGAGGAGAGTAACAACAGTTTTTGTTTTTTCCACTAAGTATAAAAGATAAAAACGTATACTCCTGTATAGGGCACTTACCATAAATAGAGTTTGCAGGACTCAACGCTGTTCTGGGTGAGTCAGTGAGTGAGTGGTGAGTGAATGTGAAGGGCTAGGACATTACTATACACTACTGTGGACTTTATAAACACTCTATACTTAGGCTACACTAAATTTAACACATTTTTTTCTTTAATAAGAAATTAATCTCAGCTTACTGTAAATTTTTTACTTTATAAA,N,no,no,N,0
chr2,7113943,7114162,TCTTGCAGTCCTGAAGGCCAATATTCTGAAATCATATTGCTGTATGGAAATCCAGGTGTTGTCAGGGCTGTCTCAAGAGCTCCAAGGGAGGATCTGTCCTTGCTTCTTTCAGTTTCTGTTTGCTGACAGCATTCTTTGGCTTGTGGCTACATCACACCAATCTCTGCCTCTATGGTCACATGGCCACTTTCTCTCTGTATGTCAAATCTTCCTCTACCTC,"[[7113946, ""C"", [""T""]]]",yes,no,C->T,1
chr15,79204958,79205416,TATTATACTTAAGAATATATTAAATGCAGGCTCTGAGCTCCGTTCCGGGCATAGCTCGCCTCTTGCCACTGGCTCTCTGATGACTGAACTGTGCAATCCTGCAGGTGGATGAGCAGAGCCTGGGGCACGTTTCAGCTCAAAAGGGCCAAATCAAACACTGAGTGTCTCAACTGAGCACATTCCTGAGCTCATTAAACTGGGCGAAGTGAGCCCAGCCGGATGGAGACCAGGGAGGAGACAGACGGTCATAGCCCCTGAACACAGCTGGGGCCAGGCAGCAGCGTCTACTCTGGAAAGGGGCTCAGCACTCGGTCCTCTTCCCTCCCTCTCCCTGTCCTGAGTCAGTCCTTTCCACAGCCCGTTATATCCCCCAACCATGGGGAAGCAGGACTGCACCAGCTTTGGGGGACGGGGATTTGGAGGGTTGAGGTCACCCTCAGCGCTGCCCAGAAGGAACTT,"[[79205004, ""T"", [""G""]]]",yes,no,T->G,1
chr1,77175226,77175647,GATTCCAGATAAGGCCTGGGGAAATGTGGAATCAGCCACGTCCTCTAGCTATGCAAAGAAGGTTATAAAGAAAAGAGATTTTATATAAGAAAGGATCCTGTATGGTAAATTCTTGTCCTGAAGTAAAATAACTGGTTGGTTAAAAACAGGGATGCTTAGGACAAGTCAGAAAGTCCAAGCATGACGTAGGTGGTCTGTGTAAGTCATGAAAGGATTAATGAAAGGAAATTTATGCACCAAAAGTAAACGCTGCTAAGAGTTACTATTATAACATGTAATTGAGACTACTGAAATAACAGTTTTACATGCAAGGTGTATAAGGAAAGTAAAATTTGTTTTTGGTAAAAAAAAATTATAAGAAAGCATGAAAATGTAAATTTTTGCCTAGTGTAGAGGGTTAACAGATTGTTTTAAATTAGATA,"[[77175231, ""T"", [""C""]], [77175442, ""C"", [""A""]], [77175594, ""G"", [""A""]]]",yes,yes,T->C,3
chr2,11835500,11835818,TAGATCCCCTAATGCTTGGGATTGCGTCATCCACATAGTAGGCACTGCAATGACATTTTCTTTCTTCCAATGCTTTATTGTCGAGTATAATTCTGAAGTACAAAACACCACTCAGACAGACATAATAGCGACTGTTGTATCAATGCCCATTCCAGGCACTCTTCAAATTGGCCACCAGATGGAATAAAAGGGATTGTCCTTGAAGAATCTGACTAGTGAGAAAACATTATAGAGTGGAGAAGAGAGCAGGCAAGAGCTGTGTCTGTTGTCCCTGCTGGTCAATTTCTCTTTCCCCTTTTCCACCTCTTTCCCCCCGCCT,"[[11835519, ""C"", [""G""]]]",yes,no,C->G,1
chr3,22496723,22497038,ACTATGTCAGATATCCAATGCCACACAGCGTTGCATAACAAACCAAAACAAAACATCAGAGTCATACAACAATTGTATATTGCTCATGCATCTGGAATTGTTGGCTAGGTGGCCCTGCTGATCTTGACTGGGAACATTCACATATCTTGGAGTTGCCTAGCTGTCAACTCATTTAGGCTGCACTTGGCCAGGAAGACTAGGGCAACTCAGCTCTGCTGAGTACATTAGGCCAGTACATTAGGGTTCTATTGCTACTTAGCACATTGCCACAAACTTAGCAACTTAAAACAACTCAAATATGTTATCTCACAATTTT,"[[22496751, ""T"", [""C""]]]",yes,no,T->C,1
chr7,98751736,98751959,ATTGAGAGAAACCAAAGACCAAATAAGTGGAGATCCAATGTGTCTGGAGAGAAGTGGTGATGAGCGGGGCTGGGGCTGCTGATGAGAGCTGCATACCAGGGCCCCCAGGGAGGATCCGGACAGAGTTTCCTCCTGGTTCAGCCGCTCAGGATCCCTGCAGCCCAGGCAACAGCCCAGGGCAGGCTCCAACGAACGGCAGGGAAGAGACAGCCAGGCCCCAGACA,"[[98751785, ""G"", [""A""]]]",yes,no,G->A,1
chrX,27580421,27580702,TGTCCCAGAGCCCCCAGAAACTGGGTGAGTCTAGTAGAAGTGACGGAATCTTTTAAGAGACATTCAAACATAATTCTGTGCTGGACACTGAAAAAGACAAACAAAAAAAGTGCCATATAAAGTCTGTCAATCCCTAGGGGCCAGATTATCCCGTGCCCTGAAGGACTGCCAGGGTACATAATCAGATACATTAGCAACGGCTTCAACATGTTCTTCTAGAACATCATGTCTTTGAATTAAGGGCTTAATACATAATTGATGAACACTTCAGTTCTGAGGTGA,N,no,no,N,0
chr3,70273631,70273874,CAAAGGAGGAAAAGTCAAGGTACAGATGGACTTGGCACACATATGCTGCCATTACTCAGGCCTGTGCCACTGGCAGGCATTACTAATCAATCCCAGTTTTTAAAGAGTAGCTTTTTCAGATTTGTTTAGCAGTCAAATGTAGAAAGAGGTCCAGAATTTCCTTTATTTTTCTCTTTTGTTTTGTTTTTCCAAGGCAGAGTCTCACTTTATTGCCTAGGCTGGAGTGCAGTGGCACAATCATGGC,"[[70273645, ""G"", [""T""]]]",yes,no,G->T,1
chr2,203549411,203549750,TAGGTTTGGATATATAAACAAATAGATTCCCTTTTCTGCCAAAACTGGCTGTTTGTATCATTTGCAACAAGAGTCAGGATTAAAATAGGAATGTTTTTAAGCCTGCAACAATTCCTTGTTTCTTGTAACAGTTTCCAATTAGCTCCTCTGACTGGCTTCAAAGCTGGTCATAACCCCCTCCTTCTCTTGCCTCCACTCAGCTGACCTCATCTTTTCTTACTCAGTTCATGGAGTTTGTTTTTGTGGCTTTGCTCTTCTTAGTCTCCTTGTCTGGACTATCTTCATTTCCCCCTCCCTGCCCATCCAAATCCTATCCAACCTTCCCAGCCACTCCCAGTAC,N,no,no,N,0
chr3,161251687,161252134,TATAAATTGAGAAGGAATTTTCTCTCTATAAGTTTCTGTCATTGAACAGATCACCATTAAAAAGAATATTAGAATCCAGCATGAAGATAATGGCTAATAAAAATGAGGTACATACTTTATAAAACCATTAATCAGATTTGAATGAGGAATGCTTCCCACATCCTTGAAAGAAAAACTGTGGCTTACGTTTTGAAGTATTCTGAGAATGAAGTATTAAGATCCAATTTCTATAAGCAAGATCAGACTTGTTAAGTATGCCGCAAGTAAGAGCTAATTCATTCATTCCATGTGTGCCACTAAATAAAGAGATTGAGCAAGTGCCACTGTGTGGAACATTTTTCTTTTTTTTAATATTGGACTTTCCAATTTTGAAATTATGGATAAAGTCCTAAATTTTCTATAGTGGCTTCTTTTCTGTCTGCATATTTTGTTAAAATTGTGGATCTAA,N,no,no,N,0
chr9,91737178,91737492,AATTTAAACATACAGGCCAGGAACATTTTTAGGGCAAATCATGTTAGCAACTGCCACTACTTCTAAAAAAGATCTCTGGTTTCTACCACAAATGAAATGGAAGAGGCACCCACTGACCATGCCATTAACTGATGAAACACAGTGGCCACCATCTGTGCGACAGATGGCTGTGTGCATGCTTATCATCCTGGGAGAAAGGTCTGCAGCTCCTACCTGTGATTCGGTTTTCAATCTCCCCCTGCATCTGAAGCGAGTCCACATAAATGGTCCGGTTGCCAATGAAGCGTGCACAGGCAATTCCCCGGTAAGGCTGGC,"[[91737228, ""T"", [""C""]]]",yes,no,T->C,1
chr8,103903636,103903938,ATATTTAAGTATGTTTAACTTGTGTTAATAGAATAACTGAATACCAGAGTTAGACAGGATTTAGTGTGCTTCTTGTGTAACTTCCTATCTGAAGCATTGACCCTTCTCTACATCGTGCTGACAAGTGATACTCTAGCCTTTTCTTTGAACACCTGTTGTGATGGGGTGGTGACAGTCTATGAAGGCAGCAAGACATTTAGATTTTTACTTTGAAGTATTTATAGATTTGTAGGAAGTTGGAAAGATAGTTCAGTGAGATCCTATATATGCTTCACCGAGTTTCCTCAGTGGTTATATCTTGCT,N,no,no,N,0
chr20,50887654,50887900,TCAAGCTTTCAAGCCAACTTTGCAGCAGATGGGAGAAATGCCTTTTATTTTCAAACCTGTCAAGTTTGTATCAGCTAAGATGTTTTTATTCTAGATTACCTCATGGTGACCCACTGATAATTGGTATGTTGGAATGCCATTTCCTAATGGTGGGAGCAGCCTCTTCATTTCTAGTCTTCTGGAAGCTTTTGAGATGTTCCTCCATGACATTTTGGTGAAACATGCCTCAACTGGCACCTAATTATTG,"[[50887741, ""C"", [""A""]]]",yes,no,C->A,1
chr12,50741678,50741881,TCTTGTCTTGGGTGTGCAATCTGCTGTGGCCAACAAAGCCTATCCACAGGAGCCAGATGAAGCCATGAGGCCCCTGGGGAATACTCTGATACCTTCTGTGGAATGCTGGAACTGAGTCCTTTTTTAGTGATAGACTCTCATAATGGGAAGGGACTAACAGATCATTGATCTCTTGAAAGTCAGCATAATATGGTGGAAAGAACC,"[[50741738, ""G"", [""A""]]]",yes,no,G->A,1
chr3,36457669,36458002,GCAGATATTATTAATACCAGGATCAGGGATGGCAAGTCCAGATGTTTCCCAGATGGTCGTGAGAAAATGATCATCCAGGAGGATACCTCCTCCTAAAACTTTAAGCAAAACACACAAAAGAGAAGAAAAGCCTACCAGCCATGGTATTAGGATGTGAACCAGTGACCCAGAGGGCAAAGGCTGTGGACTCCAACCACAAGGCCCTCAGCCAACCTAACTCTATTTGCTATTTTTAAAGCCAAGTGCGGGTGAGGGGCGGGGGAAGTAGAAAGAGTTTTTCCACTAGTAGTCAGGAACCGAAATAGGAAAGATCAACAGAGGCATTTATAAACAA,"[[36457687, ""G"", [""A""]]]",yes,no,G->A,1
chr14,57490000,57490307,TGGGAAAAGATACTCTTTTGAGACAAAATGATACAATCACTTCAAATAATGGCTGTGAGCTTCTGCAGAAGACAGGTAAATAAAAACCAACTGAAACAGAAATAATCCCCAACAAATGAGCTCCAGTACCCCTGGGATTGGTCCAGGCATCTGGGTGAATTGTGTAGCAGGTGGGATTTGGCTTCAAATGTCAGTGATAGATCCTGCTCACAAGAGAGCCCCAAACCCTCCTTCCAATGATGCTCATTTTCAAGGACCACTCCAATCTACCCATTCCCTTTCTAGGTTGAGAGTTCTTAAAATGTATA,N,no,no,N,0
chr5,9151731,9152002,TAACCCCCTCTGAGGAAGGGCACACAGAAGACCATAGTCTATCAGTTGAAAATGAAGTTACGATCTCTTACTGCTTCTCTCAGAGTAAACAGCAGGATGATTAAGCTCCAGCTATAAATGTCAAGCTCCTTCCCTCTCAGGAGCCCAGTGAAGACACACCAGTGTCATCATTCTCCTTGAAAGGAAAGAGGGAACAGTGAACTCCTCCCCAGGCCTCTGTGCCTGGAGCACCAGCTCCTGTGGATCCACAAGTGGGCTGGCAGTTCAGGTGC,"[[9151763, ""T"", [""C""]], [9151795, ""T"", [""C""]]]",yes,yes,T->C,2
chr5,155113213,155113688,ACAGGGTCAAAATGCAAGGCCTGCCGATGTCCAGGATGTACCAGGTGTCTACCTTCAAGGATCATTTGGAGGAAGGAGGTCATGATGAAAGATGAAGTGAGTGACCTCCAAGTTGGATGACCTCCATCAAATAAGATGGGCAAATTCCCAAATGCTACTGGTCACAGGTGCCTGAGCAGAACAATCTGCTTTCAAAGTACAATTAAATAGGAAAATGCTCAGTGATCTCAAGGGGTAGACCCACCCCGGTGCCCCATCTGCTCAGTTTAGGCAGAGCCATTAGACAGTGCTGGGGAAAATGTTTATCTCTAGTTTACAGAAGGTTCTTTTGGAATCTCTTTGCCGAACTCAAAAGGGGGGCGTTCTCAGACACAGATGATCTCAACAACCTTTGTTTAGGTTGGAATCCTGGGAAAGTCATCAATCTTTGGGCAACTCACATTTCTATTTTTGTTCCAGTTATCCAGCAGATAATA,"[[155113344, ""C"", [""T""]]]",yes,no,C->T,1
chr16,4060900,4061142,TAACAAACATTTCAAAGTTATAAGAAACTACTGTAAGAATGGAACTGAAGGAATTCATGTTTAAAGAACTAAAGGAAAGTATGTAACAATGACTCATCAAATAGAGAATACTAATAAAGAGACAGAAATTATAAAAAGAAACCAAACAGAAATTCTAGAGTTCAAAAGTATAATAACTGTAATGAAAAGTTCACTAGAGGGGCTCAACAACAGAGTTGACATGGGAGAAGAAAGAATCAGTGA,"[[4060907, ""G"", [""C""]]]",yes,no,G->C,1
chr2,204299769,204300144,CAGTGACTTCCATGTGAAGGGTAACCAGTTAGAAATCTCAAGAAATGGGTGAGAGTGGCATGGGAGTGTCCCTACACCACCCACAGATGATTACATTCTAGTTGCCTTCTGGCTTTTCTGTTTTTTATTGATTGTTGGCAGCATACCATTGCTGGACTTAGTGATTGCTTACAAACTCAGCTTCTCCTAAGAACTAACAAGCAAATTTGAGCTTCCCAAGAATGCAGGGTGGTGATTAAAATGCCAAAGGCATGAACCAGTTAAGCTCTAAAGAAGTCCAAAGACAGAAAGCAAAAAAAAAAAAAAAAAATAAATAAATAAATAAAATAAAACTGAGAAAGATGGAAAATCTAGTGACACCTCAGGACTTCACATA,"[[204299851, ""G"", [""A""]], [204300004, ""C"", [""T""]], [204300075, ""T"", [""A""]]]",yes,yes,T->A,3
chr17,62859660,62860027,TAATGGCCAGAAATACAGTGGAATATGGCGTGTGTGTGTGTGTGTGTGTGTGTGTGTGTGTGTGTGTGTAGAGGGAAAGAGATGAACCACAAAGCCAGAAGAAATCTTAATTACAGAAGCTTAGTTCAATCAATTTTACAGGTGCAGAGCTGAGAAATTAAGTGTTTTCCCATGAATCAATCACAGAGATCTTTAAAAAGATTAAAGCTCAGATCTCTTGACCACAAATCCCGTGGATACTTACACAGCACAGGCTTCTAAGACAGAGGAAACTCACATCTCTCCAGAAGAGGCAAGCCCAATGATTTGATCCAAATCAGGGCATATTCTAGCGCCACTCTACATAGAGATAGAGGGGTTTTTGTGTG,"[[62859771, ""C"", [""T""]], [62859910, ""G"", [""C""]]]",yes,yes,G->C,2
chr4,92121300,92121548,TTGCCAAGGAACCAGCTAGCAGGGAGGGGGTTTGTGGGCAGCCACCATAGAGCCCAAGTCTGCTCCTAGAAAATCTGTTCAAGAGCTTGGCATCTGGGTGTTAGCTTGCCAGCTGCCAAGTGTGTGGCCACAGCTGTTAGTTTGGAGGGAGAAGCTGAAAGTACACAAGGGCAAAAGGGAAGTGTGGTCAAGAACACAAGAGACAACAACGCCAAATAGGTCTTAAAGGCAAAGAGGTTTGTTTTCTTG,"[[92121343, ""G"", [""A""]]]",yes,no,G->A,1
chr2,188645994,188646354,AGTGAAATAGACTCTGCTTTAAAAAAAAAAAAAACTTTCGGATGAAGCTTTTCTCTAGGCAATAGGGAATACTTTATCATCATTAGCATTAGGTTTAACATTTGTCACTAACATATTTTAGGATCTTCCCTGGATTATTCATTCCTTTAGCCTCAACTGTGTGGAATGCACTGTACTGAGTATACTTACACGTTTACTGCAGCTGCCTTGGCATTAACTCTGCAATTCCCAGTATCAAGGAACTTTCCAAGTATCTTGTATTCACAGTGCTGTGAGAATCCTGTTGAAAATGACCTTCTGTGTTCTTTACTGCTAGGGTGCTACCATAGTCTTACTACTCAAACAGCAGTCTGAGAATCAG,"[[188646059, ""A"", [""G""]], [188646063, ""A"", [""T""]]]",yes,yes,A->T,2
chr7,127928847,127929147,TCCCAAAGTGCTGGGATTGCAGGCGTGAGCCACTGCACCTGGCACCTCAATTTTGTGTTAAAGGAAGATGAGCTCTTCTTGCCTCAGAGAACTCTGGTGTGAAAGTCTCATTTTCCAAGCACCCTTTTAACTGAGTATTTAAGTTAATCTGGAAACTGTCGATTAACTATATTTCTTCTACTGAGGCCTCATGGGTATCATGTCTATGTCTTGGTTTCAGAAATGTCTATAAATAGGGTTATTTGCTTAGCTTCCTGCCAAACTTTTTGTCCTAGACTATAAAGAAAGAAACGTTGGGTTT,"[[127928883, ""G"", [""A""]], [127928930, ""C"", [""T""]]]",yes,yes,C->T,2
chr3,85172048,85172341,CATTATCCTAATAAATTAGTCTCACATTACTGTGCCATTAAGTTATTATTCTTGTACTAAAGTTGCAGAGCATTGCCTACTGTCAAAAAAAATTAGGTTACCTGGGGATGAATATTCTCTAATGGTAAGATCACCAGATGGCAGTCATGGGTGAGCCCCAGTTTCGATTCTTGGAACCACCTGATACTGCCCAGCCTAAGCTTCTGCAAGTCATTCTAGCCATCTTCACTTTTGTTTGTTCAATTGTAAAAAAGAGAGTTCAATTCAATACATATTTTTGATCACTTATTAGCA,"[[85172213, ""T"", [""G""]]]",yes,no,T->G,1
chr12,71067371,71067787,AGAACTCAAGTTAATGCTTTGCATGATTACAGTTGGGGCATTGGGAAATAAATCCATGCTATCTGTAAGGTTGCTGTAGATTTCAATGCATGTCACATGAAAAAAAGTACAGCCTTTATAGTGAACATCCTTACTATGAACACACCCTGAGGAGATTCTGGACCCAGTAATCTCTCTAATTGCAAATTGCAGTTTCCTGCCTAGGTTCTTTGTGTTCCATTATCCACGCCGCTCAATCTCTAACCACCAGTAATCCAACCAACCAATGAACCATAATAAAAAATGGCACTACATTTATTCCTGTCTCAGACATTACAGTGTATGGCAATTTATGTTTTCTTTACATTAAGGCCTCTGAATCAAGGTGAAAATAAACCTCATTAATTGTTTTCAGGCATATAGATTTGCCTGACTTCA,"[[71067598, ""A"", [""G""]]]",yes,no,A->G,1
chr6,84260151,84260560,AAAGAATACAGACTGGAAGGTGGTTTCTAACATCAAGAACAATAAAAGAAACTGACCCCATGCAATAGAGTGAAGTACAAATGCTCTTCATAAAGTCTTCATAGCCTTTAGATAGCACTTTTTAAATTGCCATCTGGTGCTCAGGCTTTTTGTTTAAAGGGTCAGAGACTCATCATCTGAAGATTCTGAAGTGGAGGAGACAGTCTGTCAGTGCCCTGGGAGCCAGAGCAGCTGAGAATTTGAAGTCAGGCAGCCACCCACATGGTGCCAAATTTGCCGCCATGGAATTGGCTGTGCAAGCTCTAAATGAGAGCACAAAGGATATGACACCTGTCATTCCATTTATTCCCTTTCTTTCAGCATCGTTTTTGCTAATCACTTCTTAACTCTGTCAATTTAAGAAATAAACA,"[[84260337, ""C"", [""T""]], [84260387, ""C"", [""A""]]]",yes,yes,C->T,2
chr1,117188488,117188863,CAGAAGTTTCATCATGTATTTCTATATGTGCACTTTAAAAGGTCACATATAAAAAGAAATTATACCTTTGATTATAACTACTGGTCATGCTGAATCAATTCACCAATCACATTTATTTCTCTAAGTGTCAGACATCATGCCTGACTCATCCTAGGCATCTGATAAATGCTAAACTGAGCTCATCTGATTTTGGGACATATTCTACTACTATACCAAAATATGTCCATGACACAGCCCAGCTGCATGGCAGCCCATTTTTTCCCCCAAGATCCTTCAGGCCATTGAAAGCAGTTCGTATTTTTATTTCAGGGTAATGACTCCTTAAATTATACTTTTGGGTAGGTTTTATGCGAATAATTTTAGGTCGTTTTATGTG,"[[117188533, ""G"", [""C""]], [117188551, ""T"", [""A""]]]",yes,yes,T->A,2
chr7,132343185,132343566,GTGAGATCCTTCCATGGAAAATCTTCTTTTAACAATTTTAAATTGCAGTAAAATATTCCTAACATAAAATTGACCATCTTAATCATTTTTAAATGTGTGGCCGAGCAGTGTTAAGAACATTCACATTGTTGTGCAACCATCACCACCATCCATTCATCCATGGAACTCATTTCATCTTGCAAAACTGAAACTCTACACTCATTAAATAACTGCTCCCCTTTCCCCTCCCACAAGGTCCTGGCAATCACCATTCTAGTTTCTGTCTGGAAAGTCTTTTTCCAATGGAGCATTTCATAATCAGTGTTGCACTGTTCTTTCAGGAGGCCTTCTGAAATTTGTGTCCTTTGAAAAGAGAAGAACCATCCTTCCAGAGCCCCCTGGC,N,no,no,N,0
chr2,181264480,181264797,TTGCTCACAGGTGAGTTCTTGTATTCTTCACCTGTACCATTTTGCTCTTGGCATCTTTTCTTCGGTTCCTATCACCCTGTGACAACATCCACTAGCATAGATGTGGATCCCTAAAACACATTCAATACATATTTGTGAACTGACCAACTGCCAAGAAATTTCTTTACAACAAAACCACTGAGTTCTATAGAGAGTGTAGCTGAGGTTGAGTAAGCCTATCTTTCTATTCCTTTTTCCCTTGTCCATTTTCATGTGGTTGCAAAAATTCCTCATAGAAGGATGTATCCTTTGGATTTATCCAAGTGATTTGTTTTTTGG,N,no,no,N,0
chr6,7904101,7904383,AATTTCTATTTCTTATAACCAAAAAAATTCTTAACTGTCAAGGAAGTAAGTATCATCGTCTGTCAGACTCTATACCTTCTTTCCAACAGGAACAGCCCTGTGGGAGTCACACGGGAAGGAACTATAGGAAGGGTGTTTGCGAATAAGTCACCAGCAAAAGCAAGCCAAAACTGATGACAGTCCATGCACACTGTGTAAAATGTACCGGTGAACATCTAGCATGGCGGGACCGTCATTTTTCTCTTGCAAACACATTCTCTTATAAACAGGAAAACCCAACACT,"[[7904176, ""T"", [""C""]]]",yes,no,T->C,1
chr9,101977693,101978105,TCATAAAATGATAAAAACGTAAAATTTTGCTTTTATAGTTAAATGTTATAGCAGCATAGTGTCAACTATAAATTTAAGGCCTTCTGCTTGTAGTTTTCATTTGAATCCAGTAGATGGCGTATTTATTTCCTTTATAGGACAGCTACATTCTTGTTCTGTTACAGTGAACAGGGAATGAAAAAATCTTAGATTTATCATCTATTGAATGTTTTGTTGACAAATTATAGCTTTATTTAGTATATAAAATTTACTCACAGTAGTGATCATAAACAGATACTTGAGATATGGTGGTTAGGTTTTGCTTGGAAAGTTGAAACAGATCAGGTATGTGCTTACAAGATACCTGTAGGGGTATCTTAGGTAAGGGTGTTCTTGGAGGCTAGGTCAAGCTGAAAGGGAATCTTTTTAAATCA,"[[101977711, ""A"", [""G""]], [101977987, ""C"", [""G""]]]",yes,yes,C->G,2
chr3,56296368,56296755,AGGAGTTGGTTGAGGTCTCTCTGGGTTCGCAGCTCATCTTGAAGGGCCTGGATTGTCAACTGTAGGTGCTGCAATGAGAAAGATGGAGCGGGAGAGGAGAAAGAAGGAAAAAAAGTCAATGAAAATGTCAAGTGCCGCTTGCTGCCACCACACTATGAAGATGGAATGTTAATCATGAGGTCCGGAGGGCCAGCCATGAATTCCTCCACGGTGACTTCAGAAGCATGGGACAGCACATGGAGAGGGGGAGATTAATTCAGTGATGCTTTCTGAATGTCTTGAGAGAAGAGAAATGCACACACACACAGAAACAATAGATTAGTGTCAATCACAAGGGAAATTATACATCTACAGAGTTTTAATTTAGGAAATGGAAAAGGTTAGAAGG,"[[56296373, ""G"", [""T""]]]",yes,no,G->T,1
chr5,131017002,131017246,TATCAATTTTATTTATCTTTTCAAAGAACCAGCTTTTTGTTTCACTTTTGTATTTTTGTTCGTTTGTTTCAATTTCATTTAGTTCTGCTCTGATCTTAGTTATTTCCTTTATTCCGCTGGGTTTGGGTTTGGTTTGTTCTTGTTTCTTTAGTTCCTTGAGGTATGACTTTAGATTGTCTGTGCTCCTTCAGACTTTTTGATGAAGGTGTTTCGGGCTATGAACTTACCCCTTAGTACCACCTTTT,N,no,no,N,0
chr17,12519956,12520240,TGTGGCTTCAAAATCTTTAACGATGTTTCAGAATCTCTTTGGTTTGCAGTCTAGTCACTGTAGACATTTCCTGAATGAAAACTCAAAAGCCTGCAGCCTGGTGCGTGCTATGACAATAGGCCACCAAAGTAGTAATTAGAATGACTCAGAAAATCAAGTACGTAGGAAGGCTTCATCTGGAATTGTTTGATTTATTTTAACATGATCCTACCCTCAACCACTTCATATATCCTAATTACAGTTCTAAATTAAAATGAGGTTTCTGTGGCCCTCCTCTGAAATGAC,"[[12519986, ""C"", [""G""]], [12520073, ""G"", [""A""]]]",yes,yes,C->G,2
chr11,60710521,60710798,TCCCACCATTTTCCCCCAGCCCCTCTACTCCCATGCTGGCCTGAGCCACCGCATCTCTCATCTAATCATGGAAACAGCCTCCTGACTGTTCCCTTTCTCCTACTCTGGGCTCACTGCAGCTGTTTATAGCATGGCCACCAGAGGGATCCTTTGGAAACACAAGATCCCATCACTTCTCTGCTGGCATCTTACTCAGAAAAAAAGCCAATGTCCTTCCAGCAGCCTGAAGATGCTGGCCCTCTGGTGCCCCCCGCCCCTGGCTCTGCTGCCATCCTCTG,"[[60710554, ""C"", [""T""]]]",yes,no,C->T,1
chr7,66533789,66534221,CACCGCGCCCAGCCTATGATTTTACTTTTATAACAAAGGCATGTTACTGAATAGAATCTGGGTCTTGCTGTTTACCACTTAGCTCTGGTTGACATAATGTCAAAGTGTGTAGCTGTAGCCTCTTAGTTCTCATGGCTCTATAATCTTCCATTGAGTGGAATTTTACCATGATGCAATTCCTCACTCTCCTCTCCTTGGGGATTGGGCTGCTTCCATTGTTTTGCTGTTACTAAGAATGCAATTAACACTTATAGCCGGGCGTGACGGCTCATGCCTGTAAACCCAGCACTGTGGGAGGCCGCAACCGGAGGATCCCTTGAGCTCAGGAATTTGAGACCGGCCTGGGCAACATGGCAAGACCCCATCTCTACTAAAAACACAAAAAAATTAGCCAGGCATGGTGGCACGCTTGCTACTCAGGAGGCAGAGGTCG,"[[66533806, ""A"", [""G""]]]",yes,no,A->G,1
chr14,89654206,89654518,CACTTCTGCATGCTTTTGAACCAGTACGAATAGCACATACAAAACTTTTTAAAGACACATTCTCTAGGGCAGTTAGAAACCCTGTACCCTGTTGCCTCACATCCGTAGATTAGATTGTTGGCAGAGTTCAAGACTCAAGAGGTCAAATGCTGCTTACAGCAAAGAAAGTAATATGCTAACATCCTGCGGCTATTTGTGATCCCGATTAAAAAGGACACATGTGACCGGTGAGGTGGCTCACACCTGTAATCCCAGCACTTTGGAAGGCAGAGGCAGACGGATTGCCTGAGCTCAGGAGTTAGAGATCAGCCTG,"[[89654387, ""C"", [""T""]], [89654506, ""C"", [""A""]]]",yes,yes,C->A,2
chr6,25244945,25245168,AACTTTCATACATTTTTGACATATCAATCATGGTTAGTTTCAAATCATTGTCTGCTAAATCCAACATGATGTGTCTACCTCTATTTTCTGTTTTGATTTTTAAATCACCTTTTCCTGTGTTTTTGCATATCTAGCAATTTTGACTGTATTCTGTAGGATATATATAAATGAATCATAGAGGCTCCAGATGGCATCTTACTCCACCATGAGTTTCTCTTTTCTTC,"[[25245023, ""T"", [""C""]]]",yes,no,T->C,1
chr9,62395496,62395879,GCTCAAGCTGGCTGCCTCAGCTTCACAGCATCAAATAATGGAGGGAGAAGTGGAGGCTGACATGCAGCAAGAATGACTGTGTGTGTGTTGGAGAGATATTTTGTTTAATTCATTTACAAGATACTCATGCCACACTGCTACGTGCCAAACAGCTGTTCTTGCTACTTGGTAAAAATTAATCATCTAATAGTTGAAAAGTTAATTGTTGTAATGTGACTTCAGTATGGCCACTCTCCGGGATTGGGAGCCAAAAAAAAAAAAAGCATCACCATCATGATTGAGAAATGGAGTTACTGGCAGTAGTGGAGCAAACCACGATTCTGCACTTGGACACAGAATTATTCCTGACAAGATCCTGGCTCTTAACTCTTCCACCAAAACTGA,N,no,no,N,0
chr8,88897105,88897447,TGATTATAGAAAGACCTGAAACACACAGCCAACATCCCCAACTTTCCAACTACATCTAGAGAGTCTGGCTCCTATTAGTTTTAGTCTCAGAGTACTGATAGGATCAGGCATACTCTAAGCTCCAGAGGGCCACCAAAAACAGAGATAGCAATCTGTACAAACACATATGTTTGAGAGGCACCTTAAAGTCTTGAACTAGATGAATTGGCAAGATCTGTTTCCTACATAAAGCCAGTCTGACAAGACTGAGAGAAGTAGCTGTGTTATCTAATGTGCAGAAACTAAAACAGAGTCAAGGAGAAACAGGGAAATATAATCCAAACGAAATAACAATATAAATCTC,"[[88897143, ""A"", [""C""]]]",yes,no,A->C,1
chr4,27239685,27239979,TGTGTCCAACTATTCAACTCTGCTGCTGTAGCTCGAAAGCAGACATAGATAGTAGTTAAATCAATGGGTGTGGTTGTGTTTCAGTGAAATTTTACTTACAAAAGCAGGCTGCAGGCTGGATTTGCCTGCAGACTACAGTGTGCCAACTCCTGGTCTGAATCACCGTGGGCACATAGATGTGCCAAGGAATTCTTAATGTTGTTAAAGCTAGGTTGACTTGCTGTATTGAGATCTCAGGAGTCACTGAACCAAAAAATGCAGCAGAAACCATTTCAAAGCAATAGAAGCAAAGAAG,"[[27239897, ""A"", [""T""]], [27239938, ""G"", [""A""]]]",yes,yes,A->T,2
chr14,51460135,51460459,TGCCAGAAATTATAACATGTGTTGAGAATATGTTGGAGAAAACAGTTAGAAACAGGGCCTTGTATTAGAAATACATTAAATAATTACACAGATGTTTATTTAGTCAAGGAAACACACATGAACCACGAGAGGGAACTGTTGGGGGAACTTGACCTTGTCTGGTATGTAAGAAAGAGGAGCTTCCCTGAGGAGCATGGAACATAATTTGCTCTACATTCTTCCCATTCAGGGACTTTGCATTGTTTCTAGTCTTTGGTTATTTTCAATATACCTACAATTAACACTTATGTGCATGCATGCTTTTATTTCCATAAAATAGATTCCT,"[[51460159, ""G"", [""A""]]]",yes,no,G->A,1
chr6,69980713,69980952,GAATAGGCAGCTCGCTAAAGAGAAAAATTCTAATGCTAGTAAACATGTGTAAGGCTCAGATTCACTGGTAGTCAGTGATATGTAATGTAAAGCAATTATGAGATTTGGCTTTACAGCCATTAGCCTGCCACCTGTTGCTGGATGTGATTCAAGGACAAAGGCATTCCCATACATTGCTGGTGGTAAGTGTAGAGCTACAGTCTCTTTTAGAAAGCAACTGGGTAATATCTATTCAAAAAT,N,no,no,N,0
chr5,43851779,43852211,GAAAATTGTTTCCAATACTATGTTCTGTGTTTAGGAAAAGGGTGCTAGAGGGGAGTAATTACAAGTACTCTGGCCTTTCATTTCAACCCAAGAATCTTAAGTGACAGCTGTTTGAGGGACTTGTCATTCAATTAAGTGGTTTGAGACTTTGCCAGTGGTTAAAAACCCTGTGGTTCATAGGGGTTTGCAGCCATGGGGCCGCGTAGTCTCACCAGAGCACTCGTGTTTCATTGCAAACCATTGCTTTCTTGGCCACAAGGATGCCGGACAGACGTCCTGACCACGATGTTTATTTCTTGAGGGCAAAAATCACAATGAAAATTGGACCCGAGTCTAAGAGTAAATGATTTTTTTCCCCTCTGAAATGTATAACATGGTAGTTAGAAATGAAATGATTGTAAATGTTTTTCATTCAGTGAGAAGATGCAGAAAG,"[[43851960, ""A"", [""G""]]]",yes,no,A->G,1
chr8,136072502,136072818,TCTTTTTTTTTAATTTTAGAAGCTAATGTCCTCAGTGGATCAGAGACAACAAACCATTAGTAAGTCTGTTAATGTTTCTCCAGTAAACCACAGAAACTTTCACACTAATGAGATAAATAAAGACTATAAAGCAACTCATGACAATTCAGGCAATGTTTTGCTGCAAATGGTTATAAAAAACATTCAGCTTTCAAATAGTTTTGAACTTCAACAGTGCAGATAAGAAACAGCTTGCATTAAGTCTTAAGAAGAAAAAAAAAGCTTGACCACATGAAAACACTCTTGGCCACATCTGAGATAAACATCTTACAAAACCA,"[[136072667, ""G"", [""A""]], [136072742, ""A"", [""G""]]]",yes,yes,G->A,2
chr11,30605067,30605327,AAAGATATATTTTAAGGATTTTTCAATACTCTTCAAGTCAGGTGTGAATCTCCCCCTGTCCACCAGGTTAACCAACATGTCACAGATTCATAGAATGATTCTGTCATTGGAAAGTACCCAGTTATCTCAGAAACTTACTCCTAATCTAGCCCATTCTGTACCACAGAGTTCTGAAGTTCATTCTTTCAAGAAAGAGGAAGCAGCGATGGTAATTTTATCATTTACCCACAGGGCATGTATGTGACAGTGATATATTCACTT,"[[30605113, ""C"", [""A""]], [30605306, ""G"", [""T""]]]",yes,yes,C->A,2
chr15,79394191,79394551,ATAATAAATTAATGAAGGTGTCCCAAGTCTCTCAAAAGCTCATTCGAAAAGGCATACTTTAAAAGGGTTTATTTTCCCCATAGACTGTCAGAAAATCAGCCTTGCCGATCTTTATAGAATGTTAACTTTGCAGAACGCCCACCATTCCCATGTGTTTACTGCGACAAGTTTCTTTTGGCTCTGGTTGTGTCTCTGGCTAGGAAGGCTGAGAGACTGACTCATCCTTCTGTTGGCAACCCAAGGTTTCCTAAAAAATACACATGGGGAGGGAAGTTTGCAAACAGATTTTGCATTTTGAAGTCTAATTGTTACTGGAGCAGCAGTTCTTAGATCCATAGGCTGGCATTCCAGTCTGAGTTTT,"[[79394223, ""A"", [""C""]]]",yes,no,A->C,1
chr1,6920306,6920542,TGACTGCATGTCTTGTGTCTGGGTCATGATGGTGCAAGAGGTGGGTTCCCATGGTCTTGGGCAGCTCCGCCCCTTTGGCTTTGTAGGGTACAGCCTCCCTCTTTGCTACTTTCACAGGCTGTTGTTGAGTGTCTGTGGCTTTTCCAGGTGCACTGTGCAAACTGTCAGTGGATCTGCCATTCTGGGGTGTGGAGGATGGTGACCCTCTTCTCACAGCTCTACTAGGCAGTGCCCCAG,"[[6920332, ""C"", [""T""]], [6920407, ""C"", [""T""]]]",yes,yes,C->T,2
chr7,153065099,153065336,CTGGGCCCCTAAGTGCAGTGGATTCAGCATAAGGTTTTAAATGAGGTAGACCTGGGTTTGAAAGTTGAGCTCACTATTTACCAACCTTGAACTCTTGAGCAAATTATGACACATTTCCTGAGTCCCCGTTTCCTCAGTTGGGAATATTGCCAACTTACAGCTCAAAAATGTTGACAGGCAGCATCATCTAGTAGAAAAAGCATAGATTCTAAAGTAAGGAATTCCATATTTGAGACTT,N,no,no,N,0
chr1,85621373,85621653,ATATAAATTGTTTTAAATTTAAAAGAAATATAAGAGAAATACGAATATGGAAAAGGAATAAATAACATATAAAAAGACCAAGGAGAATGAAGAAGGAACCAAATACTACTTACAGAAATCAAAATATACAATCATCAAAGTTAGAAACACAGCGAATGAGTCTAAGTAGAGAAGACACAGGTAAAGAGAGAATTAAGGAAATGGAAGATAAATGTGAAGAAATTACCCAGCCAAAGGGCAGAGGCACAAATAAATGAGAAACATGAGATGTTAAGGGGACA,"[[85621467, ""A"", [""G""]], [85621604, ""A"", [""C""]]]",yes,yes,A->G,2
chr20,51059900,51060240,GGGACCCCAGCACTTGGGAGGTTTTGAGGGTGTGCTCTCAGGATCAATGGAATGAGAGAAGCAGGATGGAGCAGGGGAAGGAGCAGAATAAGGCTGTGGTTTCAGCTGGTGTTGAGCTTCAGACTTAGCCCATGGAATGAGTGGGTGGTGGGTGGGGTCTGCAGTGTAAATTGCACAGAAGTGGTTTGACCCCTAGGTCATTGCTCATGGGCTGCTTCCTGGCGTGGAAATGGGGCCTCCCTTTTGGAAGAAGGCAATTTATTGGAGAAGAGGGCAGTGAAGAGCCTTTAGAAGCCAATGCTTCCACACCCACAGGACCTAGGGATGGGCATCTGCCTGGT,"[[51059909, ""A"", [""G""]], [51059922, ""G"", [""T""]]]",yes,yes,A->G,2
chr10,53836718,53837002,GTCTGGCATTCAATCAAGTAGGACGCAAAAAGCCTACAAAATATAAAACAACCATTTTCAAGAAATGAAGTAACAGAGCCAGATAGAGATAACCCAGATATTGGAACTGTCAGACAGGAACTCTGATTCAACTCTGATTAATACATTGCAAAATAGCAGAAAGCACAAACATGCCTGAAGCGATGGAGAAATTCAGTAGAGTGGTGGAAATAAGAAATAATCTAATAGAAATGCTAGAAATATCTTTCTAAAAAGATAAAAAGATGAAGAATTTCTTCAGTGAGT,"[[53836742, ""A"", [""G""]]]",yes,no,A->G,1
chr3,135995860,135996118,CATCTATTCGGATTCAGACTCTTTAACATCACTTTTCAATTTAGAGCCACCGATGTTTATACTTTCTTTCTCTGCCATCCAGAGTGTTTGGTGATGACGCATTTCTTAAAAGAGTGTTCTGCTATGATCTTTGGGAATTTTCTGCCAAGTTATTCTGCATGTTTTTTTACAATGGTGTTTTCTTGACCTTACTAGAGTGCGTTCAATAAATGACAACCATGTCACAGTTCTGCCTGACCAATAGGGATTTTAAGATGCT,"[[135995886, ""A"", [""C""]]]",yes,no,A->C,1
chr3,78427372,78427850,CACACACAGTTTAAATTAGAAATACTGATAGAGATTATTCTAAAAGGATGAGTCATTAGAAAATGTCCCACTCAAACCAGAAACAAAGCCTCTACATTGCACTATGTTTCAACCATCTGGAAGTTATTATTTTTTTAAGGAAACAACAAGTTTATAGATACTAGAAAGGAAGAGATGCAATGATAATTGTGTGTGTACGTGGGTGTGTGTGTGTGTGTCTCTGAGAGAGAGAGTGACTATGCAGAGATAGTCATCAAAATGTCCATAATTACTATCTTGAAGAAGATGAAACTGCAGGGGCTGTCATTCTGTTTACAATTTTGTATTTGGGATGATGGGGGTGGTTGTAGCTTTGTATTAAAAAACACATCCCTCACCACATGGACCTGCGCTGAAAAAGAAAAATGTAACTATAACCAAATAACCCGCATTGTAATATGTAACATGATAGGAACCCTTACAAAGAGAACATGGGAGGA,"[[78427569, ""T"", [""C""]]]",yes,no,T->C,1
chr13,74839731,74840008,ACAAGAGCTGCTTAATAAAGTCCTCTGACAAATCAGTAAGTCCTTTTGGAGAAAAGGCTGTAGAGAAGAGACTGGTAATATGTCTAACACAGGAACCTTTACTCATGGAGAAAATGTGATTCAGAGAATATTCTGGACCTCTGCCCATCAAGATCAGCAATTGTCCCTCTTTAGAATATCAGTAGCTAGAAAAGGGGTGATTAGAAATAGGCCTAGCTTGCCTCTGGTATTTCAAATCCTAAAACCCTACATAAAAAGTTGATGACAACATCAAAAAT,"[[74839732, ""T"", [""C""]], [74839885, ""G"", [""C""]], [74839925, ""A"", [""G""]]]",yes,yes,A->G,3
chr12,109563701,109563969,TGAAAGCCTTCCTCCACCACACAGAATGTTCTGGCAGCTGAGGCTTCCTCCTGCAGCCACAGCCTGTGGCAGCCCCACCTACTCCCCTCCGTCTGTTCCCAGGGGCCTGAGCAGGCTCCAGCCTGGGCTTCAGAACGGAAGTGGGAAGGGCTGACCCTGCGGGGAGCGGTTTCTGGGGACCTGGGTCCATGTGGAGGTGGAAAGTGCGGCACCCTGGGCATTCTGGGGTGGTGACCCTGTCTCCGTGCTTGAAGTTCTCTGCGTGGGTC,"[[109563784, ""A"", [""C""]]]",yes,no,A->C,1
chr18,61874628,61874900,CAGAGTTTATCAATTATAGAACAGGTTCCTCTAGAAGGATATAAAGCACCGCCAAGTAGTTTTAAGCTGTGGCTTGTAGTTCTCTGGTGAATAGTTTTGTTAATTTAACTACTTGGGTTTAGGGCTAAGCATAGTGGGGTATCTAATCCCAGTCTGGTTCTTAGCTATTGTGTTTTCAGGATATTGAAGTCATTTCCATAGTGTATTTTATTTCAGCTGGGGTTTTTTACAACTTAGATGAAGTTTAGCTTTATTGGGTACAGACCTTAAACA,"[[61874629, ""G"", [""A""]]]",yes,no,G->A,1
chr7,125742437,125742694,TAATAACTACGATGGAGTAAAAACTTCTCGCTTGGTAGTACAGAAGTGGAACACTCCCTAGACCCCCGAGAGCTCAGAGAAGTATTGATTTGTTACACATGATGTAATACTAAAAATAAACCCTGAGGGATAATTAGGAGGTTAAAAATAATCTTGGCGAAAGAAGTGAAGAAGGGCAGAGAATGTATTATGTGAAGGCCTGAATGTTAAGAAACCAAACACTAGAAGATCTTTAAATTGTCAAGCATTGTTTAATAT,"[[125742466, ""A"", [""G""]]]",yes,no,A->G,1
chr14,26332954,26333322,AACGGCAGAATACTGTCCTGGGCTGGGTGGGTTCCCGCCTTGAGCCCTGAGCTGCTGGGATATAACAGATAAGTCAGAACTCCTTATTGCTCTGTTTCCAACGCCCCAGTAGATTTCTACATCTTCTGGAGTTTTGGCATCAGTCCTTCACAGTGATTCACAAGGCTCTTCATCATCATGGAACTCTCCCCGCCCCAGCACAAACTGCTTAACTTTATATCCAGCTGATCTCACCCTTGCACACTCTGCTCCAGCCACCCTGGCCTTCTCACTGCTCCTTGAAAACGCCAGGCACGTGCCTAACTCAGAGCGTGTATCGTGGCTGTTTCCTCTGCCGGGCTGTTCTCTAAAATATGCTCCCCCCAAACC,"[[26332956, ""T"", [""C""]], [26333022, ""G"", [""A""]], [26333317, ""G"", [""C""]]]",yes,yes,G->A,3
chr1,162616893,162617218,TGTGAAGAATAATATTTTTAATTAAATATCAAATTTTCTTGGTTATTATTTTCTTATGCATTCTTCCTGCCCTATTTTCTCTCTTCTTCCAGGACTCCCATTATACATATGTTGGTATGCTTGATGGTATCCCACAGACCACCATTTATAATAGCTTATTTAAGGTCTTGGCTAGTAAGTTCGATATCTGGGTTTTCTCAAGGACAGTTTTTTTTACCAGTTTGTTTCTCTTGTGGGAGCCATACTTTCCTTCTTGTAAGCATGTTTCTTTTCTTTTGTTTTTTTTAAACTGGACAATTTGAATGATACATTGTGGCAATCCTGAA,"[[162616935, ""G"", [""T""]], [162616936, ""C"", [""T""]], [162617063, ""A"", [""G""]], [162617107, ""A"", [""T""]]]",yes,yes,C->T,4
chr1,118460556,118460770,CACTTTACATAATTCTATATTCCTTGAAGACTTTGTTCATTTTTTCCATTATTTTTTCTTTATTTTCATCTTTAAACTTTAAAATTCTTTCTTCTGCATGGTCTAGTCTATTAATGCTTTCAACTGTGTTTTGTAATTCCTTCAGTGAATTTTTTATTTCCAGAAGTTCCATGAGAGTTTAAGTGTCTCTTTCTCTAGTAAATTTTTAATTCATA,"[[118460601, ""A"", [""C""]]]",yes,no,A->C,1
chr6,125507936,125508382,GAATACTATGAATCCAATTATGTCCCCTCATAATTCATATGTTGAAGCCTAATTCCCAATGTGACGACTATATTTGGAGATAAGACCTTTAGGAGGTTATTAAGGTTAAATGATGTCGTAAGGGTGAAGTCTTGATCTAATAGGATTTGTAGCTTTATAAGAAGAGGAGCACATATAGACTGAGGACATTTGAACACACTGAGAAAAGATGACTATTTGCAAGACAGGAAGAGAGCTCTTGCTGAAACCCAACCATCTGGAACTCAATCATGCTGGCACCCTTCCAGCCTCCTTAACTGTGAGAAAATAAATTTCTGTTGTTTAAGCCATCCAGTCTGTGGTATTTTGTTATAGCAATTGGAGCAGATTAAGACACAAGCCTACCTGTACTTCTTTATAATAGTCATCACACTCATAATTATAATAATTTCAAATTTTCCTCTTTTG,N,no,no,N,0
chr12,90499089,90499368,AAATTCAAAAGGGTTTATTAAATTCAGGCTCTACCTATGGTATTTATTACACCAAAGTGGTGATAGACATATTTCATAAGGTCCTTGATTAAATTGGATTTGCAAAATGATGGTGCTAGTGCAGACCATAAGAAATCACTTAGTGCATTCCACTGAATCCCTGAAGTACCATTTATAAACATGCTCAAAAAGATTGCCTTCAATCCTTTAGATATCACTATCATGTCTTTAGTGTTAGGAGGCTATTTCTAAGCAAATGGAAACTTTTTCTTTTCTATCA,"[[90499123, ""A"", [""C""]]]",yes,no,A->C,1
chr20,21342999,21343321,GATGTGCTCTAAGTTCTATGTGAAATATGATTTCGTATTATTTTAACTTTTCTTGACCTGTGGTATGAACTGTGTTTATGCTGTGGATACTCTAATTATTATATCATTCAAATGGCCTTCTGTGCTCTCAGTTTAAAAAAAATTCAGTTTACTTGAAATAGCTAATATACTGTGAGTAACAGAAGAAAAACTTGACTGTGGAAATGTTTCTGCCCCTTATGTTTTTGGTGATGTGGTCCTTTAGCTTGAGTAACTAAAGTTGCAGAACATTTTCTTTTAATTTTTAAATATTAAAATATGTTAGGGTTATATTAAAATATGTT,N,no,no,N,0
chr2,10752288,10752652,GCTTTTATCAGGGTGTCCCGTGTCCCTGCCTCTGTTTTCTGTGTTGGGCCCTAGGCCTCTGGGCTCCGGTCTGAGTGGCTGGGGTGGCCAGCGTCTGCAGCAGTGGAAGACCTTGTACTCCATGTAGGATTCAGTGACTTGAGTCCGCTCCTCCTGCAAACACCACCTCCCTCCTGAGGGCGGGGAGAATGTGGAGAGAGAGCCTGAGGCAATGATTTGGATCATCATAACTTTCAGACTTCGATCCTAGTTTGAATTGTTTTCCAACTGGAGTTCTAATGGCTTAGCCTTCTGGAGCAGACTCTCCTTGCTACCAGATGATTGGTTATGTCAATATTCATAATAATCCTGTAAAATGAGTATCA,"[[10752529, ""T"", [""C""]], [10752543, ""C"", [""A""]]]",yes,yes,T->C,2
chr2,60905616,60905890,CTGTTCGGGTCTGCAGCAGCCCCAATTCTTGCCTCCTCAGGAGACAGAAGGAGAGACCGAGACAAGTTTTAGAGCAGGAGTGAAAGTTTATTAAAAAGCCTTAGAGCAGGAAGGAAAGGAAGAAAAATACATTTGGAAGAGGGCCAAGCAGGTGACTTGAAAGACAGGTGTGCTGGGAATCTGCATTTTAACAAACATCTAGATCAGTATTTCTTAACTCTTTCACCATGACCCACAGTAAGAAATAGATTTTGTTTTTGAGTTCAATATATATA,"[[60905747, ""C"", [""T""]]]",yes,no,C->T,1
chr7,79464578,79464834,TGCATACAAGAATGAAAGTGAAAATTACCTACTCTATGTCCTGAAGTGGGAAGTTGGCTTGCCAGAGAGTAGGTAATTTTCACTTTGATTCTTTCATGCCTTCAGTTATACTACTTCTTAGGTTAGTTCATAAGGGTTTCCACAATTTGGTTCCCACTTAAAATTTAAAACTTCCCTAACCCATTCCCACCATATATTGTGCTAATCCATGCATATGTGACTTTGCGTATGCTGTTTTCATTGTTTAATATTCTTCT,N,no,no,N,0
chr11,74159707,74160006,GTTAATTTATTATTAAAGAACAAGATTGTTTTGTAAATTTAGTGTAGTCTTCTAAGTGTACAGTGTTTATAAAGTCTACAGTACAGTAGTACATGGTAATGTCCTAGGCCTTCACATTCACTCACCACTCACTCACTGACTCACCCAGAGCAACTTCTAGTCCTGTAAGCTCTATCCATAACTGCTCTATATAGGTATATATCTTTTATCTTTTATACTGTTATTTTATCTTCTATACTGATATCTTTTAACTTTTATACTGTTATTTTTATGTACTTTTTCTTTGTTTAGATATGCTTA,N,no,no,N,0
chr11,77277601,77277823,TTATCATTTTTTATTGTGTCTATTTCATTCTTCTCTCTTTTCTTCTTTATTAGTCTTGCTAGCGGTCTATCAATTTTGTTGATCTTTTCAAAAAACCAGCTCCTTTTTGAAGGGTTTTTTGTGTCTCTATCTCCTTCAGTTCTGCTCTGATCTTAGTTATTTCTTGCCTTCTGCTAGCTTTTGAATGTGTTTGCTCTTGCTTCTCTAGTTCTTTTAATTGTGA,"[[77277626, ""G"", [""C""]]]",yes,no,G->C,1
chr5,76050216,76050487,AATTAATATTCATGAAAATGCTTAGTGTTAAAGAGATGCTATAAATTGTACTTGGTTTCAACGTAGGGTGATCACCTTTTCTTTCATGACTAAACATGTCAGGGAGGTTAAAGAGAAGTACACAAACCCAGCAGGATGACATCACTGGTATGCATGAAAGAGAATGTGCAGGAAAATCCTTGGTGTTATCTCTAGAGGATCTTCATTGTCAGAGCCTTGGAGATCCTGAACTAGATAAAATGAGCCCCAGGTAACAACAAGGTTCCCCCACA,"[[76050277, ""T"", [""C""]]]",yes,no,T->C,1
chr3,145959752,145960107,ATTTAGTTTTGAGTAGTTGAGAGATACCAGTCTTTTAAAAGAAGCTGAAAAAGTGGTATCATTTGGGATTTTAAAAGACAAAGATTAAGGAGCAAACAGAGCTGCTCTTGACCAAGTCAGCCACATAATTAAGAAGAGTGTTTTCCTTTCAGTTTCTGTGAGGAACATAACTTGGTTTGAACAAAGTGATTATATAAGAAAATGCACTTCTATATGTGAGTTCAAAGCTTTTGTGCTTTAGGAGTTTCCAAAAAGCTGAAACCCACAAAAAAAAAATGGGGGGAGAATTCTTACAAGGAAAAGATGCTCCCATGGCAGGGATGAGTCATATCTCCCACCAAAAATAGTTTCTGGGA,"[[145959765, ""C"", [""T""]]]",yes,no,C->T,1
chr7,144251741,144252223,TCATTCAGTTATACATAAGTAAAGTTTTACTTGAAAACTTGCTGTTAATTCAAGTCCTTCATATTTGTAACAATCACTATACCTGAAATCCCAAATGCAAGAAATTGTTTTTCAAATAGAAAAAGTGTAGCTGACTTCAGCAACAAGAATTGCAATATACTATATAAGTAACCAACGGAAGGAAATTATTGACAAATCAATAATTCAATTTGGCACTTGACAAATGGCAGCATCAATGAATTAGCAGTAAGATGCTTAGCCTGTGAGTTGGTGGTGTGCTGAATTGATGAATTTGTTTTTTTGACCTTGGATCTTGGATCACAGTTTCCTTAATGAACTTCAACATGGTTTTTGGTGCAAACATTTGTCAATGCCATTGCAAGAACAAAATAACTTGAGTCTTATCTACTTTAGTGAGATTAAAGTGAGGAAAGGCACTGTTTTTGGCCAGTCCCTAGTTTAATTTTTGTCAGTACTAACTGG,N,no,no,N,0
chr14,52091919,52092264,GGTAGCCATTCATCCAGGCAACTATTCTGGTCAAGCTCCTTAATTTCAGTCAAAGAATCATAATCTTACCCTTGACTCTATTGATTGCTAAAGCATTTGGATCTGGCTTTTATTAGCAACTCCAACTTTTTGCTAAATATTACAGCTTTCAACACTCTGTAGTCCAAGACTTAGCCAAAGCTCAGCTGCAAGAATGGAGCTTGCCAAATGGCATATAATCCTTCATTCTATTGGAGATTAGCAACTTTGTCCTTGGCTCAAGCAAGCTGTCTAGCAACCATGGCTATAAAGCTATGCCTCCTTCTCCCTCCCAAGCCATCTGTCAACCACAAAATTACATTTTGAG,"[[52091952, ""G"", [""A""]]]",yes,no,G->A,1
chr12,10430769,10431025,AGTGGTCATCTCCTATTTCAACCTCCCTGAGACACTGGCAACCACTATTCTACTTTCTGTCTCTATGGGTTTGACTGTTCTTGGTACTTCCTATAAGCTGACTCACATAACATGCAACTTTTAGAAAGGCTGAAAACCACAAATACCATGTTGAGCAAAATGAGCCCGACACAAATGCTAGGATGTCTGTACTTTAGTAATTGTGTGCATCCTATTTCAATAATTGATTTAGAATTTTTGTATCAGAGCAAATAACA,"[[10430803, ""T"", [""C""]], [10430832, ""C"", [""T""]]]",yes,yes,C->T,2
chr15,50786927,50787185,AGAATAGCTCTCTGCTGAGCAGAACATTTGTAATTAGACAATGCTTATTTGGCTCTTCATCTCTAGGTACTAAACAAATTCTTCCCCTTTTTTATAGCACACTCATTCTTCAGGCTGGCATGGTACGAGTCATCAGAGTTAAATGTGTATAGAACAATCACATTCCAGGCTTGCCTTCTGAGATTTTTCCACCTCCCATCAGTGATAGGCAATTCAACAGACGAGAGGTGTTATAGCTTTGAACAGAGGTTCATTTGAA,N,no,no,N,0
chr2,212922865,212923092,TTAGAGATTGCGATATTAAGATTTCGTGCTTCATCAAATGCTGTGAATCATCAATGTCGTTTGCTGATTGGTATTTCTGGCTCACAATTCCTCTGGTTCACAGCAATTGCTCTTGAAAAAATAAGAAGTCTTTTAATTTTAGATAACACCAAAAAGAGAAGGTTTCGGTTTTAAGAAGTCCCATTGGGATGATAGAAAGCATTGTATGGAGAACTGAAAATGGTCAAC,"[[212922889, ""T"", [""C""]], [212923031, ""A"", [""G""]]]",yes,yes,T->C,2
chr11,30310668,30311109,ACATCGGACAAGCTTGATTTATGGGATCCAACTTTGTTTTTTGCCTCTTAATGGCCCTTTAAAGTTATTCAGAGGAGAATCTTTCTTTGTGACTGAAAAGGAGACTTCATGGGCCTCATAACTTTCTCAGTTTAGGTAACCGATGGCTCTGTGGTCACTCAAGTTACAAACCATTGTCTTAGTTCAGAAAGTGGAACTGCCAAGTCCACAATATTAAACATCTCTTAAGCTTTCATTCAAAGCAGTTTCCCCTCCCTTCCTCTGCTTAAGGCAGGTGGGTAGGCAGGCCACTTGTACTTGTGGAATGGGGTAGGTCAGCTTCTACTCTCTTTCTCACCTCTCCTTTTCTCTCTCTCTCACTAGCCACTGTGATTTAAGTGCAACTTATAGACAGTAATATTCACCAATTTGTAAGTATACCATTGATGAGTTTTGACAAATA,"[[30310672, ""T"", [""C""]], [30310847, ""C"", [""T""]]]",yes,yes,T->C,2
chr22,37003056,37003333,TTCCCTCCAAAACTTCAAGTCCTCTTAAAAGATACATAAGGGCTGGGCATCGTGGCCGTCAGGCCTCTGAGCCCAAGCTAAACCATCATATCCCCTGGATGATAAACCTCCGCAGAGTTTATCTAAATGTGGCCATGTATGAGGATTCCCTAGGCTCTCATTAAAAATACAGATGCCTGGGACCCTCTCAGAGCTGCTGCATCAGAAAGGCCCTGAATCTGAGTGTTTAACAAGCCCTTGGGCATTCAGGTCATTGGAGGAAGATTTTAGCAGGATCG,"[[37003107, ""T"", [""G""]], [37003293, ""C"", [""T""]]]",yes,yes,T->G,2
chr8,25025032,25025297,CAAGATCAAGGCATCAACAGATTCAGCATCTGGTGAGGGCTGCTCTCTGCTTTTAAGATGGCTCCTGATTGCTGCATCCACTGGAGGAGGTGGATGCTCTGTCCTCACATGGCGGAAGGGACAAAAGGGCAAAAAGGCCCAGCTAGTTCCCTTGAGCCCTTTTATCAGGGCACTAATCCCATTCATGAGGGCAGGGCCCTCATGACTTAATCACCTCCTAATGGCCCACCTCTGAACACTGGTGCACTGGAGATTAAGTTTCAACA,"[[25025137, ""G"", [""C""]]]",yes,no,G->C,1
chr3,164640996,164641486,TAAATTTTATTCAACTTTGTATTCTCTCAAAGGCCTTAGTAAGAATAAGATTTAATTTATTCAGCAAAATATATTGAATTTATGTTAGTACATAATGCCTGTGGAATCTAAAATAGGCAAAATAAAGTTGCTAAATCAATTTTAAAATTTCTCAGGGGAAAATACAACTCATAACATTTCAAGATGTGATACTCATGCTTAAAATATCATTGCTGCATTCCAATTTGTAAACTAAATAAAGCCTATTCTGTGTAAGCATGAAGAGGACAACTTGTAAGTAATAGAATTAGAATGGATTTGTGGTTTAGCGTTCTTTCCAGCATAACACAGTTGGCCCCATTTCCCAACCCCTTTGTCATGTGAACTAATTTTACTAATCAGGCTGTAGAAGTACAGCATAGCCAAGGAAGATTTTGTTGAAATAGTGTTTTAAATACCACCTTGATTTAGTCCACGCCGCCGTAGCATTTACACTTCCTTAGTCTATTCTA,"[[164641079, ""A"", [""G""]]]",yes,no,A->G,1
chr4,34816654,34816943,CCCTCAGGCTAGCAGTAGACCTCTCAACAGAAATCCTACAAGCCAGAAGAGATTGGGGGCTAATTTTCAGCACCCTTAAAGAAAAGAAATTCCAACAAAGAAATTCATGTCCCAACAAACTAAGCTTCATAAGTGATGAAAAAATACAATTCTTTTCAGACAAGCAAATGCTGAATTGAACACATTTCTACTAGACTGGCCTTACAAGAGGTATTTAAGGGAGGGCTAAAAGTGGAATCAAAAGAATGACACCTGCTACCACAAAAACACATGTAAGCACATAGCCCAGA,N,no,no,N,0
chr9,80555988,80556273,ATTACATTATTTCTACTACCTGGGTGATGGTACTGTGTTATGGCTAAAGAAATTTAAAGTCAGCCTCTTTAATTTTGATTTTGGTCCCTACCACTTATTAGTCATGAGATTTGCTAAGTTACTCAATCTTTCTAAGCCCCAATTTCCTCAACCGCGTTGTGGTTAGGAATGAATGAAATCATATACGTATAGTATTTATATCTTTTCCTGGCACATAGATAAATTATTCAATAGTTGTTAACTATTCTTGTTGCTACTGCCTCACCCCTTCTGGTGGCAAATAGGT,"[[80556031, ""T"", [""C""]], [80556140, ""A"", [""C""]]]",yes,yes,A->C,2
chr4,158444680,158445077,AGATCTAATGTAGGGCTTAATAATTCTCCTACAAATGGGTACTCCACAGTCATTCCACATACTTACATGTGAAAGTATCTTCTGATCTAAGTGTAGTAGGTTTTATACTATCTGATTCACTGGATTGGCATTCTTTCAGATCAAGTACCCACTTTCCTGCCAGCAGCAGGAGTTGCTGTTCATCCTTTGCCCCACAAAAATGAGGCCTGGAAAGTGGGAATTCACCTCTCTCCCAGCTGCTTTTCACACCCCCGAAGCATTGTGTCAATCTGAAAGCAAGATGTGCTCCAATATCCCATGCCCTTCTCCCTCCATCTCTGTTGATTTCTCTTTTATGTATAGGCATAGCATATATTGTAAAATAAAAAGAATGAGAAGGAGAATATACAGGGTCATTC,"[[158444907, ""T"", [""C""]], [158445018, ""G"", [""A""]]]",yes,yes,T->C,2
chr5,145818657,145819138,GCTACACTGCAACAAGTTTTACCATCTGGAAAATAAAAGAAAGTTCATTTTCATTGTCATATCAGCTTTATTACACTGAAGAATGTGACAGTCTTTTAATTCATGATAAGGAAGTGACGGAAGCTGCCATTTGTTCCACATACAGCACAGCAATTTAATTTGCAAGCTAATCGGCAGGAGCCAAGCTGGGTTCCACATCTGATATGGTTTGGCTGTGTCCCCTCCCAAATCTCATCTTGAATTGTAGCTCCCATAATCCCCACATGTCATGGGAGAGACTCAGTGGGAGGTAACTGAATCACGGGGGCGGGTTTTCCTGTGCTGTTCCCATGATAGTGAATAAGTCTCACCAGATCTGATGGTTTTATAAAGGGCAGTTCCCCTGCACACGCTCTCTTGCCTGCTGCCATGTAACATGTATCTGGGCTCCTCCTTCACCTTCCACCATGATTATGAGGCCTCCCCAGCCATGTGGAACTGTG,N,no,no,N,0
chr3,77414837,77415249,AGTGTTGTTGGAGTCTTTATCCATTGCATATGGCTCCTGTTAGAGTCAATTTATTTAAATAGAGAATTCCTTTTCCAGTCTTGTTTAATTTAAGCAATGAAGTATTGAGTGCTCCTGAAGATTATTAAGACTCCACCCCTGCCTTCAGGAAGCTGCCCATCTGGTGGAATGAGCCCTAAGATATTTTGAGGACTGCTCACTCCACCCATGATCCCACAACAGGAAAGAATATTTAACATTAGGGACATCCAGGAATATTCAGGACATATGTTTGCCATTACTGTAATTAGTGTCAGTTGTTTGTAAGTGCAGAAATAGGGAAATAAACAGTGTTACAGGAGAACAGAAGACCAAATGCTCAACTTTGTCTGGGAGGTGTAGAGAAGCAATGTTAAGGCATTGAAACTTACTGA,"[[77414891, ""A"", [""T""]], [77415187, ""G"", [""C""]]]",yes,yes,A->T,2
chr2,129627523,129627777,TTAAACTCATTAGGAAGAATTGCATCTACATTGGTAGAGAGGAAGGCAGGGGCCGCATCCGCAAGGAAAAAGGGCATCATCCTGAGGCACTGCTGTGGTGAAGCCTGATGGGGCGCACTTCTGAGGAGCAGGGCTTGATTTTAGGGAACCTGAACATGGCAACACCCTTTGCTTCTTTACGCTACACTCCCTCAGTGCTTTCAGCAGAGGTTTGCATTCACAGTTCCCAAGCTTTCTCACCTCTGCGTGTTTATT,"[[129627576, ""T"", [""C""]]]",yes,no,T->C,1
chr1,208258346,208258705,TGCAGAGATGTGATATTAGGCTGTTTGGCTGCGATTAGATGCCAGCAACTCTAACTTGGCTTCATTCTTACCACAAGGCTTCAGTGCACTGACTATCAGCTCTGATGACATGAGAATAGGTGAGACTGTCACTGCTGCAGCACAGGAAGTGAAAAGCCTGATTGGTCAGGGAGGCAGGTGACTTTGAGTCTAGTCCTTTAACTGCTGCCTTTAACTGTCTTTCTGAGTCAGGCCACACTTTTCTCACCTTAGGGATTCAGGAAAATCCCCAAGTTTCCTTCTGGCTCTAAAGTCCTGCCTGTGGGTGGAGAAAGTGCCCTTAGAGAGATCGGAAGATTGGTGTCATCTCTGCTCCAGGGT,N,no,no,N,0
chr1,64164009,64164355,TTGATATTCCTAACCACCATCCTGAAATATATTTTTTTTTCCCCTTGACTTTCCTCCTATCTGCTTCCCACACTTCCTTCACTAGTTCTTTTAATTCCCTTAATGGGAGCATCCTCTGACATTCTTTTCCTCTCTCATTCTCTTGAGCTGATTTCATCCTCTGGCATTGCTCTAGCTCCCCCTTGAGTGTAATGATTTCCCAACCTGGAAGGCCCAGTTTCAAGTTATAAAATTCTTGCCACCAAAATCCTGCCACCCAAAAGTCCATACTATCGGGGCCTAGCTTACCTTTCCAGCCACACTTTTCTCTTAGTTTATTTCTGGAAAGTAGTCTCATACACTTCAAA,"[[64164018, ""T"", [""C""]], [64164343, ""G"", [""C""]]]",yes,yes,G->C,2
chr10,12775020,12775324,CATTGATCAGGTGAGACTGTGAGAAGGCTCAGGCATTGATCAGGTGAGACTGTGAGAAGGCTCAGGCATTGATCAGGTGAGACTGTGAGAAGGCTCAGGCATTGATCAGGTGAGACTGTGAGAAGGCTCAGGCATTGATCAGGTGAGACTGTGAGAAGGCTCAGGCATTGATCAGGTGAGACTGTGAGAAGGCTCAGGCATTGATCAGGTGAGACTGTGAGAAGGCTCAGGCATTGATCAGGTGAGACTGTGAGAAGGCTCAGGCATTGATCAGGTGAGACTGTGAGAAGGCTCAGGCATTGATC,N,no,no,N,0
chr5,167053587,167053822,TGGGCTGGGCAGAGTGGAGCATGCCTGCAGTGCCAGTTACTTGGGAGGCTGAAGCAGTAGGATCACTTGACTTTAGGAGTTTGAGACTAGCCAGGGCAACATAATGAGATCCCTAATTTAAAAATTAAACCAACCTCTAATTGATTGGAAGTATTGATTTTTTCCATCCACTTTACACAACAGGGTATTTAACTTGCACTGTTAGCCACCTCATTATTATATAAGGTTGCATAACT,N,no,no,N,0
chr1,13899878,13900281,AGGTGATCTGCCTGCCTCTGCCTCCCAAAGTGTGCCCGGCCTATCTTGGTTGTCTTTGGACCCTCTGTGCCTTATATGGTGCTGACAATGTAGCAGCTTTCATCAGTAAGATATTGACGCATCTGTTTTAGACCATATCATTAGTCATTTTATGGGGCGGCTGTCATCCTTATGAGTAGCTGCTAGCATGATGAAATGGTGTTAGTGGAATCTGGCAAAGCAAAATTGCGGTTATGTTCATTCTCTTTCTCAAGACTAATTCTTCTTGATAGTCCTCAAGTTTGCCTCGACCTGGATTCCAGGTCAGTGGGGAAAACAACTTATTCCAATAGTCCCTTGGGCTGATCAGACTGAGTACTCTGAACTCCAGGCCTTAAAGGGAAAGAGACACATGTGAGGCACAA,"[[13899896, ""G"", [""T""]]]",yes,no,G->T,1
chr10,80041227,80041511,TGGAAGAACACAAAATTTAATTTCTAAATGAAATATTCAAGGACGCTTGTCATTCTCTCAGGCTCAAAGCCTAAAGAGGTACACCAATAAAACAAGATTCATTATCACATCGAAGATCATGGGGAGATGTTTGCTCAGGTGGTCACGTGATGTACAGAAACAGAGGGAAACACAATTGAACTAAATAAAGACGCAGGCTGGGCGCAGTAGCTCAGCCTGTGATGGCAAGATTTTAGGAGGCCAAGGCAGCAGATTGCTTTAACCTAGGGGTTCTACATATATATA,"[[80041234, ""G"", [""A""]]]",yes,no,G->A,1
chr7,145787461,145787770,CACCCAGGCTGGAGTGCAGTGGTGTGATGTTGGCTTACTGCAACCTCCGTCTTTAGGGTTCAAGCAATTCTCCTACCTCTGCCTACTGAACAGCTGGGATTTCAGGCATGTGCCACCACACCTGACTAATTTTTGTATTTTTAGTAGAGATGGGGTTTCACCATGTTGGCCAGATTGGTCTTAAACTCCTGACCTTCAGTTATCCACCAGCCTCAGCCTACGAAAGTGCTGGTATTACAGGCATGAGCCACAGTGCACACTCAAATTTCCTTAGTTTTATCCCCAATATCTTTTTTCTGTTCCACTATCA,"[[145787496, ""C"", [""T""]]]",yes,no,C->T,1
chr7,45400613,45400970,TGGTGGCTCCAAGCTTCCAGGTACCACTGCGTTCCCCTCATCCAGATAGGGGTGCCTGCAGCAGAAGCTGTGTGCAGTACATCTGGTCCTGCCACAGCCTTACGTGGAGCCAGTACCTGTGCTGGCTCTTGGAGCTGCTTGCCCTCCTACAGCAGCCGGCATGCCTGTGGCTTGACCCAGCACTTGCTTGCCCACACACCCCTCACCACTCTGCCTGGCTCACCCTTGGCAGGTGTGCGATCCAGGCCAGTAGCTCCAGCCGAGTGCAGCCTGCTGGGCTGAGTGGGAGGAACAGGCACAGCAGGTGTGAGCAATACTCAGGCAGAAGGTGCTGCCGGCCACAGAGGTTTCTGGCTGG,N,no,no,N,0
chr4,58144853,58145194,TTATCTTGATTACACTGGGAGCTCTAGAGTGCCAGTTACACTGGAGATTTGTTCCTTGATACAAAGGGAACAGCCATTTTAATCTGTCTGTCATTGGCTACCGACTATGAGGAAAGAAGGATGAGGATGAGGAATGGTGTGCATATTCCACAAGACAAATAGCTCCTATTTAGTCAGTGGCAGCTGTCTAGAGAAGAGGTAGCTGTGACCCTTAATCAACCAGCTTATAGCAGATGGGGGATGCCTGCATCTGCCCTGGTAAAGGGATTTGGGTGAGGGCCCAACAGTATCTACTATATTAATGGTGTCCAGAATTTGAAATCACAATTCACATATGTTATA,"[[58144887, ""A"", [""G""]]]",yes,no,A->G,1
chr12,33407052,33407448,TCACATAAGGGTCAGAAGTTCCTGTGAAGTCTTTAGCAGGGAGATCTAAAGCTTTGATAATTTTAACAACTAAAAGTTCATTTTCATAATCATACTGGAGGGTAAAGTTAAGTTTCCCACAGATTTTGACATCTTCGTTTTGGTTGCCCTCAGAGTCAACTGATTTCTGTTTGTAGAGTTCTGGCTTTATCCTCCCAATGCTGGTTGTTGTTTCTCCTCGTTGTAAAACAGGTTCTGTGCCCATGCTAAAATCAACACTGGAAACCTGCATTTGCCTCGGCAGGTGTCTTCGGAAGGAACTGTGGCTGAACACACACACATATACACAAAATCTTTGAGGGAGATCATTTTGATGAGAATGTTATACAGTGACATATAAACTCTTCCCCACCCCCAG,"[[33407124, ""G"", [""A""]], [33407385, ""A"", [""T""]]]",yes,yes,A->T,2
chr3,187717600,187717866,AGTACCCAGGGGCTGTAAACCCCACTAGGTCTCCTTCCTAGACTCCAATGTCCTCCTGCCTGGGCATCTGTCTTTCTAGAAGGCCACTTTTTTGTGTTAATCTTTTTTCTTTTTTTCTCCCATGAGTCATAGGGAATGAGAGAAGGCCACTTTCTTAGTGAGTGCTGAAGCTTTCTCTTCTTTGGAGGCAGGCCCTGGATGCTATATTTCATGTAATGGGCAGCCTTCCCATGGTAGGGCTGGGCTTCTGTGTACTGTTTTGAAGCT,"[[187717648, ""A"", [""T""]]]",yes,no,A->T,1
chr5,8622412,8622690,CTAATAAAACTCAGTGTAAAGAGTGTTTAAGGTCTACCCTCAATAAAGCTAAGTTCCATCTAAGTTGTAAAAAACTCCAGCTGAAGTAAAATGTACTACGAAAGTGGCTTTAATATCCTGAAGACACAATAGCTAAGACCCAAACTGGGATTAGATACCCCAGGCTGAGATTCTTTGTACAGATGCAACGAATTAAGTGAGATAAGCTCAAGGGTTAACTTTAAATTAAAATGTGAAATTAGCTAAATTTTTCCAAGCTGACTTTTTAGTGTTGAACTA,N,no,no,N,0
chr22,34468671,34468924,CACACTATATATAGTATGTATATACTATACACACACACTATATATATAGTATGTATATACTATACACACACACTATAGTATGTATATACTATACATATACTGTATACTATATATACACTATATATAGTGTGTGTATATATAGTATACCCACACTATATATAGTGTGTGTATATATAGTATACACACACTATATAGTATATATAGTATACTATACATATTATATATACTATACTATACTATATACCATATATACT,"[[34468700, ""T"", [""C""]]]",yes,no,T->C,1
chr4,163284392,163284746,TACATTAATTTTGCATCCTGAAACTTTGCTGAATTCATTTAACAGTTCTAGGAACTTTTGGTTGAGTCTTTAGGGTTTTCTAGGTATACGATCATATCATCAGCAAAGACTGGCAGTTTCACTTCCTCTTTACCGATTTGGATGCCCTTTATTTATTTCTCTTGTGTGATTGCTCTGGCTAGGACTTCCAATACTATGTTGAAGAGGAGTGATGAGCGTAGGCACCCTTGTCTTGTTCTAGTTCGCACGGGAAATGCTTTCAACTTTTTCCCATTAAATATAATGTTGTTGGCTGTGGGTTTGTCACAGATGGTTTTTATTACCTTAAGGCATATCCCTTCTATGTGGATTTTGC,"[[163284405, ""T"", [""C""]]]",yes,no,T->C,1
chr20,59373323,59373565,TTGCTCTTGAGCTGACATGGTGAGATCATACACAGCATCCTTAGTTGATGGAGTAAAAATGCTAATCAGGAAGAGTGTATGCCCCAGGAGACTCATAAAACAGGTTGCCAATAGGGTATGAATCAATCAGTCAATCAATCCATATTATTAAGCATTCTGTGGCCCCATTCCATCCTTCTCCCCAAATCAGTTCAGCTCTGGGAACTCAAATTCAGGAGCAGATTTCAAAAACGTTGAGAATCA,N,no,no,N,0
chr7,16539378,16539606,AAGACACAACCTGGCTGATTCCGAAAGCATTCAGTCATATGCATTCACAAAGAGATTATCTGAAACTGAAACTTTTATTTAAAAGGAAGCAGAACATAAAAGCTTAGAAAATTTTGCAGCCTGACCATTAGGTAAAAAAGAAAAACTCATTTTCTGGGGAGAAATTCAAGCCAGCCGCAGAAATTTGTGTAAGTAAGGAGGAGCCAAATGTTAATAGCCAAGACAATGG,"[[16539384, ""T"", [""C""]]]",yes,no,T->C,1
chr4,3032703,3033140,TAGATGAGAGTAGCTCTTACTTTATAGGATTGTTGGGAGGATAAAATGAAGTAATACATGTAAAATGTTTAGTAGCAAATAATCCTTCATAATTACTAAGAGGAGAAACAGTTCGTTCTTAAAGAATGGGTTCTATGGGTTAACGACGTCACACAGCAACTGCTGGCAGCTGGACCTGAGGCCAGCTTTTGGACCAAGCCCCTCTCCTCTGCTCTGTGCTGCCTGGTCAGGCCATCTGTCTTAGTCCCTTTGGGCTGCTATGACAGAATCCCTTAGACTGAGTAATTTATCAACAGCAGAAGTTTATTTTCTCAGTCAGGAGGCTGGAAGTCCTAGATCAAGATGCCTGCAGATTTGGTGTTGGTGAGGGCTGCTCTCTGCTTCAAAGATGGAGCCTTGGCTGGAGCTGGTGGCTCATACCTATAATCTTAGCACTTT,"[[3032789, ""C"", [""T""]]]",yes,no,C->T,1
chr14,87649758,87649972,CAAGCCTTTGTGGCTTCTACGTGGTGTTAGGCCTGCAGGTGCACAGAAGGCAAGAGTTTGGAGCCTTTGCCTAGATTTCAGAGGATGTACGGGAACACCTGGATGTCCAGGCAGAAGTCTGTTGCATGAGCGGAGCCCTCATGGAGAACCTCTACGAAGTCAGTGTAGAGGGGAAATGTGGGGTTGGAGCTGCCGCACAGAGTTCACACTGGGGC,N,no,no,N,0
chr1,198463913,198464222,CTATGAAAATTTTGAGATGTAGCTGCATTTAAAAAAATAAGTATATTTAAATCTGTTTTTTTTTTTTATATAGTAATGGGGTCTTGATGTACTGCCTTAGACTGGCCTCAAACTCCTGAGCTTAAGCAATCCTCCTGCCTCACCCTTCTGAGTAGCTAGGACCAAAGGCATGTGCCATCATGCCTAGCTAAGGAGTACTGGTATCTTGTCCAATGTACCTCAGTTGGGATTTGCCTGATATCATGGTTAGGTTGGGTTTATGAGTTTTGGGGAGGAAGACCATAGCCATAAAGTACAATCAAAATGACTT,"[[198463935, ""T"", [""C""]], [198463981, ""C"", [""T""]]]",yes,yes,T->C,2
chr6,108041683,108041916,ATCAAAGAATGACTGTTATAAATAAAGAACTCTATGATGTTCCACTTATTTAGTCTTAATAAGGTAGGGAAATAAGTGACATACTTTTTAGAAGAATCCATGCAGTGGACAGAAAGTCAGATTAGGTAGTCCCTAGGGATCCATCCAGCTCTGGGAATCTATCATCAGATGGCCTCTAAGGTTTCTTCTAGCTCAGAAAATAGAGGTACTTGGAACATAATTTTTTAAATTTTA,"[[108041711, ""G"", [""A""]]]",yes,no,G->A,1
chr7,124811457,124811657,AATATATTAATATTATACAGTGAAAAAGTGCAAAACTAAGAGTTGGCAATATAGTTATAGCCCTGGGTCAGTTTCTGGTTAAGCCAGTTTCAGTTTTCAGTTCATTAAAGTGCGGAGGGGATGTGTCAGTTGATCACAGATTTTTTTTGTTAGGGCTTTTGTAATGGACTAAATGTTTAGGTCCCCTGAAAATTTGTATGT,"[[124811460, ""G"", [""A""]], [124811474, ""T"", [""C""]]]",yes,yes,T->C,2
chr12,66397587,66397895,TTATATATATCAGGGAAATGTGAACACTGAGTGAATATTTTATAAGATTAAAAATATTGCTAATGATGATATTTAGTTATGTGTTTTGAAAGAGTATTTTTTAGGCATACGTTAGTAAAAAGATGGGATGATGCCTGGAATTTCTTCATAACTCCACCGGTGAGGTGGAGAAACCAGACTGAGAGTGGAGATGAAGCAAGGTTGGTTGTAAGCAAATCACTGTTAACACTGGATGATGCATGGTGATTCATTATGCTATTTTTATTTTTGTATATATTTTGAATTTAATAACAAGCCTTTGAAAAAGAA,"[[66397613, ""T"", [""C""]]]",yes,no,T->C,1
chr8,55028224,55028533,GACCTCCTTCTAGATTTCACCTTGTCAGCAGAGCTTGATGCACTGTAACCACATGCTAACTCTCCATTCATGCATTTCATGGATTAGCTTTCTGTCAAAGGGCCAGCCATTATATTACACTGAGCAATTACTAACAACATTCCTTCTGTCATCAGGGACTAATAGTTTTCTTGCTGCCTTTGCTCTGAGCTTCAAAAAGCCTCTCTTATTTTCATGGATTTTTTTTTCCCACCCACAATACCTTTTTCTTATCCATGTCTTCATTCATTAATCCTTCTTATGCATGACTCATTTTCCCTGTGTACAAGAC,"[[55028340, ""C"", [""A""]]]",yes,no,C->A,1
chr20,20417834,20418305,TAGATATACTCTAGGCAATAGCAACTTGTAAGGAGAGGTTAGAGAGTTCAATTTGAAGTAAAATTATACACAGATTTAGAAAACTGCGTGATAAAAACTTTTAGAAGAATGTATGGGGGCAAACTCTTTATGACCTTGGGGTATGGAAAATCTCTTAAGAAACCAAAACATGAACCACAGGGAGAAGAGACTGGTACATCTGACCACATTCAAAGTAAGAGCTCCTGTTTACCACAATACTGTAAAGAAGGTAGAACTACTAGGCACAACGTGGGAGGAAGCACCTGCGACTCAGAGCTGGCAAGGGGTAGGTGCCAGAATATAAGAAGAACGCCGAGCAAATCCATAAGAGAAAGTCAAATAACCTACTAGAAAGATGGGCAACCAAGAGATAAACCATGACTGGCAATTAAGTTGCTCAGTACCATTAATGATCAGGGATTATGAGAATTACAACAAAATACCATCTTAT,"[[20417842, ""T"", [""C""]], [20417939, ""G"", [""A""]], [20418117, ""T"", [""C""]]]",yes,yes,T->C,3
chr17,44400306,44400632,TTTCTGTTCCTTTAGTTCTGGCATCTTTGTTCCTTGAAAGTTTAAAGTCAAAATATAAAGGGTTACAACTGTATGAAATGGAGGGTTCTGCCTTGGTGAAAATTAATAGCTCTGATGGCCACTGGAGGGCAGTGCTTTCATCTTTGCTCAAAACTGGGAAGAAGGGACCAGTAGGATGTTTGGGTCCTTCTTGGCTTTCTTTCCCTGCTGGGGTGGCCAGAGAGGTTTCTTTAGAAGAGTTGGACTCACACATTTGGGTCTCTGAAACCTTCTGACTATGACTTTCTAAACTCTGATCACTTACATCCCCTCCTAAGGCCTTCTTTG,"[[44400415, ""T"", [""C""]]]",yes,no,T->C,1
chr9,78443996,78444265,GAACATCTAATCAGGGAAGAGGTTAGTCTGGAACTTGCCATTTAGAGTTGGAAGGAGTTGAAGTTTTGCCCCAGTGAGTCAGTGACAGGACTAGAATTCAGGCCTGGCCCACAAGCCCATGCGTCAGGCTGCCGGAGTCTCCGCCAAGCCTGCAGCACACACATCCTCTGGGACCTTTCAAAGATGTTTCAGTTGGTTGGGCTGCTTTGTTTTGAAGCTCTCAGGGATGGACGTTAAATGCAGATGAGTGTTGTCTCCAGTGGGGAGGAA,N,no,no,N,0
chr6,93424394,93424621,TCAAAAAGGTCTAAGAAGAGGTCTAAAAAATAATGAGTTTCTATGTATGGTAATAATTTGGAATGTCTGTTTTAGAGAAAGAAATGCGGGAGTAGTGCCCCCTAGTTGTGAAATTGTAAAGCTGTGGACATTCTCTCCATGGAGGAAGGGTAAAATTCTATACATACCAGAGGTGATGTCTTATAATACCTCTAGACTTGGCATGCAGCTGTTCTCTTTGAAGAAAAG,"[[93424458, ""T"", [""G""]], [93424602, ""T"", [""C""]]]",yes,yes,T->G,2
chr1,215900577,215901030,TAAATGAAAAATAGATAGTTTTGCAAAGCAAATGATTATCCTCTAATTGTTTGGGGTTTTTTTGTACTTTTAAAAGGTAACCTATATTTTTTGCAAATGAGAACTGACCTACTCTTCAAAAATGTTATGTCTATATTGTATAACCCAGCTGATAGAATGGACAAAGTAGAATGCTCACTCTAGAAATCCATGGGTGGAGTCGCCAGACCTCATCTGGAGTTGGTATCTGGGAGAGCCAGGAGCGTTATTACGAGCTGGTGTAGACCAGACAACCTGAAGACTGGTTGGAGTGGCAGATGAAAGCCTGGGAGGCAGCACGCCATCTGGAGCTGTCGAAAAACACAGATGAATTAGAGCAGAGAAAACTGTGGAGAACATATGCTGGATGGAATCGAAATGCTCCATATACTGGAAAAACTGTTCCTCAGGATCAACAACAATGTTAAACATGGTC,"[[215900594, ""T"", [""G""]]]",yes,no,T->G,1
chr3,23496106,23496557,TAAATAATATAAAATTTTCATACAGTAGGACCTGTAAATTCATACAGTAGGATCTTTTTTTTATTTATACAGTAGGATCACATTGTACATATGCAGCAAGTTGCTTTTCTCACCATATTGGTAGACCTTTGACATAATTTTTCTTAATATAAGAATTTGGTACCTATGTAATAACGTATCTAACACATGGTAGGTGAGAAAACCTAGTAATAAAACAGAAAGCACCTGAATCCACTGCACACACTGAGAAGTGAAACATACCCAGAACCATTGAAACTCCAGTGTGCTGCTTCTCCAACCTCTGCTCCTACCCAGGAAACCACTCTTCTGAACTTTTTTCTTACTGGTTTTCTTTTCTTACCTCATATTTATGTGTCCCTCAGTAGTATATGTCCCTGTTTGCTTGTTTTTAAGCTTTGTAGAAATAGTATCCTACTGTATAGATTCTTTTT,"[[23496121, ""A"", [""T""]]]",yes,no,A->T,1
chr12,20597565,20597824,ACCATTTTCAAAGTTTGGAAAAGAACCACATGGACAGATTCAGGTGTTTTAGGATCTGCACTTTGAGAAACAACTGTTTTCACTTTCAACCAACTTCTTTCACTCTTCTTATAACCAGGGGTACTGGATACACCCACAGGGTTTTCTCCTTTATCCTCTAACCCCTTTCAGTTCCCTGAATGCCTTCCACTAGACTGCAAGCTACCTAAAGGTAGCAGCCCTGATTCATTCATCTCTGTAGCCCTAAGGTGTAGATAGTA,N,no,no,N,0
chr2,156895038,156895324,GAATATTATTTCTTCTAGGATAAAATAAGAAAAAAAATCAGTAAGTTTGCTGCTTTTTACATCTGGAAAGAGAAAGAAACAAATTTTTCCTGTCTCTGTGGGTGCTGACATCCACATACACTATAGATTTAAAGTAACTTGTGGGCTGTTTCATTTTCACATAGGAAATATAATTCAAGTAAGATTCAAGTGACATTTTCCAGCGTGATGCTCAAGTTATAAATAATAATGGTTCCCAGCATTTTTTTTTCTGGATCAAAATGAATCCAAAATGACTCACATAGGTA,"[[156895138, ""A"", [""G""]], [156895313, ""T"", [""C""]]]",yes,yes,A->G,2
chr10,49150297,49150586,CTATGTCTTCCTTGTTTTTTCCCATGGTGTCTCATACCGTACTTTAGAAGAGGGAACATTTATAGAGCACCTACACATTTTGGACACTATTCCAAGTGTTTTACATGCAATAACTCTTTGGCAAGTCATAGCAACCCCCTAGGGCCATCATGGTCATTACAAACGAGAAAACTAAGATGAAGTTGAGTCACTTGTCAGGGGTTGCACACAGATAGTAAGCAATTGGCCAGGAGGAATTAGACCTTAGCCAGCTGGATTAGGCCCACACTCTGAACTGTGAGAAGGAACGA,"[[49150335, ""A"", [""G""]], [49150502, ""G"", [""A""]]]",yes,yes,G->A,2
chr4,156678175,156678551,TCAGTCTTCCTCATTGAGACCTGTTATCTAGAAAGGGGATATTCTAGGGGATCACAATGGCGAATTAGTGAGTTTGGGGAGTATTCTTTTGTTTTGCTTTCTTTTTTCACTCAGGAAGAGTGAGTAAAACCACGTGGCTATTTTTATGTCATGACTTAAATACATCTTCATCGCCAAGCATTGAAATTTCACTATCACTGTGTTCCTTGGGTATAGGCAATATGGGGTTAGTTACTAGTAATTAAATATCTATAAGTAAAGGGAAAAAGAAAATCAAATCTAACATTCTGTTTTTATGTAATCCAACCCTTTCTCTTAGACATCAGAAAACTATATGGACACCATGATAAACAAAGGAATCCCTTGCCCAACTCATA,"[[156678188, ""C"", [""T""]]]",yes,no,C->T,1
chr5,154900150,154900422,TTTCTGATGAGACTGATGGTGATAGTAAGGAATGTGGTATTTTTGGGTATTTTATAATAAGATATGTTAACATTTGGAAGATCTGAACAACTCAGTAAACAAATATTTTTCAAATGACATACAACTGCTGAGTTGTAGCCAACATAAAGTTGTAGCTGGGAAAAAAGTGTTTTATTAGATTAAAGTGATCTAGAGAGAGCAATATTTTGAAAGTATTTTGGGACTTCTACTTCCAGCCATGATGGAGTAACTGGGACCAGACTTACCTTTCTG,N,no,no,N,0
chr2,238398574,238398961,AATCTCATGTTTGACTTCACTTTTGGTTGTGGCAGGGGTTGTGAAAATAAGAAATAAATATTATCCTTTTCTTTGGATGAAACGAATAATTTACTTCTGTTGTCTTTCAATGTCTTAATTAAGAAGCCAACACACAATGAGATGAGAGAGTGATGAGCCGCTGGTTTTGTTCTCCCTCAGGATCACAGACTGTGCCGTGGAGCCCTTAAAGGCTGAGCTCGCGGAGCTGGAGCAGCTGATCAAAGACCAGCAAGACAAGATCTGTGCTGTGAAGGCCAACATCCTCAAGAATGAAGAAAAAATCCAGAAAATGGTATATAGTATCAATTTGACTTCGAGAAGGTGAACACTCAAAAGTTTCAGAGATGAAAAGTCACCTCAGTTTAAA,"[[238398604, ""A"", [""G""]]]",yes,no,A->G,1
chr14,58627843,58628091,ATTCCTTCATGTAGAAATGAGCTAAAAAGGAAAGGAAAAGGTGTGCATGGAAGCTCGGGGCTCTTTTTCTGTGTTAGTTTTTCTAAGCCAGTGAAATCCCCCAGGTGCACGGTGCAGCGTGATGCATACAGGGACACCCCCCCGTGGTGCAGCAGAACCAAGTTTTCCTCCCTCTGTTCTGACCGAAGCAGCTGCTGGCAGTTGGCAAGGTATGATCCAGCCTTCCTGGGAAGAGCCCAGTATCATTCA,"[[58627918, ""G"", [""A""]]]",yes,no,G->A,1
chr4,47374476,47374829,GGGCCCATGATGAACAGAATTATTTGTTTAAGAGACCTTATCCAAAGGAGTAGAGTAGCGAGGGGAACTTGCAGTTGGACCATTTGAAGCCCTCCTGATTTCACCATATGTCAAGACAGCACATAGTATTGAGCCTGAATTTTAGCCCTTGAGTCATAGCCTCCTGCAGCAAACATCATCTGAACTCCTAAATAACACTGACTAAGAGTAATAAAAGTGATTGGCACAGGATTGGTGTCATGGCATTCCAGTTGGAGTAAATAGCACTGCTGAAGGCAAGTTTTTTTTTCCCCACAGAGTGTATGCAAGATCTGTACACATTTAATGTGTTGAAACATAAATTGTTAAGTAAAC,"[[47374506, ""G"", [""A""]]]",yes,no,G->A,1
chr13,62216542,62216817,TGGGCATTTGGGTTGGTTCCAAGTCTTTGCTATTGTGAATAGTGCTGCAATAAATACACATGTGCATGTGTCTTTATAGTAGAATGCTTTATAATCCTTTGGGTAAATACCCAGTAATGAGATTGCTGGGTCAACTGGTATTTCTGGTTCCAGATCCTTGAGGTCCTTGAGGAATCGCCACACTGTCTTCCACAATGGTTGAACTAATTTACACTCCCACCAACAGCATAAAAGCATTCCTATTTTTCCACGTCCTCTCCAGCATCTGTTGTTTCC,"[[62216793, ""A"", [""G""]]]",yes,no,A->G,1
chr16,11685883,11686202,GTAAAAATCCACTCAGAATTCTATTGGGCTAAATAAGGCCCCCCTTTCTTATGCAGGCTGCAGGCTTGGTCTATATGCTTACTTTTTTTTTTCTGAGACACAGTCTTGCTCTGTCGCCCAGGCTGGAATGCAGTGGTGCAATCTCAGCTCCCTGTAACCTCCGGCTGCTGGATTCAAGTGATTCTCCTGCCTCAGCCTCCTGAGTAGTTGGGACTACAGGCACGTGCCGCCACACTTGGCTAATTTTTTATTTTTAGTAGAGACAGGTTTTCACTATGTTGGCCAGGCTGGTCTCGAACTCCTGGCCTCAGGTGATCCGC,"[[11685904, ""C"", [""T""]]]",yes,no,C->T,1
chr20,33184576,33184902,GGTCATAGGACAATAATGGAGGGAAGGTCAGCAGATAAACAAGTGAACAAAGGTCTCTGGTTTTCCTAGGCAGAGGACCCTGCAGCCTTCCGCAGTGTTTGTGTCCCTGGGTACTTGAGATTAGGGAGTGGTGATGACTCTTAACGAGCATGCTGCCTTCAAACATCTGTTTAACAAAGCACATCTTGCACCGCCCTTAATCCATTTAACCCTGAGTGGACACAGCACATGTTTCAGAGAGCACAGGGTTGGGGTAAGGTCCTAGATCAACAGGATCCCAAGGCAGAAGAATTTTTCTTAGTACAGAACAAAATGAAAAGTCTCCCA,"[[33184842, ""A"", [""T""]]]",yes,no,A->T,1
chr7,144656971,144657312,TCTCTCCTTCTCCTCCTGCTTTCTTCATTGAACAACATATGCCCTTGACCAGTACAGAGAAATAATCCTGCTCCACCTCCTTCACAGGATGCAGTTTTACTTTTTCGAAAATCCTGGCCCTTGTCTGTAATCTGCTTTGCTTGCATGCCCAACAGAGGTGCACAGTCATCAAGCCGCAGCAAGAGGGCAATGCAAAGTTGCTCCACAGCACAAGTGACAGGTCCCCAAGCACACTCTCTCGTGAAGCTAGGTTCGTGGTTTGTTTTTATGAATGGAGAAGTGGGGAAGGGAGGCACCATCACAAAATCACATGAGGCTTCTAGACAGCATATTTCATTCTAG,"[[144657021, ""G"", [""A""]], [144657023, ""C"", [""T""]]]",yes,yes,C->T,2
chr8,110897197,110897542,TGAAGACGGGCTAAATAGAGGTGGAACATTCCATTAGTTTGGTTAACGAGCATATTCAGCTTTCTCTGGTTTATCTGATCCCTCTGGAAAATGAAAACAATTAGGAAAGCTGCAAGTTATTGATCAACTCTTGGTCCCTTTTGGCTCATTGTGGGGAGGTAATGGTTTGGTTCCCAAGGGATTTGCTGCAGAGTTTGTGCATTATAGCGCTGTTTTTATATAAGTTCTGACCATTGTACATTTAGTCTCTTAGTCTTCTGCTTTTTATCATTTTCTAATGGTGTGAGGTTAAACAACTTGGAAGCCTAGAGATTAAGGTCCTCACTGTTCAGAGACTGTTCAGTTA,"[[110897204, ""A"", [""G""]]]",yes,no,A->G,1
chr11,56144276,56144486,CTGAAACATGTGCTGTGTCCACTCAGGGTTAAATGGATTAAGGGCGGTGCAAGATGTGCTTTGTTAAACAGATGCTTGAAGGCAGCATGCTCATTAAGAGTCATCACCACTCCCTAATCTCAAGTACCCAGGGACACAAACACTGCTGAAGGCCGCAGGGTCCTCTGCCTAGGAAAACCAGAGACCTTTGTTCACTTGTTTATCTGCTGAC,N,no,no,N,0
chr5,71259317,71259543,TGTGGAGTGCAGGGCATCATGACTGCTCTCTACAAGAAAAAGAAAGGAAATAATTAAGAAACGCACAAAAGTTTGTGAATTGAGAATCCCAAAATAGGTATGAAATTGGTTAGCTTTCTAAATTCACCAATCTCATAACTAACACCTGTCCCCATGCAGTGAATGAGTAAAGGATGGACAGACTCCATAATGATTATTCTAGGGAAAGCCTTCTGAGTAGAAAGAGG,N,no,no,N,0
chr8,68209395,68209622,GGAAATGATTTTATGTTCTAAGAACTAAATCTGTAAGATTCTAAATATAAATCTATAGCTATATAAAGACATAATTCATGTGAAGAATATTATCACACTAGTAGGTTTTTCAGACTGTCCTTATATACATAATCTCTGAAGCATGCATTTTCCCCAGGGGAATTGAATCCTTCTTGTTTCCATGACTAAAAGTAGCCTCATAGTTATAAAGAACAGTGAAAATGAGGT,"[[68209503, ""C"", [""T""]]]",yes,no,C->T,1
chr1,58183326,58183662,TGGATGAATAGTTAGTTAAAGTCTTCTCTGGTGTCTCCAGATTATGCACACAGCTGCACCTATGTGTGTAGCCTTCCAGAACAACAAAGATCAACAGGGATAGTGGCAGCTTATCAAGGTACACAATGGCTATCTCATTCTAGATCTCCCTGTTAAACTTTTGGCTAGTCTGTTGACTTGTGACTTGCAACCAGTATTGCAAGTTGGATTTTCATTTATTTGCCTTACAGATTGCTACTGTTTTTTAACAATGCCCCTGGACATGCACACACTTAAAATCAATCCTGTTTCTCTAGCTATAGGGTTTCTGCTTCTTTGCACGTCTTGTTTGTTGTTA,"[[58183347, ""C"", [""T""]]]",yes,no,C->T,1
chr2,123472411,123472636,GACAGATTTTAACAATTTAGTATACTTCTATAAACAGAATTTGAAGTATACTTGTTTCTCTCTACCTGATTTCTTCAGAATTTGGAAACTATTGGTGAGTATTCTTATGGCAAAATAGTTATTTGCATAAGTGCAATAAGAATCTGTTTTCATTTATAACAGGACACAATTGGAGAAACTGGTTATTTTTACCAAGGCTTTGACTGGAATGCTCTGCTTCCCTTTA,"[[123472416, ""C"", [""A""]]]",yes,no,C->A,1
chr4,75847443,75847775,TCTTTGATTAGGGATCCAAGTAAGTTCTACACGTTGCAATTGGTTGATATGTCTCATAAGTCTGTTTTAATCTATAGGTTTCCCTTCATTTCTCTCTGTTTGCCTCCTTTTAATTTATTTGTTGAAGAAACCATTTGTCTTGCCAAGTCCCCACAGTCTGGATTTCGCTGACCACAGCCTCCTGGCATCATTTAACACATTCCTCTGGGCCTTGTAGCTCCTATAATTTAATAGGTAGATCCAGAAGCTTGATTCGATTTGGGTTAATTTTTTTTCTTTTTCTTTCTTTCTTTTTTTTTTTTTTTTTGAGACAGAGTCTCCCTCTGTCCTCCA,"[[75847475, ""A"", [""G""]], [75847609, ""A"", [""G""]]]",yes,yes,A->G,2
chr16,84889553,84889889,ATGCTTTTCCCTACTATCACATTTGGGATTAAAAAAAAAAAAAGAACTTTTTTTCCTATTACCAATGGACGTTTTTGTAGAAAATTTAGAATCTGTAGGAACATCAGATAAGCCCGAAGATAAACAGTCATCCATAACTCATCAGCTGGGAGAATTTACTGTTAGATTTCTTGGCGTGCGTCCTTCCGGTTGTTTTTCTTTGTGTGTGTGTGTGTGTGTGTGTGTGTGTGTGTGTGTGCATTTTTTTCCCACAAAAAAATGGGATCAAATGATAGTTACATACTAGTCATATAAAGCTACATCGTAATATAGTTACATAGAGTTAAATAAGATTAGG,"[[84889585, ""G"", [""A""]], [84889641, ""T"", [""G""]]]",yes,yes,T->G,2
chr3,5524964,5525187,TGTAAATTTGTTGGAGTTCATTGTAGATTCTGGATATTAGCCCTTTGTCAGATGAGTAGATTGCAAAAATTTTCTCCCATGTTGTAGGTTGCCTGTTCACTCTGATGGTAGTTTCTTTTGCTGTGCAGAAGCTCTTTAGTTTTAGACATGAAGCCCTTGCCCATGCCTATGTCCTGAATGGTAATGCCTAGGTTTTCTTCTAGGGTTTTTATGGTTTTAGGTCT,N,no,no,N,0
chr4,156228754,156229053,AGGATCTTGGCTTTGCACATTGTTCATTTCTTTGAACTTGACTCTTCAATAGTCTTTTCTTTCCTAAACTTAGCCAGTCCCAGAGATATAGCCTCAGATCTGTCTTACTTGTGATTCACGTTCCTTGCTCTCACCCCATAAAAGTCTAGTCATCCAAGTGTGTCCATTGCCAGACCTGCTATTGCTCATGAAAACTCAGCACTGGTCAGAGCCATTCTCTCCTAAGAAAGGAGGCAAAGAAACTTGCACTGGGAGCGGAGTGGGGTCCCGTCAATATAACTAAGACTTCAGCCAGAAGTG,"[[156228873, ""A"", [""G""]]]",yes,no,A->G,1
chr17,66836123,66836510,TCCGGTACCTGCCAGGCACGCCGGTGGTTAAGGAAGCCCTTGTTCCCAGAAAGGAAGGGATTCACCCACTTTGCACTGGATTATCAGTGACTGGGTTAGAGCAGGACCCAGGACAGGATCCCCAAGTGGGAGCTGTCTCAGTTTGACAGATGTCACATACAAGCTGTCACCGAGGCTGGCTTCTGCTCCACATCCATCCTGGGGAACACAAGATGGGGCTTCCCCTCCCAGCCACCTCACACCCATTCCCCTCATTTCCACAAACCTGAAGTCTTGATCAATTAACAGCCAGGATTGCCTGGGTGTGGGTGTGGGACCTTGATTGGCTCTGATGTCCTGGATTCAGAGTATCTCAGGACCACAGGCATCTCAGTGGCAGGTTGGTGGC,N,no,no,N,0
chr3,139577827,139578273,GGCTGCTTCTTTCCACAGTAAAAGGTAAGTAATAAGAACCAGGTTATAAAAACTAAATGATTACCTCTACTAAAAAGGTAAATCTTTTTCTCCCAAGTGATTTTGAAGATAAGTTAAAAATGAAAACTAAAACACATTATGAACAGGCCTGTCAGTCATTCCACCTTGTCCCTTTGCCTCCCATTTCCTGCCAATCCTAGTGGTTCTAAATAGACAAAAGACACAGCAATTTGCAATCCCTTCCAGCAGAGCTGGTTGTCATTAGTGATGAGGCAGGCCATACTCACAATCCCAACAGCCAGGAGAGGTGGGACTTCCTGCTTCTCTGGCAATTCCCCCTTAAAGTCTGCAGACACAAGCTAGTGACCCACTGCCCTAACATGCAGGGCTGGCTTGGGGTTTTAAACAGTTTTATTACTTATGCTGAATACAAATAGAAATTCCAGA,"[[139577870, ""A"", [""T""]]]",yes,no,A->T,1
chr16,18879458,18879683,ACCAACACATTAAAAAGGAAAAGAATAATTCACATACCAGCGTGAGTAAATTCAAGACTGAGATGATATAATCGGTACCACAAGTCTGGCAATTCTCCAGTTGGTCTAATCCATATGTAATGACCATGTCACAATGTATAGTCATGCTAGGATCCAAGCTGCCGAGCAAAACACCAACACACTCATTAGCAGCTGTCAACACAGCCTCAGAAAAAAACACCTGGTT,N,no,no,N,0
chr11,109491347,109491707,CTTGGCCATTCGACTTTCTCCCTTGTTCATTTCCCTGTGCTGTGAATATAACATTTTCCAGTTATGGGCTGCTCCTTTACCCGGGATCTAAGAAAGAAAAATTCATGTCTTGCATAACCACAGAGGCATAGTTTGAATATTTATCCCTGCCCAAATATAATGTTTAATTGTAATCTCCAGTGTTGGATGTGGGGCTTGTTGGAATGTGTTTGGATCATAGGGACAGATCCCTCACGGCTTGGTGCTGTCTTTGTGATTGTAAGTTCCTGCAAGATATGGTCATTTAAAAGTATGTAGCCCTCCCTGACCCCATGTATTCTCTTTCTTGCTCCTACTCCCACCATAGGATGTGTCTGTTTCC,"[[109491429, ""T"", [""G""]], [109491623, ""C"", [""T""]]]",yes,yes,T->G,2
chr4,181180355,181180638,ACTTGTGGTATACTTTCCCTCTTTCCCTTCCATCCTTTCAGCGTCCTTAAGTCCCTGGTGAAGCCCCACTCTTCTTTCAAGGCCCAGTTGAAATGTGACCTCTTATCTGAAGCTTCCCTGAACTACTTCAGGCTGAATTAATTGCTCCTCTCTCTCTGTTCCCAAAGGAGTTAGTTCATACGTTTTGTAAAAGCACTTATCACATTGCATTATAACTATTTGCATATCTGTGTCCTTTCTGGACTTTCTTCTTTGTAGCAGGGACCATATCTTACTCATCTTTA,"[[181180395, ""A"", [""G""]]]",yes,no,A->G,1
chr1,14426897,14427161,CCCTTTCACATCCTTGGATTCTTCTATCACTCACCCAGCAATTGTGAACAAGTTACCTACTGTACACCAGGCACAGAGCTAGGTACTGGAGATGCATGGTGAGCAAACAGACTTGACGCTTCCTGTTATGGGGAAGACTGGCATTAACCCAGCAATCTCACAAGACCTGTAAAATTGTTTACTTTCCAGAGGGCTGAGAAGGGAAGCCCCAAGGCAGAACTGACCCAGTTTTCTAATCCAGAGATCAGGAAATGCTTTTCTAAGG,"[[14426949, ""G"", [""T""]]]",yes,no,G->T,1
chr7,12456478,12456864,TGTACAATAATAAACCAGAATAATATAATATTCCAATTATAACTGAATGAAAAATGAGTTTTTGTTAGAACTGGAGATACCTTCTCAGTGATTTTGAAGATTTTTTAATATAAAAAAATTCCAAGAAAAGTGGGTCTCCTCATTTTGTTGAAGATGGAATGAGAGTCCTGGAGCCCCACCCCCAGATTCTGGGACAGCTGCCAACTGGCAATCATACCCAGTAAGTAGGGCTGACTTAGCCCAAGAAGGTATTTCCCGGTTAAAAAAAACAGGCAATTATGTGAAACTAATAGAGCTTAGAATCTTTGAAGAATCTGATGGTGCATTGCCCTTGCCTACACTTCTCTGGCCTGGCAGTCCTCATAGTTTATTTCCTACATGTAGTTG,"[[12456497, ""G"", [""A""]], [12456625, ""G"", [""T""]]]",yes,yes,G->T,2
chr16,25182155,25182497,AGCAAGATTGTGCCACTGCACTCCGGTTTGTGTGACAGAGTGAGACTCTGTCTCAAAAAAAAAAAGAAAAGGTGCCAAATCTGTGTGCTATAGAAATGGAACAACAAAGCCCAGGTGACAGCACATCTGATTACGGTGTGGTTTACTGAGTATTTTAAGGCCATTGTTGACACCTACTACTGAGAAAAAAAATTACTTTCAAAATATTATTGCTTATTGACAGTGCACCTGGTCACCAAAGAACTCTGACAGAGATGTGCAAGGCGATGAATGCTGTTTTCATGCATGCTGACACAACATTCATTCTGCAGCCCCACGGATCAAGGAGTAATTTTGACTTTCA,"[[25182220, ""A"", [""G""]]]",yes,no,A->G,1
chr3,151709901,151710243,CTTATATCATAATACCCAAGTTCCTTCAGATACCTGGAAAGCCTCCCCAAGAGGGTTGGGTACTGATAAGTGCAAATTGTGAAGACTACCTAACTTTTCAATTGCTAGACACCACGAACATCCACAAGCATGAAGACCACAAGGAAAACATGACCTCACCACATGAACTAAACAAGACATAGTGACTAATCCTGGAGAGTTGGAGATATGTGACTTTATAGACAAAGAATTAGAAATAGCTATATGTGGAAGCTAAATTAAATGCATGATAGATAACACAGAGAAGAAATTCAGAATCTGAACAGATAAATTTAATGGACAGATTAAAATAATTAAATAGAGT,"[[151709929, ""A"", [""G""]]]",yes,no,A->G,1
chr11,101121421,101121738,TCTTTCTGATGCTGTATCAAGGAGAACTATGCTACCAAACCAGTTTTCATTACTAGCCTATGACACCAAGTATACCCAACTTTTGAAAGAAACACTTTATTCATATAAGTATTTCATTTCTGTCTAGTTTCCTCTGCAGTCTATTTATTGTGATGTCTAGGTCTGAAAAACTTTCCCCATTATCTGACAGAGGGGTCAATTCTCTAGTTGTCCAAACATTGCATAAACGAATCACTTACCACATGTGCAATTAGTCATGTGTACACAAATAGGTAAAATGTCTCTCTCCACCACCACACCATAAACTTTAGTCAACAG,"[[101121526, ""A"", [""T""]], [101121720, ""T"", [""C""]]]",yes,yes,A->T,2
chrX,129626070,129626403,AAAAACTAGACAAAGGACATAAACAGACACTTCTCAAAAGAAGACATATGAGTGGCCAACAAACATATGAAAAAATGCTCAACATCGCTAATCAGAGAAATGCAAATCAAAACCACAATGAGATACCATCTCACACCAGTCAGACTGGTTCCTATTAAAAAGTCAAAAATAACAGATGTTGGCGAGGTTGCAGAGAGAAAAAAAACACTCATACACTGTTGGTGGGATTGTAAATTAGCTCAGCTCCTGTAGAAAGAAGTTTGGAGATTTCTCAAATAACTGAAAATAGAATTACAACTTGACCCAGCAATCCCATTACTGGGTATGTATCCAA,N,no,no,N,0
chr3,180406408,180406818,CTCACTTTTTATTTTGCATTTACCATATCTGGAAACTTGACAAAAGGAGAAGAAGGAGATGGGTGACAAATGGGAGAAAATTACAAAATCTTGAAAGGTTCTTCTATTTCTGTTTAAAATTGTATCCCCATCTCCTCAAGCTTCATTGTAGCACCCCAATTTAGTCTTCTCTTTTCAGTTTTCATTTTAATTCACTAAAAAAAAAAGTTTTGGTTCTAAAATTCTAGCCAAGTACGCTCCTGATGAAATGAAACTGAAACTTGGGCCAGTGACCTGCATAGTTAAATGAATTTGTTGCATTTTTTTCTCTGAGATATTTAGGCCTAATTCCAAACACTAGGTCACATTTAAATATTACCTTGGTTATATCATTTCTAGAGATATAAATTTTTTATACATTTATAAGGAGTA,"[[180406506, ""C"", [""T""]], [180406685, ""G"", [""A""]]]",yes,yes,G->A,2
chr5,143271532,143271747,GGCCATATGGTCTCTGTTGCAACTACTTAACTCTCCTTTCACAGTATGAAACCAGCATAGACAATATGTTAATGAATGAGTATCTATGTTTCAAAACATTTTATTTACAGAAACAGAAAGTGGGTTGGGTTTGGCTGTAAGTCGTAGTTTGCCAAACTCTGTTGTTGTATCCTGCAACCTTGCTAAGCTTGTTAGTCCTAGTAGCTTTTTAAAAAG,"[[143271571, ""T"", [""C""]]]",yes,no,T->C,1
chr7,40527690,40528059,TATCTGAGATCTCTTGGTGACAAATAAACAGTGTGTTCAAAAGAAACCCTGTAATTTTTTCATTAGATGATTCATGCTTAAAAATGTCAAATGATCAGAAATGAAAGACCCAATGATCAGGTCATTAGAAACATATGGTTCTGGGAATTATTATGCATGCCAACTCTAAATATGGAATCTCAGTCCATTCTTTTGTCCTTACAAAGATAGCAGAGGCTTTTATGCCTAGTTTTTTTCTTTTTACATTTTAAACTCAGTGCCCTTGCATTTCCTTTACCTATGAGGTAGTACAGCCTAGTGGATAGATATAAGTACAACAGGATGAGTTTGCCTGAGTTCAAATTCTGACTCTACTTATGCATGGAGTGAT,N,no,no,N,0
chr14,68345867,68346082,CCAGGCTGGCCTCGAACTCCTGACCTCAAGTGATTCACCCACCTTGGCCTCCAAAAGTGCATGAGGTGTGAGCCACTGCGCCTGGGCAGTTATTTGTTTATAGTGATGCAAGAACAGACTAACACAAATGGGTTCAGAATGCAGTTGTGGAAAAGGTGTATAATTTAATAGTCCCCTCAAACCTCACAGAAGAATTTCAGAAAGATCCTATATTTG,"[[68345933, ""C"", [""T""]], [68345945, ""T"", [""C""]], [68346039, ""T"", [""C""]]]",yes,yes,C->T,3
chr14,95836837,95837038,AGTAGAGACTTTTGGAAGTCAGGGTAGGAGAGAATGACATGTCAAAGAGTTAGAACAGAACCACGCCACCTGCTGCTAAGAGGCAAACAAGAAGAGCATGGTGAAAAGGCTTTGTGTTTTACTCCGTTGAGTGAGGTTGAATCAACCACCAGCACTTAGTTGTTATAAAATGAGTCATAGCCTACTGTTCTTTAATTATGCA,"[[95836977, ""C"", [""A""]], [95837011, ""G"", [""T""]]]",yes,yes,C->A,2
chr4,144670521,144670723,CATACTATTTAGTTCTAATAAGTTGTTTCTAAACCACCCTCTTATTCTAACCCAACTTTGATCCAAACAGACCACAAACTTTCATAAAATGGCATCTGTCCTCAGGCTTTTCTAGATAGGGAAACATGTCTGTTTCATAAGAAACCTTAGTCCACAGTTTCAAACTGTTCAGAAGAATTTCTTTAAGAAAAAAAAAAAAAACA,"[[144670543, ""C"", [""T""]]]",yes,no,C->T,1
chr2,214519356,214519661,GAAGAATGCAAGAGAGCAGGGCAAGCAGTCCACTTATGCAAATAGATCATGTCAATATAACGTAAATTACAAAGACAATAGGAACAAAGATAGTAGGTACACAGTGCTCTGACAGCTGTTCTTTGCCCACATTGGAAACCATGATACCACAAGTGTGTCTTGAAAACCAAGAGCCTAATTAGGCAAAGGAATCTGAAAGAATTTTCAAGATAAATAAAAGAAAACAGGAACTGGCCACAACAGTGTGATGGTTAAATTCTCTCTCAAGTGGTCTTTCTCAGAGTATTAGTAGCCTGGTCTCCAATT,"[[214519424, ""G"", [""A""]]]",yes,no,G->A,1
chr10,32271722,32271928,AATTGAATGTTGTTCCCAATCAGAACCTGAGTTGTTGCAGAATTGGCAGCAGTTACTTGATGACTCAGTGCACTGTGGGAACTTGAAGTCTGTGTAATATTTGAAGGCTGTAACAAAGCTGAACCTGCCGTTGATGGACTTGTATGTACAAGTGCTGTTGGTGTAGTACTACTGAGGTGTAAGCCCTTGTATACTCCTAGAGAGAAA,"[[32271725, ""C"", [""T""]]]",yes,no,C->T,1
chr13,43291313,43291589,TCTGGACCATTAGTCCTGCCACCTTCTCTTCTAGAACAGGGAAACAGAAATAGTGTGGAGAGCAAGTTTACTATCTATCTTTGTTCCATATTTCAACCTCTTCATGTCACCTTTTCCTATTTGTCTTCCTTTCTCACTTTCAGAAACTATTTTACTTTGTGCATCTGCCTCTTCTTGCTGATTCAGCTATCTTCACTCCAAAGTGTGCCACCTTAAGTTCCCTTGTCCTTCCTCCTAGACATTCATGAACCTGCTTGCTGTTCCTCCTTTCTCTATA,"[[43291381, ""C"", [""T""]]]",yes,no,C->T,1
chr11,126870045,126870488,CTAATCTGGAGTAAAGTTCATTGGGCCCATGTACAGCTGGCACTTCCTTTGAATCAGGGGCCCATGAGCACTGTGATTAATGACCAGGAGTGAGTGTGGGCGAGTGTGGGGCACAGGGTCGTATGTCCTGGGGCATGGCTCCCTGTTCACGGTCTAAAGCCACATCCTGTCTGCCCCAGGCTCATATTCTGCCAGGGACCACACTGAACACCCTCCTCAAGATGCCAGGGCTGCCTGTGCCATGTACTGCAAGACAGCTGGGATTGTCATGGACATCAATATGAAAGGCAGTGCAGGAGCCAGGCTGGATTCCAATGCTGTGGCTGGCTGGAGGTCCCATCCAGTCAAGTGGCTCGCCACTTAGGTCTGAACCAAAGAGCTAAACAGGAGCTGGAGAGCTCTCCCTGAAGCTTCCATCCCTGGCCTTTAGAGACCGAAGTCTCC,"[[126870052, ""T"", [""G""]], [126870180, ""G"", [""T""]]]",yes,yes,G->T,2
chr3,178545908,178546114,CTGTAAAGATGATCATTCACTGGTTTAACTTTGCTTCATGGTGGTTTTATCTGTGTGGTGCTTGGGAACAGCCATGTGAGGCTCTCTGTGTAGATAACTCAAGGTAACTGTTTGCTTTGAAAACATAAAAATAGAACAGCACAGGACTCATTTCTCTGTTGGAATGAATCAAAAGAAAAGTTGACAGAGAAATAAAGTTTATGTACA,"[[178545912, ""G"", [""A""]]]",yes,no,G->A,1
chr5,77960920,77961201,AAAGAAGAAAGAAAAAAAAAGCCTTCATGTGAATTAACCAGAAGAACTAGCACTCCCTAACAGCAGACAAATAGGCCTCTACAACACTTTCTCACATCTTCCTCAGGGCAACCACAAAGGAACATCATTGCCAATCACAGGAGATCTGTGCTTTGGAAACCTGAAACCACAGCGTTTTCTTCATGTGGGCAAAGTACATCAAATCTGATTAAAATAAGCTTACACTACAAATTGGCCTAAGCTGTGTGGAAAGTGGTTGGCAATACATATCAAAGGCCTTAA,"[[77960945, ""T"", [""C""]], [77961061, ""C"", [""A""]]]",yes,yes,C->A,2
chr12,127172798,127173290,AAAAAAACAAAATAGCAGAGGAAGAGTGAGTTCTCTTCTCTCTCTTTTTGAGCTGGGATATCCATCTTCTCCTGCGCTGGGATGTCAGAGTTCCTGGTTTTTGGGCCTTCAGACTTCTGGACTCTGGAATACAACAGAGCTCTCCTGGTTCCCAGACTTTCAGACTCAGACTAAATCAAAGCATCTGCTTTCTTCATTCTTCAGCTCACAGATCATGGGACTTCTCAGCCTCCATAATACTGTGAGCTAATCCCCATAATAAATCTCCTTTGATGCATCTAGGCCTGTCCTATCTGTGCTGCTTCTCTGGAGTACCCTGACTCATCAAGGGGTCAAGGGTTGAAGCAGGGAGACCATCATGGGTGCACTGCAGAATCCAGGGGAAAGGCCATGGTGGATGAGAACCGGGAGTAGCAGGGCGGCGGTGAGAAGTGGTCAGAATCTGTGTATATTTGGAGGAGGTGGCAAGAGGATTTCCTGACAGATTGGATAG,"[[127172804, ""C"", [""A""]]]",yes,no,C->A,1
chr1,161762112,161762334,TTGCTGTACAAAAATCCACAGTGTTGCTATACCCCAATAATAGCCAAATAGAAAAAAAAAGATGTGAAAAACAAAACTATAAAACTATGAAAATGAAAATGAAAATCTTAGTGACCTCAGGAGAGGGAAGGATTTCTTAAGAAAGCTACAAGTCAGCTATCATAACAACAGATTGATAAATTTGACTACATTGAAATTAAAATCTAGAGAACAAATCACCGTA,N,no,no,N,0
chr6,77700061,77700373,GCAGTGTGCCCGTTCTCAGATCTCCAGCTGCTGCTGGGAGAACCACTACTCTCTTCAAAGTTGTCAGCAGGGATATTTAAGTCTGCAGAGGCTACTGCTGTCTTTTTGTTTGTCTGTGCCCTGCCCCTAGAGGTGGAGCCTACCGGGGCAGGCAGGCCTCCTTGAGCTGTGGTGGGCTCCACCCAGTTTGAGCTTCCCAGCTGCTTTGTTTACCTAATCAAGCCTGGGCAGTGGCAGGTGCCCCTCCCCCAGCCTCACTGCCACCTTGTAGTTTGATCTGACACTGCTGTGCTAGCAATCAGGGAGACTCCGT,"[[77700066, ""C"", [""G""]]]",yes,no,C->G,1
chr1,240402337,240402744,TTTTGCTATTAATCTAGAAAGTGGAACTTTGAGCTCCTTTTTCACATGAGCAAAACTGTATAGCTTTCGAATAAATGGTTTAACTGAACTCTGCAGTTCTCCTGGAAAGTAAGGCGGCTGGGCAGATGAGTCTTGAACCATACCCAAAATGCAAATGCAAAGCAGATGAATATATTCTCATCTTCAGATGATTTCACTGGGCAAGCCAAGCCATCATATCGTATTACAAGATGGATTTCGGCAGAATATTGTTAAGGTTGGCTTCATCCCCATTGTGTGTGTTTATGTCAGCTTCTGCTTCTATTTTATTTTTAATTAGCATACACGGCTTTCTTCAATTATGGAAAAGTATCACCAGACCAAATATGATTGTTTTTATTTCCTACAGAGTCACTTAATGTCTATGTC,"[[240402556, ""T"", [""C""]]]",yes,no,T->C,1
chr5,153601348,153601787,CCAGAAAAGTGCACTAAAGCCCACATACTTCACAAAGAGACTTTTTTTAATATCTTACAGCCCTGCTGTTTTATAATCTCACTGCTAAAGATGAAGGCATTTTTGGTTTCTGACCTTTTGCTGGGACATGAAGGTCTTGGGATTAAGGTTCATATACTCTCACATGTGTGAGTTTCATGTCCTCAGTGCCCATGTCTAAAAGCAAAAGTGAAAATTAAATCAGAGCGGAAAACACCTCTCTATTCAACACCAGATTGTTAGGGCTGAGCTGAAAAGCTCCTAAGTAAACTAGTTCATGGCCAAGTGACCAGAGAACAAATTCTAGGAGCCTGAAATGTGAGATGGGAGAGCCAGTTTGCAATCCCACCTTGTTCACAGGATGATTTCAGGCAGGTTCCTTAGATGACTGAAGTTTTTGAATTGTAAGGGACCTTAGAGAG,"[[153601654, ""G"", [""A""]], [153601709, ""C"", [""T""]]]",yes,yes,G->A,2
chr3,10573682,10573893,ATGCTGAGCCAGTCTCCAGACTCTGAGAGCAACGCCATCTTACTCTCTGGGTTCCTATCTACTGCTTCTTTGCTGGTAGAGTGCCCCATTCTATACAAACTGTTCCACTGGGACGTCCTGGAGACTCCCTGACTAAACTCATCTAAAAAGAAGCCTTCTTCAATTTGCTTTTCCTCTGGGAGCTGTCAGCCCAGCAAATACGGCGTCTGCCT,"[[10573694, ""G"", [""T""]]]",yes,no,G->T,1
chr6,84150629,84151119,TAAGAAACAGATTGACAATATTAACAAATTTTAAATGATGTACAGGAAAATTAATTGGAAAACCTGAATTTTAAATTCTTTCCTGGAAAAAATGTGATTCTTCTTAAAGAGCTTCATGCTACTGTCATAATATTCAGGACTTAAGAAACAAGCTTTCCATTTGGTAGCAATATGACTGCCATATGGTAACAACATGACTCACTCACTGCCATGGCTGCCAGTCAATAAGCATTTGTTGGGTGTTTCCCATGCTCATTCTCCTCCTACAGCACATTGCTGTGGGGATGCAAAAGCAGCATAATCTTACACCAGTTCTCAAGGAACTACAAGGCTGTGTATGATTAATCCTTTCTTGGTACATATTAGTAAGTTATGTAGGAGTTGGGGGTAGGAGAAGGCAATTTCCTGGGAAGTTCCACGAAATGTTTTGTGAAGGTAGTACTTATAACAAGAATGAGGAAAAGGCATGAGGAAATGTGACAGATTAGGTA,N,no,no,N,0
chr1,77815065,77815331,ATTAGAATTTAATTTGTTCTGTGTACTTTTTCTCTTCTTGTAGGATATTATTAGTACTGAATTTATCCATAAACTCGAAGCTCTGCTGCAAAGAGCCTATCGTCTCCAAGAGGAGTTTGAAGCTACCCTTGGGGCATCTGATCCTAATTCCCTTGCTGATGATATTGGTAAGATGGATATTTCATATGGCTTTTATGAAATGTTTACTTTTCTTTTATATCCTTGGAATCATCTGCATAAGTGTCTGTCTTATGTAATAATAGGTTA,"[[77815100, ""C"", [""T""]]]",yes,no,C->T,1
chr9,114825172,114825467,AAGTAGTAGATCTTTTCCTGTTCAGGAGGCTGGTACCTTGAGAACCATCTGAGTTCTATTAAGCCTTGAGGATGCTGGAGTCATTTCTTGCTTATTCCTAGTGAATTTCTAATTTAGACTTGTTTCCATCCCTCTTCCAGTGTACCCAATACCTCCTCAGGGACTTCAGACTGACTAATCTTCAGCTGAACTGGAGTGAGATCTAATTAAAGTTGTTCATGGTCTGGCCCTAAAGCACCTAGCCAATCTCATTTTTCAGCATACCCTCTCCTCTTCAAGCCCCCTGTGACTCACAG,N,no,no,N,0
chr10,98773834,98774064,GCTTTTGAGCTCAGGAGTTTGAGATCAGCCTGGGCAACACAGTGAGACCTTATCTCTACAAAAAATTTTAAAAATTAGCCAGGCATTGTGGTACATGCCTGTAGTTCCACCTACTGGGGGGCTGAGGTGGGAGGATCACTTGAGCCCAAGGAGGTCAAGGGTGCAGGGTGCAGTGAGCCATGACTGTGTCACTGCACTCCAGTATGGGTGACGGAGTGACATCCTGTAGCA,"[[98773873, ""T"", [""C""]]]",yes,no,T->C,1
chr16,13185815,13186156,AAGGATTTGATTTACTCAACAATCACCACCCTGAGCATTTTCAGAGGAAAATAAAATGGCTAGGTTGTTTTAATCAAGGACTGAGTTTTGTAAAACTGGAAATGTTATAGGGAAATGAGATAGTATCTAACATTGCAGAGCACTTCCGCATGCCAAGCACTAAGGGTGATATTCTCAGGACATATCTCATTTTACCATACCTTGAACTCCATGGTAGCAAATTGGCTGGGACAGAGAGAACATTTGCTTTGGATGAAGCTGATTGTGTCTCTGAGGCTTGTGACCTTGAATAAGTGACTCACAGCCTCCCTTTGCCTCTGTTTTCTTATCTTCAAAATGAAT,"[[13185819, ""G"", [""A""]], [13185930, ""C"", [""T""]], [13185938, ""G"", [""T""]], [13186011, ""C"", [""A""]], [13186033, ""G"", [""A""]]]",yes,yes,C->A,5
chr15,45242298,45242701,TACTTTCAGCCTGACCCATATTTTCCTGAGGTTACCCTGGAATTCTCCAAGTGCCCTACTTACCCATAGAGCCTGAAGTAAAAACGTACTCAGGCATCCTTCATTAGTCGTCCTCCACTTTCCACACTCTGGCGTTTCTTCACTGGATTATTTGTAGAGATTATGGGGAGCCCCATGTTGGGCGCCAGATGTTGGGGAAACCAGCCCCACATCACCCAGCGGGTACACTGAGTCTAGAGGAAACAAAGGAGTTAGAAAGAGACAGAATAGCGTTTAAAAGGCGGGTCCAGGGGACTGGAGCATTGGAGGCTTGCTCACAGCCCAGAGCTCTCAGGCTCTGCCCCAATTTATCGGTTTACAAGCTCTTTGTTCTTAGGGCAGATGGGAGGGGGAGGAAGGGATGA,"[[45242402, ""C"", [""T""]], [45242601, ""C"", [""T""]]]",yes,yes,C->T,2
chr14,102325949,102326305,TGCTTCTTTTCTCTTTCTTGCCTTTCTGTACGTAAGCAACTAGAAGCCATTTGTGTCAAGGTAACGTCTGGAGAAACAAAAGGTCAGGAAAGGCCAATGCCCCTACCGACCACAATCCAGCCCCAAACTGCAAGAAAGAGCCAGCTGCCCCGGGGGAATTCCTGCCTGGTGGGGCTCCATATCGCCAGCCCTCAGCTGCTCAGGGTACAGCCGCTTGTGAGAACCGAGCCACAGTCCTGCTTCCTAAGTGACTTATGCCAACCTCCTGCTCAGGGGTTTGTACAGAGACCACTGCCAGCCCTCCAGGTGGTCCCTGCAAAGAGAGTCCCAGCCCCCAAGGCTCCAAATGAACAGGGC,"[[102325969, ""T"", [""C""]], [102326049, ""T"", [""C""]], [102326294, ""G"", [""A""]]]",yes,yes,T->C,3
chr9,11016093,11016397,GCAGAATCCCACTTGTGGCTGAGCTGGCACCCAAGCTGCAAGAAAAAGTCCCCTTTACTCTTCCCTCTCCTTTCCTCAAGCAGGAGTCTCTCCCCATAGCCACCACAGATGGAAATGTGCTGAGTCACACCTGAAGCCAGCATGGCTCTGAGTCTCGCCCAAGGCCCATGGTAATACTGCCTGGCTATCGCTGCTAGTTATTCATGACCCAAGGGCTCTTTACTCAGCAGGTGATGAATCCTGTCAGGAATGTATCCTTCCTTCCCTTCAAGGCAGCAGGTTCTCTTCTGGCTCAGGGTGTGTCT,"[[11016121, ""T"", [""A""]]]",yes,no,T->A,1
chr20,5694277,5694555,ACGAGGGTGGAAGGGCCATAGAGGCCATATCCCAGTTAAAGAGGATGTCTCTTTCCCATTAGGATTGGAAAGGGCCAGGCCCTGCTTAGGTTGTGCATCTGTTCTTGGATGAATCACGACGGATGCTGATGGATGACTGGGTCATGTTCCCAGCTTTGGGGGCGAGGATATGGCCCCGTCAGCCTCATCAAATCATGTGGAGTCTGTTAGTTTCTATTGCTGCTGTAACAATTTACCACAAATTTAGGGGCTTGAAGTCGCACACATTGATTACCTCCC,"[[5694279, ""A"", [""G""]]]",yes,no,A->G,1
chr13,90757154,90757403,TGATGGACTGAGTAAAGCACATGGCCCTACCCAATGTGGATAGGCAACATCCTACCCCTTGAAAGCCTAAATAGAATACAAATGTGGAGAAAGTTTAAATCCACACTCCCTCTATCTGTTTGAGATGCAACATCCATCTTCTTCTTTCACTTTTGGTTCTCAGGGCTCAGACTACTCCACCTGCCTTCCTGGCTTCCCCCTCCAGCTTGCAGATTGTAGATCATGGGACTTCTCAACCTCCATAATCACA,N,no,no,N,0
chr13,91078189,91078445,TCTCGAGTTAAAGAAATAAAACATACACACTGCTTTCTAGAGCTTAAAATTATGTCTCTTTAAATTAATACCCGTCTCTCCAGCAGAGGGAGCAAATAAGTTTTTGTATTTTCATTTCTACCAAAAGAACTTCTTTGACTTACTATGTGCTTTTGTATAAAACACTTTGAATGCTATATTAAAGAATAAATTTGTAATAAGAATGTATTTAAGTCAACTCAATAGTACATATTAAATGTTCAAAAAATACTCCTAGT,"[[91078257, ""C"", [""T""]], [91078445, ""G"", [""T""]]]",yes,yes,G->T,2
chr10,117740750,117741121,CAATTCCTGAGAGCAGCTTCCTGGCTTCAGGGTCTCCCTGCAACAGAGAGGTTCTGAAGACAGCCCCTTACCTAAGGAATTTTAGTGACAGCTGGCCTTTCAGGGCACGGGTCTCCTACAAAGGCACCGCTAATCACATTGACACTCTCCTTTGTGCCGCAGTTGCCAAAGTGCTTGCTCTGAGCCTCATGGCACACCCAATACATTTGATGGATCACAGGTTAGAGGATCAGGCAGACTGCAGCTCCTCCCAACTGAGCCCTTGAGACTCTGCTCCGGAGCCCCCTCCTCCCCATCCAGCCCTGCCCTGGTTCTGCCTTGGGTGAGATGGGCTCTCTCAGTGCTGCCTCCCCGTTCAATCCCACACTCCCC,"[[117740858, ""A"", [""G""]], [117740931, ""C"", [""G""]]]",yes,yes,A->G,2
chr19,35835586,35835817,GAGCTTGGCCAGAGCTAAGTCGTTAAGCAGCTGTGACTACAAGCAGAGGAGGTAGGGTCAGAGACCAGGAGGTTCCATTCTCAGGGGAGCCGGGAGGGATCAGGGGACTGAGGACTTGCCTGAAGGTGGCTCTGTGGGCAGCTGGTCTTCAGGTTCTCCAGAAGGCTGGTGGAGACCTGGGGGGTGGATATACAGATTGTGACTTAACACTAAGAATCTGAGATAAGCTTTA,"[[35835599, ""A"", [""G""]]]",yes,no,A->G,1
chr6,140809822,140810080,CTTTGCTAGAGCTGCCATAACAACGTAACACAAACTGTAACAACAGAAATTTATAGCCTTGCAGTTCTGGAGGCTAGAAAGTTCAAGATCAAGTTGTTAGCAATGTTGTCTCCTTTGAGGTTTGTGAATGAGAATGTATTCTATGCTTCTTATCTAGTTTCTGGTGGTTTGCTGGCCATTTTTACCTTCCTTGTCATGTAGAACCATCACCACAATCGCTGTCTTTATCTTCCTGTGGTTTTGTCCCGGTGTGTGGGTC,"[[140809972, ""C"", [""T""]]]",yes,no,C->T,1
chr1,166912586,166912852,TTTAAGTTAACTACTTAAAAAAAATTGAGCCCAGATGCTTCAAGCAAAAACAGATTTTCTGCTTGACAAGGCCACTAAAATCTGGAATTCCCTTGAGAGGGCTTAGCCATCCAAAACAGGATTAATAGTTCTCAGAGGTATTTATCACTTCTTTTGCTAACAAAGGTTTTTAATTGCCTCCTCTTAATTATGGTGCTGTGGAATTTCTCAAATCTTAACAGAACTTGAAATGTCCTCCCACGAATAGCTTCCTTCCTCCCTTCCCCA,N,no,no,N,0
chr2,66459441,66459692,GTTTCCTGTGTGCCAGCCAACTGCTGGGCACTGTGATTGATAGTCAGGATGCAATGGTGAGCAAAACTGACACCATGTCTGACCTCACAGATCGTATGATCTGGTGGAATGGAACTCTTTTAAAGGTTGGGAGTGATGAGGGCCTTAACAAGAACAGCAGTCATGAATATGGAATGGGGGAGATTTATTTCAGAACTATTTGGGGGTCAAAAATAGACAAGATTTGGTGACTGATTGAATGGGGAGGTGGAG,"[[66459464, ""T"", [""C""]], [66459532, ""G"", [""T""]]]",yes,yes,T->C,2
chr6,73242054,73242396,CCTCGAGCATGATGATAGGAGTCCTGGCTCCCCACACAACAAAACATGTGCAGCAGCCACTGCCTTGCCCTGTGTGGTCCAACTACAGTCACACGAGTCTGGCCTGTAGCTGTGAACCAACTCTCCAGCTGAATAAGGGTGTGGCTGTGCACCTCAATGCAGCGAAGGTATGTGTCACCATGCCCTGTGAGCATAAGAGGTGAGAGGAGGGTCTGTCAAGCACCAGCCCTTAGGGAATGGGGAGGTGGCCTTCAGGGTAGGAATATGTGACTGATGAAGGTGGGAGGGGAGAGGAAGAGTGAAAACTGAGAAGACAAGGATGAAGAAGGGGACGTGGGCAAAG,"[[73242134, ""G"", [""A""]], [73242264, ""T"", [""G""]]]",yes,yes,T->G,2
chr15,23069776,23070043,TGGTGGGGGGGGGAGGTGGCAGTGAGCCATGATGGCCCTGCTGTAGTCCAGACTGGAGGACAGAGCGGGACTGTGTCTCAGGAAAAGGGAAAGGAAAAAAAAAAAAAGAAAGTATATAAAATTGTTAAATCAAGGAGCAGCTGGACAGTGTATTACTGAGAGAAGTAGAGGCAAAGGTTAGCGGACACCAGTGGTCACTTAGTGGAACTGCAGGTGCTCCCCGACAGGAGGCTGCTACTCTTCCCAAAGAACTCTATTATTGACTTAA,"[[23069786, ""T"", [""G""]]]",yes,no,T->G,1
chr2,155141509,155141758,GACAGGACATTAGAGAAAGAGAGGTGAGTATGATCAGGATGGTAAAACCCATCTTAGTCTCCTTCTAACAGAGCTGCTGTGGTCTGAAGGTTTCCCTTTCTGAAGACGAAGCCTCTTTCAGGGGCCATTTCCTATAGGAGGATCACAGGCCACCGGTATTTGCTAATTGGCCTTACCCAAAGGAAAGGTAAGCTCTTTCGCATCTTTATGACAGCAGGGAGTTTTACAACTTCGAGAAAGGCTCCTATCA,"[[155141663, ""T"", [""G""]], [155141756, ""C"", [""T""]]]",yes,yes,T->G,2
chr1,220249629,220249900,CACCAGTGCATGTCAGAGATCTTCATGGCAGCCTCTCCCATCACAGGCCCGGAGGCCTAGGAGGAAATAATGGTTTTGTGGGCCCAGGGCCTTGCAGCTTTGTGCAGTCTTGGGACTTGATGCTCTGTGTCCCAGCCATGGCTAAAAGGGGTCAACATATAGCTTAGGCCATTGCTTCAGAGGGTGCAAGCCCCAAGCCTTGGTGGCTTACATGTGATGTTGGGCCTGTGGGTGCATAGAAATCAAGAACTGAGGTTGAGGAACCTCTGCCT,N,no,no,N,0
chr14,45258961,45259167,TATACTCCTCAGTCTGGATAATTTTGATTGTAGTCAACAGTTGTAAGTTCACTCATTCTTTATTCTGCCTGCTCAAATCTGCTATTGCAACCCTCTAGTAAATTTTCATTTCAGTTATTGTATTTTTCAGCTTCACAGTTTCTACTTGGTTTCTTTTCATAATTTCTATCTTTGTTGATATTTTCTATTGTTAACACATCATTCTTC,N,no,no,N,0
chr19,51402112,51402346,CTTTTTGTAATAAATGCCTTAAGAAATTCAGATAAGCAGAATGTTTGCTTTCACTTTGTCTGATTGTTACCCTGGTTCTTCTGAGCACTCAGCTTTCCCACCGAGCTTCTTTCAGTCATCCTCGGGTGTCCTCTGATGATACTTCCTCCACTTTCATGTCCTCTAGCGTTCCTTCACCGGGATCTTCATTGTCCCATGTTGGGCGCCAGGAATGCTGGGGTGATCAGACCCAGCA,"[[51402157, ""C"", [""T""]]]",yes,no,C->T,1
chr21,29136095,29136457,AAGAAAACCTCCTCCTATGTTTTATGCATATCACAAACGCAAGATTTCAAAGAATAGTCAGGGCCCAGGACTCTCTATTTTTGCATATACATGAGGCTGAGTGCACAAAAAGATGCTTTGCAGATATTTGGGACACTCCCTTTAAATTCTTGAATAAGGAACATGTGGAGTGTCACACAGGAAAACACTTGCCATCAAGCGAGCTGTGCATGCCTTTTGAATTCCAGTGCATGTGGCCTGCAGACCACACATTTAGGGGGAAACAAAGGAAAACCCCCTAGACTTTCATAGTAAATGAGGGCACTAAGGTGGACTTTTTGGGAGTAATTCTACATTGTTGGATTTATTGTTGATGAATAAGCA,"[[29136132, ""T"", [""C""]], [29136402, ""T"", [""G""]]]",yes,yes,T->G,2
chr1,95001051,95001347,TGCTTACCATGGTAATCACTGGTTAAATACAATGCTTAAGGTTAGGGGGTAATACTCAACCCTCCTGTTTCCGTGGAGGGAAGGGAATTTCCAAGCCCCAGGTGGGAAGAGTACAGTCTCTTCTTTTCAGCCTTCTCAGTCTATCCTTCCCTAAGGAGAAAGAGCAGCTTGCCTGATCAGTGAGTTTAGGAGGACAGATTGAGGATGCTCAGCCAGCCCCCATGGGTTTTTTCACTTTTTAAATTCTTTTCAGCTTGTCGGTTGTCAACATGTGACCATGCTCTACACCCCGACTGG,N,no,no,N,0
chr4,58564720,58565017,GGAATTTTTAAGGTTTATTATAATAAGACCACCATCATATACGTGGTCTGTCATTTACCAAAATGTCATTATGTGGTGCGTGACTGTACTATCACATCACAGTCAATATTGAAATCTTGACTGTTACTTTCATTTTGCCTTGTTATCTTGATTGCCTACTATGACACCTGGCAGCTCAGCTCTCTGCAGCTGAGCTCGTCAGCTCCTGACAAAAGGAAGAAACTTGTGACAGTAAATTTTAAGTGTCAGGTGGACTGGATTACAGGATATCCAGATAGCTGATAAAGCATTATTTCTG,"[[58564905, ""C"", [""G""]], [58564916, ""T"", [""C""]]]",yes,yes,T->C,2
chr3,174295290,174295543,TATAGTAATAGAATAGGCAGTCCTCTGATTCTTTTTTTTTTTTTTTTTTGGTTGCTTAGAAAGTTCTAATTTAAGTGTTTGCATCATTTCTTCATCCGTTGTCCAAGATTTCTACTGCATCTGTGGTTTTCTGGTCATCATTTTTTGAGACAGGCTCTTGGGGCTTATACTCTGCTACATGAATTATTTATGTACATTTTTGCTCTAATCCTTAAAGGGCCTAGGAACAAGAAAAAAATGTTTAAAATGTAATA,N,no,no,N,0
chr2,14601383,14601735,TGAGTCAATTATCCTTAATAAATTCCCTTTCATATATACTGGTGTGAGTCAATTATCCTTAATAAACTGCCTTTCATACATACATGTATCCTATTAGTTCTCTCCTTCTGAAGAACCCTAACTAACAAGCTTCCCTTCCCACATTCCCCAGCAAGATTAACCACTCCTTCCTCTGGGTTACTTCCTGTACCTTACAGAGAATCTCATTATTTCATGAGTCACTCTTAGCTACACTAATTTGTTCCATATACATCATCTCTACCAGAAAGTAAGACTTTTGAGAGCCAAGTCTAGGTGCTACCTGTTTTGGATCCCAGTATTGGCATAGTACTTTTCTCAAACATAAAGTCCCA,"[[14601405, ""C"", [""T""]]]",yes,no,C->T,1
chr4,93469591,93469995,TACCAAGGCCAACTCTTTCCATTTAAACATTTCTTGATTTTTAAATTTGCAGTCATTTGGCCACAAAAGGCCATCTGGAGTATAAGATTAAATAGACACTAGGTTCAACCACAGTAGGAATCTGTAAACTCAGCATTATCTTCCAGAAAACCTTCCTTTGAAAATGATGTACAGTTCTTCTATTAGGGCTGCACTTAATCTCTAAGCTATCGGAAAACAAGGTCAGATCTTCTGTTGACACAGGAAATAGTGCAACTGGTCCCCTGTAGTTATTGCGAATAGTTGTATAGATTAGTGACGTTTCTGAAAAACTAAATATTTTTAAATGGGTCTTTAATATTCAGTCCTCCAAATACAGAAAAAGGATTAGGTTAAAAAGTGAAAATTAAAATGTTCACTATGATG,"[[93469731, ""C"", [""T""]], [93469847, ""C"", [""T""]], [93469867, ""A"", [""G""]]]",yes,yes,A->G,3
chr13,88267331,88267645,TCTACTTGTGGTTTGCCAGTTTCCCCAGGACTATTTGTTAAATAGAATGTCCTTTTCCCAATTTATGTTTTTGTATGCTTTGTCAAGGATCAGTTGACTATAAGTATTTGGCTTTATTTCTGGGTTCTCTATTCTGTTTCATTGGTGTACATGCCTATTTTTATACAAGTTTCATATTGCATTGGTAACAATACCTTTGTAGTATAATTTAAAGTCAGGTAATGTGATACTTCCAGTTTTGGTTTTTGTTTTTGTTGTTGTCATTGTTTTGATTGTTATTTTTGCTTAGTATTGTTTTGGCTATGTGGGCTCTCT,N,no,no,N,0
chr18,51491866,51492291,AGACAATGGTCCTGCCTCCCTCTCTAACTACAAGGCCCTGGGACAGATTCAGGAGCTTAATGGGAAACACCAGCGTGGAGCTTGTAGCACCGTGCAAAGAACACAGGCTAGAATCCAGAGACCTGGATTCTCTCAGGCCACTGGAAATGTCTTTCCCAGGCCCGAGTTAGGCTATATAGCCTTTCCACTTCTCACATTCTAGGTTTCTGTAGCTGTGGTCTCTGTTTCATATCACAGATTTAAAAAATGCTTGAGCTAGTATTCACCTCTTCCTTTAGTGTTTTCCTCAATAGGTCAAACATTTTCACATGATACCCTTTCTAGACCCAAACCCTCTGCTCTCAAATACCAACTACTGAACTCTGCCATGGCAGCCAAATATAGCCATAGACAATATGTAAATGAATGCAGGTGGTTGTGTTCCAA,"[[51491875, ""C"", [""T""]]]",yes,no,C->T,1
chr2,187052811,187053178,TTCCTTTAGTGTGCACTTGTGTGGAAAAGACTTTATTTTTTTTCATTTATGAAGCTTAGTTTGGCAGCATATGAAATTCTTGGCTGGCATTTTTTTTTTCTTTAAGAAGGGTAAAAATAGCTCCCCAGTCTCTTCTGGCTTGTAAGATTTCTGCTGAGAAGTCTGCTGTTAGTCTGATGGGATTTCCTTTATAGGTAATCTGGTTATTTTCTCTAGCTGCCTTTAAGATTTTTTCTTTTACATTTAGTTTGGATAGTCTAATGATTATGTAACTTGGGGATGGTCATCTTGTATAGTATCTCACAGATGTTTTTTGAATTTCTTCGATCTGGATGTCAACCTTTCTAGCTAGAGCAGGGAAATTTTAC,"[[187052824, ""T"", [""C""]]]",yes,no,T->C,1
chr7,40530306,40530672,CCATGTCTTCACTGTTATTCTAAACATAATATATAGTTTAGACTATGACAATATAATAGTTTTAATAAAAATTCAAACTGACCAACAGCAGGAAGTGTATAAAAGCCTTCAAATACTACTGCTAACCAATTGAGTTCAGTGACCACACTGAAACTTGAGAAGAGCATGCTTACAATTTAGCTTTGTGGTATATTGGAGTCTTGTGTGTCAGTATGCATGTTTCATGGGATTTGTAAGCTGAAAGACCTTGATGCTAACTTAATACAAACAAGATAAAATATTCTTAGCAGAGTGTGCTGACCATATGTGAGATTCATTTGATGATGTTTTTCATTTTCTTTATAAAACACATCTCAGGACCACTAGC,"[[40530311, ""C"", [""T""]]]",yes,no,C->T,1
chr9,80615972,80616374,ATTAGACAATTATTTACTTTTTGTTTGAGTTTAAAAAGCACATCTACACCACACAAATGCATTTTGGCTCCCATTCATGCTGAAAAATTACTGGTAACTTGATGAATCTGCAACTAATTTTACAAAAATGTTGGGCTAGTTTTGCCAAGGATGTCTGACCCCCGGCCTTACTTCACTGATGTAAGTTTTTGAGCATTGGCCTGGTCTGATCAGTGCCAGCTGTGAGTGCTTTGGTTGTACACGTCGGATGTTAAACAAAGTGGAAAGAACAGCATACTCTAGCTCAGACATGGAGGTTTGTGAATTGGGACAGAAATAAGACTGTGTTTGGAACTGAGGCATGTCGTTCAATTCCACTAAGCTTCCCTTTGCCCAGTTATGCTATTTGATTTCATACTGGTGT,"[[80615977, ""G"", [""A""]]]",yes,no,G->A,1
chr5,3161665,3161987,CATCAGATCTTGTGAAACTCATTCACTATCATGAGAACAGCATGGGGGAAACTGCCCCATGATCCAATCCCCTCCCAGCCTCAACACACAGGGGTTACAATTTGAGATGAGATTTGGGTGGGGATACAGAGCCAAACTGTATCACTGCCCTATAAAGAAGCCTCCCCGAAACAGAAAGCGAATGTAAGCATTTTCCCACGTGCACTTGAGGGAGATCTCAGCACCTGTGGACCATCCCCTGTGCCCGGCTACGCACATCTTCTTAGGCTGCTGCTCCTGAAGAACACTTACTCCCTGCAGGGTCTTCAGAGCCTACTAAACCA,"[[3161747, ""G"", [""A""]]]",yes,no,G->A,1
chr9,94616036,94616278,GCCAGGATGGTCTCAATCTCCTGACCTCATGATCCGCCCACCTCGGCCTCCCAAAGTGCTGGGATTACAGGCGTGAGCCATCTCGCTAGGCCAAGGGTCTCAGTTCTTAAGTTAATGCCTTTGTGTCCTAGAACAGAGTTCAGCTGAACCAACCTCTTCAGTCGATTCCAGCCTGTGAGGTTTCAGTTCTGAAATAAACAAGAGCTGAATATAGAATGGTATGGTAGACTTTGGAGACTTAGA,N,no,no,N,0
chr5,104644271,104644681,TATTTAGAAGAGTCCAGAGTGCCTTTTTGAAGGGGTCCCTCTGCCTCTTGGGAAGGGTTAGAGCATACCAGAGGGCTCCGAGAGCTCCCGCCCTCGGCACAAGAAGGCACATGATCATGGTTGGAGCCTGGTGAGGAAGGCTCATGCACTTGTATGGCTGCAGCCACAGACCCCAAAGCACAAAAATCATGTCCTCTACCAGCATCCGTCTAGTAGAATCCCCCATGTGTTCATGACCATCAGTTAAGTTAATCAATCAGGTGCTAGGTAATCATGGTTAAACTACACACATGTGAAGCAGAGCCGATGGATTTTCCTGGTATTGATTTCTTGTCAGCTTACCAGCACAAACTGATTTAAGTATGCATCAACTAATCATCACACTGAAAGGCCCAGAATATCAGAGTTTGT,"[[104644285, ""T"", [""C""]], [104644337, ""G"", [""A""]]]",yes,yes,T->C,2
chr14,77284110,77284366,GCTCCAACAGCTCCCAGCACCATTGCTTTTCACTGTGGTACTGGCTCAAATGCTGCTCTCCTATTAGGCATAAGGGACAGCTGCACAGCCCCCGAGTCACTGTGGCCCTTTGAAGGGCCTGGGAATGAGGAATAAATCATTCTGGACGCCTGGAGCAGCTGCTGTCGGGATGGGGACCAAGTCTGTCTCCTCGCCAATATGTCCACAGGGCCCCATGTGGTTCCTGGCATACTTGATAAAGAGTTGTTGAATTAGTT,N,no,no,N,0
chr5,30266345,30266698,GATTTATTTTAAGTAATTGGTTTATGTTATTATGGGGGATGGAAAGCTTGCAATCTGCAGGGCAGGCCAGCAGGCTGTAGACCCAAGGAAGAGTTAATGTTGCAGTCTCATGTCTGAAGGCAATCTGGAGGCAGAATTCCTTTTTCCCTGGGGAACCTCAGTCTTTTCTCTTAAGTCCCTCAATTGATTGGATGAGGTCTACCCACATTATAGAGGGTAATCTGCTTTACTCAAATTCTACTGATTAAAATGTTAATCATATCTCAAAAATACCTTCACAGAAACATCTAGACTGGCATCTGAACAAAGACTGAGTCCCATGGCTTAACCAAGTTGATACATAAAATTAACCAG,N,no,no,N,0
chr2,157107938,157108258,AGAGAAACTTTTTAGAGCCCTATGACCCCACCCATTGCCTGAGAAACCAGAGGACCTCCCCAGGGTAACATAAGGCAAGCAAAAATCCCACTGCTACTACCGCAGCTGGCTGTCTTTTGTAAGCACCACTTCCTGGCTGGAGGCCAAATGACATAATCCATTACAGCATCTACAGGTGGAATAACACTGCACCGAGGAATGAGAAAACTTGTACATGACCTCAGCTATCACCACTGCCTGCACCACCCTGGCTAACCAGGAGGTCCTGAGTCTGTACACCTGACCAGTGCATTACCACTGCAATTGGCATTTAAGAAAGCC,N,no,no,N,0
chr15,54256298,54256587,GGTGTACTCTGGATGGGGTGTTATGTGGAAGTGAGGACAATTCTACGATATTGTGTCTGTAAACATCTAATCTAGAAGGAAGGCAAAGTAGACTGAAGCCACAGCTTTGCAGTAGTCCCACCTTATTCGTGGTTTCACTTTCCAGTTTCAGTCCTCCGCAGTATGGTCCAAAAATATTAAATAGAAAATTCTAGAAATAAACAATGTATAAATTTTAAGTTGCACACCATTTTTAGCAGCATGATGAAATCTGCCATCCTTCTTGGAAGGAAAGTCATCCCTTTGTCAGT,"[[54256406, ""A"", [""G""]]]",yes,no,A->G,1
chr8,25564652,25565115,ATGAGCTATTATCACACCACTGCACTCACAACAGAGTGAGACCCCATCACCAAACAAAACCAAAAGAATTGGCCTTGTGGCCTCCTCACTGAGAAGGGGAGTGAAGTGCTGCAGGCTGTAACTATGGGTTGAGACTTGGAAGCTTATTCATGGGGAGCAGGGCGCCAAGACAAGGGATGGAGGAGTCATTCTGGGGTCGAGTCCTAACAAGAGCCCAGGGATGAGATAAGAGGCATTGTGCATGTTATGCTGACCACAAAACAAGACCGGCCAAGAAGAGACTGGAAGGCACATTGTTTCTGGTGGCCTGATCACAGAAAATGGTGGAAATCTGGTTTTTAATCACTCAGGAGAGTTTTTCCTGGCTTTACCCTATCTGGTCTTTCAAGGAGCTGAAGGGGTATTTGTCATTGTGAACTAGGGCAGATCCTTGCATTGCAAATTTACGAATGTTGGCCCATCTC,"[[25564733, ""T"", [""C""]], [25564753, ""C"", [""T""]], [25564797, ""C"", [""A""]], [25564814, ""T"", [""C""]], [25564848, ""G"", [""T""]], [25565012, ""T"", [""C""]], [25565020, ""C"", [""T""]], [25565098, ""T"", [""C""]]]",yes,yes,C->T,8
chr18,75833407,75833648,GAGTAAGCAACCTGAGAGATGGAGCAAGGCCCAGCCTTTGACCTAGATTTGGGAGTCCCAGGCCATTACTTCAGCTGGATTCTCTTGGTCACACAGCCTAACACTCACTCATTATTGGAGGAGCCTAAATAAGAGTTTGAATTCCCAAGGGCAGGAATCCCTGGAGACTGTCTTAGTCTGGGACATGACATCAGCCTTTCATGTCCCCATGCTTCAGCCACAGCTGTTTCCTACAGATGCCT,"[[75833410, ""C"", [""T""]]]",yes,no,C->T,1
chr21,45376100,45376397,TGATGGCCTGGAGGTGGCCTGGAGATGATGGCCTGGAGGTGGCCTGGAGAGGGCCTGGATATGATGGCCTAGAGATGGCCTGGAGATGGCAAGGAAATGCCACGTGGGGGGTACCAATTATTAAGGGGACTAGTCAATTGCCAAAGCCTCCGATTATGATGGGTATTACTATGAAAAAGATTATAACGAATGCATGGGCTGTGACGATGACGTCGTGGATGTGGTCATTACCTAGAAGGTTGCCGGGTTGGCCTAGTTCAGCCCGAATAAGGAGGCTTAAAGCTGGAGGTGGCCTGGA,"[[45376191, ""G"", [""A""]]]",yes,no,G->A,1
chr5,5198176,5198500,GCAGCTCAAGGGCCAGCCAGCGGAGGGTAGTTTGGTATTTCGTGTTCCTCCTTTTCTCCCTAAGGCAGCCTCCCATTTGGGATTTCAGCCTGAATCTTTTTCACAGCCATGACACATTTCCTCTGCCATGTGGTTACCCTGGCCTTGATTAATTGCCTTTAATAGAACTTCAGAGAATGGGTGGAGGCTAAAATGACTACATCTACATCACCCTTGGTACTGATCAAGAATTTTGCAGAAATTCAGCAGTATTTGCACGCCAGATTTCCTTGGATACCGCCTTCAATCACGTTCAGGTTACACTATTACATGAATCCCAGCTAGG,"[[5198254, ""A"", [""G""]]]",yes,no,A->G,1
chr10,67156299,67156753,TTACCATTTCTTTCCTTCTACTAACTTTGGGCTTAATTTGTTCTTCTTTTTCTACTTATTTGAGATGCAAAGTTAGATTATTTACTTAAAATCTTTCTTCTTTTTGAATGTCAACAGTCATGGAAACTTCCCTCTTAGTACTGGTTTTGCTGCATTCCATGAGCTTGGTGTGCTTTGTTTTCAATTTCATTAGTCTCAAAATATTTTCAATTGCTTTAGATTTATTCTTTAACTTGCTGTTTATGCAAGAGTATATTGTTTAATTTCAACATACTTGTGAATTTTCCAGTTTTTCTTCTGCTACTAATATTTAATATTTAGTTTCATTCAACTGTGGTCAGAAAAAAAAAATACTTGGTAAGATTTCAATCTCCGTAAATTTGTTGATACCTGTTTTGTAACCTAACATGTAGTCTATCCTGGATAATATTCTGTGTGCATTTGAGAAGAATGTA,"[[67156391, ""A"", [""C""]], [67156535, ""T"", [""C""]], [67156689, ""T"", [""C""]]]",yes,yes,T->C,3
chr9,92307622,92307850,CAGAAATACAAAAGTAGTCTAAGCCTGTATGACTCTTTCAGCTTACTGCAGGATATAAATAACCAACTAACAGAAACTAGAATAAAATGCTAATTTAAGTACTCTACAGGGATGCCCCCAAAGTTTCTAAGGGTTCAAAGGAAGTTGAGATAGTGTTTAACTGAATCAAAAGATGCTTTATAAACTAGGTAGAGTTATGAGGTAGGAAAGATAGAGTTGAATCCCTAGA,"[[92307662, ""A"", [""G""]], [92307813, ""A"", [""G""]]]",yes,yes,A->G,2
chr19,12748431,12748928,CCTAATAGAGATGCGTGTTTATTGTGGCAACTTTGGAAGGAGGGTGTCTTGGGTGAGAGATACCTTTGTCTCATTCTGTGTGGGTTAAGGTGTCCCTGTTGGGCCTGTGAAGCCTGGAATGGAAGACAGAGGCATTTTCCCACTTCCTTGGAGGCTCAGAGCGTGGGAACTGGGAGGCCCCTTGGCCAGCCCCAGGCTGGTGGGGAGCAGAGCAGATTAGGCCGGCAGTGGGCCCGGCACTGCCTGCTGTTTGGTTTGGGAATTAGTGGGCGCCCTGGGGAGAGGCCAGGCCTGCCAGACTGGGGATTAACAGTCTCCACCCCCCAATTCCTGCCCCCATGGGATGGCATCAGCCCCTCCCAGCAAAGGGCTGCAGCAAGGGGGCTGGTTAGTGGGCAGGGTGACAGAGGACTCCGGCTGGAGGGGCTCCTGAAGTCTCATCCTGACTCCAGAGCGGTCTCAGGCTGTGGGCACACAGGCCTGGAAGGCACCTAGTGG,"[[12748445, ""A"", [""G""]]]",yes,no,A->G,1
chr11,110505857,110506291,CTTTCAGCACACGGCACTAATTACCATGATTTCACAGCTGTGATCAATTCACGTTTTCTCACTTTGAGCTCAGGCCTGCTCTATGGGGACTAATGTGAAGAGGTGTAAAAATACGTTCTGTTTCCAGCCAGATTAATTACAGGCTCTGCTGAGGCCCCAGTGCATACTGCCTGGACTGCAAGATTGATTGGCTTAGGCCCCAGGTCCAGCTGAAGGAAGGCTACATGGGCTGGCCCAAGGCTGCCCCAGGGGATGCGACTGAAGTCAGAGAGGCAGCCCAGCCCTGCTGCTGTCCGGTTGTGGCTCACCCTGTAGCCTCCTCCTGAGGGCCTTCCCTCCAAATGCCACCCATCCATCTCAGAGATGTTCAGGGAAGATTAAAATGAGGCAACGTCTGTAAAAGCCTAGAACATGACACAGAGTGTAAGGGATGCT,"[[110505970, ""A"", [""C""]]]",yes,no,A->C,1
chr22,22988059,22988517,ACTGGGCAATTTAGACTATAAAAAAGTTTTCACTATTCTGATACAGTCAACATTAACAGTAAAAATAACCATTACTCAAGCACTTATGTGCCTCTTCTAGATTTTTTTGCTTTATATTTGTCACTGCTAAGATGTTTAGGAAGTAGATTGGTGGCGGTGGTGGCTTTGGCAGCTCAGGACCGAGTGCAAGTAACATAGAATCAGCATGACTCTTCAGAGGCTCTTCAGGTTCTCCTCTGTCATTCTGTCAGCAGTCTCAGTCCATTTGTGGAGGAACATCAGTGTTACAGCAGTGGCATTTAATAAGGAACTTGATCCTATACAGAAACTCTTGTGGACAAGATTAGAGAATACAAATCGAAGTGACAGACATCTGGAGGACCTGTTGATACTGGTCCAGAGTATCAGCAAGAGCTTGAGAGGGAGCTTTTTAAGTTCAAGCAAATGTTTGGTAAAACA,"[[22988081, ""T"", [""A""]]]",yes,no,T->A,1
chr6,143334225,143334525,GGCAAGATGGTTTGGAGATTTTAGGAAGCCCTGGCTCTTTCCTCTGACACAATCACAGCATTCTAGACATCCCCAGTAAATGGACTCTGTGACACAGACATTGAGCACCCTGCTTTGTGCCAGACACCCTGCCAGGAGCTCAATGGAATCAGACAAATAACGCACAGTGAGTGCATGGTTACTGTGCATGGTTACTGAATCAGACTTTTGTGTGTGTGGATCCTCTAAGATTGTATGTGTCAGGGTATTAGCCAATGTTAAATGGCGCAGAGGAATTTGAGGGTTTCTTTTCTCATCAGCT,N,no,no,N,0
chr4,177108715,177108996,AATAAGAGTCAAATACCAGCACAGCCCAACTGGGGAATAAGACTGGCAGAGGCAGGATAGTATCACTCTCGGGAACAATATCCCAAGGAAGATACATTTAAAGGAGGAATGCAGAACATAAAGTTGAGAAAATGAGAGTCTGTCATTATGGGAGCCCTCTGCTAGCATACATGATTTAGCCCTCTGACAGTCCAGGAGATGGTGCTAACACACTATTTAGATGGCTCATGGAAGCTTGAAATAAGTTACAGCCTATACAGTTAGTCAAATAAAAATGCCAAA,"[[177108767, ""T"", [""C""]], [177108809, ""T"", [""C""]]]",yes,yes,T->C,2
chr9,12054506,12054736,GGGGTGTTCTCAGGGCGACCAGACCTGTGAGAAGCACCCTTCTGCAGAAGTAAATTTGCCTTGCTGAGAAATCCTTTGTTCGAGTGTTTGCTCTCTTTGCAATTCCGAGCTTTTATTTACGACATCAGGGATTCTCTGAAGGGAGAGTAGCTCATACCCTCACCCAACTGTCCTATTAATTTGAACTATAAAGATAGTTCAAGCTGGTACCAAGCATCAAAAAGAGATTCG,"[[12054512, ""C"", [""T""]], [12054517, ""G"", [""A""]], [12054659, ""C"", [""A""]]]",yes,yes,C->A,3
chr15,28184213,28184520,ACACACATATATATACACACATATATGTATGCATGTATGTATGGGAAACCAGGACTGATATTCAAGATATTTAATGTCTGGCACCATGTAAGTATCAATCAGCCAGAGTGGAGGCCAGCTGTACGTGGTCAGTGTGGGAACATCCCAGTTGGGTGGCAGCCCTGTAGGAGGAGACTGCCTGGGCCACTGACTCATTCTGAAGTTATTAGCTAATTAATAAGATCTTACCAGAACAAAACCCATTACAATCAAGTATCTAGCTTTTCTTTCGACAATATATTCAATTACACAAAAATCTGATCAATGAG,N,no,no,N,0
chr21,30715029,30715377,ATAACCAAGTCATCACAGTTGATTGTAATAATGTATGAATTAACTGTGTAATTTATATTAATATATTATGACCTAAACCATTTAGGTTTTGCATCACTTTGCGTTACTTAGATTCTTGGTACACAATTGGAAAAATATGTGTGGAATTTTAACAGACAATGGTGGGCGTGGGATGGGCTTTAACTATGTATTTTCTTACCTTAGCTGATATTTACTTCTATTCCCATTTGAAAATACTGTTTCCTCCTTGAAAAGTGCAATGTATATGATTCACCAGCAAGAAAAGCAGATACTTTTTATTGCAGCATTTTCATTGCTGTATAACTGAAGTTACACTATGGATAACACA,"[[30715095, ""G"", [""T""]]]",yes,no,G->T,1
chr3,126732481,126732788,GATGATGTCATAGATCATTATATGATCACACCATATTTTCTTTAGCTTGACCTTGATTTTGGGACATTTAGGTTGCTTGCATTTTTTTCACTACAATAAATAACACTGTTAAGAGCATCTCAGCACTAATAACTTTTTTATTCTCTATAGGATTATTTTACTAGGCAGAATGCCCAGAAATAGGTCAAAGGGTAGGAAGATATTCAGAATGAAGAGTTAAATGTTCAAAACAGAGGACTACTACCATCTCAAATCTTCAAGCTCTCAAGTGGAGGCAATCCGTGGATTGAGCCCCTCCCTGAGACTCT,"[[126732584, ""T"", [""C""]]]",yes,no,T->C,1
chr9,117438967,117439240,TATTTCCTGTACTCTAGGATCCAAAGAGAGATTAGTCCAAGATTTGCTCCTCATATGTCCAGAGAGCCCAAAAAGAAACATGATGATGATAATGATAGCTACCACTGAGGCCCTTGGGGAGGATAGCCATATTGATTTGTGTGTCTGGTGTTTGGAATAGCCCCTCTGCAGCTCACATGTAGGTGCTGCTGTGTTTCAAAGTACAAGCATCGCAAGGGTCTCTCAACCTTATTGAGCCAGTAAGGAACTTCCCTGGGCTTTTGACAAATCTATA,"[[117439045, ""A"", [""C""]]]",yes,no,A->C,1
chr9,1619863,1620204,TCGTTTCATTATAGCCCTTCAGTGCCCTTCTCGGGGCTGTCAAAACTTATTTCCAATCACCTCTTCTTCTTTACAACCAACGCTCACCACAACCACACAACACGGTGAATAAAGCTGATGTAGAAGGGAGGTACAAAATCTTCCAAACAAAATGAGGAATGGGAAACAACTTTGTCTCCGTTCTCTGCTGTCAATTCTTGCTGAGTGTCAGAACACAGTCCCATAGTAGACAATGCCATCTTGTGGTTCTTGTGAAAATCATTCCTTGGAAAATTCAAGAAGGTCATTGTTTAAATTTCACCACTAGCGTTCCTTCCTATCATATTTGTACAGAATAAATCA,"[[1619944, ""A"", [""G""]], [1620197, ""T"", [""A""]]]",yes,yes,T->A,2
chr9,70091114,70091397,CAGAAACTGAGGGTAAGAGGAAGGCTTGGCTTCAGTTTCTTGTATCTTTGAATTATGTATCATTCTGTATTACTTACTAAAAATAAACCCCACAGAGTCCACATGGAGAGTTGGCCCTGGAACACTGAGAGACATCATTTGTGTGGTTTTTGCCACCCTCTTTTCTTGCTCGGCTCAGCCCACTGCTATGCTGGAGTAGGTCACAGGCCAAGAGCTGGACATGTGCAAAGCCTTCAGGAAGACCTAATCTCAGAGTCAGGGAGAGAAGGCAGGAGCCACAGTGT,"[[70091155, ""A"", [""G""]]]",yes,no,A->G,1
chrX,39796911,39797168,AAGCTGGAGGACAAATACTGAGGAGAAATAGGCAGAGGAGAGAGACTTGTTCCCAGCCAGGAGCAAGTCTTGCAAAACTAAACCTTTTGAGCATTAGCCATATGACCATGCAGGACCAGCTCTGTGGGCAAGCCAATAGTGCAGTCACAGGGCTCCCACGCTCAGAAAGGTCTGGTACTTGGGGTTTCATGCCCTGTGGTGAATCATTCTCTCTTTTGTAAGTGAAGTCCAATGGGGCAGTGGAACATGATCTGGGAG,N,no,no,N,0
chr6,162379751,162380145,CATGGTATGAGCAGACAATAGATTTTAAGGCACTTTAAAAAAATGCTTGTGTAAATGAAATGGAGCATTTGGATTCAATTTAGTAGCCTTATACAATATCTGCTTTTTATTTCAGAGAAGACTTCTGAGGTAGCTGATGAACATGCCGGCAGAGAGGTTGAATTCCGAGGTGAACCAGTCATTCCAATGCAAGGGAGACAGCGTTTGGAAGCTTTAATGTAAACAGAAACCCTGCGGGACTCACTTGTGCATACAGCTGTCAAAACAATTCAATATCCAGAGATAAACAGGGTATAAGACACCCACTAGTATATTATACTGGAATGCAACATCTTTTTAAAATTATGTTGCCATATTCTATACTTTATCGAGTACCTTCCATTTTAATATTTCAT,"[[162379939, ""C"", [""G""]], [162380110, ""G"", [""A""]]]",yes,yes,C->G,2
chr18,11940968,11941249,CAAAAAACCTGGAAAGATATCTCAAAAGGCCAATCTTCAAGAATGGTGTTATTTCGAGGAGTAACTGGGGATGTATCATATTTTATAACATTCTGAATAACTTAGCAGGACCCAGCCTCCTCTCCTCTCTCAGCGTGATGGCCTCCAATTAGCTTTACAAAAGCAGCTGAGTTTTGGGCAAGGCCTGTTATTATTTAAACTGCAGCTGAAAGGTCTTCCAAAGTTAGCTTAGTCCAATAATCTGGGAATAATTAAGGGAAAGGCAAGATGGAGGTTAGGCTA,"[[11941022, ""G"", [""C""]]]",yes,no,G->C,1
chr13,85419669,85419899,GAGACCTCACCAGAGCTCTTTGTTCAACCATACCAGCCTCTTTCTCTACAGTGGTCCTATGTAAATGTACATTAAAAACCATCACAAATCACAGCAGGCCAGACATTTTAGTTACTTGTGCCTGCGTGTGACTACTTGTTGTTTTCAACTTGGTTACTCATCATGTTATTCCCCCATAGTACCTAAGATAATGACTTATTCATGTGAAGAATTTATTCATATATGGAAGTA,"[[85419748, ""A"", [""C""]]]",yes,no,A->C,1
chr2,767511,767717,GTTTAACTAGAAGAAACTTCTAGTCTATTCAGAGCCTGAACCCCTGCGGCTTGCAGGTACCCACGCCTGCACCACGTGATCCCCATCTGCTGGCCCCATCCCCGGGAACCACCACAGCAGGGGCCTTCTGGTTGCCTCACCTCCCACCCTCGCAGTTTGCCTTTGCGGGTTTAACGACTCTCCCAACCAAATCCTGTGGGTGACGCA,N,no,no,N,0
chr15,84128774,84129035,ATTGTTTTTCTTTTATTAATTGAAATCTGATTGAGTCCCCTGCATGACTAAAAAGCATGAGTATACCAAAATTCTGGCCATAGTTTTGCCACTAACTAGTTTTATGGCCTCAGGCCAGTTATGTAACCTTACTGGGCTTGTTTCCCAAATGATTTGGACTAGGGCAATGATTACTAATACTTCTTATGATAGAAATAGAACAGCCACTTTTAATTTTTTATGAGAAGACTGTGGATTCCCAGGGATACTTTTGTTTATCTTA,"[[84128824, ""G"", [""A""]]]",yes,no,G->A,1
chr15,94222449,94222661,CATTTGTGGGAGAGAGTATGGAGAGGAAACATCTGCCACCCTCCCCAGAGAGACAGAAAGAGCTCTATCAACAAAGAATTTCTCTCAATGTTTAGCTTAATACCAACTAGCTAATGTATTTCAGGTAACCACCCGAAAGAAGCAGGTGGAACAATCCTTGAGGTTCATACAGGGCTAAGAATAGTTCAAGTTCCCATAAGGCAGTAAGGAAAG,"[[94222468, ""A"", [""G""]], [94222486, ""G"", [""A""]]]",yes,yes,G->A,2
chr21,14610258,14610579,GGGTGGGGCCTCTAAAATGGCCACCCTAGGAGTGTCTGCCTTATGTAGCTATGGATAGGGATGAAACATGCCCTAGTCTCCTGCAGTGCCCCCAGGCTTGCTAGGATTAGGAAATTCCAGCCTGGTGAATTCTAGTCAGACTGGTTCTCTGCTCTTGAACCGTGACAATGCATGCACATCAGGACATGGAAGTTCATTAGTGATTCTAGTTTCACCCTTAACTTCTGCCTTGTGATCTTTTGTCGCCCTTGAAGCATGTGATCTCTGTGACCCACACCCTATTCGTGCACTCCCTCCTCTTTGAAAATTGCTAATAAAAACC,"[[14610261, ""C"", [""T""]]]",yes,no,C->T,1
chr20,62316930,62317259,GGCAGCCTGCACGGCCTGCAGGATGTGGCTGTAGGCGTTGGAGGCCTCGATGGCCCTCTGGGTGAGGCGGTCCTGGTTGACGTCCAGGATGATGCTGCAGCGGAAGGGAGGGTCGAAGGAGTGGGTAAGCACAGACGCCCTCGGCCTGGCTCTCCAGCCTCCTGCGCTCACAACCAGCCGTGCCCGCGCCTGCCCGCCAAGTCCCGCCTCCAGGTCTTTGCCCGTGCCTGTCGCCTGCTGGGTGTACTGCTCCTGTCACTCTGGGCCCCAGCTTGCCGTGGAGCTGAGGAAGGCCTGGCTTCTTTGAGGACAACGGCCTCAGCCCCTAGG,"[[62316955, ""C"", [""T""]], [62317060, ""G"", [""A""]], [62317116, ""T"", [""C""]]]",yes,yes,T->C,3
chr14,99286865,99287075,GGAAATATTTAAGGGCTGAATATTTGTAGTGGCCTCAAATCACACCCTCCAAGTAACCACACACAAAGTTGACCCTAAAATAAGACTGCACCCCGGTGAAACTCTTCAGCCACTGAAGTGTTAGCTCGGTGTGTAGCTGGGTTTCATTTTCATTTTTGTGTTTAACAAATAAAGAATTAAAAACAAGAGAAACTATTAACTAACTACTAGT,N,no,no,N,0
chr8,76461192,76461533,AATCTTTGATTTACACTAATAGCTACTTCAAACAATATGAAGCAAAGTGCTTCTGCCTGGATTGGTAGTGGCTGTGAACTGGCCATTGATATTTTGTAGTGTTTCAGAGCTTAGTGTAAGCATTCCAGGCATTGCATTGTAAAGACCACAGCACAGTTTGTGGTTTGAAAGGCTCTTGTAACCCAACCTGGCAAGTGGTCAGTGGAGACTACATGTCACCGAGAACACAAATCAATCTTATTGAGCACTTTTCAAGTAATATAATATTCTGCCTGTGACAATAATGAAATTAGTCTATGGATTTTTTTGTATATTGAAATGTCATTTAAATATTTGATGAAA,"[[76461228, ""T"", [""A""]]]",yes,no,T->A,1
chr2,135181038,135181511,AAATAAAAATAGTATATATTTCTATCCTAATGTGGGACTAAAAGTTTCCATCACAGAAGATGCAGGATTGCATTATCAAGTGGTCAATGCAAAGGCTGCAGCCAGTCCGCCGAGCCTGAGGCCTGAGTCTGAGGGTCCAGCTGGGAGCCCCCAGCTGGTCTAGCTTATGCAGACTGGCAGCAGCTTGCATAGTGATGGGGACAATTCTGGATCTTACGGCCGGGTTTGAAGGGATGAGTTAGGGAGGATAAGGGAGTGTGGAGTCCCACTTCTGCCTCTCCACCCCGGGCCTCAGTGGGGCCTTCTCTTTTGCCACCTGACCTCGCCGGCCCCTCCATGTCTCCTGTTCTCCCAGTAGGATAAGAGCTTTAGCCAGGGCCTGAGTGGAGGACGGAAGCCAATTTCCAATTTATGAGAACCTTTATAATAGTGCAGTTTTATTGTGTATGTCTTATGTATATCTTTATGTGTGTG,"[[135181199, ""G"", [""A""]], [135181383, ""C"", [""G""]]]",yes,yes,C->G,2
chr7,132311652,132312095,GAATCCTTCCCCTCCCCGTCCCACACATCTCTCCAGCACAGACACTGCCCACATCTTACTTTTTAAAAACAGCAGCTACTCTGGGAAAGAAATACTTGGAACTATCACAAATGAGGACCCGGAAATTCATGAGTCCTGGGGTGAGGCACGTGAATAGTTTACAGTCAGAAAATCTGTTCCCAAAGAGACTGTGGGGACAGCCTTCCCTGGGCTTAGAATGCTGGAGCTGAGAAGGGCATCCCTGTCTGGGGATGACATCACCAGACAGAGCTGGAATGCACAGATGCAGAAAGCTGGGGGCCCTGGGGCCAGGAGAGAGCTTGGCTGGAAGATCACAAAGGGGCTTTTGACCACCCTCATCCCAGGAAAAACCACAGAGACCCAGCTTTAAGCCACCCCCGCCCTCAGTTGAGGGGCCTAAAGACATCCTCCTCCAATCAGACG,"[[132311772, ""A"", [""G""]], [132311800, ""T"", [""C""]]]",yes,yes,T->C,2
chr12,106541265,106541491,GGGGATCAGTGTCTTGAGGCTGTGGAGAGCAGTGGGGCCCTAGGCCTGGCCTATGAAACCATTCTTTCTAGGCCTCTGGGCCTAGATGGGGGGGGCTGCCTCAAGGATTTCTGAAATTCCTTCCAGGCCTTTTTCCCCCTTTGTTTTGAATATTAGCACTTGGCTCCCTTTTAGTCATGCTAATCTCTTTAGCAAGTGGTTGCTCTGCAACCTGCTTGGACTCACTC,"[[106541270, ""G"", [""T""]], [106541358, ""T"", [""G""]]]",yes,yes,G->T,2
chr1,45187725,45188009,GAATAAGGAACTGTCACAACTTAAGAATAAAAAAATCCAATTTAAAAATGGGCAAAGGATCTGAATAAACATTTTTTTCCAAAGAAGTTATACAAATGACCAATACACACATGAAAAGATCTCAACATCATTAGTCACCAGAGAAATGCAAATCCAAACCAACCACAATGAGATACTACTTCCGGGCCTCCACCAGGATGGAAATAATAAATAAGATAGATAATAACAAGTATTGGCAAAGATGTGGAGAAATCAGAACACTCATACATTGATAGTAGAATTATA,N,no,no,N,0
chr4,149102777,149103200,CAGACTTCATTCAAGCAACCTGATTCTATGCTCAACAGGGCTGGAATTGAAGCTCTACTGCTTTAAGAAAGGAATTTTGTTTGTTATTTCTCTGGAGATGCTGCTGTTAGGAGGTTTGTGGTTTCAGTTTTCTTTGAGGTTAAGATTTTGTTCACTTTACTTGCTAAAATTTGCAACATTTTCTTTCTTTCAAAACCTGGTTAAAGATAAAGCTGTTTCTCTTTAGTAGGAGGGAATAAATGTCTCTGGCATAAGCAAGACTGAAAGTTTCAAACTAGCCAGGTTTTGAAGCTTGGTTCAACTTGGCATATTTAAATTCTTCTTTTGAGTGACTGAAAATCTATTTAAAAAAAAAACCTTTATGAGAATGTGATAAGTGCCAAAGATGAAAGGACAGTGATTCTCCTGGGCAGAAAACACCTTA,"[[149102887, ""C"", [""G""]], [149103037, ""A"", [""C""]]]",yes,yes,A->C,2
chr6,1858206,1858534,AATAACAATAAAACCTAGAGAAAAGTGCTTAGACGTTACCCCTCATTTCTTGCAAAGTAATCTCATATTTAAGTTCAGATGGACCGGGTTAACAATCGCTATTTTTAATGTTAAAATGCCCTAGGGAAGTTATAAACGCACCAAATATGCTGTTAACCTTACTTTATATTGTGTGCAGCTGTATGGCTTTGTACCAGGGACCAAACTTTCTAACTGGGCCAGCAAAGTGAAAGAGGCTTTTTTCCAAAAACCTTTCAATAACAATGCTTTGCTTGTCACTAGATTTCCATTTCATTTTTTTCTACTACTTCACACTAGTATTTGGTTTA,"[[1858211, ""T"", [""C""]], [1858266, ""G"", [""T""]]]",yes,yes,T->C,2
chr2,2259520,2259871,CATATAGTTTTTATTTGTCAATTATATTTTAAAAGAGCTGAAAAAAAATCAGGAATATGTCCCCAAAGTGAAAATTGTGACCTGAAAATCTCCAAATCTTTAGGATTAATGGGAAAATTAAAATCACATTCTGACTGACCCTCGTCTTATAGAAAATGTGGCTAGTATCGATCCATTCCAGGGAGTGCTAATCCCCCTGGGATGGATGTCAAGGTACAGGTCATCCCGACGGCAGATGGGCTTCAGGATTGGGAATCCTGGGTTGGAGCCCTGTCAATGTGTGTCACTGGCCAGGTGTGCTAGGTCACATTGTTTAACCTTCCTGAGCTCCAGTTTATTTCATATAGAAAGA,"[[2259737, ""G"", [""A""]], [2259805, ""G"", [""A""]], [2259843, ""C"", [""T""]]]",yes,yes,C->T,3
chr2,206241783,206242198,TATGGTGTTACCTTTATAAAAAATGGATCTGAGAATGGACTTTCTCTTTCTACCTAATCTAAAAGGTAGGACGCTGGAGATAGTAAATTACCCCAAACCACAAATGGGAAACAGATGGCTTTTCAGCCAGGGACAGAACCAATTATTTATAACCTTCTCCTCGTCATCCTTCTTACAAACTAAACCTGGCAAATGGTTGGGAACATGAGCTCACAAGTCAGTAGGACCACAAAATATGCTGACTATACTGTAGGCTAGTTTCTTCCTGAAAGAAGGCACAGTAATGCAGGACGAAAATAGGGGTGATGAAAACAACTTAAGGTTACTTTTGATTTTTAAAAGTAGTAATTCCGGGCTGGGCGCTGTGGCTCATGCCTGTAATCCCAGCACTTTGGGAGGCCAAGGTGGGTGGATCA,"[[206241793, ""A"", [""C""]], [206242143, ""T"", [""C""]]]",yes,yes,T->C,2
chr5,74510546,74510887,AGTTACCTAGCTCATTTGCTAGCCCTTGTCATAGGGCAGCCTCCTAGTACACTACCGGGCAGGCTATCCCAGGGTCATGGAATAGAAAGAGTCACAGACTCACATATTTGCAATAAGATGCTGATATTGCACAATGTATTAAATTTATTTAAAACACATGGCAAGATGTAAGGGGAACTAGACAGGCTAGGTTAACACACTTAGGGTAAGGTAAATATAAGCCAACTGGGAGGACCACACTGCCTGATTCCTACTTACACAATTGTTCATATGCCTTGTCTCTTTCTCCTCCACATGAGCCTCCTCTGCTACTGATGTGGTTATAAGGACCCAAAATGAGGT,"[[74510579, ""T"", [""G""]]]",yes,no,T->G,1
chr11,124053124,124053349,TGGGGAGAAAGAGAAGGGAAGAGAGGAACGCCTCCAGTCTAATTGCTTCCTTGGTTCCACATTTCCTTAGTGCCCATTAGGGAAGAGGGTCCCAAAGGAACTGAAGACTTTTATTCACTCTTGAGGGCTTGATTGCTGCTACTTCATTCAGGGGCCAGGGGCACTGAGATTTTCTGGCCTGGGTGGCTGAGTCTGAAAAAGAGGAACATTCGGCTTTTCTAGCCCC,"[[124053185, ""C"", [""T""]]]",yes,no,C->T,1
chr5,177973249,177973641,TTGTTGTCAGGCCCTCAGCACTCAGAGCTTTATTTGGCCCAGGTTGAAGACAAGGAAAGCTCTGCCGTGGCTGCCTCTGCACTGACACCCTCCCTAATGAGTCCTGATGAAACAGCCTTTCCTACATCCTTCCCTCATTCCCATGATTGGAGAAATGATTCATTGGGTGATGAGTGTTGGGGTTTTCCATACTCATGTTGCCATCTTGAGATGTTTAAAAAATTTGGGGTTAGAGCAACTGTTAGCGTCTCCATGGGCAATCAGTAGAACTTACACATTCCAGGAAATCTTTCTTTGTAAATAATTCTTTTGGTCTCAAGTGATTCCCTTCAAGTTGTCTCTTGATGTACAAACCCCAAAGCAAGTTGGGGGGCTGTGATGACAATTAAATCA,"[[177973279, ""C"", [""T""]]]",yes,no,C->T,1
chr1,102588499,102588995,TGTGATTACATATATAAAAAATTATTATTAGTGCATTTGTTTAGTAGGACTGCCAAAACAAAATACCGCAGACTGAGTGGGTTAAGCAACATAAATTTATTTCTTAGAGTTCTAAAAGCATAAATTCCAAGACCAAGGTGTCAGGAAGCTGCTTTACTTCTGAGGTCCGTCTCTCTTTTGGCTAGCAGATGGCAGCCTTCCAGCTGCATTGCCACATGGTCTCTGCTCTGGGTGTTTATACCACTAGTGTCTCTGTTTCTTTGTCTGTCCTCTTCCTCTAAGAAAACCAGTCAGTCTGGATTAGAGCCTATGCTAAAGGTCTCATTCTAATATATTTACCTTGGAGATATCAAAAGTTCATTTCAGACTACCACAGTAAAGTGAATATCACAATAAAGTGAGTCACAAAAATTTTGGTTCTTACATGCATACAAAAGTTATGTCTACACAATACTGTAGTCGATTGTGTGCAATAGCATTATGTCTTTAAAAAGTAT,N,no,no,N,0
chr4,23114588,23114843,GCTTGAGGGCACTCTCCAAAGTAGAGTCAGGAAACTTATTGTGAACAGAAAACAAAACAAAACAAAACCCCAGAAGATTGCACATGGTTTTAGAAATGAACTCATGTTTGCCCCTGTTTCTTCAGATTTGAAAAGGATGGAGCTTGAGGTTTCTGTGGCTTTTCTAGCAGCTTAGGTCTTATGAGTTCACGTTCTTAGCAGTCCTTCTAAAGTGGGGATTGACATAGTGAAAGATTGCAATGTTTAAATAGTATCA,"[[23114618, ""A"", [""G""]]]",yes,no,A->G,1
chr21,36038968,36039306,TGAACACCGAGAATCTGGAAGTGGAAGTGGCTTCGAAGGGGAGGAAATATGGCTGCTGTGGAAGTAAACAGGAGCCCATTAGATTCAGAACAGCTGGCAAGACACAGCCCGGAAGAGTCTCAGAAGGCTTCAGTTTCAGAGATGACAGGTGAAATGAGTTCTCAGTAAAGAAAAAGGAAATGACTGTGTGTCAGGCATGGTGTTCATGAATAACCATTACCTAATTTAATCTTCACAGTTACCTAGCAAAGAAAGCACGATAATCCGCATGCTAGACTCAAAGAAACACTCAGCAAAGTTGAAGCACTCACCCTGAGTGACAGAGCTAGTGAGGCAGAA,"[[36039015, ""G"", [""T""]], [36039082, ""T"", [""G""]]]",yes,yes,T->G,2
chr8,105756666,105757038,TAACTCTTGCACAATGTAAGACGGGAGAGAGGGAAAATGCTGAGTTTGGTAGCAAAGCAGAACCACTCAAATGCAGTTTTTAAACTAGGTAGAGGCTTTTGTAGATTTCATGCAGCAGTTGGCATTGGCAGTATTGCAAAAAGAGATGTATTCTGTTGTGCTCTGTTTGATCAAGTGCTAAACCCGTGTGATCAATAGAGAGACAGATGTCGGGTGCAGATGGCGATGCCGTGATACCTGGGGCAGCGCGGGCCTGCCAGAATGACAGAATGGGAACAGGGAAGAGCAGCAATGCAACAGAATGTGACAAATGAAATTAGGGTTTATACTAGTCGATAATTTACAGCTAATACAAAGTGACAGAATTTTTCAC,"[[105756695, ""G"", [""A""]]]",yes,no,G->A,1
chr2,225140848,225141115,GAATCTCTGAACAGGTTAACTGTTGAAGGGTGTTCCCAGAAAAAGCCAATATGCAAAGACTGGAATAAGTGCCAACAACTTCAAGTGTGCAGACATGAAAGTATGTCCATAGGAATCAAAAATAATCAGGGAAACATGACATCACCAAATGGAAAAAAGAAAGTGCCGGTGATTGACTCTAATTAAATGCAGATGTATGAACAGCCTGGCAAATAATTCAAAATTACTATTTTAAGGTGGCTCATCAAACTTCAATAAAATATAGAGA,"[[225140888, ""C"", [""A""]], [225141015, ""A"", [""G""]]]",yes,yes,A->G,2
chr8,9232372,9232648,TATCTATCTATCTATCATCTACCTATCTACCTACCTACTACCTCCGCCTTCTAAAGCATAGCTCAGTGAATGAAACTGAACCTTTGTTTGCTTAGCCAAGACCTTGTGGCTTTTTAGGTTAACTCTACTCATCGGCTCTTAGAACAGGAATAAAGACTGTCAAAAGTTGAAGGATAGAGACTGGAAGTTACTTTTTGTCCTAAAATACTGATGAAACTTTGTTTTCTAGTTATTTTTCTCTTCCTTCCAAAATGAGAATGCCACAAAACAAACAAAA,N,no,no,N,0
chr10,36638425,36638839,TAACTGTATGTCTCAAAATGCGGGAAAGAAAGGATGCCTAGAGAACTAGCAACTATAGTACTCCACCCATGGAGTACTAAATTTTATGCAGTGTGCATAAAATTTAATTGGAGACAATGTACATTGAAAAGTCACATGTCTATAAAGCTGTAAATTAGACATAACATCTTCCAGGACTTAACCTACTCAGATGTTAGTAAGTTCAGTCTCAGCCATTTACATTTTTTTCTCATTCCCTGAATGGAAATGACTCAGATATGAATATGGATTTGGGTTTATGCAGTGCCAGAGGAAGAAAATAAAGACTGCTCCATGCCCTTTGTCGATATGGGCACTGGAACATCTTTTGCCTATTCTGAAAGAGGCTGTGGTGGAGGCTAAGCCCAGGCATCCATCCTTGGGGGCTGCTGTCAGG,"[[36638562, ""T"", [""G""]], [36638763, ""G"", [""A""]]]",yes,yes,T->G,2
chr6,115783730,115784014,AGCAGCAGTTCATATTGATAAGTTTTAAAAATGCTAGGTGAACCTTGTCCCAGTATGGGCTGGCACCAATGGTTGCTGGATCTGATGTGAGACAGGGTTGTGCAGTAGAGCTTTTGGAGTCAGTTATCAGCTTCAGGCAGGTGGCCAACGTATGAGTCAGGAAAGTTCCAGACCCATTTCCTTAAAGAGGAAATAAAATTGATAGCAGGAATTGGATGAAAGGGAGTCAGTATACATCCTTACATCCAAATGGAATAAGAAGCCTGAGCAGATAGTCTATTATAT,N,no,no,N,0
chr18,54140641,54141119,TTTCTCTTACCAGTGTCAGGTGGTTCTTTATAGCAGTGTGAGAACAAGTATGCCAGCTTTGTTCCATCTAACAGTTATTAAAGTAAGCAATAAGTGCTTTCTGGTGATATAGACTGGCCATTCATTCAAAAAATATCTGGTCTCCTCTATGCCAAGAACTGTGGGAAATAAAAGACATTGCTTAGTCACTACAATCTGGTTATGAAGATGAGACAAAGCAATAGGATTGGTTAGGAATAAGACTGCATAGAATAACAACCCCAAATGACCGTAACCAACTGCCAGAATGTGGGATACAGACAACTGATGTCATGAACAGCAGAGGTGAGAAAAGATCAAAGTTGACTGGAGTAAGGGTGAAGCAATTTATAAAGAAAGGGCCTTAAAGAATTGATTATATTTCTGTAGAACTAAAGGGGAAAGAACTGGGGACAAGAACAAGAGCAAAACCAACATTAGTGGAAAGACAAGGACAGAAG,"[[54140688, ""A"", [""G""]]]",yes,no,A->G,1
chr4,47470000,47470384,AAGAAAATGGAATAGACCTAAATTAATTTGTTTCTTTAAATTGTCATGACCTAATGACCCTCTTTCATTCCAGGGATATTTCCAGTGAAAGAAAGAAGAAAGCATGCTTTTCTCTTGACTGTGCAGAAAAAAAAACTATGTTTCTTTGATTCTCCATTTTACTAGATGCCATACCTTTGCAATTACTTCATGTGGAGTCTTGACCAAGATTCAGGAAATACTAGAACTTTCAGTCCCAGAAGGTTACTCTGGGCATTACTAGTCCCCATCATTATGAGTTGAGTTTTACTAGTTAATTTCAGACGAAAAATATTTGTTTTTCCCCAAATTCTGGGGTTACGTACTTTTACTACCTATGAACTGACAACTGTATCTTCAGTAATTA,"[[47470029, ""T"", [""G""]]]",yes,no,T->G,1
chr21,19420705,19420977,TACAAAGTGATGTGTTGCTAAGCTTGTGACGGCTTAGCGTCAAAACACAACTGTCACACTTGGAGGCATCTCCCAAGAGGCTGCTTGGAATTACTGCATTTCAGAACAGTTCACAGTAAGTGAAAGGGAGGGGAGGAAGATTGAGCAATTAATCTGCTGTCTCTTTCCTGTCTTCTGTCTCTGTATATGTATGGGGTATAGATAACTCTCTTGACCCCCCACAGTCACTAAGTTCTGGGTTGTGTTTTCTAGCCCTTTAAAGTAGCCATTGGT,N,no,no,N,0
chr13,32733713,32734065,TGTTTCAACATCAGAAGGATGCAAAAAAGAATATACGGTGAAAAGTTCCCCCACCCATGTATCCCCAGCCACTTAGTTTCCTTTCCCAGAGGCAGAGCCATTGTTAGTAGTTTCTAAATGTACTTTTCCAGAGATATTTTATTCATATACAAGTAAGGGCATGTAAATATGCACGTGCACACATGCATGCACATACACACGCATATTTTGTTTCCCTCTCTCTCCTTATGCCAATGGCATATTTTAGTCACCCTTCTGATTTCAAAAATTAAAACACACACACACACACACACACACACACAAACATATATTTTGTTTTCTTTTTTTTTTTCTGAGATAGAGTCTTGCTCTGT,"[[32733831, ""C"", [""T""]]]",yes,no,C->T,1
chr21,32319999,32320407,TCAAACAGCAGGAGAATCAGGAATCACAATGAATCATCAAGTTCAGACCCCTGGTGCTGCTCCTCTAATGCGGGCTCATCACTGAGGACAGAGACCCTGCACTGACAGCAGAGCCCTGTCACCCGTCAGACCGGCCTTCCTGCAAGAGGGCTGCAGCTGCTAAAGCCTTAGAGAACAGGACATTCACTTCAGAGCACAGAAGGCTGCTGGGACACCGGGGAGGAGTCTGACCTGTGCAGAACAGAGCCAGACAGGCTGGCGGAGACTCTGCCAGATGTGAACAGCAGCTGGTGTCTGCTGTCCCATGGCAGACAAGAGACACTCAAGGAAAGGCTGTGAATGGAGGAAAGGCACTTTGGCACTGCCAGGAACGGGACTGCCAGGCATATGGTAGCATTGGAGGACACTG,"[[32320029, ""A"", [""G""]]]",yes,no,A->G,1
chr6,115902034,115902258,TCCTTGTCACAGAGGTCCTGCCAGTGCAGCTCATTCAGTAGCCATCATCACAGTGAACTCTATTCCAGCAGCTCCAGATGGAAGATGGGGATAAACAGCTCCCCCCAGAGTGTTCTTCGATGTGATGCCATCAATCAACCTGCAGCTGGGACCAAAGAACCACTCAGTGATGGAGCCAGTGACTTCCTGCCAAAAACATAGCACATTTCTTAGTGCCCAGCTTCC,"[[115902097, ""C"", [""T""]]]",yes,no,C->T,1
chr2,229670279,229670502,CTGTGTCTCCTCCCAGGCTGAGGCAAACGAGTCCCTGCCTTCTCACAATTGCACCTGTGTGCTCACAAGGCTGCGTGTGATGCTGCTGTGAAAGCACTCCCAGCTAAGTCTATTCATCATTGCACACGGTGGATAATGAAGACCTCGGAGGAAACTGGTTTCCACCCCTGGGGAAATACATCAGGAGCATTCAAAACAACAGACTAGCTGGACTGTAGGAATGA,"[[229670297, ""C"", [""T""]], [229670411, ""G"", [""A""]]]",yes,yes,G->A,2
chr19,39256599,39256917,TCCTTATCCTCTGCCACTTTGCTGCTATGTGGGTGTTCACTGACCCCTCCTGATCTGCACCTCTGAGGCTTGCCTGCCCTCTTGCTTATGGTTGGTGTTTAGCCAGTGGAGGTGCTGGCAGGAGATTGAGGGAGGGCAGAGAGCAAGGTGGGGGTGTTTATTCTCCTATTTGCTGGCTGCCCCCTGCAAGTCTGGAGTTAGACAGTGGCCGTGATCCTCTATCTACAGCCACAGTCTTTGTCCTGTCATGCCTAGGAGTGCTAACAGCTCCCCCTGTTACTTGCCTCTGGGTGCACCACCACCTCTTGTGTCTTCCTTA,"[[39256625, ""G"", [""A""]]]",yes,no,G->A,1
chr18,51903193,51903635,TATGTAGTTAAAACAAAAGCTTCCTCCTTAGATGTCTAAAAACTTAGGTCATGATCCTGTCCCTGTCATTTTATGGCTTAGTGATCTTTGAGCAAGTCACTGGACCTCTTTGGCTTTCAACTTTCTGTAAAATGAGGATGCTGAACTAGTAGTTTCTGTGGCCCACAAATTACCCTAAGGTCAATGATGCTGTGTAAATTTTCTTTTATCCATATAATTACAGTACAGGTGTTATTCTCATTTTACAAAGAAACGATTTTTTAAAAAGCCAATATTATACACTTTGGCATTAGATTCTAAGTATAGCAGAATGCTGAATTGTCAAACTTGATTTTGTTCTCGAAGAAGGGTTGGGTTAAACCAAAACACAGAGCAGGTGGTATATTTTCAGCACCTGGAATTTCAACCCAAAGTTTTATTCTCTCTCTTCTGCAGAAGGCCTA,"[[51903254, ""T"", [""C""]], [51903366, ""T"", [""C""]]]",yes,yes,T->C,2
chr7,124257716,124257955,AAAGGCTGCAAAATTTAAGTTCCTCTTTGCTATTTCTCTTTCTTGTATAGTCCTTTGAAGTACCTTTCGGATCGAGCCTATCCTTTCAACAGTGATAAGCCTCTCCTATTTTTAGTCCATTAGACGGTGAGGTGACTCATTTAAAAACATTAAATGTTTAGCCTGCTTTGCTAAAGTATTATTGGCCCTGTTACTTAATCCATAGAACACATCCCACTTTTCAAGGTCATCTGTTCCTTG,"[[124257784, ""A"", [""G""]]]",yes,no,A->G,1
chr3,124997399,124997741,AACTTCCTTTAAATGGAAAAAAAAAGAAAAGGCACTGCTACCACAGGCATTCCATTCTGTCTTCCTTTGAATTTAATTGGCCAGACCAGCATGCACCAGTCAAAGATAATGCTATTATTCCAAGGAGATAATGTATTCAATCCTGCCACGAGCAAAATAACAAGAACCAGTTACCCTCAGTTTAGAATGGTCACGCCTAAGCAAAGACAGAGAGAGAGCAAGAAAGAGAAACAGAGCACCAGGCAGAGTCCCAGGACTGGGCACAGAACCCCAGGCGAAGCTGTGGCTACCTCGGCAGGAGTGGTCCATCTTGTTGAACTGAAAGTATCCCGACTTGCACTGG,N,no,no,N,0
chr10,14366800,14367176,TTGGTGCTCTTGGACTCTGCAGCCAGCACATCAGCTGGCCCCAGCCAGGCTGCTGGAGGACAAAGTGCCCTGTGGAAAAGGCCTCCAGCCAGCCAGCATCCAAGATAAGGCCCTGACAAACCAGCCCTCCCCATCTGGCCTCCAGCTGACCATAGACACATGAGCCAGCCCAGCTGAGATCTGCAGAGCCCAGCCAAGACCAGAATTGCCCAGCCATGCCCAGCCCAAATTGCCAATGTACAAAATGACTAAGTGTTCAGCTGGTTTGTTACATAGCAAAACAAACTGATGTAGGCTTTGCAGGGGAGTCTTGAGATTAATAAAAGAAGAAAGAAAGAAACTATAGGACCCATAATCTACTTGGACAGAAAGACTGT,"[[14366891, ""T"", [""G""]], [14366919, ""G"", [""A""]]]",yes,yes,G->A,2
chr19,32566373,32566851,TTTATTTCCAAAATCAGTCCTGGTCAAACTGCTCCATGCTCCTTGAGCCCAGAAAGTCACTTGGGCTCCCAAAGACAGCCAGGGCACTTTAGAATGCCGTAGCCCACAGGCCAGCCCATGGCTATCTGCATGCACCCAGAGAGCCCACCTAGAACCACTCAGGAAAATGAACAGTAAGGGCATGGAGACAAGGCTTAGGGTTGTCTAAGAATCAGAGTGCAGCTTTGGAATACATGGGAACTGTCTCATGGCTCTGGCGCGGTTTGCTTACTCATTCCCATGGGAGGATTCCAGATGGTTAGTGTGTGTATCCCCAGCCCACATGGCCTCCCAGGCGAGGGTCATTTGCTCACCACATATACCACTTTTGCTGTATCCATATACCATCCTATTCTACCCAGAGGATTTTTACCCTCACTGTGTGCTGGATCCAATTCCTACTGGATTGCAAGAATCAATTGTTAAAATTTCAGAAAATG,N,no,no,N,0
chr5,11075056,11075366,CCCAGGCAAGAAACCACCCTTATTTTGTTCCTGATTTTGTTCACGTGGGAAAACATGAGTTGTGTAATGCTCACTACACAGGGGGGCGCTGTGTAGCGCCCTTCCCTTCCATCTTGGCTGGTGGATGCCTGTGTTTGAGAAGCAGCAGATTCCCCCTAGGAAATGGCCCTATTCTGACCCCAGAGAAAGTCAGATCCCATCTTGTGCTCCTTTTGAGGTTGGAATGGGGAGAGAAGGCATTGGCTGGACAGAAGCTCAGCTAGTTGGTAAAGTGAAAAGAAAGCCCAGCGTGAAAAGTGGATTATAGAATA,"[[11075173, ""T"", [""C""]]]",yes,no,T->C,1
chr22,34992689,34993016,TGCTCTCTGATGAAACTTCTCTCTGCACCTCTGTCACAGACAAAATATTAGGCTGCATGTATCTCTCTGAGTTGACTCACTGTGACAATTCAGTTAGAGAGTCACTGCAAGGAAATGCCTGAAATAGCACTTGTGACCAGAGAGGGCCAGTACAGGGCACCTGCACCATCACTCTTCCTGACAGATTCGTGGCAGACATCACTAGTCCATCCCAGCACCATTTCCCACGGAGCCCCATGATAGCTCCAGTCTCTTTCCCAGCATAGAAACAACTTGGCCGTCCCTGATAGACCCCCACACCTTTACTCAGGATGAAATGAGGCCCAAG,"[[34992720, ""C"", [""T""]]]",yes,no,C->T,1
chr4,131149956,131150316,CCTGTGGAATCTACCAGCGTCTAATTCATAGTAGAAATTCAATAAATGGTTGGTTATACATTGATTTAGTAAGAAGTCAGCAGTATTTCTAAGAGAAAGAGTCCCGAATCAAAAAAACAAAAGACTTATGCTATTAATGGCACTAAAATAAACTATGAAACTGAGATTTGCTGCATATTCCTAATCAGCTTTTTCATTTTACAAGTATTTTTAAAATTGAAAGTCTAAAACACCAAGTGTTTCAGAAACCGATGGGGTAATGTGGGCAAATCACACAGCTATAAATTGTTAATAAAATTTTGTGATTTTAATGTCAATATTTTTATTTCAAATTTGCTGAAAACAATTAGATAAATTACAC,"[[131149970, ""T"", [""C""]]]",yes,no,T->C,1
chr4,54320857,54321228,TTCCAGCACTGCCCTCTCTCAGGCTCCAGACTTGCATAGCAATTACTGACCATATGGATCCTCACAGGACACTAAATTCAAGATGCTCCCAAATGAGCCAGGAACTGCTCCTCTTAGTACCTGTGCATCAGCTGCCCAAACCGCACACCTGGGTGTTATCCCTGACTCCTTCTTCTGACTCATACACTTTACAAGTTCTTCCTGAATTACTCCCGGATCCTCCCCATCCTCCTCATTTCCAGGACTGCCACCAAGATCAAGCCTGCATCACCTCTCACCTGGACTGCCGCTGCAGCCTCTTGACGGGCCTTGCCTTCTTTATTCTTCCCTCTGGCCAATCCATTCTCCACACAGCAGCCAGAGAAATTCATT,"[[54320914, ""C"", [""A""]]]",yes,no,C->A,1
chr14,55151009,55151253,CTTATCCTTAACTTTGGTATAAAAGCAGTCTTCTGTAAACAAATCTCATGCTTGTAACATTAAAGGTACCCAGAAAATGCTGATGAAGAACAGCTGGAGGACATTAAATGTCTGGCCAAGGTTAAAACCTTTTGTTTTACCATAGGCCCCAGTTAGACCAGCTACAGACTAACTGATGAAAATGGCAGGTAAAACTGGCACACATTATAACAAAAATATAGGAGCCATTTCCTATTGCAGAACCA,"[[55151037, ""A"", [""T""]], [55151126, ""G"", [""A""]]]",yes,yes,G->A,2
chr13,27666996,27667298,CCTGCTCCCTACTTCCTGGCAGTCAAGAAAAGCCCTTTCTACATGCTAGAAGGAAATACATCCAAAAAGTTAGCATTGGAGTGTTAGAAACTAGAATAGACCTCTCCGCCACCGAGCTGCTGTGTCACGCCCTCAGCCTGCTAGGGAGTGACAAACCCAAGTCATTCTTGATCCACCCCTTCTCCCACCCCAGATCCCAGGGACTCATCCTGTGACTTTGTAACCACACTCATTCCTTTCAAACACAGAGGAGGAATTATTGCTTCATCTGACTTTATTCAAATCTAGTTATGTATTGGCCTA,"[[27667018, ""C"", [""T""]], [27667150, ""G"", [""A""]]]",yes,yes,G->A,2
chr13,97542191,97542434,TAAAAAGCAAGCATTAATGAGACATAAAAGAAGAAATATATTCCAGACAAAGAGAATAGCACAGGAGAAGGCCAGAGACAGGAAACAGCTTTGTGTCTCTGGGGAATTTCAGTTCAAATCCCAAGGAAGGAAATGGCAGGAGTTGGAGTGAGAGTCAGGAGAGAAATCTTATTCCAGTGTAAGAGGCTCGAGCCTCATCCAGCAAGTCAGTGCTTCTCCAACTCCAGTATGTATACAAATGTAA,"[[97542195, ""G"", [""A""]], [97542315, ""C"", [""G""]]]",yes,yes,C->G,2
chr5,147824919,147825235,CAACAGAAAGGAAAAATATCTGTCCTTACAGTTTATACAGATCTCGTGGGGTGTTACAGTGAACCCCTGAAATTAAACTCAAAACTATTGTTGCATCTTTTGCTCCTGATACCTCTGCCTTCGCCACCAGGTTTCCATCTCAGCTGATGCCTGAGCTATTGTTGGACCTTCTAATTGATTGACCTTTCATCTTAGAGCTCTGGGGATTCGTATCTGTGAGGTCTCACAAAAGTAAATCACATATTTATTCCACATGATTCCTGCCAGTTCTAAACATCCTCCCCTCCAGATAAAACCTCTCTGTTCGCCCCACACTA,"[[147824953, ""T"", [""A""]], [147825029, ""G"", [""A""]]]",yes,yes,T->A,2
chr10,106252505,106252970,CAGAAGCAACGAGATTGGACTGACTTGCATTAGAAAGAATTGCACAAAATGCAGATTTAGAGAAAATCCTTCTACTACTCCACCTGTCAATACAGCATGGCAATATGAGATAGCCACTTCCCACATTTTCACATTTGGGGTGACAGCTGATTTCAAGTACAGATGGCAACACTTTTTTTCATGTATTAAAGTCAGCAGCCACTCCAGCTAGAAGGAAGGCACCTGCCATCTTTTCTGTCAACATCTGACACTGACTTCTCCATATGCTGCAGGAAAGAATTCATAGACTCTCCTCATGTGGTCCAATGGCTCTCATGCCAGATGAAGGGAGAGAAGTTAAGTAGCTGAAGTTATCTCTCTGCCCCCACCCTCCCCCACCCAGCCATGCACAGTTGGTGTCATCACAAGGAGGACTGGCAGTGGAGGAGCAGGGAGAGCCAACGGAAGCATTACTTGGCATCAGGTG,"[[106252514, ""T"", [""C""]]]",yes,no,T->C,1
chr2,85281793,85282082,TGTTCCTGCCCATGGACACCTTTTTGAAAGCCCAGTCAGTCCCTGCCATCTTGGTCAAGACTTATGGTGAATGAAGAGCAAAGGGGCCTTCTGGGGCTCTTCCCATCGCCCTCCTGCTCCTGTACACAGCAGAGCCAGATTGTGATTGATTTTTCCTGATATTACATGACCAGAGTGAGGGATGATTCAAAGGCTTCTTTTTTTTTCTTTTTTGAGATAAAGTCTCACTCTGTCGTCCAGGCTGTAGTGCCATGGCACGATCTTGGCTCACTGCAACCTCCACCTCCCAG,N,no,no,N,0
chr3,91349,91591,AATATTTACAACAGGTTGTGATGTATTGAATTAACTGCTTTTATCTCGCCTTTGAAGTCCTGATAACGAAAAGGACAGAAAGATCAATAACCACATGATGGGTAACTAATTGCTTTTGCTTCCACTTGCAACCTGCCATCTCACTCAGAGCTCAATCCAAACTCCATTTGACAACCTCAGATATTGTTTTCAACCTTAGATCTCAACAGTCTGGACTCCAAATTGAGTACTCCAAATTGAGTA,"[[91362, ""A"", [""G""]]]",yes,no,A->G,1
chr14,34138172,34138661,TGACCACAGGGGCATGGGAAGGAGAGTGGTAAGGAGGAAGAACACAGAATTGTACACCTGAACACAGAGTCAGGAAGCACTTGTCATTGTGGCCACTTTAGCCACTCGCCCACATACATCACCGTAATAACCACTCAGTGGGCTTGGACAAAAGACAAACCCAAAAGTGGTGTGCAAAGGGTTTTGACCTTAAATACTTCACATACGAATTTACTTCCTCAAGAACTTTATCAGGCTGCTGCCATCTTCAAAGAACCTCAACATTATTGTCACAATCCTTAAATCAATTTGCAACAGGCACTTGAAGCTCTCTCAGAGACGAGAAGTGCATGGTTTGTTTGTCCTTCTCTATTGACCAAGTTTTGACTTTCTAAAATACTCTCCCTCCTTGAAAGTGGATTTCAAAAAGTGTTCCAGTTACAATTCTTTTAGACTCTGATCCTCTCCCAGATGTATAAACAAATATGTATATTAAACATCCTGTTCAAAC,"[[34138214, ""A"", [""C""]]]",yes,no,A->C,1
chr1,65508136,65508394,GGTTGTTTCTTTACTCTTTTGAGATTTTCCTTTATTGTGCAGAGTTTTTAGTTTGATGCAATCCCATCTGTCTATTTTTGCTTTTATTGCCTGTGGTTTTGGCATTATAGCCAAGAAATCATTCCCCAGACCAACGTCGTGAAACTTTTCCCTAGGTTTTCTTCTAGTAGTTTTATAGTTTCAGGTCCTATGTTTAAGTCTTTAATCCATTTTGAGTTGAATCTTCTATAAGGGATAAGGTAATGGTACATTTTGATTA,"[[65508192, ""C"", [""T""]], [65508270, ""T"", [""C""]]]",yes,yes,C->T,2
chr7,114765756,114766114,AGAATATTATTTTAAACATGTGTTTAAAAATGTGGTTAAAAATATGGTACTCATGTAATTTTCTCATAAATTGGAATTTGACAAAATGCAATCCCTAGTATAAAACTGTGTTAGTCTGTGCTGTCAGTTGGCTTAGTTTTTGCTGTTGTTGCTTTTCCAACTTGAAGAAAAGAGTCTCCTGCCATCTCTATTGAATCATGAAGTCTCCTGGGATTGCTAGGAAGGATATTAAAAATGATTCATAACCGTTTATCCATATTAATTTGGATTTTCTCAATACCAGACAACCACTACAAAATAATCAATTGGGTGTTGACAGTGATATAAGACTGCAGCAGCTCCAAGCAAATTTGAAATAA,"[[114765890, ""G"", [""A""]]]",yes,no,G->A,1
chr10,84283486,84283762,CTCCCTAACTCATTTTATGAGGCCAGCATCATTCTGATACCAAAGCCGAGCAGAGACACAACCAAAAAAGAGAATTTTAGATCAATATCCTTGATGAACATTGATGCAAATATCCTCAATAAAACACTGGCAAAATGAATCCATCAAAAAGCTTATCCACCATGATCAAGTGGGCTTCATCCCTGGGATGCAAGGCTGGTTCAACATATGCAAATCAATAAATGTAATCCAGCATATAAACAGAGCCAAAGACAAAAACCACATGATTATCTCAATA,"[[84283596, ""A"", [""T""]]]",yes,no,A->T,1
chr7,124600616,124600885,TAGTCTCATAAACACATGTTTTATAGTTTAGTACTCTGAAGCTAAGTAACATTATCCAAGATGAAACAGGAAAATAGTGGCAAAACAGGGTTTTTTTAGGGCAATGTATATGTGAATATATATGAGTGTGTGTGTATACATATATATGTACACATATATGTGTGTATATGTATATATGTACACATATATGTGTGTATACGTATATAGGTACACATATATGTGTATATACGTATATAGGTACACATATATGTGTATATACATATATGAATA,"[[124600669, ""G"", [""A""]]]",yes,no,G->A,1
chr18,61679886,61680197,GATGAGTGGCCAGCATTGCATCAAGGGTTCTCTCCCATCCTCCTTCTGTTGCTCGTACTTTCCATTGGCTGAACCCAACCAGGCTGAACCCAACAATGATGCAGACTCAAGAGCATCATTGCTCTTGAGTGATGCAGGTCCAAGAGCATCAGTGAGCTGTGGGACAACCTCAAGAGGCATAATATACGTATAATTGGAGTCTTTGAAGAAGGAGGTCTAAAAATTTTTGATGAAATAATGGCCAAAATTTTTCAAAATTTAATGAATACTATCAACCCAAAGATTTAAGATAGTCGACAAATCTCAAACAAA,"[[61680016, ""T"", [""G""]]]",yes,no,T->G,1
chr1,62452963,62453307,GTTCCTTATTCTCTCCCTTATGTTTATACCCACCACTTACCCCCAAAGAAGAAGGGAAAATGTCACTTTTTTTGGAGGGGAGGGATTTCCATTCTTGACTCCTTACCTTTCCTTATTGTTCATTTGGCTCCTCAAATAGAGTTTTGAGGTTATGCCCTTCTGACTCAGATTTGGTCTAACAATGTAGACTCATCTGAAAAATGTTTTTGTGATTCAGTCTTTGAATTGATATAGATAAGAGGAATTTGAGATGATACTGCCCATTAAAGTACATGGAGTGTGGGATATCAACCATCACTTAGGCTCTCAGAAGTAGATATTTTTTAGTATATTTTGAATATTTAC,"[[62453000, ""G"", [""T""]]]",yes,no,G->T,1
chr6,1066765,1067034,GAAATTGAAGAAAATACTCAATTCCAAGAGAGCCGTTCTTCAAATTTCATAGTCATAAACCAGGAGGAGCACGTGCATAAATCTGGTCTGATGTTCCACAGCCAGGCAGTGAGCTTGAAAAGAAACAGCCCTGAGCATGCCGTCAGCAACAGATGTTCTACAGCAATTCTGTGGTTGTTAAATAACAATTTACAATGACTTATCTAGTTTCATTGACATGACTGCCCTCCGAAATCCAATTGCACGCTAGCCCTGTTGTCTTAAAATGCA,"[[1066784, ""G"", [""A""]]]",yes,no,G->A,1
chr6,88135455,88135845,TCCTCTTAGCCCTTATCTGTTTGTTCCCTGAAGGATTTCTGTATCCCTTCAGGCAAACCAAGCAGTAGCAGCAGCAATAATCTTATTTACAAAGGGGGCAGGAGGGCAGAGGGCTGGAAATCCCAAGGGCTAGTGCTCAATATGGTCCCTGTCATCTTGAGATCAGAGGGTTTGCCCCAGCCCAGGTGAATAATGACCAAGAACACTTTGTGACTGATGACTCTGCTATGTATGGGGAGTTAATTGATGTCCCTCTGTTCCAAGTGAATAATCCACTTTCTAGCAATGATGGTAATGTCATCAAGTGGGAAAATACACAGCCAGCTAATGTAGAAACAAGATATAGAGTCCCCACCCCCACCCCGGACTCTCTTCTGGGCAAGCAGGAAGT,N,no,no,N,0
chr13,76860780,76861105,ATTCTGTCCTCCACCTACAAATTCTGGCAAGGATCACACTTAAAGAAGGAGAAAAGTTGGAAAAGGTCTTTCCCCATTCCGGCTTACCCTGTAATGGGCTTACTCACTCCTCTTTGTACAGGGAAATTCCTCCTGAGAAACATAAGCCTAAGGCATTTCTTAGCTCTTGGGAAATGGGTTTTTGGGATAACTTGGTCTGGTCAACTGCACAAACATCATGTTGTATTGCTTCTCTGGAGGCAAAAATGGAAAATGGTAGGAAGTAAGAATAGGTGCTTAAAAATGAAGAGTTACCAAAACAACCAAATTGTAGCAATGAAAACAAA,"[[76860786, ""G"", [""T""]], [76860870, ""A"", [""G""]]]",yes,yes,A->G,2
chr2,172277023,172277385,GACACACTACTGCCACCCTTTCTAGCAAATGGATTCTGCACAGTTGGCTTGCTCATGGGCTCAATTCCAAATGAAGCTGTTTGTTAGACTATCTGATTGGCAGAGCCTGGGTCACATGGTGAGGTCTAGCTGCAAGGGAATCAGGGAAAGTCAGTTTTCTGGTTTCAGCTGTGGGGAGGTAAGAACCTCTAGGGTGGGAAAGTCCCCAAATATGGGAATGATGTCAAGCATTTTGGGCTTAACTGCTTTCACATCATCACATGGTCTGCTGTGGTCAGGAAGGCTGGAGAGGGGCAGAGAGGGGCAATCATCTTTGTAGAAATAAAAAAGAATAAACAAGCCTCAAATAACCAAACCCCAAAC,"[[172277081, ""C"", [""G""]]]",yes,no,C->G,1
chr12,95736652,95737008,GGATTTCAAAGATCCATCAGTGTCTAGAAACTAGCAGGTATCTGTTGAATGAATGCTGCATTTTCTTCAACTCTGGGAGCCTGGATTAACTTCTACAAGTAATAGCACTGTTTCTATTTTGGTTACTTTCTGGCTACTGTCCTAGTCATTTTAGTTACCCTGATGCTGCCCCAGCGACTCAGCCCAGCCAGCACAAACTGTCCTGCTGGCTAACTGGATCATGGCTGCTGGTGGCCTATCGTATACTAGGGCTGAGAGAAAGAAGAAAGAATAGGGATGTCTACCCTTTAGGAAATGCAGTAGCATATTCTGCAGCCTTTTCCATTTTATTCATTTTGCTTTGGTTTGCTCAGAAGT,"[[95736935, ""T"", [""C""]]]",yes,no,T->C,1
chr5,137054921,137055121,CAGTATATAAGGTCCAAAATGTAATAGAATCACTTGTATTTTTAAATAGGTTTCCTTGTTTCAACCACATGAAATGAAACCTAGTTCTTCTGACCACAGAGACCACAATGGTAGTATGTCAAAATTATAGAAACGTACTCAGCAATAAAAATTATTGGAGTCCTGGACTTATAAACTCTGCTCTATAAAGACATGGAAAAC,"[[137054926, ""C"", [""T""]]]",yes,no,C->T,1
chr5,87027665,87027899,TCTCATTAGTTTCAAAGAACTTCTGGGTTTCAGCCTTAATTTCATTAATTTACCCAGGAGTCATTCAGAAGTAGGTTGTTCAGTTTCCATGTACTTTTGTGGTTTTTAGTCAGTTTCTTAATCTTCAGTTCTAATTTGATTGTGCTGTGATCTGAGAGACTGTTATGATTTCAGTTCTTTTGCATTTGCTGAGAAGTGTTTTACTTACAATTATATCATTTTAGAGTAAGTGTCA,"[[87027689, ""T"", [""G""]]]",yes,no,T->G,1
chr3,160355849,160356156,CCATATATCTGGAATTGATTGAACCAGCATATTAAGAAGACAAATCAGAAAGATTCAACCAGACGCATCCATTGAAAATGTTTTTTAAAGACTGAGAACCATGTGTGTTGTGCCTTACCACATTTATGACAGCACATCTGTGATTGCTCACCACTATAACTTACCCCAGTTTTATCACACAAGCGTAAAGTATGAAACGATCCAACAGCAAATAATTCTCCATCTGGAGCCCAGGCAACTGAAGTAATGGGATGCTCATGAGGTTGTGAATTGTACAGTGGGCGGCCGTAACTATCCCATACCTACAA,"[[160355912, ""T"", [""C""]], [160355962, ""A"", [""C""]]]",yes,yes,A->C,2
chr18,77495966,77496452,TAAACAGATGATAACTTGAATGTCCCCAAACTTATGAAAAGTGAGGCTGGGATCTGAAGCCCATTCAGTCTCACCCCAAAGCCCATTTGTCTTTCCCCACATGGTGCTGCCTTTTTAGGCTGCCTAGTTTTCTCTTTCTCATATTCTTGGTTAGTTCCATGCTGCCTTCTTCCTTGTCCCCTCTCAACCCAGGGCCAAGAGAAAGAGAAACAACAAGCATTGCAGAAACTGACTATTCACAGCCTGTCATAGTTCTGAATCAGCATTTCCTGCTCTCTCTGCTAAATTAACTAGCCGGAGAGTTGCCTGTTTTCAGCTCTTAGTTGCTTTTTGATCCATATTGGATGGTTACTAATAAAAGATCACCCTTTATGCAATAAATGTTAATTGGACACCTATTATATGAAATGCAGAAGACTAAATAGTATGGGAAAATTCCTGGTTTCTGGGTAAATTTTCTTAAAAGGATGTGATACTATGAAAATGT,"[[77495984, ""C"", [""A""]]]",yes,no,C->A,1
chr8,94064512,94064753,GCCCCCGCAGGGACTACAGCTCTCCCTTTCAACTTACTGTGGGAAATAAACTGCCCTTGTTGTTTTTTTATTATTTTTATTTTTTCAGTGCGGTGAACTAAAGTGCCCAGATCGTGGGGGTTTTATGATGTGTGTTGGGAATTATTAAGCAATAGATGCAAAATTTCCCCAAATCCAAAGTTTGGGCCTATCTCCAGAAGCAGAACTTTCCATAGCAAAACATCATCTGTTTTTAAATTACT,"[[94064567, ""T"", [""C""]]]",yes,no,T->C,1
chr5,53877188,53877648,CTTCAAACAGACATTACTGGAATCACCATCGTCACCATTTATTGAATGTTTCCTGTGTGCCAGACACCTTAAGAAGCACTTTATGTGCATGATTTTATTTAATCCTCATGATAAGCCTGTGAAGAAGGCATGTTATCTCCACTGTGGACGAGAGAACTGAAACACAAACATTTAAATGATTTGTCCAGTGTCACGTAACTAGCAAGGAGTCCAGCCAAACTCTAAGCCAATTCTGGGTGACTCCAAACACTGTGGGATTAGTCACCATGCTACAAACCTCCTTCTTGGAGTCAGGACACAAATTTTCAGTGGTGATTAACATGCCAGATGGACACATTTCTTTTTTTTCCCTCTTATTTTCTTTTTCTTGGTGTTATCTTTAACTAGCTATTCTGGTGAGTGTGCAGTGCCAGATCATGGTAGTTTTTATTTGCACCTCACTACTAATAAACTTACTGACC,"[[53877213, ""T"", [""C""]]]",yes,no,T->C,1
chr4,81714345,81714561,TCTACTATAATTCACAAAGAAACACAGCACAAGATTGGAATCCCATGAGTTCGAGGACATTCTCCACATTTTCCAGAAGGTATGCACAATTAGGCACATACCATTCAGAGGTTCCCAGGGGCCTCAAAGGATTACCGTGGCTCTTTATCCTCAGTTCTCTTGGGATGCACCGTCTTCAATTAACTTTTCAATCAAACTGAAATCATATTCTAACCTG,"[[81714420, ""C"", [""G""]], [81714445, ""T"", [""C""]]]",yes,yes,T->C,2
chr12,21330683,21331098,AGTGCTTGCATTAAGAGTAACTCAACATTTTTAATAAATCTTGTTCTAACCAGTTCTTTAGTGTTGCATGAGTGTACTTTTAATATCAAAGTTCAATTTTTAGAAAAACTATTATAATTTCCTTTAATTGTAGCCAACTGAATCACATAACATTTTAACAAATTCCTGTTTTACTAACCTTATTACAACTTACACAGACCATTTACAACATGCTTGGACTTTCTGGTTTGACATAAATATTTCTCTTTCTTGAACGAGTCATTTTATCTTAGGACAAAAATTCATCATGCAAGATTCTTTCTCATATAAAATTACTTTTCTTTTAAGCTTTCTTACCAAAAATACCTCTTTATAACTTTCTTTACATCTCTTATTTCCTGGTCCTTTTTACCTCATTTTATATATAATCCTTAAAT,"[[21330686, ""C"", [""G""]]]",yes,no,C->G,1
chr5,98201063,98201486,TAAGACATGCCAGGAGGGGCCTGACACCTGTGTAGGGGAGAGATTCTGAGTACTGTGGTAGTGACCAGGGTCAGGTGGCTCAGGTTAGAGATGCCAGGTGTACACGCCCCAGGCCAGTTTCACAGGCAGCCATTGTTTCCCCAAATCTAGACAAGACCAGAATGTCAGTGATGAACAACCTTGAGGGAGCTAGTTCTCACAGCGCTGTGTATCCAACTGTGTTGGAAATTACCCAGGGAAGCCTGTTTCAACAGGACTTCTAGCTGCAGTTGTAGGCCCAAAAGTTTCAAGGGAGTCTTTGAACTTGAGGATGCCTATCATTCCCGGTTTTGAAAGCTTCTAAGAACCGCTAGCTGCCAGTCACCAGGAAACAGAGAAAGGAAGTTAATAAGCTAACTCACTTTAGCCGTAATTTATTGCAGTT,"[[98201067, ""G"", [""A""]]]",yes,no,G->A,1
chr7,31595539,31595752,AGTTAAAATTACTAATTCAGATCACTTGAATAATAATGAAGACATTTTATGTAAAATTGGAGAGTTCTACCACAAGCAGTAATCTGAGGCAAATTCATAGCACTGATTGTTTTTATTATCAAAGCAGAAAAAATTAACATAAATTAGGTATTTGCCTAAAGAGGTCATCATTAATAAAATAAACATAATTAGAAGTTAGACATTAATAAAGATA,N,no,no,N,0
chr22,21904465,21904859,CAGCAGGTCCAGCTTCTCTCTGCTCCATGATGCCTGGCCCTCCACTGAAGTGACTTCAACTGCCAGAAGCGGCTCCCATGGCTGGTGGATGGGGCATCCATTTCCCTGATGGCTCCTGGGTGGGGTGGCGGAAGGAAAGGCTCAGCAGGGATTATTTGCTGGAGCCACCATCATGTGGCCTCTCCTTGAGGCTTGGGATTTGCACAGCATGGTGGCAGGGCTCTGAGAGGGAACCTGTCAAGAGAGAAGAGCTCCAAGAGACAAAGGCCAAAGCTGCAGGGTCTGCTGACCTGGCCTTGAAGTCACACAGTGTCACTCCTGCCATGCTGTATTGGTTATGGCCAAGTCCTTGCCGTCTGCTCAGATTCAAGGTGAGGGAAACTAGACTGTCCTCC,N,no,no,N,0
chr9,10068457,10068863,GGTCTGCTACACAGTCCATGCCCTTTCACACACAAACTACTTAATTTCATCTACGTAATATGGGAATATGTCAGAAATAACATAGACTTTGAAGATGCGAGGTATACAATAGTGGGGACTGTGTTTTCAACCACCAAACCATATTTGTCCCTCTTTTTTTTTTCAGCTTCTCTAAGTTAATACTTAGAAACTGGTGTAACCACAAGAGCTTTTGATGTACCTTTACTCTGTGCCTATTGCCTCTGCTAGGACTGAATCAGCATTTCTATTTCCAAGTTGGAGCAGGTGGAAGGCCACTAACAGTGAAAAAAGAGTGGAATGCCAAGAAGAATGAGCACAGAAATATACTCTCCCTTTTTTTCACTCTGTTTAGTACACATGTTGTCTTTGTATTTTTGGCCCTTTTA,"[[10068470, ""T"", [""G""]]]",yes,no,T->G,1
chr11,92681528,92681990,GGTGAATTTAGGAGAATGTATTTGAGGTGTAAAGACTTTGCTTTCAGAAGAAAGAGGTTAGCAAGTGGGAGAGCTGGAAAAGCCCATAACCTAAGAGCAGAAGCCCTCAGAAGGAAGTAGCAGAAATCTAAATGGTGAAGGTGCTGCAGAGCTCTTAAGAGAAGCATGGCATTTGAATCCCTTTAGGGTCTCCTTCAGCTAATGGGACACCACATGACATTTAATTGGATTGCTCCTATAAGAGCTCAACGGCTTAAGACAGAAAACACTGCCAGCACATCAAATTTGCACTTTTCTGAAGCAGTATCAGTGTGGGAGGGAGGAGGAGGGGGGCCCAAACTCACTGGACAATGCAAAGGAAGCTTAGCTTCTTATCTGAAGATGCCTTTCCAGTGAATGAAAGAATGAGACAGAATAGAAATAAAGTGTGAAAATGGGGAAACCATCCCTGTGCACTTTCACA,"[[92681539, ""T"", [""G""]], [92681886, ""C"", [""G""]]]",yes,yes,C->G,2
chr2,73195691,73195904,CACAGAAGTGAAGCAGCAGCCGTGTTTAGCAGTGCAGAGCAGGTGCTATGGCAGCTCACACGCATTATGGCAGATCTACTGGCTCGTTTTGCAGATGGAGGCCACAGCTGGGCGTGTAGGTCCTTCAGCTCCCACCAGACCCTCTTCTGTTTTCCCAGCTCCTGAGCCGAGTATGTGCTTAGTTTCAGAATGAAGGACACCAGACTTCCTTGCA,N,no,no,N,0
chr4,159302214,159302687,TCTCCATACAGTGAATTCTTAGTCAGGGAAGATGATGGATTCCGAAGAGAAGAGAGTTCTGTGAGACCTGAATAAATAAAATATAAAAATTCATTAGATAGTTTTATCTTCATTTGACACGTTAATTTTTTTAAAAAATCACACTATGTTGCATGTCAACCTGAGTCATGTCTGTAAAAGATAATCAATAGAAATCAGTTTATTGTTCTCTAATTACATGTATTGATTGATGCCTTTTAACATCTCTAAGCCATAGAGTAATGTTTCCCCAGTTGCCTTCTGCAGTGACTTAATTAAATGGAAGTGTAGCTAAGACGATGAAGGGTATCTATCCTGCCTATTATTTATTTTCATATCTGATCACCATTTAGCTATGTGTAAAATTATAGTCATTAATACATATCTGCAAACTTCTATCTTTGAATTGTTCCTGAAGAAGTCCTGCAAATATTTCACTATTCTACATTATGAATG,"[[159302256, ""T"", [""C""]]]",yes,no,T->C,1
chr1,12004430,12004686,TGCTAGGATCTCTCCTGGTGCTGCAGGAGTGAACTTTGGTCTTCCTTGATACTTAACAGTGTGCTTCCTTTTGCTGTAGGTGTCGACTGCAATGGCCGAGGAGATCAGGCGCCTCTCTGTACTGGTGGACGATTACCAGATGGACTTCCACCCTTCTCCAGTAGTCCTCAAGGTTTATAAGAATGTGAGTCATGGAGCAACAGGTCCTCTTGGCAGGAGGCCCCCAAAAGTGATTCAACCCCTGTTGGTCTGGGTCA,N,no,no,N,0
chr3,192022406,192022785,TAAGGTCACAATTATTGTTTAAAAAAAACCTCTTCTGGTTCAACTCAATTTAAATAACATCTGTATTCAACTCTAGAAATATAAGAAGGATGAAATCACTGAAGACTGACTGAACTGTACAGCTCCCTGGCAGACATAACAGATGTCTGTCACTGAACCTATTGCAATCTCTCTCATTTCTAGCCAAGAGAATTCTTGTCTGTTGATTCACAAACCATGAATCTGTCTGAAAATTAATGAATCAGCTTCTGGCAATAGAGCCTCCTCCTCCCTCTGCAGTTACCTTGACAAATCCTTCCATACAGATCCCCCAAACACAATTCTGCAAACTGAAGTGAGTTCCGTGGAGGTCAAACTAATTCATATCCAAAGAGTGTCAT,"[[192022602, ""C"", [""T""]]]",yes,no,C->T,1
chr5,160129944,160130211,TGCAGAAATGAACACTAATCCTTGGAACAACCCAGCAAGGAACCGACGCCTCAGAGAGGTCAAAGAAAACTTTGAAAGCTGGAGATGGAGATTAGGATGGGACTAGGCCTGTCAGTCTCCAAAGAATGTACTCTTGGCAACTTTGATCTTTTGGCTATTTTTTTGTTTCCTTAGTCATCCCCTGGGACAGGATCCTTGGGCAAATGGCTTATTGGTGTGCATTTTTTGATCAAACCTTCTAGTTCCAAGCCCACAAGTCAAATCTGAC,"[[160129968, ""C"", [""G""]]]",yes,no,C->G,1
chr2,135525848,135526139,CAAAAAAAAAAAAAAAAAAAGGAAATCCTATCATGCTCTGCACAGATGAACCTTGAAGACATTATAGAAAGTGAAATAAATTAGCCACAAAAAGTGAAATAGTGTACTACATGATTCCACTTACGTGAGGTATCTAAAGTATGTAGTCAAATTCAGAAACAGAAAGTGGAATGGTGGCTGTGGTGCAAAGGATACAGGGGAGTTGCAGTTGTTGTTTGATAAGTATAGAATTTCACATCTGCAAGATGAAAAAGTTCTAGATAGCTATTGCACAAGGTACATTTAATTGTAC,"[[135525972, ""A"", [""G""]]]",yes,no,A->G,1
chr8,79569034,79569351,TTAGAACTGTAAAAATAAGTAGCTTCCAAACAGTTTTGTTCAAGCTCTTCTATTATTCTAGTAATCCACATGCCAAACCCCATTTTCTAATTTAGTAACAGTGGAATGCTGGGAAGAAGCCCCAGTGTTGGACAGGCATTTTGGTGCATGCCTGAGTTGATCACAGCAAGGCAGTTGTCCCATGTCATTCATGTTACATCACGCATGGGAAAGGTTGCTGGGGGAGATGGCTCAAGCTTGAGTTAGACTGAGTTTAAGACAAGATTGTCACTTAATCCTAAGCCACAAGACAAGACAAAAAGTAAGTGCTATTCAGGC,"[[79569127, ""G"", [""A""]]]",yes,no,G->A,1
chr10,97875328,97875793,GGCACTGCATAAATGTTAGCTGCTTTCCTGGAGGATGTTTTTCTTCTCTCTTGCGTCTCATTTTCCCTCTGGTGGCCTATTTTTTGACCACTTCACTGTCAACAGTAGTTCCTTAGAGGACAAGCCACCGTGGGAGAGGCTGGCGTCATCTGTGGTGTTAACCAGCCCATGTTCTCTTGCCTTCCTTCCAGGATATGCCTGTTGCTACAGACACAACAGCAACTTCTGGCATGTTCCTGACCCCTGTGGCTGGGGTTCTGGCCTCAGAGAAGACTGGCCCTGGGCACAGGGAGGCAGGGAGGGGCTCGGTTTGCCTTCTGGGCTGGAAGTCTGGGTGGAGGTTCAGCCTGGAATCTGTTGGAAGAACTTGGCTGGCTCCCTGCAAAAATGAAGTGCTCATCTTCCTGTCTACACGGGGCTCTTGGAGTCTGGAGCGGAGTTCCTGCTTCGGCCGAGGTCCAGTGGC,"[[97875332, ""T"", [""C""]], [97875567, ""G"", [""A""]]]",yes,yes,T->C,2
chr8,58641385,58641585,CTCTATTGTTCTTCTGATCCTTCCCCTCTTCTGTGTAGATAACTGTCTCCACTAGCTTTTAGTTTATGCCTCCGATTTTTAAAAACATAGTGATAAATCTGCCCCCTTCTGACAAAAGTAGCTTATGACACACAGTATCCTGTCCCTTGCTTTTTACACTTAATACATGTAGAGATCACTTCATAGCATTACAAAGAACTT,"[[58641387, ""A"", [""C""]]]",yes,no,A->C,1
chr12,60842232,60842499,ATTTCCATTCAAAGCGATACTAGAAATTATTAGAATAAGAGTAACTTTATGTAAGCAGAAAGCACTAGTCATTTGTAGAAACACTTGCATTACAAAGTTTCCACATGCAAACGCCTGATGGAGTCAGTGTTTCTCAAAATACTGAGGTTTATACTTAGAGCAGATGAAACTCATGTGTTTAAAAAATAATATGTTCCATATGTTTCTGATTGCATTTTAAAAGTCACTGCCTTAAAAACTATAATCCAAAACAAATTGAATTTCTAGC,N,no,no,N,0
chr1,96987238,96987454,CTTGCTCCGCAGCTTGCAGATGGCTTATTGTGGTACTTTACCTTGTGATAGTGTGAGTCAATTCTCCATAATAAACTCCTTTTCATATATACATCTAACCTACTAGTTGTGTCCCTCTAGAGAACCCTGACTAATACAGGCCCAGAATTGCATAACATCATCTATGAATAAAGCTCTTTTTGTCCTAAAGTCTCCCTCTCTTTGTATTTCAGACTGA,N,no,no,N,0
chr15,20253192,20253653,CACTCTGTTGCCCAGACTGGAGTGCAGTGGCACGATCATGACTCACTGCAGCCTCAAACTCCTGGGCTCAAGAGGTCCTCCCACCTCAGTCTCCTGAAGAGCTGGGACTACAGCCATGCACCACCCCACACCCAGCTAATTTTAAAATTTTTTGTACAGATGGGGTGTGCCTATGTTGCCCAGACTGGTCTCCAACTCTTGGATTCAAGTGATCCTCCTGACTCAGCATCCTAAAGTACTGAGATTACAGGTGTGAGCCACCTTGCCTAACCAACAAAAAAAATTTTTAACTTCCGGAGATGTTTAGTGGTAATGGCTGCACAACACTATGAATGTACAAATGCACTTAATGCCATTGAACTGCACACTTCAAAATGGTTAAAATGTGCTTCTGGTTGGCAGATAATTTTAAAATTTTAAAAATTTAAGATAATCATTAAAATGGTAATTTTATGTTCTGTG,N,no,no,N,0
chr2,234747043,234747391,ATTCACCTGATCTCTCACCAACCAACTACTACTTCTTCAAGCATCTCAACAGCAGGTCTCATCTTTTAAGAGGAATCTTAAATGTTTTAAGTTTAAAAAAATAACATAAATGACTCATTCCTATGAAACAGGATGACACCATTTGTTTTTTGGCTCCAGGATTTCCAGAGACTACATCAGCCCCCTTCCAACAAATTTCTGTTTGTTGGAATCTAGTTAAAGGCAAGCCTGTTATTGTGCAAAGTTCTCAGCAGAGACAGATCTAGGCCAAAGAGAAACTATTTCTCCATGTTTTGTTTTGTTTTCTTCAGGAAGGTGACATCTGCTTCTGCAGGAATAGCATCTTATC,"[[234747094, ""A"", [""G""]]]",yes,no,A->G,1
chr11,3504651,3504864,GGATGAAATGCAGGGGAGAGAGGAAGCCTCCTCCTGCCACTGTGTTTTCAAGTTGTCCTAATACTCCACCATGACACGCAGGCTTGTGGGTCCCAGAGCTCCAGAAGCATCTCCTGACCACAAAAACCTGACCCAGATTCTACTGAAAAATACGTGAGTCTAGCAGAGCCATCTCTGACACTTCCCTTCTTTTGAACGGCTGATCTGTCAGCCA,"[[3504658, ""C"", [""A""]], [3504774, ""C"", [""A""]]]",yes,yes,C->A,2
chr10,64007171,64007485,AATGAGGCTCCATGTCCTACTGTGCACACATTGTCATTGATAAACATCTTAACAGGAAACAGGGTTCGAGAGCAGACAACCAGTCTAACTAGAATTCACCAGGCTGGAATGTCCTAATCCTAGAAAGCCTGAGGGTGCTGCAGGAGACCAGGGTGTATTTCATCCCTTATGTTCAACTGCATAAGACAGACACTCCTAGAGCGGCCATTTAGAGTTCTCCCCCTGGGAATGCATTCTTTTCCCAGGGCTGTTCCTTGGTGAGAAAAAGAATTCAGCGATATTTCTCCTATTCGCTTTTGCAAGAAAAGAAATATG,"[[64007324, ""C"", [""T""]]]",yes,no,C->T,1
chr18,42028337,42028698,TAATGTATTTTTGCCTTTTCAACAGCTTTTAAAAGAGATTTATTTTTCCTGTGTTGGATTCTTAAAGCAGTGTCACAGTTTAGCCAGCAGAGGGTGCAAGGGCAGCGAAAAGAAAGCTACCACACATTAATCTGTGGCTTGCCGCAGAAATAGTCTATTTCATGGCATCTTTCATCTGTTTGATGTTTCATGCTTTTAAAAATTTAAATCACATCTTATTAAACACTTTGAGACTAAGCTTTTGTATTCGTTCCCAAAGCTTCTCAACATCAAACTGATTGGCAAATAAGCCTTTGGTCCTCTCCTCTAATCTCGTTTCTGTTACAGCCTTTGTCACCCTTGAAGACATTTCAGTTTCTTTA,"[[42028392, ""C"", [""G""]]]",yes,no,C->G,1
chr20,58545898,58546189,AAAGGATCATGCCCAAGGCCGCCCAGCTTGCAAGTGTCCGGGCCTTTTAGATGCTAACAACATGACCCCAGAATGGGCACTTGTGCATGAGTCAGTTTCTCAGTCAGCTTTTTGTCGTCAGCCCCACATCCTGCAGACCTTGGCTGAATTTGTAGCCCCTCCGGTCTCAGTTTTCCCAGCTCGGTCATCAGAGGCTGGAGTTGAATGATCTTTGTGGCTTTTTTGCGGACAATGGCGTTCTCAATTTTGTACTCTTTGGCACAGAGTGGTGTAATGTGGAGAGGGGAGCATC,"[[58545925, ""A"", [""T""]]]",yes,no,A->T,1
chr2,11889469,11889864,CAAAATCCCTGGAATCCAGATTTTTAAAATTCTAATTTCTCCACTGTTGCCTTTTCCTTGCAGCTGCCTACAGTGAGGTTTAGGGATTTTATGTTCACTCTGCTCCTGCAACCTCAAAACAATTACTATAATCTGGCTCTGTGTTCATTCTACCCACCAGGAAGAAAAATTTGATTTTGGTTTTGGTTAAAGAGGAATTGAGAAACAAGTTAGGAATGAACACATAGCATGAAAATGAATAGAATTATGAGCCTGCAGATGTGAGATTCAAGTTCATCCCTAAGCTTCAAATAAAAAACAGGCAAAGCTAAATGTTTTACAAATGAAACAAATCCTTAGTCGTTTATATTCTAGTAAGTCACAATTGTCAAGGGCTTCATTTGAATTAAGAGTCAT,N,no,no,N,0
chr2,188928693,188929070,GGAACTCCTGCTATGTGAATATCACTTCACTTTACGATGTCCCGTAATTCCTATGGTTCTTTATTCTTTTTCATTTTTTCTCAAAAAGAGATTGAATAATTTCAAATGTCCTATCTTTGAGCTTGATGATTCTTTCTTCTGCTTAATCAAGTCTGCTGTTGAAGCTTTCTATTGAATTTTTCAGTTTAGTTATTGTATTCTTTACCTCTAGGATTTCTATTTTTAATTGTTACTATGTCTTTTTCAAAAAATTCTCATTTTGTTCACACATTGTATTTCAAATTGTATTTACATTTCTATATTTTTTTTATTTCCCTGAGCTGCTTTGTAAGGATTATTTAAAATTCTTTGTCAGTCATTTCATAGATCTTCATTTCT,"[[188928729, ""G"", [""A""]]]",yes,no,G->A,1
chr1,18703348,18703751,ATCTGCAGACAGCACGTGGGTGGAAGCCTTGAGCTCTTTCCTGTAGCAGGCTGACTGCGGTTGGGGTTTTTGTTCTAGAATCAGGAATCCTCCCTGGACTCTGTCCTGTGCTCTTGGCTTTTCACCAGGAGTGACCAATTCCTGAAAGGCAGGACCATGTCCTATTGGTGGAGAGAATTGTGGATGGGGTTCTGAGCCGGTAACTCTACCCTGATTGGTCAATGGAATTCTGTTTGCTCCTGTGTGATTGGTTAAGTCATTCATTGCCTCGGGGTGCTGTTAGAAGTCACAGGACCTGCTTTGGATGAAGTCAGAGAGATAATGTGGGCGCTGATGGTGGTTATTGGTGAGTTTGGGGAACAGGACTTGATAATGCCGGAAGTCCCAATGAACTTGAGGAACTG,"[[18703379, ""C"", [""A""]], [18703542, ""G"", [""A""]]]",yes,yes,C->A,2
chr4,124173941,124174326,TCCTAAAGAGAAGGCCCTAGGGTGTGTGTGTGTTTCATGATATAAGAAAGTGAAGTAATATAATGTAGTGGTTGCTGTAAGAGGTTGGTTTTATGTTTCCGTGAAAGTAAACTGAAGGAAATTATAAAATTCCTTTCCCAGGAGATCTTTAATAGTGTCATGGGTTGCATCTGCTGCAATCTTTATGACAAATTCTTCCTGCAGGCAGAGTAATGGATTTTGAAGACCTTTCATGGAATTTTATATCCCCAAGGGTATATGTAATTGAGTCCAGAAATTAAAAGGCACAAGGACTTGAAAGTCTATTCTCCTCAAACAAGTTAGTTTTCTGACCTTGGATTTCAGTTTCTTCATCTGTGAAGTTATTCTTGTTCAAATAGAACAGT,"[[124173978, ""C"", [""T""]]]",yes,no,C->T,1
chr4,111507817,111508089,CACAATTACCTGAATCCTTGTAATATTCGTCTAATCTTGGGGTCACTCTTTCCCAATAAACACTCCCAAATTTACAAGAATCTTGGAGAGGTTCAGAGCATAACCTATGTTGTAATTCAGCACTCAGAGTCAGACTTGGTCATCATCTATTTAGGCAATTTCAGTTAGAGTTGATAAAGTGATGATTGTTTTAGGAAGTCCATGGATGATCCTGGTCATCTGAGGTCATTTTGATGTGATAATTTATAACTCTAAATATTCATTTCTTTTAAA,"[[111507845, ""T"", [""G""]]]",yes,no,T->G,1
chr9,131874417,131874642,CCTCCGAGAGGACTGTGGCTCAGCACTGGGTATGGCTCACCTTGCAGGAGCCTGAGTGAATGGGAGAGAAAGTGGACAGGAGTGTATGTATTGATTTTCAGCCACTGGGGAAAGGGGAGCGGAGTGAGAGGGAAGGTATGGGGTGGAGAAGCAGAGGTGGACACTGCCTGGAAGGTGGGGCCTGGGCAAACAGGGAAACCCCAGGATAGACACGAGGGAACTTTCC,"[[131874449, ""C"", [""T""]], [131874553, ""G"", [""T""]]]",yes,yes,C->T,2
chr12,76921934,76922222,TGAATATAACATGAGATTTTATATGGAGTCAATTATTCTTTGCCATAATTAAGTCAGGATGGCATAAAATTAGTTTTCTGGGTCTTTAGTCAATAGTGTTTTTGTTCAAAGGTTTTGAAGATCATTTGAAATACTCACTGACTCATTCAAAGGAGGCATCTTTCCCAAGACTCATTTAGAGTCTTGGGAAAGATGCTGACAACAAGCAAAAGACAAATATTTATTCGTGTCCCAGGAGGCACAATTTAACCTGTATCACCCACTCTTTTTTTCATTTATTCCTCCACCC,"[[76922044, ""A"", [""G""]], [76922143, ""C"", [""A""]]]",yes,yes,C->A,2
chr9,60758328,60758735,AGTAGGTCACTAGGAATAACGGTGAGTGAGACCACTCCCACTTTCTTCCCTTGATTCCTGGACCTGTGAATTCTGCCTTTTGGAGAAACAGCATCATATTTTCGATGCTGATTTAAAGCATGCAGACTCCTGAGGAATCTTTCCCCAGCTCAGTACTGCCACCTGGCTGACACTGTAACTGAGTCTGCAAAAGGCCATTCCATCATTCTACCAAACCAGCTACTTCAGGATGGTAGGAAACATAGTAAAGTCGATGAATTCCATGAACATGGACCCATTGCTGCACTTCTTTTGCTGTTAACTGAATTCCCTGATCAGAAGCACTGCTGTATGGAAAATAATGACTGTGGTTAAAGCATTCTGTAAGCCCATGGATGGTAGCTTGGGTAGAAACATTGCATGTAGGGA,N,no,no,N,0
chr21,27984933,27985304,CCCAGTTGCTTTTGTAAGGGATTTTAAATTAAAGCAGCAAACCTTTTAAAGCATCATACAGTGGGCAAAATGAAAATGAAAGCTAATTAACCTGAATTATTTTTCAGTTGTACAATTTTGCAATAATCTTCCATGGAGTTCATGACCAGAGGATGACTAGACCTTGAGAAGTATTTGAAGAAGGGGTCAAGGTGGGAGCCAAGGCAACCATCTGAAACAGCTGGCCTGCCTGGGCATGTCTGAGCCAGATGTCTACTTCTGGTCCAGAGTTAGAATTATGTATAAAATCAGGTACTGGGAACAATTTATCTATGTTAAAAAGATGTGTGTGTGTGAATGGATGTATATACGTGTGCTATAAGAACAGAAAAT,"[[27984989, ""C"", [""T""]]]",yes,no,C->T,1
chr19,11464193,11464526,TGCTCTGTTGCCGAGGCTGGAGTGCAGTGGTGAAACATGACTCACTGTAGCCTCGCCGCCTCAGCTTAAGTGATCCTCCCCACTCAGCCTCCCAAGTAGTTGGGACTACAGGTGCAAGATGCCACACCCAGCTAATTTAAATTTTTTTTTTTTAGGAACAGGGTTTTGTCACGTTGCCCAGGTTGGTCTCAAACTCTCGGGCTCAAGTGATCCTCCTGCCTCGGCCTCCCAAAGTGCTGGGATTATAGGCGTGGGCCACTGTGCCTGGCCACAGCCACTCGCACACTGTGTCCCACAACCATTGTGTCACAGCCAGAGCCACAGTGAGTCACGG,"[[11464318, ""G"", [""A""]]]",yes,no,G->A,1
chr10,23190921,23191228,TAAATCACTAATCTGAAGAGGCATGACTTGGAATTTGAGAGGCATCTGAATACCCAACAGAAGCCTCTAGTGAGACAAGTGCCTGAAAAAGGAAGCGGCCCAGGAGGACGACTCCTTTCAGTCCTCTGTAGAGAGAATACGCACGATGGCTGCGCTTCTGAACTCTCCCGGGGTGGAAGCTGCAGCCTGGCTTTTAACCGGAATTGCCCAGACCTTGAAAGTGTTTCTTTGTTGCTCTTAAAAAGAGGAATTCACGTTGCATCGCAGTCTGTGATAAAGTCTGTCTTGGGGCAGAGCTGCATACGTTT,"[[23190964, ""G"", [""A""]]]",yes,no,G->A,1
chr9,26125753,26125982,TGATCCAAATATTAGCTAGTATTCCTCTTATTGCCTATTTTTAACTGACCCAAATGTTTCTAAAACTTTACAAATAAGAAACCGAAACTGCATAAGAAAAATGAAAAACCACAGCTATTGCTTGTAGAGCTCATAATATGATGCCATATTCATTTTAAGCCAAGCAAAGCCAGTTGTTATGGGTAAGTGGGGAGTGTGTTAATGCTGTTGCTTTTCGTATTTTTCTTTTC,"[[26125763, ""G"", [""A""]]]",yes,no,G->A,1
chr10,127102180,127102586,GTTTTGCAAAATTAGCTTTGGGGCTGCACAGACCAACCCCAAATCCCAGCAGTGCTGACCTGGGCCAAAGACTTCACTTTCACATGTCTCCACTGTCTCCTCCGTGAAAGGGGATAGTAATAGGCCTCCTTCATCAGGTTGCCATGGGGATGTAATGTGTCCATAGAGCCCAGCACCTAGAAACTTGTCTGACAGGTGCAGAATACTTACGTCATAGATGAGGCAACATGAACTCACTTGAAATGACTTGACCTGTGCACCAGAGTTGAGACACCAGCCTGCCATTCTTTCAGTCATTTCCCATCCCAGATAGCTATGGAAATATTCCCAGGTAATATATTCTTAGTCACTTAAAAAATTAAGGTATAGGCTGGACACAGTGGCTCACACCTGTAATCCCAGCACTT,N,no,no,N,0
chr4,53250345,53250610,AATAATGGGAGACTTTAACACCCCACTGTCAACATTAGACAGATCAACAAGACAGAAAGTTAACAAGGATACCCAGGAATTGAACTCAGCTCTGCACCAAGCAAACCTAATAGACATCTACAGAACTCTCCACCCCAAATCAACAGAATATAAAGCTCTCCTCAGCAAATGTAAAAGAACAGAAATTATAACAAACTGTCTCTCAGACCACAGTGAAATCAAACTAGAACTCAGGATTAAGAAACTCACTCAAAACTGCTCAACTA,"[[53250448, ""C"", [""A""]]]",yes,no,C->A,1
chr7,128810470,128810885,AGGGGTAAAGATAAGGCAAAAGCCCTGCCTTTCACCAGCTGTGACCACTCACAGGCTCCATTAAGAGGTGGCTTTTAGATACGGCCTGAGGACCTCACCTAGATGCCATTATCCTTTATCACACTGATATTCACAGTGCCCAGTTGAAGCACTATGAGCACTCAGGGCAGAGCTGGGATGACCAGAAGTCTGTCATCAGATCATTCGACTCATTCCCAGTAAGATGTATAATATCAGTTTGGTGTTTGTTTGGATTCCTTTGGACTGACTCTAAATGTCATCTTTTTCTTGAGTGGAAAAGTACACTTCTCAGTTATCAAAATCTATCACCTTTGGTGTTCTCTATGAGGCAAATTTGGGGTCTTTCATTTCCAAGAGAAGAATTCCTAGCATATGGGGTTCTTAGTACTGACCAC,"[[128810478, ""G"", [""A""]], [128810831, ""C"", [""T""]]]",yes,yes,C->T,2
chr3,165753589,165753889,ATCCTCACTTTCTATCAGTTTTTTTCAATCACAAAGAACAAATTATATATTAATTTTGCTGTCCTTCTTATCTAATGGAATTTCCCTTCCAATTCACTTTATGTGAGTCATCTGACATGTGGCAAGTACCAGTCTCACAGATGGATCAGTAGTGGCAATCAAACAATTGCTGAGTTTTGCAACACAGGTGCTTGGATTGGCTTTGCTTGCCTGCCAGCAATATACAGATTTTTGGCAGACTCCTATAGTTGTAAAAAGAATCAGAGGGAGAGCACATACTCATTTAGTTGGCACTCATCCT,N,no,no,N,0
chr18,70072823,70073029,TATTACTGCTCTTGTTGAGACAAAGGTACACGCTATCTCCACCTTGGAAAGGAAAGCATGACATCTAGTGGAACTCGGGTAATTATCTTACTTTTCCATACAAAGGTCCAATGTAGCACTAAACACAAATACTTCTCTTGAATCTAGGGAAAAAAAGACTTAAAACTGTAGCAAAAAGTATCAGTCTTTTGAGAAACTAGGAGATAG,"[[70072854, ""A"", [""G""]]]",yes,no,A->G,1
chr9,62865408,62865792,CAGGCAAAGAAAGCCCCAAAGGGAAGGTGTCTCTTCCGGCGGTGCCTGCCCCACCTCCAAGCCTGGCACCTTTCAAAATTTATCTTAGGACATTTCCGACAGGTGTTGCTCTTCTTCAGCTTTGTCCTGGCATAATTTTGTCTCCCAGGAGGCTTCATTTTCTTCCTTCATTGATCCTACATGTGCTGTAGCTAACAGGAATTCCTCAGAGCTCGTAGCCTTTGGATAGCGTGGTTTCACGGTTGTCAACACTGATATGTTTATCTATACTTTGAGCTTCGTGTAGTTTTCATTAGGATTTTGTGAAATGCACAGGATGATGTAGGCTAGAATGATAGGTTCAATTAGCTATGTTCCTTGATGATTTCACAGTAAGTTATATTTA,N,no,no,N,0
chr3,53067605,53067817,TATTATGCATTCATGATTGGTGTAGTGTACCGAATGTAAGTTACTCCTCAGTAAGAGAATAAGCCTCCAGGGTATGCTCGATAGGAGGAGTCTCTTGGGAGGGAGCAGCTGCAAGGAGGAGCAGGCCGTGGCCCTGGGCCTGCATATTAGTGCTTCCTTTTTTCAACTCACCCTGCAGGCCCCTGGCTGAGAATTGAGCCTCCTGGTCAGTGA,"[[53067624, ""C"", [""G""]], [53067731, ""A"", [""C""]]]",yes,yes,A->C,2
chr12,79086889,79087246,TATAAAATGCCTTTTTTCTACTTCAAATTAATCTTATGTTCTTTCCAATCACCACTGTAATACTCTTTTGACTTTATATTCTGACAAGCTTGAAATAGCCTGATAGGATTGAACTAAAGTATAAAAAACCAGAGTTACAACAGTCAGAAACAAATGAAAAACTGAAACCGAGTCTGCAGCGTTACCTTCACAGCTGTGTTAGTACACAATTCGGGCCTTTTCTAGCTTTATGATTCTAAAATATGTCTTTGTTTTGAATTAAGTTGCTGGCATTATGTTTGCAGAGCAGTTAATCCATCTCCAAAATTTGTAATAGTCATGGTTATTCTGTGACTTTCATTGCAAATGGAACTTCAGT,"[[79086943, ""T"", [""C""]]]",yes,no,T->C,1
chr10,1212008,1212470,GGCATGGTGCCTCACGTGAGGTCATTTCCACGGCCACGTGTGTCCTCCTGCTGCTTCACAGACGGTGACTTCCACCTCCATGTCCTCAGACTCCACTCTCCACAGAGCCCTGACTGTCATTAACTCCCTGACTTAGAATATTTCATCCGTATTTGTGTATGAAGGGTCCTTTATGTTGAATGTTATTTAAGCCCTAGGTTTAATTTTTGTTTTTGTGCAGGATAGAAAACAGATGAACACATACGTTATCAGATGGTCTCTCTGTACAAATAATGCACGGCCCAGATGCTTATGGTCTGGAATCATTAGCATAACATATGCTGCTGCTCAGAAACGGCAAGTGCGGCGCAATTCTGAAACAGCTCCTGCCTTAGCAGGTACATCCTGGTCTATGCTCAGGTCTGATTTTGGCAGATACACAAGTACCTTCTTGCCAAAGGCTGTGTCCCCATGTCACTGCTTG,"[[1212059, ""C"", [""T""]]]",yes,no,C->T,1
chr10,30479584,30479861,CGAGAGGGAGGAAACTTAGCATTCCTTGGAGACCTAAAGAAATGCGATGAGCTTAAGAATTTTCAAGAGCTTATCAATCAGTCAGCTCTTGTTCATCCCCGAGTGGATGTGTGGTGGTATTGTGGTGGGCCTTTACTGGGCACTCTGCCAAATAACTAGAGTGACACTTGTGCTTTAGTCCATTTGGCTATCCCTTTCACCCTGGCATTTCATCAACCAGAGGGAGAAAAAAATAAGACACCGTAAAGCGAGAGAAGCCCCTTATGGGTCTTTCAACT,"[[30479619, ""G"", [""A""]]]",yes,no,G->A,1
chr6,137777732,137777960,TGTGTGAACTCTAGCATCTCTGCTGCAATTGTTTCTTTGTGTGCAGCACAGCTATGATTAACCTTATTGCCTGGCTACCTCCTGGAATATTATGAAAGTCAGTGATGTGATATTAGCAAAAGACATCCAACTCTTAGTCTTCAGCTTCAAAGAAAAGCCTGAGCCATCAGTGACAAGAAACAGATGGTCTTACTGAAGGGCAGAGAAGGAGGCTGCAAAATCTGTGGTG,"[[137777735, ""A"", [""G""]]]",yes,no,A->G,1
chr14,87000167,87000525,GGCTGAGAAGTTGATGATCTTGGCACCGGCATTTGGTTTGGTGTGGGCCTTCTTACTGTGCATGTTCTCACATGACAGAAGGCAGAAGCGTGAGCTAAGCTAATGCTGTGTGAGGCCTCTTTTAAAAGAGCCTTAATCCCATTAACTAGGGAGCAGCTGTCATGCCCTAATCAACTGTTAAAGGCCCCATCTTTTAATAGTGTCATACTGGCAACACCTGAAATTTGGAAGGAATCCATTCAAACCACATCAATCTGCTATAGTGCACATTGAACCCCAGAGGATACTTAACTGTCTATACCAAACAAAAGGTGGAAGGGTTGTCTGTTTCACCCCTGGACCCTGTCTGTGCTCAGGTA,"[[87000181, ""C"", [""T""]]]",yes,no,C->T,1
chr10,111333421,111333713,TAATGCTATTGAACATCTACTAGACTACAGTATAATACAAATGTTACTTTTATATCCACTGGAGAACCAAAAAACTTGTGTGATTTGCTTTATTGCAATCTTCACTTTATTGCAGTGGTCTGGAACAGAACTCACAATATCATCGAGGTATGCCTGTATCTACTCAGACTCCCTTGCAGCTAGAGATTGCCATGTGACACGGATCTGACCAATGAGACATAAGCTGAAATATGCTAAAGATTTCTGATTAAGTTTTGCCTCTCCTAATGTAGATGCCACCTATTCTTTCTTTA,"[[111333437, ""T"", [""C""]]]",yes,no,T->C,1
chr1,71261663,71261996,TGTATGTGGAAATGTAGTCTACAAAATGTAAAATGTGGATTTATCCTGATCAGCAGTGAGCAAAGCTAAATACCAGAGGTTCTATTACTATAGAAAAAGAGAGTGAATATTGGAGAGCAGCAACCTATATTGATTTTAAGGACCAACCTGAAGTCTAAGAATATTCCCCAAGGAAATGGCACATTTTCCCACAGTTCTATGAGTTTAGCTCTGGTTCAGGGCATTTAACAAATTTTAGAAAAGCAGAACTCAGGGATTATAGACAAGACTGCAGATTAGTTCATTATTTCAACTGAGATTTTTTTACCTCACCCTTTCTGTCATGCCCTGAGGT,"[[71261670, ""A"", [""G""]]]",yes,no,A->G,1
chr1,59831419,59831851,ATCTTTGGGAATGGTTCAGTTTATAGTTCCCTGGATTGTTATTTCTTTGGAAAGAACATTCAGTTTCACCCATCCACATGCAAACTGGTATTTAGCCAAAGAGTCAAAGGAACCATTTTACACAAATCTCCAGAGCTTGCTCATTCCATAGCTCCCATCTTTTCATCGTCTGCCTTGCAAATTCAAACTGCCCAGGCCTTCCTGAACTTCTAATGTCTTATCTCTTCAATCGGTGAGAACATCAGGCTTGGTGTTTGGTTTCCACCTCCCTATGCTGTAGTCTGAAAATTGCCTCAAGACAGAAAGCTTGTACTAGTGTAGGGCCCATTTTCTGTTTGTTTTCATTCTTTCAGAAAGCAGAGTTCTGTACTACTTACTTGTCTAAAGCTTGCAAACAATTGTTTAATGTATTTTGTCTTATTTTCTAGTTATT,N,no,no,N,0
chr5,15495083,15495431,GTGTTTCACGGGACAGTTTATTTTGTCTACAGTATCCCCAAGGAAGCTTGTGGTTAATGATGTGCTCCTGCAGGCGCCTGGCAGCCAAGGGGACCAGAAGAACAGAAGAGGCGCCCTGATTGGCTCCTGGGATTACAGCTTTATTAATGCGCTCTGACAGCCTGTCTGTCACTAGCGCCAAGCGGAGAACATTAACTTGAACCTGACAGCTCCACCCCCCAGAGAAAATGAGGGCCTAATGTGTTATAAATCAAGCTGGCTTTTGAAATCAATATTCCTAAAAAAATACTACTGGAAGAAAACACATTCCTATTACTCAGAGTGTTGACATATTTATTAAAGTAGCATA,"[[15495096, ""G"", [""C""]]]",yes,no,G->C,1
chr4,83906666,83906941,TGTTGGTTTGTTGATTTCTAGTAAGACAATTATTTTGAGATTGCCTTCTTTTCTGGAATTTTCTTTGACAGAGTTGGCCAAGAAGAAGAAGAAAAAGTACTGATAAATATTCCTCATCACTAAAGACTGCTGGGAAAGCAGCCAAACTGGTGAGGAAATAGGGAGATCGGCGTCTTTTTTAACTGGGGGGAAGAATCCTAAGTCCAACTTGGTAATGCCTTTCTCCATCGCCATCTTTTGGAGATTTATGACAATATATTGTTTTAAACCCTGTAA,"[[83906715, ""C"", [""T""]], [83906718, ""T"", [""C""]], [83906831, ""C"", [""A""]], [83906836, ""T"", [""C""]]]",yes,yes,C->A,4
chr2,110910347,110910794,AAACTGCAATTAGTTTATCTCTTCTACTGATGGACATTTGAATTGTTTCCAGGCTGTAGTTACTATGAAAAAGGCAAAGTGAATATTCTTGTACAAGTGTTTCATTTTTCGTAGAATAAATACCTAGAGAGGACTTGCTGGATAATTAGGTAAATGTATTTTTAACTTTATAAGAAATTGCCAGTTTTTCAAAGAAGTGGTACTGTTTTACAGGCCCTCAAGCAACATGTGAGAGTTTCAGTTGTTCTTCATCCTGACCAACATTTGTTTCAGTTCTTTCTTAATCATATTCACACTAGTAGGCATGAAATGTTGTCACATTGCTGTTTAAATTTACACTTATCTGGTGGCTGTCGACATTGAGTACTTTTTCATGTGCACATTGGCCATTGTATATCTTCTCTGTGAAAGATCTATTTAAATCTCTTGCATATTTTTCTAAATTGAC,"[[110910457, ""T"", [""G""]]]",yes,no,T->G,1
chr12,50720149,50720475,CGAACTCCTGACCTCAGGATCCACCTGCCTTGGCCTCCCAAAGTGCTAGGATTATAGGCTTGAGGCACTGTGCCCGGCCTATATATTGTATTTTAAAGTTATGCATTCTGTGGGAGTCAGCTGAATTTTTGTGTTGATGTCTGAGTCACAGGCTCAAAGTCTGTGACCATGTGGATAGTAGTATTTCTCCCCAGCAGGGGAAGACTGGAAGTGCCTATTGGATCTCTTAGGGGACTTATCCAAAGTATACCCATCTCCTCCATCCCCCTGGAATCTGATTTTTTTTTTTTTTGAGAATTTATGCAATAATAGAACTTAATGAGAGGA,N,no,no,N,0
chr12,51517889,51518096,TGTTTAATTATAAGGACAAACAGGCACATACGTAGAAGAACAGCCTGCAAGTCACTGCGTTGCTCCCTCGACAGAGCACACTTACCATGGTCGCACTTGCTTGTGATGTCAGTGCTCACGGATAGAGGGAAGCATAGAGCTTCTCTGTCCAGAGGCTGAGGGCATGATTGAGGCCTTTAGCAAGAGACAGTGTATAATATATAACAAG,"[[51517920, ""T"", [""G""]], [51518032, ""C"", [""T""]]]",yes,yes,C->T,2
chr4,145320265,145320748,AAAAAATCATCAAAGTCAGGCTGAGTATCCAGAGAATATTGCTATAACAAGCCGTGAACTATGACCAAAAAGGACAGCTCTATATTTACAAACTGTGGTGGCTTCTGGGATGGGTAAAGGAGGAGGAAGTAGAGGGAAGTGAAGTTTACGGTTCTGTAAATTACAGCCCATGGCAGGACCAGGATGCCTCCCCAGCCTAAGCCTGGAGGCAAGTCAGCCAAAGGGCGGCTACTCATACTTGTGTAATTAACGATGCATTTTTAGTGTAATAAAAAGACTTACATTTTGGCTTATATTTCCTTGTTAACTGTTATAGTGACAGGCAATTTATTCCAAAGGACAACTGCCAGGATAGTCCCTATTATGGGAATACAGTGAGTAACCCAACTCTAAAGTTGGAAAAACAAGAAAACAAAACGAACAAAATGACTGAAAATCAAGAACTGAAGAGAGAGAAACCCACAGTTAAACTCTGAGATACAAG,"[[145320313, ""T"", [""A""]], [145320712, ""G"", [""A""]]]",yes,yes,G->A,2
chr10,54976480,54976783,GCTGATTGGTTGGGGATGGAATACTAAGGGTGTGGAAAACAGTCCTCATGCACTTATTCCACCTCTGGGTGGTGCCACAGAACCAGTTGAGTCATGAGTTGTGAGTTGTGGTAATGTCAGTCTGAAAAATATTTCAAAAGACCAATCTTAGGTTCTACAACAGTGGTCTCATCTATAGGAGCAACTGGGGAAGTCACCAATCTTGTGACCTCTGGCCACATGGCTCCTGAACAGTAAGGGATTGTAGAAATTCTGCCTACATCTTAGCAGAACTTAGATTCCTTGCATAATTCTAATTTTGTTT,"[[54976574, ""C"", [""T""]]]",yes,no,C->T,1
chr11,45974848,45975293,AGTTTCATGATGGGGTCCTTTATTTTGACAAAACCCAAATTGCATGAGCTAGAAGTTAATGCAGAAATACATGGCATGGCAATTACTGCCAATAGCAAAATCCTTTTTATTTATTTATTTATTTGCTAAGTCATTGTTGTCTGCCTGCCAAATATGAAGTATTGATTTAAAACAGATGGACTCAGGCTGGACACAGTGGGTCATGCCTATAATCCCAGCACTTTGGGAGGCTAAGGTGGGCGGATCACTTAAGCCTAGGAGTTTGAGACCAGCCTTGGCAACATAGTGAAACTCCACCTCTACAAAAAATACAAAAATTAGTTGGGCATGGTGACACACACCTGTAGTCCCAACTACTTGAGAGGCTGAGATGGAAGGATCACCTAAGCCTGGGAGGTCAAGGCTGAGGTGAACCGTAATTGCACCATTGCACTCCAGCCTAGGTG,"[[45974930, ""A"", [""T""]], [45975218, ""G"", [""A""]]]",yes,yes,G->A,2
chr3,29770648,29771023,CATAAAAACTTACAAAATAAATAATAAAACACTAATTTTGCTTCTAAGATCATGTTGGGCTTTGCCTTCTGTCAGCATCACTAATGAGTAGCTAAACCATTTAGTGTCTGTCCGGATGAGTCCTATTAGGAAGCTGAGGGTTGAGTGGCTTAAGACCAATTAACACACAAGCCAGGGAAACCAAATTGAATAATTAAGTTCTTAGTGCATTTCAGAATCTAGAATCTCATTTAATAGGATTGATTTAAGAACACATTCTAACCAATTTTTGTATGAATGGATAGTATTCTGAATTAAATACTTGCAACTCTCTCCTTGTAACCATCAAAAAGCCTGCTATACATACACCTCATCATTTATGATCTAATTTTTAGAA,"[[29770697, ""C"", [""T""]]]",yes,no,C->T,1
chr3,142288011,142288288,ATGAAGGTTTTACTATCACTGAGTCTGCCAAGGTTTTTTACTGGCTTCGGTAATGTGTCACACCCTAGCTATGCAAAGAGGGTTATAAAGAAAATAAACTTTACATAAGAAGGGATCTTGTATATTAAATTCTTGTCCTAAAGAGAATTACTGGTTGTTTAAAAAGAGGGATGTTTAGGACAAGCCAGAAAGTCTAAGCATGTCATAAATGGTCTGTGAAAGTCATGAAGGGATCAATAATTGCAGGAAAGATTTCAGGTTAACACTAAAGTTATTCT,"[[142288043, ""A"", [""G""]]]",yes,no,A->G,1
chr9,5263564,5263882,TCCAAACCCAGTTTGGAGCAGAAATTTTCTCAGAGAAACTCAGAGGGCTCAAAACACAAATCTGTGAAGCTCTGAAATCCAAGAGAGAACTTACTCATGATCCCCAGCTGCTCTGAGATCAATGGACACAAGTGGGTCCTGAAGGTACCTTCCTTGTTCACTCAGCACTCCTGAGGGTTGTTAGAAGCTCTACTCCGGACCTCACTTCTGACACCTTCTGGTAAAAGAAAAACTTCAGCTGAATTAAATTTAAAGGAGTAACTGAGCAATGAATAACTCACAAATTGGGCAGCTCTCAGAGTCGCAGCAGATTTAGAGA,"[[5263591, ""G"", [""T""]], [5263685, ""G"", [""A""]], [5263718, ""C"", [""T""]]]",yes,yes,G->T,3
chr9,85208705,85209055,ATCAGGACACCCAGACAGAGCAGAACTCTCATCTGCTGTCCTCTCCAATCAACCATGTTCTCAGCTGTTACGTTGTTAATTCAAATTCAGAGAAATGAGCATTTCAAGGCAAGCATGGTTTCTGGAGATGTTACAAAGAGTTGTGAAAGTTGCATGGCTAGAGATCCCAAATAACCATTCCAGATGGCAGGCGCTATCAAGATGTCTTGGACAATCACACACATGGAAAACATTTCACTCCCAGGAATATCTTTAAAATAATAGTTTTCAATGATTCATTAACAGTTAAAAGCATATGGTTCTTTCTTAGGGAATTTTGGATTGTTTAGTCTTTTTTCTTCTTGAAGAAGC,"[[85208813, ""A"", [""G""]], [85208897, ""A"", [""G""]]]",yes,yes,A->G,2
chr9,106218406,106218724,TAGTCTGGAGTAGAGCCCAAAAATCCTCATTTTAATAAACACCCTAAGAGATTTGGATGAGTGTGTTGTGCAGGATGTCTTTTGAGAGCACTAATCTACATCCATGCCTCCAACATGACAGTACTATTGGTAAAAAGGTAAAGCACAGGAGGAATTTTCGATATGAGAAATACCCAGTGAGCCTGTACTGACACTTCCTGAGTTCAGCAATATTACATGTTTCTGTGGTTTTCTCTGGGTCTCTGCATCAAGTTCATAGTAGCACTGGTTTTCTGAGGGCCCTCCACAGTCTTGGAGCAGAACCAGGCCACTTAGCATG,"[[106218426, ""G"", [""A""]]]",yes,no,G->A,1
chr3,152113376,152113677,TAAGGGGGCTAAACATACCAGCTCAGTTCTTTCTTCTTTTTATGAAGCCACCAGTCTCACACCTATGATAACCCATTGATCCATTAATTCATGAGTGGATCAACTCATTCATGAGAGCCCTCATGACTCAATCACCTCTTAAAGGCCCCACATCTCAATACTGCCACAAAAAAGTTTCAACATAATTTTCAGAGGGAACAAACATTCCAATCATAGCAGCTATGTTCCTTAGTGAATTGTTTTATCTGCAGATAATATAAGCATTACAGAATACATCAAAATGTATCAGATTTGCTGACTCC,"[[152113402, ""G"", [""T""]]]",yes,no,G->T,1
chr1,73786880,73787221,AATTGAACGAAATGTGTTAATATATTAGTGACAACTATTAAAAATGCTCAATGTACAGATTTTATACTGTATAAAGATTATTCAAGTTACATTTTGAAGGGTGAAAGAGAGAGAGAGAATTGGAAAGAGACTCCTGGTATAGAAAGTAGCTTAAATAAACAAAACCAAAACCAAAAGCCTTTCCAAGGGACAAATGCCTTTGTAGAAAGCAGTGAGGTCAGTAGTTGAGTATTTCATTAATTCATTTGAGAAGAAATAGAAAATGGGTTGAATGAGGCAAGATAGTGCAAGGCTAAGGGCTTGATGAATGCCAGATTGAGGGGTTGAACAGTTGTGTTGAGC,"[[73786896, ""C"", [""T""]], [73787123, ""G"", [""A""]], [73787196, ""C"", [""T""]]]",yes,yes,C->T,3
chr5,168661944,168662255,CCAAATGCCTGATTATGCCTTTACTGGTCCTGCTAGCTGGCATGTTTCACCAACTTTTCCCTAGTGTTTCCTTTGGCACTGTTGAGCCCACACTACAAAACATGAACAAGTCCCACAAAACCACACTATGCCCTCTGCTTCCCCATCATGTGGGGACCATCTGCCTGGACATCCACTGTGGGGTAGCAGGAAGAACTTTGGCCTGGGTGGACAGATGGGGTTAATTATCTGTGTGTCTTTGGTCTATGATCACCGCATTCTTCCATTTGTTCGACCCTCAGTTTTCCTGCCTACCAGTAATGCCCTATGACT,"[[168662157, ""C"", [""G""]]]",yes,no,C->G,1
chr15,60954696,60955191,CTTCTTGAACTATTAGGTTGTTGCAAAAGTAATTACAGTTTTTGCCATTAAAATTAATGATTCCCTAGACTCCAAGACCAGTTATTTCTGCTGAGCTCTCCAAGCACTTGAAGGGCCTCATTCAGCTCTCATTACATTCTGGGCAGATGGTGAGCTTCTTGAGGGCATGGACTTGCTTTATTCCTCTTTGCAGTCATCCAGTAATGACAGACTGGATGACTCAATACATACTTACTGAGGAAAACTGGGCATTTTTCTCCAGTTATGTGTTGCTTTGACTTACCACATTAACATGGGTTTTGTATCTTTTTAAAAATCCATCTTAAGGCTGGGCGTGGTGACTCATGCCTGTAATCCCAGCACTTTGGGAGGCCGAGGTGGGTGGATCATGAGGTTAGGAGTTCGAGACCAGCCTGGCCAACATGGTGAAACCTCGCCTCTACTAAAAATACGAAAATTAGCTGGGTGTGGTGATGCATGCCTGTAATCCCAGCTA,"[[60954783, ""T"", [""C""]]]",yes,no,T->C,1
chr11,94219955,94220191,AGCCTGAGGGTGCTGCAGGAGACCAGAGCATATTTCATCCCTTATCTTCAACTGCATAAGACAGACACTCCCAGAGTGGCCATTTAGAGACCTCCCCCTGGGAATGCATTCTTTTCCCAAGGCTATTCCTTGCTGATAAAAAGAATTCAGCGATATTTCTCCTATTCGCTTTCTGTAAGAAGAGAAATGTGACTCTGTTCTGCCCGGCCCCACAGGCAGTCAGACCTTATGGTTATC,"[[94220058, ""G"", [""A""]]]",yes,no,G->A,1
chr5,57939842,57940129,ATAGTCAACTCTAGTGAAAATATCTTCTCTGGTTATCTTTTACTGTGTAAAACCTCTCCCAAACGTAGTGGTGTAAAACCACAATTATTTTACTCTGCACACAGTTTTGTGGGTCAGAAAATTGGGCAGGACATCACAGGAATGGCTCATCTTAGATCACGACAGCTGAGGCCTCTGCTGGGTGGCTCTATGGGCTGAAGATGGCTCAGATGGGGCCGTTTATCTGCCACCTCAGTTCTGGCTTTTGTCTGAATTTCTTAATTTTTCTCCACATCCAAGTTGTCTTAT,"[[57939898, ""C"", [""T""]]]",yes,no,C->T,1
chr4,181105574,181105815,GTCCTATTAGACCTGAAGTAATGAGAATAAAAACTGGAAGTCATAACCCAGCTCCCAGCAGTTGCCAGGTGTGATGCTGTTCTAGAAAGAAATCTTTAAAAGCCTCCAGCATGAGACAATAATACCACCTGCCTAGAAACTCTTAATGATGTAGAAACTGCAGCAGAAAAACAAAAGCAAAATTACAAAGGCATTTATTCTTGGTTCCATTTTTAAAAAGATAGTCTGTGGCTGATTTGGTG,N,no,no,N,0
chr7,105086170,105086653,CCATTTCACTGTTGACCTTTATATTGACAAAAGAATGCTCCTAGGGCTTTCTGAACATGTCTGCATGTGTGTACATGTCCTCTCCATGGTAGGAACATAGTATGTACATGTTCTCTCCATGGTAGGGACATAGGAGTGGAATTGCTGGGTTGTAGAATGCGCACAGCATGAGTTTTTGCCAGATGTGAGTGAATGTCTAAGAAGCTTGTACCAGTTTCCTAAGTAATTTATTGCCTTGCTGTACTTCTTTACTCCTAAGACTTTAAAAATATATGGTGGTTGCTATGACTCACGGCTGTAATCCCAGCACTGTGGGAGGCCATGGTGGGCGGATCACTTGAGGTCAGGAGATCGAGACCAGCCTGGCCAACATGATGAAACTCCATCTCTACTAAAAATACAAAAATTAGCCAGGTGTGGTGGCGCACATCTGTAATCCCAGCTACTCAGGAGGCTGAGACAGGAGAATCACTTGAACCTGGGA,"[[105086180, ""A"", [""G""]]]",yes,no,A->G,1
chr10,43053775,43054115,TTCAGTGAAATGTTCTAACCTCATTTTTTTTCTGCTCCAGCCCTGGAAACTTTTCTCCAGGGAGCCCTGGTTCCTTTTAGTGGAGACAGAATTTAGAAACCAAGATGTGAGTGCTGGGTGTGCTCATCGTTACTCTAGAATTCCTGAAGGCCTGGGGATGGAGCGCTCTCATTCTCACTTCGGGGAGAGAGCTGATGCAACAGTTTAAGGGGCATTTGGCCATCCTTGTCAAACGTGGCCATGTGCCCATCTGCACACAGACACACCATTTGCAGGAATCTGTTCGACAAAGAGGAGCACACAAGTGCATAACAACAACCCGTGGAAGCAACCAGAGTGTC,"[[43053783, ""G"", [""A""]]]",yes,no,G->A,1
chr11,33463111,33463396,GAGCCACCATGCTCAGCCAGCTTTTTCTTCCTTAATGGTACTTTCTACTTATGTAAATATGATATTTGCCTCATTTGGGTTACTGTGAGAGCTACATGCAGTACCATATACACGTCACTTAGCACGTGAGTGTCCTTGCCTTCTTTTTTCACACTCAATCCCAGGAAGCATAGTCATCCTTATTGTTGACTCATCTGCTTTCCTTCTCTTAACTATTCTTCCTTTTTTATTTTAATTTTATTTAGTTTTGTTAGTCTCTTTTGCAAGCCAGTGTAAATGAATTGAA,"[[33463183, ""G"", [""A""]]]",yes,no,G->A,1
chr8,135041025,135041294,TATGGCAAGCTCCAAAGGGAGAATCAGCACAGCCTGGAAATGGGGAGAAAGGCCAGGCCATCCCCAGCAGGGAATGCTTCACTTTATGAAAACAATGCCTGTCATGCTTCTGGGCCCTGTGAGAGATAAATCATCTCCCCATGAGACATCAAGCTGCCAAATAACCAGAACTGGGTATCACGAGCCAGGTCCTAGGCGACTCACTGAGTTATAGCATTGGGCACACCCAGTTTTACTCTGCAGTGAGTTAGAATTGGTCCATCTGGGACC,N,no,no,N,0
chr14,98390807,98391090,CATTTGCACTTAGGGAGTCATCTCTCAATGAACCAATGACAGACATGACCTCTGCAAGGCTCAGAAGTAATACAACCTCTTCCCCCCATTCCCTCTCCTGGCCTGGGTGTTGATGAAATGCTGCCCATGAATTATTGATAGACCCCTAAGCTTGCCAAGCATGTTCTTTGTGTGTGTGTGTGTCCTGTGTGTGTGTGCGTGTTTGAGACAAAGAAAGAAGGGAAAAGACAAAAGGCATGAGCAAGGAACGCACCTCTCATTGCTAGGGATTCTTTTATTAAGAA,"[[98390844, ""C"", [""G""]], [98391021, ""G"", [""A""]]]",yes,yes,G->A,2
chr20,58231699,58232034,CCCCTTCAAGTTATGGTAAGCCATATGTGCCAAGCATGAAATAATCAGATTGCAACTCATCACGGACGTAGTTAATTCTGTTTTTCTAGTACAGCAGTGTCTATGATATTCCGCCGCTTTGGTTCTAGGGCTGCAAAAAAGGAAACATCTTGGTCCCGGTCTGACTGCAATGCTAAGATGGTCTCTTCAATGACTTCAAGATGAGGGTTACCAGCATTTCTAAAATACGCTAAAGAGAGAAACCATGAGTCTGAATCAGGTAAGCCATGAACAGTGTTCAAAACACACTCGGTTTTGTTTTTTGTTAGCCACATGTCAGGACAATAAATCAAAGAG,"[[58231765, ""A"", [""C""]]]",yes,no,A->C,1
chrX,104488852,104489137,GTAGGGTTTTATGCCCTTGTGAAAATTCCATTCCTAGTAGGATTCCAAATGGGGATTTAAAAAAATTATCCACATGGTCTGAATGGCTAAAATCCAGCAAATATATCTAGAACATGACAATGCTGGGCGAGTCCTGCTGAGATCATTGCTTGAGGTACTGAGAACATTCCCAGACAAACCAATCCAACTGTGACTAATGAACAAGTTCCATTTATGATCTATAGCTTGAGAATGCTCCAGGAAGAATCTCCTCTTCTCTACCATTACCACCCCCACCACCTTATTC,N,no,no,N,0
chr10,21742904,21743265,GCCACTGTAGACAGCTCAGGCAAAACTATTACCTGGGTATTTATCCACTAATGAGTCACAAGAAAAGGAGTGGATTTGGTAAGAATAGAGATTTGTTTTATTTAAACCACTTCCCATTACTGACCATTAAAAGCTCACCACTAGAGTTCCTGAAACAGGTGAAACCTGTATGACAGCCCTTCCACTTTGGGGAGCCACGCTTTTGATGTGACAGTACCGCAGAGTGATTCCCCCACTGAGGATGTCATCATCAAACTCTTCTTTGGTGTGTGAATTATTAGTGGAAAAGACCCAGCTGTAATTAGACCTCCACTGTGTACTTAGCTGGAAGAACATGTTAATTCTGCAATATGTTTCTTGGT,"[[21742915, ""T"", [""C""]]]",yes,no,T->C,1
chr8,121003785,121004273,AATAAGTGTATGTTTGCAAAGTAGCTGGAAAAAGAGGAATCCCCTTTAGGGTTCTACCAATTCTTACCAGCTGAAATGTTTTAGCAATCTTGACATCACACTCTGAAATTTAGAAATGAAAATCCAAATGAAGTTCAACAGTGTTGCGTAAAGCAGGAAAGAACTAGACAATGTGAGACTCTTATTACTGATTAAAATGACATGGCCTATGCTGATATTCCTCAGGGTTCAGTTGTCTTGAAGTATACACTGCAGAAACCAGAGGATGTTTCAGAGCTTGGAGAGTGAGAGGGAATTTTATTCAGGTCCGTCATTGCAATCTCACCACAAATGTGGTCTAAGGAATCCATTTTAATTATGTTTTGTAACTTTCTCTGAACAACTAAAATGAATGTGTATTTGGGGAGTTCCAATTACTGACCTTGTGTGGAGGGCAAATAAAATAATGATTTTGTCTTCTAGTAAGACAGAAACTGTAAATTTGACCAA,"[[121003877, ""G"", [""A""]], [121004022, ""C"", [""T""]]]",yes,yes,C->T,2
chr6,13063255,13063645,AGCAATTACAATAAAGCAGAAGTGAAGTGATAAGAGATGCACAGAGGCTTTGAGAGCTTGAAGGAGACAAGCCCAACTGAGTGGCAAGTTACTGGGAAAGGTTTGCTAGAGAAAGGGATGTTTAACCAAGGGGTTAGCAATGCATGTGAGGAAATCTCTCCTGGTGGGCAGAACAGAATGTAGGAGAGCCAGGGAAGAGAGGAGAGGTTAACAGTCTACAGCTTAAAAAGAAATTATGTCCAGTCACGGTGACTCATGCCTGTAATCCCAGCACTTTGGGAGGCCAAAGCGGGAGAATTACTTGAGCCCAGGAGTTTGAGACCAGCCTTGGCAACACAGAAAGAGCCCATTACCACAAAAAAAAAAAAATTAAAAATTAGCTGAGTGTGAT,"[[13063299, ""G"", [""A""]]]",yes,no,G->A,1
chr9,98366505,98366957,TACCTATTGACTCTCTGGCTCTTTGCAGAAAAACTTGGCTGATGCTTGGTTAAGAGAAAAGGGCATTTCTTTATTTTTTCAAAAAACTTGAGATTTTCTGACCTATTCAGACTGGCCTTCCACTAGGGCTAACTCATTTCTTCAGGGAACACCATTCAGGAGGAATACAGCATGGATGGTGCCCCTGGGGCTGAGCTCTCCTGTCGTCTTTAGATGGCAGATGCTTCATGACAGCTGCTAAAAGCCCTCAGCATTTTCCTTAAGTTGAGCCCAGATGAAAGTCTGAGGGTTTATCCTCAGGTGCTTTTCCCACTCATGTTATTGTCTACAACAGAACCCAGTCATATTTGTAGTGAACTTCCATTGTCCTCAAAAAGCATCTGCCCCCAGAACAGAAGGTGTCATCTCTAAATTTCTACTCTTGTTTCAACACTTCCATTTGGTCCTAGTATG,"[[98366576, ""C"", [""T""]], [98366634, ""C"", [""T""]]]",yes,yes,C->T,2
chr18,72410341,72410695,CAAAGATAATTGAAAGATGCTGAAAACAAGTTTTGTTGAAAGAATGACTAGAGAAATTCTTATGCATCATTTTGGATATCCAAGTTTCAGTTAAAACTAAATAATTGTATAATTTTCTATAACAAAATTAATTGACCAAACTAAATTCAGGAGAGATCATTATCATTTCCTGTAGCCAATTTGGACCAGAAACCAGGCAATCAAATGTTTTACCGGATGTGGCTACCTACTTATAAATACAGCTGAGTCATCAGCAAAACACAGGTCCTTCCTTCCCTGACCTTTAAAATGATCATCCAAATGTAACTCACAAATTGCTCATGAGTGATGCTTTTACAGTATGTTATTTATATTT,N,no,no,N,0
chr8,74066912,74067232,GGCAAAAGAGAGAAGTACAAGTAATTTGTTTTGAAACAAAGAGAACAGTGGCTACAGGGGCTCATCATAGGAGTTGACAGTAGTTCATTAGTGGAGACAGTGTGTCAGGCAAGTGTTCTTGTGCATCCGGCTAGCCGTCCTTGTGACTCATGTAGCAAGCTGCAGTTTGGAAAGTCCTTGGCAAAAGTTTTGGTTACAGGCATATGTGCATAAAGCCCTTCAGAGAGTCTTTGTAATAAGTCTTATCATAGGTATGTGTGCATGACAGCCCTCCCTTCTTAACCTCCCGGCTTTATTTACTGTATGTGTATATGTATGTGT,"[[74066936, ""A"", [""T""]], [74066978, ""C"", [""A""]], [74067195, ""T"", [""C""]], [74067231, ""A"", [""G""]]]",yes,yes,T->C,4
chr4,183485806,183486100,AAGATAAAAACAGTATATATATGTATTTATTTACATTTGTTTTGAGAGGGAGTCTTGCTCTGTCACCCAGGCTGGAGTGTGATGGTGCCATCTTGACTCACTGCAACCTCTGCCTCCCAGGCTCAAGCATTCTCATGAATCAGCGTCGGGAGTAGCTAGGATTACAGACACCCACCACCCCACCCAGCTAATTTTTGTATTTTTAGTAGACAGCGTTTCACCATGTTCCAGGCTGGTCTCAAACTCCTGACCTCAAGTGATCTTCTGGTGAGATTGAGAATCTCTTTAAGAAAAT,N,no,no,N,0
chr9,129673653,129673950,CACACACACACACACGCACACACACAGGCACACACACGCCCCTCATCACGAGGGCTCCAGCCCGGCCCCCTGATGGAGCCCTGGCTGTTAGTGGTCAGGGTGGCCGCAGCTGCTGGAGAGTAGATGGGCAGATACATCTGCACCTGTGCGGGCCAAGGGTTAAGTGCCTTTTGCGAGGTGGTGAGTAGGAGAGAGTCGTGGGAGCTTCCTGTTTAGACAGAGGGAGGTTGGGGTTATCTTGCTGGCTCCCACACTGAGCAGACGAAGAGATGGGGTGCCCGGCGGTCAGCATCCCGCA,"[[129673668, ""A"", [""G""]]]",yes,no,A->G,1
chrX,11290684,11291074,GGAAAGGCTTTGCAAACTCATAATACCTGACTTATCCAAAGGCCACCCTCATACCCCGAGTGCTGTTGAAACCCAGGCAGTAAGCCAGTGGAGAGGAACCCCAAAACAAACCAAACACCCTCCCAGCAGTCAAAAATAAGTGTCACAAAACCGAAATTCATTTGCTTTTCTCACAGGCGAGGCCCTCCCAGGCCAGCCCCACTTAGAGTGTTCCTTTACTTTCAGTTCACGCATACTTTTAACAAGCTTGGGCATATGATTTTCTAGCATACTGTAAATTAGAAGCAGCAAATTAGAAGTGGGGAAGTTGCTAACATAAGCATTGTGAGAACAGCAAAACGTACTGGGCTGCAAGTCAAGAAAAAGAATACCTACTACAAAAAAATGAGCA,N,no,no,N,0
chr1,227506901,227507227,CCTGAACACCCTCCCATCCTGAGTCACGCAATCTCCTTCTCCTAAACGGGCTTTGGGAGGAAGGCCCAGCTGTCTGCCTGAGAGGAGCTGCTGATGCAATCTTTCTGCAGGGAGCTGGGCTGGGGGCAGTGGCTGCTGCTTTTCTTGGGGATGGGCAGGAGCCACCTGCAGCCAGGTCTGTTGTGTTAGGCTGTCTCAGGTTCGGCTCCTGACTTAACTTCTAACAGGGGAGGCTGCTGTCCTTCAGCTTTGGGGGAGGGAGGTCCACCTGCTCCACCTGCAGGGTGAATGGTGCTTTCACCTCACACGTGACACTTGGCCCTTTTT,N,no,no,N,0
chr13,75145998,75146281,TCATTCTATAGACATGGGGCGCTTTGCCATCAAGATTGACTTGAGAGTTTCCATGTGAAATTTCCCCTGTAGCAACTCAAATCTCCCAAACAGCAGTGTTCTGGATGTCCCGCATGTAATTCTTCAACTTCTTTTATTCTGGGCTCATAGCCAAATTCCCACATTTCATGACTTTATGCCTTCCACCCTAAACATCTGTTCCTGCTTTAGGATTTCTTTCTAATGGGTTGATTGCTCAAATCCTGCCAATCAGGAACAACTCTTCCTGATTCTTCCCAAGCTGT,"[[75146018, ""C"", [""G""]], [75146052, ""T"", [""G""]], [75146106, ""G"", [""C""]]]",yes,yes,G->C,3
chr18,75785234,75785519,TATAGAGTGACTCCCACTTAATTGAATTATTTTAAACTAACCATGGTTCTGGTTTTGTGTTCCTTCTGCAGAACCCTCTTTGTACAACACCTGCCTCAGGAAAATGGCCCCTACTCACCCTCAGTGCACTCACCGGCCACAGAGAAAAATGCAAAACAAGATGTAAATATGCTTTCTCTGTAATGTGCTTTCTGTCCTAAGGTATTGTGAAATTTGATTATGTTTTCCGTTTTCTGAAATTGTGGGTTTGACACAGCTCTAGTTAAGAAAGAAGTCAGATATTTTT,"[[75785239, ""G"", [""A""]]]",yes,no,G->A,1
chr12,20704856,20705297,TCTTAAAAACTAAATATCTCAAATAAATATAGCTAAAGCTTTAAAGCCCCTTGAAGTCTAAAACCCTAAACAATGTTTATCAAAGCATGTTCTAGGAATCATCTCCATCAACACACTTGAGTTAGTATTACAAATGCAGATTTCTTGGCCTGACCTCAGATCCATGGAATCAGAAACGTTTGGTAATTGCCAAGAATCGCATTTTTAACAAGTTTTCATTTCCTTAACCGTTTCCTGTCAGTATTTTTACGCACAGCAAAGCGTGAGAAATATTACTTGAAACATGTTTAATCACTTATCACCATCATCAACTAAAAGTAACGTGTCACATGCTTCATTAGAGACATTTTAGAAAACCATAATTTCTACTTTCAAAAAAACCCAATATTTTTAAACCATTTTTCACAAAAGAGATAAATGGGCACATTTTATAGAGATTTTG,"[[20705041, ""C"", [""A""]]]",yes,no,C->A,1
chr6,44135424,44135705,CACGCTTCTCTTCTCTTCCTGCCAAGTTGCTGGTTTCTTTTTGCAGTTTTCTCCTCTGCAGGCTCATGTTTCGGATTAACGCAGGCGGTGTGCTTTGCAGAGCAGGGGGCTCCCCAGCTTGTCTCTGCCTCACCTCCCCTTCATCTCTCCCTCTGGCTCCCTGCCTGGGAGAAGTCCCTCCCTGTGTGCCCCTGCCTATGCAGCCCTTGTTGGCTGGAGGGGAGGGGCTGTCCTCCAGGAAATCCTCAGCACAATCACGTAGAGACAAGATTGGGTGTCACC,N,no,no,N,0
chr4,55904677,55904888,GTTTTATTTGCCCTATAGGTTGCATACTTACTTAAGCATTCATGTCACCATAAAATGCCTTTAGCATTTCTCAATGACTGGATGGGAAATTTTCCTTTATTGCCTAGCTGCTTGTGTTTGAGTGGTTGTCCTATGAGCAATGCATTTGGAGTTCTTCAGCTTTCACTACTTCTCTGTTGCTTGCTAATCATGTAACTACTAAAATACTGTAC,"[[55904705, ""A"", [""T""]]]",yes,no,A->T,1
chr5,125465775,125466133,CATTTCTCAGAGTTATTGTTCTCTGAAACACACTTAGGAAATCGTGACTATAAATACACCAGAATTTGCAAGGTTTCTACAAGAATGGGCAGGCTAGAAACTAGGACCGAAGACTTCAGTGAAACTAGCAGTCAGGAGAGAGCAGCCAGCTGAGTAATTTAAATGCCAAAACTCAAAATATAACAGGGACAGTGCAGCTTATCAGGTGTGACTGCAAGCAGCTCAAGTAGCAGAGAATTAGAAAAATGGAGCAAAAAAAAAATTACTTCATTTGAAAATTCCTCTGGATCATTAGGCAAGGCTAAAGGCTATGGCCAATATTTTCACCAACAAGAAACTTAAACATTGAAGCAGTGCCC,"[[125465803, ""T"", [""C""]]]",yes,no,T->C,1
chr18,67536462,67536706,TAGATATTAGATATTTGGACAATTCTCACCTCCACTTACTGGTTACTCTAAATGTTAGCAACTCACTTAGTCCTTCTGTAATGGCTCATAGGAAACCCCCCAGGCACCGGATTTAATTGAATCATTCTGTATGGGAGGTCTTATAGCCACCGCTCTAATGAAAGTCTTACTTTAATTCTGCTGGCCAGTCAGCTGTAGCCAGCTGGGCAAGGTTCTAATTGGTCAAAGCACTATAATTTGTTTGA,"[[67536663, ""A"", [""G""]], [67536691, ""G"", [""A""]]]",yes,yes,A->G,2
chr6,23713206,23713595,ACCCCCTCTTCCTCAAGTAGAACATTCACAGCCTGGGTCTTATTTCCACCACTTCCAGGTAACATTAGTAGTACCTGTCCAAGAACATTTAACATCTGTGCCCTCCTATGCTTGTATACTTGTTGATAGCAGATTCTTCAATACTAAGGACCTTCAGGATTCTATGGCATCATCATTACTAGCATGAAGACCAGTGGCAATAATGATTAACATTTGCTTCATGCTTCAAGATTTGCATCGTGTTTCAGTTTCAAGATTTACTCACCTTCAGTTTTTAATCTTTCTCAAACACATTATGGGTTTGGAAAGGTATGTTGTGTATCTTGCCTAAAAAGACATTGAAATATGCCTCTGATCACTGAACTCCAAGTTGCAAAGCTGGAGTTCACC,"[[23713222, ""A"", [""G""]]]",yes,no,A->G,1
chr21,38077657,38077962,CCATGTGGTCAGGATTTGCTCATAGCTACGGAGTGGCAGACCGAAATTTGGTTTCATCTAGTCTGTCTCCAAAGCCCGCAGTCTGAACCATGGTGATTTTTGCCTCTTGCACTCTCAGCTGCTTGCAGCTGCAGGCACAATGATTCCAGATTTACAAAGGCCCGCAAGTTTAGACATCCACATTTACATAATGACTTAAGGATTTGCAGATGTCTGGGAAAAATTATCCTGCTCACTTGGATTATTGGGACTGTGTCTCAACTTTCCATTTTATTTTGCACGTGTGCACAATATTTTCAGGTAATT,N,no,no,N,0
chr3,178311070,178311344,AAAGGTCTTGGTGAAGTGCCACCTCACAACACAAAAGGATGGTGGTTTGGTCTCCACAGGCTGTTTAATTCTGCAGGGACTCCCAGAAAGGGCCTCATTTGCACTAGTGGTTTTCATGTCACAATCCATTAAGAGTTGAAATGGAGTCTGCTGATTTGCTTTATGGGCTGTGGAACAATACTGTAGAGCAAGTGAGAGCAGAAAGAAGCCCTGGAATGGGAAGGCTTATATCAAGTCAGGCTGGATGAGTGGGGGTCAGCCATGTGACCTCTACA,N,no,no,N,0
chr2,168120696,168121082,CCACTTATTGTTTTGTCCCAACCACTATTATATTATGTATTACCTAATTTAGTCCTCCCAAACATAGCTATTATTACCATTACCACTTCATGAGTGAGAAGCTGAGCTTCTGACGGTATCTAACAACTGTTGATGCTAACCAAACTCTCACTAGCCATCTCTCTCCCCAACATAATCTCCAAAGCCTTTTTGTCACCTCCTTCCCTCTACACTTGCTAGAACCCTGGCAAACTTCCCAGATTCCTGCAATGATGCCTGCAGCATCTCCTAGTGCCTGTAGCATCTCCTAGTGCCTGTGAATAGCACAGACATCCTCCTCACACAATTTAAATGGTGGCCGACTCACTCTGAGAATGACAAATACGCTCCCATTTTCCTGTGTACACC,"[[168120705, ""A"", [""G""]]]",yes,no,A->G,1
chr18,53701725,53702040,ACCAACATTACATTATGATGTAAAACTTAAGATGGATTTTATGGTGCACATGAGTGGGTCTCAAACCTGAGCATCAGTCACGTGAAAGACTTGCTTAAACACAGAGCCTCATCTCCAGAGGTTCTGTCTCTGTAGGTCTGGACTGGGCCCAGATAATTTGCATTTCCAACAAGTTCCCAGGTGATGCCAATGCTACTTGTCTGCAAACCACACTTTCAGAACCACTGGTCTAAACTAAAGAGATGTAGAATTTTGAACCCTTTGAGGGGATGTGAAATCAATTCCACTTTCATGTGACATAATTTATGCTTCTTTG,"[[53701809, ""G"", [""A""]], [53701872, ""G"", [""C""]]]",yes,yes,G->A,2
chr5,158935200,158935517,CCTGCCCAAGAGAAGATGAGAACAAGGCGTTTGCCAGAGGCATCTTGGAGGCAGCAGCCAGTCAGAGGCTGTGTTCCGAGGGCACAGTTAAGGTGAACTCAGAGAGCACAGTCCAGAGGCACCAAGGAGCTGAGGACACATTCCGGAGACGCAAATGTGCTGCTGCAGCACAGCCACCCCGCTTGCCCAGCAAGCCTCTGGGGAGCCATGGGCACAGGTGCTGCTGTCCCACTCCCAGATTAGCATAAGTGAACTGGGGCAGGCCAGCTGGTAGAACACCCTATATCCACTGCTGCAGACTCACTGCATGTGCACGCG,N,no,no,N,0
chr20,40081472,40081940,CACTGAGATAATGAGTTTTGCAGTAAAGATTTTTTTCGCTAGGTAGCCAGCAAGCAGATGGGAAACCAGATCTCAAATTCACCTCCCTGAATATAGGGCTTAGGCGTATTTACAGGATAAAGAAGCAAGCTGGTCATGGAGAAAGGTGATTGGCAGTGGGAAAAAATGAGGTAATCAGTGGTTTGTGCAAGAATAGACAGAGTTTGTGGCTTTTTATAGGACACATGTGCATTCAGAAAATGGTGGCATCAGCATAATCTGAGGGAGGAGGTTTGGGCCCTCTAACATCAAAACGTGACCTCTCAGGTATTTGCACCTGCCCAGTTGAAGCATTAGTGGTCTCCACTGGTTTAAACTGGACTCGTTCTTGAAAAATAACTTTAAGCAATCATTAACTATAGTGATATATATGTCAGAGATGTTATCTACAAGAAAGCTAGTAGGAGTATAGTTATATATTGTTTGACTG,"[[40081686, ""C"", [""T""]], [40081803, ""G"", [""A""]]]",yes,yes,G->A,2
chr8,69903587,69903906,GGAAGGTATTAATCAAAAGGTACTAAGTCTCAGACTGAAGAAATAAGCTTTAGTAATCTATTGTACTGCATGATGACCACAGTTGGTTTTTTTGTTTGTTTTTTGTGGGTTTTTTTTTGAGATAGGATCTTGCTTTGTCACCCAGGCTGGTGTGCAGTGGCAGGATCACACCTCTCTACAGCCTCAATCTCCCAGGTTCAAGTGATCCTCCCACTTCAACCTCTCAAGCAGCTAGGACTACCAGCAAGCACCAACATGCCTGGCTAATTTTTTTTTTTTTTAAATAAAGATGGGTTTTGCTATGTTGCCTAGGCTGCTCT,"[[69903695, ""T"", [""G""]], [69903783, ""C"", [""T""]]]",yes,yes,C->T,2
chr13,45510680,45511141,CCAGTTTTGTCTTATGCCTTAGGCTGGCTTATTCTTTTTTCACCTAGCTTATATTCAAATCTTAACACTTTTAGTCTTACCGATCAAAGGTGGGGAAAGACAATCCAGTGTAAAATACGTTAAGGCTGAGCAAGGGAAGGCGAGGGTCTTGGTCTAAGCTGCTCATCTTAAGCTTTCTTAGGCAGGGTTAGTGACCCAGCAGGTGGCAGCTCTAATCTCTCCTTCCTATAGTAATAGCCTTGTGGGAAACCACAGAACAGGGAGAAGCAATGTAAAAAGAGAATAACATCAAGTTGGAGACCAGGGCCCAGGACAGTGGCCTAATAATGAATAGGCTCATATTTATGTAGAATGGAGGCTGGGAGGGAAGCAAGGGGACTGACAGGAGTCCTGGTCCAACCACCATGCCACACCTCTGGGAAGATAGTAATGGCAGAATTAAATTAAGAATCATACTGCCTA,"[[45511045, ""T"", [""G""]]]",yes,no,T->G,1
chr1,213240597,213240925,TGTTTTGATTGATTTTTAAGATAGTTTTTGTTTTTCTAATGGCTTAAATAACTGTCAATTTGGAGATCTTAATACTTTTGTTTGTTTTGTTATACTTGTTCACAGGTGGCAAACTGTGGTCATATATCAGTAAATTTCTAAACAGAAGTCCTGAAGAAAGCTTTGACATCAAGGAAGTGAAAAAACCTACACTTGCAAAAGTTCACCTGCAGCAGCCAACTTCTAGTCCTCAGGACAGCAGTAGCTTTGAATCCAGAGGAAGTGATGGTGGAAGCATGCTTAAAGCTCTGCCTTTGAAGAGTAGTCTTACTCCAAGTTCTCAAGATGAC,N,no,no,N,0
chr5,129591778,129592097,TGAACTCAGGTAGCTTAGATAATGCTTAAAAACAGCACTTCTGGAGCCCAGAGACTTAACTTTTGTTAGAATGCATCCATCTGATCACATAAAAACTCTGATTTCTTCATTAGTTCCATTATTGGAAAAGGCATCCTGGAGGGTTTTAGGAGTCTGTGATCATCTTATGAGGTGTGTCACATAACATCTGGCTTGTGTTTTGTTTTCTGATGAGAGATTCAATTGACTTCTTGTACATGACTCATTTTTAGTTGAGAAATGAGAAGGCTGTTTTTGTTTGCTTTTTATTTCCAGAACTTTTTGTATTAAAAAAAATTGAG,N,no,no,N,0
chr1,99550034,99550320,AAAAAAACACATATGGCAATTTTGCTACAGTTTGAAGTTAGTTCTGCTTGGAGTTGGCTTTAAAGGGACAAGAGAACGGATATACTGGTCAAAGTAACATCAGTTTTATGTAATCACCCAGTCATCACAGGTGCTTCCGTTGGTACCAGCTTAGAGCTGAACAGTGGAGGGTGCAGAGTGTGTATGGGTAAATTCCCAAGAAGAACACAATTTTAGCCATCTCTGAGTGAACTTTGCCAGATGGCAAAGTTGTTATTGGGTTGTGGTGTCATTGTATTGTTCTTGGG,"[[99550045, ""C"", [""T""]], [99550147, ""C"", [""T""]]]",yes,yes,C->T,2
chr6,126185257,126185526,CTGTTTTGGTTAGCAAAGTTTATCTTTACTCCTACAGTCTTCTCCAGGAAGCCATCACAAATCTTTTTGGCACTCTTCATGCTCTTTTTTCAGGGGACTCTTCAGCTTCTAGAATGGTGAGCAATGACCTGGTTAGGAGCCAGGCTTCTTTTGCATGTCCTGGCCCCAGACTATTCTTAACATCCACCTAAAATACATATTGCATATCTTTTGAGCCTGTGTATTCTAAGGAGAGGTCACTTGTTTTATCTTACTGATATGCTTTTCTAA,"[[126185267, ""C"", [""T""]]]",yes,no,C->T,1
chr1,102071446,102071730,CTAAGATAGTAGTATGTCATATGTAGTGGCTTTGTAATGTCTCAAATCGGCTAGACTAAAATATATAACCCTCAAGTTTTTTCTGCATATGTTTTCATTTAGGGTAGGCTATAATTGAGAATTTCATGCAAGATTTAGATGGGGAAGTGAACAATGAGGCATTTTCTAGCACACACATGTTGTCATCAACCTGCTGGCTTACTTTATCAGTCTGGGGCAGCAGCCAGTTTTTAACTGTTCAGTCTTTCCCTGAAGGATGCCAGCTTCTGTGAGGACATCCATATG,"[[102071493, ""T"", [""C""]]]",yes,no,T->C,1
chr8,13343068,13343431,AGATGCTTATTTGCTATATACTGCTGATATTTTTGTGAAACAGGCGCACTTGTGACTTCTATAATTCCTTTGGCTTGGAAGCTACAAAGAAAGGTGAATTTATGATTCTTCAGTGATTTGATTTGTTTGAGTCAGAGATTGGGTCATCCATGAATACCCGGCTTCCTCCAGTTAGTTCATGTTGTTTGCAGCCTTAAGTGTAGATACACCAAGTAATTATTCTGAGCAGAAAGTGATGGCTCATAGTCCTGAGACAGGAACAGCATGTACAGGGGCTGTCATTCTGCATAACTCCTGAGATTGTGCAGTGTGGTGTCCTCAATCAGTTATGATAACTGAATGGAAAAAAGCTTTAAAATTACAT,"[[13343072, ""A"", [""G""]], [13343134, ""T"", [""C""]]]",yes,yes,A->G,2
chr21,25535810,25536156,GATGAGTAAAGACCTACAGCTGTATTGCATGACTTTAGAATGAAAAAGTTAAAAAGAAAATTCTAAATATTCCCAGTTAGAAAAAAAAAATACAAGGTCACATGCAACGGAACAAGGATCAGTCTAGCATCAGACTTTCATTGGCAACACTAGACACGAGACTACAATGAATCATGTCTTCAAAGTTCTAAAGGAGGAATTGGCAAATTATAGCCCATGGACCAAATCCAGCCTGTGGCCTCTTTTGAAAATGAAGATTTACTAGAATACAGCCACACTCATTCATTTACCTATTGTTTGTAGCTTCTTTTATGCTACAAAGGCTACACAGTTGAGTAGTTGCGGCA,"[[25535917, ""T"", [""C""]]]",yes,no,T->C,1
chr8,91224993,91225355,GGGGACAAGAATTGGGACCAAGCCATCCAGCCTCCCTGGCCCCAGCAGGGGAAAAAGCGCAGCCTGGAGCTATAGAAATGGGTGCCGCCTTTCCCTTGCCTAGGGAGCTTTGCGTGTTAGGCAGTTGTGAGTCCCAGTGCTGGCTGCTGCCTCTTCCCCAAGGAGCTCAAATGGCTTAGACAGCAGGCAGTGGCAGCAGGTGCTGGTTGCTCCTCCTTCTGGGAGTTCATTAGGCTTGAACAGATTCCAGCTGAGAGGCTATAAGAATCTGCGAGTTCTGGGGTTGGGATGCTAGATCCCAGTGGCATGGGTTTGCAAGTGGGATCTTCTGATCTGTGGGTTGCACAGTTCCGTGGAAAAAGC,N,no,no,N,0
chr14,98297764,98298048,GAAGACAGCTGCCTAGGAGGGGCACCCAGCACATAAAGGCCTGTGATATGTCTGAGAAATAACTCCAGACAGATTAGTTCTGAAATCGTTTTTAAATATTTCGATTTCCGGAGTGAAGGCAGAAAACCAATACCAATTCTTCTTAAAATAGTAACAGCTAAACTCCTAGTGCTTACATGTGGCAGATGCTGGAGTGAGGCATTTACATACATTGTCTCGATATGCTGTTTTAACAATCATTGAATTTAATGTTGTTGTTATTCTCAATTTATAGATAAGAAAACC,"[[98297829, ""T"", [""C""]], [98297899, ""C"", [""A""]]]",yes,yes,C->A,2
chr9,136824502,136824955,TGTATTTTTAGTAGAGACGGGGTTTCACCATCTTGGCCAGGCTGGCCTTGAACTCCTGACCACGTGATTCACCCACGTTGGGCTCCCAAAGTGCTGGGATTATAGGCGTGAGCCACCACTCCCACCCAGGGCTGTTTTAAACACCTTTCCTTTTCACTGCAAAAAAAAAAAAACTAGTGGGTTACTAGTGGGAGGCAAAGATGAGTTTGAGCTGCCATGTGGTGACAGCTGACACTTGGACTGCTGTGCAGGAACAGCCGTGGAGTTGCTGGGCATCTGCTGCTCTCTAGGGCCTGGGAGGGTGGTGCTGGGCTGACAGGACACAGAGCCCACAGGGCCGGCGCACAGAAGCTCTACCTGCCACCGCACCCTCTTCCTGGTTTGGGGTGAGGCTGATGGCAGCGTTCATGCCCCTCTGCTCAGGCGACGTGGATGTGATTGGTGTGGGGGCAGA,"[[136824719, ""C"", [""T""]]]",yes,no,C->T,1
chr10,82277541,82277965,GTAAAATTCCAGATTTGGTAGTGGCTAATGTAACCTCCTTTTCATGGCTCTATTCATGCCTCATTCCTTTCCTATCATCCTCCATCTAGGTCACTAGCCCTTGTTGGAGAATATTGTATCCTATTGCTCCGTGCTGGTCTGCTTACCTCATGGCCTTAATATTGTTATGACCTTGCAGGAAGCTCTCAGTATTCTGTCTAAAGTTGCTCAAATAATGTTTAAATGTGCAATGTTTATGCTTTAGCTGGATTCCAGCCACAGTGAGTAACAAGATCCACATTTTTTTCTTCACCAGAATTCCAGGAAGTGGCATAGTATCCCTCTGAGGGAAGCAGTGAGAAAAATGGATTGGTCTACCCTCCTCAGCCTTTGGAGAGCTTTGGAGGAGTCAATAAGATGATAGACTTGATGTTATGAAATGTGAT,"[[82277557, ""A"", [""G""]]]",yes,no,A->G,1
chr14,82854214,82854472,AGATCCAGGATGTTTAGAAAAAGTGTAAGTAGATTTCAATTGGTCTATTGTGACTGAGATTTTGAAAACAATTCCGGACTCCCTCTGACTTCCTTGATCCTTAACCTCTTCTCCACCACTGGGGGCAAAGTAGGCTCCCAGCTCCAGAGCTGTGAGCCTTTAGTTTCTGGAACACTTGCAGATTTAAGCTTAAGGAAAACAAATGCCAAGATGTTGTAGCTCCCATGATTTATTTCTTTATTCATTATTGTTAATATTT,"[[82854220, ""T"", [""A""]], [82854253, ""C"", [""T""]], [82854289, ""A"", [""G""]]]",yes,yes,C->T,3
chr2,127139823,127140194,TCCTTCCTCTCCTTCTCCTCCCCACCTGCAATGTTAATACCACTTGAGCTTTTAGTTCCAGTTCCATTTAGACTTAGCAGCAAATTCTAATTCCTTTACTCACCGCTGCTTCTTGAATCTGTAGCTTTCTCTTAGATTTATTTTCATTGTGTTGAAGTACCTCCTCCTACAGGTAGGATGGAAGGTGACTCATTTTCTCATCTGTGGATGTCTGAAATTGTCTTTACATATTTTACCTTCACACTTGAATGATGGCTTTAGCCGATTCAAACATGTGTCCCTTAGATCTCTAAAAATATTTCCCCTGGGTCTCTGAAGATCTTCCAACATGCAGTGTTGTAGCTAAATCTAATATTAGTCTGCTTTCTCTTA,"[[127139927, ""A"", [""G""]], [127139956, ""G"", [""A""]]]",yes,yes,G->A,2
chr22,49755520,49755947,GACGATGAGAGGCAGATCCCTGGCTGCCCTCACTGCTCATTGGCATCAGACATGCCCACCAGTGCCATGACAGTTTACCAATGCCCCATAAGGTGCCACCCCTTTCCATGGCAACGCCCCATAAGGTGCCACCCCTTTCCATGGCAACGACCCATAAGGTGCCACCCCTTTCCATGGCAACGACCCATAAGGTGCCACCCCTTTCCATGGCAACGCCCCATACGGTGCCACCCCTTTCCATGGCAATGCCCCATACGGTGCCACCCCTTTACATGGCAACGCCCCATACGGTGCCATCCCTTTCCATGGCAATGACCCATATGGTGCCACCCCTTTCCATGGCAACGCCCCATATGGTGCCACCCCTTTCCATGGCAACAACCCATAAGGTGCCACCCCTTTTCATGGCAATGACCCAGAGGCTACTG,"[[49755669, ""C"", [""A""]], [49755766, ""C"", [""T""]]]",yes,yes,C->A,2
chr18,26309327,26309642,AAACATATCTATTACCATGACTTTGACAGTTTTCCAATAGTTATATTTTCTGATTTGGTTGGTGGAGATACATGTAATTTTGGATTATGTATTAGAATCTAAATTTGGAAGAACTGTATGACTCAGTGAACTAGTATTTTCCATATTACCAATGGATGATGTTGCAAAACCATGTCTGAGTAACAGATCCCATTCAAAATGCAAGAGGACCCGTGGATTTTAAAAAGATTTGTAAAAATAGAAGGCAGTACCACTCTTGATCTATTTTTAAATTTTGATATGTTAATTTTTGTTAAAGTATGTTATTTATGGTAAT,"[[26309356, ""C"", [""T""]]]",yes,no,C->T,1
chr9,78743265,78743564,TATTACTGTGTTTCCCATGGAGGTGTGGTTAAGCAAAGTGTTTTGAGCTGCATTCATGCGTGCTTGATACCTTCTCCTTTTGATCCAGGTGATCTAGAGGGCATTTTCACTGGGGCGGGGATGCTTGCATGTGTAATGTTACTAAGAGCTAATAAAAAGGCCAGGACCAAACCTATTTGTTTATGGTGTTGTGTGGGCCCATCTAGACATTTTCAGTGTCTTACTTTGAATAATAAAGCTACATTGACTACATAAATACTTAGTGGAAAATTAAAATATGAGAAAGAAAGAAGTTTAAAT,"[[78743273, ""C"", [""T""]]]",yes,no,C->T,1
chr7,19102983,19103233,GCACATGTAGCTAAACATACACAAGTGAGACCATGCTTCTGCGATTAGAGGCTTCTTCCTTCACTGTCATGAGCATAACATGGTCACTTATGCATAGTCCTTAGATCGTAATCAGAACTCCAAGAAATGTTTGCTGACTGAATAATCTTTCATTTGTTCAACTGAAGGCAGTGTCATAGTGGCCAGCCATGCAGCCTGTCACTTGAAGAAAAGTGCTTGAGGAAGAATGAACATTTCGACATTACTTCTTG,N,no,no,N,0
chr19,2215533,2215854,GGTGCCCTGTCGCTGGACCTCTGCTGCCTTTTCAAATGACTGCACCAAACCGTTGCTGCAAGGCTGTCCCCGGAGGCGGGCTCTCACGGGCGGCTGACGGACGTCGGGAAGCACCACTCACGTGCTCCCGAGCTGCTCCCTCACGTGTGTGGCCCAGGCGAGCCTCACCAGCGTACATTAGAGAAACGGAGGTCGCCGACCTCTTTACCACAGCCGGGCCCTGTGGGTCTGCCTGGAGTAGAGCCCTCGGGAAGAGCATATTTGGGTTCTGACCATTTTTGTCATCATCTTTTCTGTGTAATAAAAAAACAATGTGTTTGTT,N,no,no,N,0
chrX,44067986,44068331,CTCTTATTCTGGGCTTGCTCATGTGTCTTTTAGGTTGGGGCAGGGAGGGCTAACAGTCAGCAAAAGAGCTAAGCTTCATTTCAAGCTGCAGGTGCAGCTGGTTCAAGTGAGCTCCAAGTGTGTCTCATTTTCTTCCTGAGACCTGTGGTTAGTTGGGGCATATTATTCTCATGGAAGTATCTGAAGCACAATAGTGCAAGTCCAGACATGCAACCACATTTTAAGTTATATTTGCTAACATCGCATGGGTAAGACATGTCACATGGGCAAGTCTAAACCAAACTGGGGGGAAATACACACTCTGTGGGAAGAACAGCAAGGTCACGTGACAAAAGGCATAGCTGTA,N,no,no,N,0
chr7,94523812,94524146,TATAGTAATTAAAACAGTGTGGTATTGGTATAAACAAAGAAACCATTAGAATAGACTGTAGAGCTCTAAAATAGAAACATGCATATAAAATGACTTTAAAAGTAACAGAAATGCCATTGATGATCTCTAGGGAAAGGAAGGTCTGTTCAGTTAATTGTGCTAAAGCAATTAGCACATGGAAAAAGTTGAAATTGGATTCCTACCTCACACCATCTAGTAAAATCGTTTCTAGATGGATGAGTTTGAACTTAAATGTGAAAGTAAAAAATTTGAAACCTTTAGAAATAGAAATAAAATGTAGGAGAATATCTTCATTATCTCAAGGTAGGGAAACA,"[[94523813, ""G"", [""A""]], [94524056, ""A"", [""G""]]]",yes,yes,A->G,2
chr20,25489628,25489946,CCTCCACGCCCCCCACCACTGAAGGCTGTCACTAGTGAGCAGTTGTGCTGTGTGGGCAGACGGCGCCCCACATTGTCATGCAGAGGAAGCAGAGGGAAGGCCTCATGCTGACTTTCTCTTCATTCTAAATTTTAGGAGAATACCGCATTCTGTGACCTGCCGCATCTCTCCCTGGCCACCCCCGCCACCCCCACTCTGCCCAGCAGGCCCTCCCCTCTGGAGGCGGACTGTCAGCAAAGGGACTCGCCTTGTCCTTCAGCACAAACTCCAGGTCCTTCTGCAGCTTCAGGGCCAGCCTCTCCGAATCCGAAAGCTTTTC,"[[25489650, ""G"", [""A""]], [25489692, ""C"", [""G""]], [25489852, ""A"", [""G""]]]",yes,yes,A->G,3
chr7,134182011,134182504,TCTTCCCTAACCCCTGGAAACCACTGATCTGTCCCTGTCTCTATCTATAATGCTGTTATTTCAAACATGTAATATAAATAGAATCATACAGTATATAGCCTCTTGGGATTGGCTTTTTTTCACTCAGACTAATTCCCTGGAAATGCATTCGAGTTGTTGCATGAATCAGTAGTTCATTCTTTCTTATTGCCATGTAGCATTCCATGGCGTGAAAGTATCACAGTTACTTGAACTGCTTACCTGTTGAAAGACATCTGGACTGATTCCAGTTTTGGGTGATTGCAAATAGAGCTGTCATGAACATTCATGTCCAGGCTTTTGCACATGTACAGCTTCAGGCTGCCTGCTCTTGGCAGGTACCCAGTGGCTGTTTTGGGGTTCACTTGCTCTCAGATCTGTCAGATGCTGCCCATTGCTTCCCTCTTCTTCCTCCTGCATTGACTGTAGTACCACACAGGTTTTGTGGGTCCATGGCTCTTGGCGATACTGTTTCA,"[[134182036, ""A"", [""G""]], [134182203, ""C"", [""T""]]]",yes,yes,C->T,2
chr6,82353927,82354228,ATTACAAAAACCTATATCCTTTAACCAAGAATTTCACTTCTAAAGATTTATCCTACAGTTATACTGGCCTGTGTGGAAGATGACAATGTACTCAGTCATTGCTGTATTGTTTGTAATAGCACAAGACTGAAAACATCCTCGTGGGCGGTGTTTAAAGAAATGGTGGTATGTCAGTTCATGGTAGATGGCATCAATAGCCCCATTTCTTCAGACCTTCCTTTACACAAGCCTTTTGCCATGCCACTTTGTAGGGCCCTTTCACTTTGTTTGGGATGTAATTCCATGCACCTTGGCTTTAGTAT,"[[82353985, ""A"", [""T""]]]",yes,no,A->T,1
chr7,68152296,68152577,TAACACACAAAGAGAGAAGGTAATGTAAAGGCAGAGCAGAGAGAGACTTGAAGATGCTGGCCTTGGAGATGAAAGTGGTGTGACCACAAACCAATGAATACCAGCAGCCACAGGGGACAGGAAGTAGCAAGGAATGGATCCCCCTCAAGGGCTTTTGGAGGAAGAGTGGCCCTGCCAACACCTTGATTTTGGTGTAGCAATGCTGAGTTTGGATTTTCGGCCTCCAGAGAGAATAAACATCTGTTGTTTTAAGCCAACAATTTGTAATTTATTATAGCAGCC,N,no,no,N,0
chr19,2809709,2809999,TTGCATGCTGCTTTCTGCGTGTCCCCGGCGCCTGGCACGGCGAGTCCCTTGGTGCATTCCGTCGGGACAAGGAGTGTGGCTGCGTGGTCCTTGGAACAGAAAAGCCTCGGTGTTGCAGAGAGGACCTTGAGGATCACCCAGGAGTTCCCTCGCCGTTGGCTGCCTGCCATGGTTCCAGCGGGACTCAGTCAAGGGCTGTGCTTTTAGGGAAGGTTCCACACACACACGAGCAGGGAGATGCAGCATGCCTCACAGCGTCCCCACCCGGACCTGGCCGTCCCCAGGTCCCAA,"[[2809734, ""T"", [""C""]]]",yes,no,T->C,1
chr8,118644598,118644948,TTCCTTTATAGCAACACAAATTGGACTAGCATGAGCAGTAGACTTAATATCATCTCAGCAGTTTTTTAGTAACAAGAGAAAGGGTCATAGTGTAGGTCTCATAGTCAAGACAGAATCATACCAAGCTAAGCTGTGCAGATTATGCAATGGAGCAGGGTAATTTCCTAGACCTCTATGGCATAATTATGGCTTTCTCATGCTAGTCCAGTCATCGCTGATGTCTTCCAGGAATATTCCTATTCAAGTAACCAAACTGTTTAGCTTTTCCAATTCTGGCATTGTAGAGAAACAGTTTTTCAGACACACAGTCTATTTGTTCAAACGTGCTTCCCTACATCTGGATTCTGTATG,"[[118644629, ""G"", [""T""]]]",yes,no,G->T,1
chr1,164907679,164908126,GTCTTTTAGCATGCTAATGCATTATAATTAACATATAATGAGCAGTGAGGATGAACAGAGGTCACTTTTGTCCCCATCTTGGTTTTGGTGGGTTTTGGCTAGCTTCTTTATCACAACCTGTTTTATCACCCAGGTCTTATCACCTGTATCTTGTGCTGATCTCTTATCTCATCCTGTGACTCAGAATGCCTAACTTCCTGGGAAAGCAGCCCAGTAGATCTCAGTCTCATTTTACCCTATTTAAGATGGAGTCACTTTGGTTCAAATGCCTCTGACAGATATACTTCTTACCCATTGTTCTCAGCTTGGGGCTTTAACCAACATTCTGGGACATTGGGAAAAAATCTCACTCAATATTTTGTTACTTAAGAAAAATCATTTTCGTTAGCTTGAAATTTATTCAAGAAGATGAGAGAACAGAATTTCAAAATCCCCTAAAGATGTGAGT,"[[164907709, ""G"", [""A""]], [164907925, ""C"", [""T""]], [164908109, ""C"", [""T""]]]",yes,yes,C->T,3
chr2,101887282,101887721,TTGTTTTGACTTTCTTCTTTACTCTGCTTAGTGAACTAACACAAGCAGGGATTCATTTCCCCCTGGTGTGGGGGTGAGTATTTAAATGATACGCAATTTTCAATAGCTCCATGCTCTTAGACAAGTGGAAATCCGCCTTCCTGGCTCTGTGGAGCCCTTGTGAAAACCTCTTAGCTCTTGCTTTGACTAACATGGGATGGATTTGGGGCAGTTGCTGCCAGGCCAGAATATCCCTGGGTTGGGAGTGGTTCTCAATTGGAGCCCAGCATCCAATGTTTCATGGGCCTCAGGAGATATGAGTCAGTAGAGTATATTACTGGGAAAAAGCAGAGTTGGGGATATATATTGCATGACTATTCTAAAATGTTAATCTAATTGCTGTATTTATCTTCAGAGATATGGTACCAGTGCATTCACTAAGAGTCTTACTGAGCACTTGC,"[[101887344, ""T"", [""C""]]]",yes,no,T->C,1
chr10,24756403,24756691,GTGCTAGTTCTCAGTCTAGGCCTCATGAAGCCTTATGTGCTTCAATTCTCTTCCTTGGAATGCTGCAACCACTATATGGCAAGTCCAGGCTTGCCTGCTGTAGGATAAGGGACCACATGGAGCAGAGATGAGTTTCCCAACTGAAACCATCCTAGACCTCCCAATCCTCAGCCTATCGAGCAGCTGATGGTGGATGCATGAGCTAGCCCAGCCAAGATGTGCTGAGCATGGTTAGGATCAAAATCACCCAGGAGCCCTGCAGACTTGTAAGCTAAATAAGTGCCTTTTG,N,no,no,N,0
chr2,169146287,169146589,GATATGTGCTGGGTCATTGCAATTCTGCAGAGTCGGAACAACAACAACAAAAAATGTTCATCTCCTAGATATTTACAGTTGTGCATACTGGGCAATCTAGTAAAGTGAAAATGAATGTGTCCAGAAGCGGTTAGACATGAATTAACATTGGTACACATGAAACCACCTCTACTGGGGCAACCTAACAGGAAACTCAGTTATTTCAATATCTTCTGCTGAGAAGCATTTTTTTTTAAAGTTGTGTAAAAAGGACGAAAAGGATTTAATTATTGCTAATGAACTCATCTGCATTTAATTCAGCAG,"[[169146321, ""T"", [""G""]]]",yes,no,T->G,1
chr6,116096152,116096417,CCTGGACAAACCCACTGGCCCTTTGACTGGCCTAAAGAGTTCCCCTCTAGAGGACAGTACAACTGTAGGGCCCCTTCTTTGCCCCTATCCCACAGGAAGTAGCTAGAATGGTCATCGCCCAATTCCCAACAGCAGTTGGGGTGTCCTGTTTAGAGGAGAGATTGAGAGGTGAAGCCAGCTGTACTTTGTGGGTCGAGTGGGGATTTTTTGTGTCTAGCTAAAGGATTGTAAATGTACCAATCAATACTCTGTGTCTAACTAAAGGA,"[[116096153, ""G"", [""C""]]]",yes,no,G->C,1
chrX,96373429,96373674,CAAGTGCTTATTATATAATCTCAGAAATAGAAACCATTCAAGAGTTTAGGACCTTCTTTTGCTAGGTGGTTTCCGAATGCCCAAAAATAAAACAGATGGTCTCTGCCAATGATAGAAAGTTTCCATATGGCAGGTGCTTGGCTCCAGTGGATGCCTTGAGAGGAGGCCCATTGCCCCACACATTGTGTCCTCCACAATGAAATAGAGAAAACCATGACTTATATGACTATGATGTTTAATTGTATG,N,no,no,N,0
chr14,94691744,94692013,ATCCCAGGGCCACCAATTACTAAATATTCATGGTTACTCCTCCACACTGAGCTGTGGGTCCCCTAATTAAGGAGGCTATGTCATTGCTGACTCAGCTGGTGCCTTCTCTCTCCCAAAACTACCACAAGATAGCGTCTGACTCATCACGCTTGTTCTTACTGGCTGCGCACACGCTTGTTCGTGTGTGGAAGGCATGTGTGTGCATTAAAAGCCATTTAATGTGCACAACACATGACATTATAGCTGCCATTGCATGCTCAATCACTTTGT,"[[94691789, ""G"", [""A""]], [94691964, ""A"", [""G""]]]",yes,yes,G->A,2
chr10,8586490,8586947,GTCCTAAAGGGCCCCTCAATCTCAGACACAGCTGATAAGCTGGATTATCTCATCAAGGTTGTGAGAGGAATGGAAACAACAGGAGTGTCCAGGGCCATTTCATTGCCCTTGTTAAATACGATGAAAATTGACCAAGTAGTAGCCCATGGCAATAGGTTAGTCAAACTAAGACTTGACTAAGAGGCTGATCATAATAATGTAATGAGAAAAATGAGCAAGACATTTGAATGGCAAGGTTGTGTGGGTGGCAGGCTTGTCGTTGAGGTAACTGATGTTATAACTTTATTGCACTCTTATTTCAGTCAAGTGAAATATCTCCATGACAAGCCAAGACAGAGCTCTGCAACAATAGACACTTACAGTTCTGTTCGTTCATTCTTTCTCTTTCATTCTTTCTCCTTTCTTTCTTCCTTCCTCCCTTCCTCCCTGCCTCCTTCTTTCCTTCCTTCCTTCCCTCT,"[[8586596, ""T"", [""C""]], [8586850, ""T"", [""A""]]]",yes,yes,T->C,2
chr11,48906608,48906822,AGTTAACAATCCTGAAAAATAAGTTGAAAAAACTGTGGAGTGTTAGAACTGTATAAGTCTCTAGGGAAGCTTGTTTCTAAAAGGCAGGTGTAGCTGCCTAAAACAAGTTTCACATTCTTTATCTTGAAAAGGAAACAGCAGATGCAGCAGTCTCCCCAGAACCCTGCTATTTCAGACAAAGATGTCAGGGGAGTCTGCCAAGAAGTGGAACTCAG,"[[48906616, ""G"", [""A""]], [48906697, ""C"", [""G""]], [48906708, ""G"", [""A""]]]",yes,yes,G->A,3
chr6,134322218,134322566,AGTCTATCTTCCCATAGATTAAAGTGTTTTTGTGTGATACATTTAGTTGTTGAATGGAATGTAATTTTTTTCGATAGCACCCCAGAATACACAAAAGATAACAAACAATAAAGTATCTGTTTAGTGACAAATGTCCCTAAGGAGAAAGGGATAAAAATACATCACCTCATGAGAAATGTTTTACATTCCTTTTTGGCCTGAGTGACTCGATCATATGCTTAAAACTCCAGCCACAGTGGTAGTGATGTATTTAATGAAGAATTAGGAAACCCTGCTGGGGATTATGGGTTTGTTTTTGTACATGCAAAAGACCCTTTTTAATTTTATTTTATTTGCTTTTTTGAGAAAG,N,no,no,N,0
chr17,1433809,1434053,GCACCCAGCATGTATGGTTTTTTTTTTTTTTTTTTTTTTAGATCACCTGGCTAATTTTTAAAAACATTTTTTGTAGAGACCGGATCTCACCATGTTGCCCAGGCTGGTTTCAAACACCTGGACTCAAGCGATCCTCCCACCTCAGCCTCCGAAAGTGCTGGGATTACAGGCGTAAGTCACAGCACCTGGCCAAACATCAGCCTGTTGTTTTTGCAGCTTTATTGGAACACAGCAAGCTCATCTGT,N,no,no,N,0
chr2,54909045,54909350,GGTTTTAAGTGAAGTATGATCTTTCAAACTATGGTGTAAAGTGAGTTGTTGGGATTTATCTGAGGATTACAGTCCTCTGAATTATCTTAGTATCTCATGGCCAAATATCATCTAAAATTAGCCATATTCAAAGAATGTGTTCACTGAATAACTGTCCACGTGCTTTGTCATTTGCAATCACTCTTGAGTGTCCTAAAAATAGAATTACTTTACAGATGTATTTAGTTCATCGGAAAAGTATTGGTTACTCATTTTCTTATAATTCTAAATAGTCAAAGATAACTAACTCCCTTTTTTCTTTTCTCA,"[[54909069, ""G"", [""C""]], [54909197, ""C"", [""T""]]]",yes,yes,G->C,2
chr7,15864262,15864572,TACCTGCCTCCCCTGTCATGGTTATTGCAGTCTCTTGGCTTTTTTGGCTTTCAAGTCACTGTCCCTTCAAGCCTTTGGTTTGAGAATATAGTAAATGTTCTTGGCAACCTGACTAGCAGGCACTCTTTTTTTTTTTTTATTTTTGCCTTCCAGAGAAGCCTGAGTCAGTTTGGTCAGGTTTCCAAACATCCTTCATGTAAATTATGTGCCTCAAAAGAAGGGTGACTTTATCAGTCTCTGCTTATTGGTGGGCATGATTCATCTAAGGTAGCCTCCTTGTTTTACTGGCAACTGAGTCAAGTATGAGTATG,"[[15864263, ""G"", [""A""]], [15864507, ""G"", [""T""]]]",yes,yes,G->A,2
chr4,48008001,48008414,GATATAAATAAAATATCTTATAATTTATTAAGAGTAAATCAATACCCTAAGGAACTTTTATTGTTCTAATCAATTCTTTACTATATAAATGTTTTTGGGTTTTTTTACATCAAACCAAGTCTCTGGAAAGACCATTGTAATTTCCCTTTAACTACAGACAACTTGATCATATAAGTTTTGGGGTTTTTTTTAAATAAATTCTTTCATTGTGACTTACCCAGACCATTCATGACATGCTTGGACTTTCTGGTTTGTCCTGAACATCCCTTTCTTAAACAACCAGTCATTTTATTCTAGGTCTAAATTTACCATGTAATATTCTTTCTCATATAAAATTATTTCTCTTTAAGCTTTCTTACCAAAATATACCTCTTTATTTCTATAAGTTTCTTTACATCTCTCTTATTTCCTGGC,"[[48008015, ""C"", [""A""]]]",yes,no,C->A,1
chr3,108383278,108383672,ACTTTGTTCCATGGACTCCTGACTACTTTACACTAATGAATCCAGGCCCTAAATCTTAGATCCTGCAAGTTAACATGGAAGTAAGCATTTGAAAAGTATAAATACAATGTGCATGTCACTCAAATGCTTAGCATTTCATCTACCAGGACAAGTATAATTTAGCAAACATGGGAAGATTTTATTGGAACCCTTTGTTCTTATCTTTTAAAAGCTTTTAAGAAGAAAAACAAATTTCTTGTTATACTGGTCCATGCAATGACATCAGCCCTAAACAAACATGATTAAAGAGTTAGAACAGAGTTGAATATCTGCCATACCTTTTTCCCAAACTCTCTTGCTTTAATTTTGAGTTTATTGACTTGAGATTCTGCCACCTCTGCCCTTTCCTTCACTTC,"[[108383497, ""G"", [""A""]]]",yes,no,G->A,1
chr10,30718351,30718566,TAAAATTATTACTCAGTACTATATTGAAGACATATTTTTGCAAATCATCACTCAACAGAAGTTCTTTTGCTTTTGGTTTTTTTTTTTTGTTTTTTTTTTTTTTTGAGACGGAGTCACACTCTTGTCGCCCAGGCTGGAGTGCAATGGCGCCATCTGGGCTCGCTGCAACCTCTGCCTCCTGAGTTCAAGCAATTCCCCTGCCTCAGTCTCCTGAGT,"[[30718439, ""T"", [""G""]], [30718530, ""C"", [""T""]]]",yes,yes,C->T,2
chr15,69239345,69239625,ATGTAGAAAGATAGAAAGCACCTAGGTCCTTGATGAGCACATAGCTTCATATATGCTCCAGACTGCCTATTTCTAGATATATTTTATATGAGTGAAAACCCAAGCTGGAACATAAGATGGTTTATTTCTGGTGTCTGTTACTAATAGCAAAACCTGTTCCTCACAGGTACAGATAGCAGTGTGGTACAAGCATCTGACTCCCTCTAACCCCACATCTAGTTACCACTGAAATGACTATAAATATATCTAAATAGAGTGTACCAGCATTGAAAACACCAAAA,"[[69239391, ""G"", [""T""]]]",yes,no,G->T,1
chr5,20195855,20196246,TACTTAATCACTTAATGGAAAGTGTGTAGATTTCCCATTCTTAAAAATGTATGGGACTCAAAAACTCCAATCACTTAACAAAATCAAAAGTAAGTTAGAACCAGATGATTATGGAGGAGTTAAAACCTTCTACAATACCTGCTTTACCACTGTGGGAGAGATTGAATATTTAGCATCCTTCCTGGAAGGTATGGACATCTGTTCATCTTCTAAGTCAATGACTGACAGATGACTGTACATCTGTTTGCATACAAAGTGAGAGACGGCAAGGCAGGGTGTTGTTTCTGCATTTTTTATTTGTTTGTTTTTCATCACAATTTTCCTTTCTGACACTCCACCTAACAGCAGTATTTTGATAGATCCCAGAATATATTGTCATAATAGGTCAGAGT,"[[20195919, ""T"", [""C""]]]",yes,no,T->C,1
chr13,62920128,62920620,CAAGTAGAGAAGTGATGGTTTCCATAGTTTTTTGAAGTCTTACTATTCCAAAGCAGAGGCAATGCATAGATATTTTGTAAATATGATTATTCCAGCAGAAAATAGTATTCCTTGGCCAAGAGAGAGCAAGCCCTGTTCCCACACTGTGTCACATGTAGTTAGGTGATCCCAGTGAGTCACAATATGTTTCCTGGATCAAAAGTATGAGTGTCACATGGGAACTTAGAAGAAATAAAAATTATAAGGCAACTCCCCAGATCTACTGAATCACAAACTCTGGTGGTGAGGTCAGCAATCTGCGTTTAATAAGCACTCAATATGATTCTAATTAAGGTTTGAGAAACACTGGGTTGGCCTAAGAGGAGTGGGAGGTAAGACTCCTTTTTTCTAAGAAGTAATTAGGAGATATGTGGGCCCAGGAAAAGCTACGTGTGTGAATAGTTTTGAGTGTCTGGCCAGGTCCCCCTGAGCCAGCTCTCTGCTCAGTTACTAA,"[[62920134, ""A"", [""G""]], [62920168, ""C"", [""T""]], [62920170, ""T"", [""C""]]]",yes,yes,T->C,3
chr8,77932875,77933227,TATTTACTGTCTTATCTGTAAAGAAGAACTTTTCCCCATAGCATATGTCACTAGATTAGATTTTTTACTCACCATTTCATATGTATTACCACAATGTTCCCATTGCAGCATGTGGGCCATCTTTCATTTTCAGTCACATATCCTCTTGTGGGTTGAAGGGGGTGTGGCTAGCAAATGTGAAGGAAAAGAGAAAGGAAATATATCTAACCAATTTCACTCTATTTTAGTGACAGCAAATAAGACTCAAAGTGTCAGCTAAAAAATAAAAGGTATTTTTACTTCAAAAGCTTTCTTATTCTATCAAATTTTGCCATTCTAACAGAGAATCTAATCTCAGAAACTTCTTTATTTTT,N,no,no,N,0
chr8,34004451,34004670,GCATATGGCAGAGGTCCCTGGATCCTTCCCAGGAAACCATTTTTCCCTCCTAGGCCTCCAGGCCTGTGATGGGAGGAGCTGCCAGGAAGATTTCCAAAATACTCTAGAGACATTTTCCCCATTTTCTTGGAAATTAACATTTGGTCCCTCATTACTTTTGCAAATTTTTACTGCTGGCTTGAATTTCTCCCCAGAAAATGGGTGTTTCTTTTCTACTACC,"[[34004454, ""C"", [""T""]], [34004551, ""G"", [""A""]]]",yes,yes,G->A,2
chr3,128580382,128580609,GTGTGTGTGTGTGTGTGTGTGTGTGTGTGTGTGTGTGTGTGTGTGGTTTAATTTCCTCTGGACACATCAAAATTCTCTGCATTTCATTATCACCACCTGCCACCAGGAGGGGACAGGCTGCCTGAGAATGGAGCCAACAGGAAAGAATTCAGAAGGAAGCCCAGATCTGAGAAACATGGAGTCCTGCTGACCCAATGAGCCCCTAAGTCCGCCATGCCTGCAACTACC,N,no,no,N,0
chr13,90533879,90534247,TTTTTGTATTCTCCATAAAAACCTTCTATGTTTTATTTCCTTAAGAATAATGCATATTTGTCATTATGCTCAAGCCAGGTGTTACTGTTACTTAGCTAGTCTATTTTTTTAACTGGTTTACGTCTGACTATAGTCTTTGTCATTCCCACCAGCTGTACACTCAAACAGCTGTGCCTCCCCCTCTTTCACTCAGAGCAATTTCCAGGGACTTGTATTTAAAGGAGAGTGAAATGTTGTCTCTAATTATAACAGCAATCTGTTCCGCAGCAGTTTTCACACTCTACTTACATTCCCTACTGTGTTTTTCCAATAGTTTTACCCTTTCTTCCATTTCTCTAATTTTTGCTCTAAACCCATCAAACTGCTGAT,"[[90533902, ""C"", [""T""]], [90534111, ""A"", [""G""]]]",yes,yes,C->T,2
chr3,46916594,46916871,GAAAATATCCTTTATGATTTTTTTAAAAGGAGAATGCTTATTTCATTTTTAAAAAACAACTTTATACATATACAGCCCACCCATTAAAGTGTACAATTCAATGGCTCTTGGCATATTCAGCATATTCACAGATTTGTGCAACCACAATCACTTTTAGAACATTTTCATTACCCCAAAATAGATTTTCATTTAGTGAGAGTCTGCTGGTGACAGAATCCCTGACTTCGTTGGTCTAAAAACATCTTAGGCCAGGTGCGGTGGCTCAGGCCTGTAATCCC,N,no,no,N,0
chr7,42726041,42726485,TAACTTCAACATATGTATGACAGGTCAGTGCCCATGTCTGAGAGATGTGTCAGAGGCTCCTTTATCCTCATTCATTTCATCATTTTAGAACCCAAATCAGGAGTGTGAGAGGCTGTGCCTGATTTCTCTTTCCATTACTCAAAAAGAACTCAGGACATATTTTTAGGAGGATGTTGGGGGATGTGATTCAAACTCGTCTCCCGAGACAGTGATTTTGCTCTTTGACTGCTTCTGTGGGGAAGGCGGAATGCATTACATTCCAGCCAATTGCATTAAAAACTTCCATGAGCAGACAAGTTGGGTAAGCCTGAGAACCCACATGGGCTTGTGGTCTTATTTTCCTTTTGCTTAAACTCTGAAATATAAATAAATTAGCACATTAATTTAAAAATCACTTGATTCCTAAAATGGTAATAAACTACGTAATTTTGAAATAGGCAGCATG,"[[42726077, ""A"", [""T""]], [42726381, ""T"", [""C""]]]",yes,yes,T->C,2
chr3,144233749,144234090,ATCTTACTGAAGACTAATAGTTGGAAATAAATTATCTGGTATTGATCACAAAAGCCCATGAATGAGACCACAAAGGCAAATATTTCTGACTTTGTGGTGAAGCTCATATTGGCATGCAAGCTTTGTCCATAAAATGTGTCCCTTGCTTATGATAGGATGTAGGGGTTATGAGTAAGACAAATGCCAGATGTGGGGAAGGATGTTCAAGTGTTGCAATGGGAGAGAAAGTTTTGGCTTAAGAAAATCTATAGAGTACCCTTCTCTCAAACAGAGGTACCAATATTATCTGTTCTCATACTTTGGTGAGCATCATAAGACTAATCACATTTTATAAATTCTGTG,"[[144233842, ""C"", [""G""]]]",yes,no,C->G,1
chr8,100102491,100102789,GTGCAAGACATGTTAATTATTTAATCTATAGACAATACTTGGTTGAGCATATGAATTTGACAATCTGGTTATAAACTGCTCTCAGCTAAAAGATGCTCAGAGCTCACAGGCAGTCTGGATGATGTTAGGTTGGAAAGGCTTCATGGAGGAGATTAGCTGGGCCTTGAAGAATGTGCAAGATTGTGAAATAGATGGGGAAGGGCAACTGAGACAAAATTTGACAGCAAAGGCAAGGAGACAAGTGGGGTATAGTTTGGCTGGGGCAGGAGGCATGTGGATGTACTTTATAAATCAAAAAC,"[[100102551, ""G"", [""C""]]]",yes,no,G->C,1
chr7,68440878,68441299,AGAGGTAACAAATTCTTCCCCAGAAAAGGCTTCACAAAAGAAAGGATGTTTGAGATTCATTTTGCAGACACTTTGGCCAGCCAGAGAAGACAAGGCTTTAGGCTGATGGGCTCCTATGCAGATGCCATAATGTTATGCCCATCTGCATCATGGCTGTGTTTTCCTGGCAAAAGCCACTCATATAATTCCTTATGTGCTGCTGAACGGGTCTCGCTGACACAATACAGCCTGACAGAGTGGAGACAGCCAGCTACAAAGCATCAGAATGCTGGCTTCTAGCCCCAGGAGTACAACTGCGAGCATGTCTTTTTTTTTTTTTTTTTTTTTTTTTAACGGTGTCTCACTCTGTCGCCCAGGCTGGAATGCAGTAGCGTGATCTCTGCTCACTGCAGCCTCCACCTCCCGGGTTCAAGCGATTCTCC,"[[68440919, ""G"", [""A""]]]",yes,no,G->A,1
chrX,25206890,25207118,TGAATCCTGAAGGGGTGATTCACCTCTTTTAGGCTCAGCCACGTTTTTCCAACCTTTGTATCCTCAGGCAGAAAACTGTGGTTTAAACATGGCATCCCAATGAGTCAGGAAATGACTTCACTTCTTACTGAACTGCTTTTCTCTCTAATGGGAAGCCCTGAAATAGATGTGCCTTGCATCCCTGCTGCAAGCCTTTGCTGTCATTTAGAGGAGCTATTGCTCTATCAGA,N,no,no,N,0
chr11,78641555,78641789,TTTGATTTCTGCTCTTTATTATTTCCTTTTTTTCTGCTTGCTTTCTGTTAATTTTGCTCTTATTTTCTTGTTTCTTAGGGTAGACAGTTTAGATTCTTGATTTGAGAACATACTCTTTCAATTATCTTAAAATTGTGAAAACTTATTTTATGACCCAGGATGTGGTTTATCCTGGTGAATGTTTCATGTGCACTTGAAAAGAATGTGCATTTGGCTGTTGTTGGGCAGAGTATTA,"[[78641639, ""A"", [""C""]], [78641741, ""C"", [""T""]]]",yes,yes,A->C,2
chr4,125836793,125837168,TCTGTCATTCTCAGATTTTCGTTCTCATTCTCATAGTTTTAAGGTGCCATCTAGAGCCCTCAGTTTTCACATCCAAATTCTAGGCAGGATGAAGGATAAGAAGGAAGTAGCACAAGGGACACACAAACTGTGAATATTTAAACATTTTTCTGGGGAACTACATCTAACCCCTCCCCTTCACATTATCTGTCTGCAGAGGAGAGGAAACCTACATGTTAGCTGGACAGAGCAGAGGAAGTGGATGTTGGGTTTATGACTAGCAGTCTCTGCTGCTGGAATATCCCTGCCTATTCAGTTTATTTGATTGTTGAAATGTAATCTAATTCAGATTCCTTGCCAGTGAATTCGCTGCAGTGCTCTAATTATTTTCCTTTTC,N,no,no,N,0
chr14,81357513,81357724,CTAGAAATACCATTTGACCCAGCCATCCCATTACTGGGTATATACCCAAAGGACTATAAATCATGCTGCTATAAAGACACATGCACACGTATGTTTATTGTGGCACTATTCACTTGGAACCAACCCAAATGTCCAACAGTGATAGACTGGATTAAGAAAATGTGGCACATATACACCATGGAATACTACGCAGCCATAAAAAATGATGAGTT,N,no,no,N,0
chr13,91331128,91331377,TTTTCTTTAATATATTCATATGACAAATTTTGAATGACTAAGAAACCCATATAAAAGTAGTAATACCCTTCTACCTAGCTTGGCAGTTTTTAGATTTAAAAAACCACAAGATATTTCTGAAAAATGAAAATGAAAATGAAAAAGTATACAGAGTGTTTTGAATCTCTAAGTCTCTAATTCTAGCTTAGCTGACATTATTCGAATGTCATCTAAAATGTATCAAATGTAATAGTGTCTACCTGTAAAGTAC,"[[91331172, ""T"", [""A""]]]",yes,no,T->A,1
chr11,18563090,18563370,TTCTTGTGCTTACCAAAAAAAAAAAAAGACAAATAATTACAAATAAATAAAACTTAGTACTGTTAGGGATGTCAAAAATCAGGTTGATGTGCATGTTATTAGCAGCATAAATTAGTTCTGCCTTTCCAAAGAGCAATCTGGCACTATGTCATAAGTGCTATAAAAACCATTCATGCCCTCTGACTCACTAGTACTATTTTTTAAAATTATGTACAACCAGGCCGGGTGCAGTGGGGCATGCTTGTACTCCCAGCACTTTGGGAGGCTGAGGCAGGAAGATT,N,no,no,N,0
chr6,115612268,115612581,CTAATAAACTTGTTAAAAATTCTTATTTCCCAGATTCACCTTTTGAATTCTGAACCTGTATGTCTGAGTTGGATTTTAGAAATGTGCAGTTTTATTTAGTGTCCTAAGAAATGCTGATGGAGGGAGACCTTTTGCAACATCTTGAGCAATAGTTCAAGGGTTGCAAAAAGCAATCCCATTCTCCATTTGGACTCAAAGGCACCTAGTAACACAGACACAGAAAGAGTCATATTAAATTACATATTATTTAGAGGAAAATTATTTAGAAAACAATTTTAGAAAATGTCTAATTACCAGAACTTTTTTTCTTAATT,N,no,no,N,0
chr2,223597134,223597416,GCATCAACAATGCCACAGCCATTAGATATACTATTAAACACAGTCATAGATTTCTTTCTTGAATAATGGACATAATAAATTTTTTATCAAGGAGTCATAACATTTACACATATCCATACACAAGATAACAGCTCAGAGGAAATGAAGCAGACTCCCCAGTGACCTGGTTTCATCTGCCTGTACATCATTTAAAGATATTACAGTGTTAACAGGATAGAAGTCAACACACTGAAGAGAAATGTTGGGATTTGCTTGGGGTGGGAGGAATGAAAGTAGGGTAATT,"[[223597185, ""A"", [""T""]]]",yes,no,A->T,1
chr2,128108148,128108573,GAATTACAGAACTATTATCACTTTTTTGCCTGAAATTTTCTAGGATTTATGATTTTTAAAAAAAATAATAAGCAAAATTGATGTTAAGTCTTCAACCCACAGATTTAAAAAAATAAAAGAATATCTATATAGAAAAAAGACAGCAATATTTTATTTATGCATTGCAGCCTGGGAGATGTAATCTTGTTAAACCAATGAGCCAGCATCTAATTACAGCCTGTAGTTCTAAAAGCAGTTCACAGGAAATACAGGAGGCAAGAAATGTTTAGCATCACCACAGGGATGCAGTCAGGAAAATCTAGAATTCAGGAATCGTTGTAGTAAAGTAATCTAGTTTCTTCAGTACATAAATTATGGAAATTTCTATTGTAATTGAAAAGAAAAAGAGGGACAGAGGAACCTCAAGTTAAGAGAGACTTAAGAAGA,"[[128108158, ""G"", [""A""]]]",yes,no,G->A,1
chr10,12344805,12345049,TACCTCTTCCAAAAGAAATGTGAAACTACAGTGCTGAGTTCTTTGTCTTCCTGTTGCCTCAGTGACAGACTGCTTTTTGCAAAGGTGGCAGTTTTGTGTGACTCCTCATTTAGTTACGTGTTTCCTTGGTGTAGATTCTAGTGCACACCATCAACAACTTATGTTAACCAGCAGTGTATAAGAAATGAGCTCCAGTAACTCTCTACTATTTCTAGGAACTGAGGACACAATTTAAGGTGCTAACA,"[[12344824, ""C"", [""G""]], [12344906, ""T"", [""C""]]]",yes,yes,T->C,2
chr14,42459249,42459495,ATTCCATTAAACTGGAGGCTGAGATTGCCACCTGGCCGCTTTGGGCTCCTGCTACCTTTAAGTCAACAGGATAAGTAGGGAGTTACAGTGTTTGCTGGGGTGATTGACCCAGACTGTCAAGATGAAATCAGTCTACTACTCCACAATGGATGTAAGGAAGGGTATGCATGGAATACAAGAGATGCCTTAGGGCGTCTTTTAGTAATGCCATGTGCTGTGATTAAGGTCAATGGGAAACTACAACAGC,"[[42459286, ""A"", [""G""]], [42459462, ""C"", [""G""]]]",yes,yes,C->G,2
chr7,139490210,139490596,GAGTGACGAGGCAGCCTCATTTTAGTGGAGGATCCACCTGCAGCTGGGCGAGGCAGAGGAGAGAGAGCTAGGCAGCTCTAGGGGAGGAACAAAAGGTAGCTTTAGGTCAAGAGTGTGGGTAAGGCGGGGACTGAGAAAACATTCCACCTGAATACACACAAGCTTATCCCGGGAGAATTGGAGAAGAGCCATGGCCAGCAGGAAAACAGCTCCCTGAGACATCTGTGTGTTGAAACAAAGGCCCTCCCTTGAGGTGGAGGTTGCAGTGAGCTGAGATCACGCCATTGCACTCCAGCCTGGGCAACAAGAGGGAAACTCCATCTCAAAAAAAAAAAAAAAAAAAGGAACATGAGGTCAGGAGTTTGAGACCAGCCTGACCAACATGGT,"[[139490335, ""A"", [""G""]]]",yes,no,A->G,1
chr7,112459688,112459995,TTCTTCTTATCATCACCACCCAATGTAAATTGGCTGGAACCCCAGGCCTCCACTGCAGCTCTGCCCACCTCTAGGTTCTCTCGATATGGCAGCCAGGGTAGCTAGGTGACAGACTCAGCCAGAGCACATCACTTTTGCATCTAGTTCCTTGGCTTACCAGCCACCTGGAGGCTGGGAATAGTCTAGCTGTTTGCCCTGGAGGCAAAGAAATTGGAGTTTGGCAACTTCATAGTAATCTCTGTGCCCTCCAGTAGTTAGTAATTCTGAAATATTTAATTAGCTTTTGCTACTTAACTTTTTCTTTTCTT,N,no,no,N,0
chr6,113884053,113884371,ACAAAGACTTACTCTACATTGCAACCTATTGCAGTGGAAAACAAACAAAGAAAAACAAAAACAGGCTGGCTGGCACTGAAAGTGCTGGCAGGCTGAAGCAGTAATCTGTTGGTAATTTTATAAGATTTCTTTGCTGATTACTATTTGGGCAGTGTCCACATCACTGATGAGTTCACACACTCACAGCTGTTCTAGGAGCAAGACAACATCTCCAAAAACAGACAAGGATTATTCTGACCATTTAAAAAGCTGGTTCCTGCTAATAGTATTGTTGATGATCTTCTACGAGAATTTCAATTAAATGAAAATCAAATGCCAG,"[[113884069, ""A"", [""C""]]]",yes,no,A->C,1
chr11,90645629,90646039,TATTTTTAAAATAAAAAATGTAAAAAACAAACAAAAAAAACCCTTCTAGTTCAGACTCAGAAATCTTGAAAACAGGTTATTTTGGAAGAGAACTCCGTGGGTGGCTTTAATTTCTTATTTTTGCACTCAGAACACAGCTGTCACTCGTAACAAAGTTAAAGACGGTAAAGTCCTGCTGTAGTTGGCTATTTAGTTCACAGCCAGGAGGAAGCTTTTCACAGTGTATTCCCCAGTGACTTGTCTAATCTAGTTTAAAATGACTGAAATGATAAAGGCAGAGCACTTTTACTAAGAAGCTATTAAATAGCCTAAGATAACTTCATTGTTCCAATAATATCACCAGGTTCATCATCTGGTGCAAAGAATGGGTGTATATTTAGTTTATAAATTTACTTTTAAAAAGCATATAGT,"[[90645668, ""C"", [""A""]]]",yes,no,C->A,1
chrX,62716409,62716819,ACTGGATATACCAGCATTTATTATCAGGTTTAGTGAGGGAGGGGGTGAAACAGTGAAGGGTTTGGGGTCGTATGATTGTGGGGTGAGATGATCACATGGGGATGAAGTAACTTCTTGTCATCCAAAGTATAGGTTTACAAAAGATAAGCTTTTACAATATAGTGTGTGCATCAGCAGTTTAACAGACCTATAAAGTAGGAATAAATTCTACCCACAACCTATGTTTAGCAAGATACTAATCAGCAGCAGCAGCTGCAGCAGAAGGTAGTTGCAAACAATTAATAGAAACAGGACGTGAAACTAGACAACCGGTTAGATGACAAATTCTCAGAAGAGTGTAGGCTTTAACCCTAAAGAGGCCTAGAAGAGCCACTGTAAGATAAGGGCGTTTATAGCTCTATCTTATCCATG,N,no,no,N,0
chr7,24439087,24439458,GGTAAGCACAAGGTGAAGCTTCAACCAACTGACTACCTGTCTTACATTTTGGAGCATAAGATTAACTTTTCCTGCCAAAAAATTTCAGCAAAAATGTTCTTGAAAGAAGCATGTGCAAATCAAATGGAAGAATACGTGGTTTGGGAAATGAGAAGACTTTAGCATTGTGTTTGATGAGCATTACATTTTTACGGCCTGTAGGGGCTTGTAGCTTCCTTGTCCTGATTATGCAATCCCACAGCATGGCACACAGGAAAAGATGTGCCTAGTGCCTGTTGAAGCAGAGCAAGGATAACAAGAATAAATGAATATGAAGTCTTTCTATCTTCTTTCTGCCTTTCAGGAAGGGTTTTTGCTTTGTGGCTGTCAGCA,"[[24439382, ""G"", [""C""]], [24439386, ""G"", [""A""]]]",yes,yes,G->C,2
chr9,96379496,96379848,CTGACCAGAAACAATCTGCCCAAAATGAAAGAGGAAAAAGTATCCCCTGAGCTACATTCCCATGACCCTGAGAATTAGGTAACTACCAAAAGGTCCTTTCTTCTATCCTACAACACAACATTCTATCCTCAGACAACTCATGCTTGGATCCGATTTCTATGGTTTATTGTTGTAACCACATCAACCCACTCCTCCTCCCCTCAATAATGTGAGCTTAAAGCATTTTGAGAGGAAAGAATGAACAATGTTATGTGAACAGGGTTCTCCAACTGTATATTACATTACAGAAATGTGGAATGTTTATTTAAAAGGATTATGAGGGTTTTGGCCTTCCTATGGCAAGAACTCCATTT,"[[96379566, ""C"", [""A""]]]",yes,no,C->A,1
chr9,40490252,40490507,TCTCCTGGATTTCCCTACAGGCATCTTGCCTCTCACCCTGTGCTGGGCCCCGTGCTCCAGAACAGCTCATCGGCGCTTTGCCCACATGTTCTGCTGGCAGAGTCTCCCCGATTCCATCTTCCACAGCCCTCTCAAACATGTGCTTTCTTCTCCAACCCCAGATCAGTCATCACCCTCTCTCTGTCCCAGATCAAAAACAGCCTCTTAACTGGTTCCTTCTTGCCAGCCTTGCCTGTCCTGCTTATGCTCCACACTG,N,no,no,N,0
chr2,180767848,180768112,GGAAGTAAAGCACTCCTCAGCAAATGTAAAAGAACAGAAATCACAACAAACTGTCTCTCAGACCACAGTGCAATCAAACTAGAACTCAGGATTAAGAAATTCATTCAAAACCGCTCAACTACATGGAAACTGAACAACCTGCTCCTGAATGACTACTGGGTACATAACGATTTTGAAACTAACGAGAACAAAGACAAAACATACCAGAATCTCTGGGACACATTCAAAGCAGTATGTAGAGGGAAATTTATAGCACTAAATGCCC,"[[180767951, ""C"", [""T""]], [180768044, ""C"", [""A""]]]",yes,yes,C->T,2
chr2,165391839,165392151,CCCACAAAACCAGGTAGTGAAGTTATATTACCAGTTACAGCAAAATACTTTGTGTTTCACAAGCAACAATAAATGTAGATTCTTTATACTGAAGCTATTGACTTGTAGTGTGTTGGTGAAATGCATGCAGGAAAATGCTGTTACCATAAAGAACGGTAAACCACATTACAATCAAGCCAAAAGAATAAAGGTTTCGCTTTTGTTTTTGTATTTAATTGTTGTCTTTGTTTCTATCTTTGAAATGCCATTTAAAGGTAGATTTCTATCATGTAAAAATAATCTATCTGAAAAACAAATGTAAAGAACACACATT,N,no,no,N,0
chr9,1454998,1455360,GCTATCTGTTTAATAATCTATTTTTGAAATCACACAGAGATTGATGTTATGCGCCTTGGGATTGAATCTTTGAAATTCGCCAGTCCCCTTCTTTTGGAAATCTGGACAACATTTGTAAGTTTGCAATCTTCTGGAACCACGCCTGCTTTCTATGATTCCTCCAGGATCGCTGACACTGGTTCTGTGACCACATCTGCAAGTTCTTTTAATACCCTGGGATCTTGATGTGCGGCACAGGAAACTTCAACTCATTCACTGCAGCCATTTCCCCTGTCTATCCTCATCTTTCTTTGGCAACAACCCTTTCCTATGAATATGTTTGTTGTATGTGATTTTCTGATTAGGAAAGTAATGCATGTTATA,"[[1455000, ""C"", [""T""]]]",yes,no,C->T,1
chr13,66534590,66534878,CAACATATAAATTTGGGGGGACACAAACATTCAGTTCACAGCAGATGGCTTAATTCAATTTTTATTGTATGCTTATTTTCCTTTCTCTTTCTTACACATATTTTTCTTTAAGTTATGACTGTAGTTGCACACATTCTTATAAGAACTATGCAAACTGGTGACTCAGAATAACTGTCTAATGAATGTAGTATACATCAAGGCCGACAACCTTTTCTAGTACCCCTAGGAATATTTGAAACATAATCTGTTGTTAGAGATTCTGAAATTCATAACAAATTCAAAAATAGCT,"[[66534741, ""G"", [""A""]]]",yes,no,G->A,1
chr4,112946217,112946692,CCAGAGCCTTTCGTGGAAAGGAGCCCAGGTCAACAGAGTCTGCATCCCCATGCCTGCCTGTGGTGGGGTGGAGGATGGGGTCGGCTTTCAGGAGCTGGAGCACTGGGGAGTGAGCAAGCTGTGATGCTGTTAGCCTGCCGCCTGTCCTAAGTGCAGCCCAAGTCAGAGCAGAGGTGCAGATGGCCAGGGCTTGTGAGGATTCTTGTAAATTGAAGACTGTCTATAATTTGATTAAGGCGCAGACAGCTAACGGATCTTTAAAGGAGTGTTTAAATCAAATCACCAAACAAGGAAGGTGGAATCTGGGGAGAATTAGAAGGCAAACGTGGTGGTGTTCTCATCAATCAGATGCAGCTGTCCATGCACTATTTCTAACTTACAAATAAATTAAGTTTATACAGGAAACTGGGAGCATATCAGATCAGCTAATTTTGGAATTCATAAGTGTAAAAATCTAATTTTGCTTAAAATTAACT,"[[112946244, ""T"", [""G""]]]",yes,no,T->G,1
chr8,14628811,14629148,TAAGAAAGTATATTTAAATCTTTCCTTGGCTACACAGCCTGGACCTTTTGGTGTTGTTCTCATAATTCCTAGCCACACTAAACTGAAAATATAGGTGGTGAATAAAAACCATCTGTACTTTTGCTGTTGTGATTCACCCCATTTCTGAGTCGTAATCAATTCCAAACTTATTTTCACTTAACACAGGATGTTTGCAAAAGAACCAGCTGTGTTTAATTTCCCTTAATTGCCCTACGAAGGAAAAAGAATTTGACCAGATTTGGGGAAAAATTTAATCTATCAGTAAGATTTTATTTCTTATTTTTGCAGAAAATTGAAGCCCCTATATCCAGGTAGTC,"[[14628865, ""G"", [""T""]]]",yes,no,G->T,1
chr2,95799145,95799597,CCTCTGTTGGGGTCAGCCAGTCACCAGGGTTCTCCATTCCAAGTGAGTGTCTGCACCTGAGGCCCTCTGTGGTACCTCGGGGACATCTGAAGAAGAATGGAACCCTCCTCCTACAGGAGGAGCAGGCAGCCAGGGCCATCATGAGGGAGCAGCTAAGTGCATGCACAGAGATGGTGGCCTGAGGCCAGGAGGCTGCAGCTGCTTCCCCAAGGCCACACCCAGCCCTGCCTTCTGAGCGGAGTCTCCTTAGCTTTGGGTGGGGATGGTGTTAACTGAATGGAATGATACGTGTAAGGGGCTTAGCATAGCGCCTCTGCAGAGGGCCCTTATAGGGAGATCCATCTGTATCTTCTTCAGTGCCCCTCTAGTAGAGGCTGTGGGTTGATGTGTGGGCCCTACGATGAGATCTAGGGAAAGGCCCCCAGCTCCTGGCCTGCTCTCAGCCTGTGTGTG,"[[95799152, ""C"", [""T""]], [95799453, ""T"", [""C""]]]",yes,yes,T->C,2
chr2,136766993,136767381,TGTTTATACATGCGCGTGCGTGTGAACGTGTGTGTTTGGAGTTTCCTTTTGACAGGTAATCTTTGGATGTCAAAGGGATACAGTTATTTGTCTGGCAGTGTCAGGGCAATCTGAGTTTCTCGAGTAACTAGGAGGAGGTAATCTCCAGGGAAGCCTTTTTGTGCTCTTGACTGTCTACTCAGCAGTTGGTGAAGGCTTCCTGAAAGCCACTTAGGGTGTTACTAACCAAATCAAGAAGTCTTACTCAGTGGTGAGTGAAAGCTCGTGTCTTTGTGGGTTAAAAGCTGTTTATAAAGTTTCTGTCTTGAGGCTTCACTTTGACAGACTGCTGTTTTTAAACCTTAGTGCCATTAATAATAGGAGTCTTCTTTTGAAAAGTAATGTGGCCA,"[[136766996, ""G"", [""T""]]]",yes,no,G->T,1
chr11,107612742,107613079,ATAAGTGGATCTCCTTTAAAACAAAGCTACTTGACTTTAAAAAGAAACAGTAATTTTTCATTTTCTATATAAAACATTTAGCATAGTTATTTAATGAATATTCTGTGAATAATGAGTTAAATAGCATTTGCACAGGCTTCTTCTGCCACCCAAAGCCATTTTTGGTGTTTCCTGTTTGGGGGACAGATAATGAGATCTAATTGTTATCTTTGTTTCCTGTTTGGGGGACAGACAATTAGAACTAATGGTTATTTTCCTTCCCTTCACTTTTCCCATTCAATCAGCAAGTCCAGTTGATTCTACCTTCTAAATATTTTTTACTTCTGTTCAGTTCTCTC,"[[107612743, ""C"", [""T""]], [107612750, ""G"", [""A""]]]",yes,yes,C->T,2
chr10,12633102,12633497,TGCTCTGATAGTTACACAGGAGCTGAGCGTGGCGGAGAAGCCATGCGTTTGGATATTGGTTTCATCACTGGAGTGTCATGTTTAGTTGTGGCTGCCACACTTTGGGAGAAGATGGGGAAATTGGAGAGGTACCAGAGAGGAGCAAAAAATAGATGAAAGGATGCATTAGTGGTCCCATGGGAGGAGGTTAATGGAATCCAGGCATTTGTATTTCTTTTTCCCTGAGAAGAAGCTCTGAGTGGTGAGGCAACAGTGCTCCTCAAATAACCGAGGTTTCTGGCTGGTTCCACCTCATCTCCATGGAAGATTGACCTGGAGAAGGTCAACTTCAAGTGCAGCGATAGAGAGCACCTGGGCATGATGCGCTTATTAACAGCGTCCTTATATCCCTGAGCA,N,no,no,N,0
chr20,4282989,4283414,TGTTGTAAAGGAGAGAATGGACACTCGGTAGATGTCTAGTAGATTTTATCTCTAGTACAAATTTTTATAAATGGAATTGCTGGATTAAATACTCTCAGACATTTAAAATTTTGACTGTGCCAAATTGTCATCTAAAGGGGTTGTGCCAGGGCATCTCTACAGTGCATGAATATGTCTGTTTCCCTACATCACTGCCTACAGACTGCTGCCAAACTCTTCATGGTTTGCTAATCCATTGGGTGAAAAATGATTTCACATTGTTTTAATTTGCATTCCACTATTTTGAGTGAGGTTGAGCATCTTTTCATATGATTAAAAACATTGGCATTTAAAGGGTAATTGCAGAAAAAATTCCAGGAGAGGGAAGGAGAAAATGAGAGAATGACAAAGAAGGGGATGAAGGAGCTTCAAAGACAAGAAGAGGAT,N,no,no,N,0
chr7,130822553,130823024,ATAATAGACAAGTTCACTGTCAATTCAGAGGAACCAGTAAAAAATATTTCAATCCAAGCAGCATGATTAAAATCACAAATATGTTTTCAGCACAAGAGGACTATTTATTTGATATTCATAAGATGGTTCAGCTTGAAGCAGGTGACTGTCACAGATAACATCACTCTGGGTGAGACATTATTCAAAACTAGCAGCTGAAAGGATCCCTTTATTATATGACTAAGTGGAAAAGCAGTAACTTTCAATTTTCAATGCCTCCAGCTGCAAAACCAAGAAATTTCTTGAAGTCTTTTGAGAGCACATAACCAATTAGAATTTGTTCACTAGTTTTATAACTTTCACTTTCACCGAGAGGTCATCTGATTTGCTAAGGCTCTAATTTTCTTAACACACACTCCAAATGCAATGCATACGTTTGAAAAGGGAAGCTTTATTGAATTCTCTATAGCTGAACACTTCTACTCTGAGATTG,"[[130822563, ""G"", [""A""]]]",yes,no,G->A,1
chr12,90281226,90281610,GAATGGCTTTTACCAAAATGCTGATAGTGAGATGAACAGTAAAGTCCGGGCTGATATGGTCACAGATGGAGATGAGGAACTTGTTGGGAACTGTAATATGATAACTCTTACTATGCAAAGAGATGGGATGCATTTTGTCTCTGCCCCAGAGATCTTTGGAATGTTGAACTTGAGAGAGATGATTCAGGGTATCTGACAGAAGAAATTTCTAAGTGGCAAAGCATTCAAGAGGAAGCAGACCATAAAAGTTTGGAAAATTTGCAGCCTGATGATGCAATAGAAAAGAAAAACCCGTTTTCTGGAGAGTTCAAGCCAGTGCAGAAATTTGCATAAGTAACAAGGAGCTGAATGTTAATCACCAAGACAATGGGGAAAATGTCTTCAG,"[[90281273, ""A"", [""G""]]]",yes,no,A->G,1
chr7,38974774,38975197,CAAGGAGTCTCCTTTCCTAAAATGTTACTGTGGGAATGGGAATCAACATTAGTTGGCATACCCCCATTCTCTCCCATTTGTTTTCCATTAATCAAACCTTAGAAGTGTCTGCCACCCACACTGATGGAGAAACAGATGGTTTGCTCATGCTGTTTCCCTTGCCCTGAACAGGAGCTGCCCTCTGTTTATATCACAACCCAAATCTTTTCTCCATCTGCATAGAGGCTTCCTCCCTTCCCCAGGAGAATTAATCTTTCCTGCCCTCCATAGACCTCCCATATGGGAAAATAACTAACACTTGCTGGGCACTTACACAGTATAGCTCAATAAGCTTTCACAAAACATTATCTCCCCAAATCCTTACACTACCCTTGAGGGATTATTATCACTGGTATAAGACACAAAATCCATGACTCAGAGAAAT,"[[38974798, ""C"", [""T""]], [38974820, ""T"", [""C""]], [38974894, ""T"", [""C""]], [38974983, ""A"", [""T""]]]",yes,yes,T->C,4
chr20,20251376,20251689,GCTGACCTAAGCCAGGTGTAACAATTTAGCTTTAATGGGAAGATGTCAATTTGTAACTAAGTGTTTCATAACGAAAAATCTCCTAGTATCAGTCCTGGTAAACTCACAGCAAGAGCACGGACTCAGCCCACTAGGGGACTTGAACCAGCTCACCAGATGTCTAATTAATGCCCGCTGTCAGCTGCTCAGATGTCACTTACGGAGCTTCTCTCTTTGCAGCCACTGTTTTAATGATAAAGATTATGCACTGATGTCACTGTGCTCCTGGGTTAATGTCGTGGTGGGTAGAATGACCGGCATAGACCGAGCAGCCA,"[[20251394, ""G"", [""T""]]]",yes,no,G->T,1
chr10,106859872,106860190,TATGCTTACTCTTCTGTATCTCTCTCCACCATTTAGCTGCTTCTTACAATCTAGAAGGTGCTCAGTGTTGCTAGGTTGAACCGAACACACTATCCTGTAAAGTTCTCCTTTATCACCAGAAAATTCAGTTTGAAAAATTTCACATTTGGGTTTTGCATTTCCTTTTGGAGGGTTTGGGAGCAAGAAAACTTCAGGGCTTCCAGCTGAGTTTGTGTTGGGTAGGAATAATTATGAGACATAAATATAAGAGAGATTAGTGACTCACTAAGGAAGAACTCATACAAATGCATATGCAAAATGTATTATATATCAGTTTGTT,"[[106859923, ""C"", [""T""]]]",yes,no,C->T,1
chr3,101100585,101101043,ACTTGCAGCCAAGGCTCTAGGTTCCCAGTGCATGTTCTATTGTCCCATCAGACATTAGTTATAAAGCACAAATTCAATAATCCAGTGTTAAGAATTTCAAAATGATGCCAGCAGAGCATTAAACCCTAAGTGCAGGGTCCCTTTCTGAGTGTGGACCCTATGCAACTGCACATGTCACACACTTGTGAAGCTGACCTTGTGCAGATAAAATGGTTTCTAGTGAACCACAGTGAAGAAGGTATAACTTATTCTTACACATTCAGACATCTCTATCTGAAACTATGTACTCACAGGTGTATCCTGTCATGGAAAAGGTAGATTTGTGCGCTCTGGAAACTGTTGATTTCTACTAAGTAGTCAAACTGTACTAAGTTCATTCTGTATCACTCAGATAAGTGCAACTTGTGTAATATTTCCAAGTGTTGTCAGTGCCTGGTGTTTTCTCAAATCCAGTAGACA,"[[101100652, ""G"", [""A""]]]",yes,no,G->A,1
chr4,21135028,21135321,AAATTCTCACATACGGATTCAGGTAAACTCCAAGATCTTTTACAATGAACCATTCAAAGACTGGGATCACTTAAGACAGTCTGCAGAGGTCTCACAAAATGGACATTTTAGAAAAGATGGTCAGGTTCACCAGACTGCCTCTTATAAAGTATATCATTGCTGCTCTCTGCTGGTCAAAAGCATTATTCTCTTCAATTAAGATGAGCAGAGGTGTAGAATGGGTCAAAGAGGGAAAGCAGTGCTTTCAAAATGATATGGACTGGTGCTAGGTAAGACTTATTAAATGACTTCATA,"[[21135059, ""G"", [""A""]]]",yes,no,G->A,1
chr5,163135872,163136296,CATTTATCCTGAATCCCGAGTTCTCACTATTTTATGCAGGGTTATGGAAAGAAAAACTATTCACATAACTTTGAGCAAGTGGTTCTCATTGAGTTTCAGTTTCCACATCTGATAAACAGCTGTGGGGTGGTAAAGGGCCTGACTATGTAATCTGTACATTTATTTTTAGCTTTAATATTCTATAGTTTTGTAGGCTGGTTAACATATGTCTACTCAGCATTAAAAACATATGAAGAGGCTGGGCGTGGTGGCTCATGCCTGTTATCCTTGCACTTTGGGAGGCCAAGGTAGGCAGATCACTTGAGGTCAGGAGTTCTAAACCAGCCTGGCCAACATGGTGAAACCCCGTCTCCACTTAAAAAAAAAAAAAAAAAAAAATTTAACCAGGCAAGGTGTTGGGTGCCTGTAATCCCAGCTACTTGGGA,"[[163135888, ""A"", [""C""]]]",yes,no,A->C,1
chr12,90741625,90741907,GACCAGAAGTTCATTCCCTGTTTAGGTCAGTCAGGGTTACACTGAAGACATATTTCTTTCATGCTTACAGATGTACCCCTAATCCTGACCATCTGCTTAGCAAATGAGCAGAAGGGCACAGTAGGTAACAGTGGACTGTAGTATAAAACACAATCCCAGAGCTAAGCGCTGTATCCCACTAATCACAACATCATCATATTTAAAGACGAGAGCACAGCTGAGCAGATGTCTTGGGTGTGATCCAGGAACAATGCCAATGGGAGCGAGTAGAATGAGAAAAATG,N,no,no,N,0
chrX,133201355,133201673,CACTCTGTCACCCAAGCTGAAGTGCAGTGGCATGATCTCGGCTCACTGCAACCTCCTCCTCCCAAGTTCAAGTGATTCTCATGCCTCAGCCCCCAGAGTAGCCGAGATTACAGGCCTGTGCCACCACACCTGGCTAATTTTTGTATTTTTAGTAGAAATGGGGTTTCACCATGTTGGTTTGAACTTCTGACCTCCAGTGATCTGCCTGCTTCAGCCTCCCAAAGTGCTGGGATTACAGGTGCGTGAGCCACTGCACCTGGCTGTTTCCACTTTTTAACTATCATAAATAGTGTTTTCTATCATTGCATATGAGTTTTTG,N,no,no,N,0
chr8,144954049,144954314,TGGGTAGGTAAAAGAAAATTACAGTCAAAGGGGGTTGTTCTCTGGTGGGCAGGAGTGGGGGCCACAAGGTACTCAGTGGGGGAGCTTTTGAGCCAGGATGAGCCAGGAGAAGGAATTTCACAAGACAATGTCATCAGTTAAGGCAGGAACAGGCCATTTTCACTTCTTTTGTGGTGGAATCTCATCAGTTAAGGCAGGAACCAGCCATCTGGATGTGTACGTGCAGGTCACAGGGGATATGATAGCTTAGCTTGGGCTCAGAGGCC,"[[144954110, ""T"", [""C""]]]",yes,no,T->C,1
chr20,11993479,11993757,ATTTGATGGACACACTACTCACTAGGTACCAGGGATCTACCCCTACAGTAGGGGGTAGAAGGGGTATGAAGGCGGTAAGGCCCTTGCCTAAGAGTTTATAGCCACAGAAGCAGGCTCTGAACCAGCTGCTGCTCTTAAGAAGCCAACTCTTGTTTTTTTTTTTTTTTAGGCGGGGTCTTGCTCTGTTGCACAGGCTGGAGTGCAGTAGCATGATCTTGGCTCACTGCAACTCTACCTCTGGGTTCACACCATTCTGCTTCAGCTTCCCGAGTAGCTGGG,"[[11993500, ""A"", [""C""]]]",yes,no,A->C,1
chr17,67198234,67198439,GCCTAAAACACTTATAAATGTTGGAGAGAACACCACACAGTGCATTTCAGCAGTCAGCACCTGTAAGAATCAGTGACGACCCGCACGGGCCTGTGCTGACACTGAGCTCTAGGTCTCCTGGGGATCTGGGGAGCAGCACATGCTCAGCAGAGAACTGGTAAAGTAAGGCACTCAGCCTGGCTAAGTATTTAGCAGTCCTGGCTTTT,N,no,no,N,0
chr20,41872933,41873146,TCTTTGTCTTGTTTGGTATTAGGGGGAGATTAGAAATGGCCTCCACAGGTGGTGAGCAGAGCAATAACTGGGAAAACAAGCAAGATCAATATCTAATCCTGTGCAGTCAGCCAACCTTTTCAAAGCCTCATCTGTATTGATTTCTGTGGGTGACACTTCCCTTTCTTGGGTAGTCAGTCCCTTTTCTCAGAGGGTGAACGAGTGAGCAGTACTT,"[[41873105, ""A"", [""G""]], [41873123, ""C"", [""A""]]]",yes,yes,A->G,2
chr8,123832773,123833193,AATGAGGATGTGAATCTGCCATCGACAGCAGATCTGGGGATGGCTTCTGAGTCCCCGTCCATGCTGCAGATTCCAGACATGGACAGTCTGCTGAGGCCAGCACTTTTCCCCTTTTGAAGAAAGCAACTCGGCTACTCTGTGAATTAGCTGGGTGTGTAGAACTTTAAAAGAGTGATTAATAGCAACAAGACGGATAGCTGCTTTGAAGTCTAAGCCAAAGGCAGTTCATACTTTGCAGCCTTTTAAAAATGTCTTCATCTTTACTTCTAAAACTGCTGTGAATGCCAGAGCTATGGGAAAGAGCCAAGTTCAATCCTCACAGTGCTGGAGTGCATCAAATAACCCTGGGCAACAGGGTTCTTGCTCACTTTCTTGGGAGTTCTTACTTAAATGGTAGTTTTTCACTTGATAATATAGCATC,"[[123832793, ""G"", [""A""]]]",yes,no,G->A,1
chr21,18356836,18357150,TACACTATGTTTATTGCATAGCTTTGGCTATAGCTAGGCACACTTCTGTGTGCCTCAGGATAAGCATGGCCTTACACAATGTTAAGCTACAGTATTAGAAATATATTGTCAGCAGTCCTGTGGGAATGGAATACCAGCTAAGCACTTGAGATATAAAGAATGGCATAACAACTATGCACTCAGAGACACAATTCCTGGGCTAAGCATTTTGAAACCGTTTTCAGTGTGCTAACCTAGGCATTTTTGTTGTCTTTCTTTGAAGATGCATAAAAACATTTATAGATTTTTGTGACCACTAAATTAAGTAAGCTCACT,"[[18356872, ""T"", [""G""]]]",yes,no,T->G,1
chr16,66913687,66914136,GAGGAGCCTGAGCTCAACTGTGTGACCCAGGCAAGGTGCTGCCCTCCCTGGGCCTGGAGTCCAGGTGGGATCCTTCTGTTCAGGGCACATGTTGTTAGTGGCCTTGCCCTGATCCAAGCCTGGACCCTGCCCAAAGTGCTTGAGTGACCATGTTACTTTATTTTCTGCCCTCTCAGCCTGGGCCTGACCCCAGGGCATTCCTAGAAGAGGCCTGAGACATTCCTGGCCCGGGGTGACAATCCCCATGGCAGCAAGAGATGGCAGCTGTTCTCTCTGAGGAAGCCCTGGGCAAGTTCAAGAGGTCAGAGCACAGAGTCACGCCTGCTAGAGGATGGCAGAGCAGGCGAGGGGCTGTGGGCCTGCGTCCAGGGCCTTGAACACCCCAGTCCACAGTGGGAAGTAATGGGAAGAGTGGAGGGAGGAGCACGGGTCATGAGGGTTCCAGACCCA,"[[66913700, ""C"", [""T""]]]",yes,no,C->T,1
chr3,143958949,143959193,TCTAGTGTGGTTTCATTGTCTACAGGATTATTTTGTTTTTATGGCCATCTTTTCTTGTAGTTACTTGCATGGTATTTCACTTCAGTAGTTTTTCTGTGTTCATTTTTATGTGCATTTAAAAGAACCACATAGCATTTTTAGAATTGGAAAATACTTATCTGAAATGAAAAATATACTGAATAGTACTAACAGCAGAATAGATACTACAGAAGAAAAGACTGGTGAATGTGAAGACACAGCAATAC,"[[143958991, ""A"", [""G""]]]",yes,no,A->G,1
chr12,9502808,9503199,GGATATTTTATAAAAAGCAGCAACACCAGTTGGCACAAGCATTTTGTGCCGTCTTGATTAACTTTCTTTATAAAAGACATCTGAAGTACCTATATATTAAAACTGCTTAGGAAAGGGAAGGGAAACTATTAGAAGGAATGGTGAGCTTTTGTGGTTTTTTTCAGAAGCTCTGTTTGTCTGTTTTTGGAAGTGACATTTTCTCAATAATACTTAATTGACTGCAGGTGTGCAGCTTACAGGCTCCAAGTACATATACATAGACTCATCAGTGGTGAAGATTAGTTTTGAGAATATGGATATGTCCTACAAACAGGGACTCCCTTATTTTGGCCAGGTAAGAAAGCAATCATTTTTTACATACCTTATTCATTCATTCATTTGTTCTTTCATTT,N,no,no,N,0
chr1,214270160,214270582,TGCTGGAACTTACCTGTCCCTCCTATCACTGATTTTTTAATTTGTTTTCAATTCTTAACATGGCTCAATGCTCTGCCTTGTATTATCCATTCATCTAACAAATATTTACTGAGCACCTACTTTGTGTCAGGCTCTGCCTGGGGCTATAGCAGTGTGCAAAATAGACAAACATCCTTGACCTCATGGGGTTTTCATCCTAGTAGATTTTTAGAGCTTTCTAAGTATATGTCATGTTTCTTCTTGTAGAGTCTAAATTCTTGGAGGACAAGATCTGATTCCAATTTAATTTTGGCTCCTCCACAGCACACAAGAAAGCATTCTGCAGTTAAATCAATAAATGACTAAATAAGGAAAGGATGCAAAAGTTCTGCAATTGGTTTATCCTTTGACCCTGAAAGCTATACTTATTAATCATTTTTTAAC,N,no,no,N,0
chr3,72814432,72814703,GAAATTCTGTCTTTCTAATGAGCTCCCAGCTGAAGCTGCTGGTCAGGTTGTTGGTCCTTGAATCATTTTTGGAGTAGTAAGATTCTATATGAAGTAAGTGTTTCAGTTCCTGTTTACATCTTACCTATTATTTCAACAAAGTGACGTCAATGAAATAACCTTGATTTTACAGCTTAAAAAATACTGGTTGTTTTAACTGATGATATAATCTCGATACTTTTTTAAAGTTTCTGCTTTTAATTACTGTTTTGATGCACAAGTTTGTTAAAAAC,N,no,no,N,0
chr11,97880272,97880574,GTTTCTGTTTTGGGTTTTTGAGGAATTGCCACACTGTCTTCCACAATGGCTGAACTAATTTACACTCTCATCAACAGGGTATAAGTGTTCTTTTTTTTCTCTGCAGCCTTGTCAGCAACTACTATTTTTTGCTTTTTTAATAATAGCCATTCTGACTGGTGTGAGATGGTATTTCATTGTGGTTTTGATTTGCATTTCTCTAACCAGATCTTGTTCTTTTAAAACTGCAGAGTATTTCTGACAGAACATTTTTAAACAATACTTAAGGAAGATATACATTATATTTATGAATTAGAATAACTC,"[[97880349, ""T"", [""G""]]]",yes,no,T->G,1
chr5,94173178,94173443,GTGAGAAAAGATGCTGTTACCAGGGCAAATACCATAGGAAACTATGGAGTGAGAAAAGATGCCTGGCTGTCTTCTCAGGGTTTCTGCTTAATACTTCTCTTAATGTTACAGTTACTATTGCACAATAAAGCCATTGGAAAGGTCACAGTGGGAAGAGTTTGTCTCTACTCCAGGATGTCTGAAAGAGATTCAAAGATTGGGAGACACTCATCTGAGGCATCTTTATTCACATATCTAGTGGGTGATGTTGGCTATCTGAGGGACCC,"[[94173222, ""G"", [""T""]]]",yes,no,G->T,1
chr3,153988845,153989171,CCACTTGAGGAGGCAGTCTGTCCGTTCTTAGATCTCAAACTCCATGCTGGGAGAACCACTACTCTCTTCAAAGCTGTCAGACAGGGACATGTAAGTCTGCAGAGGTTTCTGCTGCCTTTTGTTCAGCTATGCCCTGCCCCCAGAGGTGGAGTCTATAAAGGCAGGCAGGCCTCCTTGAGCAGTGGTGGGCTCCACCCAGTTCGAGCTTCCCTGCCACTTTGTTTACCTACTCAAGCCTTAGCAAGGGCGGGCTCCCCTCCCCTAGCCTCGCTGCCACCTTGCAGTTCAATCTCAGATTGCTGTGCTAGCAATAAGCAAGGGTCCGTG,"[[153989055, ""T"", [""C""]]]",yes,no,T->C,1
chr22,12322933,12323353,GACCCACTTGAGGAGGCAGTCTGTCCATTCTCAGATCTCAAGCTGCAAGCTGGGAGAACCACTACACTCTTCAAAGCTGTCAGAGAGGGATATTTAAGTCTGCAGCGGTTACTGCTGTCTTTTTGTTTGTCTGTGCCCTGCCCCCAGAGGTGGAGCCTACAGAGGCAGGCAGGCCTCCTTGAGCTGCGGTGGGCTCCACCCAGTTCCCGCTTCCTGGCCACTTTGTTTACGTACTCATGCCTTAGCAATGGCGGGCATCCCTCCCCCAGCCTCACTGCCACTTTGCAGTTTGATCTTAGACTGCTGTGCTAGCAATGAGTGAGGCTCCGTGGACGTAGGACTCTCTGAGCCAGGTGCAGGATATAATCTCCTGGTGTGACATTTTTTAAGCCTGTTGGAAAAGCACAGTGTTAGGTTGGGA,N,no,no,N,0
chr4,116187338,116187695,CCATAACACCCTTGTTCTTTTGAAGACACTCAGGAAGGTGCATGCCTGTAGCTGAGCCTTACGAATTGGCCAGATAAACAGTTACGGGTACTATATGGCAGAGGACAAACGAATGACGATGGGGCATCACTAATGGGTGGCTGGTTAAAAACTCCGTGATACTGAATGACTCATGTGGCTTGCATATTTACTGTATCATGAATATTTAATGTTTTATGTGCATAATTTGGGGTATCAAAGTTCCTCATATACTTAATGAATATCCCGATGACTTCTTAGTCCTTCCATCCTTCTTTTTTATGTTGACAACTAAAATTTATTTCATAATTTATGTGTAACTTTTCTCACAAGCTACTTG,"[[116187347, ""T"", [""C""]], [116187438, ""A"", [""G""]]]",yes,yes,A->G,2
chr4,17316651,17316975,AGGCGATGAGACTCCTTTGACATAGATTTCCAGGAGATGGAAAATACTGTACACTGGCATGGTTTTAAGCACACTTCAAATTCTTTATGCAAAGCCAGGGCAAAAGGTGAATAGTTAACATATCCTAAAGAGCAGTCATGTTGTAATGCAAAGGAATCTGAGGGTTCCAATCACACTGTACCATGTCCAGTGATTCAACACTAGGTCAGAAATATTCTTTTTAAAAAGAGACCTATGTAAAATCCGTGCTTCACAAACACAAGCCCATATTAAAAGAAGCCTGCTTTTTATAAAATGAAGAAACTTGAAGCTATCATCTGAAAAA,"[[17316655, ""A"", [""G""]]]",yes,no,A->G,1
chr3,97559476,97559747,TGAACCAGCAGACAGAATGGAACTAAGAAGGCACAAAGAAATCAGAGTGACTGAGTGGAGGAATTTCTACCAAACCTGTGTTGCCTACCCTACTCACTTCTTTCTCATATTTCAGAGCCACTGGAAATGATGACATATATCCTCAGGGCAAAAGGGGAAGCAGGCTTTCTAAAGAAGTAAATCAAGGTACCTGAAAAGCAATAGAGCTAATGTGTATGCTGTCACACAAGAGTGAAGCTTCCTTATTTTTTGCATGGATAGACTTGCTTGTG,"[[97559480, ""T"", [""C""]]]",yes,no,T->C,1
chrX,96492824,96493156,AGTAACAATGAGCACCAAAGCTTCAAGGGCAGTATTATACTGAAAGTGACATTTCCAATCTTATAGAGCAGGGGTCTCCATCCTGAGCCGCAGACTGGTACTGGTCAGTAGACTGTTAGGAACCTGCCTGCACAGCAGGAGGTGAGCAGAAGGAGATCGAACATTACCACCAGAGCTCTGCCTCCTGTCAGATCAGCTGCCACATTACATTCTCATAGGAGCATGAATCCTACTGTGAACCTGCAAAGGATCTAGATTGTGTGCTCCTTGTGAGAATCTAACTAATGCCTGATGATCTGAGGTGAAAAAGTTTCATCCCGAAACCATCCCTGT,N,no,no,N,0
chr20,33359324,33359770,CAAAGCAGGTCAGTCCCAGCCACTTCTCCCTTTTCTCTTGGAAGATGGCTCCTCCTCAGCTCTAACCATAAAATTCAGGTGAAACTGCCCATCACAGGCCCTGCCCTCCTAACTCCAAGGCTGATCCAGTCAAATCCTTCCTTAGGATATTTACAGCCAACATTTGGTGAGAAATGTTCTCTCTCCTCCAATTGAGAGCTAAAAGAATGTGACCCCAAAGTTATCTGTGGTCACATGTCTTATCATAAGAGCAAGTCAGTCCATTAGTAAATCCTTACTAAGTACATATTTTGTACCCGGAATTGCCCTAGGTGCTAGAAGATAAACAAAGATAAACAAACAGAAACAAAACAGGCATTTTCCCTGCCCTTAAAGGAACTTCTGTGGATGCTCTAGGGCATCAGTCTGTGTCCTGCCAGCTTCTGGTTCTGAGGCGAAGCAGATATG,N,no,no,N,0
chr19,28527640,28527875,TAAGAAATTAAACTTAACTTGTAGAGCCAATAAAAGCCTTGTGGGAAACTGGCCTCATACCTTGCCTACAACAGTGCCTGTACAGGGTTTCTGACCTGTGGTAAGTAAAGAATGCCACTTTCTAACAGGTCCAGAAGCCACAAGTTATCTTGGGACCTCAAGAGGAAAGAAATTTACCAAACTCATAGGTATTTGATGGTACAAACCCATGGATAAGCTTGGCCTTAAAAGCCTTA,"[[28527679, ""C"", [""T""]], [28527680, ""A"", [""G""]]]",yes,yes,C->T,2
chr2,81276651,81276936,TAAAAGAAACTCTAAGTGGACTCTCACAGCTCCAACCCAGGTTGTTCAAAAAGGACCAACTGTACTGTATGATTATCCTTATATGAAATATCTAAAGTAGCCAAACTTACAGAAACAGAGAGTAGAATGGTGGTTGCTGGGGCAGAGGGAAGCAGGAAATGAGAGATTGCTGTTCAACGAGTATCAGGTTTCAGTTATATGAGATGAGTAAGTTCCAGAGATTTGCTGGACAATGTTTTGCCTTATTAATTAAAGGCACTTAAATAATTTTGTGCTTAAGTACACA,"[[81276706, ""T"", [""C""]]]",yes,no,T->C,1
chr1,208513840,208514185,TGATATCTGGTACCTAATAATTTTGGTATTGCAGCATTGGTACCATCTGGGAACTTGTTGGAAGTACAAATTTTCGGGCCCTAACCTAGATTCACCAAGTGAGAAACTCTGGGGTGGAGGGACCCAGCCAGTGATGCTGGAGCTGCCTCGTATAAACCCATGAAAACAGATGATGCACATTCCTTTCCAATTCCATGGTCAGTGAGGTCATATTGGTAGTTTGAGCCTGGCTGTTGTGAGAGTATTTGCACCACAGAAATTGGCAAATGCAAATTAGATCTTTTCTTCCTAAGAAAGCCAATTGTTAAAAATTTACCAGTATTCCATTTGCCCAGAAATCCATGCT,"[[208513878, ""T"", [""G""]]]",yes,no,T->G,1
chr12,5139796,5140032,TACTTGAATTGCTTGTATAATATAGTACGGCATTGGTGTCAACTGATATAGATTTAGATTTATACATTGAAATTAATATTATAAGAATGGTAAAGATGCAGGATTTTTTGCTCCTTAGCTCAGCTAATCTAGGTTTTTGTCTCATGAACAGGAAGAATGAGGGATGCGGACACAATGAAGGGTGAGGAGGATAGAATTTATTAAGTGAAAAGAAAGTTCTCAGTAAAGACAGGGGGT,N,no,no,N,0
chr12,97198656,97198933,TCTTCTGAAAAAAAATCTAGAAGTCACTGAAGTTCTTTTTTTGGGATGGCAGGGGAAAGAAGGCAAGGTGCAAGGCTTTATTAATGCTGCCTGTATCTGCTAATGTCATCTCCTTTAGTAAACAAAACCAAGAACCAGTTAAACCTGCTGGGTACAGTGGCTCATGCCTGTAATCTCAGCACTTTGGAAGACTGAGGCAGGAAAATCTCTTGAGGCCAGGAGTTCTAGACCAGCCTGGAAACATAGCATGAACTTGCCTCTAAGAAAATTTTTTTTTT,"[[97198658, ""C"", [""T""]], [97198924, ""A"", [""T""]]]",yes,yes,A->T,2
chr3,121676874,121677223,TCTAACAAGAAACACTTACGTTGCTGTTCAGTTGCTGAATTCTTAGCTCCTTTTGGTGAATTTCCTTTAAGCTGTCATTGAGCTGGGTCCTGAGAAGTTCTGTCTCATAAACCAGATTTTGTGACCCATCTGGGGAAGCTGATGTCTCTGGGGATGCCTGCCAGGACACAAACATTGATCAGATTCTCTCCTAAGATTGCGCATGCTTAATTCCTTCCCTCTAGAAATCCTGTCCGCCCCATAGAAGTCATAAGGTGGCTTATGGGCACTTAATAGTGGCAGATGGGCACTTAATTTGTAGGAAGCTGATGCTTTCTGGGTAGCGTCTTAAAAAAAAAAAAAAACCCTGC,"[[121676919, ""A"", [""G""]], [121677213, ""C"", [""A""]]]",yes,yes,C->A,2
chr5,111987825,111988207,GCTTGTGATTTTTGTACATTGATTTTGTATCCTGAGACTTTGCTGAAGTTGCTTATCAGCTTAAGGAGATTTTGGGCTGAGTTGATGGGTTTTCTACATATACAATCATGTCATCTGCAAACAGGGACAATTTGACTTCCTCTTTTCCTAATTGAATACCCTTTATTTCCTTCTCCTGCCTAACTTCCCTGGCCAGAACTTCCAACACTAGGTTGAATAGGAGTGGTAAGAGAGGGCATCCCTGTCTTACGGCCAGTTTTTGCCCATTCAGTATGATATTGGCTGTGGGTTTGTCATAGATAGCTCTTATTATTTTGAGATATGTCCCATCAATACCTAATTTATTGAGAGTTTTTAGCATGAAGGGTTGTTGAATTTTGTCA,"[[111987906, ""A"", [""T""]]]",yes,no,A->T,1
chr1,41925038,41925291,TGTTCTAGAACAGAGGTCTGCAAACTACAGCCCTTCGTGCAGGCTAATTTTTACAGCCCATAAGCCAAGAATGGATCTGACAGTTTTAAAGGATTGTAAAAACAAAACAAAACAAACAAAAAACAGAAAAGAATGTATGACAGAGACTATACATGGCTTGCAAAGCCTAAAATACAACTGACCCTGAACAACTCAGGGGTTGGGGCTCTGACTTTTCATGCAGTCAAAAATTCATGTATAACTTTTGACTCCCC,"[[41925120, ""T"", [""G""]], [41925190, ""G"", [""A""]]]",yes,yes,T->G,2
chr2,117960353,117960680,CTCCAGTGGATCCATGTATCACTCACCTTCCAGACTTCCTCCAGTGTGTGGGGGCTGAGTAAACTCATTCAATTCTGTTCTGCAGCTTTGGCATGGATTGGGTGATGTCTCTGACTGTTAGCAAGCTTTCTTGCTCATAAACTGCTTTTATGGCCAAAGTCCTAAGAAAATAAAAACTGCATTCCCCCACCCAGCTTCCATGCTCTCGTATTAGTGTATGTGGCACACATACAGCTTTGTTTTAAAATTATGACCTTCAGACTTCACTTACAAGAATTCTTCTTGCAGGAAAACCAGCAGCCATCTTGATATGTGGAAAGATTATTTC,"[[117960367, ""C"", [""T""]]]",yes,no,C->T,1
chr11,107669347,107669811,AAGCTCAGGCCAGAAGCTACACGGCATTTATCTCTGTGGAAGGAGAAACACGCAGGGCTTTGGGCATGTGCGCGCTTCATAAATAAAACATTCCTTTCGCAGCTGAGGTTCTTGTGTCTCATTGACCTGACATAGCCTTCAGAATGCTGCCACTCATAGACACTAACAGGAATTATGCTGTCCGCTAACATCACTGGAATGCTTCATGGAAACCCCACAGAGATGGTTAGGACAGGGTCAGGACATGGTTACAAAGATCAAACTCTTGACTACTTTTTTTTTTTTTTTTTAATCATAGCACTGTACGATGCTTTGGGAAAGACCACAGAAAAGAGTTTATGGGCCAGGCGTGGTGACTCATGCCTGTAATCCCAATACTTTGGGAGGCCGAGGCAGATGGATCATGAGGTCAGGAGTTCGAGACCATCCTTGCCAACATGGTGAAAACCCGTCTCTACTAAAAAT,"[[107669358, ""G"", [""A""]]]",yes,no,G->A,1
chr15,31491341,31491540,AATGAAAAACACCATAATAGAGGTGAAGAATGATTTTGAGGGGCTGGTCAGTTGACTTGATATAGCTGAGCAAAGAATCTGATCTATAAACCTCAAGATAGGTTACTAGAAATGACACAAACTGAAACAGAAAAAAAGGAGGTGGGAAACTGAACACAGCATCTAAGAGCTGTGTGACAATATCAGCACCTTAAGTTCTG,"[[31491426, ""G"", [""A""]]]",yes,no,G->A,1
chr9,114197061,114197327,TGTTCAGGAAATGGGGGGAAGGCAATGCAGACTAAGGATCGATTGCTTTTTCCAAGAAAATCCCCAACCGCTGATGGATTGTCTGGTGAATCCATCGGCCTACCACTGTGTCTTAAGCTTCTGCCCTGGCTCCCAGCTGTGGCCACAGCTGAACTCTCTCTAGGCCATCTGGCTCTCATCTGGACAGCTGGGGTGTCTCCCAGCTCCATCCTGTTCTTGCCTTGAGAGCCCCATGACACAGGGGGCCTTGCAGGACCTCGTTCCCCC,N,no,no,N,0
chr8,103316183,103316518,AACACAGTAGTTGTATTTTCGTTTGTTTTTTATGTAACAATGTCTGACTATTTTTAGATATCCTAACAGACTTGTCATACACCTAGCAGCAATTTTCCTAGTGCTCAAAATAACATATACTCTGTCAATCTCAATCCCCGCTCCTTTCCCTTGGAGACCTTTCTTCTTCAGCCATCTGCTCTTCTGTCAAATGTGTTCTGATTACTTCTGGACTAGATTTGTAGTTGTCACATGGAGAATTTCTCTTGTCATTCTTCAGTGTTGAATCAGCTAATTCCTGGGTCCCATATTATTTTCCTTCCTTGTTTATTCATATATTCCTTCAATTTGTTTCAG,"[[103316203, ""A"", [""G""]], [103316362, ""C"", [""T""]]]",yes,yes,C->T,2
chr7,32565948,32566151,CAGTGAGCCAAGATTGTGCCACTGCACTCCAAAAAAAAAAAAGGCTGGGTGTGGTGGCATGTGCCAGTAGTCCCAGCTACTTGGAAGGCTGAGGTGGGAGGATCACTTGAGCTCAGGAGGTCAAGACTGCAGTGAGCCATGGTCATGTCAATGCACTCCAGCCTGGGCAAAAGACCAAGACCTCATCTCAACAAATTATTATTA,"[[32565962, ""C"", [""T""]]]",yes,no,C->T,1
chr2,54930027,54930252,GGCCTCCCACTTAAATAATCCAATCTAAAAAAATGTTTCACCTGAAGTATTCATTCCTTTGGAAAAAAAAAAATTACCCAGCCTTTCTAGTTTCATTTCTAGTTTCACATACCATTATGAAATGAGTTGACATGGCCATTATCCCAAGGGTGTTTCTGGCTGATTTCTGTAACTCATTCGTACATCATGCTGAGATTCATGCTAGCCACCAAAATATAATCATTTA,N,no,no,N,0
chr7,42025738,42026077,AGAGCAACCAGATTCTTCTCCAAACAATATCAAAGTGGCAACAGTTAACGCAGGGCAAAGCACAGTTTTAGTCTTACTCTAAAGTACCACCTGGTGGTAAGTCGCAACTGTGGTTCTAGCGGAGGGAGTGAACAGTGACCAAATGAGAGCAATGCATCCACATGCTGCACTGACATGGGATGCAGGTTACAGATGGCACCAGGTCACAGTGAAGCCTTATCAAGCAGCCTGCTGCTATGCCCATGGGAAAATGACCCTGGGGGAAAAAACTGTTTGATGAGAAGCATTTACACAACACGTCCACCAAAACTGAAGACTAGACCTCAGCATTAAGAAGACA,N,no,no,N,0
chr10,50100653,50100872,TGAGGAGCTTGCACCAGAGTGGAGGTCACCATGCTACTTCCTTTATTCACATTCTCACTAACTAGACCATGCCTTAACGCTGTAGCAGATGGGTTCTGGCATAGCCATCTGTCTTGTCGAGACTGAGACCACTAACAGCCTCTGGGACCCTGGTTCATAGGTTGCTTTGGTCCCTCCAGGCACCTTAGAACCACCTCTCAGAATTTCACTGCTTTTCCTG,N,no,no,N,0
chr18,13835355,13835568,GGAGGCTGATCTGACAGGAGGCAGGGCTCATGCAGTAATGCTTGCTTGCCTCTGCTCACCTCCTGCTGTGCGGCTTGGTTCCTAATTGGTCTGGTCTGTGGCTGGGGGGATGGGGACTCCTGGTCTGGAGGGACTGCACGTGGCCACAGCAGAAGTCCCCACAAAGTGAGCACCCGGCCCACGGCTGTGCAAGATGAATCTCTGGAGTTACAGA,"[[13835385, ""C"", [""T""]], [13835555, ""C"", [""T""]]]",yes,yes,C->T,2
chr7,45721730,45722016,GGAGTTCAGAGGGCTTATGATGAATGGTGAGAGATTTGACAACCACCAGAGCACATGTGCTCTGACCCTCTCCTGGGCATTGGTTCCTGCTGGTACCGGGCGGTTCAGACCTTCAAATAGGTTGCTTTCAAAAGAGCTTTCAGGCACTTATTGAGAATTAATGTTTAAACAGACATAATAGCCTAGATGAACTCCCAAGAGATCTATTAAATCTTGTGGGCTGAATAAATATCTCGTGCAGGACTGTGCAACAGTAGCCCAGAGCATCCTGCCTGTGGGCATCCACC,"[[45721752, ""G"", [""A""]]]",yes,no,G->A,1
chr4,131054679,131054950,ATACCTGGACACTCTTCCCAGAATGACTGTTCAAGTCCAGAAGCGCATTTTGGAGCACTGCTCCCAGAACACTGCTCCCGGAGCCACTGTTTCAATGTTGCTTGCTCGGCAAGTGCCCTCCTGAGCAAACAACAGAGGGCGCCCAAAGTAACAATTGATCTTAATAAACGGAGCTTACTTGAAGGAGGAGCTGAAGGCTGCTGTTGTCCTGTGCTGGGGATGCCCCAACTCCAATGGCAGGATCCCCAGCATCTGCCTTCTGACTCCGGTGA,"[[131054692, ""G"", [""C""]]]",yes,no,G->C,1
chr10,1180791,1181092,CTCCTTCCATGGAGTCTCCTGTGGACTTAATACACGAATCCATACACTTGTATTAATGGGTAGCATGGAATTAATGTGTGGCTTTCTCCAGATGTGGATGTTGATATTTCAGTAAAGTCTGAGTTGTTTCTGGAAGGTCAATGCCTGAGACAAAACGAATCCCAACCCCCCAGCTGTGGCTTCATGATGCTGGCCACTGGGTGGCCGAGCGCTTTCCGAGTCCCGTGAATCAGACCCTGCGTCTTCCCTGTGACAGTGAAATCTGCTTACAACACAGGCCCCCTCGCTGCAGAAACAGCGTG,"[[1180843, ""C"", [""T""]]]",yes,no,C->T,1
chr4,116501993,116502320,ATTATATTGGAGAAGAGTAGGCTCTTAATCCAGTTTGACTAGTGTCCCTATCAAAAGAGAAGAGAGACACACAGGGAGAGCACCGGTGAAGACATGTTCAGAGATTGAACTGCTGTATCTGCAAGTCAAGGAGAGCCTGGGGCTATCACAAGCTGGGAGAGGCAAGGAAGCACTGTCTCACTGAGGCTTGAGAGGAGAGCATGACGTCATCAGCCAGTTATGGTGGCCCAGGAAACTAAATGCGCCTCTATCTTAGATCCTCTTTTAGCATTTGCCTTTTTTTAACCTCTACCGATTATAATTTCAGTTTAGAAGACTAAGAATTTCT,"[[116501999, ""C"", [""T""]], [116502046, ""G"", [""A""]]]",yes,yes,C->T,2
chr3,176569950,176570276,GCCCTAGGGTTAATAATAATCCAAGACCCTGGATTGCTAGACTAGGACATCTGTGATTCCTTTTCATCTCTTCCATTAGTGATCCTCACTCAACACTAGCTGCACATTACGATCAACTGGGGAATACGTTTTAAAGAGCCATGGCCACATGTCACCCTAGAGATTATAATTGAATTGGTCTGGGGTGGGCTCTGTCATCTATGTTTGCTTTAAAGCTCCTCAAATGATCTTAATATATAGCCAGAATTGAGAACCCACTGTTTCTTCTTGTATGTTGAGATGGGCTTCTTGTTTTTGTTTGTCATGGTGGGATCATATGTTGTAGTG,"[[176569977, ""T"", [""C""]]]",yes,no,T->C,1
chr10,55168326,55168723,TGATATAAATCACTTTTAACATTCTTTAATAATGAAAGCTATAAAATGGATATTGCAAAGACTTAAGTAAAATTTTCTCAATTTGTTTAATCAACAATAACCACAATAGGAGGAAAGTTTATGCAGTGACCTCCTGACTGGACATTAGCTCTGAGTGTAGCATCAAACACCAGAAATAGCTAGATATTCCCCTAGGGGTTCTGTACATTTGTGAACAGTGCTGAACCTTCAATTAGCCTCATTCTAAGGAAGGCATTTTGCACTGTGCTTTGTGTCGATTTAGTAATACAGTGGGTGGCTTATGATTTCTGAGTCATCATTACACATTTCATAAAATATAGCAGAAATTGTAGATTTAAAAATTAACACTTAAAGCATTTAATGCCTTCAGGTCAGGG,"[[55168338, ""T"", [""C""]]]",yes,no,T->C,1
chr11,107676368,107676654,GATCCTTTCTTTGAAATCTTTCCTGGAGGAGGATTTACGAATACCCACACATCCAGATGTGCTCTTCCACAAACGATTGAGAGAGAGTGTGTTGGCCTTGGCTTTGGTGCTATGCCAGAGCCCTGAGCAGGTTGCTGCCTTCTGCAGCTCAACCCTCCTGGCTTCTTTGCTGCTGCAGCAGCTGACACTGCAGCTGTGGGTCATGCAGATGTTATGACAAATCATTCAGAGTCCCCCTGGTCCCTAGGTCCCTGCAGCAATAGCCTCACCAAAAATACCTAAAAAAC,"[[107676405, ""G"", [""C""]]]",yes,no,G->C,1
chr11,117646442,117646855,AGTCCTACTCAGAGTCCCTCGCTTCCTTCCCCTTACCAACCTCACCTCCCAGAACATTTCTGTCTCCTGATACTGTCAGCTGTTTCTTACCTCTTAGCTTTATCTAGCATCTACTATGTGCACCTGCCAAAGTGTTAACAGATTAATGAGTGTGTGGGAGTCCCTCAGACCAGCTCAGACAGCCAACTGTGCATTTCTTCCCAATCCCATGGTTAGTGACATCGTGTTGGTAGCTTGCAATTGGCCATGGTAGAAGTAATTACACCACGGAAATCAGTCCGCAAACACTACCAGTCAATCAGGGCTTTCCCCAACTCCCCAAGAGCTAGCTGTTAAACCTTCACCAGCAGGCCACGGGTATTAACGTCCCAAGAATATATGAGTTCAAAAGAGGTCTCCTAGAGAGAGAGAGGA,"[[117646545, ""T"", [""C""]]]",yes,no,T->C,1
chr2,7648270,7648552,CTGGTAACTTTTTGAAACGGAAATTTTGTAAGTGCCAATAAATAGCATTTACATTATTTGTTGTGCTCTACAATTTCGTCATGATAATAAAATATTGTTTGGATATAAAAAAGATCTGACTAAACTAGCCTGGGTGGTGTCCAAACCATCTGTTTAGGTCCAAAAAACACTTGTAGGGAATAAATATGTCTATAATGAGCTTGTGACTTTTAGATTTGAAACCTTAAGTGCAGAATTCAATAACAGTCCTCAGATGGCAGCTCTCAGAGATATCTACCAAGGA,"[[7648275, ""G"", [""A""]]]",yes,no,G->A,1
chr1,22993169,22993457,AGGAACTAGAAAATAAGAGATATGTAAAGAAAATTATAGAAATAAAGAGGTATTTTTTGGTAAGAAGGCTTAAAGAAAAATAATTTTATATGAGAAAAAATCTTGTATAATAAATTTCTGTCCTAGAATAAAATGACTGGTTGTTTAAGAAAGAGGGATGTTCAGGTCAAACCAGAAAGTCTAAGCATATCATGAATGGTCTGTGTAAGTCATAATAAGATTTATGGAAAAAACTTTTATATGATCAAGTTGTCTATAATTGAAGGGAAATTATTTATAATGGTCTTTC,"[[22993189, ""G"", [""T""]]]",yes,no,G->T,1
chr13,104577055,104577401,TATTCCGCTTTTTCATGAGAAATGTCTTCATTTTCAAAACGTAGGAATACATATTCTTTGTCTTTCTCTGCCATCATTTAATTCTAAAAAGCATCTTCAAGTGTCTGTCTAGTTTCTATGGTCAGATGACTCACCCCTCAAACTTACCCCTGTGTGTGAGCAAGAAGAGAAAGAGATAAACTTAGTAAGTTTCAAGAGTCTAGCTTCATTTATCTACTTCCAGCAATGCTTATCTCTGCTATTCTGGATCTCACTTTTGGAGTTACTTCATCAACAAAGAGGCCTAAATGTAATTTGGCTCTTGCTAAGCTATGATATTTCCAAATGTGCTCATAATTTAACAAATA,"[[104577061, ""C"", [""G""]]]",yes,no,C->G,1
chr3,116757480,116757717,CCGGCAGCTTGTGTAAAAAAGCTGACTAAGTTAATCCGTGTGTGAAATGGAAGAATGCCTCGGGGAACATGACACAGTTTTTAAAAGAGGAGAAATAATAGATACTATAGAGGAGAAGGGAAAGAAAATGAAAGAGAGGAAAATGTGGAAGAGAGAAATAGAGAGAAAAATTTCTTAAAAATCAGAGGAAAAAATGGGGGCTTGCTATAAGGAAATAGATTTTATGAGAATAACTTTA,"[[116757481, ""T"", [""C""]]]",yes,no,T->C,1
chr1,239081970,239082373,TGTGTAAAGGTGTTCATAGTAGCCTTGAATGATCTTTTATATTTCTATGGTGTCACATAATATTTTCTGTTTCATTTGTAATTGAGCTGATTTGGATTTTCTCTCTTCTGTGCTTGGTTAATCTTGCCAATGGTCAATCCTTATTTATCTTTTCAAAGAACCAGCTTTCTGTTTCATTTATCTTTCGCATTTTTTTGTTTCAATTTCATTAGTCCTGACCTGATCTTGGTTATTTCCTTTCTTTTGCTGGGTTTGGGTTTGGTTTGTTCTTGTTTCTCTACTTCCTTGAGGTGTGACCTTAGATTATCTATTTGTGCTTTTTTATACTTTCTGATGTCGGCATTTAGGGCTATAAAATTTCCTCTTAGCACTGCCTTTGCTGTGTCCCAGATATTTTGATAGGT,"[[239081972, ""C"", [""T""]]]",yes,no,C->T,1
chr1,174362292,174362550,TACCCAGTAATGGGATTGCTGGGTCAAATGGTATTTCTGTCTTTAGGTCTTTGAGGAATCGCCACACTGTCTTCCACAAAGGCAGAACTAACTTACACTCCCACCAACAGTGTATAAGCATTTCTTTTTCTCCACAACCTTGCCAGCATGTGTTATTTTTGACTTTTTAATAATAGCCATTCTGACTGGTGTGAAATGGTATCTCATTGTGGTTTTGATTTGCATTTCTCTAATGATCAGTGTTGTTGAGGTTTCTTTC,N,no,no,N,0
chr15,78520300,78520621,GGGTCATAGGACAATAGTGGAGGGAAGGTCAGCAGATAAACAAGTGAACAAAGGTCTCTGGTTTTCCTAGGCAGAGGACCCTGCGGCCTTCCACAGTGTTTGTGTCCCTGGGTACTTAAGATTAGGGAGTGGTGATGACTCTTAACGAGCATGCTGCCTTCAAGCATCTGTTTAAGAAAGCACATCTTGCACCGCCCTTAATCCATTTAACCCTGAGTGGACACAGCGCATGTTTCAGAGAGCACAGGGTTGGGGGTAAGGTCACAGATCAACAGGATCCCAAGGCAGAAGAATTTTTCTTAGTACAGAACAAAATGAAAAG,N,no,no,N,0
chr12,116721205,116721508,AGCAGACATTTCTCTACATCCTTCTGGGAATGGGACAGAAAAATGTAAGGATAGGTCCACAAGGGCCACCACTGGCCCCGAGGAAAGTCCCAGGTGCACACATGAGCTCCCAGGTGCACGTTCAGGCCCACAGGTGCAGAGCAGCTGCTCCCCACATCACTGCATTCCAAACACCCCAGCTTCTTCATCCTCAGAGAAGGAGACTTGCTGAAGTATAAGGTTGTTTTCAGAAACTACTTTAGAAAACAAAGTCTGTTCAAAAGCAGGAGGCACCAGTAGAACAACAGTAACAAAGAAACTAAAA,N,no,no,N,0
chr3,157581359,157581677,CAGGCATCAAATTTCAGTATTATGCATTTAGGCACCCCTTTTCCTTCTGTTCCGGCTAACACTTTACTTGTATCATTTAGGAGTCCCCACTAGTCTTCAGTCTTTAATCTTATTTCAAAAACTGTGAACATGGGAGAGTCAGAGGGGTCATAACACACATCTGGTCTGTCGTTTCCCGGGCTACATACTTTGTACTGAGTGTCATTATATAAACATGTTCCTTTTAAAGATCCTAAGCATTCATAGTAACTATAGAACAGAAAGATTGTTTTAACTTGTTGCCTTACCTCGAGTAACCTGATGTATACACTGAGAGCAG,"[[157581375, ""A"", [""G""]]]",yes,no,A->G,1
chr9,15868005,15868355,GAATAGTCAGTTTTTTAGATCTTTAATTGGGATGTAGCCAGATTGATAATTTGATTCAAGAGATCAGTTTTTTTATTTCTGTAATTGGGATGTAACTATAATGTGTGGTGTGGTTGTGGTGGTGGATTTTGCCCTCTTTTCTGGTGACAGCAGCTGGCAGTCATGGGAGAGTTCTGGCTTTGCTCCAGAGTTGTAGATTAAGTTAAATAACCTGCCAGCAAAAGAGGGCTAGTTGCTTACCTCCCACTTTTCAAATTATGAGTTTCTATGCTTGCTGCAGTGCCAATGGAATGCCTGCTTCTGCTGAGAGAGTGTCAAGGTCTCTTTCCAGTAGGTGTGGAACACAGCTGG,N,no,no,N,0
chr16,65323004,65323269,TTAGATATAATAATATATTATATCTAATATATATTATTATATCTAATATATATTATATTAGATATAATAATATAATATTATATCTAATATATTATTATATCTAATATATTATTATATCTAATATATTATTATATCTAATATATATTATATTGATATAATATATTATTATATCTAAGATATTATATCTAATATATTAGATATAATAATATATTATTATATCTAAGATATTATTATATCTAATACATATTATATTAGATATAATATAA,"[[65323078, ""T"", [""A""]], [65323269, ""T"", [""A""]]]",yes,yes,T->A,2
chr6,16816925,16817225,ACTCTTGGAAATAATTAATTAATTAATTAATTAAACCTCTACTCCCAGGGAAGGGAAAGCTGTAGGCACCAAATACTGTTTTTCCCCCCAACAAACACAGATCTCTGAGACTCTCAACTTTGCAAAAGAGCCCATGGTGTGTCACATGCCAAGACTGAGGAGGCTTGTTTCTGGGCACACATGCTAAAGACCACAGACAAAATCGTTTCCACGTGTGCTTCTGTGGTGTTATCTTCCGTTTTTTAGAATGTTTTCCAAAAACAGAGCAAATGAATGAATGAATGAATGAATGAATGAATAA,"[[16817058, ""G"", [""A""]], [16817137, ""A"", [""G""]]]",yes,yes,A->G,2
chr4,58368405,58368640,GCATCCTTTAATAAGCAAACACATCTATTCAATGTCACAGCCAATTAGAAAGTACTTATTTCTGTTCAGTGAGCTAGATGAAATCAATAATCACTGGGGAGTTGCCACTATAATTCATTAGAGGCATTCACTGGCCCTCAGTAATCAGCTCAGAGAATGGAGCCAAAGTCTGACTTATCTGGGGAGAGGAAGTTAGGATCAAATGTCTCAGCTCAAGTGAAAATAGTATCTGATAA,"[[58368446, ""A"", [""C""]]]",yes,no,A->C,1
chr10,93021994,93022317,GATAGATAGATGGTTGGTTTAATGGAAATTAAAACACTGACCCCATGTACTTCCTTCCTTCAAAGAGAATCATCATTTGACAGCATAGAAGGCCTCTTTACAAGTATATAGCTCACTAGGGAATCGTTACTAAGACATACTTATAAATATTAATAAACATCTCAAGTCATTTTTGTTGAATTTACTTTTCAAGTATGTGCACTTAGAGGGCATTAAGTCCTGGTTGACTTTTCCTCATCAATGTAATCTAAGAGACTTCTAAGTTAATTTTAAAAATCTATTATGAAACATGTAGAATTGTGAAATCTATGATGATGTGTGTAG,"[[93022020, ""G"", [""A""]], [93022039, ""C"", [""T""]]]",yes,yes,C->T,2
chr1,221907567,221907932,CGGGGCAAATCAAAGTTATTCAGTCTTCACCCCCTCTTTGCAATGCTACCACTTCAAAAGTGTTTTATTTGGCTCCTTTCATCAACAGAGCTCTGAATGATCAATGGGAAATAACTGCTAAGTCACCCAGCACAGATTTTCGTCATGACCTGTTCCTGCTCTGGACTCAGCCCCAGCCCTGGGGAGCTTCTAAACCATGTGTTCAGCTCCTTCGGGACCCACTTGATTACCCTGGAAACAGCAAGACAGCTCCAGCTCAAAAATCAGATGATGCTAGGATTTTTTCATTTTTTATTATAAGATTAAAGGGAAAATGGTTACCCCTATGGCTTGACAAACACATATAGTTTATTTCAAAGATGGGTA,N,no,no,N,0
chr1,73161486,73161761,TAAAGAGATTCCAATTAGGAATTGCTAGGCAACTCACCAGATGTCTTCAGATATTGAATCACTTAGTAATAGACCAAGTGTGGGCTAAACCTGATGTTAGTGTTACACTTCAAACAAAAGGCACATAGGAAGAAAAACAGAAACTTACTGTCAAGACCTACCACAAGCTACTAACTATTTCCTACTGTAAAGTTACACATGAGTTTTGGTTTCTTTTTCTTTCTTTCTTTCTTTTTTTCTGGATCTGTACCTCTCAAGAGAACTTCAATAAGGATA,"[[73161541, ""C"", [""G""]], [73161542, ""C"", [""A""]]]",yes,yes,C->G,2
chr9,38675214,38675668,ACCATGTCATGAAGACTCTAAAGCAGCCTTGGGGAGATGCACGCTTGATGAGGAACTGAGGCCTCACACCAGCAACCAGCAGCATTGTGCCGGCTGTGTGAGCTCGCCAATGTGCAAGTGGATTCCCTAGCCATTCAAGTCATCAGGCCCCGGCAGTCCTGACTTTTTGACTGTAGCCTCATGAGAGAGCCTGAGCCAGAACCACCCAGGGAAGCTGCTCATAAATCCTTGCCCCACAGAAAACTTTGAGAGGTGATAAATGTTTATGGGTGTTTTAAGCCGGAGAGTTTTGGGGGTAATTTGTTACACAGCCATGGATAATCCTTGTCTTCAGAGTTAGTGATTATGTTTGAATCGGATGCTTCATGACTGGGAATGATTAAAATGTTAAAAGTTCTATATATCTTTTATTCTACTCTGCAAAACAAGCTTCAAGTGCTATGTATAAGGCATTA,"[[38675233, ""C"", [""A""]]]",yes,no,C->A,1
chr7,19932907,19933232,ACCTGGATTTAGGTATCCATGAATGTAAATCATATGTTCCTGAAGGCCCTGGAGCACACGCAGAATTCACCTGGTAAATACTGCTAAATGTTTTCAGGGCCCTTCCATCCAGCTGGCGTGAAAATTCACCATCTGCTTTGAAACCAGATGAGCAAACAAAAGCACGTGTTGCTGACTTACATAATTCCTTCAAGGAGAAAAGAAGCCTTGGGCCCCTAAATGTCAAAGCTGCTTATTTCTCAGCTTAGTTGAGTGCAGACTCAGCAGAGCTGTGATGGAGATTTGAAGGTGAATGACTGCACAAGTCTGAAGCCAAGGGTCTGGGC,"[[19932911, ""A"", [""G""]]]",yes,no,A->G,1
chr1,143833429,143833637,GCTGGAATTGGAGCCACAGTAGCATCTGGCTTCCTTCTTGGCAAGATTTGGTATGTGTTACAGTTTCACTTTTTAAATCCCCTTACCAACTGCACCCAGTAGCTGTGGTCAGAAAGCAGAGTTTACTGTGTCTCCCTGTGACGCAGTCAGGACAAGAGAAGGAAACCCCCACAGTGCACTAACCTACGGCAGAATCTTTGGGGAAGGTT,N,no,no,N,0
chr3,122165593,122165813,TGTGACCTTACCCCCAACCCTGTGCTCTCTGAAACATGTGCTGTGTCCACTCAGGGTTAAATGGATTAAGGGTGGTGCAAGATGTGCTTTGTTAAACAGATGCTTGAAGGCAGCATGCTCATTAAGAGTCATCACCAATCCCTAATCTCAAGTACCCAGGGACACAAACACTGCGGAAGGCCGCAGGGTCCTCTGCCTAGGAAAACCAGAGACCTTTGTTC,N,no,no,N,0
chr13,41175757,41176012,GCTACGGGAGACTGGGGCTTATTTCATCCCTTATCTGCAACCGTCTAAGACAGACACTCCCAGAGTGGCCATTTTAGAGACCTACCCCTGGGAATGCATTCTCTTTCTCAGGGCTGTTCCTTGCTGAGAAAAAGAATTCAGCGATATTTCTCCTATTTGCTTTTGTAAGAAGAGAAATATGGCTCTGTTCCACCCAGCTCTCAGGCCGTCAGACCTAATGGTTATCTCCCTTGTTCCCTGAACATCACTGTTATCC,"[[41175769, ""C"", [""T""]]]",yes,no,C->T,1
chr21,21976608,21977069,TCCCTACACACTTGATGAAGAACATAGGGAATCTCTATTACTTAGGTGTCTTTCATTTGTCCTGTTCTAGAAGCTTATTCCTACTAGGGAGATTAGCTTTGCATGGTTGGGTTCACTTTCATAGTGGGAACCATAAATCCATCAAAACATATAAAAGAGACTGATGGCCTCCTAATTAAAGCATGAATTTATGATAGAGAGAATCTTCTCAGGGCAATTCTTTATGGAGCAACAGAGTAAGCAATGCTTATATGTTAAAATCTATGAAGAGGTTGCAACATTTATTTTAAAGGCATAAAATGAAGATATAAGGAACACATATGTAGTTACTATATTAACTCTATAGCAAACTGGTAGTAAGACATGAAATTTAGCACAAAAAGTGGGCCATTTAAACAACTACTCAGAATGGCTTTGTATTAAAAAGTTGGTGCAAAAGTGATCCAAAATGATAAATGGAGG,"[[21976810, ""C"", [""A""]]]",yes,no,C->A,1
chr9,33649411,33649910,GGAATGTACTGGTATCGACAAGACACAGGACTGGGGCTACGGTTGATCTATTGCTCCTTTGATGTCAAAATATATAAACAAAAGAGAGATCTCTGATGGATACAGTGTCTCTTGACAGGAACAGGCTAAATTCTCCCTGTCCCTAGAGCCTGCCACCCCCAACCAGACAGCTTCTAGGTTACTTGAGTGCCACCAGTGATTTCCACAGTGCTTCTTGGCCACCTGCTCTCTACACAGAAAGACAGACACATGGGTGAGTTGTTTGCTCTGAAGGGTACCTGGATGTGGTTTGTGGGATGTGGGGTGTTTAGAGCTTTCAGTGGTTTTAGGTAGTGTGAGCTAAGGGCCACTTTGGATCAATGTCCTCAAGCCATGTGATGAATCTGAAACCACAGAATCAATCTCCCCTATTTTATTCTTCCTAGGGAGCTAGCCCAATGGTGACCTTTCAGGAGAATGAACTTGAGCATTTGACAGAAGCTCATGATTTTCAACAAGAG,"[[33649435, ""C"", [""A""]], [33649595, ""C"", [""G""]]]",yes,yes,C->A,2
chr4,33951769,33952098,TCCATATGATTTTGGCTTTCACTACAAAAACCCTCAGTGTTTATTAGTGGATAATTTACCTGATGCCTGAAATACAGACCAAAAAAGACCTGTCTGGGAGGTTGCAAAGCTGAGCATAGAGAGATGTGGCTGCTCCCTGGGTTAAATGAGAAACGGTATTCTCAGGAGGTTAATTATCACAAATTAGGAGCTTTCAATAGTTCGGAAACATCAGGGAAGAAACAGCAGATTAGTACTGATAAAATCTCATGGGCTCTGATGGGAAGCACTTTATATTGGCACTAATGAAAAAATCAGAAGCAACCATGCTTTGAATGCTTAGAAATTTCA,"[[33951885, ""C"", [""T""]], [33951924, ""C"", [""G""]]]",yes,yes,C->G,2
chr1,29622045,29622464,TGCTGTCCGTATTGAAGGTGCTTCTGTCACCGGGGTGCGGGGGTGGTAGTGGCTTGGTTTCCTCAACCAATTTGTTTCCTGGGATCCCAAACATCTGAATTTGGACAGGTCACAGCCAGATCCACAGCAGCTTATGCGGAAAGATAATTCAGAGAAAAGCATTGGCTGCCACAATGAATCCGACGCAAACCTTCACTGTCAAGGCCTGAGTACCAGACAGGCCGTGGCTGCTAAAGCCCTTCCCTTGGCAGCAGCTGTGACCACATTTGTGGTTGGAAATGGTCCCCATTAGCCCTTACTGACCTCACTCTTGTCTAACAACTGAGTGTAAAATCTTCTGTGTATTAAATTGGGCACTTTGAACCTTGGCATAAAAAAAGAAAGATCAATCCTTTCAGGGCACAAAGAGCTGAAGCACTT,N,no,no,N,0
chr16,2284233,2284614,CTGAGGGCGCAGGGGTGCTGCCCGGGGTCGGGGCTGGGACACTCACTATATTTCTTGCAGTAGTGGGCGGCGACCTCGGAGGAGGTGCAGTACCTCCGCGTCTCGTAGTTCTCGTAGAAACTGCTGACTGCCATCCCCAGACAGTGGTTGGGCAGCACCAGGAACACGTGATCCAGGGTTTTGGAAAGTTCTTCCAGTTTTACAGCTGCGTTGGGGAGGTAAGATCAGTCTGCGCTGGAGGGCACACCACACCCACCTCCAGGACGGGCCTGGTCAGGGCGGGCACAGGGCCTTATCCGTGCTGTGTGGAGTGAGGGGGCTCCTCCCAGGGACGCCCCTGCCGGCTCTGCACAGGGCAAGGACGCCGCAGACGCCTGCCCAC,"[[2284239, ""A"", [""G""]], [2284553, ""A"", [""T""]]]",yes,yes,A->G,2
chr1,96038626,96039019,CACAAGAATCAGTGAATTTGAATGGTGCCGCCAACCTTAGGTAAGCCACTTGAACAATTTGGGTCTTATGTTCCCCATTTTATAGAATCCAGACACAAATGGGAGGCTCCTGACTTTTAGGATTCAAATGAAATATGGCCATAGGGCTCTAGGTTTACATTTCTATCATTCTTTCTTGAGATGTTGAGGAGGATAGCTTACATTGTTCTTCAAATCCTGCTCAACCAGATTTGTGTATGTCTGTAATTATCCACCACTCATCTCAGCTGTCACTCAGAACAAGCCATGGAATTTAGTCCCTTTACCTTTTTATCCATAAAATAACCACACTTACAATCCAACAGTGACAACAAAATAAAGATAACTGAACAAATACCACCTCCCAAAAGATCCC,"[[96038642, ""C"", [""T""]], [96038709, ""G"", [""A""]]]",yes,yes,C->T,2
chr18,65561957,65562320,TACAGGTGTGTTATTGAGCTACAGCAGTGTAAGAGATTACCATCACAAAAACAGCATGGGGGAAACCACCCCCATGATGCAATTACCTCCACATGGTCTCTCCCTTGACACGTGGGAATTATGGAGATTGTAACTCAAGATGAGATTTGACTGGGGACACAAAGCCTAACCATATCAGATGGATATTATAAGAAAAAAAGAAAGCAAGAGCTGGTGAATATGTGGAGAAAAGGGAACCCTTGCAGACTGTTGATAAGAAGGTAAAGTGGTGAAATTGCAACACAAAACATGTAGAAGTTCCTTAGAATATTGAAAATAGAACTACCATATGATCCAGCAACACAACTTCTGGGTTTACATCCAA,"[[65561959, ""T"", [""C""]]]",yes,no,T->C,1
chr20,13272653,13273003,GTCTTGTATTGTTTTAATTGATAAATTGGAAAAACAGGACTTTGGCTCCAATGGCCCCTCTCCAGGGACTGGCCACGTGGTGTGATAAAGAGCAATGGAACCCTTTGGAATAGGTGCAGATTGGCAAGGAAGGCACTGACTTCATACCGTTGCTCAACCTTGTTTCCTATCATGGCTCATCCATGTGTTTATAGATGTTCTGGTTCCAGAATCAGGCAGTTCTCATCCCAAGGGTGTTTAGGCCATGCCCAAAACAATCTGAAGCCTGCTGTGGCTAGCGCTTTTTCCCAGAGGTGGGAATGTCACTTGGGGCATAATGCTGAGGACTGAGCTATAATATCAGTGTAATTG,"[[13272691, ""C"", [""A""]]]",yes,no,C->A,1
chr1,29607263,29607652,GAGATATAAAGAAAGTTATAGATTTAAAGATATATTTTTAGGTTAAAAATTAAAATAACTTTGTATAAAAACATTTTTTGATACATTTTTGTCCTAAAATAAAATGACTGGTTTTTTAGAAAAAGTGTAAGACAAAGAAGAAAGTCTAAGCATGTCATCAAAGGTCTGAGTAAGTCATGATAAAGCTTCTAAAGGATAAATTTATAAGATGAATTATGTGTGTTATCACAATGGCTATAATTAAAAGGGAGTTATTTATAAATCTTCCTAAAGATTGAGTTTTGATATTTAAAATAAATTGATATAAAACTAAAAATATGGTCCCCTATGTTTACACAACAAGATGTTCTTAAAAGATTGACCTGCTTTTAGCAAAATGTAAAGAGGTTT,N,no,no,N,0
chr17,62321498,62321730,CATGGCTCCACATACTTGTAGTCCCAGCTACTTGGAAGGCTGATGTGGGAGAATCACTTGAGCCCAGGAGGTGGAGTCTATAGTGAGCTGAGATCCCATCACTGCACTCCAGCCTGGGAGACAGAGCAAAACCCTGTCTCAACAACAACAAAATCACAGGATTCTTTGAAGAAGGCCGAGCATATGACCTTTTGTGACTAATACTCTCTATGTAAGGAATGTTCCATGTCCCA,N,no,no,N,0
chrX,119997606,119997896,AGTGTGTTGTCTGTGTGTGTGACTTAGTCCCTTAACCCAATGCCCGAATATTTATAAACTCACTCACTGAGCTAAGAACCTAACTTGGTTTAAATATTTTAAATACAGTTGAAGCTTCTCACATCGTAGCTCTTTGGTGCATTAATTTGCATACTTCTAAGTCAGACTCAGTCCCAAGATACCTCCACACAGAAGTAGTCTCTAAAGGATACTATTGTTAGAAGGAACCGAACTTTGTTTATTCTTAATTTTGTACAGGAAATAGAAGTAGCAGTTTGGTATGTATAGTTT,N,no,no,N,0
chr2,189181750,189182046,TCAGTGGCTGCTCAGATCAGTAGTTTAGTATCTGTTATCTGTTTGTTAATAAAGTTGTTTTAAATTTAACTATAAACATGGCTTATATAAGAAAGGTTAAAACCACCATGCAGTCTCTCATGGTTGCCACCAGTTTCAATCTCCTCTTCCCACCCTACTGAAAGCTCATGGTATGACAGAAGCATAGCAAATATTTGTCAGAAGACCTGAGATAAGTAAATATTCCATATTGTCCTTGTGAACTCTTGAAATCTTATTGCAATCAAGTCATAAATAGCAAAGTATTTTGCAACTTGG,N,no,no,N,0
chr10,112250640,112250915,AAAAAAAGCGGGGGGATTGTGGAGTGGAAAGGGCTGGAGAGTTGGGATCATTGATTTATTGGGGTAAGAGGGATGAAATCATCAGGGAACTATTTTTTGGTGAGTCAGTTCCTGTGAGGTTCTTCAGACCAGATGATGTCAGTAGTTTCACTGGTATGCAGGACTTGAAAGGAATATCTCAAAGGGAAAACTTAACATCTCATAATGTTAAAGTTGTTATCTATAGAACAGTTGAGGGGAACTTTAATCTTATAACAGGGGGTGGAGCCAAGATGG,"[[112250726, ""A"", [""G""]]]",yes,no,A->G,1
chr1,178908361,178908818,TGTCTTTGCTAAAGTGTATACTGCTGGGATGAACATACATGTGTCTTTTTGGTAGAACAATTTATTTTCCTTTGGGTATATGCTCAGTAATGGGATTGCTGGGTTCAGTGGTAGTTCTGTTTCAAGATCTTTGAGAAATCTCCAAGCTGCTTTCCACAGTGGCTGAACTTACATTCCTACCAAGTGTATAAGCATTCCCTTTTCTCTGCAACCTTGCCAACATCTGTTATTTTTTGACTTAGCCATTCTGACTGGTGTGAGATGGTATCTCATTGCAATTTTGATTTGCATTTCTCTGGCAATTAGTGATATTGGCCGTTTTTCAAATGCTTGTTGGCCATGTGTATTTCTTCTCTTGAGAAGTGTCTGTTCATGTCCTTTGCCCACTTTTTAATGGGGTTGTTTTTTGCCTGTAAATTTAAGTTTCTTATAGATTCTAGATATTAGACCTTTTTCAG,"[[178908372, ""T"", [""A""]]]",yes,no,T->A,1
chr2,201646637,201646864,TGGAAAATCAGACCTCCATAGTCATTGCAAAAAATATGAAAATAAAAATAATAAGAGAAAGGATAATTTAAAGATACCTGTGCTTGCTTTGGTAGCACACGGACTAAAACTGAAACAATGCAGAGATTAGCATGGCCCTTGTACAAGCATGACATACAAATATTTAGTGAATCATTCATATTTTTAGTTTCAATTTTGCCAGGTAAATAAATTCTAGAGATCTGTTTC,"[[201646737, ""A"", [""G""]], [201646856, ""C"", [""A""]]]",yes,yes,C->A,2
chr1,3231795,3232203,GGTAGAGCGGGCAGCCTTTCACCTGCCAGGCCTTCCTGGTTCAGCTTCTCCACTAACTCCGCCCCAAGAGAGTAAAGCTGGACCCTGGGGGGTCCCGGCTGCAGCCACAGTTGCATGGACGTTGCAAGACTCCAGAGGTGGCCAGTTTTTCCCAGCAGATCAGCCCGGAATTCCTCGCTGCAGCTGTTCCTGTCACTGGGTCCCATTAGGAAAGCATGCAGTCTTGTTTGGTGACGCTCTGCCTCCCGCTGCCTTCACGCACGGTGGTCTCGAGTTCGCAGGCAGCTGCGACCGACACCCAGGAGCTCGGGCCTCTGTGTGTTGTCCCTGCAACAGATTGGAAACATTCCTTATGTGAGAGAAAGCAAAGCTCTTCATCTCCCTCTCCCTTCCCGCCGATCCATCTCCC,"[[3231797, ""C"", [""T""]]]",yes,no,C->T,1
chr6,114875327,114875673,CTTGCAACCATATCCCAAATACTAAACATTGGAGGGCTTTCCAGATCATCATGATTCACAATGTGAAGGTGCATTCCTTAGGGTATTTCTATTAAGTATATTGGCTTTTTTAAATGTGGATAATTAAATCAGGACTCAGCCATGACAGCTGCTGGTTTCTTTGGTGTTAAAGGATGAATGCTACCTTACTTAAGTAAAGAACAGCCTTTAGGTTTCCCTTTCAAAAATGAATGTGTATCACTAAAAAAGTACTGAGAAAATTCAAACCTTGGTCTTACCAGAACATGGAGAGAATTTGGCTTCATTCACGTAATAGTGCTTAATTTCAAGGTCAAGCATTACCTTTA,"[[114875352, ""G"", [""A""]]]",yes,no,G->A,1
chr11,113349611,113350032,TAACCCTATTAAATTTAATCTAATATATTCAGCAGCCTGTCACAATCTTGTTAAATCTTTATTCCGTCACCCACCTTATTAGGGGGCCCTCCCACTTTAGTCATCAGCGGATTAGTAAGCATGCCATTTAGATGTCATCTAAGTTAATGAACCTGACTGAGCCAGAGTCACATGGCAGAGTCACAGAAACTCCTTCTGAGCTGGCGTCCGATAATCAATAAACTTTGGTTAAAAGTATTCAGCATTCTGGGGATTCACATTAAGTGGTGGAGCCAACCACTTAAGAGTATCTGTCTCTGGGTGGGCAAGGAGCTAGGCTTCCTAGGAGGGCATGACAAGGCACCCTTTCTGCTTATTTCACCCGGATGCTGACTCCTTTTTTGGTTTCCTTGCAAGGTTACCCTGTTGGGATGTTGTTAGTT,"[[113349719, ""A"", [""G""]]]",yes,no,A->G,1
chr21,29629092,29629425,ACTGGAGAGGTAGACACATAGAAATGTATTTATAGTACAATGATAAAAATGCAATGGTGAAGATATACACAGTGTAGTTTTGGATAAATGAGGAAAGGAGAAATGTGTGTGTGTGTGTGTGTGTGTGGGGGTGTGTGTGTGTGCTATTTGCAAAAGCTTTCTGGAAAATGTGATGCCTGAGCTGAGCTGTTGGGTTTAGTCCAACATAGAAGAAGAGGGAGTGGCAGAAAGGGCATTCTTAGCAGAGGAAAAAAGATGGACAGCAGCACAAGTAGACACTGAGGAAAAGGCACAATGTCTCATCCTGTGATTTTGGAGAAAGAGAATGGGCATG,"[[29629219, ""T"", [""G""]], [29629221, ""T"", [""G""]]]",yes,yes,T->G,2
chr21,24303079,24303342,TTCTAAAATATGGTACATGAAAGCTACTTACCATGAACTTTCTTTTCATTTATCAAAGTCATGTCCTTTTCTAGACATAAGCAGCTGGCAGTATTGTTTCCCCAGGAGCATACAAGCAGAACACCATCTGAAGCCAGATGAAAACTAAAGGTACTTATCCAAGTGGAAAATATGGCAAGTTTGTACATTATTCATGACACCAATTAGCTCTTGAATCAACAAATATGGTAAAATGTTTTTAAAGCTAGAGAGCTATAGAGGCCA,N,no,no,N,0
chr3,81242800,81243182,TGTACAGACTTCTGTAGGAAAACATTTGCTTTTATATTGACATTGGCAAAATTTCATGTGGACTATTATGGATTATAATTGCATTTCATTTTGCTATATTAAAAAGTGTCAAATCCTAAAACCAAGCAAAACATTATCTGTGTTTTTTTTCATTATGTAGGAGAATGGTAAAGTCCTGAAGGCAATTTGAAAGCCGTAGTTAACCAGCTCCTTCTGTTTGCATATTCAATCCCTCAATGTAACATATGCATAATTTGATCATCATTGTGTGCCATCTGGAGTATACTGATTGAACTGCAGTTTGAAAATGAGGGTTCAGAGATAATTTGGTTGCATACATTTAGAACTGAAATGTCTCTCATGGAGCAGAACAGAGTTATTTA,N,no,no,N,0
chr4,69246531,69246917,TCCTTTAGAAATTTATATTATATGGCAGTATTTCCCTTCATAGTGTCATATAATTTCTGTGAATGCCACTATTTCTTTTTTCTTCTATTCCTCTGATTGGGTAATTGCATGTTTTCTTTGAGCTTACTGATTCTCTCCTGTTTGATCAAGTCTGCTGTTAAAGATTTCTAGTGAGTTTTTAGTTTAACAATTTTTATCTTGCATTTCAAGGATTTCATTTTTTATTTTTCTGATTTCATTCTCAAATGTTGTATTTGAATCGCTGCCCTGAGGATGCTTTCTGTTCTGAGGAGAGCTTATAGTTGATAACAGAACCTAAATAGTGCACCAGAGCTAAATCTCTTCCATGCTATTGTTTTCCTGTCTGAGGAAGACTTATCATGGTGA,"[[69246594, ""C"", [""T""]]]",yes,no,C->T,1
chr10,22958424,22958680,ACACACACACAGATTACCATTACATAATAAATAAACGTAGGGCACAGTGACTCAACTCTTCTGATATGTGTTCTAGGCACACTTTGCACTTTTATGGTTGTTTCTAGTGTCTTAGAAGGAAGTACAGCTCATGATCGAGGAATATAGGCAGGCTAGAGAATGTGTGGGGTTGGCCCTACCTAGGCTTGAAACCTGCCCCACCACTTGCTTTGTGGTTTTGAGCCTCAATTTCCTTATCTGTAAAATGAGATAATAAT,"[[22958441, ""T"", [""C""]], [22958448, ""C"", [""T""]]]",yes,yes,T->C,2
chrX,142163663,142163970,TGTGGAGAAATAGGAACACTTTTAGACTGTTGGTGGGACTGTAAACTAGTTCAACCATTGTGGAAGTCAGTGTGGCGATTCCTGAGGAATCTAGAAATACCATTTGACCCAGCCATCCCATTACTGGGTATATACCCAAAGGATTATAAATCATGCTGCTATAAAGACACATGCACACGTATGTTTATTGCGGCACTATTTACAATAGCAAAGACTTGGAACCAAGCCAACTGTCCAACAATGATAGACTGAATTAAGAAAATGTGGCACATATACACCATGGAATACTATGCAGCCATAAAAAAGGA,N,no,no,N,0
chr7,90488213,90488572,TATAAATTTTGCCCTCAAATCTCTGTTTCTTTCCGGTACTATCAGATATATTTAAATCATGCATGTTTTTGCCTTATAAAGAAGTTACACTTCTTGTAACTAGTATGAACTAGTCTCCTATTTCATGTTTGCCCTTCTAGTTTCATTTTACAACATACCAAGCTAATAAACTACATTGTGCTTACTGAGATAAGAAAAAAAAGTTTACAAGGGGTAGAAATCTGGTTTTGCAGCAAGCATTGGTTGTCTCTTTGGTAATGGACTGCTGAAATTCAAACAATAAATCATTTCCTGCTATCTAGATGTATCTTTAGAGATACAACAGCCTGAGGGATTTGTTGTTTTACCTATTAAGATAGT,N,no,no,N,0
chr18,56803139,56803405,TATCTATAAAATAACTGAATATTCTCAAATAATGAAGTCAGAGCACATTACAGTGTTTATCTAATTTATTACTGTGATAAGTTATTGGAATATCCAAAATGCCTTATAGTGTGATCTCATAGCATATTGTTGCCAATTAAATGTGTCATCTGCTAGCACAATATTAAAACCAGATTCTTGTGTATTTATTTTCAAATCATTTATTCACTATGTGTAAAGAGGTTAAGAGTCAAAAGCGTTCCTATTTGTGTGTTTGTGTGTGTATGT,"[[56803172, ""A"", [""G""]]]",yes,no,A->G,1
chr18,36248779,36249015,GTAACCTGTCACATTGGTCTATGTGTCTATTTTTATGTCAGTACCATGCTGTTTTGGTTACTACAGCTTTGTAGTATATTTTGAAGTCAAGTAGCTGTTGTTTTTACATAATGATAAATTTGTTTTTAACCTTTGTTCATTAGGGATGGAGCCTATAGAGGTGCCTCTTGAGGAAAATAGTGAACGGACTCAGATTCGCCAAAGCAGGGTCTGTGCTGACAGGTGAGACTCTGAAGC,"[[36248782, ""T"", [""A""]]]",yes,no,T->A,1
chr7,86002171,86002408,TATTTTTATGTGACTTAATTTTTTTAACCTGGCTTCAAGTTCTGAGATTCTTTTCTCTGCTTGATCTAGTGTATTATTGAAGCCTTCAAATGTATTTTGTATTTCATTCAATAAATTCTTCAATTCCAGAATTTCTGTTTGGTCTTCTTTGGTGATATCCATCTCTTTGGTAAATTGTTCATTCATACCCTGAATTGTTTTTCTGATTTCTATGTATTGTTTATCTGAGTTATTTCTC,N,no,no,N,0
chr2,228329247,228329693,TAATTATATTATCTGGGGAAAACCATGAGAGGTGATATCTTTAATTGATAAAGTTTCGGTGCCATACAGATAGACTCTCTGGTTATATTTTTAATTATTCTTACTGCAGAGATCCTTGTGAGCAGTTTAGTCCACTTCACAGTGAAATGAATGAAGAAAACCTGCACAACTGCCTGAGAGCGGACAGAGTAATTTTGAGTGTATAGACACAGCAGAGACCTGGTGACAGATGGAAGTGCTTCAGGCGCAGTTGCCATGCACATTCTTCCATCTGTCAGCACAAGTGTGTTACTATTTTGGGACTCAATTTATCCATTTGGAGAACAATTTTCAGGCTTGTTCTTAAGGTTAAAGTGAAATCTATAACTCACTGAGACTGTTTCTTTCTAATCGCTGTGTTGCTTCGCTTTTTTTATTAGAAAAAAAATTATTGGGGGATAGAGAGGT,"[[228329252, ""G"", [""A""]]]",yes,no,G->A,1
chr17,72950273,72950556,TACCCTTGTACAAGTTTTCAGTCCCCTTTGGGTATCCACCTCTTCTGTCACATAAAGGCAGCTGCCCTGCAGTATCATGGTTAAAGTAGACCTACAGATGGCCAGAATCCTGGGAACAGAGAGGCTTTGGGAAGGCCGGTCTCTCCCTCTGTAGAAACCCCCCTCCCTAACCCTGCTGACACCTGGTGTCTGTGTGATATGCCACGGGCCATGGAGTCACAGCTCTTTGTTTGTTTATATGCTTTAATTATTTCTAATTCTACATCTCCTGCTGACATCCGAGG,"[[72950350, ""C"", [""T""]], [72950357, ""G"", [""A""]]]",yes,yes,C->T,2
chr2,236486025,236486301,TGGGATGCCACTTCTGTGATCATTTGCATAAGATTCTGAGCAGCCCCCCTCTCCCTGCTGGCTTAGACGAAGCCAGCTGCCATATGGAGAAGCACACATGGCATGGAGCTGGGGGCTGCCTACAGCTAACAGCTGGCATGAACTGTGGCCCAGGATCTGATGCCCTACAGGGAACAGAATCCTGCCAGCAACCACACAAGCTTGCAAGCAGGCCCTTCCGCAGTTGATCCTCAGTTGAGACCTCAGCCCTGGCTGACACCTTGACTGCAGCCTTGTG,N,no,no,N,0
chr3,95744230,95744524,TAGGACAATAGTGAAGGGAAGGTCAGCAGATAAACAAGGGAACAAAGGTCTCTGGTTTTCCTAGGCAGAGGACCCGGCGGCCTTCCGCAGTGTTTGTGTCCCTGGGTACTTGAGATTAGGGAGTGGTGATGACTCTTAACGAGCCTGCTGCCTTCAAGCATCTGTTTAACAAAGCACATCTTGCACCGCCCTTAATCCATTTAACCCTGAGTGGACACAGCACATGTTTCAGAGAGCACAGGGTTGGGGGTAAGGTCATAGATCAACAGGATCCCAAGGCTGAAGAATTTTTCTT,"[[95744268, ""T"", [""G""]]]",yes,no,T->G,1
chr19,33754863,33755192,GAGATCCTGCTCTGCAGGGCCAGGTCTTGATGGAAAAGGATCCCTTTCTGCTGAGCACCTGAGTGAGAGATGCCGGCTCAGGGGCACCTGTCTGCAGCCTGATCCTCCTTCTTCTGAGCAGCTCAGCCCTGCAGAGCCATCCTAGCCTGGCCCATCCTTGTGTCTCTCACTTGTGGATGCAGCAGAGCTAAAGGCTGGAAATGACATTCTCAGGATGCCCACCACCCATGCACCCCCCAGGGGCTCAGGATGGTGCCTTCCTGTGGACTTCCGGATTTCCAAAATCCCTGCTGTCTGCAACCACAGATTTTCACAGAAGCCTCTGGCACT,"[[33754977, ""C"", [""T""]], [33755036, ""C"", [""T""]]]",yes,yes,C->T,2
chr6,133083575,133083799,TTAACTATTTCACTGGGATGGAGCCAATGAGTATAATAATACTGGCAGGTGTTTATTAATATTACAACCTTATTTCCTCCTGCTGTTCAGGATCGCTAGCTTCTAAACAGGCAGACACCTGAGCCTTTTGTGTGCCACATGACAGTCTTGTATTTTTTTCACAGGTGTTAAAACAAAACAGGGATCAGCAGATTTTGTAATCTTGTGTGCTATGAGCCAAGCAGA,N,no,no,N,0
chr4,186318531,186318887,ACTAATTTTTAAAAGTGTACACCGATTTGGAAATAAGTCCTACTACACAAAACGTGATGGGTGAGCCTGAACTCCGGGTCCAGACTGCTTGAGTGAGCTGGGACAAATGACGTGTGGAAAATAGCAGGAACAGTGCCTGGCCATAGGGCTGGTTTGAAAGGGCAGATGAAAATCTATGGGGAGCAGATGGCCAAGTGCCTCCAGATGGTTATAACATTAGATAGAGTTCTCATAAGATAATTTCTACTAGTAAGAACCACTCACAATGGGACTCGGCTCTCTTCTGAAATAGTTTCATGTCGCTCAAGTATCCAAGCACAGACTGATGGATGAATTCAGTATTCAGTATTGGTTTTG,"[[186318593, ""A"", [""G""]]]",yes,no,A->G,1
chr11,113150290,113150558,CTAGTTTAAAATGATTTATGATTAATTTATTTGTCTGAGGCAAAGGAATGGTTTGTGGCAAAGGGCTGGTGGTGGCCCTGTCTATATGGAAACTGCATGAGTCCCTTGGGTTCGTATGCATGCCTCTCTGAGCTGTGACATCAGCCTGCTCACTTGGGATTTCCTGTTGAGAGTATACTTTTACTTCCAAGTTGCTATATTTAATTCAACTCCACAAGGCTTTATTAAGCATCTTTCATTCATATGCTAGCACCAATATAGGCGCTGGG,"[[113150396, ""C"", [""T""]]]",yes,no,C->T,1
chr9,24509986,24510264,CAAGCTGGCTACAGAAATTTACATAAGTAACCAGGAGTCAAATGCTAATCAGCAAGACAATGGGGAAAATGTCTCCAGTGCATGTCAGAGACCTTATAGGCACCTCCTCCCATCACAGGCTCAGAGACTTATTGGGGAAAATTGGTTTCCTTGGCTTGGTCAGGGACTTTTTGCTGTGTGCATCCTCAGACTTGGTGCCCTGCATCCCAGCAGCTTCAGCTCCAGCCATGGCTAAGAGGGGCCAAGGTACAGCTCGGGCCATTGCTTGTCAGGGTGCAG,"[[24510156, ""C"", [""T""]], [24510228, ""G"", [""C""]]]",yes,yes,C->T,2
chr1,103146119,103146540,TTTAGTTTCGAAGTCCATAAAAGGAAGGAAAAGTGCATTTTTTAAGTGTGTGGGCTGTTTTTAATTTTTCCAGCCTACTTTAGTTGACTACAAGCATGAAAGAAAACCAAAAAACTATTTCACACTAAATGTACTGTAGGAAGGGAGTGGTGTTAGTGGTTAGAGTGTGGGCCTCATAGCTCAATTTCTTGAGTTCTATTTTGGGTTTCATGCCTGGCAAATCCTGTGGTTTTGTGATAGTTGCTTATATGGTCATATATGGGCTTGCCTATCTGAGGATTGGGTGTTGGGAGTTCTCTCCACTTCTAAGAAGTGGTGTTAAGTAGAGTCTTGCATTAAATTCCTTACCCAACTAGAACTAAGATTGTATTTCAAACTTGTCACCTGACCCCACCTCTTGAGATACAATTCTTAAAATATTT,"[[103146128, ""A"", [""G""]], [103146513, ""T"", [""C""]]]",yes,yes,A->G,2
chr2,56515516,56515907,CTGACCTTTAACAGAAAATGGTTGCAGAATCCAGCTGCAGCCTATGACCTCTTGAGAAGCTGGGATTCTTTTCTGTTGCCTAGGAATCCCAAATGCATTGCACAGTACTTGGCATATGGTAGTAGGCACTCAGTGTCATTATTAAGAAGCATCAGCAGCATTGAGATTAGTCAAGTGCTTACTGTCTTTCAGGCACTCTGCTAAGTGTTAAGTGCCTTTAGCTGCATTATTTTATTGATTCTGCTCAACAACCCCATGAAGTAGGTATGCTATCATTGTCCTCATTTTATAGGTGAAGAAACTAAAACACAAACATGCTGAATGTTGTTTAAAAAGTCACACAGCTGGTATGTGGTGAAGAAGAAGAAAGATGCTGAAAGATTTTAAAAAAG,"[[56515648, ""A"", [""G""]], [56515886, ""G"", [""A""]]]",yes,yes,A->G,2
chrX,3573903,3574247,GGTGTAGATTCCAGCATAAATTTCAGTTGGAGTCTGAAATATATTAATATTTTGTATTTTGTTAATATAACGGAGATTTTATTTTTAATACAAGACTAGTCAGACCATGTCAAAGGAAGAGAGTCCACATGGCAGAGGGGAAGTCATCAGGGAGCAATTTAACAGCTGCCTGCACACTATTTTCCTTTCTGTGCTCATGCGTTTGGAGAATACATCTATGGTTAAGGAATTAGATCATCTCTAATCTTAACCTATGGTATTGACTATAAACAGGCTCCCTGTAAGCTTTGGTTATTTGAACGTCAATTTCTGCAGTGGAAGCAAATTTTAAAAGTGGAAGCTCAA,N,no,no,N,0
chr12,54585232,54585624,TGTCATGGTAGATATAATATCAATACAAGGAGGAGCCCTAGGCAGGACCCTGGTCAGGGCCCAAAGCGTAGCTGAAAAATCTTATCCTAGGCTCCAGGTCCTAGTCTAAGAAATTAACATATAAAGCTGACTGACTGCCCTGCCTCTGAGCCCCCTTTCCCCCCACTGTTGTTCTTTTGTCACGCTGCCAATAAAGTTGATTGTTGTTGAAGTCAGTTCAAGGACTCCTGGGAGGTGTAGTTTTCCCCCTTTCTCTGGAGGCTTTAGAGGCTTGGAAGCAAGGGGAAGGATGGGGGTTAGAGGATGACCCTCTAGGTTAGCAGTGGGGAGGGAAGGCAAATGGGGCTGGGAAAAGGGCTAGAATTATCCTGGGCTGAGAGGAGTAGGATGAGG,"[[54585514, ""T"", [""G""]]]",yes,no,T->G,1
chr10,32123005,32123486,TGCCTACTCTGTGGAGTGGGAGGCCCAGGTCTGCAGCTGAGGTTTGGGTGGCTGCAGCAGCACCCAGGAAGCTCTCACCCCAACTTAGAAGGGATGAGGCTCCCACTTGTTCCCAGCTCCCACGGGCTCCACAGAGCAAGGAGCGCTGGCCACTCCTCCCTGCTGCAGCTGGTGTGATGGCAGCGGTGGCTCCAGATGGCCTGCCCCTCCCATCAGTTTCACCTCTCTTGGGGATCTCTGTGCTTGGAGCAGTAACATGGTATGATTAAGGTAGGATTTCAGGGCCTGGTGGGCTGAGGCAGGGAAGGAAGGAAGCAGATGTTCAGCTAGCAGAGCAGCAGAAAGATTTAAGATCCTGGTTCTGTTCCTCCCTAAGGCCCGATCTCATTTCTCTTCTTGGACTCCATGAGACACACAGGTGTCCTTGACTAATTTCCACTTTTTGCTTTAGCTAGTTTGAATTTATGCTCTATCATTTGTTA,N,no,no,N,0
chr7,39510016,39510245,ACTGTGCTGAACACTTTCACCCTCCCTTCCTCCTTTCCTTCCCTTCTTCACACAGGATCAGACTTGCTTTGTGGTCTGATGGTTCTCCCGGCTTTATTCAGAGCCTTCTGTTTTCCCTCACACAGGTGTTTCCTCCTGATAAGTCATTACACTTTTAGTGCTTACTTCGCATCTGCCTCTCAAAGCACCTTAAACTAACATGCCCTGCCACAGTACTGAATATTTAGTGA,"[[39510029, ""T"", [""C""]]]",yes,no,T->C,1
chr3,183828220,183828470,ACAGAGATGTCTTCATTGCCTCTTTGCCTGGTCTGCCCAAAGCACGACGTGAATTAATGTTGGGCTCTAGAGGGAATGTCCCTATGAACTCAGCCTCCTATCCCATCTCTGGAAAACGCATCTTGCCTCATCTGTGTTGCAGAGTTGTTAGCAGATGTCAGAGCAAAGCATTGTGACCTTGGGCAGTGCCCCTACACCACGTGTGCCGTTTCCTCGCTGGCAAAATGATGGCTAAGATAACTCTCTCCCCT,"[[183828267, ""T"", [""C""]]]",yes,no,T->C,1
chr3,54048350,54048775,GCTAATATCTGAGAAGCAAACCGAGCTGTGTCAGCTGGGACATAGGCAAACTCTGGTGAAACAGCTGTTGGAGATGGTTATGAGGGTGGGTTAGTAGTCTTAGGGGTGGCTGGTTTGGAAGAAAGATCACGAACTGCTTCAGTTTGCTCAGTGCCTAGCTCAGCATAAATGGATGGAAACTGGGTGGTTTTGTCACTACATCCTGTTCCGGTTACATTGTCTTTGTAGATTTTTCCATCTGTGTAGGCACTTTAGATTCTGTTCCCTCTGACCACTTCATCCAGAGAAGTAGTCCCTTCTCCATACATAATAAGTTCTTTAAAATAAACTGCTGCAAACTGGGTCATGTTCGGTGGGTTGGTTTTGAGAACGGCTTTGCTAATTTTCCTGAGCAGAGTCTTGAGGCCATAGCGTACGGCAAGTCTG,"[[54048440, ""G"", [""T""]], [54048651, ""T"", [""C""]], [54048761, ""G"", [""C""]]]",yes,yes,T->C,3
chr5,160391079,160391413,CCTGGGTTTCCCAGTGATTTCTTGCAGTCTCATGGTTACTGGCTCCAACAGAGTTCTGCCTGCCAGTTTTCAGTCCACAGAGGCTCAGGTAAGGAATTTTAAATTTGAGCCACTAGTACCTTTTCTAGAGATGTTTAAAATCAGCTATTTGGCAAAATCTGTAATGTGAGTAAAGTTGCTTTCTCATTCAAACCTATACAGAGAGTGACATCTGCTGGTCATGAAGATTATGTTTTTATTCTATTTTACTCCTTTTCAAAATTTATCAATGACTCTAAAATAAAACATAAGAAAAGTAATTATCTCTTCTTTGGGAAAAAAGAAACCAACACATG,"[[160391118, ""C"", [""T""]]]",yes,no,C->T,1
chr15,70829381,70829747,TGCCCGCCTCAGTCTCCTGAAGTGCTGGGATTACAGGCGTGAGCCACCGTGCCCAGCCCCATAGGCAGTTTTTAAAAGCTCTTTAGGTGACTCTAATGTGAGGCCAGGGTTAAGAATTGCAGCAAAAGGAGGCTTGCCTTTGGAGGTGATGATCAGACAGCAGGATAAGTAGTGACTAATGCCTGCAAAGCACTTTTCCATTCAGAAAGCACTTGCACATATATGACCTTATTTAAGGAACATCTTCTTGTTATCCACTGGTTTGTGGGAAGAACTGTGAACCAATAAAATAAATGACTTGCTGAAGGTCACAGTTGCTTAGTAGAAAAGCCACAACTCCACCTCAGATCTGCTGACCCCCACTTCA,"[[70829715, ""G"", [""A""]], [70829720, ""G"", [""C""]]]",yes,yes,G->A,2
chr4,92381713,92381934,TAAATTTTGATGGTGGAACATCAGTGAATCGACTTTGAAATCTGAACTGAACTCTGGTTCATTTGTCAGCTGGTGTAAAGATTCATGTTCTCTTGTGCTTGTGGTCTTACATCTACCCTGTGGTTTTAATTTTGGCAATGATTAGTTAGCATCCCACTTCATTTCATACTTAGTCATCCACAGGAAATGATAAAGACAATGAATCTCAGATGTCTACAGACT,"[[92381742, ""T"", [""C""]]]",yes,no,T->C,1
chr11,91244951,91245298,TTGCCTTCGACAGAGCAGCCTCAGTTTTAGAATGAGAGAATGCCATGGTGCATGATGCTTTGGTTCCCAAGAGACACTCAGTGATATGATTCAGGCAAGTGCATCATGTTACTCGCCTTGATACCTACCTAATGACCTGCTTCCCCAGAGGACCAAATAACAGCTTATCATTGGCCTAATAATACTCTCCTCTGAGGTCTCCTACCTCTGCTTCCCTCCATTACTGATTGGCTGCATGACCCTGATCAAGTTACAGCTGTCTCCTGGGTGCACTGAGCAGCACTAGCAGTCTTTCAATCTAATTTACTGTAGAAATAAAAAGTAACTCAGAAATGATCTATAGAAGTA,"[[91244991, ""C"", [""T""]]]",yes,no,C->T,1
chr6,132041748,132042027,GGTTACATTATCTGTTTACAAGATGCATCCTCTGTCTGAAATGGCAGCAACCGCAGCTGCAGACCTCAATCTCAATTCCTATCAAGCAATTTAACCTTTTCTTGTGATGTCATGACTTTTCTCTGCTTCTGGGCAGCACTTCCAGCATCACTTCATGTGGGTCCCATGGTGTTAGTCAAGGATTATGGTATTGAACTAAGCATGATGACAAATATGTAAAGACTGTGAGCGATCTGTCTGGACTGCAATTCACCATTTACTAGAGAGACAAATTGCTTGT,"[[132041773, ""A"", [""C""]], [132041800, ""A"", [""G""]], [132041818, ""T"", [""C""]]]",yes,yes,A->C,3
chr4,96856519,96856799,GCATAGGTCTCATCCGATAAATTGAAGTACTTAAGAGAAAAGACTGAGGTTTCCTGAAAAAGAATGGATCCTGCTTCTCTTCTGCAACATAGAAATTCTACTTGAGTTTCTGGCTTTCAGACACAAGACTACAATTTCAAGTTTTACCTGAATCTCCAGCCTGCCAGCTTGCCATACAGGTTTTAGACTTTCCAGTTGCCAGAACTCACAAATTGCACAAGCCAATTCCTTAAAATAGATCTATCTATCTATCTACCTACCTATCATCTATGTATCCATCT,N,no,no,N,0
chr3,64660904,64661311,AGCTGGTGCTAGTTTTGCTTTCGCACCTCAAACTGAAAAAGTTACGGATACAGTGCGCAATCAGTTTATTTAAGATGGAAAGGCATTAAATTTGTGGTTGGAAGACAGGAACAGAAACTTTCTGGCTGATGGCAATCAGATTGGTACTATGTGTGGTTTTAGACATCCACTGGGGATCTTGGAACATATACACCAAGGGTAAGGGAGGACTACTATAGTAAAATCTGAACAAACTGTCAAACAAGTTTTATGCAGTCCAGTTATAGATAATATCGCTAGCCAAAAACCTGGTACATAAGATGTAACATTAGATTCTTCTTCTAGTTTTTCTTTCAAGAACACTCATATATGTATACCAATGCCAATAAGTATTGCATGTCTACCAACTGGCATTTGTATACATATATG,"[[64660939, ""C"", [""A""]]]",yes,no,C->A,1
chr15,27819418,27819688,GCCTCATCCATCTCCAAGGGAGAAGTAACTGTACAAGCTCACTATACTGTGGACGCTGAAGGCATTTCCCACGAGAATGCCAATTAAGAATTCTGAAACTGATATACATAGTACTGGAAGTGAATGATTAAGTAAACAGATGGTGGATGATGGGAATTAGGTTTCTCCCTGTTGGAGAGGGAGATTACACATGTGCAAGGGGTGGAGGCTAGAATTATCCATGTGGTAATGATATGGACTTGGCTTAACCTAGAAATAGATGGTTTAATTA,N,no,no,N,0
chr11,4527984,4528277,CTAGAGAATAGTTTGGAGGTTCTTCAAAAAACTGAAAATAGGGCTACCATATGGTCCAGCAATCCACTGCTGGGTATATAGCTGATGTAATTTTGCTGTGTCCCCACCCACATCTCATCTCAATTTGTAATCCCCACATGTTGAGGAAGGGATCTAGTGTGAGGCAATCGGATCATGAGGGCAGTTTCCCTCATGCTGTTCTCATGATAGTGAGAGAGTTCTCATGAAATCTGATGGTTTAAGAGTGTTTGGCAATTCCCCCTGCTTGCTATCTCTTCTGCTGCTTTGTGAAGA,"[[4528017, ""A"", [""G""]], [4528143, ""C"", [""T""]]]",yes,yes,C->T,2
chr3,3097954,3098258,CATGCCCTTTGCTGAGGATAAAAGTCCTGGGAAACCAGCATGCGATATTTCTCCCCAGTGTGTCTTTGCTGTATTCTTGGCATTCTTCAGTCCAAGAGCCATACCTAAATTGGAACATTTACGAGTGTTATGAGGTTGCAGGAAACAACCATTTGCCTAAGTAAAAATAGGTACAGTACTAACCTATAGTAGAGAAAATACTGCGTGTCCTCAGGGGCATCTGTGCCAACAAGCCAGGTGCAGTGAAGGGAAACTTGGTATGACCTTAAACGTGAATAATTGTCTTCTGTAGTGTTTGTGGTGCA,"[[3097956, ""C"", [""T""]]]",yes,no,C->T,1
chr5,175261091,175261515,GATAGAACAATACATAAATAAAGCCAGAAATCGAGAGAACTGAAGAGTCTGACTAATCCAGTCATGGCTACCACTGTAGCACTCATTACTTCCACCCATCTCTACTAAGCTCTAGTCCTGGACAGCCTTGCTACACAGTGTGGCCCACACGCCAGCAGCATCAGCATTTCCGGACAGTCGTTGGCCAGGCAGAATCTCAGCTCCATCTCAGACTGACTGAATCAGGACCTACATTGTAATGTGATCCCCAGGTAAGTCACAGGCACATTACAGCCTGGGCGGTGCTGAACTAAGATCCTTGTGTCAACTAGTACATCATGACCTAGTGGCCCCAGATCCCTGACAGTGTCACAGTGGTGCCCACTTTGATGTTTGACACAATTGCAGCTCCCTTCATGCTTGCTCACAAGCCCAGCTCTGTTTCT,"[[175261121, ""C"", [""T""]], [175261379, ""T"", [""A""]], [175261396, ""C"", [""A""]]]",yes,yes,C->T,3
chr16,82801290,82801741,GTGATTCCACAAATCATTGTCCCCTTTGAAGATCTATCTAACCTCCTGGCTTGATGCTCCTCGAGGGACCTCTAGCTTCTGTGGATTCAAATGCTTTAAGGAAAAATACTCAGTCTAATCCACACTGTCTCTAGAACCAGCTAGCTTTGTGCAATCATTCAGGAACATCTCTGGCCCTCCCCACCCACACACTTTCCATCAATCCAGAAATGATCAGATTCAGCCCTTGCTCACAGATGTGAAGCCACAAACGGCAGCTAGGGTCAAGAACAGCAAGGTTACTACTGGATGCTGACTCAAGGCAAGAAGAGGAGTCAGGCACAAAATTCTGAAATTAGTCATTGAGGGAAGTACAAAGCTTAACCGTAGACAGGAACCTGGAAATGCTGGGTCAGCCTCTTCGTCTACCCGTACATGACATACAAAATTATTCCATGTTACTTCAATACTTT,"[[82801300, ""G"", [""A""]]]",yes,no,G->A,1
chr9,10603145,10603398,ACCCGAGCTTGAAGGGCCACCCCAGGGAAAGGCAGAGAGCACAGCAGGTTCTCTTTCTGACAGAGTGGAAATCCCAAAGGAAGAAAAAAATACACTCAGAAGCATTTGTGCCACGCTTAACTCTCAACTTTGGGAGGAGATACACTGGAGTTAGTTTTCCTTGATATGATTTGCCCTCTGCTTCTTTGTTCCCCTGGGCAGCACTTTTACAGTATCTGTCCTCCTGCGTTCACATTTGTGATCATTTACTTATG,"[[10603209, ""T"", [""G""]], [10603372, ""A"", [""G""]]]",yes,yes,T->G,2
chrX,46152797,46153226,GGAAGTGAAGTGCCAACTAAAACCTCCCACAACCTCCTTCTGCCTTGTTGAAGCTGAGTGGAGGTGGAGACTCAGCTCACCACTGGGCTCTAATGACACTATCCCAGCTGGGAAATAGAAACACTCGCTGGTTCTTCTAGGCAGGGGTGGAAGATCAGCTGCGTGCTTGGCCCCACTTACACTCCTCTGGCAGGGGAATTGGATTGCTGCCATCTGCTTCTCCTGGTTAAGACAAAGAAGATAATCTCCTTGCTCAGATAGTCAATACCATCCAACAGGGGAATTGGAATGTGCTGTCTGCTTTTGCTGGGTTAGGAGTGGGATGAGGTGGAATATCAACTTCCTGAGTAGGGGGGCATTGACTGAAAGGTCTTCTGTTGCTAGGCCACCCTTTTTCCAATACTTTCACTAGAGAGAACAGGCTTTTCTT,N,no,no,N,0
chr21,44056915,44057270,AAGCTGAGTAAGGGCTATATGGAAACTAGATAATTTTTTTTTTTGCAAAATTTCTGTAAGTCTAAGATTAGTTCAGAATTTAAAATGAGTAAGGAAGGAAATTCTGACACACACTACAGCATGGATGGGCCTAGAGGACATGATGCCGAGTGAAATAAGGCACATAGGGACAGATGCTGTGTCTGCTTATGTGAGGTCCCTCGAGTGCTCAGGTTCAGAGACAGAAGGTGGAATGGGGGCTGCCAGGGGCTGGCAGAGGGAGAATGGGAATGAGTGTTTAATAAAGGACAGAGGTTCCGTTTGGGAAGATGAGAAAGTTTGGGATATTGGTTGCACAATAGTGTGAGTGCATTTAA,"[[44056963, ""T"", [""A""]]]",yes,no,T->A,1
chr16,84270110,84270523,TCTGTGCCCAAGCCATAGTCCACACAGGATGGTGTACACACATCTGGACGGAGTCACTTCTCTGGTCTCCTTCACCTGTCCCCAGGACTCCAGGGCCAGCTGCTCCGGGTGAGTGGAAGACATCAGCCTGCCCCACCCCCATGTTCCCCAGCCAGCAGGACCAGGGAGCAACACCAGATGGGCTGCAGACACAGAAGGATGAGACTGGGAGGCGCAGACAGTTGTGTCTCTGGACAGTGTGGGGATGCAAGCGTGGTGTGGACTTGGGGCGCAGTTGATGACGGGGGGAAAGTCAAAAGGAACGATTGTCCTCTTGGCTGGTCCAGAGTTAAAAAACTGGCAGCCAACGATTGACCATCTTCTTTTGTGAGGTACTTTTATTTAATCCTCACGACAAGTCTGGTACCTAGGAAT,"[[84270133, ""G"", [""A""]], [84270393, ""T"", [""G""]], [84270504, ""G"", [""C""]], [84270507, ""A"", [""G""]]]",yes,yes,T->G,4
chr17,55134536,55134886,TTGATGTATGGGGTGGGGAGCCCTTTAAAAGTAAGAAGTTGGGCTGAGGAGAGTCAGATGTGTTATTCATCATTACTCTCTACATTGATTAAATTTATTAGATGACTAATCATAACCAAAGATTGTTGGCAGGAGAGAGTATGAGAAGATCATTTCATCCTATTATTCAGCTCTGTCTTTAGGCTGATCTCACACTCTCCTGAGGAAAGCTTCAGCAAGTTTTATGCTGAGTTTCATTAGTGCACAGAATAAAGTCCGTTGTATATTACTGCTTTTAAGCAAAACAAATCAAAGTGCCTTAGCCCAGATCATTCCCCCAGCATTATATAATATAAATGCCCAGAAACAACT,N,no,no,N,0
chr15,48996278,48996628,GAATAAAGATTAAAAATAAAAGGTACAATAGAAAGTCATTTAAATCATCTCATGGTTTAAGTCATTTAAAATAGTATTCAACAACTTACCATATTCCTTTTCATTTACTTCAGAGATCGGTTCAGAAATAACACTGCAGAAAGAAATGGCACTTGCTGCAGAGGGATTCCGAGAATGTCCCATGTGGTGTGGTACCTTCTTCACATTCTTTAAGGCTTCCTCAGCCTGCTCCTGTTCCATTGCTGCAACCATATCTTTATATGCTTTCCTGGCCTCCTCAGTGAGTTCTACTAATTTATTAAACAGGCTCTGAAAAGAAAGAGTATTTTGATTAATCCATTTTTTTGTTAC,"[[48996303, ""G"", [""C""]]]",yes,no,G->C,1
chr5,158611556,158611850,TGGAGACCATTCCAGCAACCATGGTCATGTCAGAACCCATATTTCAGCTGTTGAAAATAACTACCCTACAGAAGGGCCATTTTTCCTTGCTGAGATGTTGTTCCTATGAGTATGATTACACAGTGAATCTGGAAAATAGCATGCTTGTGTGGTCAGTCAGCTTTCTAACTGACCTTTCTCAGAACAGAATGTCACTTCCTGGAGACCGTTTGCTGGAGCCCCACTCTTCAGCCTTTAATGTATAGAATCACTTTGGACTTAGTTAAGGAGATACCAGAAATTCCAGGCTGTATGC,"[[158611656, ""G"", [""T""]]]",yes,no,G->T,1
chrX,100072369,100072727,CCAAAAGAGGCACCACTTACCTAAAAATTGCTCCATTTAGGATAGGAAAGCAAATTACCTAATTACCAGGCTATATGCCACTTTCTAGAGTTGCTCTCCTTTCTCTTGCTGCAATAGAATGATAGATGGAAACTGGCCAAGAGAAAAATCACTGGTGATGAATTGTGGTCACAAGCCACATGAAACACATTTAAAAGTGTCTAGAAATAAAGTTGAGTTTGTTCCAGGTAGAAACACAGACACACCCAAAAACATCTGCACCAAACAATTCTATCACAGAACTGCCTATCCCAGAGACTAAGTTCAGTCCAGAGGTTTTGAAAGCAGTGAAAATGTGATCCAAGGAAGCAAGGTCAACC,N,no,no,N,0
chr20,24966105,24966454,CCAGGGCTCCTGGGAGAAATGGCCGATTGCAGAGCTGAAGCAGGGACAATACAAGAGGAAACTGGAACGACTTATGTGCTGGAAAGTGAGGAGCTAGCCCAAGACAAGAGGACACGCCCATAGGCCCAGAAGCCACACTGAAGGGGCTCCTCCTGGCCACAGATGGGTAATTTGAGCATCAAAATCAATGATGACTGTAACATAATCACCATTAAGAACATGGGAAACCATAAGATGGCACTGGTGATTACTTACAAAAACCACCTCTCTGCGAGCAACTCAGTAATTAGACATGAAAGAACCACGTCCAGGTGGAGACACCTGGCATTCCCTGCCTGAATCAGGTGGCC,"[[24966219, ""T"", [""C""]], [24966225, ""A"", [""T""]]]",yes,yes,A->T,2
chr6,126671494,126671892,CAACTTGTTGCAGAACAACCCTTGATTGGAGAACAACTGCAAAAGTAGGAAACACACACAGATAATCTGTTTGGTCTGTTTTAAGACCCTGGAGAGCTAAGCATAGAGACCTGAGAGAGCATTGAAGATACTAGAGAGAAGGGTGACAAAGAGAGAAAAGCCAATATTCTGCACCACTTTTCTACTTGACTTTGGTCAGTTTAGAAGCAGCAGCTGAGAGGCTGAGAAACTGAACAAAGTTTCCAGCAGTCATTTCAGAATATGGAAACCAAAAGGGTCTGACATACAACTCAGGCTTTCAGATGAGACTTTTAATGGGCTGCACTCTAGGGGTAAGGGAGAACCCCAAATAGATCAGTCATCATAAAGAATGAAACTGGCCGGGTGCAGTGGCTCACA,"[[126671521, ""T"", [""G""]]]",yes,no,T->G,1
chr10,65194111,65194610,TCTAACATTATATATTGTAAGATTTATGTTTTTCTGAAGGAAAATCTTTAAAATTCTTGTAAGCTTTGGAAAAGCAGCTAAATTTAGTGAACTCTCTACTAATTGTTCTCATTTCATCACTTGGCACTAGACTCTTCCTCATTCAGGCCCTCCAAAGTAGAGTCACGTATGCTGCATATGTTGTGTGGGCACAGCCTGGCTCCACATGCCAAGGCTGTTCTCGTCATGACTCAGACCCACGCTCAGCAGGCAGGAGTCAAAATATGACCAGCTTCTGGGGAGTGCCTAAAGTAAATGAGATCAACCGAGAGTTTCTCAGCCTCAGCCTCAGCACCGGTGAGATAGCAGGGTCGGTAATTCTCAGGGAGCACGTGACACTCTTCAGGGTGATGTAGAATGGTTTAGCAAATTTACCCCCAGATGCTGTTAGCACCATGCTTTCAATTTATTTACATCAAAAAAAGTCTCCAAATAGTGTCAAATGTTCCTATAGGTGAGGG,"[[65194148, ""T"", [""A""]]]",yes,no,T->A,1
chr6,147800407,147800737,GAGGAGGCAGTCTGCCCGTTCTCAGATCTCCAGCTGCATACTGGGAGAACCACTGCTCTCTTCAAAGCTGTCAGACAGGGACATTTAAGTCTGCAGAGGTTACTGCTGTCTCTTTGTTTGTCTGTGCCCTGCCCGCAGAGGTGGAGCCTACAGAGGCAGGCAGGCCTCCTTGAGCTGTGGTGGGCTCCACCCAGTTTGAGCTTCCCGGCTGCTTTGCCCATCCTATTTTTAAAGAGGGATCTAAAAAGATTTTTGTCTGATTATTTGAAATAACATTGTTAGTGGTTTAATGTTTAATTCTAAAAGCCTAATGAATTATTACTGTTTTAAA,"[[147800603, ""C"", [""T""]]]",yes,no,C->T,1
chrX,71791182,71791576,ACCAGTAAAGACTGAGGAGTGATCACTGATATGGGAATAAGCCCTATGTCTTCTCCTGGTAATGGCAGATGAGATAATTCAGATAAACCCTGTGTGTTGGCCATCTGTTAGTTGGCCATCTGGTTTAACTCCATCTACAGCCTCCCTCCCTCTCTCTGGTGACTGGGCTGATATCACATAGTTCAATGCCCCAACCCTCTAGTCATATGATTGGTCTTTCTGGTCTGGCCAGCCTCCATTTGGAGTCATCTCATCACACAAACTATCTAGGGGCCTCCCATGACTCACCTCATTAGCATAAACCATGAAGTGTGGTCCATGGGACCCATCAGGAATGACAGTGTCACTCAGGAAATTGCAAGGGATTAGAGGTTATCTCCCAGGACTCAGGGACA,N,no,no,N,0
chr16,1749824,1750104,AGTAATGTGGGGTGCTGAGCACCAGCAGGGCCTCACCCTGACAGGGAGGCCTGTCTCATCCTGGCTTGAGTCAGAAAGTGCCCCAGTAGAGGCCATGTATGAGTAACATAATATTCACCATGTTAACCGAGTTGAAGTGTTCAGTTCAGTAGTGTTGGACACACTGTACTTGGTGGTGAAAGATGGAATGCTCCCCGAGATCAGGACGGCGGTGAGGGCGCACTTTGGTGCTGTGAATTTTCTGTGGAACTTTTCTCATGTGTTGCAAAAATATATATAAA,N,no,no,N,0
chr3,174488528,174488851,CCATAAACTAGTCCTTACTAAGGATGCAGTATGTAAAAACTCCCTTTTTAACCAAGAAAGGAAGACTTCTCAATTTCATATCTTGGCTATCTGGGATAAGTTCTTAGTTGACTGTTTTTTTTCACAATCTCATGGAATTCCTCCAAATTTTGTCATATTCACTTTGTCTGCATGACTTGGCTTCCACCTTCATTCCTTGTTTCACAACCTCTATTGGATCTAAACCCTGTACTAAATCAGCCTACTAAATAAGCGGTTCTCATATCCTGCTTAATTCCTGCCATTCACAGCCACAGACACCCCCCCTAACCTTTGGAAGCTACT,"[[174488570, ""T"", [""C""]]]",yes,no,T->C,1
chr13,31775672,31776070,GACATTGCTGAATGTCCCTTGGGAGGAAAAATTGACCTCTGCTGAAAACCACTGTACTGAAAAGTAAGCAAGTTAAGAACTTGTTCTGCTTTCCAGAGCATTCAGAGAGAAGTCTGAAAACATGATAGCTTGTAGTATTTCACCACTTTCCAGATTGAGCCACCAGCTCCGTTCCAAGAAACCTCACGTCAGATGTCTGTGCTTTCACCAGGAAAATACACAAGGGGCGGTTAGCAGGCTTTCTGTATTGTTTGCCCATTTTCTGCAGGTTGACCTGGTCTAGTGGAAAAAGCCAGGGCCTCAACTTCATCCAAGCCCTTCTGTGTGCCTGGCCCTTAGCCCCATGCTTAGCCTTCCAGGCAACTTTTTCTTTCTTTCCTTTCTTTCTTCTTCTTTCTT,"[[31775826, ""C"", [""T""]], [31775944, ""G"", [""A""]]]",yes,yes,G->A,2
chr5,16276224,16276553,CAGAGGAGGATTTGGCAGGGTCATAGGACAATAGTGGAGGGAAGGTCAGCAGATAAACAAGTGAACAAAGGTCTCTGGTTTTCCTAGGCAGAGGACCCTGCGGCCTTCCGCAGTGTTTGTGTCCCTGGGTACTTGAGATTAGGGCGTGGTGATGACTCTTAAGAGCATGCTGCCTTCAAGCATCTGTTTAACAAAGCACATCTTGCACCGCCCTTAATCCATTTAACCCTGAGTGGACACAACACATGTTTCAGAGAGCACAGGGTTGGGGGTAAGGTCACAGATCAACAGGATCCCAAGGCAGAAGAAGTTTTCTTAGTACAGAACAAA,N,no,no,N,0
chr18,3524620,3525087,TGCCTATAATCCCAGCACTTTGAGTGGCTGAGGCAGGCAGATCGCTTGAAACTAGGAGTTCAAGACCAGACTGGGTAACATTGTGAGACCCTGTCTCAATAAATAAATAAATGAAAGTCATGTGGATTTGTCATTCTGAGTCTGTGTGATTTCATGGCATTGGGATTATCCATGTGGAGACATTCTCATTTACGAGTGTGTCCTTGCGGCAAAAATTTCCCCAACCTACTGCCCAGCAGCTGCTTCTCAGACACACTTGTGATCCGGAGCTGCCATCAACAAAACGTCTCCATAGAAAACGTGGATCTGTTTCATTCCTGACTGGCAGTTGCTGATCTGCATTGCACAACAGTGCTTTTTTTGTTTTGTTTTGTTTTTAGCTGAAACTTGGTGGCTAATGAATAAAGAATGGATTCTCTAGTAGAAGTTTTCCCATAGACTAACACCAGAGTTTCCACAGTGTTCTGG,"[[3524670, ""C"", [""A""]]]",yes,no,C->A,1
chr5,68845157,68845471,TACTCTCCCTTGCACTCTGAAAATTGTTCCACTTTGGAAAATAAATGATATTGTCAACCACTTATTTAGAATACCAAGGGCAAGTTCCTCCTTGATCCATACAAGGTAACATATGTATCAACAAGGACAAGTAAGCAGGATGCCAAAGTCAACAGACTTTAAGCAGAAGGCTGGGGCTTTAGAAATGTTACTCATTCTCCTTTGGCACAGATATCAAGTTTATTTTCTGTAAAGGGTGTAGCAACTTAGCATATCTTGCTGGAGAAAAACAATCATAATCTGTTGGTTTCATCTCTTCCATTAAAATGAAAATTT,"[[68845175, ""C"", [""G""]]]",yes,no,C->G,1
chr4,150278153,150278626,GAAGATCTGCCATTTTTCAAAAACCAAATGGACAAAGTTCATCAATGCTTGAGATTGTTTTGGCTTTGCTTTTTTCAATACTAGGTAGCAAACTCTTCCAGTTCTACAAATGCTACTGGAATGGTGTGTGTTGTGGACTGGGACCAGTGCTCTAATGAGAAGCCCTGGCATCTCTTCATTTGCACTGCAGACGTGCTAATAAGCCTGTTTTGTCCCAAGACTTGGCAGATGGTGCCACCTGACCTTACATCCCCTCTAATCCCCTGCAACTCCAGCTGGAGGGAGGCGGCCAGCAGCCTCGGCACCTTCCCTGAGCCTGCTGGATTTTGACAGCAGTTGGGAAGAAGACTTTGTAGAGAGCTACAACAACTTCCAGGGTGATTAAATCTCAGTTCAGCATTTTCTTGCTCCAGGGCTGACAGTGCTCCAGCCTGTGGTTTAGTCAGCTCTAGGCTGTGCCCCTCTGTCCTTTCC,"[[150278228, ""A"", [""C""]], [150278345, ""A"", [""G""]]]",yes,yes,A->C,2
chr14,85738332,85738644,GGTAGGTAAAGGAAAATTACGGTCAAAGGGGGGTTGTTCTCTGGTGGGCAGGAGTGGGAGTCACAAGGTGCTCAGTAGGGGAGCTTTTGAGCCAGGATGAGCCAGGAGAAGGAATTTCACAAGACAATGTCATCAGTTAAGGCAGGAACAGGCCATTTTCACTTCTTTTGTGGTGGAATGTTATCAGTTAAGGCAGGAACCGGCCGTCTGGATGTGTACGTGCAGGTCACAGGGGATATGATGGCTTAGCTTGGGCTCAAAGGCCTGGCAATAACAATGGAATATTTCCCATTAGATTTAAGGATTAGGAATG,"[[85738456, ""T"", [""C""]]]",yes,no,T->C,1
chr9,96519734,96520181,AAAAAAAAAAAAAAAAAAAAGAGAAACCAATCATTGGAATAATATTTTATGTACTATAACCTTCTCCTAAGAATCACTAGTACTTGTGTATTTCTCACTAACTTTCCTTCTTGCATGTACTGTATTTTCATAAGGCTAAGTGCCAATGCTAAAGCAAAATAACTTGCTCACAGAAATCAATGAGTCAAACTTGGATGAAGAAATTGATTTTGTATTTTTCAACCCAAGCAACTGTTGAGAACAGTCCCTCAGGCACTTCTATTCCTAAAATAACAACATAGACACAAGAGGGAAAGAAAGAAAATCTTCAATTGATCTTTTCTAGGGCCAAAAAACTGCAAATAATAGCAGAGAGGGTTTGGAAAAGCAGAGACGGGGATAAGCAAAATGTTGTAAGGGAGGAGGAAGGAGATTTGCTGAGACTCATCAAAAATCCCCTCGGGTCTAT,"[[96519987, ""G"", [""C""]], [96520095, ""A"", [""G""]]]",yes,yes,G->C,2
chr6,101668496,101668946,ATACATTCTAATAAAATTAATTCTTTGAAAGGCCATACTTTGGCTTCTGAATAAATTATTATCTTTTCTCAACTGAAAAAAAAAAGATGATGATGAAACATGGAATATAGATGAATCATTTTTGTGTAGCTTATAATACAATGCATTTTGGGTTGAGTCTGAGCTTGCATAAAGACTGACTGAAATGATAAATAGGCCTGATGATTAAGCCAGGTGGCAAATCACTAGTTTGTGTAGCTGCCAAAATGGATACCTGGGTATGGGAGGAAACCTGGGACTCCCTTCCTGGGGATAGGGTAGTCGAGGCCTGCCGTAGAAGTGGTGTGATTAATCTCTTTAGAAGAGAGTGCCAGCTGCAGTGTGCATAAATGTCTCCTCCTGGATTCTCCTTAAAAGCTAAATTGATGACAGTCTCTTAAAAGAGCAGCTCAGCCCTCTGTCCCTGTAAGAT,N,no,no,N,0
chr6,20617728,20618173,CCCTGCAAAGGACATGAGCTCATCATTTTTTATGGCTGCATAGTATTCCGTGGTGTATATGTGCCACATTTTCTTAATCTGGTCTATCATTGAAGGACATTTGGGTTGGTTCCAAGTCTTTGCTATTGTGAATAGTGCCGCAATAAACATACATGTACATGTGTCTTTATAGCAGTATGATTTATAATCCTCTGAGTATATACTCAGTAATGGGATCGCTGGGTCAAACAGTATCTCCAGTTCTAGATCCTTGAGGAATCGCCACACTGTCTTCCACAATGGTTGAACTAGTTTATACTCCCACCAACGGTGTAAAAGTGTTCTATTTCTCCACATCCTCTCTGGCATCTGTTGTTTCCTGACTTTTTAATGATCGCCATTCTAACTGCTGTGAGATGGTATCTCCTTGTGGTTTTGATTTGCATTTCTCTGATGGCCAGTGATGA,"[[20617958, ""A"", [""G""]]]",yes,no,A->G,1
chr13,61364304,61364666,CAAGATAGCTGCAGGAGTCTTTTTCATACCCCAGTGGCGCCTGGAACTCCAGTAAAACAGAACCTTTCACTCCCTTGGAAAGGGGGTTGACGCCAGGGAGCCAAGTGGCCTTGCTCAGCAGATCTGACCCTCATGGAGCCCAGCAAGCTAAGATCCACTGGCTTGAAATTCTCGCTGCCAGCACAGCAGTCTGAAATCGACCTGGACACTCGAGCCTCCTGGGGAGAAGGACATCTGCCATTACTGAGGCTTGAGTAGGCGGTTTTCCCCTCACAGTGTAAACAAAGCCGCCTGGAAGTTAGGACTGGGTGGAGCCCACCGCAGCTCACCAGAGCCCCTGTAGCCAGACTGCCTTTCTAGATT,"[[61364322, ""T"", [""C""]]]",yes,no,T->C,1
chr2,90220575,90220979,CCCCATACACCAATGAAATACATTACTCCGTCGACTCCTGAGGAATATTTCAAATTTTCAAAAAAATACATAAAAAATGTTTCTCATAACAAACTACTCTCCAGTAGAAACACATTCACTGCAGACAAATTTGTGCTACCCTGGTCTTTCCTGGGACACCTGGGGACACTGAGCTGGTGCTGAGTTACTGAGATGAGCCAGCTCTGCAGCTGTGCCCAGTCAGCCCCATCCCCTGCTCATTTGCATGTTCCCAGAGCACAACCTCCTGCACTGAAGCCTTATTAATAGGCTGGCCACACTTCATGCAGGAGTCAGACCCAGTCAGGACACAGCATGGACATGAGGGTCCCCGCTCAGCTCCTGGGGCTCCTGCTGCTCTGGCTCCCAGGTAAGGAAGGAGAACAC,N,no,no,N,0
chr1,54931468,54931747,TATTTCATTTGTGTGTTCCACTAATGCAGATAGCTGGGGTGATAAGCACAATGGAAATGTTGAAGAATAGGCCAGATTCTACATACTGATTGAATTATCTGTCCAGTGAAGTGAGTGTCTCTGTTGCTGTGAAGTCCCAGAGGAAACTCCAGCTTGGAATAATCTTTTTAAAGAGAATTTTACTTACTGCTAAAGCTGTTGCTCTTTTGCATGGAAATAACTCAATGAGAAAACATGCAGATCATTACCAGGACATATCTGTAGCTCTGTGAAGGTGGCT,"[[54931664, ""C"", [""T""]]]",yes,no,C->T,1
chr13,79188373,79188656,TGGAACAGAAGTCAGGACTCGTAACTCTCAGCAGCATGACAGAGCACCAGGCAAAATATAAAGTAAGTGAATTTCATGGGGAGTACTTAGAACAGCAGAGAGAGCAGGTGTCTGGAGTCAAGGACATGTGTTGACTGCTAGCATCACTGTCACTAGCTGTATGATGATGAGTAATGCATTTCATTTCACTGACTTTCTGTTTCTTCACAGACAAACTGGAAATAATAAAATACTCCTGAAAGGGCTGATGCAAAAATTAGTATGTGGAAGTGCAAGGCACAGAG,"[[79188393, ""A"", [""G""]]]",yes,no,A->G,1
chr3,128579987,128580250,GCTCAAGGACAAGAGGGGAAGGCTTGGCCCAGGCCTCAGCTACCATCCTGCTTTCCAAGGACAGCAAAAGTTCTGCCTGGATTCCTCCAAGCTGGCTTCTGCTTGTGCCTCATTGGCCAGAACAGGGTCACATGACCAACCTAGCTGCAAGGGAGGCTGGGAAGCAAGCAGGTTGTCCTGCCAGGCTTAGACCAGGCTGACTCTGACCCAAAGGACCTCCCACCTGCTTAAATTTCCTCTTGCTTTGGGTCTACTGCCAGTTTT,N,no,no,N,0
chr2,132936298,132936757,TAATTTCTTTAAAAAGTCATAGAAACAACCTAAATCCAAACTAACAAGGAGCTGAATGACTGGATAAATTATGGTACATTTCCTGAATGAGTGAAATGCTCTGTAGTGAGACATTAACATTTTCCCATGTGTGACTCACTTGTCTGATAATATTTCCATGCCAGACACACCCCCATAATAAAGGTTCCTCACTCCATGTGGCTGCACAAGGGGGTGGGTTACACGTTTATTTTTCAACACCATCTCTTTCTTTCTCCACCACAAATAGGTCCCTTGGCACTACACAGTTGAAAACTATTGTTTGGGAGGATGTCAAGAAAAATTCTTTAGACTTGGAGAAAAATATAACCAAAAGAAACTGTTATCTGAGTATTGAAAATTTAGAAGACTACATACACATGGAAAAAAAAGATACACACAAATGTGCTTACAGTAATTACTTCTGAGTGGTAGGATCTAG,"[[132936395, ""A"", [""G""]]]",yes,no,A->G,1
chr7,86826616,86826943,TAATATGGTGACACCATAAGGAATTTATCAGGCATAGATATTTTCCATTTTCATAAAGGGTTGAGTTTTTCAAAATATATGTAGAAATACAAATATTTATTACCCTAGACCAAGGTTTCTCAACTTCAGCACTATTGACATTTTGGGCCAGGTATGTATTTGTTCTGAGGGTGTGTCTTGCATATTATGGGATGTTCAGCAACATCCCTGGCCTCACCTGCTAGAGGCTGCAATTCCCCCGCCCCCTTGGCTACATAATAATATATGCAAGTGTCAAGGCCCTTAAGATTCACATTTAATTGGCCTGTATTATGACTCAGGCATTAGC,"[[86826681, ""C"", [""T""]], [86826784, ""A"", [""G""]], [86826921, ""G"", [""T""]]]",yes,yes,G->T,3
chr10,24338370,24338665,TAGCCCTAGACCCCCAGTCCTGAAGGTTGATATGCAAGTGGCCTGAAAAAAAATGACATTGGCTGCCCCTTGCTTCTGAAGGACTTACAGATACTCTCTAAGTCCTATAGCATGTGCACAAGTCAGAAAGCACCTCATGAAATTATTCATGCATTCAAGCTGGACTGAATTTAATCCTTCAAAGAGAGACAGCTGTCAACTTCTTAAGAAGCTGAGCATGTTTTACAGTTTTGACCTTGATACTCAAGAAATGTCTGTGTCTGACCTAAAACTTGTTTGAAATAGGTTTTCTTTTC,N,no,no,N,0
chr4,112178817,112179022,AGGACAAAGGACATAAACAGACACTTCTCAAAGGAAGACATAAAAGCGGCCATGAAAAAATGCTCATCATCACTCATGAGAGAAATACAAATCAAAACCACAATGAGATACCATCTCATACTAGTCAGAATGGCTGTTACTAAAAAGTCAGAAAACAGATGCTGGCGAGGCTGTGGAGAAAAGGGAATGCTTATACATTATTGGTG,"[[112178941, ""A"", [""T""]]]",yes,no,A->T,1
chr3,109852258,109852696,ACCTAAATATATAAAACCAATATTAATAGATCAAAGAAAAAGAGGCTGTAATACAACAACAGTAGGCAACTTCAACACTTCAACACTCCACTTTCAGCAATGAACAGATCATCCAGACAGAAAATAAGGGGAAAAAATATCAGATTTAAACTGCACTGTAGACAAATGAACCTAACTGACATTTATAGCATTCCACCCAACAGCTACCGAATACACATTTTTTTAAAACTGTGGTTGACTATGGGTAACTGAAACTGCAAGAGCAAAGCCACAGATAAACGAGGAATGATTATATATCAGAATGTCTCAGAAAATGTGCATTTTTCATGATTTATATAATCAAACCTATAACAAGTACCATTGTTCTAAAGATAACCGTTCTATTGAAAGTTACAGCTATACTGAAAATAATGTTTTTTCTACCTTTTGAAAATATCTT,"[[109852314, ""T"", [""C""]]]",yes,no,T->C,1
chr8,143441357,143441832,GATTGAGAGCAGGGCGGGGCTGGGCCAGCGTGGGGACTCCCAGAGCCTGCAGCCAGGCCATGGCTCAGGGCTCTGCCCACCCGCTGCCTCTGCCAGACCCCAGCCAGCCCATCCTGGCAGCACAGAGGGAGCCCGGGAAGGTGGGTGTGGCTAGAGACCTGGGGGTCTTAGGCTGGGCCGGGAGAGGGTGGGGCAGGTCAGCCAAGGCCAGGCTGCACTGGGTCAGGGCTGGGCTGGGCTGGGCACGCGATCCCTAGCACCTGTCACAGTGCTAATTATACCCACAGGGCAGGGGGTGTGCCAGCCAGCAGGTGCTCTGGGCAGCAACATGGCCCCAGCTCTCCTACCAGGCCCACAGGGAAACACAAAGAGGCTGCCCAAGGCCCCAGCGGCCCAGCCTGGCCTGTGGTGCAGGGCGCCCAGCCTGCCCTTCCTCTGCCCACCCCTCCCGGGCTCTGCTCTGCAGCCCAGCTGCC,"[[143441359, ""C"", [""T""]]]",yes,no,C->T,1
chr9,15578676,15579018,ATGGGTGTCATTTTGTAAGATAGTGCTTTCTTTCCAGTGATTCAGAATATATAAATTTATAAATTTTTGCCTTGTATATATTATGGAAACAAGTTTCTCTAAGAAACTTAAATGTTTGAGTGTATGATCTCATAATCTTTGGACACATGTTGATATCAGGAATCTGTTTTTAGCTGGCAAGCTATGAGAGCCAGATTGCCAAGCTACGGTCCGAGGTTGAAAAGGGAGAAGCATTGCGACAAAGTCTGGAATATGACCTAGCTGTTGCTAGAAAGGAAGCTGGTCTTGGAAGACGGGCTGCTGAAGAAAGATTAGCCGAGGCACATAGGATCCAAGAAAAACT,"[[15578695, ""G"", [""A""]]]",yes,no,G->A,1
chr16,22797472,22797913,AAAAAGCTTCTTCACAGCAAAGGAAATAATCAACAGAGTGAAGAGGCAACTTAGATAATGGTAGAAAATATTTGCAAACTATGGATCTGACAAGGGATTAATATCCAGAATATATAAGAAATTCAAATGACTCAGTAGAAAAAGAATCTGATTAAAATTGGACAAAAGATCTGAATAGACATTTCCCAAAAGAATGCATACAAATGGTCAACAGGTATTTGAAAAAAATGCTTAACATCACTAATCATCAGGGGAATGCAAATCAAAACCACAATGAGATACCATCTCACACCTGTTAGAATGACTATCATCGAAAAGACAATAAAAATGCTGGTATGGATGTGGAGAAAGAGGAGCACTTATATACTCTGGGTGAGAGTGTAAATTGGTACTGCCATTATAGAAAACATATAGAAAAGTATACAGAACATTATAGAAAGCA,"[[22797629, ""A"", [""T""]], [22797911, ""A"", [""G""]]]",yes,yes,A->G,2
chr2,6454628,6454983,GCAGTGATTGTTGAACATAGCAGCTGCTTTAGCTGTGGTATTAGTTGGAGCAAGTAAGACTCTGGCCAGAAATCTTAAGATGAATACTTAGGAAAAGGCATGTCCATAGGGAGCTTTAAAAAGCTCCAGCATATCCCTGGGGATCTAGAAGATTATGCACATATTCTGGGTTGTGCACATGCCCAGAAAAAGACCTGAAGAGACCATGTCTTATCTCTGGATGCCATTGAGGTTTTGCAGAAGCAGGATATGAAGATTAAGCAGGGCTATAAACTGCCACAGTGTTGAAGGTGTGCCCCATCATACACAAAAGCCTTTTGGCAATGACTGGAAGATTTCAAAATCCAAAACTTTTA,"[[6454790, ""G"", [""A""]]]",yes,no,G->A,1
chr12,104340942,104341240,CTTTTGTATATAAGTGTCTAATTTTTTGTCTGAATTCAGCTCTCAGTGGGCTTGTTGAAAGACTGCTGTGTGCTGGCCTCTGACCCCCTCAGGAGGCTATTGTGCTGTGATCCAGCAGCAGCGTACATGGCAGCATCTGGCAGGGTGACTGCCAGCTGAGCAGAAGGATGCAGTGAGGACACAGGACGTCTCCTGAAGCCCATGGCTGTGGGGAGGTCAGCCAAAGGCCTGTTCTCCTTGGTATGCCTGGCACATTTGAGGCTGTGCATCTCCATCTGTTGGTCCTCTTATGATGTTGA,"[[104340953, ""G"", [""A""]]]",yes,no,G->A,1
chr9,85792196,85792615,GGATTAATTTTATTCATTTTCATTTGCGGGCTGTAGTTGCACTTCACTGTCTATCCTCTAGGAATGAAAAGGAGTGAGGAGTTATCTGAGTTCAACTAACTGATAATTTTCATAATTTATAACTATTAAAGTCAAAGTTTTGTTGTTACTTTCTAGCATGCTTTTTCTAGATGGGAATAATGGGAACAGGGCAAGGTATTTTAATACTGAGGAGTTAATCTCCTTTTGAAATTCCCATCACCTGGGAGGGTTGGACAGCATCTGAATTGTTCCATTCAAGGCCTGGGGCTAAGCCCATCCATTTCACTAGACATTTTCCTGGCTAGCTCCAGGTGTCACCAGCTGTTAGACATGACTAGAAAGACACAGGCTGTAATTTTATTAATAGAGTACATTAAAGGATATTTTCTAAACCAAACA,"[[85792496, ""G"", [""A""]], [85792595, ""T"", [""G""]]]",yes,yes,G->A,2
chr13,97793664,97793944,TACTGCAGGAGACTAGGGTGTATCTCAGTCCTTATCTCAACTGCATAGGACAGACACTCCCAGAGCGGCCATTTATAGACCTCCCCCAAGAAATGCAGTTCTCTTCCTAGGGTCTTAATATTATGTTCCTTACTAGGAAAAGAATTTAGCGATATCTGTCCTACTTGCATGTCCATTTATAGGCTCTCTGCAAGAAGAAAAATATGGCTCTTTTTGCCTGACCCCGCAGGCAGTCAGACCTTATGGTTGTCTTCCCTTGTTCCCTAAAATCGCTGTTATTC,"[[97793677, ""C"", [""T""]], [97793936, ""T"", [""C""]]]",yes,yes,T->C,2
chr8,20976989,20977393,CCTAAGTTTACTATACTTTCCTCAGCCCCAGTTTGTCCTTCCGCAAGGGGGAAATCGCCTCTACAGTTATCACACTAGGAGAAATTATACTTCCCTGAATTGTAAGCTTGGGCATCTGTGTGTCAAAGCAGAGAAGAAGTCAGGGAGGTAGCTTGTGTCTTTGAGGGGTGTGAGGGGCTGGGCTTGGTGAGCAGATGGACAGAGCTGAGCTGCCGGGTTCCACGTCAACAATGGCAAGTCCATGGGGAATTTCTGTAGAATTAGATATATTGCTGGACGCGAATAATTAAGGATTCTGATGTGGTCAGGTAGATTAATGTCCCTCTGAAAGCTCTGGATCAATGTTGGAAGGGAAAAAAATAAAAGACATGCATAATTTAAAAAAACCATCAGAAACTTTGCTTG,"[[20977003, ""C"", [""A""]]]",yes,no,C->A,1
chr16,67654227,67654527,AGGCTGATCCAGCAGGATCGCCTGTGAGTGAGGGGCATCTGCTGGGGGTGGGAGAGGGTGGGATGCCTGATGGGCTTTCTCGCTCACTGCTGGGTGTCCCCACAGCTGGGCCCCCGAGGAGGACCCGGCCACTGAGGGGGGCGCCACTCCTGTCCCCCGTACACTGCGAAAGAAGCTGGGCACCCTCTTTGCCTTCAAGAAGCCTCGTTCAACGCGGGGTCCACGGACTGATCTAGAGACCAGCCCTGGGGCAGCTCCCCGAACCCGAAAAACTACATTTGGCGACCTACTGCGGCCGCCA,N,no,no,N,0
chr10,1434267,1434610,TAACTGTAATTTGAAAATTTTTTGCCTCTCACCGCTTTCTGCGTTTTAAATGGAGGTGTCTGGCCCTCACTCTCCAAGGCCTGCTGTCTTTGTGTCAGGTTTCAGCTCCCGCTGGGGCCTCAGATGTGTGGGTGTGGCAGGCCAGGTCTCACTAACGCAGGCCTCCGTAGCAACTGTTTCAGTATTGACTGGGTGGTGAAGTTGAACATCAGAAGCCAGTGCCCTTATACAACGGCTGGAATAGGACAAAAGCCCACCAAGAGTTTTGCCCGGGCCTTTCCTGGGCCTTGAAGCATGACAAAACAACGAAGGCATTCTTAACAGGACCCATTTAGAATTAAACA,"[[1434285, ""G"", [""T""]]]",yes,no,G->T,1
chr1,82785369,82785728,CTTGCTCTAGCAGCACTGAGGCCAAAATTGAAGTGATTGGGAAAAGATGAATATAGTCTTGCACAGGATCTATAAGGTGGCCATATATTAGATGAGATCATCCACTGTGTGTTTAGGAGCAATGACTTTGAAATCTGATGGACTAGAGTATGTACTATGAAACTTATTAGGTATGTGATGAAAGAATAAACACTGTTCCCATATAATAGATGAGACAAATGAAAAATGTGCCCTTGGGCTGATCACATCACTTTTCTGAACATTAGTTTCCTCCTTTGTGAGTTATGGGAATTAGGTCATTCCTGTGGCCTTTCACTTCTAAAATTATTTGGTTGTATGACTTAGAAATACCATGATAAT,"[[82785406, ""C"", [""T""]], [82785453, ""G"", [""A""]]]",yes,yes,C->T,2
chr2,23769446,23769729,TATTTATAAATAAAAAAATAAAATGAGGTAGTACAGTCAGCCCTTTGTATCCACAGGTTTCAAAGCACACATATGGAGGGATGACTATAATACATATGTTAAACATTCTAAGAAACTTCTAGACTGTTTTCCAAGTCAGCTGTTTCATTTTACATTCCTACCACAGTGCATCATAGTTCCTGTTACTCTACATCCTTGATTACATTTGATATGGTCTTTTCAGTTTTAGACGATTATTACAAGTGTTTAATGGTGTCTCACTGTGGATTTTTTTTTTTTTTTTT,"[[23769460, ""T"", [""A""]], [23769712, ""G"", [""A""]]]",yes,yes,G->A,2
chr2,40357665,40358039,ATGTATCTGAGAACTTAAAGTATAATTTTAAAAAAAGGAACCTCCTCTCATTAATAACCAGCATATAGAATGCTGAGCTACATCACTGGATGCTAATCAAATGGATTAAAAGCCCTAGCTTATACGACATTCCTTTAGTGCACATCATCCTCTTTAAGGAGAGTACAGTTGATGGCTTCTCTCTCCCCCTTTTCATCTTTCCTGTTTCCTAACTTTAGGGAGACGTAAGCTGCTAGGAAGACAGATCATTGTTTTTGAGTTGCATGGTTCCTCTGTGCTGCCAGATATTTTATCCTGATGTGTTTGTAATAAAAGGGATAAAGGGAAATCCATCACAAAATTATTGTTGCTCAGTGAATGCCAAACAATACATGC,"[[40357672, ""C"", [""T""]], [40357973, ""T"", [""A""]], [40357974, ""A"", [""T""]]]",yes,yes,A->T,3
chr11,8239132,8239377,CCTGTCCTGTCAGAATCCAGAGTTCAAGTTCCCATCCAGCACACGCCCAGGGCTTCCCTGCACAGCCTGGATTCTCCGGTGCAGCCTGGATGCCAGATGGTGCTGGGGTGGGGGCTGGGGACATACTTAGATCAGGGCCCGGGCTAAAACCAAGAGGAATGACTGTCCATGCAGGGCACTGTCTCTGGGTGGACCACAGGACTTTCCCACTCATCTATTGGTTCTTCAAATGCTATGACTGCTGTG,"[[8239136, ""G"", [""T""]]]",yes,no,G->T,1
chr8,136506360,136506585,TAGTCCTAAGCTCTTTTTTATACTTAAAACAATATCTATATTTAGATGTCTCATTGTTATTTCCAGCTACATACCTGATATGGTTTGGCTGTGTCCCCACCAAAATATCAACTTGAATTGTATCTCCCAGAATTCCCACGTGTTTTGGGAGGGACTCAGCCGGAGGTAATTCAATCATGGGGACCAGTGTTTCCCTTGTTATTCTCATGGTAGTGAATAAGTCTCA,"[[136506377, ""C"", [""T""]], [136506520, ""T"", [""C""]]]",yes,yes,C->T,2
chr1,246406743,246407207,AGTAAGTGACAGTATCACTGGCTCCAAAAGCAGGCAGTATGGATGAAGAATCTCTGCTCCATCACAGCCATCGTGCAAAATTGCTTCGATATGCAGCAGTCCTCCCTTCAAAACAAACAAACAACACCTTTCCCAAGCTATCGACCTGGTAATATTATTATAGTTTATTTAATTAGATTGGCAGGACAGGCAAGGAGAAGTCTCTTGGGATTTGGATATGACAGCAGCTCTCATTGTCCTGTCTTCTGACTAAATCCCCTGGGGGATGTGGATGGAATAAAACTCTGCTATTCAGAAGGGTTGGCATTGCCCCCTGGGAGGTCTGGAAATTTATGAGGATAGTTTGGTTTTCACAATAATTGGGGGGTACCATCACTCTGAAGGAGACAAAGGTGCTTATATCACACATTATCTGTCACAATCACATACAATTTTCAAATGTCCACTTTAGACAATTTAGGTCTA,"[[246406756, ""G"", [""A""]], [246407146, ""C"", [""A""]]]",yes,yes,G->A,2
chr22,19220833,19221109,ATATGTGGATCCAAGCCTGGGCAGATGCAGGCAAAAGACCTGGGCAGATGTCTCAAGGAGAGGCCAGCAAGAGCTCATTGGTCAGGTGATGGGGAAGGGCTTGTGTAGAGGGTTACCCCAAAAAGGGGGCATGAAGTACAAGGGCACTCGGGACATGAGGCACCCAGGGAATTGCAGGCCTCTCCAGGTGGGGTGGCAAGATGGATGGCTGATCAAGTTCAGGAGTTGGGAAAGGTGGCAGTCCACAGAGGAGCTCACGAGTCAGGCCAAGGAGTTC,"[[19220977, ""T"", [""C""]], [19221053, ""G"", [""A""]]]",yes,yes,G->A,2
chr4,54841060,54841295,TGTGCAGTCTAGAAATATCATCATGAATATATTTCAGGGCGCTGGGTAGGGCTTACTGCTTAAATATTTACTTGACTCTGGAATAGTGGCCACCCAGGTCCCCAGACTATCACACCATTGCCATCTTGTGGGGTGAGGCAAGAATCTCCCAGTCCTGGAGAAATGAAGGGCTGCATCCTGGCAGCCATTTCAGACATGGACAGATGTGCCACAGCCTGGGGTGAATGAACAAGAGG,"[[54841077, ""C"", [""T""]]]",yes,no,C->T,1
chr12,120917870,120918145,AACAATTTGTATTGCTTTATCTTTATATTCACTGACTCCTTCCTTTGTAATCTTCATTCTATTAAATCTGTCAAGTTGATTTTTCATTTCAGTTATTGTACTTTTCAGTTCTAGAATTTCCATTTGTTTTTTTTTATAGTTAAAATTTCTCTTCTGAAGTTCCATATCTGTTCCTTCATTATGACTATATTTTCCTGTAAGGCCTTGAAGATAAGGCTGGGCATGGTGGCTCACGCCTGTGATCCCTGGACTTTGGGAGGCCAAGGCGGGCAGATC,"[[120917872, ""T"", [""C""]], [120918057, ""C"", [""T""]]]",yes,yes,T->C,2
chr11,61661078,61661309,GAAAAGGGGTTTAATTGGCTCATGGTTCTGCAGACTTTACAGGAAGCATGGTGCTGGCACCTGCTCAGCTTCTCATGAGGCTTCAGGGAGGTTTTCTCATGGTGGAAGGTGAAGTGGGAGCAGGCACATCACATGGCCAGAAGGGGAGCAAGGGGAAAGGAGTTGCCACACATTATGAAAGAACAGAGGCCGAGTGCAATGGCCCATGCCTATAATCCCAGCACTTTGGGAG,"[[61661219, ""G"", [""A""]]]",yes,no,G->A,1
chr8,69181090,69181479,AAAAACAAGACTCAGTAGCAGTTTGTATCTTTTAAACATAGCCCTGTGAGTCTATGTTTCCAAGAAACAATTTTTTCTTTAGTGACCACTACAAAAGAATAAAAAATACTGTCATAAAAATATTGTACTTCATGTGTCCCTTGGGCAGTTAGTTGAGTCATTGCCCTAAGAAAGAAAAGACCAGAATTCCCATAAAAGTCCAGTGTTGACTCACCAGATGTTTATGGCTGAGCCATTCTTGTGTGTGCTTTTCCTAGGAAAAAGAAACTCTTGTACCCATCTCATCCATCTCTTCTCAAAAGAAACAAGGCCATTTCAGTATCTTCAAATCTGAAAAACAGTACTTCCTTAAAATCATGATGATTTTATATCCATTTTGAATAACATTTT,"[[69181279, ""T"", [""C""]]]",yes,no,T->C,1
chr2,209977685,209977952,GGAAGGATTCCCTTAGAGCTGGCAAATTAGGAGGTACTTTCTTTACATTATTCTAAAGGTATTCTTTGAGAGTACATTGCTTTCTTTCTTATAACTATGTATTAGCAGCAAATTACTGAGGAAGGAAAATAAATCATTATTTGCCATTAGAGGGCAGTCATTACCCACAAGTAAAATGTAATATGTCATAGGTTTTCTTTTTTGTGGGAGGGAAGGGTTATTTGCTTTCTTTTGAAAGCTTTTATTGTTCTTTGCAGACAATGTGGTA,"[[209977711, ""C"", [""T""]], [209977871, ""G"", [""C""]]]",yes,yes,G->C,2
chr9,5089766,5090091,TGAAGAGCACCTAAGAGACTTTGAAAGGGAAATTGAAATCCTGAAATCCCTACAGCATGACAACATTGTAAAGTACAAGGGAGTGTGCTACAGTGCTGGTAAGCTGCCCATTGAAACCTATTTTAAATTCAAGGTATGTGTTTGGCATCCTGTGTAATATAAATGTACAATGTCTTAACGATCTGGACTTATGCCAATGCCCAGAGGGAGAGGCATTCTATAATGACTAGAGATTGTGTTTGGTGATCATAGACTATAACTATAGGAAGTATTTGGCTAGTTGGTTAAACATTCTTTTCACCTCTTGCTTAAGCTTACCAAGAAAG,N,no,no,N,0
chr15,48675514,48675789,TATGTATTAGTGTAGCCAACACCTTCTTAGGTGGCCCAACATAAAAACAAATGATTCAATAGTTCAAAGCCCCCAACCGATTTCACAGAGGTGACCAATGTAGGCACAGTTATTACAAAATGCTCCTCAAAGTCTCCAGAGGGCCAGTTATGAGTCACATGTTATTCAGGACATATGAGAAAACTGGGAAAGATCAGGAAGAAGCCTAGAAAGACAAAATTACGAGGAGCCAAGGCAAGGGTTCGCTAAGTCAGTAATACGAGGTCAGCCCCCTAG,"[[48675537, ""C"", [""T""]], [48675742, ""C"", [""G""]]]",yes,yes,C->G,2
chr12,76440967,76441417,TCATATTTTGATGTTCTTACTAGAAGGATTTTCTCTGAATATCTACTTTGCTACGTTACTGGAACTGAAAGTTCACTTACATTAAGCTTTCATATTTCCTTATAATGTTTCCCTACTTCTTTCCCCTATATTTCCCAATTACAAATTAAACTCATGTGGGCAGGAGCTGCGAAAATCATCTTTGCACTTGCTTTCTACTACAGGACTATTTACAAGCAGGCTAAATGAAAGTCAGCTTGAAAGAGGAGACTCGGAAAATACTGAATTCCCCAGGGGATATTGGGCCATCTGTCAAAAACAACCTTCCTTTACCTGGAAAGAGATCAACTTGCTAAGATTTCATTGTTTCATTCTTAAATAAAATTTATGTATGTTCAAAGTTACAACAACCAAAAAAAAGAAAAAATTCTATGAAGCTGTTTACTTTCTCTCAAAAATTATACAAATATTA,"[[76441006, ""C"", [""T""]]]",yes,no,C->T,1
chr3,17355580,17355971,ATTTAACATCAATTTTCATCATAGCCATTTTCATAAAATATATAGAATGTGTGACAAGAAAGTAATAAATTTTTTTAAATATACCAAAATTTATACATGAAATGAATCATTCACATCCCATGGTAGCGTTTTTTTTTGGTTTTTATTTCCCATAGAGGCTGAGTACTGTGTTTTGAGGGTTTTACTCATGCAAGTAACTAACAATTCTAATTAGAGCCAAATGTGGTGAATGAACAATGTGAGAAATAAGGTTATGCAATACTTTCTGAGGTCAAAATGTTCTTTGTTTGATTTTATAGCTATAAAACAGGTTTCTAATGTGGCTCCTATTCTAGTAATGAAGCCAATTCCAGAGAGAAAATTCCAGAAGTATTTTGAGGAATAATGGTAAA,"[[17355601, ""C"", [""T""]]]",yes,no,C->T,1
chr7,138557243,138557485,AGCTAAGTACAGGAAAACTTGTTTTCCTCTTTTTAATTTCGGCTTCATTCCCCCCTTTGATGCTCCCTGTAAATGAAGTTTAATGGAAAGCATCTCTATCACTTAATTCTTCATGAAAAGGCAGGTTTCTTCCTTTGACAAAGGTTGATATTTAGTTAGAGCCATTAGCTGAGTGGTAGTTTGCCTGGTTACAAGAGTCTCTATGGCCGATTGGATGTTTTTAACAAGGAGGGGTAAGAGACA,N,no,no,N,0
chr4,126614416,126614728,TCCTAAACTCTGGTAAGGCCCTTAGACATAAAATACATGACATTTCAGAAAACTCTTTTTAAATTATATTTTGGGTTTTATCCAGTTTTGGTCCCTTGAAACACTTTCTAAACACTGTAAAAAGGATTTTCTGTTCACCAACTATTGGATACAATTATGCTCAGCTGGATCGCAGTGAAAAACAAAAGAGAAAGGTTGCTGGGATTTCACAGGCAAAGTCAAGGTCCCGAGGGAGCCAGCTGTGCAAAAGGCACGTCGATATCCTTAAGAGAATGAAACTCCTGACCCTTTTAGGTGCCCATGTAGTCTGTGT,"[[126614700, ""C"", [""A""]]]",yes,no,C->A,1
chr5,143157955,143158178,TCAGTGAAATGGTAGCAATAATAATAATACCTACTTTCAAGGTTATAAGATAATGCCTTCCTAACACTTAGTAAATGGCCTCGTTCAGAGTATCAATCAATAAAACCAATCAATAAAAATTGGTTTCTACTATTATTTTTATTCCTTCTTCTTATTTGCTCTCAGACTGCTCCCCCTACCAATGAACAAACCCCTAGTGTTGATTTCTTTCCGTGGTGGCAGTG,N,no,no,N,0
chr12,2680562,2680949,CCCCAGCAAGCCAGGTTCTTGACATGCTCGCCCTCCAGCTCAGAAAATAATAGAGAAGTAGCAGCTTCCCTCTAAACCCCTGGAAAAGTGTCCATCCAAGGAGCAGGCACACCTGCCGCTGGCCTGCCTGTCCCTGCAGAGGGCCCATTTCAAGAGGGCTGCATGCAAGCCCATGGGACTCAGGCATTTAATTGTGTCAGACGACAGGCCAGTTAAAAGGACCATCTCCCTGTCTGCTTTCCTTTCTGCAAGGTTGGCTGGTTTAGCCACCCAGAAGCAGCACTGGGGGCATCCTTCAATTCATGAGGCCTGCACTGCTGCCTTCTGTGTGCACAGGGCAGTGTGCTGGGCACTGGATTTTATGTGCCGGCCTGAAGGGCTGGCTTTG,"[[2680570, ""T"", [""A""]]]",yes,no,T->A,1
chr6,137913358,137913621,CCTTTGGATATATAGCTAGTAATGGGATTGTTGGGTCAAATGGTAATTCTATTTTTGGTTCTTTGAGAAATCTCCAAACTGCCTTCCATGAGGGCTGAACTAATTTGCCTTCCAAACAACGTTGCATAAGCATTCCTTTATCTCTGCAACCTCACCAACATCTGTTATTTTTTGACTTCTTAATAATAGCCGTTCTCACTGGTATGAGATGGCATCTCATGTGATTTTGATTTGCATCTTTCTAATTATAAGTGATGTTGAGCA,"[[137913365, ""G"", [""A""]]]",yes,no,G->A,1
chr10,106643781,106644118,TGGAAAGCAGAGTTGAACAGATGAGAACCAGGCCTCTGTCCCTGAAGTGTGTTCTCTATCATTTGCACAAAGGTTGGAGCTAATCAGAAGTGAAAGTTCTTGTTTCAGATCTTGCTATATTGTGTTCTTAGAAATGGAAAAACTTTCTGAACTCTGCTATAGTATAAACATCTGCTGCTTCAAAAGATGACAGTTCTCTGGGTATCAGGATCAGGTGTCTCATGTCTCTGGGAAGAGAACTTTCACATTCACCTTGCAGGTAAACACAGGGTGGAAGGTCGGCCCTAAGCATACCAGAAAGGTTTTTCTTATTTTTCCTTTTTTTGCCCAAATACCTA,"[[106643915, ""C"", [""T""]]]",yes,no,C->T,1
chr12,97650328,97650604,GGGACATGTCAGAAGCTGGGATAACAGAAAGCTAGACTGGATGTGGAGAGGTTCCAGTTTGGCTTCCTGTTATCTCAGCTTCTGTGGCTGAGCAGATGACCTTAATCCATCATGACTAATGCACAGAAGCTGCCTAAGGAAGGCGATTCACATAGCAACTGAGAAATGTTTGAGTATGGATGTCTTGAAAGAGAGAAAGGAGTGGGTAGAGCTCAGAAAGCAATGGTAGGGCCTGCTTCTCCCAATTGCTACTCCCAGAGGAAGAATGCCTTCTAGC,N,no,no,N,0
chr7,149017750,149018062,ATTTGTTCATTCATTTAATAAAATGCATGTAGTGTCTAATGTGAGCCAGGCAGGGATCCATCAGGCCAGATTGTAGACATCCTCAGAGAATCCCTGGATGTGGCTCTCTGCACCTGTGGTTCTCAGCACATGGCTTTGAGCCAGCAGCAATTTTGAGCATGCAGCAGCCCTGCATGCTTGTAAGAAATGCAAATTATTGGGCGGGCGTGGTGGTTCACGCCTGTAATCCCAGCACTTTAGGAGGCCAAAGCGGGCGGATCACGAGGTCAGGAGATCGAGACCATCCTGGCTAACATGGTGAAACCCCGTCTCT,"[[149017823, ""C"", [""T""]]]",yes,no,C->T,1
chr8,6114477,6114678,TATAATATATATTATATAATTATATATTATATAATATAATTATATAATATATTATATAATTATATAATATATTATATAATTATATAATATATTATATATTACATAAATAATATATTTATATAAATATATAAATAATATATTATATAATTATATATTATATATACATTTATATAAATATATTATATAATTTTATAATATATTA,"[[6114501, ""G"", [""T""]]]",yes,no,G->T,1
chrX,6363188,6363591,TGATGATGAATGTAGCTGTAGATGATAATGGTAATGATAGGGCTTAAAAATATTCAATACATAAGGAACATTCCATGCAGGAGCTACTTAAATGGAGCCAGGGCTATTAGTGCCTCTCTTTGGTGATTAACTTAGATGCATTCAAAATTTTGCCTTTGCAACTGTTATCGCCAGCAAGAGAAACTACAGAGGATCCTTCATCTCCCTCTTATGGCTTGGAAGTGAAAATGCAACCGTCATATGGAAGAGATTTGGTTCAATACATAGAATGGCGAAGATGAACGTTGAATTTTTATATTGATGATTAGCCTTAGGTGCAGAATACTGAATTCAGTAAGAGGGATTTCTGTGAGTATTTCTATGGACATTCATATCCTCTTGAGATGCCACTTTGCACTTGGGGA,N,no,no,N,0
chr12,84969183,84969678,AATCAGATCTATTCATATCTTCAAATTAAGAAGTAGAATATAAAAGGACCTTAATTTCATTTTGTTTTCAAAAGAAAAAAATAAGTCAATAAAAAGCTGTGTTGTACAGGAAATAACACGTTTAACTAATAAATGCCAAAGGATTTATTTCAACATTGTAGACTAATGTTCAGTTATGAATGTACACTTTGAGGATTAGCCTGTGGGTACAGGAAACAACATGTTCAAGAGATCACCTTTTCAGAACAATGAAATACCCTAAAGCATTATGAGGCTTAATTGAATAAAATTTCACCATATACACCCATTTATAAGCCTACAACTCTTGACAAGTTCAAACTTCATCAAGAATTCAACATCAATAAAAATTAATTTCTACCAGCCATGATGCGTGAAACCCTAATCCAGACAGGACGATATTACTAACATCTACATTCTTTCTCCAAGACACAGTTGCCTCTAAGCTAATTGTAAAATGTGTTTCTCTTTTTTCCAT,"[[84969215, ""A"", [""G""]]]",yes,no,A->G,1
chr18,21820404,21820638,TATTCTTTGGTTCCTTATTGTATTTTTGTATCATGTTTCCTTTAGCTTCTTAGGATCACCACTAGAGGGTGACCACAGGAAACAAAAGGATTTTATTGCTACTGCTTATTGGTAACTGTAACAGTGGGTATATATTGTAGGACAAAATGAATGATCATATTTTAGATCACATCTTGATTTTTTTTCCAAATTGCAAATATTTGAACACTTCAGATTTTGGCATTGTGAAGAAGAC,"[[21820431, ""A"", [""G""]]]",yes,no,A->G,1
chr2,52776627,52776910,TTTTTTTAATCTGTTCCTTCACACTTCACAAATCAAATTTTTTTCAAGTAATCCAAATTAACAAAACAATGGGATCTGTGTTCATTAGAACACACTTTTAGACAGATGAATCATAAGCCGTATGTGTTTATATTGAAACCCAAACAAAATGACACATTGAAAGAAACCATCTTAAAGGGAGAGCAGAAGAGATTTGTAATGAGGAATAATGTTATAAATAACTCCTAAAAATGTAAAAGTGACTATTTCTAAATATCCTCAACTTGTAAGAGAATACCAGTGTT,"[[52776628, ""A"", [""T""]], [52776850, ""A"", [""C""]]]",yes,yes,A->C,2
chr16,47223240,47223540,CTAATTAAACCAAAGAGCTTCTGCACAGCAAAAGAAACTACCATCAGAGTGAACAGGCAACCTACAGAATGGGAGTAAATCTTCGCAACCTACTCATCTGACAAAGGGCTAATATCCAGAATCTACAATGAACTCAAACAAATTTACAAGAAAAAAACAAACAACCCCATGAACAGACACTTCTCAAAAGAAGACATTTATGCAGCCAAAAAACACATGGAAAAATGCTCACCATCACTGGCTATCAGAGAAATGCAAATCAAAACCACAATGAGATACCATCTCACACCAGTTAGAATGG,"[[47223306, ""A"", [""G""]]]",yes,no,A->G,1
chr7,685644,685933,AAGGACTGACAACAAGAATGGCTCAAACTTCTCAAAAGAAACACTAGATACTAGAGGACAATGAAACGAAGCCTCCAACATTCTGAAGGAAACTTCCTTTCAACCTAGACTTTTATACCCAGCTAAACTAGCATTCATGTTTGTAGTTATAACAAAGGCATTTCCCCAGTATACTTGATCAATACTTTTTAACTTTCAGAATTTACTTACAAAGCATAAAAGGCATAATTCTAGTTTTTTAAAAAATATATAAATATTATCAATATGGACAATGCAAAATGAAAAGTTCA,"[[685656, ""T"", [""C""]]]",yes,no,T->C,1
chr9,42776434,42776643,AAAGATCAGATAGTTGTAGATAGGCAGCGTTATTTCTGAGGGCTCTGTTCTGTTCCATTGATCTATATCTCTGTTTTGGTACCATGCTGTTTTGGTTACTGTAGCCTTGTAGTATAGTTTGAAGTCAGGTAGTGTGATGCCTCCAGCTTTGTTCTTTTGGCTTAGGATTGCCTTGGCAATGCGGGCTCTTTTTTGGTTCCATATGAACTT,N,no,no,N,0
chr14,76571489,76571725,TATGTGTGGCCCAAAACAATTCTTCTTTTTCCAGTGTGGCCCAGGAAGGCCAAAAGATTGGACACCCCTGCTCTAATTCCTGGATCATGCAAGTTTGCAGCCTCTGTCCAGGCTGGCAGATGGAGACTGGCAATGTTACAGGCTAGAGAATGAGATTAGCATCACAGCCAAGTCTGTTTGTCCCCAAGGCAGTGGGGCTACACAAATCTGAAGTGGGAAGTAAGGAACAACATACAG,"[[76571503, ""G"", [""A""]], [76571721, ""C"", [""T""]]]",yes,yes,G->A,2
chr14,101958773,101959158,CCAGCAGTGCAGCTAGAGGGGTTGAGTGAGGGCAGCCTGTCCACAGAAATAAGGAAACAGTTGAGATGAGAAGGATGATGATATCCTAGGGGGTGTGATACCAGCAAAAAAATCTCACATGAAAGGAACTCTGGGAGATATTTTGAAACTCTGGAAGTGCAAAGGATAAAATGTTGGAAGCTACTCCAACTAGAAAGCAGCGTGGCAACTCACCAGGGCCTGGAAGAAGATGCTCAGCCCAGGCCGGGCGTGGTGGCTCTTGCCTGTAATCCCAGCACTTTAGGAGGCCAAGGCAGGCAGATCACTTGAGGTCAGGAGTTCGAGACCAGCTTGGCCAACACGGCAAAACCCCGTCTCTACTAAAAATACAAAAAAAAAAAAAAATT,N,no,no,N,0
chr6,147538835,147539319,AGGTCATGTGAACAAAACGGCATTAAAGTTTTTATTTTTCTGACAAAATATTTGACTTAAGTGCTTTTTTTAAGCCAATTAATCAGAGCTTTTTTATATATAAACATCACCCACACACACAACACATATACATACAGGCAGACAGAAGATTCGGCACTTAGAAGATTTTTCATTTGCCAGTTTTGTAATTGGATTACTGGCTTAAGGGTGGAGCACTTGGAGCAACAGGGCTAGGAAAGCATACATTTCTAGGGCCAAAGAAGCAGCAAGTAAGCAGCTGAAGGCAAAGACAGATCCCCAAAATTAGGCGTGCCATTTTATACTGGATCCTGGATCCCCAAAAGGAGGGAAATAACTCCAGGAGAAGACAGTGCGGTGCAGCTACTCTGCATTTCATTGCATGGCAACTCAAAGCCCATCAGCCCATTTTGTAATCAGCCCCTTCACCGGAGTCTCATCTCCCAGTCGCGGGCGAGGATGTTTCC,"[[147539049, ""G"", [""A""]], [147539077, ""G"", [""A""]]]",yes,yes,G->A,2
chr1,1155344,1155608,CAACACACTGATTTTAGTGTTTTTTGGTCTGTGTCTGATAATCCAATATCTCAGGCCCCTGTGGGGCTTGCTGGTGTCTGATTCCATCCGTTCTTGCTTATATCATATCTTTGCGAGACTGGTTATCTTCGACGGCGTGCTGGTCATTGTACTTGAACAAGTATCTGTAGGACGATTTGATGCCTCGAGCAAAGGCACTGCCCCATTCGGCTTTCCTCTGCCAGACACCTGGGACAATACTGCCTGGGCCTGAGTGGCCTTTGGA,N,no,no,N,0
chr18,13804315,13804594,TCTAACTGCTTGTCTCCTATCTGAGCACATGCATGGAAAGAGAGGAAAAATCAAGTTTGGAAAAATGTCTGGGCCCTTCTCTCGGAGGTGTTGGCAAGCAGGAAAGATATTCAAGCATTGATAGACTTGCAGCGAGACATTGTTTTTGTTGAGATTGCACAGAATGGGAAACTGAAAGGATTAGCATCCGGTTTCCCGTCCAGTGAGTACAAGCATGCACATTGTCACTCCCATTGTCACAAGAAAAAAGCTGAACAAACAAGATCAACAACTCTTCTTG,"[[13804464, ""C"", [""T""]], [13804511, ""A"", [""C""]]]",yes,yes,A->C,2
chr8,76415163,76415391,AAAAATTATAAAAATATACTGTAAAAAATAGTCATGTGAATATGTTCTTTCTCAGTTTCTCTCAAAATGTTGTAATATTTTTGGACCTTGAATTGAAACCACAGAAAGCAAAACCATGAATAAAGGGGAATTACTGTACATGCATTTAATGGAATATGCAAATAATGATGCAAGGATCACAAACTAATAAAAACAGTTGTCTCTGTGGGAAAGAGTTTAATTTTCACCA,N,no,no,N,0
chr19,33952928,33953332,GGCTAATTTTTGTATTTTTAGTAGAGGCAGGGATTCACCATGTTGGCCAGGCTGTTCTTGAACTCCTGACCTCAAGTGATCTGCCTGCCTTGGCCTCCCAAAGTGCTGGGATTACAGACGTGAGCCACCGCACCTGGCCATTGGTAGTATCTTTATAGCAGTGTGAAAACAGACTAATACAAGCTCTCTCCCTGCATCAGCCAAGTTTCGCAGGCGTGGCCTGCAGTCACCCACAGCACAGGGATGTGCTAAGAGCTCACCACAGCCCACAACAGTGGGGAAACCACCGCTCATGTTCACCTCCGGTCAATTGCTCCAGAGGACATGGCCACAGCTGCTCCCTTGCAGGCTGGTGGGCTTGACCTCACTGAGAACTGGGAATGACCTCTGCGTCCTTCACATTCC,"[[33953098, ""G"", [""A""]]]",yes,no,G->A,1
chr10,13400640,13400861,TATAGACTGGCTTGAAGAGGTGGTGTCTGATTTACATAGGGCCCAAAGATTGGTTGGACCAGGTGTGACATTTACATAGCACAGGAAGAAAGTGGCCACTCCACCCTAATCTTTTATTATGCAAATGGGTTTTCTCCCTGGCCGGCACCATGTTGTCTGCTCCTTACTGTACACATGGTTGATAAAGAAAAGGGAAAAGGGAGCCTCCATGTTGAACATTCC,"[[13400660, ""C"", [""T""]]]",yes,no,C->T,1
chr16,19929189,19929489,CCTTTCTCCTCTTCCTTTATCGGATCAAAGTCTTCCATCAAGCTGTCTGGTTCTGTCTTATTCAATTAAACTTTTTAATCCAATTTGACCCATGCATTCATCTTCTTTGAAATCTGAGAGACGACAGCATCCGCTACAAATTGAGAGTAAATGGCCGAATTAGCTTTCAGAGAGGATCCAACGAGACTGTTTCTTCCCAGGGACCAACAGGCTCTTTGGAGCAGCTGGATCATAGAGGAACGTGGCTGGGGGCGTGGACGGAGGACAGTGGGGTTGTAATCTCCCTTCACTTTGAGACCCT,N,no,no,N,0
chr1,144097793,144098237,ATGACTTGTTAAAACACAATTTTTTAGGTTCTACCCTCAGAGTTGCTCATTCAGTAGGTCTGGAGTGGGGCCCAAGAATTTGCATTTCTAGTAAGTACCCAGGTGATAATGCTGCTGATCTGGGACCACCCTTGGAGAACCACTGACTTAAACCATTTGTAACACAGTTAGAAGGCCAAAAACAAAAAACAAAGCAAAGCAAAACAAAACAAAACAAAAAGCAGGAAATAGTCTGTTAAGGAGCAAGGAAAAGAACAGTCCCAGAGGCCGGGTGCAGTGGCTCACGCCTGTAATCCTAGCACTTTGGGAGGCCGAGACGGGCGGATCACTTGAGGTCAGGAGTTCTTAACCAGCCTGGCCATCATGGTAAAACCCCCATCTCTACTAAAAATATAAAAAAATTAGCCAGGTGTGGTCGCAAGCACCTGTAATCCCAGCTACTCAG,N,no,no,N,0
chr1,235754274,235754629,CCAGGCTGAAGTGCAATTGTGCAATCCTGACTCACTGTAACCTCTGCCTTCTGGGTTCAAGCGGTTCTCCTGCCTCAGCCTCTCAAGCAGATGGGATTACATGAATGTGCCACCACGCCCAGCAAATTTTGTATTTTTAGTACAGACAGTTTCATCATGTTGGTCAGGCTTGAACTCCTGACCTCAGGTGATCCACCTGCCTCTGCCTCCCAAAGTGTTGGGAGTACAGGCTTGAGCCACCACGCCCAGCCTCACCTGTCTTTTCAGTTAATCTTCTCATGTTAATACTATCTGCCAAATCTTAGCTATCACTTTCATCTGATGCAGCTTTTATTTGTTTCTAGTTTCTAACTAGT,"[[235754303, ""G"", [""A""]]]",yes,no,G->A,1
chr10,65993472,65993776,TTTGTCCTTTTATCTTTAATATAATGAACTTCATTGTCTCTTTTTTACTGTTTTTGACTTAAAAATGTTTTTATCAGATATAAGTAGAGATACTTATGCTCACTTTTGGTTTCTGTTTGCACCAAATATCTTTTTCAATCCTTTACTTTCATTCTATATGTCTTTACAAGTGAAGTGAGTTTCTTAGAGGCAGCAGATAGTTGGGTCATGTGGTCCTTGCTTTTGGTTTTGGTTTTTGTTTTCAAATCCATTCAGCCAGTCTTTCTCTCTATATATATTTTTTAGATGGAGTCTTGCTCTGTTGC,"[[65993499, ""C"", [""A""]]]",yes,no,C->A,1
chr16,2350532,2350853,ACGTAGAAAGTCATGTTATCTGAGAATAGAGATGCTTTTATTTCTTTTCAATCTGTTATGTCTCTTTTCTTTTTAATTGCCTATAGTATTCAGTACAATGTATGTCTCTTATTTCCTGCTTTATTGCACTGGCTAGGATGATGTTGAATAGCAGTGAGAGTAGTCATCCTTGGCTTGTTCTCTAATCTTAGGGGGAAAGCACTGAGTCTTTGACCATTAAGTATCATGTTAACTGTAGGTTTTTGTAGCTGCTATTTATCGGGTTGAAGAAATTTTCATTTTCTTCTATTTCTAGTTTGCTGGGAGATTTTACCATGAATGA,"[[2350534, ""A"", [""G""]]]",yes,no,A->G,1
chr3,8147724,8148088,AATAATCTTTGCCTTGTGGGAAGATTGACATGGTAATGCCACTTCAGATGATATTCCTAAAGTTGTTTTTGTTGAGTGAGTTGGAATCCTGCAACGTAAGAATTCTCCTTGGAACTGGGATATTTTTGAAACAACATATTAGGACCAGATTGCATCAGATATAAAAGAAGAACACTGACCAATCACTATTTCTAACTAAATTGCTGAGTAATCCTCCAAATAATTTAAGCCACATGATTGCCTTAGTAAGCAGAGAATAGTAACATGACAATTTTAAAACAACTAAAATTTTGTTACTGGTGGACATTGCAGAGTCCTACAAGGAAAATCTGCACTCTCATGTTAAATAAAGAAAAGGAAAGGAA,"[[8148010, ""T"", [""A""]], [8148081, ""A"", [""G""]]]",yes,yes,A->G,2
chr12,50744898,50745161,TGGCTAAGAGCAGGCTTCAAACTATGTGAAATAAGCTGAGATGGCTACATGATATTCTTCATCTCATCCTGTGGGATTCTGCAATCATAAAACACAGGAAAGGGGAATTCTGTGATGGCAAATGAAAAAAATGTTAACATTTGGTAGACATGTGCTTTGACATAGCGTGAGCAGCACATTATTAAAGCAATTACATGCATGTTGCATTTTTTTCATCTGTTGTACATAGTTGTATTTTTATCTAATGCCATTTTAGAATTTTCT,"[[50744920, ""G"", [""T""]], [50745079, ""C"", [""T""]]]",yes,yes,C->T,2
chr2,128785584,128786002,CATTTCTGCTGCACTTGTGGCTAAAACGGCTCTACTGGCAGTATTACTATCATATTTTTCAGTGGAAAGTAATTGAAGGAAGGGTCCATTTACAAGGCAAGATCAAAAGAGTTACTAAGAGCTGGCAAGGCATACAGGAAGCAGCAACGTGGGAAGCCACTCCAATCCCTGGGCCTCAAGAGGAGACTGCGTTCCCAAGGGGCCCTGAACAGCTACAGTGCGAGGTCCTGGGCACCGCGGCTGCAGAGGAGCACTGTCACGGGCAGTGGTAGTGTTATTTGCTATATTTAAAAAAAAAATTGTGGTAAAGCATATACAACATAAAATGTATCATCTTAGGCTGGGCGTGGTGGCTCACGCCTGTAATCCCAGCACTTTGGGAGGCTGAGATGGGCGGATCACCTGAGGGTGGGAGTTTG,"[[128785585, ""G"", [""A""]]]",yes,no,G->A,1
chr7,14720798,14721195,TAGTTATTTATGAACCACAGAAGGCAGGGAATTGAAGACAATCCTGAGCTTTAAAAAAAAAAAAAAAAAGACCGGAATAATTGAAACTAGCCAACTAAAGCTTAGCCAGCTGCAGGAATAAGCAGTTCCAACTTATGATAAAAAACATTTTGGCGCTGACCCTTGACATGACCATAACTTTCAGACTTGGAGAACACAGCACTTGAATTATGGTCGGATAAGCTATGACCTAACTCATCCTGCTGATGAGCTAATCCTCTTTTCCAATGTTTCCCCCTGTGGTACTGAAATGATTTAATCAGCTTGATTTAACTCCTTTATAGAAAAATTCAGAACAAAACAAAAAAGAAAGAAAAGAATATGCTCTGACATTTATTTGAAAGAAAGCCAAATATATT,"[[14720815, ""A"", [""C""]]]",yes,no,A->C,1
chr4,167606624,167606848,TATTTCCCAGTGTCAAGGCTCGAGAGTTTCAAGATCAAAGTACTAGCAGATATAATCAATGTATGGTGAGGACTCACTTCCTGGTTTGCAGGTGGCCATCTGCTCTTTGCCTCCTTATATGGTGGCAAGGAGGGAGGGGGAGAGCGCATGCTGGAGGGAGGGGGAGACCACATCCTCATATGGTGGCAAGGAGGCCAGGGGGACAGAGAGAGAGAGAGAGAGAGA,N,no,no,N,0
chr5,3339499,3339870,TTTTGCTTTGCTCACCTTGAAACCACACGGAATGTTCTAAATTGTGCATTCCACATTTGTGCCTGTTGAGTGTGTAAGTGGCAATTGCACAGAACGTTTAAAGTGAGGCTGGGACATCCAAAAGGCAGTTGCCAAATTTTTTGGTGAGTTCATTGTCAGTGAATCAGAAACATATGACTTGAATTACCATACAAATTCATGTTTAGAATCTTATGAGCACCGTCTTTGGCAAACCAAAGCTCAGAGTCACCAGGGAGGAGCTTGGACACCGAGTGAGGAGAGAGACCACCACGCAGTTTCAAAGCGGCGGCGCCTGTGGCTGGGTGTGTGGAGTGGAGGGTCCTGACTGTGAAGGTGATCTCCTCGCCCCCA,"[[3339531, ""C"", [""T""]]]",yes,no,C->T,1
chr3,38047869,38048246,CTACTTCTATAAAGACAAACTTTTCAGAAACTACTTTGATTACCCCAAAGTATGGGCAGCATTAATTCTTTCCCTTTATTTGCCAGTGTTTAAAATAGTGAGTTGGTTCCCCTAACATCTGCCAAAGGTGACTAATGAGGTTTGTTTGGTTGTTTTAGTATCATTGTGCACGCTTGGATTTCATGACTGCAAATTATTTATTATCCTTTTGGTGCTCAAATTGTTCCATCTTTGGCAGAGAGCCTTTTCCAGTTGACTGCTGATTCATTTGACAATCAGCTGTCTTTGATAACTTCCTTGCTTTCTGAGCTGGTGAGATGTTCCAGGCCATCTTGGGTATTTCTGGCCCCAGATCTGGAATCAGCCATTTCTTCAAGA,N,no,no,N,0
chr15,61871919,61872281,ACATCTACTGTGTTTACTAATAGCATCAAGTCTTCAGACTTTGTAAAGGAAGGAAATATTTTCAACATACCTTCCACAGGTTTTGTTATTATTCCAGTCACTCCACCAACAACTCCCTGAAAGAGAAATCAATCATATAGTTTAGACTGAATGGAAGGTGTTTAATTTTAAACCAACCACTAGAGGTCTCTACAGACATACTGGAAATAACAACAACAACAACAAAAATTGAAGACTTAACTTGATAATGTGAACAACATACACATATAAGTTAGCACTATGATTTTTCAAATATCATATCACAGCAAATCTTAAATGAAAGCATTTTATAAATTTTATAAAAGAAACAGGAGTAAAGCAGGT,"[[61871928, ""A"", [""G""]]]",yes,no,A->G,1
chr10,31484384,31484712,CAAGTAGTGTTCTAAATTGTGTTTTATATATTAATCTAATCCTTGCAATACTGTAATGAAGCAGGTTACTTAGCCCTATTTTATGGATGAGAAAAAATAAGTACAAAAGACATTAGGTAATTTACCAGAGTCACTGATAGTAATTATTATCTGTAATTTCAACCAGGCGGTCTGAGTCTGTAAACTATGCCATTAACTTCCGTACTATCATAAGTCACTCAGATGATTCAGGACTTCGGATATTTTACTTAACTGATTAGGGTCAAAATGTTTAGCAAGCCTATACTGTATGTGGGCTGGTTATTCTTAGTTTTTACGGTAAATGAATA,"[[31484390, ""A"", [""G""]]]",yes,no,A->G,1
chr11,26779527,26779815,TTTAAGACATCCTATAAATATGATTATCCATGGCTATCTGTTTATCTAAAACCTACAATGGCTTCCTTCCGTTGAGTGAACTCCAAGCCCCTGCATAAACTGAGTAACTGTTAGCTGAGACAACTCTGGTTTTAATTACATCCCCAAATGCATCATTCAGTGCAAGCAGTCTAGGATTCTTATAAAATAAGCACAATCATTCCTTCTGCTACGTCTTTATTCAGGCCTTTTCTCCCTTAGAGAATGTAATCCCTTCCCTAGACCAATTGATTCTTTAATGTCCAGGTCA,"[[26779566, ""A"", [""G""]]]",yes,no,A->G,1
chr12,33597523,33597749,AAGTTAGCAGCTGCAGGAAGTAGTTAATTGCTCCCACGTCTAAGGGCCAGACGCTGTGGCTTATGCCTGTAATCCCAGCACTTTGGGAGGCTGAGGCGGGTGGATTACTTGAGGTCAGGAGTTTGAGACCAGCCTGGTCATCATGGTGAAACCCCATCTCCATTTAAAAATACAAAAATTAACCGGTCGTGGTGGTAGGTGCCTGTAATCTCAGCTACTCAGGAGGC,N,no,no,N,0
chr20,6541734,6541938,CTTTTCCCCAAACAGTTGCTAGAAACTCAAAGTTGGCTGTGTCTTTCCTCTGATTGATCTGTCAGGGTAGTGGACTCCCAGTGGAATTGCAAATTTATAACAACAGCTTCTCCAGACCTTTTCTGTTCAGCTTATGGTTTCCTATGGCTATTGGAGACTGTGAGGCTACAAAATAATGGGGCATTGTGCACGGGACTGCAGTAGA,"[[6541739, ""T"", [""C""]]]",yes,no,T->C,1
chr2,113372437,113372740,GCTGTTACGGTTGCACGCGACAGCAAACCCAACCCAAAACTGCTTAAGCAAAGAGGACATGTACAAGCTCAAGTGACAGAAGAGTTTAGGGCGTGGATTTAGGTGTGGCTTGATCTGGAACCAACCACTATGGCCAGGGGAATGCAAGGCTCTGATTGGTCCAGCCTGAGTCACATTCGGCCAATGGGAGCAGGGAATGGAGTCAGCACCACCGTCCAAAGAAAAGGTCTGAGAGTCAGGACAGCAGAAGAAAATCATCGGTGCTCTTACGTCAAAACTGGGGCAAAGGCATGCTTGTATGACC,"[[113372628, ""G"", [""A""]]]",yes,no,G->A,1
chr11,78456657,78456996,CTGATATAATTTTGAAAATTAGAACACTACCTGGTGATTGTGGCATCTCATCAAGGACTGAGGGGCAGTCACTTTTTCCTAATTACACGTGTGTAGAATAAAAGATTATTCTTCTCTGTGAAGCCACTCCCCCAGCTGAACATCTGCCACCTGGCTTTGAGGGACTTACCTGGAGACCAGCCTCAGAGGCATATGGCATTTTGCATATTTGCTTAGATTCATTTTCCCATGATCTGTCCCTTTCAAATGATCAAATATGCTCAGTAATTTATAAGTTAGTCTTATCCATGCATATGAAGAAAAACTTAGGCTACAGGAAATCAGAGAATCTTAGAGAGGT,"[[78456762, ""C"", [""T""]]]",yes,no,C->T,1
chr14,28098835,28099184,GGAATCTTTACTTAGAAAAAAGCTCATTAAATGATTCAGAGATAGTCATGTCTGTTAACCCTTACTTTAGGCATAGCTATAATAATGCCAGTGTCAAATAAGGTTACTTCAACCTTTCCCTTATCCACAGATTATGAATTTGCAGTAGCCCCTCAAGAATTCTATGATTTATTTTTTCCTAGTGACCTCTGGTCCCAAGGGCCTCTTTTCTCTGAATTAACTCTGTTTAATGGGATCTTATCATTCCACACGTGTTGTCACTGTTTCTTACTGCATGAAAACAGATGTGAAATGCAGTCCTTTTCATTCTTTTACAAATACATGCACATGCATAAAAACACATATTAATA,N,no,no,N,0
chr8,29149679,29149927,CTTCCTGTACCTGAATGCTGCTTTGACGGCAGTGCAGCATGGCCGACTTCAGGCCACAGAGAGATGCCAAGACAGTGACCAGACTTTAGCCATGACTTTTTTTGAGAGGCTTAGCCAACACTAACAACTATGTTCCTTTAGATTTCTGGTTCTGTCAGGGGAATAAATGATCTGTCTAACCCATTACAGTAAAATTTGCCATGATTTAGAGCTGAAAAGAATTCCTAAAAGAACCTTATTTTATAGATA,"[[29149723, ""A"", [""G""]], [29149883, ""C"", [""T""]]]",yes,yes,A->G,2
chr12,84069420,84069647,GGTAACCTACTCATGTGGGAGCACCTGGATAGTCAGAGGTTAGGGATGGAGACAGAATCTGACACTCAGAAATGTTCTGCATCGTGCAGAGGAGTTGCTCTATGATTTGAAACACATGGCACATAATGCACAGAGTGGAAAAACTACACATTGATAATTGAGATTTTACAGTGTGATATTGTGCATCTCTTCTTTATTTTCACAGGCAAAGGAGCTAATTTACATCAG,N,no,no,N,0
chr12,72777853,72778170,TTAATACTCCTACAATCACAGGACTGGGAAACACAGATCAACAGCACACTGTGGTTGTAATCAACATGCAGATTAATGAACAGAGCCATATTCACCAGGGAACACTAGAACAAAGACCAGTTGAGCATTTTAATTGCTAAGTTACTGCTAAGTCTCAATTCCCCATCAATCTCCATCCATTATGACCATTGATGCATAGCAGACATTAAGAGGAAAACAATAACATAATGATTCATAAGTGCTAGGGTGCAAATAAATGGTTAGCTCTGGGAAAATCATGGCTGTGATTATTTTGTGGCTCAGACTACCTAAAAGATC,N,no,no,N,0
chr5,59645395,59645835,TACGTACTGATTTTGCCTTTATCACACTTTTCCCTTGGGTTAGTTAGCACTGGGGTGACTGTGGGCCATTTTGGGATCTGGCTAATTAGAAACTGAGTTAAAGATTCATTTAGTTTCAGTTTGGTGTGATTACATTCTTGTGGTTCTCAGTCTCTTCCCTGTACCCTTAGGTTCTTGCTGGCTGTCTGGGTGTAGCTTCCACGAACACACCTGATTACCATGGTGCTGGTAACATGAAAGTGCAAGCCCAGAGATCACTCCAAAATCAATGTGCCCAGAGCTTCAGGCACCACAAGTCTGTGTGGAGTGAAGGAGACACAATGTTCAAAACATATAAAGCCAGGAACTGCTCTTTGAAAATTCTTCCAAATCTTACAGTTCACAAATGAAAGACATTTGATAGAGATATTTCCCAAGTTTGGTCACAGTCCTAAGAATGTA,"[[59645413, ""A"", [""T""]], [59645527, ""T"", [""C""]]]",yes,yes,A->T,2
chr2,73431125,73431380,TTCACTAGATACTAGTAACATCCCCTCCCCTCACAAGTTATGACAGCAAAAATTGTTTCCAGGCATTGTCAAATGTCCCTTGATGGGTACAAAATCTTCACAAGTTGAAAAGTAGAGAAACCTGTATGGGCAGTAGATGTAGATATAGAAATAGATATGGAATGTTCATTTCCACACTTCACATGGCTTCCTAAGAATGTTCATTACTACACAATGAAAAATTGATGAAAGAGGATAGAAAAATTCATGCTTATGT,"[[73431177, ""A"", [""T""]]]",yes,no,A->T,1
chrX,96309389,96309659,TACAAAGCTAAATATAGTCTTACTATGTGACCCAGCAGTTACACTCTTTGGTATGTACCCAAGTAAGCTGAAAATTTATGTCCACACAGAAACTTGCATGCAAATATTTACCGCAGCTTTATTCATAATTGCCAAAGCTTAGAAGCAACCAAGATGTCTCTCAATAGGCAAATGGATAAGCGAACTGTGGTATGCCCATACAGCAGAATATTATTCAGTTATGAAAAGAAATGTGCTATCAAGCCAAGAAATGGTCTGGAGGAAACTTAAA,N,no,no,N,0
chr3,127965891,127966164,AAACAAACAAAAACCCTGATTTGTAACCTGGAACCCCAGATAATCTCAGCAGTTGGCAACAAAAGGTAACTGTGGACATTGAAATGAAAATGATACTGAAAACATGAAGATTAGCTGCAAGACAGGAAGACCCCTAATTTCCTGCCCTACTCTTGATAGTGAGACAAAGACCTTTCACCCTGACAAAGGCTGAGGTTGAGGACAGGAGTTAAGGTCAGGCATCCAGTAATTTAAAAAGAGATTGAGTGGAAGGTTGCATATTGAATATTGAGGT,"[[127965940, ""G"", [""C""]], [127966008, ""A"", [""C""]]]",yes,yes,G->C,2
chr2,15047233,15047546,GAACAAGGGAGAAGGAGGCACAGATGGTTCAGGTTCTATGCCTCAGCCTTGCCTCTGCAGAGATGTGGTGCTGACGGAGAGGCCCATTGGCTGAGGCAAACCAAGTGGCAGGTGAAGGCTGGGCCCACGCAGGAAGGCGGGGCTTATGCAGGTAAAGGCTGGGCCCCTGCAGGTGAAGGCGGGGCTTATGCAGGTAAAGGCTGGGCTTATGCAAGTAAAGGCTGGGCCCATGCAGGTAAAGGCTGGCCTTATGCCAGTAAGGGCTAGGCCCATGCAAGTGAAGGCTGGGCCCGGGCAGATGAAGGCTGGACCCA,"[[15047386, ""G"", [""A""]], [15047395, ""A"", [""G""]], [15047413, ""T"", [""G""]]]",yes,yes,G->A,3
chr11,113417435,113417886,ACAATCCTTCATCACATTTTTTTTTTTACCCAGCCCTTCTCATTCATTAACTTATTTCATCTTCCAAGAATGGTGTGAGGGAGGTAGGGTCATATCTGTGCAAATTAGTGGAAGGCTCCAAGGATGCAGCTTAGCAAGGTGTGCATGGCCTGGGACCCTTGGCCATGTGCCAAGGACATTAAACGCATAACCAGATACTGCAGCTCCAGGCCACAGGTGTCATCAATGTAGGTTTCTAGAAAATGAAACTGAGAGCTCTGAAAACGTCCATCATCTGCCCAAGGTCACATGAGTAAGATGTGCTAGAGCTAGGGCTTCCGTCAGAATCACAATCTTTCCCCTTTTGTACCAGTCACTGTCTGAGTATGCTTGGCAGCATCACTGTCCATAGATGGCTTCTCTTTAGGGAGTGTGTGCTCTCCTAGCCAAACATACACACATGCACACCCATA,"[[113417614, ""A"", [""T""]], [113417618, ""T"", [""C""]]]",yes,yes,A->T,2
chr3,47433804,47434112,GGTTGCAATGAGCTGAGATCACGCCACTGTACTCCACCCTGGGCAACAGAGTGAGACTCCATCTCAAAACAATAAAAAAAAAATGGTTAATGAAGGTAAAAGGTTTAAGCAAGAAGGTCCCACAATGAGCCAGTGAGCCAATGGCCAACCTGGGACATAAAGCCACAAAACTGGTTTCACCACAAAACTGGTTTCAGCCAGCATCAGACCATGCATCCTTTGACCTTCATAGGCAGAGCCTCATGAAGCCAGGGTGGTGCACTCCCCACTGACACCATGTATAGTTGTGCCACAGACCTATCTTGCCAG,N,no,no,N,0
chr13,29689546,29689816,TCTTAGCGACATGAATGTATGGACTAAGGGCAATTAGCTGAATGTGCAGTACCTGTGAGCTAATCTGGAAAACAGAAGGAGCCACCTACGTGTTTTTTTTTTTTTTACTTAATTTTAGCTGCTTGAGGAAATGAACTGAATCAGCAAAGCTCTCACAGACAGTTCTATGTAGAACCCACAAAGCAAAGCAAACATTATTGATTTTTCCAGAAGTGAAAGAAGAAACTGCTACCATGTAGAAGGAGTCATCGGACCCACAGTGAAACTAGGA,"[[29689552, ""T"", [""C""]]]",yes,no,T->C,1
chr15,39147314,39147575,GCCTAGAAGGGCTGAAAGTCTGGTGGTACCATTACAGTGTTCAGGATTATCCACAGTTCTTGTCATGAAATTGGTGTATCTTAGTTTCCTCTTCTCATAGAGCAAGTTCTCTCCTGAGGGAATTCTTGGTCACTGAAGCAAACAGAGAGCTGAAGAGCTTATGCCATTCCTCTCTAGGGAGGCCTGATTTCTAAGGAAAGCACAGCTCAGGCTCAAGTTTAGGCCTCATTAATAGTACAACTCTGCCTGCCTTCAAAGGCCA,"[[39147321, ""G"", [""A""]]]",yes,no,G->A,1
chr8,127066699,127066970,TTTGTGGGGAACCCAAATAACAGACCAAAATTCACTGGGAATTGTTTTGGGGAGACATAAACATTCAGACCACAGAAGCACAGCAAATACAACACCAAGAGTAAATGTTTATGTAAACTGAAGATTTTTAGTGATGTCACGGAGAAAAACTTCTCCTCGACTCTCTTAGGTTTAGTGCTTGGGAACCAGTAAATTAAACTAACTAAAGACAAGTTAACAAGAGAAAAAGCACAAGTTTTTATTGATATTTACATGCATAGGAGTTCATGGAA,"[[127066784, ""C"", [""A""]], [127066819, ""C"", [""A""]]]",yes,yes,C->A,2
chr20,24070860,24071130,GAATTTTTCTATCTTCAAGGTCACTAATTATTTTTCTGCCATCTCCAATTTGCCTTTGAAACTCTTTAGGGAATTTTTCATTTCAGTTAGTGTGATTTTCACCTCCAGAATTTCTATTAGGTTCTTAAAAAAAATCACTTGTATCTCTTTATCAATATTCTTTTCTGGGAAGATACGGTTCTTATCCTTTACTTCTTTAGACAAAGCTTCCTTAAGTTCTTTGAACATAATTAAAATAGGTTACATAAGGCCTTTTTTTAAATAGCAAATC,"[[24071013, ""G"", [""A""]], [24071089, ""T"", [""A""]]]",yes,yes,T->A,2
chr18,59730827,59731287,AATCTCTGGTCTAAGACAACATTGACTAGGGAGTCTAGGGAAGCCTGAAGTTCTTTTAAATTTTCCCTCGTACTGGTTGACAGTGTTTGAAGGGTTTCTGTTAACTTCCTCAAAGTTGCCTCACAGTATGCAAAGCCACCCCCAAGTGTCTGCTAAACGGATAGCTATTCCAACTCATGCCAAAATTAGCTGTAAACCTGTCAGCCTTTTAGATTTTGGATGTGTGCTGTTATGAACTGTTATTCCATTGGGGCTCAAAGTACCTAAGGGTGCAGTGTGTTATACATTATAGACACAAGGGCATGCTGGTATGAGTAATGGACATGTGAAATTGGTTAGTGGATAGCTGTTGGCCAAATGGTCTTGGTGTCCACAAAAGGACACATATCCTAGGGGTGTGCAATTTACATGGGGCAAGAGGAATGCAGGTGACTGACTGAGCTTTGCAGAGAGGTATGACT,N,no,no,N,0
chr13,98352216,98352670,GCATGCCATCGGTGTGTGTTTAGGAAGAAATGAGGAAACAATAGGGCGTCTGATGGGTGGCAGAAGAGAACCCTCAAATTGCCACTGGAAATCACAGGGAAATGGTTTGAGAAGAGCAGCTGAAATGGGTAAGGCCTAACAGGGCTGGAGCAGCTGTGCTCCAGTGACCAGTAACTGCCCCTTGAGACGGGCCATCACTCAAGAGAGACTACTGAGAGGGGAGCCCATATGGAACTGAGTTGGGACAACAGAGAGAAATGACAGAGAAGGGGAGGGCAATCGAGCCAGGGAACTTGAGAAAGCACGCTTCCATATCCTTCAACACTGTACAGAAACAATAGACAAGGAAGCTCTGGGAGCTTTCAAAAGCTACTCTGAACCATGACTTTAAACAGGTTAGGAAACAATTTTCACATAAAAATGAGTAACAAAAATGTATCAAGGTCATAATGATA,"[[98352219, ""C"", [""T""]], [98352579, ""G"", [""C""]]]",yes,yes,C->T,2
chr3,51609467,51609791,AAGGTTCTGAAGGGATCATTTAAAATTTTCAGTTACACTTGAGTGCATTTTGTGGAGGAAATTATGGGCTATAGCAATATTCTTTAATTTGTGATTTTGTAAAGGTTTCTTATTTCTTTGCCTCTTGTGCTTTCCCAGCATGGTGTCTGCTGTGACATCTGATGCTCTGCTTGTGAAACCCCAGTCTTTGTTCAGTCCTTTTTTTCTCAACTACTGAATCCTTGTGGGCATTTGTGTGTGTGTGTGTGTGTGTGTGTGTGTGTGTGTGTGTGTGGTTTGTAGTCTCAGTGTTTCAAAGTGTTCACCTGAGTCCTCTCAAATAAAA,N,no,no,N,0
chr1,47618339,47618776,GCTCTTGTCCTCAATATGGAATCAAGGGAAAACAGAAGCAGATACTGGTAATTACATCCCCAGGGAGGGATGCCCAGTGCTTAGAGGGGCATGGCTCAGGGCCAGCAGAGACCCCGCACTTGGAATAGACAGGCCTCTCTCCTCCCAGAGATCCCTGGGGACAAGGCAGCTCTCGGGAGAGGGATATGTGTAAGTGAAGGCTGGGCCTGGAAAGCCTGTGGGGTCTGGAAGTCTCGGCTCGGCCTTCATGGACAGCTGAGCCCTGAAATCCAGGGCCTTTGATTTTTCATTGACTAATGCTGCATTTCATTGAACAGAAGCTTCCTGTTAAATCAAAACAGATGAGGTTTCAAAAATAATTCTAATTGATTCCATTCCTAAAGTTCACATCAGTAGCTCTCAGACCCAGCGAAGAGAGGAGTTGTGTCTGTACGTGTG,"[[47618363, ""G"", [""A""]]]",yes,no,G->A,1
chr17,3434286,3434641,CACCTGTCCCCGTGACACTGATTACCATCTGAACTTCCTGGGTAAACCTATCATCATTAGTACTGCATTAGCAGTTGCTTCCTGATTATCTCCCTATGGATCATGACCATCCTCAGCTTAACAGATCCCAGATGAAACTCATTATCTCACCCTGCCACTCTTCCAATTTGCTCCTCCAGTCTCTCGTATCTCAGTAAAAGGAATCCAGGCTCAAGTCAGAAACCTGGGAGTTTTCTTTCATTTATTTATTTCTCTCAAGATCAACATCTAATCCTAGCAAGTTATATAGATTCTGTACTTCATTCTATTTCTAATTCACCCACTGCTTATCCCAGTTGCCACAATCTGGAACAGGC,"[[3434426, ""G"", [""A""]], [3434471, ""A"", [""G""]]]",yes,yes,A->G,2
chr2,201814405,201814855,CACATTGGAGGTTGTTAGGAATCCAATTTCCAACAATGAATGTTTCTTTTTACACCACTATAAAAGCTTGGAGCCCTTGTTAAAAGAGCCCTCTCCCCTCAAGAAGATATGAGGCTTTATTCGAAAACTTTGGCACTGTCCCATTTTTCCTGTAAGAACTTTAAGGATGTGAGACCAGGGAGACAGGAGGTTAAATGAGAAGGGCTGGAAGGCAAAGTAAGAACAGCTGGAGTTCATTAGCTAAAATCCAGGGTCACTAGCTAAAAAGGCAACCGAAAGGCACGTGCAGGAAAACTGAACAAGTAATGCAGCCCTCTTTAAAAAGCCTTGAAGCAGGAATTGCTTTTCCTGAACAATTTGGCTGCCCTGATGGTATAGCAGCCAAAGATTTATTAAGTATGATTTTACTACATATATGGTCTCTTTCTATACAGGTAGAATACATGTGGCA,N,no,no,N,0
chr19,54921103,54921448,CTCCCAGCCTCTACCTACTATCTTTGTGTCTTTATTTTTAGCAAATTCAACACGGGAACTTCATGTGCATGTAGAACCCTAAATGTTGACTCAGCCCTACCTCTCATCACCTGACCACTTCCTTTATTCACGCTGTCTCTACCACCCTTCCCATCGGTGTGAGCTGTATCCCGCTAAACACTGTTACCACCCACAGCCTGCATTACTACCAGCTGACTGTAGCCTTAAACACCACAGTGATCTCAAGCATTTGAGAAGACTTATCTTGACAAGGGCTCACGAAAGACAGCAATGCTCAACAGCAAGATAAATGAGGGCCTTCATGGGATCATTCAGTGCTGAAGCC,"[[54921151, ""T"", [""A""]], [54921347, ""G"", [""A""]]]",yes,yes,G->A,2
chr6,153104273,153104632,AGCTGTTGACATGTTTGTTATACTCCTAGTAATTCACTAGGTATCACTAGGCCTGTTTTTATAAATGGGAATAACCGGGCCTAAAAAAATTGAATGACTCACTCAAGGTCATATAATTAGAAAGTAACAGAGCCAGGAGTGAAACCCAAGATAAATGACTCTGAATCCAGAACATGTTTGACTAAAGTCAGACATTAACCAGCTCCCAGATCTGAAATTAGAACATGGACGTAAAGATAATTCAAAGAGAAATGTATCTGTTGGATACATAGGAAAAGCTGTTGCACATGTCAGACGGATTCATTAATTTATTCAATAAACATTTACTGAATGGTTACTGTGAGTTAGGCTCTATTTTAG,N,no,no,N,0
chrX,150968960,150969353,GCCACGCCCGCCTGACCTACAGGCAGTGCTCTTCGGACTTCAGTGCTCTCTTTGCAAGTCAAAGCCCTGGCCAGCACTGCATATCGGTCACAGGATTCTAGTGCTTAGAAATAAAGAGGAGGGTGTTCCCGGAACCCACCTCCCTCCAGGTCCCCAGCTGGGCCCTGTGGCAGCCAAAGGGGAGTGCCCTTGGGCCTCCCTCTAGGAAGGAGGTGGATATGCAGCGAATCCACTGCTTGACTGAATTAAGTCCTCTCTTTTCCTCATTCCCCCTCCCCTCAGCCAGGTCCTCTTCCTTGCTTGGCTGAAACAGCCCACAGAGTGCTTGCTTCCTTCTGAGAGGGTGTGCCCTCCACACCTAGCACCCAAGAACACAGGCTTTCCTTTACTTGCT,N,no,no,N,0
chr5,164581967,164582273,TCTAAGTACTTGACTAACTTCTTAATTCTGAGGGATCAACACTAATTTCCAGTGTTTACCAGCAATCATCGATGACTAGCAGTTAAAAAGCCATCAGCCCTGTCACATTTTTCAAAGAACAGAATCCGTTTCCAGATGGCCCTTCATTTGGCTAATGGACAGCCTAAGGGGATATAAATGTCACCTGTTGTAGCTAGTCAACAGTATTAATAAAAACACAAAAATAGACCATTCAGCAGTGGCAGCAACCCAAAAATGTATTTATGAGTTTCTTTATTGAGTTAATTTGCAATAATCAACATTTTCA,N,no,no,N,0
chr14,20911033,20911257,CCATTGCCCAGGCTTGCTTAGGTAAACAAAGCAGCCAGGAAGCTCGAACTGGGTGGAGCCCACCACAGGTCAAGGAGGCCTGCCTGCCTCTGTAGGCTCCACCTCTGGGGGCAAGGCACAGACAAACAAAAAGACAGCGGTAACCTCTGCAGACTTAAATGTCCCCGTCTGACAGCTTTGAAGAGAGCAGTGGTTCTCCCAGCACACAGCTGGAGATCTGAGAAC,N,no,no,N,0
chr4,149972436,149972821,CTGAAACATTGAAAATGCCAAGTGTTGGAAAGGTTGTGGAACAACATGGATTCTCAGCCACTGCTAGTGGGAATGGAAAATAGTACAGCCACTTTGGAAGACAGGCTGACAGTCTCATACAAAATCAAACATATTCTTGTAATATGATCCAGCAACCATGCTCCTTGGTATTTACCCAAATGAATTGAAAACTTATGTCCAGACAAAAGCATTTGCACGGATGTTTATAGCAGCTTTATTCATTATTGCCAAAAACTTGGAAGCAATTAAGATGTCCTTCAGTGAGTGAATAAATAAGTAGACTATGGCACATCAGACAACAGAATATTGGAATATTATTCAATGCTAAAACGAAATAAGCATTGAATTATATTGCTATCAAGCAA,"[[149972517, ""G"", [""A""]], [149972560, ""C"", [""T""]]]",yes,yes,G->A,2
chr19,2883676,2884043,GAATTGCTTGAACCCAGGAGGCGGAGGTTGCAGCGAGCCGAGATGGCGTCACTGCACTCCAGCCTGGGCAACAAAAGCGAAACTCCACCTCAAAAAAAAAATAGTCTTGATAGCACTGCAAAGACTTCGTGTCATTTCACAATCACAGTTAGCTTATTTGATCACTCCTTCCCTACATTCCTCTCATTGTACAAATTGGTACCAGATGGAAAGTGCTGACTGTGAGATGTCCAGGTTCTTGACGCATTGAACAAAGAATTGAACAAAACACACAAAGCAATGACAGCGCAGATTTATTTAAATGAAAGTACACTCCACGGAGCGGGAGCCGGCCCTAGCGGGCAGCTCAAGAGCCCTGGTTGCAATGT,"[[2883691, ""G"", [""A""]], [2884034, ""A"", [""G""]]]",yes,yes,A->G,2
chr9,69933400,69933880,TGTGCACAGAGTTACCTGCTCTCTGTGCTGTTGCAAGCCTTTTTCTCCCTGCATTGCTGAGAGTCTGGGTTTATTCATTGCGCTGGGTGGGTCCTGATCCCTCACCCTGAGGCCACTGCAATGAGACAGTGGGATGCTCCTCATGAAAGGTGACAGGAGACCCCGTTCCCAGAGGAGAATGGGAATCCTGGATGAGCCCCAATATTTGTTGGAGATAAATGATCAGTGCTGCAAAGTGAAACCAGCACTCAGGCAAAAGTTTTCTCAGCAAGGCAACTTATTTCAACAGAAGGGTGCTGCTCACGTCAATCACGATTGCAAGAGCACACTGAACAGAGGAAAGCAGGGATTTTTACTCCTAATGCAATCACTACCTCTGTGTCACTCCCCCATGGGCTGGGGTCAGACTGCATAATCTAAACTGACCTGGTTGGCTATTTGTGAATATTTTCCCAAATAAGGAAGGGAAGGGGAATGTGAG,"[[69933418, ""G"", [""C""]], [69933592, ""C"", [""T""]]]",yes,yes,C->T,2
chr3,105661507,105661933,TTTGATACAAAAGTACCTAGACTTAGAAAACAATTAACTTGTTTTCCACGGGTAATTTTCTAAGAGATTTTTAATATTGTTATTTTGTCTGTCCAGGATACTGAGATGTGCACATGAATGCCAGGCATGTTTGAAAAGAACAGCTGTGTATACAAGTGGGATGAATACTATGACGAATGCCTCTAATAAATGGTATAACTGGCAATTGAATCTTAAATCTCAGTTTGGCCGCTAAGATCTTGGGCTAAGCAATTTACTTTCACAATTCTCATTCTCCAAATCTACTTTATATATCTGTGTTTAGAGGTATTATTTATCCCTTTCAACCAGGTAGTATAACAATTAATGTAATATACAGTATATGGACTGAGGAGACCATTAAAAAGAAAGAACAATGAATTAATATTTATAATGATAAGTGCTATAC,"[[105661553, ""T"", [""C""]]]",yes,no,T->C,1
chr5,19681533,19681814,TTTCCAACATTATGACATCTTTTACCTTGTCAATAGCTGAAATGCCAACCAGGAAAATACCTTAATAAATAACTGAGTAATAAGGTAAACAAATGTAAGAACAAAAATGACCCCTTGATGTTGAGTAGCCCTACAAACCCAGTCTAGCTGGGCTGTTACCTGAGAGAGAGAGATAATCTTCTCTTATTTAATCTGCAATTTTTTTCACTTACTGTGCTGCATCATATAAATATTTACCCTAACCTGTTATAGAATATTCACCTTTACCTCAATTATTTGTCA,"[[19681635, ""C"", [""A""]]]",yes,no,C->A,1
chr3,183310896,183311299,GTAAACAAGAAAAGAATACCTTACAAAAATCGTGCTCAAAATGCTGTAGTTGTAGGCACTGGTTAAGCTTCAGATGATGCTCAGACCAAAAGTGACTAAAGGCTTTTTCTGTTTCATCCAGTTGAACTAATAACCTTTCAAGAAAGAATGAGAAAGTGAGGTTAGGTTAGCATTCATTTCCACAGGCATCCATATAGGCCTATGGCTAGAACACCTGTGTCTTCGGTCAGTGGTGTCAATTGTGACCATCTCATTATTATGAAAGTATGTGTCACCTATGCCTTTCTTCTGGCTCAGCAGGCTTTGCACCTTTCATTTTCCAATCAGGACATCCACAGTGCAGGCAGTGACTTTGCTTCAGATGCAGCTGCTGTGCTTTAGAATGTGCTCCGGCTGATCTTACC,"[[183311055, ""T"", [""G""]], [183311161, ""C"", [""T""]]]",yes,yes,T->G,2
chr16,62194820,62195138,TGCTTCTAAAATTTATCTGGAAATGAAGAGTACCTAGAATAGCCAAAATAATCTTTAAAAGCAAAGCCAGTGAACTCACGTTACCAGATATCCAGACTCACTATAAATCTAAAGTAAGCAGTTCACTGTGCTATTAACATAAGAATAGACAAATGGATCACTGTAACAGAATAGAGGCCAGAAGGAGACCTGATAGATTACCAGATCTGCAATATAGACACTATTGCCATCCAGTGGGGAAAACGATGGTCTTCAAAATAAATGGTACTGCTCAATTCAATACTCATATTTAAAAAATAAATCATTACATCACAACATG,"[[62194833, ""C"", [""T""]], [62195044, ""C"", [""T""]]]",yes,yes,C->T,2
chrX,152588244,152588620,GACCAGTCTGTAGGATGTACAAGGGAACTGCTTTGTCATATATTTATACAAGATGTTTAAACAAGATGGATCAGCAGCTGTTATATGTTAAAAAGGAGCTGACTGAAGAAAAGAAAGCCCTACCATTTTACTTTGGAGGTAACAATACCAGCATAGCAGGAATTCCTGACAACCACTGGTTGCAGAGAAAGTAGTTTGTTTACTGGAATCTGATGAAAAAGTAACCAAACTGGCATGCCTTCAGTTTGAGAGTATTTCTTACATACAACTGCTGTCACTCTATTCCAGGGGAGATTCCAATTGCATTGCTTCACTGCTACATTTGTAGATCTGAGGTTTAAAAAGAAATGTTTTTCAAGTGATTATGTAAAGCAGTA,N,no,no,N,0
chr4,76894564,76894981,CATTTCTCTCTTTTTATGAGTACAAACATTGGCCATTCAAACCTCTGAAAACTAGTAACGATAATTCTGTTTGTTACACAGGGAGTTTCCATGAAAGATGGTTTCAGTCACTATGTAAATGAGCCACATGGTTTTTACATTTGGAAAGTTCCCTTCGGGTTGATACAAAAAAGCAGGGCCTGAATGACAGTCATTCCTCTTAGGAATGGAGTCCAAGTCATAACTGGATCTTACCCAGCTGCTTCTCTGATCAGTGAGAAGACCCAAAGGAGGCATTAATCATTTTACCCATTAACCACCATGCATGGAATTCAAAAGAAGACTTGAGAACAGGGCTGAGGAATCTCTTAAATCGAACTGTGCTCTCCAGTAATAATTTTATTTCACTGATTTAAATGCCAAAAAAAGAAAAATAAAG,"[[76894591, ""G"", [""A""]]]",yes,no,G->A,1
chr5,9313830,9314088,ATGTTTCAAGTTGGAAAATAGCCTACAGTTTGGAAAACAATATGCAGCATGACATGACCAGACAAGGTAGAAACTGCCCTCAGGTGATCAGGAGAGTCACAGGTAATGCAAACTGCCACCTGGAGGTGAACCTCTGTCCTGCATAGGGGCAGGACCCAAGGATGCCTTGTCTAGTGTTAAATAAAGGTTACTGGTGAACTACATTCATTTCTCATTGTCTCCAGTTTTCTTGAAATTGGTTGTCCTCCTTGATCTGTTT,"[[9313833, ""C"", [""T""]]]",yes,no,C->T,1
chr11,82229262,82229720,TGATACTCAGGAGGTCTTTAAGACAATATATTGTTGGAGATTTCTCTGGCCTAGAGATCATTCTAGCTATGAAGTTATTTTGTCAATGGTTCCATCAGAAACAACATTATACTGAAGTGGCTCATAAGTATCTATGGGTAGTTAAAATACTGGAGGAGAGTCAAGGGAGATTTCTTGTCTCCATCAGTTTTACTGTCTACACATAACACTTTATAATCACTAATTCTAAGCAAAGAGTAACCAGAGAAGCCACCTCTTAAATTAGCCCATTGGTGACCTCTAGGGGCTGTTTGACTTTCTACAACTATATGAGAAATGAAAACATTTAAAATGTATACATTAATTCTAGTAGAATGTTTCCTATTAGGTTTTCCCATTTAGAGGGATTGCAGTTGGTAGTCCATACTTGCAAAAATAGTGGGTTGAAGGGAAAGAAGATTTTTATTTTGCTTGTTTATA,"[[82229266, ""G"", [""A""]], [82229440, ""T"", [""C""]]]",yes,yes,G->A,2
chr1,24889133,24889552,ATAATATCATTCCTTTTTATGGTTGTATAGTATTCCATGGTGTATGTGTACCACATTTTCTTTATCCAGTCTATCATTGATGGGTATTTGGATTGATTTCATGTCTTTGCTATTGTGAATAGTGCATTGTAGCATTTCCATTGTACAGTGGGTTACTGCTGTGCCTGCCTCACATTAGGATTTGGTGGATCTGGTCATAGCCAGCTCACAGAGGGAAACTCAGCCAGCATAGTTGCTTGATGTCTCATGGTCAGGCTCTGAGTCTCTGTAGGGTTCAGTAGCATGCCAGCAATTGTTTTTCAAAAGGAGAGTAGTTCTCCACTGCAGAAAATTTTAGAGGTCTGTACTGGGACTCTTCTACTGGGGTTTGTTAAAGGCTCCACCCAAGTTCTTTATCTAGCACCATAAATCTTCTCAGTC,"[[24889141, ""G"", [""A""]]]",yes,no,G->A,1
chr6,98107779,98108172,TTAATAAGGTGAAATATAGAAAATAGTAAATGATAAATAAAATCAAAGCTGTTCATTTAATAGGTATTGTATAAAGAAAAACACTTCAGGAGACTTATTAAAAATAAAAGTGTGTAAATATTGCAGGTTTCATTCCTGACCACTGGAATAAAGTAAATAGTGCAAGAAAGCAACTTACACAATTGTTTTTGGTTTCCCAGTGCATATAAAAGTTATGTTCACTTTATACTATTGTCTTTTAAGTGAGTAATGATAGCATCATGTCTAAAAAATGTACCTAACTTCATTTAGAAAAAAAAAACTTTATGGCTAACAAATGCTAGCAATTATCTGAGCCTACAGCAAGTTGTAATCTCATTGCTGGTAGATGGTCTTGCCTTGATATTGATGGCTG,"[[98107789, ""A"", [""G""]]]",yes,no,A->G,1
chr16,49520466,49520884,CGTGGTTCAGTTCTACCTCCTAAACTTCTATTCCTGCAGCAGCACTTCCTGGTCCTGCAGTGAGCTCAATCCTAAGCCTAGAATCTTCTCAAGACCTCTCAGCCCATAGTCCCTTGTGCCTGCAAATACCAGGTGCCTGGAATTTCCGTGCATAACCTCAAACTACACAAGGCCACAAGAAACCAGCAAGGATAGAACTCCAGCTGGCCTTGCCTCCCACTGCCCCACCCAAACCCCCAGCTCATTCCAAGAAACAACAGCACACTTGCCTGTTCCACCCAACCAGGGCCTTCCAGCCCCAGCTTCTGTGTAGGGACAATGAACACTCCAATGCCTGAAAAACCCTCCTCTCAAAAACGAGAAAATTGCTATTCAAGTTACTTAACGAGAGCCATTATTTGCATAGATTTGGCATTGCA,"[[49520467, ""A"", [""G""]]]",yes,no,A->G,1
chr6,170062655,170062904,CCCTGTGCCCACGTGTGGCTGCTCTCCCAGGGGTGCACCTTCCTCTGGCCCCACACACCCCTCCCTGTGCACATCAGCCACACTGCTTTCTGAGTTCCATTTCCTCTGTTCTGAGCTGCAGTTGCTAATGCCCTCACTCTGTCCCACAGGGAAGGGCCGGCGTGAGGGAGGGCCAAAGCCCATTCCTCAGGAGAGCCCGTCACCAGCCTGGCCTGCAGCGGCTTCCCTCCCAGCTCCCAGCTCCGGCCTC,N,no,no,N,0
chr18,73366790,73367119,TTCACAGCCTATGTTCCAGGCTTTCAGGGGAAATGGGCTAGCCTTGACACTCATGTGAGAACCAGGAGAGAAGCACACACTGCGGATTGTTCTGGTGATGAGTAGAATATATCTCACTCCTCTTCACAAGTTTGTTTGGGCTGAGTGGCTTAAACTCCCACGGAGTTCCTCTACATTGGCCATTGATAAACATGCAGTAATTTAGGAGGTAATTTCAAGACATTGAGTCATAGTTTTAAGTAAGACATTTCTGTTCTTCAGCTAACACTAGAGAATAGCATGCTTATGTGGATTTATTTAACAAAAAGTGCACTGCTTGTACTCCAAGCA,"[[73366804, ""G"", [""T""]], [73366811, ""A"", [""T""]]]",yes,yes,G->T,2
chr6,73207393,73207681,TCCAGGCAGAACACAATTTGTTCAATGACATCATCAAATTTCCAGATTATTTCTGTCTCTGCTGTCCTCTTTTTCAGCTGTATATTATTGGTGGCTCCTCTTATTGTCTACAAGATGACAACAGTGGCAACTAATGCCACACACCTTCTTAATCACATCTAACCAGAGACAGGAGGAGGCAGGAAACCCTCCACTCAAGTACAGAGTATAAATCCTTTCCTAACACCTGGTTAGGTTAATACAGGTCACATGCTCATTCCTGGACCAGTGAATCACAATGTGTAAGGCC,"[[73207593, ""G"", [""A""]]]",yes,no,G->A,1
chr10,15140024,15140298,CAGGCAAAGGCACACAACTAGTGAGCAAGGGGGCAGAGACCAAGCTCAAGGTCTCAGACATCACCCCTTGAGCTGTTTCTACAATACCACATGCTACTCACATTGATTGACTGATTGATTGATTGACATGGTCTCTGTCGCCAGGCTGCAGTGCAGTGGCGTGATCTTGGCTCACTGCAACCTCCACCTCCCAGGCTCAAGCTATCCTCCCACCTCAGCCTCCCAAGTAGCTAGGACTACAGGTGCATGCCACCGTGCCTAACTAACTTTTTGTA,"[[15140103, ""C"", [""T""]]]",yes,no,C->T,1
chr3,58973847,58974167,TCCTTATAGAAAGGGTCATCAATAGGAAGTCCAAAGCAAAAAAAGAGGGAAGGAATACCCTGGCTTCTCTCTCATCCTGTCTTCTGATCTCTTGCTGGTACTTCTCACTGGCTGGGAGGCTTGAGGAAATCAAAAGCCTGAGGTCAAGGGAGTCTGGGTGATTCATATGGTATGACGTAGGAGGACAGGAGCGGGCTACCTCCCAGGACACAGAGCAAGTGAGAGAATGGCAGGGAACAGATCTAGAGGGGTGGAAGGGAGGATTTTTCTTTTTGTTTTGGGGGTACATGTGAAAGTTTGTTACATGGGTGAGTTGCGTGT,"[[58973868, ""G"", [""A""]]]",yes,no,G->A,1
chr14,77081321,77081668,TAAGAACACCATGCCAGTGTTCTATCACAGCCTTTACTTGCCTTTGTTGCATGCTATTACTGAATGTTTACTGAAGCTTTCTCTCCATTCTAGAAATTGCAGGTCGTGTGGAAGTGACGTTTCGTGTTCTTTTAATAGAGATCCTGTGTTTCTGGTCCCAGATACTCTCTGTGGCTAAAGCTAATGTTGAAACAGAGATGTTTAAACAAATAGCAGTAGTAACAAAACACTTTGGTTTTAAACTAAGAATATACTTAGACCACAAAAGCAAGTTTCTACAGGTTTTTTTTTGTTTTGTTTTTGTTGTTGTTGTTTTGAGAGGAAGTCTCGCTCTGTCAACCAAGCTGG,N,no,no,N,0
chr10,28270745,28271015,TATTAAATCAGAGTTCATCAGAAACCTCTGGCTGTAATGCCTAGGCTGCTGTTTTTGAAGAGTCTTGAAGCCTGAGAGCTCTTTCTGAAGACCACGGTTTTTTGAAATAGCGCATGTTGCCTTTCCTCCAGGGACATTAAATGATGATGGGATCTCTCAGTGGGACTGCCCCAGCCATTTGTTTTTTGGACTTTTTAGTACAATAGTAAGCTAAATAATTAGCTGGTGATGTACACTGATCTAGACCCATAATAATTACAGGCAGAACTGT,"[[28270844, ""C"", [""T""]]]",yes,no,C->T,1
chr6,126438371,126438679,GGCTCCTAATGACTAAAAGTATAGAAAGGGATTTATCTGATCTCAACATGACACAGAAAGAAATCTATTTTTTGATAGAAAAAATTAATAACATATTAACATCTGGACTTCATGTGGATACAGTGTTGTTTAACAATTAGCAGCAGTGCCTTTTCAGCTGCATTCCTACATCTGGGAACAAAACATCATAGGAACTAAAAATAAAGACAAGGAGAAAATAAAAAATTGCCTGCTGTAAAATAGCACAGTTACTCTACATTATAAATTAAAGGGATCTTGTCACCCTCTTTGGGAGTACAAACACACTTT,"[[126438402, ""A"", [""T""]]]",yes,no,A->T,1
chr1,212942710,212943049,CCATGTTGGCCAGGCTGGTCTCAAACTCCTGGCCTCAAGTGATCCGCCCACCTCGGCCTCCCAAACTGCTGGGGTTACAGGCGTGAGCCACTACTACGCCCAGCCTGCATCTAATTTTAGTATCTGAAGTCTTTAGAGATTTAACTCTAGTTGTGTATGCTGACTCTTGATTTTGGTGGCTTGCTTCCTTGTGACTTGGTAATTTGTAGACATGGGTTTCTGTTTGCCTGAGGTCTTTAGGATTACCTGTGGGCCTGGGTTGAGGATGTGTTTATCCAGAGAAGATGTTCATTTGCTGTTTCCAGGCACCTAAGGACGTTATCAGCCTGGCACTATTTAA,"[[212942791, ""T"", [""C""]]]",yes,no,T->C,1
chr10,14360915,14361337,TAATAACAAAACCCGACATTATCCAAATAACTATAATTTTTAATCCAAGCACACTTCACTGAAAAGGGTGGCATGGTTTTACATTTTTGCAAAAAACTCTTAAATGTCTAGCTGAAAAGAAAACAGCTGGCATTCTCATATCTGCTTCTACATTCAATCAGTTGAGTTATCACACATCATGTAGCCTCTGGAAAATGCCACCACACACTTGTGGGAGAATGAGAATGATGAGAATGACAAAGGAAAATATGCCTTGTATGATTGTCCAGAATAGTTTTGGCCTTTCAGATCCCCTAAGAATAGCCAGTATAGATGTGGTAGTTATGACTAAAGTACGGTGGTTGATTTCTGGCTCCAATATCTCACTGCCCTGGCTCAAAATGTACCATACACTAGCTATGTACCTTTTCCTCTCTGCCTCAA,N,no,no,N,0
chr3,115190778,115191176,TAATCACAGACCAATGTAAAGAGAGATGTAAGGACCTAATACTTCAGAAGAGTGAAGTAATCATTTAAAAAAAGCTTAAAACATTGATAATTCTTTGTTTTCTTTTCCAGAGTCAAGAAAACTTTGCTTTTGACTTATTTACAGCTAGTCACAATTGAGTGAAGTATACTCCTGTAAACAAATTTGGATTTCTCTCTCTCAATCTGATTTCTCCAGAATGTGGAAACTATTTGTGAGTATTCTTAATTTGTGGCAATATAGTTATTTGCATAAGTGCAATAAGAATGTTTTATTTTGCAACAGGACACTATTGGAGAAACTGGTTATTTTACTGGAATGGTGTGATTTCTTTTAAGGAATCAAACTTGACTTAAATAGAGCCAATAAAAACCCCTTGGG,"[[115190809, ""A"", [""G""]], [115191027, ""A"", [""G""]]]",yes,yes,A->G,2
chr5,42792760,42793010,GTAGTATTCCTTCCATACCCTGTCATTGACTAGTTGCAACCATGGAAGCATGGCCTCAGCTTAAATGCAGTAATGGATTTTAGAGTGCAGGAGCTGGGGCAAGTGATCAGTTAGGATTCCTGAGATCTGAGAGGCTCATTGTCATGGCGCCACATAACACACCATCTGACCCAGCATTCGCACTCCTGGGTATTTACCCAAGAGGAATGAAAGCATATGTCTACCCAAAGACCTGTTTGTGAATGTTTACA,"[[42792803, ""A"", [""G""]]]",yes,no,A->G,1
chr1,54846349,54846645,CAGTGTGAGATGCTGCCAGGTTGTGGGAAGCCCTGAGCAGGCCAAAATAGCCTTTTACAAGCCATGCCACCAGACTTAACATCCAGGTTCTTACTATGCCTTCAGCACCACCTTGCAACATGGACCACAGGTAACGTAACAATGAGTGGGCATCACACATAGGCAGTCCTGCTGCAACCAGGTTCTGAAGATCAGCTAGTGGGCATGGGCAGCTGGTCATCTGCAATGCCTTGGCAAGGTGAAGCATGGCTGGCATAGCTGCTCACTTTACAGGGAGAAACTGAGGCCCACAGGAGG,N,no,no,N,0
chr21,27078882,27079330,TATAAGGGAAATAAAGCACACGGTCTCTTTGCTTTCGGAAAGCTATTTGTGAAAGTTATTTGCATATATTTTTCTCTTCAGGAGAGTTTAGAAATCACTGGAGAATTGCTTTGTGCTTTAATGGACAGTGGAGGGATTTAGTAATCAGAGAGATGGGGCACTGAATCCCAGCCCAACAGCTAACTGGCTTTGTGATTGGTCTCAGTTTGAATGTCCTCATCCATAATAAAAGGATGATAGAGATCCTAACAAGGTCCTTCTGAGCACCTGCCAGCAGACAGCCTTTGGACTGGAACGGAAACATCAATTCTTCCCTGGGTCTAAAGTCTGCAGGCCTAACACGTAGATTTTTAGACTTGCTAATCCCCTCCATAATTGCATAAGGCCATTCCTAAAATAAATCTTTCTCGCTCTCTCTCCCTCTCTCTCTTTCTCTGTCTCTCCACACA,"[[27078887, ""A"", [""G""]]]",yes,no,A->G,1
chr7,48413980,48414345,GCCCATACCTTTGTGGTTGATACTCTGTATTCCATGCATCATCAGGACTGGAGTCCATCCATTCCCACTGCGTTTTAATAGAGCAAGTTACAGTGCAAGAGACAAACAAAAAGCAGCCTAATAAACACACATGATGAATAGGAGCTGTTTTCTAAAGCCAAAGGATGCGGTCACTACATCTTTTCTTGTCTGGCTGTCTCCTATTTTCATTCTTCAAGTCTTGACATGAACGGCGCCTCTGCAGCGGATTCCCAGATTCCTCAGCATCAATTCTGTTCCGTGTTCCCCCCACCCGCCCTCACTGCACTCTGAAGCTTTTCTTCATGACACTTCTCCCAACTTGTTATGCATGCTTCTCTGTCTCTC,"[[48414001, ""G"", [""A""]], [48414265, ""T"", [""C""]], [48414303, ""G"", [""A""]]]",yes,yes,G->A,3
chr5,135484574,135485001,GCACAAGGACACGCAGCCCTTACATGGGAGTCTTTTGGAGATGTGCTTTAATGCGTAGAGAAGAGTCTTTCATTAGCATTGAAATAGGTGCTCCAGAGAGCACTTGAAAGCTGTTTGCTCTTTCAAGTAGGCTAAAAGTCCCCAGCTCTCTGGAGCCTGCACCGTGGCTGGCCTTACGCCTCTCCTGGAGGAGCCTGCTCCAGACTGGGATGTGGGGTTTTCAAGCCAGCTGCTCCTCTCACCATTCCCAGGAGCATTTTGCACATCCCAGCTGTGGGTTTTGATCCGGGGAATGTGAACAGAGGGGCCCTTGTGGAGCCCAGGCCTGGCCCAGCTCGTCCCTCCTGCAATTGTCCTACCCAGGGTGACCACCTCTCTCCCTCTGGGCTTCCCTTCACTCAGGCAGGACTGATCTGGCTTAAAGAGGC,N,no,no,N,0
chr10,81135858,81136191,TATCTTCAACCTTTTTTTCAATATAACTGTTTTATTAAACATATGAATGTACTTATTTTGTACAAAATGCAGTACAACTTCTTGCTTTCCTCTGCCCCTGGAGGCACCACCCTAGAACCTCATGTTCACAGAAACACATCATCATGACAAGCAGCAGTCACGACAAGCAGGTGAAGTGAAGTGCAATTCTGAAAGTAACACCACATAAGCAAAGTGGGAAATGAAAACAGGCCGAGGCCAGTGGGTTTCTCCTCTAGCGCTTGGCCCCCAGGGCCTAGTCCTGCTAATCTTCTTTCAGCAGGAAACATTTTAAGAAGAAAAAAATATTTAAGCA,"[[81136034, ""G"", [""T""]]]",yes,no,G->T,1
chr1,14822433,14822837,TACATGGTGAAGGAGGACTTCTTGGGAAGACACTGGAATTTCACACAATGCAAAGAGAAGCTGGGCGTTCAGGTCTGGGGAGGGAATTGGAGGCTGGGGAGCCGCCCCTCTCTCAGCCCCTCCCTCCTGGGCTGCGTGTCCTTCCGTCCCTGTGCAGTAGTTCAAATGTCTGTGCACAAAACAGAAAACTCTGACTCACCTTGCCCACACAATGAGAAAAGTATGTTTTCCCACATCACAGCGGGTCCTGACGTAGGATGCCCCAGTGGCCTTCTCTGGAGGCTCCGTCGTGTTCCGGCATCTGGTCTATCCCGTCTTTCCTTCCCACTCACCTCCATCGCTGGCTCTGTGGCGAGTGCTCCTTTCCTGGCATCACGGTGGCCCACACATGAAGACAGGGCTGCA,"[[14822450, ""T"", [""C""]]]",yes,no,T->C,1
chr2,18123015,18123486,AACTAAACACAGGGCTGGCACATTTCCAGGTTCACATTGACCTGATGAATGAATAAAGACATACAAAAGCAGAGGGGACACCTAGACCACCTACACTATGTCTGGGGTTGAACTTTCCATTAACATTGGTTTTAAACATTGTAAAGATTTTAACATTTTAATCTTTCAAGATCTTGCTTATAGTCATTAGTTATTCCAATTATGCTGTTCTGGTCTAGATCACAGCCCAGTTATTTAATACAAGTGCTCATCATTGCATTAAATCTCGTGGCTTCCTGAAACGACAGCTGCCTTCTGGCTGGGACTGATCTTAGATGAAGCCTCATTCCTGAGATGCTGGGCAGCCATCATATCCCCAGAGTCAGGGAGAATTTAGTTGGCAATGGATGCGCATGAAGTAATTCATTTAACAAATTTATTAGCACTATTTACTATGTGTCTGGCACTGTTCTAAGATCTGTAGATAAGGGAA,"[[18123050, ""G"", [""A""]]]",yes,no,G->A,1
chr22,38340764,38341241,GGGGTAGTGGCGGGCACCTGTAGTCCCAGCTACTCGGGAGGCTGAGGCAGGAGAATGGTGTGAACCTGGGAGGCACAGCCTGCAGTGAGCCGAGATCGCGCCACTGCACTCCAGCCTGGGCCACAGAGCAAGACTCTGCCTCAAAAAAAAAAAAGAAAAAAAAAAAAGAAACCCCATCTCCACTCGCAGTCGTTCCCCACTTCAGCCCTCCCCCCAGCCTCTGGGGACCGCTAATGGACTTTTGTCTCTGGATTTGCCTCTTTTGGACAGCTCATGTAAATGGAGACAGCGTCTGGCTTCTTTCACTCAGTGTCGTGTTTTCAAGGTTCATCCATGTTGTAATGTGTGTCAGGTCCTCCTTCCTTTTCGTCACCGAGTAAGATTCTAGACTGAGCCCCACAGTCTGGATTTAGTCGACTGCATCCTTGTTGGGGTTTTTTTTTTGTTTTGTTTTGTTTTTCTGAGATGGAGTCTCTGT,"[[38340830, ""C"", [""T""]]]",yes,no,C->T,1
chr4,114038079,114038368,AAGTTATGACCTTCAAGAAAGATGAAACCAACTCCCAGCAACCCAGCAGGGAGGGTCCTAAGGGAATCCATAAATACCCTAAACTCATCCTTTTCTATCATCACAACATCTGCTTGTGCTTCTCATTGGCCAAACCAACCAGAAGCCAGCGGGTGTGGCAGCTATTGGTGCATACCATACAGATCAGTCTCCCAGATGGAGCACAAGCAAAATGAAGAAGGATGGAGGGTATGGTGGGTAAGGTGGGAGGTTTTTTAATAAAAATAGCCAAAATATAAGCCTTTCACAAT,"[[114038094, ""G"", [""A""]]]",yes,no,G->A,1
chr5,37448942,37449260,CTTGGGAAGAATATCACAGAGGTGAACTGGCTTTCTTATTACATCATATCGGGGTACTTCTATCATGTTTTTTTAGGTTCTTCATGGTAAAGTTACTTTTTCCTTTCCTTTCCATATGCCATTCTTTGGCTGCAAGCCACTGAGTACTGCTCAAACTAGAGGCAGTGGAAAAATTTGGCTCCACTTCCTGGAGTGAGTAGTATTTAAATAAACTTTTTGGTTTTCTTGTGTATTTATTTTGTTGCTCAGCTTGTTTCAACTGTGGTGATTGGGAGCTCTTTTAGTTTGGTCTTTTGTCGCTTTGACATGCCTCCTTTCT,"[[37448968, ""G"", [""C""]]]",yes,no,G->C,1
chr1,34060843,34061231,CCTCTCAGCCAGGCCTCATCTTCGTGGTCCCTGTTCCTCCCCTAGCCATGCTTCTGCCTGGTGGTTGAGATGCACAAAGGCCCCACCCACCTGTATCCCCTGGGTCAGAAAAGTTGGCTTTCTGTCACGACTGGAGACAGCTATTGCATAAGAGACCATAATCCGTAGCCATGGAAGAGTCTTTGGCACAAAGGGAAGCTCGCACTTCCCAACCCCTGCAGCAAGCTTGCTCCACCCCAACCCTGCCTGGGACATTGGCCAATGTCTGAGAACATTTTTCTTCTCTGCAATGGGGAGAGGGGGGCTACTGGCAGGCCATGGTTGCTGCTAAATATCCTACAAGGTGGAGGACCTCTCCTTACAACAAAGAAACTCCATAGTCCTGAATA,"[[34061013, ""G"", [""A""]], [34061161, ""C"", [""T""]]]",yes,yes,C->T,2
chr7,84384463,84384778,TAACAGAGTATGTTAGTCAGGAAAGGTTTTTTTATATAGTAATCTAAAAAATGTCAGAGACTGAATACAACAAAGGTTTATTTCTCATTCCTACAAGTGCACTGTACACTGTGGATTCCCATGACATCCCCAGGCCAGTATCCTGTGTGCAGTACACAGTGATTCAGGCAGCTTCAATCATGTGACTGTGTCATCTCTTGTCCTAACTTGGCAACAACTTAGAACAAGAGAGATATTGAAGAAACAAAAATGGGCCAAACTTTCCTCCCTTGAAATTTACACTCATGTTCACCATTCTTGAGTACGACTAGTTCTT,N,no,no,N,0
chr6,149881032,149881501,GCTGCCTCAAAGCCAAGACAGGCACCTTCATCCTCCATTGTGGTAGTGAGCAGTTTATTGAGGAGACAGAGCGGTCCCTGTGTGATGCCATCATGATCATCAGGAGGGCCATCGGGAATGAGTCAGTGGTGGCTGGTGGCAGGGCCATTGAGAGGGAGTTCTCCAAGTACCTCCAGGATTCCTCAAAGACTATTCCAGGAAAACAACAGCTGTTGATTGGGGCATATGCCAAGGCCTTGGAGATTGTCTCATTCCAGCTGTACAATAATGCTGGCTTTGGGGCCACAGAGATTCTCAACAAGCTGCAGGCATGGCATTCCCAGGGGCACGTGATATGAGGTGGACATCAACAACGAGGACATTGCTGACAACTTTGAGGCCTTCGTGTGGGAGCCAGCTTTGGTATGGATCAATGCCCTGGCAGTGGCCTCTTAGGCTGTGTGCCTGATTGTGTCTGTGGATGAAACCAT,"[[149881070, ""G"", [""T""]]]",yes,no,G->T,1
chr1,97074842,97075061,TTTTGAATGAGTGAACAAAGTGTGGATTCTGATTCCTTGAGGGATTCTAGTGTGATCCAAACCTGTCTCTCTGTCTCCACCTTACTTCCAACCACGTTCCTTTTGTCCTAGCTAATTCAAGCTTTTGTGGTTTTCCAAACATTCCAGACTTCTCAAACTTCTGTGCTCTCTCTTGTTTTCACTGCTTGAGGTGTCCTTCTCTTGTTACCTATTTAGGAAA,"[[97074864, ""C"", [""T""]]]",yes,no,C->T,1
chr5,145475294,145475544,TATTTGGTTTTAATATTTTATCCAAGTATAAACTATGTGGGAATGTTACCAGGGCCCAGAAAATATTGTGGGCATGATAAGACTTCCACTTAGCTTATGAAACTGAAAAACTAAGCAGCCTAAACATCCACTGTGATCTGAGCTTCTCTTTCAGTCCCCTTTCCAAATCTCAATTTCAGGTGGCTATTTCTATTTTGCAAGATCTCATTCTCAAACGCAGTTCTTACTACATGAATGCATTGTACCAACCA,"[[145475404, ""A"", [""C""]]]",yes,no,A->C,1
chr5,127906744,127906960,CCACTGCACTGCAGCCTGGGCAACAGAGTAAGATCCTGTCTCCAAAAAAAACCCCAACAAAAACAAATATCTATTTGAGTTCCTCCTTTCAGTTCTTTTGGGTACATAGCTAGAAGTGAAATTTCTAGGTCACATGGTTGTTCTGTTTAATTTTTGAGGAGCTGGCACATCATTTTTCACAGCTGCTGAACCATTTTACATTCTTATCAGCAGTGCA,N,no,no,N,0
chr21,15692756,15693086,TTTAGCTCCTGGGTAGGACCTTCTTCAGGCCCCTCAGGAAGAAATTTAGAACAAAGAACAGAGGTCGGAGTTCAGTCCTCACCTCCCCCTTTTCTGAGGCCTAAATGCCAGTAGATCCATCTGGTGGGTTCCTGGTCGGATGCCAGTTTCTGAAAGACAACTCAGGCACATCTGTTAAGATGTCATCTTTAGTTTCCATGGAAAAAGCAAACATCTTCAGAGCTCTAACTTCTTTGATTATTGTCTTAAGCTACTATTATCTTCCTGTTTAAAAAACTATTTATTTACTTTTCTGCTAGCTAGATTCCTGGAATTTCCCTTGAAGAAACCA,"[[15692757, ""C"", [""T""]]]",yes,no,C->T,1
chr4,107805058,107805332,TAAAACTGAATTTTTAATCATTCTTCCGTAAATCTAGTCTTCTCTATCTCTGCCCAGAAGCTGAGGCCAGACACTTATGAGTCAGGCTCAGTTCCTCCTTTTCTATCACCTCCTTCTCTCTAAACCCATCAGTAAATCCTAACCTCATCCTGTGAACTCCTCACCATCTCCGCAGCCATCCTGTTTGTTCAACAACCATTGTCTCTTGCCTGGTCTGTCACAACTGCCTCCTCATTTATCTCCTGCTTTCACTCTTACCACAATCCATTTTTTTC,"[[107805082, ""C"", [""T""]]]",yes,no,C->T,1
chr2,161412408,161412701,TGCACCCTTGTGAAAATATGGTGAGAGTATTACTGTAGCTTCATTAAAGGAATGTTTTACATGGACTTGCAATTTAACTTAACCTACTAGAACTGTTATGAGTGCTGTGATAGATCAAATTACTGTCCTACTGGAACAAGTCTAGGCTCTTATTGGTTCCCTAGTGAAGTTACCAGAAACTGAAAGTCAAAATGGCTTAAATTCCCAGTATGTTTCACAGTATCTTTTTTGGTGGAGTAAGAAGTATTCTGAGCATTTCTTGCTTGTCCTGTGGTTTACTGTTTCAGATATAGT,N,no,no,N,0
chr17,9404727,9405220,ACAGGCGTGAGCCACTGCGCCTGGCCTGTCAAAAGCCATCTTGAATCCCTGGAACCCTTCTGCCAGATCGTTTAGCCAGTTTGTTTTCTGGCACTGCTGCTTTTATGTCTTCTTCCTCGTTGTCTGGCACTGGTTTGGAAGCAGACATCTCCATCAGGTCAACTTATGTTAATTCCTCTGGTGTGGTGTCTGTTAGCTCTTGATTTTCTCCAAGATCCCTATCTTGAAACCCTTCAACCTCCACCCACATCCCCAATTTTTTTTTTTGGCCTCTCCACAGTCTCTCTCATGATTTTTTTGTTTGGCTCTGTTGTAAATCTTGTGAAGTCATGTACAACATCTGGACACAGTTTTCTCCAGCAGGAAATTATTGTTTTGGGCTTGATGGCTTCCATAGCTTTTTCTGTCATAACAATAGCATCTTCAATGGTGTCATTATTCTAGACTTTCAAGATGTTCTATCGGGGTTCTCTTCCATAGCATTGGCAATCCTT,"[[9405062, ""T"", [""A""]]]",yes,no,T->A,1
chr3,70561826,70562150,CTCCACATCCTCACTGGCATCTCTCTCTTTCTCTCTCTTTTTTTTTTTTTTTTTTGACTTTTTAATAATAGCCTTTCTGACTAGTATGAAACGGTATCTCATTGTGGTTTTGATTTGCACTTCTCTGATGATTAGTGATGTTGAGCATGTTGACTTTTATTTCTTTCTCTTGCCTAACTTGCTCTAAGACTTCCAACGCTATGTTGAATAACAGTGGTGAAAGCAGACAACCTTGTCTTATTCCAGTTCTTAGGGAGAATGCTTTCACGTTTTCCCTATTCAGTAGAATCTTGGCTGTGGATTTGTCATAGGTGGCTTTTATAAT,"[[70561854, ""C"", [""T""]]]",yes,no,C->T,1
chrX,154809975,154810306,CCAGATTGAAATAATGCAAAAAAAAGGCAATTTCTGGCACCATGGCAGACCAGGTACCTGGATGATCTGTTGCTGAAAACAACTGAAAATGCTGGTTAAAATATATTAACACATTCTTGAATACAGTCATGGCCAAAGGAAGTCACATGACTAAGCCCACAGTCAAGGAGTGAGAAAGTATTCTCTACCTACCATGAGGCCAGGGCAAGGGTGTGCACTTTTTTTTTTCTTCTGTTCATTGAATACAGTCACTGTGTATTTTACATACTTTCATTTAGTCTTATGACAATCCTATGAAACAAGTACTTTTAAAAAAATTGAGATAACAGTTG,N,no,no,N,0
chr5,63562534,63562825,CCCACAAAAACATGGCTAGCTGCTCTTGGGTCTTCTCTCCACTGGGAGCTTTCCTTCTGTTGCTCAATAAAATTCTTCTCTGACCTACTCAGTCTCCAGTGTCCATGTGCCTTATTCTTCTTGGTCCTGGGACAAGAACCTGGAGCTTGCTGAGCTGCGGGCAGCAGGAACAAACAAGCTGTAACCCTCCCATTCGTTGAGATGAGGGTGGTGGGAATGAATGAGCTGCAACTCTCCTTTCTGCCCACCAAGGTGCAGGTGATGGGAATAAAAGAGCTGTAGCACACTCCCA,N,no,no,N,0
chr15,42331145,42331642,CAGTGGTATGCCCTAAAGTGTGGATTTTGTCCTATAAGACAGAATAAACAAATTTTAGTCATTTGATACTTGTTTCTCACTGAAGAAATGGCCACTTCGTTGTTTGGAGAGTAACTTCTAAGTATTCAGTTTGCTGGGATAGTCATCTTTGGTCCTGTCTCTTTGATTTATCAAAGCCAGGGAGATACACTTCTAACACATTCCATTAACCAACTGTTCCACTTAGAAATGTGGCTTAAAATAGACCTGGCTGTTGCGTGTGGTCAGGGTCATCTATAACTGGATGCAGTTTACCAGCTAATGCAGATCTGGTTCAACTTAACAACCCTGTGGCAGGAAGGCTATTTTAAGTCCCCTGGCCTTGCATAAGCAACGGAGAGCTTAGATCCTAGTTTAAAGAATCCAGCCCTTACTATCCTGTGGACATTATTAAGCCTCCCACTCCACCCCTGAAAACCTGGCCCTGTGGCATTCTGGAAAGGGCCAAAATATTACAAT,"[[42331249, ""G"", [""T""]], [42331335, ""C"", [""T""]]]",yes,yes,C->T,2
chr11,4763077,4763447,CATCTATGTCGAAAATAAGTTAGAATAAGGAGAGTACTTGATAGAATGTGCCTTGAGAGAGATTCTGAAGACACAGAATGGTGAAGCAGGCAGTGAGAAATGATATGAAGTCTGCATCAAAGAAGCCGTATTTATGTTAAACGTTACCAGTTTGAATGGTGAAAATAGACATAAAGGCCAAAGGAGACACTGACCAATCAGGCTTGGCTGGCTGAACAAAGGGTGGCATCATAAAGGGAGATGAGAAATTTTCAGTTTTCAGTTTTGATCAAATAGAAATTAAAACAGAAAGTCATGTTGCCAGAAGTCTGAGGAAGGCATAGTCAGGTTTCTTCAATGAAAGAATATTGCCTTAATTACTTTACACCTTT,"[[4763086, ""T"", [""C""]]]",yes,no,T->C,1
chr6,87038734,87039019,TAAGTCTGCAGAGGTTTCTGCTACCTTTTGTTCAGCTATGCCCTGCCCCAGAGGTGGAGTCTTCAAAGGTATGCAGGCCTCCTTGAGCTGCAGTGGGCTCCACCCAGTTCAAGCTTCCTGGTTGCTTTGTTTACCTACTGAAGCCTCAGCAATGGCGGGCACCCCTCCCCCAGCCTCACTGCCTTGCAGTTCGATCTCAGACTGCTGGGCTAGCAATGAGCGAGGCTCCATGGGCGTGGGACCCCCCGAGTCATGCATGGGACAAAATCTCCTGGTGTGCCATTTG,"[[87038852, ""C"", [""T""]], [87038968, ""T"", [""C""]]]",yes,yes,T->C,2
chr4,171198188,171198425,TCATTTTACTTGGAAACGTAGGTCTGAAGAAGAAAATTAATCTATGTCACTGAAAAGAAAGCAGTTTATTATGAGTGAGACTACATGCAGTTTCAAGAGCTGTAGCTAGTTGTTTCATATCCTGTGCACTTTAAATACAATGTCACGTCTGACATTTCGAAAAATTTTCTCACTTAGCAGCTGGTAAAAGCAACTTTACTTAATAGTAGGTTTAGAAGAAATCCACATAGTGAGAATA,"[[171198251, ""T"", [""G""]]]",yes,no,T->G,1
chr20,36413149,36413544,TTTGTATTTTTAGTAGAGACAGTTTCACCATGTTGGCCAGGATGGTCTCGAACTCCCCACCTCAGATGATCCACCCACCTCGGGCTCCCAAAGTGTTGGGATTACAGGTATGAGCCACCGTGCCCGGCCTTATTCCAGAACTCTTTCATCACCCCTAACAGAGACCTTGTACCCATTAAGTAGTCACTCCCCATTCCTCTGTCCTCCCTAGCCTCTGGCAATTACTAATCCACTTTTTGTTCCTGTTGATTTGCTTGTTCTGGACTTTTTTTTTTTTTTTTTTTTTTGAGATGGAGTCTCACTCTGTCGCCCAGGCTGGAGTGCAGTGGCATGATCTCAGCTCACTGCAACCTCCGCCTCCTGGGTCAAGCGATTCTTCTGCCTCAGCCTCCCAAG,"[[36413257, ""C"", [""T""]]]",yes,no,C->T,1
chr7,74408606,74408878,TTTTTTTTTTTTTTTTTTTTTTTAGAGACAGGGGTCTCACTATGTTTGTTGCTCAGGCTGGTTGTAAATTCCTGGGCTCAAGCAATCCTCCCGCCTCACCCTTCCCAAAGGGCTGGGATTACAGGCATGAGTCACCATGCCCAGCCCCAAAATGTTAAACACAGAATTACCATATGACCCAGAAGTTTTACTCCTAACTATATACTCAAGATAAATTAAAGCATTTCCACAGAAAATTGTGTACACACATGTTCATAGCAGCATTATTTGTAA,N,no,no,N,0
chr1,155642635,155642894,TCTTCCCCATCCTAATAAGCCTGAAGGTACTGCAGGAGACCAGGGTGTATTTCAGTCATTATCTCAACCGCGTAAGACAGACACTCCCAAAGCAGCCGTTTATAGACCTCCCCCCAGGAATGCATTCCTTCCCCAGGATATTAATTATTAACATTCCTTGCTGGGAAAAGAATTTAGCAATATCTTCCCTACTTGCACTTCCGTTTATAGGCTCTCTGCAAGAAGAAAAATATGGCTCTATTCTGCCCGACCCTGCAGGC,"[[155642636, ""T"", [""C""]]]",yes,no,T->C,1
chr2,6789756,6790044,GGCTTCGCTGTAGCCTCTACTTCCCCTTCAGCATTGCTCTCTAGAGGGGCTGCATTGGTAGTAGCATCCTGCAGAAAAGTCAGCTCATCTAGCTGCACACGAACCAACCCGATACTCTTGCACATTAACTCAAGCCTGTAATTCCACGTTGAATTTCTCATGGCATTAGGAAAGCACTCAGGCATCTCTCCACGGAATTACAACCCTATTATGTACAATTGAGTATACATTACTCCTTATTTTCATGTCAATAGCTTGGATAAGGCTATTACTAAAGCACTGGAGTATA,"[[6789759, ""C"", [""T""]]]",yes,no,C->T,1
chr7,47965392,47965852,GTCTTCATGAAACAGATCAAAATGCACCATCTTGTTATTCACAATATCTGGGAAGAGAAAAGCCATGATTTTAGAGACCTAGTGCAGCACACACATTTTGATCTCTACTTTTTCAGAACAGCCTTCCCAGCCTGCACCTCCTGTTTTAGGCATCTGTCTTCCCTGAGGCAGCTGCAGAGACCACAGTCTCTCACTCTCACTGCCACAGCTGAGGCTACATCACGGCCCCAGCACTGGCGGCTCCCTGTGCGAGGAGAGGAAAAGTGAAGCGGCCCAAGCCCTTGGCAAAACACCCAGCAGGCTGGCTTCCTGGCAAACCACATTCACCCACATGAGCATCCTTCTGCAGCGAAGAGCAGCTCCTCACCAGTGAGTGGAGGAACTGTGCTGAGAAGAGCCAAGAGCCAGGATCCCCCAACACCTGGGGCAGGCTGTGTCACACACTGCTACATGGGATGGAT,"[[47965403, ""G"", [""A""]]]",yes,no,G->A,1
chr14,24597367,24597649,TAATAATATTTGCTTTATATCTTGGTGCTCCAGTGTTGAGTGCATATATATTTGTAATTGTTATATTCTTTTGCTGAGCTGATCCTTTTGTGATTATATAATGACCTTCTTTGTCCCTTTTTACTGTTTTTGACTTACAGTCTGTCTTATTTGATATAAGTATAGCTACACCTGCTTGCTTTTGGTTTCCATTTATGTGGAATATCTTTTTTTCATCCTTTCACTTTCAGTCTACATGTCTTTACAGGTGAAGTAAGTTTCTTGTAGGAAGGATATAGTTGGA,"[[24597452, ""C"", [""T""]]]",yes,no,C->T,1
chr8,86000224,86000710,CTATACTGCAAGTAACTGCTATTAAGTAGTCAAAGCAATATGTTACACATATTCTCATGTTTTAGAGACCATCTATGAATGGGTAAATATGCACGTTGGGTGTGTAGATAATTCAACACAGAAATTCTATTATTAATGGGAATTATGCACTGCCTTCTATATGACACCAAAAACCTACCTCTAAAAACCTAATTATTACTTACTGCCTTCTCTTTATATGAAATAGTAAAACAATCATTAATGACTCATAAGCCTCAGATTTTCACCATGAAATTCTTGTGCAATGTTACAAATGTCCCTGGACAGGTTGTGTTTTGTAGCTAATGCTAATAGAGGACAGGAGGCTATGGACAGTACATCCTTGAATTGCCTCTGAAAATAAAACTGTTCTTTTTTGTATACAAACACATCTCTATCTGAAATATACTTTTCCTTATATATCAAGAATTGACATAAAAGGGTCATTTCTGGAATACTCCATGCACAA,"[[86000232, ""G"", [""C""]]]",yes,no,G->C,1
chr22,27092203,27092458,TCCAAGGTACAGAATTCAGACTTTGGGGGCAGAGAAGATGAAATAGAAAAATACAAACACAACTGAGGAAATTCCTGGGAGCCCAGAAGGCCAGCTGGAGGCAGGGACAAGTCTGAGAAGTCCCTGCCAGCTCTCGGAGACACATCAATATCTCAATAGGATGCTTGGGCTTGGTCCCTGTGCTCAACATCTGCGTGCCCTTTGCGCATTTCCTTCGGGCTGGTGCTCAGTCTGCTCCTTTGCAAAGAGGAGATGG,"[[27092350, ""G"", [""A""]], [27092356, ""G"", [""C""]]]",yes,yes,G->A,2
chr4,49184725,49185031,TATCTGTTGGAGTTCCTGCTACTAGTTATTCTGTCTCTGTAGAAGTTGGATGCCTGGATCATATGGTCATTTTATTTTATTTTTTGTGAGGAGCCAGTTCATATTTCCACCAACAGTGTTCAAGGGTTTCAGTTTCACCTGCACTTGTTACTTTCTGTTGGGTTAGAAGTGATGTCCCATTGTGGTTTCTATTTGCATTTCTTTAATGACTAGTGATGTTACACATCTTCTCATATATCTCATGTATCTGTTGGCTATTTTTATATCATCTTTGCATCTTTGGATAAATGTTCTTTGTCCATTTTTT,N,no,no,N,0
chr19,5105771,5106055,GTTTGCAGCTTTACAGGCCGTGCATTCCCCATCTTGAATGTTCAGCCCTGCCCTTGTAGCGTGAACACAGCTGTGGATGATACATAAATGAATGGGCCTGGCTATGTGCCAATAAAACTTTATTCACAAAAACAAGTGGCAGGCCAGATGTGGCCCATGGGCCCACCTTAGAGGATATGCCTTCTCAATAAAGAGATTTAGAGAAATAAGTAGCGCAGAAGTGTTTACTCCTACAATTGAAAGAACCACAGTTATTGTTTTGATACATTTCCCTGTCTTGAGAGA,N,no,no,N,0
chr12,55018484,55018702,AGTAAGAGATTAAAGAGCTGCTGAAAATAAATAACTTCCCATGAAAACTGAAAAAAGTGTTAATTTTTATTTTCTTGTTTTCTGTGAAAAACAAGAGTCATATGACACATATCAGAATTAAAAATAACTATTTTCAAACTTAAGATACTCTTTTCAACTTTATGAGCAGTGAAACTATCTTTTGTTTCAGCCCTCTACAGTTTTCCTTGCACACAGGCA,N,no,no,N,0
chr6,69824420,69824708,CTCACACTGCTAATAAAGACATACCAAAGACTGGGTAATTTATAAAGAAAAGAGGTTTAATTGACTCACAGTTCAGTCTCCGGAAGGGGAAGCAAACACATTCTCCTTCACAAGGTGGCAGGAGAGAGAAGCGCTGAGGAAAGGGAGAAAAGCCCCTCATAAAACCATTAGATCTCGTGAGAACTCGCTCACTATCAGAAGAACAGCATGAATGTAACCACACCATGATTCAATTATCTCCCACCTGGCCCCTCCCATGGCACGTGGGTATTATGGGAACTACAATTCA,N,no,no,N,0
chr18,77512192,77512431,GCTTTTCGTTGAGTTTCCTCTCTGTTCCCCACAGCATCGGCGAATATTTATTTCTCATGAAACAACTTTCAGGCTCCTTATCCTGACCTGCAAAGCCCCCACGATCTTGTCACAGCTGTTCTAAACCCCACCTTTCACTTTTGCTTTCAGTACTCTCCACCTGACCCAGCCCTCTGCCCAGCCTTCCAAGCCACATGGGCAGGAAGCGTTGTGCTGCCCACTCCTGCTTGGTTTACTGTG,"[[77512232, ""T"", [""C""]]]",yes,no,T->C,1
chr14,21699646,21699853,GAACTCAAAGTTTCCTAGACAGAACTCAGGGGAGGGAGAAATTGAGAGCACAGACACAGCACAGAAGCCTAAGCAGGTGGGAAGGTATGAAACCTGAAAGCCCTGCTTGCTTTCTCAGCCAGGAGGCTGGTAGCCTGGGGCAAGTTCTCAGCTCTGCTCACCCTCTGCCTGGAAATAAACTTGGTCCTGCTAGCGGGGCACCAAAAGC,"[[21699749, ""C"", [""T""]]]",yes,no,C->T,1
chr12,72234874,72235203,ACTAACATTTATTAAGTCTTTGCAATGCAATAAATAATGTACTAAAAGATTTTCTATAGAGCATCTAATATAATACTGATAACTGCAGAGCTCAGAGCTATTATGGTACCTAGTTCACTGGTAAGGAAATTGGAACTCAGTGTCTGGCACAGTGCTTAGACAGTAAAACAAAAATTCAAATCCAGGTCATCTGACTCATCAGAAGAAAGTCTTCAACATATGGAACTCTTAAGTATTATGTAACACGAACTCTTGATGATGCTGGAGACAATCTCTGGAGAATCAAGCACCCTCTGGCAGAAGCGACAAATATAGAAACCATCATGTTCT,N,no,no,N,0
chr8,72604972,72605460,TGTTCTCATAACTTTATCAGCAGTCTTGCTTAGAATATTTTATTTTGTTCCTGTTGTGCTATCACTTTGGAGACAGCCAATCAACCTAAGCATGGTTCACCATGGTGTGTGCCACTCAAATATGCAATAAGAAAGTATTTGCAGCACCAGGCTAGGAGATGAAGTTAATTAATAGAAGTACGCTGTAAAAAGTCACTTGGGGAAAATGTCAGGAAGAAATGCAACGCCCCATTGCACTACAGCTGTGCTCATTACCAAGCCTGACACAGCACAGCTGGGACATGGCATTAGCAATGGGTGCCATGGAGGCCTGCTTGCTCCTTGGCAGCTGGTTATGTCTGGGCTACACTGGGGGCTCCACACTAGACATCATTAGGGGTTTGTAGTGTTGGTAGCTTTTGATTTTGTTCTTTGGGCCTATTTGTGTCATTACTACCAGTCTGAGACATGAAGATTTTTAACTACGGGGAAAACCATTGCATGGCTTTA,"[[72605032, ""G"", [""A""]]]",yes,no,G->A,1
chr13,105678102,105678389,ACTGGTTCAGGAGCTTTACTGAGGAAACAGAAAGAGGAGGCTTTTATAGAACAACATAGAAGTAAATCAGAGAAAGCATTTGGTTGGTTTCAGTTATACAGTTGCCTTATTTGATCTATCCCATCGGAAAGTCCCCCCAGTTATAGGATTATAAGTGAGTAGACTGCTTCTGACTGGTTAAGCTTAAGTTCTGTTTTGAATACAGGCATTTACAAGAAATAGCTCAAGCTGACATTCACTTATGTTTGCAAATCAAACAAGGTTGAGGTCACTTATGAGGCCTGACTA,"[[105678158, ""C"", [""T""]]]",yes,no,C->T,1
chr14,85706086,85706538,GAGTAGTTTGGGAAAATAATAACATCTCCCCTTTGCCAAGCATTGGGATTAATGTGAATGTGTGCTGTTCACAAGGAGAGGTGTAACAGAACTACAACTCACAATAGATATGCCTTGGGAGGGCTAGACTCAGACGAAAGGAGGTTGGAGACAGCTGAGAGGACAGGCTTTTGATTGACTCACTCACTCTAATGGCTTTATTTATTCTCCCTGGGTCAGTTTCTGATTATTGATTTAAGACTCATTTGAATGGAAATTGGCCTAGATTATAGAGATGGGAGGACGAGGAAATGAGACGTCAAATACTTTATTAAGTGTCAGTGAGGTACTTGACGCCCAAACTCACTGTTCTTACTTAGTTTAGCAAAATGTTCTATCTTAGTCAAATTTGATATATGTATACTTATCTCTTACATTTTAAAGACTTAAAATTTTAAAATGAAATGAATAATA,"[[85706140, ""C"", [""T""]], [85706407, ""C"", [""T""]]]",yes,yes,C->T,2
chr14,58817829,58818157,TAATTTCAGAAGCCTTTGTTACAAGAAAGCCAAATAATCGGGCTTTACAGTTTCAGAGCACTTTTCCTGTTTTAAAATGGCTTTGAGTTCAGAAGATGAATCATGTAATTTTGTAAGAATTCCTTATAATGTAGTATGAAATTATGCTCACATGCTCTGAAGTGTTTCTAAATAGCTCTGGCCACATCTTGGATATTCACTGTCTGAGAATGTATAATTTAAGAAATCATAACAAGATGGCAGAATTTCATTCTAAAGGATTTTCAAGGCATTGATCTCCACTCACTTCAATGTTGTTTAAGTTCTTTTCTAAGACAGCTCTCAGCTCC,N,no,no,N,0
chr5,144549560,144549953,AGGGTTATTAAGTTGAACCAATCAAATATGTCATATATTACACATCCCACACTTGAGAGTGCTCTGCATTAGCTGACTGAAGCGTTTAAAGGGGTTGGCCTGTTGGACAGTTCTTTGCTTCCAGAAAAGCCACAGGAATATGGAATCTCTTGTTTATATTCTGCTGAGCTCAGTGTGTTGTGTGTTTGTTCCTGGCTTCTTGCCCAACAAGCCTTGGCAAGCATATCACTTGTTTCTTGATTATTTAGCAACCGGGTATGAACTGATGCTGCTGTACTGAGGTTTTATTTTCTACATACTTGGTGTACTGGCCAGTTTCCTTCACTGTATAAACCACTTTCTATCCCTACATTTGTCGAGGACTAGCCAGGCCCACAGATATTCAGGAATGACT,"[[144549564, ""C"", [""T""]]]",yes,no,C->T,1
chr5,143757018,143757501,ATCTTAGGGCAAAATTATGTTTGAATTAGGAAATTATATGTCCTCAACTTAATATCAGTTGGAGTTTTTAGTTCAAACCAGAGGTCTCTTGTGTGTTCATAACGAAGACTTTTCTCTCTGGGATTCAGGTCCACCCTTCTTGGGTTGACATCAGTTTCTGAAAACTTACTTGGATCCTGCATACAAAGTAACTTGCATGAAATTCTCCTTTCCTGGGCACACAATCATACTGTTTAGATGCCAAGGCCTGCATCTGTTTTGAAAGCCATTTCAATTGGCTGCTCCAAATAGCTCTAGGACTTAACTTCTCTTCATGAGTCATTCTGTCTTTTCAAATCCTCCAGATTGGTTTCTTCAAGTTTCAAACTTCAACTCAACAAACATTTACTGTGGGCCTTCCATACTAGTGACTACATTAGACATAAAAGCTAGATAAAACCTTGGTCTCTGCTCTTATTCTGATCTTTCTGCCTGAGGGGAACTG,"[[143757063, ""C"", [""A""]]]",yes,no,C->A,1
chr22,44559893,44560192,ACCTGAGACCCACTCCTCAGTACAGTTTCTGTGTTAGACCACTCATGCATTGTTATAAAGAAATACATGAGACTGAATAATTCATAAAGAAAAGATAATTAATTGGCTCATGGTTCTGCAGACTGTACAACCACGGCTTCAACATCTGCTTGGCTTCTGTGAGGGCCTCTGGAATCTTACAAGCATCACAGTTGATTCCAAAACGTATGCAGAAATTGGAAAACATTGAATAGCCAAAAAAAAAAGTTCAAAAAGAAAAATAAGTTTGGAGGACTTTTACGACATAATTTCAAGACTTGC,"[[44559945, ""C"", [""T""]], [44560044, ""A"", [""G""]]]",yes,yes,A->G,2
chr1,84550847,84551220,AAGTCTGATAAACCACTGAGCTCTCCTCTGAACTGACATTTAATTTTTCATGGGTAATCGTTTCATTTTTTCTGGTTATTTTCATATGTATTCTATTATTTAAATATGAATAATGTGTCTTCTACTAGATGTTAAGTTTCCTTCCTGGCAGAGACTATGCCTTAGTTAACTTTGTTTCTCCCATGGGACCTTTTGTATAGCAGATGCTTAGTAGAGGCTTCTGGGCATGCTCTATTTGGTGAGAATTGTGTACAACTAATTACATCATAGAAATTATCTGTGAAGTACATATGTATTAAAAAGCTTTTTTGTTGAACAGAAAACAGAAGATTATACATTTTCATACAAGTACCCACAGCAAGGCAGGAAAATGA,"[[84550895, ""T"", [""C""]]]",yes,no,T->C,1
chr2,21466572,21466859,AACAAAAAACAAGATCATTTCATCTAATCAGATCATTTGTAACTATGCATTAAGCCTCACATAGAAGATGACGTTGAAATTCTTTTAAACTTCTCTAAGCCTTGTTTATATAAACAATTCCAAACTTCTGCACTTTGGAACACTGCCATTGTTTGGAATCTGTGTTTCCTGGGTTGGCTGTCCTCAACTTTGCACTTGGATAAACTCTCTTTAAAATAAATCTTACCACTTTTGATTATTTGAGGTTGATAAGGTCTCAGAACAGTGCTTGGTGCATAGTAAGAACTA,"[[21466590, ""C"", [""T""]], [21466594, ""C"", [""T""]]]",yes,yes,C->T,2
chr7,51602370,51602766,TCAGGCCTGGGGAATCATAAGCGGCCCTTTAGTCAGATTGCTGTGCACATTACAGTTCTAGATGTCCTACTGGGCACTGTGAGTGTTTTCTCTCTTTGGCTCCAATTCCTGATTCTCCCTGGCTCCATCTCAGTGCCTGCTCCTGCCCCAACAGCCACTTGCATGGGGATTGCCTGACAGCTGCCTCCCAGCATGATGCGGAGCAGAGGAGAAAGCCTCAGCTGTTCCTTGTCTTGGATAGAGCTGTACTGCTGCACAAGTTTTAATTATCATATGTGTGTTTTCCTCCCTCTAATAGTTTATAAATTCCCTTAAGGGCAGAATCCATTTATGATTCATCTCTTTATCACACCAAGTGCCCTGGATGTGCCTCATTTGGCAATAGATTTAATTTATT,N,no,no,N,0
chr13,92898977,92899386,ATTTGCAAACTATGCATCTGGCAAATGTCTAATATCCAGAATTTACAAGGAATTTAATTCAACAAGCAAAAAACAATCCCATTCAAAGGTTAGCAAAAGACCTGAACAGACACTTCTCAGAAAAAGACAGCAGCCAACTGACATGAAAAATGCTCAACATAACTAATTATCAGTGAAATGCAAATCAAAACCACAATGAGACAGCATCTCACATCAGTCAGAATGGCTATTATTAAAAAGTCAAAAAACAACAGATGCTGGCAAGGCTGCAAAGAAAAGGGAATGTTTACATTCCCACTGCTGGTGGGAATGTAAATTAGTTCAGCCACTGTGGAAAGCAGTTTGGAGATTTCTCAAAGAAATAAAAATAGAAATACCACTCTATCCAGCAATCCCATTAATGAGCATAT,N,no,no,N,0
chr13,102396896,102397241,ACCTCAGTAAATAAGCTTCCTGGATGGAGTCTAAGGCCAACTAATACTACATTGAATCCCACTCTACAGCCAAGCATGTTAGAAGAAGCAGCTTACATCTGTTTGCTGTTCCAGACGTGCAGTCTGAATTTGATGTTTTCATTTGAAATATACTCAGTGTTTAGACTTGCAGAGGTTGTGGCCCATTTGTGGCTCACCCAGCTCTACTGGAACCTAGGATGAGTCGGTAGGCTGAGAAGGAGGGGAGTAAAAAGTGCTCACTCTTCTTCCCTCTCTTCCTATTTTCTCACTTCCAAACACCATGACAGCCCTAGATGTAAAGCAAGTAGCTTTTTAAAAAAACGTA,N,no,no,N,0
chr15,49464627,49464848,TTTCTTGCAAAAATGACACCAATAAATCATTTCAGATGTTCCCATAAAAATGTTATCTTAATGTGCAGTGGTCCCAAATGACCAATAAAGTAATGGACACTATCAGGAAGAATGTAAAACACAAAACAGAACACATAGTATCTCCGTGTAAACAGTGTGGTGCATCTACATCTGGAAGACAGATGCCATTCTCCTTGCTTAGCGTTAATAAAAACTATACAG,"[[49464744, ""G"", [""A""]]]",yes,no,G->A,1
chr7,32381077,32381344,TCCATTTATCCACTTGCTGAGACCAAAAGTGTTGGTGTTATTCTTGACTTCTCTCTTTCTTTCATTCTTACCCCACATCCCTCTACCTTCAAAATACAAGCAGAAGATGACTACCTCTTGCCATTCCACCATTCTCCACTAGTCTTCTCTAGTCCAAGCCAGCACTCTCTCTAGGCTGTGCTATTGCAATAGCATCAAAGGTTGGCCCCGTTTCCCTTACCTGAAATCCCACCCCACCTGCCTTTTCACTCTGCAGCCAGAGAGACTG,"[[32381318, ""G"", [""C""]]]",yes,no,G->C,1
chr20,54889075,54889524,AATACAAGTAGAGAAGTGGCACTAATTTAGGAAGTTCTAAGAAGGCATTTTTAAGGAACTGGCATTTGAACTGAGTCCTGAACGAAGTCCTGAGGGAAGCAGTTATGCAAATATCTGGGAAAGAACATCCCAAGCAAAGGAAACCAAAGGCTGTGAAGCATGAGCAAGTATTGAGCTTCCATCACTGAGCCTAGCATATCGTGGACGATCAGGTTTGAAAGGGAGGTTGCAAACCGGCTAAGGGAGCAACTACCATCCTTGAGATGTTACTTTTCCCCTTCCCGCGTCCTCTGCTCAACTGAGAACACTCATATCTTAGGACAAAATCAGGTCTTGAATTGTGCCTGCACAGTGGTCCTAGGGGAAGTAGAGAACAATTTAGGGAATTCTAGCAAGGATACCTCCAACTTTCAACTCACAATTCTACGTATTGTCAGTTAAATTCAACTC,"[[54889355, ""A"", [""C""]]]",yes,no,A->C,1
chr21,17270137,17270561,AACCTTCTAGAATTTCTCAAACAAACCAAATTATTTCTGCAAAATCAAAGTCAATAACTGAGTCTGTTTATAAAAATCACCAATTCACAATGCAACTATTTTTTTCTTTTCATTTAACATTTTTAAATGATTTCTTGTCTTCTTTTGTGTTTTAGCTGAATTTGTGTGCAGCATATTGTTGCTCCAGCTTAAAAACCTCCTGTGTGGTAAAAGCTTGGCAGCCCTGGGGAAGGCAATGAACACGGTGAAATTCAGTGCAGTGTGGTAAGACAAGGAGAGCATGAATAATATTTGGAGATCTAGCACACCTTAGTGGAAACAATTATTATTACAACTGCTTTGAAGACATTTGAATTTTAAACTCCATTGTTTGTGAAATTCTATTTTGACTAAATAGAGGGACTTTGTTCAGGCTTTTGTTTTCT,"[[17270193, ""C"", [""A""]], [17270310, ""C"", [""T""]], [17270348, ""T"", [""A""]], [17270558, ""G"", [""T""]]]",yes,yes,T->A,4
chr8,69101523,69101758,TCCCAAGTTCTCTCTTGAAAAATTATAAAAACTCCAGATATACTACAACAAACAAGTATAGAAAGACATTGAAAAGTGAAAAGACAATAGACTGCCTAGGGACCTCAGGACTTGAGGAGCAACACAGTGGTGAGTCACCTCAGTTTTCCTAATTGCCTCCTATATATCCTAGACAGAACACTGCAGAAGCCTTCAACTGCAAACTGCCAACAGACACTCAAAACAACACACAAGAT,"[[69101528, ""G"", [""A""]]]",yes,no,G->A,1
chr9,70998981,70999366,ACCAAGCATGGTTCTAGCAAACCCCCTATTTCTGCTTAGCTGATAATCACTACCTTCTTTAAGCTCCTTGGTTCCTTTCAATTTTACCTCAAGATGAGTTTCTCATTTTTCTTCAGTTCCAGTTGCCTTTCATAGAAGAGAGCACACTGGGATGAAAGCACACAGCAAAGATGAGTCAGATTATCTGGCCTACCCCCTACAGGGCCTCACTAGAAAAGAAAGAACTGTGAAGGCTAGTAATATACTGTCTATCCATCCGAAGTAGATCATAGGTGTGCTTTTAACTGAACTGATTTCTCCAGTCTGGTGAATGGGGTGGTTTCTGGACATCCACAATTTCTTGTTCAACCTCCTTCAGGTAGTAACTCAGGCCAGAATTTAGCATC,N,no,no,N,0
chr12,51817139,51817520,TCTCCCTGATGCTCACGCTGCCTCCTGTATGTGTGCAGTGAGCCATAGCAGGGAGCCTGGGTGCACTACTCCCCTGTGCTCTTGCGCATGCTCAGCAATCTTGCCTAGAGTATTCAAGGACCTAGGAGCTGTGGGTCCAAATCTCTCACGGACATCTCTACAGAGCTTGTTCAGCAAGTGTTCCTAGGTTGTTCAGTCTCCCAGTTTACGATGAGCTGTCACAGATAGAGTTAGGGGACTGATGGATGGGGGGATGGTAGACAAAGGACACCACGTCACCTGAGACATTGGAACTTGGCCGTCTCCACACCCCGCCCTCTGTCCACTTTATCTCCACTGAGAATGGAATACAAGTATAACCCTAGCTCTATTCAATGAAGGC,"[[51817288, ""T"", [""G""]], [51817459, ""A"", [""G""]]]",yes,yes,A->G,2
chr5,19790859,19791123,TTGAGATACATTTCAGATGAGGAGCTGACAAGACTCACTGACAGAGTGGGTTTAGGGAGAGGTGAGCATGAAGGAGGTGTCAAGAACGATTCTCAGGTGTGTTACTTGAACACCTGCTGGATGGAAGGGTAATTACTGAAAAGAAGAGGCTGTGGGGAAACCAGATATGAGTCACTGGGAAGAGACTTAGAGTCCAGTTTTGTTCAGGTTAATTTTGAGATTGCAGCAAAGCCTCCAAGTATGTATACTGTCTATCTTAACTACA,"[[19790898, ""A"", [""G""]]]",yes,no,A->G,1
chr20,58621959,58622280,TGTTGTTCCAACAGCCCTGCATCCTCTTCTTCCGGTGGCAGTGCGCTGGTTTTTCTTTAGGGACCACCCTTCCCCAGCTTTCAACCCATGATGTCTGCGTGAAGCTCATGACCCAGAGCTGATTAGAGCATTCTATCCTCTGGCCACTAGGGCTGACTTAGAGATGGGCACATGAGCCGGTGAGTTAAGAAGATGCGATCATGGCTTTGGGAAGGACTGTAGGGAAACAAGCTTTTTCTGTGGGAAGGCCGACTGGGGTGGCTGCAAGTCGGGACCCATCATGATCCCCCATACAGGGGGAGCCTGCCTAGGAATGAAGCCA,"[[58621983, ""C"", [""T""]]]",yes,no,C->T,1
chr12,132776132,132776458,CCTGTGCCCAGCACCTCATACACAGGTACCTGCAGCAGCTGCTGTAGCCCCTCCAGCTCCTTCCTCCCTGCTGCTCCCGCCTGTGTCCAGCACCTCATACACAGGTACCTGCAGCAGCTGCTGTAGCCCCTCCAGCTCCTTCCTGCCCTGCTGCTCCCGCCTGTGCCCAGCGCCTCAGATACAGGTACCTGCAGCAGCTGCTGTAGCCCCTCCAGCTCCTTCCTCCCTGCTGCTCCCGCCTGTACCCAGAGCCTCACACAGGTACCCGCAGCAGCTGCTGTAGCCCCTCCAGCTCCTTCCTCCCTGCTGCTCCCGCCTGTACCCAGC,"[[132776138, ""T"", [""C""]]]",yes,no,T->C,1
chr4,54255879,54256326,CTTCCAAAGTCAGTGATGGAACAAATTGAGTCCTATTAGGCCCACTCCATTGCATGAGTTAGCATCAGAGGAGGTCAAACTAGAGTGACTTCATCTTGAATATGGGCTAGGTAAGAAGAGGATGAGGCCTGCTGGCCTGCATTCCCAGGAGGTTAGGCATTTGTAGTCACAGGATGAGATAGGAGTTGGGTAGGAATGGTTTCATAAAGACCACAGGATGCAAGCTGGGTGTGGTGCCTTATGCCTGTAATCCCAGTACTTTGGGAGGCCAACGCAGGAGGATTGCTTAATCCTAGGAGTTCAAGACCAGCTTGGGCAACATAGTGAGACCTCATCTCTACAGATAATTTTTATTTTATTTTATTTTATTTTTTTGTGATGGAGTCTTGCTCTGCCACCCAGGCTGGCGTGCAGTGGCATGACCTTGGCTCACTGCAACTTCTACCTC,"[[54256014, ""G"", [""C""]], [54256275, ""G"", [""A""]]]",yes,yes,G->A,2
chr8,28056808,28057127,TGTAAACAAACATTAAGATGCAGTATTAAATCATAACTGCATAAAATTAACTGTAGTACATACTATACTACTGTAATAACTTCAGAGCCACCTCCTGTTGCTGGTGTGGTGAGCTCAAGTGTTGCAAATATCCACTTAAAGCACCAAACACCATGTGATACTAATGATCTCCATGTGAACAACTGCTCCAGTAAATTGCGTATGGCAATAAAAAGTGAGCTCTTGCAGTTCTCATGTATTTTTCAGCCTGTTTAGAGCAATACCCTAAATCTTGAATAACACCATCGGACCCATGTGAAGTCCAGTGATCCTGGAGGGGC,"[[28056950, ""G"", [""A""]]]",yes,no,G->A,1
chr17,64941794,64942115,CTTCTATAAAATCCCCAACAAATAGAATATACAGAGAATGACAGTGTAGGATTTCTGAGGATAAGTCATAAAAGTTAATACAGCTCACTGTCTCTATTGAAGCTTGTTGTGGAATTTAGTACCAGGTATAAGGAAGCCAATGCCATGCAGAAAGTCAGCATGTAAGTCTTCCAACAGATAGCATCAGCTAACATCTAAGCCAATGGCTGGCATCAACTTCCAGATTTGTGAGTAAGCAATCTTTAGACAATTCTAGCAACAAGTCTTTGCAATACCCCCCCAATGACCATGATCAGAGCAAAATCAAAATAAAATTGCTGCT,N,no,no,N,0
chr8,41471779,41472074,GTGAGCTGAGATCATGCCATTGCACTCCAGCCTGGGCAACAAGAGTGAAACTCTGTCTCAAAGGAACAAAAACAAAAGCAAAACCTCATGTCTCGTTTGCTATTTCTGGGTCTCTTCTTCAGCCTCTTGAACCTGGAGCCTTCTCTCTTGAGGTTAATAGGAGTTCGGCAGGACACCTTTAAACTAGTATTTGGTAGAGTAACTCATTTTCCCTGTACTGAATTCAGAGCCATTTCATTTTATCACTCGAGCCAGATTCTTGGCTAGGCATTAACTAAAACTGCATAGTTTCATTA,"[[41471841, ""A"", [""G""]]]",yes,no,A->G,1
chrX,95040127,95040390,ACACTAAAACCCTGGGGGGGGGGGATATAGATGTTCTTTTCACTATTTTGTGATAATTGAAAAACAGTAAAAATAGTATTATAGAAGGCTAGATCGTGAGGTGAAGAAGAGAAAGTGTAAATGAAAGAGACAAATGAAAGTAAATTTATTGCAGGAAGTGAAACTGACAATCTGAACCTGGGTAAGGAAGCCACCAAATACTACCTACCTACTCATGTTAGCCACTGTGCTTGGCATTTTCAAAAGTTCTAGTCAACTAGCACA,N,no,no,N,0
chr4,63493595,63493839,CAAGTTCTTATTGCTCTCCTGTCCCTCTCCTAGCACTTGTTATTTGAAATTCATTACTTTGGCTGAGGGGCTTAATGGGGCCCCTGTATGTGGCTTGGTTTGAATCTTTGTGGTTGTAATAAAGTTATCCTTCCCATGGTATCACCACTTCTATAGTCTAGACAGTGGAGACTTCCTTTTCCTGTCTCTCCCCTGCCTGTCCTACTTGGGGTCAGCACTTAAACTCACAATTCCTTCCTGAATTG,"[[63493624, ""T"", [""C""]]]",yes,no,T->C,1
chr2,56100882,56101154,CAAAAAGCCCAGAATTATGTTGAGACACCTGCATGTTTTGATTGTGATTTCCTAGCTGACATTTCTGACAGAAGCCAAGACAGCAAAAGGGATTTGTAGATAATCAAGCTGGACACTGGCATCTACCCAGAAAGCTGACATCATTTCATCAAGTGTTTCTTTACTATGACTTGTAAGTTTTCTATTCCTACTCTGTTTCAATTCCTGAGCTTGTGGGCTTTCTGTGAAGTCACTGTTTCTAATTTTTGCAGGTTTAAGCCCATGCACTTGCAC,N,no,no,N,0
chr18,11736687,11736971,CCCCAGTTGTGTTAGAAGAGAAACAGGACAGCTAAATGCTGTGTGATCCTGGGCCAGCCCCTGGAAGAAGGATGGGGAGATTGCTACAAAGGACACTTGGTTCTGTTAGCAGACTTTGTATATGGATGGTTGATTAGTCAGTAGGACTGTAGCAACATTTGTAGTTATGTAAGAGAATCTCAGCCTTAGGAAATACCTATGGACAAGGGCATACTGGTTCCAGCTTACTTTCAAATGGTTCAGGGGAAAAAAATGTGTAAATACGAATATGAAAACATACAGATA,N,no,no,N,0
chr11,103824001,103824487,TGTCTTTATAAATTCCCCAGCCTTGGGTATTTCTTCATTGCAGCATGAGAGCGAACTAATACATGTATTCTTCCTTTTATTCTTGGAGCAGTATTGTTCAGACAGTGTGATAACCAAGGGATCATACAGCATTGTACAGTCAGTTGAACTTTTGGCTGTGGAAGTGCATGAAACCCCTGCCTTGTCAGGAATCAGTATTCTCATGTAGAAAGCAGTAGTCATATGATAGATGTTATTCTCAAGTAGCATGGAAGACAGAGGCTATCAGTAAAAACTGCATACTAGAAAAACACAAAAAAATTGTTTATGACCAGGTAGAGGAAACATCTGTGGATTTACAATACAGACAAAGAAACTAGAGAAAGTTTCGATTTGGATGGCAGGGGGAGGAGGTTCAAAGTTCTACATCAAGCAGGTTGGAATAGTGAAATAATGAAATACATGTATTCATGTCAAGGTGTTATTTGTTGTACCAAGAGTCTATTGG,"[[103824051, ""A"", [""G""]]]",yes,no,A->G,1
chr4,77451617,77451947,ATGTGTTAGGTGTGCTGCATATTCTCAATACCCATGAAAACCAATTTTACTGGTGTTGATTATGACAAATGGCCTGGCCCTGTAGCCAGGAGTTGCATGACCACTTCACAAGTCAGCAGGCAACATCTGAGTTGCAGCTTTCTGATAATAAAGCAGCTTCCTTGGCTACTCAGTTCTGTGGTGTGGCTCTGGGAGCCATGCCTGGACACATGCTGGAGGCTTTTTCTTCCCTCAGTTCTGTAAACCATTTGACAGGCTTTTAAGTTTCTTCCTATTTTTATGAGCTGGAGTAGACTCTGTGCTGGAACTCTGAATGGATACAGTATTGTTA,"[[77451634, ""T"", [""C""]], [77451891, ""C"", [""T""]], [77451902, ""G"", [""T""]]]",yes,yes,G->T,3
chr3,96363008,96363250,TGAAACCAATAAGTAGAACCCCATTGCCACAGTGTGTTTGCTATAAAATATGTTCTGTGGTCAGAAGCAATAGTGTGTGAAACATCATGATTGTAAGAAAGACATTTTAGTGATTTACAGGTGGTGCTTTGGAAAGAAGCATTGTGTGTAAGAAAGGCAAATCTATTTACCTATGTGGAAGGTCAATTCCACGACCTTCAAAATGTTTCTATGTGATTAATTTGCCACTAGGTTGCACCAGGA,"[[96363232, ""T"", [""C""]]]",yes,no,T->C,1
chr14,43371119,43371349,AAACCCATCTGTACATCACCATCATCAAAGACCAAAAGTAGATAAAACCACAAAGATGGGGAAAAAACAGAACAGAAAAACTGGAAACTCTAAAAAGAAGAGCGCCTCTCCTCCAAAGGAACGCAGTTCCTCACCAGCAACGGAACAAAGCTGGATGGAGAATGATTTTGACGAGCTGAGAGAAGAAGGCTTCAGACGATCAAATTACTCTGAGCTACGGGAGGATATTCA,"[[43371216, ""C"", [""A""]]]",yes,no,C->A,1
chr10,106655678,106655981,CATTAAAAACCATTCTGAAACCATTTTATTTCCTGTATGAAAATGGCATCACATTAGCCCTACCAGACCTGTCCCTGAAATTTAGAAGAAAATTGTGCCGTAATACAGAGTTCATTTACTCAAGTAAGCACACACCTGCTTTTTGCATTACAGAATGGTTCTATTTTCATCCCAGCAGCTGTCCCTGGGTCTGAGTTACATAAATGAATAATGCATTTAATATGTTATTAAATGGGGCTGCTACCTCCGTAATAACAAGGCAACTTATGATTATGTTGGACCTGCGCTCTGAATATTACTGGGA,N,no,no,N,0
chr9,38287378,38287828,TGAGTGAGCCTGTGTGGCATGCATTGTGGGCCCTTGCCACTGCCAGCTTCACCTTCCTTAGTGTGGAGGATCCCCAGGTGTGGGAGGGTTCAAATGAAAGGCAAAGCTGAGGATGGGAAGCTGAGTGCCTTGGAACTGCATGGCTTGCTCAGGGGTTTGGTGCATGGCAGTGACCATCTCTGAAGAACATGAATAACCTGCTTGAAGACCAGCGCAGCCTGACTCATGGGGCTCCCCCTTCCTATCTGCCCATCAGCAAGCACAGGCAGCAGTCAGGCAAGACAATACCCAGAGATGAGCTGGCCTGGCCTGGCCCCACTGAAATCTTGCCACCTGCAGGCATGTGTTGGGGGAAACTGCCCACATCACCCTGCTTGAGGAGGGAAAGAGCCCAGGTCCTCTACAATTCACTCAGCAAACATTCAATAGGCACTGACTGTGTGCCCAGTCC,"[[38287425, ""C"", [""T""]]]",yes,no,C->T,1
chr17,10633854,10634117,GAGAGAGGCTAAAACGTAACCCGTCAGATGGTGAACACTTTCTGCATGTGCATTAACACACATGTGTGCAGGAAACTGAGTGATGAAGCCACACCCACGCCAGCATGCTCTCGAGCAATAGAGCATGAAAGGAGGAGGTTTCAGAGGGTTTCGAATAGCTTACGCTCTAAGTTCTTATTTTCCCGTTTCACAGTTTCAAGTTGATCTAAGGCTTCCTCGTAGGCATTTTTCAGTTTGAAGAGCTCAGTGCTCAAGGAGCGGGAC,N,no,no,N,0
chr16,80287675,80288117,TAGTATTTGACTGTAAAAATAATTTTAAAAAACTTGACACATGTCACAGTGTGGATGAACCTTGAAGATATTATACTAAGTGAGATAACCCAGCCACAAAAAGTAGTATATTGTATGATTCCATTTATATGAAATGTCCAGAATAGGCAGACCACAGAAATGTAGACTAGATTCGTGGCCTCCAGAAGCTAGGGGAAGAGAGAATGAGGAGTGGCTGTGAAGGGATAAGGAATTTCTCTTTGGGGTGATAAAAATGTTCTGGAATTAGACAGTGGTGATGGTTATACACCATGTGAATATGCTATTTAAAAATCACTGAATTGTGTACTTTAAAATGATAAATCTGAGTACAAAGGGTTTTAGGGCAGTGGACATACCCTGTTTGATACTGCATTGGGGGATAGATGCCATGACACTTTTGTCCACATACACAGAACATGTGG,"[[80287725, ""A"", [""G""]]]",yes,no,A->G,1
chr19,11460148,11460562,TGTCCCCAGGTTCAGGTTGTTCTCGACACCTGTTCTTCACATGCACATCCAACCCACTCTAAATCCTGTAGGCTCTACCTTCCTCCTTATCCAGAATCCACACACTTCACCCCACTGCCACTGTCCCGCCCTGGCCCAGCCTTCACTACTGATCACCTGGACCAGTGCAGCAGCCTCCACCCTGGCCCCCCCTGCTCCCATCCCCCACTGTCTGTCCCCCCTACGGCAGCCAGAGGGCGCCTGTGAACACCTGAGCCAGGTCGCATCCCCCCTCTGCTCAGAACCCTCTATGGCTCCCACCTTCCTCAGCAGAAAAGCCAAAGTCCTTTCCTTGGACCGCAAAACCCTGCACATTCTTCCCCATGACATCCTTGCCCTCATCTCCCCCTACTTCCTGCCCCAATTACTGTGTTCC,"[[11460275, ""A"", [""G""]]]",yes,no,A->G,1
chr19,35033629,35033963,ACAACCACTCGGGTGACTACGAGTGCCACGTCTACCGCCTGCTCTTCTTCGAAAACTACGAGCACAACACCAGCGTCGTCAAGAAGATCCACATTGAGGTAGTGGACAAAGGTGAGTCGGGTGCTGCCTGCCCCTTTACCGTCACCCACCGGAGAGCCAGATGGAGGGACAGATGGCAGGCAGTGGACAGGACAGGCTGGCTCTGTGCCTGGCCAGCCAACCGCCCACAGCAGCGGGCTGAGGGGGAGGGGAGCAGCCCCTCCTGCCCACTCCAGCTCTGGCCTCTGTTTCTCTCCAGCCCACGGAGAGGTCAAAGCATGCCTGTCCCCCACAGA,"[[35033642, ""C"", [""T""]]]",yes,no,C->T,1
chr11,76717908,76718187,GATAAATGACTGCCTGAATGGCCCACCATCAGCATCCACATCCGTCACCACCTCCAGGCACTGCTGTCTTCTTAACACCAAGAAACGGGCATCCCCAGGAGACCCAAGTTCACTGAGTCCTGTAAGCCAAGCCAGGCCAGCAGCTGCATCCCCCACCACTAACTCTCTTCAGAATCACAGCAATGACTACAGAAAATCTTCCCCTCTCTCCCACTCTCCCATGCTCCCAACACTTTCCCCTTCTGATCTTTGTCATTTGCTAGAGAGATGCAGAGCCAGG,"[[76718055, ""G"", [""A""]]]",yes,no,G->A,1
chr1,2689461,2689895,GGTGAGCATCGGAGAGTCTGGAGCAGCGCCCACACCCCCAGGCGAGCATCTGACAGCCTGGAGCAGTGCCCAGAGCCCCAGGTGAGCATCTGACAGCATGGTTCAGAACCCATAGCCCAAGGTGAGCATCTGACAACCTGGAGCAGCACCCATACCCCCAGGCGAGCATCTGAACTCACGGAGCAGCACCCACACCCCAAGGCGAGCATCCGACAGCCTGGAGCAGCAGCCACACCCCCAGGTGCGCATGTGATGGTCTGGAGCAGCACCCACACCCACAGGTGAGCATCTGACAGCCTGGAACAGAAACCCCACCCTCAGGTGAGCATCTGACAGACTGGAACAGCACCCACATGCCCAGGTGAGCCTCTGACAGCCTGGAACAGCACCCTGCACCCCCAGGTGAGCATCTGACAGCCTGGAACAGCACGCAAA,N,no,no,N,0
chr8,61745132,61745492,CCTTATTTTTAAATTCTTTTTACTTTTGTTCAGTTAAGATAAGGTAACTGCTGTAACAAAGGGACCCAAAAATCCAGGGGCTTCAAGAAAAAAGATTTTTTTTTTCTTTCTCATGTTAACAACTCCAAGGCAGATGCTCTAGCTTCATGATTCAGCTCTGCTCCATGTGGTCACTTCACAATCCAGGCATTTTCTGTTTTAGAGCTCCACAATTCCCTAAAGTATTGTCATCTTCTGCATGGTTAAGGTTTGATTACTTTGGATTCCAGCAAACATAAAGGAGGAAAGTAGGATATTGAGGAGGCAGCCCACAAGTGACAAATATAACTTCAACTTGTGAGAACTTTGTCACATGGCCACA,"[[61745364, ""A"", [""T""]], [61745478, ""C"", [""T""]]]",yes,yes,A->T,2
chr11,22497517,22497765,CACGTTACTCACAGGCTGGCACTGCACGGTATCAAAGAGCAGAAACCCTTGCAGAAGTATTGACCTTACCTCCAAATGGCTACCGGTGTTTTGTTCAGGCATAAATCAAATCTGGAAAGAGGTTCCCTAGAGAACTCAGCTACCAGCTATGCAGCAGCAAGTCACTGGGGTAAAGAAAGCATGGGAGCAAGCTATTAGTTATTATGGACTGCGAGACTGAACAGCTCACAATGTCAGGGATGGTTTGGG,"[[22497520, ""A"", [""G""]], [22497603, ""G"", [""T""]]]",yes,yes,G->T,2
chr10,130359241,130359615,GGCTGGAGCTGCTCGGGATGCTCCAGGCTCACAGGTAGGAGCATCCCTCTCATCCTTCAATCCTCCCGTGTGGTCTCAGCATCTGGGCCAAACTCCTCCCAGCCCCTTCAGCTGAATCCTTCCCCAGTGGTCACACTGGGCAGGAACAGAACGGCCTCTGTCTTCATCACTTCCGTCTCCAAGCACCTTGCCCGCCCAGCGTGTTCTAGCTGCCGACTGAGACACGCCCACTTATTCTACCAATTCAGCGCACTCCATTTCCGCTCAGAAACCAAAACTTAGTGGAGAGCCCCAGCGGCCGTGGTTCCCAGAAGACTCTCCCATAAGATGCACCGCCGTCCGTGTAGCTTGGCCTAACAATATGCCTGTTTTTAG,"[[130359258, ""G"", [""A""]], [130359548, ""G"", [""C""]], [130359578, ""A"", [""G""]]]",yes,yes,A->G,3
chr18,8932918,8933179,TAAGAAATAAGCCTTTGAAATCCTTAAAATACCCAAGGCATCAGAATTTGCAGGACATGGACCAGACCAGGATACTGGGACTTCTCTTTGGTGTGGAAGACCAGTACAAACAAAAAAGATGTAGTCACCCAACAGGTTCTTCCTGCTACTGCACAGACAAAGCCAGTTCACTGAGTCCATGGTATTGCAGCAAAGAAAGAGTTTAACTTGAGGCCAGCCACATGGGAGAACTCAAGTCAGTCTCCCCACAGATTCAGAAGCT,"[[8932947, ""C"", [""T""]]]",yes,no,C->T,1
chr10,86849183,86849460,TTCCTTTCTTCTTTAGGAAAAATCGTAATTGGTAAGATAAACCAAATATAAAACTATATAGTAATGCTGTTTTTCAGTCTTACTGATCTCACTCTATTCCTTATCTTTACCATGCTTTTCTGACTTTGTGCTTTTGCCTCTGGATTTCCCAGTCTGGAATGCCTCTCTCACATCCTAGTATGTTGAAATCTGTCCATTATTCAAGTGTGAGCTTAGATGCCAACACTTTGATGAAGGCTTATCTGATCCCATTGTCTAGAATTAATCTTCTCTTCCCA,"[[86849190, ""G"", [""C""]], [86849437, ""C"", [""T""]]]",yes,yes,G->C,2
chr9,90459740,90459948,CTTGTTGATTCATTACTCATTTTGTAAGAGTCTATAAGAAGATATAGGCCTGAGTCTTTTTGAGTGAGGCTAAAGCTCCCAAAGAAAGAGTAGGCCGTAAAGAGGAGAGAGAGAGGCAGGGAAAATGCTGTGTGTCCACTATCATTTCTACAGATCACTGCAGAGCTATAATTATCTATAATACTGAAAGCTTCAGAAGGAGAAATTTC,N,no,no,N,0
chr4,15762341,15762831,AGTAAAAACATAATTTTCTCTAGGTAGTATGATTATGGGTGTTTTTCATAAGCTTATTTGTAATTGTTTATATTTTATTACATTTAAAGTTCATTTCATTTAAAAATATTTAATTAAAAATAAAGATTGAATATATTCAAAGCATACAAGCTTACAACAATCAAATGAACACATCCATCACCATCCATGTTGTATATTAGATTCTCTGAACTTATAACTGAAAGTTTGTACTTTTTGACCATTTCACCATTTCTGCTAACCCCAACTTCCTGACAATCAGCATTCTACTCTCTGCTATGAGTTTGGTTTATATTAGATTATCTGAACTTATAACTGAAAGTTTGTACTTTTTGACCATTTCTCCATTTCTGCTAACTCCAACTTCCTGACAATCAGCATTCTACTCTCTGCTATGAGTTTGGTTTTCTCAGAGTCCACATATAAGTGCAATCATATAGTATTTGTCTTTCTGTGTCAGGCTTATTTCACGT,"[[15762524, ""C"", [""T""]], [15762717, ""C"", [""T""]], [15762830, ""T"", [""G""]]]",yes,yes,C->T,3
chr17,74772173,74772394,CTGGGGCCTGCCCACTCCCCGCATTGTCTGCTCACACTTTCTTACCGTAAGACAGCATCGCGAGAACGGCCTCAGTGCCAAGGCCCTTACCCCTGCAGCTGGGCTCTAGGAGAGACAACAGGAGCGGCGCTGACGCCGTGTGCCAGGCTCCAGTGCGGGCACTTGGCAGACACCATCTCATTTAATTCTCAACAACTCTGAAGTTGCTACTATCATTACCAT,"[[74772189, ""T"", [""C""]]]",yes,no,T->C,1
chr9,31780812,31781109,TGTGGCTTTTCCAGGTGGATGGTCCAAGCTGTCAGTGGATCTGCCATTCTGGGGTCTGGAGGATGGTAGCCCTCTTCTCACAGCTCCACTAGGCAGTGTCTCAATGGGGACTCCATGTGGGGGCTCCAATCCCTCATTTTCCTTCCTCATTGCCCTAGCAGATAGTCTTCATGAGGGCTCCACTCATGCTGCAAACTTCTGCCTGGACATCCAGGCATTTTCATACATCCTCTGAAATCTAGGCAGAGGTTTTCAAACTTCAATTCTTGACTCCTGTGCACCTATAGGCACAACACCA,"[[31780972, ""C"", [""G""]], [31781084, ""T"", [""C""]]]",yes,yes,T->C,2
chr18,70227577,70227785,CGCTTGGCTGCCTTGCAATAATTAAACACTTTCTCTGCCACAACACCGCTGTCTCAGTGCATTGGCTTTATCTGTGCAGTGGGCAAGAAGCACCAGGCTGGGCAATTACATTATTTCTAGGAACTTCTAAGACTGCAGGTTGCAGTAACTGAGTCTAATTAAGTTTTGGTTTAAAGACATAAACATACACAATGATTGTACCAGCAGTA,N,no,no,N,0
chr7,86846102,86846347,AGATTTCTTTGCATACCTTTCTCATTCTTTGTCAACACTGTAAACAAATCCAGGTGAGTAAGCGCCCAAATACAAATCAGTGCCTCATCTATATCTTCCCAGAAAGCTAAGTTCCACTGAAAAACAAACAAAACAAAACTCTGAATCCTTTGACTGTCATCTTGGAATGAATCTAAGTTTGGAATAAGAAACTACAGCTGGGGATTAATCCTTCAAGGGCCCAGCTGTTGCCATTCTTCCTTAACA,"[[86846147, ""C"", [""A""]]]",yes,no,C->A,1
chr12,9805213,9805534,TATTTCTTACAATTCTGGAGGCTCAGAAGCCCAAAATCAAGCTGCTAGCAGGCTCAATGTCCAGTAAAGGCCTGGTCTCTGCTTCCAAGATGACACATTGACACCTTGTGTGTCCCTTCTGTCTCACGTGACAGAAGGGACAAAAGGGCAAGAGGGATGGAAGGGCCCAAAGGACCCAAGCTAATTCCCTCCAGCCCTTTTAATAAGGTCACCAATCATGAGAGCAGAGCCCTTTTGGACTAATCACCTCCAAAAGGTCCCACCTTTTAATACTATTGCGTTGATGATTATATTTCAACATGAATTTTGAAGGGAGCACAGA,"[[9805316, ""T"", [""C""]]]",yes,no,T->C,1
chr2,236623940,236624288,AAAAGGGTGAGCCACCACACTCGGCCAGTAGGGGTTATTTTAAAGTCTGACTCTTAGATACAGAAAAGCCACTGGTAAAGAATGGTCAGGCAGCAAAGAGTTGCTTTAGCAACGGGTAGGCTGAAAATGCCTTGGAGGAGTCAGGCCGCTGTAAATAGAGTGAGACTGGACAAGGGCGTGACTGTACGGAGACCTGAGACGGAAATAGCCAACCACGTCAAGGCTGTGGAAGATGCTCAGGCCACATCCCCTCTAGAGCATGGCCTCGAGTCCTAGGCTGGGCTTCAAGAGGGGTGGGGGCAGGCTCTGGGTGTTCAGTGTTCAAGCTGATGGGCCGTGTTGGTCAGAG,"[[236623960, ""C"", [""T""]]]",yes,no,C->T,1
chr2,180505241,180505617,TTGCTTAAAAATAGACCATCTCAAGGCATGTCAATGTTAATTTCCTCCATCAATTAGGCTTTCTATCTCTTAGGATAAAAAGAAAGTAAATATTGCCTTACTGAAAATGGAGCAAGCTTTCATTTATAGTCAGATGATTAACTTCCAACATGACTAATGCATGAAAAGTGGAAGACCTAATGCTGTTTTGGCTATGTTAGAGCATTTCAGTTTATGAGAGGGAAAGAAGCAGAATAAACTGACATTATGTGGTTAGTGATTTCCATGAATATCACTGTGTAATAAGGACCAAGAGATAAATGAAATCTATGTGCATTTATGCATTCAAAATTATTATCTTTTTCCTAACAGAAGCAACTGCTTTTATGAGATGACCA,"[[180505372, ""G"", [""A""]], [180505593, ""G"", [""A""]]]",yes,yes,G->A,2
chr11,4283626,4283963,GTAGAAAGAAGTAGACATAGGAAACTCCATTTTGTTCTGTACTAAGAAAAATTCTTCTGCCTTGGGATGATGTTAATCTATAACCTTACCCCCAACCCCGTGCTCTCTGAAACATGTGCTGTGTCCACTCAAGGTTAAATGGATTAAGGGCCGTGCAAGATGTGCTTTGTTAAACAGATGCTTGAAGGCAGCATGCTCATTAAGAGTCATCACCACTCCCTAATCTCAAGTACCCAGGGACACAAACACTGTGGAAGGCCACAGGGTCCTCTGCCTAGGAAAACCAGAGACCCTTGTTCACATGTTTATCTGCTGACCTTCCCTCCACTATTGTCCTA,N,no,no,N,0
chr5,109242632,109242956,CACACAGGCTCCTGAATTTCTTTTCATTCATTCAAGAAAAAAGAAAGATATAACCAAAGATGTGGTTTGTTGCTAGAATGCCTGTGGTTTTCTTTTTTAACCAGAAGGTAGTCATTTTCCAATCTCCTGTTTAAGAAGAGACAGAGGGCCTTCCTCTAAACAAGAATTACCAGAGCTGTGTGCCTTGTGACACATTTGCGCTGTCTAAAAACAGTACTGACTTATTCTTTTTAAGGGAAACTGCTTTTTAATCATAAAAGTAACAGTATAGATAGAACATGGGGAAAATGGTTAAAAGAAAAATATGAAATATGTATTATCTATA,"[[109242758, ""T"", [""C""]], [109242830, ""G"", [""C""]]]",yes,yes,T->C,2
chr3,186461152,186461530,TTTTAGCTTCACAACTCATTATTAAACATGCCATTTAAATGTTTAGGATTGTTGTAAATTTGGGGAAAACTTAACAGAATATCTTTCCTGTATGACTGCAAGCCTTCTGCAGCTATCTCCTTAAACACTCTTTGACTTGAGAATGACTCATTGATTCATTGACCAGTTAGTCATCCCCGTTCTCATTGTGGAGATACATGAGGAGTTGTGTGTTATCCTCAGAAGAGCCAGTTTCATATTGAGACAGTAGGAAATGTAAATCTTTCTCCAGTGTGTTCATATGATTCACTTCTCTTCATTAACTGGACTATTAAATGATCTGGGAGTCTATTCACTATTATTCTATTGGAAAGTTATCTCTTCCTTTTACTGAATTACT,N,no,no,N,0
chr4,143963714,143963938,CTGGAGCCTGTAGTGTTTGAAACTTATTAGCTCTGTTGCCTCTGGCTACAGAAATCAAAAAGGAGTTTTTCAAGTTGCATTCAGAAAAGCAGTCTGTTTTTCTGACCTGCAGTGTTGCTAGTAATTGTAAGCCAGGTGTTACTCTTGGAAAATGATAGTACTCATTATTTTAAAATAGTGTGGTGTGGAGGGCCAACTGTAAGACCTGGAGCTGTTTGCTGTTTA,N,no,no,N,0
chr5,164237519,164237962,TTAGTGAGTTATGAAGGCTTGAATTTTCTGATAACTTTTTTTAACTGGTCATTCTAAATAAATCAGTTAGAAATATGTCAAGGAAAAAAGCAAGCATATGGTAAAAAAGTTGGCTTCTTTCCTTCATTTCTTACAACCTGAGTCAGAGCACAAGGAAAAGCAGAAAGAGGCATATTCCCATACAAATTAAAAGATTCAGACTGAGGTTAGACAGAGAGCCCAATATTCTATCATTTTCCAAATGATGGAATATCATTCTCCATTTCTTATCAGTAGTGGTCATAGGAAACAAAGCAATTCTGGGCTTCAGGACCTTCAAAAATTAGCTCCTCCTTAAAAACAATGAGAACACTTGTAAAATTTTTCAAAGCAAATTTTTTCAGAACTCTGGAAATTAATCAAAGGTTTCAAACAACCCGAGGAGCATTTACTCAAGAAAAAGTA,N,no,no,N,0
chr13,95391286,95391768,AATTTTTGTATTTTTAGTAGAGATGGGGTTTCACCATGTTGGCCAGGATGGTCTCGATCTCTTGACCTTGTGATCCACCCACCTCAGCCTCCCAAAGTGCTGGGATTACAGGCATGAGCTACTGTGCCTGGGTACCCACAGGGACAATTCTTGGGCCTCATTGAGATGTCTCTTCATTAATCCATCATCTCATTCTACAGTGTCCAGCCAGGATTTTGCAACCCAGAGTTATAATCACTCCCTGGCAAACACTCTCAACTTCCTCTCTTTCCCTCTGGAAGAAAAACCCAATTCTACGTAACAGCAACTCCACTGTGTCCACGCCTGCAGATGAACTTTAATGAAAAATTCACCCATCTGGGCAGACTGATCTTATTTAGAAACACAGTCATAAACTTTACATGGGCTTTAAGTAGCCAGAAATTGTACAATGCTTCACTAATAAGTTCACTCTCCCACTCCCTAAAGTAATTCTCTCAGGCC,N,no,no,N,0
chr2,21966201,21966535,TGCAAGTGGAAAAAGAAGGTCAAGTAAAACAGCATTTCATCTGAACAATGGTTAGGGATCCGTTCTTTTACTAATCCATCCATTACGTCATTTTTTTAAGTGTTTTATTAAGCAACCTTTGTTTTAGGAACTGAGCAAGCAGCAGGAACAAGGCAGATAAAGTCCCTCAGCTCATAGTGTCCAGCGAATAAAGAAAGAATGTATCTGGTCGTCTCATTCCCCAGGAATTAATGAGGAAGCACCAGATGTCACTAGAATGGGAATGTCTTTGGGGAAAAGGCAAAATTGTTGGCTTCTCTGAGGGCACTTTCATTTTTCTACTTGTGTACTTGTTT,"[[21966206, ""C"", [""G""]], [21966368, ""G"", [""C""]]]",yes,yes,C->G,2
chr2,221916071,221916288,ACAATAGCAGGATAAAGGAAATGGCAGCATGATGACCAGGTTCTTGCCATCCCTAATGTTGCAATCAGTGAGGGTCAAGACAGGGAGTTCCGTAGGAGAAGTTTAACAGGGAGAGCTAGTTACACACATGTTGGAAAAGCTGAAAGAGAAAACAGGGAAAGTGGGACAACCCCCAGATTTACCACTGCAGGAAGCCACACCACCCCATAGTGCCGAAG,N,no,no,N,0
chr3,47485921,47486180,CAGAACTGCAGCACATTACCCATGGTCCCCTATATGTAATGTGAGTGAGGAATGTGCTGTCCGTTTTAAGCCAACTGGGATTTGAGGGCTGTTTGTTACTACAGGAGAGCTTTAAGTGGTTACGAGTCAGGATCGTAACCTCAATAGATGTAAACACCATAAAATTCACCCATTGTCCAGTGTATATTTCAGTGACTTTCAGTAAATGTATGGTGAAACTATCATCACAATCTTCTTTTAGAACATTTTCATCACCCCCT,"[[47486032, ""G"", [""T""]]]",yes,no,G->T,1
chr1,11063947,11064289,CTCTGCCTCAAAAAACAAACAAACCAACCAACAAACAAACAGAAAAACATTGTCACACAGACAAAACCAATATGGAAAACTTCCAAAGAAAGGGTGCGGCATCACTTTAACGGGTGAGCACAGCGGCCCTGGCAGCCTCCAGGCTCTAGGTGGCACTGGATTCTTTCTGACAAGTCCTCACCTGGGCTGTCAGAGACCTCCGCTTTGAGCTGCGCTGCCATAGAGCTCTCTGGAAGTCCCTTGCTCCTCAGGGTCCAGTCCGAATGCGCCTTTCACGAGGCCTCTCAGGCCATCCTCAGGAGAAAATAATTTCTCACTTTGGCCAGGCGTCGTGGCTCACGCC,"[[11063975, ""A"", [""C""]], [11064127, ""T"", [""C""]]]",yes,yes,A->C,2
chr2,192228769,192229030,AAAGTATTCTCCTTGAGGCATTGACTCCTCTGTGTTTCCAGATTGTAAGTGAATGGATGTTAAGGAATTCAGGCAGAATGTCTCATGCCTCAGCATCAATAGGGAAGCCACTGCCTGAAGCAGGATGCAAGAGATACATGAGTAGTTCTTGGGTGATGTGTCTGAGTAAAGTTAGTCAGAGCCCATGTGCAGTTACTTTATGTAGCAGAAGCTGGGGAGGAACAGGTATTTGAAAGACCAGACAGGTGAGGCTGAGAGATTC,N,no,no,N,0
chr8,51767490,51767737,GATTTCCTTAAACACCTTGAACCAATCAGTCTCCCATGCTTTGTTCAGGGGCTGTATATGTATGTGTCCTGAGGCATGCCTTCAACACTCTGAAAGCTTACTACTATGCCTTAGTCTTCACTTCCTGTTTTGCAGGGCCTCAAAGGTCACCTACAGATACTCTTTTCAAATCTTCACTGCATATTTGCATGGTCTTCTAGATCCCCTGGAATATGTCAGATAAACATGTTTTAAAAGCCTGCTACAGG,"[[51767664, ""T"", [""C""]]]",yes,no,T->C,1
chr5,155406835,155407124,AGTGACATGCCTTAAGGTAATAAAAACCATCTAAGAGAAACCGACAGCCAACGTTATACTGAATGGGGAGAAGTTGAAAGCATTCCCCCTGAGAACTGGAACAAGACAAGAATGCCCACTATCACCACTTCTATTTGACACAGTACTGGAAGTCCTAGCCAGAGGACAAGAGAAAGAAATAAAGGGCATCCAAATCAGTAAAGAGGAAGTGAAACTGTCGCTGTTTGCTGATGACATGATTGTATACCTAGAAAACCCTAAAGACTCATCTTAAAAGCTCCTAAAACTGG,"[[155406842, ""C"", [""T""]]]",yes,no,C->T,1
chr4,108982827,108983246,TTTTGTGATGTCCATCTGAGCCCTGAACAAGGGACTATATGTGCCCATGATCAGTCTTAAATCAAAAGCAGCTGCCATAAGGAAGCAATTAGTGGGTCTAGCACTAAAGAACATTTAGAAAAACCAAACATTAAAAAAGGACTCTCAAAAGTAAGACTGATGTAGCTCAATGGAGTTAAAGGCTTATAAAACAGCAGGAATCAGGGACGCTCTCTCTGGTTTTCTTTTCTAACACAATACAAATTAAATACAGTCAAATTACCGCTCCTGCCAATCAAAACGAAGGGAACCCTTCTACCTAGCATCATTCCTTGCCTCACATGTTTTAAGAAATTGCTAAAACTTCTTTGTTTAACTTTGATTTTTTTTTAACTTATTTTTAAGAGGTCAAATAAAATGAACTCCATGGTGAAAGACTTG,N,no,no,N,0
chr20,7728428,7728740,AATGGGTCTAAGTTAAACATATCTTCCATTTGGTATCTGAACATCAAATGCTGTCCCATTGTAGGTGTACTGATTCACACTCTCACTGCCATGGGGCAGAAGTGCCTTTCCACCATATGCTCCAACCAAAATGACCATGAGTCATTTTCATTTTAGCCCTTCTGTGTGTCACAATGTCTCACTGTGGTTTTACTTTGCACTTCTCTGATTACTAATGATGTTAAGGCACACTTTCATACATTCATAGACCATTAGGATATTTTGTTTTGCGAGGTTTATTGTCAATTTTCTGCTAGGTTGTGGCTCTTTTTCC,"[[7728524, ""T"", [""C""]], [7728697, ""T"", [""C""]]]",yes,yes,T->C,2
chr20,29475518,29475740,CCGAGATTCTTTAAAAATTCTTGCTCTGTCCTATAGTAGAGACTGATAGACTCATGGATATTGTCCTCTAATGGATCTGTACCACCTCAGTTCTCTGATTGTCACCCTCCCGTAGTGAAAATTAAAGCTTATTTTCATTTCATGTCTAGCATGTAGTATGTTCTTGTTGGGAAAAAAATGATGTTTCTTGCAAAATAAGTGCCTTCAGTATCACTGTGTGTCA,"[[29475621, ""G"", [""A""]], [29475667, ""G"", [""C""]], [29475708, ""A"", [""C""]], [29475709, ""G"", [""A""]]]",yes,yes,G->A,4
chr12,113478647,113478979,CGCAGCAGCCCGGCTGAACACCGCGAGCCAAGGGGCTGGGGGGCGGGGACGGTGCCCACCCCCCGGGCCCCCACTCTTCCCCCAGGCGCCCACCGCCGCGGACCCCGGGAGGGAGGAGGGGTCCGGGGAAAGCGACCCCAGCTCCTTCCTCCCAAGGCGAGTATGTTTACCCTGCTGGGCACCCTTCCGCTCCGCGGGGACCACTGCGGGATCGCGCTCTCTAAAACTCCTCTCAACTGCCCCGCAGTGCGCGGCGGCCTTTTCCGCCAGGTTTTTTGGGGAGGGGGAAGGGGAGGACAGAGTGCTTCCCCTTCGAAAAAATTCCAAGGGATG,"[[113478711, ""A"", [""G""]]]",yes,no,A->G,1
chr20,61935197,61935498,AGGAGGTTTAGCAACACTTAGACCTCAGCCTAGGTCAGAATCTCACTTTAAAGGAATTGATTTAAACAGAAGATAACCCAGGTAGTGATTCAACAGAAAGACAGAAAGGTTTCCCCAAAGCAGATGGTGTTCTGGGCCACAGATGAAATTCCTACAACTGCCTACGCCGAAGCTGCTCTGACAACATGACGCTTACCGTCTATGACATAATAAAAACGTAAAGATCCCCAAACGTTTGCCCTGCCCAGTCTATAATTAATTTAGAGCCCACTGTTTGTTAGCCAGGCGCGGTGGCTCAGGCC,"[[61935279, ""C"", [""T""]], [61935359, ""C"", [""T""]], [61935364, ""A"", [""C""]]]",yes,yes,C->T,3
chr12,72470,72690,GCCTAAGCATATCTCAGTGGCCCTGGGCACAGGGCAATGGCAGCTTAGTAAGGAGTTCTTAGTAAGAGGCCCTGGGGACACTCTCACTGCACCCAGCAGACTCTCAGAGGTGAGGCCATCTGGCAGGGTTTCCAAGGCTGGGACCACTGTAGCAACTTGCTCCTCTGCTTCTGGAAAAGCACAAAGTGCAGGTTCCCACAGAGGCTCCAAAGGGCTGCTTA,N,no,no,N,0
chr2,185012706,185012996,TCTCCATTTTCTTCCTTTTCACCCAATAAAACCCTGCTTAACTCACCCTTTAAACCATCAGTAAGCCTAAATTTTGTGGCCATGGGACGGACAAAAACCCCATCTTCAGCTGAACTAAGGAAAAGTCCTGCAACATTTTTGGCGCCCAACATGGGGCTGGAAAAACAGTGAGTAAAATGGGTACTCAAAACCTCTCACTGCTGCTCCTAAGCATTTTTATTCTCACACTTCTGAGTGTGAGGGAAACATGCCCCTAAACCCCGGGGCTCCTGGGGGTCTGGGAAAAAGCCC,N,no,no,N,0
chr12,46843817,46844172,AGCCCCTGCATCTTCCTCTTCCTCCTTTTTGCTCTGCTGCTTCCTCCTCCTGCCATAAAAGCCTCTCCTACATGTTAATGGTAAGAAATTAGTCGAGCACAGAAGACAGAAAGGAGTTGGGGCCTGGCATTTCCTGCGTTAGCAGTATCCAAGCCCAAAGACTCCAATGTGAGTTTCTCAACTGCTGGACTCATGCCTGGGCTATGATTTAGTACTGGGGATAGCAATCTTTTTCTGTATACTTCTTTAGGACAGCTACCAAGGAGTATTGACTCTCAATCCTATGGTTTTGGAGGCAAATATTGCTTTTAGGCAAATATTATTTTAACTCTATGTGGAATAGGAAGAGAGGCCGG,"[[46843855, ""C"", [""G""]]]",yes,no,C->G,1
chr9,128183684,128184146,GCCGGCAACAGCGTATAGCTTAGGATTTTATAGCATTGTTCTACCCTAGTTATGTTTCCTATACTTTTGTTTGTTTGTTTGTTTGTTTGTTTGTTTGTTTGAAATGGAGTCTCACTCTGTCGCCCAGGCTGGAGTGCAATGGCACGATCTTGGCTCACTGCAGCCTCTGTCTTCCAGGTTCAAGTGATTCTCCTACTTCAGCCTTCCTGAGTAGCTGGAATTACAGGCACCCGCCACTAGGGCCCAGCTAATTTTTGTATTTTTAGTAGAGACGGGGTTTCACCATGTTGGCCAGGCTGGTCTTGGACTCCTGACCTCAAATGATCTGCCCTCCTCAGCCTCCCAAAGTGTTGGGATTACAGGCGTGAGCCACTGCAACCAGCAATTTCTTATACTTCTATGAATGGCAATTAACTTAGATAGTTTTTAGAATGTCAGGTTATGATATGATGTTTCCTTTCCA,"[[128184061, ""C"", [""A""]]]",yes,no,C->A,1
chr2,126359567,126359818,TTTGAAAGCCTGAGATGATTGATTCTCATTTGTTACTAATTGTGTCTGTATCTGAGACTAATGTCCCCATCTGCAAAATGGGAATGACAGCAGCCATTTGCAGGACTTTGTTAAGATTAGAATTGCTATACGTGAAGGATCCAGCAGAGGGCTAGACACACTGGAGTCATGCAGAAAGTGGCAGCTTTAGTCCAGAATACAGAGGTCTGTATTCATGGGATATTAGAAGTAAACCCTGGGCTCATCAATTCC,"[[126359697, ""T"", [""C""]]]",yes,no,T->C,1
chr2,144993732,144994050,ACCCTGTCTCTACTAAAAATACAAAAAAATTGCCAGGCATGGTGGCGTACACCTGTAATCCCAGCTACTCAGGAGGCTGAGGCAGGAGAATTGTTTGAACCCGGAAGGCAGAGGTTGCAGTGAGCCGAGATCATGTCACTGCACTCCAGCCTGGGCGATGGAATGAGACTCCGTCTCAAAAAAAAAAAAAAAAGTCCCGAGGGATTACGTGGCTGTTGATGGGAAAAGATCAAGAGGAGGAAGCTGGAGTATTTTGGGTACTTCTAAAGGGGAGATGGAGACCATCTGGAGAGGAGGATGCTCAGGAGTGAGTGCCAGG,N,no,no,N,0
chrX,131582815,131583151,TATATCTAGAAAACCCCATTGTCTCAGCCCAAAATCTCCTTAAGCTGATAAGCAACTTCAGCAAACTCTCAGGATACAAAATCAATGTACAAAAATCACAAGCATTCTTATACACCAACAGAAGACAAACAGAGAGCCAAATCATGAGTGAACTCCCATTCACAATTGCTTCAAAGAGAATAAAATACCTAGGATGTGAAGGACCTCTTCAAGGAGAACTACAAACCACTGCTCAAGGAAATAAAAGAGGATACAAACAAATGGAAGAACATTCCATGCTCATGGGTAGGCAGAATCAATATCATGAAAATGGCCATACTGCCCAAGGTAATTTACA,N,no,no,N,0
chr1,54894298,54894685,CATCCACTAGTCTCCTTTTCCAGATTGCCAAAATGTTTAGTTCTCAGGGCTTTCTAGATAAGAAAAACAAGTGAATGTCCCAGACTGACCAGTCATAGTGATCCAAAGGCAGTCAGCAGAAATCAGTGTCATTACCATTTCTATCCTTGGTGCTGTGGCAGGCCAGAGTGTTTTCACCCTTTATGATCATTCTCAAGAGCAGTTCTTGCTGTTCCTTTGTGACTACAACCTTCTTTGTGGTCAGGTCAGTGACAAACTTTCTGACCAATGTTCTTGAGTCAACACTCATTCATTTAAGAAAGCAATCAGTAAATCATTGAGTATTAAACATCTTCAGAGTAGTCATAATGTTCCTTCGTATTAGCTTGTATCCCCTGTTATTTATTGG,"[[54894305, ""C"", [""T""]]]",yes,no,C->T,1
chr5,91423858,91424212,AGCCTGGGCAACATAGCAAGACCCCCATTTCAAAAATAAATAAATAAATAGAATAAGGAAAAAAATGTGTTCGTTATGCAAACAGTCCAAGACAAAGAAGCCCCAGCTTCCAGCCAGTTCACTGATATCCCTTTATACAATGACATTCTATAGTTGCCTTTTTTTTTTCACTGCTCCTTGCAGAGCAGGGCTACCCTATGGGCAGTGTGCCCAGTGTAGTATGCAGTTGCTTTTTAAGATTGCATCACTTAAACTTCACAGTTAATTTAAGTATGCAAATTAACACAGTGCACTTGAAAAACTTTGTGATATAGTCATTCTTTTTTTTTTTTTTTTTTTTTTTGAGACTGAGTCT,"[[91423929, ""T"", [""C""]]]",yes,no,T->C,1
chr9,112198830,112199062,CTACTGTATACAAGATAGAGACTTGACACTTCCTGAACTGCCTGTCCTTTAAGGCCTGCCCTGATGTGGCTCCACCCCTGTTTTGGGCTTCATCTCATGTCATTCCTAGCATCACACTTTATGCTCCTTCAACTGGCAATACTTCAATGTGAGTCCTCTGCTCACACCACACTGTTTTTTTTTGTTTTTTTTTTTTTTTTTTAGACTGAGTCTTGCTCTATCATCCAGGCTGG,"[[112198837, ""G"", [""A""]], [112198874, ""C"", [""T""]], [112199018, ""G"", [""T""]], [112199046, ""C"", [""T""]]]",yes,yes,G->T,4
chr6,150286918,150287253,GATTATATAACATCCATGACATACAGAGAAAGGCTTTGGGTTCCTGAGAAAGAAAGAAGCTCAGAAATAGACCATTTCTAGGGTAACACAAATCAGGATACAGATTCTAGTCTCACATATGGGGTGATCTCAGCTGCCAGAGGACACTTAGCAGCTAGGGAAGCACAAACAAAGGAAGTCATTCCCATAGTCAGGGCCCCTACTGGAAGCTCAGAGAGTCAGGGGTTGCCTGGCAACAGCAGAGTCTTCCTGTCTTTTCATTCACCCCTGTCAAGAGCATAAGATATCTCTTTCTTTTTTCTTCTGGACCTTCATTTTTCACCTAATTTCACCTGG,"[[150287002, ""G"", [""A""]], [150287251, ""C"", [""T""]]]",yes,yes,G->A,2
chr14,97781411,97781712,GGCTGTTGTGAAGATCGAATGAGCTGAGGACTCTAAGGCCCTGAGCTTCCTGGAATGTAATCAATACTCAGCGAATGCCAATCACTCTCAGTACATATGGGGCCCTATTAGTGGGTTGGGCTTTTTCCTATGAATTTATATGGCCTCCTTAGACAATAAAGACATTGCTCTTTTTAAAACAGTGATATTAATCAGTTATGATTGCTTTGTGTCTCAATAATAATTGGAGTCTACCATTCTGAGTCCAAACAGGAAAGCAGAAAACACTTTGAATCTTCATAATAGAAGAGACTTAACACAGA,"[[97781426, ""T"", [""C""]]]",yes,no,T->C,1
chr16,19937993,19938229,TAGGATGTAAGCTCCACACTCTTGTTAAGGTTGCCAGTGATCCCAGTTGCCGAAATGCAGCAGACACTTTTCATTCTATAATCTGCTTGATCTTGCATGAAAAACCTGCCGCACCAGCTCTGGGCCCTTGGGTGTCCACCTGCCTGGCTGGCCACCTGCCTTCAGTGAGCAGGGACCTTGCTTCCTGAGAGACCAACTGATTCGTTTGGAGGAAGACTTTGAAGACATTGCTCAGTT,"[[19938043, ""T"", [""C""]]]",yes,no,T->C,1
chr3,21392520,21392897,GGTATTATTGTCTTGATTTTACAGGCAATTGATATTTTCACAGGTGTTAAACATTTTGTTCAGAGTTACATGACCTGGAAGTGGCAGAATCAGGATTTTAATACACATTAGCTTGTTCCCAAAGCCAGTGTAGAGTGGAAAGGATCATTCAAAGCCAATTAATAATTTACTACAAATGCAGTCATCTTTTATCTAGAATTCTTGGAGGGTTATTCATCAACTTGTAAATAGTTCCAGATTCCTGCCTTTCAAGGCATCTACTCTGTTATTAAAAATAAGAGGAAGAATAGCTACAATTTATGTAATGTTTGTAATGTTTCAGGCACGTTCCTAAGCCCAGAATATGATCAATCATTATAATTATGGGCTCTGGAGCCA,"[[21392521, ""A"", [""G""]]]",yes,no,A->G,1
chr8,40336353,40336625,CCTGGGCATGGTGCTTGGATCCTCTGCAAAAGCTGGATTCTGGCATTGGCTGTCATGGGTTCATTCTTAACGCACTTTGCATAATGATCAGTATGATCAATAACCAGCAGTTAACAGGAATTTCCTAGGACACTCCATTTCACTCATGTTTCATCACATAGGTCCTCATATAGAAAATGCCAATCTTTTTCCATGCCATTCCAGATTTTTGAACAGGAGTAAACCCTATAAAATTATTTCCTCTGACACTTTACTTTGTAGATGACTAAACCA,"[[40336382, ""G"", [""A""]]]",yes,no,G->A,1
chr1,148586467,148586817,TGCCTAAGGTGAGACGGTAGAGAAAATTTAAGAGTGGAAAGGGTTGAGTGATCCGCTCAAATATTGCAACAGAGATTTCTGAGACAATGTCCTCAAGGAGACCTCGAAGCAGAAGGTCAGCACATGTGGAAAGGAATGTCTGTGGCCAAGAGAAAGAATAGAAAATGGTTTACAGGCTTCCTCTGTATCAGAGAGGGCTCTTGCAAGATCCTCGATGATGTTCCATTCATCTTTCTCTTCTGTAAACAAAAGTAGGTGTCTTCCTAATTCCATTTCAAAAAGACATCCTTTCAGTTCCTCACTCTGGCCATGGACATTTCCATGTGAAAATACACATAGTGCATCTTGCGG,N,no,no,N,0
chr4,121597217,121597714,TAAAAGACTATATACAGGCATTACACCTGTAAAAAACAATTCCATGTAAATAATAAATATAAACCCCATAATTTGGTTTATATCTTTATCCACCTATCAAATTCCATGACCATTCCCTTAATTTACATTTTTACCAGTTTGGTCAGGATTCATAGTTGGAGGCAGTAGAATCTTCTTTACCTGATTGATGCAAGAGGAATTACTAAGTGATATGACTAGTTCACAGAATTGTTAAGAGAGCTGAGAAAACAGACTATGATGACTTCATTAACCACAACACAGAATTAGGCCTCTCAAGGAGTTTCTACCTTTACCCTGCCTCTGCCCCTGTGGATTTGTGGCTGAATCAGTGGGCTGGTATTAGTGCTGTTCCTATGACGATGGTTCTAGCTCCAGAATTACATCATCTCTTCCACCCTTTTCCAACAAAATGTAGCCCCACGTCTGCCTCTCTCCCTTGTAACTCAGTTCCATATCAGTTTTGTGTAAGTGCAGCTG,"[[121597274, ""C"", [""T""]], [121597378, ""A"", [""G""]]]",yes,yes,A->G,2
chr6,130150937,130151363,CCCGACCTCAAGTGATCTGCCTGCCTCAGCCTCCCAAAGTGTTGGGATTACAGGTGTGAGCCACCACACCTAGCCTGAATTCTTATTAGCAACACTGTGTGAAGTCTCGGCTCTCAGCCAAGGATCCCCAGGGGATCCGTGTGTAGACTTCGGCCCAGCCCACTTTCCTCCAGTGCCTGTTCTACAAAGGCCAGCTGCTTCATCATTCCTCAACTTTAATCTCTTCCTGTGCAGCTCCATGAGACCTCCGCATGCTGCTTGCCTCCCACCATTCTGTACAGTGAGCTAGAAAGTAACCCATGCACAAAACTGAGGCACATCTTATGTCTTTCCGTTACCAAGGATCAGGGTCCTGCATTGCCTGTACCTTAATGCCTGAGTGCAGTTGCCTCATACATATTTTTTTTTTCCAGCTTTATCCATGTTA,"[[130150991, ""C"", [""T""]], [130151117, ""C"", [""T""]]]",yes,yes,C->T,2
chr2,236309568,236309942,TACTGGAAATGGCAAATAGCTTATTTCCTGTTAGCAAATAAATATACTCATCCACAAAATGACACGTCTCCATCTTTATATTTAGAATAAGAGATTTCTGACACGCATGGGTCATCCTAGAGCATGTTCTTAACCTGGAATTGATGGAGAGCAGTGCTTGCAAGTCTCCACTTGAGGGCACTGTGACCCCAGTGTTGTGTTGGTGTCCCTTTCAACTGGACCCCGGGCAGGTGCCCGATGGTCCACCTCCTCATCCAGCTCTCACCGTGCTCCTGGAGGACGGAGGGATGTTTCCAGCCTCACCAAGGAGGGAGGCCTTGAGCTGAGTGACTGGCATCTCTGCTTGGGCACCCTTGGCCACCGGAGGAGCAATCT,"[[236309581, ""G"", [""A""]], [236309806, ""C"", [""T""]]]",yes,yes,G->A,2
chr9,14389186,14389449,CCTGTTAATATTCACTGAGAACTTTCCTTCTGACACAACCACTTATCTTTTCCTGGTGCTCATGATTCTTTTGTTTTCTAGAATCACATGTTTCTCCTCTCCCATTTAAGTTGTTGTTCATCCCTCCCCCTTTCTCCTCCCACCTTTCTGAGTCCATCCCAACAAGCAATTCATCCAAGCACCACAAATTTAAGCTCTGAGTCATTCATATGCATTGCTTTTGAACATATTAAATAGATCCATATGCTTATCTATACTAAGATA,"[[14389218, ""T"", [""A""]]]",yes,no,T->A,1
chr3,95265103,95265418,CCAAACTTTCTTTTTAAAAAAAACGTTTTTAAAAATAATTTTTGTGCTACTGCAAAAGAGGTTTGGTCAATGGGATCTACTCAGTGAGACATAGCCCAGGTGCATTTTTGCTCTAATGCAACACATCCAGCCCATCTGTTGTTGTCTCTTTAGGCGACGTGGATAACATCTGTTTTACTTGTTTGTTGACATACATCAGCATTTGGAATGTGGTTGCAAAAATAGAAATCTGCACATTCATCATTCAATTGATCCTTGAAGAATAGCTTGCTTTCTTCCTTAGCTTATTTGAGAGATTTTAAAGTCTTGTGTTACA,"[[95265118, ""T"", [""A""]]]",yes,no,T->A,1
chr12,109934064,109934280,CCTCTCTGAGCAGGGAATATAACTGCAAGAATATTGAAGAAGTTATTCAATGACAGTAAAAATGATTCGGAGGCAAAGAGGACTCAAGTGCTAGAACAGATTCTGTTTACATTCCCTTCATGAAGGGGCTAGGGCTGCAGTCAGCCGTGCATCCCACACCACCAGAGGGCACATGGTTATAAAGCAGGACTCTCATTGCTTCCTAAAAGTTCAATCT,N,no,no,N,0
chr2,142407183,142407457,CATGAAATACCTGCTTCTGGAAAACAAGACTAAAACAACTACAGATTATTTATGAATACAAACAGTCTTCTCATCAGGAAGTGCTTCAAGACCTTCATTTCTCTGTGCTCACCACTTCAAAGCTATTTTGTCATAAACTCAAATCAGCTCCACACATTGCAGGATACACCTTGAAGTCAACCAGCCAGGCCATGACTAAAAATACTGCAAATGCCCTCCCATTACCTTCTCTTCTGAGATACAAGACTCTGTTAAGATGGTGTTCTTCCTTACTG,"[[142407207, ""T"", [""C""]]]",yes,no,T->C,1
chr13,91426977,91427306,TTGGCAGCATCCATGTGGTATTGGACCCGTGGATGGGAAGTCAGTGGGAACCTTGGCCTAGATTTCAGGAGCTGTATGGAAATGCCTGGATGTCCAGGCAGAAGTTTGCTGCAGAAATGGAGCCCTCGTGGAGAACCTCTGCTAGGACAGTGCAGAAGGAAAATGTGGACTTGGAGCCCCCACACAGAGTCTCCACTGGGGCAGTGCCTAGTGCAGCTGTGAGAAGAGGGCTGCAGTCTTCTAGACCCTGGAATGGTAGATCCACTGACAACTTGCACCATGAGCCTGGAGAAGTCACAGACACTCAATGCCAGCCTGTGAAAGCAGCCA,"[[91427145, ""G"", [""A""]], [91427180, ""C"", [""G""]]]",yes,yes,C->G,2
chr2,176860505,176860754,TTTATGCTTCCAGACTGGCACCAGCATTATCATGTAAAGAAATCATGACTAAAGAAAGATGATTCACTTTTAAACTTCCTCTTAGCATGAATATCTTTGAGGAAGTCACAGGTTATCCGTTTCCATAGGTATGGGGTTTCTACAGTGGGCTGACAAAACCCAAGCTGACTGCAGCACTCACAAAGGGAGAGACCCGTTTGAAATCCCAATGGGCAGGTACACAATCCTTCTCTTCCCCTCCACTTCTGCT,"[[176860623, ""A"", [""G""]], [176860661, ""C"", [""A""]]]",yes,yes,A->G,2
chr5,169691445,169691821,ATGTGCTCTGTGCTAAGCACTGGCCATACAGCAGTGAGTGCTTTCATGGTGCAGTGGGGTTAAATTCAGATAATAAAATGCATGCACAAATAAACAAGAGCAATGTCAGAAAGCAATCCAAGCAATGCAGATAATTAAAACAGGGTGATGTGATGGTATGTGACTGGAAGTTACTTTCAACTGGGTGTTGAGGTGACGTTTAAATTAGAGATGAGATAAGACTTGGCAAGCATGTGTCTTGCTGGCCTTATTTCCTCCCTCTCTGGATGTTAGCTCTTCCTGGTCTCCTATGTTGGGGGAAGGCTTCCAGATCTTTGAGCCTCTCTGAGCCTCTCTGAGCCTGGCATGTGGGTCCAGCTGACTGTTGACTTTCCCTA,N,no,no,N,0
chr1,165538530,165538758,CACCCAGCTGCCTCTGATATTTAGACTAATCTGAGGACACCAGGAAGAGGTGGGGGAGGGATGCCTTTGCCACATCTGTCATCATGGAGGATCCTGTGGTAAAGTGTTCAAATGGCAGCATGTCTGGCAACAAAAGCGAAAGCATAGATCCAAAAGCTGACCACTCAGCTTTTCTTTAACTTGGTATCACTGGAACAATGGCCAAGTCTTAAAGGTAACTTTCTCAGTG,"[[165538562, ""A"", [""G""]], [165538634, ""A"", [""T""]], [165538672, ""T"", [""C""]]]",yes,yes,A->G,3
chr5,56044776,56045069,CAAGTGACCCTCCCACCTTGGCCTCCTAAAGTGCTGGGATTACAGGAGTGAGCCACCTCACCTGGCCATAACACAATTCTTTAAGCATCTAAGGGATTTAAGTATCATTTCAGGGTTTTGTGGTCACAAGAGTTTTAAAATCTCCATCCCTGACAGGTGAGTCAAAAACTACTCTCATTCATGGCACCCTGAACCACATAAAAATAACAATGTAAACCATACATCATTTGGGGATTGCTGGTTCCCTCAGATTTAGACGACGTTTCTTGAAACCTCCCCCATCCCATGCTCAGT,"[[56044802, ""C"", [""T""]]]",yes,no,C->T,1
chr9,71857143,71857484,TGAAACCATGGGATTTTCCTTTCAGCTGTTCCTTTGTTGTTTGTCTTGCCTTCACCCTTTCTAGTTTAAACATCAAAATGAAAACACAAAGGCAGCATGTTTGGGGACAATAGAATACATTTGGACTGAAAGTGTCATGAGAATGAGGCTGTACTGGACAGGACAAAAGGTGCACTTGCTCTCATTTGCTGTGGTTCACCAGGTGTGCCAGCTTCCTGGAGAACCATCACTTTAAGGTACTACAGGCCAAAGAAAAGAAATGGGCCAACTTTAATCAGAGTTCCACAGACTCAAGTGTTCACTGCTAATTCACTTATAAATTGGCACATTATCAAAAATAAA,"[[71857197, ""T"", [""C""]]]",yes,no,T->C,1
chr7,21140626,21141093,CTTCCCATTTTGCTGTTCGAAGATAGGACTCCACGTCGTGGAACTCCAAGTCAAAGAATCACATCCAGTGGAATCTGGGAGGCCTTCTTTCTTCCTACTTGCTTTTAAAGCAAACTCAAAAGACATGGCTGTTTGGTGACTGTTCTGTTACTCACAGGTTTCCTGGCTGCATTGGGGTGGTTGATGAACTAGCCCCACAGGTTTATTATATCCACACTGAGTAGTGTCATTATAAGGAAGTGCCTGTCACAATTTCCATTACACTCTCCTGTTTTAAGGGACCTAACATACAGCCATAAAATTTACTTTTGACTGAAACTTGGCATGTCTCAATCCAGTGCCTACTCACTACTTTTCATAAACAGCATAAAATTATATTATGCTCCCCAAATGCTAGTTCACTCACAATATTTTTATGTACAGAAGAACAAAGATGCTACTTCTCTATCTCAGAATGTTCATTCATTG,"[[21140633, ""C"", [""T""]]]",yes,no,C->T,1
chr4,137139298,137139655,CAAATGAAAGAAGATATTCACGCAACCAACACAAAGACTAAAACAAGAATTAAGGTGCAATCATGTAGAACAAGGCAACAGAAGATGGAGTAAACCAGGACAAAACAAATAAAGAACATCAGGAACCAAATGTGAAATCTGACTCCAAAGATACATGCAACTAGAGAGTGATATTAATCTTGGTGTGTGTGCGTGTGTTTATTTGTTTGTTTTTTGAGACAGAGTTTCACTCGTCACCCAGGCTGGAGTACAGTGACACAATCTCAGCTCACTGCAACCTCCGCCTCCCGAGTTCAAACTATTCTCCTGCTTCAACCTCCTGAAGTAGCTGGAATTACAGGCACCCACCACCACGCCT,"[[137139319, ""A"", [""G""]], [137139479, ""T"", [""G""]]]",yes,yes,A->G,2
chrX,153434864,153435251,CTTGCACTGCTCACTCACCTAATTTTGTGCTTACTTAGTAGTTCCAGGGCGCTAATCTTGAGACAAACCAAGCATGGAAATCTAGCTGTGAAATTCCAGGCGGTCAGTCTACAACCCAGCCATCGTAGAGATGATGCCAGCCCGTGCTCCCAGTGGACCATGACTCAAGATAGCCAAGGGAACAAGGCACACAGACCTTGTGCCCAGTGCCCCGCCTGCATGTCTCCCATTCCAAGCTCCCTTTTACTCCTCTCGCCCACATAAAGCTTGAGATGGTTCCTCTGAGGCTTGAGCCTGGCCAGCCCGGCCATTCTCCCACCTGCTAGCACTCGAGTAAAAGCTGCTTTCGGCCAGGAGTGGTGGCTCACGCCTGTAATCACAGCACTTT,N,no,no,N,0
chr1,215045897,215046292,TGCAGTAATTACTCTGTTGAAGAATTCACCACTAGCAAAACACAGACACATAGTATATTGTAAAAATACCTCCAGAATGTAACACATGGAATTCTACAGCTTTCTGTTGGTTGAATCACACATGTTAATTGTTCATGTAACCGTGGAAAAATCTGGTATAACAAGAATTGTTCACAATACGGGAGTGATTTACACATATTTAGATTTTAAGCTGTACTCAGACTTGTAAATTCTAGGTCATTGCCAGGAAAATAGGCCTAATGGAATTGTCCTCTGGAGTGAATAGAAATATCTGTTACCAGATGGTTTTGATTTGGAAAATATGATTTGAGAAATACAGCAGCTCTACATTTAATAGAGATGGCCCTTGGCATAAAAAGGTATATATTTGGGAAA,"[[215046019, ""C"", [""T""]]]",yes,no,C->T,1
chr3,14614157,14614602,ATGAGACAAAATAGGGAATTTCTTCAGAGAACCAGGATCTTTAAGAAATAATCAGTTGGATGTTAAAGAACTGAAAGATACAATAATTGAAACCAGTAACTCACTAGATGGGTTTAGAGACAATTGGACACACCTAAAGAGGACTAGTGGATTGAAAGATGAGTCAGTATGCAGAAAAATATCTCCAGAATGAAAAGCAAAAATAAAGCTGGGCACAGTGGCTCACACCTGGTAATCTTACCACTTTGGGAGCCTGAGGCAAGAGGATGGCTTGAGCCCAGGAATTCAAGGCTGCAGTGAGCTATGATCACGCTGCTGCACTCCAGCCTGGGTGACAGAGCAAGATCCTGTCTCTTAAAAAAAAAAAAAAAAAAAGCAAAAATAACAGAAAATAAAGGAAAGAGATACATGATACACAGTGAAAAGGTCTAACATACACATAACTG,"[[14614189, ""T"", [""C""]], [14614218, ""A"", [""G""]], [14614252, ""A"", [""G""]], [14614590, ""G"", [""A""]]]",yes,yes,A->G,4
chr6,96513167,96513544,CCCTTAGATTTCTGATGCCACTGCTCAGAGGTCTTTTTATGAGGCTGTTTTTTGGGGCGGTGGGGGGTGTTGGCCTTAATCTGGAATGGCAACTGTATTTCTCATCAAGTGCCAACTCTGACATATTAATAGCAGCTGTCTGAAACATTGTTTGAGAAGGATTCTGAAGCTGTTTCCTGGCTTAGCAAGACAAACGCCATAATTGATTAGTGGTCTACTGTGGGTACAAGAAGGAAGAGTGTTAGCTTATGTGCTGTGTATTTGCTGACCCTGTGAAATCAACTGGAATTGCTATGATCAAACAGATGTAGAGCAAGACCACAAATGCCTACTCCATGCAAAAAATTACATAGAAATATAACTACTCTGATGTGTAAT,N,no,no,N,0
chr21,25689237,25689699,ATGATTTATTAGGAGATCATATTGGATAGGTATTAATGTATTTGTAGAGAAAGTTGACAAAGAAGGGATCTGAGTGAGAATATAGCATGTTGTGGAAACTTTTCTGAGTTTCCCAGCATGTCCCTGGCTGGATTCAGTGCCTTTCTTGGGTACTAAGCATGAATCACCATCTGCATAGCTGGTATTCAGCAACACTGGGCTGAAACGCCATTATCTTAGTTGCCTCTTCTACCAGATGGTAGACTCCTTCAAGACTGACACTGGGAATAATAAGACACATAGTTAATCATAGCTGCCATTTGTTAAGTCCTTACTATGTCCAAGCCTGTGTGCTTTGCATATCTTATTGCATTTGAAGACTCACAACAACTCTGTGAAATACTAGCCCATTTACAGATGAAAACTCAAACTTGATAACCAGGGAAATAAGCACAGTGTCATACAGTTACTATGTGGAAGAGCT,"[[25689253, ""C"", [""T""]], [25689288, ""G"", [""A""]]]",yes,yes,C->T,2
chr7,110850299,110850556,TACCAATGCCATGACAGTTTACAGGTGCAATGACAATGACCCAGAAGTTACCACCTTTCTCCATGACAATGACCTGGAAGTTACTGCCCCTTTCTTTAAAAGTTTGAAATGATGGGCCTCTCAATTTGCATTGACCTGCCCCTTGATTTACATATAACTGAAAGTGGGTTTACATATGTAAATATAAGTTGCCAAGAGCCCATACATTGACTCTGGCTGCACTGCCTATGAGTTAGTCCTGCAATGCAAGGAACGGTA,"[[110850323, ""A"", [""G""]]]",yes,no,A->G,1
chr6,100973932,100974195,GGGTAGGAAGAATCAATATGGTGATAATGGCCATATTGCCCAAGGTAATTTATAGATTCAGTGCCATCCCCATCAAGCTACCAATGACTTTCTTCACAGAATTGGAAAAAACTACTTTAAAGAGAGGCCACATAGCCAAGACAATCCTAAGCCAAAAGAACAAAGCTGGAGGCATCATGCTACCTGACTTCAAACTATACTACAAGGCTACAGTAACCAAAACAGCATGGTACTGGTACCAAAACAGAGATATAGACCAATGGA,"[[100973952, ""T"", [""G""]], [100974068, ""T"", [""C""]]]",yes,yes,T->C,2
chr10,96795205,96795500,AATGTTGGAGGGGCCGGGCTGTGACTGGGAGGGCTGGTGATGGGAACAGAATGTAATTGAGGAGGATGCAAAGTGCCCCTCCCTTTTACTGTTACTAGGAGTCTCCCTACAGGGCCAAACTCGGAACCAGCAAAGGCACATGGAGGGCATGGAGGGGTCTCAGCAGGGGTTTGGTGAGTGAGTGAATTTGATTCCTCTACTCTCTTGTTCCGCTTCAGCTTAACCCTGTTTTTTCCTGTTGAGCAGAGTGCCTGGCCCGACTGAGCCTTGATCACCTGGTATGAATTGATGTCTTG,N,no,no,N,0
chr22,21070981,21071277,GACTTATTATCAACTGAAGGAGACAACATGTAGCCTTTGCTGGGGACAGTGGTGTGACAAGTCTCTGGCCCATCCTAGGTGCTGCCCCGCACCTGCTGCCTTCTTCCAGGCCCACCCCACTTGGGCAGCCTGGTAGCGCTGGGCTGGCGGGGTGTCCTCTGGCTGGATCCTTTGCGGCCGCTGCATTCCAACAGGGCCGGCACTCTCCCGAGGGAGGTGCTGTCTTTGTTTCTCCCTGAGGAGACACAAAGCGCAGCCAATAGGAACGGACGAGCCCCGTAACTGCAGCACCTACTG,"[[21071009, ""C"", [""T""]]]",yes,no,C->T,1
chr3,168981477,168981716,ATAGATGTTTTGTGACTTTCTTACTAAGCATGTATTTAGATACATATAGCAAAAGGTAATCAGTTGTGAAACCATTATGTGTGATTCACATAATGAGTTGTGTAATTCACATAATGAGTTATGTGAATCAAGGGGTTGCCAAGTCCTGCCATCGATACTCAGTTTGGATGATGTTCTCTTCCATAGGGTGAAAAGTTGCTTTACAAATGCTCCCCACGTATGTCGTTTGTGTTTAGTTTC,"[[168981580, ""G"", [""A""]], [168981691, ""T"", [""C""]]]",yes,yes,G->A,2
chr2,40654432,40654772,GAAATTTTAATCTGTTGCACAGAAAATTACTCTTGTGATAGAAATTTCAGCTTTACCACATGCCAAAGTTCTCTACTCTGTCAACATTCTGTCGTTCATGCAGCCACAGGAATGTTGGTGTGAAAATATATAGTTATATAATGTGTGATTAACTGTGCCATCCTGAGGAATTTTATAACACACCCTTTATTTGTTTCTGAACATTTTCCTGGATGCTTTACAGAACTCATTGCTAGAGCCAAAATTGTCTTTCTCCTTAGACAGACTTTAACCCATGTTCAATAAAAAATCATTTAAATGTGTGCATGATTTTTAAAATTCTAATACCTATTTCCTTGAAT,"[[40654443, ""G"", [""C""]]]",yes,no,G->C,1
chr2,33665026,33665357,GTTCATGAGCATCACGCAGAAAAGAGTTAACTGAATGAACTGAACTAACAGAGAACTGAAGTAATCTTTTTTTAACTTTTTGCCTAAAACATTGCTTAACCTTGTTTTGTTTTTGAGAATCAAGGAAACTTTTCTTCTGAGCTAGCTACAGTATTTAACAATTGGGTAAAGTATACTCCTGTGAACAAAATTTGGAGCATATTTGTTTCTCTCTGCCTGGTTTCTCTAGAATTTGGAAACTATTTGTGAGTATTCTTAACTTACGGTGATATAATTGCTTGCATAAGTGCAAGAAGAATCCATTTTCTCTTGCAACAGGATGCAATTGGAAA,"[[33665035, ""T"", [""C""]], [33665040, ""A"", [""C""]]]",yes,yes,T->C,2
chr1,241997478,241997730,CCACTGCACCCCAGCCTAGGCGACAGAGCTAAATAAAGCAAAATAAAAAGACACTCATTCATCGTGTGTTCTCAAAAAAACAGGCTGCAACAGCGATGCAGCTTCCAAGCACTTTTCAACCCTGTTGAAAACTTACTCATCGGGTATATTTACTTTACTCCCAAATCATTTTTTACTGAATCCATGTGTCAAGTGATGTCCTTTATGCTTTAAGAATAGCTGCCTGTTCTTTGCTGTACCTCTGCCTTAACCA,"[[241997487, ""T"", [""C""]], [241997722, ""G"", [""C""]]]",yes,yes,T->C,2
chr1,22856120,22856450,GTTGTCTTTGGGATTAAGCCAGAGTCCCTGGGAGGAGAGGGGGGAGCAGAGGCAGCAGGCCAGCCATTGAGGTTTTGAGGATCACCTGATGCCAATTAACAGCCCCACCGTGCCAGGCCCAGATGGAGTCCTGCCTCGGCCTGACTCAGGGCTCACTTGGTCAATTATCACCTATCCCCAGAGCCCAGGGGCAGGCGGGGAGAAAATCTGTTTCCCTGTAATCCTCCCTCCTTTCTTCGGCTTGCTGCCATCCTGCCCTGGGTTGCCTGGCCAAGGGCTCTGGGCGATTGCAGAAGGCCGGCGCTGGCTGGCTGCTTCGAGCCCTGAGTCC,"[[22856448, ""A"", [""T""]]]",yes,no,A->T,1
chr3,189727961,189728244,GCTCGGAATATTAACTGATGAATTTAGTATAGTAGAGCGAAGTTTGAGAACATGTTTTATGTTTGTGGAGTTAGTACAGTTTGCAAAAGTGTTGACTGTACACTTTATGTCTGAAGAGCTTTGCCTAAGGATCCAGAATGGCTAGGCTCCAGAACTAGATACTTGTGGACTTCCTGTGGGATATGAGTAAAATCCCTATGAGTTTCGTTTATAAAAAAAAAAAAAAGGAGTAGAGATGATGAGAAATAAAGCCCTTTCTAGTTTTTCCCTTCTACTGATCTGTC,"[[189728097, ""G"", [""A""]], [189728236, ""G"", [""T""]]]",yes,yes,G->T,2
chr19,50458337,50458697,CTGCCCTCCAGCCTGGGCGACAGGGCGAGACTCCGTTTAAAAAAAAAAAAAATTAATGAGCGAACAGAATGGCCACCCTTAGAACCTGGCCATGATGAATGCTTAACTAACTCCAGCTGCTGCTGCTGCTTCTACTGGGAACTTACTCAGTGCTCACTCGCTCGCTGCGTGGGGCCCAAGTCCCCGGGAGAAACGGGAGCGGAGGATGGGAGGAGGGCACGAGATCCGCCAGCAGGGCCTCTCTCTCCAGCCGAGGAATGGGTCCCTGCCAACACCGAGCCCGTGGAGCGCTGTGGCTTCACCGTCAAGAATCTCCCGACCGGAGCCAGAATCCTCTTCCGAGTAGTTGGGGTCAACATCG,"[[50458341, ""A"", [""C""]]]",yes,no,A->C,1
chr8,37634643,37635074,CCCTGAAAAAAAAAATATGGTGGGAACATTAAATTGGACCTCTATATTATTCCCAACCTTTTTGAAAAATTGTTGTTATTTGATCACTATTTGAGTGTGAATCACACATTCTCAGAGCTTGTAGTCGCTACAGTAATCAACATGACCCTCCGCACTTCCCACTCAGATCATCACAGACTTAGCTGTCTCTCTGACGTCAGCCTCCCCTCACTGCAAACCACGCTTCAACACACTGCCAAAGGCAGCTGGCTCCAACACAGACCTTGCTATGTCCAGCCCCCAACACAGAAATGACTATGTCCAGCCCCTGGACAAAACTTTCAATGCTTTATTTTCACTGACAGGATAAAGCCTAACTCCTTGGGGTAACATTTAATGTCTTCCAAAATATGGCTTTGCCCTGCCTTTTCCATCTTATCCCCAGCCACCCTC,"[[37634666, ""A"", [""G""]], [37634843, ""T"", [""C""]]]",yes,yes,T->C,2
chr19,29171622,29171950,TATCTGTGTACGACTGCCTTCAAAACCTTGGATGACTCTTAAATATCATTCATTGATGGCAGTGCTCCCGGGAGCCAAGCAGTTAGCAACAGCTGAATGGCTAAAATGCTGAGCAGAGAGTTTAGCAACCACTGGTTTCACTTTCAAATTCTACCAAGTTAGAGGAGTTTGTTCAATACCTTGAGCTATCTATTGAAACATCAGAAGAACCACACCTTAAGAATAAAGACTATACTAGAACTATGGACTATGACCTAAGAATAAAGAAAAAACAGAAATATATGTGCTTTAACAAAACCTAAAAGCAAGCCTCCACAACATCAAGATTA,"[[29171666, ""G"", [""A""]], [29171671, ""G"", [""T""]]]",yes,yes,G->A,2
chr12,77025951,77026159,GCCAGATAAAAGTACATTGAAACCATTTAATCCTGAAAGAAAGGCAGAACAGGCGAAAATCAATATATGTCATCATGAGGATATCATTCAAGCTCACATTTGTCATGGCCCTTTCAAACGGGAGTCCACAATAAATCAATGAATGATGAGACCTTCCCCCAGCTGACCAGGCCAAACAGCCCACACCCTGCTCCTTCACAGCTGTGGCC,"[[77025993, ""A"", [""G""]]]",yes,no,A->G,1
chr9,116298934,116299262,ATTGATGTAATGAAAACAAGACCAGTTTGTTTTAGTGTTTTGTTGTTGCTGTCTTTGTTTTTTGCGGCCGCACATTTGTATTCCATTCCTCACTCTGTTCTCTTCTGTGCTTGGGGCAGAGGGAGTAGAGAGGGAGAGAGAATTCCCCAGACACGGGCTGGCAGATGTAGCTGAAGGGCCCCCGGGACACTAATAGCAACAGAAACTGAATAGCTGTGTCCAAGGATGTTATTTTAAAAAGAGACTCACAATAGCTTTGTCAGCAGAATCTTGGAGAAGAAACTGCATCTTCTGTCTCTCTTTCTCTCTCTCTCCCTTGCTTTCTTTTT,N,no,no,N,0
chr2,42350704,42351113,AATAACCCTTTGAAATTACCTGCCCAACAAATAGAGGCAGGCTACATTAATTTAACATTTTACTGCAAAATGGAAAAAATCCCCGAGGTGACTAACTCAAACTCCTCATTTCATGCACATGACCTTGGCTTCTGTGTTCTTTCCATAGCCACATCCAAATCCAGAAAGGCTCCTGCACCCCATGCTCAAAAATGCAACCTCAAGTCCCTGAGGTCCTCAGCACAGACCGACATTAACAAGCCTGTGTTCAGCCTTCATCCAGAACCTCCAGGGAAATCAGGAGCACAAACACAGAGCAAAGCACCATTTCTTTAAACAATGGCTTTAACTGTCGAATGAGCTCTGACAAGCCATACGCATTTCATAAACAAACCAAAACATCATCTTCATATCTTCCTATTTTTCTTGCA,"[[42350931, ""T"", [""C""]], [42351059, ""T"", [""C""]]]",yes,yes,T->C,2
chr2,87415030,87415269,GCTAGCCAAGCCAGACAAGCCACCCGGCCATCCAAGCCAGCCAGCCAAGCCGGCCAAGCCAGCCAACCAGCAAAGCCAGTCAGCTAGCCAAGCCAGCCAACCAGCCAGCCAGCTAAGCTGGCCAGCCTGCCAGCCAACCAAGCCGGCCAGACAGCCAAGGCAGCCAAGCCGGCCAGGCAGCCAAGCCAGCCAAGCCACCGACCCAGCCAAGCCAGCCAAGCCACCCAAGCCACCCAGCCA,N,no,no,N,0
chr20,17737677,17737908,ATGAGGGCATTGCCAAAGGAAATTAACATTTGAGTCAGTGGGCTTGGAAAGGCAGACCCACCCTTAATTTGGGTGGGCACCATCTAATCAGCTGCCAGCACGGCTAGAATATAAAGCAGGCAGAAGAATGTGAAAAGACTAGACTGGCCTAGCCTCCCAGCCTACATCTTTCTCCCATGCTGGCTTCCTGCCGTCAAACATCAGATTCCAAGTTCTTCAGTTTTGGGATTCA,"[[17737721, ""G"", [""T""]]]",yes,no,G->T,1
chr17,72799405,72799775,GGAAGACAACCATAAGGTCTGACTGCCTGTGGGGTCAGGCAAAAAAAGCCATATTTTTCTTCTTGCAGAGAGCCTATAAACAGACGTGCAAGTAGGGAAGATATTGCTAAATTCTTTTCCTAGCAAGGAATATTAATATTAATACCCTGGGAAAGGAATGCATTCCTGGGGGGAGATCTATAAATGGCCACTCTGGGAGTGTCTGTCTTATGCAGTTGAGATAAGGACTGAGATACGCCCTGGTCTCCTGCAGTACCCTCAGGCTTACTAGGGTGGGGAAAAACTGCCCTGGTAAATTTGTGGTCAGACCGGTTCTCTGCTCTCGAACCCTGTTTTCTGTTGTTTAAGATGTTTATCAAGACAATATGTGC,"[[72799441, ""G"", [""A""]]]",yes,no,G->A,1
chr2,191800983,191801186,CTCCATCTGTTGCTAGAGAAGAGAGCCACAAGCCAAGGATTGTAGACAGCTTCTAAAAGCTGGAAGAAGCGAGGCATTTGGGTTTTCCCCTAGAGCATGCAGGAGGAATGTAGTTTTGCTACATCTTGATTTTAGGTCACTGAGATGCATTTCAGACTTCTGACCTCCAGGGCTGTGAAATAATAGTTCATATTGTTTAAGCCT,"[[191801022, ""A"", [""T""]], [191801052, ""T"", [""C""]]]",yes,yes,A->T,2
chr2,161842747,161843175,AGTTTTAAAAATGTGTAATATAGGTGCTCATCTTCTTTATTTGGTGACAGAAAGGGAATATAAGATCATTTTTTCCACAGATTAGTGATATAACTTGCTCTTTTATGATTTTGATAAGTTAAAGTTCCTCCCTCCCTGTTTAAGACCAGAAGCATCTGTCTGCCACGAGTTACAAGGAACAGATGTTCCTATGTGACTTGAAGGAAGGCGATCTGGTGATTGTGATGACTAGACAGCTCTGGTTAGTTAGAGTCTCTTTAACCTATTGCTAAGAAGTATTTTGTTGAAGCATTTATTTTAGAGTTCCTTCTTTACCCTCATACTACATAATAGAGCTGAAAAGTAAAATTGGAATATATATTTGGGCAAGAGTAACTCACTTATTCTTACAGTGATTGGTGATTTTTCATCTTACAGATCAAATAGTGA,"[[161842769, ""T"", [""G""]]]",yes,no,T->G,1
chr2,233814162,233814382,CTAGGGAAGACTCGAGAGTCATTTTGCCCTCCTTCTATTGGCTAAAACACAGTCACATGGCTCCACCCATGCAAGGAGTCCTGGGAAATGTAGTCCCTGATGAGATGGCTGTTTCCCTGACAACACTGTGGAAGAGGAGAAGGAATCTTTTGTGGACAGGTAGCCATCCCTGCCTCCAGGGCTTGGCCCTGGATGAAGAATCAGAACTGGGCTCCAGGAGT,"[[233814174, ""T"", [""C""]], [233814205, ""G"", [""A""]]]",yes,yes,T->C,2
chr7,103259991,103260197,AACCAAGAAGAAATGAAAAATCTGAATAGACCAATAACAAGTTCCAAGACTGAATCACCAATAAAAAGCCTACCAGCCAGAAAAAGCCCTGGAACAGGTGACTTCACAGCCAAATTCTACCAGACATATAAGGAGAGCAGATACCAATCATACTGAAACTATTCCAAAAACTTGAGGGATTCCTCCCTTACTCATTCTATAAAGGCT,"[[103260129, ""G"", [""A""]]]",yes,no,G->A,1
chr21,32120219,32120614,GATCTTGAGGAACCAGCCCCAGCCAATTCCGCCTTGTCTGCGTGTAATCTATGTCTACTGCAAAACACTTCTTCCTTAGACCTCAGATGCCATGAAAATTCACTTCAGGATTGATTTTGTGCTTTCAGATTTTGCACATAAGGAAACAGTGGAGCAGGGACTAATGGCTCAAAATTGCACAGCAAATCAGCTGGGAAACATATGTGGATCCACCCACCTCCCGAGTGCTTTCCCATCTGAATCTCAAGGCCTCAGGATGTCATGTGATCTTTCTTGGTAGACCAGCTGGATTTCCATTTGTCTCTGGGCTCAGGATTTTGTATCATTTTTGACAGGCACTCCAGGGTCCTTTTGAGCGCAGGTATGTTTTTAAATATACTCCTTTTAAAAAGCAAG,"[[32120248, ""T"", [""C""]]]",yes,no,T->C,1
chr8,20379946,20380183,CGAAAGATCCCACATGGGTCTTCAATTCTAAGCCACATGTTCCTGATTTGGAGTCTACAGGGCTTGCAAAACTGACAGTCATGCCATTGGTGTGTACATGCTCTCTTGAAGACCTCATGGAGAGCACAAATGATTTGCTGGGTAAGATTAGGCATTCCTGGGTCCTCAGTCACCAGATGTCAACATCTATTTGTTTCCAATGAACTGTTGATTTAATCTCTCTCTCTGCAGCTCAGCC,"[[20379947, ""A"", [""G""]]]",yes,no,A->G,1
chr13,61045230,61045572,CCTCTAGTGTATAAAGCCTACATTTTTAAAATGTACAGCAGACTTAGAAAGCATACGCTCATTTAGCTTCTTTATCTTTCACTTCTGATATCTGGTATCTGCCATTTTTCCTCCACTTTCTCTCAGGATACAATACTGATGTCAGGCTGTGCCTTGCTAGACGGGAGTCAGAACTGAAACCAAATAAACTAGATTCTGTTGTTCTTGCATTTGTACAAATCTTCTGTGCCTTAAAGGTAAAGGCATTAACTTCTGACTCACTCTTTCTTAGCAATCCACCTTTTAACAGTGTCCTTATCAAATGAAGCAGATGCAATTTTGGTGGTGACTGCCAGAAAGCTCT,"[[61045414, ""G"", [""T""]]]",yes,no,G->T,1
chr1,164927463,164927733,CTGATCCTGCTCAGTGTATGGAGTAGGAAGTAGAAGTGCAATTCGAGAAGCAATGCACAGCCAGTTGAAGACTCCATGACAATTAAAAGCCAGGTCTTTGTACTTTCCTGACAGGACACTTTCTGTTTTTGTTTCTTCCCTTCAGGGCACTTTCTGCTTTTGTTTCTTCCCTTCTATCTCTCTCTTTTTTTTTTTTTTTTTTTGAGACTGAGTCTCGCTCTGTTACCCAAGCTGGAGTGCAGTGGGTGATCTCGCCTCACTGCAACCTCCA,"[[164927545, ""C"", [""T""]], [164927578, ""G"", [""A""]]]",yes,yes,C->T,2
chr11,47314955,47315349,AATTTCTGTTTAAATTTCTAGTATGTAAATATCTATAAATATAACTCACATAAACAAAAGCTCTTTGGAATCTTCAATAAATTTTAAGAGAGATAGGGCCTCTGAGACCAAAACATCTGAAACCACTTCCCTGGTGACCAGTGGCCAGCAGATGAGACTGTGCTGAGGAAGCCGATATGAATTTGATTGCTGGATGGGGAATTCTTGGCCCAGAGCCCTCTGAGAGGGATGTATGACTGTCCCTAAAAAATCTCTCTTTCATCAGAATGGACGCGATCTCTCTATCTGGTCCAGTGGCAGCCGGCACATGAAGAAGCAGACATTTGTGGTACATGCAGGGACAGATACAAACGGAGATATCTTTTTCATGGAGGTAGGTGCTGGTTCATGCTGGG,"[[47315046, ""T"", [""G""]]]",yes,no,T->G,1
chr16,22924415,22924902,AGGCAAATGCCCTCAGCACCAACTTCTCCCTGCCTTTGTCTCCAGCTAATAAAATGGCTCTCTGAGGGAGTATCAGGGGAAGGAAAGACATCTGATTTGCAGCACCTGCCAATTTCCCTGGTGTACATACACTCACCTGGACCAATTTCAAGCTACCAAAGTGACATCACTGCATGCAAATTAGGAAGAGACAAGCACAATCAGCTCTCGGGAGACAGAACTAGCAAGCTCAGGCACACCACTCTCCCTGCTTCCCGTAGCCAGGGAACACCTGAGAGAATACATCGAGGCCCTGGAGTTTCCTTATGCACTTGTGTGCCTGGTGCCTGGATTTAGCCTGAGCTCTGGGCACTGGACCAAACACATTTTCAACACCTCTGAAACGAATCAGATTGCATTTCATCTGATGATGCAATGGAGTCATCTCATAAAGCATTTAACTCACCTAAATCCAATCCTATTCTATCGAACTGAGAAAAAAGAGATGA,"[[22924452, ""A"", [""G""]]]",yes,no,A->G,1
chr6,75151037,75151342,TTTCATAGTGCACAAAATAGTGCCCTCCCCCTCACCCAAAAGAATAATTATTTGGCCCAAAATACCAGCAGTGCTGAGGGAGAGAAACTCTGGGTTAAACTTACCTGGACCTTTGACACTGTTACACAAATTAATGGTGAGATCATCCACTATCCTGGAGAGTGACTCAAAATCTGCCACATTGTATGCATGGGTATCATCAGGATCAGTTGCAATCATCTTTAATTCGACTTCATCAGCATTTTTAATACCTTCAAAAACGGATATATACAAATTAAAAGCACTTCTCAGAAAAAAATTAATGGA,"[[75151068, ""C"", [""T""]]]",yes,no,C->T,1
chr8,118632843,118633130,CCCACAACCCTTCTCCTTTCTTCTCTTCTATACTTCAGGCTTCTCCATGAAACTTTGTTGTTTTTCCTGTGGCTACATAAAAGTTTGAAAACTGCCAAATTAGATCATCTCTAGAAGTCATTTCCTGCTTTACCATCTTATGAGCACGAGTCCTCCCTGTTCCCCATCAGTACAGAAGTTAGTGACCAAATCCAGTCAATTCTTTCCTCAACAATTGCTCTCTTGGGTCTCCCTTTCTTGTCCCTTCCCTCATTCTACATCTGATAAGAACCGAAATCGACACATTGT,"[[118632867, ""G"", [""C""]]]",yes,no,G->C,1
chr12,7146220,7146491,GATCACTTAAGGCCAGAAGTTCGAGACCAGCCTGCACAACCAACAGACCGCAAGTCTGTAGTCCCAGCTACTCAGGAGGCTGAGGTGGGAGAATCACTTGAGCCCAGGATTTCGAGGCTGCAGTGAGTCATGATTGCACCACTGCATTCCAGCCTGGGCGACAAAGCGAGACCCTGTCTCTAAAAAATTAGAGAGAGAAAAAAAAAAAACAGATCTTATCATGGCATTTAAAGCTGCCAGCCATCTGGCTTCTGGTGGTTCCTGCCTCATGT,"[[7146329, ""G"", [""T""]], [7146418, ""G"", [""A""]]]",yes,yes,G->A,2
chr1,180264682,180264940,GTCCCCTCCTGAGGCACAATTTTGAACAACTTAGCAGGTGGTTTACAGGCCTATGCTGACCCTCACGCAGAGAACTCCTGCTCTAAATGGGCCCCATCTCTCTGAAAACCAATAGGCATTCCAGGAATTCAGAAGCCTGGGGTCCTCCCAAGCCACCACCTCTCAGCCCCTCACACCGCAACACCCTTCTTATACCCATCTCAGAAGAGTGTTCCCTGAAGTACACTCTGGGTCTTTCAGGATTACCCATGCAGACTTA,"[[180264794, ""G"", [""T""]], [180264859, ""C"", [""G""]]]",yes,yes,G->T,2
chr12,114136651,114136982,TTCTGGAATCATCATTTGCACCTTGGAACCCTAGCAGCACCCTTCAGTCTGTATACCAAATGAACTTAGGTCTGGCAAAGCACAGCTCATAATCAGCAGTATCTACTGTGTACAGTTGAGAATGGATCCTGCAGATGTGGGACAGCTGTCTGCACTTAGCAGTTAAGTGTCCCTGCAATGCAGGCGGCCTCTGACAAAGGCATTGTTCTTTGCAAAGCATCCATCTCTCAAAGACTTTCTAAATCAGGCCCAGATGTTTACATACAACTCGCATTTCTCTGAAGATTCCTCTTTCTAGAGAAGTCGGTTTTTACTAAGGTATATGCAGAATG,"[[114136800, ""T"", [""C""]], [114136803, ""T"", [""C""]]]",yes,yes,T->C,2
chr4,163875351,163875761,TGAAAAGGCAACTCAGCAAGTCTCAGCAGTAAAATATACTAAATCTTAATAGTCTGTCACAATTTCTTTCAGAAATAACCTTAAATTGGTGATGATTAAAATCTCAATATGAAAGAAAATCCACTCCCTTAATTACATTCCCTGCCACAACATCCTATGAGAACAACTCACAAATTCCACAACTTGCCCTATCTTGCTCGGTGACAGAATGGAAAGCGGTCTCATGAACTTTCTCTTCTGCTTTGCATAAAAGGTTGGAATCTTTATTATTTCCCTTTATCATTGGCACTAATGTATGAAAAGTGAATCAATTTTTCCATGTTTAAACCAAACTATACAAAATATTTACTGATGTGAACTGCCTAATTCGTATTTTGCAAATTGTTAAGACTCTCATGCAACAATACAACG,"[[163875504, ""G"", [""C""]]]",yes,no,G->C,1
chr5,138911478,138911826,TAAGTGTCCTTATATGAGGGAGGCAGGGGCATCAGAGGCAGAGAAGAAAATACAGTGATGGAAGCAGAGGCTGGCCACAAGTCAAGTAATGTGGGCAGCCTCAGGAATTTGGAGAAGTTAAGGGCTGGCTTTTTCACTAGAACCTCCAGAAGGAACACAGATTTGATGATAATGTTGTTGATTTTAGCTCTGTAAGACCCATTTCAGAATTCTGATGTCCAGAAACTGTAAGATAATAGATTTGTGTTGTTTTAAGCCACTACATTTGTGGTAATTTATTACAGAAGCAATAGTAGACTAAAACAGATGGTATTGTACTAATCCAGGCAAGAGTACAGTGGATATGGTG,N,no,no,N,0
chr5,32687478,32687810,ATAACTTTTATTTCTGTTTTTTTAAAATAGTGTGCACCTATAATTATAATTAAGTTAATTTAGTGCAGACTGGGAAATATAACAAAAATTAAGCACATTCTCTGGGACTGGTATAATATTAACTCTGGAAATTTGGCACCCATCCCCACCTGCTAGAATTTGCTGGCATGGAAACACATTCCTACTCCTGGCACAGTGCCTAATGCAAAACAGGAGCTCAGTTCATGAGCACTGAACAGATAAATACCAGTAGAAGTAATAAACAGAAGTTTTATACCAAAATAATGTATAAAAATGAGCTTTAAGAAAAATAGGAGTCATGTAAGGAAGTTT,"[[32687500, ""A"", [""T""]]]",yes,no,A->T,1
chr13,90518521,90518740,AATATAGATGACAAGAGTAGAATGACTAAAATCCAAAGCACTAATAATACCAAATGCTGCATCAGCATCTCTCATTCATTACTGCTGAGAATGCAAAACAGAACAGCTAATTTGGAAGATATTTTCAGTTTCTTACAAAACCAAATATACTCTTACCATATGAATCAGCAATCTTATCTTGATCTTATTGATATCTACCCAAATCTGCTAAAAATGTATG,"[[90518545, ""G"", [""A""]]]",yes,no,G->A,1
chr20,56568334,56568789,TGCCTGCAACTAACTGAAGCTCAGCTAGCTATTGGTTAAAATAATATACTCCTAATTTAGCCTCTCAGTTAATTTATGTGTTATGTTAGGTTACAGTTCATTACATAAAGGCCAAAGTATGGAAGCCTCCTCAGGCCAAATTTAGTTTAATTTAACAATTCCTCCCTTTTGGTCGGTCTCAATTTTGAGAGACTGACCAAAACCTTGACACTACTCTCTGTCACCATCATCCGACTAAATACGGAACTTACTTAGTCTCTGTATACAATTCACAAGTCACAACAGTTGAACAATTCTTTATCTTCTGGCAGATCTAGTTCAAATGAGACCGTTCAACATTTGACGAATGATTGTATACAAACATTTAAGATGTGAGAGGATAGGATACGGTGCACCAGGAGGACTATTATAATGGCTGTCAGGAGGGTTACACCAAAAAGACTGAAGTGTACTCCT,"[[56568375, ""G"", [""T""]]]",yes,no,G->T,1
chr5,166596043,166596406,CATCATCATGACTTGGCTACGCTGTCAGATGAGCCCATGTCGAGGTCCTCTTTTGCTTCGTTGCATCTATTGCCCTGGATCAGGAAGGGCCATCGTGGAAGGAGCCCTGATGTGTTCTAATGAGGCTCTGTTTCAGAGCTGGTAGCTTTCACCCTGAGAGTTCTTCCTGTCACCCAGCGTGTTTCAGCCTAAGTGTTAGCCAGTTGGTGAATGAGATTTTGGAAAACTTCCAAGCCATAGTTAATTATGTGCTTTCCTGAAACTTGACTGTCCTTGCCATCTTCATGGATGCCTTCTCTCTATTTAGTAAGCAGTTTATTTTGCTTTTTTTTGGACGTCTAACCTTATTTACAGTTTTCTTTTA,"[[166596091, ""C"", [""T""]], [166596379, ""A"", [""G""]]]",yes,yes,A->G,2
chr2,101469173,101469445,TACATGGAGAGAGAGAGAGAGACTCCCTCTGGAATGCAGTGGTGCAATCATAGCTCATTGCATCCTCAAACTCCTGGGCTCAAGGGATCCTCCTGCCTTAGCCTCCTGAATAGCTGCGACTACAGGCGTGTGACCATGTCCAGATACTTAAAAAAAAATTTTTGTAGAGACGGTCTCACTATGTTGCCCAAGCTAGTGCTGACCTCCTGTTGTCGAGCAATCCTCCCACCTTGGCCTTCCAAAGTGCTGGGATTACAGGCACAAACCACTGCA,N,no,no,N,0
chr2,188529832,188530144,TAACTTAGTTACCTTTTTAAAGGCCTTATCTCCTGTTCGAAGAAAAACTAGACAAATTAAATTTAGCAGAGTTTATTTGAACAGATAATGATTCATGAATCAGGCAGCACTTGAAACCAGATGTTCAGAAAGGTTTGCCCAGCAGCGTGAACATGGAGCTTTTTATAGGCTGAACACAGACTCAAAGGTGACAACTCACCTGATTGGCTATAGGAAGGCATATACCTTATATGGATATGTAGTGATGAGCTGGCTGCCTGTAATTGGCTGAAACTTAGCTATGTGTTATACTTCCAAATTAGTGTTCAGTTTA,"[[188529869, ""T"", [""C""]], [188530045, ""C"", [""G""]]]",yes,yes,C->G,2
chr12,97753363,97753621,GACTGTTATATGCAAATTATTCTTATCTTTGGACCATGGGATGGAGAGGTAATAAAAATGAGCCCAAAAGGAAAATGCTTTTAGGAAACTTGTTTTAGTCTGGTGTAGAGACTGTTGGTTTTTGAGGGCCCATGGGTATCTTTTTGGCCTCAAAAGGGCTGAGTAGGTTGGAGGTTTCTATTTCGGAAGAGATGAAACAGTCCATCTGGCTGATGAGGGCTCACTCCAGTCTTCATATCTTAAGGGAGAAAAATAAATA,"[[97753392, ""C"", [""T""]]]",yes,no,C->T,1
chr2,140483254,140483458,GTACTGTGCTATTTTAATTGACACTTTTAATGGATGGGTTTATGTTGATGATAACTTAAGGCCGCTTTCAGTTTATGGGGTAATAACTGTAACCTGGGAGAAATAAAACCTAAAGCTATTAATAGATTCAGCTGCATTCACTAGAATAGGACACAGGTTTTGCTTCATAAATAGAAAAGACCACAGACTGCTATTAGCAAACAGG,"[[140483316, ""T"", [""C""]]]",yes,no,T->C,1
chr8,99160809,99161147,CAATTTCAAGATACCAGTTTTAGATCACCTGCAGGTGTATATAAATGTAAGATGTTAACATTTGACTGTTTTCAGACCATTGCAGACTAGAAGAACATGTTTTCTTGGTTGTTTTTGCAAAGCCTTTTTTCTCAAGGATGGCTCCTTTGGTGGAAGAACAACAGATCACATTGCAAAAGGGTGTGGACACAGGGAAGTGTGACTCATTGGGGCCATTATTTTAGTGATCTACCATAATGTTTTATGTTATATGGAGAGTAGCAGAAATATTTTCAAAACCTAGATATAAAGATTATAAATGTACTTTATACTTTACAATGCTTTATACTCTATAATTTT,N,no,no,N,0
chr2,238726394,238726644,TTTCAAATTATTTATTTGCTTTTTTCGAGAGTGGATCTCACTTTGCAACCCATGCTGGAGAGCAGTGGCACCATCATAGCTCATTGTAACCTGAAACTCCTGGGCTCAAGCCATCCTCCTGCCTCAGCCTTCTGAGTAGCTGGAACTACTGGTGCACACCAGCACTTCTGGCTACTTTTTTCTTTTCTTTTCTTTTTTTGTAGAGATGGGAGTCTCACTACATTGCACAGGCTGGTCTCAAATTCCTGGCC,"[[238726419, ""T"", [""C""]]]",yes,no,T->C,1
chr17,65598753,65599204,GAAGAAGAGGAGGAGGTTCAGAGTTTAAGGATCCTCAACCCATAGAATCAGTAGAAGAGGAGATAAATGTGGAGGAGGCATTTCAACTTAGGAAGAGTCAAATGCTACCAAGTTCTCAAATTGCTGGTAGTCTGCCACACCTGGGCCATTAAGCACATTCAACATGCCACAGACATCCTTCCCACAAGAATCTGATCCTAGGGAGTGCCTCTGCTTGGCCAGCACTTGAGATAAATCTGCCTCCATCTGCCCTGGCTATCTTGTCTGAGCTTCATGACCCACCACAAACATGTAAAATGACTGACTAGGGCACAATTTCTAATGGTGGCACATTAAAAAATGGGATGTTCCAAGAGCGGTTCAGAACCATGGACTTGATGGATGGTCTGATGGACTGAACTAACCAACTGCAGAGGCTCCTCTCCTCCACCTGGAGACAGTATCTCCAGTCT,"[[65598755, ""G"", [""A""]]]",yes,no,G->A,1
chr15,47915538,47915751,ACCATACCCTGCGGAGAAAACGCTCTCCAAGTGAATCAATTCTACAATGCAAGATAGGTCCCATTACAGATCTGAGATAGGTAGGATAGATGGTAGATATAGGACCAGCTACATTCTTGGTGGGTTTCAGTACAAAATGAAAATGTGGGGCCCCAGTTCATTAATTATTTAAACATTCAAAGCAGTGCAGCAGAGCAAGCACAGGGACCCTGTA,"[[47915549, ""T"", [""C""]]]",yes,no,T->C,1
chr8,74760056,74760303,TAAACTGTATAGGATTTGCCAGATCTTTCCTGGTTTGTACAGTTCCCAAACTTGCTTCCTCATATTTCCTTCTGCCTCCAGGTGTCAGTGTCTATACAGGAAACCCAATATACCAATCTCCCACAAATCATGAATTTGTGAACCCAAACATTAAGAGTAGTTAGAGGAATTAAATGATTTAGAACATGTAGTGGACTTGGTGTAGTACCTGCCTGGCACATGGTAAATGCTTAACAGGTATTAGCTAT,N,no,no,N,0
chr4,131163654,131163926,ACTAATGGCCTTATAAGGAGAAATTAGGATGCATAGAGAAACAGCTGTGGTGCCACATGAACAGAAGAGAGGATGCAGTGAGAAAGTGGCCATCTGCAAGCCAAGACAGAGGCCTCTGGAGAAACCAGCCCAGCCAGTTCCAGAACTATAATACAATAAATTTCTGTTGTTTAATGCACCTAGTCTGTGGTATTTGTTATGATGTGGTATTAAACTAATGTACACATTATACTTCATTGTAGTGCCTGTCATAAAAGCTAATCTGCAAACATT,N,no,no,N,0
chr8,100041903,100042306,ACATGTACTCTGACCTAAATTATAAGGATGAGAACTAAAATTATAAGAATGAGAACTAACTGATCAACAAACAAATTTTGAGCACTTTTGGTATACATAGCACCGAATCTCAAGAGTACTTCTGAGCAATGTGACTCAGGAAAAAAAGGATAAACATTGTTCTAGCCCTAAAGTGGTGGTTCAGAAAATGAGTCATAGTTATACAGAAAGACAATTCTCAAAATAACTGCTGGTTAGATGAATTCAAGATGGTTTATTATAGATGCCAAATGACTGGGATGGATAATAAATATTTTGAGAGGGCAAGAATGAGAAATTCCTTCAACCTATATTAGTAATTTTAAAATAAAATATTTATTTGTGTTTTAATAAAATTAAAAAAATTTTAATGTGTTTTAGAGGGG,"[[100041912, ""T"", [""C""]], [100042060, ""C"", [""T""]]]",yes,yes,C->T,2
chr1,16631527,16631945,CATCTGTGCCAAGTCCCTTAGGCTCTGCTGTAGCCCCTCTCCGTCCTCTGTCTCCAGGGCCGCCTGCTCCTGTAGCCGCAGGGATTCCTGGAGTGCGGTGAGGGAGACAAAGAGTGGTCGGGGTTCTGTCTTATCTGAAACCTCCCCTTTCCCTCCCTCCCTGGCCCACCACTGATCAGGTGGCCTCTGAAGCCACGTCCATAGGCCAGCCACCTGGTAGACCCCACAGCAGGCCCGAGGCCCTCAATGAACAGACCAGGCCCAGAGAAGAGCTGTGTTCTGCCCCAGGTCACACAGTCGATTGCAGGAGAGCTGGACCTAGAACCCAGGCCAGGCCCCACACAGAGGGGTGACTAAACCAGGCTGGACCCTGGGGGAGTGAGTGTCCCACTGGTGGGGGTGGACAGTTGGGATTCCAA,"[[16631529, ""C"", [""T""]], [16631538, ""G"", [""A""]], [16631552, ""C"", [""T""]], [16631569, ""A"", [""G""]], [16631660, ""C"", [""T""]], [16631722, ""T"", [""C""]], [16631802, ""G"", [""T""]]]",yes,yes,T->C,7
chr11,20116766,20117240,TGGTATTTCTCCTCAGTTCTGCTCTTTCTGCCCAGGGTCATATGTCTCTATTATCATAGCTCTCTTCTGTATTAATCCTTCTCACTCATGAGACTGAGACTTCCATGAAAACAGAATTTACTTGCTTTTGTTCCAGAACCATATACTGTGGACACACTGGGAGTGTTTAATGAGTGAATAAGTAATCCCAGTTGCCAAGGATTGTCCATTATACTTCAGCTCTGCCTCTTCCCTAGTTATGGCTGTGCAGATGGACACCAGATGATGGTGCTTCTGCAGCCTGGAGCATCTGGGTAGACTCTGCAAAGCATCCTGAGGGGCAGCTGGATTGTATGCCCAGCTGCACCACATCTTGGCCCTAGCTCAGAGAGGCCCCATATTCCTGACTTACTTCCTATATGAAATATAAAATACATACACACAATTTACAGTTATAAATAAAAGTAGTTTTTATTCCCTCTCCCACTCCCAAACA,"[[20116803, ""C"", [""T""]], [20117050, ""C"", [""A""]]]",yes,yes,C->T,2
chr2,168312430,168312898,AAAAGAAGACCTTACTGTGTATAGAAATTGAAAATTAAAAATAAATGTGAACTCACTTGTTTTCTTCAGACTATCTTTTTGATAACTTGCCTTCAACTAAAACAGGACTGAGTTTGGTTAATAGTCTTATCCAACAGACTCTGGTTTTTGTCTCATCCCAAAAGCTAAATATATATATAAAGCTCAATCATCTTTATAGGAGATACTTTAATTTACCACAGAGCCACAGTTTTACCCACAGTTATTTTTAGAAGCACACTCATATTGGACAATTGTATTCTCTGCCACAAGAACTAAAGTTAGGTGCCAAAGATTCGTTTTTCTTCTCTGACACTCACTGGGCACACATTCTCTAAAATTATTTTTTGAATGTCTGACCACTCAGAAATAAATCCAATGGCCAAATATAATTTTGAGGTAATTGAAGTGAATCTGGAAAGAAAAATGATTCGTTTTTGATTCTGTGATA,"[[168312489, ""G"", [""T""]], [168312506, ""C"", [""T""]]]",yes,yes,C->T,2
chr1,163661319,163661580,TCAAGAAATAGTGCAATGGAATTCTTGTGGCCTTGCAATGTAAGTGCTGAGCATAGATTATTATTTAGAATATATATATTTATACTAATAAAAATTAAGAGTCATGTGCTGGAGTCTTTTTTTCTCAACCCAGATATTGACAGGTGGTGAGCAGGTGGAGCCAGGCAGTGCTTGTCACGGATGTGTCAGAGTGGTAGGCGGGGGAGGGGTGAAGATATGAGTGAATGATATCGGCTCAGTCGCTCCTTTCCTGTTGTTGTTG,N,no,no,N,0
chr4,1556964,1557180,CGGGCTCAGGATGGGCTCAGGACAGGCGAGGGCGGCCGAGACTCCCGGGCCGGCAGGCCGGTGCCGCGTCAGCAGCGGGCTCATTAGCGGAGTTAACTGTCAGGCATAAGGAGGGGGAAAAAGCTCAATTTGTAAACACTTGGTCAATATGAGGTAAAGCCAACAGGATGGATTTGGGACCACATTGGACAACGCCATCGGCTGCACCGGACGCCCA,"[[1556993, ""A"", [""G""]]]",yes,no,A->G,1
chr9,28977670,28978066,TACATGTAAAATGGCATTGTAAGATCCTGTTTTTCCCCGTAGATGGACATTACAGTTTAGTCCAAGCCAGAAGGTAATTGGGTCAACCACACCTGGACTCTGAGGATTTTAAATTCTAGTGTCAAAAAACTGCTTCTGACACATTGAGCTGAGCTGAACCTCATGCTAGGTTCACTGCGAGCTGAATTCTGGCTGAGCAGTATAAATGATGTGGCTGTCTTGAAACAAAGCCTTCTGAATTCTCAAACTGACAGGATCTATAAAAACTTGGAGAGAATTCAGAGGAAGCCATTTCCATAATCACAGAACTGGGAAGCCAGAACCACTGGAAAATGAAGAAACTTATTTTATTCATTAAGGGATAGTAGATGGCATCATTAAAGAAAAGTTATATTGA,"[[28977697, ""C"", [""T""]]]",yes,no,C->T,1
chr2,158956047,158956320,TGTCAATAGAAGAGGCCAGCAGAAAATCAGAAAGTGTAAGGGAGGGAGAAGCCATAGTTTTCTTTCTTTCTGCTTCTGGCAGTATTTCTAGAAGTGACTTCATTTCTGGACGTCCTCTCTCTGGTGTTCCCAGAATCCTATTTGGCATTCCCAATGACACAATAAGACATGCAGTCTTGTGCTGTGGTAGTGCTACCTCCTCCTTCTTATTCTGCCAGCTTCTTTCTTTCTATCTTTATTAATCTCAGGGTTACCTACCTTTCCCTTTTGACCT,"[[158956074, ""T"", [""C""]]]",yes,no,T->C,1
chr5,19065035,19065283,TAATTTATCTCCTGTGGATGAAGTGGGAGCTACGTTAGAGCCACTCGTATTGAAAATGAAAATGAGACTTCATTATAGATGTAGCTTTATTTCTTAGCCACTATATGTCTTTGTTCCAATTCTTTCTGTTTTACTTTCAGACTATATCAACATGAGTTTATAGGTCATTGAATGAACGTTTGTTACTGGATATATTCTGGTCATTAATTTGCTTAATCAATCAGTATGAATTAACTAACAAGTTTTTGA,"[[19065056, ""G"", [""A""]]]",yes,no,G->A,1
chr12,60921070,60921486,TGTAGATTGTAATTATTTTTTAAAGGATTTTTTAAAGTAAATTAAATGCATAGAAATTACAAATGCATTAAAAAATGAGTAAAACAAATCCTTGACTCAGAAAACATTGCATCAAAATATTGCAAAACATCAGATTCTGAGTTGTTGAAAAATTAAAGACATAAAACAAGACTTGGCTTATGTCATAGTAGGAATTAGGAGGCCTTACACATTTGTGCCACTCAGCTACTTTGTTTACAAGATTTCTGACATGTCTACACATGTATGCTTTTGAGCATGCCTGAAGAAAATGCCTTCTCAGAAGCTTATTCTTAGTGTCATATCATGATGCAAAGATATAAAGTATCAAATCTGTATTCTAAAAATTACCATAAAATAAAAAGTTTATTTAACTAAAAGTTATTTTTCATCTTCATT,"[[60921170, ""T"", [""A""]]]",yes,no,T->A,1
chr11,19699005,19699289,GATCCTACTTCCAGCCACCTGCTAGAGAAAGGCATGAAGAAGGGCAACTGGCCTAGGGCCCCCACTCTGTGGCCCACAGTGAATCAGTAACACTGTTGCTGAAATCTTCAGCAAACAAGAAGCACAGTCAGGAATTCTGTGCCAGGTTGCTGATGTCAAATGGAGTGTCTTAGCAAAGCATGGAGTTTAGAATCAGACAATTAAGAATTTGAATGCTGGTTCTTCCTAGCTCTGTGACCTTGGGCAAATTACCACTTGTGTACCTGTTTCTTCGTCTTTAAAAGA,"[[19699038, ""G"", [""A""]], [19699282, ""G"", [""T""]]]",yes,yes,G->A,2
chr9,83056150,83056506,CTTCTTATAATTACTCTGACAAAAGCAGTTATCATTTGGAAGACCCTGAATATTTACAAGTTGAAGCAATGAACTTGTTTGTTTGACAAAATAATTCTAAAGAAATCCTATGTGTCATAGATAAATTCCACCATTAGAACTTCCCTCTGGGAGACAGACAAGTGTTTACTTTCCATTTTACAACCTCATATGAGACTAATACAGTCAGGTGAGGCAGCCCTGAACACTCAGAATAAATATTCTCTTCCCATTTCCCTCTTCTGACTACATACTGCACTCAAGTGCTACCTAAATTGTAATAAGTGATACATGAAGCAAGAAGGCATACTGTGTATACCCTCTTAGGAGAGAAAAAGG,"[[83056183, ""G"", [""A""]]]",yes,no,G->A,1
chr11,6712507,6712781,TCCATTTTGTTGTTTTAGGAGATCCTTCCAACTCTCATTAACATTATTTTCCAGAGAACAAAAGAAAAACTATACTCTCCAAGAACATGTTTCCTTTGTAATTTTTCTGTCCTCAAACTTTTTCTGGAGAGATGAGTCATTTGACCTGACATTGAGAATAGGCTTGAAGCCCTTTGAGAGGACAAAGGAAATAGAGTCAGCATTCCTATCTCCATGCTCTGAAGATCCAAGTCACTTGGTTACTGCTCCCTGGGCTGTCTATTTTCACTGTTTAT,"[[6712544, ""C"", [""T""]], [6712696, ""G"", [""A""]]]",yes,yes,C->T,2
chr12,92634758,92635105,GAAAAGGCTACATAACGTTTGATTCCAATGTATTTGTTTCTGAGGGCTGCCTCAACAAATTACCACATACCAAGTGGCTTACAACAATAGAAATGTAATCTCTAGCAGCTCTGGAGGCTGAAAGTCCAAAAATAAAGATGACGGCCAGACTATGCTCTCTTGAAGGCTCAGGGGAGAAACTGTCCATGCCTTTCTGTTAGAATCTGGAGTTGCCGGCAATCCTTGGCATTCCTTGGCTTGAAGCTGCATAACTCCAACCTCTACCTCCATTATTACATAGTGTTCTTCCTGTGTCTGCATCTGTGTCCAAATTTTTCTCTTCTTATAAGAAAACCATTCATATTGGAT,"[[92634773, ""T"", [""C""]]]",yes,no,T->C,1
chr8,62894259,62894471,TGTACAAATATCTGATGAAACTCATATAATGAAGCTGGGTCCATTTTCACCTTTAGTGAAAAGAAAATATCACTGAAAGGATTTGAAACTAGGAACTGAAAATTCAAAATTATCTTTTTCTTGAACACTCGAGGAACTCAAGATTTTCACATTACTTTTGTTTTGGTTTCACTTTTTCGGTCTTTTGTTTGTGTTTTGTTGTTATTGTTTATT,"[[62894433, ""G"", [""T""]]]",yes,no,G->T,1
chr4,20687834,20688295,TCTTTTTTATAAACTGTGTTTGACAGTCACCTATCTTGCCCCATGACTTGCTCTGACCAGTGTGGCATTAGCAAACATGGCAAAAGAAGAGCTTGTGAAGGGCTTTAAGACATTGGTGCTCATCCTCTTGGAACATTCCTTCTTGGAAGGAGGCTGGACTACCCTTAGATCACCATGCTGTAAGGAAACCCAAGCTCATCATGTGAAGCATGGAAGGGCACTAAGACAAGTAGCTTTCAGCTAGATGCAGCCAAGTGAAAATCCCTAGCCAACGCTGTGTGGAAAGAAACCACATAGCAAGCTCAGCCCAAATTCCTGACCCATGGATCATGAAAAGTAATAAATCGCCATTGCTTTAAGCCACTAAGTTCTAGGGTGGTTTACTGTATGTAACAAGTAGATGAAACACGTTTTCTTTAGAGTTTTCCATATTAGTTTTCTAATCATTAGTTTTTCAACTGC,"[[20687863, ""T"", [""C""]], [20687866, ""G"", [""A""]]]",yes,yes,T->C,2
chr8,84247680,84248058,CTTGTATTATTTTCCAAGAGCTTATAATAAAGTACCCCTTCAAGTGTAATAACACAGACACGTCTAATCGAAGTGAGCCAGCTCACCATCTGCTCACAGTTCTGCTACTTAAGCAGTGATAACACTAAAAACAGTCTGCCAGAGTTTCAGTTATGGAAATAAAATAAATGGTGGGACTCAGACTATCCTAGCTTTGCATTAATTTGTGTGTCTTCAGAATGACACCAAAGTAGAAACAGTTCTTCTGTGTATTATGTCAAAGGAATATATTTTATAAAAGCTCTCTGTCAAGTGGAAAATTAGTTTCAAGATATAAACAGTTTTTGTGCTTAAGTTTACTAAACTAATAAATTTTAATCATGATAATTACAACAATAAT,"[[84247732, ""T"", [""C""]], [84247835, ""C"", [""G""]]]",yes,yes,C->G,2
chr16,78108514,78108724,TGGATGGAAGCATTAAGTAGATGAGGAAATGTCACTGGCAGAGAGGTGACAGGTTATTGTGTGTTTAGGGAGGGATCTCTGGTAGAGAACCAGACTCCCACTCTGAGGAGCTTATGGGATTTGGCAGAAGAAGATGATGAGATCATAGGGTGGAGTGAGGATGATTTCTTACTGGTCTTAAAGTACCAAAATGGCCAGATGTGGTGGCTCA,"[[78108588, ""C"", [""A""]]]",yes,no,C->A,1
chr1,62601574,62601851,TAAAAGCAAATAGTTTGGTAAGATGATTCTTACATTCTTAAATAACACGCCATCTAAGAAAAATGCTTTAACATAAACATTACTGAAAAAATGCTACATTTGCCACAACTTCATAAAATGTCAAGTGAAATCTCAAGCTCCAAAGATATTATTCCTATTACTAAATCTGATGTAATAACATTTTATTGATTCTAGGCATTCCTGCTGAATGTACCACCATTTATAACAGAGGTGAACATACAAGTGGCATGTATGCCATCAGACCCAGCAACTCTCAA,"[[62601580, ""A"", [""C""]]]",yes,no,A->C,1
chr9,41941706,41942175,TCACGGCTAATGGTGCCAAAGCAGATGGTGGAGTCTGGTAAAAGCACTTAAAATGTAACTGACTAATTGATGGATACTGAGCAAGGACAAGCTACAGAGATTGAAAACTCCTAGAGTGGGGGATACGCCTTAGAGGGTCAACACACCTTCAAGAGTTTTATCTCCAGGAAGAGCCCCATCAAGTTCTCAGAATAAAGATAGGAAAAAAACGCTCTTATGTCTCCAGCAGGGGGAGGGAAGGAGAAAACATTTTTGAAATAAGCGCTGAACATTATGTTCTCCTTAACAACATTCTAATCCCCCAAAAAGCTAGTTTACTAGAGCCTAAACCACCTAGGGGAATGGAAATACCCAGAACCAGCCCCCTCTACCCTTCTTTTCTTACCCAAGGGAAGGGGAAGGAAGCTGAGAAGCACTCTGAAGGTCACAGTCCAGGAAGACAGGTTCTCTAAAAGACTGACCTAATCCTA,N,no,no,N,0
chr2,132489210,132489489,GTGAAACCATATCTGTTTCTTACACTGAAATATTTTATTGTCTCCAAAACCTTCCTTGCAATGACCTTTTCCCCATTGGCAGGCGCCGGCGCTGTCCGTGGTGCTGGGCTTGGTGCCGGCAGCACCGAGGGCAGGGACGAGGGCGGTGGGGGCCGCTGGCGGCTCCTGGGCCGGGGACTTGCTGCTCCTAGCTCTGGTGACTGTGACTGGGGCTGGCGGCAGGCCGTGGGGCTGCTCAGGGTTCCCTGCGGGCTGCTCCCTCCTGGACTTTCTTGACTGT,"[[132489233, ""G"", [""A""]], [132489463, ""C"", [""T""]]]",yes,yes,G->A,2
chrX,58186386,58186680,CACCTGGGCGACATCAGTCATTCTAAGGATAGAGACACGCGGCCCAAGGCAGGCATTCCAATGACAGAGTCCTGGCCGACCGAAGGCATTCTAATAATAGAGACTCCTGGCCTAACTAAGAAATTCTAATGATAGAGACACCTGTGTGACCTTAGGCATTCTAAAGATAGAGACACCTGGCTGACTACAGGCATTCTAATAATAGAGACATCTGGGCGACGTCAGGCATTCTATTGTTAGAGACACCTGGAAAATCCCTGACATTACAATGAGACTCCTGGCCTATTCAAGACAT,N,no,no,N,0
chr5,28862820,28863144,ATTTACTTTATACCTGGTAAGATGATAAGAGTTTTCCTCCTCTTTTCTTTTCTCCTTCTAACCTTTATATTTGTTGTTTCTGCTATCTCTTATTCTTGGAGAGAGGTGGTTGAGAAAACAAATTCTTTCCTTTGTTTGGAGAGAGGCTGAGAAAACAAATTCTTCCTGTTGTTTGGAAAGCGTTTGTTTCATTATTTCTACATTCATCTCAACTGTGTAATCATTCTCAGCAAATATTTGCACTTAGGTTGCCATTTACCTCTCATAGCTGTACCTTTAGAGAACTAAGTACAAATATTTAAATATCAGGAAAATCTTTCCCTTA,"[[28863107, ""G"", [""A""]], [28863111, ""G"", [""C""]]]",yes,yes,G->A,2
chr17,37278195,37278606,TAATCCCATATTTAGAAGCTCTTATAGTAAAATAGCAATTCTCCAACATTTCACTATGTAATCTTTCTGAGGAATCTTTATGACTTCTATATCAAGGCTGATGTGTCTGTCAGTTAGGGGCCCAAGTGCAATTACTCTATTCCGAGAAAAAGTTCTAGTCCTGACATCCTTTGTCTTTAACTGGTACTGGACCTAGAGAAAGCCCTTTTCCTGGTACAGAGCTTGACAGAATGGAGAAAGATAGGAGAGCCTGAATGGCTTGCAAACTGGCTAAACAAGAAAGGTTAGTTACAGGAGTGTCTGGAAAGAGTTTATCTGGAATACTGAGGGTAACAGGTATTTGTAAGAAACTTTAGAAAGATAACCACTTTCTCATATCTATTTGTTGTACAGTATTCCCTTTCAAATTTGT,"[[37278379, ""C"", [""T""]], [37278573, ""A"", [""C""]]]",yes,yes,A->C,2
chr10,111478059,111478308,ACCTTGTTAGTTGGAACCAGCTCCTGACAGATCCTGGCAATTTATAGATGAGCCCAAGTGAACATTCCTCATGACCATGCTGAAGTTTCCACTCCAGGAGGAGCCACAGGTTCACTACCATAACATACAACCTATGTGCTGGCAGAATGACTCACTGCCTCTGCATCACTGGGACCCCTTCTCTACATGCAACGATGTGCCCTCTCTCCTATCCATCACTCCATTAAACCCTCCTGCCATTTTCCCTCAG,"[[111478168, ""C"", [""G""]], [111478252, ""A"", [""G""]]]",yes,yes,A->G,2
chr1,97254747,97255125,GTGTTAAAATAAACGTTTATTTCAACACTATACATGTCATAAGCCATTTATTTCAACACTCACTACTTCAGAAGACTTACCCAAAACAAGAAGAAAAGATCTCACTTGCTAAGTGTATGTCAAGAGGCCAAGACGCAGAAGATAAAACCGAAGTTTTGATGCCAGAGCTTTGGTATGTGGAAGTTCAGATCAGAAGGTGGAAGAGGAGGTTTGATGCTTAACACCTGGTAAAAGCTCTGTGGTTGTGGTAAACTGTTCATCATCACCACCTACATTGGCTTCATTTAGACATCACGTTTATCTTAAGTCATTCTGAGAGTTTAGGGCATGCCTGAGTATCAAATTATGAATGAAATGCACTGTTTGAGGTGTTTCTGCA,"[[97254808, ""C"", [""A""]], [97254909, ""T"", [""C""]]]",yes,yes,T->C,2
chr3,30310585,30311032,AATGGGGTCTGGAGGCAACACATGGGGACACTCAGTGAAAGGGCCTTCTGTATGGTGTTTGAGGGCAAGCCTGTAGACAAGATGAGAGTAGTGCTGATTGGACAAAGAAATCCAAGGCCAAGAGTAAGCCAATCTTCTGTGACTTCATCCTGAAGTCTATGGTCTGTGTCATCAAATATCCTTATATACTTCCTTGCTGTTCATCTGCTACAGTAAGTTTACGGAAATTCTTTACTTGCAAGCACAATTACTGCTACAGCCAAGTGTATGATGAAATATCACTTCCAGGAGGTGTACACTGTGAGCTTTTTGCCAATCCATGCAGTATTTCAGCTACAGAACCTTCATCGGGGCCAAAAGATTTTATCTTCCTAAGGCCAGTTAAAGTAATACAGGACTTAGAACACCTGATTCTCTGAAGAATCTATTTTGTAGACAGAGTAACCTT,"[[30310625, ""A"", [""G""]]]",yes,no,A->G,1
chr9,1747613,1747946,CAGTTATCTTGTGGTGGTACGTATTTGTCTCAACCTACACATTATTTTAACATAGCTGTGTTTAATAGCATGTGGAGAGAGTAAGTGTTTACTTTCATTTAACAGAGTAGCACATGATCTGTTCAACAGCCACCATCATGAAACAGAAAATAAGTTGGTCTCAGAGCATGAGAACAGAGAATCTAAAATGCAAGTCCAGGCCTTGGTAATACTGGCAGATTCCCTCTGGGGTTCACCACAGGTCTGTGACCCTCTAACAGATCACCTGAGCTTGCCTGGTGGCCCATAGGCAATGATAGATGCCCTAAATTATAAGCAGGACCCAAAGTAAAGA,"[[1747615, ""A"", [""G""]]]",yes,no,A->G,1
chr2,180690645,180690992,CTTTCTTCCTTCCTTCCAAGTCTTAGTACATATATAGAGAGGCATTCTGGCCATTAGTTTTTCATGAAAGTAGTTTATTCCTGAATCATAGGCTGTTTACAGTCATTGTACAGCTTGCATACATTTATCTTTAATCATCAGTTGCCTGGGAAATGATACAACATAAGATGTTGGTATGAGACAGATATTCTTCTCTCTTCCATTGTTCTCTCTCTCTCTCCCTGTGTGTGTGTGTGTGTGTGTATGTGTGTGTGTGTGTATTTATAAGGAAAGACTGCTGCTGTGTTAAATAATCAGATGTAATGCTTATAAGTATTTTATATAGTATTTCAAAACACAGACCCATAG,"[[180690766, ""T"", [""C""]]]",yes,no,T->C,1
chr5,174553640,174554031,TCTTACCGCGTGCAGAATAAAAGCTCTGGAAGCACATTCTCTGCCCTCGCGTCACTTGCAGACTTGTTGTGGAGAAAAGACTCGGGCACATGGCCCGTTAGGATGCATTGCCAGAAGAAACACCACGACAGGCAAGGTCCTGGGTTTTGGGAGCAGAGGCAGCGTTGCAGGCCAAGCAAAATACTTGAGATCACCCCAGCAGTGACTTGGACAAGATTCCTCGGCAAATTAGTTAGCAGTTGCCTTTAGAGGGCCATGGGATGACGTGGGGCTTCTGGAGGCCTTCTCAGCTCTGTAGCTCAATGTGAAAATAACCGCAGTAATTGATGTTCCTGCACTTGTCATATATCAGGCAGCACTAGGGATTTACACACAGATCTCGTTTAATCTGC,"[[174553679, ""C"", [""T""]]]",yes,no,C->T,1
chr15,75874406,75874711,CCTGTGCAGCTGGGATTATAGGTGTACACCACCACACCTGGCTAATTTTTGTATTTTTAGTAGAGACAGGGTTTCACCACGTTGGCCAGGCTGGTCTTGAACTCCCGACTTCAAGTGATCCACCTGCCTTGGCCTCCCGAAGTGCTGGGATTACAGGTGTGAGCCACTGTGTCCGGCCACAACTTAATATCTCTTTTACGTGAAGCAGCAGGATGTGAAAAGAACACTGAGTCTGGTGACAAACACACAATTTATGGTTTCACTTTCCTCAGCTCTAAAATATGGCTAGACAGTACATACCTTTTG,"[[75874485, ""T"", [""C""]]]",yes,no,T->C,1
chr4,3910586,3911036,GGCCCTGGAGTTCCTCCCTTATGAAACAATAATGCCTCCCAACACAGGACATCCCAGGCTGCAAGCTTGTCCCTTCTGCCCAGCTTCCTTACCCCTTACCACAAAAGGTGCCCCAAAAGCCCACAGCAGGGCCTGCCAGAGGCTGACGACATATCTTTCACTGTCCCAAGGGGGCAGGAGCAGCGATGGAAATATTAGGCCACAAAAGGCATGCCTGCAGGCACATATGAGGGAAACACCCAAAGCCAGATGTCAATGAAACAGTAATTCGGTGGAGTAGGAGAGGTCATATTCTCATGCAAGACTGTCTAAATACATAAGTCTCCTGGGGCACAATCTGCCAAGGGACAATGGTTCATGCCGCGCCACCTATTACACTGCCTTGCTAAGAACTTCCAACACACACTTACACACAAAGATACACACGCACATATGCATGCACACACATGCA,"[[3910855, ""T"", [""C""]]]",yes,no,T->C,1
chr3,131645701,131645965,ATGTGGCCCTGACTCCCAATAATGCATTTCTAAAATAACAGGTCCCTTAAAGGGATCCAAAGTCCTTTTTAGACTTTCTCACTTCCTCAAAAAAGGTAACTGAGAAGTGGCTAGGGGCAGGCATTACCATCTTTGTAGGTAATGTAGTTTAAGCACAGGAAGGTTATTTGTCTAAAGTCACAAAGAGGAGTTTCAGAATTGTGAGTGGAGCCCTCACCTTGACCTTGGAGAAAGGCTCAGGAGGCTCAAGAAACTATGCATGAAA,"[[131645788, ""G"", [""C""]]]",yes,no,G->C,1
chr5,143643843,143644114,TAGGCCCTTGACAATGTTTGCTGAAATGCATTAGGACATATCAATCCAGGCATCTGCTATTCATTATGCTATTTGCAATAATATACCCTAGATTAGTTGATCCAACCTCCTCCTCTCTTTCAGAGGTTTTGAAAGTTTAAAACCTGATTTTCTAGGCTTCCTGACAGCCAGATATGGCCACGTGATTGTTCTGCCAATGAGCTGTAAGCAGAAATGTGCTAGTACTTTATCTCCTCTTTTCTTCTTTTGCCTGAAATATGCCATGTTAGAGG,N,no,no,N,0
chr18,77351091,77351473,TATTTTCTGTTTCATTTCTTAATGAGGCTCTTTGGATTTTCTCTCTTCTTTCTTTGGTTAAAGATTATCCAAGATGCTAACAGTCTATCAATTTTATATATCTTGTCAAAGAAGCAGTTTTTCATTTCATTTATCTTTTGTATTTTTTCTGTTTCAATTTCATTTAGTTCTGCTCTGATCTAGGTTATTTCCTTTCTTCTGCTGGGTTTGGTTTTGGTTTGTTCTTGTTTCTCTAGCTCCTTGAGGTGACCTTAGAATGTCAGCTTGTGCTCTTTCAGTCTTTTTGATGTAGGTGTTTAGGGTTATGAACTTCCCTCTTAGCACTGCCTTTGCTGTTTCCCAGAGGCTTTGATAGGTTGTGTCATTACTGTTGTTCAGTAGGA,"[[77351158, ""A"", [""T""]]]",yes,no,A->T,1
chr7,78212672,78213028,GCAAATCCATATAGCTGGCATCTTTCCTAAGCACTTCCATGTGAATTCTAGTTTCAAATGAAACTAGATCTCGACTGCTTACTGCAGCCTTGACTTACTGGGCTCAGATGATTCTTGCACCTCAGCCTCTCAAGTAGCCAGTGGGATTACAGGCATGTACTGCCACACCCGGTTAACTTTTTGTATTTTTAGATGGGGTTTCACCATGTTGCCCACACTGGTCTCAAATTCCTGGGCTCAAGTGGTCCCCTGCCTTGGCCTCCTAAAGTGTTGGGATTACAGCGTGAGCCACCACACCCAGCCAAGACTTTTCTATTGTCCTCTGATATTTAGTGATGGAAGGAGAAGCCTGGATCT,"[[78212744, ""A"", [""G""]], [78212916, ""A"", [""G""]]]",yes,yes,A->G,2
chr2,172745645,172746005,GTTAATTTTAACCTTTCTTCTTTACTAATATAAGCATTTCAGCTTCAATTTCTCATTTTCAACACAAGGAAGCACAGGTATTTTTTTATTCAGTATTTGTAAACTTAAACTATTTCTGCTGGAGAAGAACAATTAATCAAGCTGATACTGGGACCTCTTGACTCCCTCAGCCTCAAGAATATACTTTGCAATGTGGTGAACAATATCCTCAACAACATTCCAACAGTGATTCAGCAGTGAGTTTCACAGGCTCTTTAAATACAGCATAATTCTAAAGAAACATTAAGAAAGGGTAATTCTGCGAGGGGGCCAATATAATATACAGTTTTCAGGTGATCTGATTTAATCCAAGGAAAGATTG,N,no,no,N,0
chr18,38542477,38542828,TGGCAAAATGGTCTGTCCAGCCTTGAGCCATAAATAGGAATGAGGGGGGAAATAGCCTGCTATGTAGATTATGTCCCCCATGTTTCTGTCTTCCTTTCCCTATCAAAGGCCCAGGAAAACCAGCTCATGTGACCACAGACCCTCTCATTAACATGCACACAGCCATCATGAGTTTGGAGGACTTAAGTCTCCATCCTTTCTAGTTATATCAAATGCCTTTTCCCTGGAGACTCCTTAGAATAGCTCCCACAGACCTCCCTCATTCTGCTTCATGTGCTCAGATGTAGGTCAAATGGTGTTTTAGCCATCAGGCATCCTTTTCTTTCACAGCCACCCTGGCTCTGCCAGATTA,"[[38542508, ""C"", [""A""]]]",yes,no,C->A,1
chr5,52911431,52911651,TATATATAGTATAGATACACTATATATAGTGTATCTAGTATATAGATACACTATATATAGTATATATAGTAGATACACTATATATAGTATATGTATCTATATATTAGATACATATACTATATATAGTGTATCTACTATATATACTATATATATAGTGTATCTACTATATATACTATATATATAGTGTATCTACTATATATACTATATATAGTGTATCTACT,"[[52911523, ""A"", [""G""]]]",yes,no,A->G,1
chr3,161794458,161794954,AGATGGCTCATGTTTGCCACATAATGCATTTACTCAGTTGCAAGAATAAATTGTACTGAAAAAGTAAGTGTGCAAGAAATGTCACAATACCTTTTATAAATACAAATGAATCTGACGCTAAGCTCTCATTCCATTGGGTTGATGGGAAATTCAGTCTCACTTTTTACTGGGATTCTCCTCCCTCCACTCCTCCCCTCCCCAGGTCTTGGAAAGGTCAAGAGTGTTTAATGTGGAGTGAGGTATTTCCTGTCATCATAGATTTGGTGATCCTATTATCTAAATCCACAGAGTCTCCTGAAGGGAGCCTTTGCTGAGAACAAGGATTTCGGACAAGCATCCCTTTGGGGTCATTGCCAATTCTCATCGCTGAGAACGCAGAGAACTTTGGTAGTGAAACTTCCAAGCCCCCCAAACAACCTCCTCCTGTTTTTAATCTGGGGACTAATGTCTAATACATCTACTTACCTCAGGGGCTTTCCGCTTTCCTCCTTCTCTGG,"[[161794502, ""C"", [""A""]], [161794785, ""A"", [""G""]]]",yes,yes,C->A,2
chr14,68221111,68221347,ACCATACTGCCAAAAGCCCTCTGCAAATTAAATGCAATTCCCATTAAAATACCACCAACATTCTTCACAGAACTAGAAAAAACAATCCTGAAATTCACATGGAACCAAAAAAGAGCCTGTGAGTCAAAGCAATACTAAGCATAAAGAACAAATCTGGAGGCATCACATTACCCAACTTCAAACTATAAGGGCATAGTCACCAAGACAGCATGGTACTGGTATAAAAATAGACACATA,N,no,no,N,0
chr12,106211975,106212258,TCGAACGCTGTGCTGGGAGGTCCACTGCTCCCTTCAGAGCTGTTAGGCAGGGATGTTTAAATCTGCTATAAGCCCCTGACTGGGGCTGCTGCCTTCTTTACAGCAATGCCCTGTCCAGACAGGAGAAATCTGGCTGGCTGGCCACAGCTGTCTTGCTGAGCTGCCATGGGCTCTGCCCAGTTCGAACTTCCCAGCGGCTTTGTTTACACTGTGACCGTAAAACCACCTACTCAAGCCTCAGCAATGGCGCATGCCGCTCCCCCCACCAAGCTCAAAAGTCCCAG,"[[106211976, ""T"", [""C""]], [106212140, ""G"", [""A""]]]",yes,yes,T->C,2
chr4,164550937,164551288,CTTGAAAGATTTGTATAAGGAACAAGTCAATTTTGCTTTAGTGAGAGAAATTAGGCCCACAAAGAGGTCTATTGGGATTTTAGGAATCAATAATTTATGCAAGAGTCAGGAGGATGGCTCTAACAAACTCAGCATTACTATTGACGGGACTTTCAGACCAGGGCTTAGGTGCAGAAGCAGTGAGTTCTGATCCTCAGCCTCAGACAGTCTTGTCTGTTTCAGGTGGCACCAGGCATCCGCCTCAGGCTCTGTCCCAATGTGGTGAGGAGAAACAGAGCAGATGTGTGCCCTCAGCAGGGGAGGCATTCACAGGAAGAGCGAGTTAGTAAACTGTGCAGGCCCAGCTCCTTGT,"[[164551007, ""G"", [""A""]]]",yes,no,G->A,1
chr1,217081946,217082213,ATTTTTTTTGTTTCCGAAGTCAGTCACTTGTTTGTTTAGACAAGCTGTGGCCATCTGTAAGGGAAAGTAAATATGCTCAAGCACTGGCACTGCATACGTGAGAATTGTCAGTCTCACTACCATCTTCGATGTCCAGCTGCCCAGCTGCCCTGCAACTACTTCAGGGAGAAACTAGCAGGTGCCCAGCAACTACTTCCTGCTTCCTCCCTGAAGTAATATGTAAAGTACCAACCACAATGCTTGTTCTACAGTAGACAAGAAATGTACC,"[[217081961, ""A"", [""G""]], [217082073, ""T"", [""G""]]]",yes,yes,T->G,2
chr1,109126610,109127039,ACAGGCACGTGCCACCATGCCCAGCTAATTTTTGTATTTTTAGTAGAGATGGAGTTTTTTCATGTCACCCAGGCTGTTCTCAAACTCCTGACCTCAAGTGATCCGCCTGCATTGGCCTCCCAAAATGCTGGGATTACAGGTGTCAGCCTCCGTGCTTGGCCTGTAGCATGGATCTTTAATGAGATCATTAGCCCTCTCCATCTGTGGTCAGCTGACAGGCTTGGACAGCTTTGGCTGTGAGGAAGGCGAAGAGTGCTGATTTCACCACGGAATCACTGAGACATGGAGGGCCAGGCTCAAGAGCTTGTCTGCTTTATCAAGCTGCCAGCTTGTCCGGATCAGGGCAGATGGGCCGGGTGGAGAATTCTGCCAAATTTTTTGAAAACAAGTCAAACTCTTCCTTTCCTCAGTCTGTATTGTCCCTCTGGTG,"[[109126619, ""C"", [""T""]]]",yes,no,C->T,1
chr4,125105559,125105923,CTTTTATGTTTCTTCACCTTTAAAAGACAGATAAGATCAGAAGTGAAATAGAATGGCTGCTTTTGTTATGACAGTAATGAGCTAGAACTGGACTAAATAGAAGAGACTGCAGATATGGGGTCACAGAGTGGTGAGACTTCATGAATTTATTCATTGAAATATGTCCACGTCCTCATAAAATGGGATGCCATCATTACATGTGTGGATTGCTTTGTTGCACAACACTGCTGTCTAACTTTGCTCTTGGGAAGTAATCCAAAACTGGTTTATATATTTGACTGCAAACATAAAAATATTGAAGTTTTAAAGGGACAACAAGCCTTGGATCACTCCTGAGATGATTTAGGATTTTACTTTCTGATAAC,"[[125105726, ""T"", [""C""]]]",yes,no,T->C,1
chr12,99618757,99619021,AGACCCAGGACTGAGAGCAGGATTCTGTTTTTAATTCAAGTGCATACTAAGTCAAGCTTTTCTTTGTGACTCAGCAGCATAGCCATGCAGGCATTTTAGTCTCAGGCCGGAGATTGGAATGGCTGCTCTGGAACAGGCTAGGAATCTCCATAACCAAAGCTGTGAAAAGCACCTCAGTAGTCGGCACTGGAATTGTACTCTACCCTGTCACAACCCTGTGGTAGAAGGAGAGCTGCTACAGCTGCAGTTTCTCCTGGGTGATGAT,"[[99618794, ""G"", [""A""]], [99618913, ""G"", [""A""]]]",yes,yes,G->A,2
chr2,101454275,101454771,TTTTCCTAATCCAGTCTAACATTGATGGTCATATGGGTTGGTTTCAAGTCTTTGCTATTGTGAATAGTGCTATAATAAACATATGTGTGCATGTGTCTTTATAGTAGAATGATTTATAATCCTTTGGGTATATACCCAGTAATGGGATCGCTGGGTCAAATGGTATTTCTAGTTCTAGAACCTTGAGGAAGCACCACACTGTCTTCCACAATGGTTGAACTAATATACACTCCCACCAACAGTGTAAAAGCATTCCTATTTCTCCACATCCTCTCCAGCATCTGCTGTTTCCTGACTTTTTAATGATCGTTATTCTAACCAGCGTAAGATGATATCTCATTGTGGTTTTGATTTGCATTTCTCTGATAACCAGTGATGATGAGCATTTTTTCATGTGTCTGTTGGCTGCATAAATGTCTTCTTTTGAGAAGAGTCTGTTCATACCCTTTACCCACTTTTTGATGGGGTTGTTTGTTTTTTTCTTGTAAATTTGTTTA,"[[101454293, ""T"", [""A""]]]",yes,no,T->A,1
chr3,95121474,95121848,AAGACTGCAATCTCTGTTGTTTTCACACTTTTATTTTAGTCCACACAGGTTCTAGCTTTAAAATTACTGCTTAATATTTTCTACAAGTTTATGATTCCAACAGTTTCTGTTCTAGGGAAGTTGATTTCATTTGTGACTCTATATTAGCCTGTGTCTCTAGAGATCAGGGTAACAGTTTGCTGTGCAAATTCAATTCTCTAGGGTTTAAGAAAATTCATTGATTTTCACTTTGTCTAAATCCTTATTACTGTAAGCATGCTGTGAACACTTTCAAACCCTTTACATGGCGAAACTGAAACAGGAGGCTTCATTATATTTATTGTCAGACAAATAATAGCTATCACTGCTGAGAATAATAATATTGAGAACATAACA,"[[95121599, ""C"", [""T""]]]",yes,no,C->T,1
chr18,7844084,7844357,GCAGCACTTAGCCCAAAGTTGTAAAGACCCCACCAAGTTCATGTGAAGGGAATGTAGACCCCGCCACTCAGTAGAGGAGTGTCTGTAACTTTTTAAGAAGAGCATGTGTAACAGGATATAAGTGTGGCCATGATTGCGAAATACAATGTCAGTATCCTCTTACCATAAGAATTCACATCATATGCTTCCTACATGTAAAATACACTCACTTCTTCCCCTTAAGATCTATAAATCTTATCCTCATTGGGATGTCAGATCAAAGTCTAGGATCTCA,"[[7844146, ""A"", [""G""]]]",yes,no,A->G,1
chr16,703429,703677,GGGACCATTGAGCCCTGCCTGCAGATGGCCTTAGAGCTGGGCAGGGCCCTGGTGGCCAGAGAAATGCACATCGGGCTCCATCTGCAGTGGCAGCCCCAGAGCCTGGCTGACAGCTGGGGTGGCTGGGGATTGGGGACAGGGTGCAGACTGACACATTCCGTGGCAGCCCCGTGACGCAGGCACACCCGCGTCCCTGCCACTTGGCACGTGGCACAGCGGCAGAGCTCCTCTCCCGCCCCCAGTTTGAGA,"[[703454, ""G"", [""T""]]]",yes,no,G->T,1
chr8,28820188,28820531,TGTCATTATGATGTTAGCTGGTTATTTTGCTCGTTAGTTGATGCAGTTTCTTCCTAGCCTTGATGGTCTTTACAATTTGGCATGATTTTGCAGTGGCTGGTACCAGTTGTTCCTTTCCATGTTTAGTGCTTCCTTCAGGAGCTCTTTTAGGGCAGGCCTGGTGGTGACAAAATCTCTCAGCATTTGCGTGTCTGTACACTTATGAAGCTTAGTTTGGCTGGATATGAAATTCTGGGTTGAAAATTCTTTTCTTTAAGAATGTTGAATATTGGCCCCCACTCTCTTCTGGCTTGTAGAGTTTCTGCTGAGAGATCAGCTGTTAGTCTGATGGGCTTCCCTTTGTG,"[[28820375, ""T"", [""G""]]]",yes,no,T->G,1
chr5,147174705,147174986,GATCCTTTTCTGGCAAGCCATGGGCTCATTGTTGTGCTGTCTTCCTAGCCTCACACAGGGCCTCTTTTTTCCTCTTTGCAATGGCCTCATCTTGTATGGCACTTTCTCAATTCCAGGGTGTCTTCTTTCTCATCTGATAACAATCACCATGTTAAGTGAAGGTAACCAAAAGTCTGCACTGGGTAACACCTGTGCATCTCACCTGGGGCCCTCTGGAGAAAACCACCTCCTATTTGTTGATAGCTAAGCACTTTGCAGCAAGCTACTTAACCTCTGAAAACC,"[[147174713, ""C"", [""T""]], [147174868, ""G"", [""A""]]]",yes,yes,C->T,2
chr3,13642672,13642948,CTGTGCTCCACATGGGTATCCCTTTAATAGGCCAGGTTTCCGCTGCCCTCCTGCCTGACCATAGGGTCTGACAAGGTCACCCATGAATCAGTAAAAACACAAACACACAACTGAACAGCACGCAGTCCCTCCCACCGAGCTGATTCATTTTCACCTTCTTCCATTGGAGGGCTGGCCTTCCAAACTGTGCTGTCCGCATACCTTGGAACCATCATCTATACACACTGGCCAGTCAAGAGCTCTCACAGAGCATCAGCCAAGTGACAGTAGGATCTGG,"[[13642684, ""C"", [""T""]], [13642889, ""G"", [""A""]]]",yes,yes,C->T,2
chr1,64701891,64702316,TCATAAACTCACACCTCGAATGAGTGACTTGAGGGGAAATCAAGGAGAATGAACCAAGTTCCAACAGGCCAGGGCAGAGCAGAGAGAAGAGAACAGCTGCAGGGATGGGAGAAAAGTGAAACAGAATTGAGTGGGGCAAAGGCTCAGAGCCAAGGATAGCAAAGCCCTGATGAATTCACAGGAATCTTGAGAAAGTTATTGGACTTCCTGCAAGACATGGGATGAAAGGTCCAAGCTAATTTTATTTAAGCCTCCAAGGACAGCATGACCTCAGTGGACATCTGGATAGGTGTCAGCACCCTATGCTTGATGTCTCCTTCTTGGCTCTAATCACACTTACTGTTATTTGTTTTATTTCTGCCTCCTCACCAGCCTGTAAGCACTGCCTGGTCAGGAGAAAATCAGTCTTCATGCTACATCCTGATG,"[[64701956, ""G"", [""A""]]]",yes,no,G->A,1
chr1,144437052,144437413,CTTCTCCCTTAACTGGGTCAGCTCTCGTTCCTGAGCGTGAACCAGGACTTTATATTGCCTAAGGTGAGACGGTAGAGAAAATTTAAGAGTGGAAAGGGTTGAGTGATCCGCTCAAATATTGCAACAGAGATTTCTGAGACAATGTCCTCAAGGAGACCTCGAAGCAGAAGGTCAGCACATGTTTAAAGGAATGTCTGTGGCCAAGAGAAAGAATAGAAAATGGTTTACAGGCTTCCTCTGTATCAGAGAGGGCTCCTGCAAGATCCTCGATGATGTTCCATTCATCTTTCTCTTCTGTAAACAAAAGTAGGTGTCTTCCTAATTCCGTTTCAAAAAGACATCCTTTCAGTTCCTCACTCTGG,N,no,no,N,0
chr11,20909952,20910422,GCACAGCAAACCCCCAAAACTCAGGGGCTTATGTCAGTAACCTCACAGGTCTGCTCAAAAATTGTGTTGATAAGGATCGGTCTTGGTTGATCCCCTCTAGATTTACTCATATGCCTGTAGCTGGCTGGTGGAGTTGGCCAAAGGCTGACTTAACTGGGATAGTCTCAGTGCCATGGTGATTAACTCCTGGCTGGGGCAATGTTGACGACTGGACCATGTGTCTTTCATTATCTAACAGGCCAGCCTGGGCTTGTTCCCGTGGTGCTCGGCAATGTTTCAAGGTAGAGTAGATGTTCACAAGACCCTTGAGGCCTAGGCTGGGAACTGGCACACCATCACTTCCACAGTGCTTTACTGATCAAAGCAAGTCACAAGACTAGCCCCAGACTTAAGGGATGGGGAAACAGACTCCCCCTCTTGAAGTGAGGGTGTACAAAGTCACTGTTCAAAATGTGTGAGTACAAATGGGGA,"[[20909957, ""A"", [""G""]], [20909992, ""G"", [""C""]]]",yes,yes,A->G,2
chr1,170836284,170836518,TCCCAACCCATTTTTCTTTTGCCAGTCAAATACATAGAAGTAATAGCTCACTAATCTAGCCTGTGTTCTCTGATGAGTCATGATTCTAAGTAGCTTGTTCATGTGCTTGTTAGTCCTTTGGGGTTCCACTTCTGTCAAATGTTTTTATACCTTTTAGTATTTTTGTCTTCTTGTTAATTATGAAGAGTTTCCAATAAATTCTGAATAATTACATTTTAGTTTTTGGCATCAGAAA,"[[170836320, ""A"", [""G""]], [170836486, ""A"", [""G""]]]",yes,yes,A->G,2
chr4,175190723,175190933,TATTATTAATAGTAGCTTATTGAAGCCCCTGGCATTATATTATTATTTTTCCTTTCAGTTCTGTCTTTGTTTGTTTTATATATTTAGGTGTTTTAACCAACAGAGAAATGAAACTGAAAACCACAATGAGACATCATGTCACACCTATTAGAATGGATATTAGAGTGAAAAAACAAATGCTAGCGATTATATGGAGAAAAGGGAACTCTTG,"[[175190775, ""C"", [""T""]]]",yes,no,C->T,1
chr7,15628906,15629289,ACCTTCTCACAAGCATCCACGTTCTCAGGTGAATTGAAAGAACTTTTGCCAGTTTGGATCCCTGCTTTGCCTAAAATCTGTGGCTGATTATTCTTTATGTGGAGACAATGCTCTTTTCCTTTCAGTCAAGCAACTCTGGAAACTGACAGTAAAGCCAGCACACTTTTTCTCATGAGCAGTTCAATTTGAATGATTCATGGTTAGCACATTCCCTTATGTAAGCATGAATGAACAAATTCAAATTCAGGAAAGGCTTTGACTTGTATTTATTTGAGTTTCTTTGAAAGTGATCTTCTTTAACTTTTGCAATATTCAAAAGTACTTCATAAATACCACACAGTCACACAAACAAAAACACAAAACATGGGCCAATTCTCAGAAGGA,"[[15628957, ""A"", [""G""]]]",yes,no,A->G,1
chr4,31877458,31877855,GAGGATTTAGAAAGAGTTTATAAACCAGCAGAACAATCTTCCTACAGAGAAATCGATATGGAAGTTTCTTCTAATACCAGTCATTAGTAAATGACTGATCTGAAAGAGATAGCTAAGAATAATATTCTCTTGCTCTGACCTAGTCACATGGAATTATCCTGATGGCATCTCTCCCTGGGGATTGAAATCTACTTACAGGCATCTCTGCCGTCTGCTCTGATGTTTGCCTGTTTCTTTATATTTTCCATTTGACCCTCACCATTGCCTGCCTTTTTCAGGCTCTCTGATTTGTCAGATGTACTATCTACCCACAAAGCTGGTAATAAGAAGAAATGTATTAATTATTTTACATGACTCTATACCTGAGCAGGTATCATAGAGTTTATCTGTCTCTGTCA,"[[31877498, ""T"", [""C""]], [31877793, ""C"", [""T""]], [31877843, ""A"", [""T""]]]",yes,yes,A->T,3
chr2,6538617,6538997,CAGAAAGGAATAGCATCAACATCAACAAAATAAATCAACAAGGAAAAGACAAATAACATTATTAAAAAATGGGCAAATGGCATGAACAGCAACTTCTCAAAAGATGACATTTAAGTGGCCAGTAAACATATAAAAAATATTCATCATCATGAATCATCAGAGCAAAGCAAATCAAAACCACAATGAGACAGCATCTTACATCGGTCAGATGGCTATTCTTAAAAAATCAAAAAACAACAGGTGCTGGCAAAGCTGTGGAGAAAAGAGAATGCTTATACACTGTTGGTGGGAATGTAAATTAGTTCAGCCACTGTGAAAAGCAGTTTGGAGATTTCCCAAATAACTTAAAACAGAGCTACCATCCGACCCAGCAATACCACT,"[[6538842, ""G"", [""A""]]]",yes,no,G->A,1
chr11,23284650,23284957,GGTTAAATCATTTCAGTAAATATATGTGTATAGTTATATGGTGTTCAGGACACAAAGCAAGTAAATATCTGAAAAGACAAACAGATTAGGAATCTACTTGGTAAAATGCCTCAAATAATGCAATACTCTGAATCTTGGATGGGAGATTTAAGTATATTTGCATAGTTTTCCTATTAAGTCATTTTAGAATGCTTTACAGCTAAAGTTCCTACCAAAAAGATCCAATTACCAGAGTTTCCAACTTCCTGAGTATTTCTGAGGATTAACTGTACCATGTTGTTTTCAAATCTATTTTTGTTATGCAATTG,N,no,no,N,0
chr14,36807738,36808130,TGTCCAAATCTTACTAAGTGGTAGAGCTGTGGGCATCACACTTCCTTTGTCTGTGTCACAAGCCACTCATTCCCCTTCTTAATGAAAACAAGAGGGAGTGAGTATACCTCCTGGGGCTGTGCCATTTGTGCCGTCTGAAAGGCACTTAAATGAGTGGCACATTATCTCACACATCTGGAGTTTACCAAATTAGCCAATTATGCTCGAGCTCATAAAACGAGGCCTTAAATGTCATTTAACTAGAAAATATTATAATCACCAAGTGGTCTGATTGTAAGATGATACCTGGGGCAGCATCAGTGGTTACAGAAAACAAATCGTGAAACTAAACACAGTTCAAATGCCCCCCAAATGCAACCACATATTTTCTACAGCAATACTTTCTGAAGAATA,"[[36807757, ""T"", [""G""]]]",yes,no,T->G,1
chr20,26252625,26252904,CAATAAGAATTTGTTCCTTTAATTGTCCTGTTGATGCACAAAATACTTAAATGCTTCTACATAGGTCTGCTCTTGTGCATCACAGAGCACTAAGGTAAAGTCCCCACGGTAAAAGTGCTTTTCACCTGAGCTGCTACGTGTGACAGTAAAGCAGCTGAAGGTTAAAAAAAATCAAAGCTCCCCAAATATGGGTATAACAGCTGGTCCAACCTCACAGTCTGTACTTTCCCTCTGTAACAGCATGGATAAATAGAGATAACTAGCAACTGATACCCTAGTG,"[[26252720, ""G"", [""T""]]]",yes,no,G->T,1
chr8,55364204,55364652,GACAGTTCTGACGTCCTTAATGGTACTGGAAGGAGCAGGAAGGCAGCATCAAGGACATCTGGTCCCCTCCTCTATCTGACGCGTGAGTCTTTGCTCAAATCCAACTTTGCCCAGCACATTCCACCCCCGGGCCCACCGCCTCAGCTGGAAGGATGCTCATCATCGCGAGACTCCTACGGGATGAGCCCTCCTCTCCAGCTCTGCTCAGGCCACGCCCTGCTCCTTCTGTAGCGTGTTCTCCCCGATGCCCCTCAGGACACTGAATATTCATGCCAAGCAGGTTGCTTTTAGTCCCCAGGCAGGGTTGTCTGAAGTTGAGCTATGCATTCTGCCAGAGTCAAGCTGGTGTCTGAAACTGTTTTTCTCAATGTCCTTCTTATTGTTCGTTTGGTTGGCTGGGTTTTTGTTTTGTTTTGTTTTGTTTTGTTAGGTTTTTTTTTGTTTTCTGA,"[[55364287, ""C"", [""T""]], [55364632, ""G"", [""A""]], [55364635, ""G"", [""T""]]]",yes,yes,G->T,3
chr13,87656337,87656706,AAATACATTTCAAAGTATTATATTTTAGGAAAACATTCAACAGACTACCCTATAACTTCCTAAAAATTCAGAAACTCTGGAAGGCCAAGAGCTGAGCACTTTAGAGTCACCTATTGCTCACAGCAGACAAAGAATGGCCCCTTCCAGTAATTGCTCTAACAGCTGCCAAGTTAGTCTTTTAGCTGGCACAGTGGCTTAAATTCTCAGCTACAGCCTGCCTCATCAACCAATCAGGAAGTATAATGGCTATATATTTTTAAAGCGTTTCTCCTGGCAGGAACCCTCTTGATGATTCAAAGAAGTCTTGGGCTGCAACAGCTACAACTACTGTGGCCCCCAGACTCTTCCTCATCAATGTGACCAAGCTTTG,N,no,no,N,0
chr15,59144568,59144880,TACAGGTGTAAGCCACCGCACTGGGTTCCAGGTCTTTTTTCTGATTCTAGGAAAGTTTTACAGAGAGCTCTCAACAGCACTGAGGAACACAGGAAATCTGTGTCAACGAAGCCGTCACAATCTCTACGATTCACCAGACTGGAGACCTGGAAGCCACCTTGGAACACAGTTGGTGGGAACAGCCATTTTCCCAGACTCCAACAGCCTCGAAAACCCAGGCAATCTCCTCTGCATCACTAGGTGGCAATCCTGTGTCATTAATGAGAAGAAAGAATGACTTTTTGTTTTGTTTTGAGACGGAGTTTCACTCTTG,"[[59144589, ""C"", [""T""]], [59144800, ""G"", [""A""]]]",yes,yes,C->T,2
chr16,14775776,14775986,CCATGCCCAGTAATTTGTTTTGCGTGTGTGTGTATTTTTAGCAGAGATGGGGTTTCACTGTGTTGGCCATGCTGGTCTTAAACTCCTGACCTCAGGCCATCCACCCTCCTTGGCCTCTGAAAGTGTTGGGATTACAGGTGTGAGCCACCACGCCTGGCCTTTTGTAATTATTCTAACAGCTACTACTTATTAGGTGCTGACTATATGCCAG,N,no,no,N,0
chr2,27208079,27208364,AGCCTAAGTTTCTTAGCAGAATTTCCCAGCCCCACTTGAAGGCACAGACCCAGTCACTACAATACACTAAGCCAGCAGAGCCCAGCCTGGCGCCACAGCCCAGCAGGAAACACAGCATGGAGACTAATGGCAGCAGGGCTTCCCCTACTGCCCCTGGCCTCGGCCCTCGCCTCCTGTGATCCCCAGTGTCACCCTTCTAACTGATCATCAGTGAGACTGCCTCTGTGGCAGCCACAGACTCCATTTCAGGCGTCCCCAGGCCAACCCCTTTCTTAAGGTTCTCCCC,N,no,no,N,0
chr18,35850381,35850580,CTCACACAAGGCCTGTTTGGTGATCTCTTCACACGGACAAGAGTGAAACTGACCTCAGGTGATCTGCCCGCCTCGTCCTCCCAAAGTGCTGGGATTACAGGCATGAGCCACCACACCTGGCCCCAGCTTGAGATTTTTGAGATGGCTTTTAGAGACTTGAGTCTGGCCATCTCCCAAGCCACGAGCACTTGAATAAACCT,"[[35850390, ""A"", [""G""]]]",yes,no,A->G,1
chr1,53473499,53473780,CTCTTTTTGGTGTCTCTTTCCAGAGATAATTTATACATATAAAAGCTTTTTTAGATTAAATTTTAATTCTGAGGTTGTTATAGATTCATACTCAGTTGTAAGAAATAATACAGAGAAATCCTGTGTACCATTTACCCAGCTCCCCCCGATGGTGACATTGTGCAAAACTACAGTACAACATCACAACCAGAATATTGACATCGATAAGATCCATCCCATTTATTCTGACTCAGTTTTACAGTTCACATTCAAATTAATTTTTGTATCAGGTGTTGAGGTGTA,"[[53473507, ""T"", [""G""]]]",yes,no,T->G,1
chr5,161793197,161793600,TCAGGAGTCTTTATAGCTGAACATAGATTTATATAGTCATAGGCACAGATACCTTGCCCAACACTGCAAATTGGAAGCTGGTTAAGTGAAATTTCTATTTAAGAGAGAGACTAGCACAAACTATTTCCTTAGTTGCCTGTCAGGTGGCTATTTTTACTGACTTAGTAAAAAGACAGATGGCTATTTTTACCTACTTAGGAAATAGAGTAGTACACAGTACAGTCCTTAAATTTCATACCTACTTTGAAAGTCCTAACTGCATTGTTATATGCTTCTAGTAGTAGTGAAAGCCAAGAGATATAAATCTGTTTAATATGCAGAGGGAAGACCTCAGCCTACTGAGGATGCAATGCTTTAGAAATTCATGATTCACCCGGAAATTCATGAATCATAGTTATACTAGT,"[[161793213, ""G"", [""C""]]]",yes,no,G->C,1
chrX,111221178,111221413,GGAAGGGCTTTCAAAAAACTGTATATCTAAATAAAGCTCAAACGGTGAAATCCTGTCACATTTTCACAATGATGCTTAAAAGATAATTGAGTAAACCAGGTTGTTAATCTCCTTAATACCTGAAAGAGGACACACTGAAACTGAAACTGTGACATCCTGCTAGGTGAGTTCAGGTTCTGAACCTAGGAAATCCTCATAGGAGAAACCACATTTAAACAAAGATGGGACTTTCTCTG,N,no,no,N,0
chr4,183818164,183818424,TAGGACAACAGTGGAGGGAAGGTCAGCAGATAAACAAGTGAACAAAGGTCTCTGGTTTTCCTAGGCAGAGGACCCTGCGGCCTTCCTCAGTGTTTGTGTCCCTGGGTACTTGAGATTAGGGAGTGGTGATGACTCTTAACGAGCATGCTGCCTTCAAGCATCTGTTTAACAAAGCACATCTTGCACCGCCCTTAATCCATTCAACCCTGAGTGGACACAGCACATGTTTCAGAGAGCACAGGTGTTGGAGGTAAGGTCACA,N,no,no,N,0
chr7,148031872,148032202,TCCTAATATTACAATAAATTCTCATTCCCTAAGGCTATGTCACTCCCTAGAACTAAGTTATCTACTTAGGGAAGATCATTCGTCACTGCCAGGTCTCCAGGGTAACATCAAGGCTTTATTGTTGCAAGTCGACAAATCGCCTCCCATCTGTCTGCCCTGACTCTGTGACTGCAGCCGCGCGGTGCCCTAGATGTTTCCCCAGTGGTCTGAAAGAATTAATGTGCCTCCCTAAACATCTAACTTAATGCTAGGGAGGGGCTTAGGCAATGGGGGAAATCCGCCTGGAAGAGATGTTCTGGATGTCAGTAGGTTGTGCTAATCTGGCTGTGGT,"[[148031881, ""C"", [""T""]]]",yes,no,C->T,1
chr22,32358160,32358415,TGGCTGCACTCTTCCAAGAAGCAAGCAGCTGTCCTGTCTGCTCAGACTATCTGGAAAAACCAATGTCCCTGGAGTGTGGATGCACCGTCTGCCTCAAGTGCATCAATTCGCTGCAGAAGGAGCCCCATGGGGAGGATCTGCTTTGCTGTTGCTGTTCCATGGTCTCTCAGAGGAACAAAATCAGGCCCAATCGGCAGCTAGAGAGGCTGGTTTCCCACATCAAGGAACTGGAGCCCAAGATGAAGAAGATTCTACA,"[[32358194, ""C"", [""T""]], [32358399, ""C"", [""A""]]]",yes,yes,C->A,2
chr3,96700395,96700771,TAACCCATTTCAACTGGGGGATCATCAGGGATCCTGGAAGGTGAATGTGAACAAATGTGAAACTGTCGGGTCTGTCTCTCTTCTGAAACCCTGCCACCTCTTTCTCTTTCCTGCGGGTAAGAGCTTCTGTTTCCCTTCAAAAGCTCTGTCTTAACCTGCCAGTAAAAACCCCCAGACTGTCTCTTTTCTCTCTCACACACAGTTCAAAATGGCTCTTATCTCTTCCTTCATAATGTTAAGAGTTTTGCTACAGGCTGTGGCAATGTTACTAAGTAAAATGAGCATTAGGCTCAGCTGCCAAAGGTGCAAATCAGACCAATTGTTCCTAGAGGTGCCCCTCCCAGCCCGGGCACCTGGGTGTGTCTGAGCAGGCAAAG,"[[96700415, ""C"", [""A""]]]",yes,no,C->A,1
chr2,115357682,115357903,CCTACTCCACATTTTCCTTCTGCTCTATCCTAGCAGAGGTTCTCTATGAGGACTCCACCCCTGCAGCAAACTTCTGCCTGGACATCTAGGCATTTCCATACATCCTCTGAAATCTAGGCAAAGTTTCCAAAACTCAATTTTTGTTTTCTGTGCACCCATAGGACCAACACCATGTGGAAGCTTCCAAGGCTAGGGATTTGTATCCTCTGAAGCAACATCTTG,"[[115357760, ""C"", [""T""]]]",yes,no,C->T,1
chr3,159273086,159273422,GATAGAAGACCATGCTATTTAATATAAGTAGATTTTCAAGAAAATCACTATGCTAAATACTTCACTAGAAGGACTTTATCTATATACAGCAGCAACTGTGACCTGCTTTAGAGATGACATCATTGGGTGTCATGTGGCTCTTTATACGTTTCAGCCTCAGAAAGAGATAATCTGTGAAAGCCACAGAGCCTGATTTCTGCTGTGATAATCTTCAGCAGACCGAGGCTGGGGCGAGAATGAGGCAGACCTGTTTACATGGTGTGTGCAGTGCCTTGTGGAATTCTTAACTCTATTTTATTGTATTATTTTTAATCGAAAAGTAGATCAGATGATAGCA,N,no,no,N,0
chr1,213186239,213186583,CCCTTTAGCATTTCTTATAATGTAGACCTGATGGTGGTGAATTCTTTCAGCTTTAGTTTGAGAAATAGTTTCTCTCTCCTTCATATCTGAAGTATAATTTTGCTGAATACAGTATTCTCGGATGGCAGTTTTATTTTTGGTTTGTTTTTTAAGCACTTTGAAAATGTTGTTTCACTCTTGTCTGCGTGGTTTCTGTTGAGAAGTCTTGTCAGACAATGTGGAGGTCCTTTATATGTTATTTGCTTCTTTTCTCTTGTTGTTTTTAGGATCCTCTCTTTGCCCTTGACCTTTGAGGGTTTGATTATTATGCCTTGAGGTAGTCTTACTTGGGTTGAACCTATTTTG,"[[213186265, ""T"", [""C""]]]",yes,no,T->C,1
chr6,394981,395329,GGATTGTTCCTGAGGGAGCCAAAAAAGGCAGGGGCTCTCCTGAATTTGGGTCACCTAACAGAGGCAGCCAGATCCTTGAGGCACCTTAACTTCATTCTGAGCATCACTTTCTAGCTTTCCTTTTGTATTGCCTGCCTGCCTGCCTTCTGCCTCACAGTGAAGCCCAGCCTCCTTGCCTGAGTTATGTGGGTCACAAGTTGAAATTCCTGTGGGGTTCAGCATAGGAGAATTAATCACACTGTATGCCTCAATGTATATGGGGGGGGGTGCATTGAATATGTGTTTTCCAGTTAGTCTTTCAAAAAAAAAAAGAAAAAAGAAAACTGGATAACTTGTTAAAATTTACTTA,"[[395009, ""T"", [""C""]]]",yes,no,T->C,1
chr14,33352834,33353160,CTCAATTTTGGGTAAAAATTTGAAGAAAATAGTGACTTAACAGCAATGGTGCAAGTGAATAAAAGTAAGTTAGTTCAAGAAAATGAAAGTGACTATATAGGTCTTATCAGAATCTGAAAACCTCAAAGCAGACTGTCTCAGAGAGGAATAAAAATGAGAGGAGAGCTAAGGGGAGCAAGTTGAGGTCAGCATTTAGTATTTTCTTCTGAGTACTAAGGACAAAGTTTATATAAACATTTTTGAAATTCCAGAAAAAAAAATCTCTTTCTCACTTGCCAGATAGAAAGTTCAACCTCAGTGATGATGGAGGCAATGGCTTCTGTAAAA,N,no,no,N,0
chr1,3921835,3922084,TTCCTGAAACCACCACCCACATCGAGAAAGGGAACTTGGTTTCCTGCCCATGCTTTTCTTTTCCTCAAGCTTTATCTGATGACGAGCCCCACATCTGGCTGTAGAGATGCCATCCTTGAGGCTTTGCTGAGGCCTCTGCGGGGTGCTACCATGTTCCTCTGTCCTCCGCACTTCCTGGCAAGGGGCAGCTGGAACCGGAGGCTGCATCGGACTCTGCCTTCATTACCAGTAGAGGGTCTTGATTACGAGT,"[[3921836, ""C"", [""T""]], [3921862, ""G"", [""A""]]]",yes,yes,C->T,2
chr6,140379487,140379815,TGCTGTCCCTACAGCAATTGCTCTGAAGAAAGATGGAATCTGTTCATTAAGTGCATTAATAAGTAAGAGAACTTCCAACAACAGGGCTCAGAATGCAAAATAGCAGTAATGTGGCCAAAGATGAGACTTGTTGCTTTGACTTGCTTTGTTAAGAGGCCTTAATTAACTTTCCCTCTCCCCACAGAGTCTGACTCTCATTGGGAAAGTGATCAGGCAGGCAGAGCCCAGTCCATCTGCTTGTTTCAAGGGTGGCCAGAGGCGTACAGAAAAATTTGCATATTGAGGTTCTTTCTTCAAGTAACAATACCATTTTTTTAAAGTTACTCTTA,N,no,no,N,0
chr3,38353198,38353483,TACATAAAAATATTTGGAGTTTATCCAGGTACGTAGTATGACATTTGTATCCAACTTTAATTTTTCCCAGATGATTCTTCAGTTGTTGTAACACCAACCATGTTTTTATTTAATTTATTTTTTTTATTTGAGACAGGAGCTGGCTGTCACCCAAGCTGGAGTGCAGTGGTGTGATTCAGCTCACTGCTATCTATGCCTCCCGGGCTCAAGCAATCCTCCCTCCTTAGCCTCCCAAGTAGCTGGAACCACAGGTGCGCCCCTACCATGACCAGCTAATTTTTTTGTA,N,no,no,N,0
chr5,138758690,138758982,AAAATACATTATTTTCTTGATTTTTCCCATACCTTCCTTTAGTTTTTTGAACATCTGTAGGACAGTTGTTTTAATGTCTTTGTCTAGTAGGTCTTCCATCTGGTCTTTCTCTGGGACAGTTTTTGTTTTTTTTTTGAGATGGAGTTTTGCTCTCGTTGCCCGGACTGGAGTGCAATGGCGTGATCTTGGCTCACTGCACTGCCTCCTGGCTTTAAGCGATTCTCCTGCCTCAGCCTCTTGAGTAGCTGGGATTACAGGCATGCGCCACCACACCTGGCTAATTTTGTATTTTA,"[[138758749, ""A"", [""G""]]]",yes,no,A->G,1
chr4,144589491,144589898,TGGTAGAATGCATCAAACCTAGTTAGCACACTCAGCGAACAAATGATGCTGAAATCACCAGCTTAGTGTTTTCACCAGCCAAGACACTTATGAGATGTTACTTCATGGTGACAGTGGTGACTTCTCATCATCAAAGTTTTTCTGCTTCCCATAAAGAGTTTTCACCATTCATCTAAAACGAAGCATGGAAGCCAGAGCCAGGCCCCCACAGCTCACCACCAGACTGTGGTTAGCTCTACCACAAATGAAATGTGCTATAGTAGGCAAGCCACTGAAACTGTCATGACTCTGAAATTTCTCAACTGTAAAATGGAATAATAGTACCTGCTTTACAGGTTATTGGCAGGATTATATGAGTTGATACCATTAAAATATCATCACTCCCCTTTGCCCAAGGAATAAAATCCA,N,no,no,N,0
chr1,215393547,215393835,CTCACACATAAAGAAACAAAGCACTAGCACTACTTACTGTCTTTCTCAGGAGACCGGATTGAGAATCTGAAGAGCTACAGGAAGAGACATCATACTACTTGGAATTACTATGCATGTGGCATTTCCCCAAACTTCCTCTTGGCAAATATTCAGCATACAACCTTGCTCCTTGCTGTGTTTCCCTCTTGCCTTTGCAAGACTGGGAATTTCTGAAGGCCAAGCTAGGGGAAATACAAATGAGAAGGAGGAAAGCAGAAGAGGGTAAGAAATTTTTCTTTCAAAGTTAAAA,"[[215393621, ""T"", [""C""]], [215393702, ""G"", [""T""]]]",yes,yes,T->C,2
chr7,3464912,3465232,TCCCTTTAGTATTTGACATCAAACTGTAGCTTCCACTGAGTAGTTTTAAAATAATGTACTTCGTGCTGCTAAGGCTAACATTGTTGCTAACCAGAGGAACCACAGAGGAAGACTTTTGAAAGAGAGGGCACAAACTCTTACAGATGTCAAGAGTCAGAATTTACATGTGGTGGGGCTAATCCGTAAGTGAGATTACCGTTAGGGAGCTCCTTGACGCAAATTGGCATTGTGCCTGCACTTCCGTGTGACAAGTGGGGTTCTCAGGGTGAGCCCTAGAGTGTGCTTTTTGACTTGTAGCATCTCTGGATTCTGGGCTCAAGC,"[[3464937, ""A"", [""G""]], [3465168, ""A"", [""G""]]]",yes,yes,A->G,2
chrX,137771612,137771903,TGTGTAGCTTTTAGTGGTGCCGTTTTGGTTTTTGATCCACAGCTGATGACTTGGTGTTGTATTTCAAGTACCAGAGGATTTAGAATCACACAACCTTTTGGTTTAGTTTCAGTTCAGCCATTTACTTGCTGTATGACTTTGGGTAAGTCAAGTACATCTTTGAGTTTCAGTTTCCTTGATGGATCAAGCCACTGCTCTACCTATTTCACTGAATTATTATGAAAGTCAAATGAGAAAATGAACAGAAAAAGGCTTTAATTACTGTAAACATGAAATAAAAGGGCATTATTAA,N,no,no,N,0
chr4,188305772,188306024,CCACTCCATTGGCAGCGCTGTGGCTAACCCTGTTTCTCATGGCTCCTTCTACCTTTAACAAAATTTAAAACAGGTAATTGTGCTGTTAATTGGGGCTTGGGGGATGTTACCCTTCCTTCCTCTGGAAGGGTTCAATGTTCAAAGGCATCTAGTCATTATTTAGTGGTGAGGTAATGTCTCTAGAATTTGGAAGTGAAGCTCAAACAGAAAGAAACAGCAGGACTGGACGGGCTTCCAAAGAGTGACTTATTTT,"[[188305788, ""A"", [""G""]]]",yes,no,A->G,1
chr9,79824246,79824643,TAGGTGCTAAAATCTTCAAGGAATTAAGGGAGTGACCTGTGGATCTGTAGGTAACAGGAATAAGCTAAAATGGTGCTTGGTAAGGACTAATCACATGGTAATAAAAGATCAGAACTTTGTGTTGTTGTTTGTTCTTGTGGCGGGAAAAAGGATGTTCCAGTGGCAGTATGAAAGCAGAACACCTGCCCCTACCTCCAGATCTGGCATTACGAGAACCTTGCAAGATACCACAGCTACCACTTTCAGACTGCTGGGTAAAAGCAAGTGGTTTCCTGAGAGTCTGTCCATTTACAGCGAGAAGTGAAAAAAAGTTCTGAGAAGAAGTGAGGAGGAGCTAACAATTGAGCATGACTTCCAGAAGACAGTGTGGACTGGTTTCAGGTATTTGGGATGAGTGG,"[[79824272, ""G"", [""A""]]]",yes,no,G->A,1
chr7,94170864,94171228,AGGACATACATCCTAAACATTTTAATTTAAAACTATGAATGTATGTTTATTTGCCACTACATATGTTCATCTTTTATTGGGGAGCTAAGGTCTTTTTATTAAGTGAAGATCACATGATCAGAGTTCTACATCATCTTTCTTGAACAAAACCTGTAATGTGTCATCTTCAGTTTCCAGTTTCACTTTCTTTAATGTGGAGCAAAAATGTAATGACACTTGTGAAGCAACCTGAATAAGGAAATTCCCCTAAGAACACACCATCTTTTACAGTGTTCTTATCCCAAGCTAATATGACAAGAACTATTTTAAACAACCCATTTCTTTTTGGTATTTCCAAAGTATGCCACTTAGAGTCCATAGAAACA,"[[94170889, ""C"", [""T""]]]",yes,no,C->T,1
chr4,52103381,52103776,TCCTGGGATGAGCTCTCCCTCTGTAACCAAACTTGATCAACAATTGGAGGAAATTCTAGGGACATAAATCAGTTCCCATCATTGATCCTATTAGGGTCTCTCTAGTTCACCTAGGCCTGGTGTTTCCCTGGGAAATGTATGGAGTTAGCCATGAGATGGCAATGTTGCTTAGGAAATGAGAGGATGCCAGCAGTTAGTAATAAGATTCAAATTGGGAAACAAATAGCAACTCCTCAGATAAAATTTATAACTTAATTACTGGTCTTACTGCTCTCCATGAATTTGGATAATAAATTGATGGAGGGTAGCCAGGGATAAAATAAAAAGTGTGATAGAAAATTTGAAGTGTTAAATAACTATATATGTAATAAAGGATTTATGCATTTGATCCCATTA,"[[52103419, ""G"", [""A""]], [52103566, ""A"", [""G""]]]",yes,yes,A->G,2
chr13,30838709,30838943,TCCTAGGCAGAGGACCCCACGGCCTTCCGCAGTGTTTGTGTCCCTGGGTACTTGAGATTAGGGAGTGGTGATGACTCTTAACGAGCATGCTGCCTTCAAGCGTCTGTTTAACAAAGCACATCTTGCACCGCCCTTAATCCATTTAACCCTGAGTGGACACAGCACATGTTTCAGAGAGCACAGGGTTGGGGGTAAGGTCACAGATCAACAGGATCCCAAGGCAGAAGAATTTTTC,N,no,no,N,0
chr1,210671741,210671989,AATACATGTCTATTGTTTTAATCTACTAAGTTTGGTAAGTTGTTATGGTAGCCACAGGACACATACTGGCTGCCTAGCAGGAGGTGGAGCTGTGGGGCTGGTCCTGGAGCCAGGCTGCCAGGGGTCGTCTGCTGCCCTCACCTCTCTTGCCTGCAGGGCCTGGGAGAACACTGTGGAAAGCCAGGCTAAGGCGCAAGGAAGACCAGGGCTTGACTTCCCTGTTGTCACTCTAATCTTGGTAGAGAAAGA,N,no,no,N,0
chr8,112139285,112139561,GGATGAATAATGACTAGGTGCTACTAACCAGGTCACTCATTTGCCAACTTCATACCTCCGTGTTCCCTATCAGAATGTGTCTCAAAACCTGTGGAGATTAAAAACACGAAGCAACAATGCAAGCACCCTAGAAATCAATGGTAAATTGCCCATCTGACTGTGGCCATCTGCTTCTCAGCTGGCATATCCTTGGAGATGCCTTAGTATGGATGTTTACGATTGCTTCAGTTTCTGTAATCATAAACTATTGGATGGCCCCCTATAGAGTCCAACAACA,"[[112139333, ""C"", [""T""]]]",yes,no,C->T,1
chr6,130041646,130042004,GTAAGGATACTACTTTGCCTTTCTTTGGCCAGAAGAAAGGGGCCAGAAGAAGGGGCCTATTCAGGTTGGCTCTTGAATTCTTTGGATATGACTTCTGTTGCCTTTGATAGCTTCTTTGCTTTCTTGTTTGACAAGATGTTTCAGTTTCATCTTGGACATTTCCTGCTATTGAGCAGAAATCAGCTTCTTCTATGGGGAGAATTGTGAGAAATGGTATTTAGACACCACAGTCTGAAGCTAGACTGCTCATTACTGTTGATTGATGATTGTTTCTAGATTCTTTCAGTGGACAAAACTAGAAAATACACATATTTCTAAAGATAAAACACATCATGAATTCATACTGATACCTCCATTCA,"[[130041746, ""T"", [""C""]]]",yes,no,T->C,1
chr4,115121723,115122092,TCACAATGATCCTATTATTAGTTATTGTGGTATTATGTCTGCATTGTATAGGTTAGAACACTGAGACACAAGTAGCAAACCTGGGATCAGCAACAGGACTCACTAATCCTTAGCCCTGTGGTCTTTCCACTATACCAAACAGTCGTCTGAATGAACGTCCCTGGAGAATGCCCCTTTTCATTACTCTGTAAGCAGAGCGGCCTTTCAGGTGGCCATTCAAAACCCTGTGCTTTATAATCCACTTGGTAATATATAGATAAAACAAGAGTTATGCTTTTAACCTTTCTATATGGCAAGTTACCAATAATTTGGTAGCATTGAAATTCTGATATCTTCTCCATGAATATGTTTTATACAAATGCTTATCTAT,"[[115121759, ""A"", [""G""]], [115121920, ""T"", [""C""]]]",yes,yes,A->G,2
chr4,128711495,128711901,TAGTGGCTTAAAACAACAATAAACATTTATTATCTCTGACAGTTTTATGAGTCAGGAGTTCTGGAGCAGCTTAAGTGGGTGCCTGGGGTCTCTCATGGGACTAGAATCAAGCTATTGGCTGAGGCTGCAGTCATCTGAAGGTTTGATCCCCTTTCAAGATGGCTCACACACGTGACTTGGATTTGGGGGCAGGGCTCAGATTTTCTCCACATAGACTCTCTCAGGGCTACTTGAGTGCTCTCATGACCTAGCAACTGACTTTCCCCGGAGCAAGTGATCTACTAGAGTGAGAGCCAGGCAGAAATAATCCTTTTTATAACCTAGCATTGGCTATAACATGACATCACTTCTACCATGTTCTATTCATTAGAAGCAGTTCACTAAGTCCAGCCCACATTCATTCAAAG,N,no,no,N,0
chr12,55901785,55902150,CCTCCTGACTGCTGTTGCCCGTATTCCCCCAGACCCCAGAGAGCCCCACGGTTTGTTCTGCAGTCCATTCCCTATTCCCCAAAGGCCTCAGAGGCCTAACTCCAAGTCCTCTAACTCCTCTTCTAGCGCCCTCCTCCTTGCTAGCTTTTCTAGCTGCTCTTTGCTGGGCTGGCTGACTTCCCCAGCCTGGATCCGCTGCTGCAGCTCTTCCACCTGCCGGAGTTTCTTCTTTAGGTTCTTTATCTTCTTGGCTTTCTCAGTGGTGGCAGCTGAGTCAGGCTGGTCAGATGCAGCTGTGGGGGCTGCCCGAGAGCCCTGTGGAGCACTGGGGAGTTGGGCTGTCTCTTCCAGGGACACCTTATCAAG,"[[55901950, ""A"", [""G""]]]",yes,no,A->G,1
chr15,52974662,52975023,CAGTGCGAGGGGGATGTAATACAATTTATTGAACCACCGGTTAGAGTTCTGCAGCTTCTCAATAAAAAAAGAGCATTAGGCCTGTACTCCTTAAAACACAGACTTACATAGTGCCGACAGGTGAAGGAGACTTGGAAAACTGGAAAGACTTGTCTTAGCTGGAGAGCAATCAGAAGATGACTATAGCCTATTTGCATTTAAAATTATGCATCTAAACCGGGCGCAGTGGCTCACGCCTGTAATCCCAGCACTTTGGGAGGCAGAGGCAGGCAGATCACTTGAGGCCAGGAGCTCAAGACTAGCCTGGACAACATGGTGAAACAACGTTTCTACAAAAAAACAAAAAACAAGAAACAAAAAAC,"[[52974736, ""G"", [""A""]]]",yes,no,G->A,1
chr8,135346754,135347128,AGTATATCCTACTAGACAGCAGAGAAATAAAATTAAAGCAACAAGAATCTATTTTTCTCACTTAGAAGACTAGTAAAGAGCTAATATTTGTGAGACTGTGGAGAAAAAAGAACTTTTATACATCACTGGCAGTGACGCAAACTAGGAAACCACATAGGAAAGCAGAAAGATGATATCTGGTGATGTTGAAATAAGCCTGCTCCACTGTCCTGCAACTCCAGTGCTAGCAGTGCCCTGGGGAAACACCACAGGTGTGCCCAAGCTGTCATGCCCAGGATGGGAAAGCCAGCATTGTCTGTAACAAGTGAAAAAGAATGAAAGTCAGGGGAGAGAAGGAAGAAAATAGGAAGAAAAGGGAGGGGAGGGGAGGAAGGA,"[[135346830, ""G"", [""A""]]]",yes,no,G->A,1
chr15,89860470,89860722,GAGGGGATGATTTCCATCCTGGAGCAGGACAGAGCAACATTTCATCATGCTGCTCAGAATGGCATGCAATTTAAAACGTATTGTTTATTTCTAGAATTTTCCATTTAATATTTTTGGACCATGGTTGACTGTGCATAACTGGAACTACAGAAAGTGAAACTGCAGATAAAACTGTCTGTCTTAACCACGCTTTAACTCTGCCCTACAACTGGCCTTTCTGTATGTAAGATAATAAATTTCCTTATTACTTAAG,"[[89860482, ""C"", [""T""]]]",yes,no,C->T,1
chr19,30870869,30871177,TAATCTTTCTGTTCATAAAGTGCTTTAACTGCACGCCAGGAAAAAAATGGAGGCTCTGGTGTCTGAGGTATTCTGTGCCATAAACTCCCATAATAGAAACAGATGGTGAAACTGCCTTGGAAGTGAAGAAACTAGTGTACACGCAGCTCACCCTAACATATGAAGAGATTCAGGGCTGACACATGAAGGAATGCATTTGGCGTGGTGCCAGCAGTACACTCTAATTCAGCCGTGAGTGTTCAAGCTTGAGATGGGAGACCCACAATTTCAGGATCTGGAATGCCGGCAGCTCCAGGATTTAGAATGCCG,"[[30870874, ""A"", [""T""]]]",yes,no,A->T,1
chr5,108818652,108818982,TCCAGTGAGATATTGGAGCGGTTAGATAAGATGATAATTTTATTTAATTGTTCTGTTCAGGGAGATTTGAGAGATGGGTCATTACTTTAGTTAGAAAGGCAGTTACAGTGAGAGGCCTCTTTCATTTTCATATCCATAGCTTCTCACAGAGCATGTCATATCAAGAGTGACTCACCAATCTTGCCCTACAAGGACTTCTTTTTAGATGTGCTCATACTACAAAGTAGGTAGCCTAAAGGAGTAGATAGCTTTTCCTATGGCTCTTCACTTCTAATTTAATGATTAAGTACTAAATAGAAATTAAAGATTACTATGTAATTTGTAACCAGTT,"[[108818668, ""G"", [""A""]]]",yes,no,G->A,1
chr10,30977383,30977760,GGGGAAGGTGTATTTCACAAGATCATCTGTGGACCCAGGCTGGCCCTGCCATCTTCCACGTGGTTTCCAAAGTAGTTTCCAACTAAGATGGCTACTGTAACTGGTGTAACATCCCAGCCAGCAGAAAAGGAAAAAAGAAAGTCTAGGGTAAGTGGCTTGTCTTAACAGAGGTGATCTTACACACATTACCATTAACCTCTCATTAGTCACACAGCCACATGTTGCTGTAAAAGAAGCAGAGAAGCACAGTTTCTAGATAGGGAGCCATGTGCTTAGCTAAACTCTAGGGGATCCATTCCTAAAGGAAGAAATAGATTCTGGGCCCGGCACGGTGGCTCACGTCTGTAATACCAACACTTTGGGAGGCCGAGGCTAGCG,"[[30977394, ""G"", [""A""]]]",yes,no,G->A,1
chr9,73042163,73042527,TAGTGCTTGATATTAGGGGGTGTGGAAAACATTTACTGAAAGAATGTGACTAAATCTGTGAGGTAGGATAGTTAGAGGAGAAAACTGGGATTCACTGAGGTTAAGTGGAGGCACTGAGGTCCCCCGAATGAGTATAAAGTCAGCTGCTGGAGCCTTAATCCTTTTCCAAGTCACCAGACTGCTTTCTCCACTGACTTTCATCTTCTTCTGTCTATGGTCAGTGACTCATCTTGCAGGATTTTGGTCTGGTGATTAGAACTGTGAAAAGAATCAAATTAGGATAAAGATGCCATTCATTTTGCAAGAATTTGATTTTGCTCTTTCAGTGCATCAGGTAAGAAGGGCTTTCAACTAATCTCAAAGAG,N,no,no,N,0
chr3,179032246,179032496,TGCCAGCCTCGGCCTCCCGAGGTGCCGGGATTGCAGACAGAGTCTCGCTCACTCAGTGCTCAATGTTGCCCAGGCTGGACTGCAGTGGCGTGATCTCGGCTTGCTACAACCTCCACCTCCCAGCCGCCTGCCTTGGTCTCCCAAAGTGCCAACAGTGCAGCCTCTGCCCAGCCGCCACCCCATCTAGGAAGTGAGGAGCGTCTCTGCCTGGCCGCCCATCGTCTGGGATGTGAGGAGCCCCTCTGCCCGGC,"[[179032415, ""G"", [""A""]], [179032427, ""G"", [""A""]]]",yes,yes,G->A,2
chr8,115922550,115922974,CTCTGCCTAAATAAATAAATAAGACAGCAGCAATGATGGCATGTCCCTTCTAAGACTAGGTCATAAAAGGCACCAAAGCTTCCTGCTTGCTTTCTCTTTCACTCTCTTTCTTCCGTCACTTGCTCTAGGGATAGTCAGCTGCCGTGTCTTGAAGAGAGGCCTCCAACTGACAGCTATGAGGAACTGAGACCTATTGCCAACATGCACATGAGTGAGGCTGGACACAAGTCCTAGAGGACTGTAGCTCAGGACAACACCCTGACTCTAACTCACAAGTCCCACCCAACTAAGCTGCTTCTGAATTCCTGGCCCACAGAAACTATGAGCTAATAACTGTTTGTTGTTTTTAGACATCACGTTTTTGATCATTCATTATGCAGCAGTAGATAACAAGTATAGCAGGGAATGAATTCATTTATCATTTA,"[[115922664, ""A"", [""G""]]]",yes,no,A->G,1
chrX,101775060,101775294,CCCTGTAGTCATGCTGGTACCTAAGGTACAAGACAAAGCTCCCTTTACTTTTCCCTCTGCTTTTCTCAAGCAGAAAGAGTTTTGCCCCATAGACACCACAGCTGGTAATGTGCTGAGTCTCACCTGAAGCCAGCTAGTCTCAGAGGCTCACCCAAGGTCCTCAATTTAGTACCTGGGTATTGCTGCTGGTTATTCAGGGCCCAAGGGCTCTTCAGTTAGCAGGTGATGAATGCTG,N,no,no,N,0
chr5,12613551,12613849,TGCCCATCCCCATGGTGGCTCCATCCCAGGGGGAGATCAGAGTTCTGTTTATAAAACCATGGCTGGAGTTGCTGAAATTCCTGCAGGGAGACCCTTCTGGGTAAGGAGGGATGGATCAGGGTCCTACTTAAAGAAGCAGTCTGGCTACAATCTGCCACAGCAGCTGTGTTGCACTGTGGGGAATTCCTCCCTGTCTGGACCACCCAGTTTCCCTGGATCTGGCAGGTCAAAACCAAGGTTTTTAATATTGCTTTTGATGTAGACTTTTCGTTTTCCACCGACCAGTCTTGATTATTATA,"[[12613609, ""G"", [""A""]]]",yes,no,G->A,1
chr7,80097774,80098034,AGATGGCTTATAGCATGGTAGGTTGCTGGCCTGAGAGTGAGCGATATGAAAGAAAGAGAGTGGACACGCAAGGCAGAAGTCATAGTCTTTCTATAATCTCATTTAAGTGACATACCATCTTTTATTCATTAGAAGTTCACCACTAAGTTCCCACACTCAAAGTGATTGCAAAATAACATAAATATCAGGAGGTGTGGATCATTGACAGTCATCTTAGAAGCTGCTTACCACACCAACAGTGAAGTCTAAGATATCCTTTCA,"[[80097787, ""T"", [""C""]]]",yes,no,T->C,1
chr17,5524225,5524518,CAGTCTTTCTCTGCAGCAACACCTTTTCCTATTTTTATTGTAGTCCATGATACTTTGTCTCTTGTTTCCTGTGACAGTTTAACTTGCTGCAAGGATGTCAGACCATTTAATTACCACAGTATATGATCCCTGCTAGTGGATGCACCACCCTGTGATTCAGCCTGTTTCTCATTTCAGTGTTGAGTTTGCTTCCAACTTTTCACCATGATAAATAGCACCTGCAATGCACATATTCTGCAGAAAGCTTCTATTTCCCTTGTGTTATTGCCTTGAAATCAATCAGTACCAAGGGAT,"[[5524239, ""G"", [""A""]]]",yes,no,G->A,1
chr13,57157979,57158267,TCCCGGGACTGAAGCGATTCTCATGTCTCGCCCTAATAAAAATAGGAAAATTAGCCAGGCATGGTGGTGGGCCACTGTAGTCCCAGCTGCTCGGGAGGCTGAGGCGGGAGAATCCTTTGAGCCCAGGAGGCGGAGGTTGCAGTGAGCCCAGACTGCGCCATTGCAGTGATCCGAGATCATGCTATTGCACTCCAGCCTGGGTGACAAGAGCAAAACTTTGTCTCAAAATGGAAAAAAGAGAGAGAGAAGTTATCCCAATAAGAAAGATAAAAGTTTTGAAGAGAAACTT,N,no,no,N,0
chr20,31183670,31183979,GAATAGAATGCAAGGAATGGACTCCAAATGATTGGAATGAAATGCAATGGACTCGAGTGGAATGGAATGGAATGGATTCGAATGGAATGTAATGGAATGGAATGTAACAGAATGGACTCGAATGGAATGGAAAGGAATTGAATGGAATGGAATGGAAAGGAATGGAATGGAATGGAATGGCATGGAATGGCATGGACTAGAATTGAATGAATTGAAATGGAATAGAAAGGACTCTAATGGAAAGGAATAGAAAGGAAAGGATTCGAATGGAATGGAATTTAATCGAATGGAGTGGAATGGAATGGAGTCT,"[[31183678, ""A"", [""T""]]]",yes,no,A->T,1
chr11,116199197,116199680,CTGCAGGGGTGCTGAGAGAGCTTCCCAATGGAGATGCCGGGAGTCTGGGGAGCCTAATATGAGAGACAGCCATGCACCTCTGGCTGGCAGATGCCTGCCCCCGGTGACAGTGAATGGCACTGAGCAGGGACGCCCAGGGCTCTGGCACAGAGCCGGCAGCTGCCACTGCAGAGGTTTTTATGCTAATGCCACTTGTCAAGCCGTCAACGCTCAGGGCAGCTGGACCTGGCAGGGAAGCAGCTGGGTCCCCTGGGTTTTGCCTCTCCTGAGCCTCTCCCAGGTCCTCAGAGACGGCCAGCAGGAGCTCAGAGCAGACTCTCCAGCAGAGCTGGAGGGAGAGGAGGGGAGACACTGGGGGCAGCCGTGGGGGCTGCAAAGGGGAGAGGGGACCATTTGGCCTCCCCAGGGCTTCACTAGAGGAAGTTCCATCCTCCCCTAAAATTCCACCCATTCTAAAAGTGAGACCTCAGCAGCCAGAATGGAT,"[[116199201, ""G"", [""A""]]]",yes,no,G->A,1
chrX,118315515,118315944,ATAGAATGGAGGAGATATGTGTCATAACACTGGGACAGAGACCAAATCAAGAAGAATTTCTGAATGAGGGTAATATGAGTAAGGAAAGAAGACAGAAAATCAAGGATGACTTAAGGTTTTGAACTTGAATAACTAGAATAATTGAGTCATTTGCGTCTGAATCGCAGAAATAAAGAAATGAGTACTAGGCACAAGTTTGGGCAGGTGTGGGCAATCAGGAATTTACATTCAATCTTGGACATGCTGAGTTCAAGTTTCCAAGAAACATCCAGCCTACATTTAAGTCATCTATGGCTTAGAAGTCATCTATGGGTGGAGCTATCAAGACTAAGAGACAAGAAAAAAAATACCCACTTTCACCACATTGGTCTAAGTAAAAATAATAAAAAGAAAAAAAAATAACTGAGTGCTAAATATTGGAAAGGAAGAG,N,no,no,N,0
chr6,152220780,152221175,AAACTAAACTTGGGCAGTCTAAGAAGGGCATGTGGGGAAAACAAGGTAGCTCCTGAACATACGTTGCAATCTTGAATCCATGTGGCAACCTCATCATCGGCAATGTCCTTGTTTGTGGCTGCCTTCAACAGCTCATTGGTTCGATCCTCCTGCTGCTGAACTGTCGAAGCACACTGTTTGGAGTAGTCCTTGTATCTTTGCCAAAGCTGAAGTAGGGCCTTGCTGGACTGTAGCTGCTCAGCAATCTCTTCCAGCAAGTTATTCCATCTGGAAATAATAACCAACACTCATGAGCAGATTACCACCTCTCACCAAATGTGGATATGTGCTATTTTATTTTTCATGATCCTGGTTCATGTGAATATAGACATAATCATTTCTAGTTAACATAATAAA,"[[152220782, ""G"", [""A""]]]",yes,no,G->A,1
chr6,91501987,91502249,GGGCAAAATAAGTGAGAAACGTGGTTCAATTGACCCTGGAAGAGAGAAGTTATTTCTTATGTCGGTGGAGGTTTAAAACTCATTTGCCATGCATTTCTTGTTATTGCATTTTAATTATAGTGAGGACACATATGCTGACAGCGCATGAGATCATATTTGTTAAATGAACCTCGACTTGTGCAGCACGCATCAGAAAGCCTCCGGGATTACTCAATGTATAGGCTTTGTTGTGCTTACAAAATAAAGGAAAGCTCTGTTAGGTA,"[[91502006, ""T"", [""C""]], [91502173, ""T"", [""G""]]]",yes,yes,T->G,2
chr1,38977682,38977888,GACAGGTGTGTCTGGAATTGGTTCCTTCCGGTGGGTTTGTGGTCTTGCTGACTTCAGGAGTGAAGCCACAGACCCTCCCGGTGAGTGTTACAGCCCTTAAAGGTGGCGTGTCCGCAGTTGTTTGTTCCTCCCGGTGGGTTTCTGGTCTCACTGACTTCAGGAGTGAAGCTGCAGACCTTCGCAATGAGTGTTACAGCTCTTAAAGGT,"[[38977789, ""A"", [""G""]], [38977823, ""G"", [""C""]]]",yes,yes,A->G,2
chr6,105510779,105511181,TAGAAAGAGTGAAGTCTAAATACTTAAAAAGAATAAACAAAATGCAGATAAATATTTTGAAATGATTCAGATTGGGAAAGTCCTAATACCACTGCTAAGCTTTCAACATTTTCCTTGCCACAGAATGATTCCTCTGAGAACAAAGTAATTGTTGACTTCAAAGAACTCTGAGGAAGTTCAGTGGATGGAAAGAATTTGGCTAGCAACAGGATGAATCAAATCTAGATTTTTTCCTATCACTAGTATATGTGTGTGTCTGTGTGTGTGTGTGTGTAGAGCACATGAATATTTCCATACAATTTAACTCACTACCTAAAGTGTTTCTCAATATTAAAAATGCACTGAAGAATGGAAATGCCCTTCCTATTTGGTAACTACTCCAAAGATGCCTTGGAGTTGTTCC,"[[105510803, ""G"", [""T""]]]",yes,no,G->T,1
chr14,104775861,104776288,TCACCCACCCGCCAGCCTCACAAGCTTGGTCCCACAGCTGTCGGGGTTCCCAGAGACAGCCCTGAGGAGGCCACCACTTGACCTGGTCTGGCCACATACACTCAGGGTCACGAAGCCCTCTTGGACGTGGGGGACACCCAGGCTTAGCCCCCCAGCAGGACTCTGTCCCCACAACCGGACTCCAACCCCCAGCAGGACTCCGCCCCCCAGCAGGACTCCGCCCCCCCCAAGCAGGACTCCGCCTCCCAAGCAGGACTCCGCCCCCCAAGGAGGACTGGCCCTCTCCACCGGGTTTTTCTTTTTTTGAGACGGAGTCTTGCTCTATCGCCCTGGCTGGAGTGCAGTGGTAAAATCTCGGCTCCTGCAGCCTCTGCCTCTCGGGTTCAAGCGATTCTTGTGCCTCAGCCTCCCAAGTAGCCGGGATTACA,"[[104775886, ""G"", [""T""]], [104775891, ""T"", [""C""]]]",yes,yes,T->C,2
chr7,70432543,70432852,GAAAGTCTCCTTAGGACTGTGGCTCGCTTTCCGTCTGGGGTTGTCAACAAACCCCCTTTATGAGTGGAATAGACCTCTTGTATGTGTCGAGCTTCTGGCTTTTTACAGAGTGTGTTAGGAGCCAGGCAAGGCAAACGTTAGGCGCTGTTTGCTGAGTGCATTTATTGCCTTTGCATAATTTATGAGCTGGAGGGGTTGACCATCATTCGTCTCTGCCAGGGGCTGGCACTCGAGGCTCCAGAGAGTGGAGCTGTAAATTGGATGGTGCGCTCCTGCTGAGCTCACGGCAAAGTCCTCAGGTCAGTATGGG,"[[70432548, ""A"", [""T""]], [70432710, ""G"", [""C""]]]",yes,yes,A->T,2
chr5,77073699,77074067,TGTTGTTGTGAATTTTACTCAGAATTAAAGATAAATGATTAGTAATTACAGGAAAACTAACTTGTAAAAATCTTAAAGACATTGAATGGGTTAATGTACTGAGCAGCTACGGAATGCAAGGCACTGTAGGAGTAGGGTGAGTATACTCCCCACAAGGGCTCAGGGTCAGGCAGGGGAGGTGAGATAAAAACCCACAGCCATACACTAGCTGGCCTGTCCTGAGGGTTGTGAGGCACAAAATGCTAGGAGACTAGAGAAGTAAGAAATGTCTTGACATGAGGAGAAATCAAGGAAAGCATGGTTTTAGAACATGTGTGGGATGTTTTTTGTATCGAGACTGAAGAGGCTTTTTAAAGTGGAGGGAAGGCA,N,no,no,N,0
chr7,117739230,117739465,AAAATATTAACCAGCCACAGAAGCAGGAACTCATTACAGTTTCAAGGATCAACCAGTCTCTGATCAGGGCTTATGGAGAGGTGAAAGAAGGCCACACACCCCATGTTACAGCTGCAGGTTCCTTTTTACCTTCGGCCAAAAAGTCAGCCATTTGAATTCCCTTTGCTCTGTGCCACTTCAAAACGCTATTTCTAAAACCAGTCTGCTCTTTTTGACCTTTTTCTTCCAACTTTATA,N,no,no,N,0
chr7,80513888,80514108,TCTGTGTTACAGAGAGGGAGAGCGGGAGAGCTAGAGAGGAAAGCAAGACTCATTTCTCAGCCTTCTCCCCTGGGTGCCTCGGACACAGCATCATTAATGAGCTGGGCTTAATACAGCGATTAGTTCATATTGCTTCACTTAGTCATATAGCTTTCTGTACGTAAAGAAATGAGGAAAATCAAAATAGTAAACTCCGCTAGCGTGGTGATAATATCTTACTA,"[[80514005, ""T"", [""G""]]]",yes,no,T->G,1
chr11,132360228,132360464,TGATCTATGAAAGAATATTATAGGGAGGGTTATATTCACCATCTCCACCAAGGTCATAGCCTCACAGGAAATTAGCGTGTTGCAGCAACGCAAATATAGGCTAGACCACAGAAAAAGCTTCCTGATTGTGAGCACGGTGAGATGCAGGGAATGTGTTTTCAAAGCAGGATATGAAATCTCTATCATTACAGATTTTAAGAATAGGAGAAATTCTGTTCAGAGTAAATTAAAAGCCTG,"[[132360277, ""G"", [""A""]]]",yes,no,G->A,1
chr5,44225282,44225635,TGTGTTGACCACATCCCTGATGGTGACAGGAAAGCCAGTGCTCTGCCCTTGCCATTTTGGGAGGTCTGCCCAGCAGTGCACCATGGGATCTCGCCCACGTTTTTACCCATAAGAAAAATACACACAAATAATAAGAACCAGCTGCTTATTTTCTACACTGCCCTAGTGCATTATTTAGCCTGTAACTCTGGCTCATGGACCTTATGTTCCATAATAAAAATTGGGAAACGTCTTGGATGGTGGATCCAATTGAGTATGTTCATTTGTCTTTTTACTATTTGGGGTGAAACATAGTATTTTCCCTATTTGGGCAAGTTTCTCTGTGGCTTAAATTTATTGGTGGCCTTTAAATAA,"[[44225452, ""G"", [""T""]], [44225518, ""C"", [""A""]]]",yes,yes,G->T,2
chr9,116901286,116901738,AGGATCCTTTGAGCCCAGGAGTTTGAGACCAGCCTGGGTAACATAGTAAAACCTTATTGCTACAGAAAAAAAATAATTTATAATTAGCCAGACATAGTGGCATATGGCTGTAGTCCCAGGTACTCAGACAGCTGAGGTAGAGGGTTGCCTGAGTTTAAGAGGTTGAGGCAGCAGTGAGCTGAGATCATAATGGAGCTGAAAAATTCCTGTTGCTTAATGACATTGCGACAGTCTGCATAACATTGTAACAATGCATTAATCACCTGTTTGTGGTCATGCTGGTATAAACAAACTTACTGAACTGCCAGTTATATAAGAGTATAGCACATACAATTAATGTGCAGTATATAATAGTTGATAATAATAATACATGACTATGTTACTGGTTTATGTATTTATTATAGTATACTATTGATTGTTATTTTAGAGTATATTCCTACTTATATCTTTTAA,"[[116901413, ""G"", [""A""]]]",yes,no,G->A,1
chr19,141001,141359,TACTAAATATAGTTATTTTATTTTATTTTCTGTATCTGATACTTTCAATAACTGCAGTCTTTGCTAGTCTTTTTTCTGTGCTCTTGCTCATAGTTTTTTTCATTTGTTTTCATGATTAGAAAAACAGAGAGAGAAGAAGGAGAGTAAAGGGAGGAGGCGGAGGAGGAGAAAAGAAGAAAGCAGAGAAGAAGGGACAGAGAAAAAAAGGAAGTTGGTTCTAACGTTTCTCTAACAACTGGCTTCAGTGAAACACTCCCACCTTGTGGATTTTTAGGTTATTGAAATTAACCAGTCTTCTGGGTGCAGCACACCAACATGGCACATGTATACATATGTAACAAACCTGCACTTTGTGCACA,N,no,no,N,0
chr3,158640546,158640941,AAATCTGTGGAATGACTCTCATAACTCAGAAACTCTGGCCAGTGATCCACCTTTAAAAAGCTATCTCATTTCTGTGTATAAGAAGGTGTGTGTGCTCTGTGTACATCTCCTCACGGAGCTGTGTGAACAGATGTGAGTTAAGGGCACGTACTTTAATGTGGTTGATAATTTTAATCACATCCTGCAAAACGTTAAGTTCATTTGATACTTTCTGGCTAGCTAGCATTTCTCTATGGACGACTCAGTGTGTAGACTCACATTCAGAAGCAACCTCTTTGACCCGAATAGTGAAACCAGAAAGCTGTCCAGTCATGGCAGCTGCTCTGTCGGTCCATAAACTGACACAAAATAACCAATTCAGTTTTGCTATGTAATCATTCAAAGACTTGACTAGTT,"[[158640648, ""G"", [""A""]]]",yes,no,G->A,1
chr2,110445236,110445446,CAGAGCTGGGCAGACCAAGCACTGGAAGAGGAATGCCCTGGTAGTGGGTGTCTTCCCAGCACACTGCACACAGTGACTCAGGGCTTGCTGAATTTTTTATTAAGCTGTATATCTCCTTTCTTTTTTTTTTTTTTTTTTTTTGAGATGGAGTCTTTCTTACTCTGTCACCCAGGCTGGAGTGCAATGGTGCAATCTCAGCTCACTGCAACCT,N,no,no,N,0
chr5,131430879,131431158,CTTGAAGTGACAGTTTTATAAACTGGGTCAGTGGCATCCTTGGGGTCCAAGCCTTCAGATGACTCAGCTGGGGTGCTCTCCAATACTCTCTGTTTAACTGTCCCATAGTTTGGTTCATACGTGTCAGACAGAGAACTGGAGGAGGTCCAACTCTTTCTCTCTAGGCTTCCTTTACACTGCCCACAAGTTCTAGAGCAGCTTTTAGAACAGGAATAGGGCTCAGAGTCAGTGGGTTCAACTTCAGCAATGGGGTCATCCAAATGGGTATGTCTGTAAGAGT,N,no,no,N,0
chr3,163724391,163724782,CAATGCATGACTCTTACAAGATGCTTAATAGTCATAGTTTGTCATATAAGAAGTTGCAATTAATGAAGTATAGTTTGTTCTTTTTTTTTTTTTTTTTTTTTTTTTGACGAAGTCAGCCTCATGGATTCAGGCAATTCTTCTGCCTCAGCCTTCCGAGTAGCTGGGATTACAGGCTCATGCCACCACGTCTGGCTAGTTTTTGTATTTTTAGTACAGATGGGGTTTCACTATATTGGTCAGGCTGGTCTCAAACTCCTGACCTCATGTGATCTGCCCGCCTCAGCCTCCCAAAGTGATGAGATTACAGGTGCCAGCCACCATGCCCAGCCAGTTTGTTCTTTTTTTTAAGGAGCAAAACTATCTCTATTCATATTTAGCATGATCCTGTATAT,"[[163724412, ""A"", [""T""]], [163724735, ""A"", [""T""]]]",yes,yes,A->T,2
chr12,109403871,109404291,CGCAATTCAGTACATTATATAGGACTAGCTTTTGCATCCTCAGAGAGGAATAGACATGCTTAATTGCCCCTATAAAAATGACATTAAGTGACTCAAACTTTTTGTCAACAGGGTCATTGTGCCAAAGAGTCATCCATTAGTGACAAGAATGACTGGAAAACTGTTTCCAACGCCTTTTCTGTCATTGATTTTACTGAAGCTGACCTCGAGGTACGTGCTTTTGCAGCAGAACTGATAGTTCCCCCTGGGACTGAGGAAACATTCCTAATTTCTTGGTGTTTGCAGAATACAGTGGCCAAATTCAACAAATAAAAATACAGGATGCAGCTGGGTGTGGTGGCGCACACCTGTAATTCCAGCATTTTGGGAGGACAAGGCGGGCGGATCACTTGAGGTCAGGAGTTTAAGACCAGCCTGGCCA,"[[109403909, ""T"", [""C""]]]",yes,no,T->C,1
chr1,184895101,184895469,TGCCAATGTCTTTTAAGAATAATCTAAGGGATGAAACAAATTCCCTTCCAAATTCCAGTGCTTAATGAGGCAAGATAGGAGACAGATAATGCGGCAGTCCCCTATCTTGCCTCATTAAAAGGTAAGAGAGAATCTCTTCTCTTTAAATGAAACTGAAACCATGGCATAAGCTGAACTTCATAGTTCTTATGTGCAGCTTTTCTTAAAACCTGGACCACTTAATCAACTGATAAGCTTGTTAAAAATGGGGCCTCACGATAGACTTACTATATCAGAATCTCTGGAGCTGTGGGCCATAATGTGCATTTTAACAAGCTCCCTAAATTTTGAGATCACTGTTTTATGAGGGAAAGCAATCACTTATCCCTA,"[[184895108, ""C"", [""G""]]]",yes,no,C->G,1
chr15,50304831,50305266,ATCTCAAATAAATGTAACAGTGTACATTTTTACTTTAAGTGGATCAAAATTGTTTTGTACGTCTTAAAAAATTCACGTATTGAAACATCTCAGTGATCTTTTTAAAGGGATTTTTTTCAAAGGAAAAATCTTAGGTGCATTTGCCAAAGTTGAATCAGGACAAAACCAAAACAGAGCCCAATTCTCCTGAAATTGGTTCCATGTGGTCTAGTCATTAAATTGACATCCACAATACACAGAGGGAGTACTAAAATGTGAGGGAAGGAAGATTAAGTTCTATCACATGCATTTAAAGGCACAGAAAATCCCTATAACCCTCTGATTACCACATCACTTGATATTCCAAAGAACTAAGATATTTGGACTAAGGAAATTTACACATATAAACAGTTTATTATGTTATGAAGAGATTAAGTGAGATATATGTATAAAGGTC,"[[50304890, ""G"", [""C""]]]",yes,no,G->C,1
chr4,175194634,175194987,GTTTTTGAAATCAGCCCAATTTTGTCTCATAGAACTGATCTTTACAGTTTCTTTTGAGTAAACATAGAACTTGACCCTCCAGTCTTAAAACTTGATCATGTTACATTTGTCTTATATGAGTTTCTTTCTCAGGAAACCAACCATCAGGCCTCCCAGGTAGTATCAAGAAGTGAAACTCACCAGATTATCACATATGGATAATGAGACACCAGATCCCTTACCCATCATGATTGCCTGACTGACCCCTTGATTTGTATTGACTAATTCCCCTTCCTTACCCCTCCCTAATTCTGGTTTTCCCATATGTAGTTATATGTCTTTCCTGCTATATAAACCTGTCATTTTAGTTGGTCA,"[[175194731, ""T"", [""A""]], [175194883, ""T"", [""A""]]]",yes,yes,T->A,2
chr17,69000700,69000933,CTGTAAATTACCTTGGGCAGTATGGCCATTTTCACAATATTGATTCTTCCTACCCATAAGCATGGAATGTTCTTCCATTTGTATCCTCTTTTATTTCCTTGAGCAGTGGTTTGTAGTTCTCCTTGAAGAGGTCCTTCACATCCCTTGTAAGTTGGATTCCTAGGTATTTTACTCTCTTTGAAGCAATTGTGAATGGGAGTTCACTCATGATTTGGCTCTCTGTTTGTCTGTTGT,"[[69000757, ""G"", [""A""]], [69000871, ""T"", [""C""]]]",yes,yes,G->A,2
chr16,58687053,58687307,CAAACATTCAGTTCATAGACCACACAGTCTGTAATTTTCTAAGATTGTCTTTTTTTTTTTAACTCAGTAAAATTCCCTAGAAGAGATTCATCTAAGCTATATACGTCAACACAGATAGGTTTTATTGCTGAGTAGTATTCAGTGGTATGTATGTACCACAGTTTACTTACCCATCACTCTTTGAAGGACATTTGAATTGTCTGCCTTTTTTTTTTTAACATAGCTTTATTGAGGCCAGGCATGGTGGCTCATGCC,"[[58687100, ""C"", [""T""]]]",yes,no,C->T,1
chr5,103790312,103790621,CAGTAGGGATGCTGTGTGGGGGCTATGACCCCACATTTCTCTTCTGCACTGACCTAGCAGAGGTTCTCCATGAGGGCCCCACCCCTGCAGCAAACTTCTGCCTGGGCATCCAGGCATTTCCATACATCTTCTGAAATCTAGGCAGAGGTTCCCAAACCCCAATTCTTGACTTCTGTGGACTCATGGGCTCAACACCATGTGGAAGCTGCCAAGGCTTGGGTCTTGCACCCTCTAAAGCCAGAGACCAAGCTCTATGTTGGCCCTTTTTAGCCACAGCTGGAGTAGCTGGGACACAGGGCACCAAGTCCCT,"[[103790363, ""C"", [""A""]], [103790495, ""C"", [""T""]]]",yes,yes,C->A,2
chr14,33068551,33068938,TGGATGGCATTAGAAACAGCCACTAAACAGCAGATGTTAAAAATGAAGGAAATCATATAGTCTGTTACATGGCAGTCAGTGCAGTGCAACAAAAATACAGAAGGTTAAGAAGGATTTAGGAGTCCTGGGGTAGAAGTGAGTCATTGTGGTTATAATAGATGGTGACCATTAAAAGAAAGATGACATTTGAGCAATGACTGTAAGGAAGTGAGGGAGTTAGGCATTCACATAGCCAGGCGAAAACATTCCAGGTAGAATGGACAACCACTACAAAGGCGCTGAAGGGTTCCTAATGTGTTCAAAGCACACCAGGGAGGCCAGTGTGGTGGGGGCTGAATGAGCAAGGAGGACAGTGGCAGGAGACAGGTCAGGGAGGCAACAGCACACG,"[[33068637, ""G"", [""C""]]]",yes,no,G->C,1
chr1,182676315,182676698,TAGGATAATACCACATTTAAAGCTTTTAATAAAACAGTCATTTGGATATTAGATTTGAATTCTGGTCAGCATGCTAAAGCTCTTCTGTAAATCTTTTAAAAGCAATTTCCACTTCGTAGCTTCCTAGTAACAGTAGAAACATGAATCAACATATGCTGCATTGATTTAGGGTTTCCATGGAAACCGGAAGGACACATGGAAGGGCAGGACAGAAGGAGGTCACTTGGCCCAAAATTCTACTTTAAAAAATGCACCTCTATCTCATTCCTCTGAGCATTAGCAGCCTCATTTCCTGTTCATCAGTTCAAGCATCCACATATTTAATTTGTAATAACGCTGCTCAACTCCTCATAAGGAACATCAGAGGGGACATGGAGAAAAGTC,"[[182676400, ""C"", [""T""]]]",yes,no,C->T,1
chr8,41021904,41022383,TAAGCGATCTGAGTATTCATCCACACATCAAGAACTAATGAATAAATACGTCCTGTAATTATAAGTGAATCAAGTATAAGTGCTGTAGTGACTTATAAAAGAAACTCACTTTAGGGGTTTACCTTTTTTTGTCATTGTGCTTCTTTTTTTCAATCTGCTGTTTCCATCAACTGTAATGGGAATTACATCACCCTTCGGGATGGCCTCCTGCTGCAGTGACTGGAAATCATGGCTGTGGCATTTAGTCTGACAATGGAACAAATGTTTGCAGCTGGTACTCGCCAAATAAATCCAGGGCATCTGAGCACTTGATTCAGAGCCCCTCCAGTTCTACAGTCTTTCCAATTGAATTATCTAGCTCTATCTGTGTATAGCTACAAGAAATGAGTAGAGTGAGAGTTTATTTTGTGTCCCATCCAGAAGTTTATTCTAGAAACAGATTATATTTTGAGTCAACTATGAAGTGGCTACTCGCTAAGA,"[[41021968, ""A"", [""G""]]]",yes,no,A->G,1
chr1,105427643,105427921,CCAAATTGAGGCTTAGCCCAGAAGGGTTTTTGGCTTTACCCGGGAAAGAATTCAAGGGTGAGTCAGTGGTTTTAGAGAGCAGTCTTTTATTGGACAGTACTTCCTCTTTTGGAGCAGCCCTAACTCATAGGCAATATGCCCAAAACTGACAATGCATAGGCTCTTGCCAGTTGTATTTATACTCCCTTATACCTACTTTCAATTACATGCAAAATCAGGGCTGGGTCAGTGAAAATTGAGGGATGGGTTGTTTAGAACATTCTAAGAAAAGAGTGATAA,"[[105427671, ""C"", [""T""]]]",yes,no,C->T,1
chr18,10488098,10488380,TACCAAAAGAAAAGACATTTATTCTTTTGATGCACTTGAATGCCAGAGAACTGTCCTTCTTTTTCTCCTTTCCCTCCCTCCCAGCCCCTGAGTCATGAACAGCAAGGAGTGTTTGAAGTTTCTGCTTTGAACTCCGTCCAGCCTGATCCCTGGCCTGAGCAACTTCACAACAGTAATTGCACTTTAAGACAGCCTAGAGTTCTGGACGAGCGTGTTTGGTAGCAGGGATGAAAGCTAGGGCCTCTTATTTTTTTCTCTTAATTATTATTATATTTCTGAGTTA,"[[10488167, ""C"", [""T""]]]",yes,no,C->T,1
chr3,165854539,165854886,ACCGAGGTTATTAGGAATAGAATTCTATTGCTTTAATCTACAAAATATAATCTCGATTTCATCCTACCTCGGTAAGACTTTTCCTACCTGGAAAAGACACTTCCTCTTACATAAGCGTGCCATTTAATCCTAGAAGTTGAAAGCTGAATATTATCAAACTTGATTGTTCTATCACTTGCCATCTCTCCAAATTTGGCTAGGTAAAATCTGGAAACTAACTTTTATTATCTTATGTGAACACTAGAGGGCACTATGCATTTCCCTAAAACAGTAGTTCTCAAATAATTGTGCCTCAGAATCACCTAATGCGCATATTAAAGCATATTGCTGACCTCCATCCTCAGAGTT,"[[165854609, ""A"", [""G""]]]",yes,no,A->G,1
chr22,32192834,32193247,GGCCAACTGCACAAATGATTTTTCCTGGTCTGGTCTTGGGAAGGGGGCAGGTTATACAGATGCCTTACCTTGGAACTTCCGCATCCTTGGGTTCATCTGCAGAATCTTCTTCAGCTTGGGCTCCAGTTCCTTGATGTGGGAAGCCAGCCTCTCTAGCTGCCGATTGCGCCTGATTTTGTTCTTCCGAGAGACCATGGAAGAGTAACAGCAAAGTAGATCCTCCCCATGGGGCTCCTTCTGCAGTGAATTAATGCACTTGAGGCAGACGGCGCATCCACACTCCAGGGACATTGGTTTTTCCAGATAGTCTGAGCAGACGGGACAGCTGCTTGCTTCTTGGAAGAGTGCAGCCATGTCCACTGCCAGGGGAAAAGTACACAAGGTAAAAAAATTTCCATGAGGTGAAAGCCTGTT,"[[32192885, ""G"", [""T""]], [32193036, ""C"", [""T""]]]",yes,yes,C->T,2
chr4,135658391,135658675,TAAAGTTGCAAATTGCATTAGCTCCTACCAAGAGAGTCAGTCTGTCCTTTGAAGCTTTGACCCCAAGAACTGACTTCTCCTCTCTAGTTATGATTATTATATTCTACATTAAAAATTTGTTATTTTTTGGCTTTTTACTAATAGCCATTTTGACTGGTGTGAGATGGCATCTCATTGTGGTTTCGCTTTTCATTTCTCTAGTGATCAGTGGTATTGAATTTTTTTTTCATATGCTTGTTGGCTGCATGTATGTCTTCTTTTAAAAGTGACTGTTCATGTCTGTTG,N,no,no,N,0
chr13,27057343,27057560,GACACTGCCACAGATAACTCTTGACGACAAAATTTCCTTAGAGAGCCTGGTAGCAAACCTAACCCCAAGGGGCTATCGCACCAGATGAGGCTGAAAGGCTGCACTCGAGTCATCTTACCTCCTGTTTGCCTGAAACATCTGCATCTATCACAGAGAGCAACATCGAGGTCAATTCCATTTGCTATTAGGCTGGCTTTAACCTATCTAGCAGTCAGTTC,"[[27057372, ""G"", [""A""]], [27057491, ""G"", [""C""]], [27057507, ""C"", [""G""]]]",yes,yes,G->C,3
chr2,234150768,234150974,TACTTACATTCTCCCCTGAAGTAACACAGCCACCTCCACTCACAGCTCATGGGCCAAAACAAAGCATGCAGCCACATCAAATCTCCAGGGAGCAGGGAAAAACAGTGCCTGGAAGGAAAGGGACTGGAAATATTGGCATTAACCTTTCTAACCACTAGCATGTCCATGGCTGTATTCCCTCCAGATGGCAAAGAACCTAAGAAATGG,N,no,no,N,0
chr14,81001553,81001797,CCACCAACCCTGTGTCCAGCCCCACTGCTTGGCCTGGGCACTACCAACTCCCCCATTGTAACGTCAGAATGGTACACACTGTTTCTGTGAAGTGACATCTTTCAGATACTTGGTGGCTTTTCGTACAGGCACACCCTTGTTGGCCTGGGCAGTTTCACGAGTGTTCTTACAGGAAACACAACTATTTGAAATTCTTGATTTGCCTGATTTTGAGGGGTTTTCTGGGTCGAGTGAACAGAAAACTA,N,no,no,N,0
chr4,65522790,65523027,CACTTCTATTTCCTATTCATCCAATTTACTACAGTTAAAATGGTTCAATATCACTTATACAACAGGCCAAATGTGATGGTCTCCTATTACACGTTTTATTTTAAATCACTCACTCACTCACTGTAAGTGATACCATGGGAATTGAGAATGTTATCAAGGGATTCTAAAAAGCATGATCAACAAAAAAGAGGTGGTGAAAGGTACAAAGGAAAATCATCGTCAAGTGGCTGCTAATATA,"[[65522998, ""A"", [""G""]], [65523013, ""A"", [""G""]]]",yes,yes,A->G,2
chr1,107087100,107087336,ATCTGAGACGGGGTAGTTGATACGCAATAGAAATTTATTTCTTGAAGTTCTTGAGTCTAGGAAGATCTAGAGCAGTGCACTAGCAGGTTAAGTTGTCTGGTAAGGGCTGTTCTGTGCTTCCAAGACAGTGCCTTGTTAATGCACCCTACATATGGCAGGGATGCTGTGTCTCACATGAAAAAAATGCAACAGGGCAAGAGAGCCAAATGCTTCATGAAGCCTCCTTTATAAAGGCTT,"[[107087118, ""T"", [""G""]], [107087335, ""C"", [""T""]]]",yes,yes,C->T,2
chr5,167586797,167587281,ACCAGAGTAAAGAAAGAATTTTTCTTCAATTTAGTTAGATGATTTTTATTCACAAAAATATCTAAGTTGTTGAAAAAATAGACCTTTGACTTTTAACTTGGGTTTATTTTTCAATTTGGAAAGTGCATGTAAGTTTGTTAATGTTAATTAGTAATTGTTGGGCTCTGAGGGGGTGCAGCATCTTCAGTCTGAGCTTATTACAGTGTAAAATATGGATTGCCTTTACCCTAATGGCCTCTGAATCCTATTACCATCCCATTAGAGAGTGTGGGATTTTAGTAATTCTGTTGTTGTTTCCAGTGGGCAGTGAATATAATGGGGAAGGGCAGGGGTTAATGCAATTCATCTCTTTTAATACTTGTAACTCCAACTCCCTTATCACTCACTGAGGTTTCATTGGGTTTTTCCCCTTTCTTTCTATATCTTTAAGGCCCAATATATTTCTCTATGCTTCTCCCAGCCAGAATAGTTTGGGGAGTATTTCG,N,no,no,N,0
chr3,46304776,46305199,ACATATTTTTCTAACAGATTCTAAAGTTTTTCAATATTTCTATTTTTCTTCTCAACGCGACATAAATTTTTGCACACTTTGCTCAATGAGCATTACCTCCCTACTATCTAGTCATTGCTGCCCTGAGGTTTAGGGGATTTTGTTTAGGTGGTTTTCTTTTACATTTCTAAACAACGTAAGTTTTCTTCCATCAGCAGTTAAATTTACCAATCTATTTTTATCAGTTTCTGTCCTTACAGCCATTTCTTGTATGTCATGATTTTCTTCTAGGTTCACTTTTCTTCTTGTGGAAGCACATTTTAAAAATAGTTCTTTTAATGAGTGCCTGTAAAGAGTAAAATCCCTTAATCCTTGTATGTCTTAAGATGTCTTTGATTTGTCTTCACTCTTGAATAACAATTTAGCAGGGTGTAAAATTCTATGT,"[[46304779, ""G"", [""T""]], [46304780, ""G"", [""A""]], [46305149, ""C"", [""G""]]]",yes,yes,G->A,3
chr2,37298894,37299114,TTCCAATTTGGATACCATCTATTTCTTTCTCTCGTCTAATTGCTCTACTTAAGACTTCCAGTATTATGTTGAACAAAAGTTGTGAAAGTGGGCATCCTTGTCTTGTTTCAGATCTTAGAGGAAAGGCTTTCAGTTTTTTCCCATTCAGTATACCAGCTGCATGTCTGTCATATATGGCCCTTACTGTCTTGAGGTATGTTCCTTCTATACCTAGTTTGTTG,"[[37298926, ""T"", [""C""]]]",yes,no,T->C,1
chrX,34893845,34894086,TGACTTAGTTTTTCCTAGGTATCCATCTACCTGAGAAGTAATTATAATTGGTTACAGAAGACCTAGGCAATAGTTAATAATATTTTAAATTAGACTGTGCCACAAGGTGGCAGACTTGCAGGTCCAGAATTGTCTTTAATAAGTATTATCCATATCATAGGCTATGAAGTGTCAGCCTAGTGAATCCAGTTTATAAATATTCCTTATCCCACCCATATAGGACTTTAGTCTCTTAAGCTTAC,N,no,no,N,0
chr7,121561783,121562091,TCTCTTTGTATGTGTTGATTAGTGAGCCCAATGATTAAATTTTGAAACAGTACTGTATAATTGTTTCCTATTAAATAAAGCTTTCAAATGCATATGAGGAGTCTGTCAAAAGCCTGGCACTCTGCCAGAATTCAGAGCCACATGGAGTTTTTGAACCTCATGTGCAAGGAATTCAGTTAAATGTATACTACTCAGTTTATCTCATACTTCCAATATATGTCCTTACTTGGCTCTTTTTGTTTTACTTTTCCCCATCTCTTCATCCCCTGTCCCACTTCCCTTCTCCACATGTCTGATATATCATATACT,"[[121561836, ""C"", [""T""]]]",yes,no,C->T,1
chr14,84098959,84099285,AAGGTCAGCAGATAAACAAGTGAACAAAGGTCTCTGGTTTTCCTAGGCATAGGACCCTGCGGCCTTCCGCAGTGTTTGTGTCCCTGGGTACTTGAGATTAGGGAGTGGTGATGACTCTTAACGAGCATGCTGCCTTCAAGCATCTGTTTTTAACAAAGCACATCTTGCACTGCCCTCAATCCATTTAACCCTGAGTGTACACAGCACATGTTTCAGAGAGCACAGGGTTGGGGGTAAGGTCAAAGATCAACAACATCCCAAGGCAGAAGAATTTTTCTTAGTACAGAACAAAATGGCATCTCCCATGTCTACTTCTTCCTACACAGA,N,no,no,N,0
chr17,11651039,11651391,ACAGACACTTGTGTTGCTTCTTTTCTCCAGCTGATTTCAGTGCTGAAAGAAATGAGCTATCTTGAACCCAGAGAGATGAAACACATGCCTGAGACAGCAGCAGCCATGTTCTCCTCCAGGGATTTCTATCGGCAGCTTGTGGCTAATTTAGAGTTGATGGCAAATTGGTACAACAAGGTTATGAAAACTCTGCTGGAGGTGGAATTTCCATTAGTGGAGGAAGAGCTGCAAAATATTGATCTCCGCCTCAGAGCAGCAGAGGAGACTTTGAACTGGAAAACAGAAGGTAACAGGGCACCATCTGAAGTCTGACAAAAACATGGAGATTCGAGGATCTAATAAAGTTCATAGAA,N,no,no,N,0
chr5,154593141,154593470,TCTGCATTTTACTTTCTGTGGTTTAGGGTACTGGCAGTCAACCACAGTTCAAAAATATTATGTGGAAAACTCCAGAAATAAAAAATTTATAAGTTTTAAGTTGCATGCCATTCTGAGTAGAATGATGAAATCTCACAATGTCCCACTTCATCCTAGCCAGGACAATGAGTCATCTCTTAGTACAGCGTGTCCATGCTGTATATGTATGCACTCCTTTTATACCTTTCAATGTTTTAGAATTTTCTCTAAGAAGTTCTTTTGGTATATTTAGTCTAAGATATCTTTATAGTTTTAGTTGGTATTATAAAAGATATCTTTTCATAGGAATAC,"[[154593157, ""C"", [""T""]], [154593261, ""C"", [""A""]]]",yes,yes,C->A,2
chr4,72275404,72275806,CAAAGAAAAGAATGATAGTGAAAAAGCATGGCTAGTTTTTGGCAAGGCTGATTTTAATGAGGAACACAGAACATAGGACTAAGAACTAGGTTTCTTGGAAGGGTAGTAATCACTTGGTTTTTAGAAATGCTGAAGTACAGTTGTGACGGCAGAGGTAAGATGTTCAGCAGACATGTGGGAATGTGTTTGTGGTTTGGTACAGATGTGAAGGCTTACTCATGGAGATTTGGAATTAACTTTATAAGAGGTCATGAAAGATGGAGGAGCCAGCCAATGGGACTGAGAATGAGGGGTCAGAGAGTGTTGCCCTGGATATCCTACAAATTCCCATCTGACATATAAATTATGTAATACCAGATTGTACAATAGCAAAGTCTATAATATAAAAATTTACAATAAAATC,"[[72275437, ""G"", [""A""]], [72275762, ""C"", [""T""]]]",yes,yes,C->T,2
chr12,32866531,32866861,ACAGAGGCAGATCCTTTCTGAAAAAAAAAAAAAAAAAAAAAAAAAAAAAAGTTCAACCCCTTTGTCATTGGGGAAATGCAAATTAAAACCACAGTAAAACACCTGTACAAACTTACAGGCTAACATTAAGGCTCACTATATCAAATGTTAAGATGAGGAGGAACTGGAACTCTCATAAATTGTGAGTGGGAATGTGAAATGGCACAGCTACTTTGTAAAATGGTTTAGCAGTTTCTTAAAAAGTCAAACATACACCTACCATACCATCCAGGCATTTACTCCTAGGTATTTACTGAAGAGAAATAAAAGCACATGTCTACATGAAGACTTG,"[[32866550, ""C"", [""G""]]]",yes,no,C->G,1
chr5,69650983,69651261,AATTTGTAGCCTGATGATGCAACAGAAAAGAAAAATCTATTTTCTCAGGAGACTGGGTTGTAGAAATTTGCATAAGTAATGAGGAGCCAAATGTTAATCACCAAGACAATGGGGCAAATGTCTCCAGGGCATGTTAGAGACCCTCACAGCAGACCCTCCCATCACAGGCCAGGAGGCTTAGAAGGAAAAATGGTTTTGTGGGTCCAGAACCCCCTGCTGTGTGCAGCCTAGGAACTTGGGGCCCTGCATCCCAGCTGCTCCTGCCATAGGTAAAAGGGG,N,no,no,N,0
chr10,114900166,114900491,TCATCTCTCAGACCAGCCAATCAGGGTATATCATCTCCCTGGCCACAGTGATGAATCTAGCTTGATCATGTGATCCAAGCTAGGTCAATTGGAGTCCTCCTGGGACCTTTCTGCCATAGTGATCCTGAGTCCTTTTTCCTCAGGGGTTCCTAAGTTAATTCGATGTGTATTGAATTTCATGGCCATCATGCTTGGCATATGGAAGAGAGCTTGTTTGCGAGCAGAGAGAAGAAAAACAACCTAATGATAGAATTTGAGATCTCAGATCCAACCATGACGTGAAGCCTTAGGTCTTTTAATTGCTTGAGCCCTGGGGTGGTGCTTCA,N,no,no,N,0
chr4,155463148,155463416,ATTCTGCTATAAAGAAGAGGGCAAAAGACCTGTGGCGTATTCGATGTTGAAGGCTGAGACTAACTCTGACTCTCCTTCTGCTAGATCAAAAGGTGCTCGGTTAGTTTCTGCTAGTGTGGAGATGAATCATATTATGGCTAGGGGCCATGACGGTAGGAGCAGTCAGAGGAATTCTTGCATTGTGATGAGTGTGTATAAGTTAAATGAGCTGCTTATCAGTAGAACTGATAGCAGGATAATGGCTAGGGTGACCTTATATGAAATTGTCT,"[[155463173, ""T"", [""A""]]]",yes,no,T->A,1
chr6,52841268,52841597,AAATACAATGTTCACAGTCACACTCTGGTTGGTGATGGACATGAATATCTACACCAAGGACTAAAATGAAGTCACGCCTGGAAGACATCTGGGTGAAGGCCCTGGGAACCCATGAACTGGTTGTGAAACCAGAGGATGTCACTGACAGGGAGGACCGGCAGGGAGCTAAGTCACTCTTCAGCTCTCTGGCTGTGAGACTGCATTTGATCAAAACCAGAAATTAGGCTTCAGACTTGTTTTACTGTAGCTAGAAGATCCAAAGTCTTTCAACAGAGAATGCTAATACCTTGCTTCTTTTGGTGTTCTATATTTTAACTCTGTGGGGGGCAT,N,no,no,N,0
chr14,96207710,96208059,GGGGATATATGGTAAGTCTCCGTACTTTCTGCTCAATTTTGCTGTGAATCTAAAACTGCTCTTTAAAAAAAAAAAGGCACACAGAGCAGATCTGCATGTTGTTTTGAGGATTCAGAAGGCACTTAGGACAATTACGGTACCTCAGGGTCATGAGTCAAACAATCAGACCTGCCAAGACTTGACACCCCAAATGCATCACTTCTGACATCCATTGGGTCCAGGAATCCCCTGCCTCATGAATATCCATCTTAGTGTGCATGCCTCCAAGAATGGGGAGCTCACTACTTTGCGAGGCAGCGCATTCCATCTTAGGAGAGTTCTACTGTTTAAAAGCTCTTCCTCCAACTGCC,N,no,no,N,0
chr4,11966846,11967095,GGTTAACCCTATCAGTCAGGTTTTGCTATAAAACAGCCACAAAATATCAGTGGCATACATCAGAAGTATTTAGTCTCACACATTTGCCAGTCCACTGGGACTTGGTTAATTCAGGATTAACTAGCTGGGCTTGCCACCAAGATGCAGGTTGGGCTCAGCACTGTTCCACATCCCTTTTAGACTATGATTAACTGAAGCATGTTCTTTTCGTTATGAAACTCAGGAGCTCCAGGAAGTAAACTCAATCGTT,N,no,no,N,0
chr22,12613180,12613478,TGTACACTTCAGTGGCATTTAAATACATGCACCATTTTACCTTCCCACCAGCATTGCACAAGGTTTCAGTTTCTCCACATCCTGCCCAACATTTGTTTTTCTGCTTTTCTTGGTTTCTGTTTTTTGTTTGTTTTGATAATAGCATTCTAATGGGTGTGAAGTGGTATTGCATTATGATTTTGATTCATATTTCCCTAGTGACTAGTGATGTTGAGCATCTTTTCAAGTGCTTATTGGCCATTTGTATATCATCTTTGGAACAATGTCCGTGTATATCCTTTGCCCATGTATATCCTTTG,"[[12613213, ""G"", [""A""]], [12613404, ""G"", [""A""]]]",yes,yes,G->A,2
chr6,115480470,115480833,CCTGCCTATAAGAGGTGTCTGTCAGCCCCTGCTGGGAGGTGTCTCCCAGTTAGGCTACCCAAGGTCAGGGATCCGCTTGAGGAGGCAGTCTGTCTGTTCTCAGAGCTCAAATGCCATGCTGGGAGAACCACTGCTCTCTTCAGAGCTGTCAGAGAGGGACGTTTAAATCTGCAGAAGTTTCTGCTGCCTTTTCTTCACCTATGCCCTGCCCACAGAGGTGGAGTCTATAGAGGCAGTAGGCCTTGCTGAGCTGCGGTGGGCTCCACCCAGTCTGAGCTTCCTGGCAGCTTTCTTTACTTACTCAAGCCTCAGCAATGGCGGACACCTCTCCCCCCACCAGTATGCAGCCTTGCAGGTCAATCGC,"[[115480477, ""G"", [""A""]], [115480832, ""T"", [""G""]]]",yes,yes,T->G,2
chr5,142944202,142944497,GCACATCTAGAAATAAACCCTTTTGTTGTGTAGCATTTTTGACATAATAATAGCTTTAGTAATAGATTATTAGGCCTTTAGTCTTTTACATTTAGGTTGTTTTCAGCTTTTGATGACATCATTATGAACAACGGCTTGGAAATCCTTGTATGAACTTCACTGTTTACTGTTTTGAACATTTTTCTAGGATACATATCAAGTGGAATTACTAGGTTGAATGGTATGCATATTTAATATTCCAGTAGATATTGCCAATAGATAGCCCCACAAAAAAGCACCAAATTGTGCTCCTTCCA,"[[142944224, ""C"", [""T""]]]",yes,no,C->T,1
chrX,127317078,127317482,ATTTGTTGAAAGATAAATCTTGGCACTTCAACATTTTAAAATAAAAGTTTTCCTTTCAACCACCTCCAGAGGAGCTCTTTTGCTCCTCTGGAGGTGGTTGAAAGGAACTCTGGAGGTGGTTGAAAGGAAAACTTTTATAGGGTGAATGTGAAGGAGAGCAAATAAATTATTGCTTAAAGTTTGACCAATTGCCTTATTTGTACTATCCTGGTGGGAAGGTCCTGAAAATATAACTAATACCCAGTTGGCCACCTGTGATTGGCTGAGCTCAAGTTTCGTTTTCTTTTACATTAGGTGCTTAAAGGAAATGAATCAGAGTTAGGTTTTGTTTGCTTATATAGGAATGCAGGGTATTAGAACCACCTGTTTAACGGCCTCTCCCATTTAATTATTTTAACATATTCA,N,no,no,N,0
chr5,81255112,81255391,GAACGTGGCCATCACTGCCCTGGAGGGCCTCAAGGGGGACCTGGCTGGCCGCTACTACAAGCTGTCCGAGATGACGGAGCAGGACCAGCAGCGGCTCATCGATGTGAGTAGCAGATGGGGCTCCCTGGGGAAGGACTGGACCAAGGGCTCTGACCCGCACAGGAAGGCCTCTCCTGGTGCTCTGCTCAGTCCTTACCCTAGCTGGGAGCTTGCTGGGCTCCACCCCTGAGCTCAGCCCAAGAGCATCTACTTATTCAGTGTAAGGAAGAAAGACGAGGCC,N,no,no,N,0
chr4,46393604,46393944,TGGAGTATATGTCAGTTCTCACATATTCACCACATTACTGAAAGACAAAATGAGACAAAACCGGTGCAAATTCTTAGCTGACAATTATCAATTCAAAACCAGGACTTGGTCAAGCTCTATTTTTCCCATATGTTGCATTTAGATGAAGGGTTAGGCCCCAAGGTTCTGAGAGAAGAAACAGCTGTAAAGTGGAAGTGACTAGTTTCACAAACAAATAATTCCAAAACTACTCTCTTACATTCACGGATCTAGGTCACATTTCATTAGAGCTAAATATATCATGTGTATTAGCTTGGATAAACTATGCACATTACCTTCTTCAAATAGAATTAGTAACTTTC,"[[46393749, ""G"", [""A""]], [46393800, ""A"", [""G""]], [46393826, ""G"", [""A""]]]",yes,yes,A->G,3
chr5,17933553,17933876,AAATCATAGATAGATAATTCAAAATAATGATAATAAAGAAGCTCAGTGAATTGCAAGAGAATATAAAAAAATACAAAGAAATCAGGAAAAAATCAGGCTATTAATGAAAAATTTACCAAAGAGAGGGATATTATTTTTAAAAACTCAGAAATTCTAAAACTGGAGAATTAACTAAATGAAATACAAAATACATTTGAGAGCTTTAACAATAGACTAACTCAAGTAGAAGAAAGAATTTAGAAACTTAAGAACAGGTCTTTTGAAATTACCTAGTCACACAAAAATAAAGAAATAAGAATAAAAAAGAATGAATAAAGCTTTACA,"[[17933558, ""C"", [""A""]]]",yes,no,C->A,1
chr13,31242367,31242764,GCAGGGACTCTGCCTGTCTTGTCACAGCTGTTTACTGTATTCCTAGAACAGTACCTGGTACATAGTAGTTGCTAAAAATTATTGCAAAATTGATATTGTTAATAGTCATCACATGCTTACCACATGCCAAGTGCCTGGCATGTATTAACTCACTTGCTCCCCTTTGCTGTTGTCATCTCACATGAGAGAATGAGGTGGCAGAGCCACAACTAGGATAAGAAACTCACTCGAGTTGCATGGCTCAGAAGAAATAGAGCCAGGATTCAAAGGAATTTGGCTCCAAAAATCAGATCCTTAAATACTGAGCTTTACAGCCTTTTGTGAGTGAATGAATTATTAGTTAAAATAGATTTATATGAGCTATAAAATGGACGGAGTAATGCTTTTCAAAGTAAATT,"[[31242387, ""A"", [""G""]]]",yes,no,A->G,1
chr3,182108592,182108910,AAACACATCCTATAAACTGTGGGGAGATATATAATGTGAGGATCCCTAGCTCTGATTCTGTTAGGCCGCTTGCTTGGAGAATCTTTTGCTCTGTTAGTAGAAACCACTTTTGTTTGCCTGTGAACTGATCTAACAAGAATTACCATCTTTAAACTGAGAGGGCAGAACAAGTAATGCAAACAGAAAACAGAGCCAAGAGAGATGAAGAGAGACAGCATCAGGTGTTCTTAATGAGAAAACTTCTGTGTTCAGGAGAACTGTATCCCAAGATGCCGAAACACCTTAAAGATATGATCAAAGACCTATCTTGATGCTTTTA,"[[182108659, ""C"", [""G""]], [182108763, ""C"", [""T""]]]",yes,yes,C->T,2
chr8,81990673,81991136,GCTGCCTTTTGTTCTGCTGTGCCCTGCCCCAGAGGTGGAGTCTACAGAGACAGGCTGGCCTCGTTGAGCTGCGGTGGGCTACACCCAGTTCCAGCTTCCTAGCCGCTTTACGTATTCAAGCCTCAGCAATGGCAGACGCTCCTCCCTCAGCCAGGCTTGCAGCCTCACCGTTGGATCTCAGACTAGCAGTGAGCAAGGCTCACTGGGCGTGCGACCCACGGGCATGCGCCCCACTGAGCCAGGCATGGGATATTATTTCCTGGTGTGCTGTTTGCTAAGACCGTTGGAAAAGTGCAGTGTTTAGGTGGCAGTGTCCCAATTTTCCCGGTACAGTCTGTCACGACTTCCCTTGCCTAGGAAAGGGAAATCCCCCAACCCCTTGTGCTTCCTGGGTGAGGCGATGCCCCGCCCTGCTTCAGCTCATCCTCTGTGGGCTGCACCCATTTTCTGATCAGTCCCAATGG,"[[81990691, ""A"", [""G""]]]",yes,no,A->G,1
chr5,153818653,153818992,CGGTTCCTCAAACATGCCAAGAACAGTCCCACTTCAGCACTTTTTGCTGTTTTTTCAGCTTGAAACCCCCTTCACCTAGATCTTTGTGAGGCTGGCTCCCCATCCATCCACATGGTAATGCAAAATGTCATCTCCTCAGATGGCATTTCCTGTCCACCCTATCTAAACTGGCTCTAAGGTTACTCACTCTTGCATTACTCATCGCCACCTAATAATATCTTGTTTACTTGCTTATTGTTCTCTTCCCTGCCTGCATCTAGAATAAGTATTCACAAGAAGAGGGACCTTCTCTGCCCAGCACAATGTCTGGCATGTAATAATTCCTCAATCAGTATTCACT,"[[153818706, ""C"", [""T""]]]",yes,no,C->T,1
chr5,52520146,52520480,AAGAAAATGTGGTATATAAACACAAACGAATATTACTCATCTATTAAAAAGAAGGAAATTCTTTTACATACTACAACATAGAACAACCCTGAGGACACTGTGCTAAGTGAAATAAGTCATCGATAGATGGATAAATACTATATGATTCCATTTACATGGGGTATCTAAAATAGTTGAACTCATAGAAACAGAAAGTAGAATGGTGGTTTCTGGGTGCCGGGAAGAGGAGAGGTGCTGGGTATACAGTTTCAGTCATGCAAGATGGAAGAGTTTAAAGATTGTTTGTAGTTCATTTTATTTACAGTTTACAATACCATACTGTGCACTTAAAAGGT,N,no,no,N,0
chr10,14926727,14927052,GAAATGAAACTTACATAGAAACAGAGATGCTTCTGAGAGTCAGGGGACTACCTGTCAACTACCAAGGCTGCAGAACACTGAGCGATAAGGGTTATGAGTATATAGGATCCTCTTACCTCACTGTAGGAGGAGTGAAAAGAAAAACAAGCTCTGTATGAACTCTCTCCAGTCCTAAAGGGAAGTGAAAACACAAAATAAAAAGATCACTGAGCAAAACTAAAACTAAGCAAAGCTGGCCCTTCTCATTTAGGCTATTCTAGCATGAAACCACTCTAATGGGCTCACTTCAGCAGCAAGTGTCGAAATCACCCTAAATCAGGAATTTC,"[[14926830, ""G"", [""A""]], [14927010, ""G"", [""A""]]]",yes,yes,G->A,2
chr12,39369812,39370235,TAAAAAGGTGTTTAACAGCTCGAGAAATAATACCCAGTTCTTCCTCAACAATGTTAACATCAAATCCTGTTCCCATTGTGTATGTTTTACCAGCTCCAGTCTAAACAAAAGAACAGAGAAAGATTAGTGTTCAACCGTAACATAACCTTAAGAAACAAAAATGAAAGCACAACTGAATTAACATTTCTGAAAAGTTTCAACTCCTATGAAAATAATATGGCACTTACTTGTCCATAAGCAAAAACTGTAGCATTGTATCCTTCAAAGCAACCTTCAATTAGTTTTTCTATACATTGAATGTAGATCTGCTCTTGCTGGGAGTCAATGTCAAATACATAGTCAAAAGTAAAAGCCTTATCTTTCCCTAGGAAGACCTGAGGCTCTCCTGGTGTGACAGATGTACAAATATGGCATCCTTCAATCT,"[[39369948, ""T"", [""G""]], [39369980, ""G"", [""A""]]]",yes,yes,G->A,2
chr18,40821594,40822006,GAGAGGGAGTGTGCTACCCAGCCAGGGAAATCATGCTTTTTCATGGAACTGTGCAACCCACAGATCGGAAGATCCCACTGGCAATCCCACACCACTGGGGCCTAGGGTTCCAACCTCGGAGCTGCGCACATTCTCATCAGCCTCTCAGCTAGAATCTGCTTAAGCCTGCAGAGCTCCCAAGGGAAGGGCGATCAGCAACATAGCTGAGACTGCCTGCTGTCTAAGCCATTTGAGATCCTTGGGGGAGGGGCAGCAGCCAGCACTGGGACTCACAACTGCCTAAGATGCTAAGCTCCCTGGGCAGGAGAAGGGTGGCATCCATCTTTATAGCTCCAGGCCACACTTTTCCCCTGCTGGAGCTGGGGAGGCAGGATGGCTTGGTTCCAAAAGGTGTCCCTCACAACTCAACACAC,"[[40821599, ""T"", [""G""]]]",yes,no,T->G,1
chr5,103334819,103335046,GGGAATGGGCGGGGGGAGGCAGAAAGGATTATTTTAGGTTTTACATGCTGAGCCTGAAGTGTTGCAGACAGTTGGACATATGGTTTTGGAACTCAAGAGAAGGTTCTGTGCTGGAGATGGGGAGTCATTAAAATATACCAGTGAGTCATTGGAATATATCCAGATGGTGATGTAGATGAGACCCTGGGAGAGCGGGGCAGAGTGTAAGAAAAGACGACACAGTTAGGA,N,no,no,N,0
chr18,73861809,73862258,CGGTCTTTTGAGACAATCAAGTTTCTGACATTGCCTAACTCGAGAGCCTTGCAGGAGCCTGGCAAAGACACAGACACCAAAATGTGAGGCCTGTTCCCAAGCACCCAAGGCTGAGGTTCTAACTGAAACCATTGCAACAAGAGGAAATCAGAAACACTGAAGCCACAGCTGTCAGATGCCTCTGAAACCACAACAGTAATATCACATTCAAGGTAAAAATAATTCGGGAAGAAATGGCACTTAGATAGAACCATATAAGTAGAGCGAGTATGAGGGAGGGAGGCTTCGGGTTTAGAGCAAGCTCTGGCTACCATTTGCATCTTGTGGTTTTGTGGAATTTTTTTTTTTTTTTTTTTGAGACAGTGTCTTGCTCTGTCTCCAGGCTGGAGTGCAGTGACGTGATCTCTGCTCACTGCAACCTCCACCCCCTGGGTTCAAGCAATTCTCCTG,"[[73861916, ""T"", [""A""]], [73862212, ""T"", [""C""]]]",yes,yes,T->C,2
chrX,98023600,98023803,ATATATATATATCTAGATATATATCTATATATATATCTAGATATATATATCTAGATATATATCTAGATATATATCTAGATATATATCTAGATATATATATATATCTAGATATATATCTAGATATATATATATCTATATATATATCTAGATATATATATATCTATATATATATCTAGATATATATATATCTATATATATATCCTG,N,no,no,N,0
chr20,12660266,12660641,CCCCTTTGGAGGAGACAGCAATAGATTAAAACATCCCATATTTTGTTGAGAGAATCTTCACATTAGATGTTAACTTTCTCACTGGAACTTGCATTTTTATATGATTCCATGATATTTCAAGGCATCTAGGACATTTTATCTGCTCCAATTTTCGATCTGCTTTTTGTGCTGAATTTCTTTCTCTTTAAGTCCCTTGGGAGCTGCAGTCATAGCCATGAAACATGCCATATAATCAATAACCAACCAGCCAGCCAACCAACCAAAGAAATAATATTTGCCTGTATTTTAAAAATATGTCATAGTTACAAAAGACAAAGAAAAGCTGAGCAGCTATCACAGATTAAGCTCTAAAAATAAATAACAGCTGAAGATGGTA,"[[12660288, ""G"", [""A""]]]",yes,no,G->A,1
chr4,126826896,126827366,GCAATAACATTAATTCTAGTGTGTGCTACCACAAATGCAAGAGTTTGTATAACACACATAACTAATCTTGTTTTTTAAAAGAGAGAGCCAAAAGACCATTTTAAGTCATCAAATATTGGTGGCCATGAACTATGAAGCCAAGCAGAAAACATGGCAAAAACTGACCTAATTTTCTTCAAAGAAGAAATGAGATTCCTAGAGGTTTCTTTTTAATCCTTTAATAACTGACTTCCTGCACATCCCACTTCATGGGAGTTGAGGAAGTTGAAACTTATTTTAACTGGGCGATGGAGTCAGGAGGGAAATTTTATAGAAAGCTAATTAAAATTATAAACTTACAGGAGAGAGCTGGGTATGGCCAATTTTATACATCATAGCCAAACACAACAAGGAAAGCTAAAGAATTTTTTTTTTTAATTTAGGAGAGGGGAATGAAGAAAGTTGAGACAAAGAAACCTCATGGAGGCAAAA,"[[126826945, ""A"", [""T""]]]",yes,no,A->T,1
chr7,17209150,17209466,TAACTCTCTCTTTTTTTTAATTAATTGGAAGTTCAATCTAACAGCTTGAACAAATTAGCTATTTGTCTAAGTATACTCATAGCTATTTGGGGCTAGAATGCATCGCACCTGATGCTGTGGTTAACTGCACTACAATAAGGACAGAGTCTGTCCCCTGTCCCACCACTACAACTGCTGACACTGGACACCGAAACTACAGAGCCACAGTCTGAGCCCTCCACTATGCTGTTCTATTTTTCCCTTATGATCAAAAAGTAAACTGTGTAGTACAACTATAGCATTGTATAGAGCTTCAATTCTCCTTCAACCATTTACCA,N,no,no,N,0
chr2,111762556,111762895,GCTTGATCCTGGATTCCCGTTTCGAAAATGGTTTCCAGCTCTAGGAGGATTTAAAACTCTTATAATACGAATAATAATAGTATTAGGAACCTGCATGTTACTCCCCTGTACATTACCCATATTTCTCCAGTCACTAAGAGGCTCCGTTACCACCTTAGTTCATCAAAAGACCTCAGCTGTCTCTCAGGAAGACCTGGATAGTGAAGATGAAAGTGAGAACTCCCACTAGTGAGTGAGGTTCTCAAAGGGGGGAATGAGGAGAGAGGCCATTTCTCTTACTGTCTCCTGTCTCTGAAGAGAAGGAGGAAGTAAAAGCTGAAAAAGATTAACCCCGCACTCT,"[[111762578, ""G"", [""C""]]]",yes,no,G->C,1
chr3,103724430,103724682,CAAGCAATCCTCCTACTGAAAGTACAAGCATGTGACACCATATCCTGTTTTTCACAGTTTCCTATTACAGAAACTGTGTAAATATATGCCATGAAAAACTACTTAACAATGCAAAAAGGGGCTATTCAGGTATACTACAACTTGTATAAATCTGCCAGAAATTATACTGAGTGAACATATCATTCATAAAGACACCTGATTTACTAAGGAATTCAGCCTTGACTTTCATCTTCAGGCCAGAGTTTAAATATGA,"[[103724526, ""T"", [""A""]]]",yes,no,T->A,1
chr4,44918231,44918490,TATCACACAGTCAGATATCCTGTTCAGGGACTCTTTAAGCCTCTCCCTCTGTAGAGCAGATTCCCTTTTCACATCCCAGTAGGACTGTTAATTGGGTTTTGAATCTGATTACTGAGACAAATTGGATCAATGGTAAAAGTACTAAGCAATTTATTCCATGTTCACAGTCCATTGCCGAAGAAAACAGTTCATAAGTTCTTATGAAAACTAGAGATTGTCCATTCTTCTACAAAATAAAGAAAATCCTGAGCAGACACAAC,"[[44918406, ""T"", [""C""]]]",yes,no,T->C,1
chr8,68150600,68150941,TGTAACAATAGCCCTACCTGCTTCTGATGATTAGGGTGGAGCAGCTTTGCCAAGGTTGCGATTGATCTTCTTGGCTGTGGGTGCCTTGGAAACCCACAGACCAAGTGTTTCAGGGATTGGAAGCTCACATTACCCAAGTGAGTCATTGGAAATGATGCGTTCATTTCCCAGTGCTGCCCTAGCAAGTTACCACAAGCTCGGTGGCTTAAAACAACAGAAATGTATTCTGCCACAGTTCTGAAGGTCAGAAGTTGGAAATCAGGATGTTGTCAGGCCATGCCTCCTCCTTCCTCTTTTGGCCTTTGGTGTCTTCCAGCAGTCCTTGGCATTCCTTGGTTTGTG,"[[68150656, ""G"", [""T""]]]",yes,no,G->T,1
chr8,39055496,39055874,GTAAATGTTGTGGTTTCACATTTGATTAATTTGTGGACATTATCCTGATATTTCTGTTTAATTTGAATTCTATTTCACTAGTTCCTTCCAGGAGGTACTTTATGCCGAGGAAAAACCAGTGAGTGTGATGTTCCAGAGTACTGCAATGGTTCTTCTCAGTTCTGTCAGCCAGATGTTTTTATTCAGAATGGATATCCTTGCCAGAATAACAAAGCCTATTGCTACAACGGCATGTGCCAGTATTATGATGCTCAATGTCAAGTCATCTTTGGCTCAAGTAAGATATCATCATTTATAATTGATTGCTTCGATATTATTTATTTTTGATTTAGATATTTTAAAAAAGGTAATGAAACATTATTGATAAAGTTGAGGCTCT,"[[39055503, ""C"", [""T""]]]",yes,no,C->T,1
chrX,101976910,101977299,ACTCTTTGCCCAGTGGGGTTCCCTTTGTATGTGATGTGCCCCTGTTCTCTGACTGCCTTTGATATTTCGTGTTGTGTTGACTTTGGTGAATCTAGTGACTATGTTTCTTGGGGTTGTTTGTCTTGTATAGTGTCTCCCAGGGATTCTCTGAATTCCCTGAATTTGCATATCAACCTGTCTTGCAAGGCTGGGGAAATTTTTTGGACAATATTCTCAGATATATTTTCCTTGTTGTTTGCTCTCTCTCCCTCTCTTTCAGGGACTCCAATGAATCACAGGTTTGACAGGTTTGGTCTCTATACATAATCCCATATTTCCAGCAGGTTTTGTTCATTTTTTAAATTTTCCTGCCTTCATTTTTTCTGAGTGAGTTGTCCTCAAGATCTAACA,N,no,no,N,0
chr11,90500898,90501226,CAAACTGTAGTGAAGGAGAAAACCAAAGTTTGCCTTCATGGAGATTGCATTCCAGGGGACAATAAAAATAAACACTCACACTACAATAGTGCTATTCTATGCGGGAAATGAAGTAGAAAAAACAGGCCAAGGTCATTTTTTGCTATGATGATAAATAAAGGAAACATGCTCTGAGGAGTGGATGTTTGAGGTAAGACCTGAAAAATGAAACTAAGCCAAACCATCATAGAACTGAATGAGGAACACTCAGGCAGAGAACATAGCGATTGCAAAGATACCAACAGGTATGTGTTCAGGGAATATAGCTGGAGTGCAGTGTAAGGTTTGTG,"[[90500899, ""G"", [""A""]]]",yes,no,G->A,1
chr13,113824253,113824470,CACCCGCGGTCTGGGGTCTGAGCTGTCGGGAGCACGCGCGGTCTGGGGTCTGAGCTGTCAGGAGCACCCGCGGTCTGGGGTCTGAGCTGTCGGGAGCACCTGCGGTCTGGGGTCTGAGCTGTCAGGAGCACGCGCGGTCTGGGGTCTGAGCTGTCAGGAGCACATGCGGTCTGGGGTCTGAGCTGTCGGGAACATGTGTGGTCTCCCAGGGAGAATGC,N,no,no,N,0
chr6,141309196,141309625,TGTGTAGTGTGTTTACTGAGGTTGTGTGCATGCTTTCTAGGATTGGTTTTCCTGTATAAGCTGAACACCCCCAGAGGAAGGTCATACATCTTTCATTTTGCCTCTTAGTGCACATGCTTGAGTCTGCTAGCCCAGCTTCAGAGATCTTATCAAGAAGCTGCTGATCACCAGCTCCAGGTGTTTTCAATCTCTTGGGAAACTAGGTTCCCTTGGTGCTAGCTGTGACCAATTATCATTTTAGAGAGAGAGTTTAACAACCATCTGACTATCACTTGACATTCCTGGAGGGGGCTCTCCTGCTCTGCTCATGTCTACTTAACTACCCACTCTAACATAACCACTGTGGTTATCTCTTTCACAGGACAGAAATTACTTGCTTCTCTACTAGGTAAAAATCTGCAAGCTAACCTCTGTTCCTACAGATGAGTAA,"[[141309247, ""G"", [""C""]], [141309333, ""C"", [""T""]], [141309582, ""G"", [""A""]]]",yes,yes,G->A,3
chr10,73182544,73182891,ACAGCTTCTGGCTGGCTCTTTCCATCTCTCTCATCTGAATGGTGGACCTCAGAATCCAGCCATCATATTGTGAGGAAGTTCAGACCACATGAAAAGGCTCATGTAGAGAGGAATTAAAGCCCCAGTTGAAAGCCAGCATCAGCTGCCAGACATGTGAGTAAATGAGCATTAAGATGTTTTCAGCTCCCAGCCTTTGAGTCTTCTGACTAAGGCCTCAGATATTGTGGAGCAGAGATAAGCCATTCCTGCTGTGCCTCTATATAAATTCCTGACCCATATAAACCCGGAGAGATAATACATGATTATTGTTGTTTTAAGCTATTAAGTTTTGCAGTAATTTGTTACACT,"[[73182614, ""C"", [""T""]], [73182820, ""C"", [""T""]]]",yes,yes,C->T,2
chr2,196961909,196962137,TGTATGAGTCCACACATTAGTTCATGCTTGCATCCATGTATACACTTATCTAAGTCAGATAAGTTCTGGGTACCATGCTGATCATTATGGTTGTGGAAGTGAAATACAGTCTCTGCCTTCAAGAAGATCACAGTGTAACTTAGTGGAAAGACAGAACAGGAAACCAACAGTTATAGAGTGAGAAAGTGCTACTTTCAGGTTCATGCAGAGCTCCTGAAGAGCAACAGGG,N,no,no,N,0
chr22,17536273,17536560,AAAATAGAGGCTCTTGCTGGCTTCTCCTCCCTTCCATCTTTGTGCCTTGCTGTCTGGCAGTCTCATTTTTCTCCTTGCCTCTTTTCTTTGGCCCCTACCTCCTTGTTCCCTGCAAGTGGTAAGTGCCCCATCAGGCTGGGAATGGAATGCCAAGTGTGCTTCTCATGGCTGTGGCTGGGAGCCAGGAAGAAAATCATCATCCCTGCCTTCCAGCTCCTTGCCAATCCCAGCTGGCATCTTTCCCCTCTTCCCAGCCAAAATCCCACTGGCGGCAGGGCCTGCTGCCTG,N,no,no,N,0
chr1,114563081,114563546,TGGGCAAAGGATATGAACAGACACTTCTCAAAAGAAGACATTTATGCAGCCAAAAGACACATGAAAAAATGCTCATCATCACTGGCCATCAGAGAAATGCAAATCAAAACCACAATGAGATACCATCTCACACCAGTTAGAAGGGCCATCATTAAAAAGTCAGGAAAACAACAGGTGCTGGAGAGGATGTGGAGAAATAGGAACACATGTTGGTGGGACTGTAAATTAGTTCAACCATTGTGGAAGACAGTGTGGTGATTCCTCAGGGACCTAGAACTAGAAATACCATTTGACCCAGCCATCCCACTACTGGGTATATTCCCAAAGGATTGTAAGTCATGCTGCTATAAAGACACACGCACACATGTTTATTGTGGCACTATTCACAATAGCAAAGACTTGGAACCAACCCAAATGTCCAACAATAGACTGAATTAAGAAAATGTGGCATATATACACCATAGAA,"[[114563336, ""C"", [""T""]], [114563339, ""C"", [""T""]]]",yes,yes,C->T,2
chr2,19171470,19171759,TCAAATGCTAATCTCCTTTGGCAATGCCCTTACAGTCACACCCAGGATCAAAACTTTGCATCCTTCAATCCAATCAAGTTGACAGCATTAACCATCATGGACCTTAATCCCATTAATAAGCGAGGAACCCTCATGACCCAACCACCTCTAAAAGGAACCATTTCTTAACACTATTGCATTGGTCATCAAGTTTCAACACAAGAATTTTGGAAAGGACTCATTCAAACCATAGCAAAAGGTGAACATATTTTACATTATGTGTGGTGAGACCTGACATCTTTACTTTTCTT,"[[19171607, ""T"", [""C""]]]",yes,no,T->C,1
chr11,97463910,97464148,GCCATGGCTAAAAAGGGCCAAGGTACAGCCTGGGCTATGGCTTCAGAAAGTGCAAGCCCAGGCCTTGGCAGCTCCACATGGTATTGGTCCTTCAGGTGTGCAGAAGACAAGAATTGAGGTTGCAGATTTCAGAGGACATATGAAAACACCTGGATGTCCAGGCAGAAGTTTGCTACAGGGGCAGAGCCCTCATGGAGAATCTCTGCTAGGGCAGTGCAAAAGGAAAATGTGGGGTTGGG,"[[97463939, ""T"", [""C""]], [97464092, ""G"", [""A""]]]",yes,yes,G->A,2
chr4,16144952,16145209,GAACAAGGGAAGACAACCGTAAGGTCTGACTGCCAGCGGGGGCGGGCAAAAAGAGCCTTATTTTTCTTCTTGCAGAGAGCCTATAAACAGACATGCAAGTGGGAGAGATATCGCTGAATTCTTTTCCTAGCAAGGAATACTAATACTAATACCCTGGGAAAGGAATGTGTTCCTGGGGGGAGGTCTATAAACGGCCGCTCTGGGAGTGTCTGTCTTATGCGGTTGAGATAAGGACTGAGATACGCCCTGGTCTCCTGC,"[[16144970, ""A"", [""G""]]]",yes,no,A->G,1
chr1,100850341,100850571,TAGTGGAGATGGGAAACAAGATTGTTAAGACATTGACGAAACTCTCTTAGAAAAGATCACAAGACCCTACTTCCCCATACCTCTCCCTCAGTAATTAGCCCCTCGGGGAGATGAGAGCAATAGAATCCTTAGATGAAGTCAAGGTTCTGAGGGTAAATTGAAACTCTATGCTGTATCTCCGATCAGTGCTTTGCAAATTTCAATGTGCATAAAAATTACCTGAGGATTTTA,"[[100850378, ""A"", [""G""]], [100850401, ""C"", [""A""]]]",yes,yes,C->A,2
chr8,38290408,38290828,GAGGAGATGTTGAAAAACTGACACCGGAGTTGTAGTTTTGAGTCACTGTAAACATCATCCAGCTTACCCTTTTTGAAGGTCTTGTTAATACTAGTCTGCCCTTCAGCAAAGCTTTTGTCTCCTTCAACATAAGGGAACACTCTGCCCTGGTGTACCCAGTAGTAGTCATGAGAACCAAAGAAGAATACAGGGAAGTCCCCCAAGTCATGTTTAAGGCCCTGGATGTTCAGTGGCACAGACCTGGGGTTGCAGATCTCTGCTGGCCACCATCTGAAAACAAAAGCAATTTTAGATCAAGAGGGCAAAAACGAAACAAAAAACCACTATTTACAAGATTGGCAGAAGGGAAAAAAGTTTTTGTATTTTGCAATTTTCATTCAGATTCTAAGAACATAAAATACCACACATCATTATAAAAAGT,"[[38290421, ""G"", [""A""]]]",yes,no,G->A,1
chr3,187693497,187693767,CAGGTTCTGGGGATAGAAAGATTAAAAAAAAAAAAAAAAAACCTGACAGTGATGGGAAGATACACCTGCAAACAAGTAATGACAACACAGCATGCCAAGGGCAGTAGCAGAGGTAGCCTCAGGTGGTGAAATCCCAACACTGCCTGGGGCTGTGAAGGAAGGCTCACAGGGAAGCTAATGCTCAAACCAAGCAAGAGTGAAGGAAAAATGTTTGGAAACCAGTGGGGTAAGATGTTCCAGGGAAAGGGAACAGCAGAATTTGAAGGGCACT,N,no,no,N,0
chr22,46436694,46437189,AGGGATGATGCTATGGAAGGACCATTCTTATGGCCTCTCCCCCCAGCACTCAGCCACAATAGCATCTTTTGGCTCCCAAACACAGGTCAAAAAGACCCCAGGGCCTTTGCACCAGCTGCCCCCTATGCCAGAAACAATCTTCCCAGGCTTTGCAGATCACTCAGGGGTCAACCCAGCTGTACTTGCCCTGACTCATTGTACTCTACCTTGCCCTTACCTCCCATCAGCCTATGACATCACTCAGTTAATTTCTGAAATCATGCTGCTGACTCATTGGTTTATAAGAATGTATGATCCATAAGGGGAGGAACCGCAGCTCTCATTCCCTGCTGCATTCCAGAACCCAAAGAAGATCTGGTCCATATCAGTGCTTAATATGGGCTGTTTGAATAAATGAAAGGAAGAGGCATGAACAGACGCCTGAACATGAACAGGCCTGTCAGAACTTAGAGCACGCTGAGCAAAAACCACCTGCTCGGGCAGGAGATCATCAAAT,"[[46436738, ""G"", [""A""]]]",yes,no,G->A,1
chr18,35679406,35679697,ATGGCCTAATTTAAAAGGTGCAGGGTCCCACAACAAGTGACAGAGAAACTCACCTATAGCAGTTCTCTCTTTCCTTTCCCTCATGCAGCCCTCACCCAACACCCCAATCTGTGTACATCTGTGAGAGGAAACTGGTGTGAGCAGATGTCTACCTCACTGCTCCACCTGAGGCTTAGTCTCTAGGCAGGGTCCTGGAGTGCTGTTCCAGAGTCCCTGCTCAGGGGTCTGATTCTCCTTTATCTTCCTGCCTTGGAAGCCTCAAATATCCGGGTTACCATTTCCGGTATCTGGG,"[[35679606, ""C"", [""T""]], [35679608, ""C"", [""T""]]]",yes,yes,C->T,2
chr3,18114861,18115303,TAGCACTGAAATCGCTTTAAAAGGGATATGTGTCATTAAAACTGACCCCACCAGTAGCATCTTCCTTGGTGGAGCCTGACTCCCATTTGTCCAGAATTCTCAGCACTCAGCAGCTGTGGTCTCAGCTCAGCTCCAAGTCAGGCCCAGGCATGCTGCTGAGGTGCCTCTGTTGCCTGGGGGACTCCGGGCAACCTGATTCTTACTTCAGGCACTAAGTTGGATGGGTGACAGTTAATAAGTCATTCACATCAACTAAATTAGTCCAGAAATCTATGGTTTACAAAAGGCCGTCACAGGAAAGAGGAGGAGGGATATCACTACTTCCGTAACACCAGTTCTCAATCTGTGTGCTATGCCCATGACTACTTATACCGGGCTGTGTTACTGTCTCAGAGAAAAGTGAAAAAGGGTATCTGTACTCTCAAGGCTATATTCAATAATTA,N,no,no,N,0
chr6,69431784,69432282,TATTTTTATTTTTATTTTAGTATTTATTGATCATTCTTGGGTGTTTCTCAGAGAGGGGGATGTGGCAGGGTCATAGGATAATAGTGGAGAGAAGGTCAGCAGATAAACACGAGAACAAAGGTCTCTGGTTTTCCTAGGCAGAGGTCCCTGCGGCCTTCGGCAGTGTTTGTGTCCCCGGGTACTTGAGATTAGGGAGTGGTGATGACTCTTAACGAGCATGCTGTCTTCAAGCATCTGTTTAACAAAGCACATCTTGCACCGTCCTTAATCCATTTAACCCTGAGTTGACACAGCACATGTTTCAGAGAACAGGGGGTTGGGGGTAAGGTTATAGATTAACAGCATCCCAAGGCAGAAGAATTTTTCTTAGTACAGAACAAAATGGAGTCTCCTATGTCTACTTCTTTCTACACAGACACAGTAACAATCTGATCTCTCTTTCTTTTCCCCACATTTCCCCCTTTTCTTTTCAACAAAACCGCAATCGTCATCATGGCCC,"[[69432045, ""C"", [""T""]], [69432266, ""G"", [""A""]]]",yes,yes,C->T,2
chr1,209187579,209187904,AACTTCATGCTCCTTCATGGGTCCCATGTTCAAGAAAATGGTGGCAAGCAAGATCCAACGGTGGAATTTTTGGGCCTCTAATATCAAAAGGTGAAGCAGAGGACATGAAAACCCTCACTGCACATCCTCCACAGACTTGCCAAAACCACTCCATGGTCAGTAGTCTCTTATCAGGAAGGAGTGCTGGTTAGTTGTGCTGAAACCACAAAAGACAGGGGCAGTGTCAGGTGGCTGGTGGATATCAGGGGTGGAGTCTTTCGAAAGAGCTGGTTTCTGTTGAACCCTTTGGGAAGAAAGCCTAATGGCAGTTAGCGAGGGAGGAGGTA,"[[209187612, ""A"", [""G""]]]",yes,no,A->G,1
chr21,39175265,39175587,GCACTTCAGCCTGGGCAACAGAGCAAGACCCAGCCTCAATAAATAAATAAATAAATAAATAAGATAAAAATTTAACTATAGTACCTTAAAATATTCAAATACAACAATACTCCCACCTAGTGGATAAAAGGAAAATGCCTGGCTTATTTTGGTTGTGAATAATACCACCATAAATAAGGAATTAAAACTACAATTAGTTTTTTACAATTTTATTCCGTTTCATCATTCTCAAAATATATCCCCCAAAAGTAATCTACAAAAGAGTGCAGGCTGCTCCCCTTAAAGGAATGGACAAGTAATATACACTACAAAACAATGTTTAA,"[[39175304, ""A"", [""T""]], [39175403, ""T"", [""C""]], [39175461, ""A"", [""G""]]]",yes,yes,A->G,3
chr2,213089457,213089796,ATATATGATCACCCCATACAGATTTCTCCCCTCTTTCAGACCACTGTAACCAAACCAAACTGGTACCCTTGCTGTTCCTCAAGTACACCAAATATGCAAAGTGTCACAATTCCCAAGAATGATTCTAACTAGAAAATCCACTGCTTTTGTAATAGAACATTTTTGGCTGACAGATCATGGGCCAAAAATTTAACCTCCACTCTCCAGGCCCAATCTGGTTTGTAACCATGTACATGCATGGCAACCCTTATTCTGTTACGGGGAGAAGGAGGAGGAAATTGGGAGAATTCTGTAAGGGGGAGAAGGGTTAGTAAAAGGTAAGTATAGAGAAAAAAGTAGA,"[[213089480, ""C"", [""T""]]]",yes,no,C->T,1
chr12,105313827,105314105,TCTTACAAAAGCGAATAGGAGAAATATCACTGAATTTTTTTTCTCAGCAAGGAACAGCCCTGAGAAAAAGAATGTGTTCCTAGTGGGCGGTCTCTAAAATGGCTGCTCTAGGAATGTCTGTCTTATACGGTTGAAGATAAGGGATGAAATAAGCCCCGGTCTCTCATAGCGCTCCCAGGCCTATTAGGACGAGGAAATTCCTGCCTAGTAAATTTTAGTCAGACTGGTTGTCTGCTCTCAAACCCTGTCTCCTGATAAGACGTTATCAATGACAATGCA,"[[105313863, ""C"", [""T""]], [105314087, ""T"", [""C""]]]",yes,yes,C->T,2
chr18,52563682,52564011,TCTATATTGCTTTAAAAATTATGCAGTTAGATTTTTCCCTGGAACTATATAGAACCCTATCTTTAAAGTAGTCTCCTCGGAACTGCATTGTATTAGCACTTCCTGTTTCCTGGTGTCTTATTTAATAGTTTCTATTTAGCACATCTAATTGAAATCTGTTGTCTGTCATTTGGCCAAAGCCAGGAATGCCCCTTAGTAGGGTTCTGTGCCAAAATCCCTGAGTCTCACCCACTGTGTTCTAGTCAATTGACTTGCAAAAGCAAAGCTTTGGGAACTTATGTAGAAAAGTAGGTCACCGGTCCAATATAGCATTCCTAATAGTAAAAAGTA,"[[52563708, ""G"", [""T""]]]",yes,no,G->T,1
chr7,72075717,72075928,CTGCTGGCTTCTCACTGTCAAGTTTGCTCCTTTTGTCTGATAGCTGCATCTGGCCCCCTGCCCTATCTTCAAAGCCCTCAGGCCATGGGAGGTTAGGTTTCAACAAATAGAGACATCTGGGTGTCAGGGGAAGCTAAACAGCAGAGAGAACAAATGTGCTGGGGAGGAAGGGTAAAAGTTCTCAAGGATCTGAGAGTGGATGTCTCTCTGGG,"[[72075720, ""G"", [""C""]]]",yes,no,G->C,1
chr6,52729589,52729865,GATGAAAGAAAAGGCATGTTCTACCTAGAAAAGTCTGCAGTGAGGGGGTCAGGGTATGGAATCCATGTGAAACTTTAAGGAGTTTGGCTCAGAACCAGGACCAGTTTCTTTTTGTATTTGGAGCAACAACCTAGATATCTTTATCAGTGTCTGCAAATGTTCAAGGCCCTGGTTTAGCTTTAAGCCTGCTGGGAAAAACCTGCAGCTGGTTGGGTCATGGAGTGGCCAAGGCACTCTGATTTGCAGTCAGGACACAGAAAGAAAGCAAGGGAACTGG,"[[52729624, ""C"", [""T""]]]",yes,no,C->T,1
chr16,82487993,82488236,GATGCAGGAGCTCTGGAGCCCGTATGTCCCATCAGTCTTGTCTTTCTTTGGGACAAAATGGCTTGGCCTTTATCCCTTTGCCTCCATCTGTTGTTGATGGGGGTCGCCCAGGGAAGCAGGTGACCTCGAGTGAGGAGAATCCTGAAAGGGCTGACAGCTGAGGACTGAGGGCTGACAGCTTTCATCGCAGTTGGGACAACAAATCCTGCCTTGCAGAGAGACCTGGGCAACTGGTCTCTGCCCA,"[[82488070, ""C"", [""T""]]]",yes,no,C->T,1
chr15,95162059,95162489,CTTAGATGTTAGTAGCTAATCTGGGATGCAAACCAGATGCCTGAATCAAGTCTTTGTTCTCTTCATTCTGCTGCACTGGTTCGTCTGACTTGAAATTGCATCAGTTAGGGTTTGGGTTCAGCTGCATACAAAAAAATCCGAGTGGCTGCCAGTTAGACTAAACAGAGATTTATTTTTCTTCCATATAACAATAAATTCAGACATAAACAGTCTGAAGCTGGTGGAAAGAAAATGCTTTCTGGTTTCCCAGTGTGATTAGGCACATGAAGGCAGTTGCAATTCCAGCCCTCATGACTGTAATCCAGACTGCAGAAAGGAGTTAGAAACAAGAAAATCACGTGGCACTTACATCAGGAAAGCACAGTATTTTTCAGAAATACACAGAAATAACCAGAAATGTGTCTCACATGATCATTGCTGGTCATCTAATC,N,no,no,N,0
chr2,80748610,80749049,CAGGGAAACTAGTCAGAAAAATATAGCAGTAGTTTGCAGGAGAGAAATATGAGAACCTGAGCAAGGCAAAAATAGATGTGAAAATAAAGTGTCTAAACTTGGTGCTTGAGTGGCTAGAGGTCTGAAAGTTATGCTGGAGTCAAGAATAGTTTTCAGGTTACTAATTAGGCAGAACTGTTGGAGGGTTGTGACACTACTTGAAACAGAGACTGCAAGAGGAGGAAAGTGAGGAATTCTGCTCTGAGTAAGGTGTCTGCAGAACATCCACATGAGCATGTCTGCTATGCAATGGACTGTAAGAATTTGAAGTTTGAGGAGAAAAGACTGACAATGTCAGTTTGGAAATCATTAGCATATAGCAGTTAAAACCATGAGAATGTATGAGCTCACTCAGTGAGTGAATAGAAAGGAGCATAGAACTGAGCACTGAAATGGAGTAA,"[[80748806, ""A"", [""C""]], [80749018, ""A"", [""G""]]]",yes,yes,A->C,2
chr7,129662860,129663162,CGAGAACAAAGGTCTCTGGTTTTCCTAGGCAGAGGTCCCTGCGGCCTTCGGCCCTGTTTGTGTCCCTGGGTACTTGAGATTAGGGAGTGGTGATGACTCTTAACGAGCATGCTGTCTTCAAGCATCTGTTTAACAAAGCACATCTTGCACCGCCCTTAATCCATTTAACCCTGAGTGGACACAGCACATGTTTCAGAGAGCATGGGGTTGGGGGTAAGTTAAAGATTAACAGCATCCCAAGGCAGAAGAATTTTTCTTAGTACAGAACAAAATGGAGTCTCCTATGTCTACTTCTTTCTACAC,N,no,no,N,0
chr4,106328965,106329459,TCCTTTCCCCAGATATGTCTAAAAAGTTGCCTTTATAAATAATTATGAATATTTCTCATTATACTTAAACTTATTTACTTTTTTTTTTTTTTTTTGGAAAATATAACATGCAGAGGGATTTATGAACTAACCCAAGCCAATTTAGCCTCTAAAGCACTTGCCAGTTCCTTTGGCAAACATCAGTAACCTCTGTTAGTTAAAAGTAGGTAGGGGCTGTACAGCCTCTACTATACAACTTCACCACTAGGTGGTATGATTACAATGAAAGCAAGTCAGACTAACTCTTCTAGTTTATAAAGTACATTAAGAAGTAGACACAAAACAACTATATAACCTGTTCTTGCAAATTTGGTGGAATCCATATTCTATTCTCTAAGGAGGGTGCACTGTTCTGACTCAGGATTAATCAGTCTTCTAGTTAGAGAAGGCAACAAGGCTCTCCTTTGATGGAAGAGGGAGCACACAGGACCACAAGACCAAATGGAGTTATAAGAT,"[[106329191, ""G"", [""A""]], [106329267, ""G"", [""A""]]]",yes,yes,G->A,2
chr8,121062452,121062868,GTATATAAACTACACTTTAATAAATCTGATTTAAAAAAAAAACGAATCTCAGGCTTATCCATTGAATATCCTCATCCAAGGCCACATAATTTTATTTCTTTCCTGCTGGGTTCCTGACTGTGACATAGGACATCTGTTGAAGCTTGCATTTACTACCCTTTAATGCTCTGCCATCTTTATAATTAGATTAGGGAGGAGCCTGATTTTCAGCACAATCACCCCTGCAGCTGCAGTTTAATGTCTTTTTCAAGCTGCCATAGAGGATCTACAGCTTTCACAGCATGCTTTGAGTTTAAGTTGGCTACTATGATTCTTTCTTTTTCTTAAGACTTCCAGCAAATAAAATCAGCTTGTTCTACAAATGTAATTATTGTCAGCTCCACGAAGCATTAATGGGCCACAGCCATCACATAACCC,"[[121062538, ""G"", [""T""]]]",yes,no,G->T,1
chr2,136346302,136346501,ATATATAATATATATTCATATATATAAATTATATATAAATATATATTCATATATAAAATATATATAAATCTTTATTTCATATATAAAATATATATAAATATATATTTCTATATAGAATATATATTCTATATATAAAATATATATATAAATATATTTTCTATATAGAAATATATATGAAATATATAGAATATATATAAATA,"[[136346357, ""T"", [""A""]], [136346371, ""A"", [""C""]], [136346395, ""T"", [""A""]]]",yes,yes,T->A,3
chr1,190837212,190837493,GACGGAGTCTCGCTCTGTCGTCCAGGCTGGAGTGCAGTGGCGCTTTCTAGGCTCCCTGCAAGCTCCGCCTCCCGGGTTCATGCGATTCTCCTGCCTTAGCCACCAGAGTAGCTGGGACTACAGGCGCCCGCCACCGCGCCTGGCTAATTTTTTTGTATTTTTAGTACAGACGTGGTTTCACCATGTTAGCCAGGCTGGTCTCGATCTCCTGACCTCAGGTGATCCGCCCCCCTCGGACACCCAAAGTGCTGTGATTACAGGCGTGAGCCACCGCGACCGGCT,"[[190837292, ""A"", [""T""]]]",yes,no,A->T,1
chr18,25732594,25733004,TAATATTATAAGAAAGTAGACTGTGATAAATTAAAAATGGATATTGTAAATTCTACAGCAACCACTTAAAAATAAGCAAAGAGGAATGACCAATAAGCCAATTAGGGAAATAAAATGAAATCATTAAAAACTACCCAATTACTTAAACACAGAACAAATTTCAAGGGCAGTCAAGGGTCTCTTGGGATTTACATGTAATTGTATTGCCTGGAACCAAGCACTGTAGACTTCATTGAAGGGCTAGACTTGTAATACTAAACCTTGGATAGCTCACAGTCTGTCTAACCATCCTTTTAAAGTGGGACTGGTCTTACTAAAACTACCAACGTGATCCCAAAAGAGTAACATATCAACCCATTACCACATTAGCATCCAGATGTATCACACAATCCAGCCAGGTCCCATGACAAA,N,no,no,N,0
chr19,28297070,28297323,AAACATGGAGTCAACCCAGGTGCTCACCAATGATGGACTGGAAGAAGCAAATGTGGAACATATACACCATGGAATACTATGCAGCCATAGAAAGAATGAAATCATGTCATGATTCCAGCAACATGAATGCAGCTGGAAGTCATTATCCTAAGTGAACTCATGCAGAAGTGGAAAACCAAATGCCTCACGTATTAAGTGGCAGCTGAACATTGGGTACTCATGGACATAAAGTTGGGAACAACAGACACTGGGGA,"[[28297112, ""T"", [""A""]]]",yes,no,T->A,1
chr11,116373073,116373493,TAAGCTCCAATCAGGCAGAGGCCTCCACTACATATGTTGTCCAACCCACAAGCAACACAACCCCAGGACAGCCTTGAGAGTGACACACTCTGCCCCCTATTAATGCTGAAAACCCTGGCCTCCCCTGGTCCCCAGATGCCCCACTGTCAAAGCTAAATCGATACTCCCTTTTTTCTCTGCTAGAACATCTCAGTAATCCTAATTGGTCACCATGGCAACCCCAGCTGCAGCTCCTCGTGGCCTCAATGAAGAGACAGAAGGATGAGAGGGGGTGAGATGGAGGTTAAGCCTACTTATTGTATAATGCTCTGCCTTTGATATCACCTACATCCACATGCTAAGTACCTGGAAAGAAACAAAATCCCGTGTAAATTAGAATGATACCATCCAATCCCCTGCTTATACCCTCACTAGCAGCAGC,N,no,no,N,0
chr5,63374130,63374408,TGGGCATTCTTTTTTGACATAGTGCTGATGACAAGTTTAGCACCAGCTAAAGAATGTGGTAGCAAAGATAGTATCTCTTTTTCAAACTTATTTATTCTTCTCAATGCCAGGATGGTCAAGATATGCCTGAGGCTTTGTGGTTGATGTCTCTTGAGCAGAAGATCAATTCTGATTTCTGCCTCCTCTGGAGGCTGTCCAAAGAGAAAAGCAAAGGTCTCAGTTGAACAGCATCTTTCACATTGACCAGTTCATTTATTTGAATCAGTAGCACTATTTAAA,"[[63374151, ""A"", [""G""]]]",yes,no,A->G,1
chr5,156429231,156429531,AATTTTTTAATCATTATATAATGTCCTTCATTGTCTTTTTTTTTTTTTTTTTACTGTTCTTGCTTTAAAGTCTGTTTTGTCTGATCTAAAAATAGCTACTCCAGCTCACTTTTGGTTTCCGTTTGCCTAGAATATCTTTTTCTACCCCTTTACCTTATATTTATGTGAGTCCTTATGTCTTAAGTGAGTATCTTGAAGACAGCAGATATTTGGTTGGTGAATTTTTATCCATTCTGCCATTCTGTGTCTTTTAAGTAGAACATTTAGGCCATTTACATTTGACATTAGTATTAAGATATGA,"[[156429257, ""C"", [""T""]], [156429528, ""G"", [""A""]]]",yes,yes,C->T,2
chr20,51421950,51422161,AGACACCATCAACTTCCAGAAATCTATAAGAACCGGCTGCGGAACATTTCAAAGGCGTCCTCCACGTCATCAGCTTATGCAACAGAACCTCTACTTTGCCCAGAGTTTTGGAAATTAACAACGAGGGAGTGTCCTTTCAGCTTTCCTGGGATAGTGGAACTAACAGGCTTCAGATGAAACCTATTTGTTGGTTTGCAGACAGCCTGGGACTT,N,no,no,N,0
chr11,80462184,80462609,TGGACTAATCAAGGAAACAACTCAACCCACGGAGAATGGAGAAAAGCAAGGCAGTACAACAGCACACCCAGGGGCAGGAGGGACAGGGAGCCAGGGGAACCTCCCTCCACCAAGGAAAGGTGAGTGGATGAGCAACCCTGGGAATCCACGCTTCTTCCAGGGATCTTTGCACCTCTTGAGTCAGGGGATCCTCTCATGAACCCAGTAGGTTCTTCTAGTCTGACTCACAGGGCTTCAGTCTGACTCACAGAACTATGTGCTGCTCATGCACACATGGAGACGGGGAACCTTAGATTCCTGGGCTTTCCCAGCTTCAAGGCAAAAGCAGCTGCAACTCCAGCAAAGCCAGAAGTTAGGCCTCTGTACATATCCCTAGGAAAGGAGCTGAATCCAGGGGGCTGAAAAGCAACAGTCTGCAGGCCCTGC,"[[80462188, ""T"", [""C""]], [80462479, ""A"", [""T""]]]",yes,yes,A->T,2
chr19,49100180,49100429,CCCTGGTTCATTCTGGCCACCTCTGTCTCAACAGCCCTGCCTTGCCCGTTGTTCTCCCTGACATGGTCCCCAAGGGGTCTTTCTGACATCCAGAGCTGACCCCATCTCTGCTGACAGCATCCCATGGGTCCCTAGCATGATAGGACAGGTCCAGCTGCCACCATCTGGCCTTCCAGGGCTCTTCCCCAAGCTGTGTGGCCTCATGGACCTCCACCCCACCCCATCTCCTCCCTTCTCTTGCTGCCATCCT,"[[49100319, ""T"", [""A""]]]",yes,no,T->A,1
chr4,141788095,141788548,TTTATAGATTTGCATTTTTTCCTACATGTATAAAACATCCTGACTGTGCAATCAGGTCCACCTCTTATTTTCCATTATGACCGAAATATCTTGGAAGTAAGCTATGCTCATGCCCCTAGGGAACCTCAGGCTGGCTCTGGTGTGCAATGGATTGTTCTGCAGAGAATTCCATCTTACTCCAGAGATTCAGTGGAAAAAACCCTAGATGTGATAAATGACTCTGGGCCTCAGTAATACGGAGGATGCTGGGCCTGCTTCAGTAGCCCAGCAGATAGGAAAGAAGCATGTTCTAATGAGATAGCTATGGCATTCTGAGGCTACGTCAGAGCTAGGCATTCTTGATTTCTTTCTCCCCTGTCATTGTGCAACTTTCTTTGTCTTTCTCATGGTCCTCATTGATAATATAATATAATATAACTATATAATAATATATAATAAGAAGGTAATAATGCTT,"[[141788122, ""C"", [""G""]]]",yes,no,C->G,1
chr2,238872856,238873321,TCATGTGGGGCAGCTGCAGGGTCCTTCGTGTTGCCCTCACATTTACTGAGCCCTGGCTGTTTGCAGTCCTTCTGCTGGGTGCTGGAGACATAAGAATGACTAGAATCTGTCTCTCCTGTGGAGGACTCACCATTCACATCCAGCCAAGGAGACAATGGAGGACTCACCATCCACATCCAGCCAAGGAGACAAATCTACTGACAGCCATTCATAACACTGCATGTAGCTGTTGTACAACAATGGTTAGCAAACAAAGAAGACAAGGATGCCTCCTCCTGGACACAGTAGGGAGGCCAGACCAAGGGGTGGCACTTTGGTGGATCTGTCGTTCAATCAACAAATACTTGTTGAGAGCCTCCCACGTGCTGGGCTCCACATTAGAGACTGGGATGTGGCGGGGAAGAAGTCAAGGCAGTTCCTGTCACCATGAAGCTTGCCATGGGAGGGGAGGGGAGGGCAGGCAGGA,"[[238872906, ""T"", [""C""]], [238873241, ""C"", [""T""]]]",yes,yes,C->T,2
chr1,72451590,72452039,AACAGATTCCAATGGGAAATAAATCTGTGAAATGTTTGAAATGGAATTCAAATTAATAATATTAAGAATAGTGAAATATAAGAGAACATAGAAAAATATAAAAGAAATGAGAAAAGCCATTCATGATTTGAGTAAGAAATTCACTAGCAAAATGGATATTCTAAAAAAGAACCAAACAGAAATCCTGGAAATGAAAAATTCAATGAGTGAAAAAAATACAATCAAGGGCTTCAATCACAGACTAAATAAGCAGAAGAAAAAATTTTTGAACTTTAAACAAGTGTTTTGAAATAACCTTGTCAGATAAAACCAACCAATCAACAAACAAAAAGCTAAAAAAGAAAGAGTAGAACCTGTGTGACATATGAGACAACATAAGGTGACCAAATATTGAAATTTGGGGTATCAGAGAAGGAAAAGAGATTGGCAAAGGAACAGAAAATCAATCAA,"[[72451645, ""G"", [""A""]]]",yes,no,G->A,1
chr15,28269097,28269431,AACTGAGATCATTAAACATAATATACAATAAACAGAAGCTTGTCAATCTTCAGAAATCAAACGCCTTAAAGAAACACCAGAGCTTGTGCATCTGTAGGACAGACCCTGCCCCGCAAGGGAACACTGCAGGCACAGTGCCCAGAACACTCACCAGCGTGTCACTATTATAGGCCTGTGTGTACACGCGGCCATTGCGTGACAGAATCAGGAAACGCTTCTCTGCACAGGCAATCTGTGTGACTCCCAGGTTGGCCAGGCCTTCGCACTGGATTGGACCAATCACATTGGCATAGTATTTCCATCCTATTAACCCCCAACCTATGACCTCTTGCAAT,"[[28269134, ""C"", [""G""]], [28269135, ""T"", [""C""]]]",yes,yes,T->C,2
chr15,20558591,20558960,GAAATTATCCTTAGGATTTGCAATCTTAGAGAAAACTTTTTCATTTTTTTTGAGTTACAAATTATCTTCACTTACATTTGAGAACAGTGAGTCACAGAGGGATTAAGTATCTTACTCAAGATCTTGCAAGTGTTTGGTTTGAACCCAATCTTTTCACTCTGCAGAACTCAGAGTCACTCTTATTTGGAAACTTTTTAACTGATGTGGATCCTCTAATATGGGCTTCCTATTATTCATTCCGTATTAGTCAGAAGTTTTGCAAGCAGGCAGAATTCATTTTGCCAATTACGGGATTTTCCCTCAGTTGCAGTCAAGGTTCATAAAACTATAACTATTTATCTTTAATTATAAATTTTGTTTTTGAGACAAA,N,no,no,N,0
chr13,69660196,69660423,GCCTATGGGGTCGGGCAAAAAAAGCCATATTTTTCTTCTTGCAGAGAGCCTATAAGTAGGAGAGATATCGCCAAATTCTTTCCTAGCAAGGAATAGTAAGACCCTAGGAAAAGAATTGAATTCCTGGGGGGAGGTCTATAAATGACCGATCTGGGAGTGTCTGTCTTATGTGGTGGAGATGAGGGCTGAAATACACCCTGGTCTCCTGCAGTACCCTCAGGCTTATTA,"[[69660201, ""C"", [""T""]], [69660212, ""G"", [""A""]]]",yes,yes,C->T,2
chr17,13769905,13770192,TCAGTGCCCCAGTGGGGACTCGGCACTGGGGCTCCAACCCCACATTTCCCTTCCACGCTGCCCTAGTGGAGTTTCTTCCTGAGGGCTCTGCCCCTGCAGCCAACTTCTGCCTGGACATCCAGGTGTTTCCATACATCCTCTTAAATCTAAATGAAGGTTCCATAACCTCAATTATTGACTTCTGTGCACCTGCAGGCTCAACACTATGTGGAAGCCACAAGTCTTGGGGATTGCACCCTCTGAAGCCATGGTCTGAGCTGTACCTTGGCCCCTTTTAGCCATGGCTGG,"[[13769961, ""A"", [""G""]], [13769983, ""T"", [""C""]]]",yes,yes,T->C,2
chr7,11755027,11755253,CACAAATTATATACATGATCAGTGGTTCTTAACCAGGGGTCACTTTGCCTCTGAGAAGCCACTTGGCAACTTCTGGAGACAGGAGGGCAGTGCTACTGGTCTCTAGGGGGCGGAGGATTGAGGGCTGCTTCTGAAAGTCACACAGTGCATAAGATGGCCCTCCAAAACAAAGAATTATCTAGTCAAAAATTTCAACAGTGCCAAAATTGAGAAACCCTCATTTAGGG,"[[11755050, ""A"", [""G""]]]",yes,no,A->G,1
chr10,10213212,10213591,GGGACATCTAGGATAGTTTACAGAAAATACTTTTAGTATATACCTGGATGTCCTGTCAGCTTTTCTCTAACCTGTTAGAGTCTCAGGTATCTCTTAGTCCATGCTGTTTAAATTATCATCATCCCATGAAAAATTCTTAAACCCAAATCTCTTATTTAAACTTAAATAACTGTGGTAGACTCTGTGGTCTGTCTAACTGAACTTTCATTTTCAATTCCCTTCTCCCTGCTACTGAAGCGGCGTCATTGTCTGGGGTAAATACCCAAGGTTTGTCATCTCACGCCAGGGAGATCAAGGACGAGGACACACAAGAAGTGAGTTTAAGAGTGGAAGTTTAATAGGCGAAAGAAAGAGAAAAGAGAATAGCTCTCTCTCCTGCA,"[[10213344, ""C"", [""A""]], [10213345, ""A"", [""T""]]]",yes,yes,A->T,2
chr6,56972690,56972970,CAGTAGAAAACTGACACCCCATTTTCCAATAGAAATGTATTAGTAAGCTCAGGCCGCCATAACAAATACCATAGACTGGGTGGCTTAAACAACAAAAATTTGTTTCTCACAATTCTGTAAGTTAGAAAGTACAAGAACAGGCCCAGCAAGGTTCAGTTTCTGGTGAAGGCTCTATTTCTGGCTTACAGGTGGCAGCCTTCTTGCTGTGTCCTCACATGACAAAGAAAGAGAGAGATGTGATAGGATTAGTGGCCCTATAAGATAGACATTTCTCTCTCTCT,N,no,no,N,0
chr18,57732866,57733341,TCTTACTGTGGATTGCTGGCAAAGTTGACAAACCACTGCTCTAAGATATCTGGTTTCTGCTAACGCTAACGTCCTGAGCCTTTGTTCTGATACAACATTTTTAATATAACCTTAGATCTTCCAAGTTTACTGACTTCCCAGGAACACTCCCTAGCCTTTCTATCTTCCTAACTACCACTGCCCACTCTGTATCTGGAATTTGTGTTTGAGCATCTACCGCATAAGATGACCCCATACAAGTGAGAAGAACAACCTTAGTTAGATTTATTTTAGGAAAATATTTACACAAATACCTCAGGTTACAGACACACAGCCTGGCATTTACATAAGCATCACAGTGCCGTGTAGTCAGTATTGTTAATGACAGCAGCTCGCATTTATTTTGTGTTAACTGCATGCCAAGCCTTGCACTAAGCACTTTATAGACATGTGCTCTTTGAAACTTCCCACACCACCATGGTGAATAACAGTATTAT,"[[57732930, ""A"", [""G""]]]",yes,no,A->G,1
chr4,126532467,126532863,TGTCAGAGTCTTAGAAAGGAGCAACTGGAATTCCATTTAACAAAATAGACATAAAAAGCAAAAAAACAGAGATGGCAGACTAACAGTCTGGTTTGTCCGCTAGTCAGTAATGTGCTGCCCTCATTCAATGCCTGAATTGAGCAATGTTCCCATTGTAAGCTAAGGTTCTTTCAGAGCTGTTGAGGTCTTAATCTTTCACTCCATTAAATCCTATTGTAAATAATAACAGTAAAGCTACCTCATTGCAATACATGGTGTATTTGGCTTTCCTGAATCATCCCTGGGTAGGGAGTTTCCTGTATACACCTAATTCAATCATGAATAGCAATTACTGCAGATAATAAAATGGGGTTTCTGCTGCTGCAGCTTAAATAACATGTTTGGGGTGTATTAAGCA,"[[126532523, ""G"", [""A""]]]",yes,no,G->A,1
chr1,144898520,144898947,CTCTATTGCTTAAGCAGCTCTGAGGTCCGGGTCCTAAGAAGAAACCTCAAAGAAGAATCTATGCATAGAGTAAGGCCATCTGCCTGATTGCCATTTCATTGCACAAGCAAGCATCAAATTAACTCTCCCCACAGCCTTTTCCTCTCATCATGATCACACTGGAAGCAGCTACTATTGGGGAAGAAAAGGCATATGATGTGCCTCCTCTTTCCTGGCATCTGACAAGAAGCTCAGTGAGAACATCAGTTGGGTTGGGCTCTGGGTTCAGTGCCAACAGGCCCTGGCAGCTGCCTGGCTGCAGTGGAATAACAGCAGTTACAACTTAACTAGAGGCAGAGGATGGAAAGACATTAAATTCAGTTGGGAGGGAAGAGCAAATGGAAGCTAGACAAAAGCGGCTCATTAGGACGCTGCACGGGCATGGGCTC,N,no,no,N,0
chr7,79200036,79200380,GCCCCAGCTGCAGCCTCTTTCATTTGTGGCTCTCAATTACAGGACTACCAAGAATAATCCACCAATCTCCTGGCATACCAGGAAAATTCCTGGTCTAGATTCAGACAAGTGGTTTATAGTTCCAGCTCTACTTTGAGTTAATCCTGTTTAAATTTCAGTTCTCATATTCTATGATTCATTTGTGGAACATATACTGAGTCATTTTGAAAAGTTTTAGGCCAAGGCTAACTTTCTTACATGCAACAAAAAGTTGCTGGAAAAATACCATGTTGCCTTACAACTGTTTCAAACACTTTCGGCCTGATATCTGTAACCCCAGCACTTAGGGAGGCTGAGGCAGGAGGA,"[[79200067, ""G"", [""C""]]]",yes,no,G->C,1
chr10,127777399,127777731,TAGAAGCAAGAAGGAGTCAGTTAAGTTAGACTTCTTTCACTGTCTCAGTCATAATTTTGCAAAGGTGGTTTCACTACTCTACTGAATACTGAAGACAGTTGTAACACAATGGTAAGTATTCGTGTATCTAAACATATCTAGGCATAGAAAATGTAAAGTAAAAGTGCAGTAGAAGAGATTTTTTGCTTCGTTTTGTTTGTTTGTTTTGGGGATGGAGTTTCACTTTTGTTGCCCAGGCTGGAGTGGGGTGGTGTGATCTCAGCTCACTGCAACCACCACTGCCTGGGTTCAAGCAACTCTCCTTCCTCTGCCTCCCAAGAAGCTGGGATTACA,"[[127777562, ""A"", [""G""]]]",yes,no,A->G,1
chr15,49223893,49224179,TATGGGTATATACCCAGTAATGGGATTGCTGGGTTAAATGGTAGTTCTGTTTTAAGTTCTGTGAGGAAACTCCAAACTGCTTTCCACAGTGGCTGAACTAATTTACACTCCCACCAAGAGTGTATAAGCATTCCTTTTTCTACACAGCCTTGCCAGCATCTGTTTCTTGTTGACATTTACATAATAGCCATTCTGACTGGAGTGAGATGGTATCTCATTGTGGTTTTGATTTGCATTTGTATGTCTTCCTTTGAGAAGTGTTTGTTCATATACTTTGCCCATTTTTA,N,no,no,N,0
chr5,149870317,149870605,CATACATTTCTTAGAAACACCTTTATGCTTTATAATAACCTCAGAATACATGCCCTGTGCTTTAATAAGTGCTGTGGACATGTTTACTTACTGTCAGATAGGTTGAGCAAATAAATGCTCAGCTATGCATATAAGAGTCACTGGCTCCCTGGTGGCTTCAGGAGGGCACTGGATGCTTACTTTCTTTAGCTGGAGGGATCATGTGGAAAACATTCCCAGTGGTTGCAGAAACACACCTAAGAATTTTATAGACAGAGATTTGCTGTGTGCATGGGATGAAGGAGGGACA,N,no,no,N,0
chr8,97580529,97580748,GTTTAAAAGCATCAGAAAACTGCAAAAATAGCCAGGAATTAAGAGCTCAAGATCCTGACTTTGAGTTCCCCCTGAAGCAGATCCCCAGGGAAGGATTTGAACATAAGGAGGTGATGTCAGGAAGCATTATTAGGGAAGTGAGGAAGAGAAACAAGAAAGATAAGACAGCCAAAAAAAGCTGGTTCTTAAACAAACTGCCACTGTGAGTAACTGGAGCTTG,"[[97580550, ""A"", [""G""]]]",yes,no,A->G,1
chr1,4944120,4944342,TATTTCAATTCAGCCATCATCACCTTCAAGAGCAAAGTCTCAGCCTTACCCTCAGACATTCCTAGTAGATCACCGCGTGGGAAATCTTTGGGTTTCTGTTTTGTTTTGCTTTTTGCTTTTGCTTTCTTTTTAGAGATGGTCTTGCTCTGTCACCGAGGCTGGGGATCAGTGGCGAGAGTATAGCTCACTGCAGCTTGGAACTCCTGGGCTCAAGCGATCTTCC,"[[4944183, ""G"", [""A""]]]",yes,no,G->A,1
chr5,115336207,115336610,ATTAAATTCATTCGACCTTAGAGGGATGAATTAGTTAAAGAAGTATACTCTTTATTTCCAATAAATGGTACAACAACTTGAAACCTGATTCACAGCTACATTGCAACATTCTCAATATTATGAGATGATCTTGGTGTTCAACCTTACACAACTATTTATATCTCACCATCTTAAAGCATGGAAACTTCTGTTGCTGAACCTGTTCCAGGGATGTGCATGGATCTGAATAATGAATAGGGAACTTCCTTTAAGAACACAGAGTCTCTGTCATACAAATACTTCATTTCTTAGAAATAGCCAGCTGGGCATTTGCAACAATGCCAAAGTTGTTCCCAAACTTACATTGTAGAAAAGAACTGACAGTCATCCCCTACTTCCATATGCATTAATTACATCATGGAAGA,"[[115336226, ""T"", [""A""]]]",yes,no,T->A,1
chr21,43273750,43274059,GGAGTGCCTGTGTGGCAGGAACAGATCCTGGAGATGCCACAGTCAGGCTCAGCTCTGTTATCTGGAGAGCTTCCTCCCTGGTTTCTGGCCCCTCTCACCTCGGCATGCTTGCCTAGCGCTGTTTTGTTTACAGCTGTCTTTTGCCCAGGGGAAAACCCAACGCCAGCAGACGCCTCCTCTCTCCTTAGATGAGAAGAAAGCCCTGGTGGAATGGGACCTGCTGACCTGCCCTGCATGCGGCGTTTTGCGGTAGATGCTGGAAAGCCGGGTGGAAGGGAATGGGACCTGCTCACCTGCCCTGCATGTGGTG,"[[43273775, ""C"", [""T""]]]",yes,no,C->T,1
chr5,110663615,110663830,ATATGATTATGATGATTATGATAAAGATGTTAAGTCTCCCCAAACTGATCTGTTAGGTGTTGGTGAAGATAAGAGGAAGTGATACTCTCATACTCTTATAGACTGGGGAAGGAAATGTGTGTGTGTGTGTATGTGTGTGTGTGTGTGTGTGTGTGTGTATATATACAATATTCAGATACTTTTGGAGACCCATAGAAAGCATCAAGCAAATTTTTA,"[[110663659, ""T"", [""C""]], [110663773, ""G"", [""A""]]]",yes,yes,G->A,2
chr18,14887454,14887762,TTATATTTGTAATGATTTTATTTATCTGATCCAATTAATTGGCAAGAATATGTGGTGAAAGATTTTTTACATATTTGTATTGTTCTGTGTGAGACATCTATTGTAAGCATTGCTTCAGGCTCTCATTTTTGTCTGCCTTCCAGGATTTGCTGGCCCAAGTGCTGTGTGCTAGACTTAGTGTCAGTCACAAAGGGGAAGGAAACTTGCAGTTGAGCCAGACAGTTTTGTTATTCCTTTAAAATTAAAAGCATATGAAACAGATACAGCTTATTAAAGTTTTTTAATAAATAAAATAAACTTAAATAACAA,N,no,no,N,0
chr9,110390034,110390347,TATATAAGTATATATACACGTATATATATAAGTATATATATATACGTGTATATATATACATACATACTTATATAAGTATATATACATACATACTTATATAAGTATATATACAAGTATATACATACATACTTATATAAGTATGTATGTATATATACACTTATATAAGTATGTATGTATATACTTGTATATATACTTATATAAGTATGTGTATATATACTTATATAAGTATGTATATATATACTTATATATATACATACTTATATATACTTATATAAGTATGTGTATATATACTTATATATACACATACTTATATA,"[[110390090, ""C"", [""T""]]]",yes,no,C->T,1
chr8,47014920,47015139,GGTTAAATGAGGTGTGCCATTTACATAGTGCACAAAGAGGCTGGCCATCCCACCCTGATCTTTTATTATGCAAATTCGGTCTCTAACAGGCTGGCACCATGTTGCCTGCTTCGTGCTGCACACGTGGTGACAAAAAAAAAAAAAAAAAAAAAAAAAAAAAAAAAAAAAAAAAAAACAGAAAAAGGGAACTTCCATGTTGACTATACCTGGCTTCCAGGTA,"[[47014927, ""C"", [""T""]]]",yes,no,C->T,1
chr11,114069346,114069774,AAGTGCTGGGATTACAGGTGTGAGCCACCACGCCTGGCCTATTGCCTGGTTCTTGAAGGGATTCTCAGGAACCACAGGGAATGTCTGAGCCAGCTTTCTGGATCCGTGTGTACAGCCCTTCCCAGAGGCTTTGTGGAGCCAGCTGTACGGTGCATGAGCTTTGTGGCTAAGATATCAGAGTTCTGCCTGGCCCTTGGCCTTGGTCTCTCTCAGATGGTCAGCTGCTCTGTTTTTAGTGGTTGATCATGTAGAAGGCCAACAGGTGTTGACCTTGGTTTAGGCTACTTTTGGGATTTTTGAGGTTTCCTGAGACTCTTGGTTTTCTTTCATCATCCCGTCCAGAACCTCTGATGTCAAACTAAATTCTGTTTGGAAAAGGGTATGCTGTAGAATAATGATAGCCACAGCAATGATATTAATAATACCTTT,"[[114069380, ""C"", [""T""]]]",yes,no,C->T,1
chr7,37081506,37081783,TATGTTGTGGGAGGGACCCAGTGGGAGATAACTGAAACACGGGAGCAATTTCCTCCTTACTGTTTTCATGGTAGTGAATAAGCAAGTCTCACGAGACAAGGGGAAACCCCTTTCACTTGGCTCTCATTCCCTCTTGGCCTGCTGCCAGGTAAGACGTGCCTTTTGCCTTGGGCCATGATTATGAGGTCTCCCCAGACAGGTGGAACTGTGAGTCCATTAAACCTCTTTTTCTTTATAAATTACCCAGTCACAGGTATCAGCAGCATGAAAATGGACTA,"[[37081507, ""G"", [""A""]]]",yes,no,G->A,1
chr5,154986131,154986611,CAGGGTCTCACTTTATCACCCAGGCTGGAGTGCAGGGGCCTCATCTTGACTTCTCGGGCTCAAGGGATCCTCCGGTCTCAGTCTCTCAAGCAGCTGGGACTAAAAGTGCATGTCAACATGCACAGCTAATTTTAAAAAATTGTTTCATTTTGTCTTTCTTATTGCAAAAGAAGTGACAGCTGCTTCTTGGCAGAGACAGTGAAAACAGTGGTCAAGAGGGCAGATGTGTGGGAGCCAGACTGCCTGAATAAGCATTTCTTTTCTCTCCACCAATGGAACGATTGGATTGTAGAGGAATAAATAAATTAATACACATACAACACTTGGAACAGTGCCTAGAACATAGCATGTGCTCAATAAATACTAACTAGCATTGAACAAAATACAACAAAAAACAAGAGATCACTCATTCTCGGGATCTTGAGATAACTGCTAAGAAACAGTTATTGAGACCATACTATGTGAGTGACAGAGTGCTAGG,N,no,no,N,0
chr10,51559222,51559606,GCACAGCATGTATTACTTCATCAGGGAAAATGCCTTATACATTGCTATAACACAAGAAATGATACCGACGGGACAGAAAAACAAGCAGGCTCCATTGATTTTCCCTGGCTCCTCATATTCCTTACTAATGCACTTGAGGAAGTAAATAATGCATACAACTGATTGCATTAGAGGTGACTGTCTCCTTATTCATGCATAAGTCAAAAGGCATTATTAGTGCGTTAGAGACTTGGAATCAGTTCCAGATTGCAGAGTCTCTTTGCCTAATGACTGTCACAAATGGGAAACTCACAAACCAAAGCAACCAAACAAGACTTTTTTCATAGTTAGCTCATATATTGCCTTCCTTTGCATCATAAAAATAAAAATGTTGTTTTATGGAACA,N,no,no,N,0
chr10,114795100,114795376,AATCACATTTTTTAAAAACTGAGACCCAGATTATAAATCAAAGGGTCACACAAACATTCTTTGACCTAATAGTCATGCGCATACAAATGGTAGCGTCTATGGCATGCAAATAGAAGACACAAAGTGCCTTTCTGGCAGTCTGCCCTTCTCTGAATATTACATTTAGAGGGAATAGGCAGAATGCAGACACTAGACCCTGTCACTCACTCACCGCACAAAAAGGTCAGACTTACACTGAAGTGCTTAAGTGGGATAACTAATACCAGGTCCACTATGC,"[[114795306, ""T"", [""C""]], [114795334, ""T"", [""C""]]]",yes,yes,T->C,2
chr7,15603125,15603404,GAAAAACAATGCTGTACTTCTTAAAATGGTCGAATGTCACAGATAGTGCCATTTTGTTTGAGAAGGTCCGATATTAGCTATGTGAAGAAATAAAAACCTAAAGGAAATGAGGGAGTAAGTCAAATATATGTGGTGGAAGAGCATTCCAGGCAACAGGATTGGGAATACAGGCCTGAATGAGACATAAGTGATCTCATTGTGGGCAGAGATCAGGAGGAAGCATGAGTGATTGGAGCTGTGAGGCTATTCGGGGAAAGTGTTGGCAACAAGATAGGTGACC,"[[15603155, ""A"", [""C""]]]",yes,no,A->C,1
chr2,149544745,149544988,TGCAGAAATTAAGGAATAAGAGTGGACCTGATGGATAAGGTGGCAGGGAGGGGGGCATTCCAAATAAAGGGGAGCAGATAGGCCAAGGAAAAGCTTTGAGGTTAGAATAATTAAATGGGCAATGCCAGTATGCAGGGTGCTTGGAGACTATTGGAAAATGAAACTGAAAGTAGGAGGGAGCCAGATGATGAAGGGCCTTATATACCGTGCTAATTACTTTGAATGTCAAAGCAGTGATCTTTTT,"[[149544755, ""G"", [""A""]]]",yes,no,G->A,1
chr15,53030754,53031033,AACAGGTAAACCTCAAATCTTTGAGGAAATTTTATTTAACCTGTTCGATCTCACTGAGCAGGCATTTCTCACCTTCTATCCTGATACAGAGATTTAGAAACTCTCTCTGCTCAGCTAGTTTCATGCCAGAGCACGCTCAGCCACCATACTCACATCTCTGTTTCCTGCCTTGCAAAAGTCACAGGAGTGCAGTTCTGAGGCCAGGTTTTACCTTCTTTCCACATCCTAAGGGAGAAAGAAAACATTGCAAAAACTCCAGCTCGTGTTCTGCTGTCTGTTT,"[[53030795, ""G"", [""T""]]]",yes,no,G->T,1
chr12,89029923,89030271,CATTAGTCCATTAAATAAGAATGGGCAGAAACCATGGAATATTCTGGAGTCTTTCTCTGGAGGCAAGAGAAGATTGCCCCCACTGAGTAATATATAAAAGAATGGCAGAAGATAAAAATGTTGCATTTTGATTTTGTCATGACTCATATGTGTTCAATTTAGCAGTTACTTACATGAAGTTTCAAGTGAGCAGTGCTAACCCTAACCTTTGTTCTTCTCCCTCCCGGAGGAGGGCTGAAGTCTCCAGGATGACATGAAGGGCAAGGAGGGAAATCCAGGCAGTGAGCTGCTCAGATTGCTCCATTCCTGGGCTGGCTTACGCATGGCACCAGACAATCAAGCCTGAGTC,"[[89029962, ""C"", [""T""]], [89030048, ""C"", [""T""]], [89030159, ""C"", [""G""]], [89030255, ""G"", [""A""]]]",yes,yes,C->G,4
chr14,28709873,28710132,TGAATTAGAGGCAGACATTCAGCATGCCCATTATTCTGGAAGTCACTGCAGGATGCTCACTCCTATGTCGTTCCATGAGAATACTTGAAAGTACTGGCAAGACTAGACCAGCAGAGGTCAATTAAAAACAAACAGTAGTGATGGGGCTCACAGCAACAAGTGTGCAGTTCTCAGTGTTTGCCTTGTGCATTCAGGCCAATGGAAACACCATACCAAGGAAACTAGTCAACAGTACTACACTGTAAGAAACACAGTCTACA,"[[28709993, ""G"", [""A""]], [28710098, ""C"", [""T""]]]",yes,yes,C->T,2
chr1,82446317,82446643,AGAAATACAATAGTAAGGCTTTGTTTCAGAATTTCAAGCCATTAAAATTGTCATCATTCCAAAGTGTGGCTTTTATCAAATTCTGGGACTAGTTTCTGTTTATTTCCACAGAACATTGGAGCCCTATAAGGGTTGTTGTGAGGGCATCCCATTGATCTCGATCCCAGAGGCTCTCCTGCCTCTGGAGTGCTGTTCATTCCATTCTTCTCCCCAGAAATTTCTGCCTTTTCAGTTTTGACTTTCCAGCTTCTTTCTATTTCTCAAGGTCCAGCTCCCGATTATTTTCATTTGTAAGTCATCATTAGACCATTCCAGTTAGAAGTGTCT,"[[82446366, ""C"", [""G""]], [82446472, ""A"", [""T""]]]",yes,yes,A->T,2
chr6,147095368,147095707,CTAACACTCTCCTTGTTCTTCAGCCACATTGGACTTTGCCATATTTTACCAACCCGCATGCTTCAAGTCTCCTAGATTTGCTCACGTGATTCCTTTTGATTAAAATACCCTTTCTTATTCTCTAATGAGTCATAGTCCATGCATCACACAAGACCCAGTTCATAGATCAAGTTCCTGGTGAAATCCTCCCTAAAATAACCCAAGCAGAAAGCATTATCCCCATATGTGTTCTTTCATAGGATTTTGCTCATATATCGGTATGGGACTCATTCTATTGTAAGATAGTATCATTACTTGCTTATGAAATCACTTTTGCCCTTAGGTTTTGTGTTCCTTGGGG,"[[147095380, ""C"", [""T""]]]",yes,no,C->T,1
chr3,127984567,127984952,CCCATGAACAGCACTGCCAAGGAGCAGACCTTTTATTGGGTCCCCAAAAGGATGAGGAGGAAGTGGTCCCATGGGTGCAGTCAATGATGAGTTCATGGAAACAGCCAAGCAAGGGCCCAGAGACAGAAAGCTCGTGCCTGTCTGCAGTATCCTGGCTGGGCCAGATTGCCTGGGGCACAGGGTTTGTGGTCAAGGCTGGAAAAGTAGGTTGTAGCTAGATGACCAACGCCTGAAAGAATGAGGAGTTGGACCTGGTCTGTAAGCCAGGGAATTGTCTCAAAATCGTGCATTAAGGGAGACTTCTCTCTGTGCTCTGTTCCAGCTTCAGTCTTATAAACACTGACCATTCTCCTTCAGAATCCCCTTCTACTGAAGCAACGCCACCC,N,no,no,N,0
chr2,125761065,125761296,TGTTTTTTCTCCTTCACAACCATAGCCGCACTCCTTCTAGATTGTACCATGCCTTTCTTTGTTTTTATAATCTTGAAAAGCAAATCAAAACCGAAACCTAAACAAGGGGTCACAAAGTGAAGGGCACTGCAAGAGCCCATGAGAAATTACCCGGCTACTTGATGAGATATTTGGATGGGAAAATGACTCCTTGATGAGTCTGAAATACAGTATGTCTCTTTTCCTGGGCTCT,"[[125761066, ""A"", [""G""]]]",yes,no,A->G,1
chr12,91721990,91722481,ATAAAGTTGTTAGGTTTGCCACTAAGGCCAATTTATGCAGCCCTAGCACTCTTGGACAGGTGGGAAAGAGCTTTCAGGTGCCTGAAGCATACCTCTTCTGGAAACAAGAGAGCAGTAGTTTAGTGTATCATAAGGTTCCTCCTCCTATTAAGCAGCAAGATTCTTCAATAGTTGCTATTCTTTACTTGTCATCATCAAAGCTAAAATGCTGGCTAGAGGCCATATTTTATGCAGATTGCTTGAGTAAGCCAGTTTCTATGTTCCATCCACAAGTGGGGCATGGGGAATGTAACACAGAGGAAGAGATGAGCAATACCTGTATTCCACCTCAGCAGTCTGACCACAATCTACTCATTACTTCAGGCCTGACAACCCCCAGTTCTGGGAGGCCTTAGACTTAACCATGTCTGTTCCTACCTTGACATTTGGATGGAGGATTAAAATAGTTCTTTATATAATTGTATCTATGATATAGAAGAATAATATTCTATC,"[[91722002, ""A"", [""G""]]]",yes,no,A->G,1
chr1,177660216,177660479,TATGGAGATGATGACCTAGAATCTGTTGACCCTTTCATGAAATTTAAGAATATAAGAAGCAGAAGGGAAATATGCATTTCTAAAGCTAACAGAAAGCATGTAAATCTCTTGGGGGAAACTGAAACCTGTCAATGCAGATGCATGCTGGAATGAGGAGCTGCTGAATGCAGGTGCACCTGACTAGGAACTCTTGGAAGGCCACCACGAAAGCGTATGGTCATGCGGCGTACATTAGGAAAGGCACCCTGTCTCCAGGTAGGTGAA,N,no,no,N,0
chr13,89925161,89925449,GATATTTTGATCACAAATTTATATTGGATTATATTCTTCCCAATGTGGCATACCCCTTTTGAGGTCCCTTCTGCATGGTGAGGAACAGCTAAGAGCATATCCTGGTGTCTGCTGCCCTCTACGGTTCTTGTTAGGACTATCGGTGGGAAGGTTTCAATATCTGGATAGCAAAATGATAGGAAGATCATTATTCTCTAATGGAAGTAGCAGCCAGATGTGTGTGTAGGCATGAGAGTCACAGCCAGACACATGAGAACCTGAGAATCAGCTGATTCATTGCTACATACTA,"[[89925196, ""T"", [""C""]]]",yes,no,T->C,1
chr6,85191659,85191989,TACTATGCATTGGCTAAGATCGTACTTTTCTAATGAAATGGCATATACTAAATGCTCAATAAATGTGAGATTCTCTACCACCAGTATTTGTTGTAGATTCTTTCTGTTTTACTTGATATTACTGGATAGTATCCAGTATGCTTGGAATGTTGACACCACTCCTACATTCTAGACATGAAAAACAAAGGATCTCTGTTTCCAAGGATAGACATTACGGATAGAATTTTTTTCTTCCATGGAACAATAATCATTTTAGTACAGAAAAATAGTCTTCGGCCAGAGTTACAAATGAATCCTGACCTAAATTTATTGGATTGAGAAATGAGCCTTC,"[[85191680, ""A"", [""G""]]]",yes,no,A->G,1
chr1,144953954,144954261,TAAATAGGTTTTAATTTTAGTCACACACATGCATCACCAAGTATTGCAGAATAATTCAAATTAATGACAACCAAGCTGAAGCTGATGCTGGAAACCATGGAGGAGATGGTGAGAAGTACCCTCACTCCAAAATGAGGTGTGGCCCCAACCACAGCACAGCCGGGCTACTAATAATAGCCAGTGAGCTCTGGGAGGAGTTATCTTTCTCTGCCTTCTTTTCGTCGTCAGATGATTGTACCCTCAATATTCTGTCTCTAAGACACAGGGAAAGCACCTTCACGGATGCAATTAGGTAGATGGAAGATTCC,N,no,no,N,0
chr1,98285273,98285639,TAATCCTTTGGGTATATACCCAGTAATAAGATGGCTGGGTCAAATGGTATTTCTAGTTCTAGATCCTTGAGGAATTGCCACATTGTCTTTCACAATGGTTGAACTAATTTACACTCCCAAGAACAGTGTAAAAGCATTCCTATTTCGCCACATCCTCTCCAGCATCTGTTGTTTCCTGACTGTTTAATGATTACCATCCTAGCTGGCATGAGATGGTATCTCATCGTGGTTTTTGGCTAGGGCAATCAGGCAAGAGAAAGAAATAAAGGGTATTCAATTAGGAAAAGAGGAAGTCAAACTGTCTCTGTTTGCAGATGACATGATTGTATATTTAGAAAACCCCATCATCTCAGTCAAAAATCTCCTT,"[[98285301, ""G"", [""A""]]]",yes,no,G->A,1
chr4,55018598,55018837,ATCAGGATGTAGAAATATAGGAGGGTGCATCTTCGTTTTTCTGAGTTATTCACATTTTCTATGAAAACATTTCATAATCAGAAAAAAATGTATACAATGCAAAGTGAAACTCATGAGCTTTTGAGTCAGACCTGATTTGAATTTTAGCTCTGCTGAAATCACCGGTTTGTGATCTTGGGCAAATTATCATATAGCTTTGAACTTCCATTTTCTCATTTAAAAAATACAGATAATAACACC,N,no,no,N,0
chr15,41839776,41840079,TGAGGCATAAATCTGGAGCCTGCCTGCCCGGGCTCCAACCCCAATTGTGGACCTCAGGCAAGTGACTGCTTCTCTGTGCCTCAGTTTCCTTGTGGAGTGGGCCATCGTAAATAGTATCTGTGCATAAGGTGGTTGTGCGATAAATGAGTTAATGTATGCAAAGCCCTTGGCCCAGAGCCGGCGCAGAGCATTGTGTAAGTGCTGGCAGGCGTCATGATGGAGATATCATGTGTCCTCTTGTTGATTCAGGATTCTGATGAGATGGAGGATGGGCCTGGGGTTCAGGATTAGGCCTTGAGGCACT,"[[41839796, ""A"", [""T""]], [41840007, ""C"", [""G""]]]",yes,yes,A->T,2
chr13,70203640,70203980,TGGGTAACTAGTTATTTAATAAAATGATCTAATGATGTATGCAAATGATAAAAAACAAATTTAGGAGTGCTGTTACCTATGCTTTGGGTCAAGAGATGACGGGGTTGAGACTAGGAACTGTAGGGAAAATGGCTGTGTTTCGGTGAGGAGTAGGCTGAGTCAAACATCCAGTACACCATGACACAGCGGATTTGGAGTGCAGGCGCACAACCCCGTGCATTATGTAGCCATTTAATGTAACCTGTTTGTGTGAGCTCATACCTGGCTTTGGGCCACTATTGTCTGTGAGTAATATAGCTGCACTGCTGACTCTGTAGAGTGGGGATAGAAGAAGAGAGCCA,"[[70203976, ""G"", [""A""]]]",yes,no,G->A,1
chr2,53927924,53928368,TAGGTGACAGACCAAGACTCCGTCTCAAAATAAATAAATAAATAAACAACTGTTACTTTAATAATTAAATTATACAACATTTATTTTCATATTTATATTAGGCTTATGCACAAACTTCTTCAACCTTTTGTCACTGAGAAGTTTACTTTGCCTCCTACCTAAATACGGAGTGTATAATCACCAATATACTCACCATGCATTTACTAAAGTCATTTGGATCCACCCCAGGCAATGCTCTCATCAACAGAGGTAGCATATGTGTAGGACCTTCAGGAAACCATCTGCCTCCTGATACCAAACTGCGGGCTACTCCAATTACACAACTTAAAGTAGCTGTGAGCTGGTGAGGTTCTGTTAATGTCTCTAATGCAGGATATGTTCTACAGTTTGAAAACAGAATTTTTAAAGTCTCCATCACAGATATGCATAATACCATAATACATTA,"[[53928043, ""C"", [""T""]]]",yes,no,C->T,1
chr1,3997321,3997603,CTATGGAAAGATGCTATGGGATGGAGTGCATGTATGGCCAGCACTCACATCTGTGTGCCCCAGCCTTCAATGGGCTTTAAGAGTGTCACTTCCTTAGTTCTTATCACAGCCCCGAGGGGGAGGCTCTGCTATGTTTACAGCCCCAATTCACAGATGAGGCACCCAGCAGGCAATTGGAAGTGCCAAGGCCACTGAGTCATAGCAGAACTGGGACTGCATTGGCTCTGGAGTCAATGCAGGATTGAAAAGGAAGCCGGGCATGAGTTGAGTCACTTTGTCGTGA,"[[3997329, ""G"", [""A""]]]",yes,no,G->A,1
chr9,33498491,33498710,TGAATACATGGAGAGCAAATTATTTTAGTACTGTTCTCTCTTAGTGTCCACAAAGGAAGCCTCAGTAACCCACAGATTTTATTTTCAGTATTCTAATACTGTCTCCCTCTACTGTACAAAAAAGGAAATTGAGAGATTTTTACCATTTATTTCCCTTAAGACATAATTAAGAAAACTTCTTTCAATTTGTTTTCCCCCAAATAGTTTTTAGAGTTAGTAA,"[[33498546, ""T"", [""G""]], [33498623, ""A"", [""G""]]]",yes,yes,A->G,2
chr6,115805324,115805733,CCCAAAGGAATATAAATTATTGTATTATAAAGATACATTCATTGCAGCACTATTCACAATAGCAAAGACATGGAATCAACCTAAATGCTCATCAAGATTGACTGGATAAAGAAAATGTGGTACATACACACTATGGAATACTATGCAGTCATAATAAGATACGAGATGATGTCCTTTGCAAGGACACAGATGGAGCTGGAAGCCATTATCCTCAGTAAACTAATGAAGGAACAGAAAACCAAACACCACATGTTCTCACTTATAAGTGGAAGCTGAATGATGAGAACATGTGGACAGATGGTTGGGGGACAACACACACTGGGGCCTGTTGGGTGGGAATGGAGGAGGGAGAGCATCAGAAAGAATAGCTAATGGATGCTGGCTTAATACCTAGGTGATGGTTTGATCTT,"[[115805549, ""C"", [""A""]], [115805563, ""G"", [""C""]]]",yes,yes,G->C,2
chr3,25397173,25397449,AGAAAGTCAGAAATGGCTTCCCTGGGGACTGTGTGCCCACAGGGCTCTTCCTGCTGCTTCTACCTTTATGTTTCACTTGGCTCTCTAAATTTGTTTGACTTCTAGGTAAGGTTAAATCCTTCTCCCACGATCTGGATTTTCAGGTTCCTCCGTGAGGATGTGTGTTCAGAAGTGGACTTCCCCCGTCACACTTTGGGCACTCAGAGTTTTTCGGCTGTCCCACAGAGTTTACAGTGGCAAGCCACTTCCTTCAAAGGGTCTGTGAATTCCTTCAGTT,"[[25397300, ""T"", [""C""]], [25397357, ""A"", [""G""]]]",yes,yes,T->C,2
chr2,191923107,191923458,CCAACATGTTTGTTGAACCAACTCACTTCCGTGTGTATTATTGCATTTATAATTATCTGTGCCTTTTGTTTCTCTCTACTGAGTGTCATCTGTGACTTTCAGGTGTTGATCATTATGCTTTGGAATGGAACGAAGAGAAAAGATGAGACTCAAGAAAGTCATTGTTTCTCTTAGTAATGAGAAGGAAAAAGTGAAGTGAAACTTAACAGCGAATGTGAGAGTTTTTGATTGCCTGTGGGCTTTCATTTTTTCTTTCCATCTGGACCTACTAATTGAGATAATAGGTCAGGGAGACCTGGGTCTGCATTGGTAGGTATGATTGGATGGGCCCCAAGGAACTTCACTTTATTTT,"[[191923238, ""A"", [""G""]], [191923411, ""T"", [""C""]]]",yes,yes,A->G,2
chr8,92281036,92281480,TATATTCTTTTTATAAATTTCTTTGACTAGCAAGATTCAAAACACTAAGAGAGAAGGAATTCATTTGTTTCAGTAGGGAAAAAAAGCAAATTAGAAGAGCTGAATTCTTACGACATGCTGATGATTAAACCTACATTAATCATAAACATTGATGGGCCACCAACAGGGCATGTTTAATCATTTTCAACCAATTGTGTGACTATGACTACCCTTCTGCTAGACTTCTTAAAAGTATTTTCTTAGTGGGAGCTGAGATATTAAAGTTGCAGGATACTCTTGGGTAATCAAATTTATTGCATCGCTATTCAGAAAATTGCCCAACATAGAGGTTGTTAAAGAGGCACCACAAAATATAGGCCTTCTGGCTGTATTTGTTTCTTGAACACATTAGGAGATTTTAATATGGAGAATGTACAGTTATTTTAATTTCACATTCAGTTAAATT,"[[92281064, ""G"", [""A""]], [92281233, ""A"", [""G""]]]",yes,yes,A->G,2
chr19,33094655,33095098,GCCAGCAGCATGTGAGAGTTCATGTTTCCTACCCTCCCCCAAGCTGTCACAGTTTAACATTATTACTTGTTCCTTATTTCTTGCCCTGAGTCTCCCCAGCCAGACTGTAAGTGACTCTTTGAGGGTAACAGTCATTTCTTTTGGGTTCCTTATGCTGTGGGGCAGTATTGGTTACTCATTGAGCACATTACTGCTAGGTAGGGCAGGTGCTGGTAGAAAATGATTCCTGGCTGGGTGCAGTGACTCATACCCATAATCCTGGCACTTTGGGATGCTGAGGTGAGATTATCTTTGAGCCCAGGTGTTTGAGACCAGCCTGGGCAACACGGTGAAACCCTGCCTCTACCAAATATACCAAAATTAGCCAGGTGTGGTGGAGCGCACCTGTAGTCCCAGCTACGACTCAGGAGAGTGAGGTGGGAGGATGGCTTTAGTCCAGAAGGT,N,no,no,N,0
chr5,84038395,84038718,AAAGGAATATGTCCTACCTCTGCCTCTACCTTCTCCAAGACAATTCCGGCAAGATGTACTTCTTAAATCCTTTTTACATGGAACTTCTGGACTCTTCACTGAAGAGCTCAGCTGTGGCCAGCAGATGCCTGACTATGTATTTGCATCCATTACAAATACCTTGTTAGACCAGGATAGCTCCCCCAAGGGAGTACCTTTCAAAAGAAGGAAAGCTGGGCTTTTAAAACAATGGATAATCTCATAAGGGGTGCTGTTGTTGGTGGTGGGATGTCCCAGCATTTTTCACTGATAGTTAAGTAGAGCTGCTGTGGAAAAATCCAGGGG,"[[84038443, ""A"", [""G""]], [84038672, ""G"", [""A""]]]",yes,yes,G->A,2
chr12,130799064,130799436,AGTAAACTGAGCATAGCTCACATCTGACACTCAGCTGACTACATTAATGAGCAAAATGTAAACAGAGGTGAATTCAGCAAAGTGTGAGGAAGGTAACGTATTACCTGGTTGTCTGTCCAGACACAACCTGCAGCAGTGAATCGTAAAGCATTGAAGAATGACGGAGAGTTAACTCACTCAGTCACAAACTTCAACTTACTAGTAATCTCTGACTATGCACACATTTGCATTAGATGAGTCAATATAATGCAATACCAACAGACTTCTAAAAGGAAACAGTGAAACAAAGCCAGGGATGCAGCCATTTTTCTAACGGAGCTTAATGCAATGCATTTGGTATAGAGCAATTACAATTGAAGTCTAAGGTACTACA,"[[130799153, ""G"", [""A""]]]",yes,no,G->A,1
chr4,28179066,28179413,AAACTATAAACATTTACTTTTATAAATCACTGAGATTTGGAAATTGTGTGTTATGACAGGATAATTTAGTAAAAGTGATACAGAGGCACAATAGTTTTAGGTCTGTCTAAAATAATGAAAATACTTTTAGATTCATCTTCATCTCAGAAGTGAGTATTCAAGAGTTTTTAGAAAATTATCTTTCGTGCTATTTGATATTTCTATTGTTCTTATTATAGACATGAGACTCATTTGAAAACCACAAATATGTGATGAGTTGACTGAAGTCTACAAGAAAGATCCAGTAGTATGTTTGCTTGGACTATACAGGCATTTGCAGAGTGGTACCACCAACAACTAAATCAATCA,"[[28179189, ""A"", [""C""]]]",yes,no,A->C,1
chr8,127335275,127335588,GACTCACACAAAGTTAGCAGTTTAAAATTACACCTGTTTGTTAGTTTACAGTTTACATGAGTCAGCAGTCTGAGCATGGCCTAGCTAGGCTCTGTGTTTAGGGACTCACAAGCTCGAAATCATAATGTTTACCAAACTCAAGCTCATCTCATCTGGAACGAGGGATCCTCTCCCCAGCTCATTTAGTTTGTTGGCAGAACTCAGTTCCTTGTTGCTGTAGGACAGAGGCTCCCATTTCCTTGCTGGCTGCCATCTGAAGCTGCCATTCTTGGCCACTAAAATACACTCTATTTGTTGCCACATGGCTCCCTCTG,"[[127335310, ""A"", [""G""]]]",yes,no,A->G,1
chrX,98299920,98300354,TTGCTGTATTTCTTACAGCAAATAGTGAGGTCACAGTACAGATTGGAAATAGTGTGACTAATCCTGGTAACTACTAAGCAACTTGAATAAACAGAGACAGGAAGAAGGAAGAAAGAAAGACAAGCTTATGGGGTACATATCCTGAGCCTGAGAATCTACCTATTTAGTTCACCAGCACTCACTGTTTTCCAAGAGATGATCTGATCAGAAAGGATTACATTTACTCAAGTTTCAGGAAAATGCTTACTCATTTCTTGTCCACACATCTCAGATATTATCTTAAAAGAAATAATTGGTGAAATAGACTCTAGAACAACGTAAGGGGACATTTGTCCATAGTGATTAGGCTTTACTACACTTTGAGCAAGCAGAAGCACTGACTACTTTTGCGCTGGGTGATCTTTTTAAAAGTATGTGGATAGCTGGAGGAGCCAA,N,no,no,N,0
chr10,90293546,90293937,AACCTGGGAGGCAGAGGTTGCAGTGAGCCGAGATCACGCCATTGCACTCCAGCCCGGGCGACAGTGCGAGACTCTGTCTCAAAAAAAAAAAACACAAAACAAAACGTGTGATGATACCAGGCCACCTGTTGTCAAGGTTAACAGAAAACAAAAGGAGCTGTAAGTTAGAACCACAGTCATGCCTTGCTTAATGACAGAGCTAAGTTCTGAGATATGTGTTGTTAGGTGATTTTATCATTGTGCAAACATGGTAAAGCATACTTACACAAACCTAGACGATATAGCCTTCTACACACCTAGGCTAGATGGTATAGGCTATATATCCTGGGCTACAAACCTGTACAACATGTCACTGTACTGATTACGGTAGGCAATTGTAACACAGTGCAAGT,"[[90293558, ""G"", [""A""]], [90293583, ""A"", [""G""]], [90293613, ""A"", [""G""]], [90293640, ""A"", [""C""]], [90293657, ""C"", [""T""]], [90293672, ""A"", [""T""]], [90293896, ""T"", [""C""]]]",yes,yes,A->G,7
chr6,73796838,73797070,TTTTGCTGGTGAAGTGGCTGATGAAAGTCAGCACAGTGGAGCTCCCCAAAAATACATCATCTCACATGCTGAACTAAATTATATTTCAAAGTAGTGGACGAAAGCTTCTTGGTATAATGCTTTTCATTATGAAATCAGTGTCTCATTTCAGAGACTCTCTTTTTTCTTTTGCCATCACATTTGCCAAAGTCCTTTAAATATACTGTAGTTGTTTTTATTTTTTAAGAAATTAA,"[[73796858, ""G"", [""A""]]]",yes,no,G->A,1
chr11,84729127,84729565,AGATTTTGAATTTGTTTGCTGTTGCTTTTCAGTTCTTTTAATTGTGATGTTAGGGTGTCAATTTTAGATCCTTCCTTCTTTCTCTTGTGGGCATTTAGTGCTATGTTTCCCTCTACACACTGCTTTAAATGTGTCCCAGGGATTCCGGTACATTGTGTCTTTGTTCTCATTGGTTTCAAAGAACATCTTTATTTCTGCCTTCGTTATTTACCCAGTAGTCATTAAGGAGCAGGTTTTCAGTTTCCATGTAGTTGTGTGGTTTTGAGTGAGTTTCTTAATCCTGAGTTCTAATTTGACTGCACTGTGGTCCAAGAGACTGTTTGTTATGATTTCCGTTCTTTTGCATTTGCTGAAGCGTGTTTTACTTCCAATTATGTGGTTAATTTTAGAATAAGTGTAATGAGGTGCTGAGTAGAATGCATATTCTGTTGAATTGGAG,"[[84729156, ""T"", [""C""]], [84729423, ""T"", [""C""]], [84729437, ""G"", [""A""]]]",yes,yes,T->C,3
chr22,44091330,44091708,CGTAAACTTTACCATCTTAGCCATTTTCAAGAGCAGAGTTCACTGGTATTAAGTACGTTCTCATTGTGCAGCCATCACCACCACCCACCCACAGAACTCTTTCATCTTTCCAAACCGAAACTCTTCCATCATTCAACACTACCTCTCTATTTGCTACTTCCCCCGCCCCTGGCATCCACCAGACTGCTTTCTCCTCTATGCATTCGCCTACTCGAGGGACCTCCTACTGGTGGAATTGTACAGTGTTTGACTTTCTGTGTCTGGCTTATTTCACTGAGCAGAACATTCTCAAGGTTCACCCATGCGGTAGCCTGGTCCGAATGTCCTTCCTTTTTAGGGCTAGATAATATTCCGTTGTATACGTGGACTACGTTTTGCT,"[[44091454, ""G"", [""T""]], [44091701, ""C"", [""G""]]]",yes,yes,G->T,2
chr2,160989810,160990152,CAAGATTTTACTTGTGTTCTTTTGTTTAAAAACACTTTGGATTCCCTTGAGATTATTATGATGCAGAGCCATATTTTCAAAAAGATTCCTCAATTCTTGCCAGTAAAAGCTCATCTGATCTCTGCTCAGTTTTCAAAAATGGCTTGAGTTTCCTCATTACTGGCACCATCTCATCCCTCCCCTTCTTGTTGCTGAATGCTCATAGCAGATTCCACAGGCGTGGGGATAATGTTGTCTGTCACTTAGGGAAAGGCAGATTCTTCTGGGAGTTAAAGGCAATGAATTCCAGAAAATGTTTTTCAGATGTTTGGGGTTTAATGAAACACAGGATGTGCACTGCCAG,"[[160990056, ""A"", [""G""]]]",yes,no,A->G,1
chr12,109677270,109677728,CAGTGGCAGACACCAAGGCTGATGCAATCAGAGAGGCCTCTGCCACCTGCCTTGGGGAAAGGTCTGGACCCTCCTTGCATCCCCACCCCACCCACTCTCCATCACTATGGCAACCATGCAGGTGAGCCTCATCACTGCTAATCCTCTAATTACCAGCCACCTCTTCAATCAGCTGTAATTACTTTGGGGACACAGTTAACCTCTCATTAGGGACGCACGGCCGCTTTCTCCAAAAGCACAGCAGTGACATGCCTAGTAATTTACCGCCCCGGCTCGCAGGGCCGCTTTGTATTTAACTCGGGCGCCATTGCATCCCTGTCATTACTCCAGCCCGGTTGTCATGACGATTAATCATTCAATCCCTCATCAGCAACTTTTGCCAAATGTCACCCTGCTCTTGATCAAAATCCATCCTGCAGCCCGACACTGGGGGACTAATGACTTGGAAATAGGCTTCCC,"[[109677440, ""G"", [""A""]], [109677481, ""A"", [""G""]]]",yes,yes,G->A,2
chr9,132461952,132462412,GGAGGAGAAATCAAGGAAATCCAGAGAGGACTCTGTGGTCCCTTGCACACGGCAGGCACCTAATATCTACCTGTTGAACATCTCCGCTCCTTCATTTTATGGGCGAGAAGAAAGAGGCCCAGAGAGGTAGCGATTAGTAACTGTAACACAGCTGGTCCCCCAATTCCCAGTGTGAGCTGGCTGCTTCAGTGCCTGGCCTTGTTTACAAACCGCAGTCTTGGAGTCGCAGAAAGGGAATGGGTTCCCCTGGGACGGAGGGAAGAAAGCCAGCCCCAGTGCCTGCGGCTGATCTCTAGGACGTGTTTCTTGTGAGTTACTCTGGAATAATTCTAAGTACGTGCAAGTGGTCCTGCTCCTCCGTTTGTTTGCTTGTTTTGTTTTTCCACGATGAGGTGCTGCTTCACTCATTTATCTGCCAGGCACAAATTGGGACATTTTCATAGCAGAAGGTGTTGGTTTCC,"[[132462024, ""A"", [""G""]], [132462234, ""T"", [""C""]]]",yes,yes,T->C,2
chr20,45688250,45688685,ACATTTTCTTAATCCAGTCTATCATTGTTGGACATTTGGGTTGGTTCCAAGTCTTTGCTATTGTGAATACTGCCGCAATAAACATACATGTGCATGTGTCTTTATAGCAGCATTATTTATAGTCCTTTGGGTATATACCCAGTAATGGGATGGCTGGGTCAAATGGTATTTCTAGTTCTAGATCCCTGAGGAATCGCCACTCCCACCAACAGTGTAAAAGTGTTCCTATTTCTCCACATCCTCTCCAGCACCTGTTGTTTCTTGACTTTTTAATGATTGCCATTCTAACTGGTGTGAGATGATATCCCATTGTGGTTTTGATTTGCATTTCTCTGATGGCCAGTGATGGTGAGCATTTTTTCATGTGTTTTTTGGCTGCATAAATGTCTTCTTTTGAGAAGTGTCTGTTCATGTCCTTCGCCCACTTTTTGATGGG,"[[45688382, ""G"", [""A""]], [45688524, ""T"", [""G""]]]",yes,yes,T->G,2
chr2,175877963,175878239,CTTATTCTTGTACAACTAGCCCTGGGAGCACAGGAAAGACATAAGGAAATGTGCTCAGCAATAACTCCCACGAGAGAAGTCAGTGCTCACGGGTAACAAGTTAGCCACTGTGATGCATTTGTACTCATCTCCCTGCTGAGTCATGCTTCATGTAATGCACATATGTTTGTTTATTAAATATTTATTGAGCACCTACTAAATGCCAGGCATTGTAGTGAGCACTAGGGATACAGAAAAGACTAATGTAAGCATGGTTCCTGGCCTCATGGAGCTTATA,"[[175877968, ""C"", [""T""]]]",yes,no,C->T,1
chr1,177278686,177279079,TGAAAGTGCTGTTCAAAAAGACCCATCGGATCGTACGCCGGCTCTTCAACCTCTGCAAGCGCTGCCATCGCCAGCCTCGCTTCCGCCTGCCCAAGGAGAGGTGAGCACCCCCTGGCTGCTACAGCCAGAGCTCAGCACCTCCCCTGACAGCTGCTGAGGCCAAGGAGAACCCTCTGTCCAATGTAGGGGATCAGGGAGTGGTGACTCACACATAGCCTTCCAGTTATCTTGACCTACTCATGTGTGTCATTCTCAGCTGTGAGTTGCGTCTGAAGTGAGAGAGAGAAAAAAAGATGGGCTGATTTTACTATTATCTAAATTATAGTTGATTCAAATGTTATTCTAGTAATACTCTAATTCTCATTTACTGATTTCCATTTTAATCAGTCTTAGA,"[[177278718, ""C"", [""G""]], [177279070, ""A"", [""C""]]]",yes,yes,C->G,2
chr9,108455086,108455343,CTTCTTATATATCTTATATACATAAGATATATATATCATATATATATCTTATATCTTATATATATATGATATATATATCTGATATATATCAGATATATATATAAGATATATATCATATATCTTATATATACATCTGATATATATCTGATATATATCAGATATATATCATATATATCTTATATATATATCTATATAAGATATATATAAGATATATATGATATATATGATATATATCTATATATATCAGATATATATATA,"[[108455123, ""T"", [""A""]]]",yes,no,T->A,1
chr7,113078450,113078878,GCACGATATTGTCCTACGTCCCCAGAAGGAGCCAAGGAGGCAGCTATGAATGTCAGGTGTGAATAATTCAAAACCCCAAACCACCTGTGGCTTTGAGGCCTTTTTTTTTTTTTTTTTTTCAATTACTCAGAGGGAAACACAGTCTCCTTGATTTCCTCTGGGGACCTTTCAGGGAGCCAGTCCTTGTAATAACTGCCTGTTATGGTGAGAGGAAAACTGGCTTTAAAAGCCTTTTAACCCAAAGGGATTGAGCAGCTAATGGACATCATCCCTTTGGCAAAAAGGGATGATGTAAAACTCCTGCCCCATTTTAAAAACCAGGACTTGTTTATATAATCTTTTCATACAGTTAAAGCTTTTTTGGTTTTAATATATTATTTAGAGCCTGTTACATTGCAGCATAAGGCAAAAACAGTTATCAAAACAACA,"[[113078457, ""G"", [""A""]]]",yes,no,G->A,1
chr20,37489255,37489479,TTTTGCTCACCATTGTGTACCCTCCCACTGTGAAGGCCAGAGAGCTTAGACAAGTTCACTTACTCAGCCAGGGACCTGGTAGGGGAGAGAGACAGTGCATTCCAAAGGATTAAAGTGAAGCTAATTTAATGAAAGGACCATTCACAGAGTGTAGCAGGCTCCAGGGTTGATCAAGCACCCAGGGATGAGCAACAGCTGGAAGCTATCACACTTCTAGGTTTGAAG,"[[37489324, ""G"", [""A""]]]",yes,no,G->A,1
chr10,20303518,20303752,GCAGGACAAAGGAAGAAATAGGAGACTAAGTAGGAGGAGGTTGCTAATGTCATCCAATGTCCTATAACAGGGACCTACCATACCAGTCCATGGCTTAGGAACTGAGCCACACAGCAAGAGGTGAGTGGCAGGTGAGCAAACAAAGCTTTATCAGTATTTACAGCCACTCCCCATCGCTCGCATTACCATCTGAGCTCTACCTCCTGTCAGATCTGCAGTGGCATTAGATTATCAT,"[[20303558, ""C"", [""T""]], [20303748, ""C"", [""A""]]]",yes,yes,C->A,2
chr12,26005299,26005535,TGGTGACCATTTATTATTGGTTTGCATTCTTTCATTTGGCTGAGTTTGTAAAAATGGGGTCAGTATGTAATTACCTGACAAGTGTGAAACTGCAACTGATTCTACTCCTCATTGCACCGGTGACTGTCATCTTAATCAAGTCATTCTCTGTGACCTGGTTTTAATACGTGAATATTGAGACCGTGCCTATATTAACCTGAATGCAGTAGAGAAAATGTAAAAATAAGACAAGGTTAG,"[[26005379, ""G"", [""A""]], [26005455, ""A"", [""G""]]]",yes,yes,A->G,2
chr2,52532969,52533290,TGTGCAGAAGAGAAGATCTAATAAGAGTAACTGAATGAGAAATATAATGTTGAAACACTGGAATAAAATGTAATGTGTGACCCACATGATCCCTCATACTTTAGAACTTGTTCCTTTGTTAAATATTTATCCTCGTCTCACTGTGACACCACAGCTTCTTTAGGACAGGGGCCACATATTTTACTTATTGCAGCACTTCTCATAGTACTCCTTATAAGTTAGAATTCAATAAACACTGACTTTCTGGAGACTGAGAATTTCTCTCTCTTTTCTTATTGCCTTTGTTCCTGAGAATTACATTGCCTCACAGAAGACTAACACA,N,no,no,N,0
chr2,204796601,204796891,AAGTTCAGACATGCAGAATGAGCATCACCAGAGAAGGAGCACCCTAACAAAATTAAGATTCATTGCATTACATGTCACACAAGTTCTTGTGAAGCCTAGAGGTTCATTAGCTTTTCTACTGTCCAGTTTCTGGATGACTTTTTGTGGTCAGCATACTTACGTCGTTGGTTTTCAGTTTCTGCTCTTGTGTATTCGAATCCAGGTACTATGTTTTGAGTAACCATATGCCTCTGGCTATGCTAAATTTAGACCTATTTGCATTTTTCTTTGACTGTACATTAAACTATTCAT,"[[204796603, ""A"", [""G""]]]",yes,no,A->G,1
chrX,12417740,12417943,TGGCTCAAGCCTGTAATCCCAGCACTTTGGGAGGCCGAGGCGGGCGGATCACGAGGTCAGGAGATCGAGACCATCCTGGCTAACACGGTGAAACCCCGTCTCTACTTAGCCGGGCGTGGTGGTGGGCGCCTGTAGTCCCAGCTACTCAGGAGGCTGAGGCAGGAGAATGGCATGAACCCAGGAGGCAGAGCTTGCAGTGAGCCA,N,no,no,N,0
chr5,153756203,153756521,CTGTGATGGCCAAGAATATTCCATCCCACAGCAGATCCAGAGGGGGCCCAGTCTCAGCTTTCACCCCTCTTGCTACAGTTGGGAAACTCCCCCACCCATGCAGGAAATTAGTTGGGAAGTACACACATCTGGGCTACTGGGGTGAGCTCACCAGCATCTGTGCCACAGTGGATCCTGAGGGGGCCCAGTCTTGGCTTTAGTTCCACTTAAACTGCAGTAAGAGAACTGCCCTGGCCATACAGGAAACTGCTGGGAAGCATACATGTCTGCAACACTGTAGGCAGGGTTGCCAACATCTGTTCCACAGCTCCTCTCACTA,"[[153756219, ""G"", [""T""]], [153756506, ""G"", [""A""]]]",yes,yes,G->A,2
chr2,67247071,67247271,CATCCAGACATCATAGCTAATTACAAACACACAGGACCAACCTGACAGCCAGCTCTGTAAGTAGCAGACACAAGCATTCCACAGGGAACTGGCTTGGCTTCAGTGAGTACTCCCAGTGACGAGAACCCTTTTAAGCAAGACACTCCAAGGGCTCACCAGATTGTGATGGGTTTTGTGTGGCCATGTAAAGACATTCTCCCA,"[[67247142, ""C"", [""A""]], [67247236, ""T"", [""A""]]]",yes,yes,C->A,2
chr9,81898903,81899324,CAGATTCTCACAGGCCCTTTTAGGAAGCTTTGTCTTTATCCTAAATGCAGAGGGAAACCAGTGAAAAGTGGAGTGGTTTTGGTATGTGTATTATTACATTTTTGTGGGAATTACATTGGCCAAATGATAATTTGCTCTATTGTTTATTTTTGTGTTGACTACGCCAGTTTCTTTAGGACAGGAACCATAGCTTACATTTCTTAGAGTTCCCAGCATTTCATACTATACAGTAAGTAGAGTTGGGGAACAAAGAAATGTGTGCTGCCTGTTCTATTTCAGATTCTTGAGGGTGAGGTTTTATGTAAACACACTTACAAAGAAACTAAGTTGGCTGGGCACTATGGATCATGCCTGTAATCTCAGCAGTTTGGGAGGCTGAAGCAGGTGGATTGCTTGAGCTGTGGAGTTCAAAACCAGCCTGG,N,no,no,N,0
chr8,70682569,70682917,TACAAAAGATGATAGAAGTTTCAAATGCTACTGTTTTGCTTTTTCTCTAGTAGGCATTTAGACTAAGGTTCAATCTGCTTTGGTTTGTAGTTTCTAGGGAACTTGAGAGTATGGTGTGGTCATCTCACCTCCACAAGTCCTGAACACTAATTTTTATCTTGGCACCACGAGACTACCAGAAAGCCTGTTTTGCTTTTTCAAGACTTTCTGCTTAGCTTTTAGCCTCTATGGTGTAGTTTCAAAATTTGGCACATACGTTGTTGGAAAAATTGATTGAGTTGAGGTCCCTCAGTCAACAGACCTCTAAAACCTAGCTTAAACATCTTGAAGATCTTCTGAAGTGAGTTCA,"[[70682737, ""A"", [""G""]]]",yes,no,A->G,1
chr4,6978376,6978661,TCTCATTTTGTTCTGTACTAAGGAAAATTCTTCTGCCTTGGGATCCTGTTGATCTGTGACCTTACCCCCAACCCTGTGCTCTCTGAAACATGTGCTGTGTCCACTCAGGGTTGAATGGATTAAGGGCGGTGCAAGATGTGCTTTGTTAAACAGATGCTTGAAGGCAGCATGCTCGTTAAGAGTCATCACCACTCCCTAATCTCAAGTACCCAGGGACACAAACACTGCGGAAGGCCGCAGGGTCCTCTGCATAGGAAAACCAGAGACCTTTGTTCACTTGTTTATC,N,no,no,N,0
chr2,131816846,131817285,TGCCACACCTTAAAACAACGAGATCTCACAACTACTCACTCACTATTGCAAGGACAGGACTGATTCATGAGAGATCTGGCCCCATGACCAAAGCACCTCCCACCAGACCCCACCTCCAACACTGAGGATTATATTTCAACATGAGATTTGGACAAGGTCACTAAGTGCCTTCTTGCCCCTGGGGAAATGCTGATCAAAATCAGTGCTGAGCAGTGGTGCTGACAAATCCCCCTCGCAGACATTCTCGCTGCACTGGGTACACGTCTGCGCAGGAGTGGGGAACACAGGGGCTGGACACAGGTCCTCCTTCTTCTGACCCTGTGTATTCCTTTACGTAAAATGGGAGAAAGATACTTAGACCAGGACAGCTTCTCAGGTCCCTTCCACTCCAAACTCCCTGACCTATGACCCGGTTTCCTGCATGAGGCCTGGTGTGTAAA,"[[131816865, ""C"", [""G""]], [131816962, ""T"", [""C""]], [131817114, ""C"", [""G""]]]",yes,yes,C->G,3
chr2,190126829,190127095,AAAGACTTGTCAAGTTCTCTCTCTCTCTCAACTTTGTAAGTTTAAATAGACTATAGATGTTAGGAAAGAAGATGTACACACACACTCTCCTCAAGTTTCTGATGTACTTGGCTAAGGACAGACAAGCTTAGTGGAAGCCAGCTGGCCACATCTTCAGCATATTTCAGTACAGCTTCCTTTGGCCACCAGAGCACCCAAAGAGGGATGTAGAGCTGTAAACAAGGTGTAGCACTGTTAAGGGATATATAGCTGCACAAAGTAAGTCTT,"[[190126890, ""G"", [""A""]]]",yes,no,G->A,1
chr18,34198718,34199091,CTTTTTTAGTAAAGGGCAGTCAAACCAAACAAGAATTGAATGAAAATATGTGACAAGCTTTCCACTATTATAGTGTCTTTGCCAATTTTTCATTGTAATTCTGTCAAATGTTGCTTTATATATGACAAAATTCATACTACTTGCAGCATACAAGCTCAAGTTCAAGTTCAGTTGTGATTTCTCTGTTGGAATCCTAGGGGCCTGTGTTAAGTGTATCATTCCAAAGATATTTTGTAAAAGCTTCTGTCAGTCACCCTCAGATGCTACCACCTATTATTCACTAATGTTAATCTCTTAACTTTGAATCTTCATGATTGCATTGCTATTGCATATTGGAACAACAAATCAACATAAGTGAGGGACTTATGGTTATG,N,no,no,N,0
chr5,153793809,153794010,GGTATCTGTGGTCCTCCAAAGCTGTCAACTGTTAAGCATGGTGATTCCAACTAAAAGTTTCATGATCCTCACTGCCTTTCTCTTTTAAGCCTAAACAGCAGTCATGTAAATGAAGTAAGATTGTTCTGAAAGCCTCAGGAAAATGACTCAACCATGGCCTTCTGATGAATCTGTTTTCCTCTGTCCTGAAATGTCTGAAGTG,"[[153793812, ""G"", [""A""]]]",yes,no,G->A,1
chr5,107024098,107024356,AAGCTTAAGAGCCTGAGGGAAGCAACAGTGAACAAAATGTAGGGGAGTCAAGGGGATCAGAGAATAAGAATAATCAATGAAAATGGGGTCCTTGGGGAATCATTACTGCATAAAATTGAAAAGTCTTAGGGAGACAAAAGGGAGTCAAAATAGAGAACAGAAAATTATCAGTAAATTACCCAATGACTCCCCGAACCAAGCTGAATATTGGACTTGCCTAAAAACAATTTTTTCTCCTTTTTAATAAAAATTACAAGCT,"[[107024284, ""A"", [""C""]]]",yes,no,A->C,1
chr4,130522977,130523194,CATATATTAGTCCATTTTTATGCTGTTGATAAAGGCATACTGGAGATTGGATGATTTGTAAAGAAAAAGCTGTTTAATGGACTCAGAGCTCCACATGGCTGGGGAGGTCTCACAATCATGGCTGAAAGTGAAAGGTACATTTTACATGGTAGCAGGCAAGAGAGACATGAGAGCCAAGTGAAAGGGGAAACCCCTTATAAAATCATCAGATCTCATGA,"[[130523002, ""C"", [""T""]]]",yes,no,C->T,1
chr14,50608520,50608855,TGAGAGCATCAGGCAGGAAACCTGGGAGTTGGAACGTTGCCATTAATTTCATAATTACTTTACATATTGCTAATTTTAAAAAATGAAACTTTATATTTGCTTCTATACCACACATGGTCCTCATTATTTTGAATTGGGAAGATGGCCAGTGAAAAAGACCAAGAAATGAGACTAAAGCTCCCAAGAAAAATGCAAAATACAGCCAAATCCACATACTTGGTTTCATTTATCCTGGTTCATGAACCTCTATTTTGAAAAAATTACTTCCCAGCTAACATCTATTTTCAAAATACATGTTTTAGCAAGAAATGTTCAAAATACAAATTATTATATTTT,"[[50608572, ""G"", [""A""]]]",yes,no,G->A,1
chr20,5402956,5403206,AGCTTTGCAGGCTTCAGCCCCCACAGGTGTTCTCACAGGTTTTTGACTGCCTGAAGCTTTTCTAGGTGCAGAGTACAAGTTGCCAGTGGATCTACCATTCCGGAGTCTGGACAGCAGTAGAGCTAGTCCCCACTAGAGGGCAGTGGAGTAGAGAGCCCACTGGGGCACTGCCTAGTGGAATCCCGTTTTCACAGCTCCTCTAGGCAGTGCCCCAGTGGGGACTCTGTGTGTGGGCTCCAATCCCACATTTC,"[[5403002, ""G"", [""C""]]]",yes,no,G->C,1
chr22,24160918,24161269,CCCCAGGAAAGTCTTCGTGGGTTCCCAAATCATAGCAGTCATGCCCTCCCTCTGTGGACCCCTAGGCTCACTCTACCATGGGACTCAGTGTTTGAGGCTCTGTTTCCTCAAGAGCAGAGGGAAGACCACCAAAGTCTTAAGGCTGTAGGCAGGGTTTGGTAACTTGTATCAGGCACTCAGCTTAGAGTCTGGGGCTTCATAAATTATTCAGATTGTTAAAATCTCTCTCTGTGACCTCATCTGCCAGTGAGGAGCCTAGAGCCGTTCTGAAGGGTTGGGGGATTGACTGAGATGCCTGGAAAGAGATGCTTGGCATGGAGGGGAAGCCTCAAGCACAATCTCAGTGTCTTTA,N,no,no,N,0
chr3,138486633,138486984,TAAACAACAGAAAGCAGGGTTTGAGAGCAGAGAACTGGTCTGACCTCAAATTTACCAGGGCAGGGGTTTTCCCCACCCTAGTAAGCCTGAGGGTACTGCAGGAGACCAAGGCGTATTTCAGTCCTTATCTCAACTGCATAAGACAGACACTCCCAGAGCGGCCATTTATAGACCTCCCCCCAGGAATGCATTCCTTCCCCAGGGTATTAATTATTAATATTCCTTGCTAGGAAAAGAATTTAGTGGTATCTTCCCTACTTGCACGTCCGTTTATAGGCTCTCTGCAAGAAGAAAAATATGGCTCTATTTTGCCCAACCCTGCAGGCAGTCTGACCTTATGGTTGTCTTCCCT,"[[138486654, ""C"", [""T""]], [138486847, ""C"", [""T""]]]",yes,yes,C->T,2
chr10,87374123,87374460,GAATTCACCAGAGTGAAGCTTGGCCAGTGATGCAAGGGAAGGACCACGATGCTGAAGGTGTCGACTACCAATTTTTGCCACCATCAACCCTGATTCAAAGCATTTGCTGAAGAACCAGAGCAGACTGACAGTGAGATTTTGGGCCCCTGGGCCAGTCATCCCTACAAAATGAAATATTTCTCTAAGAACAGGACAATGAGTCACCATTTTCCCAAACCACAGACCATATCTTAATAGAACAACTTTTTAAAAAGTTTTTATTTTATTTTAAAGTTCCAGGATACATGTGCAGAATGTACAGTTTCATTACATAGGTATACATGGGCCATGGTGGTTTG,"[[87374184, ""T"", [""C""]]]",yes,no,T->C,1
chr13,26853918,26854140,GGGGAGCGTCTTTGTGCAATGAGGAATTGTTAGTGGGCAGAAATGACTGCTGACAAACCCTGCCTGGAGAAGCAGAAAGGGCTTTCTGGAATCCAGAAGGAGAGATGAAAATCCCCCATGTTAGTCACAGTTCACACGCAGCTAATTAGTGAGGCTTGAATCTCTGGGGAGGAGCTGATAACAATTATTGTAAAGCCACTGAGAGATTTGATGTCGTTTTGGA,"[[26853961, ""G"", [""T""]], [26854099, ""A"", [""C""]]]",yes,yes,A->C,2
chr2,164675105,164675371,TGATAAAGACAAGTACTTCAGAAAAAAAAAATGAGGAGACCAACAGCCAGTGTTTGTTGATGATGAGCTCAGTTGTTCTTCACATTGTGCAACAGATGGCATTGACAGACTGATGGTTGGGAAGGAGGAAACCAATTTCAAATACACCGTTGTCTCATACCACAGCACCATGTCATAATTACATATTGATTTCCTTTCTTCTAATCCCACTGTCAGCCTTCTACAAGTGAGCTGATTTGGATAATCTGAAAAAATATTAACCAGATA,"[[164675165, ""C"", [""T""]]]",yes,no,C->T,1
chr10,3122557,3122836,GAAATCAGGGTGTGAGGCAACTGGACGTGGATGGCTCCGGGTCCCCCCGGCCACTGTCCTGAAGCCGCCGGAGGCTGAGGACGCATGGGAGTGAGCGTCTCTTCCCTGTCCGGCCACACCCTCTGTGACTGGTGACTCATGGCGTGGCCCTGGGCAGCATTTAGGTTTGAGGTCTGTAGATGGCTCCAGTATACTGGCTTCTATTGTTCAGAAAATTTGGTGATTCTCATGGGGGCAGGGGTGGTGATTTTGCCCCAGGGGATGTTTGCAACGTCCAGGG,"[[3122700, ""A"", [""G""]]]",yes,no,A->G,1
chr6,108348659,108349009,TATTTTGAAAGCAGTTATAACAGACACTTGATCAATTTTATGTTTCTGCACCTTTGGGCACCATTAATGATTCTCATCTTGTTGTCAGGTCTCATTCTTTGCCTCCTGAGAACATCTACTTCCAGTACCTTCACTTTCATATTAAGTCATCGCTAAAATCAACAACTTTGTTCCTCCTGTTACCTTAACCACCTGACCATAAATGGAGATGGTTAAAGAAGCATAACTGCTTCCACTTCTGTAAAAGCACTTTTTTTTTAAAAACCCTATGAATGTTGTTGGATTTTAGTTTAGAAAATACAGCCATATGGTAACTAATTGAAGGGAAGCATATTACAAGTTATTCATCTG,"[[108348703, ""C"", [""T""]]]",yes,no,C->T,1
chr8,3929040,3929259,GCATTGCCATCTACTAATTGCAGAGAATTAAAAGCACAGAGAATAAAGAAAGACTTGGAGTGAGGAGAGATGAAACTCTGCACATAAGCAAGATGCTTTCTACTGCCCCCTCTGGAAGGATACACTTAACAAGAGTGCAAGGCTGAGGAAAGCTCTTGCCTCTGCACATGGTTTCTCTTACATAAAGGAGGTGTTTGTCCATATACACATATGGACAGGA,"[[3929064, ""A"", [""G""]]]",yes,no,A->G,1
chr5,52876469,52876754,AGCCAGGGAACTACATTGAATGTCATTTCCCTGAGACTTGAGTTTTTCCACTGCTCCCTCTTCACATTTCCCAGACTTCGTTGTATCTCTCTTTTTCTGCTTATCATTATTTCCCTGCTATCTCGGTTTTCCATTTGCTTATGCGAAATGTTACAGTCATCTAGTAAGAATGTCTTAGGGTCAGCTGTGAGCAAAGCAAAACAGCAGTGAAGGATAAGAGAATATCAAAAGCCATGACATAGTCCATACTCTTTACCCCTGCCTGTCCCTCTAAAGTTAGGATGTA,N,no,no,N,0
chr16,64381974,64382342,TCCTGGCATCTCCAGCCTTCTGGGTTTCACTGCTTTTTCCTCTCCAGACATGGGTGCCCACAGTTTAAGCCATGTGTGGTACATGTGGTCCAGCTGCAGCCTTGCACAGAGCCCACACCTGTGTCGGTGCCTGGAGCTGCCCGCCCTGCTGCACTGTCAGCATGCCCAGCTATGCACAGTGGCCAGATCCCATGCTCACTTACTCACACACCCCTTGCTGTTCTGCACCTGGCTTGCCCTTGGCAGGTGTGGGGTCCAGGCTGGTAAAGTGAGTCAAGTGCTGCCTGCCAGGCCAAGTGGGGAGAATGAGCTCAGCTCTGAGTATGAGAAATACTCAGGCAGAAGGCGCCACCAGCCACAGAGGTTTCC,"[[64381989, ""G"", [""C""]]]",yes,no,G->C,1
chr19,51038154,51038512,AAAGATATTCAACCAAGGTGGGAGGCCTCATACTCTGTGTGGGGTACTGGCCCATCCCATTGTGTGAGTTCCTCTAGAGTATTTGTGAATCTAGAATTAGCGTATCCTATGGGCTTCCTTTGGACAAGGGTGTTTGTCACCATATGACGTCATGCCTGTGCTTTTGGAGAAACGTGGATGGAGCTGGGGTGTTGCCTGTGTTGCATGTCAGAACGTGATAGCCCAGAGTCTGGAACTTCAGCATGCTGAGTGCTTTGAGCTGAAGGAGATTGGAAGACCTCAGGAACAAGAGGTTCTCTCCAACCTCCTCCTGCTTTCCTCTCCTCTCCCCTTACTTCTCCTTTGAAGCAGTCACAGAC,"[[51038198, ""C"", [""T""]]]",yes,no,C->T,1
chr11,109262885,109263168,ACAGTATTTGCTTACATATTTGCCTTTATCAGTGAGATTTATACTGTTATATTTGTTCATGTTACCTTTTAGCATTCTTTTGTTTTTGAACTCTATTTACTCCCTTTGGAATTTCTTGTCAGGATGGTCTAGTGGTGACAAACTGTCAGTTTTGTTTATCTAGGAAAGTCTTTATCTTTCCTTCATTTTAAAAGGACTGTTTTGTCAGGTATAGTATTCTCGGTTGGCAGGTTTTTTGTTTTTTTCTTCTTTCCTTTCTGTACTTTGAATCTTGCAGGCCTGCA,"[[109262899, ""T"", [""C""]]]",yes,no,T->C,1
chr13,109226729,109226985,GGTCCAAGCTGTAGATAGAGACGTTCAGCCAAGGATAACTCAACCTTCCTTGGCAGCAGTACCAGAGTTTTAACAACTCTGCTGGATATCATTAAGCAGTGGCAGCGAAATCACCAGAATAAAGCCAAACCTCTTATTTCTCATAACTTGCTGTGGTCAGCAGATAGGCATCCCTACATCTAAACTTTTGAAGTTGCTCACATGCATTTTGAAAACCAGGAGCCACAGATAATTAGAAGACTTTGGGAACTTCTGCA,"[[109226751, ""A"", [""G""]]]",yes,no,A->G,1
chr2,212854142,212854431,CCCCTCCATACACATGACTATATCTTCACTAATTCTTCCTTTTTCCCTCTGAAATGTTGAAAATGTTGGGCCTCTCTTTCTATTCAAGCCTAAGGAATCCACCTGTGTCTTTAATCATGTTAACACTTTGTCTGCCTAGACAACTCTGATTCATCCCTGAAAACCTTCCTGATACAGGGTTAGGCATTTCTTCCTCTGTATTAACTCTGTCTGGACAGGAGCATTTTTGTCTTTGCATAAGTCATAATGGACTGTAATTTTGTTGTATTCATTCTGTCCAATAGATTTCA,N,no,no,N,0
chr7,118546253,118546456,AAGTTCTCAAACTGCTTTGCACATTAACATCTCTTTGAGAATTTTAAAAAATTTCAAAACTCAGCTCCACTCCCTACCCCCATAGACCAGTGAAATAATAATCTCCACCCCAAATCAATTAGGTCATAATCTCTGGGGATGAGACAGAGACATTCACATGTTTCACATTTATTTTTATTGAAGCATTCCAGCTAATGGTAGGCA,N,no,no,N,0
chr13,70568508,70568981,TCCTGAGAGTTTGTTTCATTTTCTTAAATTTAGATGGGTGAGAAATATTTCTTCTATTATTTACTGTTTTATAATCCTAGCAACCCTCAGGTCCCAATAGCCTCAGTCCTATGCACAGAATAAAGCTGTATTAGTAAAGAATTGAGAAATTATTTGGATGTGGAAAAAGGACTGAAAAAAGCAAAAACTTAAAACTGCCAAGCACATATGCCTTGCCTACTGATAATATTGAAAGTATTAGTCAGTCTTCTACCACCATCTGGTGGTAATCTGTGGTATGAGCCAAAGAAGATAATTCTGGTGTTAAGGTACAAATAAATTTCAATTTACAAGCATATTTTAAATGGATTATTTAACTTGATGATTATGGAAATGTTAGATTTTTCTACCTCAAATGTTATTCTTATTTTTAAGTTTCAGAAAGTGGGACAAAAGATGTTCTTATTTTTGGGAGGTTTAACCGACAGTAATATA,"[[70568552, ""T"", [""A""]]]",yes,no,T->A,1
chr2,200449082,200449508,TTCAAATCTTGCCTCATTTGTGAATATGTGTCTTTCTAAATAGGTGTAGCTCACTCTTTGGAGGTGAAAGCTTCTCTTTTCCTATTTTCTTTCTTCCCTGAGGTTTTCCTCTGCAATAGATGTTTCCCCAGGGCCTTTGCAAGGACTGAATGAATCAGTTGACACGAAGGAAGAGCAGGTTGATAAATACAAAAAGTACTGAACTGGCCTTTTCAGTTTAGGTATAGTCCCCAGGAAACCAGCATAAATAGCACCTCTTATTAATAGCCTTCCTGAGCTACACGTGTGGATTACCTCCATACGTTATGTCAGTCACACACTTGGCACTGGCAGTCAGCTCCGCTGGCACTGCAGCCTTCTTTGCAGAATAAAGGCCCACAATAAGAGCTGGAAGACAAGAAATTGGTTCTAATTTCAGCCTGAAATC,"[[200449246, ""T"", [""C""]]]",yes,no,T->C,1
chr19,38180078,38180331,CACCTGCCTTGGCTTCTCAAAGTGCTGGGATTAACCCGAGGACTTTTAAAATTATTTTGTATCAGGCAGGTGTGCTAGCAACAAATTCTCTCCATCTCTGTTTATATAGGAACATCTTTCTGTTGCCTTCATTTTTCAAGGATGGTTTTGCTGGGTATAGAATTCCTGGTTAACAGTTGTTTTCTTTCAGCACTTTAAAAGTTACATTTTATTTCATTCTTTTAAATGAGAAGTCAGCAATTAATTGTGTTTTT,"[[38180120, ""G"", [""C""]]]",yes,no,G->C,1
chr6,143564506,143564904,TAACACCCATGCACATTTATGGGAATTCATTAGAGGGGGAAGCCTGGATTTAAAATTTCCCTCCATGAAACAGTTAAAGATCAAGAGGTGAATCATGTGGGATATGAAGCATGTCATGGCTGAGCTGCTGACGAGGCCTCGGCTGTGCTTTGCATCATGTAAGGGCTCAGCACCCTGAGAAGGTGCCTGGTAAATGCCGCTGGCTGATCGGACGGCAGTTCTCGGAAGGCCTGCTGATCAGAAACAGAGCCTTTGGCAGAATCTCAATGGCAAAGTCACAAACAGTAACAGTCCCTAAAATAACAACTGCAACCTCAGCAAAATGAAAACCTTCTATGTGGGAGGTATAATGGGAAATGTATTGATTGGTATTTTTCTCCAGATACATGAATAGTGATC,"[[143564600, ""G"", [""A""]], [143564704, ""A"", [""G""]]]",yes,yes,A->G,2
chr5,62616942,62617303,CACTGACTGACCCATTATTAAACTTTCTTGCCTTTAAAGGTTCTCATTCAACATTTCCTCTTTATAGCACCTGCACTTTTCAGTCCTTCACCTGATACTTGACCTTGTTGAGCATTTTTATCAAGAGACTTGAGATTCTCATAAGATTTGCTCAGTGATCTTGCTTCTTGGAACCACAAAGGCAATTAGAACAATAAGGAGATACAAGGGAGCAGCTGTGTCCTATAGATGTTCATACTTGTTCAGATTTCTCAGTCCCTGTAATAAAAATGTAGACAGAAATAAATGATATTCAGAAAACTCGGCATATCCATGACATTTAGATTTCAAATAGAAATCTCATCTGATTTTTCCTCACAGTT,N,no,no,N,0
chr15,47091100,47091448,CCAAACTCCCAGCTTATCTCTAAGGAGAGAAAGAAATGTCTAGACGATATGTCGAACATTTTGACTTTTTGGGACAGCAGGGCTGCCCAAGGAACTAGCACCTATCTACCCTGAATCTAAGTGCTAACAGGAAAGGATGCCAGATTGCATGGCTGCTGATAAAGCCACAGTTTGGACTGTCACTCAATCACCATCATTCCTCCTGTGACTCAGTATAACGAGATTGGGAGAATACTCTACAGTTCCTGATTCCCCCAAAGGAGTGAAAGAGAATACTGAAACACACATTCAGTGTTCAGACTTCAGAGGAGTTGCCAAGTGATTGTTTTCTGTCTTGCCTGAATTTAAG,"[[47091122, ""G"", [""A""]]]",yes,no,G->A,1
chr1,83511348,83511551,TTGGCTCCTGTGGATTTGTATTATAAATATGTGACTGTACATTATATACAGCTCATCAGTGTATTATACTACCTATTACCCTAGCTTGGAAAGTTCCTGATAGGAATGTCTCTTCATCTTGCACTATTCTGGGCTTTCCTCCAAGTGGCTCATTAATATGGTTGAGTTGCTGATCTAGATTAAAACGTTCTTTCCCTAAAAGAC,"[[83511357, ""A"", [""G""]], [83511408, ""A"", [""G""]]]",yes,yes,A->G,2
chr21,45006686,45007141,TCTTTATCATGTGTGCCCACTGAAGTCTCTGCTCGCTTAGCTTAGTGGCCATCGAATAATTGGGCAGAGATTTCCTTAAGCATCTGGAACTGAAGAGTCTCCATCTATGCTGAGGAGCTCCGTACAGTGATGGGGCATGCCGTCAACACTCAGCCAGGCAGCTGTCAACTCTGCCTCAGCCTTCACTGCCTGCCTAACGATTAGTGGGAGACGAGCACGTGTACAGCCCTGGGCATGAGCATGGCCTTTGAGGTTCCCAGGAGTATGCAGGAGCTTTTCAGATCTCCCTATGGATGTCTCATTCCCCCAGATTTTCCTGTTAAACATTTTTGTTAGCCTATTTCCCCCCCCAACCTGTTATCCACTGCCTCAGGCACCTGCAATGTTAAATAATTGCCTGGTTTTTTTTTTCTTCTTCTTTTTAACAAATGCCCCTGGGCTGTTCCTACGGGTTAA,"[[45006788, ""G"", [""A""]], [45006897, ""T"", [""C""]]]",yes,yes,G->A,2
chr7,117205888,117206214,GATGGACAAAGCGTGTTCTTTGATTTGTGAGCTACAGTTATTCTAATTGATTTCTGCATACTTGTGGATAGGGATCTGCCCTGTTCCATTTATTTTTCTCTTGACAAGTAAGATGTGAAATGTTGTTCCATGCTTTTCTAATTTAAATGTTGCACATGTTGAGAACTGATCTTGCCAGCCATTTTAAGCCTGGCCAAAAACATAACACATTGTTGTTATTAGCCTTCATCATTTGGTTAGGGCCAACATTTTGTTTGGAATTATAAAGGAGTGTAAATCTCTTTTATAGTCATAGCCGATTTCTGCCATAAGATAGATAAGATGAGA,N,no,no,N,0
chr2,1020244,1020523,CCAGGGCAATGCCCAGCAGGTGAATGGCAGGGCCACTTTCTAAGGGCCCAGGCATCTGGGCTTGGGCCCAGCTCCCCTGGCTCCAGCATGAATGCCTTTCCTCCCACTTCTGGCCCCTGGACTGGCCAGATGGTGAGTGAGGGAACCACTTACAACCATCAGCAGGCAGGCCACGGTGGAGCCTCAGAGGGACATCTGCAGAAGGACTTATTTTTACCAAAGAGCTGTTCTGAAAACCCACTCAGCATCTGCACTGTCCGAATGGGATCTGATTGTGCTG,"[[1020282, ""C"", [""T""]]]",yes,no,C->T,1
chr8,5656295,5656602,GGAGCTGAGGGAGAGGGGGCAATGGGGATGGAAAGCCGTCCAGAGAGAACACTTTGCTGCACCAGCCAGGAATGCATGCTCTGCTGTAAATAGAGACAGCAGGGGGCTGAGTAGTCTTGGTTGCACAACATATGGAACATGTTAAGGAAGATGTGTAAGGAGAAACTATGCCTTGGAGCCATCTCCAGAGGGGGTTTATGAGTCTGCCTGGCACTGGTTGAGCTTCCCCACTATGGACGCTGGCCCCCCTGCACTTCTTTCCTGAGTGGGGGAGAAAGTCACAGTCAAGTAATGGGCTCTTCTCTCCC,"[[5656299, ""G"", [""C""]]]",yes,no,G->C,1
chr6,33152311,33152582,GCAGGAGACCAGGGCATATTTCAGTCCTTATCTCAACCGCATAAGACAGACACTCCCAGAGCGGCTGTTTATAGACCTCCCCCCCAGGAATGCAATTATTCTCCCAGAGTATTAATTATCAATATTCCTTGCTAGGAAAAGAATTTAGCGATATCTCTCCTACTTGCACGTCTGTTTATAGGCTCTCTGCAAGAAGAAAAATATGGCTATTTTAGCCCAACCCCACAGGCAGTCAGACCTTATGGTTGTCTTTCCTTGTTCCCTAAAATCGC,"[[33152326, ""G"", [""A""]], [33152519, ""C"", [""A""]]]",yes,yes,G->A,2
chr4,52142848,52143199,TTTTTAAAAAATTTTGATTTTTGTGGGCACATAGTAGGTGTATATAATTATGGGGGGTATGTTAAAAGAAAAATTTCAGCCAGATTAAATTTTAAAGAGTTTAATTAATTGAGCAATGAATGATTCATGAATGGGGCAGCCTCCCAAGCCAGAGTAGGCTCAGAGACTCCAGCGCAGCCACATAGTGGAAGAAGATTTATGAACAGAAAAAGGAAAATGACTCACAGAAAATGGAAGTGAGGTACAGAAACAGCTGGATTGGTTACAGCTTGGCATTTGCCTTATTTAAACGTGATTTGAACACTTGGCCACCTTTGACCAAAACTCAGTGATTGGCACAAGAGTAGGCTAC,N,no,no,N,0
chr9,83728994,83729249,AGGAGGTAGACACGGGAGACTTTTCATTTTGTTCTGTACTAAGAAAAATTCCTCTGCCTTGGGATCCTGTTGATCTGTGACCTTACCCCCAACCCTGTGCTCTCTGAAACATGTGCTGTGTCCACTCAGGGTTAAATGGATTAAGGGCGGTGCAAGATATGCTTTGTTAAACAGATGCTTGAAGGCAGCATGCTCGTTAAGAGTCATCACCACTCCCTAATCTCAAGTACCCAGGGACACAAACACTGCGGAAGGC,N,no,no,N,0
chr18,14809294,14809518,TAACAGAGCCTTAAAAAAGAAACACAGTCTTTCCATAACCTATGATTAGCAAGATATTAATCAGCAGTAACAGTTGCAGCAAAAGCTGGTTAGAAACAATCCATAGAAACAGGATGTGAAGCTAGACAACTGGTTAGACCAGAAATTCTCAGAAGGGAGTATGCCTTAACCCTAAAGAGGCCTAGAAGAGCCATGGCGAGATGAGGGCGTTCATAGCACTATCTT,"[[14809405, ""C"", [""G""]], [14809406, ""A"", [""G""]]]",yes,yes,A->G,2
chr4,48894973,48895222,TGTACTCAATGTCATCCTTCAGTGTGGAAGAGGAAACTGGTGACAGGCAGAGAGATGGCAGCAACAGAAGAACTTGGCTCAATGTTGCTGACTTTACAGTCATAGGAAGGGGCCACCGGTTAAGAAATATGCATGGTTCTAGAAACGAGAAAGGAAAAGGAAGCCCAAGAGCCTCCAGAAGAACACAGCTGGGGCGATGCCTTGATTTTAGCCCAGTGAGACCCATTTCAGCATTCTGATTTCCAAGGAC,"[[48894978, ""C"", [""T""]], [48895170, ""C"", [""T""]]]",yes,yes,C->T,2
chr12,40942373,40942702,CAGAGGGAAGGAAGGAAAAAAGATTGTGTTGAAATGACTTGGACTGCACTGCACTTCTAAGAGTATGGTCATGCCACTGGAAAGTCTTCCATTCAAAAATGCATATCAGAGGAGTTTGCTGTCTTCCAGGAGCAGGCCCGGTTTAAAATTCCTCCCATGGTCAGTCATTGGCTAAGAACAGCCTGTGGAATGTGTGGCTTTGAATAAACACAGTGATGGATTTCTGAGTACGGCGTCTGGGACAGAGAATAAATTACACTCCTCAGAGTTGGAGAGTGGCATATTCTCAGAGCTTCCATGATCTTAAATAATTACTTTTATCATTATATT,"[[40942511, ""T"", [""C""]]]",yes,no,T->C,1
chr2,225772459,225772688,GCAAACTTTTGAGCATAGCTGACCGATATATATCTGCAAAACATGGCAGAGATTAATGGGGCCCAATAGCTCAAAGGGGTTGATAATTTCTGTGGTGAGTTGAACCCTTTTAGAAATGTACAATTTTTACAGTTACAGGAAATCCACAAATTTAATTTCTGTTTCATATTCAAGTGTGTGGTAAGTGGGTAATGATATCTAAGAAAATAGGCAATTATGAATTCATGTAG,"[[225772482, ""A"", [""C""]]]",yes,no,A->C,1
chr15,53123724,53123944,TATTTGTAATGCTTCCAAGTAGATAAGGGATTTATTGGCATGGGAATTCTGGACATCTGATTCTGTTGCTGATTTTTTCTAGTAACCAGATGGACAAATATTGATTTCTCTAGATATCCCTTTCCTTAGTAGTGGAATAAAATCCTTAGACACAAATCTCATTGGTTCTTAAAGCTTAGTGTATATTTGAAAAAAATGGGTTGGAAGAGTGCTTAAAATGC,"[[53123791, ""C"", [""G""]], [53123907, ""C"", [""T""]]]",yes,yes,C->G,2
chr5,123203420,123203765,TGTTTTAGTTTTGCACGCATTGCTCATTCCTCAGTTTCCCTGACTTTGAGTCTTCAAGTATCTCTTGACTGGACCCCCCTTTTTTAGGAGCAGTAAGAGATCTGATCCATTGAGTCCTCAATATGAGGGCACCGCCTACATAGAACAGGCCAAAGCAAGTGCTCTAATATAAATTGTTCTTCGATGAATCCACGTGGAAATAGGCCAATATCCACAGCTGGATGAGATCTGTTTTCAGGTTTGGAAATAGTTTGCTTTCTAAAAGTTGACATTGTCCATGGGACAAATATATTTGATATCTCCCATTGCTACTGACTGGGGGCAACTTTGATGAATATGCGTTGGA,"[[123203430, ""C"", [""T""]]]",yes,no,C->T,1
chr16,22937272,22937652,AAGGTGGTTTTTGGAGTCCATTGGACCTTGGTAAGAATTCCTACTCTGCCACCCCTTTTTTTTTTTTTTGAGACGGAGTTTCGCAATAGTTGCCCAGGCTGGAGTGCAATGGCGCAATTTTGGCTCACTGCAACTTGGGCCTCCCAGGTACAAGTGATTATCCTGTCTCAGCTTCCCAAGTAGCTCAGATTACAGGCATGTGCCACCATGCCTGGCTTTTTTTTTTTTTGTATTTAGTAGAGACAGGGTTTCACCATGTTAGTCAGGCTGGTTGCGAACTCCTCAGGTGATTCACCTGCCTTGGCCTCCCAAAGTGCTGGGATTACAGGCATGCACCACTGTACCCGGCCCTACTCTGCCGCTTTTAAGCTGTGTGACCTT,N,no,no,N,0
chr7,93375687,93375892,CTTTCAGCATCTGCCTAGTTGCAAATGACAACTCCAGCTCCAGCTCCAGTTTCCAGTTTCTCTAAGTACACTCAGTCCCAGCTGCACTAAGTTCAGAATAGCAGCTAGCTGTTCTGCATCAATTGGTCCAAGCACTCCACAGTGTGGGCCCCAGAGGTATCAGCATCAGCCACACTGCACATCTCCTGCTCTATGTTCTCCCTCAA,"[[93375756, ""T"", [""A""]]]",yes,no,T->A,1
chr11,71102197,71102531,CATCTCAGAGTTTCCAACCAAAGCAGGAGAAGAGGCCTGAGACTCTGCTGGAGGAAGTCTTTATTTTTTTTTTTTACACTACTTTTATCATTGTTACTTAATAAAATTTACATTCAGAACAGGTACCAGATGGTCGCCTGCAATCACACAGGCTGTTTTGTTTTCATTGACAGGTCGTTCCACTGGGATTTAATTATCTCAGGCTAGAGGGCTGCTTCCCTCCGCTCCGGCCCCATGTCCAGCCCCAAAACAGGGACGCGGGGCCCAGGTCTGCAGGGCCCGGGACTGAGCATGGCGGCATTTCCTGAGCTTAGCAAAAAGGCTGCTTTCAACTC,"[[71102311, ""T"", [""C""]]]",yes,no,T->C,1
chr1,160761906,160762286,AGCTCAGGATCATATGGTAATTTGGTCAAACATTCAGTCTCTACTAAGGCCCAGTAATAGGCCAAGTGCTCTTTCTCAAAAGGAGAGTAGTTATCTGCAGCTGACTCCAGGGCATTGCTCCAAAATCCTAAAGGCCTGTGCTATGATTCACCTACAGAGGCCTGACAAAGGCTCCAAACAATACCCCTGTCTGCTGCTGACACTTCAAGCACCATTGGATCTGCTGGAGCATGTGGCCTAAGTGGTAAAACAGCTTACACAGCAGCCTAGACCCATTGCAGAGCCTTCTCTTGTTCTGGGCCCCACCCAAAACTGGAAGCTTTTTTGATCACTAGGTAAATGGGCCAGAATGAGGAATATGTTGTCTCAAAAATCCGAAGT,"[[160761920, ""C"", [""T""]]]",yes,no,C->T,1
chr9,19732586,19732980,TCTTAATGAGGCTTTGGCAATGTCAGTCATACATTAGTATATAATCCTAACATCGCAATCTGAGAGCTACCTCTCCCCCGTGTCTGTGCTGGTTCTCCCTCTGCAGCCACTTTGCCAATCACATTTCAAATGCAGAACCCAGGCCTGCCTGTCTCAGGGCAGACCATGAAACAGAGACACTGGCTGCCAGGGTCACTTTTGATTGCAGGGCCAGCTGCCCTCCCATCTGCCTGTCAGGCTGGAGAAAAGGCTGAGAATTGAAAATGTGAAAATAATGCAGCCCCAGTGTAAAAAAAAATCCAGATTTTTCAATTGCCATTCTGCGAGTAAAACCTAGGAATTAACCTGTGGCCTTTTTGTTTTATTGTTTCATAAATGAGTAATAGCTAGAGGGA,"[[19732637, ""G"", [""A""]]]",yes,no,G->A,1
chr11,17890256,17890645,TGAGCAAGTAAGTAAATGTATTGAAGATAATGGGAGCCAGGTTTCTCATAGTCAGGGAAATGAATTACAACTGGAAGAGTGAGATATAGAAGGAACTCTGTAGTGCTGCATTATAACTAAAGACGCTGGCGTGAACTCATTATTTTCAAGGCAGACAGAGAAACAGAAATATATATAGAAAAGTAGGGCTGTGTGTGTGTGTGTCTGTATATGCACAAACTCATGTTTTTCTCACGTTTTCTCTCACATGTTTTCTCAGCTTTGTCCACTGAGGGAGCCTGTGAGCAGCAATCTCCAATGATACAAGCACACCCAGACCTGAGATTGATGGACTGATTGATTTTTTGTAGAGACGGGGTCTTATGATGTGGCCCAGACTGGTCTCAAACC,"[[17890329, ""A"", [""G""]], [17890533, ""G"", [""C""]], [17890609, ""T"", [""C""]]]",yes,yes,G->C,3
chr15,73249601,73249866,CACTCTTACACCATTAATGGGTTGAAAAAATATACAGAGTATAGTTTCCGAGTGGTGGCCTACAATAAACATGGTCCTGGAGTTTCCACACCAGATGTTGCTGTTCGAACATTGTCAGATGGTGAGTCTTTTTTCCTCTGGAACGATATACCACACTTGGTGCCCCTAGTGGTTTAGTTGTAAGATCATGAGCTTTGATGTCTAGAAGATTCAGTTCAAATCCCAATTTTACCTCTTTCTGGTAATATGACTTTAGTCAAGTCTGA,"[[73249732, ""C"", [""T""]]]",yes,no,C->T,1
chr15,62212313,62212516,TGTAGACAACCCACTGGCTGTCTTGTTCAAAGTATCAGTTCCAGGGAGCAGGGCTAAGTGAGCCTGAGAGGCTTCAAAAACCTGCTCTTTTAGTTTTACTATCTTTAGGATGAGATTTTCATCTCTGCCCTCCAGATGGCATTTAAGAGTAACATAACACAACTTCAAATCCAAAAGGTCCTCTTTTTGTTTTTAAATTAATTG,"[[62212326, ""T"", [""C""]]]",yes,no,T->C,1
chr19,48582170,48582664,GCAGGGATTACAGGCGTAAGCCACTGTGACCAGCCTTGATTTTGCTTATGTTTTTCTTTCTCCTTATACCTTGACATTGTCCCATCTTGGAACTTTAAACAAATAAGTTTCTGGTTTTTTTAAATAGTTCCGTGGTATTTCATAACATAGGATATACAATAATTCTTGCTTAACCAGTTTCCTAGTGACTGATATTAATGTTCAATCTTTTGCCTATGTATATACAATGTAAACTTTAAACACAATGCCTTGTACATGCAGTACTTGGCATTGAACACACTTACCTCTAGGACAAATATCTGGACAAAGAATTGCTTGGTCAGAGTCTGTACATTTGTAATTTTGATATGTAATGGCTACATTTCCCTCTATAGAAATTGTGGAAGCTTGTTCTCTGAGCCGGGGGTGTGGTTAACACCTGAAATCCCAGCACTTTGGGAGGTCGAGGCAGGCGGATCACTTGAGGCCAGCAATAGGAGACCAGACTGGCCTACA,"[[48582187, ""G"", [""A""]]]",yes,no,G->A,1
chr17,32987153,32987442,GGCTACAGGCCCCATGCAAGTCCAAAACCCAGCTGGTCAGTCATTAAATCTCAAAGCTCCAAAATCTCCTTTGACTTTATGTGTCACATCAAGGTCATGCTGATGCAAGAGGTGGGTTCCCATGGTCTTGGGCAGCTCTGCCCCTGTGGTTTTGCAGGGTGGAGCCTCCCTCTCGGCTGCTTTCACCAGCTGGCATTGAGTGTCTGTGGCTTTTCTAGTTGCACAGTGCAAGCTTTCAGTGGATCTACCATTCTGGGGTCTGGAGAACAGTGACCCTCTTCTCATAGCTC,"[[32987165, ""T"", [""C""]]]",yes,no,T->C,1
chr6,57966781,57967118,AAAACTTAGCAGATTAAAACAATAATTATTTATTATTTCTCATGATTGAGCCAAATCTGGCTGATTTATGCTTATATATCTGAGAACTCAATAACAATAGGTTAGTGGAAGTCAGTCTGTACTGAGACTACTGGTATCTGCTCTGTTGTAATTAACTTTGTGGGCTAACATTGCTCATGACATTGACTGGGCTCCAAAAGCAACAACAGAAACAAGAAAGCTGTTTGAAGCCTAAGCTCATGGATGACACATTCTCTTCATGACATGAAACATGAAGTAAAAAACTAATAATATCTTTACACACTTAATATACATAAAAGTAATAAAACTACTTATTT,"[[57966846, ""C"", [""T""]]]",yes,no,C->T,1
chr15,80468803,80469120,ACCACTCCTCCCCTCATGGGGTCTGGAAGGTTCATGGTGGATGGCTCAGGTGGCTCTGCAGTGACCTGTACTGCAGTCTCACTTCCCCTCGGTCTGTGTGTTCAGAGACCCTCAGCACGTGCTACTTGGTGTCATCAGGGCTGACTGGCACGTCTGTTCCCCAATCTGGGAGGATGGGCTGTTAAGCTAATTAATACATGCAGTGTCTGGAGGCAGCCCTGCCTGAGTTGTTTTTTTCTTGCCCTTAGTGTCACTCTCATTTTTTGAACACCAGTGAAACCCTAAATCCTGCAGCAGACATGGGATTTATTTTTAGAT,"[[80468854, ""C"", [""G""]]]",yes,no,C->G,1
chr20,13111566,13111909,TTGCAATTTTAAGAAATAATCTCGTATTGACTCTGGGCTGTCATAACCTCAAGCATGGATCTTTTTCCCTGTGTGATTTGTGCCTGCTGCCAGCCTGGGAGGGGAGCAAATAGCCCTTATCTAAACACCTGTCATTCAGGCCTAGATTCGTGGGAACACAGATCAGCTGAGAGAGAGCAGACTGGGCATCTCCTTTAAGCAGAGTAAACAAAACCCAACTGCAAATAAATAGAACTTGGCTCCAGTAAATGAAAGTTAGGTCTTAACCACTTTGATCATGGCTGAAATTAAGTAGACAACTGGCATTTTACTGGCAAATATTCCCATCAGCTACACAGAGAAAC,"[[13111589, ""A"", [""G""]], [13111835, ""T"", [""C""]]]",yes,yes,A->G,2
chr3,166516023,166516225,GAATTTACAAGGAACTTAAACATACCACAACAAAAAACAAACAACCCCATCAAAAAGTGGGCAAAGGATATGAACAGACACTTCTCAAGACATTTTTGTGGCCAACAAAGGTGAAAAGAAGCTCAACATCACTGATCATCAGAGAAATGCAAATCAAAACCACAATGAGATACCATCTCATGCCAGTCAGACTGGCTATTATT,"[[166516053, ""G"", [""C""]]]",yes,no,G->C,1
chr11,76419977,76420206,TCCCATCCTGAGTTGAGGACTCAAAGCCCAAGAAGAGGGATCTTGGATTGATTGATGTTGGTGTTGGGCCATCAAATACATTAGGAGAGGCAGGATTGCCTTTAGTGCCCTCTAGGGGCAAGGGCAGGGGACCACCTAGCAGAAATCATTTTCTTACGGGATCTCCTTACATGAAGGGAGAACTACTGGGCATGGGCAACTGGATTAAGGTCTGGCAAATTAACACACAG,"[[76420025, ""C"", [""T""]]]",yes,no,C->T,1
chr1,180844482,180844828,ACTCTAAGGAACATAATAAATTGTATGTGACTCTCTTTCCCTTAGAGTTTTATAATATAATACAGTAAGTGTACTCATCGACTATTAACAGCATAATAAACCAACCCAAAACTCAGTAGCTTAAAAACAGCTTTAATCCATTCTTGCTTATGCATCTGTAGGTCAGCTGGGAATTGACTGGACTAGGCTGGGCTCGGCTGGATAGCCTTCAGGCTGCTATTCTGGCAGGGTTTGGCTCCTCACTGCAGGTTGGGTTTGGGTCTATTTCATGTGTGTTCATTCTGGCGCTTCAATTGAAAGAGCAGCCACTTAGCCAGGGGAAACTTCACATGGCACTGACAGAAACA,N,no,no,N,0
chr18,37540556,37540815,GGGCAAGCTGGGTGGGAAGGCTCCAGACGCGGCAGTGGGGCAGGGAGGAGGGAGCTCTGCGACCTACATCACCACTGTGAATCTGGCTGACTCACCCCTGGACAGCAGTTCCCGCTCTCCCTGCTGCATGGAATGCAACCTTGGCATCCTGGGAAAGATGCTCCAAGAAAGGGCAGCAGCAGTGGCCCTGGCAAGGGCTGGAGGGAATGAAGCTACAGCATGAGGGATTTAGGTGGGAGCATGGGAGGGACAGAGCTGGG,"[[37540586, ""A"", [""G""]], [37540683, ""G"", [""A""]]]",yes,yes,G->A,2
chrX,55709890,55710096,ACCTTTAAATTGCACATTTCTTGCATAAATTCCCTTTGCAAATTCTTTCATGACTTATACAGACCATCTATGACATGCTTGGACTTTCTGACTTGTCCTAAACATTGCTCTTGTTAAACAACTATTCGTTTTACTTTAGGACAAGAATTTACCATACAACATCCTTTGTTTTATAAAATGTCTTTTCTTTATAATTTTCTTTGCATA,N,no,no,N,0
chr1,223467825,223468140,ATTCAGAGGGTGAGAATCAAAACGTCAGATAATAACCTACGTTGTCGGGGATGTGGAGAAATCAGAACTTTCATGCTCTTCTGGTGAAATATACAAAGGTGCAGCTGCTTTGGGAAAGATTCTGGCAGTTTCTCCAATGACTAAACATGGAGTTGTCATATGACCTGGCCATGCCCCTCCTAGGCATGTACCCAAGAGAAGTGAAAACATATGTCTACACAAAGACTTGTACACAAAGGTTTGTAGCAGCATTGTTGAGAACCAAATGATAGCGACAACCCAAATGCCCAACAATGGACAAATGGATGAAAAAGAA,"[[223467847, ""A"", [""C""]]]",yes,no,A->C,1
chr9,74301352,74301557,CTTAAAATGTTAGACGTACATCTACCCTAAGAACCAACACTTCTACTCTTGCATATGTATCTAGACAAATGAAAACATACAACCGCAAAAAGCTTTGTATAGGAATATTTTTAGCAGCTTCTGTTTCTGTTATAATAACCCCAAACTGGAAACAGCCTGATTTCCTTAAATAGAACTGAAAATTCTGTGGCATATTCATACAATGG,"[[74301366, ""A"", [""C""]], [74301427, ""A"", [""C""]]]",yes,yes,A->C,2
chr19,50244637,50245114,CCACGCCCGGCTAATTGTTTGTATTTTTAGTAGAGACGGAGTGTCACCGTGTTAACCAGGATGGTCTCGATTTCATGACCTCGTGATCTGCCCACCCCGGCCTCCCAAAGTGCTGGGATTACAGGCCTGAGCCACCGTGCCTGGCCGATTTCCTGCTTTTTGCTGAGTCTTTGCCAAAATAACATCAACCACTCTTTTCCTGATTCTAAAAGCGTGAGCTCTGCTGAAAGTGAACCGCACCAGCACGACAGTGGGGAACAGCAGGAGCCCATCCTCCCAGACCCCCTCTCCCCACAGGGAGCCACCATTAGCATTTGGCGTAGCTTCTCCAGCCTCTGCACTCTGCAGAGACACACTTCTTTTTGCCTTTCAAGAACAGAATTATAGTCAATATCCCTTACTTTAAACCAAAATAGAAATAGCTATGTCTCTTTATTATTATAAAATAATACAAGCTGGAAGGGGGAAAAATCTGGCA,"[[50244708, ""C"", [""T""]], [50244733, ""T"", [""C""]]]",yes,yes,T->C,2
chr4,16887950,16888157,CATCCACCTGATCCCTGTGGCCAGAAAGATACCGTACGGTACTCTTCAGCACTTCACTACTTCCACCAGTGTGTGCATTAAGCCACAAGGTGTCACAGTGAATCAATTGGAAGGGCTGTTATCAGTCCAGACACGCAGGTGGTGCTTCAGGCTTCTGACCAGTGCTGACCCAGCTCCCTTGGAGAAGTCTGTGCTGGGCTGCATATTG,"[[16887986, ""T"", [""C""]]]",yes,no,T->C,1
chr14,100051182,100051423,AATTGTAGGCCATTCTGAGTAGCATGATGAAACCTTGCGCTGTCCTGCTCCGTCCTGACTAGACATGAACCATCTGTTTGTCCAGCCTGTCCATGCTGTCCACGCTACCTGCTTGTCAGTCACTTGGCAGCTGTCTCAGTTATCAGATCTACTCTTGCTTATGATGTATACATAGGGTTCAGTACTGTCATGGTCCAGGCATCCACTGGGGGGCTTGGAACATATCCCCCCATGGATGAAGG,"[[100051220, ""A"", [""G""]], [100051394, ""C"", [""G""]]]",yes,yes,C->G,2
chr19,33613621,33613968,ATCATTTTTCCAGATGTCCAAGGGTGTCCATTCAGAACACACTTCTGCAGCCAGGAATCTGGGAAAGCCGGAGATGTCTCCATAAACCTTCTGCAGGCCATGCCATCTGCTGACCTTGACACCTTCTCTGCACTGGAGGACGGCTTAGCAAAGCTGGAAAGGGGGTGTCCCCTGGGAGCCTGGCTGGCTGGCTGTCACTTGCTGAGCCAGGGACAGAAGGAGTTGACAGTACATTTTAGTATTACCTGCTTCCAATTTGGAAAAAATTTTGTGCATCTCGGTTTTTCCAGTTTCTCCTTCACCTCTGTGGACCTGTAAAATAAGGATTTGAGCACATCCCTCCAAAGC,N,no,no,N,0
chr11,33418708,33419129,GTATAACCCACTTGGATGGCAGCTGAGGGACCCCAGAAAGCAGCCTGACCAAGATTTTATATCCTAGTGCAATGTGCCTTGCTGGGCTAAAGCATTGAAGGACATCCTGTTTCTAGGGGGAGCTGGAAAAGAGCCTGGGCTGTTCTGGCCCTTTATGTCAGTATGTTGCATTCCTAGCTTTTTTTTTTTTTTGGGTGGGGTGGGGTGTTTGGGATAGGGTCTGGCTCTGTCACCCAGGCTGGAATGTCGTGGTGTGATCTTGGCTCACTGCAACTCTGCCTCAGCCCCCTGAGTAGCTGGGACCACAGGCACTTGCCACTGTGCCTGGCTAATTTTTGTATTTTTAGTAGAGACAGGGTTTCATTGTGTTGGCCAGGCTGGTCTCGAACTCCTGACCTCAAGTAATTCACCTGCCTCAGCTT,N,no,no,N,0
chr11,83207093,83207414,CAAACACATCCTTCTTCACAGGATGGCAGGAAGAGAGAAGGGCTGAGCAAAGGGGGAAAGCTTCTTATAAGACCATCAGATCTCGTGAGAACTCACTCACTATCATGAGAATAGCATGGGGTAACCACCCCCATGATTCAATTACCTCCCACTGTGTCCCTCCCATGACACGTGGAGATTATGGGAACTACAATTCAAATGAGATTTGAGGGGGAACACAGCCAATGTACATCACAGTTCCTGCCAGGAAGAAGCGTGAGATTGTTTGAAGGGACAGGAGCTCTACTCAGTGAGTTACAAAACAATACAAAGCAAAATGTAT,"[[83207133, ""T"", [""G""]]]",yes,no,T->G,1
chr20,9389436,9389736,TGAAAGCCTCCAGCAGTCCTGAGGTTACTACCCACACTTTTCTGCATGAGGTGGGGAGGAGTCATACAGTGGTCGGGAGTGAAAACCTCTGTGCCAGAGATCACCTGCTCCTCAAGAAGAAAGGTGGACTCTGAACTCCTGGCCTGGCAGATTAACAAGCCACAGAATGGCATGCCATTTGGGTGAAATCTCTTGTAAGTTAATAGCACCATAATTCTGGAGAAGTAAAAGATAGCTTAAAAAATTGTCATTAACCATTAACTGCACCCTGGCTATAACCACAGGGAACTCAACCTTTAGA,"[[9389602, ""C"", [""A""]], [9389616, ""A"", [""G""]]]",yes,yes,C->A,2
chr19,34150660,34150892,GCCTGTATGAAAGCACAAACGCTTCTCAGAACAGCCTTAGCCAGGCTGGCCTGGTCCCCACAGATGTTCACCAGGGAAGGGAGTCTGCAGGCTGGCTTCTATCTCCACATCTCCCCTGGGAGAGTCCGGAGCAATTCCTGGGCCATGCCTCCCAGCCTCCCCTTGCCTGCAGCCACTCAGCTCAGCACCAGACCCCAGCCTTGGTGCTCAGCTTCTCAACAACAGAGCAGAGA,"[[34150666, ""G"", [""A""]]]",yes,no,G->A,1
chr18,1408331,1408676,GACAAAATAACAACCATTTATCATTGATCATGAGTCTGGTCATGTGGGAAGTTCTGCTGATCTAGGTCATGCTCAGCTTATTTTTACTTGCCAGAATGACTAAGATGAAAAAGAGAGTAACAGGTGTTGACTAACATGCATCTATGGTCATCTGGTAGATCAACTGAAATCTGATTGGAGAATTACTTCACTAACATATTGGACAGATGTCTGGCTTTAATTTGGGCAAGAGATGATAGTAACATAGGGGCATTTGTCTCCCATAATCAACAGACTATCCCAAGCTTGTTCATATGGTGCCTTGGCCGAGTTCCAAAAGAGAGAAAGTAAACACAATGCTTCTTGA,"[[1408385, ""C"", [""T""]], [1408523, ""T"", [""A""]]]",yes,yes,C->T,2
chr15,71023769,71024125,CAGATTCTCAGTGACTACTCGGCTGGAGACTGCCTAAGACTACTGAGTTCCTCGGGGGAGAGGCAGTCACCATCACTGAGGCTGCCTGCTGCCTAAGACAACTGAACTCCTTGAGGGAGGGACAGAGGCCATCACTGCAGCTGCCTGCTGCCTAAGACGACTGAGCTTCCCAGGGGAGGGGCAGATGCCATCACTGCATCTGACTGCTGCCTAAGACCACTGAGCTCCCAGAGAGAGGAATGGCAGCCATCACTGCAGTAACCCATCCCTGCTTACTAGGTAGGGCCTCCCTGCAGGAATTTCAGCAACTCCAGCCAGGGGTTTAGGGACAGACCTCTGATCTCCCTGGGACTGAGC,"[[71023784, ""C"", [""T""]], [71024003, ""C"", [""G""]]]",yes,yes,C->G,2
chr8,18126064,18126352,TACTTAACGAAGCATTTTGTTCCGTTCCCTGTGCCGCGTGTTTTACACTCTCCAAAGACACATGTGTAAAGGAATTTCTAACAGGTCAACTTGTGTGGATGAATCAGTTTTATTTCTATGAAGCACTGAGTTCAGCACTCGCTGCACGGTATGCATTCTTTATGACACACGTGTAAAAGATGTTGCTAAGACTGCTATTTGTGTGCATAAACCAGCATAACGTTGTTTCTGTAAACCTCATTGTTCAGGACTATTGCTGAACGTTCTACACTTCATAACATTTTATGGG,"[[18126101, ""A"", [""G""]], [18126214, ""G"", [""A""]]]",yes,yes,A->G,2
chr3,24532594,24532890,GTCTTTTTATTTCCATGCCAGATGGGCCAGATAGAAAAAAAAGTTTTTTCTTTTTTTCTGTATTTTTTTTCAACTCAATTCAACAAACATTTATTGGCTTTCGTGCTAGGTACTAAGGGAATGAGAAAAAAAAAGATGACTAAGACTGTTTTCACACCAAAGTCATTTATAAACTTGGGGAAGCAGATGCTTCTAATTATTTGTTACAAATGGCAGAATAAAATGAATGGGTTCCACCTTGAGCCAGGAGAAAAAAACATGTGAACATTTAACTACACGAGAAAGCACACAAAAATA,"[[24532651, ""T"", [""C""]]]",yes,no,T->C,1
chr2,32910922,32911375,TTCCTCAACGGGCACCAGAATTCTGATGAGTTCATGACATTCAGTTTAAGAAATTACCCGCGGCCAAAGATCTTGATTGGCAAGGTTAGTACATTTTGCCATATGTTATGTGCTATCTCTGTCCCCAAATATGCAACTCTTATGGTGTGACAAATTGTGGGACGACACACGTTGCAGCCCAGACAGTTAGACAAAACACTCCATCAGAACTGAAACCGCAGGCTAGGTCTCTGAATAAGAAATATGCAAAACCACACCTGCCGGCCAACATTGCTGCTTATTTCTTGCTCCTCTTTTTTTTCTTACCACAAAGAAAATTAAATGTAAAATCAATTTAATGTTGAGAAAAGGACCCAGGGTGAGCTTCCCACGTACACTTAATTGAGTCAGTGATATTTTGTGTGGCCTAGTTATAGCTTGAGTGGTGCAGCTGAGTGTAAGCTGTTTGTGATTT,"[[32910930, ""T"", [""C""]]]",yes,no,T->C,1
chr18,59760667,59761149,ATGTTATTGTATCCTTGTTACTTGGTCACTTTTGCCAGTGGATGTTGACGTCAGAATAGACCACCAAACTCCATCCAGCGGGTCACCACATTCAGCTATTGGGAGCAGAGGTCAAGCCAACTCATACTGCAAATCTCAGCCTTGGCTACATGTAGAATCGCTGGAAGGAACTTTTAAGATAGCCAGATGCCCAGGCCCCACTCAGTCCAATTAAATCAGAACTTTATGCATGACATCCGGGAAGTACTGTTTTTAGAAGCGTCCCTCATGATTCTAATGAGCAGCCAAGATGAAAAACCATTGTCTCAGCAGAATCATAGAGTATGTTTTGAGTGATTTCAGTCAAAATGAGACAGTCTACAGGGGCCCTATGATCTTTTCATCATCTTAATGACTAACTAGTAACATTTGCCATTAATTATTTTCAGATTAAACTTGTCTCTATTTTGATTTATGACACAGACTCCTAAGCTTTTAACAAAA,"[[59760757, ""G"", [""T""]], [59760939, ""G"", [""T""]]]",yes,yes,G->T,2
chr7,54859085,54859337,CCCAATGTTAAAAACAAATCTGAGTCTGGAGATTTAAAAAATGTAATGTCTATTATGTGTAAATGAAAGAAGGCTTAAGTCTGGAATGATTCCCCTTCCCATTTCTTGCTAGTTTCTCCTCCTCTTTCCAATATAGATCCTGCCAACACCAGTGTCACATCCATGTTGCAAAGCCTGACTCAAATCCACTTCTAGCATGAAGCAATTTCCTGATTTCCTTAACCAATTGTTCTAGCTCTCACTTTTAAACCCC,"[[54859127, ""A"", [""G""]]]",yes,no,A->G,1
chr10,107280299,107280604,GTGCTCAGACGGTTATCCTTTTATGCTCTAGTGATCTGTCATTAGAAGAATGTACTCTACATTGCCACTGTTCCTTCAGCTTGGACCTCAGAGTAAATGTACATGAAGTAGACATAAACCAAATCTGCAACCTGGAACTAAGCCAGTTTACATAACCCAGACTAAAGTCCTTTTGCAGACCCATAAAATATGAATAAGTACTTGTTGTTGTAATCTTTTGACACTTTGGCATGATGTAATATGTAATGTTATTGTGCAATAGTTGACTGATAAAGAAATTGGTACTGAAAGTAAAGTGTTAACGTA,"[[107280327, ""C"", [""T""]]]",yes,no,C->T,1
chr1,208661165,208661402,CATAGGCCCAAGTGGCCACATTTGTAGTTCTCAAAATGTGGGGAAACAGCCCATCAGCATCACCTGGGAACTTGCTAGAAGTGCAAATTCTTGAGTCCCTGCTCAGAACACCTGAAGCAGAAACTCCAGCAGGTGGGGATCAGAGATCCAGATTTATTAAGTCCTCTAGGCAGGCTTATGTTTGAAAACCATTGGCTTATTTCACTCTTTGAAGCTCAGTGAATCATCATTCTTTGCA,"[[208661245, ""A"", [""G""]]]",yes,no,A->G,1
chr1,231546623,231547012,CCAGAGATGTTGGTTAGTTAAGGTAAAGCTAAGTGCAGAAACAGATTAATAAACTGTGACGTTGCAGTGACTTAACAAACTAGAAATCGTTATCTTTCTCTCTTGAAGACCAGGCTTTGTAGTGGTAGTTTGAGTGTGCTCTGCCCACTTAGTTATTCACAGATCCATGCTCTCTGGGGCTCTGCTGTTTCCAGTACATGATTTCCAAGATGAGCCAGGGCATCAACATAGAGCTGACAGATTGTGGAAAAGGGAGGAGTGGGGGATGGCGCTTGAGGATTTTATGCACCAGCCCTGGAAGTGGCATGGAGCACTTCTGCCCACATTTTGTTGGCTAGTCACATGGCCACACCAGCCTTAAGGAAGAATGGGAAATACGGTCTCTGTGCG,"[[231546812, ""A"", [""T""]], [231546895, ""C"", [""T""]]]",yes,yes,C->T,2
chr13,68250634,68250942,AAGTTGAATAATTTTATCTTCACTCTGCAGTTTCTTAGACACCTCAGTGTATTTCCTGGGTTTCTCTTTGTTGGCAGGAGTATTTATGCTTTAACCTAGGACCGGAGATACTTTTTAACCAACTTGATCTTTATTATATTGGTGTACAGGTTACTACTTAGGCAGAGATTAACAAGCCAGTGAAAGTGCTCTCTGGGGACAGTGAGTCTACTGTGTTGAGAGGGTCAAATGCATTATCCATTTCAAATTCTAGAGGCCAGAAAACAACTTTAACATGTTCCACCTCCCTCTGCAACCACTGTTATATTG,"[[68250737, ""A"", [""G""]], [68250938, ""C"", [""T""]]]",yes,yes,C->T,2
chr6,60735101,60735506,CTGCATTTAGTTTTCCCAAGGAAGATGATGCTGGACATGTTGCATTTACCAGAATAGTAGAACACACACACGGGAATTCAGGGCTGCAGATAGAGCCTGAGTTATTATTCAGAGGTTAAGCTGTCTGATATAACCATTTCAGTGGGCCCAAATGCCAGACATAGTTTTGTGAAGGATCATAGCTTCATCTGTTTTGCCTAATGACTCTAGATTGGAAAACATTTGATAAGGCATTAAATGTGCTGCCTAAGTAACTTAAAGGGGTTCATGTTCAATGTCCTTGCAACATGCTATTTTTAACGTTTGGAATGAATATTATGGGAACTTATGATCATAAAGAATATTCTAGATTCAAATGGAAAGACCACAGAAGCTCTTTATTTGTGACAGGTGGATTAATTAGGAA,"[[60735284, ""A"", [""T""]]]",yes,no,A->T,1
chr4,85030120,85030557,CAAATTATGGAGGGCAATCTGCTTACTCAAAGGTCACTGATTTAAATGTGAATCTCATCCATAAATGCCCTCCAAGTTGATACATAAAATTAACTGATGACAATGATGATGATAATAGGTACTGATACAGCAGGAGTATCACCATCTTCGACAAGCACTGTCATTTTAAAATTCACCTCGATCAAAACCTGCCGAAATCCCATAAACCACAAATATCTCTGACCAGAAACATTCCAAACCCCTCCCCAACCACAGACATGCCAGCCCCAAGATAACATTCCCTCCACCCAAAGGCATTGCAACCCCACCATAAACTTCTCCCTGACACAGAAACATGCCAAGCTTGTGATAAGCCCCCTCACCCAAAAACCAATATATACTCTTAGTCTGTAAGACAGAATGCTCCTGACCGAAATCAGCCAGAAGCCCCCCTCAGGT,"[[85030313, ""T"", [""G""]], [85030551, ""A"", [""C""]]]",yes,yes,A->C,2
chr17,61092457,61092707,TCCAAAATGACTGTACCATTTTGCATTCCTATCAGCAATGCATGAGCGTTCCAGTTGCTCCACATTCTCATCAACACTTGATATTATTGATCTTTATTTTAACCATTCCAGTGGATGTGAACTATGGTTTGAATTTGCTTTTCTCTGTTGAGTAATGGTATTGAGCATCTTTAATATACTCATTGGCCATTTGGATATCATCTTTTGTAATGTCCTAGTTAACTCACTGATTTTTATTAGATATGTTGTCT,N,no,no,N,0
chr17,62970910,62971315,ATTATAAAATAGTTTGGAAGCTAGTTCAATTATTTGGACTTCTTTTTTCTTTCTGAATGACTTGAGACTCAGCATTGTTATATTTGCTTAATGTGCCTGTAGTCATCAAATGCTGTGATTATTTTGAGGGAAAGGCACTCTGTAAATATACTATACAAATAAATAGTTTAGACTTCGTTGTAATACCGTGAGAATACCGCTTGGTTTCTTTGAATAGCGTCTTTTGTAGTAACTTGCATTAGATGAAGACCGTTTAAAATGAAAAAAAAAATGAGTTAAGGAGATGTGTGTATGGTGATGCAGAGTGTATATCCCTGATGAGTTTCTTGAAAAGGCCACGGAGAGAAATAGGTTAAAGAAGAGCTTAAAGACTAGAGCTGTGTTTTCCCACTCAGCAGTCTCCTGC,"[[62970951, ""T"", [""C""]]]",yes,no,T->C,1
chr14,38141109,38141391,CAAGTCAGTGAAACACCTGCAAGGCCACAGTGTGGAGCAGGACTTTGTCTCACATTGTGAAGTACACATGCTCCAGACATCTGAATGTGGAATTAAGGATCCATTTTTGTCTAAGGCATTGCTATGTGAATGCTCAGCACTTAATTATGCAATAGGTGAAGTCCCTACTGAGGGCACCAGCACAGCTGTGGCAGGAGAAATGAGATAAATCCATCCTCCCCTTTGGATACACTTACTTGAGATGTTTGCAATAAAAAAATTTAAAGGGTTATTTTGATTTGGG,"[[38141152, ""C"", [""T""]], [38141208, ""C"", [""T""]]]",yes,yes,C->T,2
chr7,55231693,55232115,AATGGCAGAGACAGAGGCTGCTTCTCCCCCTGGGGGCTCCATCCCAGGGAGATCAGATTTCTGTCCATATAACCCTAGCTAGAGTTGCTGAAATTCCCACAGGGAGGCCCTGCCCAGTAAGGAGGGATGGACCGGGGTCCCACTTAAAGAAGCAGTCTGGCCACAGTCTGGCATAGCAATGTGCCGCATTGTGGGGAGCGCCTCTCAGTCTGGACCACTCAGGCTCCCCAGAGCCAGCAGGCTAGAACAGCTGACTCAAACCAGAGAGATGGTGGCCGCCACTCCCCCCTGGGGAACTCAGTCCATCTTAGGCAGTCTCCAGCTTGCTGCCACTAGCTGTCTAGAATGTCAAGCCAGTGGGTCTTAAATTGTGAGGTGCAGCAGAGGGGCCACAGAATGATGCCACTTGGCTCCCCTAGATTT,"[[55231715, ""C"", [""T""]]]",yes,no,C->T,1
chr6,154622673,154622999,CCTAACCAGAAGTCTGTTACAAGGTAGGATGGTATAAGGCTGATACAATAGCTCAGCAGTCTCAGCTCTGAGTCAGGTAATATCCAGTGAATACTTTATTCATTCTTCATCCAACATGTCTTTAGATATGCCCTTGGGCTTCCTCTGTGCCAGCCCAGGTGCTAGGAGACCATGGCACAGTGCTGGCTTGGGGCCTAGTACAGTCCAAGGTTCTATGGCTGATACAAACAAAAGGTAAGATAGAGTCTTTGTTGTTGAGAAGCTAACTCGCTTTTTATCAGGAAAAGGCTGATATATACATGAAATAAAACAGTCTGACACAATAGT,N,no,no,N,0
chr7,154532848,154533229,TAGCAGAAACAAAGGTCTCTCTGCCCTACCTCCACACTTCTCCCCTAAAGCAGGTCATGCAAGAATCCTCTGACTTTCTTCTGAAGAAGGTTACAAGACTTTCATTCTAGAAGTGTCATTCTTGTACTCAGAAGAAAGGAATTTCCTTATTTCACAAGACACAGGGACACAAAGAAGAATGTCAACCAACAGGCCTTGCTAAGTTCCCCATTTATTACCATTAGATCACATCACCTTTCTTCAATTATACTTCTCCATAAATGTCCACCATTCATCAAACCAAAGCATAAAAATACACAGGTTTCCCTGTTTCTTTGGATGTTCCTGTCTGAAGTTTCCCATATCACATAAAACTTATGTTACATAAATGTGTATGTTTTTC,"[[154532875, ""T"", [""A""]]]",yes,no,T->A,1
chr2,65885362,65885685,CCTACAACTGTGCAGGCTGCTGCAGTTCAGAATCATCTCATCCTACTGCAACAGCAGCAACCACCTGGGACTGTTGGCAATTGACACTGTCAGAGCCAGAAGCAGGAATATTTTCTAAGTGCTTCCTATTGGCAGAACCTAACAGGAAGCTAGTAGACAAGGGAACCTGGGAACTGTAGTTCACAGACTCACAGTCCAGCAAAAATAGAGCACAGTATACAAAGGCAGGTGGGGTGCTGACAGACAAGAAGTCAGTCGTTGACATTTGGGCCCCTAGGCCCACTCTGGTACAAGCATCCATCTCTCATAGGAACAATCGCAGTG,"[[65885406, ""G"", [""A""]]]",yes,no,G->A,1
chr15,40714122,40714563,CCCAGGTCCTCATAATCATTAGGAAGAAAGAGCTGAGGGGGAGGGGTGGAGGAGGATGCTTAGGAGACCTTTTATGATAATAAGGGAGGAAACATTGAGAAGAGGAAGAGTAAGTTATAGAAGCTATAGCTATTGCGTGAGCTCCATTAGAAATTTGATAGCTAAAGGGAATTAGGGCTGTTTAAAATGTCACTCTTACATCCATCATTTGACATGATATGTGACCTTTTTAAATAGAAATGTTTTCCCATGTTTTGACAGGGACTTATGTAGAATAAGTATTTAGACTACAGTACATAATATCTATAGTTGCCATGGCAACTCAGCATAGCATGCTGACACTCCAAAGTTGTACAAATAGAATCCTAATCTGAGAATGTTTAAGTAGTCAGATAATGTCTGTCAACAATAAACTAAAGCAAAATTCTCAAGTAAATATAGC,"[[40714127, ""A"", [""G""]], [40714325, ""G"", [""A""]]]",yes,yes,G->A,2
chr5,133828780,133829101,TGCTCCTCAAGGACATGCACGCAGGCTTCTAGCAAAGATGATGCAAAATAACAAGACAGATGTAGTAACCAATACAAAGTGCTTGCTTCACTAAACAAAGAGCTTTTGATGCTGTAACTCAATTTGCGTTGGCATAATAGGATCTGAGTGGGGCTAAGAGGAGCCACATAACAGCGGGCAGGCAGCCTCACCAGCAGAGGGGAGCATGGAAACACACGGCAGAGCCTCCCGGGGCCACGTGCTTCTCATCTGGGACCTCCGAAAGGCACCATTTCTTCAGGTAATCCTCAGAGGGATTGCTCATGTTCCTCCAAGAAAAGGC,"[[133828799, ""T"", [""C""]], [133828855, ""G"", [""A""]]]",yes,yes,T->C,2
chr7,17054854,17055296,TTCATTATTACATAAAATCATCTTATTTATTCAGTTATGAGTCCACTCACCTCCACCAGTAGCATGTAGAATCCTGAAGAGCAGGAGCTTTGTCTGTCTTGTTCATTGTTATATCATCATTGTATGCAATACTGCCTTAAATATTTGTTGAGTAAATGAAAGAAATGAGAGGAAGGTCTCAACACACGCCTCTGGAATCTAGACTAGACAATTTCTTTCCTTTTAAAACAATTGTTCCCAGATTCCAAAATAGCCTTTGGCAGACAAAACTGAGAACATGCTCAGTCAGGTTTCTGATGGCCAAGAGAGGTTAAATATTTTCTCATCAAGATGTAAGAGCTCTTAGCCACGTTAATCATTTGGTCTTTTCTTCCCCCAACACTATGAACATTTTCCCTCTGTGTGGATGGAAAACAACAATGATTTCAATTATTTTATATTTT,"[[17054964, ""G"", [""A""]], [17055272, ""C"", [""A""]]]",yes,yes,C->A,2
chr2,217466103,217466505,TTGCAGTAAGTGTGGCCAAGGAACTGACTTCTTGCCTATGGGATATAAATGCGTGTGTCATATGGCAGCCCCATGTAATCTCCCTTAGGAGACAGATAGCATGCTCTCTTGGCCTCTTCTTTATCGTCCCTTTCTCCACCTGCTGCCTTAAATATAGATGGCACCATCTTGGGCCATGATGACAAGGGCCACATTCCAGAGATGGTAGAGCGATGAGCTCCATGGAGACTTAGTTTGCAAGAATGTTGTAGGGCAGAATTATCACATCGGTCCTGGAAGGCTTATCTCCAAACCTTGTGTTCCATCTCTGAGAGAGACAGCCTACACCCTGGAATGAATGACTGTCTATTTGGGACCAGGTTTAGCTGCAAGTGACAAAAACAACTGAAATAACTGTCATTTA,"[[217466108, ""A"", [""G""]]]",yes,no,A->G,1
chr3,161407847,161408122,TGCATAAAATCATAAACTTGAAGGCAATGTAAGAAGCTAGTTGTTCTAGAATATGATTTACAAAGCAAGGGACTCACGGTTGAATCATTTACATCAACAGGTGTTGTCAAGAAGTGCTACGATTTAACAGCACCGAAAGTTTCTACCTTTAAAGTGAAGAGCAGGCACATTATTAAGTAACTTAACATGGCACAACATGATTTTCATAAAAGCTGATCAAATCATCTTGGAAAAGTCAACTGCATCATGAGGCAAGTTTTAGGTACATAATTTTAA,"[[161408064, ""A"", [""C""]], [161408083, ""T"", [""C""]]]",yes,yes,A->C,2
chrX,40192274,40192513,GATGAAACAGCTTCTGCTTTGTCTGCTGGAGTGTTGCCTTTGGCATCCTGGCTGCCAAATCTGAGGTTGCCATGCTGTGAGGAATCCCAGGCCACATGGAGAGGCCACATGAAAGTGTTCTGGCCCAGAGCCCCAGCTGAGGCCCCAGCTAGCAGCCAGCATCAACCACCACATGTGAGTGAAGAAGCCTCTAGATGATTCCAGCCCTTGGTCAGCCAATCACTCTTGGCCTTCAACTCC,N,no,no,N,0
chr15,30316572,30316821,TTCAGAGCCACAGGCACAGCCCAACCCCAGGACTGAAAGATGCCAGTTACTCATCCAGTCCCCAAGGAGTTCCTGCCGCTGACCTTTGAGAGAGAAGACCCCAGGGAACAAGCCTTTCACCAGAAGGGGGAAACTGGAGCTTGAGTAGCTGACATTAAATACTCATGTTGTCTTTGGTTATAGATTTAATCTCCCTGACTCTGTTTATTTTTCGTTTTTGTCTTTCATCATGAGTATGTGGTCCTAAAGC,N,no,no,N,0
chr11,74927545,74927877,TATTAATAATTACCATTTACTGTGTCCCTACTGGGTTAGGCCAGGCACTGTATAAGGTACTTTACATACATGGCCTCTAAATCTCTAACAACCCAGAAAAATAGGGATTACTACTTCCATTCTATGGCTGACTAAGGCTCAGCCAAGCTAAGTGATTTGCCAGAATGGAATTGCTGGTAAGTGAAAGAGCCAAGAATTGAATCTAAGTCTGCTCAACAGCAAAGCCCATTTTAAAAATTATCTTTATTAATCCTGATTACAAAAATTAAAACACAACTAAGAAAAACAGTCAAACATCACAGAAAAATAAAAAGTTCTGTTTAATCCCAACAT,N,no,no,N,0
chr12,24393078,24393473,TTTCTATCTCAACCACCACTCTCCTAATTATAATAAATGAATAAAGTAGATTGAAGCTAAGAAAAAAAATACAGCAAAATTAGAAGCTGGCAAAAAAACAAACCCACTGCCTGGGGCAGCCTGGGGCTGATGGATGATGACAGCTAGCAGACAAATCCTGTTCCCCATTCTAAATTCTGTCTACTAAACAAATTAGCAAGCTCATCAATAACTGCACGGCATTTACCTTCTGCAGCAACAGCTGCTGCAAAATCATGCTGCTGACTTTTTGGGTTGTGGTCTTGCCATTGGGACACAATTACAGGCCAATCAGGGTCGGAGATAAGAGAATGACAATCCAGTATGACAGAAAAGGGTTTTGCAAGGGCTTGGAGGATAATCAGCTTTAGGGTCATC,"[[24393102, ""C"", [""T""]], [24393403, ""C"", [""G""]]]",yes,yes,C->T,2
chr20,7716492,7716949,TTTCCTTTGGCTGTATAACCAGAAGTGAGATTGCTGGGCCATACTGTAGTTCTATTTTTAACTTTCTGAGGCACTCTCCTACTGTTTTCCACAACTGCTCCATCTTTTTACATCCGTACCATATGTGACCATATGGATGAACCTGGAGGACATTATGCTAAGCGAAATAAGCCAGTCACAGAATAACAAATGCTGCATTATTCCACTTATAGGAGGTATCTAAAATAGTCAAACTCATAGAAACAGAAAGTGAAATGGTGGTTGCCTGGGGCTGGGGGAAGGGGAAATAGGAAGTTGCTGTTCAATGGATATATAGTTTCAGTCATGCAAGATGAATAGGTTCTAGAGATCTGCTGTACAGCATTGTGTCCATACTTAATACTGTATTGTGCACTTAGAGTTTGTCAAGAGGCTAGATCTCATGCTAAGTGTTTACCACAATAAAAAATGTTTAATTA,"[[7716509, ""C"", [""A""]]]",yes,no,C->A,1
chr3,147617038,147617423,CAAATGCAATTTTACTGATCTATATAAACACTTTTTCAATTACTTTAAATTTATATTCAGACAACACATTGATACTTCCATTGGAGTTTATAGATACATTTTGAAAACAAATACTAAATTATTAGCTAAATGTATTTTCCTTTATGAAACGCTTTCAAAATACATGAACAATAGCGCCCTCTACATTTGGATAGCAAATCATGAAAAAGATTTTACTAGTTGAGAAAAGGAGCATTTAACAGTAATCACTGTGGGTTTGGGGACAAATTATGTGATTGCAATACATTACAAAATTACATGGCAATCTCTCACATGAGTTTACAGTATTTTAAACCATTGATTTAGTATAGAAAATCAAACTCTGGAACCTCAATATTGTACCATGT,N,no,no,N,0
chr11,31009884,31010260,TCTTCACAAGGCAGCAGGACTGAGTGACTGACAAGCAAAGGGGGGAAAGCCCCTTATAAAACCATCAGATCCTGTGAGAACACATTCACTATCATGAGAACAGCATGATTCAATTACCTCCCACTGGGTCCCTTGCCCAACATGTGAGGATTATGGAAACTATAATTCAAGATGAGATTTGGGAGGGACACAGCCAACCCATATCATGACGGCACTCTGCTTCACTCAGTCCACTGATTCAAATGCTAATCTCTTCTGGAAACACCCTGACAGATATCTTGTGACCCAGTCAAGGTGACATATACAATTAACCATCACAAGTGTGAAGTCCAGGCACAGCCTGGCTGTCTTCTTGCTGAGTGTTTCACAAGGCAGCA,"[[31009896, ""G"", [""A""]]]",yes,no,G->A,1
chr4,10165732,10166107,TAAATGCTCTGGAAGGCAAAGGGAGCTTTTCTCATTGGTCGACCATTGTTCCAGTACTGCATTAAACTGCTCTGGTCAGAAGTTGTCAGTGATGCTATAAATGAGCTTTCCATTCCAGTGCAAGGGAATTGACCAGTGAGGTAGGTTTTGTGTAACTTTGCACTTGCAGGACACATTTAGTCACCAGTCACTCCATTCCTTGTTAGGATCAGAAATACAAGCGGGAGAAGCTGAAACCAGTTAACAGCTGGTAGATCTAGAAGCATTAGGCCAAGTGGGATACATCTTTCCAATATACGGAATATCTTGCATAGGTCAAAAAGGCATAATTGAGATGCTTGTTAGCAACTTTTCAAGTTTGGTGTTGAGCATTTTG,N,no,no,N,0
chr4,144288094,144288445,CTGTCCAGGACAAACCAGTCAATGCCCAAGTGAGGGCCAAGCCCTTTCAGAGAATCTTTAGGCCTCAGTGCAGAGGCGGCCCTGTTGGATGGCAGACTACTTTACTTCCCTGCCCTCTCCCCATGTGTCAGAGAGGCTGACTGGATCCACATGCTGGCAACGCTAAGATCAATAGTGATGCAGACCATCCTACAATGACGAGCTGCAACAATCAATTACTCGTTGTCAGCATTTTGCATTAGAAAACAGAGTTAATGGGGTCCTTGGGCCAAGGGACCTGGTGTTGAAGAGGCACAGGAAACATTCATGAGACAAGTTGGAACTATGATAGTTATGTAAGTTAAGAAGAGGC,"[[144288197, ""G"", [""A""]]]",yes,no,G->A,1
chr10,83816972,83817301,TGCTGCCTCCTGTTTTTTTTTTAACTTTTTCTTTTTCAAGTGCTGGCATTCAGGTTCAGAGAAAGAACTGAGGCAGGACTGACCTAGCAATTTCTATAGCCTGACATAGTCTCACTGAGGACTTCTACACCATGTGTTCTCATGTTGACTCAGTGAATAGTAGGCAAACATTGAATGATGGCTGTGGGCTCTGGAGATTGAAAGTGCAGGTTCAACCACAGTGTGAAAGAAGAAATTGGTAACAAACAGAAACGTGTGAAATTGTTCAGAGCGGCCAAAAAATCTCAGTGTTCAAGATTTAGTAAGTGAACAGGAAACCATTTCTTGGGC,"[[83817067, ""G"", [""A""]]]",yes,no,G->A,1
chr9,131021911,131022236,TCCATGCCCTCTCTGGGTGCCACCCTCCAGGAACCTCCCCGTGTTCAGCCATCCAGAAGCTCCCTGAACCCTGTCCTCAGGTTTTCATGGACGCTTCATGCATCAGCATTGCTTCCCTTGGGCGTAGGGTGGGACCCTCTCTTGGAGGGTCTTAAGACCCACGGTCAGAAAGGTGGGGGAACTTTAGAGTGAAAGGAGGGCAGGAGAAGGCAGAGGCCTGCCCCTGAGGCCCAACACACCCAAAATTCTAATGAAAGACCGTAAGGAGGGCTATGGGAGTCATAAGCCAGGAGCTGTGGATGAAAACACACACACACACACACACA,"[[131021922, ""C"", [""T""]]]",yes,no,C->T,1
chr9,1184129,1184586,ATCCTGCAGGAAAAATAAAGGTGATAATGACATAAGACAAAGGAATGGATACTGAGCAGGCAGAAGCAACAGATGGCCACTACAGTTATGAAGTATATCATAGGAGCACATGGGAGAAGCAGTCAAATTCCCTGATCCTTCATAGTGTCTTTTTACACAGAAATTGCCACATCTGGTTGTGTTTGGTTTATCCATGGTTTGGAATGAGTCAGGAAATCACAAGCAGTTGTGCTTGAACTTTGTAAACTACAGAACCACTAGGATAGTGCTGAAAATCTGTTTCCCTTCTCTCTCTGCACCTCAGACCTGGGAGAGCAGCTCTAGGCATTGCTTTGCCCCTCTGAAGGCTCACAAGCCTGAGGCAGCCTGGAGCCCTGCCCAGAAGACACCCTGTTAAACACAGAGATGAAGTTATCACTGGCTTGGCAAATTCTTCTCTGGCTGTTTTATGATAATAC,"[[1184158, ""G"", [""A""]]]",yes,no,G->A,1
chr4,37612572,37612981,GATTGAGGTGAGTGGAGATTGTGCCACTGCACTCCAGCCTAGGGGACACAGCGAGACTCTGCCTCAAAAAAAAAAAAAAAAAAACCTTCTCAAAATGTGTAAGTGCTGTAGGAGTGACATGGTGGCGGCAGGAGTTAATGCTGAATTTGTGGTCAAGGAATCCAAAGTCTAGCATCTGGTCCCATCTGACTCCATGGTCCCTTGGGGAATCAACTCCTCAGGGCTAACTAGATTATTTCCACTGAGCTTTTACCACTGAAGATTCATCTTTTATCTTTTGTAACAGCTAACCTGTATGTATCAAGATCTTCTTACAACCAGTGTCAAAATAGGATGCAGGAACTGGAAAAAGAAACACACACTCACATGCACACATGCATACACATATACACACACACCCCTGAGCATAA,"[[37612697, ""T"", [""C""]], [37612938, ""G"", [""A""]]]",yes,yes,G->A,2
chr8,66247506,66247764,GGCTTACTAGGGTGGGGAAAAACCCAGCCCTGGTAAATTTGTGGTCAGACCAGTTCTCTGCTCTTGAACCCTGTTTTCTGTTGTTTAAGTTGTTTATCAAGACAATACATGCACTGCTGAACACAGATCCTTATCAGTAGTTCTCCTTTTTCCCTTTGAAGCATGTGATCTACTCCCTGTTTTTGCACCCCCTCCCTTTTTGAAACCCTTAATAAAAAACTTGCTGATTTGAGGCTCAGGTAGGCATCACTGTCCTACT,"[[66247570, ""C"", [""T""]]]",yes,no,C->T,1
chr1,219153751,219154106,AATTGAATTTGCTTGGCAGCAAAATAATATGATGGGTGGTCTGTTCAGACACTTGTCCAAGTCCAATCACATTACATTTTCATAGTATCAACATTTAAAAGCCCCATCCTTGTTGCATCAACAGCAATGCATGGGAACCTCTCCCGAACACGTGGCAACCAGCACATTATACAAATATGTTTGCTCCACAAGCCAGACTGCCGTTTTCCAGAAAATACAAACTCAGCAAATGAATGAAGGATTTGCATGTTAACAACTCAGAGCTCTACCATTTGAAATATATCACATGGACCTGAGGAGTGAGGATTCATCTCATTAACAGTCAGTTGACTTTGCAAAAGCATGGACATCATTTT,"[[219153799, ""G"", [""A""]]]",yes,no,G->A,1
chr22,35045060,35045400,AAAAGGTAAGAGGTACCTCAGTAAACCTTACAAAGGAGGGAAGGAAAGTGGGCAAGAAGGAAGGAATGAGTAAGTGAATGAATAAATCCATGCATGCATCATCCACCAAGCGAAAGCTCTGGAATGCAGATGGGGAGTAGAGGAATGTCAAGTATATTTTAGTCATAGATCTGACAATAGAGGGAGCCTGCAGGTGCAGAGGAAAGGAAGACCCACATCATTGGAGCCACATAATCCAGCTGCCATTGCCTTTCAACCCCCAGAGCACGAGTCCAAGGGCCATTTGCATCCTGATGGATGGGGATGCAGTGGAAGTGTCAATTGACCATCATTGGTTCATA,N,no,no,N,0
chr20,32315669,32315901,TGCCACCGCATTCCAGCTTGGGTGACAGAACTAGACCCTGTCTTTAAAAAATTTAAAAAAATCCCCACAGAGTCTGAATTCTATCCCATCAGTGTGCCTCTCCCATGAATTACTGTGTCCTTTCCTCATGATGGCATCTGGCGCCATATGGTTAAAGCCTGCTTGCTTGTCTGTTTTCCTCAGTGGACTCGGAGCTTTGTGATTCACACTCACATTGCATCCCCAGGACCTAA,"[[32315723, ""T"", [""A""]]]",yes,no,T->A,1
chr13,60402987,60403331,CAAAGGTAATAAGCCTTGCCGACTTTCTGTCTCAAAATATGTTACATATTGCTTTACAGCTTCTGCTGATACTGTAAACTGCGAAAAATGACTGGATGTTTTGTTAAACTGTGCAAGTGTTCAGGTTTCAAGGTGCTGTTTGCAGTGATTTTTTTTTTTTTTCTGGTGACTAACCTATAAATCTAGTTTCAACTGCCTGTAGACTTGACTGCCTTAAGCATAAAGGGGGTATAAAAAGAAACTTGCTACCTCAGCAGGTTGAAAATAATTTTCTCCTTTCATACAGCAGCATTTGCTAAATCAACTAAAATTGCATAGTAACATTTTAAGAACCATAAAAATATG,N,no,no,N,0
chr1,228126197,228126470,GGACCAGACTCTCTCCTCCCTGGAACCTCCTCCCCAACTTCCTACAGCCCTTCCTATGAGCACTGATGACCCAGCTAAATCCCAAGTCTCCTATGTTCCTTTGACCAAGGCTTGGACTAAGGCTGAACTCGGAGCCATTGCCAAGGAATTCCTAAAAGTTACTGAAGACTGTAACTCATTTGCTGATGAATTCAACATGGTAATCCAGGCCTATCAGTCTGGCTTTCCCAGTCTATAACAGCTGCTTCATACACTTGTTGATGAAGGCCAAGCC,"[[228126232, ""G"", [""A""]]]",yes,no,G->A,1
chr3,102790776,102791140,CTATGATCTATATGAAATGCACTTCTTAACATTATAGAAAACTAAATGATAAAGATGATTGGATGATCTCCTGGCTTATACTAAATCTGGTATTTGTTATAATGCATGAATCTTTACTTAAGCCCCATTCTTAAGGGATGAATTGCCTTGCATGTATGTTAACTGGTTTCTTCTTAGCATCACTTAGTCATCGGTTAGGAAGCCTTAGCTCTGTTGGTGGTTACACATAACATTTGGCAAGAAAATTACTTTTATTCTCCTAATTTATTTCTGCTCAATTGCTATTAACAGTCAATCTACCTTATTGGAAGTCTAAAAGAAATGTTCTACCATATTAATCTATGCTTGACTTTGCTGATTAAGTG,"[[102790822, ""C"", [""T""]], [102790935, ""G"", [""T""]]]",yes,yes,G->T,2
chrX,21394886,21395147,CATAGGAAAAACAGGCAATTGTAAGAAACAAATGAACCAATTCGTTTCAGCTTGGATCACTGAAAACAAGAGAGAATCATTGGCAAAACAATGCCTTCTCATTCATGTGTCACAAGTGGTACTTGGATTGAGGACAATTGAGAAGCATTAAGACTGCAAATTAGTTCCCAAGTTGTGTAGAATAGTTGTTTGAAAGTGTACTTTCCCAAAGCTCCTATGCCAGCTTTTAATTTTCTTATTACCAGCAGTTTTGTTTTTCTTA,N,no,no,N,0
chr20,22623258,22623532,GCATCCCCCTCAAAGGTCCTCCTTAGGGTTTCATGGCAGTGTTTGTTATAGTGGCTTAGCTAACCATAAGCACTAACCTGCAGTGCATTTCTCTTTCACATCACAGTTCCTGTGTGACTCGCCTAGGTGGCAGGAGTCCAGGGTTCTTTCCATGTTGTTCCTCTGCTATCCACAAGGACGTCATCAACAGCCCTATGGCCAAGGTGCGATGGCTGCTGTGGTCAGGTTTCAGACAGTGAGAGGGAGACAGTGGAGAGGTGCATGTCATTGTCCTA,N,no,no,N,0
chr4,31606199,31606403,AACACCAGTAATAAAAAGACAACACTTTAGTTGGAATGTGTCTCAAACTCATGATTTGGTGAATTTTGCCCATCCATTGTCTCATACCTTAACTAAAGAAGAAAGAAAGGAGAAGTGAAACAAAGAATAGGGCTAACAAAGTTATAAGTTAACAGTTAAAACAACTATATACCCAATCCAGGCTTCCAGAATGCACCTACAAACC,"[[31606225, ""C"", [""T""]]]",yes,no,C->T,1
chr7,64685816,64686097,TTCCTAAGCCCCAAAATTGACATTGCCCCTGGAAACCACACCTTACCAGTCCCTGTCAGAGCCCAAGTCCATCAGCATAGGGCTGTGCAGATAATACCCTTGCTTATAGGACTAGGAGTTACCAATGCCACAGGAACTGGAATAGCAGGTTTGTCCCCTTCCCTGTCCTACTATCATACACTCTCAAAGGATCTCTCAGACAGCCTACAAGACATAGCAAAATCCACCCTTACTCTCCAATCCCAAATAGACTCCTTAGCAGCAGTAACTCTGCAGAACCAC,"[[64685854, ""A"", [""C""]]]",yes,no,A->C,1
chr17,811147,811450,GGGAAGAAGGAAAACAGAGAAGAGGATTCAACGCTGGAGGAGCAAAGGGCCCTCACCCCGGCCGCCCGGCACCTCTAGCTGCTTCCGCATCTGCTCCAGGCCCTGCACAGCCCTCAGGCCGTCCGCCCTCCCTGAAGGTTGGGCCACGGGAGCCAAACCAGACAGGGCCCCTGGCCTAAGAGAGAAGGGGCTGTAAACCTCCCTGCAAAGAGTGCCGTGCTCCCTGGCAGCCGAGGATGACTCAGACAACTGCTAACGGGGTCTGTCTTCTGCCAGGTGTGTTGACAACGGTCTCCTTAGAAAA,N,no,no,N,0
chr2,117794722,117795055,AACTGCAAGAGTCTGTGAAGTTTTCTTAATGGTGAAATCTGTACAGAAGTGATGTACTAAAATGGGTCCTTGGTACTTTATGGCTTAAAGTCTGTGCTTCCAAAAGGCTCTATTCTTCTCCCGCCCCTTGGAGAATTTCAAGCCAAGGTTTCTGAGCTGTACTGTGTGACTCACATGTCTGTATGAAAGGAGGCATGCCTATAGCCAAGAATCTAAGCAGGACTGAGAGCATTTTCATTCATTCATTCATTTTCTATTGAATCTCAACCATGTGTCAGCCACCATACTGCATGCTAGAAAAACAAAACAAATATAATAAGATATGTTCCCTGTG,"[[117794775, ""C"", [""G""]]]",yes,no,C->G,1
chr4,96194975,96195409,TAAACACAGTTGGTTTCATAAATCCTCATGGTAGTTAAAGCATTTTATCACAGCTTATTAGACTGTGATAAAATGAGTAGTTCAGTAGATGTCCTCATATATTCTGGAAATTACCAGCACCCATTTATATGGAACCTGTACTACCAGTTTTAATTAACTGAAATCATCTGCTTGGAATTATGCTCTCAATTTAGCTCACATTTCAATCTCCATAAATTCTTTCTCAGCACTTCACTCTGTAGAATGCAAATGGGTCCTGTGCCAATCCCCAGGAATGTCTAATGGCACCAAGCAATGGCACATTGTAGAGCATTCAGCAATCTTACAGCATCGAGGAATGTTATATTAAACTAGCTTTCTTATGTTGATTTAACCTGAAAAACAAACAAAATTTTCCATTACACTGAAGTTGTCACCTCTTGTTGCTAGAACAAT,"[[96195051, ""A"", [""G""]]]",yes,no,A->G,1
chrX,1176431,1176679,TATCTGTAAACTGCAGACATCGTATGAGAAAGCACTGTGAAACTTTCTGTTCTGTTAGCTGATGTATGTAGCCCCCAGTCACGTTCCTCACGCTTACTTGATCTATCATGACCGTTTCACATGGACCCCTTAGAGTTGTAAGCCCTTAAAAGTGCTAGGAATTTCTATTTCGGGGAGCTCGGCTCTTACCACACGAGTCTGCCGACGCTCCCGGCCGAATAAAAAACCTGTTCCTTCTTTAATCCGGTG,"[[1176441, ""T"", [""C""]]]",yes,no,T->C,1
chr17,43982209,43982478,GTAAGCACCCCCATTTCAGAGTGGATGGATTGGGAATCCCATCTCTGAGAGTGTCAGGCTGGCAGGAGAAGCCACCTCAGAAGTCTGGAGTGAGGCTAGGATGGGGCAAAAACACTTGTATATGTGTGAGTCAGTGAGTGTGCTTCCTCATGCATGGCCCTGAATGCCTGTGTGCATTTTTGTAAGAGGAGTCTCCTCTACTGATTGAGGAAGGACAGTACACACTCATGTACGCCACTTAACTACAGTGTGAACCATGCCCCTAGATGT,"[[43982268, ""C"", [""T""]]]",yes,no,C->T,1
chr2,104901401,104901845,CACTGAGCTGCTCCTTGGGGTCCCCATGAGACGGCAGCCGGGTGAGTGCTACATCTCTAGGCGCACTGCCAACAGAGGTCACCTATCCTAACAGGCTGTTCACTTCAGCCGCAGTTACCACGGTGACAGCATGTCACCATTGCCCTAGTGTCCTTCTAGGTAAGGTGGAAACCAATGCATCACTGCCCTTGATGGATTTGTCAATAATACTTAGCAGGGGAGGGGAACTGCTCACATAACACTCGCAGGTCTCCAGTCCCCGAGCAGTTTGGTGTGATTTAATTGTCTGAAGAGGTGTGTGCTTCTGCATATATGCAGGAACTAAGCAGTGGTCACAGGCAGAGGGAGTTAGCAGTGGAGCTGACTGCATTGGAAAGCCTTGGGAAAACAGCACGGAAAATAACAGGCGGCCGGAGCCACGGCCAGGTTGGTGTTCCATTAACCA,"[[104901430, ""C"", [""G""]]]",yes,no,C->G,1
chr7,159162164,159162421,TAGTGGCATTAATATTCACTGTGAATTAGGAAGCACACGATGTCATCGTTATCAGCTGGCGTGTGCTCACTGAATTAGGAGGCACACGATGTCGTTCTTAGCTGGCGTGTGCTCACTGAATTAGGAGGCACACGATGTCGTCGTTCTTAGCTGGCGTGTGCTCACTGAATTAGGAGGCACACGATGTCGTCGTTCTTAGCTGGCGTGTGCTCACTGAATTAGGAGGCACACGATGTCGTCGTTCTTAGCTGGCGTGTG,"[[159162201, ""T"", [""C""]], [159162208, ""G"", [""A""]], [159162214, ""C"", [""A""]], [159162216, ""T"", [""C""]]]",yes,yes,T->C,4
chr5,56305153,56305440,GTTCAGCAATAACTGTCACTAATAGCACTGAAATGAATCTGTGGCTGGCTCAGTCCTTCAGGGCAAAAAAGGATGTAGCAGATATCTGTTTTTAATTACACTAATAGCTCACAGGATTTTAGAACAGAACATGTCTTTGGAAAAGTCATCTCATCATATGCTGTTATTTGGCAGATTAAGAAACTGAAGCCCAGAGATGTTATGTGACATCCCTAAACATATACAACTGGCATCTGATGATGACCTGAGGGTGAGGCATATGGTCAGAACTTCAGCAGAAGCAAACTA,"[[56305166, ""A"", [""T""]]]",yes,no,A->T,1
chr2,24253280,24253649,TTACTATTTGCATTCCCAGTATTACTCAATTAATTTAACAAAATTCAAAGTGATTACAAGGTTTAGGTACGCTGCAATAAAAGTCGGGTCCTTTCCAACATGCTCCTCACTACTTTCCTAGGCTCAGCTCAGAGCACTCATTCCACAGTACACCTATGATTCAGCTTCACTGGTGACATGACGTTCCCCCGTTCCTTGGCTCATGCCATTCCCTCTGTCTAGAAGTGCATTCTCATCCTTTGTCACTCTGCTAGATCCTACTCATTGTTTAGGATGATGCAACACTGCCATCTCTGTGGATTCATATGTCCTACTCTAAATTGGTTTTGTTCGCTCATTAAAGAATTTATCACAACTGTATGCTCCATTC,"[[24253288, ""C"", [""T""]]]",yes,no,C->T,1
chr3,106247279,106247566,TATTGTGCCTTATAGAAGGGACTGATCCTGGAGGGAATGGCAGCATTTCTGTCCTGCTCAGTAAGCACATGTAACAAGCTGTTCCCCAGACATTCTAGTCTTCAGTCAAAGCCTCATGTTAAACAGATGTCCTTATGTTCAAATTTTGGCCTTTTTTCACTCTTCATATCTCTCTGAGTATTCATCAAACATTTCTTTATTGTTTCCCATTTCCAAAAGATTTCTCAGTATAGCTATCACATCGGTAGTAGGGTAGTAAAGACCATAACTCTTGATATCAAACACATA,"[[106247469, ""G"", [""A""]]]",yes,no,G->A,1
chr4,1417495,1417847,AAGATCACACCACGGCACTCCACTCCAGCCTGGGCAAGAGCAAAACTCCATATAAAAAAAAAAAAAAAAAAGTGAACGCAACAAACGGGCTGCCTGCTTCCTCTCACCACAAGAGACGTGCTTCTGAACAATGTCCGTGACCAACACTCCTGCCCAGGAATGTGTTTTGACGGTCAAAGCTTGCAGTGGCGGCTGTGGGTACTGCCGGGTGTGTGCATGTGGACAGGTAGCATATGAGCATGTAAATGTCCTTTGCTAAGTGTGTGCCCTACACGGAAGCGAGTCTATAGAATCCCGGTTCACAGTTGCTTGTGGCCTGCCGATGCGGCCACACGCGTCCATTTTGAGAGGAG,"[[1417508, ""T"", [""G""]], [1417571, ""A"", [""C""]], [1417598, ""C"", [""T""]]]",yes,yes,T->G,3
chr10,23951947,23952210,CACTTTCTTAGGACTCCAGAGATCCATTGTGTGGACTAAGATGTACATTTAATCAGTGTAGCTTAAAGGATTAGAAGAATTCACCCACCTTCCCGAAAGGCTGATGTTTCCCCTGGGGAACGGCTTACATATGGGGATTATCATTGAGAATCATTACTTAACAATTTGCTCTACCAAATTCTGCAATAACCAGAGACTAACTCTAATGGAAGATTGGGGATGTTTTAAGATAATACCATCTGCGATCCCAGCATTTATTCCACA,"[[23952033, ""G"", [""A""]], [23952208, ""G"", [""A""]]]",yes,yes,G->A,2
chr2,45627960,45628191,AGAAACAGAAATTTGTTCTCTCACAATTCTAGAGCCCAGAAGTCCAAAGTCAAGGTGTCAGCTGGGCCTTCCTCCTTCCAGAGGCTGAAGGGGAGAAACCTTCCTTGCCTCTTCCAGCTTGTGGTGGCTGTCTGCATTCCCTAGCTTCCGTGGCTTGTGACCTCATCACTCCACTCTCTGCCTCTGTCTTCAAGTCACTTTCTCTTCTGTGTCTGCATCAATGTCTATTTCA,"[[45628032, ""C"", [""T""]]]",yes,no,C->T,1
chr4,149493524,149493779,AAATCTATATGTTGAAATTGCCTCTAACTATGTGGTTTGAGAGCAATCTCCTGTGTTTGCATTAAGTAGCCCTGTGACTTGCCTGTCTTTCTAAAGGAAGAGAAGGAGGGGGATTCTAATGGCTCCCAGCAATCAGTACTTTTACCCTTAGGTGACCTCTGCAGTCTGAGAATGTGTGCATAATAAGAGAATGATTCACCTTGCTATGGACCTTGAACCATTCTGCAAACACACAGAAAAATAAATTAAGTTAATT,"[[149493528, ""A"", [""C""]]]",yes,no,A->C,1
chr7,128804524,128804806,CTGTCTTTAGAAAAAGAGAAGCTCTTTAACCTTCTGCTCTCAGGTTTCAAGACAGGAAAACTGGGGGCTGGTCATCAGTGCTTTCCTTTCCTCCCGGTCTCATCTCTCTCTGCCTGTCCTCTGCAGAAGAACTGCAGGAGCTGCGGGAACGCTACCATTTCCTGAATGAGGAATACCGGGCCCTGCAGGAGAGCAACAGCAGCCTCACGGGGCAGCTTGCAGATCTGGAGAGTGAGAGGTACAGCTGTCTCTGGAGAGTGAGAGGTCATGGGGTTCCACAGGA,N,no,no,N,0
chr8,48996838,48997045,CCTGGATTCATTGATTTTTTGAAGGGTTTTTTGTGTCTCTATTTCCTTCAGTTCTGCTCTGATCTTAGTTATTGCTTGCCTTCCACTAGCTTTTGAATGTGTTTGCTCTTGCTTCTCTAGTTCTTTTAATTGTGATGTTAGGGTCTTTCCTGCTTTCTCTTGTGGGCATTTAGTGCTATAAATTTCCCTCTACACACTGCTTTGAATG,N,no,no,N,0
chr13,65445407,65445644,CAAATGGTAAATGAGGATTCAGATTAATTCCCATAAAGTTTAGTAACTTATAAGAATATACGGATAAAACCTTAAATGAAAATTGGAAAACACTACATGAACAAAATAGAAAAAGACAAAAAAATAGGAACAAAAAATAGAAATCCTACAGATTGATAATATAATGACTGAAATGAAAAATGCCATAGAAAACTTCAACAGCAGGCTTACTCAAGCTGAAGGGTCAGTGAACTCAATG,"[[65445468, ""A"", [""G""]]]",yes,no,A->G,1
chr8,484808,485012,ACGCCTGCTGGGGCCCAGTAAGGCCAGGCCGCAGGCTGGTGTGGCTGCTCTAAGCCCTGCCACCTGCCCCCTCCCTAAAAAGCAACAGGAGCTCAGACAGATGTCGCCTGAGCCCCTCCCAGCCGACTGCAGCAGCAGAGGCAGCCGAGCCTCCTCCAAAGCCCACAGGAACAGGGAGGCAACGTGGTCAGGCAGCCCTGCCACT,"[[484887, ""C"", [""A""]]]",yes,no,C->A,1
chr17,33562013,33562240,TCAGGATAGCTGTTCCAATCTGGAGTGATGAAAGGATTTCTTGCAGGGAATCAGTCAGTGGCAGTTGTTGTTCTCAGGACATTCAGAACCATCCTCCAAGACTCAGCTCAAAGGCCGCTTCCTTTGTGAAACCCTCTTCAACTTGTACGGGCCAAATGCCCCTTTCACCTTTCTCTGCACTTTCAAATTTGACATTTTCTTGTAACACATTTTTTTTTTTTCTAAATG,"[[33562033, ""C"", [""T""]]]",yes,no,C->T,1
chr9,88232479,88232734,CTGTTGTGTGGCTGCAGTCAAGCTGTCATCAGGGCTGTGGTCTCAACTGAAGGCTTTGCTGGGGCTGGAGGATCTGCTTCTAAACTCATTCATGTGTTGTCATCAGATGTCAGCTCCTTGCTGACTGTTGGCCAGAGACTTCAGTTCCTTCCTGCATAGACCAACCCATAGGACTACTCACAAAATAACAGTTGGCTTCCTCTAGAGCAAGAGATTTGAGAGAGAGAGAAACAGAGAGAGCCAGCCCCAAGACAGA,"[[88232651, ""G"", [""A""]], [88232690, ""T"", [""A""]]]",yes,yes,G->A,2
chr18,49582554,49582967,GAGCGAGTGAACGAGTACAGCACGCAGGAGAGTGCAGTCCGACTGCTCAGGGAGGAGCCAGGTGGTCTAGCTGGCCTCTGCAGTCCTCTCTCCCGCTGCACCTTCTCTACCAAGCCCTGACTCAGCGTTTCGGGGAGAAAAGTTCCTGGGATGAATCGGCATCATGAGAAGCTGCTGGGTCAGCAGCTGGATCAGCTGGGCAGAAACTGCTGTTTCATTCCAGGCAATGCCTGACGATGCTTCAGGCAATCTGTAACTTCGTAAACGTCATCCCTGGACCTTTCCTAATGATGTGGCTATGGGAGGGGTGCATAGCGATCTGTATATGTTTGTTGAGTATCCACCAGGGACAAAGCATCATGCCAAGTAATGTTGGGATTGTGATGAAACATCATCAAAGTAGCTCACTTCTCA,"[[49582559, ""T"", [""A""]], [49582648, ""A"", [""G""]], [49582773, ""T"", [""C""]], [49582835, ""C"", [""T""]]]",yes,yes,T->A,4
chr2,150918058,150918376,TATAAATCAAGATACATTCTTTTTGTTTTTCTTCCCTTACCATGGCATCTGTATAATGTCTATTGAAGCCCGCCTTTGACATTTATGATTGTAGGTATAACACAGATGGCAGGGAAGGAGACATAGGCCAGAGAGCTAGTTCACATCTGCCCTGGGGAGCCAATTTACTCTATCGTCATAACGGTACCTCAAGGCTCTGTAGTAAACACTTGTCTAAGGTCTAAGGCATAGGATACAGAAAATGGTAAAATAAAAACCAATTACTAGGTGGCAGAAAAAAAGGAAAAAGAGAAAGAAGGGAGAGAAGAATAAAACAAGG,"[[150918082, ""T"", [""G""]], [150918229, ""G"", [""A""]]]",yes,yes,G->A,2
chr15,66687975,66688388,TGTAATAAAATACCATAGACGAGGTGGTTTATAAACAGCAGAAATTTATTTCTCACAGATCTGGGAAGTCCAAGATCAAGGCACTAGCAGATTCAGTGTCTGGTGAGGTCCTTCCTGGTTCACAGATGGCTGTCTTTTTGCTGTGTCCTTACTTGACAGAAGGTGGAGGGAGGTCTCTGGAGCTTCCTTTATAAGGTCACTAATCCCATTCAAGAGGGCTCTACCCTCGTGTCCTAATCACCTCCCAATGCCCCACCTCCTAATATCATCACATTGGTGATTAGGTTTCAGCATGTGAGTTTTGCAGGGACACAAACATTCAGTCCATTGCAGTGAGCCCAGTTACTTTGACATGGATTAAGTTGGGCCAATTATAACAGAAAAACTCAAAATAGCAATAGCTTAAATGAGATG,"[[66687976, ""A"", [""G""]]]",yes,no,A->G,1
chr1,79825646,79825893,GAACTTTATCATCTTACAAAACTGAGGTTCTAGGCTTTAAATAACCCTATTTTCCCTTACCTCAACTCATGAAAACCACTGTTTTACTTTTGGTTTCTTCGAGTTGGACAACTTTAGATATCTCACGTAAGTAGAACCATACAGCATTTCTCTTTTTGTGACTGGCTAATTTCACTTAGCATAATGTCCCCAAGGTTCACCCATGTTATAGAATGTGTTGAAATCTTCTGCCTTTCAAAGGCTAAACA,"[[79825671, ""A"", [""G""]], [79825776, ""A"", [""G""]]]",yes,yes,A->G,2
chr8,143197080,143197398,TGCCTATTAAAGCTAAGCATATACGTGTCCCACTCCGGGTATTTGCCCGGTAGAAATGAGGGCTTATGTCCACCAAAACATATGCGGAGAACGCTCAGAGCAGCATTCTTCTAAAAGCCAAAACAACACAGCCAAATGCCCCCAGCAGGGGAGCGCCGCAGGAGGCTAACGACGCCAGCATTTTCACACACCAACGCTGCAGCCAGCAAAGCAGCTGACAGCGAGGGGACTCCCGGCACACACAGCAGCGTGGACGAACTCAGACGCATATTGTTCAATAAAAGAGGCCAGACTCCATACTGCGGGATTCCATTTATAC,"[[143197099, ""C"", [""T""]], [143197281, ""C"", [""G""]]]",yes,yes,C->T,2
chr7,109418594,109418834,TCATGGGTGGTGATATCCCTTTTATCATATTTTATCACATCTATTTGATTCTTCTCTCTTTTCTTCTTTATTAGTCTTGCTAGCGGTCTATCAATTTACCAGCTCCTGGATTCACTGATTTTTTGAAGGGTTTTTTGTGTCTCTATTTCCTTCAGTTCTGCTCTGATCTTAGTTATTTCTTGCCTTCTGGTAGCTTTTGAATGTGTTTGCTCTTGCTTCTCTAGTTCTTTTAATTGTGATG,"[[109418613, ""C"", [""T""]], [109418708, ""T"", [""C""]]]",yes,yes,T->C,2
chr11,121176365,121176583,TCTTTTAGGGCAGGCCTGGTGGTGACAAAATCTCTCAGCATTTGCTTGTCTGTAAAGTATTTTATTTCTCCTTCACTTATGAAGCTTAGTTTGGCTGGATATGAAATTCTGGGTTGAAAATTCTTTTCTTTAAGAATGTCAAATATTTTCTGGCTTGTAGAGTTTCTGCCAAGAGATCCGCTGTTAGTCTGATGGGCTTCCCTTTGTGGGTAACCTGAC,"[[121176511, ""C"", [""T""]]]",yes,no,C->T,1
chr7,105579162,105579487,AGCCACTAAAGGATATGCTCCACCAGAAGAAAGCGGTAAAGCGAGAATGAGGGATTACTGGCTGTGCCATAAAACAGGCTCTGAACACTAGAAAGGCGAGGAGTCGTCTTAGGATCAGAGTGAGGGGAAGCCGTGAATAACCACTGTGTAGCTATCAGTCCAGACTGGAGCAGGAAGACACACAGCTGGGGGTACGGGGTTTGGGTGGTGGTGGTGGGGGTAATTACCCAATGAATGCAAATGTAATGAGAGGAGAGCTGTACTGTGGCAAAAGAGGGTATGGATGAATTAGTGATGATCACACAAATTTAAGCCAAAAATGTAAA,"[[105579204, ""A"", [""G""]], [105579416, ""C"", [""G""]]]",yes,yes,C->G,2
chr6,94490461,94490705,TAAATGTCCAACAATGATAGACTGGATTAAGAAAATGTGGCACATATACACCATGGGATACTATGCAGCCGTAAAAAATGATGAGTCCATATCCTTTGTAGGGACATGGATGAAGCTGGAAACCATCATTCTCAGCAAACTATCGCAAAAACCAAACACCGCATGTTCTCACTCATAGGTGGGAATTGAACAATGAGAACACATGGACACAGGAAGGGGAACATCACACACCAGGGCCTGTCGTG,"[[94490517, ""A"", [""G""]]]",yes,no,A->G,1
chr8,41975549,41975761,TGTTATTAACTTAACACAAGAAGAAAAAAGTCAAGGACTCACCGTTGACAACATTCTCAAACTGGAAGAAAAAAGTACAATCTAAAGGTACTATGTGACTTTAATGCCCCCTAGTGCATGATGCATGCACCTCTCTAATACAGCATTCGGTACTTAAACTTTATAATTCATAAAGAAAATGACAGAGCCTATTAAAGCAAACGCTCACACCAC,"[[41975591, ""T"", [""C""]]]",yes,no,T->C,1
chr1,118933401,118933893,TAATCACTACATGAAGATGTAGTCACTATCTTCATTCTCCCTCCCCCTCTGCCCCCCACCCACAAAAAAAAAAAACTATAAAGTTTTATAACTAGGTTTTACATGTCTAAGCACATAATTTTATACCTAGGACTAAGTAGCAGCTATTTTTGGTCTTCTCCAAGCACTGAAAAGTAGAACTACTTATCTAAGATGACAGCTGTTGCTGAGTGACAAATCTATATCCTAGCCTGATTCTATAGGCCTTTCAGTAGCAGAGCCATTATATCATCACACACTCAGCCAAACACACTAATTCATGTCCCCTGAGACATGGATTCCCAAATCCTATTTTGTGTCTGGGATATTTTAAGAGCTCCTCACTTATCATGAATACTGTAAATTTTTCAAAAAACCTCCTCAGAAAAAGATTTTTAAAATATATTATTGTCCTGCTTTTGGAAGCAAAAAGTTACAAAATTCACCATAAAGTGCCACAATTACAAAAAATTGG,N,no,no,N,0
chr4,163107844,163108066,TGTAATTACTGTATGTATGTCTGTGCTTAATATTGTACATTAAAAAGATAAGAACTTTCCACCTTCCAATAGTGAAGTTTTATCCCCTTGGGGGCGATATTGCCCTCTTTGATAATGTTTGACATACAGGAATTGAAACATCAGAAATAGATACTACTTTCAATATTGCAGAACATTGTCAAGTATATTTCAAACCATTTAGCTTGCTAGAGTGTGGAAATTA,"[[163107915, ""A"", [""G""]]]",yes,no,A->G,1
chr4,169930201,169930549,CACTGTCTGCCCTGTCTCAGTTGCTTAGTTCAGCAGCTCCCAAACACACAGCTGCACCGACGGCCCTCCCTTGCCTTCAGGGTCAGCAGCTTAACTCTCTCTCTCTGGGCACAAGTGAGCTGAGCTGTGTCCTGGCTCCCTCCTGTCTATCTACAAAGACAGACCCCTCTGGCTCTCTCTCTCTCTTTGGGTGCCAGCGCACCTGTACAGTGTCAGCAGGACAATTATACCTTTTGCAAACAATACTGGCTTAGAGCAAGGCATGGCCTTCCCATGTTATGGCTACATGGCTGTGATAACAAGTGGAGTTATATGTGTGCACTCTAAACTCACAAGTCATGCAGAATGC,"[[169930262, ""A"", [""G""]]]",yes,no,A->G,1
chr7,122758658,122758942,CCCAAGGAAGAAGTGATTTGCATACATTTACTGGCCTTTCCCTAAGCAGTCCTCAGAGCAGATGCTAAGCTACCTTTCAGAATTAGAAAGTACTGGGTTCATTCACTCAATTATTTTTCTACCATGAAAGCCTTGGGGATTAAAAACCAAAGTGATAGCTGCAAATCATTAACGTTTTTAAACTAATCTTCATCACCAGAGTTTAGGGGAGGAAAAAAACAGGAAAAATCAATAAATAAATGAAAGCACCAAGGTTAACATAATTAAAGCATACGTTTGTTTAGA,"[[122758823, ""C"", [""T""]]]",yes,no,C->T,1
chr6,30332043,30332310,TCTTTAGTAAGATGTAGGGGTAAACCTAGATATTCTTTAAGGTAGGTATTATTACCTTCAGCTTACACAGAAGGAAATGGACCTTGGGTAAGTGACTAGTCCAAGATCATAAAGCCAGTAAGTGGCAAAACCAGGAATACTAGTTCTTCGTGAATCAGTAAATATTTGTTAAGCTCCTGGTTTAGGCCAAACCCGGTATTTGACACTGGGGAACAATGATGAGCAAAAACACAGTTCCTGCCCTCCTTGAGCTTAAAGTTAAGTGGAG,N,no,no,N,0
chr10,30842947,30843244,AGAATTTTCTTAAAGATGAGTGTCACTTTTTCATGGCTCCCCACCTGCGCCCTCCCTCTCCCTATGAATCAGTGCTCTGTTGAGTCATCTAAATTTAGTTAGTATATTGGAGCTGCTGCTCTGAAATGCTCGGAAATGCAGCTGCTCTGAAATGGGGATCCAGCCAGAGTGCTGAATCATGAGCCAATCATATCTTCTCCATACCTTTGCTCTTTTCCCCATTCCTCACTGTACTCCTTTCTGGAGACTGCCTATGGCCTTGCTGTAAGAATATGTGGGGAAATAAAGGCCACAGGTG,"[[30843013, ""G"", [""A""]], [30843051, ""C"", [""T""]]]",yes,yes,G->A,2
chr10,126094629,126094861,TCCTGTGTGCTTGGTGGGGGAGGACAGTTGGAAAATTCACAATACTTCATAATAAATCTGACCACATTGAGTCATCTGTTTGAAGAGCCATTCATTTCATTTAAGATTATAAACCAGCTATATCTTATTCTTGCTGGCTCTTTGTGTTGCCAGGCAGACTTTGGAAATGGGAGGTGTCCCGATTCTCTGACTCTTGCGGCTGGGGGTTCATTAACCTTTTGCTTGGATATGGA,"[[126094644, ""C"", [""G""]]]",yes,no,C->G,1
chr4,147860860,147861266,AAAACATATAGTGATTGCCTTTTAGATTTGGTCAGGCTGAAGGAAATCATTTTGTGACCCTAGTTACAACTTGGACGTCCATGGCATTCTTGTAAGTGAGGGCTGTTGTCACGGAATTTTTAGGATGTCTCTTTTCCAGCCAGAAATCTCTGTGTCTGGTGATGCCTTTGCCCAAGTTTTGCTCTGGCCCGCTGGGCTTGTTCTGCCTGCTCTTCCTGGCAGGCTGCACTCGGCTTGTGCTACTGGCCTGGATCTCATGCCTGCCAAGGGCGAGCCAGGCACGGAGTGGCGAGGAGTTCGTGAGTGAGTTCAGGGTCATCCGGCCACTGTGCACAGCCGGGCATGCCGACTGTGGTGGGGCAGGCAGCTCCAGGCACAGGCACTGGCTCCGTGCAAGGCTGTGGCTG,"[[147860865, ""G"", [""A""]]]",yes,no,G->A,1
chr16,52918149,52918396,GGTAACCTCATCATCTTCTGTTGCCTTCTCAACAATTCCATTGTCTGTATAATCATTTTTTGCATTAAATTCTCTCATTTTAAATACTTAGAAGTGTTTCTGCTTTCCTGGTTAGACCTAAGTGATTCTCCACTCAATATCTCCAGATGGAAACTCCCTGCGGGAAGGAACCATCTGTTCTCCATCTTTGAGGCATTTAACTAAGTACCCGACATTTAGTAAGTGCTTAGAAGAAGTTTGATTAATTT,N,no,no,N,0
chr10,122650331,122650757,CCTATAAGTGCCTGGGAGCCCATATGGTTTGTCCAAACTTCGAAATGAGGAACAGCATCCCTGCTGAATCAGAGACAAAGATTTGTTTCTGTAACAGCATCTTCCAAGAGGCTTAAGCTCCAAGATTAAGTGATGGAGTCATGTGGGGGCACTGATGACTCCAAGGGCTTGGCCTGGGACAACTGCTCAGGACAAAGGAGAAGCCAAGGCAGAGTGAGGCCACCATGCTGGGTAATGACTCATCTGATTGAGATCTAAGATTTGTACAGAGCTAGCAGGGAACATAGAGGAGTGAACGCTTTCAAAATCTGCTCCATCCTCATTCACAGCCTGCTGGGGAGCTCTCTATGGTCAAGGAGGCTTGGAATGGGTGCACAGCCACCCAGGCTTTCCTGTGTTCTGATGAGTTAGAATCTCTCCTCAACCA,"[[122650367, ""G"", [""A""]]]",yes,no,G->A,1
chr3,36540911,36541301,TAAACATCTCAAGTTACAAAAATCAAACTCAAACTTAAAGGGTCTATTTTACTCCTATAATAAAGAGTCTGATAGAGGTCAGTTCTTGGGTTGATAATTCAGTGGCTTGATCCTCTGGTCAGAGAACCAAATTCTTCCACATTTCTGCTAAGCTATCCTTGAAATGATAGCTACGTCCCCTAGTGGTCACAGATGGCTGCAGCCACTCCAGGAATCCTTCCAGACAAAGAAAGATTTTCTTCCTAAGGCATCTCTTTTAATAGGGGGGAAGAAAAAAAAAACTTTCCCAGAGTTTCCCTAGCAGGTATTTCATCTTGCTTCATTGGCTGGAACTAAGTTCTATGTAAACCACTAAGAATCACTAACAAGGAGGACAGAAACAGGACTTGGA,N,no,no,N,0
chr10,76099442,76099755,TGTTCTTTTGGCTTTGCATTTAATTTGCTTTTATTTTTCTACTTTCTTAAGGTAGAAACCTAGATTCTTGATATTCTTTACTAGTGTAAGCATTTTAGTGCTATAAATTTCCCTCTGAGCCCTGCTTTAGCTGCATCCCATGTATTTTGTTTTATTCAATTAAAATATATTTTCCACATTGCCTTATGACTTCCTTTTACCTGTGTTCTTTAGACTTTAATTTGTTAATTTCATATACTTGGCAATATTCCAGATATCTTTTTTGTATTCATTACTAGTTTAATTTTGTGTGGTTAAAAAGGAAATAAATAATA,N,no,no,N,0
chr20,52536791,52537263,CAGTATTTTTCTTCTTTCTGAAGATCAGCATTTTTTTGATTCTTCTATCAAGTGTATACTTGGCAGAAAACATCCCCTCCAGCCTTGACTTGATGTGACCGTGTAGTTCTTGAGCTCAGTGCCATCTGACTCTTAAGACGACATTCTTGAGGGAGAATCAGATGGGTTGCTGTTGAGTCAGTGGACCCCGACCTCCTGTGCTAGCTGTTTGTTATTGGTGCCACGTGCTGCCATCTGTGAAGTCGAGTCACACACCACAGACATGGCTGCCAGAGACCAAGGCGGGAGGATGTTTGCAGGGAAGGCGGCCTGAGAAACACTCCCAAGTGCACCTGCAACCGGAGGACTGTTCATCTGCAGCTCCAAATGCATTGTACAGGCACAGGCTCACTCTTCCCCTTTTTCTTACAGTTGTTTAGATTGTGGTATGTTGTGGAAAACAGATATGCTGAGCTTCTGGCTCTGTGGTTTCC,"[[52536981, ""C"", [""A""]], [52537197, ""C"", [""T""]]]",yes,yes,C->T,2
chr11,126719753,126720159,ATGACCACTTCTTACAACCTCTGCTGCACCCACCCTGGTCCAAGACAGCATCACCTTGCATCTGTTGAGGCTCCTGAGAGACGCCCTGCTTCTTCCCTGCTTCAGCCTCTTCTTAACCCAGTGGCCACAGCCATCCTTACGCAATGTAGCAATGTCAGTTGGATCTGATCGCTCCTCTGTCCAAACTTCTGATGGCTTAGGGTCAGGGTGTGGTCCCTCTGCCTCTGATTTCAGCTCCTACTCATCCCCCTTTGACTCATCTGCTTCAGCTGAACTAACCTCCTTTCTCAAGCCAACCTGCAGGCTCCCTCTTCAGCTTCTTGGTCCTTACTATTTTTCCTGCCTCTTGACTTTGTCTTATGTTTCTTCATTGAACTTATTGCCTGACACAGCATATATTTATTTGT,"[[126719780, ""C"", [""A""]]]",yes,no,C->A,1
chr4,33930569,33930852,GGTTAAATTGAGTTTGGAAAATCAAGTCTCTACATTTTTTCTAATTTCCAACTGGATTGATATATTTTTGGCTTCTCAGCTTAAACAAATAAAGCCATATGATTTATGTCAGGAAAAAACACTCTGGTGGTTACTGTGGCATAAATATTAGCACACCTTATCCCCCAAACATTTCAATGTACTTGATAAAGACTCAGCTCCGAATCATTTGATAAACTTGGCCTAGAATGCAGAATTTGGAATTACCTCTGGCAACATAAGCAAGACAATTATTTATTCCAGAT,"[[33930727, ""C"", [""T""]]]",yes,no,C->T,1
chr2,14180459,14180680,TGTTTAACAACCTCAAGGTCAGCATATTGTAGCAGCAGGTAAACAGACAAAAAAATGATTACATAGTGTCTGAGAAGTGCTGAAATAGCAAAAAGTAGTTATTATGGCAACATCTAATCCACCTCAAACGTGTTAGCAAAGTCTACTGAGAAGACTTTGGTCTTGAATGAAGGGAAATGACCACTTTACTTAAACCACGACTAGGTCTACATAATAGGCTCA,"[[14180489, ""G"", [""A""]]]",yes,no,G->A,1
chr21,37696897,37697317,TCTGCCCCTAGCTCCTGAGGTAGCATGGCGAACAGGATCAATTTCATGATCTGAAATGAGTTAGCTGTGTTGAGCTTTTGTAGCCAGATTCACTCATCAAATTGTCCTCAATGAACTCTCCTGTGGTTTGGATCCACAGTCAGGCCAAGAGGTATCTTGACAGGCTCCCTAAATTGTCACCAACAGGTGCTGTGGTCTTCATGTGCTCAGCATGGTGCCAAGGGGAGGAGGGAGCGAGAAGACCATAAGACGATTGTTTGACCACCGTGTGGCTTAATTCTGCCTGGAGAAATGTCATTGACATGGGGGAAGTAGGAAACAGAACAGGGGCCAATGGGGTGCTCCCCTTGCTGGGGAGAGCTAAACTGGTTTGAGGAGGGAGCACAGGATTGGCTGAACCCTGTGAGGCCTCATGGAAGAG,N,no,no,N,0
chr6,105322882,105323299,CAGAAACATCGTGGGGAACATCCAGCGCTCTTTATTCTCATCTTCCTTCACAAACAATGTTCTGATTCCTAATCTGTGGCCTGTGTGGTCCAGCCCTCCAGGTGGGAGGGGCCTTGATAAACACCTGGTGCCCTATTGGTGACCTCTCATTGCAAAGGAACAGAGACATTCTTCGTCATCATCAATCAACCAGTGATTCAGTTTCTGGAAGACTCAGTACCCTTGGGGAGCTGAAAAAACAAAAAAGGAGATTCTTAACCTGAAAAGATGGTGGCCAAAGACGAAGCTTGTGGTGACATGACAATTAATTAATTTATTCATTCAAATGTTTTATTGAGTGTCTACTCTGTGTCATGCAGAAATGCACATGAACTTCAGACTAAAAACACTGACTCACAGCACTTAAGTCAATACTTTA,"[[105322891, ""T"", [""C""]], [105323291, ""C"", [""A""]]]",yes,yes,C->A,2
chr12,21151541,21151809,TTAGATTAAGAATAAGAAAAGTAATAATTTATATTTTATGCTCACTTATTTCTCCTCCAATGTTTTCCTTGCTTTAAGTAGATCTGAGTTTCTGATTGATATTATTTTATCTTTCTGTAAAGAACTCCTTTTAACACCTTGCAAGGCTGATCTAAAGGCAAAACATTTCTTTCAGTTTCATTTCTCAGAGGAAGTTTTATTTCTCCTTCATGTTAGATGGATAAATACACAGGGTATGGGGAAGGTATTTTTTCCTCTGTATTCTTTTG,"[[21151638, ""T"", [""G""]]]",yes,no,T->G,1
chr19,53389021,53389265,ATGGATAAACTGTTAAGCAGGAACCTAGGAAAGCTAGAATGACAAAGTTCAAGTTTATTAAAACTAGCAAAACATACTCCTTACTGCTCATGCATGAGTCACGGTCATAAGATGTTTACAGTTAAGGAAAGCAGCTTCATGATACCTGCAAGGACGAACTCCTACAGAAACACAATGTCCAAGATAACCTAATATCCGATGACAATGTATGCTTTTAAGAAGCAGGCTGGTCGCAAACTCCTGAC,"[[53389097, ""T"", [""C""]]]",yes,no,T->C,1
chr1,53319538,53319939,AGCTAGGCCCGGCTCTCCCATTGTGGGTACCTAGGCTGGGCCCCACCAGAGACAAAGAAGTCAGAGCGGGTACAGTCAGTGAGGAACTCGGTCAAGACTGAGCAGGATTCCCCTGAAGGCCCTCAGCCCCTCCCCTGCCACTCCGGCTGCGGGGTGATTACTGGAGTCTATGACATATGGCAGCTTGTGAGAGGAGCTGGGGTGAGCAGGGCTGATAATTAAAACCGCTGCCGGGGGACCCAGCTCATGCTGGAGGGCGCCCAAGGGGCTGGGCTGCTCAGGAGGGAGTTGGCACACCCACTAGCAGGTGCTGGCAAAGAGGGACGCCTGGAAAGGAAGAGAGGCCCCAGCACAGCCTGCAAGCCACACTTTACTGTCATCGTGACTGGGATGTGTGAATGC,"[[53319596, ""G"", [""A""]]]",yes,no,G->A,1
chr1,245140129,245140376,AGAGGGCAAATAAAAACACAAATGGATAGCACATGCATAGCTATATTGTTAGTGATTAGGGAAGATCAGATTGCAGTCCCAGAGGGACTGTGAAGAGTGTCATGGATCAGTGGGACTCATCGAGAGACGCTTCCTGCAGGAAGTAGGCCTCCCTTAATGTAGCAAAAGTTTACATTATTTCTGAACATTAATTATGTAATTAATTACATAATTAATTTCATTAATGTAAATTATTCATTTACATAACT,"[[245140161, ""G"", [""A""]]]",yes,no,G->A,1
chr11,62088345,62088687,GGGGGTAAGAAAGCTTAAAGAGAAATAATTTTATATAAGAAAGAATCTTGTATGGTAAATTTAGACCTAGAATAAAATGACTAGTTGTTTAAGAAAGAGGAATGTTTGGGACAAACCGGAAAGTCCAAGCATGTCATGAATGGTCTGTGTAAGTCACAATAAAAGGATTTATTTTTAAAAAAACTTTTACATGATCAACTTGTCTATAATTAAAGGGAAATTATACTGGTTTTTCTAGAGATTGGGTTTGATGTAAGAAAAACATGTGTACACTAAAGAATTGATTAGAACAACAAAGTTTCCTTACAGGATTTATTTACTCATAATAAATAATAAGATATTT,"[[62088462, ""A"", [""G""]]]",yes,no,A->G,1
chr12,89959211,89959483,TAGTATCATTAGTAGTAATAATGAAATTTCTTGCTTTAAGCAAATCCCTTATTTTAGAAGAAAAGTAAAATGTTAACTCTTAGGAATTATTATGCAATAACAAAGAGCAGTAAAATTTTATAGTGGTTGGACCAACTCCAGTGGCTTTCTGGTTTGTGAAAAGTTCAGTAAAAATTGAATAAATGGCTCACATAATGGGAAGTTTAAGTAATAAAATGGGGGGTAGGGTGGGGAGATGAGGCTTTCCCCCTTCCCTGCCGTGTACATAGTAGA,"[[89959235, ""G"", [""A""]]]",yes,no,G->A,1
chr11,11459622,11459929,TCTTAAACCTCTCTGAAGCTCAGCTTGCTGTCGAATGTGGATAATAATGTCTATGTCTAAGCTTGTTGCAAAGATTAAGTGAGATGATGGACACCACGAAAGTGCTTAGCAAACCATCAGATAGGTGGTAAAGTGTATTAATAGTTTCCTATGGTGCTCTAGCAAAAACCACAAACTTAGTAGCTTGACAATGCAGACATGCTATCTTACAGTTCTGAAAGTAAGAAGTCTGACAGGCATCTCACCGGGCTAAAATCAAGGTGTTGGTAGGGCCATTCTCCTTTCTGGAAGCTCTGGAGGAGAGATTC,"[[11459717, ""C"", [""A""]]]",yes,no,C->A,1
chr18,45447337,45447587,TTCACTTTTCCAAAGTGAAGATGTGAAGCCAGAGAAGAGAGGAGAAACAGACACATACAAAACAATTCAGTGCACTACCATGTTTGGGTTGCTGCAGAGAAAGGGGTTAAATGGGTATTTTCTTCTCATATCTTACTGAGATCACTTTATGACTCCAATCTCAAGGGAAATGAGCAGTTTGCACATTTACTGTTTCCTATCAGTCGACCATCTGTAGGCACCACCTTTCACAAAGAGCTTATACATTAACT,"[[45447372, ""G"", [""A""]]]",yes,no,G->A,1
chr6,84362386,84362750,CATCATCAGATTCAGATGGAAAACATATTCTAATGTGACAAAGTGTTAAAGAAATTTAATACTCTAGGGCTAAATGAAACTGCTATGGTTCATCTCCTGGATAAGAACAACAATTTATGAATGCAGTATTCATTTCCTGAGGTGAACACAAGCAAAAACCTTGTCTGAAACTTAAAACCTAGATGTTTGGCCTCTGGTAGTTTCCTCATTTAACTCATTGATGTCGTATATTAAGGCCATTGGTAAGATTACATCTGGGGAGTGCTCACTTTTTCAGCTTCCCTAATTACTTTTACAGGGGACTTCTGGCATAATTGCATCAGCCAGGACCAGGTCACAGAGTTTATGAGATCAATCTTTCACTT,"[[84362690, ""C"", [""T""]], [84362720, ""C"", [""T""]]]",yes,yes,C->T,2
chr13,69921210,69921570,TGATAAGATAAGGTTACACAGCAGGTCAAGTCACTCCTATTGTCTGCAACATCATTTATAATGAATGTCTCTTGTAGAAAATCTATTAATGCAGGCATAATCCCTGTCCTCCATTGTGAGTGCCATAATGGGATTCTATCCAGCTGATCTCAGTCTTGCACAGCAGTGGTTCAGGTGTTTCAAATAAGCATTTGCTATATAAATGTTGTCAGATATGGAAGGAGAGTTGCTTAGTCTAATTAATCCAGACTTATAATTATTTCTGAAGTGATTTATAGTGCTCCAGATCCATGCAATCAATCTTTCTTTACAACTCTGTCCTCCCTATTTAATAAAACGTGGCCATACCAACGCATTGTGA,N,no,no,N,0
chr9,108463950,108464441,TAGGGACACAGATAATTTAAGAGGGCTTCTTATTTAGGACTCTCAAAACCTCTTACCAAATGTGAGCCATGCTGGATGTTTGAGATGGAATAAAAGGAGTGGATGTGGGACTATGGGACACAGCCAAATTCCCAAGAAGAGAGCCAGAGTTGTGGCTGAGACCCAACCCTTGCCAGTGGAATTCAAAGGCCAGTGGTTGAGCAATGCTTTCTTGGCTTATTCAAAAAGGTGGTGAAAGCTTGGTGCCAAAGTACCACCGTCAGCACCAACATCTTTACTATGGTGCATTATTCACTTACTCCAGCTAGACCCTATTCAAAGCACACACTTTATACAAAGAAACCCATGAGGCGTGTATCATTTTCTCCATTTCACAGAGGAGGAGACTGAGCCCCTGAGAGTCTGGGTGAATTGCCTAACATCACACAGCTATTAAGGGCAGCCCAGTACTCTCTAAGGGATGAAAACTGTGAATTGATATACACACCCAGA,"[[108463977, ""C"", [""T""]]]",yes,no,C->T,1
chr13,100533581,100533852,GAGAACCCAGGTTTCAGCACTGAGTTCCACTCAGGTCCTGGCAGCCTGACGCAGCGGAGCTCAGCACCCACACCTTCTGGTGTTTCCCCTTCCAAGGTCTTAGAGGGCAGTGGTGCTTCACGGGACTCCCCGCAGCGATCTTGGCTCCAGCGTGAAGGTAAATATTTACCACTTGCCTGGGTCTGGGCCACAGACTGTTACATAAAGACAGAAGTGATTTGTGTGAAAGTGACTCAAACAAAAATGGAAATGAACATTAAAGGGGTGGGGGC,"[[100533625, ""T"", [""C""]]]",yes,no,T->C,1
chr15,42165119,42165434,GCAAGATGTAGGTCTTTGTCACTGGTATTCTCCAGGCTGTGACCTGGTCTCCCAGCCTCCCTCACATTTTTAAGGCCCAACAGGTCCCACCCAGATTATCCCCTAATCGGGCTGCAAAGATGACTAAGAGACAGCTCGTCTAAAGCCACCAGGAAGTTTCACAATGCGACCCAGTAACGTGAGGAGCCATCTTCTCAATTACTAAACTCCATTTTACTAATTTTGTCCCATAATCCTCCAAACTCTCATAGCGACTCATGTAATTGTGGTTAAATATCTGCATCCTGGTACTTAAGCCTATTTGATTGTCCTGTGG,"[[42165208, ""T"", [""C""]]]",yes,no,T->C,1
chr7,34179212,34179488,TCCTTTTCCTTCTGGCTTCGGATTGGCTTTGTCTGTTCTGGCTAAAGATGGAGGAAATAAAAAGAGCAAGGTCTTGTTTCTTAACTCCCTTCTTGTCCCTCACCTGCAGATCACAGCTCCTGCCACTTGGCTCTCTCTCTGCTGTTCTACCTGCATTCTAGTGACTGCTTCTCTCTTGCTGTTTCAGGCCTTTTGGTGGTGAGAGTGTCTGCCATGACTAGACCTGGGGTATCACATGATTCCTTGTAGTTTTCCCACCCCCACTCACACCTTTACA,"[[34179350, ""T"", [""C""]]]",yes,no,T->C,1
chr6,118122916,118123171,CAAAGGCTATGGGCTAAAAGCAGGAAGTTAAATAGAAACAGAGATGGCTATAGGAGAGAAGAAATTAGACAGCTAGCTGGCAGCAGCTAACTCATCTAATAGCTGGAAAAGAAAGATCAGCTTTCACTTTCAATTATGAGATGCTGAGTAGTTGGTAGTTTGAATAGTATTTATTCTCAAAAGCCCTTTTTTTTGTATTATGTTCCTTGTATTATGTTCCATTTATGTTGTATAATAAATACCCATCTATAAACTA,"[[118122917, ""C"", [""A""]]]",yes,no,C->A,1
chr15,34231276,34231583,CGCTTGAACCCTGGAGGCAGAGGTTGCGGTGAGCCAAGATTGTGCCATTTCACTCCAGCCTGGGCAACAAGAGCGAAACTACGTCTCGGAAAAAAAAAAAAAAGATACTGGATCCTGCAGGACATGACTCACTACTGTTAAACTCAACTAAGCAATGGAGTGTTGCAGTGGGAGTTGTAAATAATGCTTCTACCATCTGTAGGAAGTAACAGAAAAAAAGACTTAAGATCCTATCCGCTTTGCCATCCTCAGTGGGCCTGGAGGTTGAAGCAAGCAAAGGGAACAAATCAAAATTACTCAATTTCTTT,"[[34231287, ""A"", [""T""]]]",yes,no,A->T,1
chr2,232436274,232436686,CCACCATGCCCAGCTAATTTTTGTATTTTTAGTAGAGACGGGAGTTTCACCATGTTGGCCAGACTGGTCTCGATACTCCTGACCTCAGGTGACCCACCCACCTGGGCCTCCCAAAGTGCTGGGATTATAGGTGTGAGCCACTGTGCCCAGCCTGTTTTGTTTGTTTGTTTTTGTTTTGTTTTGCCTCCGTGACTTTGCTATCTCACCCCTTTCCTATAAAACAGTCCTTTCTCACCATCTCTTGGAATTAGTCTGGCACTCAGGAATGCACCTCTGCTGTTGAGGCTCCAGGAAGTTAGGGCCAAGGCCCTCTGGTGCAGCAGTGCAGACCGCGGCCTGGGGGTGGGGAGACTGTGTGTGGCCAGTCTTTTATTTTTTATTTATTTTTTTATTTTTTACACCTTAGGCTTTGA,"[[232436336, ""G"", [""A""]]]",yes,no,G->A,1
chr20,11366605,11367104,CTCCTTCTATTTGATGGGTTGAAAGAAGAGCCATTTATTATTTCTTCACAAATCTACAGGTGACCAGTGGTTCTGTGAATCTGGCTCAGGCTCAGCTTATCCCGATAAGGTGCTCTTATGAGTCTCCTTTCAGATCACCAGGATGATCTCAGTTGGGGCATCTCTGCTCTGGTCCATGTATCTCTCATCCTCCTGTAAGCTAGCCCAGGTTTGTTCATTTTGTGGCTCAGTGAAATTCCAAGCAAATGAGTATAAGCACGCACAACGTCTGAGGCCTAAGCTGACCTGATGGATTGTTACTTCAGCTGCATTTTACTAACCAAAGCAAATCAAAATACCAGTGTGTATTTAAAGGCTGGGGAAATAAACTCTACTTTTTGACTGGAGAAGAAGAAAGGTCACATTGTCTAAGGATATGATAACAGGGAGGGTAGAGAATTGAGGCCACGTTTGCAATCTGTTGTGTTCCTACTAACTGCCTCCCACTGGTTCTTTTTTGA,"[[11366614, ""C"", [""T""]]]",yes,no,C->T,1
chr5,154278893,154279328,CTTAATAATATTCCATTTTATATATATGTCACATCTTGTTTCTACCTTCATCTATTAATGGACACTTGAGTTGTTGCTACCTTTTGCCTATTGTGGTAATGTGACTATTATGAACATTGGCCTAGGAATGTCTGTTTGAGTCCCTGCTTTCAGTTCTTTTAGATACATACCTCAAATGGAATTGTTGGATCATATGGTAGTTCTACATTTAACCTTTTGGAAACCACAAAAGTTTTTAACAGCAGCTGCACCATTTTGCATGTTTACTAGCAGTGCACAAAGGTTTCAATTTCTCCACCCACATCCTCACTAACACTTGTTGTTTTCCACTTTTTAAATTATAGCTAGCCTAGCAGGTGTAAAATGATATTTAATGCTAGTTTTTGTTGTTGTTGTTGTTGTTGTTGTTTTGTTTTTTTTTTTTTTTTGAGATGGA,"[[154279065, ""A"", [""C""]]]",yes,no,A->C,1
chr16,78259960,78260195,TGCAGTTTACAGAAATGTAAACTAAGTGCTTCGTTAAATGAATCCTAGATCCCATGCCTTCTGACTGGGTGAGACCTCCCAGCAGGCGTTGCCAGAGAACTTACACAGGAGCGTTTCTGCTGGAATCAGCTCGATGCCTCTTGAGGACAGAGACTCCCAGAGGAAGGAGCAGGCAGCCATCCTTGCTGTGCTGCAGCCTCCACAGGTGACACCTCCTGGTGTGGGAGGGACCCAGG,"[[78260013, ""G"", [""A""]]]",yes,no,G->A,1
chr7,53466392,53466756,GAATAATATCTCACCTAAAACAAAAGCTACTATGCTAAACATCCCCACCATTGTTGTGCATTCAGGAGTTTTAGAGAATTTGCTCTTTCAGTTACTGCTGGAGTGAACAGATGGAGGATCTTTTTATTGTTTTCAGTATGTGCCTGTAAATAATCCATAAGTCTTGCCACCCAGTGAGGCTGAGTGCATTTCTCCTGTCTGTTTAACCATGATGCTGCCAGTGTGACCTCACTACAGGAGACGGGTCTTGATAAGCCCTTCACCATCTGTCCAGTAGAAGGTAATCTCGAATTCCACTGAATAAATATAAAATGCTTAATGCTGTATAACATAGAGCTCCATGCTTCTCAGGAGAATAAGCTTTA,"[[53466448, ""G"", [""T""]]]",yes,no,G->T,1
chr1,145523920,145524141,AATTGGTAGGAACAGAAACCTCTTTCTTTACACACCTGAGTTGCCCTTGAATCTCTCTTGGCATTTGACTGCCATCTTTTTGCTGCTTTCACTTCTTTCCTTTCTCAGCAATTTCAGAGCCTTTTCATTTTGACCTGCATTTCTGCGGTTGCTTTAGTAGCTTTGAGTTGTTCTTTTTTTTTTTCCCCTCTCTTGCCTGTGAACTTGTGGGAAAATGCACAG,"[[145524104, ""T"", [""C""]]]",yes,no,T->C,1
chr7,46312090,46312296,GGCAGTAATGCAAGTAATGGAGAGTGGCTATAAATACTGATGAAGTGGCTATAAATAAAGACGAAGGTTTGCTCACTTGCCTGCCACTTACCACCTGTTGTGTGGCCCAGTTCCTAACAGGCCACAGACCAGTACTGGTCTGTGACCTGGAGATTGAGGACCCCTAGATTGATGCATATTTTGTATGTTATATGTATTCTCATATAC,"[[46312105, ""G"", [""A""]]]",yes,no,G->A,1
chr6,34552466,34552710,TGTGAGAAGGCTTCACTGTCTCCCAAGAGGTGTGTGTCCACAGTGGTGACTGCTGTCTCCATCTGCCGTGTTTCTGCGGCCCCTCCAGACCCAGCACAGGCCAGGGAAGGCAGAGGCCCTCCACACACCTGGTTGTTGGTCTGTAAAATCTTGATGGGCTGAAGGGAAAAAACATTCCTGCGCCCTGATCCTCAGGCCCTGGAGCACACCTCCAGGCTTGGAGAGGGGTGTTAGGACAAAGTGAA,"[[34552490, ""G"", [""A""]]]",yes,no,G->A,1
chr16,79875715,79876085,CACCAGGACACACAGACACACAAAGACGTACACAGACATATACACAAATATACCAAGACAACAAATATAAACACACACACACACAGACACATACACACTTAGGGCCTGCGTGGCACCATGTTGGCAGGAAGCCTCGTTTCAAAAAAGCCTAGTTCAGCAGTCAAGAGTAATTGAAAAGAAACTGAGATCTTTGCTTCTGGTGCCTGGAGAAAACTGAAAGGGGCCCAGCCCATAAGTTCCCTTCCTCCAATGCCTCTCTCTCTCCTGACCCTGATTCACCCTGCAGCCCTTGGCTTTCCAAACTTGCAAATCTCTTTCCTTTCTCCTTTTCATCCCTCTCTTTTTTCTCTCTTTTCCTTTTACTTCTTTTT,"[[79875718, ""A"", [""C""]], [79875850, ""A"", [""G""]]]",yes,yes,A->G,2
chr4,89556640,89556995,ATATTGTTGCTAACAGCAGAAAAAGGACATATAGAATTTCCTGATGAGATAGTCTACTGGGGCTCCCATTAAACTTAAGACATATTTCTTGAATACAAAAGCAGCCCTGGGCATCATTTAAATCACTTGGAGTGATGCAACTCAGAAGCCAGTGAATTCTGAAAGAGCACAGGTTCTTTCTTCCCTTAGTGATTGAGTCACTTCCTAACAGAACAGTGCAATTAAATGAGCTGATGTTCTGGATGTTACTTATGTCTGGGAATCAGGTTTGGGAAATACGTTCAGGGGCATCACTAATAAACATCACCTACCATACTGTGTGCCATGTAGTCTCTATCAGTACTACTGACATCTTA,N,no,no,N,0
chr4,164899779,164900072,GTTAAACCATGTTAGAGTCTTTGGCAAAAGGAAAAATCACTAATTTGAATCCCATCAGTAACAAGAGCCTTGTCTAGGCATATTGGGCCCGAGTTTCAGCCCTCTGTTTCCTCCCTTCATTCTCACTTCCCAAAATGACCTCACTCCCCAAACTCCATGTCTGTAAATGATTTTCCACTCTTGGCTTCCACTTGCCAAAGTGTTCATGGAAAGAAGACCAGATTCTAGCCCTGGCTTCTTTTATATCTAAACTCTCATTTCACTATAAATCATATTATTGGATTCCAAGGAGTA,N,no,no,N,0
chr10,127472919,127473385,TGTGGTTTTATTCTGGGTGAAATGTGGGCTGTTGGTTTCACATTTTGGTATTAGGACCATTGTGTGACTTTATAATATGTTAATTTGGCCTGGCTGAACTAAGGTTAGGCTGAACCAATTCCTCAAATTTCCTATTCTGTAGTTTTGAGCTAGGCTGGACCACAGACATTTTTGTATGAGATGTAATGAGGCCACAGCCATTTTTATTTGTCCACGTGGATGGTCAGGGCAGGTGCTTTTGGAGTTCACATGCTGTCACTTGTCTGTTGATTCACCTCATTGGCACAGGGCAGCAGCTGGACCAGCAACTGCTCCACCCTCCCTCGAACCTTCCTTGGGTTCTCTGACTCCAGGGCCAGTTGTGTGCTTAGTCTCTCCATGCATTTTACCAAGAGAAAAGGCAGTGGGACTGTCACAGGCTCTCGTCTGTCCTCATGGGTTTGATCCAGCTTGTGCCCAGGAACTCC,"[[127472922, ""A"", [""G""]], [127473244, ""A"", [""G""]]]",yes,yes,A->G,2
chr6,95408180,95408407,AAAATGGGGCAAAGAACATAAACAGACATTTCTTTAAAGAAGACATACACGTGGCCAACAAACATGAAAAAGTGCTCCAAATCACTAAACACCAGAGAAATGCAAACTAAAACCACAGTGAGACACCATCTAACACTAGTCAGAATGGCTATTATTAAAAAGTCAAAAAACATCAGATGCTGGCAAGGTGCAGAGAAAAGGAAATGCTTACACACTGTTGGTTGGGAA,N,no,no,N,0
chr4,34108383,34108846,TACCTCTCTTTTGCTATTCCTATGGCTACATTCCACAAAGAGTTGCTAGGCACCTCCCAGACATGAATAAGAGAATCAATTTTCATAAATGATACATCCAGAGGAGTAAATTCAAAGACTTGGAAAACAGCAGTTCTCTAGGTTTGCAGCAATGCTTCTTGCATTGCAAATCTCTGGTGCTGAGAGCATGTGAAGATGTGAAAACAGCAGGCCTCTTAGTCATCTGTGGACTGCAGGGCTGTGGTGAGCCCACCACAGGCTGGATAGCTGGAAGGTACCCTTTAAAAGGCCCTGATGTACTTGAAACCATATGGCAAAGCTGTGAATATTGGGAAATAAGAACAGCAGCAGAGCTACTTGTTGTGCCACAGTCAGAAACCCAGTGACTTCTGCATTATCTGAAAGGCTCAGAACAAACACTATTAACCTAAGAAAAAAAAGTGAATATTTATAGATTAAAAATT,"[[34108393, ""A"", [""T""]], [34108420, ""G"", [""A""]], [34108823, ""A"", [""G""]]]",yes,yes,G->A,3
chr3,37056964,37057196,CAGTAACTTCATGTGTGTTTTGAAATCCCATTCCAAAACACTCTCATAATAGGCAAGGCACCATCCAGAACCAAGAGTTGCTCCACTCCTGGCCTTCTGGTCCAGGGAAGCTGCTTGCTTTTGTCTTTGCCAGCTTTCCCACAGTCCTGCAAAGCTCACTTTGTTCTACACCTCCTGCCTGGGTACTTTACCTTCTGCAAATACCAGCTATACAACAACCTACCTACTCTAGG,N,no,no,N,0
chr9,77762651,77762923,AGAAAGCGGGGAAAGGTGGGGAAAAGATTGAGAAATCGGATGGTTGCCGTGTCTGTGTGGAAAGAAGTAGACATGGGAGACTTTTCATTTTGTTCTGTACTAAGAAAGATTCTTCTGCCTTGGGATCCTGTTGATCTGTGACCTTAACCCCCAACCCTGTGCTCTCTGAAACATGTGCTGTGTCCACTCAGGGTTAAATGGATTAAGGGCGGTGCAAGATGTGCTTTGTTAAACAGATGCTTGAAGGCAGCATGCTCGTTAAGAGTCATCACC,N,no,no,N,0
chr15,80376073,80376550,TCCTAGGAAGTGTTAGATCCGTAGCTGTTTCTGCTTTTAGCCTGGCAGAGGATTAATTCCAGAATCTAGTGAGTGGCAGAAGGTACTCACAGCAATGAAACCACTTCAATTGTGCAGCTGTAGGACAGCAAGCTACTCAAGTCATCACAATATAGGCCTTGATTTCATTTTCAGGTCAAAATGTGATTGAAAATCAGGTCCTTATTTCCCTTTAGGTCCTGGACTCTTTTACATTCTTTTCTTCCAAGTTTCTTTAGAGAGCCTTGAAAATATTGCTGAATGTCAAAACAAGATGTTCCCAGTTCCCCGCCCCCCCGCCACCCTCCTAATTTATATATAGCATGGGCTAATTTTCAGTCTTCTGTTTCAGTGACAGTGACATCCTGTTCCTAACAGGTGGCAGAGTTACAGTCAGCTTCTTTGCAGTTATGGAACCATTATTTTAGGGCATATCCAGCCCTCCTAATTTATTTTATTA,N,no,no,N,0
chr13,78228994,78229357,ACTATCTAAAAATGTGTCACATATACTTCTCAAAGAAGACATACAAGTAGCCAATAAACATATAAAAAAAAGCTCAACATCACTAATCAGCAGAGAAATGCAAATCAAAACTGCAATGAGATACCATTACACACGAGTCAGAATGTCTATCATTAAAAGAACAAAAGATAACAAATGCTGTCAAGGCTGCCAAGAAAGGGGAATGTTTATACATCGTTGGTGGGAATGTAAATTAGTTCAGCCACTGTGGCAAGCTATTTGGAGATTTCTCAAAGAACTAAAAACGGAATTACTATTTGACCCAGCAATCCCATTACTGGGAATATACTCATAGAAAACTTAATCATTCTACAAAAAAGACACA,"[[78229105, ""C"", [""T""]]]",yes,no,C->T,1
chr1,119188954,119189311,GCAGTTTGATTATGGTGTATCCCCACGTTCTCATGTTTTCTTTCTTGTGCTTGGAGTCTATTGAATTTTTTGGATTTATGAGTTTATAGTTTTTTTTCAGATTCGGAAATATTTCAGCTATGATTTCTTCAAATATTTTGTAACTCCCTGCTTGCCTTCTTTCCTTTAGCAACTCCCATTACACATTACACACATATTTGGCTGCTTGAAGTTGTTCCATGGTTCAATGATGCTTTGTTTATTTTTTCTTGGTCTTTTTTTTTTTTAATCTTCTGTGCTTCGTTTTGGATAGTTTCTATTGCTATGTCTCCAAGTTCATTTATCTTTCCTTCTGTGATGTCTAATCAGATGTTTATCC,N,no,no,N,0
chr17,31048857,31049112,TGCTCAGTGGGAATAGAAGGTTTGTCCTGCTGGACTGGAGAAGGTTCTACCCACATAGTGACTGCTGTAGGTTTGGTAAGCTCCCTATCTAGATCTAGATATGACACATCTGGAGGTGAACCTATTGCTTCATCATCCATTGAACTTACAAAGTCTGAGGAGAGCTGAGTTGGAGGCTGAGTTGTAGGCTCTTTATGGACTGGAGGAGGTTCATAATTTTCAGGTCTATTTAGCTGCTGAATTATAATGTCTTGCT,"[[31048877, ""G"", [""T""]]]",yes,no,G->T,1
chr1,144197442,144197646,TATGGTTCATTAATGTTAAGTACATTCACTTGTTGTACAACCAATCTGCAAACGTTTTTCATCTTGCAAAACTGAAACTCTGAGCCCACTACACAACTCTCTATTTCCTCCTCCTCTGGCTTTTGGCAAACTCTGTTCTACTTTCTGTCTTTATGAGTTTGAATATTCTAGATGCCTCGTATGAATTGAACCATACAGTATTGGT,N,no,no,N,0
chr5,161539869,161540259,AAAAATGTACATACCGTAATTTTAAAATACTTTATTGCTAGAAAATACTAACAATCATCTGAGCCTTCACGGAGTAGTAATCTTTCTGCTGATAGAATGTCTTGGCTCCATGTTAATGGCTGCTGACTGAGCAGGGTTGTGGTTGCTAAACGCTGGCGTGGCTGAGACAGTTTCTTAAAATGAGACAACAATGAAGTTTGCTGTATCAGTGGACTCTTCCTTTCACAAAAGATTTCTCTGTGGCATGCTATCCTGTGTGATAGCATTTTACCCACAGCAGAAATTCTTTCAAAATTGAAGTCAAACCTCTCAAATCTGGCTGCCGCTTTATCAACTGAGTTTATGTAATATTCTAAGTCCTTTGTTGTCACTTCAACAATGTTCACAGCGT,N,no,no,N,0
chrX,49930097,49930384,TACATCAAAGAAGAAATGCAAATGGCCAGTAAACATGTATCTCAGTAGCAGTCAAATAAAGGGGAATTAGAATGGCATACCATTTTCTCCAGTATAATTTGCAAAGATTAAAAAGGAATGACAGAACTCACTGTTGGCAAGGACTCAAGGAAGCAGATGTTCTCATACACTTGTGGTGGGAATGTCAGTTTGGCAATATTTATTAAAAGCTTTAAAAAATATGTTTACCTTCTGACCCAGCAATTCATTTTCTTGGAATTTATCCTAAGGAAGTAATTAAGGGTATGC,N,no,no,N,0
chr1,150914661,150915039,GGCAGGAGAATCGCTTGAACGTAGGGGTGGAGGTTGCAGTGATCCAAGATCACGACACTGCACTCCAGCCTGGGCAACAGAGCAAGAGTCCATCTCAAATAAATAAATAAAGGGTTGATGTCAGCACTTGAGGACTGCAGTGCATTCCCTCCAGGAACTCAGAGATTAACCTCTCCACCACTTCTTAACATAAACTGCATGACTAACACATGATTAATGAGAGCATCAATATGCAGTCACCGGAGAATCACAGGTTTGACAATTATCTGACTTTCTCCAGTAACCTAAGAAAAGATGCATCAGTTGGAAGAAGTGGATCATTTGTGAAAGCAGAAAAAGATGAACAATCTAAAGCAAATCCACATGGAGCCAGTACGAA,"[[150914748, ""C"", [""G""]], [150914901, ""T"", [""C""]], [150914966, ""A"", [""G""]]]",yes,yes,T->C,3
chr8,130164968,130165261,CTTCTAAACATATTCTGCAATGAGTGATGATAAACAGCATGAGAAAGAAACAGGCATGTTGTGAAAGATCAATGTATTACTTGTAAAACTCTGTGATGCAAGGTACTAATGAAAACTCATCATTTATTAATCTGGGGTGGGGTTAAATCAAATCATGTGCATTTCATCATGTACACATTCCTTTGGCTTATATGCAACTTTGTTCTTTAGCTAGCATGAGCGGAACACTTAAGTCTCCATGCAAAACAAAAAGGGGTTGTAACAGTCCTCCTCTTTATTTTTCAAGAAAGCTTC,"[[130165015, ""G"", [""A""]]]",yes,no,G->A,1
chr8,18741823,18742102,TATGCCATATGGTTACCAACAAATGAAATAGTGACTGTTGCAAACAGAATAAAAAAGCAGGTGGAGCCCTGACAAAAAAAAGTACAACTGAAATGAGATCTAAAAGATTTAAAAATAGCTGGTCAACCAGTAATGTATACTTAAACGAAAGTGTTTAAGAAACCAGGATGAAAAATGTATAAAAACATTACCAGGAGTAATATGAGGAAAATAATGCTTTCGACATTTTCATTTTATCCTTGGAAAGCTTTGGTGATTCAAATTTAAAAGGACTATAATA,N,no,no,N,0
chr11,26537435,26537759,TACATAGCAGCGTTTCCACCACATGAGGTAATTTTGAAATATAGTTTCCGCTTTATAAACAAGGTTTTCATGCTCAATGCTTGGTCCTGTTGTTTGCATTTGAATCTAGCTGTCCACTCCCAGGAGGATTCAGTCTGCAAGTAGCCATGGGCCTTCTGTCTCCCCATTGTAATTTTGTGGCTGTGCACTGACTCCTCTGCCTCAAAGCCTGTCTTCAATTTGCCCCATACTGGGAATCCCAGCCTTAGCGAGAACACTCCTGGACACTGTAGCTGCTGCCTTCTGCTCCAGTACAGAGCTCCAAGCTTGATCCAACTTGAGATCA,"[[26537476, ""C"", [""T""]], [26537625, ""G"", [""A""]]]",yes,yes,C->T,2
chr6,85347794,85348237,GCAGAGCCAGGATTTAAAACAGGTCTTTCAATTTCCAATGGCTGTGTTTATAAACTACAGCCCAGCAGATTCCTTTTTTTTCCCAACACCCAGGAAAGTTTCTGGGTGAGAAAAACAAGTAAAACCGGCAATGAGAAAACTTCATCCATCTGGATGGCAAAAATAAAAAAGTGATGTCATCCAATGCTGGCAAAGCTGTAAGGAACAGGCATTCTTCCACTGTGGATAGGAGTGTAAAATGCAGCAATATTTTTGGAAAGTAAAGTGGAAACATCTTTTAAATAAACCTCTTTGCCCAGGAATCCACTTTGGGAAATCTTATGCTACAAAAAATAAGGACACCAATGTGTACAATGGGATGTTAGGTAATTATTAAACAGAGTGCATGAGACACATATCCATGTTGCCCAGAGATAAGTCCATGATATAATGTTTATAGTATAA,"[[85347820, ""A"", [""T""]]]",yes,no,A->T,1
chr18,71243041,71243374,GAATTTCTGTTAGCATGTGTTATCTGCCTTCTGTCGTTTAGGCAACTCAGGCATGGTGAGTTTAAGTGACTTAAACTCACCACTTGCTTAAACTCACCACTAGTTAAGTGCGAGTTCAGGTCAAACCCAGGCAGCGTTACTGGAATGCTGACCTCATATGGCAGCAATCTGACTGGTGATTGCACTGAGAGACAATGCACATGGCATAAGAACAGCTCCTTTACGCTCCCCTTGATGAAGAAGAACAGGTGGAATACTTCATATACTTTAGATATTGATGTCACTGTAAGCAGCTTTGACTTTGAGTTCAGAAAGCAATTGATGGGAATGCAGG,"[[71243270, ""T"", [""C""]], [71243326, ""A"", [""G""]]]",yes,yes,T->C,2
chr8,5021111,5021342,CATAAATTTATCAGAGAAAAGAGTTCACAGGGCAAACCATCATCATGACAACTCGAGAGACAGGCAAGTACATACCTAGAGCTGCAGCTCCTTGGAAGAAAAAGCCACAGCTGGATCCTGCTGGGAACACTTAAAGGGTCATTGACTCATTGCTGTGGGCTAAGCATGGGCTACATTGAGAGGCTAAAAACTACAGTTCCCCATATGCATATGTGTTTTATAACCATAAGTA,"[[5021164, ""G"", [""C""]], [5021284, ""T"", [""C""]]]",yes,yes,T->C,2
chr11,28488347,28488773,TTCTTATATTTATTTAAAACCATTTCTGTGTTTCTAAAGAATAACACAATTCAGTTTTATAATAAGAGTGTTGTGCTGTTTCCTGTCACTTCCACTTTCTCATCTGGAATTAATTTAAATGAATATCAGCTTAGTGCTCCATAGGATCTAATCTATTTACCACCCACTAAAGTTAACTGGACTAATTTCATTATGTCATAGTTGACGCTACATTGCTTATCCTAGTGAAGAGTTGAATTCTCAGTTCTGAGATGGTCTCTGGGATATGCAAATTCAAGATGTAGCTCTGCTCTGCCCAGCTTGGCTGGATTTTGTGTTATGACATAACTGTAATTTGTTTGGAATAATTCCTGTCCCTTCTGTTTCTGGTCCTTTAAATCAGTCAGATACACCCAGATACCTCAACTGATTCTAAATAAGTCTGACC,"[[28488396, ""C"", [""T""]]]",yes,no,C->T,1
chr22,29563891,29564363,CCCCTAAGGCCTTAGGAGGAAGGACAGCCCTGTCAACACCTTGATTTGTGACTTCCAGCCTCCAGAACTGTGACAGGATAAACCTCTGTTATTTTAAGCCACCCAGTTTGCAGTATGCTGGCCACCCCAGGAAACTAATCTAATTCCTAGTAACAAAGAAACCTAATTAATTGTGGAGGAGAAGAAAGGAACAGTTTTGCCATCCTGGGAGCATGGCTGGGCCCATCAGCGGAGGAAGGTCCCCAGGGGATCACACAGGCAAGCTAGAGCTAAGGGCAGCTGGCTGCCAGCAGTCTAGAAACTCAGACTCTGTAACTTCCCATCCCCATCCCCAGCCTGACCTTCACCTGTTTTTTGACTCCATCTGTGCCTTGATTTTCCCATCTGCAAAATGGCCTGACCCTATGGTTTAAAGGTCTTTTTCCCAAAGGAAATGGCAAAAGTACTGTATGGATAGAAATCTACCAAAACCA,"[[29564002, ""G"", [""A""]]]",yes,no,G->A,1
chr13,107685530,107685970,TAAAATGATTAAAAGATTATATAGAAAAACATATGTTGGAATTCAAGCACAGAATGCTAGTAACTTGAAATGAAGAGCAGTCTTTTATGACATGGGATATATTGATTTTAAAGAGAAAATTTTATCTTGACCAAAGTTGAATTTTGTTTCAGCAGTAGCTCTTGAATGGATCGATGGATCTCTAAATGTGCTAAACTCAGACCTAATAAAGAGCAGCAACATGGAAGGAAAAGGGGTGATTGATTCGTGAATGCAAAGTGCAGAAATGCAAATGATTAAATTCCCCTGTGGATTCATGTTTTGAGCAGGATATTTTGAGCAGGGAGTCTCTACGGACTCTGTTCTGAGTCCTCGGTGTTCCGTGGTGTGTATGTTGATAGGTTCCTCTCATACAAGACTTACTTTCTAGATAGGAGAAGGGCGGAATATAACAAACAGATA,"[[107685625, ""A"", [""G""]], [107685952, ""A"", [""G""]]]",yes,yes,A->G,2
chr4,99615478,99615794,GCCCAGTGTCTGTGTGTCAGGTTGGAGTATTTGGCAGATCTGAGGTTACTATACAAATTAAGCTGTCTGAGGCCCCCTGGCTCTGCAGAGCACTCCAGTAATGCCATCCTAGCTTCAGAGACACATACCACTCTAGGTCAAGTGCTGACACTGAAGGAAATGTTGGCGGTGGGTAGCCCATCACAGCCACCAGGGCAGATGGAATTACTCTGTGCTTGCTCACACTTTCTCTCTTCAGCTAATTGGATTACTCTTCAGAGAAAGATGTCTCATAAAGTCAGTTTAATAAGGGGATCCTCTTTAGCCAGTAAAGAACA,"[[99615526, ""T"", [""C""]], [99615645, ""A"", [""G""]]]",yes,yes,T->C,2
chr5,161498968,161499316,ACCCCCACGTCCTCACGTCCTCACATCCTCGAATGTTTACCCCCACATCCACACATCCTTACCACCTGCTTCTTTGTTTGATCACCAATAAATAGTGTGGGCTTCCAGAGCTCGGGCCTTCACAGCCTCCATACTAGCATTGGCCCCCTGGACCCACTTTATGCACTCTTCACTTGTCTTGTCTCATTCCTTTGACTCTGCCGGACTTCGTAGCCCCCACTGCCAGGTGTTGGGGCTGATCACCCCAACAAAATATAATTCAAAATAGAAAAATAAGTATTATTTCTCTCTCTTATTTGAGAGAGAAACCATGCCCCACTTATTGTGGCTCAAATTATGAGCAATAATA,N,no,no,N,0
chr11,11383015,11383321,TGCTACTTCAGCTCTCTCCTACTGTCCACAAATCCCTGATCTCCTGACATTGGAGGGACCTCTGTAAACCAGCACTACCAGAAGCAGTGATGAAACACCACTCACTCCTGGGAGGTCACAGGCCACTCTCCACATCCCCACGGGGAGCCTCCTCTCCGGGCCTGCTCAGGGCAGGCTGCTTGCCAGCTCTCATTTCTTCAGACTTAGATGCCAAGGAAACACAGGGGATTCACCAGCCTGGTCAAACAGAGCTCTTCTCCCTTCCTCATCTACCCCCTTCCACTGCTTCTATAAGAAGTTGTTGGCT,"[[11383223, ""C"", [""T""]], [11383267, ""C"", [""T""]]]",yes,yes,C->T,2
chr20,20365050,20365520,TCGGGCTCCGCAGTCGTCGGAGGAAGAACCCACCGCGGGGTCCGCAAGGGAAAGTGAAGAGGCCCGGGATTTTTCCAAAGCGCTGGCCAGGACCCCGAAGGAAAGGGAGGAGTCACCTGAAGCCGGGGAAGGCCCCTTGGGTGCTCTGCCTTGGATCCTTATGTTCACTGACTTTCGCGAAGCCCCCCTGGAGGGGGGCAAATCCGCGCTGTTTCCCCCAACTTAACTTCACGCGGCCCATTCTCCGAATCGCGTGCGCCAAGGCCGGCGTCGGGGGCGCACTGTGATGGCGCTTTGCTCTTCCCAGGCGAAGACAAATATCTCGACCCGATGTCCCCATGCATGCGGGTGCACAGGTTCTGAGAAAATCACGCAGAAGGCGGCTGCGATCCACGGCCCGGGCTGGGCTACACCTGCTTGGAGGTCGCTGGTGTGTGCGTGCGCGCGTGCGCAGCCTAACTCCTTCCAGCC,"[[20365153, ""G"", [""A""]]]",yes,no,G->A,1
chr9,125415692,125416004,GCATGGGATAAGCACAGCTGAGGGGGTCTTAGCCTGCGCTGGGTGCAGTGTAAGGAAGGAGGCCTGGGAGGCCTGGGGTGGGCTAAGGTACCCGTGGTGGCGGGGGATAGAGGTTGGACCCACGTGGGAGAGGTGGCAGCCATCTGCCTAGGACATCTGCAAGCACACGTGCAGATGACAACTAACGCGAGACGCAGGGGTGTCGTCAGGGGCCAAGGCCCAGAGAGGCAGATGGCCCAGACTGAGGACATGGGCAGCCCAGCTAGACCCGCTGCCCTATTGGCCCCGGGCTTGGGTCGGTTCTAGGCCTTTC,"[[125415728, ""T"", [""C""]]]",yes,no,T->C,1
chr10,51553933,51554268,TATTAGATACGTGCATATAATATATGTATGTATTAGATACGTGCATATTATATGTGCGTATGTGATACGTGCATATTATATGTGCGTATGTGATACGTGTATATATTATATGTGCGTATGTGATACGTGTATATATTATATGTGCGTATGTGATACGTGTATATATTATATGTGCGTATGTGATACGTGTATATATTATATGTGCGTATGTGATATGTGTATATATTATATGTGCGTATGTGATATGTGTATATATTATATATGTGCGTATGTGATATATGTATATTATATATGCATATATGATATGTATATATATTATACATATATCTTAGGTTA,"[[51553946, ""T"", [""C""]], [51553986, ""A"", [""G""]]]",yes,yes,A->G,2
chr20,11826323,11826648,AGAGAAATGGGACATGAAAACAAGGCAATGTGTGATCCAGGATTGGATCCTGGACAGGAAAAAAAAAGTTAGTGTAAAGGGCATTTTTATAAAAATGAACAAAATCATGTCCTTTGCAGCAACTTGGATGCAGCTGGAGGCCATTATCCTAAGCGAATTAACACAGAAACGGAAAAACCCAACACCACATGTTCTCACTTACAATGGGAGCTAAACATTGGGTACACAGGGACACAAGATGGGAACAATAAACACTGGGGATTCCAAAAGCGGGGAGGGAGGGAGAGAGGGAGGAAAGGGCTGAAAAACTATGCAAACAGTATTAT,"[[11826363, ""A"", [""G""]], [11826430, ""C"", [""T""]]]",yes,yes,A->G,2
chrX,87579121,87579375,TTCTCCAAAGGCAAGAAGGGAGAGGAGTGGAGCATGTCTCCAGCCTATGGTACAAAAGGAAGACACCAGAGGGAGCAAGAGATTACAAATTACTGAAAAAAAAATCAGTCTGTAAATCTCTTCTAATTAGAAATCTATACACAGCAGTACAGAGAAAACATACGCATAGAAAAGGTTTGAGAAGCTTCCAGAATATTCAAAGAATAATAATAAAGAGTGAGAAAGCCTACAGAAATTATATAACACCATCAAACA,N,no,no,N,0
chr12,9587140,9587424,TGTACTGTAGCATATCATATTGACAAGAGACCGATTTCTCAACATGCTTCCTCTCCATCTTTCTACTGTTGGCACCTATGGTCTTCAGTTGCTCAAAAAGAAACAAAATTCTCTTGTGCATTTTCTTCAGACCATTTCTACCACTTTCAGTTAACTGATTATTGGCTCTGTCATCCTCCATCCAACCCTGCTGTCATGGATTTAACAGCTGTCTCTTTAAAACATGCATTCTCAGCAGGAGTGGTATCACCCCCACGGAGGCAAAAATCTGTTCTTATGAATTAA,"[[9587148, ""G"", [""A""]], [9587172, ""A"", [""G""]]]",yes,yes,G->A,2
chr15,86653820,86654155,AGCCAATGTCTCATACTCCCAGAGACCAAATACAGCACAACACTCAATCCTAGAGCTCATTTTTTTTTAAGTGTGTTTTCCAACTCTCAACTTTGTGAAGGAGCTGCAATTAGTCTATGCAGTAAATGAAAGCAGATTAGAGCAGAAGAATGTGAGTAGTTTGATAAAAAGCTTGCCCCAAAGCAGAGGTAACAGGAAACCACAGTTAGAATGTTCTTTCTTCACAGGAAAACCTCTGTCTTTGGTAGAATGACTGCAGAGTTTCACTGATAATCAAAATGCGAAGATTTTATTCTGAGCCACAAACTCAGATGTCTCTTTTGGCCAAGCAGATCA,"[[86654139, ""A"", [""T""]], [86654141, ""G"", [""T""]]]",yes,yes,G->T,2
chr8,52799440,52799696,TCAGATTCTCTGTTGCTGGCCTCCTCCAGGCTACCTCCTTAGCATAGCGTGTACCATCTGATGTCCAATCCTGCTGGATGTGGAGCCAAGGGAAAGGGCCTTGTCCAGTGCGGAGAAATCTCCCTGGGCCATCCCTAGGGGGCACCATGCAGTCAGTAAGAAAGCAATTATTCACAAAGGACAAGTGACCTGGAAAAGGTGTGTCAGGTGGAGGGTGGGGCTGTACAAACCAGACAGGATGAATGAAAAAGCAAAGA,N,no,no,N,0
chr2,179874849,179875073,CAAGCTGAGAACACAAAATGAGCAAAAGAGAAAATGTCAGAACACTTAGAGTAATCAGTGTAAATGAAGCCAGCACAAACGGCATGTATGGGTACTGAGAGAATGTGGGCAAGGCACCAGGTGCCCCTTTGGAAGGTGAGAGGCAGTGGAGCTCCTGTGAGAGCTTTCTCATGCTGTTGAAGGAGTCATCGTGTCTTCTTATTTTTTTTTTCAAACTGTGGTCAC,"[[179874860, ""T"", [""C""]]]",yes,no,T->C,1
chr2,100274101,100274342,TGCAAACTCCATCTTCATCCTTCAAAGGTCACATGCGCCAACCAGCCGAGACTCATGACTGTAAACTTCCTCAGGGTTCTCTATTATGATCAGGGCCAATCCTTCACCTCGAGGGCTGTCGTAGTACCCCGGGAGCCTCACATGACTCTCTCAGCCCCTCCCTGCTCTGAGTGACTGAGAGAACTTCCTTAGCTGCAGGGCTGCAGGCAGGTGCTTCTGCTCCTGAGCTCCTAAACACACCA,"[[100274160, ""A"", [""T""]]]",yes,no,A->T,1
chr6,136873819,136874155,GTTTTTTTAATTAGGAATGGGTCTTAAGTTTTGTTGAAGGCTTTTTTTCCCAGCATTTATGGAGATAATCATGATTTTTCTTCTTAGAGATATGGCTATGATGTATTATATTAATGGATTGAACCAACCTTGCATTCCTGGAGTAAGTCTCTCACGTTCTTTGTGTATCATTTTCTCACCATGGTGTTGAATTGTGTTTGCTAATATTTTATTTAAAGCTTTTGCGTCAATATTCAAAGGTGATATTAGTTGCAGTTTTCTTTCTTTTCTCGTTTTGTTTAATGTGTCTGTGTTTTACTTGCTTCATAAAAAGAATTAAGAAATTTTCCTTTGTTTC,N,no,no,N,0
chr10,15649434,15649720,GCCTGGCCAATATGGTGAAACGCCTGTCTCTACTAAAAATACAAAAATTAGCTGGGCATGGTGGTGGGTGACTGTACCCAGTGACTCTGGAGGCTGAGGCAGGAGAATCGCTTGAACCCGGGAGGCAGAGGTTGCAGTGGGCCGAGATCGCACCACTAGATGGCAGAGTGAGACTCCGTCTCAAAAAAAAAAAAAAAAAATTGGGCAAAGATTTGAATGGACACCTCATCAAAAAAGATAGATGGCAAGCAAGCTTATCAGAAGACACTCAATATAATATGTCGTTA,N,no,no,N,0
chr17,69738312,69738792,TAGTAGCCTTGAATGATCTTTTGTGTTTCAGTGGTGTCAGTTGTAGTATTTCCTGTTTCATTTCTTAGTGAGGTTATTTGGATTTTCTCTCTTCTTTTCTTGGTTAATCTTGCCAATGGTCTATCAACTTTATCTTTTCAAAGAATCAGCTTTTTGTTTCACTTATTTTTTGTATTTTTTTTGTTTCAATTTCATTTAGTTCTGCTCTGATCTTGGTTATTTCCTTTCTTCTGCTGGGTTTCAGTTTGGTTTGTTCTTGTTTCTCTAGTTCCTTTAGGTGTGACCTTAGAATTCAAGTTTGTGCTCTTTCAGTCTTTTTGAGGTAAGTGTTTAAGGCTATGAACTTTCTTCTTAGCATTGCCTTTGCTGTATCCTAGAGGTTTTTATAGGTTGTTTCATTATTGTCATTCAGTTCAATTTTTTAAATTTCCATCTTGATTTTGTTTTTGAGCCAATGCTCATTCAGGAGCAGGTTATTTTA,"[[69738336, ""A"", [""G""]]]",yes,no,A->G,1
chr1,162660706,162660992,TGACACTTCGGCGCAGAACAGATGGTTTATGACAGGAGTTGGAAAACTGTGGCCTGCTGGTGGCATCCAGCCTGCCGCCTCTTTTTGCAAAGAAAGTTTTATTAGATCACAGTGACGCTCATGTATTTACATATTGTCTGTGGCTTCTTTTGTGCTGTACTGACTGAGTTGAATAGTTGTAAAAGAGACTGCATGACACACAAAGCCAAAAGTATTTACTATCTGGGACTTTATAGAAAACAGTTTGCTGACCCTGGCTTATGTGAGTGACTCTAAATATTTCCTTA,"[[162660715, ""T"", [""G""]], [162660718, ""A"", [""G""]], [162660782, ""A"", [""G""]], [162660889, ""G"", [""A""]]]",yes,yes,T->G,4
chr7,13376868,13377130,CTCCCTGGGATAGGCAATTTAGGAGGCAGTCCTTCAGGCTGCAGCTATTAAACTTAGGGATCTCCTACCAGGAAGAAGCCAAAGGCTTGTTTTTATCACTGAATCAAACCAGGAAGGAAAAGCCAAGGGAAATGCCCACATACCTGGTCAAGTTCCTAGAGGACTTATGATTGCCTGCTCTTTTAGCTCTGAGTTGCAAGCTAGTTACAAGCCAGACCCTTGGACGGCAGCTGGACATGTTAGGTTAGATGTATAATCTAACC,"[[13376873, ""C"", [""T""]], [13376948, ""G"", [""A""]]]",yes,yes,G->A,2
chr9,91522491,91522840,TTTTTAATAATGATTTACTCTATTAGAGCTTTCCAGAGAAACAGAACCCCAGGGAAAATACAGAGACAGAAATGCAAAGTGGGGAAGAGATTATTATAAGAAGTTGACTCATGTGATTATGGAGACAGAGAAGTTCCAAGATCTGCTGTTGGCAAGCTAGAGAGTTAATGATGTAGTTCTGGTCCAAGTCTGAGGGCTTGAGAACCAGGAAGACTACTGGTATACATTATAGCCTGAAAGCATGCAGGCTCAAGACACAAGAAGAGATAATGTTTCAGTTTGAGCCCAAAGGCAGGAAAAGATGAATGTTACAGCTCAGTCAGACAGGCAGCAGTTCTCTTTTACTCAGC,"[[91522510, ""G"", [""C""]], [91522637, ""C"", [""T""]]]",yes,yes,G->C,2
chr3,85560373,85560775,AAGGAATAAGCTGAAGTACTAGATATTGCTTTTAAAACATAGAGGAAAGAAAGAATGAATGAAAAAAAGAAAACAGATTCAGGCGCTTGGCTTATTTCTTATATGACTACTGCCAAATGCAGCCAACGCATGGCCATGGGAGTTGGCGCTGCAGGAGAGGCAGACATTCCACATGGAGGAAGTTGGAAGGACTGAAAAGTCAACGCTAAAACTGAAGGCAAAGATTGCCAAGTCAAATGCTGAATTGTGCAAGTACAGGATGTTTTCCTTTCCGTTTTTTCACAATGAAGCATTTATTTTACTCCCTCCTGTTTTGTTCAAAGACTAATGTTCTCAACTTTCACTCACCAAATTGCTGTGGTTTTGTTACTCATTTATACAACAATTGTAAGTAAATAGGGTC,"[[85560397, ""G"", [""A""]]]",yes,no,G->A,1
chr11,134239040,134239316,TCCTCATTGAGTATTAGCACAGTGCTAAGTGCCGGGGATGACAGTGCTGCACTGGCGGGCCACAGAGGGCAGCTTGTTAAACCCTTCAGGGCTGTGTCTCTGTCTTCTCTCTCATCCCCTCCACAGCAGCGTCCTCCCCAGGGATCCTAGGTTCAGCCAGAGACTTGTTATTCAACAGACCAGGTCCTGTCTGCCCCTGTGGCATATAAGGTTTGCTCTCCTGGAATGCCCTTTTCTCCCTCCACACAGCACTGGATCGCAGCATCTCAATTAGCCC,"[[134239052, ""G"", [""A""]]]",yes,no,G->A,1
chr8,12896883,12897359,AACCAAGCAACAAAACAGAAAACAAGAAAGGATCAAAACAAAGTTTTAGCAGATTATATTTAGAGCAAATGTACTGTGACTTAATAACATGGTTACAAAATGAAGCTATTTGAAAAATAAAATCGCTGCCTGTAAAAATATTTTTAATATTACAGTTAGGGCTGCCATGGTTACAAATTTAACTAATCTTACAGAAAGTAACATTAGAGTTGCCAAATGAAAGTCAATATGCTTTTGTAATTCTCCTGGGAATTACTTTCTGAGGCTTCTTAGTGTTACCAATGCTGAAGTCTTGCTTAATTGATAATTTCCTAGACAGACCTCAGAGTAACTGATAGATGAATGTGATTTTGTACAGTTGATTTGCTCATTTCTCATATTTTTAAAGAGGGCTCACTAGGCATGAAGCCCTCGGAACCAGAGTCTCAGGCCTGAATTCTGGATCTACTTCCACTAATTTTGATCTTGAGCTAGTCA,"[[12896889, ""T"", [""G""]], [12897347, ""T"", [""C""]]]",yes,yes,T->G,2
chr19,48338415,48338800,CCCTCCCTGTCACCTCCTGCTCCTCCCCTGTGAATGCAGCGCATGCTGAAAAAGCTGGTTTACCCTGAACAGGTCCTGCTCTCTCAGGCCTCCAGGCCCAGGCACAAGCCAAACCACCCCTGGTGTGTTCTTGGAAAATGTTCACTGCCTCATCCTCAAGGCTCAGGATGGACATCACCTCTCGCGGACGAGCAGATGCAGCCTCGGGCTCCTGCTGTGCCAGCTGCCGCCTCCATTACAGACCGACTGCCTGTGTCCAGGGACCCCACACCTCTCCCTCCAGGGCAGGATCGGGCTGCTGCATCTCAGGGGCACCAGTTCAACATCCCTCCCCAGGCTGCCCCATGGGCCTGCTTGGTGCTGGGCTAAGGGGCTTCACAGTAGAG,"[[48338470, ""C"", [""T""]]]",yes,no,C->T,1
chr4,175898439,175898650,TATGGAAACATTTGTCTGATTTCCCTCTTCTGGTTGATACCCATGTAGATTCAGCTCCAGTAAGGGATTCTAATGCCCAAGAATGACCTTGCAAACACAGGCCCTCGGGGAATACGTTCTCCATTGTAATGCTTGCACTGTGATGTGACTGTCTGTTTCCATTTCTACCTCTCAAACATTCTGAGAGCCCCTTGGGAGCAGGATTCACACCT,"[[175898503, ""A"", [""G""]], [175898625, ""A"", [""G""]]]",yes,yes,A->G,2
chr18,75162467,75162896,CCAGTTTTCAAAGAGCTTCTGAGTTTCCTTGCAGAGAGCTGGCACTCTATGATGGGTGTCCTGGCAGTTAGAGGTGGGGAATGTACACTTGGTTTAGCAGCTCTGGACAAGAATGGCTCCACCTGTCTCCTTAGCATCATTCTAGATCCATAAGGTCATGCCTGGGCTGCTTACGCCAGTGACTCATTCTAAATCCGACAGTGCATTCTAGAGGCAGGAAGATCTGGGCTCAAGTCCCAGTTCTGCAATGTACTGACCATGTCACCTTGGGTGTGTTGCTTGGCCCCTGCAGGCCTGCCTTCTCATCTGAGTGGGTCTAATCATACCGACTTCATAGGGCTGTTTAGACTGAGGGTTAAAGATCATGTCTGTGAAGAATCTTGCATATAACAACAAAAAATAAAAACAATAATAAAAATTAAAAACAAAA,N,no,no,N,0
chr5,30918167,30918539,GTCTTTGTAATATTGAGATAGAGAAAACTGTGTACCCTAGGCTTCCAGAGTTTGGAGCGTGTACTTAGTAAACATGCAGGCCGAGATGCAAAAACAGGTATAGTTTCAATTTCCATACAAATCTTTGACTAGTAAGGGGTTTCTCACATCTCCAGGTTGCATCAAGCTGACTCATGACAGTGGCATTAGAAGCACCCTGAAGAGTCTCCATGAGGCTTTGCTTACTGTATTAGCCAGGGTTCACTAGAGGGACAGAGCTAACAGGATAGATGTGTATATGAAAGCGAGTTTATTAAAGGAGAATTGACTCACATGTTCACAAGTTTAAGTCCCATGATAGGCCGTCTGCAAGTTGAGGAGCAAGGAAGCCGGT,"[[30918179, ""C"", [""T""]]]",yes,no,C->T,1
chr7,45172493,45172738,TTCAACAGACTCTCACTCTGTCACCCAGGCTAGAGTGCAGTGGCACGATCTTGGCTCACTGCAACCTCTGCCTCTTTGGTTCAAGCGATTCTCATACCTCAGCTTCCTGAGTAGGTGGGACCACAGGTGCACGCCTCCTTGTCTGGCTAATTTTTGTATTTTTAGTAGAGACAGGGTTTCACCTTGTTGGGTCTTTCTATTGAGGTTATACTTAGTTGATTTTTGATTGTGAGCTGCTTGTTTTCC,"[[45172502, ""G"", [""C""]], [45172510, ""T"", [""C""]], [45172600, ""C"", [""T""]]]",yes,yes,G->C,3
chr6,75220377,75220735,CTAATATCTACTACTTTGCTACTTCATGTCCTGTTTACTTCAATTTGTTGATTACATGGCTTAACTCAAACTTTCTTCTTTCTGTTGTTTTCAATGTTTAAAAAAAAAGAAGCACACAAAAGCCTAAAAACTTGGTTGTCTGCCATGTTGTATGTATCATCCTGGCACATACGGAAATCATTGAGCAGGATATGTTACTTCCTGGTACAAAAGTCCATTCCCAAAGAGGCAACAAAAACAGTAGAATCTGATTATCTAGCTAAAGCATATACAGAGTCTGAGAAGGCAGATTCTTTTAAGTTATCCCACAATACTTCTGCTTCAATTCTATTGGGCAGAATTTAGTTACATGGTTATAC,N,no,no,N,0
chr5,75824466,75824687,CTAATACAGGCAGCCAACAAATACATGAAAAAATCACTAATCATCAGAGAAATGCAAATTCAAAACCACAATGAGAAACCATCTCACACCAGTCAGAAGGGCTATTATTAAAGTCAAAAAAACAACAGATATTAACAAGACTGCAGAGAAGAGAATGCTTATATACAGTTGATGGGAATGTAAATTAGTTCAGCCTCTGTAGAAAGTAGTTTGGAGATTTCT,"[[75824664, ""A"", [""G""]]]",yes,no,A->G,1
chr5,133721451,133721757,TGTAGGGCAGTACTAGTGGTGATGAATTCCTTCAGCTTTTCCTTATTTGGGAAAGACTTTACTTCTCCTTCATTTCTGAAGGACAGCTTTGCTGGGTATAGTATTCTTGACTGACAGTCTTTTTTTTCCTTTAGCACTTTGAATATATCATCCCATTCTATACTGGCCTGTAAGGTTTCTGCTAAGAAATATACTGATAGTTTAATGTAGGTTCTCTTATATGTGACTTGGTGTTTTCCTCTTGCTGCTTTTAAAATTCTCCCTTTGTCTTTAACTTTTGACAATTTGATTTTGTGTCTTGGAGAGG,N,no,no,N,0
chr2,117571725,117571997,GCTGTCAACTGTGTGTGCAGTCATACTGTGGTGCAGTTAGCACACAGTCAAGGCACTGGCAGACATGGGTCTATGTGCACTCTCTGTGAACCACAGACAGGGGTTCTCAGGAAACAGAAGGTTTCACTGTTCTCTGTACCTAGTTTTACTCCTGTAGTAGTGTTGGCGCAAGTGCATGTCACAGGCAGGGGTAGGACTGGTTGGCACTGTGCCCATCAAGGCTGCAACTGCAATGTCGGTCTAGGGGGAGAGGAGATAGGGTTCATTCTCACC,"[[117571749, ""G"", [""A""]]]",yes,no,G->A,1
chr21,45777652,45777924,TGTCTTCAAGTACAGAGATTCTTTCTTCTGCCTGATTTAGCCTATTGTTGAAGCTTTCAAATGTATTTTGTATCTCCTTCAATGAATCTTCAGTTCTAGAATTTGTTTTTTTTTTAAGTATTTGTCCCTTTCATAAATTTCCCATTTATATAATGAATTCTTTTTCTGATTTCTTTGTATTATTTTTCAGAATTCTCTTGTATCTCACTGAGCTTCCTTAAAATCAATATTTTGAATTCTTTATTTGGGATTTCAAAAATTTCTTTTTGATTA,N,no,no,N,0
chr4,13240034,13240530,TTATAAGAAAGGAATGAGACACCAGAGTTCACGCTTTCCTTCTCCTCAAGCACTGAAGAAAGGTCATGTGAGGACACAGTGAGAAGGTGGCTGTCTGCAAGACAGGAAAAGAGCTCTCACCAGCAACCAAATTGGCCAGCACCAAGATCAAGATCTTGGACTTCCCAACCTCCAGAAAGGTGACAAATAAATTTCTGTTGTTTAGTCTACCCACTCTATGGTACTTTGTCATGGCAACACAGGCTGAATAAAACCAAACCCACAAAGCCTCAATGAGGATGACTCAGAGTGAACGCTACCCTCCCTCAATGAGCTGTTGCTCTCCAGTGAAATGTCTTATGCTCCCTCCCACAGAACACGAGGAAAATGGGAATCTGCTCCACTGCAGGCCAGAGAGGACACAGGGAATAAAGACGAGCAGAATAATGCCTTGTGTATTTCTTCCCATGGAAGCCAAAATCCGCCATTACAGGTTTAAAGTCATCTTCTTTGTATAT,"[[13240090, ""G"", [""A""]]]",yes,no,G->A,1
chr2,127001840,127002167,TAATATGGTAAAGTGCATCTGTCAAAACCCTACAGCAGCAAATGTCCATAACAGCAAAACATGAGAAGCATCCCCCTCCAGAGCCCGGAGCAAGACAGACTCCTGCTAGCTCATCCGCGCTCTCAATGCCATCATCACTTCCGGTTAACTTTGTCCTGGAGCTCCTAGCTATGAAAATAGTGTAAGAAAAACAAGTGTGAGAATTAAGAAGAAAGTTTTTAAAAACCACTATTTGCAGATGATGTTTGCAGATGTCTCAGATCTCCGGAAATAATAGAGGCACTAATGAGTGAGCTCAGCAGGTTGCTGCTCAAGCCCATCCAACAGC,"[[127001896, ""C"", [""A""]]]",yes,no,C->A,1
chr3,64080789,64081113,CCAGGGTAAGCTTTCTGCAAAACACATTGAATCCATCTGTGCTCCTGCATGAGAAGCTTTGAGGCTCCTCACTGCCCAGAAAATAAAGCTGGAGCTCCTTTGTATGACACCCAAGACCTTTTGCTATCTATTCATCTATTTCCTCAACCTTGTCTCCTAGAACCTGGGATCCAAGCCACACTCAAGTCACAGTCTTTCCTGAACACATCACAGCATTTTATGCCTATGAGCTGCCTTTTCACTCCATCTCCCCCTGCTGAACTCTTACACATCCTTCAAAAGAAACTCAAATAGTTCCTTCAAAAAATCATTATGACTATTTCTC,"[[64080819, ""C"", [""A""]]]",yes,no,C->A,1
chr14,37816783,37817034,TAGCGATGTTTTTATTTTACTTTAGGCCTCAAATATTTCTGTAGGACTTTGAAAAGCCATGAGCTTCAGACACTGTCCCTGGGGCCTGATAAAGGAAAGAGCTCTGGGCTACGGTGGCAGGATCTCTTGTGGACTTAGCCCTTCCAGTGCTTTGAAACAGCCTCTTCCTAGGGGCCACTGGGATCCTTCCCAGCTGACTTCCCTAACTTCGGATCTGGGGATTAGAGTTTCCATTTCTCCCTTGCAGGAGAG,"[[37816793, ""C"", [""T""]], [37816993, ""A"", [""G""]]]",yes,yes,C->T,2
chr7,85725168,85725400,TGTATCAAAGTGGTTTTGCTGTTAAGTCTAGCGGGAATCTGCTGAAGAAAGGCCACAACAGAATCCTGGAAATCAATACGGAGCATTTTGTGTCAAAAGTACTTTCTGTCAACCTAGAGTACATTTTGCTCAAAGGAGATGACTGGTTCAGGCATAGATAAACTATTATTAGAGAGACACATCCTCAGAGGCCTCATTGCATTTATTTGTTGCTTTTAATTTTGTTTTTAATC,"[[85725185, ""C"", [""G""]]]",yes,no,C->G,1
chr3,159532674,159532960,TGTGTTGTTCCAATGTCATGACCAAATTCCAGCTACAGTGCTTACTTCAGTCTACACTGCCTATAGGAAATGCCCCCTGTGGTCTGAACAGGATACCAGACTTTGTTGATGACATCACTAGAACTGATGGGAGGGCTCTGCTAAGCAGCTGCCATGTGCTTACACTTCAAGTGAAGATGAAGCAGAGTTGTGTATTGAGTGAGCTGTAAGTCCCAAAACAAACTCTAAGTCACAAAAGGTACTTTTAATTATTTATGAGTATGACCAACAAGTATGTTATAAAATTA,N,no,no,N,0
chr14,86055544,86055913,GATCGTAGAGTTTTGAAATCCATAAGAAAAAAAAAAGGTATGTATTTTGTGGAATAGAAAGAGCACTATCAAGAGCTATTGGCAGATCAGCTAAAACAAGGACAGAGTTGGTACTATATCCTGATATAAGACAGTGAGTTTCATGATAAGCCCCATCTGCTGGTGAGGATAAGATTGTGTAATGTACTGCCAGGTTTGATTGAGGATGGCTCAGTGGTTGGAAGAAGCTTGCACCTAAAACCTCAAGTTGAAAAGAGGTGAGACAGGAAAAGGCTAAGACACAGAGCAATTTATTACGTTTCTATGCCTGTAAACTCCTGGCATAGTGTTACTGGCAAATCAGGCACTTAATAGATGTATGTCAATAGAT,"[[86055633, ""A"", [""G""]]]",yes,no,A->G,1
chr6,129253692,129254122,CTGGGGGGCTTATATATTTTTGTCAGCATTGCTTTTCAGTCTAGTTAATACAAAGACATTTCCCCCTGATTTATGTTGGACAGTTTCAGTGTCTACCCGTCTTAAAATCACTGGTTTCATTTGCAGTCTTCTGAGCTTTCGCCATACAGGAGGAATGCATTCACAGCGCGGCTCTGTGAAATGACACAAGAGCTAATCCAAGTAGGTGGCTACTTTCTGTCACCTACATTACCTAAAGCACTGTGGTTCAATAAGTAAAAGCCAATGTCAAATTTGAAACTCCTACCCACTCAGGTGAGCTGAAAGTCGGCATGAATCTGGAGTCAGTCAGTAAGCTTGTTATATTTTATCTTTGATCTACTAGTAGATTGAGTCATATTTGTAAAACATCACTTGAATTGATTTCAACTTGTCTTGCACAGTAGGCTTTC,"[[129253731, ""G"", [""T""]], [129253827, ""G"", [""C""]]]",yes,yes,G->T,2
chr6,163183847,163184147,TGTATTACAAAATATTTCCTTTTGGATTCTTAATACAAAGCAATGCAACACTGATTTGGTTTAAAATAAAATATGGAGAGATTCTTGTCCTGTAGGAAGCTCATCACTCTAATGGGTGTCTTACTCACTGGAACAGTATTTTGGCTGTACTGGAGCACATCGAAAGGAATGAGATTTAGCTTTGCCAAACTTCCACTGTGAAAGAGTTTGCTACAACAGTGTTTTATTTTATTCTTATTGAACTTCAGCCAGTTGAAAATAGAATCTCCTCACCATCCTTTTAAATTAGCCTTAAGCTGCA,"[[163183856, ""C"", [""A""]], [163183900, ""G"", [""A""]], [163183935, ""T"", [""C""]]]",yes,yes,G->A,3
chr19,29514775,29515138,AGGAAGAAGGAGGGGGGGACATGAGGAAGACAGAGAGTGAGGATGAGGAGGAAGGAGACGGTCTCTTCCAAGAGCAAGGTCTCCACTTTCCTGTTGCCTCACACGGACTGCCGGCCTCTTGGCTGGAACACACCTTGCTGCCTTTTCCCTACACACACACATTCTGTATACATACATACGGCCTGCACACACTCTGGGCATGTCATTATACACACTGTGTCATCTGCTCACATCAGCTGTCACTCCTCTATGCCAGCAGACATTATTTGTGTGTGTGCACACACACACACACACACAGGGGACTCCCCATCTGCACACACGCTCTCTGTCTGCACACAATAGGCATGCCATCCACACACGGGTA,"[[29514787, ""A"", [""G""]], [29514954, ""C"", [""G""]], [29515055, ""G"", [""A""]]]",yes,yes,C->G,3
chr11,130944422,130944697,CAGGGGATTGGGACTGCGAGAGAGTGCATTCTATTAGATTGATACAAATTATTGGTAGTGTTATTGTTCTTAAATTGTATGGTGGATCATGAATTTTCTTTTATTAAGTGAATTGGCCCTGCAATTCTCTACCTCATCCTTTGACAGTGATTCATAATCTATACCAAAACAGGATGAGGTTAGTAGGCATTTTCAATTCTAACTGTGCACCATAATCACCTAAGAAAGTTTTAAAAAACACCAGTGCCTACGTCTAATCTGCAGATATTCTGATTT,"[[130944438, ""G"", [""C""]]]",yes,no,G->C,1
chr14,57659013,57659463,AGGTTGGCTGGGCTCTCAGATATCATCGTCTAGGGAAGCCAAGACACTATCCCTAGTGGAACTTAAATCAGAAGAATTCAGAAAGATTCCTTCAGTTTTCTACTTTCTCAGGCGTGGGACTATTCCCCTGTTTAATTACCAAGGAAACTCAAAATGAGGAAGAAAGGTATGCCTGGTTTCCAGGACAGCAAAGACTGGAGGCTGCTCATTCTCTAGTTGGTCACATGTGAAAAGGAATCCCAAGGGACAGAGGAGGTGGTGACAGTCATTAAAGAAAGGAAAGCAGGCTGAGTCCCTGGAGTCTGCAGCAAGGGAAAAAAGAACACATGCAGATAGCTTAGATCAGGGAAGTGGCCCTGAGGTCTCAGCAGTCAGAGTTTTTAAGTTCCTACAATGAACTAGTTCCTACATCTGTGCCACCCAGAGACCTGAAAGGGAGCAGTCAGAATTA,"[[57659039, ""T"", [""C""]], [57659073, ""T"", [""A""]]]",yes,yes,T->C,2
chr17,9671444,9671795,CACTGTTCAGTGAGCAGGTAAAGTGGACTGGGTTTGAGGTGAAAGATGTGTGTGTATTTGGCAGCAGTTAAAGGGCAGAGTGACAAGAAATTCAGGGGCAAAGCCTGGGGCTCTTTGGTGGGCGTTTGTAGCAGGTGGAAAAGCAAACCGCAGCCCTGAGTTTTAATAGCACTGACGGGATTAGCTTTGTTAACAGAAGCAATTTGACAAGGAGAATGAATACCTTAGGGAAATGGGCCTGTGAACATTGAAAGGCAGTGGGGTGATTTTCTGTTCCTTTTCCCCTTGAGTGCACTTGTGAGACAACAGGGCAGGACTGTGAATGTCCTGGAGGGAATGGGGAGAATGGAGG,N,no,no,N,0
chr19,46230229,46230607,CACCTGCCACTACCTCCTGTATCTCACCAGCTCTGTCTCCTCCAGTGGCCCCCATGACTCCTTACCTGATGCTGTGCCAGCCACACAAGAGATGTGGGGACAAGTTCTACGACCCCCTGCAGCACTGTTGCTATGATGATGCCGTCGTGCCCTTGGCCAGGACCCAGACGTGTGGAAACTGCACCTTCAGAGTCTGCTTTGAGCAGTGCTGCCCCTGGACCTTCATGGTGAAGCTGATAAACCAGAACTGCGACTCAGCCCGGACCTCGGATGACAGGCTTTGTCGCAGGTGAGTCCTGTCCCCTCCGTGGGATTGTGGGTGCAGGGTAGCTGCATGCCTGTTCTGCCCTGGGTGGAGCCCCCATTCTCCTTGTCTCCC,"[[46230248, ""G"", [""T""]]]",yes,no,G->T,1
chr13,94268684,94269109,TTCGTCTGAAAATCTGGCATAGGTACGTAAAGAAAATGAGAGGAAATCTTTCAGAAGAACATCAAGGCCTGTGACATGGGATGCTTTATTTGACAAAGACAACAAAGATTTCCCTCACTGAAGAACATCTCTCATATTTCATGACTCTTATTATAACGTTGTGACAAATTCTGGAAGCATTTCCTGGCCTTTCACATTGCCTCTTGAGTATGGACATTTTAACGTACTTACTAGTGTTTAGAAGCAGAGATGTTAATGGTTGAAACCTTGGAAGCCAGGGGCTCATGGGCTGGGAGGGCATCCAATTCTGTTCTCAGTACAGAACCTCTCACTCCATTAAGCTTGTTTTATTTTTATTTTTTTCAAAATGAGGCGAAGAATAACATCGACCTCTTAGAATCAAGGAGATTAAATGAAATACTGCAT,"[[94268721, ""A"", [""G""]], [94269088, ""A"", [""G""]]]",yes,yes,A->G,2
chr10,78594841,78595272,TATAATTATCTGCTTAAAGTATATATCCTGCAGGATTCCAAGTTTCCCAAGGGGCAGAAACTCTCTCATTCATATTCATTCCCAAGGGCTAGCACTATCTGACCTGTAGTAGACCCTTAATAAGCATAATAAGCATGTGTTGAATCAATAAATGAAGGGTAAATGCTAAGCACGTGATTGTTGGCTAACCGAGTGCATCAGGCCCTCTTGAGCATGACAGCAGATCCTCTGCACCTGCTCTTACTCCAGGCACAGCCCGGGTCATCCATTCCATGCAGTCTCTGACCACATGGGGCAGGGGTGGCCTGGTGCCTCCCCCACAGGCTTGCCCTGTTCAACTCTCTCGTCCTCCCTGGTATGGCAAGCCCTTGGCATCTCTCTTTACTTACACATCCTCAGCCAGAGGTGTCAGCAGTTTGGAGCCAGTTTTGA,"[[78594853, ""T"", [""C""]], [78595059, ""G"", [""A""]]]",yes,yes,T->C,2
chr12,59905934,59906204,TAGGTTTTAAGGCTCTCTTAGTGATGGGGCTCTGGATCAAAGGGCACCAGCTTCCTGAAGCATGTTATTCTTACGGTACACTAGAAGAGTGCAAAGGAATTGTGCCATACTTTTTAAGGCCTCAGCTCAGAAGCTGCACACTATAACTTCTGATCACATCTGATTAGTTCAAGCAAGTCATGTGTAGTGTGATGGATTCCCCACTAGGCTTAAGGGTGTTATGTCTGCTGCCTGAACCTTGAAGGCTGGGCAGTGAGCCAAGGCCATGTTG,"[[59905957, ""C"", [""A""]]]",yes,no,C->A,1
chr2,85843536,85843991,GAAATGTCTATTCCTATTTTTTGCCCATTTTCTATTGGTTCATCTTTTTCTCTTTGATTTATTAAGAGCTCTTTGTATTCTGAGAGTGTTTATTCTCATTGTACATGTGATAATTTCCACACAGGTCTTAAGTTTTAAAGACACCAGTCAAGTTATTCAGATCAAGAAGCCGCAAGTAATAAAGGCATGCACACCCCCACGCCCCTGGTGGCAGCACTTGCTAATTGTAGGTAAAGAATCTCTACTGCAATAAACAGCCTAGAGCACAAAGTTCCCAAATTAGGCTGCAAAATAAAAATCGTCCACGGAATTTAGAAAATCTTAAAACACAAAACAATTAGAATGTCTGAGATGAGACCCAGGCATTAACTGAAAAACACTGTTCTTGAGGATTAACTTTTATAACTATCACCTACAAAGTGATGATAAAAATCAATACTCACCTGAATGGCCCAC,"[[85843597, ""G"", [""T""]], [85843763, ""C"", [""T""]]]",yes,yes,G->T,2
chr1,217734963,217735417,AAAGAGCTGGAGTTCTGGTTCTACCCCGGCTTCCCAACAGAGGACTTTCACAATGTAGTTTCTTCTCTCTCCTAATTAAACCATCAGGAGTGATGAAATATACTAGTCAACTGAGAAATAGTTAAAGAGGATGCTGGCACCAAGTTCGTACTAGGTATTACACCAAGTGTTTTGGGAGGGGCACATCAATGAATAAACATTATTCTTGACCTTCAGGACCGGTCTTAGTCAGTTTGGGCTGCTGTAGCAGAATTCCAGAGAGTGACTAAACAAGAGAAATTTGTTTCTCACAGTTCTGGAGACTGGAAAATCCAAGACAGGTGCCAACATATCCATCTGGTAAGGGCACTCTTCTTTGTTTGCAGGCAGTTAACTTCTCCTTGTGTCCTCACAGAGGGAGAGCATCTTTCTCATGTCTGTTTTAAATCCCATGGCACTAATCCCATTCAATGGGG,"[[217734990, ""C"", [""G""]]]",yes,no,C->G,1
chr7,45288943,45289221,TCTGCTATCTGTCATGCAATGCTAGAATCAGGTTGGATTTGTTATCTTATGTGAAAGGAAAATAAATCTTGGGGCCTCTAAATCACTAAGCTGTTGCTGACCCTTTGTTTTGTTTTTCAGAGTCTTAAAACTTTTCTTTTGAGCTATTGATACCTTTTAACAATTTAGTATACTCCCATGAACAAAATTTGGAGCATATTTATTTCTGTCTACCTGATTTCTCCAGAATTTGGAAACTATTTGTGAGTATTCTAACTTATGGCAATGCAGTTATTTGCG,"[[45288957, ""C"", [""T""]], [45289221, ""A"", [""G""]]]",yes,yes,C->T,2
chr2,89811444,89811799,CCATTCCATTCGAGTCCATTCCACTCCAGTCCATTCCATTCAAGTCCACTCCATTCCAGTCCATTCCATTCTATTCCATTGCGTTCGATCCATTCCATTCCATTCGATGCCATTCCATTCGATTACACTCCATTCCTTTCCATTGCATTCCATTCCATTCCATTCCATTGCATTCCATTCCATTCCATTTGATTGTATTCCATTCGAATCCATTCCATTGGAATCAATTACATTGCAATCCATTACATTAGAGTCCGTTCTATTCCATTCCATCAAATTCAGTTCCATTCCATTCGATTCCATTCCATACTATTGCATTCCATTCGATTCCATTCTATTCGAATAAATACCATTCG,"[[89811480, ""T"", [""C""]]]",yes,no,T->C,1
chr19,55131403,55131795,CCAGAACATGTTCATCATCGAAAAAGAAACGCCATTCTCTTAGCTGTCATCTCTACCCACCGTCCCCTAGCCCCTCAAAAACACGAACCTCCTTCCTACTTCTGTGGATTTGCCTATTCTAGAAAATTCATATAAGTGGAATCATATGTGACCTTTGATGTCTGGTTCCTTTCGCTTAGTATGTTTTCAAGGTTCGTGCGTGTCACACCACATGTCAGCACTTCATTCCTTTCCGTGGCTAGACAACATTCCACTGTGTGGATGAACCAACGTATGTTTATCCGTTCATCAGTTAATGAGCATTTGAGTTGCTTCTGCCTTTTGGCTATTATGAAAAACTAGCGGTGGGCCAGGCGCGGTGGCTCACGGCTGTACTCCCAGCACTTTGGGAGG,"[[55131447, ""C"", [""T""]], [55131777, ""A"", [""C""]]]",yes,yes,C->T,2
chr10,118301209,118301673,AACGACATTAGTACTAACAAACACTTACACACTTTCACAGAATTGTCAAGGACTACGAAGGGTCTGAGATTTCACCCTACTTGCAACTTAGCAAGTCAGTTGGCCAGTTTTACAAATGCTGATAGAAGACACTAGACTCTCAGTTCAGACATTTACTCACAACAGAAATAGCCATCAGCATTTTTGCATTGATTCCTACAGTATGACAGTTAAGAGGGCCAAAAGACACCTGTATACTGCATGACTTTCATTCAAGAACAGGAACTCTGAGTTAGGAAACCGAATCTTTTGTAATGGGAGTAAGCATGTCTGTTCTTTGCTCTAGAGTGAGACACTATCTCAATCTTCCAAGGATGTTATATACAAACATCCTTGCAAAGATAGTTTGGAACAAAAGGGTACTTAGTGCCTTGCTTCCAAGACGTGTAGAAATGCAAGAATTGTCCAGAGAATTGTCTCCCAACA,"[[118301212, ""A"", [""G""]]]",yes,no,A->G,1
chr10,64205241,64205693,CCTGGTAGACAAAAGTCTATAGCAAAAATATAGGAACTTTGGTGTTTTCCAAGAAAAGAAAACTTAAACCACGAGCTTTTATTTTAAAGATTATTGTTTCTTTACCAACACGGCAGTACCCAATGTCTGCCTGAGGAATAAGAAATGGATTCATTCATGATGATTAATGGAGCCTCAGCTCCTGTCTTTATCCCAGGGATGTCCTCAGTCACGACATCTGGCTCTCGACACTCAGCCTGATGTCATTGATCTTGGCCTGAGAGGCTCATCACATTTCACACACTGCAGGCCACCATTAGCTTGAATAATTAAGAGTTGGTTAAGTCTTACCCTTCCAAGATTCTGTCACGAACTTTAACAGTTTGGAGAGAATTTAAGTAATTTGGATAACTGCATAAACTCTTTATTGAGATTAACTAGATTAGACTCTAAACAAAGATGTTTTTAAAAACA,"[[64205301, ""G"", [""A""]]]",yes,no,G->A,1
chr3,52633860,52634069,TTTGTGGTTGAGACGTCCTACTATTTTTAATGACACTATTGTGATTTAAGTATTCTGTCTGGTAGCCCAATGATCACTTTAACATTTTCTAAATAGAAAAAAGAGAACAAGATGAATCATCTTTCTGGTATGGTTGCGGTTAATGAATTCTCCAGGAACTGACTATGCTTATCCTGGGGTTTCAACTATAGATACATAACTTAAATACAG,N,no,no,N,0
chr4,87243550,87243816,CATCACATATGAGTTTCCTCAATAAGATTAACAGCCAATTTTTCACCTAAAGCATGGAAGCCAGAAAGCAGTGGGATGACATTCGAAGTGTTGAAAGAAAAAGACTGTCAACCAAGAATTTCATATCCAACAAAGCTAACCTTTAAAAATGAAGGACAAATTAAGACATTTCCAGATAAACAAAACTGAAAAGAATTCATCACTAGCAATCTTCCCTACAAGAAATGCTAAAGGGAGTCCTTCAGGCTGAAAGTACAGAATACTAGA,"[[87243601, ""C"", [""G""]], [87243805, ""G"", [""C""]]]",yes,yes,G->C,2
chr19,5738309,5738733,CTAATATGGGCAACATGGTGAGACCTTGTCTCTACTCAAAATACAAAAAAAAAAAAAAAAAGGAAAAGAAAAAAATAGCTAGATATGGTGGTGAGCACCTATAGTCCCAGTTACTCAGGTCGCTGGGGTGGGAGGATGGCTTGAGCCCAGAAGGCGCAGGTTATAGTGAGCTGAGATCATGCCACTGCACTCGGCTGGGGCAATAGAGCCAGAACTTGTCTCGAAACAAAAACAAACCAAAAAACAAACTTAATTACTAATAGCCTACTGTTGCCTGGAAGCCTCACTAATAACATAAACAGTCTATGACTGTCACCCAGGGTAGAGTGCAGTGGCGCAATCTCGGCTCATTGCAACCTCCGCCTCCCAGGCTTCAGTGATTCCCCTGGCTCAGCCTCCTGAGTAGCTGGGACTACAGGTACACA,"[[5738370, ""A"", [""G""]]]",yes,no,A->G,1
chrX,55180057,55180334,TTTATTTCTAGGCCTGTTGAGATGAGAAATCAGTGTGATCCTAGCATTGTGATAAGAGTTCCTGTAAAAATAATAAGGGAAATAGCAAGTTGAGCTAAGGGTTTAATTAGTATGGGAAGGGTGTAACCAACATTTTCGGAGTATGGGCCCGATAGCTTATTTAGCTGACCTTACTCTAGGACATGGTGTGATAGGTAGCATGGAGAATTTTGGATTCTCAGGGGTAGGTTCAATTCCTACAGTTCTAGAAATAAGAGGATTTTAACCTCTGTTGTTTA,N,no,no,N,0
chr15,65213322,65213568,TGGTTCCCAAGTAGACCTGGGGCATAGATCTGATTTGCTTTATCTCCTGGAGCCCCGTCTCCCTCCTGGCCACCAGCCCTTGGTTCATAAGCCCTGTAGTTGGCCCTAGTCTGGTCCAACTTGTCCGAGCCAAGCCATGACTCAGTTTCAGCCATGGCTTTGACTACAGACGTCTGAACTGAGTGAACCCCATGTGAAATCTGATGGCCTAAGGAATAGACAGACAGACAGGCTGAGCCACAATCCC,"[[65213447, ""A"", [""C""]], [65213487, ""G"", [""A""]]]",yes,yes,G->A,2
chr15,28080356,28080819,GCAGAAACTGAAAAGCCGCCAACAGGAGAACATGTATTAATGGTAGCATATTCGCATAATGAAATTCTATGCAAGGAGTTCACACGAATGAACGAGAGCTACAGGCATCAGCACAGAGAAACCTCAAAACACGTTGCCAAAGAGAGCAACTCAAAGTTTCACCACTTGCAAAAGGACAGCATAGACTGTAAGTCAATAGAAACATTCAGTGAAAGCATGAGCACGCACGCTAGGGAGCTCCCCCTGGAGCGGGCAGGATGACAGCAGCAGCATGCACCACACCCGCATGCAATTCTGTGGTGCTTTGTTAAAGGCTGGAGAGACCATCAGTACTGCAGGGGTCGGAGCTCTGGCTGTGGGAACGAGGATCCTCAGATCTGCCATGTAATCGATATGGCCCAACAAAGACAGTCAGAGACACCTACTCACAGGATGCTGCTTTTCTCATTACAAGGACATCTATG,"[[28080409, ""A"", [""G""]], [28080471, ""A"", [""G""]], [28080488, ""A"", [""G""]], [28080583, ""A"", [""C""]], [28080587, ""G"", [""A""]], [28080784, ""T"", [""C""]]]",yes,yes,A->G,6
chr3,81766,82192,TGGAGATCAGTTTGTAGACATGCAGGAAATGTTAGTTCTCTGCAAATACAGTTATTCATACCTTGATGTCAATTGTATCACCCTCAGCGGAGACAGTTTTTCAGATGTCACCAGTGTTGTGGACAGGAAGTCTGTATTTAGGCAGCCTTCAGAAGCCCTTGAACTCCCTGAAGTGAAATCTGGAGGGACTGGAAATGGCATGAGACTGAAGGCAGCACGAGTGCAGCTAATGAAATATGGGCATCCTCCAGTGGCTGCCGTTCATTTCACTGGCCCCATGCACAGGTTGTACCAGATGGTGCTCTCATGGTTTCCATCAATGCAGAACTGTGATGAAGAAGGGGAGGAGAAAAATGGATGAGAAAAATAACACCAATCTGCACAGCTGAAAATAATTATGATTACATGGCTAATGACCCAGGGAATT,"[[81800, ""A"", [""G""]]]",yes,no,A->G,1
chr2,37357159,37357429,GCTAACAGATATATTTTTTAAAATTCCAATTCATTTTGTGAGCTTGCAATCTGCAATTGGTGTTGAAGAAGCCATTTTATGGAACATTTTATCATCTGGATACCAGATGTTCTGGAGTATATGCTTTTTTTTTTTTTAAATGACCCATTTTGTGGAATTTTTTTTTTTTTTACAGTCTAGGGATAACTCATTTTCATAGTCTGCAGAAAAACTCATGTTAGGTGCATAGTGATTTCTCTCTATTCAAACTATTAATGCTTTGTATCGTATA,"[[37357242, ""G"", [""A""]]]",yes,no,G->A,1
chr18,63092590,63092894,TATTTAAATCTTGGAAAGAATGTGGCAAACCCTTTCACAACCTGTGAAACCCTGTGTGGCCCAGTTCCTAAGAGGCCACAGATAGTACCTAGGCCTGTGAGGAACCGGGCCATGCGGCAGGAGGTGAGCAGCAGGCGGGCAAACAAAACTTCCTCTGCATTTACAGCTGCTCCCCATCGCTCACATGACCACCTGCGCTCCGCCTCCTGTCAGATCAGCGGAGGCATTAGATTCTCATAGGACCGCGAACCCTATTGTGAACTGCACATGGGAGGGATCTAGGTTGCGGCTCCTTAGGAGAATCC,"[[63092760, ""C"", [""T""]]]",yes,no,C->T,1
chr2,212477673,212477965,TGAGACAATTAAATGCTGTGTCTTTTTTTGTTCAGAGGCAAGATGAAGGTAATTTGCTGCTTCATGCATCTGTTTCCTCATCAGCACAGTGAGGACTAGGCTAATTAGGGGATGAAAACAATATGGTCATATGGATAGGCCAGATTGCTTGTCACTCAGTTATTCAATATGTGGGCTCTGTTTTGAGGACAGGAAACAGATAATGATTCTCTGGCATCTCTCTTGCAATGTGTGAAAAGAAAGAACAGGGAAGTGTTCAGATGTTTACCTGCTTATTTTTAGCCTTCATCCTA,"[[212477712, ""G"", [""A""]]]",yes,no,G->A,1
chr7,136000327,136000648,CTCATTCATCCACTCAGCAAATATGTAATAGCTGCCTGGGGTAGGCAGACACCAGTGATATTTGCCTTCATCCTTTCACTCATTCATCCACTCAGCAAATATGTAATAGCTGCCTGGGGTAGGCAGACGCCAGTGATCTTTGCCTTCTGGTGTTTATGTTGTTGCATCATCCTCTCTCCTTGAGTGTGTGCTGGCCTAGTGACTTGTTTCTAACCAGTAGAATGCAGCAAAGGTGATGAGATATTACTTCTATGATAGTTTACATAAGATTGTAACTCCTCTCTTGCTGTTTCCTTCTTGGCTTGCACACATTGATAAAGCA,"[[136000377, ""G"", [""A""]]]",yes,no,G->A,1
chr4,140514470,140514780,TTCCTGCTATACAGGAACTCTCATGGACAAACCGAGAAACTCGTTCTATTTGGTGGAGAGTCATGAGGTTTAGATCATTCAGCAACAGAAGGGGTCTCCTAATTAGTTAGTTCTAAAGCAAGGATGCCACCTGCTCACATATGAATTATAACTCCCCAGAGACACCTCTCCTGACATGAATCCTTTTGAAAATTGTGTTGTGCAGCTTCCTCTTTATTACAACCTAATTTTTATATCACTTGTGATATAACAGTTAGTTCAAGTCTTAATATAATTTGATGCTCTTAAGTTATGGGGACTGATTTCAGTGG,N,no,no,N,0
chr9,111237422,111237911,AAAAACAAACGAACAAAACAAAACAACTCTCCTGTTTTAGGCATTATCCAAATCCAAACTGATTTGCAACACTTTTATGAGAGCTAAGGTAAGGGCTCCTGGGGGTCAAACGCATTTCAGCAAATCTTCCTGATGAAGCAGAGGCTTAGAGGTCCAGAGACCACACTGCATGTATCAGCCACAAACCTCTCATGGGGCCAAAAGCTACCTGTTCTGAGGTTTCCTGTTCTGGGAACATCCTCCCTTGACCACAGGCCTGAGAAACTGCAGGACAGAAACTCCTCCTATATGCTTCAGAGCCTCCTTTTCTTTGCTCTTGCATAGACCTGCACACTGGGCTTGTACTTCTAACAGCTGCTGACATTTATCACATTATCCTATTTAATTTTCTCTTTCAGCAGATTTATGTACTTTATTTTATTGTTTCATTATTCTATGCTCTTGCTAATGCTTTTCTTGCTAAGTGTGTGTGTGTGTGTATATATATACA,"[[111237432, ""A"", [""G""]]]",yes,no,A->G,1
chr1,118902636,118902889,ATTGTGCCTTTATTAACTTCAGGTTCAGAGAGGTTTGCATTTTCCTTGTCTTTTTCCATTCCAGCCATAGAACTTCTGAGCTTCAGCAGAGTCTGAGTTCCCTTGCAGGGGTGAGTCATTTCACCTCCCATCTTTTCTTTTGAGAGTTCTTGCCAACCACCTATTAACGTCTTCAGCCAGTTGGATGTCTAGTCAAAATTTACCCTGTGCTACACATTGTTTACTCATTTGTCATCATTTTACTCTAGTTTTGT,N,no,no,N,0
chr17,21350742,21350994,ACAGCGCCACTGAGGCATCCAGAGGCTGCAACCTCCACCAGCAACAGTCACGTCCGTGGTGTTTGTGCTTCACTACAAGTCCCTGGCCAGCAGGCTGGCACGTTTCATTTTCATTTTCGTGGGCACTGTGCACGGCCCCATGTTCACAGGAATCCAGGCACGGAGTGGACGTCCCCTCCCTGCCGCATCCCCAGCCTCTCGGTTCTCTCCAGAGGTCAGCGCTGGATTGTTTGTGTGTCCTGCTGGAGACTCC,N,no,no,N,0
chr8,101317719,101318031,ACTACAGGGTGTCGTCTGTCCATCACTCTGAATTGTAATTGTCTGTGCTTCCCATTGGACCAGGGGCTCTGTGAGGAGCAAAGGAAAGCACACCACAAGAGCCAGAGGGAGAGAGCTTGGCAGAACTCTGGAGGGAGCCTTTCCAAGACCTGCTTTTAGTGGAAGCTACAAAACCTCCTGGGAGGAGACTGAATTCCATGTTGGTGTTGCACTATTGCTTTAAAGGTGACTTAAGCTCTTTGTTAGGAAACCAATGGTGTTTTCTTTGATGCCATGTTCCTGAAAATTACTAGTCTAAGATTAACCTTATCAC,"[[101317722, ""C"", [""A""]]]",yes,no,C->A,1
chr2,37244131,37244510,AGAGCCAGGAGCATGGGTTAAAATCATTTCTTAAGTGTGTGACCTTAACGTCATGTAGTAAGAGAAAGTAAGTAACCGCTTACTCAGCCAAGTCTCTTACTTTCACTGCTTATCTCAGTTTCATGTCAAATGGTAATGGTATTGTCCACAGGAAGAGTTTACATCTGTGAAAGCAATGTAGTACAGACTATAGTAAATTAACAATAACAGCTAACGTTTGTTGAGTACTTTGTGTTACTCTGTTTTCTCATTTAATTCTCAAAGCAACTATATTAGGTAGGTTCTATTATTATCCTTCTTTGGGCTACAGCATGGCTTTTATCCCATGCTTCCACACAGATCTCAGTTTGATTCGGCCAGAATGGTAGAATTACTACTGC,"[[37244135, ""G"", [""C""]]]",yes,no,G->C,1
chr9,132837897,132838134,CAGACCTCCACTTCCAATACCCTGCAAAGCTAACTGCATCTGTATTTGAGGAACACACAGCCAGGGCCTCAGCAGAGCTGTGGATCAATAAAACCGCACTCCTTGGAGGAGGCAAGTGACATCTATAAACCCGTGAGTGTCAAAACAATGGCAAGAAAATCCTGTGTTCCTACTGTCAGTGGGATGAAAGTGGTGTAATTAATGCCAGCCCAATGACACCACAAGGAGAAATAAAACA,"[[132837915, ""C"", [""A""]]]",yes,no,C->A,1
chr7,108492829,108493191,CATTGTATACAGTCTCTTCCCATACAGACTCTTGGTTGGCATGGCTTTCGTCCATGTGACCTCAACAAACATGCCATTAAACTGAGGCTTGATAAGTGCTTATGCACTGGGGCTTGCTCTCTGGGAACTCTGAAACCACAATGATGAGACGAAGCTTGGGTGAGAATGACCAGGTGGAGAGAGAGGCTTCCCAGGCCCATTGGTAGAGCCACCAAGTGAGCTCCGGCAAGAACAGAAGAAACACCCAGTCAAACCACAGAGTCATGAGACTAAATCATCATTGTTTTAAGCCACTAAGTTTTGGAGTGGCTTGTTCTGCAGCAAAGGCTGAGTTTGAAAAAGCAGAGAAAGAAAAAACAACTA,"[[108492849, ""T"", [""C""]]]",yes,no,T->C,1
chr4,166674099,166674378,TGTGTAGTGACAAGAGGAAATGCCAGCCATTTTTATTTTGTTGGAAAATGGCTCAAAGGCAAAGAGATTCTAGCCCCTGGAGACTCGCAATAACCTATAATGAGGGCAACAGCCATCATACAAGAAATGTAACAGATGGCAGCATGGTCACCTCACTCAGACACAGGTTACAAAAAAGATGAATATAGGATTTTAATATTTAGAATATATGAAGGAGACGGCTCTTAGACCAGGCAGTAAAACTAAAAGACATATAGCACCAAGAATATCAAAACTATTA,N,no,no,N,0
chr22,33789050,33789257,CCAGGGCACGTCAGAGGTCTTCACAGCAGCCCCTCACATCACAGGCTTGGAGGCCTAGGAGGAAAAAATGGTTTCGTGGGTCAGGCCCAGGGCCTTGCTGCTTTCTGCTGTCTCAGGACTTGGTGCCCTGTGTCCCAGCCGTGGCTAAAAGGAGCCAACATAGAGCTCAGGCCATTGCTTCGGAGGGTGCAAGGCTGAAGCCTTGGTG,"[[33789058, ""A"", [""C""]]]",yes,no,A->C,1
chr7,137836139,137836502,AAAAAAATCCCTTAGACTTTGTTATAAGTAATTCCACGCTGGCTCATAGAAAGTTTCTGTTTTAATCTTTAAATAGCTTGGGCATTTATTTTTGAAGTAGAGGTTTATTTTCCTAAGAAATTCTGAAAGTTTTCTTCAAATGAGAAAGTATGACTCAGGTTTTCAAAATGTTCCTTTGGAACTTTCTAGGTGTCTCTAACTGCACTCATGAACATACTGACGAATTCTGAAGGATGTTGTTATGGAAAAACTCATATTGCAAAGACTTGCAGCTCAAACAGGTCCTCGAGCTAAAGGTAAAAGACCAGACTCTTCTAAGAATATCTTTTGTAAAAATCAAATGGGGCTGACTATGCCATTTCAG,"[[137836192, ""C"", [""T""]], [137836287, ""A"", [""T""]]]",yes,yes,A->T,2
chr15,29295920,29296123,GGAAAGTGAAACCTTGGGGAAGAGGGGACTGCTGTATAAAAAACTTTGAAACCTTTTCCATATGTGTGTGGGCTCCATCCAATCACGTGAAGGCCTCAAGGGAACAAGACTGACCTCCCCTGAGCAAGGAGGAATTCTGCCAGCAGAAGGGCTTTGGATCGAACTGTAACTCTTCCCTGGGTCTCCAGTCTGCTGGCCTACCCT,N,no,no,N,0
chr3,109642017,109642482,CAACACTGTAAATGTGAGTCAAATTGATGTGGAAAATAACAGAACTTCACGAACTAAAAACTAGCTCAAAATGCCAGTAAAAATAGAGACATAATATAGATGGACCTAGAGAGTTTCCCAATCAGGAAAGATGAGAGTGCAGAGAAAAAGCACCTAGGATGATTAAGAGAAGGAAGGCAGAGATTGATAACATGATAAGGGTGTCAGTATGAATAATGTCACTAAGAAACTCTGGAACAAGTTAGGATACAAATAAATTAAATCTAAGCAAGGCAGTCTCAAAAAGGCCTCTGAGTAATGCTAACAAACAATGATTTAGCACACCCAGTAAAAAGTAGAATTACCAGCCTGGGCAACATGGTGAAACCCCATCTCTAGTAAAAATACAAAAACTAGCCAGGTTTGGTGGCCCACACCTGTAGTCCCAGCTACTTGGGGGGCTGAGGTGAGAGAATGATTTGAGTCT,"[[109642115, ""C"", [""G""]]]",yes,no,C->G,1
chr6,2561595,2562080,TGCAATAAAAGTGCTTGAAAGCTCTACCCCATACCCTTGCATTTGGCCGTCCCTGGTTTTGTCCTATGACATAAGTGCTTCCTGGGCTCCCTAAAGTTTTTAGCTTCCCTTCCAGAAACTCTTGACATTTGGTTGAGTAGATCCTCTCAATGCTTCCAATTCAGTCAACGAACACTTATGGAGCAACGACAGTATTCCCGCCGTATGCTTAGAGCTCGGAATGGAGCCTCATATGCCTGAATTCAAGGGACTCAATCTAGCACAAAGGCAGACACACTCTCATGGGAGCTTATAAGTAACATTAACAGCTCAGATTAAGTACAGTGGAAGTACAGAGAGGTAGTGGAGATGTACAAGGAGTTAATTATTGTTTATTTTTCAAGGGACTCAATCTAGCACAAAGGCAGACACACTCTCATGGGAGCTTATAAGTAACATTAACAGCTCGATTAAGTGCAATGGAAGTACAGAGAGGTAGTGGAGATG,"[[2561643, ""A"", [""G""]], [2561764, ""A"", [""G""]]]",yes,yes,A->G,2
chr2,143842928,143843162,ATGTAGTATGTGAGTGGCTTGGAGAAAAGGCACTATATAAGAGCAAAGAATTATGACAAATGACATTGCAACAGACATGCTGCCATCCCAGAGCTTGAGCCATTTGAGAAGCTATTTTGAATTAATAACACATGCCATCGTGATTACATTTGCTTAGCAGAAACATTTTAAGAAATAACAGTCTGCAAAAGGAAACTGAAACAATGGTTCTCTATCCTGATATAACATACAATTG,"[[143843057, ""G"", [""A""]]]",yes,no,G->A,1
chr11,4140384,4140655,TTCTCTTCCAAGACTTGATAATTTCAGTGTCCTATCTTCCAGTTTTCTGATTCTCTCTTCTTCCTGCTCAAATCTATTGTTGTGCTCCTCTAGTGAATTTTTCATGTCAGTTATTCTTTTCAACTCCAGAATTTTTATTCTTCTTTGTAATTTTTGTCTCTGTTGATATTCTGATTTTGTTAATCATTGTTTTTCTGATTTCCTTTACTTATTTGTTCATCTTTTCCTTTAGCTCTTTGAGTATATTTAATACAGTTGTTTTAATGTCTTTG,"[[4140388, ""A"", [""C""]], [4140489, ""T"", [""G""]]]",yes,yes,T->G,2
chr5,167869210,167869495,AAATAAACATTTGTAAAAGACAATTACGTATTGCATCTGTTGGAGCCCAGGGTTTTATTTGGAGCAGGGTAGAAAATGAGAATGGGTTGGGTTTCCTTAATGAAACCAACTCATAGGTGAATTTGAGTGTAAGGCGACTCTAGGTTGAGGAATAGCCCATTGAAGTTTATGGCAATATGCAAACCTGAGTTCAAATCTTGATTCTTACCTTTGGGTATGTTATTCACGTCCCAGAGTCTCTATACTTGTTGAACAACTGACAGTGTGGGTGATAAGTGTGGAAGGG,"[[167869242, ""A"", [""G""]]]",yes,no,A->G,1
chr4,96093280,96093635,TCCATCCACGTGCAATAGGAACAGCTAAAAAAAAGTCAGTTTCCCTGCCAGAGTCTGTGGAAGGCTATAAAAGACTGTCATTACCCTTGAGACACAAGGAATGTCTTTAAGGTTCAATGCTAGGACTGTAATACTACTTCAGTGCGTGATTATGGGCAAGTCTCTTGTATGTTCTGGGCTTCAGTTTTGTTTCCTCTAAAATGGTTGGAATAATGCATCATTTAGAGGATTGGTGTGAAATTTTAATAAGATAACACGCTTGATTGAGCAGAGACAGAAATTCAACAGGATATTAACTCAATTGACATATTTATATGCTATATACTGTGACAAATGAGGGGAAACAGTGTTAAATA,N,no,no,N,0
chr17,18338588,18339019,TGATGACGATGGCGGTTTTGTCGAATAGAAAAGGGGGAAATGTGGGGAAAAGATAGAGAAATCAGATTGTTGCTGTGTCTGTGTAGAAAGAAGTAGACATAGGAGATTCCATTTTGTTCTGTACTAAGAAAAATTCTTCTGTTAATCTATAACCTTACCCCCAACCCCGTGCTCTCTGAAACATGTGCTGTGTCCACTCAGGGTTAAATGGATTAAGGGTGGTGCAAGATGTGCTTTGTTAAACAGATGCTTGAAGGCGGCATGCTCATTAAGAGTCATCACCACTCCCTAATCTCAAGTACCCAGGGACACAAACACTGCGGAAAGCCGCAGGGTCCTCTGCCTAGGAAAACCAGAGACCCTTGTTCACTTGTTTATCTGCTGACCTTCCCTCCACTATTGTCCTATGACCCTGCCAAATCCCCCTCCACG,N,no,no,N,0
chr13,18849978,18850265,GTGGCTCCCGCCTGTAATCCCAGCACATTGGCAAGCCGAGGTGGGCAGATCACCTGAGGTCAGGAGTTTGAGAGCAGCCTGGCCAACATGGTGAAACCCTATCTCTACTAAAAATAGAAAAATTAGCAGGGTATGGTAGCACGTGCAAGTAGTATCGGCTATTCAAGGGGCTGAGGCAGGAGAATTGCTTGAACCTGAGAGGCAGAGGTGGTAATGAGCCAAGACTGAGCCACTGCACTCCAGCCTTGGTGACAGAGCAAGACTCTGTCTCAAAAACACAAACGAACA,"[[18850077, ""C"", [""T""]]]",yes,no,C->T,1
chr7,80257854,80258118,CTGAAGAAGGAGCACACATTGCAGAGGAGTATCATAAATCACAAACTTAAATAGTCACTGCTTTAAAATCTAGGCTGGCTCTGACTGTAACACTATTTTATGCTCCTCTTTCCCAGCCAATTAAAATTCCAGCAATTACATGGCATTCCAGTTGGCTATTTTTGCTATCTGCGTAAAGGCATGCAATCATCTTAGAATTATAGGATGTGGAAGGAAAGTGAGAATAGTGCAAACGCCTCTTAGTTAAAAAATACATATATTTTCT,"[[80257940, ""A"", [""G""]]]",yes,no,A->G,1
chr5,76209439,76209711,GCTGAAAAGCCAACGGAATCTCATGTTAAGCTCTATCAACCACCTGAGACAAACACCACTGCCACCTCTTGGTAACATAGCTTAATTGCAGGTTCAACTTTTTGGAGGCATAATAAACCTATATTAAATACAGAGACTATAATTTTTACATTGTAAAATAATAGAAAATATATGTTTGTTGATATGCTGGGATAGGGAGAAAGCATGTGTTGTTAGAGTTTGCTTTGGCTCTGCCCTTTGCGTCTCACATGAGCTGTCCACACCCTGATTTCA,N,no,no,N,0
chr3,146209439,146209690,GTACTCATAAAAATGAATAAGCACACAACAGCTAATGTTTGACTTTAGGAATTTTTTTATCAAGGTCTCTTAAGATAAGCAGTGGTAACTTTGCATTTCACTATGTTTTTTTAAAGTCAAAGAATTGCCAACAATAAGTATGAGAATGCCATTACTGCATATCTATCTAGGTCTGGTTACCAGGAATTTTTTGAATAACTTTGATCATTACTAATTTATTTTTGTTTCACTTTCCAAGTTTTTAAGATTAAT,N,no,no,N,0
chr9,36911563,36911928,TGTTGTAATTTTTCACAGCGCCTTTTGGCAGCCTGGATACATAAGGTGTTCTTGTATTTTTGCTTTCATTATTCATTATGATTTCACTCTGAGAGAAGAGGTATTTCACTGCATCTCATGAGCCTCAAAAAGGCTCATAAAAATGGGTCAAAGGAGGCATGCCCCATGGAAAAATGAACAAATCGCTGTTCAGAGCTGCCTGGCACCCCGCCAGAGGGGATTGTGACAGAGGAGGCAGAACATATTTCCTGAGGAGGAAAACCCCAAAGCCACTCAGCCCAGCAGAGGGTCTCCACCACGCAGCCGAAACCAGCCTGGGCTCCCCAGCCCTTGAGACGCCCCAGGTCTGGAGTCCGTGGGTTCACA,"[[36911576, ""T"", [""C""]]]",yes,no,T->C,1
chr15,31868527,31868811,ACAGCAACTACACACAGCGGGAGCAGTGTCATCCAAAAGCAGCTCACTTGGAGCCAGTTTCTCATCTCACTTAGGCACACCATTGGGAATAAATGCAGCACCATCAGAAGGTCAGAGGCCAAGAATTACACACACTTGCTCAGAGAAAGGTGTCCCCTCTCCTTCTCCACCAAGCTTGGGGGCCTCAGGAGTTACTTTCTAAGGGAAAACCTGCCATCTATGATCCAGGCCCAAGTGAGACCCGCACGTGGCAATACTTCGTAAAGCGGCGATTTCCACCCATTA,"[[31868623, ""G"", [""A""]], [31868634, ""G"", [""A""]]]",yes,yes,G->A,2
chr9,113872516,113872925,CAGAAGATGGGAGAGCCTGTGGGTGTCCCTCCCGGACCACGCTTCCACCGATGTGAGCATCTGTTCTTCCACACCCCTGACCAACAGTCATTTTTCCAACGCTGTATCACAGAGCCTGCTCCATCATAGAGCAGGTCTGGTCTTGTCCCCTGGGCGATCACAAAATATGTTGGCTCCTCCACCCACACACCCTCCCCCTTGAAGCTCTGCCCAGAGCTCGCCTGGTGTTTGTAGAGGTCCTCCCCTTCTCTTGGCTTCCCCACACTGGTCACGGTGTCATTGCTCTCGAAAGTGAGGGGGCTAAGATATGACCACAGTGCACCTGATGGGACCATAGCCACCTCATACAGTACCTAGCCACTTTCTTGGGCAGGTCCTCAGGACACTCCAAAAGTTCCACAAGGTGAGTA,"[[113872750, ""G"", [""A""]], [113872788, ""A"", [""G""]]]",yes,yes,G->A,2
chr9,98547651,98548102,CAGCCCTAGCTGTAGGACGTAAGTATTCTCATTTCTTCACATCCTGGCCAGTATTTGATATTATCTGACTTCCTAATTTTTGTTAGTCTTTCAGAGATAAAGTGGTACTTCATTATTGTTTGATTTTGCAGTGCTTTGCCTGGAATGTGGCTGAGTGGTGATACATAGACATGTTAGCTATTCGGGTTCTTTGTTCTGTGAGTTGCCTGACTTGCTTTTCAACAGCCTCAGTTTTAAGCCTTATTGACTTTAACATATTTGTATTGTGTTATTGACATTTTTAGTTTCCTATGAATTTTTCATGATCATCTCCCTTTTCGCCCCATCCTCCAATTGCAGGCTATTTCATGGAGCCTGCTTTGCTGCATATGATTGGGGAGGCTACACATCTTTCTAAAGTTTTCTTCTTTATCCTACAATAGATCATTTTCAGAGATGGACTCTTCCTCCAC,"[[98547669, ""A"", [""G""]]]",yes,no,A->G,1
chr20,12386859,12387168,TAACTGGTTAGTTTTTATGAGGTTTCAGAGCATTCAGGTTTTCACTCAGAAACGTAGTCACTTGTGACAGGATGCATCTTTCTGGCAGTAACAGCCAGAACAAGCTGCCCAGCTCTCCTTCTGAGGAAGTCATTTTCAGGTTTCATTCCCCAAAGACTAAACCAGCAGCAAAGTCAAAGATGTGGCTTCCTTGCAGTGTATGCTTCGGCCACTCTCACTTTGATGAAATAGAAAGAGGTGAACAGGGCAGCCGTGCTTCTATTTCACACAAGAAAACAGAAAAGTAGAGGAGAGAATTTTATTTACAGTG,N,no,no,N,0
chr10,85477949,85478300,CCTAAGTTACAAGCTGAATGCAGATATAAAAGTTTCTGACCTTGTTTGTATTTGTTTTCTAGGCTACTATTAAAAAAAAAAAAGTACCACAAACCAGATGGCTTAAAGCAACAGAAATTTGTGACTCACAGTTCTGGAGGCCAGAAATTCAAAATCAAGGTGTCAGCAGGTTAGTTCTTTCTGAAAGCCCTGAGAGAGCACCTCTTTCATGTCTCTCATGTAGCTCCTGAGAGTTGCTAGCTAATTATATCTGCAAAAATCCTTTTCAAAATAAGATCACATTCAGAGGTTCTGGGTGGACATGTGTCACACCATTCAACCCGGTACACTTTTCTTAAGAAATTCATAGTCT,"[[85477952, ""G"", [""A""]]]",yes,no,G->A,1
chr3,118635568,118635774,CACGACTCCTGCCTCAGTACTTCCTGCTCCTGGGGACTGGATCCCTCTCTGTCTCAGTGCAGAACAGCAGAAGTGCATGGCTGTCTCTCATTCATCGAAACTGCTACACTCTACTTTCTGCTTGTCCTTGGGTTTTATAAGCCAGGTGCACTTTCTCTTTCTCTCTCTCTCCCTTTGTGCAGACCTTTACCAAGCAAACATTCTGCC,"[[118635586, ""G"", [""A""]]]",yes,no,G->A,1
chr13,36442947,36443275,TTATGTCTATTTCAAATATTCTTCAAAACTGGTTTTGTAAACGTGGCATGCTGTTAGGATTAAGTATTCCAAGGCATCCAGGGATATTCATGTTTGGTAAATGGCCGCTTTGAGGCTTTTTTCCTTCCTGTCTCTTTATTCCCCAGGTAGCTCGCCATAGATTAGTAAAGGAAGGAAGGGACAGCGTAGACAGATGGGTGAAGAGATTTGAATAAGCGCTGCCTGCTCTAGCTTCACTCTACCATCCTAGTCAGTAAGACAGGGGTTGAGGCCCAAATGTAGTCACATAGCTCTTAGAGGTCACTGACATTTAATTCTAATCCAAGGAT,"[[36442999, ""A"", [""G""]], [36443161, ""T"", [""A""]]]",yes,yes,A->G,2
chr6,53275467,53275743,GCTGGAGGGGTTTGAAATGACTACAGGGAGTATTTTTGAAAGGGTCCCTGACACTCTTTGAGACTAACAAAAACATGAGGCTCAAGGTTCAAAACCTTGAAGTCTGCCTATTCCCTCTGGAAGCAGCCTGCACAGCCATTAGCAAAGGAAAACCATCTGAAAAACGCTATTGATTTCAGGGACTAACATGGAGCAGCCGACCTGATAAGTGACACAGAAGAAAAGGAATCAGAACCTGCAGTGTCAGGTCTCTGCCCAATTAAACATGTCAAACAAG,"[[53275496, ""A"", [""G""]]]",yes,no,A->G,1
chr1,157196442,157196708,GCAGACCAGGAGCTACCCTCTGCTGAGAGGTGAGCACTTGTCCGGATGACCTGCCTACAGAGAAGAGCTACCCACTGCTGGTCTCTGAGGTCTGTGCTGTTCTAACACTTAATAAAGCTCCTCTTCCTATTGCTCACCCTCCACTTGTCTGCATACCTCATTCTTCCTGGATGGAAGACAAGGCCTCAGACAAAGGCGCCACTGACCACAGAGGTTTCCAGCCAGAAAAAGCAACACCCCACAGAAAAAGCAAAACCCCAAAGATCC,"[[157196615, ""C"", [""G""]]]",yes,no,C->G,1
chr5,154967540,154967806,TGGGTATCTTGTTTAGGATTGATTTATTTTTCAGGGTAAATTCAATTACTGAGAGAGGAATTGAACCAATCTCAGCATTGCATTCTAAAATGGGGCAGTAGGTGGCACTCAACCTTTTATTAGCAGAAAATTGTTAGTTTCAAATTAGAGTGTTCAACACTGCTTCCCTCTCATTCATACACGTCTTCATTAAGAAGAAGTACTCTTTGTCTACAGCCCTAGTCCAACTTTTGCATGCAAAAGAAGAATCGAGGATGCTTGCTTGTT,"[[154967543, ""A"", [""G""]]]",yes,no,A->G,1
chr5,50812009,50812313,TCCAAGTCTTTGCTATTGTGAATAGTGCTGCAATAAACATACATGTGCATGTGTCTTTAGAGTCGCATGATTTATAATCCTTTGGGTATATGCCCAGTAATGGGATCGCTGAGTCAAATGGTATTTCCAGTTCCATCCAGATCCTTGAGGAATCGCCACACTGTCTTCCACAGTGGTTAAACTAGTTTACACTCCCACCAACAGAGTAAAAACATTCCAGTTTCTTCACATCCTCTCCAGCACCTGTTGTTTCCTGACTTTTTAATGATCGCCATTCCAACTGGTGTGAGATGGTATCTCATTGT,N,no,no,N,0
chr1,51936541,51936907,ATAGCAGCACACAAAACCCTTCATGACCTATGCCCTTCAACACTCGCACCTACCTTCTCACCTTTGCACAACTGTACTCATTTTCTGGAACATCCTTATTCATTTGTCCCTCGGGCTAACTCCTGTTCATCTTACAAAATGCAGCATATGTGTCAGCAACTCCAGGGCACTTTCTCTGACTCCCTAAACTGGGTCAGAGAGCCCTCTGCTGGGTTCCCACAGCCCTGATGCCTCGCTTCATCACTGCACCTAGCACACATTTTCTTTTCTTTTCTTTCTTTTTTTTTTTTTAAGATAGAGTCTCACTCTGTTGCCCAGGCTGGAGTGCAGTGGTGTGATCTCAGCTCACTGCAACCTCCGCCTCCCA,"[[51936611, ""T"", [""A""]]]",yes,no,T->A,1
chr14,29086384,29086590,TTCTCAGTCTGGCTTCCCTCCCAGGTCTGCAGTCAGCACATTGAGACACTGCACTTTTCTTCATTATTGATTGATAAGTGACACCACTTTCCTGGGTTCACAGTCAGAGACGCAAGAACAGACAGTCCGGCTACACCATGGAGTTTAACACACACACACACATACACACACTACTGAAATTACAGTTCCTTTTTAAAGTAGGAAAGC,"[[29086413, ""G"", [""C""]]]",yes,no,G->C,1
chr19,35385906,35386218,TCAGGTGATCCACTTGCCTCAGCCTCCCAAATTGCTGGGATTACAGGCCTGAGCCACTGCGTCCAGTCAAAAATATCTTATTAACTAAACTTTTTCAACTTCCTGTTTTTTCTGTATGTTCATGAACACAGACACTTAGAGAAACAGAAAAAAATAAAAAACTGTGTATGACTTACATAGACCATCTATGACATGCTTGGACTTCCTGTTGTGTCCTAATTTTATTTATTTATTTATTTATTTATTTATTTATTTTTTTTTTTTTTTTTTGAGACACAGTCTTGCTCTGTTGCCCAGGCTGGAATGCAGTGGC,"[[35385917, ""C"", [""A""]], [35386161, ""A"", [""T""]], [35386165, ""A"", [""T""]], [35386169, ""A"", [""T""]], [35386182, ""G"", [""C""]]]",yes,yes,A->T,5
chr4,124584968,124585254,CTAAGCTTCATAAGCAAAGGAGAAATAAAATCCTTTGCAGACAAGCAAATGCTGAGGGATTTTGTTACCATCAGACCTGCCCTGCAAGAGCTCCTGAAAGAGCAGTAAATATGGTGGAGGGGGAGCCATTACCAGCCACTGCAAAAACCCAGCAAAATATAAAGACCAATGACACTGTGAAGAAACTGCATCAACTAGTGTGCAAAGTAACCAAATAGCAGCATGATGACAGCATCAAATTCACACATAACAATACTAACTTTAAATATAAATGTAAATGTAAATGG,"[[124585004, ""C"", [""G""]]]",yes,no,C->G,1
chr18,79197591,79197842,TGATAAGTAAAGGTTGCATATAATAATTCTCAGAGCAACCACTAAAAAAAGAAAGAGGTCAGTAGAGGTGATGAAGTTAGATGCTAAAGTGGGATCAACTGGTTTCTTTCCCCTGAAAAAAGACAGGTGCAGGAAACCCAATACCAGGTGTGACAAGTAGAAAACAAAGAGCAGCAAAGAGCAAGATGGTTGACTCAGTAATTAAACGTCTCTGCAGTTAAAAGGCAGAGACTGTCAGACTGGAGAAAAACA,N,no,no,N,0
chr19,50749993,50750421,CCATAGTATAAAAGAGAATCTAGCCCCTTCTTCGAGATGGAGAGAATTCTAAGCGCTAGCTGTCTCTCAGTCGCTGGCTAATAAAGGACTCCATAATTTGTCTCAAAGTGTGGCATTTCTCTCTAACTCGCTTGGTTACAACATCTTGTCTTTCTGGTGACACCTGTTGACATGATGTGCCTTAGAGTCAGTGAAATGTTACTGCTGAGGCCGCAGCATTCTCCCGAGGGAATAAAGCCATGTGCAGCATAACGAGGTTTCTGTCAATGACAGACTGCACGTCCGACGGTGGCCCCACCGATTATAATGGAGCTAAGACTGCAATTGCCCGGTGATGTTGTCGCTGTCCTAATGGAGTAGCTCAAGGCGTTACTCTAATGTTTGTGCCGATGCTGGTGTACACAGACCTACTTGACTGCCAGTCATAGA,N,no,no,N,0
chr21,32281488,32281848,AAACCTCAGCTAACCACAAAATCATCATATTTATGGGAGGACAAAATGAGATGCTTGAAAAAGATGACCTCGTAGTTTGTGGTTGTGGTTGCTTCCTAAACTACATTCTCACCGTACTTCCTAGTTATATAACTAGGAGATTTGGATAAGGTTGAGTCCATCTCCACCACTCTCACCACCAGTTCCGGGAATGAGTCCCTAGAGGTTTAACCCGATCAATCAGGATGACCATGACTCTTCCATAGCGATTGGGGCAGGGATGGCACCTACCCCTGGCGACCCGTGCTGCTCCCCTGGCAATAGGGATTGGCTCAGAATAAAAACTTGGCCTTGTCAAGTTCAATTTTGCCCAATCTGAGTA,"[[32281616, ""C"", [""A""]]]",yes,no,C->A,1
chr1,188836010,188836277,TATTAAGTTCCTTTGGGTCAGTAGCTATAAAAAGTCCCCTTGGGAGCTTACTCATGATTACAGATTTCAGAGCAATAAACAGCAGATGTGACAAGTAGAAAATTAAAGCAGGCACAGATGCTCCATTGTCTGGGAGTACATCATGGTTTCTAGAGCGGATGGTGATAGAAGAAAGGTTTCGCTCTGTATAGATAGGAAGAAGAAGGCATAGGAAGAGTTAAATATGTGGCTGTCAAGAGAGAAATGTGGGCTCTGTTATTTGCTGTAG,"[[188836033, ""A"", [""G""]]]",yes,no,A->G,1
chr2,124248444,124248727,TAAGCTCTTTTGCTGATTTTAGATGATCTTATAACTGGATAGAGCTCTGCAGAAAAGGAAACAGGGAAAAACTGGCCAATCAGCATTGTGAAAGCAACAGCTGGTCTTCACCCCAGCTTCAGCAGGCTCCCTCCAGCCCTCTGGCTCCACATTTAGCCCATGAAAGCTCCTCACTGATGCCCATCTGTTTTCTCTTCTTAACACTAGAATTTGCTGAAATGTTTCAGAGAATTTCCCAACATGGGGCCTAACCTCTTTAAGGAGTAAATGCACTCACACATTTA,N,no,no,N,0
chr5,65512563,65512856,TAGCAATAAGGTTTTTTTTAAATAATGTATGCACATTTTTAGAAATAATGCTATGTATAGTTACTAGACTACAGTATAGTATAAACAAAACTTTTACATGTACGGGGAAATCAAACAATTTGTGTGACTCACTTGTAGTATTTGTTTTATTGCAGTTGTCTGGAACCAAACCCACAGTATCTTCAAGGTATGCCTGTATTAGGGCTATATTTAGCTTTGTAAAAAACCGTCAAACCGTAACACTAAGTGGCTATGTTCCTGTTGCTCCACATCCTCATCAGCCTTTGGTATTAT,"[[65512577, ""G"", [""T""]]]",yes,no,G->T,1
chr12,100225447,100225859,GCAAAGTGACCATGTTTGTGTGATACCCGGTTACTGGCATATAATCTGTGGACAGTGCAGCAAGAAGATGCTGGTGGTACAAGAGAAATTCTTGCAACCAAACAATATAACTGTGCTAGAAGTTCAAGGTGATGTCAATGGAGGTAAAAAGGTAAGTCCTCATTTAAAGTCCATTACCTGTCTGGACCTCATCCTGGATGGCAGAATGCCAACCAGGTGTTTTTCCTTTGAGAAAATGGGTCATTCCTCAAAGCTGCCTTTGTCCCAAACATGCCCCAGCCTGATGTTTACATTCTTCTGAGAATAGTGTGTATGTGTGTTTTCACATGCTTATTACAGTAAACTAATTTCTATATAAATTAGGTCTCATAGTGCTCATTTTGGAGCCACTATAAATTGGTGTTTTTGTGTGT,"[[100225529, ""A"", [""G""]]]",yes,no,A->G,1
chr20,33772062,33772374,TATTGACCTCTGATCGTCCTTGTTGAGTTTCTCTGCCTCAGTTGTTTTCTGGTCTGTTTTGCCAGGTCTTCCTTTGTTGATGGTGTTATTTGCAGTTGTGCAACATCACTTTGATGATGTCATGAAATCCCCCATCTGCAGTCATTTTGCTGTACATTTGCCTGCATCATCTGGGAGCACCTGCCTCACAAAACCCATGGGGGTAGATAGTAGCAAAAGGCCAGGAGTGGTGTTTGTGTGGGGCCTCCTTCCAGTTCATTAGCAAATATTTTCCCATTACAGTGGTTTTTGCTTCTCTGTACAAACTTGTACC,"[[33772077, ""A"", [""G""]]]",yes,no,A->G,1
chr1,103075037,103075284,TCCTTTGCTTCACTTTGTGTTGTAGTAACAAAAGCTTAATCTCGCCGTGTCCTGATGAAGGTATTTGATAGAGATTAGGGTGGGATATGGGGTAAGTAATAGTTTCCAAGTACATAAATGCTTTCTTCCAAAGTGGAATTCCATTTAAAAAAACTCCGCTCTAGTGATCCCCTGAGATTGACTGTAACAGGGTATGTCTACTAATTGAATGAGCGCTCCATCTAGAGCAAGTCAACGTCCTAATTGTA,"[[103075080, ""A"", [""G""]], [103075082, ""T"", [""C""]]]",yes,yes,T->C,2
chr15,68183999,68184221,CTACTTTTTTTTTTTTTAAGTTTGCTGTAAAACAGTGTGCCATGTTATTCCAGGACAGCCTCATACATCCCAGTTTGCCACATCTCTTGATTGCATCATTTCCTCTTGTGCTTGATGAAAATCTTGTCTTGTTTTGTTCATCATGGCCCCTAAGCATACAAAATCCACAGCTAATGTTGCCAGTAAGAGGCCACATCGAGTGACTGACATGGAAAAAAATTAA,N,no,no,N,0
chr9,30289061,30289276,GCCATTCTTAGCAAACACACATGTTACTGCTGATCTGCTACTCCTTGCCCAGAGTAGCAGGTGGAACTACAGTGGTCCCTCAGGACCTTTACTGAGTTTCTCTGATTCCTGGGCCAGGGCTGTATGTGTTCAGCTACATACATGGCATTGATCAACGTAGCATACCTTTCTTCACTAGGTCAGAGACAAAGAAGGACATGGACGTCAGTCACTTCT,N,no,no,N,0
chr4,136136647,136136892,TATGAATTAAGTGACAGTATCAATTGTCACACACAGTGACCGTATATCAAGGAATTACACTAGCATTAGGTAGAACAGCAGGTCCATTTGTTCAAATGTTCACTGAACATATGAGTGATTTTCTCTAACATGGTCTCCAGGGAACCCGCTTGCATCCATCACTGCCTGCACTCTAACTGGAAGATAACTATTTTAAACTCCTGCTAAAATATGTGATGTTTTAGGACTGAAAGAAATTATATGTCA,"[[136136777, ""A"", [""T""]]]",yes,no,A->T,1
chr1,152878131,152878472,GGTTATTGCATGCTTATGGGTTAGCTAGGGAGCTTTCTTTTTATCTTTCAGGAAAGAAACCAAAGAGACAGTCTCTCCAGCAGGCAGGGGGCGCCAGTGAGTGAGCTAGGCATAGAGTCTTGTGGAGAGAATTATGGTGTCATAGAGGCTTAGAATCTTGGCATTAGCAGGGAAGGGAACCCATCTGGTTCAGAAGGCTTTGGCTTCTGATAGTCATGGACTCACTAGGCTGCTGAGGAAGATCAATAATACCTACTGGAATCAGTCATGAGAAGTCAAGCATGGAAATTGTGAATTGTGTGTGTGGCCAGACCAGGTAACACAGAGAAACATTGTCTTTTG,"[[152878202, ""A"", [""T""]]]",yes,no,A->T,1
chr12,123795731,123795967,GGGAGGCGAGGCCATCATTGTGCCTGCCACACCTAATTACCCCAACGAGAGCTCAGACATGCTTCTTTTAAAAACACAGTTCTGGTGACTGTAGTCAATAACCTAATTATACATCTAAAAGTAACTAAAAGAGTATAATTGGATTGTTTTTATAACACAAAGGATAAGTGCTTGAGGGGATGGACACCCCATTCTCCATGATGTGGTTATTATGCATAGCATGTTTATATCAAAACG,"[[123795774, ""C"", [""A""]]]",yes,no,C->A,1
chr18,6917090,6917403,TACATAGTTGATTTTTCACAAACTGCCAAGGCAATTCAGTGGGGAATGGAAATTCTCTTTAAAATACAGTGCTGTGATTCCCAGGTGTGATGATTAACTTTAGGTGTCAGGTTGACTGGACTGAGGAATGCCTAGTTGCCTGGTGATGCACTGTCTCTGGGTATTTCTGTTAGGCTGTTTCTAGAGGAGACTCGCCTGTGAGTCAGTGAACTGAGAGAAGCCCCACCCTCAATATGGGTGGGCACAATTCAATGGGCTGGAGGTTTGGCTGGGACAAACAGGTGGAAGAAAGGGGAATTCTCTGCTGTCTCCTC,"[[6917172, ""G"", [""A""]]]",yes,no,G->A,1
chr2,67337203,67337500,TGCCAGGCCTCTGAGCCCAAGCTAAGCCATCATATCCCCTGTGACCTGCACATACACATCCAGATGGCCGGTTCCTGCCTTAACTGATGACATTCCACCACAAAAGAAGTGAAAATGGCCTGTTCCTGCCTTAACTGTGACATTGTCTTGTGAAATTCCTTCTCCTGGCTCATCCTGGCTCAAAAGCTCCCCCACTGAGTACCTTGTGACCCCCACTCCTGCCTGCCAGAGAACAACCCCCCTTTTTCCTTTACCTACCCAAATCCTATAAAATGGCCCCACCCCTATCTCCCTTCGC,"[[67337395, ""T"", [""C""]]]",yes,no,T->C,1
chr5,64330618,64330965,ACTCATGACTAAATTGACTTTGCCATGCTATCACTGTTTAGTACATAGATAATGAAAATACGTCTCAAAAGTATCAGATTTGACAAAGTCATATTTATGGCAGCGGCAGCCCATCTGGAACAGCTGCTACTATGAAGCCAGCTGCAGTCGGGGAGGCACAAGCCAGGGCTGCACATTCCACAGAGCTGGCAGGAGCCAGGAACAGGTGGGAGCCCTGCCCCTTTCCAAGTTAGCAGGGTGGGAGCCCTGCCTACCCAGGCAAAGTTGCAGCCACCCAGCCATGGCTTCGGACCGAGACATCCTTGTACTCTTGGGGACTGGGGAAGCCCCCTTGCCCCTGCAGGCTCA,N,no,no,N,0
chr12,54072314,54072744,TATAAAACTATTCCAGAGGGGGAAAAATCCCTTCCATTTCTATGATTATCTACTGTATATCTAACCCATAAGGCATGGTTTGAAAGTATTAAAACCTAGCAGATAGGGAAACACACAGCCAGGGTTCAGATCTAGTGATGTGACCTTGGGTGGGTGACTTAACCTTTCTGAGAATAGATTTCCTCATCAAATTCAGTATAAAGCAACTGGCATATAGTAATCTTCTAGAAATGGAAACTATTATAGTTATGAGTACTGAGGGAGCTTCAGGACACTATTCATGAATTGGCACTAAGCCATGGAATGAATGGTCACCATAGTCAGAGCAAATCAGAGGTCCAGACCCTGATAAATTCATGCATAATCTTTTTCTTTTTTCTTTCTTTCTTTTTTTTTTTTTTTTTTTTGAGACGGAGTCTTGCTCTGTTGCC,N,no,no,N,0
chr1,114378290,114378760,TGAATTCTTTCCAGGCTACAAGTCCCAAGTTAATGCTTTCAATTTTTTCTTCCATTTTTCTAATATGGACTCAATGAAATTACTACTACATTATTCATTATTCCTTGTAGTACAGTAAGACATGTCAGACTGCCACTGTCTCCTCTGTAACTTAAAGATGCTTTTAGTCTAACATCTGGATAGATTGTTTCCAACGTTAAGATTTGTTTTTCTTCTGTTTCCATAGGAATGCCTCTTACTAAAAATCTGTTTGCCTTCATTACATGCAGAGGCCTAGCCTATCTGCAATGCCACCTCCTGGATGAGGCACAGCTATTCACCTAAACTGGTCCATTCTCAAGAACTAGACATGGCTTGGGACTACCTTCATGGGTACTCATACTTTCTGTAGCCTGCTAAATATATATTTAGCTAACCTGTCATCATATCTGGTTACAATTGGCAGTGGGGACCCTGCATGATAATTAAGAC,"[[114378343, ""G"", [""A""]], [114378436, ""A"", [""G""]]]",yes,yes,A->G,2
chr4,157089799,157090041,CTTCCTACTGGACCTCAAAATTAACATACCCAACATATTAAATTGGCTTTCCTATCTGTATTCCCCAGCTCTACACCCAGCCTTTCATGAGAAATGACAAAAGCATCTTCAAATCCTTCATGCCCTTTCACTTTCATCATCTCATCAATTACTCATTCTGTTGATGGTTTAGAAATGATTATTGCATCTAGCTACTTCTCCTCATCTCTGCTTTTATGGTCTCTGTCAGGCCATAGTCATGTC,"[[157089841, ""C"", [""T""]]]",yes,no,C->T,1
chr5,81927151,81927516,TTCACAGCAGTTTAAGATTTTCAAAATACATCTGCTCAGGGATGGAAAATTTAAAATTCTTGAGACTTCAACTGTGTTTCTGACTTATTTAGTAGGTTTGTGTCACTGTTAAGGCATGAGGACACATTCTCCATTATGTGTTGTCACACCAGTAACAAAGGAAGGTGGTTAAAAACCCACGAAAGTGGTTTTGTAAACTCTCTATGGAATCCCCTTTAAGAGTTATATTAGTCTTCTCTTGGCCAGCTGTGGTGGCTCATGCCTGTAATCCCAGCACTTTGGGAGGCCAAGGCGGGCAGATCACTTGAGGTCAGGGGTTCAAGACCAGCCTGGCTAACATGGTGAAACCCCATCTCTATTAAAAAT,"[[81927179, ""T"", [""C""]], [81927388, ""T"", [""C""]], [81927408, ""A"", [""C""]]]",yes,yes,T->C,3
chr11,122835883,122836175,AACTAGCTATCAGTTGTGAGGTCTCCCACATACTCTTCAGTAGACTCTTTCCCATTAGAAAATAGGTAGACCACTTATTACCTTCCAACCTCGTCTTTTTCTCCCAATTCACTGAGCAGCCACAATCTGCTGCCCTCTCCTGTTGAATACTACATGAGCTGCAGGCTGAAGTGGGGGTAATGAGAACAGGGACCCTGGAAAGCACACATGCATGTCGTCCACCAGTTCACCTTGTAGCATTTCCCCCACCAACCGTTCTTAATGTCCAAGTCCAGTGGACTATTGTGACATTT,"[[122835917, ""G"", [""C""]], [122836093, ""T"", [""C""]]]",yes,yes,G->C,2
chr3,161540653,161541011,ACATATACACTTACATATCTTGTTCATAAAAATGTAGGGGGCAAAATCAATGTGTTTTAAAGGTCTGGCTTTTGATATAAAATGAAAGCAAAAGCGGAACCAACCACCTCCACTGAAACAACCACTAGGATCACCACCACCACCCACAGCAGCTGCCAAATTTTTAGAATGTATGTGTGTGTCTGGGGGTGGTACAAGGGGAGTTGTTAAGTAGGCAAGAAAGTGCAATTTTACAGCCATTTTGAAAAGTCTAAGTTTGGTAGAAGTTCTTTCTATGACATTTTCTTGGGGCTAAAATCTGACACTTCATCGTTCTTGATTTGCAGGAGCCCTCAGGCCTCTTGCTTTCACATGTCTTT,"[[161540748, ""A"", [""G""]], [161540812, ""C"", [""A""]]]",yes,yes,A->G,2
chr9,94472062,94472468,ACCAGGGTGAAATTAGAATCGCTGATGAAGTTTCATGTCCCACTGGGCATGCATTATCATTGATAACACCTTATCAGGAAACAGGGTTTGAGAGCAGACAACTGGTCTAATTAAAATTTACTAGGCAGGAATTTCCTAATCCTAATAGGCCTGGGGGTGCTACAGGAGACCGGGGCTTATTTCATCCCTTATCTTCAACCATATAACACAGACATTCCCAGAGCGGCCATTTTAGAGACCTCCCCCTAGGAATGCATTCTCTTTCTCAGGGCTGTTCCTTGCTGAGAAAAAGAATTCAGCGATATTTCTCCTATTCACTTTTGTAAGAAGAGAAATATGACCCTGTTCTGTCTGGCCCCTCAGGCAGTCAGGCCCAATGGTTTACTCCCTTGTTCCCTGAAAATTGC,"[[94472081, ""T"", [""C""]], [94472164, ""C"", [""T""]]]",yes,yes,C->T,2
chr8,27723266,27723571,AGCCCTGGGCTATCTTGTTTTCTTTCTTCTCTCCTGTTCCTTGGCTCCAAATTGGCAGGTGGAGAAAGTTATCATTCCATGCTAAATGGACCGACTACAAAATTGTTCTAACTCTACCACTTCCTTTTGGCAACCTTCTGATTCATTTCTTGTAAGAGTGAGCTTTTCGTCACGCACTGACTGTCTCAATCTTTCCCCTTCATCCTTAGAGTCTTAATCTCACTCCGACTGCTGATTTCTTACAAATTGCTTCATCTACCACGTTCTGGAAGCCAATCATTAAGAGCTTTGTCCCAGTCGATCCCT,"[[27723314, ""G"", [""A""]], [27723514, ""A"", [""G""]]]",yes,yes,G->A,2
chr5,87155718,87156141,TACTGTCTTTGTCGCACTTTCCTTCATGATGCCTGAACCTTTAATAGTTTAGTTAACATTTTATCCTGGTCTCAATTGTGCTATGGGGAGTAAGGGAGGAGGTCTACTTTTTTCAGGTGGAGAAGAGCAAGTGTCACTCTTGCCTGAGATCAGAAAGGCAGTAGTGGTGGTGGTCATTCTTGGAGGAAAAGGGAGTTGAGACCATATGTTTAGTGGTCTCAGGAGGCCGGCCAATGGCAGAGACAGCAGTGTGATGAGGAGGCCACCTGCTCCTGAGCATATGGGAGGCAGTACCCGGGAAAATCCTCAAAAGTTAAGAAGTCTAATTTCCAGTGATTAGGCTGGTATGGGCTCAAGCTATGATAATTTTGGAATTAAAAGAAAACATGATCTTAATTTATAGTTACTAGCTGGTAAAATCTGG,"[[87155722, ""C"", [""G""]]]",yes,no,C->G,1
chr4,81591704,81591921,TATTATTGTTCATAATAAGATCTGTATAAATGTGAAATGAGCTGCCTCACAAGGCAGAAAGTTCCCTATCACTGGAGATATTTACAGGAGGATTGGCAGATGTTTGTAGAACAGATTTAAGCAACAGATGGGAAGTTAGAGTAGGTGACATTTAAATGACCTTCCAGCACTGAATAAGTCTGTCTGTATCCCTTAAGACTGGAATAACTTCTTTAGTA,"[[81591711, ""A"", [""G""]]]",yes,no,A->G,1
chr9,11933829,11934250,AATTTGTACTTGAATTTATTGGGAGAAATTTGCTTCTATATATTCTCATAAGAATTTCCAAGGGCCTCCTGAGTGAGGTTCTAACTGAAATTTTAAGCAGTCATACAGCTATGACACAGAAATGTTTTATAAAATTGTGCAGAAATCAATATGGTACTCACTGAATAGTAACCACCAAAAGCACAAGTAAAGTGACTTTCATCATCTTTATTCTTTGTTAGACAAAGCCACACCTCATTAGGGACTAGGTTTATTTGTAATGAATTTGTTTGACCCAGATGGTGCAATCTAAATGTAATTGCAATATTAGCCCAGATTACCTCATGCTGCTGTGGGTGACTCACATGTGCTGTACTATACACAGTTAACAAGAATAAGCATTACTGAGTTCAAACATTTTCTAAAGATGTGAGCACATGGGG,"[[11933847, ""G"", [""T""]]]",yes,no,G->T,1
chr13,46224750,46224952,GTGTTGTTGGTTGGGTAGGGCACTTTGGCTTTGATTCTGAGTACATGTAGTAGTGTAGTCTCTGTATGATTTCTTTGGCTATAAATAGCATTAATGCTTTCAGTGATTTCCTTAGAGGATTAGGCTGCAATTATTAGTGAAGGCTGTGGTGAAGTTGTGCTGGGGACAGGCCCCAAGGGTGGCAAGAGTAGGCTGACTCTACC,"[[46224753, ""G"", [""T""]]]",yes,no,G->T,1
chr12,67319472,67319752,GAGGGCATAATCCAAGGGCCAACTCCCGTGTTTGGAACCTGACTCCATTTTCAGGCACGTAATATTGTCAAATTCCTTTTAAAAGCACCTGTCTGTCTGTTAACGTTGGTGCAGATACTGCTATTCCCCTCCTCCATACCATTGCTGATGGTTACTGAGGGTATGGGAAGGGCCGACTAGTCCAGCTGTTCACAAACAGCCCTTAATGTCAAACTGAATACTGCCAACGTAGTTCCAGTTTCTGTATCTAAAGACTCAGCTTGGAGTCACTTGTCTGGACT,"[[67319499, ""A"", [""G""]]]",yes,no,A->G,1
chr6,7887481,7887710,CGCCTCGGACCCTCCCTCCCTCTCCGCGCTGCACAGCGGCTGGACTCCTTATGCTGGCTTTCTCCTCCTCGCCATCGCACAGTCACGGCTGCAGCATGAGGGAACTCATCATCTTTAAAGGCCTAATAGAGCAGCTTCCCACCTCCAGCACACGTGCATGCCGGTCATTTTCCTACAACTCCAATCTGCACAGAGCCTCCGTGGGCTCCCTGTCAATATGGGATACAGTT,"[[7887586, ""G"", [""T""]], [7887681, ""A"", [""G""]]]",yes,yes,G->T,2
chr18,67714221,67714464,CATGCTGTTGACTTAAAGGCAGGTTACAGGCTGGCACTGACACCAGATTAGATGCATGAGCCCCTGGGGGCTCCAGCTCAGGCTCTCCAGGACCTGAACATGTGAAAGCAGTAGATTTTCGGTATATGCAGTGGTCTGTTGGTGAGACGGATGGACACCAGTCCCAGTTCTTCTCCTGCCTTGAACCTTATGTTGGTCAACAAGGAGGAAGCTATTGAAAGACTTGGTGCAGATCTCTATGGCA,"[[67714233, ""C"", [""T""]], [67714248, ""G"", [""A""]]]",yes,yes,G->A,2
chr20,25569487,25569738,TGCTGGTGCAGAAGCCACTGCATGCCTGCAGCTCTTCCACAGCAGCCAGCGGCCCATGTCTCAGAGCCTGGAGGGCAAGACAGCGATGAATGGAAGTGGGCAGGTCACCTCCTCCTGGGAGGCCCTGCAGGAGGCAGGAGAGATGTGGGTGCAGATATGTTCTGAGCGACACCTGAGAGGCCGACGACTGGTAACCCAGATTCCCTCAGAGGCAGAAGGCATGGCCTGGTGTGGAGCAAGCACGGAGGCGGG,"[[25569738, ""A"", [""G""]]]",yes,no,A->G,1
chr19,49196470,49196927,GGGGGTCCCGCGCCAGTCGGGCCGTCCGGGTTGCTGCGGGGGCCGCTGGGGGGGGCGCCGGTGCCTACGCCGCTGGTTCCACTTCTGGGGCGCGCCGGTGACCATCTTCATGGGCAACGTGGTCAGCTACCTGCTGTTCCTGCTGCTTTTCTCGCGGGTGCTGCTCGTGGATTTCCAGCCGGCGCCGCCCGGCTCCCTGGAGCTGCTGCTCTATTTCTGGGCTTTCACGCTGCTGTGCGAGGAACTGCGCCAGGGCCTGAGCGGAGGCGGGGGCAGCCTCGCCAGCGGGGGCCCCGGGCCTGGCCATGCCTCACTGAGCCAGCGCCTGCGCCTCTACCTCGCCGACAGCTGGAACCAGTGCGACCTAGTGGCTCTCACCTGCTTCCTCCTGGGCGTGGGCTGCCGGTGAGTGCCCCGGGGCCTTGGAACCCTGGCCCCTGGCCACCTCTCATCCTTCC,"[[49196518, ""C"", [""G""]]]",yes,no,C->G,1
chr17,41167524,41167980,TACTCTGTGCCTGAACTGAAGGTTGAGAGCAAGAAGGTGCACAAATCCAGAGCAGCTTCACTCAGCAGCAAGAACTGCCACAGCAGATGGGGTGGAAGCAGGTTGTTCTACAGCAGGTGGTCGGGCAGCTGAAAGGGCAGCGGCAGCTGGACACACAGCAGCTGGGATGACAGCAACTAGAAATGCAGCAAGCCGGGCGGCAGCAGGAGGGCTGGCAGCACTGGGGCCTGTAGCAGCTGGAGATACAGCAGCTGGGGCGGCAGCAGGTGGTCTGGCAGCAGCTGGGTTTGCAACAGCTAGAGATACAGCAGGAAGGCCTGCAGCAACTAGAAATGCAGCAGCTGGGGCGGCAGCAGGTGGTCCTGCAGCAGCTGGGTTTGCAGCAGCTGGAGATACAGCAGGAAGGCCTGCAGCAACTGGAAATGCAGCAGCTGGGGCGGCAGCAGGTGGTCCTGCA,"[[41167603, ""G"", [""A""]]]",yes,no,G->A,1
chr6,13134398,13134630,TCTGTGTAGAAAGAAGTAGACATGGGAGACTCCATTTTGTTCTGTACTAAGAAAAATTCTTCTGCCTTGGGATGCTGTTAATCTATAACCTTACCCCCAACCCCTTGCTCTCTGAAACATGTGCTGTGTCCACTCAGGGTTAAGTGGATTAAGGGCGGTGCAAGTTGTGCTTTGTTAAACAGATGCTTGAAGGCAGCATGCTCCTTAAGAGTCATCACCACTCCCTAATCTCA,N,no,no,N,0
chr5,153594709,153595206,AAGATGGCCAGTAAGTGTCCTCTCCCTTATTCTCAGCTATACCTGGTGATCCTAACCTAGAGTCTAAATACTTTGTCTTCTTCAGAGTCCACCCCCAGTCTTCTGCTTGGCTGAAAAAGAGGGATTACCTGGCTGCATAGGCTAGGGCAGGGGCTCTGGGGCTTTCCACCAGGTTTTACCCCATCCCATACCTCAGACTTCAAAGTATCCAGTGCTTCATATTTTTACACCTTTCTTGTGATCTGTGGTTTTATGGCTTTCTTCTTATTGACTCTACTCACTTCCTCTTCACAGATGGTTATTTCAGCTTTCTTCACCTTGCTAAGTCAGTTACCTTCATCCACTCTCCATCCTTCAGATGTTGTACTTCCTTTGTCTTCTCTTCCCTCTTTTAAGTTTCTCTTTGATCTGTATATTCACACCTATTTTATTATTTTGCTGTGATTTATGTGAGTTTGGGGGAGATAGCAAAGATAAGCATGTATGTTCCACATCACA,N,no,no,N,0
chr10,76640791,76641187,CCTTCAGAATTGCACTTCTGTCTGCATCCTTCTCTCCGCCGAGCCTCAAGGAGCCCAGGAGGCAATGCGAAGCAATTATTCCCTGTGTATATACAGACACTCAGTGCAGCTGGGCTGCAAATCCAGTTTATTATCTTAAGAAGAGGATCTGGTTTAGCCTAAGTTTACATCTCATCTGCCTCCCATTCATTAGATGGGCTCCAGGGCTCGGCTTACATTGCATAAACTCAGCTGGTATGTATACAATGCCAGCAATATGGAGGAGGCTAACATGTGTTGAATACATCTACTGTGTCTTAGGTCTCTGAAGGTCACTCACTAAAGTAATAGATGGTGCTAGTGTTAGTGGCTGAAGGTCAAGTCATCTTGCTTTTCATAATGCATAAACCTGAAACTC,"[[76640836, ""G"", [""T""]]]",yes,no,G->T,1
chr5,135312293,135312628,AAATGAACTCAGTGTTATTGGAGGTATTGATGTAAACTCATGGTTTTCAATGTAGGTATAGAAATAAGTGTAGATGTAAATGTATGATATACATATACACACACATATATGCACACACATGTGTTGCTTAACTTCAGGGAGATGCTCTGAGAAATGTGTCATCAGGCAATTCCATTGCTGTGTGAACATCAGAGTGTACTCACACAAACCTAGATAGTACAGCCTACTACCCAGGCTATGTGGTATGGCCTGTAGCACTAGGAACAAACCTGTGTAGCATGTTACTGCACGGAATGCTGCAGACAACTGTAACACAATGGTAAGTATTTCTGTATC,"[[135312301, ""C"", [""T""]]]",yes,no,C->T,1
chr7,13724483,13724845,CAATTCTTAATTATCTAGTCTTTTGTGCATTAAAAAAAAATGGCCAATAAAATGTCAGCCAAGAAACACACTGTTCATTCCTTTCAGGTTTATTTTAAACCTATTGCACTTAGGCTAGAGCTAAATCAATTTTTCATGAATATCTACCCCGGTAGATTGCACCTCTAGCCAATTCAGATCCCCAGAGAATTTTAAAAAAGAGATTTATCAAGTAACAAGTAACACCTCAGGAAAAAGAAACAGGGTTTTTAATTGCTTTGTGTGCTCCGTAATTGAAGGCAGGCACCTTCTTGAGGCGCTCGCTGCCAGGAGGAGTGAGACTCCACTTGGCCCTGCCTAATTAATCCTGTGATACAAACCTTC,N,no,no,N,0
chr5,98587209,98587546,ACAGTACATTTATAACAAACAGTAAGAGAGTTTTTAATGTTTGACAGAAATTTTTAAAGGTCATGGAACGATCAACTTTTCCCACTAGCTACGAGCACCACTTTGCAAGGTTTCTGTTTACAAGGTCATTTTTATAGCCCATGTGACTGTGCAAAGCGAGAACCGTCATTACTGAGAGACTCCATAGGTATCCATATTGTCTACTCCCTCTATTCAGTGAAGGTTGTAGCTTCTGGTTTTCACGTATTTTGCCTTAAAAACTTTGTTTATCTCCTTATGTTGTTTTCTAATACTAAGTTATTTTAAATTTAATCATTTTGCAGGGAAAATCTTTTCAG,"[[98587479, ""T"", [""C""]], [98587512, ""C"", [""T""]]]",yes,yes,C->T,2
chr17,73416038,73416243,TGGCCTCGTACCGAGGAAATTGTCCAGAGCAGCGCTGTCCAATAGGACTTCCGGTGGTGGCGGAAGTGCTCTGCACCTGTGCTGTCCGACAGGGTGCCCGCCAGCACATGCAGCTGCTGAGCACTTGAAATGTGGTTAGTGCAACCGAGGAAATGAATTCAATTTTTTTTTTTTTTTGAGACGGAGTCTTGTTCTGTCACCCAGGC,"[[73416050, ""C"", [""G""]], [73416186, ""A"", [""G""]]]",yes,yes,A->G,2
chr6,119552091,119552403,TGTCAGGTGCTTTTCTAAGGAAACTCACATCACAAACACTTAAAAATAACAGAAGTAAACCCAGCAGTGACAGTGACTATACATTCCTGAGGAACTTGGGGGAGGAAGGAGACAAGTTTCAAGCCAGAGTTTTGTGGTGACTAAGTATCCCATAACTTTGTCTGACAACCCTCCCAAACTGTGGGGGTGGCCTATGGGGACTGCTTCCAGTCTTGGCTACTTGGTACAATGGTATGAATACATTAACAATAGACAATATAGACAAATTACGTACTTGTATAAGGTAAAACTATATGATCCTTGTAAACAGAGA,"[[119552203, ""A"", [""C""]]]",yes,no,A->C,1
chr2,24867474,24867697,TGGACACCAGAGCAAATGCTGGTGCCTTGACCTTGGACTTCCCGGCCTCTAGAACTGTAAGTAGTAAATTTCTGTTCTTTATAAATTACCCAGTTTCAGGTATTGTGTTGTAGCAGCACAAAACGGATGAAGACAGGTATCTTTCGAAAATGAAAGCAAAATAAGCACACTCCTAGGTAATCAGAAATGGAGAGAATTTGGTACCAAGAGATCAGCATAAAAGG,"[[24867504, ""T"", [""C""]], [24867578, ""C"", [""G""]]]",yes,yes,T->C,2
chr11,77339767,77340039,CTTCCCCTAATTTCCTAACTTTTCTACTAGGTTGGTGCAAAAGCAATTGTGGTTTTGGTATTTTTTTTTTTTTAAGTAATGGCAAAAACCGCAATTACTTTTGCATTATTGGGCCATCAGAAAGTCCAGTCTGTCATCAGCAAAACACCCAATATCCTCAGTGTCTCTGAATATTCCCTTCATCTTTTTGCTCTAATGGAAATGAAATGTGGTTATTCCCTGAGGACACTGTCCAGGCTTTCTGGAGGGCTTTTCTTCCTCCTACATCAGCGT,"[[77339927, ""A"", [""G""]]]",yes,no,A->G,1
chr21,15343053,15343391,AAACCACACTGACTCTCTCATTAAGTAGAAATCCAATTCCCTTTTTTCCAGGTGAAGGGAGAACATATTTCCCAATATTTAACCTCATGTATGACTGTAATGAGACCTTATTTTTTTCATATCTCTACAGCATCTCTGCAGAGCATTCCATCCTGCTGAACAAGGCTAGTGTATGTCCTTGCTTGTGCCAAGCTCTTTCCAGACTCTGTGTTCCTAACATTCCCATGACCTGGAATATCTTCTTTCCGTCTGACATTTTTCTTTCTCTCCCTTGTCTATAGTGACTCAGCACTTTTAATGATTTTCTATGTACCTCATTATTATGATGGATGAAGCCCA,"[[15343093, ""T"", [""C""]]]",yes,no,T->C,1
chr14,50407262,50407751,CATGTATTGATCAAAAAAGTTTACATAGTTCCATAAGATTATCTCTAAACTGCATGCATGCCAAGGATTGTGTGAATATCATAGTTAAAACCACATGTGAAAGTTCTATTATTGTAAATAGCTTTCACAGGAATGGCTCATTGTCAAATATTAGGAGTGAGGTATTTATTGTGAGGCATCGAAAGTGAATCCACATGTCGGTCCTTGTAAAAAATATGCATTTAAACAGTATTCCTCCAAAATAATAAAATAAATCCTTCACCTTAAACAACAACCTATTCATTTTTCTACAATATCATCTGACCTGATTTCCCCAATAAGAGTGTGAACTCTGGAGCCAGACTGTCTGGGATCAAATCCAGCTCTGCTAGTAACTGTCTGTGAGAACTTGGGCAAGTTCCTTAACCTCCTGATGTTTCATATGTGTCGTCTGCAACATTGAAATGAACTACCTCTTCACGTTGTGAGGATTGAGTGCTAAATCCATGCT,"[[50407338, ""G"", [""T""]]]",yes,no,G->T,1
chr22,22222612,22222986,CACACGGGCACCATGTACAGGGCTTCTCAGAGATGGGAGCAGGGAGCAGGGGACGGAGAAGCGTGGGGTCAAGAGCGTGGCCCTGAGCAGGGGGCTGCAGCGAAGACCAAGGGGATTCATAAGCCAGATCTAGGGAGGGGGTCTCCCAGCCCCACCTGCTCCACTAAACTCCTCTCCTGCCGGAGCCACAGCTGTCAAGGCCGCCTTCCTTAAGGCATCAGGGCCACTGCTTGTGCACACAGCTACCATCAGCAGCACGGATTGAGATGGGGTGTGAGTGCAAACTGGGTCTATTCCCCAGGGCTTCAGGGTTGGGGCATCCCTGCCCGTACTGCCAGGGTGTAGGGATAGCAGGGAGCACTCTGGGCACGTGTA,"[[22222742, ""C"", [""T""]]]",yes,no,C->T,1
chr15,37915095,37915406,GGCAGGCAGGACCTTAAAGAGATGTGGAAGCCCTGGATGGGCCCCAGCTTTGGGGAAGAATTTAGAGTGAAAGATTTATGCAGGGAGGTTTTGACAAGAACAGTGTCTCAGTGCAGATTGGCCAGGACTACATTTGCAGGTCAGGGTTTCAGACCCTGAAACTGAAAATTAAGGTAGGACATTGGTCACAGGAATGAAGCACAAGCTCAGGTACCAGATCAAGAGCACAGAGTCAGTGAAAACAGGAAGGCAGGCTGTTTTCCTCTGCTCAAGCTGCTTTAACAGCATACCATAGACTAGGTGATCTGAACA,"[[37915105, ""G"", [""A""]]]",yes,no,G->A,1
chr7,156596495,156596745,CAAAAAAAAAAAAAAAAAAAAAAAAAAATAGGCTCACATGTCTAGTTACTTCCAGTTTCACATCAATACACTTGTGGTTCTGAGCCACCTAGTAGTCTTTCTTTGGTGATAACACTACAGGCAGCTGGTTGTCTTCCAACTGTGTAAAAACCATATTTTGCTTCTGTAAGCCAAAGTACACAAGAGTCTCACATTTTATTCCTACTATGTCTTACCAGGTCCCTCAACAAGTGAAATCCAACAAACTCTGT,N,no,no,N,0
chr2,108194923,108195136,AAAGATAACACCAAATCAATATGAATTTATCTCAAGTTTAATATGAGTGTATTCACTTGAACATTCTGTGTCTGAAAATCAAAAAGAAAAATGTAAAGTCTCCCTCTAGTGTCCAAACTGTTATTTTACAATTCTGTTGGCCGTTAGACAAATAAATTTTGACAACAAAATATTGTTTAATCTTGTAGAGAAAAAAAATTGTCATTATGTGATA,"[[108194943, ""C"", [""A""]]]",yes,no,C->A,1
chr18,66131572,66131874,CCTCCACCACCACATAAACGAATTCCATACTAGGATGAATTAAAAAGATTAACACAACCATCAAAGAATTAAAGCATTCTGTGGTGGTAGACCCTAAACATCCACATTTAGTTCCAGTCTGGTCACTATAAAAATCAACAAACTGTGCCAAAGAATGGCAAGGCATCATAAAGTTAAACAAACGGTATCTCAGTTGCAGCTGTCGAGTCCCATATGGTATTGACACTTAAATAATTTAACACCGTCTCTGGCACTGAGTATGTGGTTATTGATCAAAGTTAAGAACTGCCATTAAAAGATAAC,"[[66131591, ""A"", [""G""]]]",yes,no,A->G,1
chr4,122501293,122501722,GCTGCTCATATGATAGGCCTCACGGGTAAGGAATAGTCTATTGTTGGCTATATTTGAATCTGGTGGCTCTCCCTGATGCAATCAACTGTAACCATGGTGGTGGTCCTGTGTTAATGCATATGGCAACTCAGGCTAATAGTCCTCTCTGAGTGTGGTGGCAGAAACTCTGAGGCTTTCCCAAGTGGGTCAGTGCATCTGGCAGGCATCTGGTGTGGTCTGTCTATTGCCAGCACTTGGCTCAACCCTGAGAAGACTACCAGGAGGAGATGCTAATAGGGCAGTAAGAGTTGATTAAGGAGGGAGAATACCAAGCAGAGGTTACAGCTCGAATAAAGGCACAGATACATGAAACATGATGGCACATGTGGGAAACAAGTAGTTCAGCGTTACTAGAATACAAATGTGGAGGAAAAACAGTGTAGGATATGTA,"[[122501324, ""G"", [""A""]], [122501677, ""T"", [""C""]]]",yes,yes,T->C,2
chr6,114783117,114783434,TCCAGCAACAAATTCTTTCAGTTTTTAACCTGTGAATGTTTACATTTTGGCTTCATTGAGATAGTTTTGCTAGATATAGAGTTGCCAGATGACACACCCTTTTCTTTCAGCACTTCAGGTATGTCATTCCATTGCATTCTGGCCTTTATTGTTTCTGATGAGAAGTCAGCCATTAACCTCATAGGAATTGCATTGTGATGAGTCATTTTTCTCTTACTGCTTTCAAAATTTTATCTTTGCATTTAGCTTTCAACATTTTGACTGTAATGCTTCTGGGTGTGGATCTCTGTGTTAATCCTACTTGGAGTTTGTTGAACT,N,no,no,N,0
chr2,97052836,97053283,TGCCTGCTTCCGTGATCTGATTGTTCTGCCAAATAAATTTACATGAACCCGAGTAATGAGTGATGTCTTTTACATGTGAAAACACTGTGTAGAGACACAAAAGGCTCATTGAATCTGATGCAGGCTAACAGCTTAAATTATACTTGAGATGATTTATGTCAAGATAACGGATTCCACAGGAAGTGCAATTAAAATTCCCATGTGTCATTTCTGTTGGGTTGAAAAGTTGCATGGCAAAATGTATATAGATGTTTAGTAGACCATAGCCCTCAAATTAAGAAACATAAGCACTTAATATGTTATTCAAAAATACTAATTAATGTTTCTTTGAGCCTAAATGTTATTACAGAACGCAGTAAAAGAAAATAAGATGTAAGTAGCAACAGCAGGAGATACAGCAATTCCGTTGTCACTTTAGCCCTCCTGTGATTGACAGCACCTAGTCACC,N,no,no,N,0
chr4,47737407,47737634,TCAGCTGTGGAACACTGAAGAGATCTGCCTCACCCAGTGGCACACTCTTCCCAGGAAGGACCACATCCAATGACTGATTGAGGTGGAGACACATAGACTCGACTATTTTGGATCAACATGAGATAACTCTTGTAGGCTTAATACATTCCAGAACTCCCCAAGGATTTAGCTGAGGCTTTGGTGGGCCTGGATCATATTTCAACTCCTTCTGCCCAATTCTGCTTTCTC,"[[47737440, ""T"", [""C""]], [47737507, ""A"", [""G""]]]",yes,yes,T->C,2
chr1,179575482,179575744,CAATCTGCTCTGGCTTCAGTGGGTCTCGTGGGGATGACCCTTTCCACCTTATCTGACGCCCCTTAGTTACCACCTGGAAAAGTAGCAGATAGTGGTGCTGAATCCGTACCTTCCTCGGGCCGCTCGCTCTCCAACAGCGCCACCACCTCGGTGCCCTCCTCGCCGGAGCCTCGGACCTCATCCACGTCCACCACCGTGGCGGCGGGCGCTCGGGGCTCCCCCGGGGTCCCCGCCCGTCCGGAGCCCGACGGCTCGGGCCCAGC,N,no,no,N,0
chr7,39547456,39547711,TTTTTCCTTTCTTGAAAACGCTCAGCTATTATATCCTTGAACAGTTCTTCTGCCATTCTCTTGACAATCTCACTCTGAAACTCCTATTAGACGTATGTTGGAGCTTCTTATCCTGTATGTTTTGTCTGTGAATTTGTCTTCCATGAAAATGTTGATCTGCAGAAGCTTTCTTCTTGAGTGCCTTAGACTGTAGAAGCCATGAGAGAGGCAGAAGGATTCTGAGTTTCCTCTGTCTGGGCCCTAGAGGATTTTTGAG,"[[39547491, ""T"", [""C""]]]",yes,no,T->C,1
chr21,27464106,27464344,GGTATATTTCTATTATATTACATTTACATATGTATGAATATACTTTTATATATACACATAAACACACACACACACAAACATACGTATTTTTTTCCTCTCCTCTAAATATCACTCCCCACCCCAGATGATTAATTCAAAAAATAATCAATACCAAACTGACATTGTACCATGTGCCACCAGAGACAATGAGTTCCCTGTGTTTGAATAGTAAACAATATTGAACAAACATTAAATTCTGA,"[[27464260, ""T"", [""A""]]]",yes,no,T->A,1
chr16,65895894,65896294,TGACTCAGATATTATCTGTTATTTTTGCTTAAAAACAACTCCAAACCTTAGTAGCTTAAACCAGCAAACATTTATTATTTCTTACATTCTGTGGGTCAGCTAGGCAGTTTTCCTGGGCTGGACTGGCTCAGTTGATTTCTAGGGTCAGCTGGCATCTCAGCTATGCTGCGTGATCTAGGCAACATTGCTCACATTGCTGGTGGCTGGCAGTCTGGCTGTTCTAAGAAGGTCTCAGCTGGATTTGCTCCTCTTGGCTCCATATGGTGCCTCATCCTCCAGCAGGCTAGCTCAGGCTCCTTCACTTGATAGTCTCAGTGCTCCAAAGAGCCATGAGAGAGAGAGAGGATGAGCCCCATTGTAAGAGTGCTTTTGAAGCCTTTGCTCACATCACATTCTGTAAT,"[[65896001, ""G"", [""T""]]]",yes,no,G->T,1
chr1,82708566,82708873,TCCAGTTGTTTCAGGATGGTACATTTAATGATTAGAAAGCCAGATTGGGAACACTTAAAAAAAAAAGTGTGAAAGTCTAGAATCTAATAAAGATGCCAGAGTTGGAATCCTGTTTGAAAAAGGCATATAATCAAACTGAGTCATTTGTTATTAGAACTAGAGGTCAAAGAAGGACAGTACAAAGATTTTTAAATTTTTCATCACTTTAAGCTTCTTTAAGGGGGTGGTATAAACCTTGTAACTTCCTTTCCTGGTACTTTAAAATTCCTTTTATATCCATATTTCTGCTTTTGCTCCTCACCACAAAG,N,no,no,N,0
chr11,23423186,23423504,TTCAAGGGCTCAATTCCAGCCATTCTGAACACGTACACTATTGGGCAGTAACACAGTCAACTGAAATAAGAGAATAATTCTATGCACATTCAATTACTATTGTAAAAACAAACTCAATATGTGCAGCTGTTTGGATCAGAATTTTTATCTCCATATGAGAAGGTCAATTGGAATGCAAGCATCTACCCGCATCATTTGCCTTCTGCTGGATCTAAATTTAATGATGCCTTCTTGTCCTACTCTCTGTAGGATAATAAAGGGGATCTGGCAAGGCTAACAGAGCCAGGCTGTCTGGTAAGGCTTTTGAACTTTTATTTAC,"[[23423190, ""C"", [""A""]]]",yes,no,C->A,1
chr6,78427315,78427745,TAAGATATTTTTTTTAAATACATTTTAGAGGAGGCAACATGAGGGACAAATACGTTTTGGAAGAAGAGAATTCAACAAGGGATTCCATATTCACCTACGCAGCTATCAGTAAAGTGATCATATATCTTATCATCTAGACCATGATACTTTAGAGAATTTAAAACATCACTAACTAGACAGACTGCCAGAAAGGATATATCAGCTGAAACTTCTGGGACAAAGTTGAGCATATGGTGGTCACTATGATGGTTAATTTTACATGTCAACTGAGCTGAGGAATGCAAAGACAGCTGGTGAAACATTATTTCTGGGTGTGTCTGTGGGGAATGAAAGTCAGAAACATAAATGTTAGAGCCCCAAATAAGTTCTTAATGTTGGAAGTAAAAATTAGTGTGACTGTCAAGTAGAAGAAAAGTTTACCTAATTTCAAC,"[[78427329, ""A"", [""T""]]]",yes,no,A->T,1
chr3,115301546,115301815,ACCACATCAGTAGCTGGGACTACAGTTGTGTGCCACTGTGCCTGGCTAATCTTCAAATTTTTCATAGAGGCAGTGTCTTGCCATGTTGCCCAGGCTCCTCCTACCTTGGCCTCTCAAAGTGTTGGGATTACAGGCGTGAGTCACTGTGCCTGGCCCCAGAGAATACATGTTTAAAAAATGATGTTAAATAAAAATATGTTTAGAGTAAAAACAAAAAAAAGTGAAAATTTATTGCCAGCAGAACTGTGCACCAAGAAATATTAGAGAAAT,"[[115301571, ""G"", [""T""]]]",yes,no,G->T,1
chr7,103115934,103116179,AGGTTGTTGCCATGTCCATTTATAAACTGTCATGGTGATGGTGGGAGAGTCTTAGGCTAATGAGCAATGAGGGCAGCTAGGGATCACTTCTGTCACCATCTGCTGGTTTTTGCCAGTTTTTTCTTTTTTTCTTTTTTTTTTTTTCTGAGATTGAGTCTCACTCTGTCGCCCAGGCTAGAGTGCAGTGCCGCGATCCCAGCTCACTGCAACCTCCGCCTCCTGGGTTCAAGTGATTCTTCTGCTTCA,"[[103115948, ""G"", [""T""]]]",yes,no,G->T,1
chr15,23497679,23497948,TGACACTTTTGTTATCTAATGATGATTATTTTTCTAGCATATATAATTACCAGGGCAGGAATATGCAAACCTACCCTCAGAGGCTGAGGGAGCTGAGGCCAAAGAAAGAGGTTGACAAATCCAGTTTCTTAGAAAGAAACATTTAATATGAACAGAAGCTATGTTTCAGTTGGCCACGAGAGGGTGAATCTTCACACTCGCCCTCTAGAAAGTATTCTTTATATAGCAAGCCTTCTTTGGGTAAAACATATGCAACTGGTTATGTCTGAG,"[[23497848, ""G"", [""T""]]]",yes,no,G->T,1
chr18,26019395,26019678,GAAATACTTCTCTACCATAAGAAATGGTACCCTAAAAATCTACATTTCCACAGAAGTAAATACACATGATAATGTGTTGAATGTCACCATATATATGATGGAATAATGAATTAAACAGAATTAGGGATTTTATGGGCCAAGCATGGTGACTCACACCTGTAATCCCAGCACTTTGGGAGGCCAAGGCGGGTGATTCACTTGAGGTCAGGAGTTCGAGACCAGCCTGACTAACATGGTGAAACCCCGTCTTTACTAAAAATAGAAAAATTAGCTGGGCGTGGTGG,"[[26019534, ""G"", [""A""]], [26019656, ""C"", [""G""]]]",yes,yes,C->G,2
chr4,187918962,187919226,GGGCCATAGTCTGCAACCTCTGAGGTAGAGGCTAGTGGGAGAAAGCCTGCCCAAGGAGGTAACTTTGCACAGTCCTAAGCAAATTGAGATAGCAAGTAATGTATTGATCCAGGGAAGCCGTTTTCTCTGGGGAGGGGAGAGGAAGTAGGAAGGCCATACGGTGGAGGCTTGCTGAGTGTGTTCAAGGAACAGCTTCTGTGGCTAGAGAAAAATGAGTAAATGGCGACACTGGCAGCAACAAGCCATGGCCCGAGAGGCTCAGAGA,"[[187919079, ""G"", [""C""]], [187919127, ""A"", [""G""]]]",yes,yes,A->G,2
chr4,30002484,30002685,TTGCGTTTCGAAATTTGGATCCCTCTATCTTTAGCCATAGGCTTGTGTAACAATAGTGTAAATTAGCAGAGAAAGAGGAAGCTCTGATTCATGTAATTATTGATTATGGCTTTGGTTTCACTGGAATAGGTGATGACATAACTCAATCTTTAGTCAGAGAAGGCAATTTGATAAATATTAAATGGAATAGGCACTGCCTGTG,"[[30002536, ""G"", [""A""]]]",yes,no,G->A,1
chr21,41554594,41554871,GTGATGTCGGCTCACTGCAACCTCCAACAAGGCTTATTTTTAACACCCTACACCTCTGAATATGAAGTCATACCTCCTGGAATAATTCAATCAGTGTTAAATATCTTTTCTTCTTTATCTACTGTTAGTGATTCACCCCCTTGGCTACTCTGGACGTCCCCAGCAAGCACAGATTGAGGTCAATCCAGGCTACTGTGCCTCCTGGAAAAAGAAACTGGCCTTTTGTAGAAAAGCTATTGATGTTATGTTTCACAATAAAAACATGAGTTTAAAAAGCA,"[[41554599, ""C"", [""G""]], [41554659, ""G"", [""A""]]]",yes,yes,C->G,2
chr17,54194960,54195173,TCATCTCCGTGTTAAAGCATAATGTAGGTCAGCCAAGACCAAAGAAAGTTGTGGCTGTTACAGAAAATGCATGTGATAACATATAATGCTTTATTCTGGGACCAGTTTGAGGCAGACACAGGGCAAGAAAATTTCTGCAGTTTCAGCCTCTGAAACACAGGTGAAATGGCAGGCTTATTGGGGATTTCCATCTGGGCAGGTGCACAGAAGCTCA,"[[54195045, ""T"", [""A""]], [54195046, ""A"", [""T""]]]",yes,yes,A->T,2
chr12,128442137,128442533,AATCTGGCTTCAAGATCCTGAAACCTCAGTCCCCTCCCTGTCTGTTTAGCCTCGTCATCACGCGCTCCCTCCCCTCCAGAAGTAAGAACTGCTGTTGGTTTCTGATTGATTTCTCCTTCATATGGCTTCTGTTCTTGCCAAAAATGTTAAACTAGAGTTGAATGAGACAGATCCAGTGTGTGGGTTATTCTCCAGGGCATATGCACATGCAGTTTGCAGATGCTGGTAAACCTGGGGCCATGGCCCTCGCCCTGACTATTCATTAGAACCATCTGGAGAGAGAGAGTGAAATCCCAGTAATATCCAGGTGGACCCTGAGATACTGATTTAATTGGATTAGGGTGAGGTTCAGGCATTGGTATTTTTGTTCACTTTTAGGTATAAAACTGTTAAAAAA,"[[128442198, ""T"", [""G""]], [128442199, ""T"", [""C""]]]",yes,yes,T->C,2
chr1,245411333,245411606,GCACGGGAAGAAAGAGTTGAGTGGAATAGCTTAGCGAGGTCTGAGGCCTGCCTGATCCAGAGGAGACACTGACAAACACAGACGCTGCAGAAGAGGAAGCCGTCCCAGGTTAGGAGGCATCCCAGTGCTTCCCTCCTCAGTGAGTCATTTCATCTGTTTCTCTGCCTGCAAGGAAGAAATAAACATAACTCATAAAATGAAGCATTTCACCTCGCCGGGGGAGTGGCATTGAAGTGAGAGGCATGCATCTGTGGGTGTCAGAGCAAGAGTCCTC,"[[245411367, ""T"", [""C""]]]",yes,no,T->C,1
chr22,21962451,21962777,CGTGATGAGCTCGGCCTCCGTCAGGTAGTCGGGTGGGTTTGTCTGCTTCTCCAGCATCTTCACCTCGCCCACAGGGAAGGCATCACCCCGCTGGCAAGTGGGCAGGCTCTCCTCCAGGGGCACGCTCTGCCAGGGCATGACCTCCGTGAAGCCTGGAGAGATATGCGCCGCCACTCAGGGTCCCCAGCCTGGGTGGCCGGGGCCTCAGACCCTGGGCCTCCCATCCCCAGACACGATGTAGAATGTTTGTCTGCCCATGAAGGCACAGAGGAGGAAGGCTGGGCCCGTGGTGTGACCTGGTGAGAGGACGGTCTTCCCGGAGCAGGT,"[[21962490, ""C"", [""T""]]]",yes,no,C->T,1
chr4,132869700,132870012,AATACATCTGGCAGACAACTTTTCAGTGGAAACCATACAGACCAGGAGAGAGTGGAATGACCTATTTAAAGTGCTGAAGGAAAATAACTTTTACCCTAGAATAGTATATCCGGCAAAAATATCCTTTAAGCATCAAGGAGAAACAAAGACTTTCCCAGACAAACAAAAGCTAAGAGATTTCATCAACACCAGACCTGTTCTACAGGAAATGATAAAGGGAATTCTTCAATCTGAGGAAGAAAAGGATGTTAATGAGGAATAAATAATCATTTGAAGGTACAAACTCACAGTAAAGCACACAGAAAAATACAGA,"[[132869810, ""T"", [""C""]]]",yes,no,T->C,1
chr1,180646632,180647022,TCTCATCATTGGGTCTTCTCCCCTATTCAAAGAAGCTCTCTGCTCACATTTGTTTTTTACTCATTTTGGCTAGGGTTAGCTTGTGGGCTTACCGAAACTGTGACCGAGACAAATGCGCAGTGCAGGAAAGAGGCGTGGGTGGAAGTAGTAAATAAAATAATGGGTGGGCCATGCATGGACTGAAATAAGTGTTGGATTCTGACTTAAAGCCTGCCACCAGATGCAGCTGTACAATTGATGTACATCAATCCTCTTTCTACTATAAAGCCTACCACAAGATGCAGCTTAATTGTCACTTACCACTCACTGGTAGGGTTTTGATAAGAGTTTGTAAGCAATTGATTTATTATGGTCTCTGTGCAGTCAAACCACTCTGCTAATGTTAATCTGT,"[[180646649, ""T"", [""C""]]]",yes,no,T->C,1
chr9,72809620,72809940,GGGTAGATTCAGCTAATGGATATTTTTGTTTGGTATGCCCAGTGGTGGTGTTTGTTTTTGTTTCATTTTTTATGAGCTAATATTTTAAAATGAGAGCTCTTACATAAAAACACATGGATTTATTGTTTTTCTTGAAAGGCTGGCAACATTAAATCTGTATTCCCACTAGGGAGAAATTGACTGGAGTTGAGAAACCACCGCCATCTGCAGTTGGGATATTCATTCTCCAGTTCCTCATACTCTTCACCACTCTTTTCTCTTACAAGCTCCCGATATAAATAGAGAAATCAATTGTATGGCCCTTGAAGAGAAAGTGTGTGT,"[[72809799, ""G"", [""A""]], [72809818, ""T"", [""C""]]]",yes,yes,T->C,2
chr1,107272290,107272754,TGGCAAAATGTTTCCTTCCCTGAGCTTTTTTTCGGGAACACAGATAATCATCATTGTTCCTTCCTTGAGTTTATAAACTAATGATTCTCTCCATTTGCTCCACCACTATTTAGCTCTCTGCTGGGCTAATCTAAGCATCAGAATCCTTGGTGGTTAATAAATGAGCATCTTAGAAAGAATTCCACTGGGAACATGGTATTCAAATCAGCCCTCCATGGCATTTTGTTGCAGTGAATTCCCACAGGTACGTGGCGCAAGATGGGAACTTCTCTTGGGAAGGTTATTTATGTGCTCAGCCTGTCTATACAGAATTCAGGTATAGAATACCTGAAAACACTCAGAAGCAGCCATCAACCCCCAGAAGGAACCATTTCCCCATGTATACAGTTGAGCAAGTGAAAGCCATTCTGTATGTAAGAAAAGTTGTCAAGGGGCAATATTGAGGTTTAATAGTGCTCTCTAAGT,"[[107272505, ""G"", [""T""]], [107272639, ""G"", [""A""]]]",yes,yes,G->A,2
chr7,79332140,79332460,GTTCACTTGTGTGATCAGATCCACAAGGGATGATTAGTGCAAAAGCAGGTTCTCATACAAGACAGCTCAGGGGATGAAAAGCTTGTCACTTAAGGAAGTAAAGATTCAATTCCTGTTAATGTGGTCTTCCTGAAATTCAGATGCAATTGGTCACTCTACCACTTTCCCTCCCTAGTGTTTTGAATTATTAAATTGCGTAAGCAACTGCAATAATCCAAACTATTTCCTTTATCCCTGGTAGCTCTTTAGAACTTAGTAGGCAGATACTGTGTTCTGCTTTCTTCTTCAAACAACTCCCTAATTCTTCAATAGTTTTGTGGC,"[[79332149, ""A"", [""T""]]]",yes,no,A->T,1
chr16,52439361,52439607,TGCCGAGGAGAAGGCTGAGACTGGTGCTGCATGTGTTGCAGCTGCTGCAGCTGGAGGCGCTGCTGCAGCTGCTGCTGCAGCTGCTGTTGATTAATTTGCTGCTGGAGATGCTGCTGCTGCTGCTGCAGGTGCTGCTGCATGTGGTGCTGGAAATGCTGCTGCTGCATCTGCTGCTGGATTTGCTGATGCATTTGGTGCTGCTGGAGTTGCTGCTGCTGCATCTGTTGCATCTGTTGTTGTTGCTGCT,N,no,no,N,0
chr11,26371209,26371546,GGCCAAGGTACATCTTGAGCCATTGCTTCAGAGTGTGCAAGCCCCAAGCCTTGGCAGCTGCCACATGGGGTTGGTCCAGTGGGTGCACAAAAGACAATATTTGCATTTTGGGAACCTCCATGAAGATTTCAGAAGATGCTTGGACATGCCTGGATGTCCAGGCAAAAGTTTGCTGCAAGGATGGAGCCTTCATGGAGAACCTCTACAGTGTGGAAAAGAAATGTAGGCTTGAAGCCCCCACACAGAGTCCCACTGGGGAAAGCCTAGTGGAGCTGTAAGAAGAGGACCATCATCATCATCCTTTAGACCCAGAATGGTAGATCCACCAACAGCTTGCA,"[[26371373, ""G"", [""A""]], [26371413, ""G"", [""A""]]]",yes,yes,G->A,2
chr1,217363381,217363672,ATGTTCTCACACAAGTAACTCCGTAAATGTTAGTTGCCTTTTCTCTAAAGCACATAAAGAATGTGAAACACACTTCCTCCATTTGTCCTAGTCTAGTAGGAAGTTCTCAGATGGCCTCGAATGAGTCCTGCCTCCTGGTATTCAACTTTGGGGCAACTCCACCCCCGTGAGTGTGAGCTGGACCTAGTGATTCACTTCTAGCCAAAGCTATATGGGATGCCACTTCTGAGATTAATTTCCAAAAGCTGTGGCTTCCATCTCAGGTGTTCTTTCTCACTCTCTTGCATTCTCT,"[[217363527, ""G"", [""T""]]]",yes,no,G->T,1
chr11,122313704,122313970,CGGAGCGGATCTCTACCCCATTAAAGCTCACAGGCTAGTATATGAGACTGCCACTAAAAGAAGCAATGGGCCAGGTGCGGTGACTCACGCCTATAATACCAGCATTCTGGAGACGAGGCAGGAGGATTGCTTGAGCCTGGGAGTTCCAGACCAGCCTGGGCACATAGCGAGACCCTGTCTCTACAAAACTTAGCTGGGCATGGTAGGGTGCACCTGTGGTCCTAGCTATTCAGGAGGCTGAGGTGGGAGGAGGACTTAAGCCCAGGA,"[[122313705, ""T"", [""G""]]]",yes,no,T->G,1
chr7,153640673,153640905,ACCCATGAAGGGCGATTGCATTTTGAAGGCAGGGGAATAAAGAGCTTAGAGAAGCTGTGGGTGTTTAAACACTCATAAAACAACCATTTTCACTTCCCTCTTCACAGGTGAGCTCTTCTGCTCACTTACCAGTTGTACATGTGATGACCAGGCCCCAGGACGGGTCTGAAAAACCACAGTTAACTTGGGGTTTCCCCTCCTACTCCCTGGGTTTTGCTGTGGGCATTGGAAAA,"[[153640698, ""G"", [""A""]]]",yes,no,G->A,1
chr5,57802155,57802546,TTTGCATAGTTTTTAGAAATCCCCTTGATATGAATTTCTATTTTTATTGCACTGTGGTTTGAGTGTGTGCTTGGTTTGATTTCAATGTTTTTGAATTTATTGAAACTTCCTTTATGACTGAGCATGTGGTTGATCTTGGATAATGTTCCATGTACAGATGAGAAAAATGAATATTCTGTGGTTACTGGGTGGAGTGTTCTGTAGATGCCTATTAGTTACAATTGGTCAAGTGTCAAGTTTAAGTCCAGGATTTCTTTGCTAGTTTTTTGCCTCGATGGGGTGTCTAATGCTGTCAGTGGGGTGTTGACGTTTCCCACTATTATTGGGTGGTTGTCTGAGTCTTTTTGTAGGCCAAGAAGAACTTGTTTTCTGAATTTGTGTGCTCCAATGTT,N,no,no,N,0
chr11,25047058,25047311,TCTGGTTGTTTAGAAACAAAATACATTGAAATTGTCCCTTGCCTGTTAGTGTGATTCAATCCATTCTTCATGATTTTGCAGCTGTGGTTCTGGCTGTGACTGCCAGGGGAGACTTCCAGTATTACTATTTATTTATTACTCTTGTTCTTTTTAACCTGTTTCCTCAAAGCGTCTGCAAGTTTGTGGTTATGGGAAGACAGGTGGTGGATGTTCAGTAGATCTTAGGTAGAATAAATAGCTGTTTTGACTCTTGT,"[[25047062, ""A"", [""G""]], [25047228, ""A"", [""G""]]]",yes,yes,A->G,2
chr4,148120256,148120581,AGTTCATACATGGCAGACTGATGCATCTTCTCTCTGCAAAAGAAAAGAAGAAAATGTCTGAGAATGCAAGATTCATTATCAAACCCAGACTGGCAGCCTGAGGCAGCTTAATAAGAGATCTGAGTCAGAATTCTCCTTTTGGCTTCAACATGGAGCAGATGTGTATTTTAAAGACAAGTTAGATGCTTTTCATAGTGACTGGTAAATTGCTTCTAGACCAATACTGCTGGGCCGTTTACTTGTACCCTGTGAGAATGTGTCAGGAGCACTGAAACCAACCCTTTTAAAGTATGCCATGATTTCATTTTATGTCAAGAGTAATACTG,"[[148120296, ""G"", [""A""]]]",yes,no,G->A,1
chr20,6925785,6926246,TGATATATTTTTGTGAATCTCCTCCTCCTCTTCTACTCTTAGGATGGGAGGGTAGCTTCATTGCTAGGGAAGGTTCTGTGCAAACACACAACGTTGGGAATAATCAAAAGCCCAGAAAACTGAGTCAGGTACCTGCCTCTGGCAAAATTCTGAGTGAATAGATGGGTGCCCTGAGTGGTAGCAAGCAAGTGATCTGTCAGAACATGAAATGAGAGGAATTTCGAAGTTATGGCCTTGCCCAGATAATATTATGCCTCCCACTTCTGAAGGTTTCAGTCTAAGAACCCAGAAAAAGAACACTGTTTTACTCCTGAGAGATCTGCTCAGAGTAACGTGGGTCAGAAGAACTATTTTGAGTTTCATAGTCAGAGTGGCATGACCCAGCCAAGTTGTTATTTTTGTGACTCTTGCAACTCATTGCCCTCTTCTTTAATTTTTTTTTTTAATTTGAGGAAATAAAGG,"[[6925876, ""T"", [""C""]], [6925878, ""C"", [""T""]]]",yes,yes,T->C,2
chr9,134571919,134572303,GTCCTATAAGATCACATCCTTAGTTTCAGAGATTAGGTCATGGGCATATCCAGCCGACCACACCCACCCATGGTTGCCCCTTTCTCCAGGAAGTTCCCAGGATAGATGGTGTGGGATGATGGAATCACCATCCCTCCCACATCCCTGCACGTGCTGTAGGGGGAAAGCCTGGCCCTGCATGGGTGGCCCCTTGGGAAACTCAGCCCCTCTTCCCAGGGCTCTGGTTCATCTCCTGGGAAACACTCTCCGCTCAGGCTGGGGCAGGCTGTCAGGATGCCCTGAGGCTGGCTGCATGTCCCTTCTCCCCATTTCAGCAGCACCCCTCTCCATACTACCCACCCCCACTCTGCCGCAGCACCAGTATATCAAGTATGACTGCCTGGAC,"[[134571939, ""C"", [""T""]]]",yes,no,C->T,1
chr9,116342881,116343319,AACCTCTTTAAAGTGTTTAAGAGCTATTGCAAGGCCTCATCACCATTGGTTTCCTGCCATTTAGGAAACATCTGCAAGGAATTTTTATTGGCACTGCAAAGTACACCAAGATGAAATAGGCATTTTCTCTGCCCTCAAGGACGTTCTAGTCCAGAAACATGGGACAAGGTTAACAACAAGGCCTTTGGAGTCACCCCTCTGGATGGGCACTTAAACAAGTAACCTAATCTTGCCAGTCCCCAATTTACCCAACTGTAAAATGAGTAACGCTTAGCTCATAGGGTTGTTGTAAGGATGGAGTGAGCTCATGTATATAAGCAATCAGCAAATAGTAACTAATGTTATTGAGTGCTTGCCTAACTATAATACAAGGGGAATGATCATCCAAGAATGAGGATTTCATGCTGTTTCTGTTTGCATCCTTAAAGATTAGCCTGCA,"[[116342916, ""A"", [""C""]]]",yes,no,A->C,1
chr5,133709261,133709659,TTCCCAATCAAGAGCCCATCTTTTCACTGGAATCAGCTCCAATCTTGAGACACCAGCTGGCAGTGTTGTCAGATAAACCACATTCTCTCCTGTATGTGCAAACTCCACATTTGACTTCTATAATACTTGAGAGATGTGCTCTACAAGGACTGGCTTCACTTATTCTGAAAACACTGGCTCCTTCAGTATATTTTCTTCAGTCTATTTTTCCTGCCTTGGCAGCAGGAAGAGCACTTTCAGAGATGTTTATTTTCCCTAATGAAAAACAGCCATCAGCTGCTCTTGGCATGCTGAGCAATGGCTCGGGCCACTCTGCAGCATTTCAGAGCAGGCTACAACTCCTAAGTCCACCTTCCTGGAACAGTGACTTGTCCTAATCATACCATCTTTTCCTTCTTC,"[[133709282, ""A"", [""T""]]]",yes,no,A->T,1
chr1,18190530,18191026,AGGGATTCTTCACCTCTATTCATCTGCAACGTGGGGCCGATAAGCCTGCCTTATGGGTCATTGTAAACTCTGCTGGGCAGTGCTGGGGACAGTGGGGGTGAGTGGTTCCTCCTCAGACTTCATCTCTGGTCCCTCTTTCTTTCCCTGCAGGGTGCTCAGTGAAAGCCCCGGGCAGAAGGCTGGCCACTTCTTTATCTCACAGGAGCCAGCCACTGGCCAGCTGTTATCGGGGATTTGTGAGCTTGTAAAACATGGCCAGCTATCACGCCATCTCCCCAGGGCACAGTGCTTTCTCGGCTGGGCCTAATCACCGGGTGATCTTGGCCTGTGATTGAGGGGAGAGCTGGGTTACCCTGGGAAGGCAGCAGCCAAGTCCTCTGGAAAAGGCTCGGGTGGGTGGAGGAGCTGGGGGGCATCAGGGCCAGGCCTGCTGGGGCTGACACATCGCTGGAATGGACCATGGCAGATTCCATGCCCCACTCTTCCTTCTTCTCTTC,"[[18190578, ""T"", [""C""]]]",yes,no,T->C,1
chr2,123234895,123235149,TATATGCTATATATATGCTATATATATAGGCTATATATATGCTATATATATGCTATATATATAGCATATATATATAGCTATATATATGCTATATATATAGCTTATATATATGCTATATATGCTATATATATGCTATATATATAGCTATATATATGCTATATATAGCTATATATATGCTACATATATGCTATATATATGCCATATGTATGCTATATATATGCTATATATATATGCTATATATATGCTATATATATA,"[[123234923, ""T"", [""G""]]]",yes,no,T->G,1
chr15,100740089,100740524,GGTGACAGAGTGAGACACTGTCTAAAAAAAAAAAAAAAAAGAAAGGGAAATAAAAAAGAATAGTATATGATAAATGGACTCACAGATCCACTTAGGGTGTTGCATGGATCAGTAGTCTGTTCCTTGCTGTTGCTCAGCATTATCCCATGGTATGGATGTACCACAGCTGGTTTCATTATTCACCCACTGAAGGACATCTGGGCTGTTTTCCATATGGGGCAATTGCAAACAAAGCTGCTATAAACATTCATGTTCAAGTGTTTGGGTGGATATAAGTCTTCATTTCTCTTGGATAAATGTCAAGTAGTGCAATGCTAGTTGCATGTTTAGATTTATATAAAACTTCCGGCTGGTTTTAACTGTATCATTTCACACTCCCACCAGCCATCTGTGAGTGACTGAATTTCCCCACATCACCAGCTTTGGTGTTGTCGTC,"[[100740139, ""G"", [""T""]]]",yes,no,G->T,1
chr2,107308799,107309101,GTAGCCTTATAAAATATTTTGAAATTAGGTAGTGTAATTCCTACAGCTTTGTTGTTTTTGCTTAAAATAGCTTTGGCTCTTTTGGCTCTTTTTTCATTCCTTACAAAATATAGATGTAGGCTGTAGAGATTGTTAGAAAATGGGGACTAAGAAGGTAGATGTGCAAAGGGGAAGCCAGGGAGACCTGACAGATGGCTATGAATAATTCAAAGGGATATCATCGTGATTCAGAGCTGGATTAGAGATGGCAGATGACAGACAGGGGTGAGTATAATATATACTTCAAGCTTGTGTAACTCACAT,"[[107308825, ""G"", [""A""]]]",yes,no,G->A,1
chr6,26078014,26078510,GGAGTAATAAGTCGTGCCAAGCTCTCTCTGCTATATCCCAAAATCCAGCACCCTGCAGGTCAACCCCTGAGGGCCATCCAGCTTCCATCTCCCAAAACTAAGTTCACTTCTTGTCTCTCATGACAGGGAGGAAACTTAGCATTCCTTGGAGACCTGAAGGGATGCAGTGAGCTTAAGAATTTTCAGGAGCTTCTCAATCAGTCAGCCTTTGTTCATCCCCAAGCGGATGTGTGGTGGTATTGTGGTGGACCTTTACTGGGCACTCTGCCAAATAACTGGAGCGGCACTTGTACTTTAGTCCAGTTGGCTATCCCTTTCACCCTAGCATTTCATCAACCAGAGGGAGGAAAAATAAGACATCGTAAAGCAAGAGAAGACCCTTATGTGTCTTTCAACTCTCACATCTATTTAGATGCAATTGGAGTCCCACAGGGAATAGCAGATCAATTTAAATCCCAAAATCAAATAGCTGCAGGATTTGAGTCAATATTTTGGTG,"[[26078056, ""G"", [""A""]], [26078316, ""A"", [""G""]]]",yes,yes,G->A,2
chr9,101970738,101970986,TATGGACACTAACTTGGAGGATTGATTAGCACAGCAAGCAGCAGATGCTTTACACAAACTGAGCTTTGAAAGAGAAGTTGTTATCCCTTGGGATTTTTAAAGCAGAGAATTCCTGGCAGCCATATGTCTTTTTGCCTTGTGTTTAGGTGATGTGTGTGTGTCCAGGAGGAAAAGGGCCTTTCCTCTCTTCTCAGTTTATTTAAGATAGGCAGATCCTTGTCTTCTGTGCTCTAGGAGTAGCAGTATTTG,N,no,no,N,0
chr8,54691204,54691544,GGTGATGAGGACTTTGAGTACTTCAGTGGGAATATTGATTGAGAAGAAAGAAAAATTTGAAGAATTTCTAGCAAGCAAAATTGGCAGGGCTTGGTGATATATTGGAAAAGGAATGTTAAGGGAAAAGGATTACTCTAAGGTTTCTGCATTGGGTAATTGAATTATTCATTGAGTCACTAACTGAAGAAATAAATCTAGAAGGATTTAGAAGGATTAGATTTGAAAGCTAGGAATGTGTGGAAAATTATGAGTTCTAGTTTGTGCATTCTAAGTTTGAAGTGCTCATGAAACATCCAGTTGTTTACATGCAAAAGTATATGAACCTGATGCTGAGCGAGAGA,N,no,no,N,0
chr19,50998886,50999191,GAGGCTCAGAGATGGAAAGGAATTTGCCCAGGGAGAAAGGGCAGAGCCATAGTTTGAACTGATCTACTTGATTTGTGAGCACGTGTGTTTCCACAGCCGCAAACTGTCTCATCCAAAGCATTCAGAGCAGGAGTGAGGCAGGCAGGGACCTGAATGCTGACTTTGCCACTTCCTGGAGAAGCTCCTTGACTCTCTTAGGTGAGTCCCAATGTTTTCACTGTGAAGGAAGGCGAGGGGCTCTCTGGATTCTGGAGTCCCAAAGGGACAGCTTCATTGGAGGTCCAGATTTTGGGGTCCAGAGTCAAG,"[[50998961, ""C"", [""T""]]]",yes,no,C->T,1
chr9,36659623,36659888,TGCCTGGAATCAATTCGTCTCTAAGTCTTTGTGCCGGCTCTGTGTACATCTGGGGTATGCCTGCAACTTTCAGCCAGGCAGCTGACAACTCTGCATTAGATTTCACTTCCTATTTGTATAAAACCTCAAGGTCAGCTTGAGGTGAGATCTTAGATCCTTCTAAAGTGTTTTTTGTTTTTTATTTTTATTTTTTTGAGATGGAGTTTTGCTCTTGTTGCCCAGGCTGGAGTGCAATGGCACGATCTCAGTTCACTGCGATTTTCGCC,"[[36659645, ""C"", [""A""]], [36659728, ""T"", [""C""]]]",yes,yes,C->A,2
chr9,118631293,118631646,TTTGCTTTTTCTATTGCTTACTCTAACTCAAATCAACAACTATTTATAAAATGTATTTCATGTGTCCACTGTTGATGACTAGACCATGAATAAACCTTGGTTTGTATTAATGACAAATGCTGGTGGTTGCCTAACCTCCATTTTTCTTTTTGACAGTTCTTGTTAAAATCATTACTGCTCCTTTGCTCTACATAGTGTGTTAGTTCGTTCTCATGCTGCTAATAAAGACACACTCAAGACTTGGCAATTTATAAAGGGAAGAGGTTTAATTGACTCACAGTTCAGCATGGCTGGGGAGGCCTCAGGAAACTTACAATCTTGGTAGAAGGGGAAGCAAACATGTGCTTCTTCACA,"[[118631305, ""G"", [""A""]], [118631497, ""C"", [""T""]]]",yes,yes,G->A,2
chr11,34131281,34131528,CCATGGGACAAATATAAAGTGAAACATTTTTCGTTGCTTTTTTAGACAATACATATTTAATCATTGTTTCTTCTTTTGTGTGTGTGATTGTGGGGAGCAGCGCGGACACTGCATGAGGTTTCCCTCCAGGAGTCAATCCGATACGCCCCTGGGGATGCAGTGGAGAAGTGGCTGAATGACTTGCTGTGCCTGGATTGCCTCAACATCACTCGGATAGTCTCAGGCTGCCCCTTGCCTGAAGCTTGTGA,"[[34131313, ""C"", [""G""]], [34131392, ""T"", [""C""]]]",yes,yes,C->G,2
chr12,77269184,77269615,TATTGTATTGTCAATATTAATTGGAAGGGTTGTGGGAATGGTCAAATTAGACCAGATTTTTCAAAATAACAGAAACTATAAGAATAAATCATATTTACCTTTGGGAAGTATTGAGGTAAATGCTTAGAAAAACAAGGCCGTTTATTTCGTTATTCTTCGTTCTGAGTCTCTGTTGGTGCTTTTCCTGGCTGTCATGCCCTAGTAACCTACTGAGGTCTCAGGTGGGGAAGCCACAGTTGGCCAGCTGTTCTAAATAATCTGCAGAATTCATTATCTATCTGTGAACAGTGTTGAAGACTATAAGTATAGCCTTCTTTTAGAAAAACCTGTGCTACAAAGACTGAAACTCACAAGGCAATCTCACAGATCATTATTCACGCAATAGAGAACTTTTTTTTTTTTTTGGTTTACAAAAGGAATTACCCTGAGATC,"[[77269188, ""C"", [""G""]]]",yes,no,C->G,1
chr3,157271285,157271747,TAGCCCAGCATGAAGCCTCATGGGCCCCAGATGGGATCAATGATGTGTCAGGCAGGGTCTTGGCAGGAAACAGATGGCATCTCAAACTGAGCAGTGGAGGAGAGTTAATAGAGTTACTAGATTATTTACTCAGATGTGGGCAGGGCGTAGGAAAAGCGCCATAGTACTCTGGGGCCAGTAACCATGCAGGCCTAACACTCCTCCGCCTGAAGAGGAAAGGGCAGAGAACAGTTAGGACTTAGTGGGAGACCTGTATGGAGAGCACCGTTTGATAACAGCTGTGGCCTGGAATAGAGGACACTGTCGACCCTCGGTGTCCAAGCAGGGAGGCAGCCAGCAAATCAATAACTCAACCTCTCTCTCCTCCCTCCCTCTGCTTACTGGTGTCCCCAGTGGTGGAAGGTACCTGAAAGCCAGAGCTAAAAGAGCCTATTGAAACAATCACTACATGGCAGCCTGTGGG,N,no,no,N,0
chr1,7048506,7048742,GTCTACGCCAGCTGGGCCCTAATCTCAGCCTTTGCCCGGAGAGATTCTGCAGCACCTGCCGAGTGAGCAGTCATCCCATTTGAGCTCTGTAAGAGATCCAGCGTTCCTCTGGGAGTGTCCTGAGCACGCCCACCACCACCTGTCCCTGAGCCTTCCCTTGCAACAGTCTTGCCTTCCTTTCATTCTCTTCTCAGCTGGTCTTGAGTCCGAAGTGGGCGGCTTCCTTTGTCGCTTGGG,"[[7048507, ""G"", [""T""]], [7048720, ""A"", [""G""]]]",yes,yes,A->G,2
chr19,55877197,55877648,TCATGAGTGGCAAAGACGGAAAATGGATGGGAAGAAAGAGAAAGATGAAAACTCCAACAGGACCACATAGCAGCTAGCTGTGGTTGCATCATGAACCAGTGTAAAACTGCAGGGCTTAAGGCAATGAGAAGTTAGATTGCTGCTGGCTCTGCTTGTCTGGGCAGGCGTCACTGACCTCAGCCAGGTGTGCTTAGGAAGCTGTGGTTAACTGAGGGATTGGCTGGTTTGGGTTGACCTTGCTATATGGTATGGAGGTTGGCTGGCTGGGTTGGCTGTCCCCTTGGGGATGACAGGTGTAACTGGGCCACGTCTCATTATCTAACTGGTTGGCCTGGGCTCATTGACATGGCATCTGTATCAGTTTGCCAGGGTTTAAAAAGTAGCATGGACTGGGTGGCTTAGGTAATGAATTTATCACTTCACGGTTATGGAGGCTGAAAGTCTGAGATCAA,"[[55877305, ""T"", [""G""]]]",yes,no,T->G,1
chr7,139450827,139451143,TGTTCCCCTTCAAACTGGCTGGCCCTGTAACCAATAAAATGTGGCCCATGTGACACTGGGTGACTTCTGAGGCTAGCCCTCCAGAGATCTAGCTTATGTGGTCCTTTATTTGGGAATGCTCCTTCTCGTAATCCATCTGCCATGCTATGAGGAAGTCCAAGCAGCCATATGGAGAGCCGCAGGTGCAGGAGAACTAAGGCCCCAGCTAGGAGCCTGCACCGCATTGCTGGCTGAGCAAGTCAGGCCAGTTTGGACTTTTCAGCCATTCCAGGGCTCCATCCAATACCATCTAAAGCAGAACTGGCTGGTCAATCCAT,"[[139450828, ""C"", [""G""]]]",yes,no,C->G,1
chr4,102047676,102048117,CCATGTTTTTAATTAAATTATGTTAGAATTAAAGGGAAAATGCAAAGAAGGCCACAGGAGATGAAGAGAAATGTCGAGTATCAAGTGTAATGAAGAGATCCTTGGAATGTTTGATCTTATCAGTTATCCTGGCTGTCCCACAGAGAGCAATGCAAGGAAGGGCTGCTAGTATCTGTTAAGCTTAGAAGAGCCCTGTCATTATTCTACCATGTATAGACAATTAGTACCCATCTGCCCACAGAAAAAGGGGAGGAGAGGGTGGTAAAGGGAAACGAGGACCTAATTATGCAATATTGTATTGATTACTATCTGTCCATATCTTGTTACCTAATTTGCATAATCAAGGTCAATTACCTCTAGATTTTTAAAAATTCTGTAGGGACTCAGATACTAACATTTTAATCATATTTTGTCTGTAATATTTTTTCTGTGTACATACTTA,"[[102047749, ""A"", [""T""]]]",yes,no,A->T,1
chrX,20012396,20012644,TGATTTCCCATCAAGGGCATCCAGATGAATGAGTCCCCCAGCTGGCTTAAGCCCATTAGAGAAAATGTCTTGGGGATAAGTTTCTGGGGCAGCGTGATCCACACCATTAACTTCCTGGCAGGTGTTCAATCCATTGATTTCTGATCGAGAACACAAAGTCCCTTGTGTTAATCATAAAATGTCTAAATAAAGTAACAGAGAAATATAGATCAAGGCAATTAATTTAATGCTCTGCTTCACTGATACTGC,N,no,no,N,0
chr4,146800215,146800440,GTATAAAGATGAGAGATGATTGCTGGTGAGTCACTGTTCTATTTCATCTAGAGACCTGAATGCTCTCACTGCTCTATTCCCTTAGGGAGTCATGTTCCTCTGCTTAAAAGAATATTGCCTGCTCTCTGAGCTAATGATTTGTTTGGAGGATGGAAGTCTCAGAGGTGAAGATAACTGCACAGCTTTTAAAATGTATCTTTCAGATCTTTGATCTGTTTTTTTTCTG,"[[146800302, ""G"", [""A""]]]",yes,no,G->A,1
chr2,3165932,3166293,ACAGGCGCCTGCCACCATGCCTGAATAATTTTTTGTATTTTCAGTAGAGATGGGGTTTCACAGTGTTAGCCACGATGGTCTCGATTTCCTGACCTCGTGATCTGCCTGCCTCGGCCTCCCAAAGTGCTGGGATTACAGGTGTGAGCCACTGCACCTGGCTGAAACTGGCAGTTTCTTATCAAGTTAAACAAACACTTACCACATGACTAGGTCTCTCCCGAGCAGGCAAGAGTAAAGCAAACTATGACCACAGACAAATCTGCATGAAATGTTTATAGCAGCCTTATTCATCCTCATCCTCATACGCATCCAAATACCCAGCCCCGGAGAACGGATCACCTGTGGTACGTCCATGCGATGGG,"[[3166004, ""G"", [""C""]], [3166184, ""C"", [""G""]]]",yes,yes,G->C,2
chr18,35641909,35642212,AAAATAATATTTTGTAATTTATAATGTGAAAATTATATGAAATTCAAATTTTGGTGTCCAAAAATAAGCTTGGAATATTGTCACATTCATTTATATACCTCTTACAGATGCTTTCATGGTACAACACTAGAGTTAAGTTGTTGCAACAGACATTGCATGACTCAAAAAGCCTGAAATCTTTATCATCTGGCCCTTTGCAGAAAATATTTACTGACCTCTTCTCTAAATAAATACTCTTGCACATGCGTACTAGTAGACATGTTCAGGAATGGTCATAGCAGTATTGCTTGTAATAACGGAAACC,"[[35641932, ""G"", [""A""]], [35642003, ""G"", [""A""]]]",yes,yes,G->A,2
chr22,31446159,31446557,CCTGTAATCCTAGCTCCTCGGGAGGCTGAGGCATGAGAACTGCTTGAACCCAGGAGGAGGAGGTTGCAGTGAGCCAAGATTGTGCCACTGCACTCCATCCTGGGCAACAGATCAAGAGATTGTCTCCAAAAAAAAAAAAAAGTTAAAAGTACTGTGAAAGTCACAAATCACATCAATGAATACTAGGTAACTGCATTATGCTATAGACAGAAAGCACGTGAGAGGGGTTCAGCAGACCAGTCTGGAGCTCTCTGTTTCGGTGGAAGGGTGCTATAAATAGGATGTGCTTGTGTAAGGCTATCTCCTGGTCTCAGTATCTTCTGAAAGGGTTAACAGGTAAAACCAGCTGAAGCAAAACACTGAGGCACTGTGGTAGTAACTTTAAGAATCACATCAAAA,"[[31446174, ""A"", [""C""]]]",yes,no,A->C,1
chr4,4958259,4958588,CTGCTGTTAGTCTGATGGGCTTCCCTTTGAGGGTAACCCGACCTTTCTCTCTGGCTGCCCTTAACATTTTTTCCTTCATTTCAACTTTGGTGAATCTGACAATTATGTGTCTTGGAGTTGCTCTTCTCGAGGAGTATCTTTGTGGCGTTCTCTGTATTTCCTGAATCTGAATGTTGGCCTGCTAGATTGGGGAAGTTCTCCTGGATAATATCCTGCAGAGTGTTTTCCAACTTGGTTCCATTCTCCCCATCACTTTCAGGTACACCAATCAGACGTTGATTTGGTCTTTTCACATAGTCCCATATTTCTTGGAGGCTTTGCTCATTTCTT,"[[4958430, ""C"", [""T""]]]",yes,no,C->T,1
chr10,13764753,13765127,TTCCCTAGTATCACAAGATCCCATAGTGGCTGACTGGATGACAGAGAGCTAGAGGTAAAAGAGATTTAGAGACCAGCCAGCCTGACCCTGTGCTTTTACTGAGAATGGAACCCAAAAACATCAAGGGACTTTGCAAAACCACAGGGCCTTAATGGCACTTAAGGGGCCGGGAACAGACCCCCTACTACTTGTCCAGTGTGTGACCTCCCTTAGGACTTACATTTCCACCCAAATCAATAGAGAATCAGTTTCAGCCAATGTATTCTAAGAACAATATCTATAATCCAATTTGCTTAGCAAGAGTTTCTATTCACTTGCATTACAAGCCAGACTCTGATTCAAGGATTGATTTTTTTTTTTTGTTTTTTTTTTTTT,N,no,no,N,0
chr20,57527684,57528034,TTTTAAAAATGCAAATTTGGAGCCAATGAGTGAATGAAATAATTTGTACCTCACTGATTCTTTTAAGGCATAGCTTACAACGTTCCAGAAACTGTTCTATTTGTTTTCACTTTTGTTTCAAAATCTTAATGGCATTTTGTTTGCTGATTGTGAATAAATATTTGTATGCTGCGAAAAGCAAATCCAAAACCAACAGCTCAAAGGAGAAAGTGTGGCAAACAGGAGATTGGAGATTGGACCCCAAAACTCCTGGAGTGACGAAAATTGACCTGGATGAAGAAATGGCTTTCTCTTGGCCTCCTTTTGTTTAAACATATCTTCCAGTCCTGGGGATGGATTTCCCTCCCATCC,"[[57527983, ""T"", [""C""]]]",yes,no,T->C,1
chr6,124294639,124294927,AAGCTGACCCTTCAGAGGTTTTATGAATTGTTTTATTTGCCGGATGCTTTGTGATTGCCCAGCTGACTCTTTAAGGAAATAGTTGTCATTTTCCTGGTCATCTCTGTGTTGTATTTGTAGATGTCTTGTCAGTGGTTTTTGGAAATGTTGACTCATCTGGGAACTCCATGCCCAGTAAGATGTTATCTACACCCCACAGCTAAACTTCTGTTTGACTAGACCTGTCATTTTCTGAAACACAGCGGAATCCATTTTTTTCTTCATATTTTTTTCTTTTAAAGATACCAGT,"[[124294680, ""A"", [""G""]]]",yes,no,A->G,1
chr20,9100795,9101108,TATGTTTTGAGTTCTTAAGCATATTGTCTCTTCCTCCTGTGCGCTGATTCCCACTTTCGTGCACACAGCAGCTGTGTGACCATCTGCATCATCTCGACAGTGCCACAGCTTCCTCCGTAGAATGCTACGGTGTGTCGCCCGTGGAGGGATTCCTCATCCCAAGCATGACTTTTATGTGGGTAGGCAGCCCGCCTGTGAGGTGAAGTTTCTGGTGGCCCATTTCTTCATATTTCATGATAATTGGTCAGAGGCTTGCCTGGCAGTGGAACCATCACCCCAGGGACAGAGGTTGCCTGCTGTCCATCATCACTTAT,"[[9100963, ""T"", [""C""]], [9100980, ""T"", [""A""]]]",yes,yes,T->C,2
chr15,73723271,73723582,CAGGAAGCATTTTATTTATTAATTTGAAGTGTGCTGAGCATGGGGTGGAGGAGGGCCGGCTCTCCAAGCTCAGGCCCAGCCCTGTCTGTTGGGACCTCATTAATAATACCTCAGACCTCCCAGCCTTTCTTCTCCAGATGGAGCCTCTTCCCTGCCACGGCCCAGGATCTGCACCTCCCACTCTTCTGACCTTCTAACCTCTCATTTTGCACCATGCTTTCTTGTTTTCCTTATTTTCCTAAGCCGTTTGGCACAGAGTCTACTGTTCCCATTACATGGGATGGAGCAGACTGAGGTGGAGGGAGGGCAGGG,"[[73723285, ""A"", [""T""]]]",yes,no,A->T,1
chr5,33346650,33346857,CACACTGCCCAGCTATAAGGCTACAGTAACCACAAAAGCACAGTACTGGTACAAAAACAGATTTATACACCAATGTAACAGGATCAAGAACCCAGAAACAAACCCACACACCTGCAACCATCTGGTCTTCAACAAAGTTGACCTAACAAGCAACGGGGAAAGTACTCTCTATTCAATATGAAACTGGACCCCTTACTTTCACAATATA,N,no,no,N,0
chr13,109738300,109738739,CACACCTTGATCTTTGCTCATAAGTCTGTGAGTCGGGATGGGGGGCTGGCGATGGCTCATCCTGCTGGGCTTCCTACGTGTCTGAGACAACCGGATGGACTGGTGCCGGCTCCGTGTGGTCTCTCTTCATCTCGCAGATTTGCCTGGGCTTGTTTCCCAGCAGACAGCTTCTGAGGATAGGTTTGGGATGGGCACCTGCCACTTCCTCCACATTCCATTGGCCACAGTGAGTTGCAAGGCTGGCCAGACTCAGGAGTGCAGAGAAATACCCTCTACTTCCAGATGAGAAGAGCCACAAAGTGACATCACCGCAGGCTGGATGCAGGGCAGGGCCAGACAGCGGAACGCGTGGGCTGTTTTGACAGTCAGTCTACCCCAGGATGCTCCAGGAAGGGGAAAAGGACAAGGGAAGAGGGGCGCTGTGGCCAAGCAGGGGAACT,"[[109738310, ""C"", [""T""]], [109738352, ""C"", [""T""]], [109738488, ""C"", [""T""]], [109738633, ""A"", [""C""]]]",yes,yes,A->C,4
chr11,100841720,100842122,CTCTGCCTGAAAGCCTTCTTCCAGATCTTTGAGTAGGGGTTGGAGGCGGTTGAGGAGTTCTTGTAAGTAATGCTGGAGTTCCAAGGTATCTCCTCACTGAGGCTTTGCCTATCCAGTTTAATTCAGTGCCCCCTACTGCCGTCATTTTTTGCCACATCATCTTGTTTTGTTTTCTTTGTGGCTCCTGTCATTATCTGATATTATCTTGTTTATTTTTGGCTTACTTGTCTGTCTTCCTGAACTATGTAAACAAGCTCCAGGAGAGATTTGTATTACACTGTAAGTATTTGCTTGAAAATGATTGAGTTACAGGCATTAATGAATTATGGCCTAGTGGCTAAAGATCGAAGTATTGCAAACTAAGCCAAAAACATCCAGCTTCAGTTTACAAGAACTTCATTTG,"[[100842065, ""T"", [""C""]]]",yes,no,T->C,1
chr5,174903463,174903714,CTCACTGGAGATTTTGTATCTCCTAGTTTCAAGATTAATCAGAGAATCTGATAGGCTCATCAAAGATCAGGTGGCCACATCCCATCTAGTCATCTGTGGCCAGGAGAGGGCACCCTTGGAAGAGCAGAGCTTCAGCAGGCACTGAGGTGGTGTCTGCTCTGGTGTCTGCTACAAGACCCATCTGACAGTTGAGAAAACAGAGGTTCGGAAATGGAAATGCTTTGACTCCAAGGCACAGGTAATAAAGTAACT,N,no,no,N,0
chr18,45699864,45700084,TCAGAGAAATGCAAATCGAAACCACAATGAGATACCATCTCACACCAGTTAGAATGGCGATCATTAAAAAGTCAGGTGCTGGAGAGGATGTGGAGAAATAGGAACACTTTTACACTGTTGGTGGGACTGTAAACTAGTTCAACCATTGTGGAAGTCAGTGTGGCAATTCCTCAGGGATCTAGAACTAGAAATACCATTTGACCCAGCCATTCCATTACTGA,N,no,no,N,0
chr19,5016830,5017093,TTTTCTTGTGCCTTTTTTATAAGCCGGTGGCACAAAGAGGTGCCTCTGGTGGCAGCCCAGGGGGACCACTCAGGAGAAGAGAGAGAATGACCTCATCCCTTCTGGCCACACCCACAGGGCCCGGGTGACCCAGTGGAGGGTGTCAAGTGTGGGATGAGCAGTGCAGTGTCCTCCCGTCAAGGCAGAGGTGGCAGTGGCAGCGGCGGCCGGCAGAGCACCGGGGAAAGGCTGCCTTGTGCGGCGTCGCCCTTGGATTGTGTGCCG,"[[5016845, ""C"", [""T""]]]",yes,no,C->T,1
chr4,166378326,166378575,TCTTGTCTATCTCTTTGCTGAACTGATTTGTTTGGCTATTGTTTTTCTGATTTCATTTAGTTTTCTAGCTATATTCTCTTGCAGCTCACGGATCCTCTTTAAGATGACTACATCAATTTTTTCAAGCAGATCATCAAGATTTATTTATTTTGGATTGATGACTCATACTTTATTTTGTTCTTTTAATTGTGCCATGATTTCCTGATTGTTCATGTTCTTTGTGGCTATGGTGTTGTTGTCTATGGATTTG,N,no,no,N,0
chr2,55245492,55245731,CCAGCCTGGGCAACAAGAGCAAAAGTCCGTCTCAAAAAGAAATAAATAAATAAAGGAAAAGCAGAAAACAGAAAGGTGGTTGCCAAGGGCTCAGGAGAGGGACAAGGGTAATTTTAAAAGGTACAGAGTTTCAGTTTCACAAGATAAAATAGTTCAACACGTCTGTTGCACAACAATGTGAATAAACTACAATACTGAACTGTATATTTAAATATGGTTAACATAATAAATGGGATGTTA,"[[55245534, ""G"", [""T""]], [55245538, ""G"", [""T""]]]",yes,yes,G->T,2
chr18,56807852,56808321,TGTTTTTGATAAATTGAAGTGGTCTTTATTCAGAATAAGGGATAAATTTCTTACAGAAAGGCTTTTCTACAAGACATCTATACTGTTAATTTCATATTTTTGATGTTATTGCAGAAGGAAAAGTGGATACTGTGTCTTTAATGGAAAGCAAAAGGTTATCTTTCCATGGCCTTTGTGTGTATGTGCTGATGTGGATGTAGGCAGCCAGACAGGCAATGTGTGCAGAGAGACTAGGGAACCGGCTGTGGATCGATAGAAGTGGTGTGAAGTGAATTAATGTGAGGCAGGCTGTCTGTCTGTCATAAGGATTGTGGGGAATGTGGGGCAGTGTTGGTCAGTCACTGCAGAGATCTGCTTCCAATAAATTCAGGCCTTCTGCCTGAAAAGAAACTGTAGATACTCACATACTCCCTTATTGTTAAATTTTACCTCATTCACAGTAAATGTTCATATCAAATTATTGCCTCCAG,"[[56808016, ""T"", [""C""]]]",yes,no,T->C,1
chr18,73785325,73785688,AGAGGAGGAAAAGTAGGAAAGGAGGAGGGGAAAAATAGACATTTGATGTGGTAGAAAAAAAAACAGATGGAAATGGAGATGTCATAATAAAAATAAAATTCAGTGTTTCACAATGCTTTTTGGCCCAGCATACCTGCTCTTTATTTATTATGCAACATTTTGACCTAAGCATTGTATTACCAACCTAGAAGATATTAAACTGTATCTACTGACTAACCACACAAATGCTTGACCCATAACCCATTCTCTAAGCAGTTTTCTCTTGTGTAATAATCTTCTCTACTGAAATATAAACAATTTTTTAATTCTAATGGAATTAATGGCAAGTGAACAAAAGAAACATCAAATTATAAAAACTTTAGCA,"[[73785427, ""A"", [""G""]], [73785506, ""G"", [""A""]]]",yes,yes,G->A,2
chr10,102637969,102638208,CATATAAAATATATAATATAATATACATGATCATATAAAATATATAATATACATGATCATATAAAATATATATTATACATGATCATATAAAAATATATAATATATTATATATGATCATATAAAATATATAATATATTATATATGATCATATAAATATATAATATATTATATATGATCATATAAATATATAATATATTATATATGATCATATAAAATATATAATATATTATATATAATATA,N,no,no,N,0
chr12,87455873,87456072,CAGGAGACCATGGCATATTTCAGTCCTTATCTCAACCGCATAAGACAGACACTCCCAGAGCAGCCATTTATAGACCTCCCCCCAGGAATGCATTCCTTCCCCAGGGTATTAATTATTAATATTCCTTGCTGGGAAAAGAATTCAGCAATATCTCTCCTACTTGCACGTCCATTTACAGGCTGTCTGCAATAAGAAAAATA,"[[87455938, ""G"", [""A""]]]",yes,no,G->A,1
chr4,55055573,55055834,AGTGAAAAGGAATGAAAAGAAAGAAATCACTTGCGAGGAATTAGAACCTAAATCTGGTATGAGTACTACAGGAATTTCAAGCTAAGAAGCTGATAAAAAATGGTCCCGGTCTAGAATATCTATAAAAAGCTGTCAGAGGCACATGTGAAACCATCATATAAGACTCTTCTACATCAATCTTAGACTTGAACGAAAACCACAAGACAAACAAACCACTGGTGAAGATAGGTTCACAGAAAATAAAATTACTTATACAAGAATG,"[[55055610, ""A"", [""G""]], [55055746, ""G"", [""T""]]]",yes,yes,A->G,2
chr9,123608119,123608548,GTATGTGGTTAGGGCTGGGTGATGACAAGGAGGAACTGTTAACAGAATGTAGGAGCCACATGGCCGGCCTGTCAAATTAGAAATTTGAGCAGATTTCTGTGGTCTATTTTGATCAAGATTCTCAATGTCAAACAAACAGGTTTTTCGATAACCAACTTCTTTCATTTTCGTAAGCACAATAGCACAGTGTGCAACAGTTAGTGAAGCAGGTGGTCCTCGTCGACGTGAAATGAAGGGAACAGAAGAAGAGAAGTAGCACTTCCTTCAAGACATGCAAAGCACCACCGCAGACGGACATGGCTGTAGATTTTCCCTCTGAGAGCTTATCTCCTGTGCAACACAGGCAAGCACCCTCCCCACGCCTCATTTTGCTCTAGTACAAATTAAAACTCTCTCCTGAGGAGGAAAGGGCTTAGGGTACATGTCTACA,"[[123608126, ""C"", [""G""]]]",yes,no,C->G,1
chr12,110758457,110758765,AACACAGCACTGGGCTCCCAGTGGGTATGCGTGGGAACCTTGCTATTCACCTCACATCACAGGCCTGGCAGGGCCTGGGAGCTGATGGCTGTTTCTAGGAGGAAGAAAGGCCATTTGTGGGCCATCTCACGGGGCAGAACAGGCCTCTCTCTGGCCCAAGAGTGCCCATCACTGCAGCCGCCGGGGCAAGGGACAGTCTCTTTTTGACTTTGCTGCTTTATAGATTAAGGAAGAGAAACCACCCGAGGGAGTTAAGGCTGGAAAAAAAAATCTTAATTATTTTGACAGTGGGAGTGGGAGAGGGAAACA,N,no,no,N,0
chr12,87145966,87146219,TATACATACCAAAGTTCCTTTATCCACTTGTTGACTGATGGGCATTTGGGTTGGTTCTGTGATTTTGCAATTGTGAGTTGTGCTGCTATAAGCATGCGTGTGCAAATATCTTTTTCAAATAATGACTTCATTGCCTCTGGGTGGATACCCAGCAGGAGGATCACTGGATGAAACGGCAGTTCTACTTTTAGTTCTCTAAGGAATCTCCACACTGTTTTCCACAGTGACTGTACTAGTCTACACTCACAACAGCA,"[[87145970, ""T"", [""C""]]]",yes,no,T->C,1
chr6,31675064,31675372,GAGCAGCAGGACTCCCAGGTGAGTATAGCCAGGTGTCTGCCCTTCCAAGTCTTGCAGCCCAGTGCTTGGGTTATGAAACCTTTTTCTGAAAAGCAGTGCAGCTTTGTGGCTGGGAGGTCCAATCCCAGCCCCTCTACCACTTGGATATGTCAGTCTCTTCAGCCCCACCTTGGTCACCTGTCAAGTAGGGATAGTGCCTCAGATGATTGAGAAAACACATGTAAATGTGCATACACAAGTAGAAGTTAAGGCCTTTTCCCCCTCAAAAAAATATATTTGCCCTAGAGTCAAATGCATACACAATGTTCA,"[[31675082, ""A"", [""G""]]]",yes,no,A->G,1
chr14,51317455,51317779,TTGTGCTTTTAGAAATTTATTGTTAGGAAGTAATTGTATATGCACAAACAGACCTGTGTACTCAGATGTTCATTGCAGCATGTAGAGCAAAGGAATGGCCATGACCTACATTTCCAACAGTGAGGAAATATCTGAAATAATTGTGGCCCATCCATATGGTAGAATGTTTTTCAGCCATTAAAAATACCCTTCTCAGAGAGTATTTAAGAATGTGGGAATTGCTTAAAATAGAATGTTAAGTGAAAAAAAAAAAACAGGTTACAAAATTATGTGTATAACACGTGATCCCTGTTTTATACAAAACAAAACAGAACAAAAACTATTT,"[[51317477, ""C"", [""T""]]]",yes,no,C->T,1
chr15,61337563,61337903,ATTGGGGTGGGCACCCAACTCAAAAGCAGCCTAATGCCGGATCTGTGAAAATAAACTGGGCCAATCTGGTTTTGTTTTAAGGAGTTTTGCTGTTTGGAGACTGAGGGATTGTTGCCAGTTAGTGACAGTATAAAAGAATACGCATGGAGTAGAGGAGCCTGTCAGCCACAATGCAGCACATGGGATGAAGTTAGGAGGAAATGGCAATCGAGTGAGGTGGAAATGAAAACAAAGCGAGCATCCTCGTGCAAGAATAATCAACAGAGAAGAAAAGCAGTTCCCCAAAGATATTCCAGTTCGTGCCTTTGCTAGTGCCTGTTTCTTCATTTCCTGGGTGTAGC,"[[61337565, ""C"", [""T""]]]",yes,no,C->T,1
chr8,11410196,11410495,TGTCTATTCAGGTTTTGAAAAAAATACTGACAGAAGTTGCATTATTTCTTGAACCTGAGTTAATATTAAGCTGAGAAATCCTTTTTAAAAAGTATTTCGTGTCAAAGGGATACAAACTCTGTTAGGAATCTGTCACAGGGACCTTGCTTACAGGAGTAATTTATGTCTTGGGATGTTGCCAGGGATAATTAAGGTGCAGAAATACTGGTTGTTTGCATGGAAGGTAGCTATCTGGAGACAGGGGAGCAAACCAGAAAGGCATCTTCTCCTAAAGGTCAAAATAAAAAGCAAGCAAGACCA,"[[11410228, ""T"", [""G""]], [11410268, ""A"", [""G""]], [11410367, ""C"", [""G""]]]",yes,yes,A->G,3
chr3,4000190,4000560,AGACATTTCAGCCCAAACTTTATAAAGTAACAAGTGATGTTCATTCTCAATACAGCTTTAAGATAATTCTTTACTGTCACCAAGGCACATATTTTCTTCTTTACATAGACCAAAAGCCTTTGCGAAAGATAGGGCACAGGCAAAGCCTTTTCATCTTACAATTGATCTTTTTGATGATTTGTTCATAAAGAAATAGAATTTCCCATTGTGGAGTCATTTCCATGGTTACCTATTGATTTCCTATAGGAAGCATGCTGTTTACACGGCCATCAGGTCTTTATTGTGGAGGGTAAATCACCCTCTGAGTTTTCACTTTATCTCAAACCTGAGGCATGTAAAAATGAGCTCTGCAAAATTACCAGAACAAGATA,"[[4000510, ""G"", [""C""]], [4000511, ""C"", [""A""]]]",yes,yes,C->A,2
chr2,14306232,14306613,TTGGTTTAAGTGATTCTCTTACCTCAGCCCCCTGAGTAGCTGGGACTACAGGCACCCACCACCACTCCCAGCTAATTTTTATATTTTTTGTAGAGATGGGGTTTCACCATGTTGGTCAGGCTTGTCTTGAACTCCTGACCTCTGGTGATCTGCCTGCCTGAGCCTCCCAAAGTGCTGGGATTACATGTGTGAGCCACGTGCACCTGGCCTTGTCTTTGTATCTTTAGGGAAATACCCTAAGCTTTACCAATTAGCCCAAGCATTCAAAAGTGTTTATAAAAACTCTCACGCAAATCGACTTTCAGATTCCTCATTATCACTTTCATTTTTAAATTGAGTAGCTAAGAAAACTCTTCTTTTTCCTACACTCTGTACTTCCATA,"[[14306233, ""G"", [""T""]]]",yes,no,G->T,1
chr6,119978328,119978602,CCAGTGATGTTACATCTATAGTAGAGCAATACATTCCGGCTTCCCTTACACTATAGTATACATCCAGACCTGTTTTAAGTACCATTGGCAGAATATTATCACTTTCTTTTTACATTTGGGAGTATTTGCTGTGCATATATCTAGTGTGGGCTCCCTCTGTTGGTTGGCCAAGAGACTGGTGGCCCTGTATTTATAAAGCTTGAGGCCCATTTACCTTTCAGAATTGTTAGAATTAGGCATTAATGATTCACTGACTGAAAAGAAAAGAGAAAAAA,"[[119978406, ""A"", [""G""]], [119978525, ""C"", [""G""]]]",yes,yes,A->G,2
chr15,19995342,19995582,TGGTGCATGTGAGAAAATTTTTCTCTTGTCACCACAAATGTTTCTTCTTCAGGAAGAACAGGATAAGGAATCCAGAGAAGTGCCCCAGAGGAAACTGTTTCATGGAGAGGAAGCCACAGGGCTGACAGGAAACCAGACCTTAACCTCCCTCTGCACCTGCCCTGAGGCTGGCTTTTGTGCTCAGTGGGTCCTGAGTGCCCCCAGCTGGTCCTGTTCCCTCTTCAGGGAGGCTTGTTTCTGG,N,no,no,N,0
chr6,24670442,24670891,GGGACTTTGTAAAGTGTGAGGCCAGTTTTCCCAAGGGCTTTTATTGGTTCCATAAGTCAGGTTTGATTACTTAAAGGAAAGTACACCTTTCCACTCAAAGCCTTGGTAAAATAATCAGTTTCTCCAACTGTGTCCTGTTACAAATGAAAACAGATTCTTATTGCACTTATGCAAATAACTGTATTGGCACAAGTTAAGAATACTCACAAATAGTTTACAAATTCTGGAGAAATCAGGTAGAGAGAAACAAATATGCTCCAAATTTTGTTGATTGGAGTATACTAAATTGTTAAAAGCTGTCAATAGCTCAAAAGAAAAGTTTCAAGGCTCTGAAAAACAAAGCAAAAGATCAGCAATGTTTAAGCAAAAAGTCAAAAAGATTAGTTCAGTCCCCTTAGTTAATTCCTATTCTGCTTGATATTCATGAGCATTTTAGCTCTCCATGAGTTC,"[[24670489, ""C"", [""T""]], [24670602, ""C"", [""T""]]]",yes,yes,C->T,2
chr5,173476342,173476684,CACTTACATGATGTGCCTGGAATAGTCAAATTCAGACAGAAAATAGAATGGTGGTTGCCTGGGGCTGGGGGCAGTAAGGAATGGAAGTTATTTAATGGGTACAGAGTTTCAATTTTGCAAGATGAAAAGAGTTCTGTGGGTGGATGGGGCTAATAATAGCACAACAATGTGCTCAGTGCCACTGCACTTAACACTTACAAATGGTTAAGATGGTAAATTTTATGTTATGTGTGTTTTACCACACACACAACAGAATAAATTCCAGCTGTGTGGGAGAAGTTTGATATCTTATGATGGGAAGGATTTGAACTTGGCTTTAAGGAACTTAGGCTTTTCCAAACTT,"[[173476453, ""G"", [""A""]]]",yes,no,G->A,1
chr6,145643789,145644110,TGGGATAAAAAGGGATTCCATTAAATACTTTGAGCAACAACATTATAATTTTCTGAAAAAAAAAAATAGTTTTGGATAGGTGTATGATTATTATTCATCTAGACCACTGCATCTCCCATATTAATGTGGAGATGAGGCATCTGGAGATCATGCTAAGATGTAGATAGTGACGTAGGACATGTGAGCTGGAGCCTGAGAGTCTGCATGTTCACGAGCTCCCATGTAACACCCATGCTGCTGGCCCTTGGACCACAGTTCGAGTATCAACAAATACTCTAATAATTTAATCTAAATACTATTATCATATTATTATACATTGCAA,"[[145643925, ""T"", [""G""]]]",yes,no,T->G,1
chr22,43447640,43447861,CTCCTGGTCTCTCCTTTATCCTCACGACTGGCCTACCTCACACTTCAGTGCTCAAGTGCAGATTACATAGGTCTCGGGAGGGCATGACATTCTGCATTTCTAATGAGCTCCCAGGGGATGCCCCTTCTCTGTTCTCCCGAGGACTCTTGGGGAGCACACTTATATATATATATATTTATATTTTTATATAAATATAAAAATATTTTATATATGTAAATATTA,"[[43447675, ""T"", [""C""]], [43447756, ""T"", [""G""]]]",yes,yes,T->G,2
chr7,110105888,110106201,AGGTGTGGCACTTTCTAGATTTTAATACTATAAGTTATCTCCTTTATTTCTCTAGAATTTTTTTTTTTTTTTTTTTTTTTCCAGAAATTCACTCAGTAGTACTCAGATCTCAGTCACAGTTTGGGCTGGTTGGGTCATGCCTCTCTGAGGTGTTACAGACACAAGCAAATTCCTCACTCCACCCCAATTTGGCTAACACCAGAGGTAACAAAAAGACCAAGTCTCTGAACTACTATGGATTTTTTTCTCAAGTACATTTACATCACCAAAAAAATTTAGCTGGGTATTTCTTAATCCAGTTAGATTCAACTTTA,"[[110105968, ""T"", [""C""]], [110106144, ""G"", [""T""]]]",yes,yes,G->T,2
chr20,56782813,56783121,AGGCTTTCTGTGACTTTAATTATCTTTAGTAAAGGGATTGATTTTCCCCACAAGAAAAGGGGGTGAGCCCCGGAACACATATTTAGGAACTTCTTTCCTGTCCTGACTATGAGCTTTCTGAGAATACGGCGAATACTTCACCATTACACAACAGAGATGACTGAGCAAGTGTGGGGAGCATGGCCAGCTGGACTCGACAGGATTCTTTACCCAATATTAAAAACAGGTCAGTTTTTGGCCAGGCGCGGTGGCTCACGCCTGTAATCCCAGCACTGTGGGAGGCCGAGGTGGGTGGATCACCTGAGGTCT,"[[56782842, ""C"", [""T""]], [56782849, ""G"", [""A""]]]",yes,yes,C->T,2
chr11,49670681,49671132,TTCTCAAACTTGAACCCTTGCATTTAGCCAGGTTAGACCTAAGTTAACTGGGAAACATAATGCTTTCTTCTGTTAGGTGAATTTCATAAAGGTGTAAAAGAAGGATATAAAGTGACCATTTCATTTTTCAGTATCATTGGTAAAAATTTATTTCTAGTCATTAGATAACAGTGGAAACTGAAAGCAGCATGCCGTCCTTGAGCAAAGCAGTATGCCGTCCTTGAGCAAAGCAGTGAAACTGTAGCCACCTGTCTTTTGTGAACCACACTGGGAGCTTAATTAAAGAAACCTGCACCTGACTCAAACTGGTTTGAATACCAATAGCTGATTCATTAATTGCAGAATAAAGTTCTTAATGCTTTAAAACACTAATATGGGCAGTAAGAATGTTTATACCAGTAGTTTTCCATTAACATACAAAAAAGCAGCTTTCTTGTTTTCCTTCTTTTAAG,N,no,no,N,0
chr17,56206370,56206679,CCCTTAGTAGATGGATGTATACAGTTTAGTTGAGCAGTCTCTTACTAGATTTGAGAAGCACAGGATGGAGTTTGTTGCCTGAATCTAACTATTCAACCCCCTCTTTCTGCTGGTAGGAAATATGCATGAAGAACGGCAAAGAAGACAATGGGATGGAAAGTACCGGGCCCACACTGTGGTTATCAGCTATGGATCACAGTGTTATCTGGGTGAGAAGGGTTGGCAGAAACACCTGGAAAAAAGAGAAAATGTTTTTGGTTTCAGTTTCGTAAGAATGCTGGTCTAGCATTCGTGACCTGGGAGCATAAAT,N,no,no,N,0
chr3,96835304,96835509,AAGTATGTACAGCTTATCAAAGGCTTCAAAGGAAGTGGTGGTCACATCTACTTTCAAGTTTCAAGAAAGACTTTGTATAGGACGTGAAGCTTGAGATACAGGTTGAAACATGAGTGGGTGCTGATCAGATAATTAGTAATACAAATCATTCCAGGCAGAGGGAGTATCAAGTGCAAGGGGATGGAAAATTCATATGGGGCAGGGTG,"[[96835426, ""C"", [""G""]], [96835442, ""G"", [""A""]]]",yes,yes,G->A,2
chr12,92509248,92509541,CCAGGGTGGTTAACTGTTCTAACAAATAACCATAAATTTCAATTGCATAAGAGAATAAAATTTATTTCTTAATCACTAAAATCCAGTGCAGGTGTTCATAGTTGGACAGCTCTCCTGGCTGTCTGCATGACTCACGAATCAGTAATTCTTTCATCTTGTGATGCTGCCATTTTTACAACGTGGTCTCCAAGGTCACTAGAGAAGGTGGCAAATTATGGAAAAAGTCATATCAGACACATACCCAACTTTACACCAAGAGCCAATCAAAATATCTGCATACATTCTATTGGTCAG,"[[92509264, ""C"", [""T""]]]",yes,no,C->T,1
chr6,137472091,137472388,CAGATGCTGTTATCAGCGAAGTCAGAGCTGGTACACTCTCTGAGGGAGTCCCTGAGCCACAGGTTACTGGCAGGCAGACAAACACTCACTGACAGCCATTTGTGACCAACTATGAAACACCATCTGCTGTGGCTGGGGGAAGGAACAGCTCCAGCAAGTGAAAGACATTGTAGAGCCTTTTTCCTGTGTTAACTCAGGGCAGACTTTAGGTAGTCCTACATGAAAAGCAATTTTGTACTCCTGAATAGCATAGATCATGCAGATTTGTACATATATAAATTTTAGAATGTTGATGTGT,"[[137472230, ""G"", [""A""]]]",yes,no,G->A,1
chr2,179974838,179975110,GCCTCCTGGGCTCAAGCAATCCTCCCACCTCAGCCTCCGGAGGAGCTGGGACTACCGTGTGCCACCACGCCCAGCTAATTTTTGTATTTTTCATAGAGACAGGTTTTCACAATGTTGCCCAGGCAACTCCTGGACTCAAGTGGTCCTCTTGCCTCAGGCTCCCAAAGTGCTAGGATTACAGGCTAGGATTACAGCGACCGTGCCTGGCCACTACATTCCATATTTTTTTAAAGATGAATCATAGTCATGTAAAATGACATGAGAAAACAGCCC,"[[179974893, ""T"", [""C""]]]",yes,no,T->C,1
chr1,227120927,227121144,AGTCAGATTCTCGTAAGAGGCATGCAACCTAGATCCCTCGCATGAGCAGTTCACAATAGGGTTCACGGTCCCATGAGAATCTAATGCCACCGCTGATCTGACAGGAGGTGGAGCTCAGGCGCTAATGCTCACTCACCTGCCATTCACCTCCTGCTGTGCGGCCCAGTCTGCTGGTACCAGTTTGTCGCCCGAGAATTGGGGATCTCTGCTCTAAGTAA,"[[227120939, ""A"", [""G""]]]",yes,no,A->G,1
chr16,86732777,86733254,TGCAGGCGCTGTTGGTGCTGGGTGGGGGGTGGCAGTAGCTCTGCTGGCTTGGTGAGAACTGTGCGTGGTTGGGGGGTGAACTGCGTGAGTAACTGTGCAGCCTGCCAGGCCCTTGTGTGAGTCTAGGACAGATGAGGAACGCAGGAATTTACTTCCAGATGATTACCTTCCTCCTTTTGAACGCTGAATCTTGCAGGAGAGCTGCCAGGGCTCTTCACAAATCGAAGGCAATTCAGATGGTGGGTGGTCTCCTAATCACCAGGCAATTAGATGTGAGGAAGCATTTCCCCGCAGACGTGCGCATTTATTCAGCTGCTTGGTGAGCTCAGCGCCGGCCTCCTCCTGCATCCCGACAGCGCAGGAAGCCGGGCCTCCGCGTCAGTGCCTGGGAACCGCCTGAGGATTTCTGGGCGACCAGGAGCCAGGGCCGCCACCGTTCCCGGGACGGGGAAGAGGAGGTTCACATTTCACTCCTGGA,"[[86732831, ""C"", [""A""]], [86732860, ""G"", [""C""]], [86732928, ""A"", [""C""]]]",yes,yes,G->C,3
chr2,238692562,238692929,GTCACTGTTCCAGCAGGAAACACATGTGTCCAGGGTGTTCCAGGTGCTAGCCTGTTGGGAATGGGCCATCTTGTGAGATTATTCTCGTGTGGTTGTTCTGTTACCATGTCCAATGTTACATCTTCATAAGTCCTGCTGAGGGTCACGTGGCTCTCATGGGCATGCAGTGAAGCTAAACACATCACAAGTGGACGTCAGCGCATGTCCAGCTGAGGAGGGAAATGTCACGGGGAGGGAAGCAGGCAGGCACATTCCTGGGAGCTGAGGGGCACTCTGTCCCCAGAGACCACCGTCTATGGAATTGAGCTCTACCGGGCAGTTGAGCTGGGCTGGGTGGCCCCACTCCCTCTTCCAGGACAGCTGTGAGC,"[[238692621, ""G"", [""A""]], [238692783, ""G"", [""A""]]]",yes,yes,G->A,2
chr3,124210977,124211243,CTCTGGGGGCAGCACATTTCCTCTAAGTTATTATGTCTACAATTTCAGGAGCTGACAGCATGTGGATAATTGTGTCTTGAATTGTGAATGGTTTCTGCAGTTTGGCTGTTCCCAGGTTTGTACAGCTGAGCCCAGTGGCAAATCAATCACACAGTTCAGACACTTCATTGATTCATTCACTCCATCACCTAGCACTTACTGGACATCTACCAGTCACAAGGCACACACATAGTCTCAGCTAATTCTCATAATAGCCTTATGAGATGT,"[[124210983, ""A"", [""G""]]]",yes,no,A->G,1
chr17,64546838,64547082,TGTGAGGATGAGGAGCTCTCCTTACAGAGAAGGGCAGCACAGCTGAAAGCACGCTCTCCCCCCAGGGATTTCAGCGCATGCGCTGTGGGCAGCACTGTCGAATTATGTACCAGTGTCGCTTTGTGTGTCCTTATTCATCACCAGCAGCTTTGAAAATGAAGTGCTTAAGAGGTAAAGGAAGCAACTGCCACCCAGTGAAGCACCACAATCATTAGCAATATTACCAGCTCCTCCCAAAATTAACC,N,no,no,N,0
chr4,74358063,74358440,CCTAAATCCTCATATTGTGTTCTGTGGAGTTCATGATTCATATGTTTTAAGCAAAGGGAGGAACATAAAAAAAGGAAAAAAAAAAGCCTGAGCAAAAATCTTAGGAGAGATGAAGTCAAGATTTTAGAAAACCGGAGAAACCTGTTTATAAGATGTATAATTTTTCCATATCCTGAGGACATTATCTGTGCTATCACTCTAGAATATTTTAGCCAATACCTTTGCACAGTTGCCTAAGGTTGCCTAATGTTTAAAGGCACATACAGGTCAAGAAATAATGAAGTTGTGGTTCTATATTCTTAATGTGGTACCAAGTAAGCTATGTGATTAGAGATCATGTAGTTCAAGCCTACATTTTAAGGATAAGAAAAGTCTGAT,"[[74358291, ""C"", [""G""]]]",yes,no,C->G,1
chr1,165134391,165134736,TGCTAGCTAAATATTGTTATTGTTTTCTTACGTGACGGTTTTCAGACCTCTCATCATTATAACTATATTTTCATTCTCATCCTTATCCAGAAGACATTAGTACCCTTAATTCACTGTAGAGTGTAATACAAGGGAATTGGCCTCTAAAAATACTCTAGATTACCAAGACCTCTGCTAGAGCACAGCTGTTGCCACCAAGCCCACCACTGTGCTGCATGTTAATGGAACGCCACATGGCTCTGCGGAAGCCTTATTGTGGGGCAGTGGAAAGAGCAGTGCTTTGGAATCAGACTGACCTGACTATGAACTCTGACGTTTCCACTTCTTGGCTACCTGATCTCAGGAA,"[[165134463, ""G"", [""A""]], [165134724, ""A"", [""C""]]]",yes,yes,G->A,2
chr11,97979678,97980108,AAAAAATATGTAAAAATATCAAAAGTAATATGAATAAACATCAAAAATAATACTTTTGCTGATTAATAAAAACAAGTCATGTCTATAACTGCAGGATGTGTTTTCAGGCAATTCTGGGAAAGCCAAGGCAAAAATGTTTGAAGACGTTCAAGTAAGTGAAGAAGTACAGAGTAGGTGGAAAACAGTGATTAAGAGGTGAAACAATGTAGGTGGTTAAGACACATGGTGGGATATGGGTTCTTAGTTGCCCTCAAATATGCTCTCATTCTCCTGTGTTGACAGCATCTCTAGATTTTTTTCTGGCAAATCATTCCACTTCACTTTCTTAAAAAAGCTCTTAAAGTCAACTTGAGCCATCGAGATGAGGTTCACCTACAAGAGATGGCAGATGGGGGAGCTAGAAGGAGCATGAGTTGCCACTAAATTAATGT,"[[97979686, ""C"", [""T""]]]",yes,no,C->T,1
chr8,58351971,58352220,CCCTATGCTAAAAATATAGAAACCTGAAGACAGCACAATCTCATGGAAAAGAGCCAGGGCTCAAATTACTAGCGATCTAGTTCAGGCTCTGCTACTAACTGGACCTGTCACACTGGACAAACCACAGGAACTCTCTGGGCCTCAATTTCCTCATCTCAAAACTAATCCAAGAGATAAGAATCTATATAGTCCACTTCAGCCTAAAGATTCTGAAATCCAAATAAAATTTTGAAAAAACATGAATATTGTC,"[[58352006, ""G"", [""C""]]]",yes,no,G->C,1
chr3,162199742,162199965,TATACACATATATGTGTATATACACACGCATATATGTATACACATATATATGTGATATATATGTGTATATATCACATATATATGTGTGTATATACATATATATGTATATACACACATGTGTGTGTATATACACATATATATGTATATACACACATATGTGTGTGTATATATACACATATATATGTATATACACACATATGTGTGTGTGTATATATACATATATA,"[[162199769, ""A"", [""G""]]]",yes,no,A->G,1
chr22,24051538,24052004,TCTGGAATTCAATTTCTGTATTTAAAATTCTGACATTGAATCTTTAAGTTTAGCATGACTTAGCAGTAGCATTCCATTTCTATTCCCCACCCCCTACCTCCACCCCTGTCTGCCTACTCTGAGGGAGCTCTGGCCTGGATCAGACTGACCTGACCTGGGTCCAATCCTGGCACTCCTAATGCTGTGAATTGGATGACTCTGGGGACATTAGGAGCCACTCCCTAGCAACGGGGAGAGCAACATCTGTCTCATAGGGTTGTCATGATAATGACAAAACATGTAGGGCTAGCACAGAGGCAGCACATAGCACCCACTCAGGAAGGGCTGGCTCTGATCCGTATTATTATGACTGGCTGTGAGTTTCAGCATGTAGAATTTCCCAGAAATATTTCCATACCCGAGCACCGAGATGGCCAGGAAGAAAGGGCTGTTCTTCAGGCTGCTCTAGGACTCCTGTCTGGTGCCCT,"[[24051620, ""C"", [""T""]], [24051783, ""C"", [""G""]]]",yes,yes,C->T,2
chr7,155718209,155718619,CCCCTTTTCTGTTACGGAATTGTTAAAAATACTAAATGCTTAGCTTAAGCGTAAGCACAATGTATTATATGTCTGGTATGCATAGTATATATTTTATATTAAACTTCATATGTTGTCTTACAGGGGTTTGAGTGTTGAGTAAAGTGTGTCTCTAACACAAGGGGTTTTTCTTGCAGTGCCCTTGCTACCAGTTCCGAGCCAGCCGAGACCTGCCGTGGGACCCCAGAGATTCCCAGTGAGTAGCAGCTGCTCCTTCTCCTTTGATAGGGATGAGCATACATTTACTAAGAAATATTAATATAGCAAGTGCAAGAGGTTCCAGCCAAATATAATTTTAAGGATTTGCAAATATTGACAATAATCTCTGCAATAGAAAATGTTTGTTAAAAGCTTAAGGTCAGTGGATTTTTG,"[[155718223, ""T"", [""C""]], [155718287, ""C"", [""T""]]]",yes,yes,T->C,2
chr2,211775991,211776270,ACAGGGTCCTCTAGAGGGATGTAAAGCACCGCCAAGTCCTTTGAGTTTTAAGCTGTTGCTTGTAGTAGTCTGGCGAATGGTTTTGTTAATGTAACTATTCGACTTTAGGGCTAAGCGTAGTGGGGTATCTAATCCCAGTTTGGGTCTTAGCTATTGTGTCTTCAGGGTATTAAAGCCACTTTGTAGTACATTTGATTTCAGCTGGAGTTTTTTACAACTTAGATGGAGTTTTTTACAACTTAGCTTTATTGAGGATAGACCTTAAACATTCTTTATGCCG,"[[211775996, ""C"", [""G""]], [211776106, ""T"", [""C""]]]",yes,yes,C->G,2
chr1,217542890,217543123,TCATAAGGCAGAATAGTGTAGGGACATTAAAGAAAGGCAGTCAGCTGCAGCTCACTAAAGAGAGTAATCTATCCCTGAGCTTCAGATGCTGGTGCAGGTGGCATCTGGGGACAAGAAAGGGAACTAAAACTGCTAAACACCTGCCATGAGCCAGGCACAGTTCTGCCTGTTTTACCTACATCAGTCCACTTAGCCTTATTTCATATCTGCATAACACTGTGAAGAAGAGACAGA,"[[217542972, ""A"", [""C""]]]",yes,no,A->C,1
chr6,38024990,38025258,GTATTGTTCATTATTTCTCCTTTGGTTAAATCCTTTAATATATCTGGTATCCATTCACATGTCACATGATCATTCTGAGAGCTACTCTTCTCAGATTTCACATGTCTAGTAGATTTTAATATTGGATCCATTCATTACATTCCTTTGTTTTAGAAATATGTTTCCATTTTCTGACTCAGGGCTTAAGCTGCTGTAAAAATGGCAACATTAAAAATTCATTTTTCCTATAGGAATTCACAAGTCACATACTCTTATTAAGGGACATTACT,"[[38025104, ""G"", [""T""]]]",yes,no,G->T,1
chr3,54649561,54649901,AGCATGGTACAGTTCTTTTTGAGGCCCCTCTTTTGGGTTGTAAACTGCTGCCTTCTGTTGGTATCCTCACCTGGCATTGAGTCAAATGAGGAAGCAAGCTCTCTCATGAGTCTTATAAGGACACTAATCCCATTCATGAGGGCTCCACCCTTATGACCTCATCTAATCCTAATTACTTCCCAAAGGCCCCAACTCCTAATACCATAACAATGCAGGCTAGGATTTCAACATAAGAATCTTTGGGAGACACATTCAGTCCATAACACTGTCTGTTCCTGTGGGGGCAGAGTTGACCTATCCATAAATTAACAACCCTTATTTTGCCTTGTGTTACACTTTAG,"[[54649617, ""C"", [""G""]]]",yes,no,C->G,1
chr7,68900147,68900425,CCTGGAATCTTTCCCCCACTAAAGTATCATCCTGCTCACAGATGGCCGCCATGCTGGCTCTAACCAGCAGCAGTCACACTGCGTCTACATCTAAGCACGCTGAGTGAGCCAGGGTGCCAATATCCCATGTTATAAAGGAAGGGAAATGATGACACAGCCAGATAAGCATGAATGCCCATCCATTATTCATAGCCCCCTGGGAGAAAATCAAACTCCCCTGTTACCATCGCCTTCCCTGCATCCCAGTCATTCGAATTCAGACACGCAAGCATAATAAAC,"[[68900152, ""G"", [""A""]], [68900408, ""A"", [""C""]]]",yes,yes,G->A,2
chr14,88766250,88766526,GAGATAACCATTAGGTCTGGCTGCCTGAGAGCTGGGTGGAACAGAGCCATATTTCTCTTCTTTCAAAAGCAAATAGGAGAAATATTGCTGAATTCTTTTTCTCAGCAAGGAACATCCCTGAGAAAGAGAATGTGTTCCCAAGGGGAGGTCTCTAAAATGGCCGCTTTGGGAATGTCTGTCTTTTACAGTTGTGGATAAGGGATGAAATAAGCCCCGGTCTCCCATAGCGCTCCCAGGCTTATTGGGACAAGGAAATTCCCGCCTAATAAATTTTGGT,"[[88766286, ""C"", [""T""]], [88766498, ""G"", [""A""]], [88766509, ""T"", [""C""]]]",yes,yes,T->C,3
chr6,38806342,38806654,AGGATGATATTGCCAGATAATTGGGAAACACTTTTCTGCAGCATCTAGATTTCTGCAGAGTTTAGGCTTCTCAGTACCATGCACCAGGCAGCTGTTAGCAACCAGCAGGTGTCAGCTGGAGCACTCCCCTCTCAGAGGTGCCTGTCTTTCAGTTGCATTACCTTTTGACACTGGCTGAAGTCCTTAGAGCATGACTGAGTACCCTCAGAACCTCTCCAGTTGGGGGATCACTGGAGCTGTGCTAGTGGTCACCTCATAAATAGCCTCTGCCTCGCAAATTCATCTCTCACATTGCTGCCAGAACGGTCTAACA,"[[38806478, ""A"", [""G""]]]",yes,no,A->G,1
chr1,247047239,247047531,GTGGGAATTCCAACCCCACATTTCCCTTCCACACTGCCCTAGCATAGATTCCCTATGTGGGCTACACCACTGCAGCAAACTTCTGCCTAGACATCCGTGTATTTCCATACATCCTCTGGAATTGTGGCAGAGGTTCCCAAACCTCAATTCTTAACTTGGCTTTGTGTGGGGATTCCAACCCCACATTTCCCTTCCACACTGCCTTAGCATAGATTCTCTATGTGGGCTACACCACTGCAGCAAACTTCTGCCTAGACGTCCATGTATTTCCATACATCCTCTGAAATTGTGGC,N,no,no,N,0
chr3,149077742,149078037,TGCCTGCACTTGAGCATTTAAACAAGCCAGAAGTGAAAGCTAAAGCAGAGTTGTCAGGGGCCTTAGAGTGTTGAAGGAATGCCCTAACATACAGAAGTTCTCAGCAAAGAATGTACGATTTATTAGTTCCAGCACAATCATCAGCTGACCGCTAAGCTAACCAAGTACAGACTTCAGTGACCACACACGATAAAGGATAGACATCACAGAATTAATTCAGGAAAGTCACTAACAAACACACACTAATTACAAAACTCAGCAACAAACCACCCTAGAAGCCTAACAAACACACACTA,"[[149077748, ""A"", [""C""]]]",yes,no,A->C,1
chr15,65951279,65951520,AGAAAGAGAGGTTTGAGAAAAAGCACAGAGGCCCCAAAGAACATACAGTAGTGCCCCCTTATCCTTGGTTTCACTTTCTATAGTGTCAGTTACCTGAGGTCAACTGTGGTTTTAAAGTAGGTTTGTGGCTGGGCACAGTGGCTCAAGCCTGTAATCCCAGCACTTTGTGAGGCCGAGGCGGGCAGATGACATGAGGTCAGGAGTTCAAGACCAGCCTGGCCAACATGGTGAAACCCCGTCTC,"[[65951324, ""T"", [""C""]]]",yes,no,T->C,1
chr1,13926962,13927210,CATTTGTCGTAAAGTGCCTAAAATCCCATGTCACTTGGCCCTTTGTTTTCCATGAAAACCCTCATGCAAGATTCTGTCATTGTAGCGTGGCAGCTATGCTAAAAAAGAGGTGTCACATTTTCAGTTTCATCAAGCAGGATTCTTGTTTTTGTGTGTGACCCAATTTCCGTGTTCTATAAAGCCCTTTCAGAAATCTTTTAAGATCATAATAATGCAGTCCTGGGTTTTGTTAATAGAAGTACAATATCA,"[[13926997, ""C"", [""T""]], [13927071, ""A"", [""G""]]]",yes,yes,A->G,2
chr4,1075765,1076240,TCCTGGTGGTGATCCTCCCACCTCAGCTTCTCAGTAGCTGGGACTACAGGTGTGCACCACCATGCCCAGCTAACTTTTTGTAGAGATGGGGTCTTGCCATGTCACCCAGGCTGGTCTCAAACTCTTGGGCTCAAGGGATCTGCCTGACTCAGCTCCCAAAGTGTTAGGATTACAGGCGTGAGGTACTGTGTCTGGCCACCTCATAAGTTGAAGGAAGTGTGTGAATGGTATTCATTTTGTATTTGTGAGTCATGATTTTACCTTTTCAAAAAGATATGTTAATCCTGGTCAATTTTACATAATAGAAAATGCCATGCTCATTTAAGGTTAACAGCCTTAACTTAGAAATTATCCCGCCAAGCCAGACACCTTAGTCAACACTTCCATCTGCATGTGAAGGCAGACTCTCCCTTGCCTTCCCGGGCACCTTGTCCAGGAGGGTGGGGGCCTTAGGCTCTGCTTCTCCTCCTCCCCAG,"[[1075838, ""T"", [""C""]]]",yes,no,T->C,1
chr15,73856532,73856746,GGGACCTCGGCAGAGCAGAGAAGCCCTGGCTCTGGGCCAGTTGGGCACAGCTGGTAACAAGTTCTCAGTCAATGGGAGCCCAGGGGCGAGAGGAAGCTTTAGGGAGGAAGGAATGTTCTTTGAAGTGGTGTCAGCCAGAGGCTCAGAGGTGAAAACGTCAAAAACTCCCAGGTGGCCGGCAGGACTGAGACCCCCATCTCCCAGCAGGAAACAGG,"[[73856665, ""A"", [""G""]]]",yes,no,A->G,1
chr7,90092514,90092851,TCTTAAAAGACATACAAGTGGGCAACAAACATAAAAGAAATGCTCATCATCACTAATTGTCAGAGAAATGCAAATCAAAACCACAATGAGATACCATTTCACACCACTCAGAATAGTCTTTGTTAAAAATTCAAAAAATAACAGATGCTGGTGAGGCTGCAGAGAATGGGAAGCACCTGCACTCTGTTGGTGGGAATGTAAATTAGTCCAGCCACTGTGGAGAGCAGCTTGAATATTTCTCAAAGAACTAAGGGTAGAACTACCATTTGACCCAGCAATTCCATTACTGGGTATATATCCAAAAGAAGATAAATCATTCTGCCAAATGGACATACACA,"[[90092696, ""A"", [""T""]]]",yes,no,A->T,1
chr8,41637072,41637349,ACCCAGATAATTTTTTGTATTTTCAGTAGAGACAGGGTTTCACCGTGTTAGCCAGGATGGTCTCAATCTCCTGACCTCGTGATCTGCCTGCCTCGGCCTCCCAAAGTGCTGGGATTACAGGCATGAGCCACCGCGCCCGGCCAGGAAGGTCTCAATCTCCTGACCTCGTGATCTGCCTGCCTCAGCCTCCCAAAGTGCTGGGATTACAGGCATGAGCCACCGCGCCCGGCCAGGAATGAGGTTTTATTTGAGCTCTATTGCACAGTGTAGTGAATATA,"[[41637166, ""A"", [""G""]]]",yes,no,A->G,1
chr9,130816897,130817145,TTTCACCATCTTGGCCAGGCTGGTCTCAAACTCCTGAACCTCAGGTGATTCCCCCCGCCTTGGCCTCCCAAAGTGCTGGGATTACAGGCGTGAGCCACCGCCTGGTCTCCCTCATTCCTTTTGTTATCAGTCATCCCTCCCAGCCCTGGCAACTGCTGCTCACTTTCCTGACCTTAGAATTTTGCTTATTACAGAATGTCATATAAGTAGAATTATAAAGTATCTAAGCTTTTAAGTCCTAATGCATTT,N,no,no,N,0
chr15,36494698,36495065,AAAGTACTTCCTTGTCCCTAGCTCTAGCTCCTTTCTTGACTCTCAGAACCTCTGCCACTAGGTTCTCGGGTTCCGAGTGAGCACTTGTATCAAGCTTGATTCTCCAATCACAGACTGAACCAACCACTCTCTGATTTGCCCTTGGGGGCTCCAGATTGTTCTCTGAGCAGATCCCAATTCACCATATGGCACAGCAAGTGGGCAATAGAGGGAAGCCGAGACCCAGCACTCCTGTTTCCAGATGGCCATCTAGACCACAGTACAGAACTGTACTTCAGAGCCTCTACCCCGCTGTGCGTTGTGCTGATACAATACTTACATTAGGTTATTCTGTCTCTCTTTACTGAGTGAATTCCAGAAATGGGATG,"[[36494771, ""T"", [""C""]]]",yes,no,T->C,1
chr9,101650113,101650398,TCTAAAACACCTATACATTTCCTCCCAACAACCATAGCATATCAGGAAGGAGGAATTGTTTTGTTCTTCATCTGTAGAAAAGGAACCCAAACTCTAGAGATTAAGTAGGTGCAGTGGACTGACTATGTTAGTGGCTCCAACTCTTTTCTCCTTTCTGTTTCACACCCTTTGTCATGTCACTATTAGGCTCCTCCCCTCTAACTCTGGTCCTAGCCATGTGACTTGCTAGTAGTCACTGGAGTGTTAGCAAACATGTTCTAAGCACAGTCTTAGCAAAGTGCTTGCA,N,no,no,N,0
chr5,1639805,1640265,TTCATTCAGCGAGATTGTTGTGTCTCTCCACATTTTTCACGGTGAAGTCTCATCTGACGGCCCTTCCTCGTCCTCCGCAGAGCCGTGTGTGTATGTGTATAGGGCCCAGCGTGCTGACCGGGCGGTTCTTCAACACAGTGAGTGACAGCAGGAGCCCCGAAGGTTCTCAGGTCTTCTGTCCATGGAGGGCATTTTGTGGCCTCTCCCAGGGCAGCTGGCAGGAGCCAGGTGAGAACAGATGCGTCTGTAGCAGGAGGGCGTTGATGCCTCTGAGGTTGTAGCGAGCTTGGTATTTACCTTTTCCTCCTGGTCCATTCTGAAGCTCCAAAGGACGGTCAATTTAATACAGAGACACAATTACAGCAAGCGTCTAGTGTGAGGCCAATCACGCATTTTGGCTAGAACTACTCAGGGTGTTGGAAAATCACAAAGCTTTTCACGTAAACTTGCAAATTGCTAGC,"[[1639832, ""G"", [""C""]]]",yes,no,G->C,1
chr5,160213573,160213935,GATATCCTTTTGATAAATTTCTTTTTTGCTCAAATCAGTTTCCATTGCTTGCAATTAAAAGCGCTGCTATGAAGAGCTCTGCCTCCCTGCACAGAGCTGATTGGACCAGAGATGCCCACTTGACTCAGGATAGGCCAATCAGATTATTTCTCTTCTGACTCAGGTTCTGAGAGCTGTGTTGTCTGCGTGCACATGGGTGAGCCGGAAAGGAGACCTGCAGAGAATGAAACAGACACATAAAGGAAAGGTATGGGGTAGAAGAAGGGAGGGAAGGGTTCCTGACGTTTTTCAGATTCTGGTTCTAGTTCCTCATGAACCTAGACTTTGTGTCCTATCCCTGGGCTCCTTGAGATCCTTCTGCAT,"[[160213631, ""G"", [""A""]], [160213645, ""G"", [""A""]]]",yes,yes,G->A,2
chr4,36138198,36138566,TGTTATTTCTGTGAGTGATGTTTGGTTATTAGAATTTTTAATGAACTCATTTTAAGTGTATGGTTTGAAATATTTTTGCAAATGTGTACACTTGTGTAACTACCACCATGATTAATATGTAGACCATTTCCATCACTCACAATGTTCACTCATAACTCTTTGCATTGCATTCCTTTCCCCACCCACAATCTTAGGCAAGAACTTATCTGCCTTCTCTCACCATTCATTAGTTTCCCAGCTCTAAAGCTTCATAGGAATGGAATTACACAGTATTACTCTTTTGTGTCTGGCTTCTTTTATTCAGCACAATGTTTTTTAAGATTCATTCATGTTGTTGTTAATATAGGTCCCTTTATAATGATAATCAGT,"[[36138224, ""C"", [""T""]]]",yes,no,C->T,1
chr8,121890214,121890606,CTCAAAGACAGCAGATAGTTTTGTCTTGTCTTTTATCCAGCTTGCCACTCTTTGTTTTTTAAATGTGCATTTATACTGTTTAAATTAAGGGTTAATATTGACATGTGTGATTTTGATGCTGTCATCGTGTTGTTAGCTGGTTTTTTTTAGACTTGTGTAACTGCTTTACAGTGTTTGTGGGTTATGTGCTTAAGTGTGTTTTTGTAGTAGCAGGTGTTGTTCTTTCACTTTCATGTTTAGCACTCCCTTAAGGAACTTTTGTAAAGCTAGTCCAGTTGTAACAAATTTCCTTAGCATTTGCTTGCCTGAGAAGGATTTTATTTCTCTTTCACTTACATAACTGTTGAATGGATGATTTTTGTAAGAGCAAATGTCTGCTGGGGTAAACAAGTA,"[[121890287, ""G"", [""T""]]]",yes,no,G->T,1
chr2,23700478,23700762,GCACATCTCTTTCCAACTCCATGTTCAGCAACATCCCTATGGTAGCTTGAAATCAGCCAAGTGGGAGGAGTGACATCGCAGAAACCAGCAAACGCTACAAACCATGACGTTTTCCCTAGAGAGCTGGCTGTTAAACATTCATCAGCATTCCATTGACCCCTCTCAGCTCCAGATTCTTTTCTAGGTCCTACCTTCTGTGCTTCTTCACAGCTAAATTTCTTCCAAAAGAAGTCTACACCCACGGTCTCCACTGACACAAATGGGTTCTGCACCTCTTGTTCCGGT,"[[23700648, ""G"", [""A""]], [23700678, ""C"", [""T""]]]",yes,yes,C->T,2
chr2,227551828,227552312,GGAATTAACCCTGCCTTTAATGTACATCTTAGTATTTTTGAAGGTAAATGATGTCTTTTTACATTTACAATGTTGTGAGAAACTAAACATATCCTGTTGTATGTAACTGATCAGCCCTTCTCTTCTGTCAGCGGCAACCTTTGGCACTGCATCCATGAGCATGCCCACAGGATTCGGCACTCCTGCTCCCTACAGTCTTCCCACCAGCTTTAGTGGCAGCTTTCAGCAGCCTGCCTTTCCAGCCCAAGCAGCTTTCCCTCAACAGACAGCTTTTTCTCAACAGCCCAATGGTAAGATCTAACATTTGGCGAGCTGTAAGTTCATTTTATGTATCCTTTTTATATCATAATGTTGTGTGCTTGGGCAGGAAGACTTTTCTAAAGAATACTATAGTATTATCTACTGAGTGTTTACACAAAAATAAAAGCCTTTGGTGATTTGGACCTCAGAAAGCTAAGTGATTTTACAAGTTTTTGTGAGCAGGT,"[[227551867, ""C"", [""G""]]]",yes,no,C->G,1
chr20,53527281,53527619,CTCATGGCTCCACAGAGGTCCCAGCCGGCTGCCCGGAGAACATTCTTCTTTCTGGATGATGCCCCTGGCTTCCTGCAGCACCAAGGCCCAGAAAGGGTTAGCGTAGAAGAGTCAGGCTCTGAGGCAGTGCAGGATGGCAGGGCTGGGCCTTCTGCTTCTAGCCTGTCTCTAATTATGATGATTGTTGCTGCCCAATGATGAGCCAACTCTCCTGCCAGCATTAAACAGTCATTTATCAAATCCTGAAACTCCTTCTTCAACGGAAAAGCGTGGCCTCATCCCTGCACTCGGGCACACCGAAGCCACTCAAATCACCCCTTGTCAGTGTTTGAGGCCAGG,"[[53527415, ""C"", [""T""]], [53527559, ""G"", [""T""]]]",yes,yes,G->T,2
chr1,108005558,108005927,CATAAAATTCCAGAATACAAATGTAAAGGTTTGCTTCAGATTCTGTCTAAAAAATGGAAATTTTCAAACTGAAGACATCTATTTGGTTACTTCTTAGACATTCCATTTAAAGAGGTAAGTAGAGAACTAGATAAAGGAGGTGTGGAAGAAGTAAAGGGAATTTAGCTGATGCATCTATGGCTCTAATAGCAGGCATGTTCCATCTGCTTACTTTGCTAAGTAGCATATGCTGCCTGCTATAGACACTTAAATGCAACTGATGGTAGAATTGATCAATTTAAAGAGATAATTCTTTGGAGGAAGAAAGGGAACAAACTATCTCTGGATAACTTAATCCAATATAGAAAAATAAAACCATATGGATTTAATG,"[[108005618, ""A"", [""T""]]]",yes,no,A->T,1
chr4,156023037,156023358,GATTCATTATTAATATATGTTATAAATGATAAGGCATGTTATTGTAGGTCAGCTTCAGAATACAAGCTTATAAGAAGTGACAATCTACAATAGTCATGGTGACATCTCTGAAAATGTTTGTTGTACAAGTTCACAAAGCTATCTTTGGTGGAAGAAGTAATGATCAATCCTAATTGTACTGAGGTCGAGTCCCTGGATCAGGCAGTGGTCCTACGGGAGCAGGGATTATCACAGTGAACTGTGCTCACTGATGAATACCTTTTAAAGATGAGATGAAACAGTAGTGCCTCTTCTACACACGCAGTGAGTCCAGCCTCACAAC,N,no,no,N,0
chr18,1216401,1216698,TATATTATTCTGAGAACAAACTCTGTCCTATACTGTGTCATTCTTATGTGCTCTTGAAAGAATCCCAAGTGGCTCCTAACCTTTATTGGGAAAAAAAAATCTATAAGAGATCCCCAGAGGGATTCTCAAAACAAAACAGAGAAAAAGAGGGATAAGAGTTGCAAAGATTTCTAAAGCCTGGAGAAAAATAAGTCAGTGTCATAAAATCAATGACCTGACAAGACTAAAACTTTTATTTCTCTCTGTTGAGTCTCAATGCTAGGTTAGCTTTTGTATTGTAATTCTTGAGCTAGGTAGA,"[[1216435, ""C"", [""G""]]]",yes,no,C->G,1
chr4,153931851,153932158,GGGGTTGAGGTAGGAACTGCATGCCACCAAGCAGCCTAGGGCTCAGTGGTGCTCAAGATGGAATGCAAATTCCCCATCTTATATAGTGAGCAATGCCATTAGTCTGTTAGATTGTATGATGTAATTTCACTTGTTTAAAAAAGGCAGGACAGTCTTCTCAAGGAAAACCTTGCAGTTCACATTTGAGTGATTGCATAACCACTTCTTAGCAATGTGTACTCAGAGTCCTTCAGTTATGGACAATTTATTTTTTATTAAGTCACTTAGCAGTGATCCTGATAAAGTCATTATTCTAAGTATGTTATGGT,"[[153931855, ""C"", [""T""]]]",yes,no,C->T,1
chr8,37126367,37126576,AGGAAAGCCTCTGGCGTAATTCTAGTCTGAGTCTAAAGGCCCAAGAACCAGGGAAGCTGAGATAGTAAATTTCAGTGCAAGGGCAAGAGGAAACTGATGCCCCAGCTTAAGCAGGCAGGCAGGAAAGTGCTGAATCTTCACTTCCTCCCCTTTTTGATCTATTCAGACCTTCAGTGGATTGAATAATGCCTGCTCACACTGGAGAGAGCA,"[[37126381, ""T"", [""C""]]]",yes,no,T->C,1
chr20,16260885,16261305,CAAGGTGTGGAATACTCAGTAAGTAGACAAATTTTACCGAGTAAAATTACTGAGTAACTCACAGACAGTACAACTCACCCTTTCCAACATATGGTTCTGTGAGTTTTGGCAAACACATACAAAACGGTATCCTCACCCCAAAACATCCCCTCCTGCTGTGCCTCCTAGTCAACCCCCCACCCCCCGCTGCACCCCACACTGCTCCGCTGGCAACCACCGACCTGTCTTCTGTCCTGTGGTTTTGCCTTTTCGAGTTTGTCATACGAATGGAATCTTATAGCAATTATAGGAAATAATCATCAGGAATTTATTGCTTGACCCAGTTCTCTAATGCTTTCTGTCCACTTTCTTTTGTTGCATTTTCTTTGATCATCTCTGCATCAGACAATGACATAACATCATCTTCTTTAGAGAAAATAGA,"[[16260887, ""C"", [""A""]], [16261115, ""A"", [""G""]]]",yes,yes,A->G,2
chr7,66162658,66162939,TGCCATGTTGACCATGCTGGTCTCAAACTCCAGGCCTCAAGGGATCCTCCCACCTTGGCTTCCCAAAGTGCTGGGATTACAGGCATGAGCCACTGCACCATGCATCAGCAAAACAGATAGGTTGGAAACCTCACCCTTAGCATCTCAGATGTGACCTTATTTGGAGACTAGGTTTTTTGACACTGGTAATCAAGTTGAAATGAGGTCATTTGGGTGAGCCCCAGTCCAATATGACTGTTGTCCTTATAAAAAGGGGAAATTTGGACACAGAGACACACGTAG,"[[66162682, ""G"", [""A""]]]",yes,no,G->A,1
chr5,176664900,176665145,CACCCACCCCAGCTGCAGGGGCGCTTACATCCTCATTAACACGGCTCAGTGGCTGGCGCTGGGAATTGATCTCCCTCAGGCCCAGTGTGGACAGCGGCTAATGGGGATGAATGGGGCGGGAGGTGCTGCCGAGGGACGGTCGTCCGGTGGCCCACACAGGGCGGAGAGGTGGGCAGATGGAGATGTGCAGAGCCAGGCCCCGCATGCAGCTGGGACGCCTGCAGCTGCCTCGACCGCTGGCCAACC,N,no,no,N,0
chr15,31536523,31536889,AAAAATTCTTTTAAAAAGAGAGAAATATTAATAGGATTTGAACAACTGAAGAAGCAGAACATGTTTTACATTTCTACATTCCATCTGTCAATGGCTAAAGAAAACGTGTAAATACACAGGAGAATACTATTCAGCTATTAACAAGAATGATGTCATTCATTTGCAGCAACATGGATGAAACTGGAGGTCATTATCCTAAGTGAAATAAATCATGCACAAAAACACAAATATTGTATGTTCTGAATTATATGTGGGAGTTAGAAATGTGATCACATAGAGGTAGAGAGTGCAAAGACAGATACCAGAGACTGGGAAGGGTGAGTGGTGAGGGACGATGAAGAGAAGTGGGTTAAAGGGTACACACATA,"[[31536534, ""A"", [""T""]]]",yes,no,A->T,1
chr2,160935065,160935301,TGACCTTCTAGCCAGTGATAGTAAGTTCTTCATTATCTGAAAGAAAATGAACCAAAGACCATCATGTCCTTATCTTAAACTCTCTGTGGTTGGCTAATTGTGATTCTATTTATGTATGATACTCATTGTTTTCTGGTGGTTTCTGTGTTAGTGTGGTTGCTTTCAGCTTCAAGTAACAGAAGACCCAACATATAAAGGCTTAAAGAATGAAGGGATTTGTTCTCTCATCACAAGAAG,N,no,no,N,0
chr7,15788483,15788837,CAAGAATTACTATATTTTGTAAATGGAAATACCACTATGTATTATTTCATTCTCACACTGCTATAAAGAAATACCTGAAACTGAGTAATTTATAAAGGAAAGAGGTTTAATTGACTCACAGCTCCACATGTATTGGGAGGTCTCAGGAGACTTACAGTCATGGCAGAAGGTGAAAGGGAAGCAAGGGCTTCTTCATATGGCAGCAGGAGAGAGAAGAGTGAGCAGGGGAAATGCCAGACATTTATAACACCATCAGAGCTCATGAGGACTCACTCACTTTCACCAGAACAGCATGGAGGAAACTGCCCCCATGATCCAATTGCCTCCCACTGGGTCCTTCCCTCAACAGATGGGG,N,no,no,N,0
chr17,58745853,58746137,GCCATTAAATATTTAAATCGTAATGAACTCCTCTGGTTCTATGCATACCAATTATCAACCAGTTGATAACTGGATTTCCCCAGATACTTTGCGTATAGGCAGATCAATGCAAATGTCTGGTCTCCTTGGAATTAATAGTTCTCACTGTAAATTCATATATTGTTATTGTGATTTTGATATACTCTCGCGAGATTTACATTAGTTAATATCCCTCCATTTGATTAAATTTGGAGCACTCATTTCTGAGCCTCCAAGTTCAAGTTGCTGAACTTTGTCATAAATTCA,"[[58745944, ""G"", [""C""]], [58745951, ""C"", [""G""]]]",yes,yes,C->G,2
chr1,236809206,236809488,TAAAGATATTGCCTTTCAAGCATTTTCCCTTCATACTATTGATGTCCTTGAAGGCTCTGTGAAGCACACAAAAAAGTGTGGCATTAGATTCAGTCTTGCTTGGACTTGAAAAGTGGCTCCTGAAATAACTAGCCTCCTGGCTGGATGCCATCAGAACACTTGGGCACCAGCTGGTAGGAGGCTTTGAGGGAGGGAAAGGAATATAAGAAATATATGTAGCCCTTTAAGACTTGGAAACGTGAAGTTATTGCCAACAGGAAAGCAGAATTGCTGTGAAGTTATA,"[[236809237, ""T"", [""C""]], [236809428, ""C"", [""T""]]]",yes,yes,C->T,2
chr4,158260031,158260271,TGGAGTTAGGTAGTTTGTTAAAATGGAATCTTCACACAAAATGAGGTATCTGGTTGTCTTACCTTTAGTTATTACTGTATATTAATCTTCATTTAATTCATCTGTAAATACATTTTCAAATTTGACCACCAGAGGGAAGTATAGGGTTAATTATGATAGTCTGTGGTGGTCTATGTTATAAAATGTAAACTTTTTTTAAGTTTGGGCTCTGTCTCTCCCTCTCCTTCCCTCCTTCCCTTCT,"[[158260046, ""G"", [""T""]]]",yes,no,G->T,1
chr1,48061824,48062124,TACTCTTGAGGTTTAGTGAGCTCACAGGAGTTTCCTCCAGAGTTTTCTTAGGCCAGTAGGCAGATGCAATCTGTCCAGTGTGGGGAGCCAGGAAGAGAGATCTGATCTCTGCAATTCAGGGCTCATGGTGAATTTGAGATTTACTGCCAACTTTCCTTGGCCACAGAGATTGTGAACAGGAAGTGAAACTTGGGCCAGACAGCCTGGGGGTGCAGAGCTAATATAGACTGAGGAAGGCAAACATGTATAGATCATTCGCAGGGCAACCCATGCTAAAGCATCACTACAAATCCACTTATCA,N,no,no,N,0
chr3,181328346,181328725,TATTTGATGTAGCAGATTATTTACGGAGCCAACATGTTGACACACTATAAACTGTAAAAAATGAGGCCTAATAAGGTTAATTGTCATCTGAACCTTCCTCTGTAGGCTGCAATCTGTGGGCTTTGATTGTTTCTCTGGGGGAAACTCTGCCCAGATGGCGAAGTCCTCAAGGCCCTGACCCACAAGAGGCCTGCGGAGATGGAGAACAAGGTGCTTCTCCACAGACTAATTAATTTACTAGTATAGCACCTGTTCCAGAATAGCTAGGGCTGGAAGGGAAAGCAGTCCCTGGGCACAGTGGCAAGCTCTCGAGTAAATGGATTTCAGCTGATTATATTAAGCTGCTGCTTTGATCATCTAAAGGCGTTAAAATGGAAATA,"[[181328609, ""A"", [""C""]]]",yes,no,A->C,1
chr11,112608449,112608856,CTCCGTTCTTAAAAATCTCTCTTTAAGGTAATTCCCTTTAGCACTTAGTTCCAGGGTCTCCAAAGGCTGATAGTCAGGGAGTCCTTTCTCACCTCCAGCTCACATTCCATCCTTTGGAGAAAGAGCCTCCCTCGAGATGGAAAAAGTGCAAGTTGGCATAAGGCCCAAGAAAGAATGAAATAAAATGTCCCTCTAGGCATGGCCCAGAGGCATGATTAACATGACTGCTCATCAGCATAAAATATATTCAATTATGAGGGATTAAGAGGCTTGGGAAAGCAAAATGCTAAAGCAGATGAAATATGAGCATATTAGTGGAAAACAGTACCCCAGGACAGCACAGGCTGAGGCTGCCTCCAGGTGGAAGTGCCTGTCACAGATGCTGGAGGTGCACAGCTCTGTACTCTA,"[[112608452, ""T"", [""C""]]]",yes,no,T->C,1
chr1,244458580,244458859,TTGCTAAACCTTTTGTTTTCAGAGTCGAGAGAACTTATTTCTTTAGAGCTATTTGCAGCTTCTAACAAGTGAGTAAAATATACTCCTGTGAACAAAATTTAGAGCATATTTGTTCCTCTCTACCTGATTTCTCCAGAATTTGGAAACTATTTGTGAATATTCTCAATTTATGGCAGTATAGTTAATTGCATAAGTGCAGTAAGAATCTGTTTTCTTTTGTAACAGAACACAATTGGAGAAATTGGTTATTTTACCAAGGCTTTGACTGGAATGGCATGCT,N,no,no,N,0
chr15,28924462,28924792,TCTCCATGGACTTACATATTCTGAATGTTTCCCATAATTTAGACATCATATAATTTGTGACCTTTTCTTTCTGGCTTCTTTGGCTTAGCATGAAGTTTATGTGGATGACCCATGTTGCAACATGTGTCAGAACTTCAGTCCTTTCTAAGGCTGAACAATATTGCATTCTGCAGATACACCACATTTGTTTGTGCCTTCATTTGATGGGCGTTTGGGTAGTTTCCACCTTTTGACTGTCAGGAATAATGCAGCTGTGAGTGTGTGTGGATAGTGTTAGATTCGGTATCTGTTTTCAACTCTTTTGTGTATGTATTTAGGAGTGGAATTGTTG,"[[28924499, ""A"", [""T""]]]",yes,no,A->T,1
chr7,148116162,148116618,TAAGACTGCACTAAGATTAGGAACACATTAAGAACAGTTTTTACCCTAATGAAGATATTTACAAACATATTTTGCACTAGTTCCCTGTTTATGTATTACCTGCGACAGTAATTAATAGGAATGCCATTGGCTGAGACAGCTTCAGAGCCCTAGATACCTAGGGAAGCAAGCCAAATCCTCTTCAATGTAAATACTGAAACGAAACTAAGCTTATCAGCAATCAGAAACCACCACCTAACCTCTAACTAAAGACTTTCCACATTAACCAATCAAACGGTTTCTTTGTCTTGCATCCACAAACACATTTCTCTCTCTCCAACCCCGCACCCCAGTAGACAACTTGAATTCTGGTGCTGCCCAATTCACGAATCACTGAATGTCCAAATAAACATGTTAAGATTTTAATATGCCTAAGTTTATCTTTTAACATGCCTGGGGACTTATCTAGATGTTGCTA,N,no,no,N,0
chr8,52230323,52230793,GAACCCTTTTGTTTATAAGTATATTTGAGAACCTTTTCTACGGACACACCTGAGAGTGAAAGCGAATTATCAATGACAGTCTTTTCTGAAGAAAAAAAAAAAAAGAATCAGTGGTTTAACACTAATTTCTAATCAGATCCTACAGAAAGGAACAGCCCGCACGGCAGCTGTACTTTTCCCAGGGTTAATTACCTTTCACTGCTCTCTACTAATGAGTCAGCTGTTCCTGTCATTGCACACTACACTGGTTCATCTGGAACTCTAGCTGTGGACAAACACAGGAGTGACAGTCCCATTTACATACGGGGTGGGGGCATGTTGTGTACAGATTTCAAAAGGATTTTTTTTAAAAAATCCTTTAATTCTCATGTGTTTCCACGCTAAAAATATTTTTACAAAGAAGGTTTTACTTGGTCAGCTACTGTTTTTCCTCCCAGGTCCCTGGGTTCACCACTAGTAGATATAAAATAC,"[[52230363, ""G"", [""C""]], [52230385, ""T"", [""C""]]]",yes,yes,T->C,2
chr6,117910755,117911022,ACAAATATTAGACTGTGAGCAAGCCAAGCCTGGCGAATTGCCTGCCATTGGTCACAGTCTACAGGAACAGCTATCTGACAACCCAGAGGAAGAACTGCAAACACATACGCTATCTATATCCTGTCTACCCAGGGAGAGTTAAAGAGAGAATTGCTCATCAATAATTAATTAAAGGTACTTCTTGCTCTCAAGAAGCTTAGAATGAAATATAGTGTTATCTTAATAAAATCTGCCTTACATTATTCAGCATCATTTTATTTCCATAGTA,"[[117910756, ""G"", [""C""]]]",yes,no,G->C,1
chr3,158244283,158244661,GAAGTATGTTTCTTCAGTACTTAATTTACTGAGACTTTTCAACATGAAGGGATGTTGAATTTTATTAGAGGCCTTCTCTGCATCTATTGAGATAATCATGTGGTTTTTGTCTTTAGTTCTGCATATGTGATTAATTTCATTTACTGCTTTGCATATGTTGAACCAGCCTTGCATGCCAGGGATGAAGCCTGCTTGATCGTGGTGGATAAGCTTTTTGATGTGCTGCTAGATTCAGTTTTCCAGCATGTTGTTGAGCATTTTTGCATCAATGTTCATCAAGGATATTGGCCTGAAGTTTTCTTTTTGTTTTGTTATATCTCTGCCAGGTTTCAGTAACAGGATGATGCTGGCCTCATAGAATGAGTTAACAGAGGAGTTC,"[[158244299, ""A"", [""G""]]]",yes,no,A->G,1
chr14,48691046,48691320,CCTCCTTTGCTACCACATAGTGATTCTTTCCCTTCTTCTTCTGCCACTCCTCATCAGTGCTGCAGTAGTCGCTGATCTTCCAGGTTCAGTAATATACTTCTCAGTCATTTGCATTCTAATTGGCCACTAGTCCAGCCCCTGGAGATTGTCCTCACATCTCAAATGCTTCCCAGCTCCAACAGCCCTTACAGGAAAAGATAAGCAATAAGAAACCATGGCAAGTAGAGTGCTTGGTTCCTATTAATTGCCAGGAGCATTGTGGAATGTCATGACTA,"[[48691286, ""G"", [""T""]]]",yes,no,G->T,1
chr2,72027825,72028283,CTCAGCACCTTCCCCAGAGTCACCTGACCGGGAATCGAACCCTGTTCTCAGTCACCTGACCTGTCTTTTCCCTCCTCCAAGGACTCACCCTCCTGCAGCCAAGTCATCCTGTCCATCCCTCTGCCTCCAAGCTTGGCTGAGGCTCAACTCGGCACATGTTTGTTGAGCATCTACTCAGGCTCTCAGGAGCTCCCTCAGAGCCAGGCCCAGCCACACCGGGTCTGAGTCACCAGCAGCCCTCCTGAAAAACGAGTAAGGGATGACTTAGCCAGTTAATGGGGAAATACCCACAAAACCCAGCCAAGGGTGTGCAGACTCTCAAAAGGCAGGGGGAAACAAAGAGGGACAGAAGGAGCCGGAGGGCTTTTCTGTGAATAGGGAAGAGAGAACTCGGACATTCCTTCAATAGCAACTTTCGAACTCCCACTGCAGGCGGGCACATGCTAGATGCTGGCCACC,"[[72027826, ""C"", [""T""]]]",yes,no,C->T,1
chr15,72927484,72927846,GCAGATTTCTTACCTGCATCTTTTGTACAGTGGTGAAGACTGGGCTTTTAGTGTGCCCATCACCCAAATAGTGAACACTGTATCCAATAGGTAACTTTTCAACACTCACACCCCTCCCACCCTCCCACCTTTTGTAGTCTCCAGTGTCTGTTACTTTACTCTGTATGCCCATGTGTATCCATTGTTTAGCTTTCACTTTATAAGTGAGAACATGTGGTATTTGACTTTCTGTTTCTGGGTTATTTCTTTAATTAATTCACTTATTTATTTTAAGTTCCAGGGTACATGTGCAGGATGTGCAGGTTTGTTACATAGGTAACCGTATGCCATGGCGATTTGCTGCACCTGTCAACCCATCACCTA,"[[72927522, ""T"", [""A""]], [72927721, ""A"", [""G""]]]",yes,yes,A->G,2
chr1,69728265,69728656,TAACATCTTTACTTAGATCTAACTAGAAACTGTTTGAAATGGGCAGATTTGTTCTTGCTTTGAAAATACCATATAAACAAAAAAAAAGTCAGTTCCATCTGTCAAATTGCCTGGAGAATGCATTTAACAAGAAATGAAGCTACATTAAAGGCCATAAAATATGCAGCAAGGGAAGGAAGGATAAAGCTATCCTGCAGTTCATTGGCTTCACCTACTGTGCAGTGTACTCCTTGTGAACAAGACAGATTAGATAGTTATTGCTACATCAAAATATCTGCCATTGTGGAGAGTAAGAGAACTGGAAAAAGAAAAAGGGACTCCAAATCCCAGCTCTTTCCATGATCATGAGCCAAAGAAATGTGAAAATTAATTACATTTTCTTTCATTTTATG,"[[69728358, ""C"", [""T""]], [69728565, ""A"", [""G""]]]",yes,yes,C->T,2
chr4,144787425,144787764,GGAGAAATGTGGAAAAAGGTAATCTTAGAAGCCCAGGAGCATAAGAAAGTTAAACTTCTTGACTTGTATCAAATGTTGACAATTCTAACTTCTCTGTTTCAAGAGGACTTTCTGGGACACATTTGCAACATTGCTTAAAAGTCCTGCCACCTAGTGGAAGAAGTAAATAAACCAGTCCTCAGGTAACCTGCCAAATGGAAAGACCCTACAAAAACAGATCCTCTTATCAACACACTCTCCCTTCAAAAATCATATTTTGAAACTAACTTTCATAAAATTTTAAGATTAATCAAATGGGTCATTTTAGTTTTCCTTGTTCAAATGTATCACATTCAGGGTA,"[[144787439, ""C"", [""A""]], [144787534, ""C"", [""T""]]]",yes,yes,C->A,2
chr5,125602199,125602476,TAAAATAAAAAATAAAAATAAAGAAGTGAGAGGTGTTGTTCATGGGTACATTTTCCCCAAACACACCGGGCGGGACAAAAACTGGGATTTTGTTTTCAAGCCTAGGAAAGGAGCCTGCGAACAATGATTCTTGGGCCAAATCCAGCTCTCTGTTCTTGTAAATAAAGTTTTATGGGAGCATAGTCATGCTCATTTATTTACATATTGTCTATGACTGATTTCATGCTACAAAGGCCAGAATGAGTAGTTGTCAGAGAGGCATTATGGCTCACAAAGCC,"[[125602421, ""G"", [""A""]], [125602438, ""T"", [""A""]]]",yes,yes,G->A,2
chr1,211392222,211392476,AGCAAATACTTCATTACAATGCAGGTGAGTGCTATTACTTCACCTGCATATGTCATGGGGACAAGGAAGGGCTTTGGAGAGGAAATGATTATCTAAACTGAGAGGTGGAGGATGAATAGGCATTTTCAAGCAAAGGCAAGGAAGTGAAATTACGGAATATTTATTATAGGCTAAAGAAATTGCATGTGCTAACCACTATTAACATTTGGGTTCCTAATTCAAGTAATATGTCCCAGCTGCAAAGGGAGCTGGGGA,"[[211392298, ""A"", [""G""]]]",yes,no,A->G,1
chr15,76155696,76156175,TTTCCCAAAACGTACCCAACCATGGAAACTTTTGCATCAAATAACAACTATGAACATTCTGTGGAACTAGTGTTCCACTCAGTCTACTTTGAAAAACAGCAATCTGGTTCAAATCTTCCTTTTTATAGCTGAAAAATGGAAAATCCATTCAGTGACTCATCGAGCATTTATTAAAGGCAAATTGAGATGCTCTCAAATGCCAGAGCCCATGTCACCGCATTCTTAGACACATGGAAGTGCAGTAATAACACATTGTTTCCACGCTGCACTTGCCACATAGGCCGACTGTCCGCTAACCCACCAGATGTTGGTCTCATACCCTTTTCAACTTTGAGAAGACTGAAGCACAGAGCTGCATGAGCTGCAGGTTTGCATATAAGCCCAGCTGTGAGCAGTGGCTCATTCCTGTAATCCCAGCACTTTGGAAGGCCGAGGTGGGCAGATCACCTGAGGTCAGGAGTTCGAGACCAGCCTGGCCAA,"[[76155927, ""C"", [""T""]]]",yes,no,C->T,1
chr3,133030524,133030782,AAATAGAGACTATATTCATCATATTTCCCTTTAAAAAATCTAAAGTGTGTGCAATTTGTTTCATGGTTTTCCCCTGTCCCATGAGGATGTAGAATTTAATTACTGTATTAGTTGTTACTTAGTGGTTCACCCAACACAATCTCTTGGGTCCATTTCTGATCCTGTTTAGGATGAAAGTTCCCTCCATTCCTTTCCTTGTGGGATTTAGAAAGCAGTTCTCAGTTTATTGACATCTATTCCCATTGTCTCTCGCACCTCT,"[[133030540, ""T"", [""C""]]]",yes,no,T->C,1
chr11,11089881,11090147,TGCAGCTGAGGCCCACAGAGAAGCCTATTCACCAGTCACTGGTTGGCAGTTCTTACTTTAGGCTCTTCTGCCACAACAGTTCTCAGTGAAAATGCTGCGGTTTTCAGCTCCATTGGCTCACACTTTGACAGGTGCTGGGTTGTTACCAAGTCTTTGAACAGCCAGTCCTCCTGGTCTGCTGTCTTATTAATGCATGACGAATGGGAGCTGCCATCTTGTATGCAATGCAGAGACCCAGAGTGCGTCCTGGGCACCATGGAGATACGA,"[[11089978, ""T"", [""C""]], [11089988, ""T"", [""C""]]]",yes,yes,T->C,2
chr16,70045758,70045983,AATCACAAGCATTCTTATACACCAATAACAGACAAACAGAGAGCCAAATCATGAGTGAACTCCCATTCACAATTGCTTCAAAGAGAATAAAATACCTAGGAATCCAACTTACAAGGAAAACTACAAACCATTGCTCAATGAAATAAAAGAGGATACAAACAAATGGAAGAACTTTCCATGCTCATGGGTAGGAAGAATCAATATCGTGAAAACGGCCACACTGCCC,"[[70045888, ""C"", [""T""]]]",yes,no,C->T,1
chr10,83127939,83128355,GAAAAGATACAAAACAACTGATTACCCGGGAAAGTTCAAAATTTCCTTAGGTCAGGAAGCCCTGATGCCACAGAAATGAGAGTCAACGCTTGTAACTGCTGAACATGCCCAGACACTATTGTACATGCTTTACAGAGAATAATTCATTTAATCCCTACAGAAACTTTATCTACCTTTACAGATGGGAAACTAAAATGAGGTTAGTTAGCCTGCCAGAAATCACACAGCAAAAGCATGAGTCACGTATAGGCAATGTGGTTTCAGTCTGGGTTCCAGAGGCCATACTTTTAATGACTGCACTATTCTACCTAGAGTTCCAACTTGAAAGCCCTAGCTAAGTCTCAAACCCTCCTCAACCCCACACACACTCCAGGCAAGCCTCTGGCATGGCCTTCCACCTCTCTCGCTTGCTGCTGA,"[[83127953, ""A"", [""C""]]]",yes,no,A->C,1
chr8,133325505,133325980,GTTAATTTGTTTCTTCCTTTATGCTGGCAAGAGTGAAATGCAATGGCTGGAGCTCCAGCAGTTACTGTGGACCAGAAGGTGACCTCAGGCATGAAACCAATGCAGCACAGAACAACGGAGAGAAGGAACCTGATTCATTGACACTCTGGGGCTCCATACCAGCCCAGACAGCTCCTTGGAATGCCTTGGACACAACAGAGAAGTAAACGTCTATGTTGCTTAAACTGCTGTTATTTGGGTTTTTTTTCTATTACTCATAATTAGACATAATCTAACTACTACAAGTCTCTAATGAAGGAGCCCATTGGAGGCAATATAGATTAGTCAAGAGCTCAGAATGTAAATCCAGATGCACTTGCTAAGGACATGACCTTATACAAGCTACTTCACCCTCTGGAGTCTCAGTTTCCTCATCCGTACAATGGGTTTAATAATAGCATTTATCCTCTTCCTCAGCGCTGCCTATGAGGTGGCAG,"[[133325590, ""T"", [""C""]]]",yes,no,T->C,1
chr10,133769134,133769428,GATCTTTTAGGAATCTATTTTGCTGTGATGTGGCTGGCACCCCTTTGATTCACTGTATCACCCCAGGGTTCTTTTCATTTTATAAGCCCAAGAGGGCAGAAAATGAAGTAGATGAGCAATTAAACACTGTGAGTCAGGAGCGTCTCCCCTTGTGTTAGGCAATGTTGTAGAACATCGTATTTAGTAAGCTCCTAGCAGATGAGCCATGTGGCTTCTGAGCACACATGCTTGCTTGCTGCTGTGAGGTCAGACACCATCATGTCTTTTCCATCTCTGGAGGGAATTGTAAGGGCCA,N,no,no,N,0
chr16,62646231,62646455,AGTACCTAGGTCTAATCTTGTCAGAGGGTACCATGGCACTAGGTGAAGAAAAGATTAAGCCCATCCTCACCTTTTTTCCCTCCCCAAATCCCTCAAGCAGCTGAGGGGATTCTTGGGCATTACAGGATTCTGCAGATTATGAATACCTGGATATGGTAAGATAGCTCGTCCCTTATATCACCTAATAAAGGAAATCCAGGCAGCTAAGACTTACTCCTTAATTTG,"[[62646249, ""C"", [""T""]], [62646425, ""C"", [""T""]]]",yes,yes,C->T,2
chr1,156880525,156881020,GCAGGACGGCTGGAGGTTAGACTGTCAGAAGGACAGTCCTACCCCCTCCCCCTGCCCTCCTAGCTGGCCACAGCCAGAGCAGGCCCCAGGTGTTCTGTCTCCCAGAGCAGCTGCCCCCACCCGCTGCTTGGCTCGCAGCTGTCAGTTTCCATTTCTCCTCCTAATGCAGTCTGCTCCCCGGAGGCTGGTGGGGTGGGGGAGAGGGTTATAGATTTTAATTTTCTCAAGCACTGAGAGAAGAAATGGAATTAGTGCCGCCCATAACCCAAGTCCTCTAATAGGGAGGGGGGAAGAAGGGGAAAAGAGGCTCCAGGCCCCTTCTCCAATCACTCCCTGCCACCCTTTCTCCTTTGGATTCCTTGGCTGCTTTAGCAGTTCTTCCTAGAGTCTAACTTTGATCTTTCTTGCTGCAGTTTCTTTTTGGGAGAGCTAGTCAGTCCCACAGAGTGGTATCCCTAGAAGGGAGAAGTAAGGATTGCCCTCTTCTTTAAAATGA,"[[156880647, ""C"", [""G""]]]",yes,no,C->G,1
chr5,87097739,87097952,TTTTTATCCCAGATGTTACTTTTAAGCGCCAGGATAGTTATCACATTGCCTACTTTCTGTTTCCGTTCAGATGTTCCTCACATGTCTCAAGTACATATTTCAGCCCAACCTCATCACACTTCTATATGTTCCTTATGGTGTTCAGATAACAGTCACAAAGTGGGTTAGTAAGACACAGTGATCACCCAGCATTCTTATCATGATGTAGTTTGTG,N,no,no,N,0
chr13,66425668,66426031,ATAGATGTTCAGGTCTTCAGGATTATCTATCATAACATTTGATATTGTCTAGGTACAGAACAAACCTTTGGAAAAACAGTTTTTATACAGAATCATTCTGGTTAGAATGACTAATACTTATCATACGTTGGATGAATTTGGACATCTGTCAGTGGTTAAACAGATTGGGGACAAACTGTCCTGAGAAAAGTCTAGTAAGTGTGCTATCTGCTGAAGAGCCAAGGGTGACTCATGAGGTCATTATGAATTCTAATCTCCATCAAATCTCATCAGCCAAAAGGGATGGAGACATCCATCTAAAATATAAATAATGAAAGATAAGTTGTAGTCTAATAAATTATAGCTATGTTCATCATGACGTCAT,"[[66425683, ""A"", [""T""]], [66425794, ""A"", [""G""]], [66425825, ""T"", [""A""]], [66425827, ""C"", [""A""]]]",yes,yes,A->G,4
chr2,179571184,179571679,ACTGGACAAAGTCTTTGTTATCCTCTGCTCCAAACATCTTTTTATGGAGGAAGAAATTGAGGTTCTGAGAGGTTATGTGACTTGCCCAAGGTCATTACAACAGTTATGGACAATAAGGAATAACAGCTGTAAAAATAATGACAGTGATTACGATGATGATGACAGCACTGTGATCTATTGAGCATTTACTTAAGCTAAGTCTTTTAAAGAGTCTAACCTCATGTACTTTCACTACAAGCCCGAAGGAAGATTACCTCTATTCAGCAGATGAGGCACTCTGCCCAGGGCTCCATAGCCAGCAAAGGGACAACTTAGAACAAAATCCAGCTCACAACTCATATCCCTGTTTTGGCTTTCCACATTGTACTCTTAATCAGTACTTGAAACTGCTTCACAGAACACAACAGAACAGAGAGTCATGTGGTCTTGAAATACAAACAATTAAAAGGTTAGTTAGGAAAGATTCAGTTACAACCTTTAAGTTCCATTCATATTT,"[[179571334, ""T"", [""C""]], [179571669, ""T"", [""C""]]]",yes,yes,T->C,2
chr2,40155764,40156207,CTGAACTAATATCCATATTGGACTGGTGGGCTAAGGTGACATGCCCTCTACTTATTTATTTAGCTGGAACTGGGTCACTTTAATTTGCTGTGAAATGTAGTGAGTGTGGACAGGTCAGCAGCATGCACCAGCTGGGCCTCATGTAGAATGTCTTCCCTTGTACTGTAGAAGATTCCACTGGCATTCCCGAGATCCAATTATGTAACAGGAAGATAGGCACTTCTGAATCATCATCTCACTTGGCTTTCTTTGAGGCTAAACTTCAACTCTCCTCTAATCCCCTTCCTTCTAGAAGAACAGAAGTGAAGTGTATGCTGCTATTGTGCTGAATATTTAGTTTAGGCAAGCCAGAGGATGGGCAAGATATGCTTTTCCATTGTCAAAATCCAACGGGCCATGAAGCAAAATCCCCATCAGGGCTACTGTAGGACTATAATGGCCATC,"[[40155772, ""G"", [""A""]]]",yes,no,G->A,1
chr17,10345177,10345559,GTCCCAAGCAGCAGTATCTCTCTACCTTCTCGATGAGCTCGATGCAGGCAGCCAGGTCCATTCCGAAGTCAATGAACTCCCACTCGATGCCTTCCTTCTTGTACTCTTCCTGCTCCAGCACGAACATGTGGTGGTTGAAAAACTGTTGCAGTTTCTCATTGGTGAAGTTGATGCACAGCTGCTCCAGGCTGTTGAACTGGGTGATTCAAATACCAAAGAATTTGAGTGAGCTTGGAAAATACATTGGAGATTCAGCAAAGCAGACAAGAAAGTAGAAGGTCACAACTCACATCAAAGATCTCAAAGCCAGCAATGTCCAAGACCCCGATGAAGTACTGCCTGGGCTGCTTGGTGTCCAGCTGCTGGTTGATGCGGGTGACCAT,"[[10345183, ""G"", [""A""]]]",yes,no,G->A,1
chr5,170635452,170635737,CCAAGTCAGCAGTCATCACAGAACCATCACAACCTGAAGCCCTGTGCATGTTGCTGTTTATTTCCTGTTTACATCACAACCTGAAGCCCTGTGCATGTAGCTGTATACTAACCCTAGAGTTAGTATAGCTTAGTTAAACTTTCATTTATTGCTAAAGGTTTATCACTGCTGTCTCTATCAGCCTCCCTGCACTGTAAGGGACAAGGGGGCAGGTCCAGTTTCTGTCTTGTTTCAGGTTTTGTCTCCAGCCAAGATAAGTATCTTTGCAAGGCTCTGTTTTTATTCT,N,no,no,N,0
chr2,39442224,39442492,GCCACCATGCCTGGCTAATTTTGTATTTTTAATAGAGATGGGGTTTGTCCATGTTGGTCAGGCTGGTCTCAAACTCCTAACCTCAAGTGATCCGCCCACCTCTGCCTCCCAAAGTGCTGGGATGACGCATGAGCCGCCGCACCCGGCCTATTTTGGTTGTTGTAAAGACATTCTAAAGATGCCAGTCTTATAATGTCAGTTCTAAAGATGACAGTCATGGAGATGGAGATGAAGATATGATTTAGGAAGCAATTACGATAACATATATA,"[[39442255, ""G"", [""A""]], [39442464, ""C"", [""T""]]]",yes,yes,G->A,2
chr5,41636648,41636971,ATGTGAAGGATCCTTTACCACAACCCTGAGAGATGCTATACTAAGCCCATTTTAAAGAGCTGTCAAGTGGGCTTTAAAAAGCCCTCCAGAGCCTGCTGAAAAATACAGTTCTTAAACACTGTGCTGTTGCATTACTGTCTCTGCCCAGCAGGTGTATGTTGTCTAGTGTCCTTCTGTAGAAGCAGGATGCCTGCTAGAGCAGTCCATGGTACTGGGGAGAATGAGCAGCATTATTCGATAAGCCTAGGGCATCTTTTTATCCAGAGCTCCCTGAACGAAATGGCCAGGGCTGGGAAAAAAGACAGCAATACTGGACATTAACGG,"[[41636884, ""A"", [""G""]]]",yes,no,A->G,1
chr1,99396513,99396811,AGACTGCACGCATCCACTACAGAAGTCATCCTGGTTCTAAATTCTACTATTGATTTAGCTATTAAAAAGGTCAGCTTCAGTAAGACTGCTGGCCAGAACAACCCCAGTGGGAGATAACCTACCTGTTACAACAAAGGGATTTAAATAGGTTTTTAGCCAAGCCCTTTGCTTCTGTGAGTCTGAGGAACATAAATAAATAAAATTTCTTTCCAGACAAAAATTGAGAGATTGCTCTACTTGAAAAAAAATCAAAAGTAAATTGTCTAAGACATTTATTAAATAACTGTTTAGTGGTAATA,"[[99396629, ""G"", [""A""]], [99396637, ""A"", [""G""]]]",yes,yes,A->G,2
chr9,122868469,122868723,TGCTGTGTCCACTCAGGGTTAAATGGATTAAGGGCGGTGCAAGATGTGCTTTGTTAAACAGATGCTTGAAGGCAGCATGCTCGTTAAGAGTCATCACCACTCCCTAATCTCAAGTACCCAGGGACACAAACGCTGCGGAAGGCCGCAGGGTCCTCTGCCTAGGAAAACCAGAGACCTCTGTTCACTTGTTTATCTGCTGACCTTCCCTCCACTATTGTCCTATGACCCTGCCAAATCCCCCTCTGTGAGAAACAC,N,no,no,N,0
chr2,110777842,110778087,CACACCACTTCAAGGAGTCGGGGCAGGTGTCCTATTTTAGGGCTGTCCAAACATAGAATGTGGGTAGCATTAGTGGTTTCCAGTGGCTGCCTTCCTGCCACAAGACAAAGCTGGTCTTGGGCATGTGAGCCGAGTTCAACTATTGGAAGCTCGCATTGGGACCAGCCAGCAGGCAGGAGTTTTGTGCAGTTGGAGAAGGCAGGGTTAGCATTCATGTTGGCAGCAGCGGCCATGCCCAGTTGGCGC,N,no,no,N,0
chr3,177881375,177881679,CTTGACCTGAAATTTCTTTTGGTTTGTTGTTTCCATTTCCATAATAACCCCACTGAGTTCTCTTGTATCTTTTTTAGTATTCTATAATCGATGTTTGCTCATGAGGATGTCTGCCCCAAGCTGGCCAGACTATTAGCCTGAATGCTCAGCACAGCACTAGACGCTAAAGAGATGAGAGAAGGATGAATAGTTAAATGGAAACATATGCCTTTCACTAGATAAATACTTCTTTAGAGCACTGTAGTGGAGGCAGTATCAATTTAATTTCTGACACATTAGACACTTTGACCACTAATTAAAACCTA,N,no,no,N,0
chr3,56220410,56220892,GTTTCGGTTGCAAGCCAAAAATTGGCTGACTGAAGGAGAAATGTATTGAAAGGTTACAGGGCAGCTCACAGGATCATTGAGAGGGATGGAGAATCAGGCTGAGATGTCTCTCAGTCGACTCACGGCCCAAAGCACAACATAAAGCTGTCTCATCAGTCAGCAATGCCACTGTAGCTGGCGTGCCTGTCACAACCATCTCCAGCACTGACCACTGAACAGTGCCGCTGGCTCCACTGCAATTGTCCCTGGAGCCTGTGTGCTTCAGACTTCACCACTGCCACAGAGAATATCACTAGCTGCTGTCCAAATTTCTAGACTAACACATCTGATTGGCAAAGCCAAGGTCACGTGCTCAAGGGATGGTTGTCTGGGAAGTTGGGAAGTACACATCTGGTATTTCCTAGTTATTTGGTGGGAGTCAAGTTCTGCTTCCTACTAAGACTCTTAAGGTCGAGAATCCTCTCCACCAACTATAGAAAGGAG,"[[56220445, ""C"", [""G""]]]",yes,no,C->G,1
chr18,63058671,63058972,CACCGCTCCTGTGAGTGATGTGTGCCTGCACCAGTGACCATTCCCAGACCAGGATGGAGGCCACAGGGGCAACCACCTGGCCCACTGCCCTCAGCCATCTGTCTCAGTTTGGGATTCAGCTTGTAAATTCCTAGCTTGTGAAGACTGTTTTTTTCTGTGTGCAAGGTGGTGGTTGGTTTTAAAGGAAGCTTTTTAAACACCCCCTTCACAGTGATAGAGAAGGCTCATGGCTTAGAGCTGCATTAAAAATCACAAAAATTGCTGCTCATGAAAATGGTAATGACAGATACACTGGGCTTTCA,"[[63058725, ""C"", [""T""]], [63058870, ""T"", [""C""]]]",yes,yes,C->T,2
chr5,159935876,159936375,TAAGAAGCAAAAATAGTGGTCGAGACTGAGGCTCTGGATTGTCAGTCCTGGGTTCAAACTCCACTCCTGCTTCTTTACTACCTGTGTGGCTTTCAGCAAATTGCTCAACTCTCTGATCCTCTTTTCTCCCATCTCTAAAATAAACAAATAACAGCTAATTTTGTTGGGTGTTGCAAAGATGAAATAAGACTCTTCATGTAAATCAGTAGTTCTCAACCAACAGCAATTTTTCCCCAGGGGACGTTTAGCAATGTCAGGAGACATTTTTTATTGTCACACTGGGGGTGCTACTGGCATTAACTGGGAGAGGCCAGGTATGCTGCCAAACATCCTACAATGCAAAGGAGATCTCCCACAACAAAGAATTACCCAACCCAACATGTCAATCATTGTTGAAGTGGAGAAAACCTGACATCAAGCATTCTGTCACTTTATAAGGGCTCAATGAACATTTGTTCAGTAAACACAATAACATAAATTATTATAATTTGTTCTTTGAA,N,no,no,N,0
chr1,55774976,55775345,CTATGGGTAGCCATTTTCTCCCTTCACAATGTGGAAAATTTAAACCCTTTAGACAGACAGCCTGCCTGCACACTCAGGAGACAAACAGATCCTGGCAAGCTCTTTGCTCCAAAATCACCCTTCTCCAGTTACACTCCCCCAGGTTCCTCGATTAGCAGGCCCCGGCAGCTTCTCTCCACCGAGCCAGTCTGGGGTTGAGGCCTAATGCATCACAGGTGGGTTCTGGCTCCAAACTCATTCCAGATGGTCTCACAGTCTATGCTTCCCTGCAACTCATTAAATTTTGGCTATCTTGGGATCACTAATGATGCTGAAGGGCTATGAGGATGGCAGAGACATATTCTGAAACCAGGACCTTTGAGAGGCATTG,"[[55775029, ""T"", [""C""]]]",yes,no,T->C,1
chr6,161984885,161985103,ACCCTGCTGGCCAGATGAAGCAGCCCTCCCTGACCTCTGACTCATTCCTGGGCGGGAATGGCCATCTCAGGGGAAACTGGATCGGGATTACACACAACACAGCAACCATGTTTTTTTCTTTCCTTAGGTTTTGGACTAGTGGCTCTGGTGTGGTACCAGCTTCCCCTGCATTTCTCTCCCAATTCCAACAAACGTTTGGAGATTGTAACTTGTCTCACC,"[[161984938, ""A"", [""G""]]]",yes,no,A->G,1
chr17,55618840,55619128,TAGAAAGGCTTCCATGGCAGCAGACACCTGACCTGAAACCTGACATGCAAAGGTGAAAAGGGGTTTTGAAATTTCATTTCAGGCAAAAACTCAGAGGTAGAGAGCATGATTTGGGAAAGTGAAAGTTGTTAAACAAAACTCAGCATAGATATCATGAGGAATGCTGAAGGGACTGAGGTGGTGGACAATAGACTTATCGTCTGGCTTTAGCCCTGTGAAAGTGAAAGAAAGAAAGAAATCCAAAGACAGAGAAAAAAGCAGTTTCTGTTGTAATCCAGGTAGACTATGT,"[[55619033, ""A"", [""T""]], [55619041, ""C"", [""T""]]]",yes,yes,C->T,2
chr4,55491484,55491910,AAGGAGAAATTACAACTGATGTCACAGAAATAAAAAAGTATTTTTTTGAGACAACTCAATAAACATACACCAACAAATTAGATAACCTAGAAAAAATGGATAAATTCCTAGAAATATGCCATCTACCACGAAGGCTGAATCATGGATAGAAAAATGTGAACAGAGTTCACAGCAGATTTATTCATAATGGTCTAAAACTATAAACAACCCAGATGTTCATTGACAGTACAATGGATAAACAAAATGTGGTATTCATATAATGGAATGCTATACAACAAAGAGAAGACTGCATGCAACAGCACAGATGACTTTACAAGAGAGTACATAGTTTTTTTAAGAATAGACAAATTAATCAGTAAGTCAGAATGATAAAATAAAAAAAGAAAATCTGAGCAGACACATATAACTTGTAATTATATTGAATCAA,"[[55491547, ""T"", [""C""]], [55491628, ""A"", [""G""]], [55491691, ""T"", [""C""]]]",yes,yes,T->C,3
chr2,198867042,198867325,TCCCAAGAAAAAGTCTTTGTTCTCCTCCTCATACCCTTAGAGGTAGAGATGTTATCTTCACTTTGAATAAACTCATTTGTGAAGAAAGTAACCATAAGCCTTTCTACACACAAGGAAGCCAGGAAGGATAAATGCCCTTTGGTGTGACCTTTCCCAATCATAAAATATTTCCTCTGCCTCACATTAACCATGAGTATGTATGCATAACTTTGGATCTGACAATCTTTGAATGTCAATTTTGATATTGCATCACCTGAATTTTCATTTTGATATTTTTCTGTACA,"[[198867066, ""T"", [""C""]]]",yes,no,T->C,1
chr6,100153936,100154228,GAAAGCAGTGGCAGGAAAGGGAAAAAGACAATTCGGATAACAATGATGAGCAGCAGAATTTTTGGTTGGTTTTCTCCCAAGATTAGTATTCAGAAACTACCTCATTCCTACATGTCTATCGTGCTTGGAAATGTGAGGATAATACTAGCCAGCTGCTGTCTACAAATCTTGGCTCTTGGATGTCAAAAACCTCTCCAACTTCACTTTTGCAAACTCACCAACTTACCATAAAAAATAACTTTTGCCCTCACTGTGTTTTTCATGTTCAAAAGATTCCCAAAAGTGGATCTACA,"[[100153970, ""A"", [""G""]]]",yes,no,A->G,1
chr9,15317852,15318266,CACAGAGCCAGCTGTGTGGGAGGCCAGAGTTTTATTATTCCTCAAATCAGTCTCCCTGAGCATTCAGGGAGCAGAGTTTTTAAGGAAAAGTTGGTGGGTGGGGGTAAGCCAGTAAGCCGGGAGTGCTGATTGGTCAGAAATGAAATCGTAGGGAGTCTTCAGGCTACACGTGAGGCCCATAATCACATGTAATCATAGCTGTCTTCCTGCACTGAGTCAGTTCCTGGGTCGGGGCCACAAGATCAGATGAGCCAGTTTATCCATCTGGGTGGTATCAGCTAATTCATCAAGTGCAAGGTCTGCAAAATATCTCAAGCACTGATTTTAGGAGCAGTTTAGGTAGGGTCAGAATCTTGTAGCCTCCAGCTATGTGACTCCTAAACCGTAATTTCTAATCTTGTGGCTAATGTTAGTC,"[[15317910, ""G"", [""A""]], [15317941, ""C"", [""G""]]]",yes,yes,C->G,2
chr16,82852628,82853002,GACAGGTCTTATAGCTTGAAAAGGTATTTGCAAAATCTAAAGCAAAAGTTGCCAACTCGAATGCCTAGATGTCCAAGCAAGTGTTTAACTGAATTGAGTGAGCAGAAACAAGAACCAGGGAGTGGTGCTGAGAAGGAAAGCTTGGAGAGGGGCACTCTACATAACATGACAATTTAACTTGATGACAGACTTCTCTGGCTAAACTAACCACATCTGCTGGCCACATCCATCCCTTATGCTGCCAGTTGGCAACCTACAGTATGGGAGAGAAAAAGAAAAAATCCTTTCTCTGGAAGCAAACTCCAAAGTTGGGTATATTCTTGAATCAGTACCTGTCAGGATAAAAAAAAACCCTTTCTTTTTAAGAAAGAACGA,"[[82852633, ""T"", [""G""]]]",yes,no,T->G,1
chr6,170474353,170474709,TACAGTCACACATGTGCCTCTTTAACACATCGTGCTGGTATGATAGATACCGGTTTTCATACAAGGCTCCTGGCTCATAACTCCCACGCCTCTTGTTACAGTCTTTTGTTATAACCTTGGCTGTGTTAGGTCTCAGGGGCAGCCTCTGACCTCTTGCCCCCTTTCAGATTAGAGTTCTGTCCCAAGGGAGGATTCTAATCTTCCCTGCCTTTCTGGTTGTGGGTCTAAGACCCTCCCATGAAGCAAGACCCCCTATAGCCTGTGGGAAGTCATGCTGATGTCTTGAAGCTTCCATAAAAACCCTAGAGGACTGGGATCCGGGAGCTTCCAGAGAGCTGAACATTTGGAGGTTCCTGG,"[[170474411, ""G"", [""A""]]]",yes,no,G->A,1
chr19,58317522,58317788,TCCAATGAGCCAAGATTGCACTATTTCACCCCAGCCTGGACAAAAGAGGAAAACTACGTCTTAAAAAAAAAAAAAAAAAAATAGGCTGGGACACCTTTCCTGGAAGGGCTACTTACTACAGGGGAGCTGTCTAAGGTGCCGAAATGTCCTAGCCCTGCGCTGTCCAATATGGTAGTTATGATTAAATTCAAATAAAATTACAAGTTCCATGTCCCAGTCACACCAGCTATGTTTCCAGTACTCAGGAGCTACCTGACACTGATGGTG,"[[58317602, ""T"", [""A""]], [58317661, ""T"", [""C""]]]",yes,yes,T->A,2
chr21,26377446,26377669,TTACACTTTGTACCATCTCAATGGTGCAGTTCTCTATAAATATGCTGATATCTGCACTTTCTGAAGCTTTCAAGGTGTAAAAATAGTGTTGTTTCCTCCTTTTGTGCACAATGAGCCTGAATCACACTGGGCTTCTTAAAGAAATGGGGGTAGACCCCTCCTCTGCTTGGAAATGTGCTTTGTCCCCTGGACCTTAGTCTCAGGGGCCCCTTGTGAAAACAGTG,"[[26377456, ""C"", [""T""]]]",yes,no,C->T,1
chr10,106618595,106619062,GATCCCTAATACAAGGAAATGATCAAAGCAAATGAGAACGGGGGCTCATATTAATCCAGATGGAAGCAGCAGTCACTGAAAATCTATAAGCTGCCATGTGTTCATCTCCAGGGTGTACGATTTCTGTAGAATTACAATGGAACATGAATCCGGTACACCAAAACCATACACTAGTTAAACAGCAGTGGCCTTGTGTGCTGGCCCCCTTTGAGAAGCCTCATCAGCAGTTTCCTGGAAGTAGCTGCTGTGGAAACAAGCACTAATTGGATAGTGGTTTGAGGATTCAAAACAGAAAAAAAAGAAAAAAAAATTTGGCGTGGTGCCTGCAATACAATCGACTGCTAGGGTCCTAGAGGAAAAAATATTAGCCTACTGACCTCCCTTGACACACTCCTCACAAACATTTATTTCCCATCTTTTCTTAATTAATTTAAAAATCAAAATTCATTTAATTCCCTGTATGGCAGA,"[[106618799, ""G"", [""C""]]]",yes,no,G->C,1
chr4,182042942,182043329,AATTTTTTGCTATTCCATTTAAGAAGAGAGAAGATAAGATAGAAGGTCGTCTTTTTTTTTTTAAGAATAAAATTGTGGTGTAATTTTGCGTAAAATAGCAGCAACTACTATTGTTTTATTTTAATATCCATCTCAAGCTCTGCGTTTTTACATTTCCCCTAAGGGCATCTCAGAGAAAGGGGATAAGAGAGAACTTTAATAAGCATTCCTGCGTGCACACATACACATTCTTACATGCCCAGTGAGTAATTAATCAAAATGAAAATAAAACTCTGGAATGAATAGCTAGCTATGTTACGTGCCATCTTCGGTATACAGGGTATCTGTCTTCCGTTGATCTCAATTTAGGTAAAGGTGAGACTTTCACGTTAAGCTAAAACAGTTAATG,"[[182042943, ""G"", [""A""]]]",yes,no,G->A,1
chr13,31378076,31378393,GGAAGAGGCAACTGTGAGAGAGACAGCATTATGACCCACACCATGACGGGTGTGTGGGAGGCTGTTAACAAACAGGACGTTTCTTCACCACACAAACAAATGAAGGTGGAGAGGGGTGGCTTGCTCAGCGTGGCCACCTGGACTGTGGTTGAGACCTGAGCCTCTAGTGTCAGCCAAGGCATGGCTCTGATCTGTCTTGACAGGAACAAATGCTTACTATTCAGACACACATGCTCCACAGAAAAGGAGATTTGTAGAAGCCAAAGAGAAAGCTTCTCTTTTCTCTTTGCATTATACAATATTTGACATATACAAACT,"[[31378084, ""A"", [""C""]], [31378139, ""A"", [""G""]], [31378205, ""A"", [""G""]], [31378291, ""G"", [""A""]], [31378366, ""G"", [""A""]]]",yes,yes,A->G,5
chr21,9529692,9529892,GAGGTTCCTGGACTGCATGTCTTGATTGGATGAGAAAAAAACCTCCAGGCTTACTCTGATTGGACTTTATGATCATGTTCTGATTGGATGAGAGCAAGTCTTAACACAACCAATCACAGCATGAAAATAAAGTCCAATCAGAGTAGGCCTAGAGGTTTTTTTCTCATCCAATCAAGACATGCAGTCCAGGAACTGCATTTG,N,no,no,N,0
chr18,38474935,38475158,CACTTTCATTCCAAACAACATAGTCGGATTGTCTTTAAATATAAATGCTCTCATCCCTAAGGAACAGAGAACCAGAGAAAGGCAGCAGAAGGGAACGTGTGCCGAGAAAGGCATTGGTGCCCTAAGGGACAATTTTCATCTCAGGAGAACTGACCTTTCAGAGAAAGCAAATTAAATTATCTTTCTCATCCTTTACTTTTGCTGTGACATCATTAAAATGCACG,N,no,no,N,0
chr10,114840679,114840905,TTAGATGCAGAAGCTGGGAAAGGATGATTTGAATGCTGGAATTCCTGAACCAATAAGGCTGCTGCTAGTAGAAAAACAGGGGCCCCAAGGGAGCTGATTTTGAGGGGAAGATGATAATTTTGGTTCCGGATGCTTTGAGTCATCATGATTTCCTGATGGAGATAATTAGCAGGTATTCGGTATTGCAAATCTTTGATTTGGGAGGGAAGTTTAAGTTTAAGAGATTT,"[[114840680, ""C"", [""T""]]]",yes,no,C->T,1
chr5,6083610,6083843,TTCATCCCCTGGCTCACTTAGCTCCTGCCAGGCCGGCCTCCCCATGCCTCATGGTGGCGATCATGGCTCCCTCCTCTCACTGCCCCTCTTCCTGTCCTCATCCCAGGCTCCTCCCTCACTGGCCTCACGGCTGTGTCAGGAAAAGCCCTAAATAGCATCCTGCCCACCCTGGCCTCCTGCCCCTCCCACAGGCTTGCTCACACCTTCATCCCTGCCTGGCTCGGCACATTCCCT,"[[6083628, ""C"", [""T""]]]",yes,no,C->T,1
chr11,976763,977092,AGCATTTCTGTTGTGATTGTGGATTATTAAGTTGTAACAACAACAACAAGTAAGCTATTGTTCAAACAACAAATGAGCAATGTGAGCTGCATGTGGTCGGCTGGTGGTTTTGGTGGTGAGAAGGTTGGCAGGGAGACCTTTGGAGCAGGGCCCATGTATGCTGAGAACACTGCTGCTGCCCCCTAGGCGGCCTCGGCAGGCGGCCCTGAGTGCTGTCTTGGCCCCTGCGCCAGCCCCACCCCCGCGTCTCCTGCTGGCTCTGGGGGGGTGCTCCGTGCAGCTCTGCGCTGTCTTCAGCCTGTTGCGAGTGACTCTTGACGTCTGTCTTTC,"[[976813, ""A"", [""T""]]]",yes,no,A->T,1
chr7,113521708,113522028,TGAATTGTTTATTTGCAGAATTTTTCATTTAATACTTTTAGACTGCTGTTGACGGCAAGTAAATGAAACTGCAGAAAGCAAAACCACAGATAAAGCGGTGACTACTGTAGTTACTTTGGTGATGAATTCTCTGAGCTTTTATATGTTTTTAAATGTCTTCATTTCACTTTCATTTTTGAAAGATAATGTTATTGGTTGTGTGATTCTAGGTTGACAATTTTTTTTTTTCTTTCAGAACTTTAAAGATACTACTTTACATTGTCTTTCTATGTGTAATACAATCCCCTCTCACCTCTGGTTGCTATAAGGATTTTCTCCTCA,"[[113521722, ""C"", [""G""]], [113521822, ""C"", [""T""]]]",yes,yes,C->G,2
chr20,38413319,38413578,CTCCTTGTCAGGGAGATAACAAGGCGCTTTGTTCTGGCCACAGAGCCGGGTAGAGCATCCAAAGGCTCATTACCAAGCATGGATGCCTTTCCTCTGACAGACAATGAAGAATTGGATCCAAGTTGCTCATTAAGTTCCTTAGGGAGTTGTTGGACATCTTGCTACTGTATGAACAAACAGATGGACCTGGCTGCTGGCTGCAAGGATATTTTAGAAAAAGCAGGTCTGCCTACCCATTATGAAGAGTAAAATATTATACT,N,no,no,N,0
chr4,137674061,137674451,GCTTAGAATAGGGTTTGTGACATGGTAAATGCTCAGTCAATTTTTGTTCAATAAAATAAATGGTGTAGACTGTGGTCATTTAAGTGATTCTTTTGTGGGTTTGGCCAACAGTAGAAGTTGTGAATATTCTGGTATCTGGCGCCAGAGAGAAGTGCCTAGGAAATAGCTGAGAGAGTGAGTCTTTAGTCAGCAATCTTAGCCCTTCATTCTTCTAATCAGTCTTACCTTTGACAATCCATGTTCTGATTCAGAAAGGGAAGATGACAAAGTTAGGACATGATACATATATGACTCACCAGTATATATTCATGGCTAGCAGCATCAGGAGATCATAAAACCACGGTCACACTCTTTTTTTTTTTAAATTATTATTATACTTTAAGTTTTAGGG,N,no,no,N,0
chr14,98501892,98502192,TAGAATCTGAGTTTCAAGATCTCTCTGCTCCCAGGACCTAGCTCAACTACTGGCACGTAAGAGATCAACACATACGGTGGGTTGGACCCTAGGTCTGAAGGGATAAGAAGCCTAAAGGCCCCATGGCCAGGCTTTTGAAGACCTGACTCACCCACCACATGGGATGACTCAGCTCAGAAACATGGACCCTCAGCCCAGCAGAATCCAGAAGCTTGATGCCCAACCTGTCCCCATCCACATCCCCAACTGGATGTGTGCTGTGCAATTCACCTAGGACATCACCCTGCCCCAGGCCTGTTTG,"[[98501909, ""C"", [""G""]]]",yes,no,C->G,1
chr4,187892944,187893223,CTGTGAATTCTGATGTCAAAATTTAGAAGCACTGACCTCTACTTATTCATGTATTGGTAACAAAAAGAACTTTCCAAAGTTTTCCAAATTTGGTATCACCTTAGAAGAGCTAACCTCATTTTACACTTGAATAACCTAGTATTTCATTAAGCACTTAATATGTATGGAGTTCAGTTAGCTATTGTTCAGTAATCCAATAGATGTTATTGATTTTTGGGACTTATCTTGGGGGAGATAATTCAGAGACAGGACAGGACAAGAAAATATTAAAGAGTTAATT,"[[187893080, ""C"", [""T""]]]",yes,no,C->T,1
chr10,61688599,61688875,GTTGTGGATTCTACCTATTTTTGGGAATTAGGCGATAGTAATCTCAGGTGTACACTCAATATAAGAGGCATATACCCAAAATAAGAAAATCAACCCTGCCGCTCTGTAAACCACAGGGTATTGCACTTCCAGGCATCAAGCCAGACATCTTGAATTATTTTCACTTCATCTCTCTTCAATTTAGGACTAAGACTAAATGTTTGACAAAATAATCTAGGAAGTTGAGTCAGTCAGAAGCAGAAGAAAATGCATTATCGCAGCTGAAGTGTCACTTTGT,N,no,no,N,0
chr4,129950259,129950504,TATTTCTACTAAGTCAGTATTTAGATAGCATTTATCCATGTGCGTATTAGAGAGATTGGGGGATGTCCGAGGACCAAAATAAAGAAAAAAAAGTGAATGAAGTTTCACTTCTCCTCTTGCCTGTGAAATGTGGTGTCTGAGGAAGAATGAAGATATTCTTACTGTCCATACTCATCATTTTTCAGATGGTTGGTATTTTTACAGAGAATGTCATCCTAAGTCTTGAATTATGGTTTCAAAACTATG,"[[129950284, ""G"", [""T""]], [129950450, ""T"", [""G""]]]",yes,yes,G->T,2
chr5,75080569,75080771,TTGTCCAAATTTTGTTTTCTCAAACATTGATTTGTTTGGTTCCTGTACTGGGTCATCTAAACAAGCAACTTCTGAAAGTGAAACAAAACGTTAGTAATAATTTTGTTGAATTAGGGGACTGCTCTGGTCAAATCAGGATGATGGTCACCCTACCGATGGGAAATACAAATAGCTCTTTCTTGACATTTTAGGAGAGATGATTT,"[[75080674, ""C"", [""T""]], [75080746, ""C"", [""T""]]]",yes,yes,C->T,2
chr1,34361756,34362046,GGTCCCTGCTATGTGCCGGGTCTTTTTGCAAGCATAGCATCACTTCATAGTTAATTCTCCCCCAAAGCCTGTCCAGATGGATTTTATTGACTCCAGATCTCAGATAAGGACACCGGAATTCAGGGGAGAGAAGCAAACTGCTTGATACCATACACATGGTTTGCAGGTGGTAAGGCAGAACTGAAACAGAAACAGTGCTTGTCTGCCTCCTTTCTCAGAACCAGGACTGAGCACCCCAAGTGGAATGGGCACTTCAGCTGGGCAGTGTTAGAATCTCCCTTGACCTTGACC,"[[34361799, ""C"", [""T""]]]",yes,no,C->T,1
chr8,108675006,108675265,ACTGAGGAGTTAATACCCTTAGCCTTCACCAATGAATATGGAAGTTGGTGTATATATACCCCAGATCCCTTGCCTCTTGGATGAGATCATTCTGAGACATATGTTTTATATGTTTCCTAGAGTTCCCCTGTGGGAATAAGCTCCAGTTGCCCACTGTGGCAGCTGGCTCAGCAGCATATCCTTCATTGACTACCTTTTGTTTATGGTGTCATCTCCCCACTTTCCTTTTGGTATTGCTTGTACTTGTGTTTGAACTTGAA,"[[108675082, ""C"", [""T""]], [108675253, ""A"", [""G""]]]",yes,yes,A->G,2
chr7,124165083,124165403,TCAGAAACTGCTAATGACATCTATGCACAAAACCTAGAAAATCTAGAGGAAATGGATAAATTACTGAAAACACTCAATTCCCTACTATGAACATCTGTGCACATAAACTAGAAAATTTAGAGGAAGTGGATAAATTCCTGAAAACATTCAGCTCCCTACTGTGAACAACTGTGCACATAAACTAGACAATTTAGAGAAAGTGGATAAATTCCTGAAAACACTCAACTCCCAAGCTTGAACCAAAGAAATAAAAATCCTGAACAGACTAATAATGAGTTATGAAAATGAATCAATAATAAATCTACCAATCAAAACCAGCAG,"[[124165092, ""A"", [""G""]], [124165279, ""G"", [""A""]], [124165391, ""C"", [""T""]]]",yes,yes,C->T,3
chr3,100538378,100538652,AGAAAGCAGCAAACTAGGAATAGAGAACTTTCTCAACTTGATACAGAATATCTACACAAAACCTACAGCCAACATCATACTTTAGTGGTGAGAAACTAGGTGTTTTCCCCTTAAGACTGGGAACAACACAGAATGTCCCGTGTCATCACTCCTATGCCACATCCTACTGGATGTCTTAGCTAATGCAGTAATATGATAAAAGGGAATAAAAAGTATACAGACTGGGAAGGAAGAAAGAAAACTCTCTTTGTTCACAGATGGCATAATTGTTCATG,"[[100538508, ""A"", [""G""]]]",yes,no,A->G,1
chr20,20238755,20239036,TGTCCTCCTGAAGCATGGAATGAAACACAATACCTTTTACTTATTTCCCTGGATACCCTAATCCCTCCCTGCTTTACAAGTATCTTTGAGCTGTTCCTCCCTTTGTATCCACAGCAACGTGAAATCCCCACTGGAATTATTTGCTGTGAAAATGCAGGTGCCCTTGTTTAATGTTTCATTGGCTTGAGCACTTAACTTGAAACTTTTTTTTTTTTTCATGATATGGTGACCTTTGATTTTGGAGCTGAGGGCTCACGGTGATGTTAGATATTGTTTATATAC,N,no,no,N,0
chr5,102591678,102592007,AGCGCACTGAGAATGAAAGTCTTAAAATGAACTTGACAGAGGAAGTGGCATCTGAGGGGTCTGTGTCCAGGGTGTGTAGGCTATTCAAGACTAAAGGAATAGTATCAGTTACCGATCTGAGGCTACACATAACACCAAGACTTGATACTGACTTGAGGCAGCTCCATGCTACGACCTGGCATTTAGAATCATTACAGCTTTTATGATAGCTGTCTTACTCATGCTCACAGTTTTTTCACTTTCAGGTTTCAACTGCTAGGTAGTCGAGGTGGCTAGGAGTCTTCTCTTATTGTGTTATGTGGGTTAATAAATGGTTGGAGTGTCTGAGGG,"[[102591680, ""T"", [""C""]], [102591727, ""G"", [""A""]]]",yes,yes,G->A,2
chr3,175105095,175105437,TAAAATACTGTAAAATACTGTTTGAGATCTGGCTCAGGTGCCCACTCCTTCATGGATATCTCATTGATATCCCATCAGCTGAATTCTCTATTTGCCTTTGCAACCCACAGTACTTCATTTCCTCCCATTTTGTTGGCATGAATCACTTTCTGTTTCACAGTGGAGAAAGAACTATGGGTCTGGCAGAGTTTAAACAGCATGTAGGCTCTCAGTAAGTCTTTATTGCATGAGAAAATGAACCAGAGTACAGATCTTCTTGATAAGGCTTCATGTCCATGAGGATTATCACTTTTTTTGAAAATGAAAATAATGTATACTTCTGGTTATTTATACCTCTTATTGA,"[[175105151, ""A"", [""T""]], [175105317, ""C"", [""T""]], [175105321, ""C"", [""A""]]]",yes,yes,C->A,3
chr2,154554109,154554359,TGTTTCTGCATAGCAGAATACTGGAGGTAGCCATTTGCTCCAACAATGGGGAAAGCCAGCAGCATCTGTGGGAGAGTGGACTTCAGGCTCCTGCAGTATCATGGTGTGCACTCATAGCTGCCTGCTAGGAAGCCACTCTGATGGCAAGGAAGCCACAAAAAGAGCTGTGAGTAACACTACTTTCTATTTCACTCTCTAAACCTCCTAACACTTTTATAGCCAATTCATCTATTAACTATTTTTTCACTGGA,N,no,no,N,0
chrX,149877622,149878094,AATCTCCCATTGAGAAGAATCCCAAATCATTCATGTCAATACTACCCCTTCCCAAGAAGGTGGACCATACTTCCCTACTACCCAATGGCTGCCCTTAGTGACTTTCTTTTATAAAGCACAATACAGAAAGGGGGGAATGTAATAACCTTGCAGAGGGAAATCCTGACAACACTACCTCAGCCAGTTCATCAGTCAACATCAACAGCGATGAGTCATGTTGCTAAAATATCGTGTAATGAGAATGGCATTTCGCCTCTCTGGTCTCCTACCCCAAAGCCATTACTCAAGTCTATATATGAAAAAACTCAGACAAATACCAAATGAGGGTAATTCCACAAATAGCCTGATCGATACTCCCCAAAACTGTTAAAGTCATCAAAAACAAGAATAGTCTGAGAAACTATCACAGCTTAGACTAAAGTAGCATGGTATCCTAGATGGGATCCTCAAACAATGACAGGAATGTGCAGGTG,N,no,no,N,0
chr3,2715575,2715865,CAGTTAGAGCTGTCATAAGAAAATACCATAAACTGGGTAGTTCGAACTATAGAAATTTGTTTACTTAGAGTTTTGGAAGCTGAGGAATACAAGATCAAGGTGCCACCTGACTTCCTTTCTGGTGAGGGCTCTCATGCTGACTTGCAGACAGATGCCTTTTTGCCGTGTCCTCACATGGCTGAGACAGTGCGAGCTCTTTGGTATCTCCTTTTATGAAGACAGTATCATGTCAGACGAAGGCTCTACCCCATGGCCTCATTTAACCTTAATTACTTCCTTACTTTAGATATA,"[[2715593, ""C"", [""G""]], [2715810, ""A"", [""G""]]]",yes,yes,C->G,2
chr15,95486267,95486570,AATGTTAAATCTCAACTCAAAGAAGACATTGCTTTGAAAAATTAAGATTTTATTGCGCTGGTAGTTGTGGTTTGATGATTTACTTTAATCTGAAGATAAAACTTTGGGTTCTTAGAGGGGAGGAGAGATGACTAATTTGTGCCTCCATCCACCACGCTGAAATATTTTCTGTCTTTAGCCGGTCTTTGGCAGGAATGAATGTAAGATAAATTTCTCGTTGAATATTCAGACAGGAGTCTACAAATGTTAGATAGTCTTCCAGCTCACTAAATGCATTCTTCAGTTGTGCTTCCTGCACTATTCA,"[[95486323, ""C"", [""G""]]]",yes,no,C->G,1
chr14,73896547,73896781,TTTTTTTGGGCTCTGCTTATGCCTAAGAAAAAAATTAGGGGTGGGGCATATTTAAATTAGTCATACTTAAAATAGAAAGAACCTTTATTATTTTATTATTTTGGAGAATTGGTGTGTCTGGTGACCATTTGAATATGTAGAGGGAGAGGGAGGACTCTAGTATGACTCATATCTTGTTTGGGAAATTATGTAGTGCCATTTACTGAGATCGCACAGGAAGAGCAAGGCTTAGGGG,"[[73896602, ""C"", [""A""]], [73896777, ""G"", [""A""]]]",yes,yes,G->A,2
chr3,183794411,183794807,TACTGCTGCTTTTCAAAATGCAAGAACATTACTTTCAGTCTAGAATTCTCTAGTCAAGGAGATCATTACAGAGTGAGGGTAGAACTATTTCTGACAAAGTTTGAAATGTATTTCCTGTGTACCCTCTCCAAAGACATTCCTAAAATATGGGATGGGGTTATGTCCCAGTCAGCTTTTGTAAGGTGAAAATATTCTAAGTGTTAAAAATGCGTGACCGGCTGAGGGCTGTGGCTTGCTGCCACTGCCCAGCATCACGAGAGAGGTACAGTTTCTACTGAGTGCCTGTTGCTTTCATACCATGCCAAAGTCAAAAACTCCAAAGTCAACCATTGTAAGGGAACATCTGTATAGGGAAGAAAGGGTATATAAGTGCCGTAAAGGGGGCACTTTTTAAGGC,"[[183794585, ""G"", [""T""]]]",yes,no,G->T,1
chr15,82520085,82520391,CCAGTCATCCCTGGGTGGCTTTGGGCTGGTGACTCCCGGGGCTCCCTACTGCAGACTCTGCCCTCCCCTCCTGCTGCCCCAAGCTCGACCTCCCTAGGCTTCTTGGGCTGGCGTCTCTGAGGACCTGGGTCGAAACCGTGTGTTTCCCTCCCCCATCGTGGAGCAGCGACTCGGACATCGCGCTGATGTGGTCCCCTCCCCTGGGAGGAGTGGAATGCAATGATGTCACAGTGCCCCTAGGAACTGTCATTACTGCTGCAAGACCGGCCTTTGATCTTACAACCCAGTCCCCTAAGTTTTCTCACCC,N,no,no,N,0
chr5,9505268,9505592,AAAAGGCAAAAGCATTTCGCTTTCAGTAGAGAGCTCATTTGGGCTTGGTTTTTCCTGAGGAAATCCATTTAGTATAATTTTTTAAAAATTAAACTTCACATGCCTATGACTCAAACTTTCAAACCACCCCCACACTCCATCAGTTATTTTCAACAATTAACAGTGGGTGATCTCAGATACAGCCTGGATGTTTTGGAAAACAGGAAATAGTCTGCTAGATTGTAGCCTCATATTCCCCTTGGAAGGCTTCTTGATTGAATGCTACAAGTTGTCAAACCAGACTGGTTCATTTGACTCCCCTGAAGCGCTTGCAGGAGAGTTACTT,"[[9505421, ""T"", [""C""]]]",yes,no,T->C,1
chr17,62442625,62442948,TTCAGATACCATTGACTAATTCCATGGAAGCCCTTGGCACTGCCAGAGTGCAGTGAGTCTGGACAGGCTGGGGGTTGGCACACGTTAGGGTAAACTATACCCATGAAATCATGAGATTAGAGACTTCAAACATCTCCTCATTCTGTGTCATCAGAGTCCTGCAAAGGATGATTAAGTAAGTTAGTGTTAAAGGTCAAGGTAAGCTGGTGTTAGGAAGCCAGATTACATGACTAGAGACTGCAGGGACCAGTGATTGAGATCCTGGTTTATCTCCCAGAGTCCAAGGACCCCTCACTGGCTGCACAGGATAGGAGCTTTGGGTGA,"[[62442707, ""T"", [""C""]]]",yes,no,T->C,1
chr14,85054205,85054535,CCATGTGGAAGCTGCCAAGGCTTAAGATTTGCACCCTCTGAAGCTGTGGCCTGAGCTGTATTTTGGCAGTTTTTAGGCATAGCTGGAGCAGCCTGGACTCAAAGCACCAAGTCCCTAGGCTGCACATAGCAGAAGAGCCTTGGGCCCAGCCCAGAAACCATTTTTTCCTCCTAGGCATCCAGGCCTGTTAAGGGAGGGGGCTTCCATGAAGGTCTCTGACATGGACATTTCCTCATTGTCTTGGTAATTAACATTCAGCTTCTTGTTATTTACACAAATTTCTGCAGCAGGCTTGGCTTTCTCTTAAGAAATGAGTTTTTCTTTTCTATTG,"[[85054218, ""A"", [""G""]], [85054231, ""C"", [""A""]], [85054250, ""T"", [""G""]]]",yes,yes,T->G,3
chr3,21041674,21041988,ATTACTCTTGTGAATCTATTTTAAATAATCTGAAAGAAGTAACTTATCAACAATATTTTCCTAATCCTTTCCCACAAGGCAATGAAGATGGACAAGGAACATATGCCAGTGCACATCTATTATAAGCCATTTATCCCAGACTGTGATGCAAGTGTGCTTAAGTCTGAAATGCAAGTGACTCGTACTTACAGGCAAAATACATTCCAGCTGAGGAAAAAAGTAAGACTTTTATTGTCCTTTATGACCTGTTTAATCCTGTTGCTTTACATTCATTGTGGATGTCTCTGGATGGTGCTAAAACAGGTGAAAAGTGGA,"[[21041688, ""A"", [""T""]]]",yes,no,A->T,1
chr4,83025098,83025348,ATTATTTGCTACTATCTCTTCAAATCTTTTTTTCTGCATCATTTTTTCTCTCTTTTCCTTCTTGGATTCCAATTATACGTATGTTGAATCATTTTGTTCCACAGCTCTTGGAGATTCTTTCTTAGTCTGTCTTAGTATCGCTATAAAGAAATACCCAGCCAGGCACGGTGGCTCACACCTGTAATCCCAGCACTTTGGGAGGCCAAGGTGGGTGGATCACGAGGTCAGGAGATCAAGACCATCCTGACTAA,N,no,no,N,0
chr12,86962152,86962420,TAATTTTTTATAGAAATAGAGTACAAGCTGAAAGCAGTAGTATTACTGGCTTGAGGAAACAGATGTTGGAGCTTGACATAGTTTAAACAGATTTGTAGAATGCAGGATCATTTCTAAAAAGTAAGAGGCTCACCACAGAAGTTACAGCTATACCATGTAAGTGAAAGCAAAACTAAAATAAACCAGACCCAGCCAACCCTTGAGAATGAAAATATTTCCCACAAATTTAAGCAAAAACTGATTATTCTGTAGCCATGGTTGTAAATAGC,"[[86962281, ""A"", [""T""]]]",yes,no,A->T,1
chr19,8743636,8743961,CTCATGACGTGACGGGACACTGGCTTGGTAGCAGGGGACTCAGGATGAAAAAGAGAAGATGCCTCACCTGGATGAGGACCCAGCTCCTCCACTTTCTGGCGTTTTGGGGCATTTGATGGCGTGCCGCTGGAGCTGTAGGACAGAGAGACACAGTCAGATTTCGGGCAGTTCCCTAACGTCCAATTCCCTGAATCCCCACAAATTCACTCCACTTCCCTGCCTTTCATTCAAGGCCACAGACTCGTCATCCACTTCCTGTGAGACCTGCTCCCAATCTGTCCTAACTCCCAGCTGTTCTTGTTCTCACCCCATCTACCTGAGCTTCC,N,no,no,N,0
chr2,238875602,238875871,CCAGTGGGCTGGACGTTTACAAACAGATGGGAGCCAAGAAAGTGCCGTGAACTTCAGCTCCCTGACCGGGGTCACGGGAATGCCATAAATCAGGCCAGACAAATTCCCATGATGTCAGTCACTCAGCCGAGTTTCTGGGGGTCATGAGTCTCTTCGCATTTCTCCCCTGTCCCCAAGTTCCAAAAAAACAAATAAATAGATGGAAAGGTTACCTCACAGATCCTTGGCAAAGACCCCTGGAATAGCACAGCTCTGTCCCGAGTGAAAGTT,N,no,no,N,0
chr6,125951264,125951686,CCCATTCCCGCAATTCTCCCTTCTAAACACTCAGTCTCCTCTGCACAAATCAGAAAGGAGCTCAACTCTATCCCTTTCTGTCAGTAGTTGCTGAATAAAATCTGTTTTCACCAAATGTCCAGCTGTGTTTTATCTTTCACAGACTTGAAAGAGATGAAAGGAGTAAGCCATATGACTAGTGGTAGAAAGAGTGTTCCAAGCAGAGCAACAGCCAGTGCAGAAGCTCAAATGCAGGAGCATGCCTGGCCTATACAAGCAACAACAAAGAGACTAGTGTTGCTGCAACAGGGTTAGCAATGGAAATGTTGGTGGCAGCTGATGTCAGAATGTAAAGGGTGGGCAGGTGGCATACACTGCAGGGACTTACAGGCCCTCATAGGTAAGTACTTTTAGCTTTTACTCTCATGGGCTAGGGAACTATTG,"[[125951273, ""C"", [""G""]]]",yes,no,C->G,1
chr9,79555530,79555751,GCATACTAACCTGGCCCCGGCCTGCCCCTTCAGGATACAACATCCCACGAGACCCCACTAACCCAGCAATGACCCTTGCCACTCTAACCTTTCTCCAAGCTCTCTGCTTCTGACCACAAGAACTAAACACTCCCATACTGTGCTCCACGAAGGCTCCAAACACTGGGACCGAGTCATAGCTAACTGGTTTTTTACAAGCCTAAAATAATCCAGACAGTTAAA,"[[79555535, ""G"", [""C""]], [79555713, ""T"", [""C""]]]",yes,yes,T->C,2
chr12,90778162,90778405,CCAGAACTGTTCCTTAAGACACTTAAATATTTACAGTGGGCAGAGCAGCACTTCACTAAGAGGTCAGAGATACTGACTTCCCCAGGTACTGGATTAGCCAGGCTGAGCCTATACCAGCTGGATCCCCTGGGCCAGCTGCCTCTGAGAAATGGAGACTCTATTAATGACTCCGCCAATGGAAGTTAGAGCAGTGGGCTCTGATGGTATACCCTACAATCTATATAAATGGGGAGCATGAGGAAGA,"[[90778238, ""T"", [""C""]]]",yes,no,T->C,1
chr12,96319902,96320156,CCTTCTCTCACCGCTCCTATTCAACATAGTGTTGGAAGTTCTGGCCAGGGCAATCAGGCAGGAGAAGGAAATAAAGGGTATTCAATTAGGAAAAGAGGAAGTCAAATTGTCCCTGTTTGCAGACGACATGATTATCTAGAAAACCCCATCGTCTCAGCCCAAAATCTCCTTAAGCTGATAAGCAACTTCAGCAAAGTCTCAGGATACAAAATCAATGTACAAAAATCTTATACATTGTACAAGCATTCTTATACA,N,no,no,N,0
chr15,39966590,39966796,TATAACCAAGCATAAGGAGAACATTCAGTATTGCATATTGCAGTGTTACATAATAACAAGGTTTACAAAAACGTAGATAAAGCATGGTGTTCAGAAATGTGTGTGTATTTAAGTATAGAAAGAAAACTGAAAGTAAATGTGCCAAAATCTTGAGTTATCACTGGGTGGTGACCACATAGATAACATGTGGGTATTTTCTATCAAACT,N,no,no,N,0
chr22,21930629,21930914,TCTGAATGCTCGCAATCCAACCTCAGGAGACACATGGATGAGACAGTCTTCTGAGAAGAGGTCTGAGTGGGACTGTCATCCTCATGTCCAGGTGATGACCTGAGTGCCAGGGTCCCAGGCAGCCTCTAGTCAGTACAGCCCCAAGCCAGGTTCCCTCCAGCCTCGGGGCAGCATCACCTCCCTGAGGCCTTCCTCACCCACAGCCTGTGGCCTCCTTGTCCGTGTGTATGATGGGCTCTGGTCTGCACTGGGCTGCACTGACTGCACTGGGATGCCTGTCAGTGCA,N,no,no,N,0
chr20,61176914,61177350,GAAGGAAGGAAGGGAGAGAGAGGGAAAGAAAGAAAGTTAGTTCTGACACATGCTCCAATACGAGTAAACCTTGGAAGCATTAGGCTGAGTGAAATAAGCCAGTCACAAAAGGACAAATACTGTATGTTTCCACTTACATGAAGTACTTAGAATAAATAGGAAAATTCAAACAGACAGAAAATAGAATGTTGGTTACCAGGAGCTGGAGGGAGGGAGGGAGGAATGGGGAGTTATTGCTTAATGGATACAGAGTTTATGCTTGGGACAATGAAAAAGTTCTAGAAACAGTGATGATGGTTCATAGGATTGTGAATGTATCAGATACCACTGAATTGTATGCTTAAAAATGGTGGAAATGGTAAATTTTGCATTAGCTATATTTTACAAAAAAATACTGATCTGGAAGCAGCTTTGTCTTAGTTTGGGCTGTGGTAACA,"[[61177199, ""T"", [""C""]], [61177343, ""C"", [""T""]]]",yes,yes,C->T,2
chr8,94777428,94777878,CTGCATCCTCATCAGTATTAATGCTTTTATTTTATCCTAATTTGCTAGCCCACATGTCTGCTTGATTTTTAAAAAACTGGATAACAATCTGTTGCTGAAAATCAGAGTCTAAGCTTTTTCACTGTCCCTTAGCATTTTGGTATTTTCGTGAGTAGTAGGAAAGAGCTCAGAGAACAAAAATTAGATAATAATGATGTTCACAGGATGTCTCATGTATGACTCCATTTGTGTTTTCTAGCTTGAAGTACATCTGGATTCCTTATGTGTGCATGTTAGCAGCATTTGGTGTATGTTCTCCCGAACTTTGGATGACACTTTTCAAGTGGCTTCGATTAAGAACTGTACACCCAATATTGTTGGTGAGTCATTATTTTGCATTGTTTCTCTTCTAATTATATAAAATCAAATGCTAATAAATGGAAACTACATTGAATACAATTGAAATAGCATG,"[[94777530, ""T"", [""C""]]]",yes,no,T->C,1
chr3,3714569,3714848,TGTTAGTCTTGCTGTTCCCCTGTGACCTTAGCATGTCACCCCATGATTCACCACAGCTTCCCAAGTCCAGTTAGCATGAAAAAGGAAGGAATGAAGAAAAGTTTGCTCTTTAACTAGTAAGGAGACTGCTTAAAAAAAATTAAATAACACTTGACATCAAATTTCATTGGTTAAAAGTAAGTCACATGGCCATACCTAGCTACAAGGGAATCTGGGAAATGTAGTCTTTTAGCTGACTGCTCTGCTCCCTGAAATAAATGTGAGGTTATATTGTGAAAGA,"[[3714723, ""G"", [""C""]]]",yes,no,G->C,1
chr11,105468189,105468469,TAAAAATGCATGAAATTATTTAATCCCTAAAAAATCTTCTATTGTGTCTCTCAAGGCCACTTTCCTGAAATTAATACACAACAGCCATGCATAGCTTTCTATATTAACCAAAAAGGAAGGGCAGGATTATGCAATTGGGCTTTGCGTTTTTATCTTGGGACTCTGTGTTCTGTGAGCTGGAACTCCAGGTTCATCTGCCTTATGGCCTCAGGCTGCCTTTTTCCTGCTGGTCTCCTGACTGACATGCTGCGTGCACACCTTCAGAGAGGGGGCTCTGATCC,"[[105468205, ""G"", [""T""]], [105468361, ""C"", [""T""]]]",yes,yes,G->T,2
chr6,166169431,166169716,TCTCTCCCTTCTCCAACTTACACCGACGAGTCAGGAAGCCGGAGCGTCTAGTCCCTGTCCGCATTTCTCAGTGTCTTTTGATGTCTGGGATGCATGGATATTCCCAGGGGGCTGACCCGAGGTGGGGAAGTTTCCTTCTAGAAAGAGGCACCAAAAGGACCTCATTTGCTCCTGACGCCGGACCCTCCTGACACGCCTTCACTGGCTCATCGGGTCCTGGGCTTTGGGGGAGAGCGTGGTGCGTGTTACTCTCCTTACTCCGGGTATTAAAATGTCTAAGAGGTCA,N,no,no,N,0
chr2,98063341,98063716,ATCGTGTGGTTTTGTCTTTTATTCTATAAAGGTACATTACCTTTGAGGTAGTAGGTGGGACTCAGCTCTGCAGGCAGGGCTTGGACACCAGACCAAATTGAGGACTAGCTAAGACAGACACAGGGCAGAAGCAGCTTTTTGTAAGCCACACCCACCAGCGTGCCATGTCAGTTTACCATTGCCATGGCAACATCCAGAAGTGATTGCCCCTTTCCATGGCAACAACCCAACAGCCTGGAAGTTACCAGCTTTTTTCTAGAAATTTATGCATAATCTGCCCCTTAATTTGCATATAATTAAAAGTGGGTACAAATAGTACTGCCTCTGAGCTGCTGCTCTGGGTATAGTGCCTATGGGGTAGCTTTGCTGCACAAGG,"[[98063381, ""A"", [""C""]]]",yes,no,A->C,1
chr1,28037825,28038314,TATAACAGCCCCATAAAATATCTCTTGCTTTTGTTACCAATTTCTTTATGTATCCAGCAGCTGTAAGCACATAAGCACATATCCTGGCTTAATAAATGCACTTGTATGTGTCTTTGTATGCATAGGTCCACTCTTTATTACGCACAATAGGTAGCTTGGTATACACACTGTTCTGCACCTACCCACTTTGGAGATGAAAAACCTGGCTGATATTAATGCTGATCTTACCCCATGAAGGCCCAAAACATAACCTCTTAGTGACTAACCCACCAAACCTGTCTAACTTCAAGCCCGGTTCTACTCTGAGGACATTCCTCAATCAAGAAACTGAACACAGGCTGGGCGTGATGGCTCACGACTGTAATCCCAGCACTTTGCGAGGTAGGCAGATCACCTGAGGTCAGCCGTTTGAAAACAGCCTGGTCAACATGGTGAAATCCCATCTCTACTAAAAAATACAAAAATTAGCTGGGCGTGGTGGCATGCCTGT,"[[28037842, ""G"", [""A""]]]",yes,no,G->A,1
chr8,111168812,111169069,CCTTAGTTACCATTTGTAATTATTTATAATTACATATAGCTCCATTTATACAACATTAAAAGTTTAGTAATATAGTCACGTGTTTCTTAACAATGGCGATACTCTCTGAGAAATGTGTCATTAGGTGATTTCATCATTGTACAAATATCAGAATGTATTTACACACTCTACATCAGAGTGTACTTTCAAGCCTAGATGGAATAGCCTACCACACACCTAAGCTATATAGTATCACCTGTTGCTCTTAGGCTACAAGCC,"[[111168849, ""T"", [""A""]], [111168964, ""G"", [""A""]]]",yes,yes,T->A,2
chr19,88270,88740,TTTTTTTAACCGAAGTCCTCACAAATTCAGTTTACATTAGCCCTGCAATCATGTAGACATCCTGATTCCAGACAATGTGTCTGGAGGCAGGGTTTACAGGACTTCAAGAACCTTACCTTCTCAACTTTCATCTGCATCTTTACTCCCAACTATATATGAAGATGATGAAGATAGATATGGATGGTGCTTCTACCATACCCTCTTCCTCTGCCAAACTTCCTTGATCTAGGATAAGGTCAGTAAACTTCTTCCGTAAAAGGCCAAAAGTAAATATTATAGGCTCTACAGGCCCTAGAGTGTCTGTCATAACTACTCAACTCTTATTGTAGCATAAAAACTGTCAACAGACAATACAGAAACAAATGAGTGTGACTGGGTTCCAGTGAAACTTTATTTACAAAAGATTTGTCCCATGAGTCAAATTTACCACCTCCAGATCTAGAGAAACACTTTTGAGCCCTTTTATTTTGC,N,no,no,N,0
chr3,66355451,66355665,ATCAGTTAGGTATATCCATTTTTAATTATGAAAAGTAGTGCTATATGAAAAATTCATTTTAGCCTTTTAGCCACTAGCTCGTATTGCAAGAGCTATGGTGTGGCGGAATGAAAGCCAAATTGTGGTTCCCAGTTATGTTTGATACTGTTTTCAGTTTCAGAACTTGCTATCAGAAATCTCTTTTGTAGACATAGTAGTATGTGAGTACTTCACAG,N,no,no,N,0
chr22,34071276,34071688,TCTATTATTCTTTTCCTGTTATCTAAGGCTGCTTTCATAGTACAACAGGAGAGTTGAGTAGTTGCAACAGACTGTGTGGCCCCAAAGCCAAAAATATTTACTCTCTGGCTCTTCACAAGACAGGTTTGCCAGACCATGCCCTGGAGTTATTATATAGCAATCAGCTATATGATCTTTATTACATTACTCTATGAAATTATCTTATGTGTTATTTCATTCTCTTCTTCTCTACTGGAATGTGAATTTTATGAGAGTAGGGACCTTGCCTCTGTTTGCTCATGGCTATAATCCCAGAGCATCTGAAGACATTCAATAACATATTTTGTTTGCAGGACTAAATTAATACATGCTGGGTATATGTTGTGAGCAAAGTTGGTCTGACAACCTGCTAAGGGGCTCAACCTGCCACATAT,"[[34071296, ""G"", [""A""]]]",yes,no,G->A,1
chr16,89801809,89802105,ACCTGGGAGGCAGAGGTTGCAGTGAGCCGAAATCGCGCCACTGCACTCTAGCCTGAGCAACAGAGAGAGACACCGTCTCAAAAAAACACAAAAAAACAAAAAAAAAACCAGAACTGCCATATGATCCAGCAATCCCATTACTGGGCTTACAGCCAAAGGAAAGGAAATCAGCCAGCTGAAGAGACATCTGTACTCCTACATTTATTGTGGCACTATTAACAATAGCCAAGATATGAAATCAACCTGTGTGCCCAACAAGAGATGACCGGATACAGAAAACGTGGTATATACACACAA,N,no,no,N,0
chr10,77384171,77384494,GGTGGAGCAAATACCGTGCCTCCATCACCCAGCTGTGATTTCATCTCCCAGTTGAGAACATGACCTCAATGGCAGAGGTAGGGACAACACCTATGCAGCTGCACAGGCACTCCCAGGTTGGACCAATAATAAATAAACACATTCCTACTTGGAAAGAGGGCAGCATGTGTGCAGGGTTGAGGCAAGCCGTGGTTGCCATGGAAACCAGCCAGCATCACTCCAGACTTTTTCCCTGGTGCTCGGATCACTGGTAGCTGACGAAGCCCAGTGGAGAGGCATTGTTCCTGTACTTATGGAAACCTTCCAAATAGGCCCATTATGATG,"[[77384418, ""T"", [""C""]], [77384423, ""G"", [""A""]]]",yes,yes,T->C,2
chr11,71358357,71358681,GGCTCCCTCTGCTCCTGACAGTATACTGACGCAGCACAGCAGAGATGTCCAGCACTGGGATGGGAAGGAGGGCCGAGGCTCAGAGAGGTTGACATCGGCCCCAGGCCACCCAGTTTGTCAGCAGCAGAGCTGGGAGGAGCGCAGCTGACAGCTGCCATCCTTGTGTCCTCTGTCTCCAATCCCGCCCTAGTCAGCCTGGACTCTGGGCAGGGCAGCAGCTGCAGGGGACCTCCTGGCAGTGGGACTTGCCTGCTTAGCTGCTGGTATTGTGAGCTCCCATCATGGGCATGAAGGAGTGGATCATTTGTGAGCACAGTTTCCCTGC,"[[71358399, ""T"", [""A""]], [71358504, ""G"", [""A""]]]",yes,yes,T->A,2
chr20,21240490,21240723,TGCCTGAAAATGGCTTATTTTGAAGTAGGACCTCCAGTCCAGTTGTAAACTTCTAGGGAAAAAATACCAAGTCTGCCCTCTGGGGTTCCAAGAGTCGCTCCTGAGCCATGGTCCGGGGGAAAGGCAGGCTCTCTGGCTTGCAGCATGGGCCTCATGTGAGGCAGTTCTTTACAACAGTGGTGGCCCTTGGGCCGTGCCCAGGCCACTGCCTCAGTCCATACGGCCGGCAAGCTA,"[[21240602, ""G"", [""C""]], [21240666, ""A"", [""G""]], [21240715, ""C"", [""G""]]]",yes,yes,C->G,3
chr13,48061824,48062204,AGTCTCAACACTTTACCACTATTTCATTTTATTTTTCTTATTAACATAAGAAGACAGGAATGTCAGGCCTCTGAGCCCAAGCTAAGCTGTCATATCCCCTGTGACCTGCACGTACACATCCAGATGGCCGGTTCCTGCCTTAACTGATGACATTCCACCACAAAAGAAATGAAAATGGCCTGTTCCTGCCTTAACTGATGACATTATCTTGTGAAATTCCTTCTCCTGGCTCATCCTGGCTCAAAAGCTCCCCTACTGAGCACCTTGTGACCCCCACTCCTGCCCACCAGAGAACCCCACTTTGACTGTATTTTACTTTACCTATGCAAATCTTATAAAACGGCCCCACCCCTATCTCCCTTCACCGACTCTCTTTTCAGA,"[[48061828, ""C"", [""T""]]]",yes,no,C->T,1
chr8,78758595,78758825,TCCTTTTTAAAGGATAGCTTCCCTGGGCATAGTATTCTTCATTGGCATTTTTCTCTCAGCACTTTGAATATAGTTTCTCATGCTCTCCTGGCCTGCAAGATTTTTACTGAGTAATAGGCTGCTAGTCTGATGGGATTTCCCCCAACATGTGACTTGATGTTTTTCTCTTGCTATTTTTAAAATTCTCCCTCTGTCTTCAACCTTTCACAGTGTAACTTTAATGTGCCTTGG,"[[78758615, ""T"", [""C""]]]",yes,no,T->C,1
chr10,89170152,89170582,TGAAGATTTGCAGGGCATCGAGGGATACTAGCTATGTTTCAAGGGGTATGTACTGAGCTATGGCAAAAAAAAAAAAAAAAAAAAACCCTGGGAAAAAGCATTTTAGTACCTCACTGCTACTCTTCTAAGTGTCAACGTATCTTGGATGAATTTGGTTTTGAGTTCTCCTCTAAAGGAAGCTGTTATACTGTGCCTTTGTTTCATGAGGCAAGTCTAATGAAGCATCAGCTACCATCTGCTTCTTCTCATCCCTGGTAAATCAATACCTGAGAACTTATCTGAATGACTTTCATTTAAAACCCGTTGTCACTGTCAGGAAAAGATGTGGTATGACCTCTATATTTTTCAGGGTTCTCCAGAGAATCAGAACCAAGAAGAAAGTATGTCTTTACAGAGATTTATTTTAAGGAATTGGCTCATGCAGTTGTGGA,"[[89170237, ""A"", [""C""]]]",yes,no,A->C,1
chr5,118551070,118551410,CACCACCTTATATTAAATAAGAGAAAAACCAACCACAAATGAGAAAAACACTAATAAGGAATGGGAGTATATATGGTCTAGTGAGTTTCCCCTGGGAAAAAGTTATTGTGGGATTTTACTGGGGTTGGTGCCACCTGGAATGATGTGGTAAGTGGAAATGACTTCTAAGCAAAATAGCTGGTGACCCATCATCACTTTGGTTTGAGTCATTGCCAGGTGGTACATCTTTTAGTTACACATCCATGTTGTTTTGCCCAGGATATTCCAGCATTATATTTGGAAGAAATCACCAGAAATTGGAAACTCAGGTCTGAGAAAAGCAGATACTCAGACTCCCTGTG,"[[118551186, ""C"", [""T""]]]",yes,no,C->T,1
chr13,96622236,96622607,TGATAGGTTGTGATTTTAGACAACAAAGTATCTTGAGTAAAAAAAGCAGTAGTCACTGATAAAGGGGATTTTTATGACACTTTTTAGCTGTGGTAACTACTTGGGAGAAATATCATTTCCTGTTAAATTGTCAGCTGGCTTTATTTGCATCTATTATTCCAGTTTGTTGAATGGCCAGGTGTATTTTTTTACTTTCTCAGTCTGACTAATTTTTACTTTTTTACTCTCCATATCACTTAGAACAGTTAGTTTGTAAAGAAAAATACTTGACATAAATGGGATTAAATGGTTAAGAATATGTGTGGGCTAACAACAGAAAGTCAAGGAATAGAAAGGGTTTCAGGCAAGATTTGATCAAACAGCTTTTAAAAC,"[[96622245, ""A"", [""G""]]]",yes,no,A->G,1
chr2,100951520,100951734,TCTGACATTCTACAACATGGAAGAACTTTGATGACATTATGCTGAGTGAAATAAGCCAACAGCAAAGGACAAATATTGTATGATTTTACTTACATGAGGTACCATAGCCAAATCTATAGAAACAGAAAGTAGAATGGTGAGTGCCAGGGGCTGGAGGGAGGGGGAAATGGGAGTTGCTAAATGGGGACAGAGTTTCAGTTTTGCAGGATGAAAGG,"[[100951633, ""T"", [""C""]], [100951634, ""C"", [""T""]]]",yes,yes,T->C,2
chr14,78519918,78520271,TAATACTAGGTATGCAACAGTGAACATTTAAAGTTTATTGAATTAAGTCAACCAAAGAAGACCCAAGTTGTGGGATTCAAGAATAGCAAGGCTCTTTCAAATGCCTCTGAAACAGTTGGGGGTGGACCTCTCCATGGTGCTGAAACATCCCCTGTTCAAGCCTTCCTATCTATCTGGATTATTGGCTCCTTTCCATGTTCCTAACCCTCATTCTGCATGCAGTAATTACTTGATTGACCATTTCACTCACTGGCCCTGCCAGGACCTTGCCTTGGATACTACCTGTCCAATGGTGAGCTTATTATTCTTTCCTTTAACCTGCACAGACCCTGGATGGGCATTTGATCAACTGAA,N,no,no,N,0
chr18,43422606,43422834,GACAATTTCTTATTCAGTACCTCAGAAGAGAGATTTCAATCAGCTCACAGTCTGGGGCTTACAGTCTACTTGCAGGTTGAAATCATGCTGTTGACAGTATCGCAGCTGGCCACTAAGAGTGCTGTTGAAAGCATGTTTGCTTGGACAAGCTCCAGACTGAGAAAGCCCTCAGCAAAAGATAAACTAACAAGCAAGGACAAGGACGTTTTCCAAGTAGTGATGACTCCTG,"[[43422616, ""C"", [""T""]]]",yes,no,C->T,1
chr10,4194288,4194592,TTAACTTCTTAATATTTTGAGAGGTTATCAAGTTCACTCGCACCTCTAGGTCTTAGGAGGTTTTTTCTTTGCATTGGCTGATATTTCCTCATATTTTAGTGTATCTGGCTTTTTCCTTATTACTCAGGATTACTCAGACAGTTCTTCACAGGAGCCTTCCTGATGACCGCTATAAAAAGCAAAGATACTGAATGCCAAGCACATTTGAAAGAGACTAGCACCAAAGGATGAGAGATCATGGGTAATAGAAACACAAACGTTCCCAAAAGGAAACAACATGAGGCAAAACTTGCCCCATCTTCACC,"[[4194312, ""C"", [""T""]]]",yes,no,C->T,1
chr2,33829579,33829926,CAGATATAGATAACACATGGGTGTAGTATGAAGCAGAAGACAGATACACAAACAAGCAGTGAGTCTGCAACCAGAGCTGTGTGATGTTTGGAGATGTACATTGTGCTTTAGGATCAGGGAGGAGGGACTGAGGCAATGAAAACAGAAAGATAGCAATTAGGGAAGCCTGCACAGAGGAAATGGTGATACTTGAATTGCTTTTGAAAGAGTGAATTCTCCTGGGAGCCAAGTGGAGAACCACCTTTATAAAGGGATTAGTTTGTATAAAGACAGGCAGGGGTGTTTTGAAAGGGAATAGTATGATCGGCAAACTGTAAGTGGATTGGTCAGCAAAGTAACTGAGGGAGA,"[[33829583, ""G"", [""T""]]]",yes,no,G->T,1
chr4,137644203,137644676,ATAACTGTGCTAGAACATGTTAATGGCTCACCCATGTATTAGTATTACTGTAAATTTGCTGTAATAGGAAAAAGTTTTAATTCTCATTGTTTTCAAGGAGTAAATATTTTACCAGTCCATTGTTATGCTAGCAAAAAGGCATGACTCACCAGGGACATCTTTCTAAATGGTTTCATGAACATTTTTACCAGTGGCTCATGCTTATGCAGAAAAGCTGGACTGGATGATAACTGAAAGAGTTTGTTATTCCTTAGCAGCTGTTCTGCTCATCCTACAACTGAAATTCTCATAAAAAATAATGGTTATGCCACGTACTTTCTCCCAAATGTGACTTCATAATTCATCCATGTGACTAGGGTGTCCTTAGATCAATGAAGAGCAAATATAAAAACACTTTCTTGAACAGCAGGCTAGCATCAGTGAACAGGGTGAGCGTGTGGAAGGTTTTCAAAAGGAGTTTAGCAAGAAAGATGC,"[[137644218, ""T"", [""C""]]]",yes,no,T->C,1
chr11,132337998,132338390,TAGCTGCTACTGCTAATCGTGCTTCAAATAACAGTCTTCACCCTCCCAGGAGAGAGAGAGTGCTGAGTCAGAACCAACTTGGTAAGGGGCACTGATGAGGACTTAATTTTACCTATTTGCCAACTCAATAGTTTTCTTGCCTTGTGGATCTTTAGAGCCCTGGTTATGCAAGAGCACATTCTTTGTTGAACCAGCTTGACCGTGATTGATGAGTTCACCAGATAGGAGCCCTCCCTATCCTGCTTCAAGAGGAGCTTACTCTCACCTTCTGCTAAGTGTGCTGTGTGAGCCTCAGTCTGCTGAGTTTCAGTCTTTAGAGGAAACATGTGGGCACCACAGGAAAGGGTATTCTGCCTCCCAGGTCTTCAACCAGATATAGAGTTCCATCTAGGA,"[[132338000, ""T"", [""G""]]]",yes,no,T->G,1
chr10,75823169,75823625,TAAAAGGACAACCTACAGAATGGGAGAAAATATTTGCAGACAATGCATCTGACAAAAGGCTAACATCCACCATCTACAAGGAACTCAACAAAACAAACAAACCAAATAACCCATTAAAAAGTGGGCAAAGGACACGAACAGACATTTTTCAATAGAAGACATACAAGCAGCTAACAAACATGAAAAACTGTTCCCTATCACTAATCATCAGAGAAATGCAAATTAAAAACACAATGAGATACCATCTTCCAACAGTCAGAATGGCCATTATTAAAAAGTCAAAAAACAACAGATGGTAGTGAGGATATGCAGTAATATGCAGTAAAGGGAATTCCCACTCATACACCGTTGGTGGGAATGTAAATAAGTATAACCTCTATGGAAAACAGTATGGACATTTCTCAAAGAATTAAAAATAGAACTACCCTTTGATCTTGCAATCCCACTACTGGGTATC,"[[75823232, ""T"", [""C""]]]",yes,no,T->C,1
chr17,48930310,48930648,TCCAATAAAAATGCAACGTGAAGGCACTTTTCAAAAATAAAAGAATGAGGGAAGAAAGAAAAACTTGGAACTTTTTTTCTATTTTTTGTATAAACAAAATTGCCCAGGTTTATTTGCCACCTCCGCCTCCTCCCTGCCTGCTGCTGTGTGCCCTTCCACATGCAGTCAGGGGAGGGCTTCTCTGGCCTCCTCAGCTGTAACCTCCTGGGAGTAGAGGTCAGTGAAGAGAGCTGGCAGCCAGTAGTGGGCCTCCCCTGGGGCCTGTAAGTCCAGCCACGCCAACCCTTCCTTTAGCAGGTGTTCCTGGAGGGAAAAGGGAAGAAGAGCAGTTTGAGAACA,"[[48930510, ""T"", [""C""]], [48930601, ""C"", [""T""]]]",yes,yes,C->T,2
chr3,11053870,11054238,GCTGGTCTCGAACTCCTGACCTCAGGTGATCCACCCGTCTCGGCCTCCCAAAGTGCTGGGATTAGAGGCATGAGGCATCCTGCCTGGCCTGCGTATTCCTTTTGACTCACCAATTCTACGTCTAGGAATCTATTTCTTGGAGAAATACTCAGAGATCTTGTCTCAAATTTGTACTCGAAAATATGCTTAGTAGTATCACGTTGAACAACAGCAACAAAAGAAAGGAATCCACCCAGAAGTTCAGCAATAGGGTTGGTAGGATAAATGATGACACTCCCATCCTATGAAACATGACTCAGTCATTAAAAGTAATATTGCAAGAGAAAAGTAAATATCATTTTTCTAAAGTGTCTAAAATTCAAGGATGAG,"[[11053907, ""C"", [""T""]], [11054036, ""G"", [""A""]], [11054152, ""C"", [""T""]]]",yes,yes,C->T,3
chr15,96600715,96601109,TGTACTGGAAGACATAGTCAAGGTTCAGAAAGTTTTTCTGTTACATAGAAGTCTTGTTGGAAAGAAAGCCTTAGGAAGATAAAGTCTAAAAACACTACTTTCATTTCCTTTGTAAGAACCAAATTTCAAGGAGGCACCAAGAGGCCCCATATTACTTCCAAACCATAGGTAATGCCCAGATCTCATTTCTCCCCTGAGCCTCTAACCAGAGCTCCAGTTGCACAGCTGTGAAGACGGACTCAAGCTGCCCTCATGTTCTTTGCCCTGCTGTTCGCTTTCTATTGATGGTGCTGAGGGAAGGAAACATACCCAAGTTAAGTAACCCCAAAGGAAAGGAGAAGAAACCAAAGATGGACTCAATCTAGGTACAGGACATTTCCTCCATGAACTTTTTT,"[[96601103, ""A"", [""C""]]]",yes,no,A->C,1
chr13,50873540,50873858,AATAAAAAATCATGATACAAAAATTACATACAGAATGATCTCAATTTTATGTGCATCTATACAGTCATGTTCCCAAGCACATACACACATGTAAGTAATTTAAGTTAAGTAAACATGTTAAGAAGGCTCTTCCTGAGTGATGAGATTATGAGTAATCTGTAATTTTTCTTAAAGGTTCTCGTACTTTGTTAAGGAAAAAATTATCTGATGATACTTGTTAAAGCACAGTAAGGCAGACTTTATTCAGGAGCATTGTGAAGGTATAGGAACCATGGCAACAGAGTCTTGCAGTGAGACAGAGAGATGTGTGCTCGATTCC,N,no,no,N,0
chr7,49821230,49821589,CAGTCATTGTTGGAGGCCGCAGTAAACTCACTGGCCAGATACAAACAAAATGGAAAACATAAATTTGCTGAAGAAACATCAGCTTCTAGTTCAAAAGTTAATAGTTACAGTAAGAAGAGGATCTCAAGACAATGATGTAACACACTTGGCAGTAGAAGGAATATTTACTTGTCACTCTCTGAACCATGAATGCTCATTGATAGCAGATGAGAATTTTACCCTAGATTAACATGACTCATTTTCAACTGCAATTTTCTAATAGTTGTGCAAAAAGTAAAACAAATCCTGCTACTACATTGACTCCAATAGCACAAGAAAAAAGCAGCAAAACATTAAATAATGTCAGTTTTATATCAGTGT,"[[49821247, ""T"", [""C""]]]",yes,no,T->C,1
chr18,64330163,64330571,TCTGAGCTGACATGAATTTTGAGGAGACACTATTTAACTCACTTCAGCGTACTATGGCCAGAACTGGGACCTAGAATCCAGCTAAAACACTGGGCAAACAGGCATTTCAATATACCCAGAGCCCACAGCATAAGCAACCCACTATTAGCCCAAAGGGCTTCTTGGTGAGAGAATGCCCTCCATCATGATACTACTGCCATCTGCAGGAAAGTGGACAGATCTAGGCGGTCTACACATGGAATGGTTCTCTTAGAGGTAAGTGGCCTACGTTCTTTGCCATCACATGTAGCATCTATGTCTTCAGAACATTCACTTACTTCTCTGGACCCCACCCTTGCTGTGTCCCCTCCCTGGGAATCTGCAGCGACATTTGGGAAGAGAAAATGTTGCAAAAGACTGAAGTTTTTGT,"[[64330169, ""T"", [""C""]]]",yes,no,T->C,1
chrX,154897859,154898271,TGACAACTGATGAATGCTTGACAAACTGCCAGGCTTATCCACTTCATCTTCTTGTGCCTCTTCTACATTATAATTGGCACCTGGGAGCAGTTTGACAATTACAGACTCAACAGCTTCACCTATGTGCCCAGCCAGGTGTTTCAGTGTAACTACAAGACACATCTCTCTACTAGGAAGTAAGCAAGGTGGTAATGAGTTTCACTGTATAAAAGTACAAACACTGCAGCTGCGTATCTCCATGGGGCCTGCTGACTTCCCCCTGTGCATTGCCTGGTCTTGGTCACCTGGTGCTCCTCAAGCCAGCCCAGTGCTCTTGTGTCTTGGGGCCAGGCTGTTGTGCACTCTTCAGGCCTTCTCACGAGAATAGATGCCTTCTCCAACTCCCTTCCTTGTCAGCACCCCCTTTCAACTCC,N,no,no,N,0
chr1,74726140,74726360,TCTTCTCACAGCTCCACCAGGCAGTGTCCCAGTAGGGACTCTGCGTGGGGGCTCCCAGCCCACATTTCCCTTCTGCACTGCCCTAGCAGAGGTAGGTTCTCCATGAGGGCTCCATCCCTGCAGCATACCTCTGCCTGGACATTCAGGAATTTCCACACAACCTCTGAAATCTAGGTGGAAGTTCCCAAACCTCAATTCTTGACTCTTGTGCACTGGCAGGC,N,no,no,N,0
chr18,47846503,47846819,TAAGGCAGCAAATCAGTTAACCTTAATCAGGCAATCCTTTAAAAGGGACTAGACTGTCATAGACTAAGTGATTCAAAGCATGAAAGGTATTCAACACAAGAGACATTCTCCATTGCTGACTTTGAAGATGGATGGCACCATGTGACAAGGAATTCAGGAGGCATCTAGGAGCTGAATTCTGCCACAACCATGTGGGTTTAGAAGAGGACCTCAAGCTCCAGATAAGAACACAAGCCAGCTGATACCTCAATTTTGGCCTTGTTAAACCCTGAAAAGACCGCCTAACCCATGTCTGGACTCCTGACCCACAGAAACCG,"[[47846565, ""G"", [""A""]]]",yes,no,G->A,1
chr8,70964777,70965008,AGCAACTGTTGCACATTGATTTGTGTCCTGAAACTTCACTGAAGTTGCTTATCATCTTAAGAAGCTTTTGGGCTGAGATGCTGCGGTTTTCCAGATATAGGATCATGTTATCTGCAAAAAAAGTTAATTTCACTTCCTCTCTTCCTATTTGAATACCTTTATTTCTTTCTCTTGCCTGATTGCCCTGGCCAGAGCTTTCAATACTATGTTGAGTAGGAGTGGTGAGAGAGGG,"[[70964861, ""A"", [""G""]]]",yes,no,A->G,1
chr18,46429860,46430116,CCCTCCTAAGTAATCCCAAAGTGTTGGGATTATGGATGTGAGCCACTGTGCAGTAATACTGTTTTCATGTGGCCACATTTGTCAGCAGTCCCATTGTTTCCAGTCCCCTCTCCTCTCCTCCAGATCTCCTCCCAGAGTCCCCGCCCTCCTGCTCCCCTGTGGAATGGCTGCAGAGATCCCTGCGCAGCTGTGTGCTTGGGAAGCTTTCCACCTCTGTCAGGTGCAGCCTTATTTTGTTGTTCCTCTTTCTTGGTTTG,N,no,no,N,0
chr8,30307447,30307712,TATTTTTTAGAGCAGCGTTAGGTTCACAGCAAATTGTATGGAAGCTACTGAGAATTCTCATACATCCATTCCCCATGTACATACATAACTTCCCCCATCATCAACATTCCCAAACCAGAGGGAATGAACTTACATTGACACGTCATATCACAATGACATGAATGAACTTGCATTGACACGTCATATCACCAAAAGTCTATAGTTGCGTTACGGTTTACTCCTGGTGTTGTGCATTTTATAGATTTGCACAAATGTATAATGATACA,"[[30307463, ""T"", [""G""]]]",yes,no,T->G,1
chr12,72030341,72030687,CCTGGATATCTGCATTTTCATAAGCTCCTCAGTGATTCTTATGCACATTGCGTTTTTAGAACCATCAATCTAGGGTCTATAAATAGGCAGCACATGGCAGGAAATGACCACTAACTTTTAACATCACTGAATTTATCTTGAGAATATAGTCATTCATTGTTCCCTGCTGTTCTTAGTGCTAGTCATGTAGTGAGCTGAACGGAGCTAATGATGGTTCAAAGAGTAATTACGCCAGCTTTCCTGTTTTTCTAATACCTGCTCTTGGCATAACTCTGACTATTAATATTAGCTCCTTTTTTCCTCAAGTGGCAATATTTATCTGCTGTATATTGCTCTGCTGTACTTGG,"[[72030392, ""A"", [""G""]]]",yes,no,A->G,1
chr3,172271338,172271784,AACCTTTTGTTTTAAACTACTGATTTCCTACATAGTTTGGGAATTTTTTTAGATACCAGCTCTCTTCAGTAGTTCCGATTTCTTAGGACTTTTATAAAAAACATCTTGAAAAAATGGTATCATAACTTTAATATTACTCAGCACATTTTTTGTTGTTGTTGTTCAGAATGGTTTATGCGCTCTTATTCTGATGAAAAAGAAGATGAAAACATTCTTTTCTAATTGTTGGGAAATGTTGTGGAACCTGACTTTTTGACCGCTTTTGCCAATGCTAGGGCCTGTTGACCTACTCATTCCCACTTGGCTCTGCCAGCTGGGGCTGCCTTAACTGGTCTCCATGCTCCTATGAGAGAGTTCTTAGGTAAACGTCAAGTCTGCATCAGAAAGCCGTGCAGACGTGGAGAGCCATCTTTTTCCAAACGTTCAGTGCAAGGCAGAGCAACAGGC,"[[172271357, ""T"", [""C""]]]",yes,no,T->C,1
chr9,70691430,70691660,TGATTTAGGTTACTTTAAGTAGGAGATTGTCTTATAGATTCAAACACACTCACAGCACCACTCAACTCCATACTCTCCCAAGGGATCATCGTGGATGAACAACTTGGCAATTAGTGAAGAGTGCCAGAGAACGACAGAGGTTTTGCTTTTGACTCTAATCCCTCATTCCTTTTTTCCCTTATTCCTCCCACCGTCATTTAAGAACCCTGGAGTTTGTTTCTCCTCCCAAGA,"[[70691473, ""G"", [""A""]]]",yes,no,G->A,1
chr10,87424775,87425094,ATGTCCACGAGTCAGCTCTTCTGACCCTCTGACCAGTGTTCTGGAGTTACTGATCTCCAACTTTCTAATTGAACTCTAGCTTGGTATGTGAGAGCAGCCATGGGTGAACCAGTGGAGCAAGATTTAAGCCTTGACATTGCCATTAATGATTCACCACCTGTTGCAAGTTCAATAAGTTATCCACACACCAAATTGTGGTCGCAGAATTCAGTGAGATAAACTAAGTTAGAAAGATTTGGGGTGAATAAATGTTTGCTAAATCAGAATTGTTAATGATAGAAATCTGTATCTTAACAAAGTTGAGAAATCTTGTCTTCTTA,"[[87424806, ""G"", [""A""]]]",yes,no,G->A,1
chr3,30444377,30444663,TTCCTTTTAGTCCTTCAAACTCCAAATTTTAAAAATAGATTCCATCCGGTGGAGGCAGCAAAACATTCTGTAGCTAAACATGACCTGAATAATTTTCACAGGTCTAAGTAGAAAATCTTCATCTTGTATCCAAGACAAACAACAGGGCATGGGGTAATAGAGCAGTCCAGGGAGAAAAACATATCCAAAGAGCTGAAGCGTGTCACACCATTTGGAGGATTATAGGAAGTTTTTGCTTTCAAGGTGATTATAAAGCTTGTCTTTGGGGTGTATGTGCACTGTCTTTG,"[[30444475, ""G"", [""C""]]]",yes,no,G->C,1
chr9,93974275,93974535,AACTAAGACATACTTAGCAGCTGGCAGAACCCCAGCATTGGCTCCAGTTCTGAATCTTGAACTCAGTGGTGGTTACACAAATCTGCACGTGATAAAATGGCATAGAACAACACACAGTACCAAAGCCAACCTCCTGCTTTCAATTTCGATTAACAATAGCTAATTAACCCAGCATGCCCCAATGGGGCCACGGGGGGGGGGGGGGGGGGTGAAAGGTATATGGACCTCTCTCTGTCACCTGTGCAACTTCCTGTCAATCTA,"[[93974309, ""A"", [""G""]]]",yes,no,A->G,1
chr21,26471058,26471491,CTGCAAAAAAATGGAGTAAGTCCTGTGGAGTCTAAATACACATTCCCTCTGCATTATACCCATGCCTCGACTTCATTATATCTAGGAGCACTGAGACAAAGAGATTTATAACAAACTTCATCCAAGCCAAGAATGAAACACGGCAGCCTCCATGCAGCAGGAAACCCATTGATCTGTTTCTTATAAGCATGTGGTTCTATGCTGTTTTTCTGCCAAAGCTTTTCCCTGCCTCCCACTTGAGGAGCATACACCAGCTGATTCTGCAGATTGACTCTACATCATTCTCTGTCATGAAGCCATGGCATGTGTTTATGCGTCTGTAACAAAGCGTTTATATTCTGCCATCTGCATAAAAACTGCTGAAGGACATTTCAGCAAGAATCCCTATGGTTTATGCAGCTGCATGTTGAACATGAAAATCTAAGATATGACAG,"[[26471120, ""C"", [""T""]]]",yes,no,C->T,1
chr1,177172835,177173227,TGGGGTAATCTAGGCCTTATTCAGCAGGGACATTGTTATGTCAGCATAGACCAATCAGAGGGATAAAAGGTATATTATAAGTCAAGTATTTCTGCTTCTGTCCTTCTCCAGACATGTGCATGTTGAAGTGACTCTCTCTGACCATGCTCGCTAAAATACATGCAATGCCAGTATTAACCAAGCAACTAAAGTATACCAAATCCCCCGGGGGGCAGTCTGATGACATCAGGCAACAGCAAAGTGATGCTGGAGTTTGTGTGCTTTCCCTCCTGACTCACACAGTTGTGTGTATGTTATTTGTTTAAGGCATGACCCTCTGGAGTCCCCCTTCACCCAGAATAAGTTGCTTTGCAGCACTGAGGGCATGACCGAGACATGCTGCCACAATGATCC,"[[177172836, ""T"", [""G""]]]",yes,no,T->G,1
chr2,98846784,98847122,ACCCTTGTGGAAATCATGTCAAGCTCGCTGAAATTATATGGAAATTCACGTTAAAGAAACATGGTTAGCAGAAGTTACCAATGAGTGAAATGGTGTTCGTCACTGCATTTGCCATGATCTGGCCTGCACACACCCCAGCAAAGACAGTCCAGGGCAGAGTGCAGCACAGTACAGGCCAAAACCATATCCACAGCCACAAGATCAGTAACCGCATAAGCGTTTAATCACTGACTGGGGCAATTTAATGGAAAACAGATCACTGAAACAAATGCTTCACTAATTTACACACCGCAGATTAGGTTTCTTTCAAAAAAGCTTTTCTCAAATTATAAGAAATGA,"[[98846884, ""G"", [""C""]], [98847073, ""T"", [""C""]]]",yes,yes,G->C,2
chr4,174629292,174629677,AATAAATAATAAATGGTCCTTACTCTAGGGATTGCAGTTTTAGTGGTGGCATGTATATACAGCAAGTACAGTCATGTGGTATTAGAGACATGAATTAGAATGTGTGTAAGTCTTCTGTTGATCTTGATCCTCATTACTAAACTTTAACTCACCCCATTAATGGAAAGACTGTAAAAACTATCCATCTTGTTGTATGAGGAACAGCTTACTCATGGTTTCAAGCATGGAGTCACATTCACTATGACTGGGTAAAGGTCTCGGTGACTAAATCAGGTTAATACTAGGCGAGAGGCTATGACTTCCAGCATTTCTAAGAAAGGAAAATGCATACCATTTTGGCCTCAAGCACTCTGTTTTTTGTTTTTGTTTTTGTTTATTCCTCACTA,"[[174629357, ""T"", [""G""]]]",yes,no,T->G,1
chr16,87414185,87414524,CCTGCCCGGCACACGGGCCCTCTCTGTGTACGAGTAACCCACCTGCCCGGCACACCGGCCCTCTCTGTGTACGAGTAACCCACCTGCCCGGCACACGGGCCCTCTCTGTGTACGAGTAACCCATCTGCCCGACACACGGGCCCTCTCTGTGTATGAGTAACCCATCTGCCCGACACACGGGCCCTCTCTGTGTATGAGTAACCCATCTGCCCGACACACCCTTGTTCACCTGCTGCATGGCTGCCCCGCCCCGACTGCACGGGCCCGACGTGGCTGGTGGGGGGCACTCGAGCCACACCACTGCTGGTGACCAGCGGCGGGGCCGAGGGGTTCAGGCACC,N,no,no,N,0
chr21,35211751,35212156,GAGGAAATTGTAAATATCATGAAAGACCAGACAAAAATCAATAGCGTTCTAGATTCTAATCACACAGAATATTTTTCAACAGTCACTGGTGAGCAGAAGAAAATAATATCAACGGAGCAGCCAGTCTCTCCAGAAAGCAACTGTGTTTTCCAAGGCAGAGAACACAACGACCTTTCTTCTTGTGTTTATGGTGGTATTTCTCAACCACAAGCCCATGATAACTGGGAACGATGTTCAAAATATTTATCAATCTGCACAATCTGGATGCCATCCATTCAGAACAGATGCTGGCTATAGAACAACTAGTATATCCATCCTGGCTCATGGCAACATGATTTCAGCCTAGGGATACCAATAGTAGCATGTGTACGGAAATCACGTTTCTTAAATTATCAACCACATTTTG,"[[35211760, ""A"", [""G""]], [35212025, ""A"", [""T""]]]",yes,yes,A->G,2
chr4,17010410,17010745,AAAGGAAGAAAAGAAAAAGAAGCGTAAATGATGCTATTATGGCGGCTAATTAAATTTCTTCTTGCTGTTACAATGCATTCATTTTTGAGGATCATTACTTTTCGTGTAGCTTCTCTCAAGAGCTTGGTTTAAGGTTTAAGTTAAGGAAACCGCAAGACAAGCCTTAAAGCCGCAGGCTGTGCATACATCCGCCCGTGGCAGTGTGCGCCCTGCGCAGGAGAACTCCTGCAAGAGAAAATGATGACCAAGCTGCCATTTCTTTTGAAGTACATGAAATGAAAAGGAAGGGGGGAACAGCTCTTCTTTTTATAGAAGGAGATCCACCGAGTTGATAGA,"[[17010433, ""C"", [""G""]]]",yes,no,C->G,1
chr4,132059275,132059582,GGCTCCCCAACCATGCTTCCTGTACAGCCTGTGCAACTGTGAATGAATTAAACCTGTTGTCTTCATAAAGTATCCAGTCTCAGTTAGTTCTTTATAGCAGTGTAAAAATGAATTAATACAGGCCCTCTCCTGGCAGGGAAGAATTAAACATGCCAAGGCATAGTTCTTCAAGTTACAACATAAATTTGCTACATTACAAGAATGTATTTCTCAGTAGACCAAAATTTGTCATGAAAACATATAAATATTGCATTGTATTTTATGAAATGACTCTTCAATTTAAACATAAAGAGGGATACTTAGCCAAA,"[[132059358, ""G"", [""T""]], [132059429, ""C"", [""A""]], [132059434, ""G"", [""A""]], [132059527, ""C"", [""T""]]]",yes,yes,C->A,4
chr6,33525852,33526075,CAACCCTGTGCTCTCTGAAACATGTGCTGTGTCCACTCAGGGTTAAATGGATTAAGGGCGGTGCAAGATGTGCTTTGTTAAACAGATGCTTGAAGGCAGCATGCTCGTTAAGAGTCATCACGAATCCCTAATCTCAAGTAATCAGGGACACAAACACTGCGGAAGGCCAAAGGGTCCTCTGCCTAGGAAAACCAGAGACCTTTGTTCACTTGTTTATCTGCTGA,N,no,no,N,0
chr9,69419239,69419549,TCTGCCCATTCTCAGATCTCAAGCTGTGTGCTGGGAGAACCACTACTCTCTTCAAAGCTGTCAGACAGGGACATTTATGTCTGCAGAGGTTACTGCTGCCTTGTGTTGGTCTATGCCCTGCCCCAAGAGGTGGAGCCTACAGAGGCAGGCAGGCCTCCTTGAGCTGTGGTGGGCTCCACCCAGTTCGAGCTTGTTGGCAGCTTTGTTTACCTACTCAAGCCTCGGCAATGGCGGGCACCCCTCCCCCAGCCTTGCTGCCACCTTGCAGTTTGATCTCAGACTGCTGTGCTAGCAATGAGCGAGGCTCCATG,"[[69419316, ""A"", [""T""]], [69419346, ""T"", [""G""]]]",yes,yes,T->G,2
chr16,83420279,83420541,ACTAAGGTCAGTGAAAATTGGAGCAGGAGGTCTGGCTAGACACAAATTTGGGAGATTCGAAGCAGTTGAATTCTCAAGCAGCGTTCAGACACAGAGATTAATGCTGGTCAAAGGAAAAATTGTTCAGTACCAAGGACAGCTCCCTAGAAAGCTTTTATTCCCATAGATCTCTGGGCAGAGACCACAGGAGTATTTTGGTAGCTGTGCTCTCTCTCGTAATAGTTCATTGCACAAGCATTCTCATGTGATAATGTGTGCACATG,N,no,no,N,0
chr4,81173236,81173562,AGTCCTTGGGTGACACTACAATTAATTCAAATAAGAAACCATCCAATTTTCATTTCCATGTGTGCCATAACTCTGATCTCAATAGCTGTTTTGATACTGACTTCTGTTCAACCTCTTCTCTCCCTGAGCCTTTCATCAGAGCTACTTGGGAAGGAATGAGATAGGCTTACATCAGTTTCTCATCCTCTCCTAGGAGGTTTCATAAATATTTGTTGACTTAATGACCTATCTTCTCTTGCTGCAATACTCTAGTGTTGCTAAAGCAGAAGTTAAAATGGCTAAGAGAAAAGTTGCAAGAGGGAAAAGTTGTCCCTAAAAACTTGAAGG,"[[81173376, ""A"", [""G""]], [81173392, ""C"", [""T""]]]",yes,yes,C->T,2
chr3,168643538,168643882,TAAGAAGACCATTTGTCTATAAATACTAAACAACACCTTAGACCTTTTGACCCAGAAAGTCCAGTCTTAGATGTACAGCTGCTCCTCAGTAGCTGCAGGGGTATATTGGTTTCAGGACACCTGTGTATGCCAAAATCTGTGGATACTCAAGTCCTGCATCTGGCCCTGTGGAACTCGAGTATATAAAAAACAGGCCCTCCACATATGCAGGTTTCACATCCTGTGAATACTGTACTTTGAATCCACATTTGGTTGTGGATGCAGCACCTGCTGATATAGAGGGTCCACTGTATTTAGAAAAATCCACATATAAAATGGACCTGTATAGTTCAAACCTGTATTGTT,"[[168643593, ""C"", [""A""]]]",yes,no,C->A,1
chr1,25957707,25957976,TGCACAGTGGAAGGGGCTCAGGGATTGCATTAGGGACACAGCAAGAATCCAACCAGCCTTAGTCTGAAGTCCAGGAAGTGGAAGGGATATTTACTTACCTTCCTTCCTAACTGGCTTGCCATCCCATGCACAGAAACTTCACATTATACCACTAGGAGGCCTCCATAGGCACAGAGTCTTGCAGCGGGATGGGGAATGAGAAGATGCCAAAGAAACCCAAGACAGGCCGGGCGCGGTGGCTCATGCCTGTAATCCCAGCACTTTGGGAGG,"[[25957726, ""G"", [""A""]]]",yes,no,G->A,1
chr12,32314114,32314425,TCTGTTGTCAAATAATACTCCATGGTATGCAGATACCACATTTCATGTAACCATTCATCAGTTGATGGACGCTTTAGTTGTTTGTTTTTTTAGCTATTATCAATAAAGCTGCTATGAACATTTGTGTACAAGTTTTCGTGTGCACGTATGTTTTAATTCCCGGGGGAGTTAATACTAGAGGTGGAAATGCTGGGTCATATGGTAATTCTATGTTTTACCTTCTGAGGAACTGCTAGTTTTGAAAACAAATCGAGTGTACCATTTTTTTATCCCCACCAGCAGTGTATGAGTGTTCCGATTTCTCCACATTCT,"[[32314184, ""A"", [""G""]]]",yes,no,A->G,1
chr7,115682567,115682794,GCATCCTTTCAGTCATTTATTCAACAAGCTTTGAATATCTAGCATGTCCTAGGAAATGTGCTATGTGGTGATGATAGAATGTTGACTACAGGTGACATGGCTCCTGCTTCACGATGCTACCAGTGTGACTGCAAACAAAGATCCGGTGAGGTCATAGTGAAAGTGAAGCCAGAAAGGAGCTCTACAGCCAGAGTACTGAAGAATTTGAATACTAGGCTAGTGTAGTTT,N,no,no,N,0
chr9,104218962,104219165,AGTCTGTTTTATTAGAGACTAGGATTGCAACCCCTGCCTTTTTTTGTTTTCCATTTGCTTGGTAGATCTTCCTCCATCCCTTTATTTTGAGCCTATGTGTGTCTCTGCATGTGAGATGAGTTTCCTGATAGGTCTTGACTCTTTATCCAATTTGCCAGTCTGTGTCTTTTAATTGGAGCATTTAGCCCATTTACATTTAAGATT,"[[104218974, ""C"", [""T""]]]",yes,no,C->T,1
chr20,33306845,33307165,AGCCTGCCCCTGGCTGCCCAGTCTCACCCGAGGCCCATCAGTTTCTGACCACATTTGTTATTTCAGGCAAATTAAGATCTGGGGTCCCAGTGTCATTGGTGAAGGCCTTGGGATTCGAGGCAGCTGAGTCCTCACTGACCAAGGTGAGTGGGTGTGGCCCTAAACATCCTGCCCCAGGGAGGGCACAGCCACTGAGAGCCCTGGCTGGGAGGTGGGGCCTGCACTCCAACCCCAGCCTACAGGTGACCCTGGGCAAGTCCCTTCCCCTCTCAGGGCCTCACCTCCTCATCTGCAAGTGAGAAGGTTGGCTGTGCTGAGGAT,"[[33306874, ""C"", [""G""]]]",yes,no,C->G,1
chr7,140773208,140773542,TCCCCACCAATATCTAGTTATCCAGCGATACTCTTACTTAGACTAAGTGAGGGACTTACAAGCTGCCTGGAGGCTTTAAGCATACAGATGGGCTTGCTATTTTTGAACTATACAGTAATCTAGGTGGAATCCCTGATGTCACTTTCTTTGGGTCTTTCCTCTTGAGCTGGTAAAATTCACCCAAGACTCTTCGAATCTCCTGCATTTCGGAAGAGTAGGGTTTGGCTGCTAGCATGTCAGGAATCAAATAAAAAGAGAGGGCTGGGGAAATCTCCCTTCATCATTTAGTAAGCACACAGTCATCAAATCCCCATGTTTTGGGAAAGATATCCATG,"[[140773406, ""T"", [""C""]], [140773538, ""A"", [""C""]]]",yes,yes,T->C,2
chr7,81433837,81434059,TGTTGTCTTGCTGTTGGGGAGTTTTCCAGAGCTGCTAATGTGCCCAGACTTGCCCAATCACAATGCCCTACCCTGTAGGAAGCACACGTGCTGACAGCCACAAGTACCCTGCATCCTATTCCCACCTATGGGACCCTATCAGACTTGCAACAGGCAGAGATAAAAGTGACCGTGGGGATGCTCAGAGCATGGTCAACAGGGAACAGCTGAGTTCACTAGAGTG,"[[81433838, ""A"", [""G""]], [81433905, ""C"", [""T""]]]",yes,yes,A->G,2
chr19,2004978,2005385,CCCGGCTAATTTTTTTGTATTTTTAGTAGAGACAGGGTTTCACCGTGTTAGTCAGGATGGTCTCAATCTCCTGACCTCGTGATCTGCCTGTCTCGGCCTCCCAAAGTGCTGGGATTACAGGCGTGAGCCACTGCGCCCAGCCAGGAATTCTTTTGACTGCCAAATTCCATGGAATCTGTGAACCGCGGTTTGTTTCTGCACTCACTGGCTGGTCTGCGGGTTTTCCGGTTTTGAGCTACTGTGAATCATGCTGCTCTGGGCATTCACGCACGAGGCTGTGTGAGGACACAGATTCTCCTTCTCCTGGATAAATGCCTCGGAGTGGAATGACCCTGACGTTTAACATTTTCTTTTTTGAGGCAGGGTCTCACTCTGTCACCCAGGCTGGAGTGCAGTGCTATGATCACA,"[[2005011, ""G"", [""A""]]]",yes,no,G->A,1
chr3,160931484,160931796,TAGAGTTTGCTATCTAATGGGGGAAATAAGACATCACACATTGTCATGCCCAATTATAAATTGTGCTAAGTGGCAAGAAGAAAAAGAAAAAGATGGGAGAAGAGCAGGGATCTCCTAACTTAGTTTGGTATGTGTGGGGAAGGCATTCTTGGCAGAGGATACATAAAGGGTGGGTCTCACTATTTGTCCTTGTTTTCAGTTCACATATGTTCCTAATTAAAATTAAATACCATTAGTCAGTATCTAAATATCCTTAGGTTAGGATGTAGTATTTTCCAGGGTTTTGATGCAAACCTATTCTTCCAAAATGTTT,"[[160931510, ""C"", [""T""]]]",yes,no,C->T,1
chr6,17530359,17530821,TACTTTACTGGGATGAGCTACTGCACTCGGCCTAACCTGCTTTTAAAGTGTATGATTGGAGACCTATAAGTTGTCACTGCTACCTAGAGATCATTAATGGTAAGCCGGGTGGTTATTGGGCCAGGATAGTTCAGAGATGGGCAGTTAAAGAGAATCTAACTGACAAACAAAAGGGAGTGTGTGTTTGTGTCCATGAAGGACAGTTCGAGGAGGGGCTCATAAAGGAAGGATGAGGGAGAGGAAATACCCATGAACAGTGCCACGGCATGTCAGCTGTTTCATTTTGTGGCTTTATGTACAATCTTCACAAATATGTAAAGACAGGTGGCTCACAACAGTACTACCACTAAGCTAGCTCTGTGGAAGAAACATCTTAACAAAAATTGTTCTGTGAGCAACATAATCCACCTGTTCCAAGAGACTGTCAGGTGATATTTTTTTCATTTTTTTGGTCTCCCACTTT,"[[17530386, ""G"", [""C""]]]",yes,no,G->C,1
chr5,16518632,16519030,TCCCTACAGGAAAGAAATACCCACTCACTTGGGACACAGGCCTTCAGGAGCACCTCTCCAGTCAGCCTCTACAGCTTCAGGATTTTTGCTCAAGTCAGAGCACAGAGTCCCTGCCTTTGAGAAGCTGACTGTTTCGTAAAAGACATGTGTTGGCTGAAAGAATACAAGAAAGAAAATTGAAGCAAACCCTCCACCCACTGACTCAAGAGTCTAAGAATTTCCCATCTTCACCCTTCCATAGCCCACAAAGACTTCCAATGTCACCAATACAGAATTTGTTGCCCGTGAAAATTCAGAGAATGTATTATGCACTTTGCCAAAGAGAAATAAGGGTATGGAACTAGTATCAAACCCAGGATATTTCTGGAACAAAGTGGAAGAGGATATTTTTCTCCTTAG,N,no,no,N,0
chr7,83978543,83978791,TCTTGCTGCAAAATTAGTTACCATCCCTAAAAAGAACTCTCACAAAGGCCGTTGAGAATTGCAAATAAGGAATTTGTTACTGTATTCATAAATTTAGAAGTCTAAAGTATTTATAGATTTCTATTTGTAGAATTAGTGAAACTATCAAACAGATGTTGCACATTTCAAAATTGAGCCAACAAGAGAACTTGTGAAACACGAACTACAAAGCATTTGGGAAGGCATTTTTCACTGCCATTTAAGATTTTG,"[[83978610, ""T"", [""A""]]]",yes,no,T->A,1
chr5,108614300,108614657,GCAAGGGGCATCCTGCAAGACTTCATGGGCTCTGATAGTCAGAGATGAGAAAGGAAGAAAAGGAAACACAAATATTTGTGAATGATGGAGAAAATGAATTGTTCATTGAACTACAGATAAGAGGACATCTATACTTTAGTCATGCTGTCCAAATGCATTTATTTTTCATATTGATTTGAGAACCTATCCCTTGGGTGATTGTGACTCCACTTAAGGGAGCTTAACACCAATTCCCAAAGCCATGAGTGTGACAGCAGTTCAGCAGAGTCACAAGAAATGCGTATTTGAAATGGCAAGCAGCAGGTGGCTGAGTCCTTCTCTATTACTTTTTAAAATCAGTATGCATGTGGTCCTGATC,N,no,no,N,0
chr1,194755613,194755966,TAATAGAGAGTAACAACTTTATAAAAAGCAATCTTTATTTTATTCCACAATAAGATAATATTGTCATAAAAACTTGAAAAGATATATGATATTCAGAAAATTATGTCCATATGGCAAGATGGTTGGTGACTCATGGCCCATAATATCGCTCATTTTGCATGGCTAAGCAGTTAGCCAAATGTGCAAATATAATTAGCCACATGCCTCATCTGTGAAAGAGTGTCTTTAAAACGAATCTGGTTCATGGAGAATATCAGGTTCATTAACTCTTTGGGGCCCTCTGGGTGCCATTTAAAAGGCATTTGTTCTCCCTGACTTAATTCTCTAAATCATACTCTAGTGGCTAGTCTTGGG,"[[194755634, ""C"", [""T""]]]",yes,no,C->T,1
chr13,110900440,110900762,TCATAAATTAGGTAAGCAAAGCATGCAAATCTAAAGCATCTCTATCTGAATTCCTAGATTAGCGTTAAAACCAATCACCGCAACAAATACCTCAACAGTATGCCTCGTGTGCAGAAATGAAGCGATACTGAACATTCAATGCCACAACTGTAAGGTTTTCGGAGAAGCACCTGTGGCAGTTTCAGCAGTTTCTATATGGAATGCTCCCCCTTTCTAGGATTACTTGAAAAAATCAAGTCAATTCGAATTACGTAGCTGTAAAACATTGACATGTGTAGTTTTTACAGATTCAGAATCTTCTGTGTGATTTAAAACGGGCAATG,"[[110900557, ""G"", [""T""]]]",yes,no,G->T,1
chr2,48714386,48714684,CTTAAGCCTTTTCTCTGGTTTTGCAGGCCGGTGTGGGCACATGGGTTTTCTGGGTGTTGAAAGCTGAGGGCAGAGGAAGCCTCCAGCACTGAGCCCACTTTTTTTTTTTTTTTTCTTGGATGAGTATGTGGTTTTGCTGATGTCAGATTTGGCTCCACAACCAAGAAGATTTCAATGTCTGTAAACAGTCCTTTAAGACCATTAGTGCATAGTGAATCAATTTACTTGGGCATAACCAGCATTTAAAAAATCTACATAGAAAAAATAAAAAGTATTAGAGCATTTTGCAAGTGATTAGG,"[[48714397, ""C"", [""T""]], [48714425, ""T"", [""C""]]]",yes,yes,C->T,2
chr5,166117401,166117757,ACTGCATTATAAATTTATTAAAAATGAAGCCATCTGAGGATGTCTGGATTATACAATAAACAGTTTTGAAAAGGAGGAACAAGGCACTTTAAAAACTTCAAGCATCTAATGAGCTTAATTTGTGACCCTAGCAACAATACCAAAACATGTGGTTGTAAAGCTTTGTAGAAGGGTGAGATCACAGTATTCCGGGCATGGTGATTCAACTGAAGGCACCATTCAGATATGATGTCATCAACACTGAACATGTGTTGGAAGCACCTTATACTGACAGCTGTTGTTTCACACAGTTTTTCTTAAACAAAAGTCTACCTTTAAATGTCATTGTAAAGGGTGTTCCCCTTGGTTTAAGGATTA,"[[166117740, ""T"", [""C""]], [166117745, ""T"", [""G""]]]",yes,yes,T->G,2
chr12,2673520,2673779,GAAGTCCAGCAGTGGTGAAGCTGGGCTTTCATAAGGCAAATCCAGGATATTGATCAGGCCATGGTCTCTTCTGGAGGCTCTGGGGGAGATCATGTTGTTGGTGGAATTCATTTGTTGCAATTGTAGGCCTGAGATCCTCACTTTCCTGCTGGCTGACAGCTGGGGACCCCCTCTGCTCCTAGAGGCTGCCTCTCTCAGTTCAGCCCACATGACTGTTTGCTTTCTTCCAGGCCGGCTGGAGAGAACTCTGCCTTTAAAGG,N,no,no,N,0
chr1,119917597,119917979,AATGGGAATGGGCTTATAACTGAGGCACTGCTATGAGCCTCCTCAAGCTCAGAGCCCACAAACTGTACCTTGTTGTCCTGCATGTCTCGGTTGGCCCCATTTTTCAACAACAAAAGAGTTGCCTCCACATTATTGACAGCAGCTGCCCAGTGAAGAGCAGATTTTCCTGCAGGGGAGAAACATTTTTATAAACAGACATATCCTACTCTTAGTATAAGACACTATGACTTGCACAATGAAATCTTAAACTCCCCAGAGATCAGCAGGAAGCAGTTCTCTGTAGGGGTCTATAGGAAAAACCAAAGTAATCTCTTCTTTTTCCTCTGTTCTAGAAATACTTCAGTACAGGCTGCCTAGCCTGCAGAAGACCTCTAGGTGAAAGG,"[[119917599, ""C"", [""T""]]]",yes,no,C->T,1
chr1,6902629,6902935,GCTCTGTTTGTTTGACAGAATGTATGGACCTGTGCACTTTGAACAGGTAGTTCACAAAAGAAGTTATACACATGGCCAATAAGCATGTAGAAAGGTGTTCAACGTCAGGGAAATACAAGTTAAAACCACAGTGAGATGCCATCTATTATTAGAGTGGCTAAAATAAAAAAGACTATCAACATGAAATGTTGGTGAGATTGTGGAACAACTGCAACTCTCAAACATTGCTGGTTGGTGTATGAAGTAGTCCAACCCCTTGGGAGACTTGATTGGCAGGTTTTCTTTCCTGAAATTAAACATACATGTA,"[[6902643, ""T"", [""A""]]]",yes,no,T->A,1
chr2,8921006,8921231,TACTGGTAGACAACATATAGTTAGATTTTTTTTAATCCAGTCTGACAACTTCTGACTTTTCACTGGCATTTACTGTAAGTATTTATACGGTCAGATTTAACCTGCCATTTTGCTATTTGTTTTAGCTATGTCTCAGGCCTTTTTTGTTCCTCCTTTAGTGCCTTCTTTTGTATTAAACAAATATTTGGTACTGAACTATTTTAATTCCTCTGTTGATTCTTTCAGT,"[[8921196, ""G"", [""C""]], [8921230, ""A"", [""G""]]]",yes,yes,G->C,2
chr9,42734922,42735169,TGTGTATATATACATATATATACATATATATGTATATATATACATACATATATATATACATATATATACATATATATGTATATATATACATATATATACATATATATGTATATATATACATATATATACATATATATATACATATATATACATATATATGTATATATACACATATATATACATATATATACATATATATGTATATACATATATATACATATATATACATATATATGTATATATATACA,"[[42734925, ""A"", [""G""]]]",yes,no,A->G,1
chr1,161985358,161985835,TACAGAGCATGTCATCCTGCATCTCCACAATGTTTGTGCTTCTCTCTGCTCCCTCCATGCCTGCCCCCAACCGGAGCGTAAGCACCAAGGGATGAGGGAATGTGGCTTTTCCTCATTGCATTCTCAGTGCTCAGAACACGGTGTCTGGCTTGCTGCAGGCACCCAAATGTCTGATCCCAGGGTGAACACACAGCATGAGAAGTGTGGCCAGAGGAGAGGCCTCTGCTGGGTGTAACCAGGAACTCGGCTCTGCCAGCTGCTGAGCTGCCCCAGGCTGTGGGACCAGCCCTAGTGGAGCAATGGCTATTCATGTCCCTGAGGCCCACCTGCTGTCCTAGAGAGCTGTCCCCAAGCCTATGCCCCTGTCACTACTGGGAGCAGGATGCCAGGGCCCTCTGCTGGGTAACTGGGGGGCAAGATACCAAGTTCTTGAATAAGGAGCTGACTCTGGGTATAGAAGCCTCCTTCAGAGATCAAG,"[[161985405, ""C"", [""G""]], [161985415, ""C"", [""T""]], [161985715, ""A"", [""T""]]]",yes,yes,C->T,3
chr3,148518587,148518833,AGAAAAAACGGGCTTGAATTTCCAACGTCAACCCTCCCACAACTTAGGCAGCAGCTGCCTGGTGCAGAGAGCATCTTTGAACAGTGAGGGAGGGAGAGCACAGCAATTAGGAGGCACTGAACTCAGTGCTGTCCTGTTAGAACAGAAAGGGAAACCAGACCAAACTCAGATGATACTTAACCATGGAGGGAGCATTTAAACGAACCCTAGACAGAAGGGAATTGCTGATCTTAGTGGTCTAAACTTA,"[[148518596, ""A"", [""G""]], [148518612, ""T"", [""C""]], [148518788, ""A"", [""G""]]]",yes,yes,A->G,3
chr7,140521433,140521832,CGATCTAATTTTTTAAAACATTTTTGTAGAAAAGGGGTTGCACCATGTTGTCCAGGCTGATCTTGAACTCCTGACCTCAAGTGATCTGCATGCCTTGGCCTCCCAAAGTGCTGGGATTATAGGCGTGAGTCACCCACTGTGCCCAGCCTGAGAATTTCATCAATTTGGAAAGAATGGGATAGAAGGAGACCCTGCCACAGACACTGGAATGTGGTTCTGGGAGAGGCTGGCAGAGGGAACAGAGAAGCCAGGAGAGGGGGCCTTCCTACCAGCTCAGTCAGGGCATAACTGCAAGCTCTCTGGGGGAGATGGACACAGTCCTGTCTGTGCCCCTGCCCTGTGATCTTTCTCCCTACTCATCAGCCGCCTGGAATATAGGGAGCTCTAGCTGACTCGGCCC,"[[140521492, ""G"", [""A""]]]",yes,no,G->A,1
chr21,45697098,45697306,CCTACACCAACCATATGACACACTAGTCTTCCTTTTGGATATATGTGCAAGAGAAATATGCACATATGTTGGCCAAATGATATCTATAAGAAATTTCCTAGAAGCTTTATGCCTAATAGTGAAACACTGGAAACATCCCGAATGCCTGTCAGCAGTTCAACTGTTTTAGTTAAACAAACAAGCAAATTATGGAACATATGTACATTGGA,"[[45697132, ""C"", [""T""]]]",yes,no,C->T,1
chr11,20670907,20671284,GAGGGCTAAGAAGGGGTGTCTGCACTTGGTTGGCTCAAAAGTTCCCTCCGCTTGCGCCCAGGCGCCCCTCTTTGGCAGTTAGCCCGCTGGAAGATCTAGCGTCTAGGAGCTTTCAGAGGGCCCTTCCCACTTCCCCAGGACTGAGCAGGCAGCGGCTTTCGTCTGGTTAAGAATGTTGAATATGGATTTCTCAAGGGACAAAAGAAACCTCCCATTCCGTTCCTTACCTCTATCCGAGCTTCCCAGGCTGCGGAGACGCCAAGGCTCAGTCTAGCTTAGAATAGTTGCTTCTTGAGTTCAGGCCCATCCGGATGGGTTAGTCTTTTAAAACCAGGACACGCTGAAGGAGTGCGCGCACCCCAGGAAGATCAGGACAGG,"[[20670923, ""C"", [""T""]]]",yes,no,C->T,1
chr22,46141554,46141866,AACTGATTTGCTATTCATAAAATGCGTCTGCAGAAACAGATTAACTCCTGATCCACTTTCACAGCTGAAGCAGAGCCTGCCTTGTAAAACACATGGGCATTTTCCTATAGTTGTTTTTCTGTTTTCAGTTTTGTTTGCCATTTCCTGAATCTAACACCTTCTGAGGCGGATGCTAAGAGTTTAGAATTTACATAATTACCCGAGTCACTTGTTAACTCCCTGTAAGCAGCACCCTCACTGGATTTGATCACTTTTGCTTTGCCATGCCTGCATAAGCTTGCCACCGAAATACTTTAAAAAATGGACTTGAGGC,"[[46141616, ""G"", [""A""]]]",yes,no,G->A,1
chr6,156464184,156464435,ATCAGTGAAAAGAAACAGGAAAGGTTTCAACAGGAAGATGACACTTGATTTGAGTATTGAAAACTGAGAGTGCGTTGAGGGGCAGACAGAAAGAGAAGACATTCTCAATGCAGCATAAGCAAAGGCATAGAATTCTGAAACAGTGCAATGCACTATGAAATCTGCAACGTTGTTTAGTGCGACCATGAGACTGACAGGTGGGAGGAGGATAATGTGGTTTCTAACAAGAGATAGAGCTGAAAAGATAAGCAG,"[[156464189, ""C"", [""T""]]]",yes,no,C->T,1
chrX,113757353,113757564,TGAAGGAGTCATATAACAAATACCAATCATAACATTTTGCACTTGCACCTTTCCAGGTGCTTTCAGAATCTTAACAGAAAGTACTATTAGAATATAAAAGTGAAACACAGGCACGGATTTCCTATTGTGTGACTTTAGGTAATTATGAATATCAGTGATTCTCTAAAATATCGGGCTGCTTTAGATGATTTCTAAGTTCTCTTTCTTCAGTG,N,no,no,N,0
chr19,27805929,27806203,ACCACCACGGCCTCGGCCACGCTAGCTGACTGGCCGCACCGCTGCCCGCCTTGCTGTTCACCAGTCCCTGGGCATCCCGCATCTGGTTGCTGAGGAACGCCTGACGCCGCCTTGTGGATGAAGCCGCAGAGCAGGGAGCTGAGGCTGCGGCCCAGGCCCAGGCTGCCTTGGCTGCGACTGTGTGCCTGCAGGCCCCATGCCCGGTATCCGGTGGATGCGAGTGCTAGTCCAGCTGCAGCTGCATCTTCACGAACTCGGTGGGGAACGGGATGCAG,"[[27805956, ""C"", [""G""]]]",yes,no,C->G,1
chr1,210607298,210607695,TTTATCTGTGAATGTGTATCCTTTTCAAATGTTTACTTGCATTTTAATAAGTCTTGTGAAGGCATCAGAGATGTTTATGTTGTTTAATTGGATATCGCTAGAGGAGTTTTGTTTCCTATCACTTGGTGAATCATTCTTAGATTTTAAAATATTAAGGTTACTTAAAAAGGAGGCCTTGCTTTAAGCTGTTGTTTTTGTGGTTGAACAGAATATAGCTGAGGCCACAGCTGTCACATCCTAGGCTTATTCAGTAGTCCCAAGGGATCTAAGTGTAGCCTGGAGAGGGAGGCCCCCAGTACCATGAGCAGCTATCACTTGGGTGTGATGGTCGACAGACTTTCATCTTCCCACCCATGTGCCTTGACTCTTTATGCTCAAGGGAGATGGCCAGGGTCTAA,"[[210607346, ""G"", [""A""]], [210607695, ""G"", [""A""]]]",yes,yes,G->A,2
chr3,173531737,173531981,TCACCTTTGACTGGCAGCCAGTCTAAAGCTCTACCTTACATTTGATTCTTTTAAGCCTCCAGGGAGGATATTTGATCCTTTTCTAAGTCCTCTGCTCTTTTTTGCCCTCATGCCACTCATCTCCTTGTAAAATCCTGCATTTCATTATTAGCTTTACACAGACCCACAAATGGCTGTTTTCTCTTATTAAGTTTCCCCGGGCTCTTCAGCCAAAGTGGAGTTCTATTTTATAGAAGTGCATTTCA,"[[173531747, ""T"", [""C""]]]",yes,no,T->C,1
chr13,75170338,75170675,CAAATTCCGTTTTTAAGAAAAAGAAGGATGGGCAGTCCCTGAGTGCTAATGGATTTCAGTAGGAAGCCTATCACCCAGTATTCTGCCTGATCGGTCCTCAGCTGGACAGCACTCAAAGCCCAGATGCCAAGCTGTGGACAACTGTCTCCAGGCAGCACCATCTGCTTCCATGGGAATCTCCCCAGGCATTTGGTTGGCAGCTTTAGGGTGGCCTTGAGGTCGGTCATGTGGAGAGGATGCTGCTGGGAAGGATGTCTGGCTTTTCTTAACCCTTGGAAGCTCATTTCCTATCATTTACCAGAGTTAGCATTTGATTATATTTCCTTTCTTTGAGAACA,"[[75170374, ""G"", [""C""]], [75170617, ""T"", [""C""]]]",yes,yes,T->C,2
chr8,108239106,108239436,AGTGAGCTCAGTTTTCTCTTATAACGAGATACCCATGTGTTCTAAGGTTCTAGGTATTGCCCAAGCACAGGGTTTCTTTTTTATTTTTTCCTGAGATGGTGTCTCATTATGTCACCTACTTTGGAATGCAGTGGTATTATGACACTGACTCATTGCAACCTCCGCCTCCCGGGCTCAAGCCATCCTCTGACCTCAGCCTCCCAAGTAGCAAGTAAGCTGAGACTACAAGCGCACACCACCACACCTGGCTAACTTTTTATTGGTTTTAATTTTTTGGTAAGATAGAGGGTTTCGCCATGTTGCCCAGGCTGGTCTCAAACTCCTAGGCTCA,"[[108239117, ""G"", [""T""]]]",yes,no,G->T,1
chr2,131385452,131385734,AATAGTAAAGTAGATGATAAGCTGAGCTAATAGGTTAATTAGTACAGGAAGGATGTAACCAACATTTTTGGGGTATGGGCCTGACAGCTTATTTAGCTGACCTTACTTTAGGACGTGGTGTGATAGGTAGCACGGAGAATTTTGGATTCTCAGGGATGGGTTCAATTCCTGTAGTTCTAGAAATATGAGGATTTTAACCTCTGTTGTTTACTCTGTCAAAGTAATTCTTTTGTCAGACATATTTCTTACGTTTGGGGTGGGATGCTGGAGATTATGATGGGTA,N,no,no,N,0
chr10,31166636,31166946,TGGAAGCAGGAGACATTGGTGGCTGGTTAAATGTGGAGTGAAGGGATGAGGGAAGAAGAAAATTATTGAAAGGTTTCATGGTACAGGGCAATGTTCTCAGAATTAGGACTCTGAGTGCCAGAGAAGCCCAGAAAAAAACATGGGTTTGCATAAAGGTGACTCATTGGTGACAAAACATGATGTAGACAGGCAGATCCAGATTTTGTAAGGACTGTAGCTTAGATTACCTTGAGAATGTTGTTAAGAACAGTAGTCGCAAAGTTAATATACAAAATTGAGTAGGAATGTGAATTTTTTTAAAGAACAGAAAA,"[[31166689, ""G"", [""A""]]]",yes,no,G->A,1
chr1,49999918,50000190,AACTCAGATGGATCAAATACTTAAATCTAAGACCTAAAACCATAAAAATTCTAGAAGATAACATCAGAAAAACCCTTCTAGACATTGGCTTAGACAAAGACCTCATGACCAAGGATCCAAAAGCAAATGCAACAAAAACAAAGATAAAAATAGAAGGACTTAATGAAACTAAAAATCTTTGGCACAGCAAAAGAAATAATCAGCAGACTAAACAGACAACCCACAAAGTGAGAGAAAATATTTGTAATCTATACAGCTGGCAAAGGACTAATA,"[[49999922, ""A"", [""C""]]]",yes,no,A->C,1
chr4,41957737,41958113,TAGAATCTCACAGTCTCAAAGCTGTCACACAAATTAGACTAATTTTGACACTTTGAAATGAAAACTTCAAGGAAGAAGTAGCCACGGACAGTTATGTTTATAATCAGTAGGTGGCACTCTTTCCTCAGGTAGCCCCCCATTTTCACATGATGTGTTTGAAGGTTAAATGCCACCAAAAGTGCTGAGTCAGCTATAAAACTAAGTCCCTGAATTCCATGGCCCTTTTAAATATGTAATCATTCAAGATTGAAAAAAAAAATTAAGCATTTTTTGTTTGTTTGCTTGTTTGTTTTTGAGACGGAGTTTCACTCTTGTTGGCCAGGCTGGAGTGCAATGGCGCCATCTCAGCTCACTGCAACCTCTGCCTCCCGGATTCA,"[[41957745, ""G"", [""C""]]]",yes,no,G->C,1
chr9,110533200,110533624,ATGGTCCAGAGATTGGGAACTCCTGCTGTAGAGAACTACCACTGATGGAGCACAGTAATTTATGCCAATCAGCACTTACTACATGCCTGGCCCTTTAGCAAGCTTTTATTCACATCTTATTTAATGTTTCTCACGAGCCTACTATTATTAACCACATTTCATAGACTAGGAAACTCATGTCATAGAGATGAAAAACTGCCCAGAAAAACACAGTAGGTGACAGAATCAGGATTCATCCCACTAACTGGTATCAATAACTATACATGATATGAGCACACAGTTGCATAATGACTGAATCATTCACAAACCACATGTAAGGGAACTGAGCATCCTTGAATTTTACTATCCTCAAACCAATCTATTGTGGATACCCGGGGTTACTATCTCTGTGTGTCTGTGTGTGTGTGTGCACGCACACGTGTGTG,"[[110533204, ""C"", [""T""]], [110533211, ""G"", [""A""]]]",yes,yes,C->T,2
chr12,79597859,79598175,AGCAGCTTAGGTGGGTGATTACGATTCGGGGCTTCTCATGAGTTTTTAATCAAGATGTTGGTTGGGGCTTCAGTCATCTGAAGGCTTAACTGGGCTGGAGAATCTGCTTCTAAGCTCACTCACATGACTGATGACAACAGCCTCAGTTCCTCACTATGTTGGCCTCTCCACTGGCCTGTTCACCACATGGCAGCTGGCTTCCAGAGACAAACTGACAGAGCAACTGAGACAGAAGCTGCAGTGTCGGTCATAACGCAACCTCAAAAGTGACATACTATCACACTGACCTTATTCTATTGTTCACACATATCAACTTG,"[[79597880, ""T"", [""C""]], [79597971, ""G"", [""A""]]]",yes,yes,G->A,2
chr3,16362820,16363209,GCCGAGGTCCAGAAGAGGGAAGGGGACACTCACACCCCATCCAGACTTTTTCTCCATCCCCTGCTGGGCTTCCTCTCCTTCCTCCTGAGTCACAGGCCTGGGAAGGGGGCTGTGTAGTCCGCAGGGAAAGCTACGGCTAGCTTGAGGGCATGAAGGAGGAACATACCCAGATCCTTATTCACCACCCACCTCATCCACTGCCTGCCTCCCAGCCTCCCCACCTCAGCCTAATGCTCCAGTATTCTGAATCCAGAGCACTGATTCACCTACTTAACCATGAGGCTGAAGTTCAGAATGGCTATCAAAATCTGGTTATCTGTAACAGCAAAAAAGTCAATGAACCAGAGAGCAGACAGCTGGGCTTTTAAAGAGTCGCTTGTTTTGACGGCC,"[[16362854, ""G"", [""C""]], [16362983, ""C"", [""T""]]]",yes,yes,C->T,2
chr13,60326440,60326775,TAGGGCCTTATAGGCCCTGCAAAGGAGTGGGATTTTACTCTAAATTGAAAGGGAACGTATGTTGTCAAAAGATCACCCTTGTGGCTATGTGAGGAATAGATATAAACAAGCTAAAGTGGATGTCTGAAGCTAAGTAGGAAAAAAAGCCTATTGCGCTATTCCAGGCTAGAGATGAGAGTGGCTTAGAGCAGAGGTTGGCAAAAGACATAAAGAATAACGGACAGATTTTGGTGGTAGAATGAAAAGGACTTAAAGCTGAATTCGATGTGGAGGCTGAAGGATTGGACGAATCAAGGAAACCTCTTGGGTTGAGTGTTTCATATGTGAACATGGTGT,"[[60326503, ""T"", [""G""]]]",yes,no,T->G,1
chr8,51723301,51723636,TGGATTCAAATCCAGACTCGAATTTACTATTCCTAATTCATCTATGCCTTGCAGCTACAGATGAGAAAAGGAAAAATCAAAAGTGAAACCAGACTCAGATGCTGGCTTCCCAGAACTCGTGCCGTATCAGGTAAAAGAGACACTAGACAGGCAGTCCTGCACGGGCGATATCAGCCTCAAGCAAGCCCTGAGCCAACCCAACTACCCTAGTCCAGAATGTTAGGAAAGGCTCTGCTGTGGCCCAAATGGAGAGAAGTTCATCAAGGAGAGAAACACATTGTGTGCATTTCCTCAGTCACAGAGACCTGGGAGGGCTCCACTGCGACAGCAGTTCAG,"[[51723623, ""T"", [""C""]]]",yes,no,T->C,1
chr4,106869542,106869963,GAGCCAGCTCTAAAAGCTAAACTTAATATTAAGTAAAGCTTTTTACATATTATTTAAATTATATTTATAACTGTAATATGGATATTAAATACAAATAATAAAAACAAATACTATGTTGTTGACTGCATGCTTCACATGTAGCAACTGCTTCACACATATTAACCCATTTAGTCATCACCACTTTTGAAGTAGGTATTACTCTTACTCATTGCTTACAGAGAGGACACTGAAGCAAAAAGTGATGAAATAACTTCTTCAGGGTCACAGTTTGTAAACTTCTAAGCCAGGATTCAGACTTAAGCAATATACCCCCGTGCTTATCCAATGTATTCCCCTACCTCTATTGGAGAAGAAACATGCACACATACACATACATGTTCACACACATAGAGACACATTTGAAAAAAAAAAGCTTTACCTCA,N,no,no,N,0
chr8,79632462,79632706,AGAAAGGAAAAGTGGAGAGGGAGTGTGCTAACAGATCCTGGGCCTCATGAGCAGAGCCGTCCTGAGCACAAGGCCATGGTCAGACATCTGGTCCCGCGAATGACGTTTTCTTTATGGTCATTAAGAACACCAGTGTGTCGGGACACAAACAAGTATTCCTTTCAGGGATTATGACACATTTTCTCCCAAAGTAGTATATTAATGACATTTCCAGAGCATTCTTTACTATCTTTTATATGTGATCA,"[[79632508, ""G"", [""A""]], [79632510, ""C"", [""G""]]]",yes,yes,G->A,2
chr6,86059,86475,CATGTGGTCCTGAAGCCAACCTTTGATCATTCACAGGCAGGATGGCTCTCTCTCGGGGGAGGGTGACCAGGTTAATTACCCTCTATTTGTGTTGACTAAAAGCCCCTGTCATTTAATGTTTTTTCAATAAATGCTGGCAGGGCTAGCTAGTCAGGGCTCGTGGCTGCCAGAACTCTTTCTGTGCATGGCCCAGCCCCCTAGCGGCTCTTTCACTGAATAATTGGTGTCTGAGTACATTATTCATCCCTCGTGCAGCTGGGGTCTGCAGGACAGACCCCCACAAACAACAATTTGCAAAAGCAAACTTCCCTGTTTTGTTTTTTTCCCAAGATGATAAATTAGAGGCTTTTAGTGTGCCTCGGCCACTTAGAAATAGCAAGAGAGTGCACAAAGGTCAACTCTGTGAGCTCTAAGTCA,N,no,no,N,0
chr6,103945807,103946029,GAACTAGTTTACCTCTAGCCAATAGTGAATAAATGTTCCCTTTTCTCCACAACCTCACCGATATCTCTATTTTTTTTTATTTTCTAATAATAGCCATTCTGACTGGTGTGAGATGGTATCTCATTGTGGTTTTGATTTGCATTTCTCTGATGGTTAGTGATATTGAGCAATTTTTCATATGCCAGTTGGCCACACGTAGGTCTTCTTTTCAAAAGTGTTTGTT,"[[103945824, ""A"", [""G""]]]",yes,no,A->G,1
chr20,11311753,11312076,AATTTCCTGTACATGGTTCTCCCATTGAGGAAGGTGCTACATAGAATAAACCCTTGCCAGCATCACACCCTCACCCACACTGATTGTTTGGAAAACCCCACCCAGATGATGTTGCTACACACCCTGGGGCCCAAAATATCCCTACCGACTTGTGGAACATGTTGTACACATATGACAATTCCAACAACAGACATCTGTTTTGAGATATTAGAGGTTAATCTATTTGGCCTACACAGATGGAGCCACATGAATGAAGGAGAGAAAAGCAATTTAGTCTCACTTGTTAGCAGTGACTTGGCTGGGGAGTGAAGGGCCATCTAGGTC,"[[11311754, ""G"", [""A""]]]",yes,no,G->A,1
chr7,46472986,46473425,TATTCCACTACATGTACATACCACATTTTGCTTACTCATTTACTTACCAATGGTCCACTTTTTGCCTATTATGAATAATGCTACAATAAACCTTGGTGTGCAAGTATCTGTTTTCATCTTTGCTTTCAGTTCCTTTGGGTATGTGCCTGGAAGTGAAATTGCTGGATCATATGGTAGTTCTATTTTCAATTTTGAGGAATCACCTAACTATTTTTTACTGTGTTTGTATTATTTTTACATTTCCACCAGCAATGCACAGGGTTTCAGTTTCTCCACATGCTCATCAACATCTGTTATTTTCTTCTTCTTTTTTAAATAATAACCATTCTAATGAGTACAAAGTGGCATCTGATTGTGGTGTGATTTGCATTCTCATAATGATTAGTGAGATTCAGTGTCTTTCTATATGCTTATTGACTATCTTTATATCTTTGAAGAAT,"[[46473030, ""C"", [""T""]]]",yes,no,C->T,1
chr2,57160997,57161433,TGGCAGGATGAACATCATGTTTACATTATTTCTTCTTGTTCCACTGGTTCAATGGGGCTAATGTAGAGGGCCCAGATGGTTGCTGCACATGCAGTGGGTTGCATTACAGGAGAATAGTGAGCATCGATAATTGACTAACCTATAGTAAGCAATAAGCAAGCACACACTGTTCTAGAGGGAGACATGATCTCATACCTCATGGTTACTCATTGTAAACACAACTCTGGCAAAGGAAAAGAGCTGTCAGGGCCTTGCATGTTTGGTGTACCCACTAAGACTGAGGAGTATGAGACTTCGTGGAGGACTGTTACCCAGCAAAAACATAGATGAGATTGTTGAAGTAAGTTCACATCTGAAAGGTTATTCCATATAAGACTGTCCTGCTTTCACTCATGTGTTCACTTCGTCGTGTTATCAGTGCCCTACTTTTATTTATG,"[[57161060, ""C"", [""T""]]]",yes,no,C->T,1
chr5,78344271,78344595,TCTCTCTGGAGAACCTTAACTAATAGTCTCCTGTGTATGTTTAATGGAACCAACTTTCCAGAAACACTGCACTTGTGAAAGAAACAAAAAATCTGCGTTGTCTAGGGTCAGTGAAACTTGTCTTAGTCAGTATGATGTGGCTTGTGGTGGGCAGTCACATGGTTAGAGAATTAGAGGGTGCCCTCTATGAGTCTGCTACCCAGAAAGTATGAAGTATGTTTTTTTCCTTCTTTTTCATGTTTTAAAAAATTGATACACACTTTGGGAGGCCGAGGGGCAGGCAGATTGCCTGAGCCAGGAGTGCGAGACCAGCCTGGACAACATG,"[[78344337, ""T"", [""C""]], [78344366, ""T"", [""C""]]]",yes,yes,T->C,2
chr3,133755228,133755655,TAAGGGCAAGCTGGGGCTGCATGTGCTGGCTTGGTTTTAGTCCCCTCTGTTCCCTGATGGGCCTGGGTGGGGTGATGCCATTGGCTGTGGCCAGCCTCACTCATGCTCTGTTGTCCATTTCTCTGTGCTGAGCAGCAGTGGCCAATTTCTTCTCGGGCAGCTGTGCCCCTTGTGCGGATGGGACGGACTTCCCCCAGCTGTGTCAACTGTGTCCAGGGTGTGGCTGCTCCACCCTTAACCAATACTTCGGCTACTCAGGAGCCTTCAAGTGAGTGAGATGTCTGCTGCTCCATGGTGGCCAAAGTGCCAAATGTCCTCAGGGTGAGAGTTCTTTGCTGGTCCAAAGCCGAGCCCTGCCTGCCTACAGGGGCATCGAGGTGGCCTAATCCCCTCCCAGTGAGTCAGAAGCACAACCTGGGACTCCTAGG,"[[133755257, ""T"", [""C""]], [133755484, ""G"", [""A""]]]",yes,yes,T->C,2
chr17,72079222,72079470,TGAAACCACAGTGGGAGCAGATAATCTCAGCTTCTTGCTCTGTCTTAAAAATGCAGCAAAAAGACAGCCCACATAAAAGAGCTTTAAGGTCTATGTTAGAAAAGCACCATCAGCAATACATAACTACTTTGACTAACAACAGGCTGCAAAGACACTCCCTAGTTTTGATCTCAATAGGCTCTGCAAAACAGTTCTTTCACCTATGCCAACCACACAGGAAATATTTCAGAGCTGCTGCTTTGTGGAAGG,N,no,no,N,0
chr5,117568770,117569104,TGTGATGTAGCTGGCATTTGAGATACACAGAGGGAATAATAACCAACAAGTTTCATTATTTTTCAGTTACTAAGCACCACTGGAATCCTAAAAGAGAAAATGAAAACCGCAAGTGATTAACAGGCAGGTAAAAGCCAAGAGTGGAAATCAGATAACCTCTTTTGTGATTCACTCCTGCTTAGCTTTTACTTGCAGCAGCAGGACAGAGAAAGCTGGGAACCAGGATGAGGCCCAGTGGCTGGGCTCAAAATTGTAGCCCCTACTGCCTGTAGTTGATATCAGAGCCTCAACTGATACTAATTTTTCTTTCATCCACTTTTTAGTTACATTACTTT,N,no,no,N,0
chr2,49702828,49703049,GGTGTCAGAATGTGGAATAAGGAAAGGAGTGAACTATTTCAGATAGGAGCACTCAGAGATAAGTGACCAAATGAGGGTCAGAGGACAGATGAGCGTACTCAGATGACATATGCAGAATGACCATGAGTCAGCAGACAAAACACACAGAGATCTAAGCAACTGTCTACTCCAGCAAGGCAACCAAAGGAAGCCCATCTGAAGGCAAGTTGTAGAGCACCCAGA,"[[49702878, ""G"", [""A""]], [49703015, ""C"", [""A""]]]",yes,yes,C->A,2
chr2,214107812,214108080,ACCCCCAGCAGCAGTAGATATGCTATGCTGAAAATAACAGCTTTCTAATAAGGGAGTTCTTAATAGTCTTTGGCCTCAGGGCTTGAAAGCTATGCTAATTGAGAAATGCAGCCACTTAGTGAGAGTTTACTACCAGCTCAGTGGTGTAAAAGCAACAACAGTAGAATTTCAGTGTAGATACCAGTACTATGGTATGCTCCCCTCTCTAGGTCTGTACTATTCTGAATAGTAGTTGATAGCAAAAGCTAGAATTTTCTATGGTGAGAATG,"[[214107836, ""G"", [""A""]], [214108014, ""G"", [""T""]]]",yes,yes,G->T,2
chr11,88604325,88604677,GGATTACCAGAAATCAAATTGTTCCTATTTCAGAATAGTTCTATTACACAAGAAAATATCCGAATATGGGGAATAACATGACAAGCATGTACAGAGAAACCACAGAGATGGTTTTTATTTATCTATGATCATGTGAGTTTCCTGCCTCTTAGTTTAGGTCTCTGAAATGTGATGATTCGCAAAGCACATTTTGGACATCAGCACAAATGCTTTTTTCCTGGCCACAGGAAATGGGGCTTCTTCTCTCTATCTTTGCTCATTTGGGATGTCAGGGAAGGGGAAACATTACCAGGAAACCTAGATTAACCACAAAGGAGAGAAAGAGACATTTCAGGATCAAGAGTTGGCTGTTA,"[[88604371, ""T"", [""C""]], [88604372, ""G"", [""A""]], [88604385, ""T"", [""C""]]]",yes,yes,T->C,3
chr2,17398315,17398656,CCCAATATAACTACAATTTCTTTGAACTTGACTGTTTGAAGCCCAAAGTAAAGGTATCTCAGAGCGAATGGGTGGCAGCCACATTTGCCTTACAGCTTTTAAAAGACAGAGAGAGAGAAGTGAAAGAAAAAAGTCGACATGCAAGGTCAGATGTTTATGATTTTCTAATGCTCTAACAGATCAGCTAGAACGCTTCACCAGATGAACTGATGTTGTATAAATCAAAGACAGGAAATGTTGTGCAAAGTTTGTGCATCTTGTTTTTGAACAAGACTTAAGTTATTAGAAGTGAACCAATTTAAACTCTGTAAACAGAAAGTTCAAATGGTATAGTAATTTTTC,"[[17398507, ""T"", [""C""]], [17398535, ""C"", [""A""]]]",yes,yes,C->A,2
chr5,174151681,174152120,CAAGTGCTTCCTCCATAAGAAGAACTCAATGCACATTCACTATTCTTCTTGTCTATTCTCTCCCCTTGCTTTGCTACTGAAACCAGTCCATTTCCTGCCCTGCTCTGCCTTCAGTCAGCTGCTGATGACTCCCAAGAGTGCCCTCACCAAATGACCCAGCCTCTCTCTGTTTCAGGGAATGACAGAATGTGACTTCTGGTTCATGCATCCATCTCTGGCAAGTCTGACAGATTCTGAGCCCAGTCAACTCCAGGGGCCCTCGCCAAGTTGTATTTCTGGTCTGGCCAAGCTGAGGCATAGCTCTTGACCACGGTGGTTACATCAAGCATGGAGGGAGATACACACGTGCACCCACATACACATGTGTACATACACACATGGGAATGGCAGAGAGAAATACACACATGCTTACATACAGTGGGGAGAGAGAAAAGTGAGAT,N,no,no,N,0
chr8,11279506,11279921,CATCTGTAAATTGTTGAGTAACTCTTTTACGTGCATTATAAATGCCACCATCTTCTTTGGGTTATCAGACTCCTCTCAGATCCTTATGTCCAGGCAGTTTGGATAAGAATGTGTTTGACTACAGCTTCATTGAATTATTTTAATAGAATGGAAGCCTATCCATTACTGTTAAACTCCACTGCCATCTACTGTTCGTATAATAAAGTAACATATTGTGCTCTCAATCTCCGAAACTCACCTCTATGCTCTATTCCTTACAAGTGAATTTTTGTTTTCCTCAGATCTCAAGGGCTTTCTATGCTTTGAGCTTCAACACAAGTAGATGTAATTTTTAAATAGTTTTGTTACAACAATCCAGCATGATATTGACAATTTTCTTTCATGGGCAAAAAAGTTCATGGTGTTATAGAAAAGTA,"[[11279515, ""G"", [""A""]]]",yes,no,G->A,1
chr15,91193971,91194267,CTAGGTAATCACCAGGGTATAGAGTTTTTTTTTGTTTGTTTGTTTGTTTGTTTTTAATAGGAACCTGGCCAGGGCACTGGGATGATGGGTTCGATGGTCAGGGAGGAGGGAATTGAATTTATGCAGCATCAGCTGGGATCAGTCAAGGGCAGCTGTGATTAGTGTCCTAGGGGACCTAGAGAGAAGAAGACAGTATTTCAGCTGAGCAGAAAGAGTAGGACAAGCAGAGAAGCAGGGAGCTCTGGCTCAGTGACTTGAGGGGTGATGGGTAGAGCATTGGGCATAGCATAACATGTA,"[[91193995, ""G"", [""T""]]]",yes,no,G->T,1
chr7,65087293,65087527,GGGGTTGGGGAGGGGAGGGGGGATTTTGCTTTGTTGCCCAGAGCTCGAAGTGATCTGCCCACCTCTGCTCTCAAAGTGCTAGGATTACAGGCCTGCACCACTGCACCCAGCTGCTGTAAAGCCTTATTTCCACACAGCTGAGACATGTTTTAGGAAGTTTGCGAAAAGGCCTCTGGAGACCTCCTCATTGTGGCCTCCCTGTTGTCGTGTTTAATTTGATTGATCTTTTCTGCCC,"[[65087332, ""G"", [""A""]]]",yes,no,G->A,1
chr4,103112432,103112714,TATACATATATATACTTATATATACATATCTATACATATATACTTATATATACTAAGTATACTTATGTATACATGTATATATACACATATACATATACATATATACACTTATAAGTATATATGTGTATGTATGTATATATACTTATAAATGTATACATACTTATAAGTATATATAAGTCTGTATATATACTTGTAAGTATATATAAGTGGATATATACTTATAAGTATATATAAGTCTGCATATATACTTGTAAGTATATATAAGTGTATATATATACTTATA,"[[103112440, ""C"", [""T""]]]",yes,no,C->T,1
chr6,47430765,47431075,GTCACACTGTTAGATATGAGTTCTCAATTTCTTTCCAAAGAATCAATATGTTAGTATGTTCAATTTTTTGCCTTCTACTTTTAAACTTAACTTCCTGTTAAAGCAACCTTTTTTGATTACCTGCTCCGCCCTGACTCATTCCGATTACCTGCTCCACCCTGATTCATTCCTATTACCTACTCCACCCTGATACATTCCGATTACATGCTCTGTCATAACCATTTTTCCCACCAAACCACTCAACCCGTCACTCTCTTTAAATTAGCGGTCTAACCCTAGCCAATAGGGGAACGACACAGCAGCAGGGGCCA,"[[47430892, ""A"", [""G""]], [47431007, ""C"", [""A""]]]",yes,yes,A->G,2
chr3,146959891,146960216,AACCATTATCACAATTGCAGCCCATAATCATGATAGACAGTTTCCTACTGTAATTTCTCTGCCCCAATCTCTTGGCTTCATACTAAACTCAGGTACCATTTATTACGCACTTGCTATACGACAAGTGTGAGGATAAGGTCATGAGAATGTAGGCTTATGAAGCTTATATTCTTTATGGGGAGATGGAGAAGATAAGTGAATAGGTAAATAAAGATTTTGTGATAGGAATTCTGAAGGTAACAAAACTGGGTGATGCTATTCAGCACAGAAAGTAAGTGAGTTGGGAGGGGAGGAAGACACTCCTTAGACTAAAACATCAGAAAAGC,"[[146959954, ""T"", [""C""]], [146960001, ""C"", [""T""]]]",yes,yes,C->T,2
chr22,15795168,15795441,TGGAAGTTGAGACAGCAAATGTGGATTTACTCAGATTATTTTCCTGTCAGCACCTCCAGGTGTTATTTTGATGGTACTTTGCATTGGGCTGATGACACAATGGGGAAACATAAACTGCTGACGCTGGACTTCAGCAGTACAGTAACAGCCATGTGCAAGGCCATTGAAAAAGTAAAGACTGGTGGTTACATTGCCACGTGTTTTTCTGCATGGCATCATCATCTTAACTATGGACTTTATGTGCTTTCACAGCAAGATGTTTCTAGTATTTAGA,N,no,no,N,0
chr7,24888733,24889065,TAGCTCCTTGAGATTTTATATGAATAGGTCTGAGATAGGAAGACCAGGTTCAAGTTTAAGTTCAGTTCAAGAAACAAGGACAAGAGAAAATTCAGCTCCAGAAAGTGAAAGAAAACTAGTGTGGCTGAAGTACAGATACTCTCAAGGTCACCTGGCAATACTGGATGAGAATTTAAGTAAAAATGACTTTAAAAAACCATGTCTTCCAGCTAAGATGGTGTTTTAAGTTCATGCATTTAATGCCCCTTCCCTATTGCCACTCTCACTCCAAATATGGCAAAAATATACAAAATGCCACCCTCACTCCAAATATGGCAAAAATATACAAAGTTA,N,no,no,N,0
chr2,204305821,204306080,TGTTCAGAGGGACAATATCCCAACTAAACAAATTTGATTTCTTGGGCTTCCTCAGAGCTTCGGGAGACCCTGTGCTTCAACTCAGGCCAATGAGTAGTAAGTGTGAATTCCCTGGGGAAGGCTCTCTGGAAAGCTATTGCTTTCAGACAAGAAATGACAGATTCAGTTGGCTTGTGCCCTTTACCTGCTACCTACCATCTTCCTTTTTGTCTGTGTGAAAGATCAAGATGCCTGGAAGGACAGCAGTCTCCTCACAGTCA,"[[204305829, ""T"", [""G""]]]",yes,no,T->G,1
chr20,16810120,16810542,CTCCTCATCTTTAGGATGAAATAAAAGTACTTTAGAACCCACAGAAAACCTGAACTCTGGGCCCTCAGGCTCTCCTGGGATGGCAGGACCCAAGAAGAGAAGAGGGTGTCAGTGTGGATGCCTTTGATGGCTGGACATTAATTACTGTGGTTTCTGGAAGCAGTGGGTCCTCAGCAGTCCAGCCTGTGGTCAGTGGGGAAGACACTTGTGAGGAATGGCCTTGTGGTTTTCCTGAGCCAGACTCCTTTCTTATTTTCTTGATGTCATATAAATCAGCTCTGGGTTTTTTATGATCTAATAGAGGGGGCGGGGGAGCCTCAGTTAAGGTCTGATATTGGATATCTCATTGTCTTTGGTGAGCAGAAGCTGGGTGCTCAGCTTAATTTGTTTTAAGGAAAAAAAAACGGAGTGATTCATCTACCA,"[[16810158, ""A"", [""C""]]]",yes,no,A->C,1
chr21,26810311,26810695,TTTCACTAACCTTTGTGTTCAAGGTCAAAGCCACCCCCATGAAAACTCCCAAACTACACACCAAAAAAACAAATCAAACGAAATAAAGCATTGCAAGAATGTGAAATTTGTGTTGAAAACATCTGGCTGACTATTCTCCCAGGCTATGCTCGGCACTCATTATTCATATAAATTGTGAGAAAGGTTTGGTGTCTGAACGTACCTCTAGCCCCTATGATGTGCGTATGTGATTTTTGCCCAAGTAGTCATCACCACAATCCTGTATAAGAAAAATAAATTTGAATTTGCTGTGAGTCAGCTTCATCTTTTAAATTAAATATGATGATAATACCTGCTTTAATTATCTTAGGGCTTCTTATGAGGATAAGATGAAATTTTTTAAAAA,"[[26810318, ""T"", [""A""]]]",yes,no,T->A,1
chr12,2486759,2487185,ATTGTTTCTGCTTCTTCATTCACAGGCAGATGCCCCAGAGCCCCTATTCCAGGTGGGGGAGGAGGGCAGGTGGGAATCACCCCCTTGCCGGCAGCCAAACTTCCTCCCTTCAAGGAGAAGGCTTAGTTCTACCCCATGACTCCCAGTCCCTTCCTTTTTGAGCCTTCCCACTTCACGTTCCTTCCATAAATCAATATATTTAACAGCAATGCTGGCTCATTAGGCGCTTCCCTGCGTGGCACTGGAGTTTTGGCTTGCAGGATATGCTGCAAGCTGCTGCTAAAGCTACTAACATCGCAGCTTGGCCTTTTAAAGAAACATTTAAACAGAAATTGACAAGGCTTTTAAACAGACATATACAGTAGCTTAACACAAAGAACTTGTTGAAAAAATAACACCCACCCCAAAGGGGCTAGCTGTGTTAAAT,"[[2486774, ""C"", [""T""]], [2487122, ""G"", [""A""]]]",yes,yes,C->T,2
chr7,52825545,52826034,TGAGATTATTACATCAAAATCCAGCAATCATACCAAGAAATGATGAGGAGTCAAGTCAGTACAAATTAGTGGAAAAGCAGATTTTATACATTTTAAAGGAAATACATTGTTCTGGTTTGGAGCCAAAGTAAAGCTATCCTCATGTCATTTGTTTTGATGATTTTGAAAAATGGTGAGACTTCTAGGTCAGGTAATAGAAACAGATTTCTGCCAGTTACGCTTACATAGGTATTTAGGTTTTCTCATAGATGGGTTAGAGTTTCACTTCCTGCTGTTTGTATAGTACTCAGTTCTGCGCTTGACTTCAGCAATCAGCAGATAGCACCTTTTTTTTTTTAACTCCTTTAGCCAGGAAAATACCAGGACTTGTAAAAGCAGAAAGGGAAGTTATAATTCTAGATAATACTCGTAAGATATTCTACTAAAAGTAGATTGTCAAAAAGAACAGTTCATTTCATTTTGGACAGGCTCATACAAGTGCTTGCCTGAA,"[[52825553, ""C"", [""T""]]]",yes,no,C->T,1
chr10,83929397,83929848,AAAAATCCTCAAAGAGCAAGAAGCCGTCCGCTGCAGGAAAACCCAGAGCTTCCAAGCAGCAGCCAGAAAAAATTTACCCCTGCTGGATCCAGAGTGTCTAGGGAGTACAAATGTAATAACGTCTCTAACCCAGCTCACAGATTGACTTGCAAATGTGCCTTGTCATGGCACTGCATGTTCCCTCTGGAATTCAGGGCTATTTCTTTGTGCTCTTGCTGAGTGTTCGTTTGGATATTGGTTCTATTCCCTTGGATTCCCAGTCTGACCCAGGCAGCTGTGCTGCAGTGTTTCTGCCTCCACATCAAGCAAAGCAGTCTTGCAGGCACTTGTGTTAATCATGCATATAATCTGATAGCCTTTATAGCCCCTGCATGAGTAAGGTGCCCCAGCCAGCCTGATGTTCAACCTCTGGCTCCCTCTGCCAGAGCCTGCAAGGATACTTCACCCTCACT,"[[83929421, ""T"", [""C""]]]",yes,no,T->C,1
chr4,26400234,26400450,TTCCATGTGACCATCTCACTCCATCCTCTTTCTTGACATTTGGCACCATCTGGAGACATTTTTAGTTGTCATAATTCAAGGAAGGGTGCTACTGGCACCTGCACGGTAAAAGATAGTGATGCTGCTACATAGTCCTACAATGCACAGCGCAATCTCTCCACAGCAGAAAATGATTTTGCCCAGGATGTCAGCAGTGCTGAGATAGAAATCCTATTTA,"[[26400337, ""G"", [""C""]]]",yes,no,G->C,1
chr1,70437626,70437870,CTCTTTTAAGGAATTACGAGTCTCCCAGGGCAGAACATTTTAAGATGGATGTTTGTATCTAAACAACACTTTAGTAAAGTGACAAAGGAAGATATCCATCACTCAGACCACAGCTGAGATTTTTTTTTCCCCATGGCTCTCATGTAAGAGAGGAGAAAGCAGCTTAGGTATTGATTTTGCTGGTGGTGTGCAGGGAAAGGAAGAGTGTTGGTTGTAATACACATACTGGGGTTAAGTAAGATGCT,N,no,no,N,0
chr7,110898557,110898847,ATTGCATAGATTGGGGAGGCAAAAGAAAACACAAAAACAAAAACACAAACACAAAAGCCAGAACAAATAAAACACATTATCTACTTCCCTGGAGATTGCTCCCCATCTGTGAGTAAAATTACAAGTGAAAGATTTAAGAGTTGGGGCACATACTGATGGGCTGAGTCTACACTGGCTCTTCCTGTCATATAATTCATAAAGAATCAGAAGGTACTCTCCAGCTAGAAAATCAGCTCTTTTTCCTGAGTTTGTTTTTTTTTTTTTTTAAATAAAGAACTTAGCAACCAATCT,N,no,no,N,0
chr17,82582363,82582619,TGTCCTTTCCTCTTTGGAAGCCCCTAGCAGCCTTGGGCTGAAGGGCTCAAACCCCAGGCTGCTACTTCCCTTGAGAATTGCTCACCCAGGCGGGAGGGCTGCTCCTTCCACACAGCACAGCCTGTAAACGTCACTCTCTGTCATCGTTTATAAGCATGATGACTGGGTTTTCACGCTTCCCCATAGGATGGGCCTTCCTTAAATCTTGTTATGTTGTCAGCACATTACTTGTGTGACGCAAAAGAAAAAAAATTCAC,"[[82582386, ""A"", [""C""]]]",yes,no,A->C,1
chr3,182633181,182633632,GATGCAAGACCAGAGATTGTATAAGACATGAAAGACATGATTCCAAATCAAAGCACTTTATTTGTCAAAGCAACTAAAATAGTTGTTTAAAACACACACACGCACACATGCGCACGCACGCACACACACTGTTTTCTAAAGCGTGATATTTTCTGCCTGAGCCTTTTCTTCTCACTTGGCAGCCCTGTTGTGTACACGATCTCTACAGGAATGCAGAAAAACCACCTGAGGGAGAAAATTACTAATCACTAAAAATTACTAATCACTCTCTAACACTAAACAAATCCCACCGGGAGGTTTTTAGTTACACACCAGGATATGGGCTCTCTCTTTTTTTTTTTTTTTCCTTCTCAGGTTAATGATACAAAGGCATACAAAATTTTAAAAAGGAAGCATGTCACATCTTAATATGCATTAGCAGGGATATTTTTACATGATAGCATCTAGGTCTC,N,no,no,N,0
chr8,6622599,6622799,AAACGACACGCATTGTCTCTCAGTTCTGGAGGCTGGAAGTCTAAGATGGGGTATCGGCAGCGTTGGTTTCCCCTGAGGCCTCTCTCCTGGGCTTGCAGACAGCTGCCTTCTTCCTGTGACCTCACGTGGCCTTTCCTCCATGCACACACATCCCTGGTATCTCTGTGTGTGTCCAAATGTTCTCTTCTCTAAGGATACCAG,"[[6622603, ""A"", [""G""]]]",yes,no,A->G,1
chr7,76016549,76016961,AATACACAACTCTATTAAAAAGTAGGCAAAGGACATAAACAGACACTTTTCAAAAGACATACAAGCAGCCAACGAACGTGAAAAAATGCTTGACATCACTAATCATCAGAGAAATGCAAATCAAAACCACAATGAGATAACCTTCTCACATCAGTCAGAATGGCTTTTATTAGAAAGCCAAAAAATAATAGATGTTGACAGGGCTATGGAGAAAAGGAACACTTACATACTGTTGGTGGGAATGTAAAGTAGTTCAGCCCCTGTGGAAAGGAGTTTGAGATTTGTCAAGGAACCAAAAATAGAACTACCATTCAACCCAGCAATCCCATTACTATGTACACATCCAAAAGAAAATATATTGTTACACCAAAAGGATACCTGCACCCATATGTTCACTGCAGCACTACTGACAA,"[[76016572, ""G"", [""A""]]]",yes,no,G->A,1
chr15,74187025,74187225,GCATGCATAGCTCCAGCCTCTGTGGTCCCCCTTCTGGAGCCAGCCGGGCTGCAGCGAGGGCACATTCTGGACCATTTGCTGCCAGGAGGTGAACAGCCCGCCTGCTGAGCCTGGCCTGGTGAGTGTACAGGCTAACACAGGGTTGAAGGGTTAGCAGCCCCCTTGGCCACAGGCCTGGCCTTTGATCTCCATCCATCTACC,"[[74187069, ""T"", [""C""]]]",yes,no,T->C,1
chr19,45827022,45827322,CCTCCCCTGCCCACCCCACAACCAGATGGTCGGACCCTCCCTCCCCAGGGCAGCCACACACTGCTCTGCTCAGCTGCTGAGCACGCTGTGTCCTCACTGCTGGCTGAGGCCACACCGGCTCCCCTGCTGGGCTGGGCAATGCCCTCAGGCCCCGGCACAGGACTGGGCTGCACGAGGAGCCTGTGCTGGCCACCACGGGTGGACTAAGAGCGAGAGTGGGACTGCCCTTCCCAGGAGGGCAAGCGCACGTGTGTGTGTGTACACACTACAGGCAGACTCAGGCACGGTAACCCTGGTTTCT,"[[45827055, ""C"", [""A""]]]",yes,no,C->A,1
chrX,94551826,94552236,CATGCTGACTGAATGTTAGAGGCTACTCCATTTTCAACCTCTCCTTTTTCCGCTTTTTCTGCGTGGCAGTTGCTGTGTGGTAGCTGCAAACCCTTCTTTTTCTGCATGGCAGTTGAAAAATGAAAGTACCTTTGATAGGTCCCCTCCCACAACCAATCAGACCGGTTGTAGGCCTACTCTTCACTCTAATTGGTCCCCTCCCGCAACCAGTCAGACTGGTCACCATGGGCCACTACTTTATTTGCATAGAGTGAAGCAATGGGAAACCACCAGAGGGTATTTAAACCCCAGAAACCTGTGTAACCAATGCTCTTAAGCCACTGGCTCCAGCCTGCTCCCACCCTGTGGAGTGTACTTTCTTTTAAAATAAATCTCTGCTTATGCTTTCTTGCTTTGTTTGTGTGTTTTGTC,N,no,no,N,0
chr13,50552526,50552804,TAGTCAAACAATTTAATAACATTTTTATAGTTTCTTTTAGCTGAGTCTATCTTCTACAAAGGGCAAATTATTTCAGAAGTCTAAGAGTGTTTATGTCCTCAGAGAGAGCTGTGGGACTACAACACATTCTCCCATAAAAATGAGTCATCAAGATATTTTGTGGAACTTAGATTTGGTTTTATTCGTGGGAGATTCACCAAATTGGGTTGATTAGTTCTTGTTCATTAATTTGTGCTGTCCTTGCATTTTCTTAGCAAGCTCCTATTTAACCAGAAGTGT,"[[50552579, ""G"", [""C""]]]",yes,no,G->C,1
chr11,120926002,120926284,AAAAGAAAGAAAAGAAATGAGCATATCTTCCTGAAAACTCAGATAGGATTCAATTTCTTTTCTTGATTCGACATGTAAATTGTTGGTCAATCTTCAGAAAGTCAGGTGTGATGGTGGTGGTAGTAGTGATGTGAGGAAGTGAAACTTAGGCCTCTCTGGGCTTTGCCACATACCATAACCTGCCTGGACCTAAGCTCTCAGTTCCCTTTCTCTTTCACACCTCAACTATATAAACACTGACATCTATAATGCATATTAGTTTTTTAATCATGGGATTTCTTTT,N,no,no,N,0
chr14,69903517,69903870,GAAAGAAGTAGACATAGGAGACTCCATTTTGTTCTGTACTAAGAAAAATTCCTCTGCCTTGGGATGCTGTTGATCTGTGACCTTACCCCCAACCCTGTGCTCTCTGAAACATGTGCTGTGTCCAGTCAGGGTTAAATGGATTAAGGGCGGTGCAAGATGTGCTTTGTTAAACAGATGCTTGAAGGCAGCATGCTCGTTAATAGTCATCACCACTCCCTAACCTCAAGTACCCAGGGACACAAACACTGCGGAAGGCCCCAGGGTCCTCTGCCTAGGAAAACCAGAGACCTTTGTTCACTTGTTTATCTGCTTACCTTCCCTCCACTATTGTCCTATGACCCTGCCAAATCCCCC,"[[69903593, ""A"", [""G""]], [69903594, ""C"", [""T""]], [69903612, ""G"", [""T""]]]",yes,yes,G->T,3
chr3,169493463,169493826,TAGAATCTAACGAGGAACACCACACTCTGCTTTGAACACTGTCTTACATACATATATATGTATGTATGTAAGACATACAGACATATGTATTTTTATATATACACATATGTATACATATATATATATATTTCACACATACACTGGGTGTATATTTATATACTGGGTAACTGAAGTTCCTCAGATGGGAAATGATTTAATCTGTAGCAACGTCTGACTCTGCATATAATGCTGTGTGAAACAGAAACAGCCCTGACACTTTATGAATAGGGAAATGAGAGAGCCTATTGAAGAAAGCTTGACAGCAAGAATGAAAGAATGAAGATTCAACTTAAGCTGTTGAAAGCCTAACAAGATAAAGGGCAGG,N,no,no,N,0
chr1,97887809,97888062,TGGGGCCAGTTACCCCCATGCTGCTGTTCTCATGATAGTGAGTGAGTTCTCGCGATATGTGATGGTTTTATAAGTGACTTTTCCGTCTTTGCTAAGCACTTCTTCCTGCTGTCATGTGAAGAAGGATGTGTTTGCTTCCCCTTCTGCCATGATTGTAAGTTCCCTCACGCCTCCCCAGACATGCACAACTGTGAGTCAGTTAAACCACTTTCCTTTATAAATTGCCCAGTCTCGGGCAGTTCTTTACAGCAGCA,"[[97887860, ""A"", [""G""]]]",yes,no,A->G,1
chr2,118632970,118633186,GGCAACAGTGGACAACTTGCCGCCTACATCTTACTTGCTGTGAGCGTCTGGCACCTTTCACCACTCTTCCTCTGGAAACACCCCTTCTTGCCGCCACGCCCCGCCCCCGCCCCCGCCCCGCCCCGCCCCGCCCCGCCCCTGCCCAATGAGGTCCCCACTCTGGTTGTCTTTCTGCTTCTCCAGCAGGTGCTTCTCAGTTGCTTTCAGCAGAGGTCTC,"[[118632976, ""C"", [""A""]], [118633062, ""A"", [""G""]]]",yes,yes,C->A,2
chr2,174650232,174650436,TGTCTCCTTCTGGGTGGGGAAAATGGTCTGGCACCTTGCAGGTGTTTCCTGAATGAACGGAAGATGACTGCCTCCCAGCAACTGAGAACAGAGGAATCCCTCATTCTCAAAATCTGCAGTTTAGTTTGACAGTTTTATAAATGATCAGTTCACTCTGTGTACACACAACATGTAAGAGCTTCAAAATTTTTAAATGCTGATTCAG,"[[174650291, ""A"", [""G""]]]",yes,no,A->G,1
chr16,4275689,4276004,GTATTTTTAGTAGAGACGAGGTTTCACTATGTTGGCCAGGCTGGTCTCGAACTCCTGACCTCGTAATCCACCTGCCTCCGCCTCCTAAAGTGCTGGGATTACAGGCATGAGCTACTGCACCTGGCCTCCTTGGTCCAATTTTGTCTCCCAGAGACGAGGGACTGTGCTTTTACTCTTTTCTCTCTTCACGGGGGATGGTACAGGGCTGGGCACATGTGTGAACTGCAGAGAGTGATCTGCAAAGCTGATATCCCTGGAGACAGCCTTGGCAGAAAGGATGAGAGGGAGACCCTAGGCACAAGTGGGTGGCCCAGGC,"[[4275774, ""C"", [""T""]]]",yes,no,C->T,1
chr7,141318351,141318658,GTTTTAATGCTACAAAGCTTGGTTGTTCACATATCCAAGCTGGCTTGAATTAATCTAGAGGGGGGAAAACCCAAGTGTTTGGTTTCAGGAAACTGTTCAAGTTTTTATTTAGCTTTCATTTCTTTGAATACGTGTTTTATCTGATTTTAAAACTTTTCACTCACACTAAGGTAAATACCATTTGTCACTCAATGAGAAATAAAGATGTATTGGAGACTAAAATATTCCTCATCTCTTCAAACCCGTGCTGTGTTGCCCAGTTGTTTGATAGCTAAACCTATGCCACCCCTTCAGAAGCCTGTACCAAG,"[[141318409, ""T"", [""A""]]]",yes,no,T->A,1
chr10,121393557,121393947,GAGTTGGTAAAACCCAGTAAATTATTATAATGAATAAAAATAATTCTGAAAGCAGCTGCCTGCTTTGTTCAAATATCAGAGAGTGAGGGCTTTGCAGATGGGTAATATTTTGGACACTTCAGCAAGACTAAAAATAACTGGCCCTAGGTAACTAAAGGCTATCTTTGTTTTGGTTGTTTTCTGTATCCTCTGTCTCAGTTTTCTCTTCTGCGATACGCTGATAAGAATAGCTTGACCAATGGTTTGTTACAAAAATTAAATTACACAAATCATGTAAAATAGCTAGCACAGGGCGTGCTGCATGGGAAATGTCTAGTAAGTAATAACAATTATTATCATGCTATAGTCAGAGTTCTCAGTTGCTGTGGCAGAGGAGTCTGGCCAGTGCATA,"[[121393562, ""A"", [""G""]]]",yes,no,A->G,1
chr18,34514225,34514613,TGTGTGTTTGTGTGTGTGTATAAATGTATGTATAAAACGGTAGTTCAAGCTTTTAGCATGCCTAAGAATTACCTGGTTGTTGGGGGGAGTGAAAACACAGCTTGCTGGGCTTCACTGCCAGAATTTCTGATTAATCAGTCTGGACTGGGAACCAATATTTGCATTTCTAACAGGTTGCCAGACAATGCTGACACTGCTGACCCAGGGACCAAACTTTAAGAGTCATCGATATGACACATAAGGCTCATGGTGAATCACAGTGACTTTATTAAAAAGTGAATCATTTAAATGCAATATCTAAGGCAGTATTAAAGAAGAAATGGGGTACTGAAGTGTGGCCAAATGAGTGTGTCTTAGTCTGTTCAGACTATAGCAAAATATCATAAGCT,"[[34514263, ""A"", [""G""]]]",yes,no,A->G,1
chr4,77358309,77358669,AATGTAGGGGAACTCTGCCTTGTAGGCTCGCTGGGCATCAGATGGTAAAATCTCAATGCTTTCACTAAACCTCCCAGTTTTCAGGGAAATGCGTAAATGTTCTAAATCAAAACAAACTATAAGTGCACAAGTTTGAATAGCTTAGAGGTTTTCTGGCTCCTAAATGTGACTATTGTCTTTAAATTGGCAGGGTGGACAACTGGATTCTTCTGCCACCTAGTGGAAGAAACTAATCTCTCCACAGTGTTCTAGAGGTGGTGGCAGGGGCTAGATCAGCTGTGGCAGCAGCCAGAATCAGAATAGGGACCCCAGCCAGAACTAGGGCAGCTGTCACAGATGGTGGGGGGGGGGGTGGGGAGGG,"[[77358381, ""T"", [""C""]], [77358400, ""G"", [""C""]]]",yes,yes,G->C,2
chr1,110683018,110683223,CTGAGTATTATTATAACAAAAGAATATGAATAGAATTCTTTGGGGATTTCATCATACCTGAGATATGATGCAATGGATACATTACTTGGTTATAAAATGGATGCAAATAAAATTCAACATGTTATGATACATCCGTCCTTGCCTGACCCAGGCACAGCTGCAAGTATTGAAAGCTTTCATTTATAGGCTCAGGACAATTTAATTCT,"[[110683029, ""A"", [""T""]]]",yes,no,A->T,1
chr2,111062340,111062819,AAAAGGAGAAACAGACAAGTCTACAATTACAGTTACAGACTTCAACACTCCTCTCTCAACAATTGAGAGAACAACTAGACAGAAAATCAAAACACATAAAAAATCTTAACACCCTTAGCATATAGGATCTATGGACATTTATGGAACACTCTACCCAACAACAGCAGAATGCATTATTTTCAAGTGCCCAAGAACATAAACCAAGATGGACTGTAACATGGAACATAAAGCAAACCTCAAAAAATTTAAAAACCTCAAAAGAAATAAAAATACATTGAACAGAATGAAAATGAAAATACAACACGTCAAATTGGTGGAACATAGCCAAAACAGTGCTGAGAGGGAAACTTACAGCTTATTTTAAGAAACAGAAAAGTTTCAAACCAGTGACCTAAGCTCCCACCTCAAGAATCTAGAAAATATAAAGAGAAAAATAAATGCAAAGAATGCAGAAGTAAGTAAATAATAAAGATAGGAGCA,"[[111062480, ""T"", [""A""]], [111062613, ""G"", [""A""]]]",yes,yes,T->A,2
chr3,118435971,118436257,ATTTTCTAACATCATCAACTGCACTATTAAATAGAAACACCCTCTAGGAAAAGCTAATTGCTTGGGGAATTTCTATTCCCTAAAGCCTATGGGAAACTTTTGGAATCTCCTATTCATCTCAAGACTGAAATCCTACCTCAATCAGAGATAATTATTAAACTAAGCAAGAGGATTTCAATAGTCTTCTCAAATTGATCCCAAAGATGCCACCTGCAATGCTGCTGCCTCATTCAGTTTTAGCCACTTTCAATTAACTGAACAGCATAAAGCACTCCTGAGGGACTAGA,N,no,no,N,0
chrX,74692875,74693115,GACATTTAAGTCTGCAGAGGTTACTGCTGTCTTTTTGTTTGTCTGTGCCCTGCCCCCAGAGGTGGAGCCTACAGAGGCAGGCAGGCCTCCTTGAGCTGTGGTGGGCTCCACCCAGTTCGAGCTTCCAGGCAGCTTTGTTTTCCTAATCAAACAACTAACTTGGCAATGGCAGACGCCCCTCCCCCAGCCTCGCTGCCACCTTGCAGTTTGATCTGGGACTGCTGTACTAGTAATGAGCCAG,N,no,no,N,0
chr8,121885386,121885824,TGAAACATTCTCAAAGAGGTTGAAACACAAGATTTAGTAGTTGGTCATTAAGGAGCCACGGTGTTAACTGATGAACTGTGGAGAGACTTCATGCTGTGTAATAAGAAGAGAAATATCTTACTCTAAGAGGGGAGTTACCCAACACCCAGCCTATACTAAATGAAGCTGTTCTTAATTCTCTTTCTGTGAGCTCCTGAACATATGGAGATAGTTAAACTTCTGGTTCAGGGCAGAAGAAACACTAAGCCACAGAGCAGTGAGATAACCAAAAACCTCACACAACTCTCAGCACAGGAACTGACGGTGACAAAACTTATCAAATATATTTGAATGCAAAACAGCTCAGCTTACCAGTAATTTCTTCTGCTTGTAGTTGTTATGGTGTCCGTGTGTGTGTGTGTGTGTGTGTGTGTGTGTGTGTGCATGCAATGTTTGTGCA,"[[121885412, ""C"", [""A""]]]",yes,no,C->A,1
chr1,14551761,14551965,CCCTTCACTAGTGATGTTGAACCACAGAGTGGGCAATTACCAAAGGAAGGTAGTATCGGTATAATCCACAGGGGAATTAGGAAAAGAATTAATGGCTACCTAGAATCCTTCTCACCCCTCTTTGGCCCCGTGGGATGAAAAAGCAGCCTGATGTCATGTACTCTTCTCTACTCATTACCGTCAGAGATCATTAAAGTCTCTCTCT,"[[14551881, ""C"", [""T""]]]",yes,no,C->T,1
chr3,192685766,192686154,TATCTATTATATATAAGGACTGTGATAAAAAGATTTACTTACTTTGTTTTTGAATCCTGACAATAGTATTTTAAGGTTGTCCTCACTGTTATCATTTTTCAAATTAAGAACATGGGACTTAGAAAAGCTTACAGTATATTTCTCCAGGAGAATATACTGTAAGTGGCAGAGCCCATCTGTCTCCATGACTGACACTGAACAGGCTGTCTCTCAGGCACTCCTGAGCCCTGGAGGCAAAGCGTGGCGCAATCAGGGATGTTGTGAAGAATGGAGAAGGAAGGAGCTAGAAAGAGTTGGAAGGTGAAAAGAAGGGCTTTTCATGTGCTGATTTCGTATTCATATAGGATAGATGTGAGCATGTCGATTAGCTGAGAAGTCAGTAGAGAGGA,"[[192685865, ""T"", [""C""]]]",yes,no,T->C,1
chr2,48939346,48939677,TCTTTGCCACCTTGTATGCTTTATCATGTGTGGCTAAGAAGCCTGTATCCCCAGAAGGCTAGACATTGGTATGCTGCAGCCAGCTGGCACTGGCTCGTGAGCACCAATCCTGTGTATCTCTCAACTCAGCATTTGGTGACATCACATCAGTGGTTTGAAATCTGCCGTAGTGGGAGTATTTACAGCACGGAAATCAGCAAACTTGGCAAACACTACAAATCGAGGAGGGTGTGTGTATGCATGTGCCCACCTTGTTATTTAACATTTACCAGTATACCACTCACTGGCTAAAGCATCAAAATTCCAGCTCTGTGGTGTCCAATATGGTAGTC,N,no,no,N,0
chr2,15717917,15718301,GGGAGACAAACAAGAGAATGGCCCAGGGCAATGCGTGATAAACTATAAAATGGGTGGGAAAATCCAGAGAAAGCAACTTGCTCTACCCTGGAGGTTCAGACTGGCTTCACAGAGAACAGGACATCTGGGCAGGAATTTGTTAGAATGAGGAGAGATGTTTCCAAGCAGAGAGAACAAACTGCCTGGGCCAGGACAGAACCGGGAGACATTTAGAGAATGCAGGCAGTTGCTCAGTGGTTTCTTTTGAAAGGGTGAGGCCATGGCTATTCAACCAGTGATGGGAGCAACACATGGAGATAGAGGAGAGAGACAAGAAAAGGAAATCAAAGAAGAAGAAGCCAGAAAGGCATTGATCATGCACCCTGCTGGGGCCAGCCTCGGGGTT,"[[15717948, ""C"", [""T""]]]",yes,no,C->T,1
chr1,96605515,96605880,GAATGTATAACTAGAATAACCAATACAGAGAAGTGCTTAAAGGAGCTGATGGAGCTGAAAACCAAGGCTCGAGAACTACATGAAGAATGCAGAAGCCTCAGGAGCCGATGCGATCAACTGGAAGAAAGGGTATCAGCAATGGAAGATGAAATGAATGAAATGAAGCGAGAAAAAAGAATAAAAAGAAATGAGCAAAGCCTCCAAGAAATATGGGACTATGTGAAAAGACCAAATCTACGTCTGATTGGTATACCTGAAAGTGATGGGGAGAATGGAACCAAGTTGGAAAACACTCTACAGGATATTATCCAGGAGAACTTCCCCAATCTAGCAAGGCAGGCCAACGTTCAGATTCAGGAAATACAG,N,no,no,N,0
chr8,62421783,62422107,CATGAGGTTTTATAAGAACCTCATAATGTAGGTCCTGTTGTCCCATTTTTTATATATTGGGGAAAATTGAGTAATAGATGAAACAATGTGGAGCTATGATGTCATATAGTCAGTATGTGGTGGGAAGCTGGGATTCAAACTCAAGCCTCCAGGGCTCTGACTCCTCATCACTGCACACAGTGGCTCAGAGAACCATCGCGGTGAACAGGAATCTGCATTAACAGCTGCTATTACAGCAGGTTTTTAGGAATATTGCTAGTTGCCTACTCAAGAGTATGATAATATTCTCATTCAAGTCTCATGCAGAAAATAAACTAAAATATGT,N,no,no,N,0
chr3,74129176,74129419,TTCAAAGAAATAAATAGGAGAGAACATGGAGAAATTCTGGGCTGAGGAGGTACCATCTGCACAGCATACCCTTGGGGAATAGTTGGCAGGCTATGGAAGTAGGGGAACAGGAGGAAGAGATAAAGGTATTAACACAGTATGGCTCTGCCAGGATAGCCTCAGATGTGTTCTAAGAACTTAATGTTATTGCTTCAAATATTTTAGACTGAATATAGGGAAATTAAGCGTCTTAAAAGAGATTGGA,"[[74129224, ""T"", [""G""]]]",yes,no,T->G,1
chr2,168340992,168341294,TGCTTGGATTAGAGGCATGAGCCACCATTCCTGGCCGAAAATATGAATTCTCAATAATGTACTTCCCAGGGCCCAGTAAAGGATCTAGGCAGTGAATAAAAATTAAAAGAAAAATGCCCACATCTGACTGCAATCATATGAGTCACCCCAAGTGAGATCCACCCAGCTAAACCCAGTCAATCCACAGAATTTATAGGGATTATAATAAATTGTTGTTTTAATCCACTAAATTTGGAGTAGTTTGTTATGCAGGAATATGAGAACTAAAACACATCCCCAAAGCTCAAAAAGGGTGTTCCTGAT,"[[168341020, ""G"", [""T""]]]",yes,no,G->T,1
chr1,38615758,38616043,CATTGTCCATCCTCATGAGGGTAGGGATGTTGTCTGTTTTGTTCACTGTTTTACCTATACCTAGGAGAAGGCCTAGCACAGAGCAGTGTCAATATTTAGGTGTTGAATTAATGAACGCATTGTCTGCTCAATGGTGGCACCTGCTGGCAAATGGGATATTGCTGCTCAGCTCTACCAAACATTGTCACTGCTTCACCTAAAGGAGGATGGAGGACTTTTCTAAATATTGTAAGTGATAGGGTTTGGAAACTCCAGGCAAAGGGAAAATTTTTCTGGACCTAAGATA,N,no,no,N,0
chr18,43322691,43323024,TCCTACAGCTTAATTATGACCAACCCTTACCTTATCATGTTGAATAAGCAGTAGATATTGATTGAAACTAAGTACATTCCCATGTATTCCCCTGCCCTCAAATCCAAACGCAAAAAAAATCAAATTACCAAAGGGCGCAGAACTCAATTCCCTCTTTGTGAGCATGAGGAATCTTGCTGTAAAAGCAAACTGAAAATCAATGACCCCATGATATTCCCAAAGGCCTGTTATAGGAAAAGGGGTCTCAATCAGAATCAAGACATGCAAAGCACTTTGTGGTACAGTGTCTACATACCAGTGATTGCACTACGTTTTTGGATATCACTTTTAAATT,"[[43322706, ""G"", [""A""]]]",yes,no,G->A,1
chr17,21883646,21883965,CATACGGAATGGAACAGAATGGAATGGAGTGGAATGGAGTGGAATGGAATGGAATGGACTCGAATGGAATGGAGTCGAACGGAATGGAATCGAATGGAATGGAATCGAACGGAAAGGAATTGAATGGAATTGAAAGGAATAGAATGGAATGGAGTGTAATGGAAAGATATCGAATGGAATGGAAAGGAATGGAATGGACTCGAATGGAATGGACTGGAACGGAATGGACTCGAATGGAATGGACTGGAGTGGAATGGACTCGAATCGAATGGAAACAAATGGAATGGAAAGAATAGGAATGGAATGGAACGGAAATGAAT,"[[21883647, ""G"", [""A""]]]",yes,no,G->A,1
chr12,77344689,77344992,TTTGCACAAGCAGGTTAGTGTTAGAATGCAGAGACAGGAATGCAGGTCTTTTTTCCTGCCAGATCTTTGGATTTAAACTAGGAAACTGAAAAGTAATGCAGTTGCCAAGGTGAAATAATCTATTCATCTTCCTACTTACAGTGCAGTCTCAGTTACAATAGGAAGTCATATCTCAGTTAGGCATCTATTACACTGAGCACACACAATAAATGTTTTTAAAGCTACAAGAGTTGAGAAAATAACATACTGTTCCAATCCAGGGACTACTGGAAGATATGCTATAGCTTTTTTCCATCGCTTTCCA,"[[77344776, ""C"", [""G""]], [77344912, ""T"", [""A""]]]",yes,yes,C->G,2
chr12,75924283,75924681,CTGCATCTGAGGTGATGGGACGTTGGTCTCAAATCTATCTCCTCAACCAACTAAAAGTAGGGGTTTGCACAGCAAGGGAGAAATGTAACTGTGTGGAAAAATAGGAATTAGGGAGGAGTAAAGAAAAGGATTGGTCAACAGGAAGCTGGTGGTCAGTTAGGCAATCATGTCCAGGGAGGGATCTGGTGTCTCACTGTCCAGAGGCAGTGAACTGGTGAGTTTCAGTTCCATAATACTATCTGGGGAGCTTGCTGGTTGGTTTCCTGAGAAAGGAACTCAGATAAGACAAACGTCACTTTCTCAAGTTTTAAGACTGGAAAGGTCAATTTCTATGTTTATCCAAAATAAACCATAAACATCAGTTCTATGAGACAATTGCGCCAGTTTCACTTCCAGCAC,N,no,no,N,0
chr15,67248126,67248511,TTTATGCTTCTCCTCCTCTTTAGATTGATGACAACCTCCCTCTTTTAATAAACATAAAAATCAATCCTTCTTTTAATGTTGGTTGAAAAAATGTAAATATATTAAGTATCATAGCTAAAAACAATCAGTTCCCTCACCCCAGTCATCAGTTGAAATCACTGCCCTCATCTGACCATCTACTGAATCACTCTGTGATGACAACTCTAGGCCCTTGTGGTACATCTTGCTGGCCCAATCTTCCATTCTTTGAAGAAAATAAAGACATGGAAATATACAATCCAATCAAAGGCAGAATCCTCTTACCACAACAAAATAAGTAACTTTGCTTAAGTAAAAATTACTTATTCCCAGAGTAAACCAAAGAGTGCACTCAAAATACTTAAAGA,N,no,no,N,0
chr5,123949808,123950045,CACACATATACATACCACTGTCTTCAGGAAGCATTGGAGGACTTTGAAATTGAGAGAGATTCTGCATTTACCCCCAGTCCCAGTGGGAAAAATGGTGCTTCCTCATGACGTATTTCTAGGCCCTGCATGATAAGCAGCAGGGTCGTGCCTGTCCTTCACTTTTCTTCCAGCTGGGGACATCAGGTGCTCTCTGTAAGGGCACTTTGAAGAATAGGCTGACACTGCAGTGCACTTGGAA,"[[123949824, ""G"", [""A""]], [123950044, ""G"", [""A""]]]",yes,yes,G->A,2
chr2,134815756,134816148,CTGTAAATCATTCTAATGCCCTCTAAATTTTAAGAGCAACTGACCCAACTGATTCCTCTCCTATTACTGATCACCTGATGCACTGTATCCAGAAATAAAATACACAAAGAGAGAACCTGTCTGGCCTAATTTAATCATCATCACCCTGCCTGGGCAGAGCTCTTGTTACCATATCATCTCATAAATCATTGTACAAACATTAAACTGACCATCCTGGGTGATGTGCTTCCCTTAGGTTCAGTCAGCCCCAGGCCCAGTAGCCACAGTTTGGAAGAGGCAAGGAGGGTCACTGATAAACAACACGGCCAGGCATGCCTGCATAACCACCTGGAAGTGTCCACTCAGCAGGGGCCAGAGGTTGGCAGTTTCAAGAGGGGCTGTGGGTGCAGCAGG,"[[134815815, ""T"", [""C""]]]",yes,no,T->C,1
chr11,9512413,9512729,GTTGGTCAAATAAATGATTCATTTGTTTTAAACAGGTCAAGATGAAGATGTTCTTAAAGGGTCCCAGATTACGTATGTTACAGGTGTAGAAGGGGACGACGTTGTTTCTACACAAGTAGCCACAGTAACCCAATCTGGACTGAGTCAACAAGTTACACTCATATCCCAGGATGGGACTCAGCATGTAAGTATCCACCAAAAGCCAAACAAATTAAATCTTTCTGTGAACCTGGGCTTAAAAGGCAGGCTGGGTCCCCATTGAGGAAAGCTTTGAAATATCAGGGCACAAAGTTTGGAAACCCTGAGGTTTTTCAGTA,"[[9512454, ""G"", [""A""]], [9512650, ""G"", [""A""]]]",yes,yes,G->A,2
chr3,116456398,116456612,GGAGGAAATTCAAACCAAAGGCAAAGAAGTTGAAAACTTTGAAAAAAATTTAGATGAATGTATAGCTAGAATAACCAATACAGAGAAGTGCTTAAAGGAGCTGATGGAGCTGAAAGGAGAACTACGTGAAGAATGCAGAAGCCTCAGGAGCTGATGCGATCAACTGGAAGAAAGGGTATCAGTGATGGAAGATGAAATGAATGAAATGAAGCGAG,"[[116456462, ""A"", [""G""]]]",yes,no,A->G,1
chr9,115801007,115801289,CTTTTCCTAATTGAATACCCTTTATTTCCTTCTCCTGCCTAATTGCCCTGGCCAGAACTTCCAACACTATGTTGAATAGGAGTGGTGAGAGAGGGCATCTCTGTCTTGTGCCAGTTTTCAAAGGGAATGCTTCCAGTTTTTGTCCATGATATTGACTGTGGGTTTGTCATAGATAGCTCTTATTATTTTGAGATACGTCCCATCAATACCTAATTTATTGAGAGTTTTTAGCATGAAGGGTTGTTGAATTTTGTCAAAGGCCTTTTCTGCATCTATTGAGATA,"[[115801149, ""C"", [""T""]]]",yes,no,C->T,1
chr1,237713965,237714326,TCATTGTGGGAATATTAGAAAATTTTTTGTAAGTTCCCACAGAAAGGTCATGTGGTAAATACAACCAATTAAAACTGTGCTTTCTGTTCATAATGTGGCAAAGGAAAGAGCTTGGCTTTCAGAGGCAGATCAGCCTGGAGTGCTGACTCTGCCACTTCATAATCCCTTCACTCATCTTAAACCTCACTGTTCGTAGCAGCAAAATGTTTGTCATGCTGCTTACCTTGATGGAGGCTTGTAAAATCAGAATAATGTGTGTGTTGTGCCTCACAGATTATAGGCATGCAACAAATTTTAATAGATATGAATTGTAGTAACAAAATGATAAAGTTAAAATACAGCTGAATATCTAACAATCATAT,"[[237714019, ""A"", [""G""]]]",yes,no,A->G,1
chr13,33318714,33319175,TCAATGATAAAAAGACAAAAAAAAAGTAAGAATGGTCAGAGATTTGAATATACATCTTCCCAAAGAAGATATACAAATGCACATGAAAAGATGCTCAATATCATTAGTCATTAAGAGTACGCATGTCAAAACCACGATGAGATACCATTTCACAATGACTAGGATAATTACAATAAAAAAGTTGGACAATAACAAGTGTTGATTAGGAGTAGAGAAATTTGAACCTGTTGCTGGCAGGAATGTAAAATGGTGCAACCACTTTGGAAAACCATTTGGCAGTTCCTCAAGAAGTTAGACACAGAGTTACCAATGACCAAGCAATTCCACTCATAGATCTACACCCAAGAAAATTAAAAACATTTGTTTATAGAAAAATTGTATGTGAATGCTCACAGCATTATTCATCGTAGCTAAAATGTGAAGACAACCCAAATGTCCATCTACTGATAAACAGATAAACAA,"[[33318833, ""T"", [""C""]]]",yes,no,T->C,1
chr22,21966595,21967082,GCATCTATGAGCTGTGCTTTGTTGGGGTCCTGCCACTCTCTACCTCTGCTGAACACTTGTCGGAAGAGACAACTCTCTGTTTTGCCTATGGCAAAAACAATCCAAACAACTCAACCCCAGGCCCTGGCCCTTGCCAATCCCACGTAGGCTGGTCAGGGCAGTGCCTTCTGCATTCCAGACAGACAGATGTGGGTGCTAACAGAGGCCAGTTGTTATGTGAAGCTGGGCTCCCCAGCGTGAGGCCTGGAGGTGGCAACAGTGTCTCTGCAGGAATGTGATCAATGCTGACAGCCTGGAGCAGCTTTAGAAGTTTCAGATGCCTGAGACGATAGCATGGCGGGCAACAGGGCACTCAAGGAAGGCCAGAGAAGGACAAGGAGAAGGCGGCTAAGGAGGCCAGGCTGTGTCTCGACGGATCTGGTAGCTGTCATGCCTGGAGCATGTTTACTTCAATAGCCACAGATGTGTCCCCAACCCATGCAGCCAGG,"[[21966671, ""T"", [""C""]], [21967031, ""T"", [""G""]]]",yes,yes,T->G,2
chr18,71743729,71743982,TAACAAGCAAAAAACAAATAACCCCATTAAAATATCAAGAAAAACATGAACAGACATCTCAATAGAAGATATACAAGCAGCCAAAAAAAAGAAAAAAAATGCTCAACATGACTAATCATTGGCGAAATGAAAACAAAACCACAATGAGACACCATCTCACGCCAATAAGAAAGACTATTATTGAAAAGTCAAAAAATAAAAAAACCAACAATAAAAGAGAAAATACCATTTCTTATGAAAGTTTCACTTATTCA,N,no,no,N,0
chr16,80208043,80208394,AATGAGCTGGAGTGACCAAAGAACACAAGAATAAAAAGAGACTGGGAAGGACACATAGGCCTTGGTTATAAAGGGAAAAAAAAAAAAAAAAAAAGCTTTGCCCATGCTGTGCATGCACAGGTGCAAATAATACTTGGCCACGTGACAACATAAGGAACCGCTGCCTGACAAGACAGGCTCAGGCAAGAGGCTTTGGGGTGAGAATGAGACAGAGCATAGACTGGAGACTCAGTCCTCCAACAAATCCCAAATCTAGCCTCAGCTGTGCAGCCTCATTTGAGGTGACTTGACCTCTCTACATGACTCAATTCCTTTATTTGTAATATACAGGAGAATAATTTCTTAGAATTGT,"[[80208046, ""T"", [""G""]], [80208147, ""C"", [""T""]], [80208155, ""T"", [""A""]], [80208184, ""T"", [""G""]], [80208201, ""G"", [""C""]]]",yes,yes,T->G,5
chr2,150944316,150944675,TATATATATATGGAAAATGATTCAGAAATTAGGAAACTGATTATTTTTATAACAGCAGAATTCACTGCATATTTGGAGATTCTTCAGTCTGGGTCAGATCTACGTAAGAGACCCAAAGTAAATCTATCCCTGTGTTTCTTTGCTTTCAATCTCTTCTCATGTTTCAGTCACTGAATGAATGACTAGTGAAACTCTTCTTCCAGATGGCCCATGTTGAGTGGGTCAAACCTAGAGCAGTCAAACATTAATTCCCCAGAGGCAATATGCAAATGAAAAAGCATATATGAAAAGCCAAAGCCACACCAAATAATCCCAGCAACATTCTTTTTTGACTATGCCAAGCTAATTACCCTAAAAATA,N,no,no,N,0
chr4,174549782,174550041,CGTGTGTGCATACACTTTAAACATTAGCAGACATGGGGTATGGCTGCAGATAACCAGAAAACTATGTTTGAAAGTAGGGAAGATACCCTAGGGAGATACTTGTCTTGCCAAGTAATGATATTGGCAATGTGTCAGAAATGTAAACACTATAAGAAATTCCAACTACAGCTTGGCCAAATTAATCTCAACTTGCTGATGTTCAGAATTTTTTAATACTCTAATGGCAGTTGTAAAGTTTGTGAAAGAATTTAACATTGCTC,"[[174549783, ""T"", [""G""]]]",yes,no,T->G,1
chr15,58877081,58877510,TGAGTTAACTGACAATCCAGGCAGAAAGGTTTTAACTGTTTTCATTACTTCATACATTTAAGAGCTTGAGATTTTTTCTATGTAATTCCTAAGCTTTTAATTTTATTTTACAATTATTTTTGGCATGTGTAGTTTCTGACGTCAGCATCTTGCCCAACTTACCAAGACTGGCTACTATCTTTCTTGAATCTTTTTTGCATCATATGAGCTGTCTGTAGCTTCTGACTCATTGATGCCATTGTCCTGTGGCGAAACATTTGGATTACGCATCAAGCACACGGGGAATGGCACATTTTCCTCCATTCTCTTGGCTTTGAAGAATCTGTCTTCCTTCGTGGATCATGAAGTTAGGAGTTCAAGACCAGCCTGGCCAACATGGTGAAACCCCGTCTCTACTAAAAATAGAAAAAATTAGCCGGGCGTGGTGGCA,"[[58877116, ""A"", [""C""]], [58877450, ""A"", [""G""]]]",yes,yes,A->C,2
chr4,117669545,117669837,TCTTTATTAGTCTTGCTAGTGGTCTATCAATTTTGTTGATCTTTTCAAAAAACCAGCTCCTGGATTCATTAATTTTTTGAAGGGTTTTTTGTGTCTCTATTTCCTTTGATTTTAGTTATTTCTTGCCTTCTGCTAGCTTTTGAATGTGTTTGCTCTTGCTTTTCTAGTTCTTTTCATTGTGATGTTAGGGTGTCCATTTTGGATCTTTCCTGCTTTCTCTTGTGGGCATTTAGTGCTATAAATTTCCCTCTACACACTGCTTTGAATGTGTCCCAGAGATTCTGGTATGTTGT,N,no,no,N,0
chrX,103170249,103170558,TTTCTTCTTCTATTTTACATTTTGATATTGCAAAGAATGGGGGACAGTATTGAATAACAGCATTTAAGGAACATTTGCTATACAACAGACTGAAATCAGATGACTCTGGTCTCCAGTACTAGATCCTTCCTTGTCCATAGCACCATGACGAGTCACTTCCCCTGAGCTGGCCTCAGCCCTACACAGAAAACGATTGTGTATCCCAGTGGTTAGGCATGGGGACTTGGGAGTCAGATAGAGCTCAGTATAAACTTCGGATCATTTAATAACTGGTTTTATGCTGTCTGGCAAATGTTGAGTGTCAAGATAT,N,no,no,N,0
chr14,95980429,95980751,TATAGGTATCTATATATGCATAAATTATATATTTTATGTATGTATTGTGAAAGGAAAATCTTGGGGCCCCCAAATTACTAAGCCGCAAGGAAAAGTCAAGCTGGGAACTGCTCAGGGCAAACTTACCTCCCGTTCTATTCAAAGTCATCCTTCTGCTCGCTGAGACAGATGCATACCTGATTGCCTCCTTTGGGAAGGCTAATCAGAAACTCAAAAGAATGCAACCATTTGTCTCTCAACTACCTGTAACCTGGAAACTCCCTCCCTGCTTCGAGAACCAACGTATTTCTTACATATATTGATTGATGTCTCATGTCTCCCTA,"[[95980513, ""A"", [""G""]]]",yes,no,A->G,1
chr16,50537952,50538329,CAAGTAATGAATGTGTTCTGCTTGGTCTTTACTTCTCATGGATACTCAAGGAAGGCAGCAGGTCTGGGCAAAGAAGGAAGGTGTTTCTTCACCAGAAGCAAAATTTGTGTTGGAAAAGGGATCTTAGAAAAGCCCCAGCCTCGACATTCCTGAGCTCAGCCTCAGGGCTTTATACATACTTTGATGAACACTTAATATGTTGCAATTTTTCTGTTCTACCACAGGGTCAGCGCATACAGTTGTATAGGTTATGCACTGCACAACTCATGGAGTTCCATGGCCTAAACCTGAGGGACCCATCTTGCAGTCTCTGAGATGGTGTGGAGTGGCGTCCACAGATGAGGGCTTTGCTGACAAGTAGCGGGGTTTGAATCTAGT,N,no,no,N,0
chr9,29793990,29794330,TAAAAGAATCCCCAACAAGTGAATCAATGTGAGTTCTCTGTGTTCTGGTGAGAAATGCCATTCAAAATTGATGACAAGATTTCTGACCAAGATCTATTTTGGGCTAGCTTTCTTCATAACCATCTCTGACCTTACACTCAATGTCTCCTTGACTTATGTTACTGACATCTGAAATTAGAAATGAAACGTTAATTGCTAAGCTATACACATAGGTTGTTTCTTCACTCAGTAGCAGTCAACCTAGAGGTAACCAGGAAGAATGTAGATGTTTCTTTCAAAACTAGTTCTGAAAAACAAAACCTCAGCAGGCATAAACTATTATTAAACTATGACTTATGTAG,"[[29794176, ""T"", [""C""]]]",yes,no,T->C,1
chr16,86562442,86562771,TTGAAACCATGAGCTCAAGCGATCCTCCCACCTCAGCCTCCCAAACTGCTGGGATTACAGGCATGAGCCACCATGCCCGGCAGGGTGAATTTTTTAAAGGTTGCAGAGATGATGAATATCAGCCCCAAACATTTTGACACGTACCTTCTAAAAGCAAGGACATGCTCTTACTTGACCATGTATAATTATCGCACGCAAGAATCTTACCCTTGATTCAAGGTTATTATCTCATACACATCCCAGATGCAAATCTTCCCAAGTCTCCTCAAACCTGTCCTTGGTTGCTGTTTAAAATATCCCAGCACTTTGGGAGGCCGAGGCGGGCGAATC,"[[86562450, ""C"", [""A""]]]",yes,no,C->A,1
chr14,31384469,31384674,GCCCCCCCCTCTTTTTATTTTTTAATCCTTCTAGTACATTTATCTACATAATTCATATACTTTTTTTTTTTTTTTTGAGATAGCATCTTGCTCTGTCACCCAGGCTGGAATGCAGTGGTGCAATCTTGGTTCACTGCAACCTTCGCCTTCCGGGTTTAAGTGATCCTCTCGCCTCAGCCTCCTGAGCAGCTAGGATCCCAAGTGCG,"[[31384474, ""A"", [""C""]]]",yes,no,A->C,1
chr9,94840835,94841066,TGATTTCATTCCTGATGTTGGTAAGTTGTTCTTTTTCTCTTTGTTTCTTTGTCCATCTGGCTAGAGGTTTGTCACTTTTATTGATCTTTTCAAAGAATCATCTTTTGGTTTCATTGATTTTTCTCTGTTGTTTTTCTTGCTTACAGTTTAATAGATTCCTGATCTTACTTTTATTATTTCCTTCCTCTACTTGCTTTGGAATTTATTTTGCCCTTCTTTTTCCAGTTTCTTA,N,no,no,N,0
chr5,78581023,78581342,TGAGCAGTGGTTTGTAGTTCTCCTTGAAGAGGTCCTTCACATCCCTTTTAAGTTGGATTCCTAGGTATTTTATTCTCTTTGAAGCAATTGTGAATGGGAGTTCACTCATGATTTGGCTCTCTGTTTGTCTGTTGTTGGTGTATAAGAATGCTTGTGATTTTTGTACATTGATTGACGATGGGGTTTTCTAGATATACAATCATGTCATCTGCAAACAGGGACAATTTGACTTCCTCTTTTCCTAATTGAATACCCTTTATTTCCTTCCCCTGCCTAATTGCCCTGGCCAGAACTTCCAACACTATATTGAATAGGAGTGG,"[[78581061, ""C"", [""A""]]]",yes,no,C->A,1
chr9,103444276,103444509,CCTTCCAACTACATTCATCCTGATGTCTCTTGAGGCTCATGTAAATGTACATCCTGTGAACAGAACACAGAAATGCCAGTAGTCAATTTCCTTTGTCTCATACAGGAAATAGAATTATCAGTGATACTAGAGCACAAGCATATGCTCAGTAAATATCTCAAATTGACGTGATAAGAATAGAAGGTTCTTAATAGGTTGACAATATCCTCTTGTTATTCACACAGCACCCCAACA,N,no,no,N,0
chr6,75107977,75108181,GCTAAATTAAATAAATAAAGCCATTTTTAAAATAATAACTATAGAAGCCAAACAGGCTAGCTTTGCTTTTAGGACAATAGATCTATTGATTGACATTGATTGATTGATTGATTGATTGATTGAGACAGGGTCTCAGTCTGTCACCCAGGCTGGAGTGCAGTGATGCCATCATAGCTCTCTGCAGCTGCAAATTCCTAGGCTCTAG,"[[75108057, ""G"", [""A""]]]",yes,no,G->A,1
chr19,30420839,30421153,TCTTTATCTTCAAAGGAAAAGCTGTGAATCGTCCATTTGGGCCAGGTTCTGAGTACAACTAGAACTTTAGCCTGCCTGAGACGAATGCTTGGTTTGCATGTGTGTGTTTTTTGGTGGGTTTCACCGTTCACCTTCACTTACACGCTGAGGTTGAAGTTGTGCGGCAGACGGGGCTCTTCTTTCCCGTGGCTTTGAGGGAAGTAGGGATCTGTTACCAGCTGTCCCTCTGGGACATCTGTGCTCCCTGAAAGTAGAGCAGGCTCCTAACCAAGACAGGGTCCTTGGGCTTCGGAGGCAGTGAAGGTCAGGGATAGG,"[[30420851, ""G"", [""A""]]]",yes,no,G->A,1
chr13,71028898,71029236,CCTATTAATTCTGTTGGGTAATGTTTAGTATGAAATACAAAAAATTGGACTGACTATTGTGCATCTATGTAATCTAGTTATGTCGGAGAAATAGCTTGCTCTATTTCCTAAATTTCCCTTTCTGCTGCAGGAGTTAAATACCTGGGAGAGTCTAGGGCTGTATTGCCCTTTACAATAGAAAACAGGTTTTGTAACTTATCAGTAGTTATGCCCAAGGTGGGGCAAAGCCAATTAATATTGCCCAGTAATTTTTGATAATCATTTAAGGTGTGTAAGTTGCTAGTATTTAATCTTTTGAGGTCCTACTGACTGGGAAGTTGGTATGTATCCAAGATATTT,"[[71028907, ""C"", [""T""]]]",yes,no,C->T,1
chr18,51463649,51463975,CCCTAATGCTGCGGAGCCACAGCTGTCCAGCTGTCTATTTCCCCAATGCTGTGGAGCCACAGCCATCCAGCTGTCTATTTCCCTAATGCTGTGGAGCCACAGCCGTCCAGCTGTCTATTTCCCTAATGCTGTGGAGCCACAGCCGTCCAGCTGTCTATTTCCCTAATGCTGTGGAGCCACAGCCGTCCAGCTGTCTATTTCCCTAATGCTGTGGAGCCACAGCCGTCCAGCTGTCTATTTCCCTAATGCTGCGGAGTCACAGCCGTCCAGCTGTCTGGTGTTTTCAGGTGGTCCTCCTGCATTCTTCCTCTTCACCCTGTGGCATCA,N,no,no,N,0
chr5,83434930,83435306,TTAGGGCCAGGGTACAGTAGAAGGCACGCTCTATCTTAAGAGAGTAGCCACTACTGAGCTGTAGCTAATGGTTGCCATGCAGAAATTTGAGCCTAATGTTGCCACTTTTCTCATATTTTCAAGAAAAGCCAGAAATATAGACGAGAACATTTGCCATTTTAAAAGTTGGCAATGAGTTCACTGAAAAAGAAAACACTCTGTGTTGGCCAAATAAAACACATCTGCTGGCCAGATAGGCCTAGAGCCTTACAGTCTGGGTCTCTATTTCTTACCATCTTCCACTTCTCTTTACTTCCCTTGGATATCTTTCTATTTCCTCTTTCTTTCTCTCGTTCCTTTCAATTTCTTGAACCACTAATTGATTTGAAACCAGCATC,"[[83434946, ""C"", [""G""]]]",yes,no,C->G,1
chr2,95392777,95393016,AGACGTTAATAAATTAAATCCTATGAAAAGTATAAATTTACACCCGATGTCATGATCAGGAAGATGAGGCCTATGGTTTGATGAGAGCTTTGGGCCAGGCGCCATGACCTGGGTGCTCCACCAGGGAGCAGCCTTTGAGCCCAGCTTGCAGGATGAGGAGGAAGGGGCTGGGGAAAGGGGTGAGGGATGGAAGGGAGACAGCACTGCCAGGGGCTGTGGCCAGATCCCAGGCACAAATGC,N,no,no,N,0
chr2,240714952,240715344,GCCCACCCATGCCGCGAGTGCTCTGCAGGTTGGCTGGCCTCAGACACCTGCGACCTGGGGGGTGCGCCCAGACCCTTTGGAGGCCACAGCCTCAGGCTGGCTGACCTGAGTTGGCCGTGGCAGGGCCTGTGCCTCCTCTAGCCTGCCTGGGGCCCGTGGGGCTCCCCCTCATCTCAGACCAGCGTGTCCTGCCCTGCCTCTCCTTCCTGCCTCCAGGCAGCGCTGGATGCCGGAGCAGGTGCTTCTGCAAGAAGCTGTTCTGCATCCTCTCCTTGCTGCATCTTGGTCCACTGCCTCCAGAGGTCACCCATGGGGAGCACAGGCCACCTGGCTTCTGAATTTTATTTTGGGATGTGAATCCTCACCTGGGAGATTTCCAAAGAAAGCTGCTGT,"[[240714961, ""C"", [""T""]]]",yes,no,C->T,1
chr4,106794039,106794361,TCCTACCAAGGAAGCAGCCAGTCCACAATGATAGCTTCAGCAATGGTATTCTCTTCCTAAAGAGTTTGAAACTTGAATAAGCACTAGAAAGACTACCGAAAGTTGAGATTTGATTTGTGGCTGTTAGGTCTGTGGTCAGTGGTTAGGTTTCCAAAGAGTAAGGATACCTTAGTGTTTTTGACTAGATTATTTTTGCTGCAAAGCCTCATTTGAATTCATCTTGTTTGCTTAGCCTGATTTTCTGGTCTTCATATAGATCTAGGATCTACCTAATTTCCTTACAGTAAATTCCTTTTCCCCTCATATAGTAGGTTTCTATTGCT,"[[106794087, ""C"", [""T""]], [106794135, ""T"", [""C""]]]",yes,yes,T->C,2
chr7,116485162,116485554,TGTAATTCTTTATATTTCTGTATAAAATGGGAAAGGAGCAAGCTTTTTTTTTTTTTTTTTTTTTGAGATAGCATCTTGTTCTGTCTCCCAGTCTGGAGCCTGCAGTCTTGACCTCCTAGGCTTAAGCCATCCTCCCACCTCAGCCTCCTGGGTACCTGGAAGTACAGGTACACACAACCACACCCAGCATTTTTTGTTTGGTTCGTTTTGTTTGGAGAAATGGAATCTCACTATGTTGTCAGAGCTGGTCTCAAACTCCTGGCTTCAAGAAATCCTCCCACTTTGGCCTCTCAAAGTACTAAAATTACAGGCATGAGCCACTGTGCCTGGCTGAAAGAAGCAAATTTGAAAAAAAAGGAAAACCACAGACACAGATCAGTTATCTGGCAAATT,"[[116485362, ""T"", [""G""]], [116485365, ""T"", [""C""]]]",yes,yes,T->C,2
chr11,134142560,134142830,GTTGTTTTCCAGGTTCTTCCTGCTTCTTTGACAGTGTTATTATGTCTTATGTTTAAAATGTTTTTTTATGGAGCTGTAATTCGTACCGCATCCTTTTAAAGTGTGCAGTTCAGGGGTTTTTAATATACTCACAGTTGTGCAACCATCACCACTATCAAATTCCAGAACATTTTCATCATCCCACAGAGAAAGCCCGTACCCAGCAGTAGTCAGTCCTCCTCCCGCATCCCTGGCAGCTCTGATTCCACTTTCTGTCTCTGTGGATTTGCCT,"[[134142591, ""A"", [""C""]]]",yes,no,A->C,1
chr14,25832712,25832925,CCACCTCATTAGCCTGGATAACTTATCAGACTTAATCAACAACTGACGGCTGTCGTTTTTCCTGATCCTATTGTATCAGCAACATGGATACCATGTGATTCAGACAGCTCCCTGTTCAAAGAGAGCTCTAAGCATATCATTGCTTCCTGGAACAAGACGGGTGCTAACACTTAGGAAATTCTATGTTTCTTCTCTGAAGCATCCCACCTCTTTA,"[[25832737, ""A"", [""T""]], [25832785, ""C"", [""T""]], [25832806, ""A"", [""G""]]]",yes,yes,A->G,3
chr7,122198634,122198861,GAGTGTGCTACTTTGTGTGTCATTGAATGTCTGCTCTGAGAAGCAGGAAAGTAAACCCAGCATTGTAGTGATAGTCTTTGGAATGAAGCTCATGGTGAGAACCAAGAGCAACTCCAGTAGGAAAGAAAGGGCAAGGTCAGAAAGGAGATTAAGATCTTGGAAGCAGAGTTGCCCCGGGGTACCTGCTAACTGTTCCTATGTACCTGCTGTGAGCAGACTATTGTATCA,"[[122198638, ""A"", [""G""]], [122198653, ""C"", [""T""]]]",yes,yes,A->G,2
chr11,118990522,118990913,AGAGGTTTTGCCATGTTGCCCAGGCTGGTCTCAAACTCCTGAGCTCAAGCAATCTGCCCGTTGGGATTACAGGCATGAGCTACCGTGTCCAGCCTATAGTTTTTGTTTGTCTGTTTGTTTTTTGGGACAGTCTAGCTCTGTCACCCAGGCTTGAGTGCGGTGGCATGATCTCAGCTCACTGCAACCTCAGCCTCCTGGTTTCAAGTGATTCTCGTGCCTCAACCTCCTGAGTAGCTGGGACTACAGGTGAGCACCAACACACCTGGCTTTTTGTATTTTTAGTAGAGACCAGGTTTCGCTATGTTGGCCACATGTTGGCTAGGCTGGTTTCGAACTCCTGATCTCAAGTGATTCACCTACCTTGGCCTCCCAAAGTGCTGGGATTACAGGCA,"[[118990646, ""A"", [""G""]]]",yes,no,A->G,1
chr1,118525429,118525662,TCAAGCACACTGATTTTTTTCTTCTTCTTGATCAATTCTGCTGTTGATACTTTCTATTGCAATTTTCACTTTATTTGTTGTATTCTTCAGCTCCAGAATTTTTGTTTATTTGGTTTTTGTTATTTTAAACTCTCAAATTTCTCTGATACATTTCTGAATTGTTTCTCTATATTTTATTAAAATTCACCAAGCTTCCTTAAGACAGCTATTTTGAACTGTCAGGCAGAACATACA,"[[118525435, ""T"", [""A""]]]",yes,no,T->A,1
chr10,4894407,4894822,GAGTAGATAAGTTTATTAAGACTTTACGTGGGGCACTCCTGGATAGTGGCAGAACAGCTCCAGAGATCTGCGCCTCCTCCTGTCTCTAAGCTGCTTTTAAGCTAATTTTCTGGCACTTTGCCTGCTGTGTGGCTGTGATGGGGCTGTTTCTCTTGGTAGGTTCTCAGATCCTTTTGGGGATGTTTGGGTTCTCAGGAACACCTGCTCCTCAGCTGGACACCATGACCTTGGCTCACCATCTGGCCTTCAAGGTTTAAGCAGCAGACATTCACCCTTAAGTAACCTGGTGGAAGACCCATCACACATAGACACACACACACACACACACACACACACATACACGCACACACACACGCATGCATTTTGTGTGCTGGAAGAACTGGGCCAGCTGTCTTGGCTGTCTGGAGAGGATATTC,"[[4894415, ""G"", [""A""]], [4894645, ""C"", [""T""]]]",yes,yes,C->T,2
chr5,135592698,135593139,CCACAGGTGTGTCCTGAAATGGTCTAGAGATGGCCCTGAGAGGCAGCAAGGTAAAGTGAGGGCGCTGGGAACTTTGGGGAGAGCTCGTTCCCATGCAGGTACTAGAGAGTGAAGAACAGACATCTGTGGCTTTCAGAAACTCTGAAACTGCCAAAAGCATCAATGCCTTAAGGCAGAACTCTCAGGCCCAGAGAGAAAGAGAGAGTGCAGTGTGGGGTAGAGCTTGAGAGACAGAGACGCTTGGTATAAACGTTCTATAACTTATATGAATATCACTGGCTGCCCTGAACCACCACTGAAGCTCCTGGAGCTCTAGCACCTGTCAGGGGAAATTCCCCACCAGAGCTCAGCAGGACCCAGGCTCCCGGCTTCCTGACTCCTGTTTAATAGTGAGGGCTCAGGTCTGAGGACTCAGAGCACACTCTCCAGGCTTTCAAGGTTG,"[[135592783, ""G"", [""C""]]]",yes,no,G->C,1
chr2,71581107,71581473,TGTCCTAATTACCAAGGCACCCTGGCGTGGGATGAAACCTGCTCCAGTGTTCTCTGCAACATCTGCATGTGGAGACATGGAAACCCTAGAGGGACAAGCACACACGCATACACGCTCGCGCCAGCCCACACGTGGCATCGTGGATTCTCCAGGTTTCCTGATTCCACCCTCAGCTCCCCAGGGGCCAGCCAGTAGTTTTGCAAGGAGTTTAGCAGCTGCTTCCAAGCCCTGGCTCCAGCTGTAAATTAAATGGGGTTGCACTCTCGCCTGCTATTCCACTTAAGGTTGCAATCAGCCCTGATTAGAAAGGGAGTCTGTGTGTTCCTGTGTTCCGTTCTGTCTTTTAAAGGGTTCCCCTCCTTTGGCC,"[[71581170, ""C"", [""T""]]]",yes,no,C->T,1
chr1,115723790,115724155,TGGCCTCCCAAAGTGCTGAGATTACAGGCATGAGTCACTATGCCTAGCGATAAGACCCTTTTAATATCTTTGAAAGGTTTAAATGTTAGGAAAGTTTGTTTCTATTGTGCTGAGTTGTTATTAAATAGTCCGCTCCTCTGGACTGGATTATTTACCCTTTGGTATCTTGTGAAATGTTTGCTCTACCTTCAAACATCCAAGTAAGTTACAGACCAGTAAAACAGTGTCAAGTTGCTCCCTGGTTCTGTTCATCCATCACTTCAAAGAATTAAACAGATAAATACTTCCGTGTTAATTCCTTTCTCCTCCTTCCCAGCCCTCACACCAAATGGCCCCTTGTGGGGACATAGTCACTCTGGGGAGGCA,N,no,no,N,0
chr17,69669840,69670049,TTAAAATGCAGATCCTGTGCTCCTCCATCAACCTACTGAATCAGGACCTCAGGCTGGGATCCAGAAACCTGATCTTTTTAACAGAGTGCATACTGGTGAATCTGATACCCTCTCGAGTGTGGAACAACTTGCCAAGTTTTTCAGAATTCCTTGTTGCTAAGAATCATGCTGGTGCTTGTTAAACATTCAGCCTTTTAGGCCCTTTTACTA,N,no,no,N,0
chr5,162227188,162227494,CACATGAGCAAGAATTTTGTACTGCTCTACCTGAAAGGAGATATGCCACTCTCTTACTTGCCTTCCCTATCTTATCCCCAGAGAGGGCGCTAACAGCTTGTGTTTGGAGATTTTTAGCTGTTGACAGCAGGACATTTGGGATCCTGGGTGCTGAATATAGTAAGTCAAATTATTGTTTGTGTATCTGCTCTCCCCACCAAACAATAGCACATTAGTTCGTTCACACACTACTATAAAGAAATACCTGATACTGGGTAACTTATAAAGGAAAGGGATTTAATTGACTCACAGTCCCACATGGCTAGGG,"[[162227198, ""G"", [""A""]]]",yes,no,G->A,1
chr11,114892564,114892973,CTATGTCCTAGTAGATATGAGTAAGAAGGGTCAGGGACAGGAACAGGGTGAGTGTCAGATGAAGCACCCTGTAATCCTGAGAAAATATGACCACTCCCCAGGGTTGCTGCTAAACCACAGGGTGCCCTGGTGCAAAATAGAAAACAGGACTCCTACAGGAGTATCCAGCTCAATCTGTAGTGGACGCAGTGTTGCTCAGTGGCTCCCCTAGTGGCCAAATTCCCCCAAAATGACTCTTCTATCTGTCTCCACTCTCCATCCTTCTCTTGAGTATCTCTTTTCTCTTGGGACCTGCAGTTCTGGGAAATGCAAATCCATGCAGCCCTAGACATTAGAGCTGGACAAATCCAGAGACTGTTGTCACACTAATTCCCCATTTTAAAGATGGAGAAGCTGAGACCCAGAGAAGG,N,no,no,N,0
chr10,60441534,60441801,TCCTATACATGCACAACAGCAATTACATGGCTGGAATTCCTATTAAAATCTGTTTCATGCTTAAACAACAAAGGTGTAGAAAATGTTTATATCTGGCATAATAAGTAAAATTATATTTACAGTAAGTACAATAAGATCACTTAATTCCTACTCATTTGTTTTGTTGCTATTCACAACACTTCCCTCTAGTGTTCATACAAGTACATAAATTTCAGCGAAGCACCAGACACCTAGATTTTTATATATGGTAAGCTTAAAATTCCAAGTA,N,no,no,N,0
chr5,149015132,149015356,CCCCATCAGGGGAAGACAAGACTTACAGAGACCTAGTGGCTCACACAGCACCATTGAGACTCCTTGCAAATGGAAGATTTTCCAAAGACAACTGACTCTCACCAAGACTTGCACATGATCTATGATCTCCAGTAAAAAAACAAGTGCTTCTGTGGTCTAAAACTGGGCAGTAGTCCAGCTTCCTTGGTTCCTTCCTATCACCACTCACCCCCATTACTTTACATC,N,no,no,N,0
chr12,3661057,3661427,CCATCATTTTAACCCCTAACTCCCACGTCCACTTGGGCCTCCAATCCAGGACCAGACCTTCTCTGCTGTCCAAGGCTTTGCCACAGCCCAATTTCTGTCCCTTTCTCACCTGCCACCTGTTGGGAGAGCATTTTCACCATGTGCACAGGTGAACAATGAACAGGAGTCATTTTGATTGGCATCCTTCCAGCTTTACAGAAACCACAAATCTGACCCAGACAAAGGAACAGTGTGTGAGACTCCATGGTCAGGGGCATTGATCACAGAGCACAGCCTTGGAGTTCCCTTGCTTGGCTGCAACCCCAAGACCAGAAACTTGATTTTGAGTGACTGTACAGTAACGGTCCAGGGTGGGCTCAGCAAGAGATGAC,"[[3661082, ""T"", [""C""]]]",yes,no,T->C,1
chr11,26792983,26793350,TACTTGTAGTCAAATTCTAACCCTTCCACACTGAAATACTGTATGTGTAAGGCCAATGGAAAAGATTTTGATCCTGAGGGGATAAAAACAAGAAATAAACTTCAGAGATTGCAGCATATAATAAAAAGCAGCTGCCACATGAGGGTCTGTTTTGACTCACTGTGTAGTCCACATATGCACTGAGTTTCTCAGATCCTGGTATTTCACTTCTCAGGCATGCTTTGTCTACCTCCTGGGTTGTTTAGCAAAGACCCAAGACAGCTTCTTTCCCTTATGCAAATATTATTCACTCATGTCCTCTTTAATCAGAAGAGAAGCTACTTAGACCCTAAGAAAAACATTAAAATATGAAACTTTTAATGGTCCAT,"[[26793020, ""T"", [""A""]]]",yes,no,T->A,1
chr4,144350755,144350960,TTTTCCACTGTCACTAAAGTTTTATCTCACCCTTACAGCCTTTTTCTTGGCTGGAGTGGTTACTGAAATAATTTTATAAATTACTTCTTATTCTTAAATGAAGTAGAAGATGGAGGTATTTGCAGCATGGCTCTAAGTCGCAAATGAGTCAGCATTCTGCTATGATTCATCTTTACTTCTATCTGCTGGCTGAAAACTATCACTTC,N,no,no,N,0
chr1,99144506,99144802,AGACGCTCCAGTATGATGCCCCTAGCATGTGGTCTCCAACTGGTCTGGATTAGCTAATAACGCAAGCTCTGACCATGGCTTTAGGGTTACCGAATCCAATGTGTATGGAATCTTGCGGGCACATGGCAGAGGTATTGATTCTTTTCAGGCCCTCAGGGACACAGCTTCAGAAGCATCCATAGCAGCAACAATTGGCTGGCACAATGGCTCACATCCATAATCCCAGCAGTTAGGGAGGCTAAGGCCAGTGGGTTGCTTGAGCCCAGGAGTTTGATACCAGCGTGGGCAACATAGTGA,"[[99144559, ""T"", [""C""]], [99144597, ""A"", [""G""]], [99144722, ""G"", [""A""]]]",yes,yes,T->C,3
chr11,11628806,11629119,TACCGCCTCCCTCCTGAGTAGCTGTTAAGGGACATTTATCTTCAATGAGGGAATTAAAATGCAAAAAGGGAGAGGCCTCTTGGAATTATTTGCACCTGCAAAGGAGATTGTTAAAAACAGAAGCACTTTCAAGCCCTAATTAGCTATTGTCCTCCGAACAAGGAAAAGTGCTATTAAATTCCTCCCTTTCAAAAGAGAGAATCTGGTTGGTGAAGTAGGGGCAAAGGAATGGCGATTTCTTTAGCCCCTACTGATGGCAGAAATAGTCACAGATTTCCTCAGACTCATGGAAGGTGCTTCCCTAAAAACTCGTA,"[[11628841, ""C"", [""T""]]]",yes,no,C->T,1
chr13,50134875,50135169,GCTATTTGGGGCTACTTACAAGAACTTCAGTATCCTTGAAACTTAGAGGGCAGAGGACCTGCTCGGGGAGCAGAGAGACAGCTTGAGGAGAGGAGCCTGGGCCCTGAGAGGGGGACCCGGGGTGAATAGTTCATCATGGGGCTTTCATGGTGCACAGCAGGTGAAGCCGAGGGCTGTGTTAGATCCGATGCCCCCTAGGTTTCCTTCTGGTGTGAAGATTTGAAGGATTCACTTTTATCAAGGGAGCTGATGTTTCCTTGCCAGGCACCACATATATCCCTGTGCTATTACACAT,"[[50134938, ""G"", [""C""]]]",yes,no,G->C,1
chrX,58230638,58231009,AATGGGAGAGACTCCCAGCTAACCCCAGGCATTTGAAAGATAGAAACTCCTGGCTTACTGCATTTATTCTAATGATAAAGAAACCTGTGTGACCTCAGGCATTCTAAAGATAAAGACACCTGGCCAACCTCAGGCATTCTAATGAGAGAGACTCCAGTCCAACCCCAGGCTTTCTAATGATAGAGACTTTTGAGCAACCCCGCAACCTCACAATTCTAAGGATAGATGCACCTGGCTGACCCCAGACATTCTGATGGGAGAGACTTCAGGCCTAACCCAGGCATTCTAATAATAGATGCTTTTGGCTGACACCTGGCATTCTAATGATAGAGACACCTAAGTGACATCAGGCATTCTAAGGATAGAGACCCC,N,no,no,N,0
chr9,4413952,4414161,TGCATTTACAGACCTGTGGCCAGATGTTTCTTATTTGCAAGCTTAGAAGCCTCAGGCAAGTCAGTGAAAGCCAGAACCATGCCATATTTCTCGGGAAAACACTAAAGACTCATGTACATTTCCTCTGAATCAACTGGAATGTGAAGCTGGCAAAATCAAGATGATCCCCAGCCACAGAGACCATATGAAAGTAACACAAAAGGGTAGAAT,N,no,no,N,0
chr11,107969147,107969554,CCTCCCGGCCCTGTTTTATTTTTAGTATCATTCTTATTATAATCACTAAATTGTCAAGAAGCTAAGCTTAATCCTTATTGTTGGCTAGAAACTTGATAATGGCTCTCTGGCTAGTTCATTTTAAGTGGTCATGACTCCTTGAAATGGCCTGATTCTTAGAGAAGAATACTTCAGTAGTGCCCTAAAGGACATAGAGCTCCTGGGGATTGCTGGTCATCAACAACAGCATCTGACCAGATGGACAAGGGCTTGAAGGAGTGTCCCAACAGCAGTACTGCAAATTCACCAGCAGGAAGAGTTAGTGCATGTACCCAGTGTGGTAAGGACTGTGGGTCAGAGAACTAGGCTTTTAGTTTGCATAAAATGATTATCACTAGCATCATTTTCTAAAAGTTTTTTTTTTTTTGG,N,no,no,N,0
chr17,79319416,79319791,GCTGGAGTGGTGATGACCCAGGGCTCGGCCTACTTTCAGCCTGAGAATCCTGAGAGAACCCCCTCCAAGAGCAGCCTGGGCAGATTGGTCTTGTCTGGGCTTCTGGTCTTGTCTGGGCTGCTGGGCTATGTCTGGGCTGCTGGTCTTGTATGGGCTGCTGGGCCAGCTGTTCTTATCCTGGCTGCTGGTCTTGTCCGGGCTGCTGGTCTTGTCTGGGCTGCTGGTCTTGTCTGGGCTGCTGGGCTATGTCTGGGCTGCTGGGCTATATCTGGGCTGCTGGTCTTGTATGGGCTGCTGGGCCAGCTGTTCTTGTCCAGGCTGCTGGTCTTGTCTGGGCTGCTGGTCCTGTCTGGGCTGCTGGTCTATGTCTGGGCTG,"[[79319418, ""C"", [""T""]], [79319517, ""G"", [""T""]]]",yes,yes,C->T,2
chr3,6079022,6079334,TATTCACAGCTGTCCAGTGGGGCGAGAAGCACATTTTGCCTAGGTTAGACCTGACTCCAGAAAAAAAATATACTTCCCTGAAGCCACATTGATTCCCATACAAAACCCAGGAGACCCTGGAAGGAGAACTGGTTCGTGGATGATGGAAAGGCAGCCAAATAAACACAATAGGGAAAAAGAGGATCTGCGGAGGAGGCGGAAGTGATGCATAAGACCAGAAGGTCAATTCCTTCCCATTTCATAAGATAAAAACTGGAATCCATTGTGTTTGCAAATAGAGCAACTCTATGTGGTAGCCACATTTCTGTTTGTG,"[[6079044, ""T"", [""C""]], [6079320, ""G"", [""A""]]]",yes,yes,G->A,2
chr1,209172301,209172674,GATAGGCTGAAAGCTGGGGCTCTTTTGCCAGTTATCCCAATTGTGAATGCAAAGGAAAAGTTCTTAAGGGAAATTAAAAGTGCCACTGCAGAGCCAGATCTTGAGTCTGAGGTGTTAAGAGTTTACCCTGAGGCCAAGAGAGAAGCCACAGAAGGTTCACGGGAGGGGGAGGACATGAGACATCCAACAGGTCTGAGTTCCTCTCACAGCAGTAGGCTTTGGTCTGAGTCAGGATGAGTCTAGGACTTGCTCCCCAAGGGACTGTGGGGACTGGGAGGAGCGGGGGAGCAGGGAGAAGGTCCAAGCTGAGGGGAACGGCAAAGAGATGTGAAGGAGATGCTCTCTGATCAGGACACACTCAGAGGTACCCATTT,N,no,no,N,0
chr14,98721093,98721465,AAAAAAAAAAAAAAAAAAAAAAAACAGTGTGAAGGCCAAACAAAACACATCTGCAAGCCAGACCTTACAGAGCCTACTGGCTCTGGCTGTGGCCAAGGTCAGACTATGATTGGCTGCGGAATCATGGTTCATTACTAGCAGTTGCTGCTTTGCAGAGTGAGAGGTTGGTCCTTGACTTTCTATAATTATTCAGATTGAGTGCTTCTGGTTTGTTCAGAAACCTGAAGCTTTATGAAAGCAAAAGAGGAACACTGGAGTTCAGTCTCTGCTACCTGCCTCCTTTCTGCTGGTACCCTAAAGCCTGCACTCCTCTGCAGGGGCTGCCCTGACTTTTGCTTTGCTTTGGTGTTAGGTTTTATGTTTGCTCCCCTTA,"[[98721297, ""G"", [""C""]], [98721405, ""C"", [""T""]], [98721406, ""A"", [""G""]]]",yes,yes,G->C,3
chr2,25744842,25745075,AAAGCAAGCAAGCCAGCCACCCATACCACTACTGTCTTTTAGTTCTTAGCTTTACTACCAAGGTCCAGGGGAAAATACTTGCTCTTCTCTGTTACACACACACACACACACACACACACACACACACACACACACACACTTGGGCTGGATTATCTCAAATTACACAGGCTTCTAGACAGCACTGGAAGGAAGACAATGTGTGATCTATAGGAGCCCCCACCATGCCCATACACA,"[[25744935, ""C"", [""A""]]]",yes,no,C->A,1
chr11,62186346,62186549,CTCCAGCCCCTTGAGGTTAAGCACCCGCTGTGCTGGTGAGGTGGAGGTGTTCCCAGTCTGCTGGCAACAACACCCTGCCAAAGCACTTCATCAGAGCAGTGGCAGCAGGATCTGTGCTCATGTGAATGCATGCTGGCAGCTGTGGTGGCAAATCAATATTGACAGTTTTTCTAGTGGATTGTCTTAAATTTCCCTGATAGTTGA,"[[62186350, ""G"", [""A""]]]",yes,no,G->A,1
chr7,41641094,41641422,ACTGCTTGCTTTTTCTATATTCTCAGATAAATTTGCTCTGAGATCAAATTTCCAAGCATTCTCTGTGGTGAACGCTCACTCGGAAGAGGCTCCAGTTACCACCCTCACAGTGGGGATGGCTCTGCCTCATTCCCATGTCTGTCTTCCCAGCAGGGGCTTCTGCACTAGCAACGTGTCTCCTTGATGCAAATCAGGGCCACGTTTGAAAATGCAATGAAGTCTCAAATCCGGAGTCTCTGGTCAGAGAAACAATTAGAACTCAGCATTGCCTGAGTTTTTGTGTATGTACATGAAAGTGGAGTTGAGTGCTAAAGGAAAGGACTTATTTT,"[[41641101, ""C"", [""G""]], [41641262, ""T"", [""C""]]]",yes,yes,T->C,2
chr5,12691206,12691690,GGACTGGAAAAAGGCCTGATGTGCAATGGGTAAGAAAGGACTGAGACAGTGAATCTTTTGGTTCTGGGTCTGGAAGAAAGCAAGGAAGGTGAGTTGTTTCCTGTTCAAGAGTCTGAGACTAAGTTTGCTCCGTGGAAAACGTGAAACTTCAGCTAAGGTAAACACAGGAACAGATGGTTGTCTCGTTCATGTAGAATCTGACAACACTGTTTTCCTCTGCTACCTGAGGACATAGCTCCGTTGAAGTGTATTGCCTAAGGAAGATAAAAGGCAGAGACAAAGTCTTCAAAACAGGAATTGAGTAAGCACACACGGGCAGAGTGATTGGATTTGTGACGTCAGGCGCTGACTCAACGATACGGCCTTTGGGCTCCCAGTGAATAGAATCCTCAGGATATCAGACAAGAGTTGGGAAAAGACGACAAGATAAAAGAGACTAAAAACATATACAGAAATGCACACAAGATAAAACTTTAAACCAGAAT,"[[12691337, ""A"", [""G""]]]",yes,no,A->G,1
chr11,18080412,18080743,TTCAAACTTGGGAATTTTTTTTCCAAGTCATCAGCAAGCGCCTTATCAACTTCACGTAGGATTTTAATAAAATCTTCCACCTGTGAGTCAAACAAACAAACAAAAATCAAACACAGAAGAGAAAAACGTGCTTTAAGGTACTGATTGCTCTACCTGTGGTTTCTAAATGGTCCAATGGAAAAGAAATGCTGGCAGATCTCCAGATGATAGTAACAGTACTTCCTAAGCAGTCTTCTAAATCATTCTCAAGGAAATGACTATGCTTTCCCATTCCGTTTTACTCTTGAGCTAGTACTTCTCCCCCCGCCTCTTCTTTACAGTCTGTTCCCACA,"[[18080426, ""G"", [""T""]]]",yes,no,G->T,1
chrX,117895489,117895823,CCAATTTAAAATAAAACTCCCCATCTCTAAGAACTTGCTTTGCATTTACTTTTCTTCCTGCCTACTCACAAAGCTATTTGATGTGCAAAGGACTAAACCTGTGGTTTTGTGGCTGAAAATGAAAAACACAAGGAAAGGCATAGGAGCTAAGAATAAAATTAGAGGCATAGCCAACTTTCCACACAAGAATGTTTGCTTACTATTCTTGTGGGAGGAAAACACGCAAAGGCCCTTGAAATGAGAAAATAAAAGGTCACATGGTGGAACTAATTAAATAAGACACTACTTAATTGCCCTGTGGTGCACCCTGTCATGGGCTAATATGGAATTATTTT,N,no,no,N,0
chr3,129296797,129296998,CTCTGTTGCCCAGGCTGGAGTGCAGTGGTGCGATCTCGGCTCACTGCAAGCTCCGCCTCAGCCTCCCGAGTAGCTGGGACTACAGGCGCCCGTCACCAGGCCCAGCTAATTTTTTGTATTTTTAGTAGAGACGGGGTTTCACCGTGTTAGCCAGGATGGTCTCGATCTCCTGACCTCGTGATCCGCCTGCCTCGGCCTCCCA,N,no,no,N,0
chr4,79043162,79043653,TATCTACGAATCCAGGATCACGTTGGATATTATCACTCATTACCATTGTGAGAAAAGGATGATTAAACTAATAGTTACTCGGAGACACTTCTGATGACAGGAGGCTATGATGAAAATAAACTGGCTTCAATATACATTTAGAACCGGTAATAATGGGATGTGGCAGGAAGCCAATAAATGAACATGGCCCTCCGCTCTGATCAATGAATTACTTTCCCTTCTCTTTCCCTGCTCTTGAGGGCAGCACAGGAACCTTAATGAAAAATCAATAACCCTCTGTAATTCAGAAATGGAATCAATCGTTTGACCTGACTTTTTCTTTTTCCTTGCTAAGAGAATGCTTAGCTCAAGATAGAATTCAGTTGTAAAGAGCTGTTCTTCAAAAAGCCTACAGAAGACACCTGATATCAGTCCACAACAATTTATACCTGCGATGGGTAGGACTTTTCTTCCTTGCCATCTTAAGGAGTAATGAGTCTTACGTTTATTTTC,"[[79043168, ""T"", [""C""]]]",yes,no,T->C,1
chr9,24764979,24765430,TGCTGAAGATGTGCCTACAACCACCCCTTCTCCCAGGTGCTCTGTCCCAGGGAGATGAGGCTTTTATATATAAGCCTCTGGCTGGAGCTGCTACCTTTTTTTTCAGAGATGCTCTTCCCAAAGAGGAGTAATCTAGAGAGGCAGACTGGCCACAGAGGCCTTGCTGAGTTGCGGTGGGCCCTGCCCAGTTTGAACTTCCTGGTGGCTTTGTTTACACTGTGAGGGTAAAACTGCCTACTCAATCCTCAGCAGTGGCAGATGCCTCTCCCCCCACCAAGCTCTAGCATCCCAGGTCGACCTCAGACTGCTGTGCTAGCAGTGAGAATTTCAAGCCAGTGGATCTTAGCTTGCTGGGCTCTGTGAGGAAGGAAACTGCTGAGCCAGAACACTTGACTTCCTGGCTTCAGCCCCCTGTCCAGGGGAGTGAACAGTTCTTTCTCGCTGGTGTTCCA,"[[24765009, ""C"", [""T""]], [24765364, ""C"", [""A""]]]",yes,yes,C->A,2
chr1,176046941,176047260,AGAGGTTAAATAAATAAATAAATAAATAATCTCCTTTCCTTCAGCGTTATTCACTCCTCTCTTGCTGATCATTTTTATATAAGCTCCAAAACAAGCTATTTGAAAGCAAGTACAAGATCATACTCGCTTTTACAGAACTTGCAGCCTAAACACAGTTGTTACATAACCAGCTGGAAATCTAATTAGCCCAAAGGTAGTAAAAGTTGAAATGAATCATCACATACATTATTCCTCAATATGATTTAAGCATCTTTTCTAGAGGTTTAGCGATAAGAATTCTCACTGATCTACAATTAATTACACAATAATACCTAATATTC,N,no,no,N,0
chr12,3436602,3437026,TCCACTGTCCCCTTTTGCATTGAGAAGTTTCAGCTGGGTGCATGGCCATAATTGGGTTACGGGGCTGCTAATATGATTGTGCTGCCTGGAAATGCAAAAGCCATGAGTTGGTTAAACATCAAGGTGAAGTTATTTCCAGCGGATCGATTGCAGCATCTCCCCGACAGCATGGAGGCCTGGGTGATGGGAGAAACGGATCCAGCAGGCAAGGCTGCGATTTCTCTCTACTGATGCTGTGGCCTCTGTGGCAGGGCAAGCACAGGCTCTGCATTCCTGCTTCTGGGCAGCCTGCCCAGCTGGTGGGGTGTCCCAGTGGATGGCGAGAGTTTGGTAGGTTCAATTTGATTCAGTTTGGCAAACATTTACTCACCTTCTACTGTGTCCAAAGTACACAAAATAAGGGTCCTCTTTTACCTTTTAAGTCA,"[[3436620, ""G"", [""A""]], [3436710, ""C"", [""T""]], [3436794, ""G"", [""A""]]]",yes,yes,G->A,3
chr4,176375965,176376307,GCCCATGATTAGATACTTTATATTTATATTTTTATAATCAGTCAGATTGTTTAGTATATTCCATAAGCATGTTACCTAATAAAACAAATAACGTTTTTGTTACAAGAAAATACTTATTTCAAAGAGGTTCTCATCAGTCCTTTGACCACTGGATTAGTTATTGCAAGACAATGGGAAGAATAGCAGTTGTACTTGTGAAAAAACAAAAGTAGCATTATCTGCTGCATTTTTGGTTGATTTCCACTAGATGGTAGTATTGAATTCAAGATTCAACCTGCTATATATTTTAATGCAGAAATTTGATAAATTACAGAAGACATTTGTATTGTGTTACTTTTACCGT,"[[176376056, ""T"", [""C""]], [176376117, ""T"", [""A""]]]",yes,yes,T->C,2
chr10,129594062,129594322,TATGCGAGGCCGGCAAAGAATTCACCTCTGAGTGATCTGTCGGGGCAGCCCTGTGTTGGTGCCTGAGGCCTCTGCCTTTCTGTGGAGGTCTGGCTGATGCATGAGGCTAGAAACAGCCATTCATTTGGAAGAGGGCGTTGCAATGACTCAGCCTCTGGGCTTAAGCTTTCCTTTTGCATAAGAAGTCTGAGGGGTCCTCAGATGTTTTATCTTCCTTTACAAAGTTGTGTTGTCAACACCAAGGAAACAGTCTTGATTCTG,"[[129594102, ""G"", [""C""]]]",yes,no,G->C,1
chr13,63910561,63910857,CAGCAGCAGAAGTACTACTTGTCCTGGCGGAGCAGAGCTCGCCATAGGCAAAGTGCCCAGAATCGCAGTTAAGAGGAAGTTCTGCATTCATATTTATCCTTTCTTATACTTATATGTAAATTAACGGGAGGTTTATGTAGAAATTTCTAGGATGAGGGTGGTAACTTCTGCGTTGTCAGGTCGTTGCCACGGAAACAGGTGGTAACAGCTGGCTGTTGCCATGGCAATGGTAAACTGACATGGCACACTGGTGAGTATGTTTTATGGAGAGGTGCTTTCCCTGGAACTGTATTAGTT,"[[63910660, ""C"", [""T""]]]",yes,no,C->T,1
chr4,71648454,71648876,ATAAGGGGATATAGCGTTTCTCAAAACTTATATTTCTACATAATTCAACCACCCTCTTTTTCTGAAAGCCTCACTGTACCAGTGTTCCAGAGGAGTGCTGAAGTTGGTTCCTACCAGCTCATGAAGGCCAACTGTGTTGCATCATTTCCCAGCTTCCCAGTGATGCCATGTCAGTGACTTGAAATTGGCCACAGTGGGAGTATTTAAAGTACGGAAACCAGCGAACTCTAGAAACCAGAAAAACTGGTTATTACATAATTACTACTGTGGTGTTCATAGAATTCACTTTGCTTGTCTTATTCATTGCTATATCACCCACATTCAGCGAAAGTACCTGTTACATATAAAATAGGCATTTCATAAATACTTGATGAATGAATAAAGTCCGGACTAAATCACTCAGTGTTTTTACTTTTCTTGAAG,"[[71648458, ""A"", [""G""]]]",yes,no,A->G,1
chr1,177744863,177745283,AAATGTTGGTGTGCCCCAGGATGGAGGTTTTGAAAAGTCTCTCCTTTCCTCTCTCTCTCCCACTCCCTAAATAACCCCATCCACTTCTATGGCTTTAAATACCACTGTTTGCTGATGATTCCAAAATATGTGTATCATTAGCTCTGCCCTCCCCCTCAGTCTTCAGGCTTCTCTATCAAACTTCCTATTCAATATCTCCACTGGGATGTCTAAATTTAACACATCCAGCATTGAATGATTTCCACAGCTGCCCAAAGCTTTTTCCTCTCCAAGTCCCCCTCATTTCATTGAGTTGAATCATTCAATTTGTTGCTCTGGATAAAAGAAAAAGCCTTCTCTATTTATCCTGTATCTTTATACTACTTCAAACACTTCAAATCCATTCAAAAATCCTGTGACATCTACCTTCAAATATATTTCA,"[[177744866, ""C"", [""T""]], [177745178, ""C"", [""T""]]]",yes,yes,C->T,2
chr6,68229597,68229954,AGATTTAAATAACTTTTGGTTTTTTTTTCTCTCTTTTACGGAATTAAAATTGGACCACCCTTTCTTACCCACAATCAAATTCCAGAGAAACCAATTGTGATGCTAATGAAGGAAATAGTCATGGACTTCATATTTCTCTAAGTATTTTCATGGCCATCCATTTGTGGATTGCAATATTTTCCTAACCCAGCTGTCTTTCTGAGTCACTGCCTCTGCCCCATCCTCTTAGATGTGACACAGAACATTTTAATCAGAGAAGCAAAAAGCTTGTTTTGCTGTTAGAACTAATGAGTTTCCAATTGATAAATTACATTAAATAGTAAACATCACATCAATAAATGTCTTGTCCTAAGATATT,"[[68229615, ""T"", [""G""]]]",yes,no,T->G,1
chr4,59565857,59566276,TCAGTCATTTTGTTAAATGAGTGAATGAAAATTTGGGTTTTGTGAACATGCACAGACACAGGGCCCTTACTGTTCTGTCAGGTAACTGGCTTCCCTGTTCTTTTTCCACTCACTCCTCTCATTATACCACGGTTACCATCCTGTGGATACATGTTTCATTTATGTGCCTGTTGTCCCTGGCAGATTTCTGCAGTTCACCCTCAGTGCTCAGTAGCATCTGCTAGCTTCCCTTCAGCTCCTAGTTTAAATAATGTTCCATATGCATTCTTCAAGGTTTATTGATTCTGCTCTCTAGAGAGTGCCCTATACTTCAAGTGAAGAATTTGAAAATATGGGGATCATTAAAATAAATTCCTGTGTTTTGGCCAAAGTTCAGTTAGGGTGCTATAGTTGTTTGCAGATTTCAGCCTGGAAGCAATG,"[[59565889, ""G"", [""T""]], [59566236, ""T"", [""G""]]]",yes,yes,G->T,2
chr17,51557975,51558296,CATTTTAAAAATAACAAATTGTATTTTTTAATTGAAAAAATATAAGCATTAAGTGCAGCTAAGTTGTGAGCATAAGGAAAGAAACACCAAGTGCAGTGGAGACATAAGCTGGAATGGGCTTGCATCCTTACTGGCTTTCTTTAGAAGCTGTACCAACCCTAGTCAATTCCCTGTGGACTGCTTGTTACACGAAAGCAATAGACTCTTGGACTGAAACATTAATGTCAGGTCCCTGTTAAATGCAGCTGTTGGCAATACTAACAATATGTAGTTTTATCGGGTATGTTAATTAAACTAATTTTGTGTTTTCCTCTTTTTCTTG,"[[51558008, ""A"", [""G""]], [51558076, ""C"", [""A""]]]",yes,yes,C->A,2
chr19,6686378,6686625,CTTCCTGGTGTTTGGGTGTCCTGGCTGACATTTGAGGCTCTCAATTACTTGGCTCCTGCCTTACCTCTCTTGTTTCATCAACTCTCACTTCTCCCTTTGAAATGAATGCTTAATACGCATTTGTTGAATAAATGACGCAACAAACTTTCTCGTGTGGTTTACAATGAGGACCTGCGAAAACTTAGAGCCGTGCATCCCAGCTCAGCTCAGGGTTATGCATCCCAGCTTGATACCTTAGGACTATCCAT,"[[6686410, ""C"", [""T""]]]",yes,no,C->T,1
chr14,18688899,18689246,TCTACCCACCGAACCCACAGGGAATTCATAGCTTGACGTATTTTCAGGAAATAGCCATGGATTTCACAGTGAACTGAATTGACACTTAGCAATGTGAACCTGCTGCTAAAACATCTCAAAACCGACTACGTGGACACCAGGCACTGCGGGTGGCTGAGTTCTTTTGCTGGGCCCTCAATTTAGGCCAGTTTCCTCCCCTTCTAAATGTGGATTTATCAATTCAAAAGACACTGGTTGGAAAACTGCTATTGCTAAGCTCTGGGATAATCACAGAAGCCATTGCATAGGGTAGCAGCCAAGATTAACTGAAAACTAGACTATGTAGCCATTGAATACTACTCAGTCATA,"[[18688935, ""T"", [""C""]]]",yes,no,T->C,1
chr3,163376438,163376748,CAAATACTAAAAGATATTCTGCCAAAAGATAAAATTTTTCATTTAACATTGGCCACTGTCTGTATTTTCAAAGCCTATCTTTTCTCTGTGTGTGTGTGTGTGTGTGTGTGTGTGTGTGTGTGTTTGTGTGTGTGTGTGTTTGACCAAAGAAGTTCCTGTAATCAGAGAAGCAGAAAGAGCTGGCTGGGTCCCAGGACAGGATATTCTTTCTAGCCTATTTCAGCCTAATCTAGAGTTTAACTAATCTAAACTTTCAACCTCTCAAGAGGATGTGAACTCCAACACAAAGGATGCTTACTTTGTGTCTAAGT,"[[163376459, ""T"", [""C""]]]",yes,no,T->C,1
chr13,31276432,31276794,TTCTAAACAAGCAGACTGAAATTCTGGAAACTTGTTAAGGGGATGCACAGTCCGTGCACAGTGTAGCAGACAGGTCCAGGGCTGGCTGACAGAAAGGCTATGTTGTCAGCTGACCTATGTTTCCATTTCTCCCCTAAAACTTTATCCCGGAAATATGTTTGGTATCCTTGACATTGGTTAATTTGAACTCTAGAGCGTGTGAGATCTAGTGTGGGTGTGAAGTTAACGCTGACTCACATATGCATACATTTTTTCTTTTCTTTTTTTTAGAGAAAGCCAGTGAAGAAGAAGGATATTTTTGTTGCAGTAAAAACATGCAAGAAATTTCATGGTGACAGAAGTATGTTTTGGGTTATTCATTTT,"[[31276501, ""G"", [""A""]], [31276577, ""G"", [""C""]]]",yes,yes,G->C,2
chr2,67619195,67619627,GCAATTTAAGAAAATTGCTCTGTCTTCTGTTGGAAAACATACTAAATAAGATTCCAGAGAGGAAATTCTGAGACAAGTGAAGAGGCAATTCCATCTGCCCAGGAGAGAGATGGCAGTGACTTGGACTGGGGTGATAGTTGTGGAGGTGGTGATACCATTTGAAAGATGAGTAGATGGGACATAACAATGGATTGCTTAATGAGAAGGAGTCAAGTATGGTATCCAAATGTCAGCCAAAGCAACTGGATGAATCATGGGGCCATTTACTAAGATGGAAAAGATTGGTGGAGTAGCAAAATTGAGAGCAGGGAAGAGAATCAAAAGTTGCATGGGAATGGAGCCTATTAACTATATAGTGCAATTGCTTAAAAAGCTAATAAGATTAACTATATTGATACAAGTTTAATAATCCAGATCAAAAAAAAGCACAATA,"[[67619595, ""A"", [""G""]]]",yes,no,A->G,1
chr3,180269103,180269381,TGACTAGTGTTGCGATGAACATATGAGTGTTCTTTTGGATGGATACACAGTAACGGGATTTCTAGGTTGAATGGTAGTTCTATCTTAAGTCCCTTGAGAAATCGCCAAATTGCTTTCCACAGTGGCTGAACTAATTTAAATTCCCACCAACAGTGCATAAGTGTTTCCTTTTATCCATGTCTATTGTTTTTTGATTTTTAATAACAGCCATTCTGACTGGTTGTTAGAATGATTTCTCATTGTGGTTTTGATTTATTACTCTGATGATTAGTGAGGTGG,"[[180269106, ""A"", [""C""]], [180269184, ""G"", [""A""]], [180269258, ""G"", [""C""]]]",yes,yes,A->C,3
chr1,213075734,213076049,TACTGAGTATGTACTTTTGTTTAAAAATTGCCTAAATTAATTGTCTTCATTTAGTAATACATACTTAGCATCTCACTCTTCTTTTAGAAACTTCACCCCCGGTGCCCTCCCCTTTTATTTTATTTTTGTCAGTCTACTGACCACTTCCCTTCAGGACTCTCTAAGGTAGTACTTTTTGTGAAGCCTTCTCAGACATACAAGGCTGATTTAGGTACTACATCTACAGCACTCTTGGACTGCCCCTCTCAGCATTTTTCAAGCCGTCTTATGATGATGTTGTCTTGTGATGTGTTGGCTTATTCTTCCTAACTAGACT,N,no,no,N,0
chr10,127635925,127636229,ACCTAAAACTTGAATATTTGGTTGCTTTATGGCGTCCCATGTGTCACATAGGCTTTGTTCATTCTTTTTAATTATTTTTCTTTATTTTTTTGTCTGACTGGGTTATTTCAAAAGACTTATTTTCAAGTTCTAAACTGTTTTTTTAATGCTTGATCTAGTCTATTGTTAAAGCTTTCAATGGTATTTTGTGTTTCATTCAATAAATTCTTCAGTTCCAGAATTTCTGTTTGGTTCTTTTTTGATCATGTCTATCTTGTCGGTAAATTTCTCCGTCATATCCTGAATTGTTTTTCTGATTTCTTTGT,"[[127635957, ""T"", [""C""]]]",yes,no,T->C,1
chr8,55292288,55292561,AGATTTTTGCGGGGAGAGTCTTTAAATTATGAATTCAATTTTTCTTAAAGTTATAGGGGTATTCAAGTTATCTATTTCATATGGGTGAGTTATAGTGGTTTGTGTTTTTTTAAGTAGTTTGTTTCATCTTAGTTGTCAGATTTATATGTACAGAATTGTTCATACCATTCTCTTTTATGGATTTGATGTCTGTGGGGTCTGTAGTCATGTCACCTGTTTCATTCTGGATACTGGTAATGTGTGTTCTCTCTTTTTTTACCCAAACTTGATAAAG,N,no,no,N,0
chr11,37588049,37588463,CAACCATAAGGTCTGACAGCCTGTGGGGTCGGGCAAAATGAGCCATATTTTTCTTCTTCAGAGAGCCTATAAACAGACGTGCAAGTAGGAAACACATCACTAAATTATTTTCCTAGCAAGGAATATTAATATTAATACCCTGAGAAAAGAATGTGTTCCTGGGGGGAGGTCTATAAACAGCCACTCTGGGAATGTCTGTGTTGTGCAGTTGAGATAAAGACAGATACGCCCTGGTCTCCTGCAGAACCCTCAGGCTTACTAGGGTTGGGAAAACTCAGCCCTGGTAAATTTGTGGTCAGACTGATTCTCTGCTCTCAAACCCTGTTTTCTGTTATTTAAGATGTTTACCAAGACAATACATGCACCGCTGAACATAGACCCTTATCAGTGGTTCTGCTTTTACCCTTTGCCCTGT,"[[37588087, ""A"", [""T""]], [37588369, ""T"", [""C""]], [37588400, ""C"", [""G""]]]",yes,yes,C->G,3
chr2,133062841,133063287,TATAAAACCAAAGAAGATTCAGTAAAAAGCACCCATAAATTGATTTCATGGGAAAAAAATAACGAGATTAAATTATCAGTGTTTTTCTGCCTAAATTACAGCATAAGGATATGAATGTATTAGGCACATTGTAATTGGCCCAATCCTGGCTGCTCTTCTCTTCCTACTTCAAAGTATAAAGAAAGCACTAGAAGAGGCAGGCAAAACCCAGCTCCCATGGAAGGCACTAGCTGTACATATTATTTCAGAGAAGCAAAGCAAGGTTGATGCAATCCACACAAAAAGAGAGATCTGAGTAACTCCAGATTAATTAATCACAGCAGGAGGAAGCTGAGTTGCCAGAAATGTTACTAAGTTGCCCCCTACAGAATGGATCAAGAGTGACTCCCTTCCTTAGGAATGAAATGGAGACATGATTCCAAACACCACACTTTGGATTTATAATCA,"[[133062951, ""G"", [""A""]]]",yes,no,G->A,1
chr6,84560579,84560780,CCTCACCAATGCACTTTAGATAAGAGTGTTGAGTCCATTAGCAAGGCACAGAGCAGATTCTCCCTGTGTCTTTTCACAGGGCTCAGATTTCATTCTGTGCCAGGAGTTATACATCACTCTCAATGGTGTGTCTCCAGAGCTGACTGAGGAAAGTGCAGAAAAACTACCGTTAACAAGGGAGTAATTACATTCAGCCTAAATT,N,no,no,N,0
chr4,182249738,182250106,ATTCTTAGTTAGTGGTTTTTATTTTTTATTTATTTAGTTTTTTTAGAGACTAGGTTTTGCTGTGTCACCCAGGCTGGAGTGCAGTGGTTCAGTCATAGCTGGTTGTAGCCTCACACGCCTGAGCTCAAGGGATCCTCCACCCAGCCTCCCGAGTAGCTGAGACTACAAGTATGCACCACTATGCCTGGCTACTTTTTTTTAAGAGATGGAGTCTCGCTATGTTGTCTAGGCTTAGTCAGCTGTTAAAAATGATTTGATTGCAAACAACTATGTGGTCTGCACTGTTCTGGTCATTTTTCTTTTTCTTTTCTTTTTTCTTTTTTTTTTTTTTTTGAGACGGAGTCTTGCTCTGTCGCCCAGATTGGAGTG,"[[182249839, ""A"", [""G""]], [182250099, ""C"", [""T""]]]",yes,yes,C->T,2
chr8,60495144,60495632,CTAATTGGGGTTGATTAGAAAATCAAGCAGTAATGAAGAATGTTGCCATTGTTCAGCTGTGCACTGTGTGCTTACAGGCATGGAAAAGAATAAATGTTACAGGGGAAAAATATCCTTCTTTCAGTTGTTTGACTAACTGCCAAACCAGTTTGGGTGGAGCAATGGCCACTAAAACAGGAAAAACTAGAGGCTTTAAAAAAATTGGTGCAGGAACAATTGCGAAAGGGACACATAGAGCCTACTTTCTCTCCTTGGAATTCTCCTGTGCTTGTTATTAAGAAAAAAATCAGGGAAGTGGAGAATGTTAACAGATTTAAGGGCTGTTAATGCTGTAATTCAACTCATGGGCGTGCTGCAACCAGGGCTGCCCTCTCCAACCATGATTCCAAAATACTGGCCTCTAATAGTAATAGATTTAAAAGATTGCATCTTTACCCTTAGCTACCCAAGATTATGAAAAGTTTGCTTTTACTGTTCCAGCTATAAATA,"[[60495167, ""T"", [""C""]]]",yes,no,T->C,1
chr15,90456288,90456570,GATTAGAGCAAAGAGAGAGAAAGCCCAGGTGAGTGGCATCGGAATTGTTCTTTATGTTCAGAGCACCTCAGCCCTCCTAGAACAAAGGTAGAGGTAGGAATATCTTCCTTGATTCATTCAGTGAATGCCTTCTGGGCACCCTTAGATTCAAAGCACTGGAGGGACACAAAAATGTGAGAGACATAGGCTCCACCTTCTAGGAGCTCATGCTGTTTTACACATTTGGGTTTTTGTTCTTTTGTTTGTTGTTGACAGTCTTTTGTGTCTCTTTCAGTAAATTCTT,"[[90456297, ""G"", [""A""]], [90456483, ""A"", [""T""]]]",yes,yes,G->A,2
chr11,46666467,46666897,CATTTAAAAAAATGTAAATCTTTGTCTTTTCTGATTACCGAAGTGATACATTCTGTAAAACTCAAATCCTAAAGACATTAGATAGGAAGTGAACGTTCTCATATTTCCACCCTGCAGAAGTCACCACTGTTACCTGCTTATTTAAAGACTGAAAGAAACTTTCAGAACGGTTAAGTGATTGGCCTGAGCTCAGTTAGCTCACAGGGCACAAGGGCGAGCAGATTCTCTGACTCCAGAGCCCCACCCCTTCTTTCCACGATGCTTTCACTCTCCCTGGGGAGCCATGGGCTGTTTTGACCTGCCCTACCCTCCCTTGATTTTGAAGGCCCCAGAGATACTGAGATTACTTTGCCCCCTCACATTCTAAATGAACTTTCTCCTGATAGAAATTCCTGATTTTTTTTTTTCATTCCCACGGTAAAGTGGGAAGG,N,no,no,N,0
chr5,122107172,122107411,GGGAGTAGCCGTGGTGCTCTAGACTGGGACTCAAGGAGATCAGTGGCATTTGCATAGGGCTGAGGACCAGGCTGTCCCTGGAGAATTCTGCCTGAGATGACTGCTAACACATAGGAATGTGTGGTGCAGTGGTTGTTGCGGGTTGGGGTCGGGGGACCTGGTAAAAAGTGTACAGCACAATTCAAATCTGCAACAAAATGTAGTTTCTTTATATCCAGAAACTGATCTCATCTTATCTTG,"[[122107182, ""A"", [""G""]]]",yes,no,A->G,1
chr8,48711987,48712308,TGTATTATTGAGATTATGGGGATCTTAAAAATTTAATTTATTCCATTTTCTGACTTTATCATGTTTCTAAAGGATTCATGAAGGAAGACATGACTAAATGGTTTTAATTAACCTCCCAGACTTCCCAGTGCTTTTGGGCTAATTATTTCTGCTGGGAGGCAGTGACTCAGGCTCTAAATGCCACTCACAGAGAGGATTCCTAAATCCTTCTGCTTACTTCCACACTGTTCTCTGTCTTCAGGCTGTGTGGCTCCAAGTGGTGGTGTCCTCCCTCAGGGAGCAGGCTGCTTAGGTCCCCTTCATCCACACGAGGCTTTGGAAA,N,no,no,N,0
chr1,88276184,88276518,CAATTTGGAATCATTTTATTTGCAATAAATCTCCTCAGTCAGCCTAAGCCATGAGCACATTTTTTTTTCTCTTTTCCCAGAGTGCAATGTTATGGAGGAAACGTCTTTGAATGCGTCCTTAAAATTAATCATGACAGCAGAAGGTATGATTCATAGCCAAACTACTGCATGCTTCCTTTTTGTCAACAGAACAAGAATTTCTGCTAGAATGGTTGAAGATTATTCACCCATAAATGAAGACGTGACCAAATCCTCAGGTGGTGTTCTAGAAATGCAGCAACAGAGGGCCCATCAGTGCCCCATTCTTCAGGGTACCTGCTAGCAAGGCTAGAGTT,"[[88276233, ""G"", [""C""]], [88276327, ""T"", [""G""]]]",yes,yes,T->G,2
chr13,45642205,45642631,TCCCAAACTTATTAAGGTTTTCACCAAAAGTAAAAGTCACTAAGAGTCAACACTGTAATATGAAATTGAGACTACTTAAGAAACAGTTTTATATGTGAGTCAAGAAAACTTTTCTTTTGAGCTATTTACAGCTTTTAACAATTGAGTAACGTATACTCCTGTGAACAAAATTTGGACCATATTTGTTTCTCTCTACCTGATTTCTCCAAAATTTGAAAACTATTTGTGAGTATTCTTAACATATGGCAACATAGTTATTTGCATAAGTGCAATAAGAATCTGTTTTCTTTTGTAACAGGACACAATTGGAAAAACTGGTTATTTTACCAAGACTTTGACTGGAATGCTATGCTGTGCTTTAAGGAATCAAACTTGACTTTTAAAGCCAATAAAAGCCCCTTGGGGAACTGGCCTCATACTTTACCTA,N,no,no,N,0
chr18,61708507,61708790,GAAGACTGGAGTTTCTATGTAATACTGTTTGGCCTTGGTATTATTTGGAAAAACAAGAGAAAAGGCCTCTTACTGGAACTATGGCCTTTAATATTATACTTCAACTCAATTTGTTTTGTAAGCAGGAGGGAAAATGGAATGAAATGCCATATGTTCAGGCATTTTTGCTGCTTAGTCAGGATAAAACCCTGCAGCAGGCATGTGCATGTTTGATGAGAGGAAAAGAAGAAAAAGAGCTAGACATAATTGAAGATCCTTTAATGCAAGCCCCCTCCAGTTCAGTG,"[[61708510, ""A"", [""G""]]]",yes,no,A->G,1
chr3,118936916,118937246,TGCCTACTACTAGAGGCAAATGACATGAAATCCCCCCTGCAAACTCATCAGAGATTGAACGTTGGATGTTCACAATGGGGACTGGCCCAAGCAATCCAATGGAGATTTCACAACAGTGTTCTCTGATGACTATGAAGCAAGTGCTCATGTTTCAGGATTAGCCCAACTGCCAGAACACTTCCCTCTGGGAATATAATCAGCAAAGCATCAAAAAGACCTTTATGGCACTTTGGGAGGCCTATGTTATCCTTCTGCCTAAAATGTCAATATCAGTGGTCACAAAATGCTTATTAGTTTATATCATCCCATATGATCTCACAAGTATTTCTCA,"[[118936931, ""T"", [""G""]]]",yes,no,T->G,1
chr11,123286706,123287097,ACCTCATAAGTACAGAACTAAAGTACACATGGGAAACTCAGAATAATACAAAATAAAGGCAAATAAGTGCTAAATTCTATGAAATAGACTCTGAAGTAAGAAAGGGGAAATGAGATTCATGACAGCCTCGGCAATAGGAAAAAATTCAAAAAGGAGTGTACGTAAGAACCTATTCTGAAGATAGACTGGGAAAACCATGAAAAGACAAATGCATTGCAGCACTATTTGCAATGCTAAAGCCTAGGATTGCACAACACCAATAGGGGATTGGTTGGATAATCTGTGGCTCATCCACAGAATGGAATACTAAGCAGCTGTTGAAAGGAATGCAGACCATCTCTATATTTTGCTTGGAAATGATTTCCAGTAAATATTATTAATTGAAAACTGCA,"[[123286727, ""G"", [""A""]]]",yes,no,G->A,1
chr3,10474903,10475216,TGTCTCAGTGTCCCTGGCCCAGCATGTCCATGGCTCATGGTGAACCCTCATGCATTCAGTGTCCCCATGTCACCACCCCACGTCTGAAACGTATCATCACAGCTTGGGCTGAGAATGTCCGAATTAACCACTTCCAGTTTCAGCCTGGGCTTCTGCACTGAACAGACTCAGAGGAAGGACGGTTAAGAGAGGGAGGAGGTGAGCGGGCGTCAGCACGAGGGGTGGCCACACTGAACATTTGCTGAGCCTCCCACCTGCCACTGCAGTAGGAGGAGGAAAAAATGAAGAGACAAAAGCAAGAAAAAGAGCAATCA,"[[10474909, ""T"", [""A""]]]",yes,no,T->A,1
chr16,69305992,69306429,TTATGCTATATATCAGGGTTCTGTATTTTTGATCAATATCATTATTCCTATGCTGTGATGTTAAATGGAATTTATTTTACACTAGTAATAGACTGCTTAAGTGGCTGATTTGAAACCTTTCTCTAAAAAAACAAAAACATCTGGCAGATGAGTGACACAAATTCATTCTCTTAAAGGATAGAATTTCAAGTTAAGGATAAGGCACAATAAATAGGCACATAGAGGACATCTGTTTTTGTTTTTGGTTTTGGTTTTGTTTTTTTTTGTCTCTCTGACTAGCTAAACTGCCAACTAGAAGAATGGTTGTTATGTAGTAACTCAGAAGAATCTTTTAATAAGTTTCTTCTTTTGTTTCAAAACAAACTTGAGCTTCATTTCTTGCCACCTCTATTCTTTCTTCCCACGTTGGGTGACTGAACTGATGCTTATTCTAGTTTT,"[[69306024, ""G"", [""T""]]]",yes,no,G->T,1
chr2,186827465,186827783,AAGACCATTATAAATGTGACATAGCTGATAGTATTTCATTTTATTTTCATTTTATGTATAAGAAAACTCCTTTATGGAGTTTTTTAAGGTTTTTTTTTATAGGTTTGTGGTAACTACTAGTGCAAGAAAAATGCAAAAAATACAGAAGTACCGGGGAGTAATCCCTGCATGTTATGTGCTACCGTGAAAAATATTTGAAAACAGTGACTCAAAGTAGGAAAAATCTATTTCCTTAATTTAAGTAAAACATTTATAAAATCAGAGTAAAATAAGATAAAGGCTCTAAAAATTATTCATTATTTATAACATCCTGAATATA,"[[186827578, ""T"", [""C""]], [186827717, ""C"", [""A""]]]",yes,yes,T->C,2
chr16,15455754,15456049,GCCTGGCCATGTTAACTATGTATTAAGATACGAAACAGCTTTCTTTCAAGGGGTGCAGCTTTAAAACAGTCTACAGTAGCAAGGCATTTAACCTGTACTCGGAAGCCAGGAAACCTTGGCCTGACTTGCCACTGTGTTCTTTGAAAAGTCCGTCGTTAATGTTTGACTATTCTTAATGACAATTTGTGGCTTATCAGGTTGACGTTTTCCTTTCTTTTCAGGCAGCTGAGACTTAAGGGAGTGAAGTAATTTGGTGGTATTCATTGCAGGGGCCACATAGATACTGTCAGTACGCT,"[[15455773, ""A"", [""G""]], [15455900, ""G"", [""A""]]]",yes,yes,G->A,2
chr4,93217458,93217764,GCGAAACAGAGAACACCAAGTCCCTGTAGCTTACTCATAAGAATGCCCTTTAAATACTTACTTGAAGCCTATTTCTTTTTCTTAAGAAAAAGCCTCTGTGGTTTTTTTTTCACTTTGCTCTGGAGATCTCAATATGTCAATCTGAAGGGGGTGTTACACAAAGCAGGCACACAGGACAACAGCAGGGAGCCTTAAGGAGCCCTCTTAAGCAAGAGACGGGAAAAAAATCAATCAGATAAACTAACTCATATAACCTGTCAGTATAGGACTCTTCCTGCAAAAACAAATCTGTGCCATAAAACAACTC,N,no,no,N,0
chr16,83214690,83214950,TGGAATTATTAGCTTTGATTAACTGAGCCCCTTCTGTGTGGCAGGACATGTACTTTATAGATGCCATCTCATTAAACCCTCGGCAATGCTGGGAAGTAAGTGGTGTCATCTGCACTTTAAAGATGAGGCGATGGACTGTGTTCATACTCACACAGTGGATCACTGGGAAAGCTAGGATTGCAACATATAGCTGTCTAATCCGTGGAGTTCATTCTCGCTACTTGCCAGCCACAGGGATCCAATGGTGAGCCCAGTAAGCTG,"[[83214718, ""T"", [""C""]], [83214826, ""C"", [""T""]]]",yes,yes,T->C,2
chr3,66835247,66835638,GACTACAGGTATGCACCACCATGCCTGGCTAATACTTTTGTATTTTGCTGTAGAGATGGGGTTTCACCATGTCGCCCAGGCTGGTTTCAAACTGGTGGGCTCAAGCAATCTGCCTGCCTCAGCCTTCCAAAGTGCTGGGATTAAACTTATGAGCCACCACACCTGGCTAGTAATTTAACATTTATTGCCTTTTAAAGTGCTTTTTGTTTCTCTTTCAGATCTGTAAATATAGAATGAAGAGTTTTTTTTTCCTCTTAGGAGATTATTAGGGACATAGTTTCATAAGAGAATGAGAAATTACTTTGTGTGAATTTAACATGCTGTCTCAGCATCAGCAGAGTTAACAATGAAGACTCTTTAGTACAGAAAAAGAAGATGGACAGAATTTCAGC,"[[66835395, ""G"", [""A""]]]",yes,no,G->A,1
chr6,20830622,20830950,GCACCCTGCAGGTCCTCCTTCCCTTTTCTCTACCCCTTCTCCCCTCCCCTGTGCCCCTACACCTCTCCTTCCCTCCTTCTCTCCTCTCCTATTAAGAATTGCTGCTATTCACAGGACTGGGGCATATCTCAGTGTTGTCTTTGGCAAGGAAAAGTAGTTGAGAACTATTGGTGTGGAAGTATTAAACCGCATTTCAGAAAATGTGGGTTTTGCTTCTTCAAACTAATTAGCTGAATCACTTGGTCTGCATTTCTTACATGTAAAATGAAAAGGTTGAACTAGACAAATATATGTTTTTAGATTTTTTTTTTTCCAACTTTGATTTTTTT,"[[20830722, ""A"", [""G""]]]",yes,no,A->G,1
chr3,54486295,54486782,ATAAATTCCATCACTTCCAAAGAAATGTCTTAACTAAAATGAGTAGATGTTGTTGATGCTTTTTCTCCTGGGAGAAAAACTGAGATTCAGGGAAGCCAACCTAACTGCAAGTGTTCACTGCAGTGTTGCTGAACACTTTCTCAGGACTCCAGCAACCCAAGTCAAATTAGAATAAAAAACAAAAAGGGAATGTATTGACTCACTAATCTAGGCGTTCCAAGATGTGACTGCCTTTCAGTATGATTTGTCAAGGATTTCACCAGAATCATTTGATCAAACTTTACTCTTCCTTGCCAGCTCATGACTCTGTTTCTGTTAGGCTTTGTTCTCAGAAGAATGATCTCTGTGTGGGGCAAGATGACCACTGGCAGCCCAAAGCAGCAGCACCACATCTTGTGACCCTTGACCCAGGGTGCAGGGACCTCAGTCTCCCAGCATACCCAGCATTCCCTGGAAAAGGACTGTAATGGGCCAGCCTGGGTCATGTG,N,no,no,N,0
chr1,192911989,192912259,GGTGTGCAGCTTTACTCCTGAAGCCAGCAAGACCACGAACCCACTGGGAGGAATGAACAACTGCAGACGCTCCACCTTTAAGAGCTGTAACACTCACTGCAAAGGTATGCAGCTTCACTCTTAAAGCCAGCGAACCCACCGGGAGGAACGAACAACTCCCGACACGCTGCCTTTAAGAGCCTTAACATTCATTGCAAGGGTCTGCCGCTTCACTCCTGAAGTCAGCAAGACCACGAACCCACTGGAAGGAAGAAACTCCGGACACATCCGA,"[[192911992, ""C"", [""G""]]]",yes,no,C->G,1
chr4,145154645,145154918,TAGGGTTTCTTCTGCCTAAGCATTACTGACACTTGGGACTAGGTATTTTTTGTTAGAGGGAGATGAGGGAGGCTGTCCTGTCCATTGTAGAATGTTTGGCCACAGCTTTGGCCTCTACCCACTAGATGTCAGTAGCACCCTCCCAGTTGTGAGAATAAAAAATGTCTCCAGACACTGCTGAATGTTCAATGGTGGTGGTGGGGGGCGGGGGGCAGAGTGAGGGTTAACCACTAGTTTAAGAAACACTGATTTTAATCCAACTTTTTCCTTTAAC,"[[145154679, ""T"", [""G""]]]",yes,no,T->G,1
chrX,96987361,96987594,TTGAATTTCTATCATATGCCATACACTACTAGTTTTTACAGAATGGTTATTACTCCATTAGACCTATGACCCATGGAATGAGTAACTCTGAATTCTCTGTGGTAGAAATGGATTTTGTTTATCTTGTTTTGCCATGCTAGTATCTCTTTCTTTCTGTATTTTAGGCCCTGCTTGCTTACTTAGACTCAAGATAACTATTTCTTCCTCCTCCTTTCAGGAATCTCCTAGGATCCA,N,no,no,N,0
chr2,162929588,162929974,TTATGTTCTTTCACAAGAAGTATATTTTTCACATAATAGTCAATATTTTCTAGAATGGTTAATGATTTATTGAAATTTAAATAGAGGTGATCTCAGGAGCAGATTATGTGTATGAGTAAGACAGTATGCGTGTGTGTGTGTGTGTGTGCGCGTGTGTGTGTGTGTGTGTGTTTTAATCCACTTAGGTTCTCCGGAATCGCTCTCACTAAAGAAGTAGTGCTCATGGTGTCTCCTGAACACTTGTTACATCATTCCTCCAAGATAGAGTGGTACTTGTGAATCACTTAGAAAAAATGAGGTATACACACAAAAGAACTCCAGAAAAGTGACTTTACACTCACCAAGACCCATCAAATTTTTCACTGGGTCTTTATTTTCTTCAGGAAG,"[[162929604, ""A"", [""G""]]]",yes,no,A->G,1
chr6,55643902,55644231,TTCATTTGAGTATATACCCAGCAGTGAGACTGCTGGATCATATGGTAGCTTTATTTTTAGTTTTTTGAGGAACTTCCAAACTGTTCTCCATAGTGATTGTACTAATTTACATTCCTCCCACCAGTTTACTCTGGTTCCCTTTTCTCCACATCCTCACCAGGGCTTACTACTGCCTGTGTCTTGGATATAAGCCATTTTAAGCGGGGTGAGATGATTACTCATTGTAGTTTTGAATTGCATTTCTCTGAAGATCAGTGATGTTGAGCACTTTTTCATATGTCTCTTTGCCATTTGTATGTCTTCTTTTGAGAAATATCTATTCAAACCTTT,"[[55644079, ""C"", [""G""]], [55644103, ""T"", [""C""]]]",yes,yes,T->C,2
chr11,116108200,116108542,CTCTTCTTGTTGACTTTCCTGACTTCAGCTTGCTCCCTTGCAAGCGATCCACCATGCTGTTACCACCACAGCCTTTCTAAACACACCCTTCCTTCCCTCACTTAAATGCCCTGATACTCCCCAGCTGTGACTAAGACCACATTCTCCAGCTTGCTATTCCAAGCACTTGGTTGCCTGCTTCCAGTTAATCTCTCCAAGTTCATTCCTTCCTCCCCTGCCTGTCTCCTGTGCTTCAGAATCCCTGATGGACCCTCCAGCCTCCACAACAAGGACTGTATGGTATTTCTCTTTGTGGCACTGGTGCCTAACGCCATTCTTGGCTCATGGTAGCTGTGCAGAACAT,"[[116108222, ""G"", [""C""]], [116108275, ""C"", [""T""]]]",yes,yes,G->C,2
chr14,87712712,87713145,GGCAATTTTATTTTTGCGCAACTCCTATATCACATTCCCCCAAAATGAACTGATGAATACAGTTGTACCGTTTATGAATTTATCTTCCTGGAATGAAATCAATATGTTTTTGGAAAGGACTTTGCCCTGCATTCACTGGTGAGCATTTGTGTCCTGCTGGGCAGATAGGGAGACAGGAGCAGCGGTGGTAAGAGCAATCTCTGCTGCCATCTTCTGATGATAGGAGCAAGAAACAGACAGAGGGAGTGAAAGGAAAGCAGATGCACAAGCCCCTTTTTCTCCAATAAACTCAGATGCCCTGAGGGAAAAGCTTGCACTGGAGGCACTGCCTCCTTGGAAGTAATAGAGATGAATTTCTAGCTCAGCCCCCACCTCACCTGTGCCATCCCATCCCATCACTTTCCATTCCATCTGGCTGGTCCAGACACAACTCT,N,no,no,N,0
chr20,22499723,22500021,CTCTTGCTGGCATGAGCGATGGTTCTACAGGCAGATGGTGCTGGGAATGAATTGCTGAGAGGGTCTGCCAGAAACAGCTGCCTGCAAACACAGTCCCCCTCCCAGCTGGTCTTCTAGACACACGTGTTCCCTTAGGCTGCAGGAAGTACCAATGATGATGCTTCACAACCTTGCTCACGTTCAGAGTGAGGTCGCTCTGGGTAATGTGATGGGCCACCACCCTCTTGATTACAGCAGCTGCCTCTCCCACGTGCCTCTTTGTCCTCACTTAGAAAGTGGGTGGTGTGCATAGGGACAAG,"[[22499727, ""C"", [""T""]]]",yes,no,C->T,1
chrX,133695883,133696227,TCTTTAAAACCTATTCTTCTTGATAGGCTTGTTCTCTGAGTTCTTTTTGGTTCTTAGTGTGTATTATCTCCATTAGAATCCACTTAGAATCCAAGGTAGATTTGACTACAAGAACCTCAGAATTAAATAAATCCTGGTTCTCAACTAATTCCCAGGCCCTGTGGGATGAGACAGGGAGAACAAAGAGTAGATCTCCAGCACAGTTCTCAAACTGGTCAATATCTTAGAGTCCCAAAGGACAGTGTTACGGTGAAGACCATTCCTTTATGGAAAACCTTCTGAATTACTGTGAGAAAATACATCTTGGTCTCTAAAAGAAACTGATTATTGAAAATAAGTGCAGAC,N,no,no,N,0
chr18,74645605,74646053,TAAATAGAAAGTTACTAATGCAGTAAAACTCTTTGTGTGTGTGTGTGTGTGTGTGTGTGTGTGTGTGTGTGGCATTACCTAGTTTTTGTGCATTAGAAGGGATCTCTATGTAGATGATTATAATGTCACTTTCTGACCTTTGCAGCTTGAATAATTGTAAATCATTGCTTCATAACGTGTCAGAGAATGTCTGTACTAGGCAATTAAATGGCAGAATATAATAGACCAAATTATTGCCTGTCATGTTTTCAACAACACAGTTAGTATTTGAGTTACACTTAATCATTACGTGCATTAGCAACTTCATTGGAATCCAGCTTCAGGCTGAGCATGAAATACATTACATTATTTAAACCTCTAATGGTACAAGTCATTTATTTGTGTTGAAGTGTACAACATGCAGAGTTTCATAAAGCAAGGAACACTTGAGAGCTTAATTTATCCAAATC,N,no,no,N,0
chr15,88357449,88357763,ATTGCTAGCACACCAGTCCGAGATCAAACTGCAAGGCGGCAGTGAGGCTAGGGGAGGGGTGCCCGCCATTGCCGAGCTAGTTGTTTGATTAGGTAAAAAAAGCGGCCAGGAAGCTCAAACTGGGTGGAGCCCACCACACCTCAAGGAGGCCTGCCTGCCTCTGTAGGCTCCACCTCTGGGGGCAGGGCACAGACAAACAAAAAGACAGCAGTAACCTCTGCAAACTTAAATGTCCCTCTCTGACAGCTTTGAAGAGAGTAGTGGTTCTCCCAGCACACAGCTTGAGATCTGAGAATGGGCAGACTGCCTCCTCAA,"[[88357461, ""G"", [""C""]]]",yes,no,G->C,1
chr4,4901674,4902142,TGTCTGGCTTATTTCACAGAGCAGAATGTCTTCCAGTCTCATCCATGTACTTCCATGCAAACAACAGGATTTCCTTCTCTTTTTAAGTCTGAATAGGATTCCACTGAGCATATATGCCACATTTTCTTTATGTATTTATTCATTAATGGACACTTTAGTTACTTCCATATCTTCACTGTTGCGAATAATACTGCAGGCGCACAGATACCTCTTTGACATATTGATTTTAATTCCCTTGGGTATATACTCATTACTAGTCCATTTTCATACTGGTATAAAAAATTGCCTGAGGCTGGGTAATTTTTAAGGGAAAGAGGTTTAATTAACTGACAGTCCAACATGGCTGGGGAGGCCTCAGGAAACTTACAATCATAGCAGATGAGGAAGGGGAAGCAATGCGTCTTCTCCACAAGGTGGCAGGAAGGAGGTGTGCTGAGCGAAGGGGAAGGAGCCCCTTATAAAACCATCA,"[[4901855, ""T"", [""C""]], [4901946, ""A"", [""G""]]]",yes,yes,A->G,2
chr10,133413940,133414164,TCATTCTTGGGTGTTTCTCGCAGAGGGGGATTTGGCAGGGTCACAGGACAATAGTGGAGGGAAGGTCAGCAGATAAACAAGTGAACGAAGGTCTCTGGTTTTCCTAGGCAGAGGACCCTGCGACCTTCCGCAGTGTTTGTGTCCCTGGGTACTTGAGATTAGGGAGTGGTGATGACTCTTAACGAGCATGCTGCCTTCAAGCATCTGTTTAAGAAAGCACATCTT,"[[133414152, ""C"", [""G""]]]",yes,no,C->G,1
chr17,6035935,6036144,GGTTCTCTTCTCTCTGCCCCAACTCTGGCAGCAAGCCAGGCAGCATGCCTTTAGTTCTGTCCAACAAACACTCTTCATGCTCAGCTCTGCGTTAAGAGACACTGGGGACACAGAGCAAGCCAATTATCCCTGTCCTGGAGGAGCTCACAGCCTGGTGGGTGAGGAGCAGCTGTCTCCCCAGGCTCTGATCCTCCACCAGGAGCTTCTGTA,"[[6036029, ""G"", [""A""]]]",yes,no,G->A,1
chr13,34741552,34741801,TATTATATATTATATATTATATATAATATACGTATATATTATATATAATATATAATATATACATATATATTATATATAATATATAATATATACATATATAATATATAATATATAATATATACATATATAATATATAATATATACATATATATTATATATAATATATACGTATATATTATATATAATATATATGTATATATTATATATAACATATGTATATATATTATATATACATATATTATATATACAT,N,no,no,N,0
chr1,194990126,194990466,GAGTTACATTGTGAAAGTTACATTTTCTTGATTGTTCAGCATTTTTCTCAAAGAAGGGCAAACTTTGATTGACCTGTTATTAACACATATCTGGGGACTCTTCTGTAATCTACTCTGTATTACCCATTTCATCATCAACTTATCCTTGGCAACTATCATGTGTAACTTTTGGCTTCTCTCCAATACTGTATAGGACAGTCTAACTAGTAACCAGATTATTATTCATCTCCCCCACTCCTTTCCCTGGAATTTTCTTTATCTTGCTTGAGTATGTTGAGTAGGAAGATTTCTGGAGAAATCATTAAAATGTTGAAACCTAAAAGGTTCTTTATACTTTCTTA,"[[194990141, ""C"", [""A""]], [194990151, ""A"", [""T""]]]",yes,yes,C->A,2
chr6,38302219,38302455,ACTTATTCCTCCTTTCTAACTGTAACTCTGTACCAGCTGACCAGTTTCTCCTTACCTCCCAACTCTTCTCAGCCTCTGGTAACCACTACTCTACTCTCATAGCTATGAGATCAACTTTACACTTCACATATGAATGAATCATGCAGTGTTTGTCTTCCTGTGCCTGGCTTTCTTATTTCATTTAATTATCTCCAGGTTCTTCCATGTTGCTGCAAATGACAGCATTTCATTCTTTTA,"[[38302232, ""C"", [""T""]]]",yes,no,C->T,1
chr21,27908807,27909251,TATTAACATCTAACAGATACATGGTTGGGAAAAACATACATTTTCCCCGAGTTCATATGTTGCCTTGTCACTCTGTTGATTGGTTCCTTTGCTTTGCACAAGCTTTTTAGTTTAATGTAGTTCTGCTTGTCTATGTTTGTTTTGGTTGCCTGTGCTTTTGCTATTACATTCAAGAAATCATTGCCAACACAAATATCATAAAGCATTTTTTCTATATTTTTTCTAGGAGTTTTACCGTTTCACGTCTTACATTAAAAAATTTAATCCATGTGGAGTTGATGTTTTTTGTATAGCGTAAGAGAAGGATCCAATTTCATTGTTTGCATGAGGTTATTCAGTTTTTCCAATACCATGTGTTGAAGAGATTATCCCTTTCCCATTTTGTATTTTTGTCCCACTTGTCAAAATTCAAGTATATGTGACAGTACATAACAATATATGTAGG,"[[27908833, ""T"", [""G""]], [27909020, ""G"", [""A""]], [27909060, ""T"", [""A""]], [27909070, ""T"", [""A""]]]",yes,yes,G->A,4
chr7,86733854,86734126,TTTACTGACACTAGTGGCTCCAAGCGAAGCACGAGCTCATGTAAGTGATTATCTAATACTCCTCAAGTGATGTGGTTACATAATAAGCGGAGCTGTGTGCCTGCACTCCAAACTCGCTGAGTCATGCTGAACCAGATGTCTGCCTTGGCCTATTCTTGACTGCAGCACATCCATTTTCCTTACAGGGAGTATCCAGTTTTACTGAGACTGTGTTTATTTAGGAAAGTAGCCAAAGAAAGTAGGGGGGAGAAAAGACATCAGACTGGGGACTCC,"[[86733903, ""C"", [""T""]]]",yes,no,C->T,1
chr4,114491017,114491432,GACTGTGTCCCCTCTGAAACTTATGTTGAAATTTGATTCCCAATTTGGCAGTGTTTGGAGGTGGGCCTACTGAGAGGTGTTTGAAACATGGGAGTACTGCCCTCATGAATAGATTAATGCTGTCTTAAAGGAGTAAGTTCTTGCTCTTGCAGAAATTAATTAGTTCCCATGAGAGTGGGTTGTTATAAGTGAGCCCAGCCTCTCATGCGTGTCCCTTTGCACTCATCTGCTCGCCTTACTGCTTGTCTGCTATGTTGTGATGTAGCACATGGCCCTAACTAAAAGGTGAGCAGATAACAGTATCATGCTCTTGGACTAGAATTGTCACCAGAATTGTGAAACAAATGAATCTATTTTCTTTATAAATTACCCAGTCTCAGGGATTCTGTTACGGCAACACAAAATGGACAAAGACA,"[[114491050, ""G"", [""T""]], [114491089, ""C"", [""A""]]]",yes,yes,C->A,2
chr4,141540808,141541011,TCCAGAACCAGTAAATACATAGCAACAGAAAGCACATTAGTAGTTGCCAGGAAATGGGGGAGTGGGAGTGGAAGTGACTGCTTAATGGGAGTGAGTTTTTCTTTTGGGGTGATGAATAGATGTGATGGTTGCACAAAATTGTGACGGTATTAAATGCCACTGAATTATATCCTTTAAAATGATTAATTTTATGTTATACAAATT,"[[141540861, ""C"", [""A""]], [141540903, ""G"", [""T""]]]",yes,yes,C->A,2
chr11,88290362,88290688,ACCTGAATAGGAAAATCAAATTATTACGACTTTACATTACCTTCAGTCTTTTTCACTTCAAAGTTGCAATGTCTTTTCCCTGGCTGGGTCCTGTTACTCATCCCTGTGGTAGTCTCTCAAACTCCATCACCTCTCAGACTTGTTCTCTTCCCACAGGCAGCAACACAAGAATGGTGGTAGTGAGGGATAAAAAAATTTTATAGTAAAAAATAAAATTAAAACCATATGCCTAACTCATAAAGCTTTTTGCTTTTCTCTGTGCGTTTCCTTGTGCTAGTATTCCTCTGTAGGTTCTTTTCGCCCTTAAAAAAACAAACAAAAAACCCC,"[[88290388, ""T"", [""C""]], [88290640, ""G"", [""A""]]]",yes,yes,G->A,2
chr20,46826390,46826703,TCTTGATGACAGTATCCCTCAGAGTAAAACTAACAGAGGATAGCAGAGCCATGAGATTCTGTGGGCCTGAAACCTGCCCAGACGCCCTCCTACTCTGGCTCTAAGGCTGAGCATGTGACTCAGGCAGGTCCAATCAGCATAGTTTATTCCCCTGGCCCCAGGGAGCATTTCAGGGATGGACACATGACTCAGCCAATGCAATGAGACTCAATGCTTGGAATTTGTCTGGATTTATTAGGGAAAGAAAAGCTCTCTTTCCACTGGAGGGGTTAGGCCGGCAGGAAATAAGTCTGGAGCTACCAGAAGCATCTTCC,"[[46826461, ""C"", [""A""]]]",yes,no,C->A,1
chr6,117299004,117299374,TGTAGAGAGCCCCCCAAAAGGATGGAGTTGCTGTGCCAGTTATAATTCCCAAGTGTTCTGCCATTGGCATTCTAAGAATCAGCTCTGTCCAGGATGATAGTGAGTAGAAACAATGTGAGACTATTAACAAGGTTTACTCTAATGAGGGTTATGACGCATGGCCAAGGCATGTGCAGCCCTTTCCAATCTGTCGCTTGGCAGTTTGTGTTGAAGAAGTTACATGATCAGAGTTTTATGCTCATATAATGGATCCAAAGTCACCCAAAATATGTAGTAAGACGCATAGACAAGTAGATGTCTGTCCATGGGCTTCTTGTTTTTATCTGCTATTAGTCAAGTGCATCACTCAAGGTGAAGGTCTCATGTGAGGG,"[[117299005, ""A"", [""G""]]]",yes,no,A->G,1
chr8,116494603,116495091,AGAAAGAATGATCCACTATGCAGCTGTGTGATATCACACCCCTATACCACACCTCTCTTCACCCTGCTCCTTTCCTTCTTGAATGCCATCATCTCAGTCAGCCCTGGTCAGGCTCCAGTGAATTACTCGGTAGCTTCAATGGCTTGGGATCCCATCCTGTCTCATCTCTCTCCCTCTCTGTGGCTCTACTTGGATAAATGGTACCTGTCAGTTGTAGGAAGAGGTAAAAGGCAATTGAGGTCCAAACCATATGAAAAATATCATTCTCCCCTGTGTTTGTATTTCACTTTACAACCTCTCAGTGTCTTCATAGACAGTATCTTATTTGAATTTAACAAAAGGCTTTTGTGATTTGTGGGCTAGGCATTTTAGAGAAGACAAAACTGAAACTCAGAGCAGTCAAGAAACTTGACCAAGGTTTCATGGTGACAGGAACAGGCGGGACCCAGAATTTCTGATTCTTAACACAGTCCTTTCCCTTGTACCCTC,N,no,no,N,0
chr8,104245572,104245954,AGTAGCTTTCCTTTGAATCAACTGTCTCAGATATTTTTAAAGCATTTTTAGCTTGTGTAGTTCTGTCACCAACAAATTAATAGTACTTAGCAACTAAAGATCTGGAAGTGGGGCTGTAAAGGACATTAACAAAGGAAAATGGGGTTTACTGGCCTCACTGTCATCACTGTGTAAGTATTAGATGTTTAGATAACCTATGTGTGGCCAGTTTACAGATGTGAGGCCGTAGGAGCTGTTGGCACAGCATGAATGATATGTCTCAGGATAATTTGTCTAGCACAACAACATAAATACAAGAGATATAACTGGTTTCTCTACATTTGTAAGTAGGCTTATTTGGAATACTTATAGAAACAAACTAAAACATTTGTATTAACTAAATA,"[[104245824, ""G"", [""A""]], [104245912, ""G"", [""A""]]]",yes,yes,G->A,2
chr9,12654970,12655403,GAAATTATTGTGTGGAAATATTCTCTAATAATTTTTTCTCCCTCAAGAAAATGTTTCCCCCTTCGTGGCCTAGAAAATAAAATTCTAAATACATTTCCTGGTATTCAACAGTTGTCTGCCATTTAACAATCAACTTAGGGTTTACGACTTCCTTTTACGAAATTTATACTTCACTCAAACTGAAAGTGACTATTCTCTTCACAAACTTAAATTTTTGTTGCATCATTTGTTGCTTATTCTGTTCTCTTTTCCCTTTCCTTCCATGTCTCGTATTATTTAAAGTCACTTAAAGTGACTTAGGAGATGAAAGGACATGAATATGCATATCAAAAATAATTTAGTGGAAAAGGCAGACATGGAATGGAAATGAACATAAGATATCAACAGTTCCCATGCCATTTATTAAAAACTGAGACCAAGAAATCATTTATTTT,"[[12655080, ""A"", [""G""]], [12655186, ""C"", [""G""]], [12655340, ""G"", [""A""]]]",yes,yes,G->A,3
chr12,20245524,20245926,TGTCATTTTCACGTGTAATATTTCCATTCTATTTCTGGATGCAATTAAATAAAGGAGATTTATTTTGAAGCTGATCCGTGGAGAATCCCTTTTAGCAGGATGAGAGCATAGTGAGAGGAGGTTAAATAGCCAAGACAGCCAATGCAGCTGAGGATCATCAAAGATCAGCATAGGAAGGAAATTCAGGATATAGAAGCCATCTGGCCAGAGGTAATTTAGCAAATTCTCAAAAGGAAATCTAGCTTTTGTTAACTTCAGTTACAACACATAACAGAAATGTTTTAAACTCTCTTAATAAAATGAGTGATTCAAGATTCTGTGGGAGGATATCCTGTAATGCTGTCTTTAAACATATTGGGAATTTCCCATTCTCAAATATCCTTAGGTAAAACTAAAAATGAGC,"[[20245536, ""A"", [""G""]]]",yes,no,A->G,1
chr7,18787930,18788398,TATTATTGGACTTAATGTCTTTAGGTAATTGCTTAGCCTCTCAGATTCCTCTTTGAAGATGGCATTTGGGCACCTGAGGGAGGGATGGAGAGCTGAACGGGTACCTGGATCCTCCTGCTGTCCTCTGAACACTCAGGGTTCCATGGCAACCTCTCTGCACCACCTGACTCTTCCTGAAGTTGAAGCTGAGGTCGGCAGCAGATTAACTCCTGATTACTGACTTCTCTGCCAGCTGGAGCTTGGCAGGGTTCCCGGGCTCCAGTAGCCTCCCTTTGGCTCACATTGGTAATGGGGTTCCTCTGAACCCCTCTGTGGACTCCATTTGGCTCCACCCATAGTTAAACCATTTCACAGGCTCTCCCATATCATACCCCTTGGAGGATTGTGAGAACTTGAGACTTCCAGCTGCACTCTACAGGAACCAAGAGCATCTCAGGAATGCTGTAGCTTAATCTTCCATTAGTTTTTC,"[[18788027, ""G"", [""C""]]]",yes,no,G->C,1
chr1,193438818,193439030,TATTTAACACAACAATCTATTGAAGTAGCTAATATTATCTCCATTTCTCATATGAGGAAATTGAGATTTAGAGAGTTTCAGTCCTTGTAAACTGTGGTCATACAACAACTATATATTAGAGGTGAGACTCAACCCAATGACCAACTGTAAACTTGTGTTCTTTGACGCTTTAGCAGGGTCTTAGAAAACCTTTGTGATAGTTAATTTTATGTG,"[[193438883, ""G"", [""A""]], [193438923, ""T"", [""C""]]]",yes,yes,T->C,2
chr7,54343534,54343815,CTAGGTTTAGCGGGTCCGCCGAAGCTTACACAATTTAAAGAAAACAGCTTCAAACTGGTCAACAAAATTATAACACATCTTAAAACATGTCGCCTTTTGAAACCTAGCATCTGGCTGCGTGCATTTCCAGCTTTGTGACTCCTCCGCTCCACATCCGTCCAGCCCCAGCCCTGGAGGACACACCCTTACTGCCACGCCATCTTTGTTTCCTGACCTGGTGACACCAGCTTACCCTCTCTTAGTCATCTGGTCTCCTCTTCAACTTTGCCTCAAACTTACACA,N,no,no,N,0
chr18,39242985,39243315,TGACATGGTTTATACAAGCAAGTGGTACTGTTTCTCTCCCCAAATGCATTATTATTAGTAATGTGATTTTACTAATAAGGTGTGGCTAGCTTTTTAATATACTAAACAAGTACAAGAAACTACATAACTTACTGTGCCTTTAACATTTTATAATTACAAGCTAGAAGCTATTGGAATGAGGTGGGTAAGGGTGAAGCATTGTACTAAAGCTGGAAAAAAATCAATACCTGCTCCTGAGATAGGGTGCTTGACCAGAAAGGATATTACAAGATACAAAGGAGCACATATGAAATACTATTTCTCTGATTTTGTTTTTAATCTTATTGCATCA,"[[39243027, ""G"", [""A""]]]",yes,no,G->A,1
chr6,158297907,158298306,GTAGAAGACCAGGGCGTATCTCAGTCCTTATCTCAACCGCATAAGACAGACATTCCCAGAGCGGCCGTTTATAGACCTCCCCCTAGGAATGCAATTCTTTTCCTAGGGTCTTAATATGTAATATTCCTTGCTAGGAAAATAATTTAGCGATACCTCTCCTATTTGCACATCCATTTATAGGCTCTCTGCAAGAAGAAAAATATGGCTGTATTCTGCCTGACCCCGCAGGCAGTCAGACCTTATGGTTGTCTTCCCTTGTTCCCTAAAAATCGCTGTTATTCTGTTCTTTTTCAAGGTGCACTGATTTCATATTGTTCAAACACACATGTTTTACAATCAATTTGTACAGTTAACACAGTTATCACAGTGGTCCTGAGGTGACGTACATCCTCAGCTTACA,"[[158297911, ""G"", [""A""]], [158298264, ""A"", [""G""]]]",yes,yes,A->G,2
chr17,10931046,10931363,GCTGGGATGGTGTTTACATGTGTGGTGAGAAACGCTTCCTGCTGTCTCTTCTAAAGACACTCTCTTATGCTTTGCACTTTCTCCAGCCAGTTATTGCACATCAGAAACACCAGGGGAGCTTTCAAAGCTTTGGGCTCCCTGGGGTTCACCCTAGTCCATCTTTATTAGAATCTTCAGTGGTGGAGCACAGGCATTGACATTTTTTAAAAGCACCTCCAGAGTTTCTAATGGGTAGTCAGGACTGTGAGCTACTGATCCAGCCAGACTCAAACCCCATGAGTCATTAACCTTCACCAAGTTAAATAACTAATCCGCCAC,"[[10931052, ""T"", [""A""]], [10931078, ""T"", [""C""]]]",yes,yes,T->A,2
chr5,114294676,114294941,TGGGGTGGAGAGTTCTGTAGATGTCTATTAGGTCTGCTTGGTGCAGAGCCGAGTTCAATTCCTGGGTATCCTTGTTAAATTTCTGTGTCATTGATCTGTCTAATGTTGACAGTGGGGTGTTAAAGTCTCCCATTATTGTTGTGTGGGACTCTAAGGACTTGCTTTATGAATCTGGGTGCTCCTGTATTGGGTGCATATATATTTAGGATAGTTAGCTCTTCTTGTTGAATTGATCCCTTTACCATTATGTAATGGCCTTCTTTGTC,"[[114294710, ""C"", [""T""]]]",yes,no,C->T,1
chr18,34219622,34220022,TAAAAGTTGGATGTAATCAATGTCAACCATTTGCTATATCGTTTTCGGAACTGTTTTAAGTCATTCATCATTTCATTCTTCTAAATTTCTGACACTTTTAATGAAAGAATGTATAAAAATAACAGTGGTACTATCTAAAAAGCAGATGGGTTGCTCAACAAACTGCATATGCGCGTGCGCGTGAGTGTGCAGTGCAGGCGGGCTCGCAAAAGCACAGGTCCCACACCAGACCTAAAATGGCTGAGTTGCCGGATGTTGTTGCTTGGTGACCAAACAGTATCTACTCCATCAAAAAGCAGTCTAAACATCAGTGGCAGATATGTCCCCTCAGGTTTAGACATGACCAGGACAAATATTAAAGGACATATTTATCCTTTCCAGTAGTCAATATTTTTATTTTA,N,no,no,N,0
chr1,46274228,46274618,TCCCCGTCCCCACACCACCAATGCAGTATCATCAGAATTAAGGAATGATAAAGAAGCTATAAGGGGTTACCTTGATTTTTTTTTTTTTTAATTCCCCTAGTGGATATAGTAGGATTTGTCTGGTTGGTGATGGCTGGGCTGGAAACTGACTGTGTGTGTTGGGATTGGCTGGCTGGTGAGCAGATAAACTGGTGGTTTTCACAATTGGTACTGAGTAGTATAGAGGCATGAGGGAGGAGCTGGTTGGGCTGAGCAGGATCCCAGTTTAGGCTATAAGAGGTTCCTTTTCTCCTGTTTCTTCTCTTTCCAGAGCCCTGACTTTGTCTTCATGCTGAGCAGCAAAGCTGGGGGCTGTGGCCTCAATCTCATTGGGGCTAACCGGCTGGTCATG,"[[46274278, ""G"", [""A""]]]",yes,no,G->A,1
chr3,177466110,177466436,GGTGACAGAAACATGGAAGTAGTCCACCCTAGAAACCTGGGAAGTGATACCTTATGTGTTGAAGGATGTGTTAAGAATGACTTGAATTAAAGAAAGATGCAAAGAATACAGCATGGACAAGAACACTGAGTTGTAAACAGATGTTATTTCAATATGAGTCATCAACCAAATTAACATCGGCGGAGATATTTTCTCTATCTCAGAGTAGAAGTTTTAGTGCATTTCTAATTACATATTTTACATGTTTGTGAAGACCAGTTTTTCCCATTTTTAGATCTCTGGTTGACTTTGCTGTTGCTCTTCCTGGTTCCCTTCCTTAACGTCTGC,N,no,no,N,0
chr1,152437926,152438242,TTGCATCTCATTTAAATTATTAGTGGGGGCTCTGCATTCTGTGCTTCTGTTCTGGATTTCTCCAGGCAGACACAAGCATGCTCAGAGGTTCCTTGTCCTGCAAGGGACAAACTGCAGAGAGGGTGGCTGTGTTCTCTGGTTACAGTGCTTAGCTGCAGTTCTTGTCTTCCTGGTCTGGCAAGAGCAATCCCTCTAGGCTGAAATGAGAGCAAAGCTGGCATCTTGCATGGCTGATTCTACTTAGGAGTGAGGCAGGAGACAGTGCCTAAACTTTTTAGTAGTGAACCTAGCAAAGATGTTCCAGCACCTGGTTCTGG,"[[152438093, ""A"", [""T""]]]",yes,no,A->T,1
chr14,94171893,94172315,CTTCCCTTCACTTTTCCTTAGTAAAGCAGGGATTAGAAAACCTGAATTTTAGCTGTGGGCATCATTATTGACCATTTTGCTTTGAATTTCAAAGGCAAAATTGAAGAACAAAAGAGCCAAGAGTGGGAGATTCACTCTACCAGATCTTAGGATGTATAATTAAGCCACAGCAATAAAATCAGCACAGCACTAGCATAGGAACAGATCTAGATCAATAGAATAGCCACAAGAGCTCAGAGACAGACGTGTGTGTCTCTAGGGACTTGGCATACGATACAGACGCCATCATGCATCTGAGGGGAAAAGATGGATTGTTTGGTGGGTGCTGCTGGGAAAACTGGCTCACTAAATAGAGTTAATAATACTGTATTCCTGCTCAAACTGTATGCAAGGTGAACCCCAGGTGGATTAAGACCTGTGACA,N,no,no,N,0
chr1,58304478,58304957,GAAACTCGTAATGCTCAAAGACAAGAGCAGATTACAAAATTGGAAGGAGGCCATTTCCATATTGCTGAACACTTAGATCCAAATATGCTTGTGCATTTTCTAATTGTAAAAATAATTTGGCAGCAGTACAGAACATTTATGATATGGAAAGAAGATCTCTAAGTTCGCAAATGACAGTGGCTGTCCATTGCTGCTCTACAGAAAAGCTGTATTAGAATCACCAGAAGCTTGCTAAAATTAGAGATCACAGGACCCCAGCTGACTTACAGAATCTCTGAGAGCCTGGAATCCCTTGTTTCTCACTGTTCCCTGGGGGATTCTGACGCAGCAGGACTGAGAGAACTGCCTATCACAATAACGATGATCATTTCTGTATTCCCTTCCACTCTCTTTTCACATGCATATGTTTATTCAATTATAAGGATAGCATTTACTCAATTTTGGACACAAATGTTTTTATACAACACTAAAAAAAACAGG,"[[58304562, ""G"", [""A""]]]",yes,no,G->A,1
chr5,138577530,138577813,GGCTGCAGTGTAGTGGTGCAGTCTCAGCTTACTGCAGCCTCCACCTCTCTGGGCTCAGATGATTCCAGTGCCGCCTCAGCGCCCCCCTCCCCCGAGTAGCTGGGATTACAGACATGCGGCACTACGCCTGGCTAATTTTTGTATTTTTCGTAGAGACGGGGTTTCGCCTTGTTGCCCAGGCTGGTCTCCAACTCCTGAACTCAAGGGATCCGCCCGCCTCGGCATCCCAAATGCTGGAATTACAGGCGTGAGCCACTGCGGCCGGCCAATTTTTTTTTTTTTTT,N,no,no,N,0
chr7,34438469,34438802,TCCCTTATCATCCACTCCCTGGGCTCTTTGGTGTGGGATCGAAGAAGAGAAGCCTCAGAGAAGCATTGCTTCTGAGGAAGAACTAGATACGTGGCGAAGGTGTAGTATGTTTGAGAGACAATACAGTGAAAGGAACGAATGAAACAAGAGGTGAAAATTAAGGAACTTGAGAAAATGAAAGCAAAACAAGACACCTGACTGGTCTTCTGCTCACTGTCCCTTCCATCCATTAAAGAAACTACACAGAGGGGAGCATAAGTGACAGAATAATGTGATTTTAAACATTCCACACTGTCAAAAATATGAGTAGGAATAGAAAAAAAATCAGACTGCA,"[[34438508, ""T"", [""C""]]]",yes,no,T->C,1
chr3,59006599,59006988,TGGGGAGCTGAATGAAATATAAAAGTAGAAGCAGTGGCAGGAAGAGCCTCGTAGGCAGTCCCATTCTCCAGCTTGAGCCCAGGGAAGCCAACCCTGACAATATCTCATAGAGGCCCTAGGGGAAGACAGCCAGCAGAATTAGGGAGGGGTCACAAGATGAATGAAGCTTCCAACTAAATTTTGTAATAGTTTCAACTGGACACAAGCTTTCTTGATCAGAATCTGGGTGGGGAGCAAATGGGAACTGTTACAGATGCAAACACAGGAGCTGCTGACATTGTAGGCAGACTGGGAGGCAAGGCCTGAAAGCCTTGCTTGCTTTCTCAGCGTGGAAGCTTATGGCCTGGGGCAGGTCTGAGTTTTGTGAGCAGGCTAACTGGAGCTAAACTC,N,no,no,N,0
chr1,54207939,54208202,CAAGCACCTTCTGAGAAAGATTTGCCTCCATGGATACTCCTCAGGAGGCCATTCTCAAGGTGTTTTTCCAGGCACATTTTGTCTGGTGGTAGCATGTGACCTCCTGTGGGGACCTCTGTGAAGGGCATCTATGCATGTTCACAATGGCTGGCTTGCTGATGAGTCAGATGTGAGTTTGTTTTCCTCTTGTCACCTACGTCTGCATGTAGCATATATGCTAATCCGACTTCAGTGAGGCTGTTTGACTGGCTAGGGTTTTCTCAC,"[[54207968, ""G"", [""A""]]]",yes,no,G->A,1
chr6,78529011,78529253,CCTTTGAGAAGAGATCATCTGCTACAAACACAGGCCAACAAGAGAATGCAGGGCACACATTTTCCTTGTGTCACATGGCACAGAAGAAAGAGCATTAACTTCAGAGTCAGAAGGACCGACAGTGAAACTGAAATTCTGGTTCTGCCCTTAGCTGTGTGACCTTGAGCAAGTTTCTTAACCTTTCTTCCCCTGAAGAAAGTTGAAGTGCAGATTAAATTGGATAATATAATACAGAAGGCACTA,N,no,no,N,0
chr5,120416084,120416359,TTTCCAATGTTTCCAGATATTGGATTGCATAACAATACCAGTGAATCTCAGACATAGGTACCTATTAACTTACTTTATTTCCCCATTAAGTGCATTGGTATGCCCATGCACTATTGTGTGGAAATACACGATGGAATGTAGAGAATTTGGTAAGCCCACAAATGACTGCCAGAGGTAAATTCAAACTATGTCTTAAAAGAAAATAAAATGTTGACTGCTCACTTCATGATGAAAGGGACCTAGTAGAATCAATCTGCCACCAGGTGACATGTAGCA,N,no,no,N,0
chr9,116150329,116150592,GGGCCATTAAAAATTAGATCTGTGGAAATGAAAAGAGGGTACTTATATATTGAGCACCTACTATATCATGCAACACACTAATCTAATCCTCATGACAACTCCATGGTAAGGTCACAGAGACTCAGAGAAATTAAGCAACTTGCTGAGAGTCATAGGAACCCAGGTCAGGGTGACTCTGAGATGTACTTTTAACCACCCTCACCCACATTCAAATCAGTCTCAATCTTTAGGGCTCTACTTTGATGTTACTTTTCTAACTTCCAG,"[[116150393, ""G"", [""A""]]]",yes,no,G->A,1
chr3,148930739,148931157,TCTAATTGACTGTAACTATGCTCTATTAGCTTTGTGTATAATACGCCAAATTTGCAGACCAGTCAATAAAGAATTGTACGAGCCCCTATTGTGTGTGCTGGCAAGAGGGAGATGACTGACACTTGCTTTCAAGTTTCCCAAGGATGAGAAGGTTGGTTTTCTTTCTCCCTACTGTTCCACTGTGTGTCAGTATTAAACAGACATACCCTGCATATTTATAGGTAACTGCTCAAGCTAAGGGCCTTCTGTATTCTTGGCTCTTAGCCCCACCAAATGACATCCCATCAACGGAATTTTTTTAACCATCCCTTGAACTTTGTGTGGATTCTCACTGACTCACTTTGTACTGGTTTTCTTTTACCTCTTTTTCTAATTTTTAAGATTTTGTTTTCATTTTCTTTTTAAGATATTTCTCCAAA,"[[148930770, ""C"", [""T""]], [148930904, ""C"", [""T""]], [148931041, ""T"", [""C""]], [148931068, ""G"", [""C""]]]",yes,yes,G->C,4
chr20,61861244,61861729,GAAGATGCGATCATGCGGTCATCACAGAAACGCGGCCGGCGGCATTCATCCACTCGGCCAGGTGCCAGGCACCACTCTTAAGTTCTCCATACAAATCAGCTCACTAAATGCCACGACAGCCCCAGGAAACGGCTAGTTTTATTTCCCCCGCATACAACATGAGGAAGTGAAGGCACCGTTCTGTAACAGTAAAGACCCACAGCAGCTGGGAGGGAAAGGCAAGACTTAGAGGCCAATGGATGGTCTCCTGAACGCCCCTGCTAACCACTCTGCAAACCGCCTCCCCTTCCCCGCCTGTGCGTTAGGAATGCCTTTGGCTGAAAGTCACAGAAAACCCAACCACAGAGAACCCAACCACAGAAAACCCAACCACAGCAGCTTGAACAAGTGGAGGCTGGGGTGAGAGCTCAAGGCGTCGGGCCGAGGCCTGTGTGGTGGTCACCCCGCTTCTCAGTTCTCACCACGTTGTCACGAGGTGGCTGCGGC,"[[61861274, ""T"", [""C""]]]",yes,no,T->C,1
chr21,27149017,27149478,ATGTCACTAAATCTCAACAACCTGGTCCTATTAGGAAAGAAAAAAGTTTAATTAAATTCCTTCTTTGTGTCAGGAAAAAAAAATCATTGAGTAAATGTCACTCTTAAGCAAAAATGCCATATGTTTTCATTTTGAGGCTGTTGTGGAAACCATCAGCCCAGTCTCTTTTCTTCCTAGCTGTTTCTTACTTTGAAAGGCAAATTTGCAAATAACTGGGAAACCTAAAGGATTAGCTCATGTTTTTCTTGGCCTCCTGAGATTTTGCTTTTCAGATGCCCATACTACATGCTTGAATTCCGTGCTGGCAGAAGATGGTAAAATATTTGGATTCATTTGGAGGAATGGAAGAAAAACTGTTGAGAATATTGGATGCCTTTAGTTTCTTTTACATGACATTCTTTCACACAAACGTTAGGACAAGCAACTCCTAATTGCTTAACACACAGTATTTACTTAAATATA,"[[27149020, ""G"", [""T""]], [27149180, ""C"", [""T""]]]",yes,yes,C->T,2
chr16,63415015,63415495,TGTGAAAGCAGTCTAAACTTTTATGTCTTCCTGCAGTTTCCTGTATTTGCATAATTATTTTGGCTCTGCTGCCCCTATTGAATATCTCTCCCTCTCTCTTCCTAAAGTTCAAGAACAGGGGCAGATGCCCATGTGCACACTCCATTCAGGAGTAGCCCTTGGCCACCTTATTTCTGGGTAGCTTTTGTTGTGCTCATCTGTTCAGGAAGCCTGACTGTACAAGGGCTCATTTGCTGGTTAATTGCATTCTCAGCTCCTCTAAGAATGTCGGCACACCTGCTCTCCACTTCACTGTCTCTTTTGATCTCTCTTGAAATACTCAACTTTGATTATGTGAAAATCTTCTGTAACTGTAATACGTGCCTGGAAAGCAACTAAAACCTTCCATTGTGACTATTTTGACCTGAAAAAGAGGCTATTTTAGGGCCTGTGTGTGGTGACAAGATAAAACAAAAGAAAATAATGTATCTTATTGTCTCCA,"[[63415042, ""C"", [""T""]]]",yes,no,C->T,1
chr9,42774095,42774336,TGACAGGCTATATTTAACCAGTTTTTCATTTTTGAGAGGAAGTCTCACTCTAATGCTTAGGCTGGAGTGCAGTGGTGCGATCTTGGCTCACTGTAACCTCAACCTCCTGGTTTCAAGTGATTTTCATTCCTCAGCCACCTGAGCAGCTGGGATTACAGGTGCCCAACACCACAGCCAGCTAATTTTTATATTTTCAGTAGAGACGGGATTTCACCACGTTGGCCAGGCTGGTCTCAGACTCC,"[[42774234, ""C"", [""T""]]]",yes,no,C->T,1
chr15,65650264,65650701,TCATACTTAAGTTTTCAGATACCTTCTGAGAAGCACGCCAACAAAAAAATGGGGGCGTAACATAAGGAAAACAAGCAGAGCAGTTACCACACATTAATCTGTTGGTTTTGGATTGCAGGAAGATGTGGCTGAGGCCGAGAGCACAGGTGAAATGCCAGGCGAAGAGGGCGAAACTGCTGGTGAAGGTGAAACTGAAGAGAAAAGTGGAGGTGAAACTCAACCAGAAGGTGAAGGTGAAACTGAAACACAAGGAAAAGGAGAAGAATGTGAAGATGAAAATGAAGCAGAAGGAAAAGGAGACAATGAAGGTGAAGATGAGGGTGAAATCCACGCAGAAGATGGTGAAATGAAAGGTAATGAAGGTGAAACTGAAAGCCAGGAACTCAGTGCTGAAAATCACGGTGAAGCCAAAAATGATGAGAAAGGTGTAGAAGATGG,"[[65650319, ""A"", [""C""]]]",yes,no,A->C,1
chr12,2580842,2581142,ATCTAGGATTTCCCAGACTCACCTGCTGATCAGAATCCTGTAGGATGCTTGTTAGAAACAAAGATATCTGGGCCCCAAACTACAGCTAATGAATCACAATCTCAAGAGGAAAGGCCCTTAAAGAAACAATTCTTAGGACAGCGTAAACTTGGGAAACCACCAAGCCATGAACTCTCTCTTACCTGTGGGTGACCTAATTCCTGCCTCTGCTAGAAGGCTGCTGCCTATAGGCTGAGCTCAGACTGGCATTCATGGTGGGGGAAAAAAAGCTTTCTTTCTGTTTAGAGACCAACAGTGACAA,"[[2581025, ""C"", [""T""]]]",yes,no,C->T,1
chr8,19222735,19223036,AATAGTTCCCTAGGAGAGTAGGAGAATATGTGAAGTAGGGAAATATAGTATAATGACCGGCAGTATTAAAGGCCTGCTTGAGGATTGTGGTCATGAATTTAAAGTGAGACCATGTAGTATGAGCATGTGTGAGTCAGGCTCAGCGGCACAGATGCAGGAGCAGAGCAGAGCAATGTGAGTGTTCAGCCAGACTTATGATTTTCACAAATAAGGCAAATAAAGAGAAGAATATGCAAGTGAGGAGGAGGCTTTATGCAAAGGAGTGATTGTAACAACTAGCCATAGAATTTTAATTGGGTAAA,"[[19222858, ""T"", [""C""]], [19222910, ""C"", [""T""]], [19222949, ""G"", [""A""]]]",yes,yes,T->C,3
chr7,151391807,151392039,TAAGAGTCCAAGTACAGGGGTGCGCCTCCTCCCCAGCCCCGCCCCTCCCACGCACCGTGAGGCTGACACCTCATCCCACCCGTCCTGGGCGATGGGGGCCTTTTTTCTACCTCAGCCACCAGGCCTTCCTAGTGAAGCAGGGTGTCACTTAGTAGTTACCTTAGTGACTACCTGAGCAGAGCCCCAAACCATCAGACGTTTGGCTGCCTTCAGTGCCAGCTGCTCTTTCTGCA,"[[151391809, ""G"", [""A""]]]",yes,no,G->A,1
chr2,179850193,179850550,CTTTCTTTTTACATATCCCTCTCCCCTAAAGTCACTCCTCAAATTATTTTATTAATAATGCCAAGAAGGGGACAGGTTGTAGCAATCAGCTCAGCTGAGCTTCCACTCAATGCAGGAATTCCTTCTGTTATGTCTGGTGGCTGATCCTCTCATCCATCACATATTTTCAGCTAGAGGGAGCATGAAACTTCAAGGCAGCCATACCATTACTGGACAGTGAATCATCTGAAAGTTCTTTCTCATATTGAGTTGAAATTTGCCTCCCTATGATCCCACCCACTGAATCTGGTTGTGCCTGCTGGAACTTTGGAAAAATGAATCTACTTCCTTGTCCACGTATCATCCCTTCAAGTGTTTG,"[[179850268, ""A"", [""G""]]]",yes,no,A->G,1
chr4,134740069,134740284,AAAAATTAGCCAGGGGTGTTAGCAGGCACCTGTAGTCCCAGCTACTCAGGAGACTGAGGTAGGAGAATGGCGTGAACCCAGAAGGCGGAGCTTGCAGTGAGCTGAGATAGCTCCACTGCACTCCAGCTTGGTGACAGAGTGAAACTCCATCTCAAGAAGAAAAAAAAAAAAAAAAAGCCTCGGCAAAATCAGCATAGAAGGAGCACACCTTAATGT,"[[134740083, ""A"", [""G""]]]",yes,no,A->G,1
chr7,58108557,58108830,TGATGATATTTCCATTTGAGTCCATTGGATGATTCCATTGGATTCCATTCAATGATGATTCCATTGGTGTCCATTCAATGATTCCATTTGATTCCATTCAATGATGATTCCACTCAAGTCCATTCGATGATTCCATTCGATTCCATTTGATGTTGATTCCATTCGAATCCATTCGATGATTCCATTTGATTCCATTCAATGATTCCTTTTGATCCCATTTGATGATTCCCTTTGATTCCATTCGATGATCACTCCATTCAATTCAGTGATCCCA,"[[58108583, ""C"", [""G""]], [58108704, ""C"", [""T""]]]",yes,yes,C->G,2
chr4,53349114,53349599,ACATGAACATAGCCTAAGTGAGAGGCAGAGCTGAGTCACAGCAGGGGCTCAGTTAGGAACGATTTTTATTTTAAACCCAAGAAAAGCCTTAGGAGTCATTTAGGCCAATGCCCTCATTTTATAAGATGAAATAATGAGGTGTAAAAAATGTGTCATGAAGACTTTGTCTGCAAGTGATAGAAAACAGCAACTAAATTTGGCTTAAACAACAGGAAATATATTCTCCCATACAACATGACTTCCAAACATCGTGCATCAAGGAGCTTATAGCTGCTCCTCTCTGCAGTTCTCTTGGCAAGGCCACCTTCCACGTGTTAGCATTAACTTCCAGATGTGAGCAAGATAGCTGCAGCAGTTATCAGACTCAATATGTCTGACATATTGGTCACATCTGGAAGAATATTTCTATTGAGTCTCTTGTCAGTAGCAAAGAAACCTGACCAAGAAGCCCTAAGACTTTCTCTCTTGTCACTTGCCCATTTCTAA,"[[53349353, ""G"", [""T""]]]",yes,no,G->T,1
chr8,129818350,129818718,TCTAAACATTCAAACTATGCTTGCAGCATTTCAGTAAAGACAGAAACAAGTCCTTTGTGCAGGATCACAAAAGGCTGGGATGTTGAATAAAGGTTTCACTCTCTTTTACCCACTAAAGAAGTCATGAGTCAAGGTGATCTCTCAGCACAGAGCTTTGCTGGCTTGGAGGAGGGCTGACTCAGGTAAAGTGAAATTTCTCTTCTTACCTGTTTCAATGCAGCTGTTCTTTGTTTTGTGCTCATCTGGGTTACCACAACTTCTTAACTGGATTCTGGACTTTTCATAAAGGTATTTTTGTCCATATGTCATCATTAAATCAAAGGTTCTGTGGAAGATGAGGGCTGGAATTCCCACTCCACTTCTTCATGC,"[[129818437, ""C"", [""T""]], [129818478, ""C"", [""T""]], [129818679, ""T"", [""G""]]]",yes,yes,C->T,3
chr17,4190402,4190669,CTGCACTCCAGCCTGGGCGACAGAACAACACTCTGTCTCAAAGAAAAAAAAAAAAGAAATGTCTACAGATGTTGACAAATGTTCTCAGGCAATAAAGGCAGGATTGTGCCTGGCTGAAAACCACTTGGCTGGATGACCATTTTGAAAACATTTTAAGTCCTATTAGAAAATGCCCCTTAAATACTTCAGTTTTATTCCTAATGCTTTAAATATGTTTGTTCTTGGCTTAGAAATATTTTCCTTAGCACTGTTACTCTTTTCTAAATAA,"[[4190430, ""G"", [""C""]]]",yes,no,G->C,1
chr2,22916595,22916952,GGGTCCATTAGATATTCATCTCAGCCTTGCACACTGGCAGAGCAGTAGGCAAGCAAAGTGCCAACTATTAATACTATTGAAGTCAATGATGAGACATGGTGGCCATGACCAGGAGATGACTCTGGCAAGGCAGAGGGTAGCAGGAGGGCTGGGAGGTGAGCTGGCTGCCTGGAGTGCAACGGCATAATTTCCTCTACCTTCTTGCCGTCAATCACAGCTCTTTATATAGCACCAATGTCATGCTGCATCAGCTGCACCTGTGCCCCGTGTGATGACTTTCAGACTCAGATAAATACCATCAACGGACTTCAGGATGATGGGCACAATGGAACACCCTAGTGATTGATCTGTTTGTTTC,"[[22916629, ""A"", [""T""]]]",yes,no,A->T,1
chr10,14919010,14919284,ACATATGTAAGGGACCTAGCACAATACCTGCCATTAATAGGTGTTCAAAAAATAGTATCATCATTATCTCGTGTGTTTTGGTCAAGTATTTACTGCATGGCAGAGTAACTGACTTTCCACCAAAGGAATGAAAATCAAGAATCCTAACCACGAAATAGGGCTGCTGGAAAGCCCCAGAGCTTTGCTCAGAATCTAACGTTCTGATTACTACTGCAGAGCTTGCCTCTGTCCTTCACTAGAAAAATCAAAGTAGCAATGAAAGAAGGTACAAAGTA,N,no,no,N,0
chr16,47262955,47263297,TTGCCTCCAGATGGTAAAGAAGGTGACAGAGATCAACCCCTACCCAAAGCCATCATGGCTAGGGGCACAGGGAACTGTAGCTTCTGAGAATGGCTGTTGGCTCGGCAAAGTCAAATGTATGAGCTTTGAAATAAGGAATGCATCCCTGTAACAGCTGCCTCCAAGCTGCCTGACAACATATTGTATCAGTACAAAGGCATGGGGCTGTCCATAGGCAACATGATCTGTGGCTGGGATAGGAGAGGCCCTGGCCTCTGCTACATGGACACTGAAGGGAATCAGATCTCAGGGGCCACCTTCTCTGTAGGTTCTTGCTCTGTGTATGCTTATGGGGTTATGAATC,"[[47263000, ""G"", [""A""]]]",yes,no,G->A,1
chr4,34649760,34650058,TCCCATGGTTAGGCCTTGATTTTGTTCTCTGTTGAGTAGCTTCCTTGTTTTCCTCTGGGGCTGCTGGCTTCATTGTCTAGGGAGATTTCTTTATTTTCTGTTTTCTTCACTGAACAATGTGAAGTAGACATTGAGAAATATACTCTCCTTGGCAGACTGGCCAACTTTCTTAATCTATGACCTGCTTAAATATGACTTAGTGTACTATTGCTATTTTAGGTATCTCATGATTATCCACTGAGTCCAGCTTTTTTATTTCTTTGGCAACTAGTACAAGGACTCTCAGATCACTTGTACTT,"[[34649838, ""G"", [""A""]]]",yes,no,G->A,1
chr22,46841564,46841875,ACATTATCCTACATGGAATTAGCCAGACCCAGAAGATATTCATCATCTTCCTTATATGTGGAATCCAAAAAAATTGCATTCCTGGAAGTAGAGAGTAGAATGGTGGTTATCAGGAACTGGAGGGCTGCAAAGTGGGGAGATGTGAGCCAGAGAGTATAAACTTTCGTTTATACGATGAATCAGTTCTAGGGATCTCATGTACAGCATGATGACTATAGTTAACAGTACTGTATGGTATACTTGGAATTTGTTAAGAAAGTAGGTTTTAAGTGTTCTTACCACACACACACACAAGGTAACTGTAACATGTGA,"[[46841641, ""C"", [""A""]], [46841850, ""G"", [""A""]]]",yes,yes,G->A,2
chr7,18109710,18110187,TGTGAATTTGAAGAGCTTCATGTGGTGCGCCAACCAAGTTACCAGTACTTACATATCCACTTTAATGTTGTTAATCTATCTTAAGGAGTTGTAAATGGCTTGAAATAATAAGAAACTTTGCTTAAAATACTTTTTGTGATTCTCCCTCTAGGCATGCTTCTGAGCAGTTTCTTAGTCATTGCCCCCACATCAATCATTGTATGGTGCTTTACATATTTCATTCCTCATTTTCTGCACAGAATTGTATTGCTCACCCCATGATTTCTCCCAGGCCTCAGATCTGCTCAGAATGATGTTTTTTTGGCCTCACTTGAGATAATTTAAAGAACATTCCCCAGACAATTCTGAAAGTTGACTTCCAAAAATACTTGGAGTAATGCCATCATCATTAAACTAAGTGGATGACTTTCAAGGTGAGTGGTTTTAAAAGGGACAGCAGCTTCTTGGACGTGCACTTTCTCTGCAGAACAAATGGTTT,N,no,no,N,0
chr12,4900319,4900697,TTTTAATGAGAAGTTCTTTAATGAAATTTAATGAGCAAACTCAACTTTAACTTGAGAATGAGGAAAGTTATTGAATTTTGTAACAGGAAGTTCCACGAGAAGAAGGCTTCATGACTGGTTGATTCAGAAGCCTAACGCTGTTGCCAGATTCCAGGGTTTTTGTCTCCCTCTCCTATGACATCTTCACTGTTGGCTTAATCATTTGGCCTGGTAACAGCATGGATATAGCAATGACTCATCCAGACATGGCATTTAGATGACGAAAGGAAAGCAGTCTTTCTATAGTGTTTTCCTATCACTGAGGAAGCCTCTCCCTGAAGACATCCAGAAGAAATCCTCTCATATCTCCTAAGCTAGAACTGCGTCTCAGGCCAGTTCC,"[[4900365, ""C"", [""T""]]]",yes,no,C->T,1
chr13,104750470,104750728,TAAAATATGGGAGTCTCATCCTATTTAGTTCAGCTTAGGACAGCTTGGTGTACTCTGATCAATCCCTAATGTGGGTGTTCTGCATTTCTTCATCACCATGGCAGGCACTGGCGGAGCTAAGATTCTTACTGTGTGAGCACTGCTAGCATGCTTGATCAGTATGGTCATGTGCAGGAAGTGCAAAGATTAACCTAGAAGGAGTCTGAATCCTACCTGTGAAACAAAATAGTTAGTAATGCTGCTAGCCAATTACACAGTA,"[[104750630, ""G"", [""A""]], [104750631, ""A"", [""T""]]]",yes,yes,A->T,2
chr12,116950993,116951209,TAAAAATAAAGGAGAGCCTTGACTCTCAAAGCCAATTATGAATTTCTTCTCTGGAGCTCCCGAAGGGCAGGCCCCCTACGAGTCCAGATGCCAGTCCTTCTCTCTCTGCCTCTCTGTTCCCTCGGGGTCTGTTCAACATTACAGATTATGCCAGCACAGAGCACGATGGCCACGTTCTGTGGATCGATAGGATGAAACTTGATCTGTGGGTCGAGAG,N,no,no,N,0
chr12,105425456,105425743,TCTCTGGCTCTGGGATATGTAATTATATACACCCCTTCTCAGCTCTGACTGCTGCAGTCCCACTGCTGGATTGCTCGTCTGTTTCCTCTTTACCTTCCAGTGACCCCTACAGGGGTTGTTACCTGGGAGGTGTATTTCTCAATACCGAGGCGAATGCACTAGATGCCATCACAGGCTCATCTATAGGAGCCAACGGGTATGTGGTGAGTTACCTGTGGGGCAGGACTTTACTGTGAGTGGCTAAGCAACCCCGTATAGGGTGATATAAGGACTCAGAGAGACAGGGAA,N,no,no,N,0
chr1,86848676,86849045,GAATTTTCTTCTGTATATGACATAAAAGACCAATGTATTGGTGTCCCTGATACTCTTTTGGGCTTCTTCATAGCCTTTTATTTGTTTCCTTTCTTTTCCACGGGTTCTTCTTTCGTTCTCAGACATTGACGTTCTCCTGGATCCAGTGCTACACCACTGCTCTTTTCATTACATTCTTCTCTAGGATGATCTCATCCTTTCTTATGGTTTTAATATAGCAGACTCAGAAATTGGAAGGGAGGCTCTAAAATTAGTGTGTAAGGCAAAAATATTGCATGTAAATTTACCCTTGAAAATTCCTTAGCAAAGTACTTAGAATTAGACATAGTACAACAAAGTGGCTTACCTGTTAGTGATGTGAGGAACTGAG,"[[86848790, ""C"", [""G""]]]",yes,no,C->G,1
chr1,154550758,154551010,CTGGAAGAGGCTGTGAATGTTAGCCACCGCCAGTCCCTCCTGGGAGAACTGGGGCAGGTGCTGTGTTAATGGGTGGTTGAGTATCAGAAACCAAAAGAAGGGGTTCTTGCTCTGTGGCTGGAAGTGAAAACCTGGGTGTGGCAAGTGTCCGAATCTCCTGAGTCCTGGCTCCAGCCTCACCGTTTTTTTCGTGGATCTGCACCAAGGACTTGTAGGACTGCTGTGCTCTTGTCAGACTGTATTGAGACTGGGG,"[[154550768, ""T"", [""C""]]]",yes,no,T->C,1
chr2,74544786,74545032,GTTTACAACTGTCTTGCCTATCTTTCATAATTGTAATAATTGTATCACCTGTGAGAATGCTCCCTCTGCTGGGCCTGACCTGTGAAGGATCTAGATCATAGCCCCATCACAGAATCTCCCAGGGCTCCCGCAATCTCTTTCCCCACGAAGAATGGCCTCTGTGCTTTAGTGTATCTCTTTCTCCAGCCTTTATATCCCAGACTTAGTATGAGATTCCGATATGTCCAACAAATATTCCTGATCCCTA,N,no,no,N,0
chr5,80011067,80011358,AAGGTCTTTCCCATGCTATTCTTGTGATAGTGAATAAGTCTCATGAGACCTGACAGTTTTAAAAGGGGGAATTTCCCTGCACACTTTCTCTCTTTGCCTGCTGCCATCCATGTAAGACGTGACTTGCTTCTCCTTGCCTTCTGCCAAGATTGTGAGGCTTCCCCAGCCACGTGGAACTGCAAGTCCATTAAACGTCTTTCTTTTGTAAATTACCCAGTCCCATGTATGTCTTTATCAGCAGCATGAGAACAGACTAATACAAGGGTAAACCACTTCCATTCACCCCTCATTA,N,no,no,N,0
chr20,24857092,24857332,CCAAACCATCCTTGAAAACCGTGACCTCTGAGCCTTCAGAGAGACTGAGTGAAACCTTCACCTTCCATATGGCTGACCTGGCGTTCATTAAACTCTTCTTTTCTTCAATGCCCTGGTCTCAGTGAGCTTATTTGGTTTGTGCTGTGGCAGGAAGCACCTGTTGGGTGATTACAGTAACACATGAAAGAGGAGAGCCCAGCCTTTGAAGGAGGAGATGTTTGAGATAGTTATGCTAATGGGT,N,no,no,N,0
chrX,110675932,110676270,TGTTTGTCTTTAACCTGTAAAGAAATGTGATTCTCCAAGAAACTAGAGCAGTGTTGTGATGTTCTATCCCTCCTCCTCCCACATATAATTTAAGACTCTTCTAGTCTCTTTGGAGGAGATGTTCAAGGGCTGACACACCACTCCACACAAAGGAGCAAATTATGCTGTGCATGGCGTGAATAATTGACTGCATTTGAGTTTGGAGTTTTAGGGCACTGTTGACTTAAGCAAAATAAGCCTGCAGTCCAGCTGCAGCTTGAGTTTTCTTGCTTTACCCTATCCAATACTGTCTGTCTTGCCTAACAGTGGCCCTTTTCAGATCTCTCCAGGTACAAAACC,N,no,no,N,0
chrX,17643472,17643745,TCGTCCAAAGTAGAAGGAATTTAGTTCTGATCTGAAGGTGTAAAAACTGATCAGAAGAAATGGCCTCAATCAAAATACAAGACTGTGAACTGAGAAGTGGTGTCACTTGGACAAGGGACAGAGCCAATAGTGTCCTGTGTCTTGAAAAAAGGGAGGGGCATGGTAGGTAAAGCCTGTTACCTTCACTTTTGGTTTCTTTAATGACACTAGAACTTTTTGCTAATTAACTTGATTGCCTGCAACTGATATATTTATTACTAAGCATTGTTTATCA,N,no,no,N,0
chr1,154275958,154276340,TCCTTATTCCTTAATTTTTTATTCTGCATCTAAAACCTGATTTCCTAAGTAAGGGTCAGGCACAAGTAGAAAATGATTTTTCTTTCTCAAGCAAGAAAAAAAAAAAAAGAGGCCGGGCTCGTTGGCTCATGCCTGTAATCCCAGCACTTTGGGAGGCTGAGACAGGCAGATAACCTGAGGTCAGGAGTTCAAGACCAGCCTGGCCAATGTGGTGAAACTCTGTCTCTACTAAAAATACAAAAATTAGCTGGGCATGGTGGCGGGTGCCTGTAATCCCAGGCTAGGGCAGGAGAATCGCTTGAACCTGGTAGGAGGAGGTTGCAATGAGCCGAGATCACGCCATTGCACTCCAGCGTGGGCGACAAGAGTGAAACTCCATCTCA,"[[154276002, ""A"", [""C""]]]",yes,no,A->C,1
chr7,30790401,30790704,ATTTACCACAGGATTTTAAAAAACCTTTCATTTTCAGAGGTTTTGGGATTTATTTATTTATTTTTTTGAGATGGTTGTCTTGCTGGCCCAGGCTGGAGTACAGTAGTGTGATCTCGGCTCACTGCAATCTCTGCCTCCTGGGTTTAATTGGTTCTGCTTCCACCTCCCGAGTAGCTGAGATTACAGTCATGCACCACCAAGCCTGGCTATTTTTTTGTATTTTTAGTAGATATGGGGTTTCACCACATTGGCAAGGCTGGTCTCGAATTCCTGACCTAAAGTGATACACCCGCCTTGGCCTCCC,N,no,no,N,0
chr9,90259853,90260307,TAACTTCTGAGTTTTAGTTTCCTTCCTGCCAAAAACAGGATAATTTTATGTATGACACTGGCTTATTCTAAGAACCATGTGAAGAACAGAGAGCATTGAAATAGAGAGTAATAAAGAGTATTTTTAAAACGCAGTTTCTGTCTTGAATCGAAAGAGAACAAAAAGTAGTTCTTGAACATCTGGAAAGGGAAAGCTTTTGATTTTTGCATTCTCTTTCATTTGTTTCTTTACAGGGGTGTGACATAGAGAAACACATTGAAAGCCATACCAGTGTTGATCACTAACCATGCAAGACACTTATTCAAAGCATGCACTTCTACAGTCATTGTCACCACAGACATGGGTTTTAAGTCTACAGTATACAGCATGTAGCTTTCTTGATATTTTAGGATTTCTCTGGGGGTGGATGTATGTGATGTGAAATGAAAGAAGACTGTGAAGGATTGGACAGATTA,"[[90259905, ""C"", [""T""]]]",yes,no,C->T,1
chr11,40306926,40307407,TCACAAGGTTATCCGGTTTTTTTTTTTTCTCTCTGTGGCACAATTGGTATTTCAAGTTAGATATCTATGTATCTATGTATCTATCTATCTAATATCTATCTATCTATATACAATTTTTTTTTGTTTTTGTTTTTTTGCTTGGGGAGGTGCCCTAGGTCCTGTAGGATGTTTAGCAGCATTCCTAGCTGGTACCCACTAGATGGCAGTAGCATCCTCTCTTCCCCACTCCACCTCCTCACCCCCCATTATGACAATCAAAATGTCTACAGACATGAATAATTCTCTCCTCCCCACCACTCCACTGAAAACCACTAGGGTGTTGGGATGAGTAAATTAGATAGTTTTAAATACTGGACATAAACTGTCCCTTTCTTTCTTTCTTTGAATGATTGGGAGAAATTTGCATGTTCCCTATTCCCCAGCATAATCAATAGAATTGTGGCTCCCAAGATTAGTCCTGAATTGTCCTGCTCCCTTGCCTG,"[[40306939, ""T"", [""C""]], [40307221, ""G"", [""A""]]]",yes,yes,T->C,2
chrX,14012978,14013463,GTCAGTTTAAAACCAAATAACTGCAGACAGGCTGTGCACTGATGGTCACAGCCAGCATGTGAAAGTACTTTAGCGTGTACTGACTTAGGGGACCAAGTAAACCTCAGAATGGAGTATCAGAGTTTGAAGGCATCCACTCATTCTGTTTTCTATTTATTGCTTCCTTCCTTCCTTCCAACGAAAACGGATTCTCAATCACTGGCAGTTTTCCTTGCTGTCAAAACAAGGTGAGCGCTCAGCCAGCCAGATGGAAAATCATCTGACCAAAGCAGACCAGTACGGACATCACACTTCAGATGCCAATGAACAGTTGCCTTGTCATGGAGGGTTTGGTCATTTTTATTGGAAACAGCTGTAGGACTCAATGTTGCCATACACTTTTATAGGGTATTTTGGCAAGATAATTTGTTTTAATATGAATCAGAAATCTTTTTTGATTCTATTCCAGCTTCAAAATAGGATTGTAGTGGGTTGAATAGTGTCACT,N,no,no,N,0
chr22,41581097,41581382,GAGTGAGACTCCATCTCAAAAAAAAAACAAAAAAAAAAACCTAAAACCAAACCAAAACCAAAACCAAAACCAAAAAACTTAGCCAGGTGTGGTGGCATGGGCCTGTAATCCCAGCTACTCCGGAGGCTGAGGCAGGAGAATTGCTTGAGCCTGGGCAGCGAAGGTTGCAGTGAGCTGAGATCATGCTACTGCACTCCAGCCTGGGTGACAGAGCAAGACTCTATCAAGAAAAAAAAAAAAAGTCCCTGTGCCTGTGGGCACTGCCTCCCCTAAGCCTCAGGGCACA,"[[41581124, ""A"", [""C""]], [41581138, ""C"", [""T""]], [41581217, ""A"", [""C""]], [41581249, ""A"", [""G""]]]",yes,yes,A->C,4
chr18,67513362,67513563,CCCCAGTTAGGGAATGTGTGTATTTTTGCAGTACCATAATCAGCAGGTGGCTGTGGTGTGAGCTGGGGATCATACCAGATGTATTCAGTGTGAAGAGTACTCCACCTTTGGGCAGTTGAAGGAACCATCGGTCCATCTTTAGGTCGGTGCTTTCTAATTTGCTGAGCTAACCAATTTCCAGCTCCATTCTTTAAGATGAACT,N,no,no,N,0
chr6,101186137,101186519,TAGCATTAGGTATATCTCCTAATGCTATCCCTCCCCCCTCCCCCCACCCCACAACAGTCCCCAAAGTGTGATGTTCCCCTTCCTGTGTCCATGTGTTCTCATTGTTCAGTTCCCATCTATGCTATCCCTCCCCCCTCCCCCCACCCCACAACAGTCCCCAGAGTGTGATGTTCCCCTTCCTGTGTCCATGTGTTCTCATTGTTCAGTTCCCATCTATGAGTGAGAACATGTGGTGTTTGGTTTTTTGTCCTTGCAATAGTTTACTGAGAATGATGATTTCCAATTTCATCATGTCAAAGGACATGAACTCATCATTTTTTATGGCTGCATAGTATTCCATGGTGTATATGTGCCACATTTTCTTAATCCAGTCTATCATTGTT,"[[101186367, ""C"", [""T""]]]",yes,no,C->T,1
chr12,18939106,18939453,CAGGCTTTATAAGCATATCTACATGTATGCTTATTAACTGGGTCTTTTCTTGTCCAAAGCACAAATACAAGTCACATAGCCCTTTCTTTGCCCCTCATGTGTCATAAAACCTGCAGCTTAATTGCTTCTCTATGATTTGCAGACTATAAGAAAACTACAGGCAGAGGATGCGTGTCCTATTTGCCTGGGAGTCCCTTGGGACATAGCACATGGTACTTACACAACTGACATTGTCTAGTGAAAATTAGATCCATTAAAAAAATTTTTAAAGAACACTTACAGAATGATGATTAGCATTTTGGAAAGACAACTTCTTGCAAATTGTACCATAATCCTTCCCATGAATTA,"[[18939152, ""A"", [""T""]]]",yes,no,A->T,1
chr18,45489818,45490091,CAGAACACATAGAGATTATTGTTTTTAACTCTTTAACTTGGTGTTTTGAACTGTTCAAAGCATCTCTCATCTTTATCTCATTTCATCAGCTCAGCAATCCTGTGATATAGGCAAAGCAGACCTGACAGGTGAGGAAACTGAAACCCAGAGAGATTAGGGGACTTGCACAAGAATAGACGGGCATTTGGTGGCAGATTCAAGGCTGGAAACTAGATCTTTGAGGGCAGTAGCCTTCAGAATAGGAATGAGATGGGAGAGAAGTATGTGTCGAATG,"[[45489822, ""T"", [""A""]]]",yes,no,T->A,1
chr9,41873599,41873973,CAGTTGATCAGAAGTGGACAGCAGCTGTTCCATCAAAAACTCAAACGGGGTTGTGGGGATTTGCAACCTCAACCTCTTTCCCAGAGCATATTAGGAGGACACAGATAAAAGGATTCAATAAACGCATTGGCAAATTAAAATGTGAAAAGTCACCACTGTGGGGTATTATTTGCTATGTAGCTAATCCCTCTGGGGACTCTCTGAGACAGCCCATGGAACGTGTCTCAGAATCTTCCTGTCCACTGATTGCTATCCTGCATTTGTTGGATGTAACCTCCAGGGACATTGTCCCCTCTTCCTGCCACACACATGTAATTCTGGGTTGTTTTTGCATGTGTCCAATCTTCTATGCAAAACTCTTCCCTGGGAAGAGTG,N,no,no,N,0
chr18,42442566,42443022,TAGCTGTTCCTCTGAGAGGGCAAGGGAAAGGAGTGGCCATGGGGGTGGGGAGGCAAACTTAGCCTCCCACAGAAGCCATTATTCTGTCCCTTCACAATTATAACTGTGATATCCACTATCCTAATGAGTCAGCTGAGTCTCTGTCCAGCAAGTTCATAGATTTGGCTGCCCCATGCCTGGGTACCAAGGCATTCTCAAATTGTGATTCTAAAATTCCTAGGAGTTCGAGGCTTAACCCTGATCACATCACCAGTGCTAAAGTAACATGACATGATTAATTCTTCTAGACCTCTGCCCTTACTCTAAACCTAGCTGTTCCACTAGCCAACCCATCACACTACTGTCTCCTCTATCAGATGATTCATACTCCATGCACTGATATTGTTCTAGAATGTTGTGGAAAGATCTTTGGCTCAAATATAGGAACTAAAAAAGTCCCATCGTTGGTTCTCATGTC,"[[42442712, ""T"", [""A""]]]",yes,no,T->A,1
chr6,38835262,38835650,TGAATAGTGTGATTAGTTCTTTTCATGTCCCCTTTCCCACCTGCATTCTTAGTAATCAAAAAAAAAAAAAAAAGATCAGATGCCTACTGTGTGGCTTGCTCAGGAGAAATTTGATGAAGAAGTGGTTCTTACCTCTAAGCTGCTAAAATCTGATAGAGAGATAGCAAGCTAGAGAGAAAACTGCAAGTGCGATGAGAGCTGTGACCTAGGTATGTGAAATTGTGTAATGGAAACAGATGGGCTGTTAGAGCAGATGGAGAAGGCTTCCTGAAAGAGGAAGAATCTAAGCTGCATCTTGAAGGACTAATTAGAGTTAGCCAGGGGAAGACGGAGGGGAAAAAGAAAGTTAGGCAGAATTTGCAGCTCATACAAAGGCCCGGCAGAGAGGA,N,no,no,N,0
chr20,24850203,24850414,TGCTCTCCCACACAGGAAGCTCTGGATCTTCAAAAATGGCTTGAAGAGAACTGAAAGGTGTTCTTCTGGGATGTCATTCAAGTCAAATGCATCAGCAGCCCAGAAGGCTCTCTTTCCTCACTACAGCCCCCAAGCTAATTACACGAGGTTTTTACAAGATGAACTATTGATTTACTGTCCACTGCCTCAAGCCAGTGTCTTGGAAATGAACA,N,no,no,N,0
chr15,25455402,25455868,TAGTACTCTGAGCTTCCTTATTACAGTTCAGTTTTATAACCTTTGATAGCGTTTGATTGGCCATATTCTTTCACTAGACAGTATGATTCATCAACACAAAATAATCCACACTTTCTATCGTAGTCCATTTTGTGTTGCTACAAATACCTGAGACTGGGTAATTTATAGAGAAAGGTCTATTTAACTCAAGGTTCTGCAGGCTGTATAGGAAGCAAGGCACTGACATCTGCTCAGCTTCTGGTGAGGGCTTTTGTGCTGTTTCAAACATGACAAAGGTCAAAGGGGAAGTGGGCACGTGTGAAGAGGGACTTTCCTTATTTTTCTATCAATACGTGTTTGCTAAGAGGGCGTGTGATGAGGACTAGTGGGATTTAAGACTTTTTTTTAAATTTAAGATTATTGAAGTCATTTGGCCCCTTGCAAGAAGTACACTAGACTCATCCCTGCTTATTTATATTAATGGGGCC,"[[25455411, ""A"", [""G""]], [25455751, ""A"", [""G""]]]",yes,yes,A->G,2
chr12,86226480,86226814,ATCTTCATCTTCTTAAACTTCCAACATTTCCCCTCTCTACTCTCTGTCTTATCTGATACTTTTGTTCTTTGTTTTACTGAGAAAATAGGATAAATTAGATAAGGACTTTCAGATTACTGCCCTCACCGCAACCCAAATGATGAAATCTAATAACCTACATTCATAGTCAGCTATATATTTTGTCATGAAGTAGAGGAATCATGTTCCTAAAACCAGTTCTCCTACTTTATGATCTGATTTCATCTGCTTATACACACTCCCAGACACCTCTTTTACAGTTGGACTCCTCCTTTCTTTTCAGCGTTGTCAAAAGTTTTTAAATTCTCTCCTCTCTA,"[[86226629, ""C"", [""A""]]]",yes,no,C->A,1
chr7,41221263,41221530,ACTTGCTGGCTGACCTAGGCTGTTCCCATGGCACCTGCTACCATCTGCTCTGTGCTAAACTCTTTCAAATGCAGGTATAAATTACTTTTTCAACACACTTCTGCTACTCATTCTATTAAGTGACCCAACCAAATATAAGTTTCTATTGGCCTAAAAATAGATCTCCTGCCATCTGGAGCCCCAAGTTTCTGCATTTTCTCTTTCACCTCGGAGCAACTCCAGCAGTCATAAAAGAACTTCACCTGATGTAATTGTATCTGCTTCCAAC,N,no,no,N,0
chr22,40909010,40909259,CAGTAATGACTTAAGGTAAGTACTGGTATGGAGGTATGGGCTGTTGAAGAGAGCTTGGGCTGGGGCAGCCCTACAGAAACCCTTTGTCATACCTTGCTGTTGTTTTTCACAGTTTGAATTTGAATGCCGGGCTCGTGGCGCAGACATTTTAGCCTATCCACCTGTGGTGGCTGGTGGTAATCGGTCAAACACTTTGCACTATGTGAAAAATAATCAACTCATCAAGGTACGTGAGATGCCCTCAGTGCTA,"[[40909025, ""A"", [""G""]]]",yes,no,A->G,1
chr3,155049266,155049514,ATGCACCCCATGTCCCAAGAGAGTACCCTTATAAGAAATGGAAAAGGTCAAACAGAAATACCTAGAGAACAAAGCCATGTAAAGATCAATGTACAGACTGGAGTGATACATCCACGAGCCAAAGAATGCCAAGGATTGCCAGAAACCACCAGAGGCTAGGAGAGAGGTACAGAAGAGAGGAAGTAGCTTTGGAATTGGGAAATGAGTAGAGGCTGGAAGAATTTTTAAGCCACTTTATAGAAAAAAAAG,"[[155049304, ""C"", [""T""]]]",yes,no,C->T,1
chr1,194309762,194310074,AGGATAGTATACATTTCTGGTCTTGCTCTGTCTGCTTATTGGTCAGAGTCTCCGCTGCTGTCATTAGATTTTGGGCTTGGCCATGTGAATTTCACTGGCCAGTGAACTGCATGGTAAAGGATGTGATCTCAGTGGAAACCGAAAATGGTGAGCTTGGGGTTTACCTCCTGTGTTCTGCCATAAGAAGATCACTTCCCAGGTAGACAATGCATCAGTATGGGTTACATAGAGCATACCATATGTTCTAGGAAACTCTGTTCCAAAGAGAAAAGGAAACAGAAAGAGCAGACTCCAACCCAACCTGAAGCTTGAA,"[[194309815, ""A"", [""G""]], [194309844, ""G"", [""A""]]]",yes,yes,G->A,2
chr8,36269963,36270325,ATGCACTTATTGTGGAGAGCAGCTAAAGGAGGGAGTCCACAGGAGAATCACTTTATAGCCTGGGGCTCAGCCAAAAGGGAAGTCTGACATTTATTTATGCTTTGACATCTGCTCTCCCATGGGAGAGACTGGTACTTACCATGCACTGGGGAAGGGATAGCTAGTGGGTAAGGGGAATTGAGGGAGAACCAGAGCAAGAGGTGGGGGCTGTGATGAGTAGAAGAAATGAAGGCTAACACTTGCTAGGAACCATCGCAGCCCTAGGCAAAGGGAAATATTAGAAGACTGTAGTGTGATGCTACTGCGTGGCAGTCAGTTGGAAGATGTGGGTGAGAACCAGAAGGAATCACCCATGCCCAAGTG,N,no,no,N,0
chrX,38796951,38797241,ACTTCTGCATTTAAATTGATTCAAACTCACTATGAATCTCTTCATCAGGGTTTCTCCATTCCTGGATTACTCATTTAAATTAATTTTTTTTGTTGTTGGCAGGCTTCTACCAGTAAGTTTCTCAAGAAAAATCCTGAGTTCATGTTTGAGAATGTCTGCTTATTGTTTTTTGCTTGAGTAATATAATACTTTTGAATCATACATTCTTTCTTCCAGCTCCACTGTCTCCTGTAGTGGAATGTTTTTGTAAAGCTGGTTGGATTCTCTCCTCCCCTGAGACCACCATCTTTT,N,no,no,N,0
chr13,35659939,35660363,GCATGAAAGAGAGCAGAGCAGAGCAGGCAATTTGTGCTAAAAGCTGATTGAATTTTTTGTCAGGTAGGTATCTTGGACTTGGCCGCTTATCCTCTTGAGCCTCTCTTTGCAATATATTACAACCCATCTCTGACTGGTGTTCTTTAAAAGGATCAATGGTATTCCTTTGGAATCCCTAGAGTCCAAAATTTCATTGATCTTAGGACTTGACATTTCTCATTACGTGCTGTAGCTTCCAACAAGATAGTCACAATAGAGGCAAGTTAACATTGTTGTCTCTTCAACAGACACTCAAAATACATTGGGACTTCAGCTCAAAAGCCAATCTGCTTTTAAAGAATGTAGTTTTAATGTTTATACCACATACAAGGTGCTTTATAGAGAGTTTGATATACATACATACAAAAATTTTTAAATCATAGCCA,N,no,no,N,0
chr1,240524443,240524798,TAGATACCTTTGGGAATTTAAGAAGTGATTTATGGTGGCATTTTGAATAAGTGCAGAATTATAGATTTTACAATAAATGGTGTTGGGACAACTGACAAGTAATCTGTATAGTATAAGGTTGGGTTAATTGCTCACAGTACACCAGTACAAATTCCCCAGGGACCTGAGATATAACTGAAACAGAAAAGCATTAGAAGAAGCCATAGAAGAATGATTTTTTAAGATAATCTACTTGTGGTGAAGGCCTTCCCAAGTGTGACATAAAACAACAAAAGCCATACTAGAATGAAATGTGTTTATTTTTTGATGACCTTTCTTTTGCACACTTTTTTCCTACCATGGTTTTCTGAACTACT,"[[240524450, ""A"", [""C""]]]",yes,no,A->C,1
chr8,32802680,32803015,TGCAGGTGCATCACCCTTTAGGAGTCTCCATGTGTTCAGCTATCCAGAAGCTCTCAGAACTCAGTGCTTTTGCTTTTTTATAGAGGCTTCATTACCAAGGCAAGATTGATTACAACATTGATCACTGGTAATTAATTTAACCATTAGCACTTCTCTCCCTGGAGGTCAAGGGGATGAGGCTGAAAGTCCCAGTTCTCTAATCATGCTGTGGTCTTTCTAGTGACCAGCCTCCATCCTGAAGCTATCTAGGGTCTCCCAGCTACTAGTCATCTCATTAGCATACAGAAAACACTCCTAACAGGAGATTCCAAAGAGCCATGTGTCAGGAACTGGAGA,"[[32802740, ""C"", [""T""]], [32802942, ""T"", [""C""]]]",yes,yes,T->C,2
chr11,77490825,77491077,TTACCCCCAACCCTGTGCCCTCTGAAACATGTGCTGTGTCCACTCAGGGTTAAATGGATTAAGGGTGGTGCAAGATGTGCTTTGTTAAACAGATGCTTGAAGGCAGCGTGCTTGCTGAGAGTCATCACCACTCCCTAATCTCAAGTACCCAGGGACACAAACACTGCGGAAGGCCGAAGGGTCCTCTGCCTAGGAAAACCAGAGACCTTTGTTCACTTGTTTATCTGCTGACCTTCCCTCCACTATTGTCCTA,"[[77490939, ""T"", [""C""]]]",yes,no,T->C,1
chr8,119676164,119676484,ATTTATTCCATAGGCATTTATAAAGCAACTATAATCAAAAATCTTTGATTCTTCACATACACGGATAAATAAAACATTACAGCCTATAAACACATTAAAGTCCCTCCCACACACCATGTTTCCTCATGGAGTCTGAATATGTGCCAGTTCCTTGCAACAGTAACAACAACAACAGCACGTGCACCCAGCATGTGCCCACTGCCAGGAACATTCTTCCATAGATCTTCCAAGGCCAGTTTCTACTCATACTTTAGGTGCTGGCTTAATGTCACCTGCTCAAAGAGTTCTTCCTAGGATATGAACAGACACTTCTCAAAAAAA,"[[119676202, ""G"", [""A""]], [119676203, ""C"", [""A""]], [119676204, ""G"", [""A""]]]",yes,yes,G->A,3
chr11,92943852,92944290,TATGTAGAAGTACAGTACATTTGTATGTAGAAGTACAGTATACAGAGATAAGAATTTACAATATAGTGTGTGCATCAGTAATTTCTAACAGAGGCTTAAAACAGAAACACAATCTTTCCATAACCTATGATTAGCAAGATATTAATCAGCAGTAACAGTTGCAACAAAAGCTGGTTACAAACAATCCATAGAAACAGGACATGAAGCTAGACAACCGGTTAGACCAGAAATTCTCAGAAGGGAGTATGCCTTAACCCTCAAGAGGCCTAGAAGAGCCGTGGCAAGATGAGGGCATTTATAGCCCTATCTTATCCATATGGACAGGCACCCCCCATGCATCCGTTTATAGGCTCTCCACAAAGGTCGCATTCCATTCCTAGAGCTATGAACATCTGCTTTTCTGGGATAGGAATCTTGATGATGTGAAACCTCCCTGACT,N,no,no,N,0
chr4,163970213,163970456,TGAAAAGTTGTAATATATTGTAAACCTCTATTTTTACTGCAATCTGACTGAAAACAGGGACCCAGCAGTGCTTCAAGTCAAGCAACCTGAGTAAAGAATCTTCAATTATCCTGTCTTCCCATGGGTCCTAAAGTGCCTTGGGGCCACTCAGGCCACCTGGGAAATACACCGAGTCATCCATTAACTCTTTCAAAACAGATTAGTCATGCATACAGATAGTAAGTACTCAATAAATGTTTGATGG,"[[163970328, ""C"", [""T""]]]",yes,no,C->T,1
chrX,134731456,134731922,AAATAATCAAATAAAAGTCCATTCAAGCATTAGCAACAGCCTTCTCATCTAGACTACAAGCTAGACTACCCTAGGGGCCTGCTCATGAACTTGCAAAAGTACTTGGCCTAGCTGGAACTTCATGAATGCTATCTAGCAATATCGTAGGCCTACTACTGCCGGGGTAGAGCAGAGAGATTGGCACCATCTGACTGGAGACTCAGTGTGGTCTATTTGGTGGGATTTCTGGGGCATTGGGAAGCTCTGCCCCTGTTTTCCCAATCACACCCTTCTGATTCCTGAAATTCCTAAAGTGTCTTCTGATAAGACTCAGTCCAAAAATATCTACACTATGAGTTCTTATCCCAGCACTATGGCCTCCATCCTTGGGAGCTTTTGCCTCCTTGAGACACCTGTCAATATACAAGTATAAAAAATTACCCGGGATTGATGGCAAACACCTGTAGTTCCAGCTACACGGAGGGCTG,N,no,no,N,0
chr4,110273659,110273894,CTGATGACATTCCACCACAGAAGTTAAAATAGCCAGTCCTTGCCTTAACTGATGACATCACCTTGTGAAATTCCTTCTCCTGGCTCATCCTGGCTCAAAAATTCCCCCACTGAGCACCTTGTGACCCCCACCCCTGCCCGCCAGAGAACAACCCCCTTTGACTGTAATTTTCCTTTACCTACCCAAATCCTATAAAACGGCCCCACCCCTATCTCCCTTCACAGACTCTCTTTTCG,"[[110273693, ""G"", [""A""]]]",yes,no,G->A,1
chr7,129216428,129216640,TCTGGGATGTGAGGAGTGCCTCTGCCTGGCCACCACCCCATCTGGGAACTGAGGAGCGCCTCTGCCCAGCTGCCCCGTCTGAGAAGTGAGGAGCCCCTCTGCCCAGCCGCCCATCATCTGGGATGTGAGGAGCGCCTCTGCCCAGCCACCCACCGTCTGGGATGTGAGGAGCGCCTCTGCCCAGCCGCCACCCCGTCTGGGAAGTGAGGAGCG,"[[129216454, ""C"", [""T""]]]",yes,no,C->T,1
chr15,20671624,20672013,GATTGTTTAAAACATGTAAAAATATTGCTTAAAAATATGTAAAATATTGCTTAAAATATTATTTCCTTGGTCTGCTCTTCATAAATACCGTATCCCTGGATGATATATTATGCTTTCACAGCTTCATGTAACACTATGTCTATGCTGAGTACTCACTTCAAGAATTTTCAACTGCTATCACCATATACCTATTACCAATGGTATTTAAACAACAGACTCTCCAAAATTGAAACCAAACCTTAAAGCTGCACCATCTCATACAGTAGCCAGAAGCCCTATGTGGCAACTGAGCTGCTGAAATGTTGCAATTGAAAGTGAGATGTGTTGTGAGTATGAAAACACTGGGTTTTTCCAGCTCAGAATATTTTTAAAAATCGTATTTTCTTATTG,"[[20671751, ""A"", [""G""]], [20671921, ""G"", [""A""]]]",yes,yes,A->G,2
chr3,174828451,174828706,TATTCTGATTAAGTTGCTGTATCATGGAGTAAAGCTAGGCCTTCAGAACGAGTGAAACTAAAGTTGCTGTATCATGGAATAAAGGCTATGCCTTCAGAAAGACTGAAACTAATTAAAACAAAACAAAACAAAAACACGAGTAAGCCAAACTAAGTTCACTTTTCATTTCTTATCTCTGTATATTCCTACAAATGAGCTTCATTAGTGGGTCTTCTTTGAATAGCTGTTTTCTGGTTCCTGAACTCTTGGATAAACA,"[[174828461, ""C"", [""A""]], [174828658, ""T"", [""G""]]]",yes,yes,C->A,2
chr1,118998188,118998549,TGAGCAAGTGGAAGCATTAGATGCTCAAAGACAAGATATGTGCAAGGAGGAGCCACTGAGTCCCTCACCTGGGCCTTGGGCCCTGGGAGGCCCCTGAGGGCTCTAACACTAGCTGCTCCTGTTTTGCTCCCAGTTTCCCAGAGCACGCCCTGTGGGCTCTATCTAGGGCTGGAGATGCCAGTGGACAAGTGTACTAGCAGCCTCTGTGGTCCTGAGGAATGTGGATTGCAGCCATTTAGAACCGAGAGAGGCTAATGAAAGCTAGGGAAACATGAGAAGGGAATGGAAGGAGAAGACAGAATTTAAGAAAGAAAGAAGAGAGGAATGGAAAAAAGAAAAGGAATGGAAAAAGGAAACAAAGG,"[[118998219, ""A"", [""C""]]]",yes,no,A->C,1
chr6,144738099,144738586,ATTTCCTTAACCTCTGGATTTTGGCTGGCTTTTGACTCATCCCTTCGATTTTATCTCCTCTATCTGTGTTCACTGACGGCCATCTGGCCCCTAACTTCCTAGCTCCTCCTTGATCTCAATGTCTAGAGCCTCTTAAACTTGCATCCATGTTTTCTGGTCTCTCCCTTGTGCTGCCAGCCTCCCCTGGCTGTTCTCAGTACCAGATCAGAATTCCTGTGTGAACCACACTGCTGCACAGTGAAGCTGTGCAAGACAACAGCCTTCACCCACCCCTACCCCCAAACCTCCAGAGGGAATTAGGGAATATTTGTGCCTTCTCTCCTGTTCATTACCTTCAGTTCAGTTTAAAAGTCAGATCTGCACAGGGGAGTTGGAGCCTTCTGTCGGTCTTCCTCTCTCCATACCACATACAGATGCAGGCAGGCAGGCACGCACATGCACAAGCACCCCCCACCAAACATACTTTATGATTTAAAGCTAAGGTATCA,"[[144738100, ""C"", [""T""]]]",yes,no,C->T,1
chr3,50848368,50848602,TCTAATGTGTAGTTGCTTTATAGGCTGTATACTTAAGTGTGGTTGTGTGACAGCAGGTATCGCTCTTTTTGTTTCCATGTTTAGAACTCTTAAGGATCTCCTGTAAGCCTGGACTAGTGGTAACAAATTTCCTTAGTGCGTGCTTGTCTGGGAAAGATTTTGGTTCCCCTTTGCTAATGAAGCTTAGTTGGCAGGATATGAAATTCTTGGTTGGAATTTCTTTTCTTTAAGAATG,"[[50848394, ""A"", [""G""]]]",yes,no,A->G,1
chr8,50215962,50216377,TATCAAGATTTATTGTAAAATCAAGGAATTTTTTTAAAGAAAGCCAGAGAGTGTCTATCTCACTCAGGAGCATGGCTCAGGTGGGTCTTCCCTCCTGAAAAATGTCTGATTCTTTGGTACTGACAGATGGCTTGGACACCTGTCATTCCAAGGACTGTTTTCAATGGGTCAGCTGATTTGGCTGGCTAGATTGATTTGCTCCTTCTGTATCTTTCCATGTAAGCATCTTTAAAAGCCACAAAAGGACAGGAACATTTGTAAATGACCTTTTTACATATTGCTGATCTCTTTTCATGTTTTAGTTTTACCTTCCCTCTCATTAATCACTTCTAGTTCCATGTGTTTTTATCTCTTTGTTTCACATGTTGTCTTTTACTCAACTTCTTTTGAAATGTAGAACTATCTTTTCAGTAAGA,"[[50215998, ""C"", [""A""]], [50216208, ""T"", [""C""]]]",yes,yes,T->C,2
chr14,78119522,78119783,TCTCTCAGCCTTCACAGAATTGATGAGAGTTAGGGCCTTGGTCTGGATTAGGCTTTGGATGAAGGAAATGTTGTGGCTGGTTTGACCTATTCAGACCACTCAGCATTTTCCATATCAGCGGTAAGGCTGTTTCGCTTTCTTATTCATGTGTTCACTGGAGTAGCACCTTTGATTTCCTTCAAGAACTTTCCCTTTGCATTCACAACTTGGCTAACTGTGGTGCAAGAGGCCTGGCTTTTGGCCTATCTTGGCCCTTGACATG,"[[78119580, ""C"", [""A""]]]",yes,no,C->A,1
chr1,239392325,239392558,CCTCTCCCAAGCTATGTAATTTGAGTGGCTGACTATCCACTACAGAATTAATCCTTCATTAGGTCATTTGTTCTAGCCCAGTCCTAGCCTGCTTCCTGTCCCCACTGTTCCCTTGAAATTTGGCATGCCAGCTGAGCCATGACATCGTCTACCTTCTGTCACCTCTAGCACAGGAAGTGGTGCTAATGTAGACATCCTGGTTCAGGCAGGATATCCGCCGACTACTGCTGTTCA,"[[239392337, ""A"", [""T""]]]",yes,no,A->T,1
chr14,58814517,58814908,GGAGATTTTTCTAGGATGTGGTAACTTTTTTTTCTCTATAAAAAGTACAGTCAACCTCTCCAGTTAACTTTTTCAGACCACAGCTTCTCAACTTGGAAATAGTCACAACTGAGGTCAGACAGAAATTCTCTTTGAATTTTGAAGGCCAGTTATTACAGATATGTCCAATAAACCACAGTCCAACTTCTCAGCCCAGACTTTGGGACTTTATGGCTGATGGTAAGAGAACCTATCTTTATATTGTTCTCCTACGGAAACCCTGCGTGAGTCTCCTCACCGCTGGCCTGGCCTGCAGATTTCAGACTCCAGACCACAACATCTACTCTTATTGAATTGCTAGCCTACCAGACTGCTCTGCAGATTTTGGACTTGCCAGCCCCCAGAATTTCATG,N,no,no,N,0
chr1,244127815,244128075,CCCAAAAGCCTTCCTGCAGGGAGTGAATAGGTGGCGAGGATGTCACTGAAAAGGTCGCTTCTCTGGTTAGCTGCTGGCCATCTAGCATCTGGCAAGGGGGTTGCAGGTCACAGATGTCTCATGCTGGCGCCGTCACTATTCCAAGAGAGAACAGTAGAAGGATCAGTGTCCCCACCCCCTCCCGGAGGCCACACATCTTTGTCTCCTACACAAGACTTCATTTGTGCTTTCAGTAGCAAAACCTTGAAATATTTAGTCTTA,"[[244127884, ""A"", [""G""]]]",yes,no,A->G,1
chr1,14835770,14836172,TGGACTCTTTCCCTGGCTCCTATCCGGGAAACACCTCCCACCCCCGCCCCCTGACAGCTCCCAGGAGTCCCCTTCCTCCTTGACGTTGAGGTTTGAGGGGCACCAATGTGTAACACTCCAATTTTCCCTGCTGACTCATAACCCAGTGAGACTGAAAACAAAAGTCAGCAGATGCAGGCCAAAATGTTACCTCTATTGCTGGTAACAGCTGGGTTGGAGATAGAAGAATGGGGATCTCATTAGGCAAACAGACCCTTGTGGGCCAGTTGGATGACAGCAGGCCCGTGAGCCCCTCCGCCCCGCTGGCAGGAGACCTGACCTGTAAGTTTTACAGAAAGTGTGCTTCCTGCAGGCAACTGGCTCCTGAGAGAAGAGGGGACAGAAGCTGAAGCCTGCATGCCCA,"[[14835854, ""A"", [""G""]], [14836054, ""C"", [""G""]], [14836074, ""A"", [""G""]]]",yes,yes,A->G,3
chr6,25286931,25287337,TTAAAAATGTATTTGAGTTTAAGCATTTATCTCCCCAAATATGGAATCTAAGCAGTTTCTAGAAGCATGGCCGGAACTCATTGTGGCTGTTACTTACTTGCATGGGCAGGAGTTATTAATAGAAATACTCAAGGTCTGGCTTTCTTTGACAGGCTTCAAGTTAGAACAAGAAGATGTATGAAGTAACCTCAAAGTTGTGGATTTCTGAGTTTCTGAGTTTAGAGAAATTTAATTGCTTAATCCATTGTTAGCCTACTAAAATGGTTCATAAATGAGTTGGCTGAATATCTACAGTACGCTTTTTGAGTTGTGCTTTTGTTACTTCCCCCATTGCCCACCATTCACTCCTTTTCTTCTTATAAAAGTAGGAGTGTGCTGTATTTTACGTGGTTCTTTCTTCTTACACT,"[[25287042, ""A"", [""G""]]]",yes,no,A->G,1
chr13,82720922,82721363,TTGCCTTATTTTGCACTAGCAACTTTTTCCTAGCTGGTGAGAAAAGCTGAGATAGACTGCTGAATAATGAGACACATTTAGCCATTGCCCCAATTGACACAGTTAATCACAAGATATGTGAATAAAGTTTTTCCCTCACACCAACCAGGCTGCCTATCCCAGATAGTTGAATGAGGCCACTTGGGACCATCCGGCCCCAGCTGAACCAGCCCACATCAGAAAACAGGCTCTGACAACGTGTGGAGCTATGAGAATCAATTCATAATTTTTTTAAGCCAGCAAAACAAAAATGTAAACCACCTGTGTTTGGCTGGAACCATGTAGAAGCTGGAAATGTGGCAGGAAAATTGTTAGCATATGTTGAAAAACTGATGCTCACTTTATAAAAACTGGAGAAGTGGAGAAAAATATGTTTTAACATTTTGGAGAAAGAACAACTATT,"[[82720952, ""C"", [""T""]], [82721308, ""C"", [""A""]]]",yes,yes,C->T,2
chr22,37054716,37054941,CAGTGCCTGGCCGGAGGATGTGGGATGCAGTGCTAGCTGTCTGTCACCTGCAGGGCTCCGCCCAGGGCACTGGGGATAATTCTCGTAATCAGGCAGCTGCACTCCCTGACTTCCTGCTCTGTGTTTGGTCCTGTGTGGGCACTGGGGACAGAGGGCAGATCAGAAATGTGAGCCCCATCTTAGCCATTTCAGGCTGCAATCATGAAGTAACATAGATTGGGTGGCT,"[[37054720, ""T"", [""G""]], [37054826, ""C"", [""T""]], [37054858, ""C"", [""T""]]]",yes,yes,C->T,3
chr5,58066593,58067039,TATTTATTAGCTTGGGAAAGAAAAAGTTGAGCTTTTCATTAATCTTAATTGGGAAGTACCTGAGTGATGTCTGCACACAGGCTAATGGGTAGCTCTTAACCATTTCCCTGGAGAACAGTAGAGGAAGAAGGCTTTGCATTGCAGCAGGGCCTTGTACCAGCTCAAAGGAAATGCTTCTAACCTGAAAGGGTAGTGAGAGGTTGTTAACAGGAAACATTTCTCTGTATCTTTCTAGAGATCTTCAGAAATGGATCTGAAACCCTCTAAGAATGGATCTGAAACCCTGCAAGAATAAACAAACCATTGTTTTGTGTCTTTCTTTCCCCTGCCTCATTCCCAGGTAACAGATTTGGGAAATATACTAGGTCACCCTCAGACTACAATTGCTTTTTTATTTTCTCCAACCTTCCAGATTGGTGTTAGCGTCCTCATTAAGCAGGTCAGAGT,"[[58066640, ""G"", [""A""]]]",yes,no,G->A,1
chr6,109196382,109196659,ATGCATCTTTCCAAAACAACCAGAGACTGATTTTCCTCATTAGTGTTCTTAAGACTTTATTCAATCTTCCTTCTCTAAGTGCTTATTTTTCTTGTTGTTAAAGTATTACACAGAGAGAATTGCCCAGCTGGCCCAGAGTAAATATTTACACATGCTTAGGTGGAAGAGGTTTTGCCAACACAGTAAGATCATGGAGCAACTTTATCCTCTTTACAAGGTAGGAAGTCTATGAACAGAACCTCTGGGCTATTTTTTTATATTTTTAAAAGTCACAGCTA,"[[109196420, ""G"", [""A""]]]",yes,no,G->A,1
chr11,62372870,62373228,AAAGCAGTGCAGGACCTCTGCAGCTGTAGAATCTGGAGCCTGGCTTGTGGGAAGAGCAGCATCATTGTGGCAGCCGATGAGAGCACCATCAGCTGGGGCCCATCACCGACCTTTGGGGAACTGGGCTACAGGGATCACAAGCCCAAGTCTTCCACTGCAGCCCAGGAGGTGAAGACTCTGCATGGCATTTTCTCAGAGCCGGTCGCCATGGGCTACTCACACTCCTTGGTGATAGCAAGAGATGAAAGTGAAACTGAGAAAGAAAAGATCAAGAAACTGCCAGAATACAGCCCCCAAACCCTCTGATGCTCCCAGAGACTCCTCCGACTCCACACCTCTCATGGCAGCTGTCATTTCCA,"[[62372896, ""G"", [""T""]]]",yes,no,G->T,1
chr6,97963233,97963550,AGTACCCTGTGTGAAAGATAAGCCCTGGAGTTGGCCAGCATATAAACTGGACAGTTATATCCTGACATTCTGATATACTTGGAAGCAGGATTGGTGAGTCATAGGATACACAAATATTTCATTACAGACTGGTAGATTGCTCTATAAATCAGCATTTGCTCTCCTACTAGCACTTATCCTACTCTCTAGTTTTTGCCAGCATTCAATGTTATCTTTCTGGTTCTTGCCATTCGTGTAAGCCTGCGCTATATGGTCCTCTCTTATCTGAAGTTACTCATGCAAGAGCCTAACCACCTTTTATCTCCTGCAGTATTTCTC,"[[97963290, ""C"", [""T""]], [97963299, ""G"", [""A""]]]",yes,yes,C->T,2
chr15,34606485,34606879,TAATATTTTAAAATCACATTAACTTTTTATATTTTTATATATTTATTTTTCAAGGCTTAGACAATCAACATACTTGTTAAGTTTCAGTCTAGATGTCAATTTTTCTGCCCTTTTCTATTAGCTTTGAAATTCTCTTAAATAGAGATAATGTGGGAAGATTTTCATAGTCTAGTCATCACATATCAAATATCAAGGCCATTAACAGTAAGAAAGCATTTGTTTAATCTCATCACCACTGTCTTTATGGTTTGTTTTATCTAAATCCAAACCAGATGTTGAGCAGGAGTAGCTCCCTGTGACATCCATACTTTGTGTGTGTGTGTCTATTTCCTTCAGAAATTAGAATGTTTGGTCTGTTTAATTTTGTTTTTTGAAACCTCAGCCATCTGATGTGG,"[[34606551, ""T"", [""A""]]]",yes,no,T->A,1
chr6,167963235,167963490,CCTGTGTATGTGGCCGACGCCCTCTGGATGAAGAGGCTGTAGCCGTTGAGCTCCCTGTGGGGGCCTGTTTCATCCCGAGGGGACTGCGTGTTGCTCTGTGTGGTTTGAGAGAAGCTGCTCTTCTCTGTTACTTCCCTTCTATGAAGGTAGAAGCTTTCAGTGTTACAACTTCTGATGGCGGAAAATTTAGTTTTTATTAATAATTCCTTCTTGGATAGTCTAGTGAACTATATTAATAGAACAGTGTACTGTTCAC,"[[167963242, ""G"", [""A""]]]",yes,no,G->A,1
chr6,14601468,14601785,CGTATGAGGCTAATCAGCCAATTCGGGCAGTATAAAAATCTATAATGTCCCAAGTCTCTCCTTGAATGTTCCAACCTGGTTCACCTTGAAACCTGACCTGAAGACAGAAATCCCTGCCGGAGGTCTGCAACAACTGGGCTAGGAGGCTGTGCCGTTTCACAGCTCCTGAGCCTTCTGGAGCAGGAGGCCGACGTGATGTCATCAGGCTCCTTCTTAAACAAACACAGGCTCCATCCTGCAGCCTTGACACCCTTTTCATTGACTCTGTGGCAGCTGTGGCTCTGTGCCAGCTGCAGGCTGGACCCAGAGAGGCAGACC,"[[14601474, ""G"", [""A""]]]",yes,no,G->A,1
chr1,185008791,185009246,TGGATGAAGTGCTTGGCTTTTGGCATAGTTCTTTTGCTCCTGCTGCTCATTCTTCATTTAAATTCATAAGTCTCTTTTCTCCATGACAGGATAATCATCTCCACAGCAACTAACTATTGTATCACAAAGGACTATGCCTGTGAGTGAGAACAGATCAGCAGGAGCTGAGCAACACTTAAGCAACAGAGATTCTATTTGCACACAAATATCTCTAATTATAATAAGCTAAGGAAGAAATATATCATTCCCTCCCCAACTCCCCCCCATAATACAAGCAGAGCTCTCTCTACATGGTTTCTCTCATTAAAAAATGGTGCTTTCAACCACAAATGTGTTTAACAAGAGCATATTCCCATATAGAGATGATATCACCTGTTACTGTCAGGCAAATGTGTGTCTAGACTGAAAAGCAGGCACTGGTTGAATTAAAATCACACAGACTTACTCCACGATTTA,"[[185008909, ""A"", [""G""]]]",yes,no,A->G,1
chr7,35105534,35105942,GATCTTTTCCTTTGTATGCCACAAAATAATTTTACACCATATAAAATGTTGTCTTATTTGTCTCCTTTGTAAAATTACACATACTGAAGGGCAGGAACATGACTTTAGTATCTTTTATATCCTTCAACACTTCTGAGCTTGTCACTTACTGACCAGCAAATCTACATGGTGGCAGATGGCCACCAGTCACAGGGCGAAGGGTGCCTGCCCTAATGGACTGTAGCTGATTAGCTCAGCAGGCTAGAAACCAAATGCTTGTTATTGTTAAATGAATGCAATTTAATTTAATTCTGTACTATAGTCATAAATCAGCCTTCTAGCTTTTAAATCCTTATTACTATTCAAAAGTAACAGCAGATGAAAGAGTGAGAAGGATCAGCAGAAATTTATCACAAATGCTGAACAACTC,"[[35105650, ""G"", [""A""]], [35105911, ""G"", [""A""]]]",yes,yes,G->A,2
chr5,154908341,154908824,CAGCTAATTTTTGTATTTTCAGTAGAGATGGGGTTTCACCATGTTGGTCAGGCTGGTCTCAAACTCCTGACCTCAGGTGATCTGCCTGCCTCGGCCTCCCAAAGTGCTGGGATTACAGGCATGAGCCACCACGCCCGGCCTACCCAGATGTCTTTTATAGCAAAAGGAATCAATCCAGGATCACATGGTACATTTGGTTGCCATGCCTTTCTGGTTCCCTTCAGCCTGGAACAGTTAGTTGCATGGTTTTCCTTTGACTTTCATAATTTGAAACTTCTGAAGATTACAAGACAGTTATTTTGTCCAATTTCCCTCAATTTAGGTCTGCCAGATGTTTTTCATGACTAGATTTAGGGTATGCATCTTTAGCTGGAATGCACATTAGTGCTGCTGTGTTCATGCAGGGCAATCTATGAGGTAGCAGCTAATTTTTATTCGTCCCATTTGGTTTACTTTGATCACCTGATTAAGGGTGTGTCTTGCA,"[[154908369, ""C"", [""T""]], [154908608, ""C"", [""T""]]]",yes,yes,C->T,2
chr6,75819748,75820245,TATTCTTTTAAAAATGCTGTTTTAGGCTAGCTGCAGTGGCTCATGCCTGTAATCCTAGAACTTTGGGAGTCCAAGGAGGGAGGATTGCTTGAGCTCAGGAATTTGAGACTAGCCTGGGTGACATAGTGAGACCTCATCTCTACAAAAAATTTAAAAAATTAGCTGGGTGTGGTGGTACATGCCTGTTTTAGCTACTCTGGTGGCTGAAGTGCACTTAAGCCAGCAGGTCAAGGCTGCAGTGAGCTGTGATTGTGCCACTGCACTCTAGCCTGGGTGACAGAGTGAGATCCTGTCTCAAAAAAAAAGAAAGCTATTTTAGTCCACTAAATTGGTTTCATATTCTGTATTTGCAGCAGTGGTAAGAAGCCGCTCTGAAGCCTTGTAGGCTGAAGCCCTAAATTTATGGCATAGAAGGGTCTGCATTTTCTTTTCCCTGTCTGCTTTGCTGGTCTTCTGTTGTGTCAACCAAGTCTCCCCTTCATACTCTTACTCTTGTGT,"[[75819866, ""C"", [""T""]], [75820066, ""A"", [""G""]]]",yes,yes,A->G,2
chr1,96992895,96993203,TGTTCGTTTGGTACATACTATATTTTAAAATGTTTATTTAATTCAAGGTAGAGATGTCAAGTAGGCAGTCAGAAATGTGAAACTGCAGTTTGAAAACAAGGTCAGGCTGGAGATATAAATGTGGAAATAGCTTGCATACAGATGGCATTTAAAGCTACAGACTGGATGAGATCACCAAGAAATATGTGTGGTAAGGAAGACAGCACCAAGGGCTGAGCCCTGGAAGAGTTTACTTTCATTAAATGATGTCTCCTGAAGATTAAAGGAAAAGCAGCATTATTCAAAAGAGGCCATATCTACATTTGATCA,N,no,no,N,0
chr5,123685044,123685279,TACCAAAATCTAACAGAGACACAACAGAAAAAGAAAACTTCAGGCCAATATGCTTGATGAACACGACACAAAAATCCTCAACCAAAACAAAACAAAACAAAAAACTAGCCAGCTGAATCCAACAGCACATCAAAAAGTTAATTCACCACAATCAAATAGACTTTATTCTTGGAATGCAAGGTTGGTTCAATATATGCAAATCAATAAATGTGATTCACTACATCAACAGAATCAGA,N,no,no,N,0
chr10,128530333,128530599,GGACTCATGAGCACGTCAGGAATATGATGCAAAAGCTCTGGCGGGAAACAGACACACCAATATCTTAAACCACAAACAAGAGCCCTGTTTATGTTTTGAAATGGTTCCGAATGAACTGGTTTTTATGTTAAAAGGTTCTTTTCCACCCCATGTTTTTAATCTGGTGATTTTTGTAGCCCCATCTGCTGTTCATTAGTGGAAGTGCCTAGTTAAGGATTATGAAAGGTCTGAAATGTTTTTTGTTTTTTCTTACTCCTAGTAGCATTT,"[[128530393, ""C"", [""T""]]]",yes,no,C->T,1
chr17,57699901,57700355,TCTCTGAGGAAGGAGCAGGCGAGCCAGCCCATAGCGTCCCAGCTCAGCAATCATCGCTGATTAAAAACTAGTTACAAAGCAATGAAGATGAAATCCTGCATTAACCAAATGACCCCATCCATGGCCAAGCCCAGATAGATGGGAGTGATTATGAAAGCATCACTCACTATGTCGGCAAACGTTAATGGCTGTTTGAATTTCTGGGAGATTTACGGGGTAGTGACAGCATTTGGCTGGATGGGACTCTGGCTTTTTGCTTCATTCCCAGATGTGCCTGTGTGTTTATGGGCTCCTGTGGACTCACAGCCTATTCAAAGTGGTCTAGCTCGGCTGTGCTTTTATGTGGGTTTAATCTGAATATGCCGGCTTGTGTAAAGTAGAAATGTATTGTATTGCCAATTTTCAGAGAACCTGAATTAGCTCAGCTATTCTGAACATAATTTAATCTTTCTTTA,"[[57699936, ""A"", [""G""]], [57700086, ""C"", [""T""]]]",yes,yes,C->T,2
chr1,116942401,116942693,GATTGTTTGGTCCAGTTGCTGGCTCTACTACTTGTCAGCTGCATGGCTGTGGGCATGTTACATGCCTCAGCTTCCTCCTCGGTAACCTTAAAGGTTGTGAGGACAGCTGAGTTACCAGGTGTAAAGCCTTAGAGCAGTGCCATGTAAGCATTCAGTGGTTAGTGACAGGAAGGGGATGGTCATGTTAATGATGCTCAGGTTTATGGGAATCACAGGCACTTCAAAGTTCATGTCTTTCTCTGTGGCTTTCATGATTTAAGTACTTGTTTGTACCAGATGTTTTATGTGTTATA,"[[116942481, ""T"", [""G""]]]",yes,no,T->G,1
chr5,180212967,180213453,AGCAGACAGCACCTGCTGGGACTGTGGGGCCAGGGGCATGTGGAGGAGGTCTGGAGGCAGTGGGGCCTGCGGGTGCCTGCCTGGTGCGGGTCCTCAGGGAGGAAGGAAGGACAGCACGGGCTCCAGCAGCTGCAGGCGCTTACGCAGAGCAGGAGCCTGTGAGGCCCTGCAGTACGTCTGCCCGGGATGCTTGGCACAGCCACAGCACGTGACTCAGGGAAGGGGCACCGGGCAAGGCTGCTGAGCAAGTTCACCAATAAAATCAGGAAACACTGAGGACAGAACTTTGGGCTCTGGCCAAAGCATTTTATTAGCCGACCCGTAACTCGTCCATTCTTGGTCTGGTGAAAACCCTCCAAAGTTACTGTAAGGGCAGAGCTCCAGGAGAAGTCATCCTATAGTCAGCCACGGGAGGGGGCCACATTTAATGATCCTTTACAGTCCAGGGCTGCCAACCCACTGAGCCTGGGCTGGGAGGAGCAAGAGA,"[[180213027, ""C"", [""T""]], [180213334, ""C"", [""T""]]]",yes,yes,C->T,2
chrX,120653005,120653486,ATAAAAAGCAGCCCTAAATTATTTTCCTTTTTAACAAAAAGCAGCCTGTAAAATCAAGCTGCAGACATAGATGCCAGCAGTTGTGCCAATCATGCTCAAGATGTTGGCTCCATCTTCCCTTCTCTTCGTCAGCCACGTGTACAGTAAGGAGCAGACCAGATGGTGTCTGCCAAGGGGAAAGTTCATTTGCATAATAAGATTAGGGTGGGGCAGCCCACATCCCTGTGCGCTATGTAAACATCATACCTGATCCAACCAATCTGTGAGCCCTATGTAAATCAGACACTGCCTCCTCAAGCCTGACTATAAAATCTGGGGCATCCACCAAGGCTGGTGGCCTTTCCTCTGGGAAGTCCCCTGTCTTCTCACTAGAGAGAGAGCAGTTTTCCTTTCTTTTTCCTTGGCTATTAAACCTCCACTCCTAAACTCCTTGTGTGTGTCCGTGTCCTAAATTTTCCTGGTGTGAGACAACGAACCTGGGG,N,no,no,N,0
chr20,45305250,45305572,AATTCCTGGTTTTTTTCCATGTTTTCAAATAATTTTTCCAAATTAAACACCCCATGGGCAGTTCTGCATGCGCCCAAAACTAAGCCACATCCTACAGATGAAGAAACTGAGGCCCAGAAAGGTGAAGTGGGGAACTTAAACCCAGTCCCATATGTTCCAAAGCCCTTGCTTCCCTCTCCCCAGCAGGAGGAGCTGGCTGCAGAGGGAGGACCTGCTTCCGCTCCCCTCCTCCCACTGGTGAGGGCTGGGCCCCAGTTCACCTGTCAACTGGAGCTGGGTTTCCCAGGGCTGAAGAAGGAGCAGCAACACGGGCCAGCAAAGAA,"[[45305251, ""T"", [""A""]]]",yes,no,T->A,1
chr12,72223170,72223431,TTAAAAAATTTCAGGTGTAATTAATCCATGTGAGAAGACCCGAGTTTAGCTGTAAAATCAGAAAATGAGGGCAGATTGTACAATATAGTCTCCTGGGATCTGAAATTGGTGATGATATCATGGAAGCTTGGCATCCAGAGGACATCTGGAGATTTATTTTTCCTGGTTTTACAACCCAAGGTTAACAGCTCTGAACTTTGTAGAAACCCTGATACTGTGACTGGTAAAGTTATTCATAGTTAACTTAAAAGCCAAGCCAAAT,N,no,no,N,0
chr10,75982994,75983376,GTCACATAGCCCACATGGACCAGGCAGGGATGTAAATGTAGATAGGGTCTGACTCTGCATCCTGTGCATTCTCTGCAGGACCACATTGCCTCCTTTGCAAGTCAGCCTCCACTTGAAGGCAGGGGGGAGCTCGGGTTGTAGTAAACAATCCTAGATGTGAGTAATGTGGGCATCCAGCCATCGAAGCCTGCCAGGACAGTTTTTACCATGTGAAAGCACTTAGTTGTTCAGTAGGTCCCATTGATCAGCTAAAACCATAGCAGGAACAAGGAAAGGGCTACAGGAGCCAAATAAAAATTTCACATTCACTAACTTGGAAAGTCTTTCTTCATTTCTCATTTACTGCATTGCTGTATATCTTTCCATCTCTTCTCTCGAAACAT,"[[75983098, ""A"", [""G""]]]",yes,no,A->G,1
chr3,23103789,23104066,GTGTGAAGCCAGCTCCTACCACACAATAAAGGAGCAATACATTAAAGACGGTTTGTGGTAGATCAGATCATTGTTCAGCAAATATTCACTCCCTTTTCTCTACCTCCATGGGAGACTTTGCACTTGGTCATGTGATTTATTTAGCCAATGGGACATTAGCAAGCATGATGTATGCAGAGGCTGGTGCAGTTGGGCTTCTGCCACCACCCTGAGAACAAGCTCTAGGCAGCCTACTGGCTCCAGAATATTGACAGCAGCATGGATCACACCTGAATGGA,"[[23103793, ""C"", [""G""]], [23103838, ""C"", [""G""]]]",yes,yes,C->G,2
chr4,9970963,9971247,TGACCACTAGTACATGCAGCCCCCATCATGTACCGCCTGCTTGGTCAAATCAATCACGACCCTTTCATGTAAAATCTTTAGTGTTGTGAGCCCCTAAAAAGGACAGAAATTGTGCACTCAGGGAGCTCGGATTTTAAGACAGTAGCTTGCCGATGCTCCCAGCTGAATAAAGCCCTTCCTTCTACAATTCAGTGTGTGAGAGGTTTTGTCTGTGGCTCATCCTGCTACAACAACAAGTTTCACCTAATTTGTCATGATCATTTAATTAATTTAATTTATTTAATT,"[[9970970, ""C"", [""T""]], [9970971, ""G"", [""A""]], [9970987, ""G"", [""A""]], [9971154, ""T"", [""G""]]]",yes,yes,C->T,4
chr4,83062703,83063096,TGTGTTAGATAGCTTCATTTAAGTATGATTTATAGTGTTGGCTGTGAGTTCAATGTTAATGAATCAACAATATGTATTAAATAGGATGTCTCTAAACAGAAACACACATAAAACAAGGTTACAGATTAATTCATTGACAAAAATGTTGTGACCAGATGCTCACAGGAACCTAGCTTTGTATTCCCATAGGAGCAGCAGTTTAGTGTTTGATAATTCAGCGTCGGCAGTGACTGCAGACCATAATTACCATGAATAATGAATACTGGCTGTATATTTAGTAGACAAAAATGAGGTCATAAGATAGGTTTTTTTTTCCTGAAGAAACATTGTGAAAATAACATTGTGAAATTTGATGCTCATTTATTTCTCTTAGGGCAGCAGCGTTCTCGGATGC,N,no,no,N,0
chr3,110026373,110026740,TAGTTCCAGCAGCAACAGAAACTAGTACAGATTTTGTGAAAAAAGTAAACCTTGCAATTATACCACCTGGAGAACAGGGAGCTGACATATTTCTATACCATCTCCCAAGTGTTTTCAGTTTTAGATCTACTCCTTTTAGCTTTCAATCCGTTAAAATAAGGAGAAATAACTGCCTTTCCTGGTTATGGAATGAAAGCTTCAGGCATAGATATGCAGAAACTGGCAACTGGCAGTTAACCAAGAAAAGCCTAGTGGATGATTTAGGGCAGGCATTGACAATCTGATACAAGAGTTAAATGAGATTATGTAAATGAGTATCTTTTTCCATGTCCCAAACAGCATGAGAAATGTTACCTTTCTTTTTTCTT,N,no,no,N,0
chr2,98350414,98350790,AAAAAAACACTTTGCCTTCCATGCTTGCAATTAGGTTTGGAGCATCTATAGAGTTGGCTATGGGGAGCTCTGTTTCCCCAGCTCTGGTAAGGTCCGAAAAGCATTTTCATCCTCTTGCAATCTCAACCTGAACAGCTGAATCTTTTTACAAAGCAGCAATTCCAAAACTGAGCACACTCAGAGCTGAGGAACTCAGAGTCCCATTAATTCTGAATCATCTCTGCAGAGACCAGGACACTTTCTAGGCATGAGACAAGCCCCTGCCTCTTGGTTAAGAAACATAATTGATCATCTTGATCCAATTTCAGTGCATTTTCTTTTACTCCAAATTTCTTCCTGTTCTTAAGAACAATCTTAACTTTCTTCTCAGACAGGAA,"[[98350477, ""A"", [""G""]]]",yes,no,A->G,1
chr18,64210505,64210800,TGCATGTAGCCCTGTTGAGCGTCCTGGCTGTGACTTATCAGCTCTGTCCCCTTTCACAGGGAAGACCAGAGGCTTCAGCTCTTTCATGAATTTCCCCTGAGGGATAAAGTGGCTAGTTATGCAGAATAAATTAAACAGCCTGGGAAATAAAAAAAAAGGCTATCACCACTGTGATGATTCCATTTAGTGTGGCAAATTTGATTTCAGAAGCGGCACAGAGGTGTGAAGTCAGAGGTTAATCTGCCACAGACTGAGTCCCTCTACGCAGCAAGTGATAGTTATTGGCTGGGCTTGTC,"[[64210542, ""C"", [""T""]], [64210736, ""A"", [""G""]]]",yes,yes,C->T,2
chr7,27386550,27386968,ACTCTTGTCGCCCAGGCTGGTGTGCAGAGGCATGATCTCGGCTCACCGCAACTTCCACCTCCCAGATTTAAGAGATTCTTCTGCCTCAGCCCCTCGAGTAGCTGGGATTACAGGCGTGCACCACCATGTGTGGCTAATTTTTGTATTTTCAGTAGAGATGGGGTTTCACTATGTTGGCCAGCTGGTTTCAAACTCCTGACCACAAGTGATCCGGTCTCCCAAAGTGCTAGGATTACAGGTGTGAGCCACTGTGCCTGGCCCCCAGTAACTTTTAATATATTGAAACCTTCTTGCTTTGTCAAGTTCAAGCAATATTTTTCGACACCCTGCTATGAGAAATGAGGCAAATTAGCAAGACTCCCTCTAGCCCTCTGCACCTTCCTGTCCTTATTATCCCTGTCACCTTTGTTTGTACTGCA,"[[27386570, ""A"", [""T""]], [27386588, ""T"", [""C""]], [27386847, ""T"", [""G""]]]",yes,yes,T->G,3
chr9,69431715,69432116,CCAGGCTTCTCAGGGTGCCTGCCTCCCTCATCTCTCTTGGCAGATGAGGCAAGGATGACAAATCAGCCCTAGAACAGCAGTGATGACTGATAGCAGTGATGAATGACAGCAGTGATGACTGACAGCAATGAATGACAGCAGTGTTGACTGACAGCAGTGATAAATCAATGACAGCAGTGATGACTGACAGCAGTGGTAACTGACAGCAGTGTTGACTGACAGCAGTGATAAATGAATGACAGCAGTGTTGACTGACAGCAGTGATAAATGAATGACAGCAGTGATGACTGACAGCAGTGATGAATGACAGCAGTGATGACTGACAGTAGTGATGACTGATAGGAGTGATGAATGGCAACAATGATGACTGACTGACAGCTGTGATGACTGACAGTAATGACA,"[[69431801, ""T"", [""C""]]]",yes,no,T->C,1
chr4,142544750,142545079,TGCGCCTGCCAGAGGAGGGGACTAAAGGAAGATTGAGTGTTGACTAATAAATTGGACTAGACAACCTATTTTCTGAATTGTTACTGTATTTTGTGTAGAAAGTGACCTTAGAACTTCCTATTACTCAAGAGTAATAAACCTGTTGAAGTATTCAACCAGTAATGGGGAAAAAATTTCTCTTACGAAAATATATTTTATATAGACACTGAGAAACAAAACCATGTAAATTTTATGGTTACATTCTAAGAGTTGTACATGTTCAGTTACTTACATTGTTCACACAAATCTACATTTTAAATTGGAGGGATGCTGATTACATGTGTGTAAGAA,"[[142544899, ""T"", [""A""]]]",yes,no,T->A,1
chr6,72032011,72032489,AAGGAAGTCTTCTTGTAGGGGGTCATACTGGAGACTAATGATGCATTTATATCAGGGGAAAGGAAGGAATGCAGAGTCTAAAGAACATAAGCAAAGTTGTATAGGAGAGAGTGAGAGGTGTGTGTGTGTAGGGGTGTGTGTTTGTGGGGAGGTATGTATGCATGGAAATGTGTGCATGTGTGTGGGTATTTCCGTGTGGCCTTAGAAACAATGAATCACCCGTAATTAAACAGAAAGAATGGAATGTGTGAGAGGACTAAAAATACAGCAAGAACTGATTCATTGTCAGTTAAAAGTACTGTCTTCCACAGTTGTTTCATGTGTGAATTTCCAGACTCCTCAAATAGACTTTAGCTTCCTGGAGCTCTCTCTGCAGTACTCACATTATACTGATATATATGGGTTTAAGTTTGGCTTGTCCTAGAGTACTGGGCTCTTTCATTTTAGCTGGAAATGAATGGTATCTGGGAGAGAAGACA,"[[72032029, ""A"", [""G""]]]",yes,no,A->G,1
chr10,2882706,2883119,TTGCTCTTAAGAAAAATGGGAATCTGATCTGGAGATTACCTGCTAAGCGGTTGTGAGGATTTATTTGAATTCCCCTAAGAACCTGTTAGTGTATAATTTGTTGCACAGGATTTATGGCCCTCCCAGGAGATTTCATTCACCGCGTGAGAACATTTCCCTGACATGTCAAAGATGCGTCACTGTGGCTGCGATTTTTGCATAATCACAACGGGCTGCCTTGGCTCTTCTTGTGAAAATTTGGCTACTTGGCAAAGACCTGTCTCAGAGGTGTGCCCGCATGAGACCGATAGGGCACTTTCTTGCTGAGGAGCCCATGTCCATATTTAAATTCATCATATTTTAGAATATAGCCCAGGTTGGCCCTAATAGTCTCTGTTTTCTCAAATCTCCAAAGTGAATATTTGTCATAACAGA,"[[2882714, ""G"", [""A""]]]",yes,no,G->A,1
chr16,15542256,15542698,GGTTTCACCATATTGGCCAGGCTGGTCTCGAACTCCTGACCTCGTGATCTGCCGGCCTGGACCTCCCAAAGTGCTGTGATTACAGGCGTGAGCCACCGTGCCCTGCCCACCCCTCTCCCCTGTCTTTATCACACAGTTGCTCTTCTGGTGACGAGGCCCCAACCTGAAGCCATCTCTCTAGGGAACTCAGCCTGAGTGCCCTCATTAGCCTACACTCAGATGTAGTACAATGGGGATTGCTATGGATAACAAAAGACAGTCCTATCGCTCAGGAAACTCCAGGGGCTTTAGGAGCTCTGTGCTGGGAACCAGGGATGAAGACCAAATAGATATTTTATTAACCACACTAGTGGCTTAATGAATTACCTCCTAGGGATTTTTTTTTTTTTTTTTTTTTTTTGGTCAGGAGCAGATGAGATAAGATACATAAAAAAGATATTACA,"[[15542391, ""T"", [""G""]], [15542465, ""A"", [""C""]]]",yes,yes,A->C,2
chr3,119227532,119227807,AGCACTAAAAAGAAGTAGAAACCAGTCTCCCTCCCTAACCCAGCTATAACAGGTATGTGTGGCACTGCAACAACTCTCCCATTTTGCCACCACAACAGACGTTTCCAATCGAGCACAGTATTTGCTCAGTGTCTGGAAGCAATCCAAACAGATGAAACCCAAAGCCACCCACAGGAGGAAAACAGCTCAGGTTTTTTTGTTTGTTTGTTTCTAAATTCCACGTATACTGGTCAGGCTGTAAAATCTCAAGATGCTTGCAAATTGAGCTATCCCCTT,"[[119227577, ""G"", [""A""]], [119227699, ""T"", [""C""]]]",yes,yes,G->A,2
chr6,65835756,65836014,CTACACTTATGTAATTCACAAAAACTCACATTTACTTTGAAGATAAATTTGGCAATGTCTATAAGGCTAAATGTGTTTATTCTGTGATACACATCTTAAGTAACTAATGTAGTGAGCCCAATGCAGAAGAATGTTCCACTACAGTGTTGTAATACAGAAACTGGCAACAACTTCATGCCTTCAACTGGAGAACAGATGAATTAAGATAGTTCGCGTAATTGAATACTGCTACACAGTACTAAAATTAATGAATGAAAGC,"[[65835763, ""C"", [""T""]], [65835765, ""C"", [""T""]]]",yes,yes,C->T,2
chr11,88951105,88951435,GACAGAGAGTATATGCATTAGTTTTTAAAGCAATGAACAGAGGTCTATGTATTTCATTTCTGCTATGCAGGAAAAACTGTGCTGAATTGAAACCTGAAAGAGAGTGGTTAACATTTTCAGAATCAATTCCATTTCCAGAACAGTCTCTGCTTTTACAATGTTTTACTGTAAGAACTATGAGGTAAGAACAAAGATTGAAGTAAAAGAAAATTATTCTAGGGTTAAATGGGATATTGACAAATTAGATTTTGGGAGATATGAGAAGTTAAAGGGGAAGAACTTTCGCATACCGGGAAGCTCTGGGCCTCCTTGCAAGTGTGCAGGTTATATG,"[[88951231, ""C"", [""T""]]]",yes,no,C->T,1
chr8,42606219,42606489,AAATTTTCTTCTGCCTAATCTAATCTTCTGTTGGAACTCTCACATGTATTTTTCATTTCATTCTTTGAATTCTTCAGCTCCAAGATTTCTATTTGGTTATTTTTAAATGATATATATCTTTAAAATTTTTTAAATTTATATTATGAATTGTTTTTCTGGTTTCATTAAATTGTCTATATTCTCGTCTCACTGAGTTTCTTTAAGATCATTACAGTAATATGTCAATTAATGATGGGATATGTTCTGAGAAATGTGTTGTTAGGTGATTTTG,"[[42606344, ""A"", [""T""]]]",yes,no,A->T,1
chr8,52045196,52045451,TGGTAGATCTTCCTCGATCCCTTTATTTTGAGCCTATGTGTGTCTCTGCACATGAGATGGGTCTCCTGAATACAGCACACTGATGGGTCTTGACTCTTTATCCAATTTGCCAGTCTATGTCTTTTAATTGGAGCATTTACATTTAAAGTTGATATTGTTATGTGTGAATTTGATCCTGTCATTATGATGTTAGCTGGTTATTTTGCTCATTAGTTGATGCAGTTTCTTCCTAGCCTCAATGGTCTTTACAATTTGG,"[[52045247, ""G"", [""A""]], [52045346, ""A"", [""G""]]]",yes,yes,G->A,2
chr6,4946608,4946957,CCCATGCCCTCTGGAGCTTGCCAAGCCCAGCTGTGCCTCTGCCGCGGGCCCTGCCTGACCTTGCGCCTGTGGGGCTGATGGAACTCAGCTCGTGGTGGTCACTCCCCACATGTGGTCATGTGGGGTCCCGTGGTCGGGCGCTTTGCCTCTCCCAGTCCCAGCCAGCACTCCAGGCATGCCCTTCCCTGCTGTGGATGGCCCCACCGGCTGTGCTGCCCTCCTCCCTCTGGCACTGACCACAGGCTCCATATGCATCTTGTCCCACCCCTCCCTACTCAGCCCTGGCCTTTCAGCCTCACTCAGCAGGGCCCCCACCTCCCTCGTGCTTCCAGTAGCCATCCCAGCAGCCA,"[[4946644, ""A"", [""C""]]]",yes,no,A->C,1
chr8,142299950,142300202,CACGTGTAAACTTTAAAGAAACGAAAAATAAGCAGCATCCAATGCCCACACTCTACAGTTGTACCCCGACAGCTCACCCCACCACCTGCTGGTAGCACCACCAAATTGCAGGTTCGGTTCTGAGCAATTTATTCAACCTTTCAAAAAAAAGTTACTGGGAACTGCATTAAGCACCAAATCATCTTCATTAGAGCTAAACAGCCTCCTGGAAGTCTAACCACACAGCAAATGAAATGGCCATGGTGACTGAGAG,"[[142299952, ""T"", [""C""]]]",yes,no,T->C,1
chr4,108814294,108814714,TGTAACCTACATAATCTTCTGCAAGCATTACAATACAACTGTGGAAAGGGCTGAGGATTGACCTCGATAATGTTGTTTACGTCACCAACACCTGACTCTAATCCTCTATCTTCAGTTCTTGGCTCCTCCTTCCTTTTGCAAGCCTTGCCCTCTGTGAATGTTGTGCAAGGTAGACCTGCCTGCTGTCAGGCCTTCAATCTGTATTACAGGTTCCATTGTGACCTAAGGCACCGCAGATTTCTGGTTTCTCACCAGATTTCTGGTTTCTCACCACAGATTTCTGCTTCCTCATCTCTCTCTCATAGCAGTCATAATAACTAAGGTTTTCTTAGAACTGCATTAAGTCAGAGGTCTGAGGAACAGAGGTCTTTGAGATATACACTTACAAAGCAGATCTTAGAGACGTCCTTGACATTGGGTG,"[[108814317, ""C"", [""A""]], [108814580, ""T"", [""C""]]]",yes,yes,C->A,2
chr21,17159703,17160036,TAGTGCAATTATTCAAATTAAAATGTTTGCATTTGATGACACACATATTTGAGGACAATCGCCCACCTTTTTTATGTTTACATTTAGTAATTCATGTCCTTTCTGTTTCAAGGCAGCTTCACTGGTACAGTGGTTTCCAGAATCACTTCTCACTTCCATTATGAACTTCTTAAAAACTCAGTAAGAGGAGCAGCCTTACGCAGAGAAAGGCACCAGTGTGAAAGTCACTGACCAAAATGTTTTTCAGGTTCTGAAGCTACTAAGCAGACATCATTGCCCAAATTCTTAAGTTCTCCAAGGCTCTTGTTTCTTCAACTATGAGACTAAGTACCAA,"[[17159705, ""A"", [""G""]], [17159926, ""C"", [""G""]]]",yes,yes,A->G,2
chr12,132363579,132363917,CCCCTTTGCTTCCTAGCAGATCCAATTTGGTGTGGAGTTTAGCAGGACAGCTTTAGAAACCACACTCCCCAGATGCCCTTGCAGTGACGTGTGACCTTGTGTCGACGCATGACCTCGTGTCAAGTCCCTGGGGATTTCTGGGAGAGGCTCAGGCTTTCTGACTTAGCCATTGCCCCGTTCCCTCTCCCTGTTGGAATGTGGGTGTGATGCTTGGAGGGGTGGCAGCCACTTTGTGGCCGTGAGGTCAAGCGACAGATGGTCGGGCGGGGGTGAGTCTGAGATCCCACTGACGTCCTCAGGAGTTGCTTCTTCCCAACGCTGCCTCTCTGTCCCCCTGTT,"[[132363602, ""G"", [""A""]]]",yes,no,G->A,1
chr3,110275880,110276084,ATGGCAAACTTAATAAAGGTTTACGTTCTGACAATTAAACTGACTGGCTGTTGCCAAGTCTCTCTCATTCTCTTAAGGCTTCCCTATCCCCTGAGACACAATATTGAAATTAGGCTAGTTAAGAACCCTACAGTGTCCTGTAAGCATTGAAGTGAAAAAAAAAGAGTTGTATATCTTTTACTTTAAATCAAAAGCTGAAAATGAT,"[[110275903, ""T"", [""C""]]]",yes,no,T->C,1
chr10,84693139,84693426,ATGGGAAAGGCTGTGCACATGCCCAGAAAATACCAGAGGTAGTCCTCATGTCTCAACTCTGGCAGACCTAAAGGGTTTGCACAAGTAGGAAGTGAAGGCTAAGGCAGAGTTTTAAACCACTCTAGTGCTGAAGGCATGACTCAACATACACACAGAGCTCCTCTGCAAAGGTAGAAGACTTATTGCCTGGAGTCATTTAAAAAAATTTGTGTTCTATCATTATCTGACCACCAAGTTAGACAAACAGAATTCAGTGACTACACAGTACAGGAAATACTGTCTTTAAAG,"[[84693144, ""C"", [""A""]]]",yes,no,C->A,1
chr13,110592685,110593105,TCCTCCCTAAAGGCCATCGTTTTTTCTCCCCATGAACATTTATGCCAAATACTGTTTTGAGTTTAATATTTCCACATCCCCTAAGCAGAACCCAGTCTGACTTCTCTCTCTTTTTTTTTTTCCCTGCCTCTGAGTCTACTATGAGAAATGATTCTGACTCATAAAATTGATGTATCTATAGAACAAATGGCAGTTGTGGCCCCTCCTGAAGATGACTCTTTGGGTTTCCACACTTTCTGGATTGGACTTGAATTCCTTGGTGTCATTTTCAGGGCCTCCTGCGGCTTTGCCCCACATATGCCTCAGACCCATGCAAATCAAGTCCTGGATTTTCTGGCTATTTTTACTCTAACACAGAATATAAATGTTAGACATAAGCCTTTAACAACGCCCAGCGATATTACTTCCGTCAAGAAGGAAA,"[[110592745, ""A"", [""G""]]]",yes,no,A->G,1
chr10,24973198,24973629,TGCCAGCAGCACTACCCCTGCACTTTGGAGACATTATGAAGTAAAATGAGGGTGAATTGAGAGTTGAACCCAAGCACTGTGATACCATAACAGTCAATCTGACAGCCTCGTCGACTAAGTGAGACCGCTAAGTGCTACTAGATGGGCAGGGAGTGTAGACAGTGTGGATCTGCTGAACAAAGGGACAATTCAGGTCCAGGTGGGATGGAGCAGGACGGTGCAAGATTTCATCACAGTACTCAAAACAGCATGCAGTTTAAAACATATGGATTGCTATTTCTGGAATTTTCCATTTAATATTTTCTAACCATGTTGACCACAGGTAACTAAAACTGCAGAAACTGAAACCACAGATACAGGAGGACTACTGTACCACTGTACCTTATCCTTAATCTTTTTATGAGAATACATGAAAAAAATTATAAGAATACA,"[[24973213, ""T"", [""C""]]]",yes,no,T->C,1
chr3,187110169,187110431,TCAAGTGCTAGTGATTTATTAAGGGAAAAACCAGTAAGGAAGTGGGAGAAGCAGCAGAGGAGAGGAAAAGAGACTAAACAAGACATCAACTTTTGGTGAAGTCTCAGTTTCAACCCAAATTTGTAGAGAGTAATGATTGACTCCTCATTTAGTTTCACAGCAAAGGAGCTGGGGAGAGGGGGTAGAATTAGATACAGAGCACCCAGGCACCTCCTGCTCTCAGCTGGGGCAGGCAGCCCTAGTGCCTGGGAGAAGATCTCTGA,"[[187110172, ""G"", [""A""]]]",yes,no,G->A,1
chr1,64867330,64867606,GAGGATGTTAGATGGAGTTAGCACTGAAGATGACCATCATAAGGAGATGCAGGTGAATAGAAACTGGGAAAGAAAAGCAAAGCACATGCTCCACAGATTTCACTGAAATGGGAATTGCTACAAGTATTGCCCAATTTTCTGGGTCACCAAGGCAGGGCATCTACATTTTTGCTTGCTAGCTTCACCATTCTTGTGCACATTAGTACTCACATCTACACACTGTTACTAGGATTGAGCATCAGTTAGAAAATGGTCTGCAAGGTGTTAGGAGCAATTG,"[[64867335, ""C"", [""T""]]]",yes,no,C->T,1
chr5,577815,578092,GGACTAGAAGGAAAAAAATTATAAAGATGAGATACTAATGAATTATAAAACAAATAGAGAAGTCAATAAAGACAAAAGTTGTTTTTTGAAAAGGTTAATAAAACTGATAAAACTCTGACAAGACTGATCAAAGGAAAACTGCAATAATCAATTATCAATGCCAGGAGAAAAGAGATGACATCATTACAGACCCTACAGATGTTAACAGGAAATATCATAACATAACAAATGATTTTCTGCTGATAAATTTGAGAGCTTATGTAATAAATTTTTCTGAA,N,no,no,N,0
chr7,124155405,124155828,AGACTAGCAATCTGGCCAAAGAAATTGAAGCAAGTTTGTTCCTCACAAGGACTGGATTACACTAAATAGAGCTTATTATGCTGTTCAGTCTGCCCATGGCCGTATCATTCACAGCGTTGACTTTCCAATAGTTATAATGATTTGAACTTTTCTATAGTGAGAATACAAATTGCCTCTTTGAAACACTAGAGGGTGGTATTTGTAAAGCCATTTAGGACTATGGTGGTGCTGACCTGAATTTATTCTGTGAAATTATTTGTTCAAATTGTCTTTGAATGAGGACAATGCAAATACATGTTTTTTAAAATTCCTATGAGATGAAGGACTGTAAACTGTCATTTAAGTGCAATTAGTTTGACTTTCAAAAAACTGAATCTATCTGTATTAATCTAGTACTTTTTTCAGCACAGAAAAAAAAAAAGAT,"[[124155406, ""A"", [""G""]]]",yes,no,A->G,1
chr1,228217989,228218266,TAAATGTAGAAAATAAGAAAAGATAACATGAAGGAAATTGTGGAAAGTGGACGTGGACCTGGTTTTCTCAGGCTTTAGGATAATCTTTTCCATCTGTACATGGGCCTCTGTCTCCTGCTGTGTCTCGTCCTCGCCGCCAGGGCTCACTCACAGCTCTGCAGACGCTTTTGTGTATTGTGTGTTTGTGGGCCAGGGTTAGGGCTGGCATTTCATTTAAAATGTGTTTTTATTTTATTTTGTATTTTATTTATTTTATTATTTTATTTTTTTTGAGACAG,"[[228218057, ""T"", [""C""]], [228218196, ""C"", [""T""]], [228218255, ""C"", [""T""]]]",yes,yes,C->T,3
chr10,84066340,84066701,CTCTGTCTATCCCTCACACACACCAGTTAAACTGGGTAATTCCTAGTGCCTGCCCACACCTTCCTGCAAGTGCTTCCTCCACCTAGAACTGCACTTAAACTACTGTAGCTGTGTGTCAGGGTCCTCTCTAATATTGAAAGTCCTGCTCAAATGCTACCTACCCAGCCAGGTGCAGTGGCTCACACCTGTGCTGGCTCACCTCACACTTTGGGAGGCCGAAGTGGGACCAGCATTTGAGGCCAGGAGTTGGAGACCAGCCTGGCCAACATGGCTAAACTCCATCTGTACTAAAAATAGAAAAAAATTAGCCAGGAGTGGTGGTGTGTGCCTGTAATCCCAGATACTCAGACAGCTGAGATGTG,"[[84066348, ""C"", [""A""]]]",yes,no,C->A,1
chr6,73425282,73425498,GTCAGAAATTCTTTACTTCTTTTGTCAATTAAGTTGCTAGAGAATAGATTGAATTCAGGAATAAAATAATTCTCAAGTTTTTCTGTCCTGAGGCACTGAAGAAAGTATGTCACGCAGTTATCAAAGCAGAGGCCCAGGTCTTTGCGGTCCCACTGACTGTCTTGAGGGTTCTGGGTACATATGTGAAAGAAGGCAGTTTTCACATGATAAGAAGAGA,"[[73425293, ""C"", [""T""]], [73425463, ""C"", [""T""]]]",yes,yes,C->T,2
chr7,11548485,11548842,AGAAACCCTCTTTAACTCATTCTATGAGGCTAGCATCATTCCGATACCAAAACCTGGCAGAGACACAACAACAAAAAAGAAAACTTTAGGCCAATATCCCTGATGAACATAGATGCAAAAATCCTCAAAAATTACAAGCTAACCAAATCCAGTAACACATCAGAAAGCTGAATCACCACAATCAAGTTGGCTTTATTCCTGGGACAAAAGGTTGGTTCAATATACACAAATAAATATGATTCATCATATAAACAACTAAAAACAAAAATCACATGATTATCTCAATAGACACAGAAAAGTCTTTTGACTCAGCATCACTTCATGTTAAAAACCATCAACAAACTATGTGTCAGAGGAA,"[[11548495, ""C"", [""T""]], [11548657, ""C"", [""T""]], [11548775, ""G"", [""A""]]]",yes,yes,C->T,3
chr4,122508153,122508388,AGATTTCAAACCTGAAAAGATGAAAGAAAAAAATTTCTTTTTGGTTAGTCAGTAAATACAGGTCTACTTTTTATCTGTAGTGAAATCTCAATGAGTAAACTGAAAGGAAGATTGGGTTGGGGATTATGCAAACATGGTTTCTTCCTCTCTACTTCTCTACCCTGCCCTGTCTGCAGAGAGAGGAACTTTTGCATTTCTGTGTTTCAGTCCTTCATTTCCAGAGCATTGCTAATTCA,"[[122508242, ""G"", [""A""]]]",yes,no,G->A,1
chr1,202448583,202448866,CTAATATTGTAAGTGACTTTAATGTCTTTTTCTTGTGTAGAGAGGCCATGTCTCCGTGTGCATGTGCAGAGACCAGGTGCTACTGGGGTGTCATTTAAAACACTCTTGCATATGTCACTATCTTGCCTTGTGCCATAGCTAATGATTTTTGTTAAAACAAAATCTCAGGCACACACATACACATACAAGTCTCATAAAATGTGACTCCTCAGGCAAAGGATGTCAGACTAAACATGTAATTATACTATTCCAAGCTGTAAGAGCTCAAAATTAAGAAACCAACA,N,no,no,N,0
chr5,27969279,27969505,ACCAAAAATTCTTTCAGTCTTTGCTTATATCCTCTCTGTGGCAGGGAATAGCTGACTATGTCCTAGCTTTCACTTTTGGTTTCTGTGAAGTCTCAAGGTCACCTAGACCTGAGAGCTTAGGGCCTCCTCTTATATTTCTTGACATGCACACAGCCCTGACCATACATGTGGCCTTATAGATTCCTAGGAATATAATTGAGCATTTTAAAACCTTTACAGACATCTTA,"[[27969358, ""C"", [""T""]]]",yes,no,C->T,1
chr18,73975305,73975665,GATGGCCGGGTGACCTCCATCAGCAGTGGGTCCAGTGGACGCTGTGTGCTGTGTGACAGGAAGCAGAGAGAAGAGAAGAACACAAGGCAACGGCAGGGGTGCTCCTGCCAAAGACAGACAGCCTGCGTCCCACCAGAGGAAACCACAGACCACACTGAGGAGCCTTTGACAAAGCAACTGGCCCGTAATCCTGAAATGCATCAAGGCCATAATAAGCAAAGACAGATTGAAGAAATGTTCCAGTTTGAAGTAGACTGAATACACATGATGATTCATGTACCACGCAATTCTAAGCAGGGTCGTTTTCCCATAAAGGGTATTACTGGGACAACTGGTAAAACCTGGGGTGGTTAGGGTATAA,"[[73975306, ""G"", [""A""]]]",yes,no,G->A,1
chr5,158534200,158534590,AGACCGCAAAGAGGGAAGCCGAGAGGAGTGATGAAGACCCTGGCCCTACCATCTACTCAGGCTGTCTTTGCAGCCACACTGTGAGCCCAGGCTGGTTAACGCTTCCTCCTGGAGGAGAAAAGCTAAGAGAGAAAACAAAATCCATGCAGCGCGCTCCCCCTCGGCCCCTCCTCTCTGTCTCCTCTGTGCGCTAACCTCCAATGCCCTGCGGGAACCAATTACAGTATTCTAATGAGTGTAGTTTCCAATAACTGCATTTGACGGGCCTGTTACCTCCTCATCTCAGCTCACCTTTCCCAGCCATGAAGCAGGTGGCCCAGTGCTTGCTCACTGGCCTGGCATCTCCCGGTGGAGTCACCAGGGATGCAGGGCCATAGGGATGTGTGTGTGA,N,no,no,N,0
chr15,32058138,32058476,GACTATCATGCTGTTGAAGATGATGTGTGGCTGCAGGGTGCACCTACTTGCCTCCTTTCCCTCTGAAACATGCAGGGTTGTTCGGACCCTCCATCCTCTTCCATGCACAAAGCAGTTAATGCAAATTCCGTGGTCCAAGACAATCCTTTGACAGTAACCATCAGTCATGCATTAAAACAGCAGTGTACAGATGGTACCTTCATTGTTTCTGACAGGGACAGTTATGGGCATTGGATTAAAGTAAAAACTGAAAAGGAATATTCATGACAGGAAATTTTCCCTTTCCGGGGGTGTTTTGCAACAGCGGGAAGCAGCTGGTCATTGATGTGTCAGCACAAG,"[[32058183, ""C"", [""A""]], [32058469, ""G"", [""A""]]]",yes,yes,G->A,2
chr15,74552771,74553137,TATTTCTTTTTGTGCTGAATAATATTTTGTTTTCTGGACATACCACAGTTTATCCATTCACCTCCTGAAGGACGTCTTGGTTGCTTCAAAGTTTTGGCAATTATGAATAAAGCTATCATACACATCTGTATACAGGTTTTTGTGTAGATATAAGTTTCAGTTTATCTGGGTAAATACCAAGAAGCGTGATTGCTGGATTGTGTGGTAAGAGTATTTTTAGCTTTCTAAGAAACTGCCCAACTGTGTCTCAAAGTGGGTGTACCATTTTGCATTCCCGTCAGCAGTGAATGAGCTTCTGTTGCTCCACATCCTCACCAGCATTTGGTATCGTTAGTGCTTTGGATTTTGGCCATGTTCCTTTAACTGA,N,no,no,N,0
chr11,34820094,34820377,TCCCACTGGGTTCCTCCCACAACATGTGGGAATTATGGGAGCTACAAGATGTGATTTGGGTGGGGACACAGAGCCAAACTATATCAAGGAGCTATGTGGTTTTAGACCGCAGCTAAGTAGTTTTATATTCCACAGCTCTATTTTGAGAAGAATGTGGCAGAAAGCCCCATACGTCATCAGTACCCAGGAAGTGATGAGATGGGTTTTGAGATAGTCTCCCTGGGAAGATAGAAAGGTAAAAGGCAGATGACCTCAGAGCAGCTCTTCATAAGCCTCACATACTC,"[[34820332, ""G"", [""A""]]]",yes,no,G->A,1
chr9,108983897,108984265,AAATACTCTTGATCGATAATTTTGTTAAAAGTGGAAACAGGAATTAAAGGGTGAATTTACAGAATAAACTAAGTGCTGACTTCTTACTCCACTGTATTTAACAGATCTTAACTTGTCTAGCTTTTTCTAGAGCATATGTGCTGGCTCCTCAATGAGACTGGAAAAACCCTGCAGGCAGCTACCATGTGTGACAGGCCTTAATTCATAGCACCTAATACACCATGTTCTGCTGAGCTGTTCAATCAAAGCTGACTCATAAATTAGTTATTATTTGGAGTTGGGGAAGAAAGTTAGCATTCTTATAAATAATAACTGAGATTTAACTATTCAGGCCTATGTTCTAAGTAATCACTTTGATCTTTTTTAAAA,"[[108983910, ""T"", [""C""]]]",yes,no,T->C,1
chr7,51299807,51300122,AAAGCTCTCCATGTCACAGGTGACCCATGACTCCACAAGACAAGTCATCTGTACCCTACTTGAGGCACCATCAATGACCATGCACTTAAATATCGCAACAACATTAAGCTGCTATGAAAGTCTGCAGATGCTCACTCCTAGTGGTGCACTCATCTTACTGCAGACCAGTCCACGGACCACACCTGGACTAGTGCTGGCCTCAAGGCCCTGCAAACAGGCCATGCATCTCTGATCCCCATGACCCAGTCTATTGCCGCTGTGCCTTCCTTACTTCCCTATTACATGTGCTCATGCTTGCCTTAGATTTCAGAATCAA,"[[51299849, ""G"", [""A""]]]",yes,no,G->A,1
chr12,87704476,87704686,CCGGCCATGCACAGAAAGAGGTGTGGCAGCGGCGTGCCAACTAGCTGGCCTTGCTGGCATTTATTCAGCACAGATTTAATCACAAAGGCTTTGAGTCAACACACCTGTGGGTAATTAATCTGGTTACCCTACCCAGAGAGAGCAGTCTTATGAACGATCAAAGGCTGGTCTGAGGACCACATGAGTAAACAAGCTATTTAAACTTCCTTAC,"[[87704631, ""A"", [""G""]], [87704656, ""G"", [""A""]]]",yes,yes,A->G,2
chr4,120445960,120446200,TACAATTATTATATTCTCGTGTTGAATTGATCCTTTATGATTATATAATAATCTTCTTTGTCTCTTTTTACAATTGTTTACTTAAAGTCAATTTTATCAGGCATATGTTGCTACCCCTGTTTGCTTTTGGTTTCTGTTTGCATGGAATAACTTTTTTCATCCCTTCACTTTCAGTTTATGTTTGTCTTTAACAGTAAGCAGTAAGGTGAGTCATATAGTTGGGTCTTGTTTTTTTGTTTGT,"[[120445962, ""T"", [""C""]]]",yes,no,T->C,1
chr3,105065794,105066149,TTTAACAATTATCTGCACACGGAAAGGCACCGTCACAAGAACCAAAAATCAGACAAGCAATCGCAGTACCTGGTTTTAACATCATATGATGGAAAGAGGCATTGGGGATGGCAAGAGAGAATCTTGAATTGCAGAAGTCATCCCTTCCCCATCCCCCAACAGCATCTGTGCAGGGTACAGAGAGAGAATCTGTGCACTTTGCAGAGGGGGAGGGTGCAGGAACTGGAGGACTTTACATTGAACTCAGTGCTGCCCTGTCACAGCAGAGAATAAAGCTGTGCTGGGATCAGCCAATGCGCATGAACTGAGAGAGTATTTTGAACCGCCCTAGCCAGGGGGAAATTGCCCCTCCCAGC,"[[105065848, ""G"", [""A""]], [105066078, ""A"", [""G""]]]",yes,yes,G->A,2
chr16,63957834,63958065,TCTTGCTGGGTCTTCACATGATGGAAGAAGCCAGGAGGGGTCTCTGGAGCCTCATTTATAAGAACACTAATCCCATTAATGATTCATGAGGGGTTTACCCTCATGACTTAATTTCCTCCTAAACGCCCAACCTCCAGATACCATTATATTGAAGGTTAGCATTTCAGTATATGAATCTGGGGCAGGGGGCACAATATTTAGTCTGTAATAGTCAGGAAAGAAAACCCTTCTA,"[[63957926, ""A"", [""G""]], [63957970, ""A"", [""G""]]]",yes,yes,A->G,2
chr7,149853201,149853518,GCACACGCACTGCACCTGGCTAGAGTGGCTTTTGCAGAATGGATTCACGGGATAGGGCCTGCTGGCCCTTGGTGAAGTTAGCCTGGAAGGATGAGGAGTCCTTTGTAGGCCAAACCATTGTTATGGACTGTTATGGAATGTGGGTGTTTGTGGGTGTGTGCACGCACTCGCCACAGTTATGTGCCCTCCTTCTTTTTCCATTACTAAGTCATAGAAAACGCTGAAAATTACCCTCCATTTCATTTGTTTGGAAGGGAACAAAAAGAAGAGGTTTTGATAAGATGTAGGCTGCAGCTTCAGAGAGGTACCATCAGGGTA,"[[149853248, ""T"", [""C""]], [149853430, ""C"", [""A""]]]",yes,yes,T->C,2
chr20,14444151,14444493,TTAGAAGCATAAGAAAAAGTTTAGGATAAATCATTTATAACCTTGCTAAAAGGGAATAATATTGCCAGAGAGATACTTTGTCAGGGAGAATTATAAAATGGGTACATTCTCCTGTGTTTTGCGTTGCCCAATCCTTCAAATTGCTCAATTGAGTGGTTACTTCTGAGTCCTCATTTTGTGTGACTTAGCAGCAGCATATGACAAATGATCGCCATTCCCTCCTTGAAACATATCCTTCACTTGGCTGCTAGGACACCACATTTGCCTGGCTTTCCTTCTCCCTTTCCGTCTGTTCCTTATCAGTTTTTTTCTGATTCCTCCTTATCTGCCCAGCCTCTTAATA,"[[14444251, ""A"", [""G""]]]",yes,no,A->G,1
chr3,123920414,123920711,CAATTTAACCCAAAGAGAAGTTCATCAAGACACACCATAACTGAACTGTTAAAATTCAAAGATAACTGTTAAAATTCAAAGCAGTGACAGATAAGAAACATCACACACTAGGGAGCCTCAATATGGCTAACAGTGGACTTCTCAACAAAAACAACCTGTCAACCAAGAATACTTTATCCAGCAAAACTGTCCAGAAATGAGGGGGAAATAAAAACTTTCCCAGACAAATGCTAAGGGAGTTCATCCTCAGTAGGCCTATCTTACAAGAATTGCTAAAACAAGTTCTTTAAGCTGAAGT,"[[123920438, ""C"", [""T""]], [123920617, ""A"", [""G""]]]",yes,yes,C->T,2
chr3,27160181,27160509,GTGTAACTCGCTACTGACAGGACCAACAACGTCTCATGACACCTTGGTCCAAACGTACTACTTTATTGTTGGACTACCAGATTAATGTCACTTCTCTATACTTTAGTTAAGACAGAGATACCAAGGTAATGACTGGATTACAGCATGGTTTGCAGATGTGGTGACCTAAGTGAATGGCACTGGCACCAGCTGTTTATAATTTGATAAAGCAACCAATCATCCAAATTGACTTGCAACACTTAAAAGGTATGAGTTTTATAGTTAATGGAAAAAACCTTCATATGAAGGTTGAGAAAAATAAAGTTCTCATTTTCTGACATGAAAGTAGA,"[[27160183, ""A"", [""G""]]]",yes,no,A->G,1
chr8,141521383,141521632,GGGATTTGCTCCAGGGCTGACTTCTGCTAAATCTCATGACTTCCTTCCAGTTAGACCGGCTGCTCCCACAGAAAAGCATGGTCAGAAACGACCCCAGGCTGGAGTCTCTGCCCTTTGTGTAAAGCAGAGTCGATAATCTGTTTTCTCAGCATCTGTTCTGTGCTGTGCCTGATGCTGAGGCTGGGCATTCACGGAGGGAAGATGCTTCCTGCCTCCAGGAGCTGGCAGATGGAGGGCTGGGAGGGTGTCA,"[[141521493, ""T"", [""C""]], [141521495, ""T"", [""C""]]]",yes,yes,T->C,2
chr16,29205815,29206128,AGTGACAGTAGAGGGTGATGTATTTATTGGGGTTAGTCTTTAAAATGTGGGAATAAAAAATGATTTTGTTAAAAAAACTCAAAATTTTACTGCTATTTGGACATCTGGTTCTGACTAATATGGGGTAACAGGAACGGGGATTTACCCTCCTGCTGCTGTAAACTACTAGAAAACTGGATGAAGTGTTCAGAGCATCATGTTCAGACATTGGACAACAGATAGCTCAAGACTGTGATCCCTGTGAGAAAGGACACAAGTGTCCCATGGAGGTGCCAGCTCACTGCCATGAGGGGAGAGGAGATCAAGGTGACCAT,"[[29205840, ""G"", [""A""]]]",yes,no,G->A,1
chr9,120066303,120066723,GAACTCCTTCATAGGACCCTCCAACCTAAAACACTTCCCACAGCCAAACAAATGTCTTTACTCTCACCTCCTTTAGTCATTCATTTAATCTTTCAACAAGCATTAATTGCGTGCATAATGTAAGCCAAGGTCCTCTTGAGTCAGGAAAATGAGTCTCAGAGAAAGAAAGCGACTTACTCAAGACTGCAGAGTCCAGAAATAACTACAATAAAATGAGTCATTTTATTTTAATTCCCCAGATGCTTGGAAGCAGTGTGTTCTACAGTGAAGATCCTGTGTGAAACCGGTCAATGGAACTGAAGGGAGACATACTCTTTAAAAAAAGATAAAGAAGAAACCATTTATAAGGAAAGAAACATTGAAGGGCAGAAAGTAATGAGTCACCATTGCAAGTTGGCACAAAAAGAAAAATTAGTTCATA,"[[120066336, ""T"", [""C""]]]",yes,no,T->C,1
chr12,119341144,119341567,GGCAATGCTTGCCTTAGCGAATCTTGCTGTGTCTAATTGCATGGGCATGTGACAGTCGGCTCTTTTCCATGATAAGTCAGGATGCAGGGAAGGAGTGTGTTCATTACCTCCTGACACGAGAAGAGCGATCGGCACTCTTCATGCTGGACAAAATGAAGCAGGCTATTTGTCCCATCTGCAAGGAGGCAGCTGCTCTGCAGGGGGAGGGGAGGGTGGGAGAGGAGTGAAGAAATGATCCAAGAGTCTTGTTGATGGGATAATAAGCTTTGTAATTAGTTAGAAGCTCTGCCTTTGAAGTCAGGCAAAGGTGGGTTCAAATCCTCTTTTTGACACTCTAGTGTGAGTTTCTGGTAAATGGGGTTGAAGAACAATAAGATCTATGGCATAGATGTTTTGGAAGGATTAAATAAAATAATGCATGTGA,"[[119341219, ""A"", [""G""]]]",yes,no,A->G,1
chr3,142717239,142717552,AGGAAGACTCCGTCTCAAAAAAATAAATATATATATATATACACACACACACACACACACACACACACACACACACACACACACACACACACAGAGCCTCGAGAGACCTGTGGATGGTTCACATCATAGGACTCAGTGCAGACAACCCCCAATACCAGCCCAGAGCCTGATAGACTTGCTGGGTGGCTAGATCCAGAAGAGAGATAACAATCACTACAGCTTGGCTCTCAGGAAGCCACATCCCTAGGAAAAGGGGGAGAGTACTACATCAAGGGAACACCTCATGGGACAAATGAAGCTGAACAGCAGCCTTG,"[[142717308, ""G"", [""C""]]]",yes,no,G->C,1
chr2,22134451,22134841,GCAAGACCTGAGATTATCACCCAATACCAGGACACGGGGCACACAGAATGTAGTGCTGAGGGTAAGAGTTTTATTCCATCTTTGGCATCCAGATTCTAGTCACTTGACACTTCCCCAAAGACGTCAGCAGAGCATCTGCTCTGTGACAGCATGGGCAGCTTGACATTTCTTCTGAGGAATGAACTATCAGGGCTCTTGGAAGGCATGACAGAGCCCAGCAGGAAGCCTCACAGTTTTGGGCTCCTTCACAAACTGCCTCCCAAATGTCATGGATACTGTTACATTTATATTTTTTTCTCTTTATAATTAACTGAAGGGGTAAACCACAGCCTGTATCTGATGCCAAAACTGTTCAAGGCATGGTTCCTAGGATTCCACATTTACCGTGAGC,N,no,no,N,0
chr2,23026774,23027236,TCTTGTCAATTAAAACTGACTCCACCTAAAAAGTGGAAAATGTGGTGTGAGCCAGGCTGTACCCAACACATTTATCACGTGTCTGCACAAACAGAAGATCTAATTTAAAGAGCCCTGGGGATTCCCTTTGCACGACGTCTTCTGAGCAGAAAGTCTTATGGGCATTGAATTTGGCTGCAGAATTTGACTCAAGGTCTGGTCTTCAAATACCCTGCAAAAGGAGCGGGCTCTCAGAGGCTGCCCTTGGGACCATGATCACTTAGCAAAGCCCTCCCTTCACTCGGTGTAGTAGTCAGGGCTCTCCAGAGAACCAAAATCAATAGGACATAAATATATACAGAGGGAAAAAGAGAGATTTATTTTAAGGAATTGGCTCATGGGATTGTGAGGGGCTGGCAAGTCCAAAATCTGCAGGGTAAGTCAGCAGCCTGATAATTCAGGTAAGAGTTATGTTGTAGGCTTG,"[[23026800, ""C"", [""T""]], [23026840, ""A"", [""C""]], [23026906, ""T"", [""C""]], [23026983, ""T"", [""C""]], [23027056, ""A"", [""G""]], [23027206, ""G"", [""T""]]]",yes,yes,T->C,6
chr18,72935790,72936180,TGTGTTTGCCCATGTTTCTGATACAGAGTGGTGAAAGTGCTGAGCAGGGATAGGAGGAAATTATTAGCCCTGGACTTGTTTTTCTTTCCTCCATTCAAGGAGAATGCAAATGTAGCAGTGACTCTTCTACTGTGCAGAGGAGGGCCTCTCCCTAGCGGGTGGAAGAGCAATGACATGGGCTTTTAAACCTCGATCCCTGAGTGACTTCACGGAGAAGAGCTGCATCATGACCCTGACCTGGGTGGAGGTGACACAATAAAAAAGTAAACATCAGTCCTTTGCAATACACTCCGTTTTGTGGTCCTTTTGTTAAATACATCTTAGTAACCAAAATGGTACACAAAAATGCCTCTTTCCTCACACTCTCTCACACTTTTAACAACAGTTGTCA,"[[72935886, ""C"", [""A""]]]",yes,no,C->A,1
chr15,81409359,81409591,CTGTAGCTAGCTAGAGGTTTGTAAAATGCATCAATCAGTGCTCTGTAGCTAGCCAGAGGTTCGTAAAATGCACCAATCAGTGCTCTGTAAAAACACACCAATCAGTGCTCCGTAGCTAGCTAGAGGTTTGTAAAATGAACCAATCAGCACTCTGTAAAATGGACCAATCAGTGCTCTGTAAAATGGACCAATCAGCACTCTGTAAAATGGACCAATCCACTCTGTAAAATGGA,"[[81409389, ""C"", [""T""]]]",yes,no,C->T,1
chr17,50238599,50238801,ATTTTGCATTTTATTTTTTCTTCACGTTTGAAGAATAATTTCACAGGTCCCAGAATTCTAGGTAGATGGTTTTTCTCTCACAACACTTTTTAAATACAATCATGCATCACTTAGCAACAGGGATACATTTGAAGAAATGCATCATCGGGTGATTTCATTGTTGTGCAAACATCATAGAGGGAACTTACACAGAGCTGGATAAC,"[[50238624, ""T"", [""G""]], [50238795, ""A"", [""G""]]]",yes,yes,T->G,2
chr3,156349232,156349513,AAGAAGTAGAGAAATCTGGAGACAGTGCATTCACATCATGTTCCCACCACTGATGGACTGAAACAGAAACTGCCCTTCCTGTCTCTGGCCCAGCCCTATGTTGGAAAGCCAACCCATAAACAGTTCAGTACAACTCCCAGAGGAGGTATTAGCAAAGTTTCCTGTGTAAATACCTGTCTGCTTCACAAGTACTTTCTAATGAGAGGAAGATAATCAATAGCAATGAGGCAATAGTTGGTCACCTTCTATCTTACCACTTCTACTTTTCTATTTTTCTTTTCT,"[[156349234, ""A"", [""G""]]]",yes,no,A->G,1
chr1,67521850,67522303,TAGGATTACAGGCATACACCACCGCACCTGGCCCAAATTATTAATTGTACGTATTCTCATTGTTCTGCTTCTTCCAAGAAAACTGAAGTCACGGTATTCTGAAGACTAGAGATGATTCAACAGGCTGTGAATCTATTCCATTTGGAATCCTACTGGGCCTGATCTGTTTTCCATTGCCAAGGCACTGCTGTTTAAGCTATACCATATGAAGCACCCTCCCTAAAGGCTCAGGGGCCATAGTGAAAGAGGACACATGGGATTGTAAGAGCCAGATTATGGGGGTGGAGGGTAAAGGCTGAAGCAAGTCCATCTTGGATGCTAACTCACTATGTTAGCTTCTGATTAACCCCAGTTCCAGGAAGGCTGCTGAAATTTCCAGTTTATGTGTTGTTCCTTGTGTAAGAGCATGGACTTACTGCAAATCCTGCCCTTAGGGCAAATTCCTACCTATTCC,"[[67521867, ""G"", [""A""]]]",yes,no,G->A,1
chr13,47085328,47085736,TGAACATTTCTGTTCTACTCTTATACTTGATAAAGAGTTAGGCTGCTAGTAATCATCTTTCAGGATTTTGAAGTCATTGTTCCATTTTATTTTAGATTCCAGAATTGCTATTGAGAAGCTTGAGGTTTTTCTGTTTCTCAATTCTTTGGGTGTGACTAATTTTTTTCTCTAGATCTTTTATGATTTTTCTTCAGTGCCAGTTCTGAAATGCCATTTAGTGACGTAAACTAGTATGAGTCTAATTTTATTCACTTGTTTGAACAGTTGATGAAAAATTTCAATCTGGAACTCATGTCCTCACTTCTGAAAAGCTCTCTTGTCTCTTCTATGACAATAACATTTTCTCTATTTTTTCTTTCTGAAACTTCTTATGTAAATATTGGGTGATCAAGTCTTAAAAAAGTTCCCC,"[[47085359, ""G"", [""A""]], [47085446, ""T"", [""C""]]]",yes,yes,G->A,2
chr18,53818253,53818658,GCCCCTACTCAAGCAGTGAGGCAGAAATCAAAAGGGCATGAATTCCTCTTTCCTCTGCCTCTTGTTCTATGCCAGCACTTAAGGGATTAGATGATATCCACCCACATTATGGAAAGTATCTATTTTAGAGTACATGGATTTAAATACTAATGTCATCAGGAAACAGCCTCACAGGCACTCCTAGACATAATGTTTAATGTGGGCACCCCATGACTCAATCAAGTTGCCACATAAAACTAATCATCACAGATGCTTTCAGTTCATTCCTTCTATGGATTCAATTTGTAAAGTCATTTCCCTCTTCATTCCTTCCTTACTTCCTTATTTTCTTCCTGCGTCCTTATGGAAAAAATGTTGGAGAAAGAAAACTGCATCAATTTATTTTTTTCATTTTCTTTTCTTTATA,"[[53818393, ""C"", [""T""]], [53818569, ""T"", [""C""]]]",yes,yes,T->C,2
chr17,81059144,81059490,AGGCTGCTGCCTTGGGCAGGCCCGCTGGTGTGTTTGCTGCAGGTCTGGTGATGCCCGGGCGGCTGGAGTTTCTCGAGGCACCGCTGTGCTGACAGACTGGGGAGGAGAGGAGGAGGCACTCTGGGCGGGGTCCCCGGGCCTCCGCAGACTCAGCCTGGAGGATGACGTGTGAGATGCATGGTGTTAGGGTGACGGAGGCTGAGACTCCAGTGCAACCAACAGCAGCCTGCCTTGGAGCTCCTGGGCCCTGACCGGGTCTTCAGGGTTTGGAGAAGGGCAGAAGCAGTGGGTGTCTGTGAAAGGGGCATTTTCTTTTTCATTAGAGACAGGGTCTTGCTCTGTCGCCC,"[[81059172, ""C"", [""T""]]]",yes,no,C->T,1
chr21,18959365,18959672,GAAAGAAGGCATTGTACCTTATGTTTATTTCAGAAAAACAAACAGCTCTAGTTACTTCAAGAGAAATTAAGTTATTATAGTTGGAACTTAACGTTATACAACCAAAAAGCGGACTGGAGAAGGAGTAGTTGAAGAAATATTTTTGGCTTTCAGGAAAGCTGGAAGAAAACGGCTCTGATAACCCTTGAGGACAATCTTCATGCAGGAAAAGTGGTTGGTTCTCAGGAGAACAAGCAGAAGCTTCTGGAAAATGCCCATGACTCTCCGCTAATGCTTGCTCAGCGTTTGGGCAAGTCGACTTTATACCT,"[[18959571, ""C"", [""A""]], [18959582, ""A"", [""G""]]]",yes,yes,C->A,2
chr20,60553124,60553392,CTTTTATACAACCAGTTTCTTCATTTCTATTTGAAGAGTCTTGTTTCTTTATAGCATGTTTTTCAGTTTTGCAGAATACTGCATTCTAAAAGGATATACCAAGTAAATTCACACATATCCAGTATTTACCCTGTTTCGTCAGATATGGTTGCTTTGGAAACACAGGAAATGACGTGGCAGATGCATCAGAAATCTATTCGGCATCATTGCACTTAATGATTCAGATGCTGTGAAAAATGAGTTGCACTGATTGCAAAACCCAATCAACA,"[[60553159, ""T"", [""G""]], [60553252, ""T"", [""C""]], [60553261, ""A"", [""G""]]]",yes,yes,T->C,3
chr11,61327792,61328221,TCAACAAAGAAGTTATGGAAGGAATTCAGCAACGTGTTTCAGGGCAGGGATCACATCTTAGTCACTGTTACAGCTCCTGAAGCATGAATACCTTTCACATAGCATTAAGTACCTAAATATTTGTCAAATTGAATTTCTGGCATAAAACAGAAGATAGTAATTTTTGGCTGATGAAAACATTTTCCCATCAATGAGTAGGGTTATGACACAACTTCGCAAAAAGTTCAAGTGTGGATTTGGGCCTCTGAGACACACATGCAGAAATGAAGATCTGATCACAGCTGGCAGCCCTGAAGCTTAGAACAACCAGCCTTGAATAATCAACAACATCAAAGTTTTAATGACCTAATATTACAAAACTAAAGAACATAGAGAAATTCTAAGTTTTTATTTTAACTCATACTAAGTAAGATCAAACAAAATCTCCTGG,"[[61327824, ""T"", [""C""]], [61327896, ""C"", [""T""]], [61328006, ""T"", [""C""]]]",yes,yes,T->C,3
chr15,56602375,56602630,TTTACAACCTTTATAAATTTGTCAACCAAAGCCTTTGCCTGCTCCAGATGTTTTTACCACCATCCATTATAACACATCTTAGTAGATTCCACTTCAGATTTTACTGAATTAATGTTTTCCCAACTTCTGTGAAAATAAATCTCACCTGTAGTTTCTCTATATAAAGAGTCTAATACTTATTTCACCTCAAATTTGGCATTGTCTTTAGGAATAAACAAATGATCAGCAGCAATATGATCTGTGGACTCATCCAGTC,"[[56602377, ""C"", [""T""]]]",yes,no,C->T,1
chr9,123457568,123457934,AAATACCAGCTGCATATTTATGATAACTTGGAAAACCACACGGCAGATTTGCAAAGGGTCTGTCTGGTCAGTGACTGCTCTCTTCATCCAATCCCCCTCCCCTGAGCCTCTTTTGCCTGGGGCCTGAGTCCCATCCATGCCTGCGGCCTCAGTACTTAGAGTGGAGACAGCTGCAGAAATCCCCGCCAGGGAGCCAGACCCAGGCCAGACCAGGGAGGGAGGCACCTGCTTGAAGAGCTGCAGCTGTGTGGCGTTCTGCAGGAACTGCCTCATGGCTCCGGAGCGGTAGTGGGACACGAAGGCTTCCTCACAGAAAGTGATCGGCTCCTCCTGGGAAGTGCAGAGGGGAGAGGTGGGTCAGTGGCAC,"[[123457575, ""G"", [""A""]]]",yes,no,G->A,1
chr7,119975000,119975419,TACAGTAGTGATGACTAAAGATCACTCCCATGATTCTGTGACCTTGAGACAGTCTTTGTTTCACTGGCTGACTTACCAGAAATTCATTGCTGGTTAGAAAAAAAAGAGGCCATAATGAGAAAGTGTGGCCTTCAGTTGAAGACCCGTGAGCAGAGGATTCAGCTATGCTGAGTACTGACATTAGACTCTGAATCAGTGAAATAGTAACTGTGTAGTGTTTTCAACCACTACAGTTTCAGTAATTTATCAGGCAGCAACAGAAAACTATTTTGATACCAAAAAGTGAGATTGCTACCTTAATACTTAAAATATAGATGTGGCTTTGGAACCATGCAGAAGATGGTGGCAGATAAAAAGTCCAGGAGCATGATTAAGAATGTCTGAACTGCCTTGAACAGATGGTTTGTAGAAATCTGGACT,"[[119975002, ""T"", [""C""]]]",yes,no,T->C,1
chr2,228328111,228328351,CCTAATAAGCCTGGGAGCACTACGGGAGACCTGGGCTTATTTCATCCCTTATCTACAATCGTAAAGCCAGCCCTCCCTAGAGCGGCCATTTTAGAGGCCTACTCCTAGGCAGGCATTCTCTTTCTCAGGGCTGTTCCTTGCTGAGAAAAAGAATTCATCAATATTTCTCCTACTTGCTTTTGAAAGAAGAGAAATATGGCTCTGTTCCGCCTGGCTCTCAGGCCGCCAAACCTAATGGTTA,"[[228328169, ""C"", [""T""]], [228328213, ""C"", [""T""]]]",yes,yes,C->T,2
chr3,127962949,127963255,CAGTCTCATGCATGATCACAAACAAGGAGAACACTATGAATAAAAATGACATTGAATGTCGCTATGGAGTACACAGTAGACATCACTATTGCTTAGAACTTGTCTTCAAGGTAGCACCTGGCAAGAAAGAGAAAAGTTACAGTCCCGTAAACCTTTGATACAAACCATGCAGGGGACAGTGCTGTCCACAATTGAGTTTCAGTTCCTGATCCTCTCATTTCTCCACATAATTCTCTGCAGGTGGCATTGGCTGTGTAGGTCAAGACAAGGGCCAGGTTCGAAAATGCCTTGACGTGGTGGAGATCTA,"[[127963095, ""A"", [""G""]], [127963124, ""G"", [""A""]]]",yes,yes,A->G,2
chr5,153905537,153905968,CTTCTAGGTTGTTTAATATCATATATTGATTTGCTTTTGTTTCCCTGAAGGGAAGAAGGATTTGACTAACAGCCAATGTTCCCATGACGGCAAGTGCCAGAGGGTTTTACTGAACACAGAAAAATGGAAAGCTAGAAAGGAAAAGAAAAACAGAAGAATGATGGGTTGTGAAATTGGAAAATAATATATACTTCACTGAGGCTGACATGGCCCTGAACAAGCAAGTGAAGAAGGTGAAATTCATCTTGGGCATCTTGCCACCTCCTCTAATAGCATCTGTAACCTCTTTTCTACTTCACTGCTCCTCTTCCCAAGGGGGCACCATTTGATACCCCCAGAAAGCAAAGGTAATTAGAGTTGCTCTTAAGTACTTTTCACACATCAGCACTTGGTCCATTCACATACTCTCTGTTCTTTCTAATAAGTATGGTT,"[[153905625, ""A"", [""G""]], [153905897, ""T"", [""C""]]]",yes,yes,A->G,2
chr12,23839215,23839414,TTCCTGTTGGGACTTACTCATGGGGATTGGCATGTCATACACTTCCAAATTAAGAGTCTATGTATCCACTTAGAAATCAATATGATACATTGGGGAATACCAAGGCCATATACCATATTTCCATGGAGAACATCATCTAAAGCTGAGCCCCCAAAAGCTACTTTTAAAATACAACACATACTCTCACAAAGCTGGTTCTT,N,no,no,N,0
chr1,208016394,208016653,CCAGTTGTTTCCTCTGGCCTTCACAGGAGACAATCAGATCATGTCTGTGAGGTGCTAACCACAGTGCTGGTTACACAATGAAAGTGCAATAGACACACTAAATCATTGCTACCAGATGAACATCACTGCCAGGGAAGCTCACAAGAGTAAGAGGTCAGGTCCTGGACCTTTCTGCTTAGCACACAGCAGAGCATATAAGTGACTCGCTAAAGATTTAGTTAAATAAACAAATGACCAGGGAGACTCCTTAAGGTGGAAGA,"[[208016417, ""T"", [""C""]]]",yes,no,T->C,1
chr11,87555676,87556035,CAGCAATGATGAACACGCACTTGGACAAGGGAGGGGAAGTGGTTCTTATCCTTGACACATGTGGCCCTTGCTGCTGTGTCATTCCCCTGTTGGCTAGGGTTAGACTGCACAGGCTAAACTAATTCTGATTGGCTAATTTAAAGAGAGTGACAGGGTAAGTGGTTTGGCGGGAAAAATGGTTATGACAGAGCAGGTAATTGGAATGAGTCAGGGTGGAGCAGGTAATCGGAATGAATCAGGGTGGAGTAGGTAATCAGAATGAGTCAGGGTGGAGCAGGTAATTGAAAAAGTTTGCTTTATGAGGAAGTTAAGTTTAAAAGTAGAAGGCAAAGAATTGAGCCTACTGACATACTGATTCAT,"[[87555727, ""C"", [""T""]]]",yes,no,C->T,1
chr15,24107981,24108242,TGGAGAGAGGGGTAGCAAGTGGCAGGTCAATTCCCACAACCTTGACACAGAAGGTCTTACACATGCAGACTTCTGCTGGCAAACACCCACGACAGTCAGCTAAGTCTCAGGCAGTCTAGGCTGAGAACACAAACCTGCCCCAGGCTGCAAGACTTCCCACTGGAGACTGAAACTGAAACGGTAGCTCTGAGGCCACACCCCTTGATTTGACATGTGAAGTAGCAGTACCCAACTCCCATGACCCTGGCACAAGAAAGCTTCC,"[[24108018, ""G"", [""A""]], [24108147, ""T"", [""C""]]]",yes,yes,T->C,2
chr5,150393220,150393487,CTCTGTGCCTTGTTGTCCACCCACTCTGCACTGATAGGGCAGGGTGATCCTAGAGGCCCCAGGCTGCTTTCCTCACAGCAGGCCATGACTCGGGCTGGGTTATGGCAGTGGGGTGGGGTGGTGGCAGCCTCTTTCACAATGGGCTTCTTCAGTCTCTCCTCTCAGGTTATATGACCCCTGGACTAACCCCAGCCAATTCCCAGGCCTCAAAAGCCACTCCCAAGCTAGACTCCAGCCCCTCAGTTTCCTCTACTCTGGCCGCCAAAGA,N,no,no,N,0
chr18,40404300,40404662,GGAGAGGTTGATATGGAGCTGAGTTACGTAAAAATTTTCTAATAACATTAGTTCAGAAAAAGATGTATAGAGATGGTAAGTTGATTGGAGATAAGGTAATTAAAGAGGCTATGGTCAGGCAGAAGCACATAGCTGTAAGTTGTGACCACATGAAACAAACCCTGCTTTCTCCAAACATTTGCTTCTGATTAGTTTTAGGGAAACAGCCAGTGTCATGGTGATTCACTGTATGATCATCTATATTTAAAGACACAGATGTCCATCTCTCCAGTCCTTTCCTTTTTTCCTGCACTCTGGATTCTGGTTTCCAACCTCTTCTTGGAGGTCTCTCATGGTCACATCAAACTGCACAAGTCCAAGCAT,"[[40404368, ""G"", [""A""]]]",yes,no,G->A,1
chr2,19731805,19732244,TCACCACTTTCATTCTCCCTTATCTCTGAGAATGCTCCTCCCTAGCTCCTTCATTTGCAAAATAACTAAAAGTCCCTCTTGAAATTCCCTAGTGATCATTGATGGTTTTGTCAGGTCATAGAGGAGAGGCTGTTAGATCAGCTGGTTAAGGGGTTTCCAGTTAAGCTCACCATTAACATGTTTCCTGAGCCCCCAGGGATAGAGCACGCTTTGGAGCAAACCTCTTCCCTACTCTCAGTTCTGTGGAGACTCTGAGGTCTCTTACTGCCATCCAGAAAAGAGAGGTACAATAATTCAATCAGCTCTATTGATGAATCGCCTAAGTGCCACTGGCTTAGCCTTCATGGGCATGGCTCTGATGTGACAGTCCCCTGGGCACTTCTTTTAAAGCCCATCAACTTCCCTTTCACCTGATTGTTCATCTCAGTGTCTCTTGATCT,"[[19732064, ""C"", [""T""]], [19732108, ""C"", [""T""]]]",yes,yes,C->T,2
chr16,51328750,51328974,GGAGGGTGATTCAGAAGCCCGTGGAACTGAGGAAGCTTGACGGGAGGCAGGAGACTGAGAACTGGAGGGAACCTGGGGTCTGTCAGAGCTGGGAGGTGATCACCAAGCTGGCGTGCCTGGGAGCCAGAATGTAGTCCCAGAGGCCCGAGGAGGAGCAGCTTAATTATCTACTTCGAGGAGAGCAGACGTGGAGGCTGTGTTGAAAACCACTGTTCACAGGCATTT,N,no,no,N,0
chr15,35709104,35709375,CCATCCCTGCCTTAATTGATTTTTGCAAGTACTGTGAACAAAGAGAGCCCCACCACTACTATATGCCCTGCATCTCCTAGCATAATAAACTTGTATCCTGAAATAAGTCTTAAAGAACCACATGTAGCTCAAACATTGCACTCTGAACATATTGAGCTCTTGTGCATCATTTGCCCAGTATGAATCAGAAGGAAGTTTAGTCTAAGCTTCTGGACCAACTGACCTACCAGAAGGAAGATTAGAACATACTTTTCCTTTTTCTTGGAATTGGG,"[[35709132, ""A"", [""G""]], [35709185, ""T"", [""A""]]]",yes,yes,A->G,2
chr14,94330839,94331208,GCTCTGGGTTCAACTTGCCCAATTCTGCTGAGCACAGAAGCTGAGCCAGGAGGGTTGCTCAGGGCATCTTGCCCAATTCTGCTGAGCACAGAAGCTGAGCCAGGAGGGTTGCTCAGGACATCTGAACTTCCCCAGCCCTCTCTAGGATCGTGTCTGTAGGAGGGAAGGGCCCAGGCCTTGCTTGGCAAGGGACAGGCCATGTGAAGCCAGAGACTACGGTGACCACAACCTCTAGAATGAGTCTTGGCTGGACTTTCCAAGCCCCACCTGGCTGTTTATCTGAGGAATCATGAGCTGTATTGGCAAACAGGGATGCCACCCAGTACTAGTGGCCAGTGTGGGGGTGGCAGGGTAGGCTGTGGGTGCTCCA,"[[94330971, ""A"", [""C""]]]",yes,no,A->C,1
chr2,213310142,213310462,AATGACCAGAACTCTTGATTGCTTTCAGTCTGAATGGTAACCAATTATGTAGATAAATAGTTCTCTTAAAATTCTAACATTTAACATATACACTTTTAAGTGTCTTAGGAGACTTTGAAATGACTCAGCCTATGAAAAATGACTAGAAACTTTTCCCATCTCCAGCCCTGAAACCACAACACACACACACACACACACACACACACACACACACACACACACACACACACACAAATCAGAATAGCAGTTACAAAGACATTTTTATTAAACATCTTTCCCAAATATTTAAGTTTAAGTAATTTTTAAAAAATCAAGACACTT,"[[213310182, ""A"", [""C""]]]",yes,no,A->C,1
chrX,46532178,46532521,AAAAACAAAACAAAACAAAGTATGTATGTGACTCTCTTAACAACTAAACCTCCTCTATTAGGAATCTTACTACTGTGTTACTTCATCTCAAATCTTTTAATAGTCTCCTGGTGACTTTGAGAAGTATCATGCAGAAAACCTCTGCATTTTCACTCCACTTTGAAACTGGTCATGTCTTGGGAACTGACTCATTCTACTAATCATATAGCAAAGAGAAAAAACATAGTTCTTAGTTTAAAACATGAGCAATTCATTGTGTCACATATCTTTGTGTTTTGGTAAATTCATCATTAGAGAGAGAGAAAAAACATCAATGGAGTTTAAACCCTTTGTCTCGTTAAGTC,N,no,no,N,0
chr14,30015572,30015820,TACTGAGGACTCATAATTTGAGTATAAATGTTTTGTTTTCTTATTGATATTCAGATAATCAGCATCACTCAGTGAGTCACAACCTACTAAAAAATGTTCAGGGAAGGAAGGACTCAAGGCTAAGTATGTGAGAGTGAGTTTGGGTGAGTGTGCATATTTATATGCGTGTGTGTGGGGGGGTGAGACTTTTTGTATCTGAGTGAATTCATTTCAAAACCAAATATAAATTATTTAAATTTTAAATTGTAA,"[[30015574, ""T"", [""C""]]]",yes,no,T->C,1
chr6,106579303,106579630,TGGCCCACAGGCTATAGTTTGCCAACCACTTTATCTAAGACATAATGAAAATACTAGGTAACTTAAAATTCAAACTGAAATTGTGCCCAGATAGGATGAATATGGAGTCCTACGACTTGCAATAAGGCTTCGTGATGACAGTCATGTGAAAACAATGCCTAAGACTGGATCTCCAGGAAAAACAGACTGTGAGGTCACCACATATTTAGGAAATTTCAGCTCCTCTTCACTTTTGAGCCTGACAATAGTGAGCACATTAAAGGCAGGAAACCAAAACATTTACTGAGTGCTGCACTGGGAGAAGGCAAAGGTAGGGTTGTTGTTCATA,"[[106579316, ""G"", [""A""]], [106579606, ""A"", [""G""]]]",yes,yes,A->G,2
chr7,44558401,44558764,GACTACAGGTGCTCATCACCATGCCTGGCTAATCTTCCCCCTCCCTCCTTCTCCTCCCCCCTCCCCCCTCCCCCCTCCCCTCCCCTCCCCTCTCCTTTCCTTTCCTTGACAGGGTCTTGATCTGTCGCCCAGGCTGGAGTGCAATGGCGTGACTCAGCTCACTGCAACTTACGCCTCCCCAGTTCTAAGTGATTCCCTTGCCTCAGCCTCCCGAGTAAGTAGAATTACAGGTGTGCCACCATGCCCAGCTAATTTTATATTTTTAGTAGAGACAGGGTTTCACCATGTTGGCCAGGCTGGTCTCGAACTCCTGACCTCAGGTGATCCACCCGCCTTAGCCTCCCAAAGTGCTGGGATTACAGGC,"[[44558427, ""A"", [""G""]]]",yes,no,A->G,1
chr18,70643075,70643330,TCAACTAATTTAATTGTTTGGCTTATTATTTTCTTAGAAAGGATGCTATGTGATTCTTTCTGAGGTGGGCTGGGTATTTCTTGGAATGCTATGGAGGGAGACCTGGCACAGGGTGGAATGCAGACCTCCTGGGGACTGGCTGCATCAGCAAGATGCCCTCTCCCTTAGGCTGCAGCTACACCTGTGAATCATACATTTGGGAGGAATGTAGATTTTACTTGGGGATTTAACCTACTTGCAGTTTGTGGAAAATATC,"[[70643109, ""C"", [""T""]]]",yes,no,C->T,1
chr6,117559334,117559630,GTGAATGAAAGGAGGAAGGAAGGTTGGGTGAAAGCAACTTGGACTACAATGTAATCCTAAGGGAGTTTGGCAAGACCATCGTGGAGTGCTCCAGCTAAAGTTGAGGAGTCATCATATAATATCCCTGTCATAATCAGTCACTGACTGGCAGCAGCATGGAGGAGCATAGCCTCACCATGTACACAGGGATGGATTTCAGACCACAGCAGCTGGGCCTTCAGTAAGCTATGCTCCCTCCTGCACGAGAACTGACAGATGCATTCTCATGGCTGCTGCCGTGGTGATTATAGCTCTCAA,"[[117559547, ""A"", [""G""]]]",yes,no,A->G,1
chrX,47674826,47675134,GCTCTGCTTCCAAGCCTCAGTAGTTTTTCTTGAATAACCACTTCCCAATTTGTTATATTACCTTGGTAAATTTCCAGAGTCTTTAACTGGTTGTTTTTGGCAATTTTGTCCACTTTTGTCATGGCGTTTTGTGGAGAGGATTGCCAAGCTCCTTAGTCAACCTTTCCAGATGTCTCTCCCTTCCTTGTAACTAGAGTTTTGATTGCATCACTTAAAAAGTGTTAGTATGTTTCACAAAAATGTGTACCAGTATGAATTAGCAGTATATTTATTTATTTATTTGTTTGTTTATTTTTTAAGACGGAGTCT,N,no,no,N,0
chr1,152151657,152152072,GTGTTCTAGGAGAGGTGACCTGGACTGGGATGACAGGAGTAGAGATGAAAAGAATCATGGTTTTGGGCTGTTTTGTATTTTGAGATAGAAAAAAAAAAAAAGGATTTGGCATGTAGATGATGCACTGAATGTTGAGCAGCTTCCAGATTTTGAATTCTTTCACCCTGATTCTCCACCTTCTCATTTAGTTTGCTGGAGAGAGTTTAAATTATAGAGAATATTTGTGAAGGAGACTCATCTTACACATGAACACATATGTCATATAAACAGCAGCCAACATATGGGCATTCCTGTTGATCTTGAGGCCCAGGACAAGCCATGGCCCTTTGCATTTCTCTCTCCCCCAGGATCACAGTCCTAGCTTAGATGCCTTTCTTCTAAGTCCGTCTTAGGACTCTTTCTCAGTCCTTCTAGGT,"[[152151717, ""A"", [""T""]], [152151764, ""A"", [""G""]], [152151943, ""G"", [""A""]]]",yes,yes,A->T,3
chr9,82153314,82153566,ACCTCAATAAGATTAACAATTAATTTCTTATCAGAAATAATGAATGACAGAAGGCAGCAAAATACATATTCAAAATGCTGAAAGAAAATAAAATAACTCTCAACTAAGAATTCTCTATTCTAGGAAAACTTTTTCAGAAATGAAAGTGAAAAAAGACATTCTCACATAAACAAAGGCTGAAATAATTTTTTACTAACAGATTTGTCTTACAAGAAATACTAAAGAAAATCTTTTAGTCTGAAAATCACTAGAT,N,no,no,N,0
chr4,106111703,106112029,GTTTAATCATAGAACCTGGAGAAGTACAGATGTCTTTCTCCTTGGAAATATCTTGGGTACATACTAATTTCCCAGTCAGTAAGACCTCAAAAGGTTAAATTAAATACTAGCAACTTACAGACCTTAAATGATGATCAGAAATTACTAGGTAATATTAACTGGATTTGCCCCACCTTGGACATAACTACTGATAAGTTACAGAACTTGTTTTCCATCTTAAAAGGCAATGCTGCCCTAGACTCTCCTAGGTATTTAACTCCTGCAGCACAAAGGGAAATTGAAGAGATAGAGCAAGCTATTTCTCAGAGACAACTAGATTGCATTGAT,"[[106111723, ""A"", [""G""]], [106111822, ""T"", [""G""]]]",yes,yes,T->G,2
chr8,122428473,122428828,ATTGGTAGGAGAAAGGAAAAGAAGGAAATCAGAAATATTATGTTATGGGATAGTCACGGCTGATCCCAATGTTTGCAGCAAGAGTGGCATTGCTGTGAATTTTAGTTTTAGCTAAAATCCACAGCAATGAGGAGCTCATCATACCTCACAGATGAACATGATTCATACCATGGAAGTATTGAAAGATAAAGTTGTAAAGCCACAAAGAGGGAGCTTTACTGCCAACTTGGAAGCTAGGCAGAAGGGATATTTAATTGGGAGAGATTTTTTAGAAATAAAGATGAAAGCATTTTGAACCAAGAAGTATTTGAGACATCTACAAAAATAAATTATTTCCACATTATAAAAAGTGATTT,"[[122428496, ""T"", [""G""]]]",yes,no,T->G,1
chr14,66000761,66001106,GGTATGGCATGTTTGTCCACCAAAAATGGAATGCTTCTCAACTCTGGAACTCCAGAGATATTTTCTTATGTGTAAAAGTCAACTTGTAATATCCCCAAACATCAACTCCTCTTCCTGTATTTCAGATTTTGATTCATGGCACAGAGATCTACACAAGTGCCCAAGGTTTCCTTTCTTCTCTCTCCCTCACTACTCACACATCCAGTTGGACAACAAATCATGTTGACACTAGCTCCTCAGCTGAACCTCAAGAATCATTTCCCTCCAGTTCAGACTCCCTGACCCTGTCTTAATTTTGAAGAGGTAATTTCTCCTGACAACTTCTAGTATATCTATATTATTATAT,"[[66000818, ""C"", [""A""]], [66000964, ""G"", [""A""]]]",yes,yes,G->A,2
chr7,76797674,76797889,CATTTTTTCCAAGTCACAAATGACTTCCACATAAATCTAAAGAGCATTTTTCAATTCTCATCTTACTACACTCCTCAGCAGCATTCCAGACTCTTAATCATGCCTCTTTCTTGAAATATCACGTGGCTCTTATGACTTCATACTCTCCTAGATTTCCCCCTCTCTCTGCAACCACATCTCAAGCTCTTTCAACAGCTCCATTGTTTCATTTAAGCT,N,no,no,N,0
chr15,62394075,62394522,CAGCCTGATTCTTAATCATCATAACTTCATGGCTTGACCAAAATTCTTGCATTTTTTTCCTTTTAAGATTTTGTAACTTCAAAAGGTTAGAAAACGAGTATGTGTTTTGGAAAGTTGCCTGTCTGTTTACCAGTCTGTGTAGTGGTGTTGTGATGTGTGTGTGGCATGTCCAGACTCTTGAGACAGTTTCTACAACTTGTGATCTGTGACATTATTGCTCCAGAACTTTTGAGTCATAATGTTTTCCTGATGATTTTGAGTGGTCGTTGGCCAGTACAGGAAGTACTCAAAAAGAGCTAAATAATTCAGTTATTTTTATTAGGTACAAAAATTTTAAAGACAAGAAGGAAAACATAATAAGCAGGCCTGGAATTACAGCTTAACATACCCACTGGTGCCTTTTTAATTACAGTACTTTCCCCAGAACTTTTTAATCGTATTACTTTTA,"[[62394077, ""A"", [""G""]]]",yes,no,A->G,1
chr12,82810536,82810856,TCTTTCAAGTATGAGAAGTTTTGTATTTTCCAGCAAGGTTTTTATAAAACAGAAATTAACTGTTTTTCATTCACTTTATGCAGGAAATAGTTATTGTGCACTGAAATGGTTAAGCTTTGTGTCCCCACCCAAATCTCATCTCGAATTGTAATCCCCATAATCCCCACGTGTCAAGGGAGAGACCAGATGGAGGTAATTGAATCATGGGGCTGTTTCCCTCATGCTGTTCTCATGGCAGTGAGGGAGTTCTCACAAGATCTGATGGTTTATAAGGTACTCTTCCCCCTTAGCTGGGCACTTCTCTTACCTGCTACCTTATGA,"[[82810549, ""G"", [""A""]], [82810811, ""G"", [""A""]]]",yes,yes,G->A,2
chr11,31529822,31530043,TTGGGGGGTTCTTCAGTGACATATAGGGCCAGAATGAAGTAAGGTACCACCCACAAACCACACTTAACATCTGCATGGAAACCACCTAATTTTAGAGGGTATAAGCAGCAGACTTAATACAACAGGTCAGAGTGAGGCTAGGGACATCTCTCTACCTGTGCCAGACAGGCAATTACAGAAACTGATCTCTGCCACTCTTCTTTTTCTTACTTTCCCAGTATA,"[[31529825, ""A"", [""G""]]]",yes,no,A->G,1
chr3,21143761,21144018,TAAATATAAATATATAAATATAAATATATAAATATATATAAATATATATTTAAATATAAATATATAAATATATATAAATATATAAAAATATATATTTATATATAAATATATAAATATATATTTATATATATTTATATATAAATATATAAATATATATAAATATATATTGATATATATATAAATATATATAAATATATATATATATATATATATTTATATATAAATATGTAAATATATAAATATATATTGATATATAAA,"[[21143960, ""T"", [""A""]]]",yes,no,T->A,1
chr3,194794471,194794858,TATTTGCTTTATGTAACTGGGTGCTCTGGTGTTTGGTACACATCCATTTAGAATTATTATATCCTCTTATTGAAATGATTCCTTTAGCATTATATACTGACTTTCTTTGTCTCTTTTTATTGTTTTCGACTTTAAGACTGTTTTATCTGATATAAGTATAGCTAATCCTGCTTGGTTTTGGTTTCTGTTTGAATAGGTGTCTTCTTGTATACCTTTACTTTCACTCTATATGTGTCTTTACAGGGCAGATGAGTTCCTTGTAGGAAGCATATGGTTGGGTCATATTTTTTTTACCCATTTAGTCAGTCTGTATCTTTTTTTTTTTTGAGATGGAGTCTCACTCTGTCACCCAGGCTGGAGTGCAGTGGCGTGATCTTGGCCCACAGCA,N,no,no,N,0
chrX,105715779,105716205,GCTTATTGATTCAGGAAAGTGTACAGAAAATTCACATTCACTCCAGGGCCATAGCTATGAATCCAAGGAAACATTTAAGAGAAACTGGAACTCTAAACCTGTACCAAGCATGGGTGTGGACTCTAAATTCACATAACTCATATATGACACAAGCCCCCAAGCAAAGAAATTGACAGAAAAACTGGTTCCAAACCAGTGAAACTTGTAGGGCCTTGGTAGAAGCAACCTTGGAACTTCTCTAAGGGAATTCCTCTATAACCCTCAGCATGTGGGACTACCACAGAAAACAATCCCTGCTGTAGATGAAAATACAGCAATGAAATTATAAACCTCATAAGAAAATTAACCACCATGATGTTGCTTCCCTTGACACAATGGAAAAAAAAACTGCATACCAAGAAGTAGAGATAATAGGACAATTTAATAG,N,no,no,N,0
chr7,155741787,155742252,TACAATTAGAATCTCTTTCTTTTTGTGAAAAGAATACAACTTCTCAGAATGTAAGCAAGCGGCCCATGCAGCAAATGCAGCCCACTGCGCCAAGGAACAGCAATTTGCGTGAATTACCCATAGCACCGTCACACGTGATAGAAATGAGCAGCAGCCGCTGCTCTGCCACGCCGTCAGCACAAGTGAAACCTATCGTCAGCGCGTCACCACCCTCGCGGGCCGTGGCGGGTTCCAGAAGCTCACAGGGAAAGACGGAAGTGAAAGTCAAGCCAGCTAGCCCTGTGGCTCAACCTAAAGAAGAGGCAAAAACAGAAACAGAGGTAGGACACTGCTCTTATTAACAAATGTTGGTCTCAAACAAGAAGCCTTAGAATCAACTTGGATGTCTTAGTTCACTCTCACTAAGTTATTCACAAAATCTTCCCACTTTTTTCACCTGGGTCTTTTTTTTTTTTTAACCTAACAG,"[[155741911, ""G"", [""A""]], [155741959, ""C"", [""G""]]]",yes,yes,G->A,2
chr6,101013103,101013333,TGTTATGTTCTCTGAATTTCTACTGCTTAGTTCTTTGCTAGTTCTTTTTTTTTTTTTTTTTTTTAATTTGACAGTGATTTCCTGCTGCTTTTTCGAATCTCAAAGAGTAGTCCTCTGTTTGAGGTATCACAGTTGGTTGTTACAGAAAAAGTTTTTTTATGTTACAATTGGAAGATTATGACTTCAGGAAGGTGAAAGTAGCAAAGGAAATAGAATCCAAACCAAAATCTT,"[[101013178, ""C"", [""G""]]]",yes,no,C->G,1
chrX,67564564,67564829,CATAGAGGTGTTCATAATACCTTCTGATAGTTATTTTTATTTCTGTGGTGTCAGTGGTAATAACCCCTGCTGTCTGAAATTGTAATGGCCCTGCTATTGGTAGCTGAGAGTAGCATGGAAGTGTCAGGTTGATGGGTTCATTTAATTCTTTTCTTTTCAGTTTCAGTCACATGCATTGTTACCATGGCATATGACAGTTGCTAGAAAGTGAAATAATTTTTTTTCTACTTTATTCTCCACTGCACTTCTAAATTTATTAGTGGAGA,N,no,no,N,0
chr15,79282571,79282874,AGGAGCCCCCTGCTAAGTTGCTGAGCGAGTCGGAGCCCCAAGAGCTAGGGTCGAGGGGGTGGGGCAGCAGGCGCCTCTGCCGAGGCTGCAGGTAGGCACTTCCCCACCCCCGCGGCCCCCTCCTTCCTCCTTCCTCGCAGCTCGCACACCCACACAACCCTCGCCCGTCGCGGCTGGAGAGCTGCTCTCGGCGCCAGCGGGCAGCAGCGCGTCGTCAGCCAGCACAGCCCGCCGAAGACCAAGCCGGAGGTCTGGGGCTGTGCAGAGACCTGCACACCCGCAGCGCGGAACCGGGGGCGATTCC,"[[79282800, ""G"", [""C""]], [79282831, ""C"", [""T""]]]",yes,yes,G->C,2
chr4,68249506,68249780,AAAGATCTGTCAGTTATGAAGGAGAAGCACATACATCATGTTGTACTTATGGTTACATTGAATCATCATTCTTTAAATGAGTGAGTTAAGAAACATATATTTGTTCCAAGAACACTCCCACAGACTGCATGTCTCAGTTTCAATTCAACCTGAAGTTTCAGTGTCAGCTTGGGTAAGAATTAATCAAATGCTCTGTAGCAACTGGGATTATCCACCTCATGACTGCACTTCCTCTTCCTGGGTTTCTGTTTTTTTAAAAGCTTTACCATGTCATT,"[[68249526, ""A"", [""G""]]]",yes,no,A->G,1
chr8,107773131,107773432,CCATTTTGCTTAATTTCTTTTCAAAACATTTGTATCTGAGTGTGACTAACACATGGTACTTACAATATAAAAAGACTTAAAATATCAGATTTTAATAATCCTTAGGTGGCTTTATGCAAAGCAGATGTTCTATTATGCTTTCCAGATGCTAGCTGAAAGCACAATTAATTAAAGACAGTGCTTACATATCATTTTAGTACATTTCAGTACATAGTTAAAACTATGTTAAAGAAAAGAGAGACTGAGCAAAAGCCAGCACTGCTTAACTGCAAAGAGAATTGCCAAGAAAGAGTAAGTTCACG,"[[107773156, ""T"", [""A""]]]",yes,no,T->A,1
chr2,240839251,240839546,GGCCAGCTGAGCAGAAAAGCCAGGCCCTGCAGCGAAGCCTGATCAGAGGCAGCTCCCCCTCCCCGAGCCTGCGTGCTGCAGATGGGTGCTGGCTGGTGACACCATCCCTGACCATGCAGGGCAGCTATCGGCGGGGATAGCCCATGTGTGCATACGGTTGGACGACTCAGAGTCAGTCCCAAGCCGGAGGCCTCTCACCCACAGCTGAAGTTTGATGTTGGGTCTGTGCCTCACCGCAGTGTGGCCTGGAGTTCCAGGATGCTAACATTCACAAGCCTATGCAGTGCCCCCACGGC,"[[240839364, ""G"", [""A""]], [240839376, ""C"", [""T""]], [240839413, ""T"", [""C""]], [240839472, ""A"", [""G""]], [240839523, ""G"", [""A""]], [240839543, ""T"", [""C""]]]",yes,yes,G->A,6
chr3,142953486,142953805,ATGGTTTTCTTCCCTCCTCCACATGCTCCGGAGCTTTAACAGGGACCCCACACTGGTAAGACACTTGGCTTGGAAAGCACTTTACACAGTGCACATGGCTCAAACCGCCAGTCTCCCATGATCTTTGTCCACACACTCTTCAGGAGTGTGGATTATAGTGGAATGCCTGTGGGCCAGACAGCCAATGGGTTGGATGAAGTGGACAGCTGTTGTTTTTGTCTGCCCATCATCCCTTCCTGTGGGAACTAACCTCCACTCTCCATGCGGTTCTGGAAAGGGCTCAAATCACAGGCACCCATACCTTGTCTCTAGAGGAGTCC,"[[142953658, ""A"", [""G""]], [142953742, ""C"", [""T""]]]",yes,yes,A->G,2
chr1,194808412,194808708,AGCAAGGACTTATTTAAAAATTCATGCTACATTGTAACTAAAAATTTCACCTTGGGCCTGTGAAGTTTCTTTTGCTGTTTTGGAGTTCCAAAATGCTTAGAATAGTATTTCAGAATACCACATTTCATGTGATTATATCACACACCAAAGTAGCGGCTGTGAGAATGTAAAGAGAATAAGTCTGGGTTTTTCAAAACTGCATACTGTTTTTCAGCATGACTTTCAGCAGAATAATAATATAGCCACTCATCATTGCCCCTGGCTATACTCTCTCTGCATGGCATTTTTCAGTGAGAG,"[[194808485, ""C"", [""G""]]]",yes,no,C->G,1
chr6,71608631,71609069,CATTCTGTTTTGTGTTTTTAAAATAGATTTAGATCTCTAAGGTCCAGGGTACAGTGCTTCATTAACTCAGTTAATAAAATACGGAAATGTTTTTCCAATAGTTATTTATTCCCCGGGCATATTATTTACCAAAGTGCTTTGCTTAGGTTTTGTAATAGTAGTCATGCTATGTGAACTTAGAGTGGGAAATACTTAGTCATTTTTCTATTATGTATCATAACTAGGTGTTTCACATAGCTGACAGGCTGATCCTAATGCAAACTTATGTATGAGGAGAAGCTGGCTGTGACACACCCTTGTGTAATATCTTCCCCACACCATCAGGCAGGGGCTTTTACTAATATCTGAGGTTAAACTTTAGAGGACATACCTAAATCTCTAAGAACTTACATAAAGCATTAGAAAATCCAAGGAAAATTTTGTCCCAGTGATCACATGG,"[[71608679, ""A"", [""G""]], [71608713, ""A"", [""G""]]]",yes,yes,A->G,2
chr1,40929279,40929500,CAACTAGCTCTGGTCTGTAACAGCTGTGTGTGTAAAACACTTAGGAAAGTTTCTAGAGCATATTACATGATCAAGAAATGTGAGTCATCATTGATGTCATGCAGGCCATATAAAGATACATAAGGCTGCACAACTCCAACACCAGAGTTCAGGGAATTTGGGAAATCCCTTTATTTATTCATTTGTTTCTGGATCACTCATTGCAAGCCTTTGGAAATGAGC,"[[40929319, ""C"", [""T""]], [40929320, ""C"", [""T""]], [40929400, ""G"", [""A""]]]",yes,yes,C->T,3
chr11,107743179,107743606,TGATTTCTCCATAAAAGCTCTGCATAATGGTATGGGTTGATTTATGAGACTCCCTTCAGCCTTTATTCCATTTTTACTTTTTCTTACTTTGTTATTTCCCCTGGTGGATGCCAGTGTTAGTATTTGACCCATACAAGGGGTGTTCAGCCAAAGACAGTCCTCAGTCAGACTGTGGCCTGAGACAGATGGTGAGGCCAGTTGGTGCTTTGGGGCAGTCAGATTACATTTCCAAGGCGTTCTCGTGTGACAGCTGTGTGCCTTTGATCAAAACATTGAGAAACAAACCCTCACGTCTCCCTTAGCACAAAAACAGCCAGGACCCTGTTTTCCTGGATCAAAGAGAGGCATGTCAGGTACTCTATAGGACTTCATATGCATTAAATACCACATTCTCAGAAGAGCTGCAGAGGCCCAGGATGACAGGGGTC,"[[107743210, ""G"", [""A""]], [107743532, ""A"", [""G""]]]",yes,yes,G->A,2
chr15,93491330,93491630,AAGGTACCGCACACCAGGCTGCTGGTGCAAAGTCCCTTGTGAAAGGCTGGCCCAAATGACAAGCTGTAAAGGTCCAGACTTTCAGTTATGCTCTGTAACAGTGTCTGAAATCAATATCCATAGCGCAGAAGGTGGTGGAGGATCAGAGGCTTGCAGTGCTGCCTCTGACATTTCAGGAGCATCTCAGTTGTCCCCCAGGGTGGTCTCGTCTCATTCAAGCCCAGAATGGTGCTGGGCGGGGGGAGCCCGAGCTCTTCTCTTTAGAAATCTTGGAGCAGTTTTTGATCTGTGCAAATCATCG,"[[93491339, ""G"", [""C""]], [93491546, ""C"", [""A""]]]",yes,yes,C->A,2
chr7,122389887,122390315,TAAAGTAAAATTTAAAAAAAATAAATTGTTTAAAGCACCACATTGTTTCGCTAAATATATCTTTATGAGCTAGCTTAGAAAAAAAGGCACCTCTTGCTCTTGACTAATGAAAAGCTTATTCCTGCCCTCCACCCTGGCCTCAGCGTCAAAGCTCTATCACAAACCTACACTGCTTTTCTCTTCTCATTCTGCCAGTAATTCCTCCTGATCTCCTTGTCTAGCCAAAATGCCCTCAGACTTAAGTTCTCTAGGGACCAATCATAGCAAAGCACTGAACACTCCCGTAGCACTTTACTCACTTAAATCTCTTCACCGTAATATTCAGTGCCTCAAATGCACCATTAAATAAGAGAACTAGACAACACCATTCTGATACTACAGTGAAAGTGTTGAAAAAAACACTACCTTTATTTCTCCTTTTGCCATATA,"[[122389899, ""A"", [""T""]]]",yes,no,A->T,1
chr2,152813361,152813849,CAGTATAGCCTGTAGCAACAGGGCTGAAGGCAGTGAGGTTTGTCCTCAGGGGTGGGGGTGGGCTTGTTGCCAGTGGCTCTGGATTCAGCCCTGGCAGCAGCAGCAGTCAGCAGCAGTCGCAGCTGCAGGAGGGAGGTATCCCTTCATTGCAGCTGCCTGTCTGCTGGGTGGAGAAAGTTGCTGCTTGTGGCTTGTGCTACCTCCTCAGTGGTGGCAGCAGCCAGCAGCAGCAGCCAGCACTGATGGTGGCTGTGTGTGGGTTAGCTTTTCATCACAGCTGCTTCTCTGTGGAGTGGACAAGGTTACTGCCTTCAACTCTGCCTTGGCCCTGGTGGCAGCTGCCAGCAGGGAGGCAGCTGTGGGCAGGGAATGTCAATGGAGCTGTAGATGCAGGGGCTGTTGGGCCCCCAGGGAAGGATGCAGTCTGGTGGGGGCTGTGCTTTCAAAATGGGATTGTGCTGTAGCTGATTAACACTCTGGGGTTTGTGG,"[[152813471, ""G"", [""C""]], [152813478, ""G"", [""C""]], [152813603, ""G"", [""A""]]]",yes,yes,G->C,3
chr5,93336848,93337118,CAATACCACTCATCAGCCCAGACTCATGCCAAGCTGATGTTGCTACATCATCATTGTCCTCATCTGCTTGGTTACAGTGGGGTTGCCTCCAAATCTGTTTCCACCCCACAGGAATAATAAACAGAGGAAGTTTATAGTGAACAATTTCTTTTTCAGTAAATGAGGCAGTGGTTGCACAAATCACCTCCCTTTATATTCAAGACTTCATCACATGGACACACCCAGCTGTAAGAGAGACAGAGAAACATAGTCTCTAGCTAGGCAGCCATGT,"[[93336849, ""G"", [""A""]]]",yes,no,G->A,1
chr14,33704434,33704791,GACATTATTTTACTTCCTTATTGCATTACAATTGATTGTGTAGAAAAATCTCAAATATAAAAATAAAAAGTAGTTCATGCATAAAGCATGATGCCCTGAAGCATATTAGATCTGTTTATCTCTTTGTTTAAAATGAATGCTACCTGGTATAGTTTACATAACATGGCAGGGATCAGCTTGATAAAGTGTTTATATCACCTGGGGAACACACTGGCTCATTTTCTCAACACCTTTCCACATGACTAGCTTGCCAGCAAGTATAATAGCAAACAAAGTTTTAATAGGTCAAGAGCAGAGTAACTGCTCACATTAACAAGAGGGAGAGAGCGGCTTGACGTGCACCAAGGCTAATAACTGA,N,no,no,N,0
chr17,14585922,14586318,TAAGTGATAAGATGGAACTAGTTATTCAAATAGCCAGCCCAAGAAAGACATTCCAGGGAAAGTGGAACCAGCTGCTGCAAAGACTGCATGTTCAAATAACAGAAAGAAATCAGGAGGAAGAGTTTAGATTTTAAGAGCAAAGGGAAATCCCTTGAGGGGTCTAAGCAGATGGGTGATATCCTCTGGTTTGTATTTTAAAGCAAACATCCTCACTGCTACGTGGAGAATGGATTGCAGGGAATTAAAAGTGGAACTTGCTTCCAATCTTGATTTCCAACTTTGTGCCCTTTTCTCAATATAATCCGCCTTCTTCAGGCTGTTCAACAGATCAATTCAGTTAAAAAGAAAAACAGAGTCTTAAGTTGTTATTTGCTGGAGTTATAGCATCTAAACCCCT,"[[14585923, ""G"", [""A""]]]",yes,no,G->A,1
chr11,133111401,133111767,TCCAAGATCACACTCTCTGTGTCCCTGCCCTCCAAGAGGTCACTTGGCTCTTTCTTTTGGCATGTTGTCCCCAGTGTTAGTTAGTACGAGTCTTTCTCAGATACCAGCTCTCTCATTAGTTCTATTGGTTTCAACAGCTCCATGGACACAATAAATGCAATATTTAACACCCAAGAGGGAAGTGTTTCACTTGGATGATTCTTTCATCATCTCTGCCCATCTGGAGCTCCCTTTAAACTCATGGAGCACCAACTGCCTAGGAAAACAATGAACTTTGGTGACTTTTCCTTTCCTAAGCAGACTGGGCTCCCAGAAAATAAAGTTGGTGCCAGGAAGGGTGTTTTGTTTTGTTGTTTGTAGGTGGGAG,"[[133111416, ""C"", [""T""]], [133111551, ""G"", [""A""]]]",yes,yes,G->A,2
chr3,154981194,154981569,GATTACAAGTATAAAATGAAAAAGTCTAAGTGATAAGAATTATTTTATAGCTTAGTTGGTAGCACTTTTTTTCTGGTTTGGTGATACATAAAATGAATATGTGGTAGATTGCTTTAAATATGCACTGGTCATATTGTGAAATGCTTAAACAGGGAATGGCATGATCAAATTTGTTTCCAAAGAATATTTCCTGTGAAATGCTAGTGGATATACTGGAAAAGGGAGATGTGAAGTCCAGTGACAAAGCTGAAAGCTATTCTAAGTCTAGACAAGAAAAGATGGGGTATGAACTGTAGTCATGGCAGTAGGGATTCTAGCAAAAGAGTCAAGATGCATTTTAACAGTATAGTTGATAAGAATCAGTGACCATCTTGAT,N,no,no,N,0
chr12,13970879,13971180,AACAAAATCAAATAAAAACTGAAATATTCTCCATTCCCCCTCAAGCTCAGAAACAATTCTGGAGCCTCTAACAAGATGATGAGAGGAAGAACCACGAATCACAAAGACAGCAATTGTGGCTCCACAGAGCTCACGGGTGAAACTGATCTATCTGCATGGTAACAAATTCCAGGGTAAAGGCTGCAGTAGCTCCATGATTTGGATGTTTTGCCTGTGTGGGGCCAGCCAGTAGATATTTGAAAAATTCAAATCGAGGAGTATGCGTCTTAGTTTTCTCCTAAATATTTAGTGCCTCACACCAC,"[[13970954, ""G"", [""A""]]]",yes,no,G->A,1
chr14,74457527,74457897,TCTCTGCCTCACTGGTCACATTTACTTTCTCTGGCTGTCTTCAGCTTGGTTGTTTATATTCTTCCTCTCCCTGCTTCCTATTCCCTTTTTATCCACTTGTTCCTGGACGCAGGATTTCTGTAGGTGCTTCTCAGGATTATCCTATAGAAGGGGAGCAGCAAAGAGGCCCAAAGCCATACGCTCCATTTCCCCTCCCAGGGGACTCTTGCCTCTCTCCAAAGCTTATTAGGATCATTGAAAAGGGGTCTGCTGTTTCCCACAGAGGCAGGTGATGCAATTTAAAGGGCTCGAGATTTGGAATCAGAAGCCTTCAGTTTTGGAGCTGCAGTGGTGTGGTCACAACTCACTGCAGCCTCAATCTTGTGAGCTCA,"[[74457680, ""G"", [""A""]], [74457860, ""C"", [""T""]]]",yes,yes,C->T,2
chr10,123327485,123327882,CAGTGGCACAGAGGCATTTGGGATTTCTCCAGGCACCCCTTCCCTGAGTGACACATAGGCCGTATATTAAGTCAGACCACTGCAAATATACCCTCCCCTTCTGGTAAAGTCCAGCTGCAGCCAGTTATAGGTGATGCACTTACTTCAGAAAGAAACCTAATTTCACTTTCAACCCCATGGTACTTTTTCTGGCAGCACAACACAGAAAGAAACACAGTTGATTGTGGATCCAGAGGTCTGTGATTTATCTCAGCTTTGTCCCTGACCTGTTGTGTGACCTTGGGTAGGTCATTGCACCTTCTGGGCCCTGGCTCTTTTGGTCTGAAGGTCAAGGCATTGAGTAAAGTGGCTCACAAGGCACTTTTCAGCTCTAAAACCCAAGGAATCCTTGAAAAGCT,N,no,no,N,0
chr1,22634198,22634482,TGAGTGAACATGGGGTCTGGCCACTGCACACAGTCAGACATGCCGGCTGCTGCAGCGGGGTGAGCAGCTCCAGGTGCCAGCATGGGCGCCAGCTCTCTGAGAGGTTGTGGCTAGACCAAGTACACCACAAGCAGCTTCCACAGCTGGCACCGGGGAACACGGTGGCACCCAGAAGCTTCGAGATGCCAGGAACCACAGGGCCCCGAAAAGGGAGTCACAGCTCCAGCTTGGGGAGCTCCCAGGTCTGGGTTCCCCAGAGGGCCGCAGCTCTTCTTTCCTTCCCTT,N,no,no,N,0
chr1,219788096,219788453,AGAGAACCCCAAGAAACACTGTTGGGGGAGTCAGGAAATAGGAAAATGAGACAGGGAAGGGGAGATAGCAATAAAGGTAGTTGCCACTGTGGATAATTGGAATTTAATCCAAATGACATCTCTGGGAGCCAGTGTGGAAAATGCATCTCAGGGCCATCTCACCAGAGCAGTGAGGGATCTGAGGTATTTATATACCAACTCCCTGAGTCATTGGTTGAGTCAATGCTGCCTTTGACAAGCTTAGTCCAGTTGGGAGCCAGAAATTTAAACAGCTTAAACTCCTCCGTGGATGCTATATGTCTTATTAAAATTTGAACCCCAGCATAACATAGCATAGTTCCCTGCTACTGAGAGCCTC,"[[219788135, ""G"", [""A""]], [219788231, ""A"", [""G""]]]",yes,yes,G->A,2
chr4,156556385,156556657,TGCTTGTGTGATTGCTCTACCAGTGGGTTTTATCCTTTCACGTGTTTTCATGGTGGTAGATATTATCCTTTTACTTCTGGGTATAGGACTCCCTTACTCTCTTAAGCACTTCTTGTAGAGAATGATGAATTCTCTAGGAATTCACCATCTATTGATGATGAATTACCTCAGCTTTTGCTTGTCTGCAAAAGACTTTATTTATTCTTAATTTAGGAAGGATAGCTTTGCTGGGTGCAGTACCTCTGGCTAGGATTGTTTTTTTCTTTCAGCATT,"[[156556395, ""T"", [""A""]]]",yes,no,T->A,1
chr3,189978741,189979168,CAGCTTCCATATGACTACCAGTCTTAAGCTGGTAGCTTAATGACTAGTAGCACACCAGACAGAGGAAAACATTAAAATAAAAATAAAAATGTAGTCCAATAAATTGTGGTTTCTGGGGCCTGATTTGATGGCTTCAGCCAATTCTTAACCACAGCCCAAGAAGATTTAGTCAAACAAGTTAATTCTTCCCTCGTTTATAAAGTATGTGCCTGGCTCTGACTCTCTGGTTGCAACAAGAAGGGATCATCTAAGAAAGTACTCCCTTGTACTCACTGTCTGGCTCATGGCAAGAAGAATCACTTTATCAGAAATTCGATAGTGTCATACAAAGCATGATGGTGTAGGCAGGCTAACAATCCCTATATGAGTACAGCCTTTTACAGTTAAAAAAACAAAAAAAGGGCAAGGCACGGTGGCTCACACCTGTA,"[[189978745, ""C"", [""T""]]]",yes,no,C->T,1
chr8,69418406,69418623,AACATAGAGATGGGATGACCAAATAATCTAACATCTATACCAAGCTTTGAAGTTTAGTAAAATGGATGTGCTGGTTGGGTAGCAGTGCTATTGTTTTCATTGTGTTTCATTACTTTCATAACCCAGGGTTTCCATTGATGAAAGCCTACAACAAAGCATTCATGGTGTGTGTGTGTGTTTCAAACTGCCACATTAGTGACTGGCTGTGTATACACACA,"[[69418468, ""C"", [""T""]]]",yes,no,C->T,1
chrX,142005617,142005843,GATTTATTTGTATAATTTCTATCTTATTAATATTCTCTGTTTGCTCATACAGCATCTGCCTGGTGGTTTCCTTTAGCTCTTTGTACATAGTTTAGTTTAGCTAATTCAGCATATTTAAGACAGCTGACTTGAAATATTTGCCACATACGTCAAATGGGTGTGCTTCCTCAAGAACAGTTTCTATTCATTCTTCTGCAAATGGGCCACACTTTCTTGCATCTTAGTAG,N,no,no,N,0
chr15,70409407,70409748,AGAAAAAGAACAAAAGAACAACAGTAACTACCCCATATGTTGAATTCTCATGGTATTAGAATGAAGGGAAAGTAGCTTTGTTCTCAAATTGCTCTTTCATGGCTAAGAATGAGGATCAGCCTATTATACTGGCTCTCAGTCTCCACTGTGCATCAGAATAGCCCAGGGAGCTTTTGACTTGGTTACCCCACAGATAACTGGTTTCAGTTGATCTGGGGCAGGGACAGGTATCAGCATTATTTTGGTGTGTGTTTCATTTTTTTTCTGTTTGTTAGTTTTTTTAGACGGAGTTTCACTCTTGTTGCCCAGGCTGGAATGCAATGGCACAATCTCTGCTCACTG,N,no,no,N,0
chr15,40481726,40481968,TGAATAATATTTCATTATTACACCACATTTTCTTTCTTTCATCCAACAATGGCCATTAGGTTGTTTTCACATCTTGGTTATTGTGAATAATGTGGCAATGAATGTGGGCATGCAAATATTTCTTTGAGATCTTTATTTCAAGTCTTTTGGCTATATTCCCAGAAGTGGGATTATTGGATCATATGGTAGCTCTATTTTTAAGTTTTTGAGGAACCTCCATAGTGTTTTCCATAGTAGATGCAC,"[[40481778, ""A"", [""C""]]]",yes,no,A->C,1
chr3,8668219,8668471,TCCCTGTAGCAAGAAATGAACCTTAGTATTCTAAGATCAGCATTCAAATCTTCACACACAAAAAAGGCAAACAGGCTGATGTTTTAAGACACTATTTTTCACAGGTTGGCTCTCTGGATAGCTAGGCTGAGATGCTCTTATGGAGTTTTTCACTGCAATGCTTGGCAGCAATGTGACATCATAAAATGATTCATCTCTCTTGGATTATTGTCTTAAATGTTTACTGCAAATCTAACATTAATGAAATAGCATC,"[[8668242, ""G"", [""T""]]]",yes,no,G->T,1
chr9,110186284,110186639,ATTATAAGGGCATGATGAGGGTTTTCTACCGTAACTCTCTGGACTCCATAAACATCACCAAAGAGAATTCAGATTATCTTTTCTACCTGTGTTTGAGGTGCCACAGCACAAAGCTCACTCCAGGCAGACAGAGGAAAGTGAGCACTGGGCAGGTTGAGGCAAGTATGAATCATCCTCTGACATCAGACCCCTCCTTGGAAGCTTTATCATTGGTATGCTTAATCCAGTTCCATCTGAGCCTACATCAAAAGTGGAGAAGAATAAGTTTGGGGAGCAAAAATGTGGGAGTGAATTTGGTGCAAGGGGTTCACATTAAAGCATAGCATTCCAGAAGCCCATTTAAAATGGGTCCCGGG,"[[110186294, ""T"", [""C""]], [110186340, ""C"", [""A""]]]",yes,yes,T->C,2
chr11,24798558,24798980,AAGTTCCCATCTGCCTTGTGTGCAATACCAAATCAGAGCACACAAGGGACATTTAGTCTAGAGATATCAGATGGAGAGTGCAGAATTATCTCTGCAGAATGGGCGTATAGGCTGTGGGAGACTAGGACTGTCTATCTTGCATGCTCAACTTCCTGCTTCCCCCTGCTTGCCATTAAGAGAGGAGAAGGGATTCCCTAGAGCCTGTGGGAGAGTTGACATAAGGGAAAGGAGCAGCTGCAGGTCTGGCTTTTGGAGTGGACTCAAGGTTATTTCCTGTAGAAACAATGCTGTGTACAGTGGACAGTAGTGGCCAAAGAAGTGCCACCAGTGCAAGGAGTTCACCACATAGTTAGATTTATTTTGGCTGGGTGAGCTTCCTTACTATGTGTTCAACATTGCTACTAAGAGAAAAGGAGTTTTTGA,"[[24798649, ""G"", [""C""]]]",yes,no,G->C,1
chr18,58351745,58352122,AAAAAGAAGCCTTCAAATAGATGTAAAGTTTCAACCATGAGTGCAATTTGGTAGTATCTTGGTCTTTGCTTTCATTTGGTTCATGAACAGAAAGTTAGGGTTTCCCTGGCTTCACAATTTCATAACTAAACAAAAGCACGTTGATGAGCCACCTGCTGAGAAGTCTGGCCACAAGTAATCCTCACACGTATAGGACTGGTCACTATCTCATAGGCATAGTACGTTTTTCAGATGTTACTAGGAGGCAGAGACATTGTGAACAGAATTTCACTTTCAGGCCCTGGGGGTTGAGGGCTTATTATAAATGGAATTAAGCAAAAGTACCAGCAGTTTACAATTCAACTGAAAGTAGAAGTCCTAGGTGTATTTAGAAGAGTG,N,no,no,N,0
chr9,80380034,80380340,TGACAGATATCATTTACAAAGCACATTTGTTTCTGAGCATCGCAGGGGACGTTATCCATGTTTCTCCTGGGGCTTAAGAAATGAAACAGATGATCAGACTCAAGAACATATGCAGAGCCCAAGAGGGAATTGGAGGAAGAAAAATAAAAAATACCAGAGGTAATAGGAGAACACTAGTTGTGGAAAAGATAAGGCCTTGAGGGGCAGCAATTTGACATCAGAATGGAAGCTGAAAGCTGAAGTTGAAGAGTCACAGGTTAATTTTGTTCGAATCTTGAAAAGTCTAAATTCAGTTTTTGGCTCTGGT,"[[80380178, ""G"", [""T""]]]",yes,no,G->T,1
chrX,64792619,64792910,AGACACTGAGAAAAGCTGCAGGTATCCTCCCAGACCTGGGACTAAGAGCAGGATGTCACTTTTAATCCAGGCACATACAAAGTCAGTTATTCTTTGGTGACCCAACAGCATGGCTGTGCCAGCATTTTAGTTTCAGGCCAAAGATTGGAGTAGGGTAGGGGCTTTCCCAGACAGAATTGTGGAAAGCACCTAAGCATTAGGTGCCAGAAATGCTCTACCCCATTGCAGAAGGTGAGAATGTGCTCTTCCCCATCCTGTCTCCCTGGGAGCCACTAAAGTCAGGGTTTCTTTT,N,no,no,N,0
chr8,89669313,89669697,AGTGAGTTAACTGACTACTTGAGGAGCCACTCCAGGATACGCCACCTGTGTGGTCCATAGATGTAACAGCTGGGCCAGGTCAGCCTACTGACAATCCACTATTGCAGCTGGCCTTAGGCTGCAGTGAGCCTCTCTCTCAAAACTGCTGGTTGTTTCCAACCATTTCCTGGAGTGAGTCCCAATGCCATGTCCAAGCATAAACTAACATGACACCCAGAAACTCTGGCTTTCCCCACCACTTCCAGGTTCCAATGAAGCAACTCCCCATGAGGTATGCAATCTGACTTCAACAGCTGCTCAGAGGAGTTTGGTCTGGTTAAGGCCCTGGAGGAAAAATATTAGCTAAGGAGGAACAGGAGATTACAAGAAGTTGTCAGATAAATTA,"[[89669353, ""C"", [""G""]]]",yes,no,C->G,1
chrX,151596379,151596592,CCCCTGAGAAGTAATCCTGTATCAAGAGAGTGAGAACTCACGACCAGGAGAATGGCACCAAGCCATTCATAACCCAAACCTTCTCACTAGGCTCCACCTTCCAGCATTGCCTCTTTTTAAGGATCAAATTTCAACATGAGTTTTGGTGGAGACAGGAAACCACAACCAAGCCATAGCAGACCTCTGTAACTTTTTGTTGCTATTGTATGTTTTA,N,no,no,N,0
chr3,180383419,180383636,ACTGATAATAGCAAAATAATTGTTTCAGCATATAAATATGCTGTTTCTGAATTATTATTTTGTGCTTGTATGAGGGATATGGGTGTGAACCTCTGCACTGAGAAAAATGCCTACTCATGATGAAAGATTAGGCAACAAAACCAAAAATAGACTGTTCAGAGAAGTGAATAGGTTGCTTTCAGTGTCAAGTTTAATTAGGAGTGATACCTTCACTAACA,N,no,no,N,0
chr5,26793473,26793681,CTATACAGTATATACATATAGTATATGATATATATACTATATATAGTATATAGTTTATGTATAGTATATGGTGTATATATACTATATAGAGTATATAGTGTATATATACTATAAAGTATATACTATATATAGTATATACTATATATAGTATATATAGTATATACTATATATAGTATATATAGTATATACTATATATAGTATATATAGTA,"[[26793514, ""C"", [""T""]]]",yes,no,C->T,1
chr16,31090557,31090982,ATTTACAGAACCAGAAGGGCAGCCTGCCCTTCCAGGTGTGTGCTCAGCCTTCCCAGGAGAGGAGGCCTGGCTCCTGTGGGCAGCAGGAGCGAGCTGCCAGCCTGTTTCCTGGGGGTGGGGGCCAATGGTGCCCCAGGCCTTGCTGACTCCACACACTGGAGATGAGACTACCCATAACCACCCTTCCCAGCAGGCCCTCCACTCTCCCTCTGACTCACCCTTCCCAGCTCCAGAGAAGGCAACACCGAGGGAGGCCCAGCACCACAGTCCATGGCAGACACATGGTTCAGACTTGGCTGATTGATCTAAGAAACTTTATTGCTCAGAACCTTCCCTCCCTGGGCAATGGAAAGAGCTTTGGAGACCAGCCCATGGGGACAGAGTCAGAGGCACTGGGTGTAAAAAAGAGCGAGCGTGTGGCACATT,N,no,no,N,0
chr15,72095605,72095833,ACAAAACGGCCTTGTGTTGGAAAAATATGTCATCTAGGACTTTCATAATTAGAAGTGAATGCCTGGCTTCAAAGCCTCAAAGAACAGGCTGCCTCTCCTGCTAGGGGCTAAGGCAGCTAATGACTAAGCTGAAACCAATGCTCATTGACCATTCTGAAAATCCTAGGGCTCTTGAGAATTAACGCTAAATCAAGGCCAGATGTGGTGGCTCACGCCTGTAATCCCAGCA,N,no,no,N,0
chr11,77967789,77968053,TGTCAAGGTAATGAAAGACAAAGAAAGGTTGAGTGACCTTTTCAGATTAAGGAAAACAAAAGAGACATGAAAACTAAATATAGTCATGCATCAATTACCAACAAGGATACATTCTGAGAAATGCATCATTAGGTGATTTCATCATTGTGCAAACATCAGAGTGTACTTACCCAAACCTAGATTGTAAAGCCTACTACACCTAGACTACATGATATAGCCTAATGCTCCTAGGCTATAAACCTGTACAACATGTTACTGTACTGAA,N,no,no,N,0
chr6,137265617,137265960,ACAAATTATGCAACTAGTTCACTTTCCAGAATCCCATAAATTAAAACTCCTATGACTTGTAAATCTTCTAGATCTTAGACCGGATTATCATAAGCCTATTCTTAACTAGAAATTTCCTGGACACATGCCAAGGAATAAAAACTCTTGGCTGGGTGCGGCGCCTTAGAAACCCTGAGAGACAAGTATTATCTTCTAATCAACAAAACTGGTAGATGATTAAATTATTGGTTCAGAGTACAGGCTTTTTGCTAGACAGAAACATCCAAAACTTAATACTTAATAAAGGAAATTAAGAACAGAGATTTTTCATAGTGGAAACCTTGTTAAGATTACCGAGGCTTACA,N,no,no,N,0
chr5,162558197,162558555,ACTCAGGAGTTCCAGACTGGCCTGGCAACATGGTGAAACTCTGTCTCTACAAAAAATACGAAAATTAGCCAGGTGTGGTGGCATATTGTGAGAATTACCATAATTGAAACAGAGACAGGAAGTGAGAAGATGCTGCTGAAAAGTGGCTTTGGTAGACTTGCTTGTCGCGGGGTCACCACACATCTTCAATTTGTAAACAATGCAATATCTGCAATACATAATAAAATGAAGTATGACCGTATGTATAGCTTGGAATGTAAAACAAAAGAGGACTAAGAAGAAATTTCTCTTGCCCAGATGTGTTGCTCCAATAAGTTATATTATTAAGTAGCTATAAATCTAAGATGTAGTAATCAATG,"[[162558210, ""G"", [""A""]]]",yes,no,G->A,1
chr6,170003805,170004096,GGAAAAAGGTTTAACTGATTCACAGTTCAGCCTGGCTGGGGAGGCCTCAGGAAACTTACAATCATGGCAGAAGGGAAAGGAAATACATCTTTCTTCACATGGCAGCAGGAAGGAGAAGTGCTAAGCACAAGAGGGGAAAGCCCCTTCTAAAACGATCAGATCTTGTGAGAACTCACTCATTGTCACAAGAAGAGAATGGAGGTAACCACCACCATGATTCAATTACCTCCCACTGGGTCTCTCCCATGACACCTGGGGATTATGGGAACTACAACTCAAGATGAGGTTTGGG,N,no,no,N,0
chr3,81550502,81550897,CTCCATTTTGAATAGGGACTAGGTAAAATAAGACTGAGACCTACTGGGCTGCTTTCCCAGATGACTAGGCATTCTAAGTCACAGAATGAGACAGAGGTTGGCACAAGACACAGGTCATGAAGACCTTGCTGATAAAACAGGATGCAGGAAAGAAGCCAGCTAAAACCCACCAAAACCAACATGGCAATGAGAGTGACCTCTGGTCATCCTCATTGCTATACGCCCACCATCACCATGACAGTCTACAAATGCCATGGCAACGTCAGGAAGTTACTCTATGTGGTCTTAAAAGAGGAGGTATGAATAATCCACCCCTTGTTTAGCAAATAATCAAGAAATAACCATAAAAATGAACAACCAGCAGCCCTTGGGGCTGCTCTGTCTATGGAGTAGCCA,"[[81550554, ""A"", [""T""]]]",yes,no,A->T,1
chr14,90263741,90264064,ATGCCATCGTGTCTACATCTGTGGGCTCAGAACACTACGTCAGCATTCTTTCATTTGTAGACAAGGATCTGCTGGAACCTGGCTGCTCGGTCCTGCTCAACCACAAGGTGAGGTGATAGTCTTTTTCAGAAAGCCCACGGAAGTGCTTTCTCTTCTCACTTAGGTTCATCTTCCTGTCCTGTGGAAGTAGATCACCAAAGCACTCCTCAGGCAGAAGGATGCCATGACTGGCATTGCTTTGCTGTAAACAGATCCAGCAAACCTCACGTTCCTGTGTTAAACCTTGATGTTTCCTGTTAGGTGCATGCCGTGATAGGGGTGCTG,"[[90263920, ""C"", [""T""]]]",yes,no,C->T,1
chr18,42839173,42839382,CCATGTCTGACTTCAGCTGACCTCCATTAGAGGGCCATTTTTTAGGATCAATACCCCTAATGCATAACTATAGACACCCACCAATCAATGGGAAGTGATAAAAGAAGCAGAATCAATAAACATTAGAAGAGCTAGAGAAAGTGAAGAAAGAAAAAAAATACAATGAGAATACTGGACTTTGCTGAAATGAGAGGTATGGGAATTTCTTGA,N,no,no,N,0
chr4,68070326,68070657,GCTCCAGTATAATCTGAGGCAGCAACCTCCAATTCCCATCACAATTGGTGTTTACCAACCTATATGGTTTAGGCATATTCCTAATGGCCAGTCAGAAATGGTAGCTCTATGGAGCTAAATGCATCACAGACCCCTGAGGGCCCAATTTCAAGGCCCTGATCTAACAGACTAGGAATTTAGTCAATGCAGGTTGATAACCTTGTCTCCCTGAGGATTCTCTCTTGTGAATGGCTTGGATGGTTGTGGCTCAGGCAGCAGGCACTAGAGGCATGAAGTTCTTTCACATACAACCAGTCCAGAGACTCCAGCCATACACAAACTTTCACTTCATT,"[[68070369, ""G"", [""A""]]]",yes,no,G->A,1
chr16,5156479,5156782,GGATGCTGGCACCAAGCAAGCCTTCACTATCCTGCTTAAAGTGCCATTTGGAAAGGGGCTCTGGAGGGCGAGGGGCCACATGGAGGAAAACAAGGCTCCCCGGCTGACAGCCAGCACCAACTGCCAGGCACATGTGTCAGGCTGTCCTGGGTGTTCCGCCCAGCTGGCCCTCCAGCTGCAGGTAGCCACACAAATGAGCCCAGGTTAAACCAGCCAGGAATTCCCCATGCAACTCACAGGGTCATGAGCAATAATGACTTTTGGTGGTTTAAAGTTTCTAATTTTAGGTGCAATAGGTAACTGA,"[[5156503, ""G"", [""C""]]]",yes,no,G->C,1
chrX,85108087,85108511,TGGTTGTTTCATGTCCACTTGGTTCATTTCATATAGGCTTGCACTCCATTGGTTCATGTCCATTTGGTTCATACCAAGTAAGCTTGGGCTTGGCTGGATTATACCTGTTTGGTTGGAATCTGATAAACTTGATTGGTTTGCGTCTGGTTGGCTCATGTCTGTTTGGTTCTTACATGATTGGCTAGTGTCTGGTTGCCTTATGCCTGGTTGGCTGGGGACTTGCTGGCTCATGCCTGGTTGACTCATGTCTGGGTGGCTTGGGACTTGCTGGCTGATGCCTGGTTGTTGCACGCCTGGTTGCCACATGCCTGGTGGACTCATGTTTGGTTGCCTCAGGACTGGTTGGCTCAGTCCTGTTTGCCATGTGCCTGGTTGGCTCATGCCTATTTGGCTTGTGCCTAATTGGCTGGTGCCTACTTGTCTCA,N,no,no,N,0
chr16,48822547,48822800,AAAATAATGCTGCTGTGAACGTTCGTGTACAAATGTCTGTGTGACCATATGTGTTCATCGCTCTTGAGCAGGAGTGGAATTGCTGGGCCAGATGGTAACTGTATGCTTATGCTTTTGAGGAACTAACTGTTCTCCAAAATGGTTGCACCATTTCATATCTCTACCAGTGGTGTATGAGCATTTCGATTTCTTTACATCCTCACTAAGACTTGTTATTTTTGTCTTTTCGATTACAGCCATTCTAGCTGGTATGA,N,no,no,N,0
chr16,32180457,32180702,CGCTGCTGTTACCACCAAATACACCCACGCCAGAGAAAAACACTGCCGTGGACACACACACTGGTCTTGCGTAAAAAATAACTAGACTTGAGTACCACCTAAACACAACGTTCCATCATGACACTCACGTGCATGTTGCCCTCGGAGGGGGGCGTATCCTTACCGCAAATGATGCTCTGGAACGTTTGCAGCAAGGACAAAAGCAAGGTGCTGGTGCCCTGGGCAGAACGCTCATTGTCAGTTTCC,N,no,no,N,0
chr7,24538911,24539326,CTTACACAAAATAGAATGCCAATAAATACTTGTTGAGCTAACTAAAGACTGGAATTAAGAAAAAATGTATTTAGGCCACTCAGAGAAATTAGTCATCTCTTTTTCTAATACTAACCTAATTTTACATTTGCCTAGGGTTGGTCATTCTTGGGAATGTTGTCACACATTCTCTAGGACTTAGCACTGGGGTCCTGTTCAACTTCTTTAGAAGTCAACAGAGAAGCCCCAGAATTTTCAGCATACCAACACCCACAAACTCTGCCATCCACTGCCCACCCTACTCACTGAGCCTCAGAAAATTTATTTGGTACTCCATTTGTTTGCTTTTGTGACATTTGTCCTAGAAACTTAAAAAGTATCTTTGTTCATGTTTTTATTGAATTTCAAATTTCAAATGTTTGGAATGAGGAAAAATA,"[[24538952, ""T"", [""C""]]]",yes,no,T->C,1
chr2,23207784,23208175,TCCCTAGCATCTAGGGCAGTACCTGGCACATAGTAGGTGCTCAGTAAACATTTGTTGAATGAAGGGCTGAATGAACACAAGGACATGAGTACTTGTGAGCCGGAAGTGTAAGACCCAGTTAACTGCTCAAAAAGCCAGATCCAGTCTCTCTGCAGCTTAGGATGATGCTGAGAATGAATCAGAGGAAGGATGAAGTCAGTTTGGAAGAGAATCTCTGAGCTGAGTAATTGTTCTCCACCCCTGCCTCATCTCAATTTAGACCCAACACTGAAAATTCATTCTGAAAACATCCTCTTTAGTCGCTCAATCATTTATTTCCTCTGAACGCCAACTTGTCTGGGGACCAAAGTCCACAGCTCTTGCAAGTAGAAGCTGTGCCAAGCAGAAGAAAA,N,no,no,N,0
chr3,48796049,48796435,TAAGAAAACTGTTTTACCAAGAATGAACTAGTTGTGATTACTGTTTCTCAGAATGAAGCAAACCTACTGCCTCTTCACAATACAGGCCATTACAGCTGGGAAAAGTTTTCTTCTAATAAATCATCAGTGATCTTTAACAGCTGTGTGACCAGAGGTAATTTATTGCCTATGTCCACCCTTCCTCTGCATAATGGCATGAACAGTGGTGACTTCTCTCTGAAGACTGTTGTAAGGATTCAAGTAGACAGGTGTCAGGCACTGTAAGGAGGCAACTTGAACTATTACCATTATTATCTTGGTTCCATTTGTTCTGGGTTTTAGAAGAATTATTGTTATGTTGGTTCTGTTCTCTATTTCAGCTCCTTTAACAACTGTCCTTTCTTCCCA,"[[48796182, ""G"", [""T""]], [48796308, ""A"", [""T""]]]",yes,yes,A->T,2
chr2,124302000,124302257,GATGTCTTTGTTAGAAGAGGAAAAGACCCTAAGATGGCATACACAGAGGAAAGGCCTTGTGAGAATGCAGTGAGAAGGCAACTGTCTGTAAGCCATGTAGTGAGGCTGCAACAGAAACTAAAACAGCTAGAACTTTGATCTGAGATTTCCAGTCTCCAGAACTGAGAAAACAAACTTCTATTGTTTAAGCCACATGGTCTATATTTGGTTATAGAAATTCTAGACAACTGTTACACAGACTATATACTGTTAAGAATA,"[[124302011, ""A"", [""T""]]]",yes,no,A->T,1
chr2,102915126,102915543,CCTTCAATCCAATCAAGTTGACACTCAGTACTAACCATCAAAATGTGCTACAGTAACAAATAGCCCTCACATTTCTTGTGCCTTAATCCAACAAAAGATGATATTTCACTTACACAGCATATGCATTGTGAGTCAGCTAGGGGCTGAGCTTTTTGGAGTCAGTAGGACCCAGGTGACTCCTCCATATTTCCTCCCAGGATTATTACAGCATAGGGATGGGAATGTGCTGAATCATACCGCAGAGTCATGGCTTACTTCACAGTAGGCAGGAAAGAGAAATCCTATGATATGCCTGGAAGGCAGAGAGCTGGACATTATTTTGTTAATAGCTCTTCCTCGACTTTTCTTTTTCTTTTTTTTTTTTTTTTTTTACTAATATCTCATGATGAGTTTTATTTTGTAACTGTAAAGATAGTAC,"[[102915156, ""T"", [""C""]]]",yes,no,T->C,1
chrX,30791556,30792031,CTTGGCTTGTGCCTTGCCCTGCCTTGCCTAGCCTTGTAAACAGCCTTGCCTTGTAAATTGCCTTGCCTTGCCATGCCTTGTCTTGCCTTGTGCCTTGCCTTGCCTTGTCCCTTGCCTTGCTTTGTTCCTTGCCTTGTTCTGTGCCTTATCTTACCTTGCCTTGTGCCTTGCTTTGGCTTGCCTTGTCTTGGGACTTGCCTGGCTGTGCCTTGCTTTCTGACTTGCCTTGACTTGCCTTGCCTTGCATTTTGCTTTGCCTTGCCATTCTCCTGTGCCTTGCCTTGCCTTTTGCCTTTACTTGCCTTGCTTTGTTCCTTGCTTTGTCTTGCATTGCCCGGTGCCTTGACTTGCCTTGTGCCTTGCCTTCCCTTTGCTTGCCTTTTGCTTGCCTTGCCTTGTGCCTTGCCTTTCCTTGGCCTTGCCTGGTCTTGCTTTGCCTTGCCTTGCCTTGCACCTTGCCTTGTGCCTTGGCTTGC,N,no,no,N,0
chr21,21667611,21668014,TGCAACTCAAGTATCTGAAATAAAATTTGAAATTAAAAAAATTGAACCATTGTTATGCCAGAAAACATAAAAGAAATACTCATCAGGAATAGTATGTTCAAATGTTTGATCTAATCAGAGATCCAAGGAAGGCAAATAAAATAACGATGAAATAAAACAACAAAATAAATTCCTCCTGTTTGTTTCGAAAATAGATTGTCCCTTCAACTTGTGGTTAAAGTTTAAATTGGTACAAACTTTATGACGAGAAATTAGCTGAAAAATGCTTACATTGCACTGAATCAGCCAGTTTGAGAGATCTTAGAAAGCCTTGGCTACCAGAATGATAATTACAATGTATGAAATGAAAAAAATTGCTAAGCAGTTAACATTTAGTAGAAAGTCATTGATTAAGTAATCTATTA,"[[21667615, ""C"", [""A""]]]",yes,no,C->A,1
chr11,13651556,13651910,CAGACCAGGAGATTCCCTCCCATGCCTGGCTTGGCAAGTCTTACGCCCATGGAGGCTTGCTCGCTGCTAGCATCGCAGTCTGAGATCAACCTGGGATGGTGGGGCCTGGCTGGGGGAGGGGTGTCTGCCATTGCTGAGGATTGAGTAAGTGGTTCTATGCTCACAGTGTAAACAAAGCAGCAGGGAAACTTGAACTGGGCAGAGCCCACCGCAGCTCAGCAAGGCCTACTGCCTTTCTAGATTCCACCTCTGGGGGAAGGGCATATGTGAACAAAAGGCAGCAGACAGCTTCTGCAGACTTAAACGTCCCTGCCTGACAGCTCTGAAGAGAGCAGTGGTTCTCCCAGCACAGCCT,"[[13651587, ""C"", [""T""]]]",yes,no,C->T,1
chr14,42424507,42424824,TTAATATTAAGAAGTCTTATTGATTGTTTCCTATATCAAGACACTTTTTTAAACATTTTGTATGCACTGACTCATAGAAACCTCATTATACCTTAAACAACAGGGACAATTATTTTCCTTATCTATATGGAGAAATTTAGTCATGGAACAGCTTAGGTTATTGCTCAGAATCACACAACTGGTGGATCTGGAATGCAGCTCAGGCATTCTGGTTGCTGAGCAAGGGCCCTTAACTTCTGTGATAAATTTCCTCTCCTTACCAATGTATTGCAAAATATTGTTCTGTGTGAAGCTCCTCTGACTTATTCACAATGTGCA,N,no,no,N,0
chr8,68935126,68935549,TAGAATTCACATCATTTAATTTCTGTACTTTGAATACATTTGCAAAAACCGTAAACTTAAGCCTGCTGAAATTTATTTAAGGTCAGTCAACATTTATTGATTCTCAGCTGTGTATGTAGATGTCTTAATGTTGGCATCAAGTTTACACAATCCTGACATATCTCTGAGACACGTGAAACAGCCGAAGGGCATATATTCTGAGCAATAAATTGAAAATGTAAGCTAATATTGTAGCTGAGAAACTGAGCCCTTATGTGCTGAGGAGCATACAGCAGAAAAATGATGAGACAGCTAATGAAGTCACCTTTGAAATGTTTGATGAAGGTAATGAATGCAGCTTTGAAATTTTTTTGGATCATATTTCTCTGTACATGAAATTAATAAACAGTGGGAATTTTCTGTTTATCAAGTACGTTTAACATCA,"[[68935157, ""A"", [""G""]]]",yes,no,A->G,1
chr8,82227939,82228169,GGGCTCAGCATACATCACCCTGGGGCCTAAGAACAGGCACCTCAGACCATCACTGCTACCACTAGGGCCTGAAGACTAGTCCAGCTGGTACCTTAGTTCTCAGGAAAATGTCACCACATCCTCCACTAAAAACCACATCCTAACCCACTTAGGAAAGCACAGATACCACTGATGCTATTTATAGCTCAATAAATCATATAATGACTACACTATTGCACACACCCGGAATCA,N,no,no,N,0
chr1,169904849,169905156,CTTTCTTAACTATTTCACTCCATTTCTGGAGTTTGTATGAACCCTCCAAACTTGTGCGGTTCTCCTTTTCAAAATCACCAAATTAAAACTGATGCCTTTGCAGAGAGTAGCAGGTGGTTGCCAGAAGCTGTGGGGTGGGGGAAATTGGGAGATGCTGGACAAAGGGTATAGACTTTCAGTTTAAGATGACTAAGCTCTGGGGATCTAACATACAACACACTGATTACACTTACTAATACTGCATTGTATACTTGACATTTGGAGACAGTGGATTTTAAGTGGCTTCCCCCTTCCTCACCCCACATACA,"[[169904905, ""T"", [""C""]]]",yes,no,T->C,1
chr21,41578208,41578422,TGTCTTTCTCATCTTTAGTCTCTGCTTGCTTAAATCTGGCTATTTTCTTGTGGTCTATCTTCCAGTTTAATAATTCTCTCTTCAGCTGTTTCCATTCTGTTGTAAAACATGCTCCTTGCATTTTTAATTTGTTATTGTATTTTTCAGTTCTAGAATTTCTTTTTTTCCCCCAAAGCCGCTTTAACTTCCACAGATGAATATGTTTGGTATTCTAT,"[[41578384, ""T"", [""C""]], [41578388, ""C"", [""T""]]]",yes,yes,C->T,2
chr20,53097377,53097720,CAGATGACTGTTATTAGCAACTCTGATTTCCTGATGCAGAGATGGAGAAAGCATTCCCATCTCCTTTGGCCTTTATGTCTCAGAAATGCTGTCTCAAGACTCCTAGATCACACTTGTTCTATTTCCAGTTTCAATCTGGCCCAGGGGATCCATGCAGCACATCCAGTTAGTTACTTAAAATGTGTCTTAATATTTGGCAACCAGATGGAAAATCATTGCTCCAAACCTTGGCCTGCATGTTCTAATGAAAATGCTTGTTAGATTTAATGAAAACCAGATGTGAGGACGATCTGGCTGTGACATCTGTCACCCCATTGATTGCCAGGGTTGATTTGGCTGATCTG,"[[53097422, ""G"", [""A""]], [53097536, ""A"", [""C""]]]",yes,yes,A->C,2
chr9,103167577,103167915,ATAGCTTTTATATTTGCCCTTTTGAGGTTATTTTCTAGATCCTGTGGGTGCGTTTCATTTCTTTTTATTTTTTTCTTGTCTCATCTGACTGTATATTTTCAAATAGTCTATCTTCAAGCTCACAAATTCGTTATGTGGCTTGATCTATTCTGCTATTAAAGCACTCTAATGCATTCTTTAGTATGCCAATTGCATTTTTCATCTCCAGAATTTCTTGCTTGATTTTTTAAAATTATTTCGATCTCTTTGTCAAATATGTCTAATAGAATTCAGAATCCCTTTCCTGTGTTATTTTAATTTTTTTTTAGTTTTCTAGAAATAGTTGTTTTGAATTGTCTG,N,no,no,N,0
chr11,33405906,33406148,TCTTGTTATCCCCATTTTTAGAAGAGGAAGGCTCTATGTTAATGGGCTTGTGGACCTGGTCTACTATAGGAAGGTTAATGGGTTCTCCAAGTAAGGCCATTCATTATTACCCATGTGTATGTATCACTTCCTTGAATGATTCTGGCAGTTGGAGCAAGGCTCACTCATTACTACAACAGTCAAAGAATGAAAAATGGCCACTGTGATGAGCCTCCCTTTTTTACTCTAGTAACACAATTACAA,"[[33406063, ""A"", [""G""]], [33406067, ""A"", [""C""]]]",yes,yes,A->C,2
chr21,32119849,32120160,TCAAAATTATTTTCTTAGCCCCGACACTAACACTTTTTGCTCCAATAATTCTTAAAGCTAGAGACGCACCTCATTTTTGTGTCTGGAGAAAAGCAAGCACATGGATTTGGGAATCAGAAAACCCAGATGATGGGAAAACTTTCCCAGTCCCCAACTGTATGATGTTGAGTGAGTCACCCAACCTAATTGAGTTTCAGATTCTTCAGCTGGGAAACAGCAATTGTAATAATAATAGCTATGTCACAGGCTGATATTACATGTAGCAAAGGAATAATTTAAATCAAAAATAAAAACATTAAATGTCTTCCAACT,"[[32119870, ""T"", [""C""]]]",yes,no,T->C,1
chr1,71572200,71572510,CTTTTTCTTAATCACAACTACAGAAATTACCCATTAGTCTTGCAACACATAGCAAGTCTAAACAAAGGCAGAAAGCAGGCTGTTGAGATTCTGGGAAATTCTAATTCCTCCTAGGGAAGAGGACAAGTAAACAGCTGAAACGTAAGGCTCTGTTCAGATCAAGACCACGTCATTATCATCTGTTTCACAGGGCTTCTATTTCTAAAGTGAGCACAAACTCTTAACACATACTTATTTTCAGTATTCTGAACAGAAAATAATATGCTCAACAACAGTACCCTGCACATTAACTCTTCTCACTATTGAGAAAA,N,no,no,N,0
chr5,89241260,89241541,TTGTATGATTAAACTGGCCCTTCTTTTAAAATTATTTGTTCATTTTATCTTTCCCCTCTCTTAACATACACTACTAGTTCTTCATGAATGTGTTCTAATTTATATGTGGTTTGGAAATGTTCCTAAGAATTACTCATGTGCATGTTGTGTGGCAGCAACTGAGTTATAAACTATACTTGTAAAGGACTTTATCTCTCCTATATTCCAAATGTAACACAGAATGTCCAGCACAGGTTCTTATCATACAATAGGTATTCTAGAAAGTCTATTGACTGTGTGACA,"[[89241309, ""C"", [""T""]]]",yes,no,C->T,1
chr15,62573985,62574368,AAAGATGCAGCCCTTCCTGGGTGTCCCATCTTTGGTGTAGGGTTAAGGAAGGAGCCTTGGGACCAAATGAAGTGACTGCCAGTGCAAGTCATCTGAGGCTTTAAGCTGCTTAACTCTCAACTCCTCGGTATTTTAGGTACCATCTGTCTTCCCATCTCAATTATGAATTCTCCAGGGACTGTCACTTCATTTTTTTTTTTGTCTCTTAGGATGCTTTGTGCATAGCTGATGCTTAGTAATGGGCTCTTATTCATCTAGAAATTTTTTTTGCCTTTAACTTCAACCTGGAAGGCTTTTAAAAAACATGATTAGCCAGGCGCGGTGGCTCAGCCTGTAATTCCAGTGCTTTGGGAGGCTGAGGTGAGAGGATCACATGTGGCCAGG,"[[62574022, ""C"", [""T""]]]",yes,no,C->T,1
chr2,140093927,140094329,TCATTGCTACTCTATTTCAGATAAACTAAGGAGCACAGATTCTTATTCATCCAACAAAAATTATTGAGAATTCTCGTTGTGCCATGATTAAAAGTGCTTATAAGAGATACAAAGAGGTGAAAGGTCTGTTTTCTAACCCCTCAATTGGACTCTCAGAGGCTAATACAGCAGAAGAGATAATCTGCACCATTATAGCAGAGTACCTCTTGCTTTATCTACATATGTGGCTTTTCTCTGAGTGCATGCAGCTAATGCTACTTAATACCCGAGGGAAAGAAAAACAGAATGAAAAATCTATATTAATTCTTAATACGAGTAAACTCAGCTGGCTCAATTATAATTCACTAATTATTTTGAACAAATATAAAATAACAGGAAATGCAATAAAAGTAAAGCATAAAGG,"[[140093996, ""G"", [""A""]]]",yes,no,G->A,1
chr18,11237041,11237340,TCTTCTGGTCCTCAATCGAATGGGCTTCAGCTCCCTACCAGCCATAAAATTAAACAAGCCAATTACATCTTCCCATGGGAACCAGGGGTCACCTCACCCTCCTGGTATACATGGCTCTGCTTCCCACAGCCCCTCTGGCTTCCTCTGCCCCTGAGTGCAGCTCTCATGTGGCCCATCACAGTGTGTGATGCCTTCCTGCCCTGGCTGTGAGCATGTATGACTAATAAACTGATGTGCAGCCCATCTGCCCAGTGTTAAGTGTTCTGTGTTTGGCCGCCTTTTGTGCTATTTAAAGTGGGG,N,no,no,N,0
chr1,731209,731478,TACTGCCATACTGCCTCCTCCAACTCTTGGCCTCAAGCAATCCTCCTCTCTTAGCCTCCCAAAGTGCTAAGATTATAGCTGGGAGGCACCCAAAACCCTGTCAATTTACATCAAGGGTAAGGAGAATGTCCATTCACCATGACTCACAGTAATCTTACTTCTGGGGAGACAATTCAATCTAAGCAAAAGGTCATCTGTACACACACAGTAAAAATCTGGGAGTAACTGAAGACAGAGTTGGTAAGTGAAATAAGAAACAGTTATAAGAAA,N,no,no,N,0
chr21,39412003,39412274,GTGATCGGGACAGTATTTTTGAAGAGCCTTGCAGGTCAGCTTGTCCACTGTTTTCCTTCTGTCCTGTGGGCCTTGAAGTTTATGAAATATTCTTCTGTACTGTGCATTACAGTAGCCACTAACTATATGTTGTGATTTCATTTAAATGAAAGTAAAACTAAAATTTAGGTCGTCAGCCACACTATTTGTATTTCCAATAGGCGGTCAGCAGCTGTGTGTGACTAGTGACTACAGTATTGGATGGCACAGGTGAACATTTCCACCATCTAATA,N,no,no,N,0
chr4,79927972,79928361,CATAGAATTACTACATGATCCAGTAATCCCACTTCTGTGTATACACCTAAAAGAGCTGAAAGCAGGGACTCAAACAGATATTTGTACACCCATATTCATAGAAGCATTACTCATAACTGCCAAAAAGTAGAAACAATTCAAGTGTCTCTCCATGGACTAATAGATAAAATGTGTCATATACATACAATGAAGTATTATTCAGTCTGAAAAAGAAACGAAATTTAGATACATGTTACAACATGAATGAACCATAAGGCACTATGGCAGGTGAAATAAGCCAGACACAAAAGGACAAATATTGTATGATCCCACTTATATGTGTTGCCTAAAACATTCAAATTCATAGAGACAGAATAAAATAGTGGTTACTGGGAATTAGGGGAAGGACAG,N,no,no,N,0
chr5,41641613,41641931,TAGTAAAACCATCTTGGATCCTCTAGCAATAAGTAGAAGACCGTCTCAATGATTACTTCCAAAACTCTATTCTTTAATGGGTATGGAATATTTATTTACTTCAGCTTAACTGTTTTAATAAAGGGTTTTATCTTTTTTTTTTTTCCTTTAGAACTGCTCATGGTCTACTCATAAATGTGACTCTTGTCAGAAATCAAGCTATACTATGACATCTGGTGGTCACATACCTAAATTGAATGTTCTATATTTTGGAGAAATGAATGTTATTCCACAAACTTAAATAATAGAATGGTAAAAGAAGTAATAGAAAATACCATTA,"[[41641620, ""G"", [""A""]]]",yes,no,G->A,1
chr8,126796058,126796477,TGAAAAGGGATAGTGCTGGGAGCCCAAGACACACATTTTACACATTACATAAATTCTGAGAGCCTCAAATTTCTCACCTGTGAAATGCCTGTGGTAATAGTAACAGTCACTTCATACTGTTTCTATGGTGAGTAAATAAGCTGAAATATGAAGTCATCTAGGAGGATGTTAGGCACCAACAGGTGTGTATGAGTCAGAATTCTCCAAAGAAACAGAACCAATAGATATATATGGAAAGGAGATCTATTGGGGGTATTGGCTCACACAATCAGAGGTAAAGTCATAGAGATGATAGGCTGTCTGCAAGATGGAGAACCAGAGAGGCCAGTAGTGTGGCTCCCAGGAAAGCCTGTACCATGGCTCAGGGCAAGTCCAAAACCTCAGAACTGGGGAAGTTGACAGTGGAGTCCTAGTGTGAGG,N,no,no,N,0
chr2,202325275,202325530,GGTCTAGATTAAAAGTGACTAAAGAGATAATAATGAAATACAGTGGCCCGGTGCAGTGACTCATGACTGTAATCCCAGCACTTTGGTAGTCCGAGGAGGGAGGATCATGAGGTCAGGAGATCGAGGCCATCCTGACCAACATGGTGAAACCCCAACTCTACTAAAAATACAAAAATTAGCCTGGCGTGATGGCACGCACCTGTGGTCCCAGCTACTCAGGAGGCTGAGGCAGGAGAATCACTTGAACCCGGGAGGC,"[[202325323, ""T"", [""C""]]]",yes,no,T->C,1
chr2,203418264,203418562,ACCTAACAAGTTATTCCAAAAATTTAGTGGCTTAAACAAAACATCCATTATCTCCCAGTTTCTCTGCGTGGCTCAGCTGGGCCCTCTGGTTCAGGGACTCTTCACACGGCTGCAATCAAGGTATCAGCTGAGGCTGCAGTGATCTCAGGGCTTGACTGAGGGAGACTGCTTTCAGGCTCACTCGTGGTTATTGGCAGGATTTAGTTCCTTGTGGGTTGTTGGCCTGACGGCCTCGGCTTCTTCATTGGCTGTTGGCCAGAGGCTGCCCACAATTCTGGATCACATAGGCTTCTCCGTAG,N,no,no,N,0
chr2,185771578,185771783,GAGGATCAGTTTCCTGGGTCTGGCCCCTAAAACCATTGTTTCCTCCTAGGCCTCTGGGCCTGTGATGGGAGGGGCTTTCCCAAAGACTTCTGAAATGCCTTTGAGGGCTTTTTTTCCATTGTCTTGGTTGTTAACACTTGGCCCCCTTTTAGTCATGCTAATCTCTCTAGTAAGTGATTGCTCCACAACCTGCTTGTATTTCTGTC,"[[185771615, ""C"", [""G""]]]",yes,no,C->G,1
chr10,123205007,123205364,TCTTGGTGTGCGGTCCCTGGAGCAAGTGCAAGGAATAAGACAAAGATATCAGTGACTGTGTCTCCGATGGACAGTGACGCTAGTCTTTTGTAAGAGCTACGATGGGACAACATGGGGATGCATGAGAGCTCTCTCATGAGCAGCAGACAAAAACTGTTTTCAGAGCAGGGAAATCTATATTGGCATTTGGCACAACATTTGAATTATTTGATGAACTAGATAAGGTCTGACATCCTTTTGGTCAGGTTGTTTGCCCAAGGTTTATACATGGGAACAGTCCAGTTAGACAAGTAGACTGAAGGGAAGTGGGATGAAGTTCAGAAGTGGGGTCTGGGTGGTTTGAGTTCTGCAACTTGAT,"[[123205053, ""C"", [""T""]]]",yes,no,C->T,1
chr18,44491366,44491856,GCATCCATTGGTGATTCTTGCCTAAATCAGTTATTTCTTTAAAGTTTGCTGAACGTTGATTTTCTAAATCTATTGTTTCTTCAACTATGTTAACTGGTACTCTTCTACAAAACAAAAATCCTTTATCAACTGTTATATATTGACTTTTTGTGTTTCCCGCAAAGATGTATATGTTGAACTCCTAGCCAGCAGTGTGATAGTATTTGGAAATGGGGCCTTTGGGAGATAATTAGGGTTAAGTGAGATCATGAGGATGCAGTTGTCATGATGGGATTAGTGCCCTAATAAGAGGCAGCAGAGAAAACTCTTTCTCTCTCTTTTGTCTTTACAATCAATTATAGGTATTTTTTTTTGTATGCAACTTTTTACATTCAAATTTGCCCATATTGGTCAATGAAAGCCTCTGCAAACTGGCATCTTATTTCTCTTGATATTCCTACCTTAGACTCTGGATGCATCGTTGCTTTCTGGCACAAGAAGATGCTCCAAAC,"[[44491509, ""T"", [""C""]], [44491625, ""C"", [""T""]]]",yes,yes,T->C,2
chr14,101992720,101993050,CCCTGCTGACTAGGGGGCTTCTCTGTCCTTGTCTCACCTCTTAACTGCAAGACTTGATGGAGGCTCCCTCCTGCGTGATGCTCTGGACTCTTCAGAACACCGTGCCTCCTGGTTCTCCTCCCACCTCAGTGGCTGGTCTCCTTTCTCGGTTCCTCTTTTGCCTTCCCCTTAAACTCCCTCTAAATGTTCTGTTCCCTCTCCACTCCTGTGCACTCTCATTGTGGTCTCATCTAGTCTTGTTGACTTTAAATGCCACCTGCAGGCTGACAGCTCTGTGTTCGTATCTCCAGCTGACCTTTCTCCCTACTCCAGGCTTGTCTGGGCAGCTACT,N,no,no,N,0
chr9,75419430,75419667,TAATCCCAGCACTTTGGGAAGCCAAGATGGGCGGATCATGAGGTCAGGAGATGGAGACCATCCTGGCTAATACGGTGAAACCTCATCTCTACTAAAAATACAAAAAATTAGCTGGGCGTATTAGTGGGCGCCTGTAGTCCCAGTTACTTGGCAGGCTGAGGCAGGAGAATGGCATGAACCCGGGAGGTGGAGCTTGCAGTGAGCCGAGATGGCGCCACTGCACTCCAGCCTGGGAGAC,"[[75419449, ""G"", [""A""]]]",yes,no,G->A,1
chr18,58325483,58325821,TTGTTTTCTTCTTCACCTTTCTCTCCCAACTGACCCAGAACAGAACCGGCAAGCAAATTGGCTTTGCAATTTTCTGTTTTCTCTAAGTTTTTGGATGTTTACTCTCTTCAATGCATTGATTTGGAAACCTCAAAAATTTTTTTTTCTTTAAGGAAATTTGAGCCCCTTAATATAATCAGAAACACATGGGAGAGTTGCAAAATCAGAATTAGTAATTACTGTGTATTTTAATCCCTCACCAGCCTCAGGGATGCAGTAAACCAATTCCTGTTTTGTTCCCTCAGCAATTTGTGGTTTGATTGATAGCAAATAAACACTGGTTAAAACTCATGGACTTTA,N,no,no,N,0
chr5,33125412,33125681,CACAAAAAACCCTTCAAAAAATCAATGAATCCAGGAGCTGGTTTTTTGAAAGGATCAACAAAATTGATAGACCGCTAGCAAGACTAATAAAGAAAAAAAGAGAGAAGAATCAAATAGACACAATAAAAAATGATAAAGGGGATATCACCACTGATCCCACAGAAATACCATAAGAGAATACTACAAACACCTCTACACAAATAAACTAGAAAATCTAGAAGAAATAGATACATTCCTCGACACATACACTCTCCCAAGACTAAACCAGGA,"[[33125608, ""G"", [""A""]]]",yes,no,G->A,1
chr1,37621546,37621850,CCTCGAGATGCTGGGCTTGTGTAACAGCCCTTCCCTGGGAGAGGGACCACAGGAGGAGGAGGGGGTTCGGGTGGGAAAATGACGAGTAGCTAAGTATTAGACATGTTGAGTTTGCGGTTCCTGTGGAACATCCAGGGAATGATGTCTATTAGGCAATTGAACACATGGGTCTGGAACTCAAGAGAACTATTTTGGCTGGAGATTGAGACGCTGAGTTCTTTTTTCTTTTTTCTTTTTTCTTTTTTTTCTTTTAAGAGTTTTTTTTTTTTTTTAAGAGATGAGATCTCACTGTGTTGCCCAGGCTA,N,no,no,N,0
chr3,178546127,178546481,GGTTTAGATAACATATACCCAAATATGAGAAAATTTTTGTAGATATAGAAAATATAACAATAGAACTGGTACAAAGAAAACTGGCTAGAGAATGTCTATAACAATCTGCTTCTCAGTCTTCTAGGTCTATTTCCCCATTGACACGTGGATTTAGTGTTTGCTGAACTGAAAGTGAAAAAAACTGGTATAAAGAAAACAAATGTGCTCTGATTTACATGCCTAAATGAAGAAAGCTATCTTTTTTCATATAAGCATATAAAGTTGTAATTTTGATTTCAGGCACATGATGGTGTTTAAGTACATTTATTGCAGCTTGTATTCTAGTGAGAAGTAATAAGAAAATTAATAAACAAGA,N,no,no,N,0
chr5,179609357,179609751,CATTCTTCCCGTCCTGTAGCACCACTGCCGGAACTGTGGCCACATCTTCTGCAACACCTGCTCCAGCAACGAGCTGGCCCTGCCCTCCTACCCCAAGCCGGTGCGAGTGTGCGACAGCTGCCACACCCTGCTCCTGCAGCGCTGCTCCTCCACGGCCTCCTGAACGTCCGTCCTCAGGAGCACAGCCTCACGGACAGTGCCAAACCCTGTGGGTCTCCAGGGGCTTGGGAAATGTGTTCTTTCCCAAGAGTATCAAAGGAAAGAATCAAATTTCTTGCCCGGTCACTGGCACTCCAGAAGACAGCGTGCCGGAACCGGCAGCTCTCACCTTTCTGTGACTTGTTCGGAATTAACTCCTCTGGATGGAAACTTCCATCTTTCTTGGTTACATCACG,"[[179609358, ""C"", [""A""]], [179609736, ""A"", [""T""]]]",yes,yes,A->T,2
chr15,94023500,94023997,ATCATAGGACACATCCCCCATATTGTGGGGAATTTGCATCCCATGCTTTAATTACCCTTTGGTTTCTGAAGAGGTAAGGGCTGAATTCAGCAGTCCTTTCCTAACAGGCCTGTGGTTCAGGCCTGGCTTGGAAAGGGCCCCAGGGGCTGGCAGGCACTCCAGGCAAATTTTCCAGCAGCAGCACGGCCCCATTTGCCTCCTTCAACAGGTCTTCAGTTGGCTGTATTAGTTCATCGGCTTCAGACTTTGAATTGGCACAAATGCATTGTGTGGATGGGGCAGTCGCATTGACTGGCCTGGAACTAATTAAAAACTGGAATATTTTAGATCACTAGGAAGAGAGCATGGCCAGATTTGCAGGGATGGTGCAAGTGAACTGAAAGAGCAAATTAACCCAGCCCCTTGAGAAAGATTCCTGCTGCCCGACCTTAGGTAGCCTCAGCTGGGCTTGGGCATATCCTGGTGTGAGATGACCCCTGCAAACCTGACAGGTACTCA,"[[94023586, ""C"", [""T""]], [94023960, ""C"", [""T""]]]",yes,yes,C->T,2
chr20,58810462,58810754,TGGAAAACAGATAATCACGAGTCTGCTTCAATCTAGTATGCTAGGTTTTTGGGGTGTTTTTTCATGTAAACTTTAGTTTCTTTTGAGCTTCAGATATTAAGAAAAAAAAAGACAAATGTACAAGATCAGTGGGAGGCTTAAGCAAATTGGTTTATTCCACTGGGTGGGGAGTCGGGGTTGATGAGTCACAATCCTGGTTTTGTCGGATTTTTACAAAGTAGCCTGTGGTTTCAAAACCGGTGAAAAGAAAGAAGACGGCAGCCTCTCTTGCTGTTGTCCCCTCTCCCAAACCC,"[[58810476, ""G"", [""T""]]]",yes,no,G->T,1
chr7,87706052,87706308,TAGATTTGGCTTTCTTAGGTTTCTGGTTGCTTATCCTGTACATTCCTTCATTGTTTAATTAGACCAGTTTCAGAATATGCTAGTTACATCAGCCATCCACATATCCATGCATCTTTCCATCCAATAAATTTGCTGTGCAAATACTGACCAGGCTAAGCAAGCTGAAGAATACAAGATATGGCCATGATTAAAAGTCAGATATTATTCTCAGTGCAGTGGGGGAGCTACTTGAGAGTTTTTTTTTTAAGTGATAGAAT,N,no,no,N,0
chr2,126019934,126020185,TGAACGTTTGTGATCCCCACAAATTTATATGTTGAAATCCTCTTCCAAAATGTGATGTTAGTAAGAGATGGGCCTTTGGGAAACTAATTAGGTCGTGAAGTCAGAGCACTCAAGGATGCAATTAGTGATCTTATAAAAGAGGCCCCAGAGAGCTGCCTTGCCCTGACCACTATGTGAGAACACAGCTAAAAGGCACCACCTATGAAAAACCAGCCCTCACCAGACACGAAATCTGCTGGCACCTTGATCTTG,"[[126019938, ""T"", [""C""]]]",yes,no,T->C,1
chr11,90229844,90230149,TAACATGGCAGCTGCCTGAGGAGACTATACGAGTTGAGGCCAATAAGAAGCTGGCCAATAAAAATGTAAATGGAAGAGTTTATGGGTGAGATAACACCAGAATCTTTGAACAACACTGACATATTCCTAAGGAATGTGAAGAAAGCCACATCCATGAGTAGGGCTGTGTCCATGTAAAAGAATGATCTGAGAAAGTTCCATCCTCTCATCTCTACTTGAACTTTAGGTCCTTTGAAGCAGGAAGGGAAGACTAATGCAGAATTGTAAACTATCAAAACATTGAGAGCCTGTCAATACATACAAAGA,"[[90229928, ""A"", [""G""]]]",yes,no,A->G,1
chr17,12258190,12258594,GCAAATGTTTGTTGGCACGCCAGCCACACTGCACAAGTCCCAGAGATGCCATTCGGATAGGATATCACTGCGCATGCTCTATTCTGAGACTAGTACCCCTGAATGGGGGCAGCACCGTGAGTCTGTTTGTTTGACTACCTTCTGATGTTGTCAGGGATAATTCAAGAAGCTACCATTTTTGCATACTATAAATTATATTGTCAGAGCCACAGTAAATAATTATGTCCACCTCTCTGGAGTGTTGAGGTGTTTCCTTGATCAGTATCTTGATTTTATCTACCTGCCTGGCTCCTAGAAACTAAACCATTTGAGATTTTCTTAGTCAGAGTCTATGGTGACATTCCTTGCATATGCAGGCACCAAATAAGAATAAACTTAATGGTTAATGTGGAATAACTGTTTATT,N,no,no,N,0
chr15,66860873,66861180,TGGGGAAGGAGGGCAGAGGGGTGGGGGTGCAGGGAATGGCATCTGTGAAAGCTCAGAAGCTTCTAGAAGAGCATGGGAAGTTCTGATGTGGTTGCTGGGATAGCAGTTCTTGTCCCTATTTGACCTATGGGTAATTGAGGGCCAGGAAAGGGGTGACTTGTCTGATGACGTGGATGGGCACCAAGTCTGAGCTTCCTGGCTCTCCACATGCCTGAAAAACATCTGTGTTTGTTGGGAGAAGGAGATGAAGAAGAGGAGGAGGAGGAAGAATTTGGGGCTTTCGAAGCATGCATGCCTGTGTGCCCCTG,"[[66860888, ""A"", [""G""]], [66860974, ""G"", [""A""]]]",yes,yes,A->G,2
chr3,65114024,65114442,TTTCCTGTTGGCAATACTCAAACCATTAATAATTTTGATTTCAGGCTAATACATTTTTGGGGGGAGAATAGAGGACTTCAGAGGGCATTTAGAATCATTAGAAGCTGGTGTATTACCACTGACATTAACAATCTTTGGGAAAACTCATGATGTCACTTGCTTTGAACAATATGAGGACCAGCTGTAAGTGGTACAGAATGAAGACTAATGACTAACTGTTCACATGCAAAACTCAAGACTTGTGGGAGAGGACTTCTTAGGCAGCACCAGGCTGTTAGGCCAAATTATTAGCTCATTTCAATTGAAAATGTGAAAAGACATTACACTTTGCAAGATGGTACTGAAGACAGCCAAGACTTTTAGCTGAAAGAATCTCATTCAGAGCATCCCCATGGTGCCAGGCTTTCAACTGTATATTA,"[[65114069, ""T"", [""C""]]]",yes,no,T->C,1
chr8,79864578,79864934,GTAGTCGGTGCAAGCACAAAACTCAAAGAGAACCAGGACGAGCAGAGGTAGCAGAGGCCCCTCTCTGCCAAATCTTGTCAATAATGTATGGGCTGTCAGCGGTTTATCACTAGCAAGCCCCTCTCTCTCCTTGGGTAGGCTCCTTTCCCAGTGGACAGTCAGGCCAGCTGTCTAGGCAGCAGGAATAGCCCTCCTTTCCCAAGCCCAGACCTGTGGGAAAATCTTCACTGGCCAGTAATTGATTCCACCCTGCCAGCTCCATTACTCTAGGCTGCAGTCACACTGGCAGCAAGCTGGGGAAGGGAGCCTGCTGCGGGCTGAGGGGTGGGAGCAAAGGCCCTCGAAGGCCGGGGGGCA,N,no,no,N,0
chr16,15702016,15702260,TATGAAAAAATCTTTTTGAAAATTTCTATTCAAGCCAGGTTTTTAGAAATGTATCCGGGATGTGTTTGTGCGTCATTCAAGGCATATTAGCATCTGGTCACAAGATGGAGTCCTTTGTTTCCATGTTTCCTGTCTCCCAAATCTGTCTGATCCCATGGAGTTGGTGGTATACGGCATCGTTTGTGTTGAACAGAGCCTTTGCAGGCATGTCTGTCTAAAACACTCAAGCTGAAAGAAGGACAGGG,N,no,no,N,0
chr4,135485409,135485778,TGTGCTTGAGCTACCTTGCAGGAGGGAGAAGAACGTAGACCTGAGTCCATCCTAGGCAATCGGAAAACTAGTCAACCCCCAGACAGGGTGTTCAACGTCTGGCCAAGATCAACGCAGCCACCTGGCTGTACTGCAGATAACCACAGACACATGAATCAGCTAATCTGATGCCAGAGGTTCCACAGAGTTGGCCTGCCAACTCATGACCTAAATTAATGCATATTGCTTTAAGACACTGAGTGCGAGGTGGTATTTTATGCAACATTCTTGTGGTGATTGATATTTTAAATAGTGTCTCATGTAGAATTCTTATGCCTTTTTAAAATAGTGTTTTTTAAGATAAATTATGTATCATAAAATTGATTATTTT,"[[135485443, ""A"", [""G""]]]",yes,no,A->G,1
chr16,90119812,90120117,TCATATCTGGCGAGGGCATGGGAGGCCTGCATTCCTTCCATATACCTCACCTTGTGCATCTCTTCATCTGGCTTTTCATTTGTAGTGTTTAAAAGATCCTTGGTAATGAGTCAGGAATAGTAAGTACACTGCTTTCATGGGTTGTGTAATGTGATGTAGCAAATTGCTGAACCCAATAAGGGTGTTGTGGGAGTCTCCAATCTGTAGGAAAGTCAGACAGAAGGTAACCTGGGAACCTACTGTTTGTGGTTGGCATCTTAAGTGGTTACAGTCTTGTAACTTAGTACCCATATTTTCTTAAAGAAG,N,no,no,N,0
chr11,6988543,6988773,TTCCTCCAAAAAGCTAGCAACAACCATCTCTGTACCCTCAAAAGTGAACTTGTTGAGGGCAAGACTTAGGTGTCCTATCACACTGAATCCCAGAGAAAGCAAACAAGATAGAATTAAATTGGCCTGTGTTTGTTCTTCAGCCTCCCCATCAGAGCTGAACTAGAGATGACTCAAACACAAAATCATTAGGCTTCCTGGGGTTTGTGGTAAAATGGAATATGAGATATGCTA,"[[6988554, ""T"", [""A""]]]",yes,no,T->A,1
chr2,42777894,42778163,TAAAAGGAAGCAGGAAATAAAAGAGATGTAAAGAAAGTCATAAAAACAAAGAGGTTTTTTGTGGTAAGAAAGCTTAAAGAGACATAATTTCATATGAGAAAGACTCTTGTATGGTAAATTTAGTTGTAGAGTAAAATGACTGGTTGTTGAAGAAGGAGGGATGTTCAGGAGAAACCAGAAAGTCTAAGCATAGCATGAATGGTCTGTGTAAGTCACAATAAGAGGATTTATTTAAAAAAAAAACCCAAAAACTTTTATATGATCAAGTTA,"[[42777918, ""C"", [""G""]], [42778064, ""C"", [""G""]]]",yes,yes,C->G,2
chr1,20404472,20404732,AGCTGGGAGCTTAGACCCCATTTTACAGATGAGTCACTGAGGCTCTGAATGCCATTTCCATACCATGTCTCCCCACACTGGGCAGGCGACACCGCCGATGCTTCCCAAGCAACCCTGTGTGTCGGCTGCTGATTAGAACTTTCCTGTTGCCACGGCAACCCCCCTGGGGAGGCCTGCCCTACTTTGCATCCCTGGCATAGGGCGGGCAGCCTCACCCCGCACCCCTGAGACAGAGAGATGGGGTTTATCCCACTTGCTGCA,"[[20404517, ""C"", [""T""]], [20404624, ""T"", [""C""]]]",yes,yes,T->C,2
chrX,23557191,23557391,AGGCCCTGAACAAAGACAGGGCTTTACTTTTATACACACTCTTGAAAGGGAGTTGGCTAGTTTGAATGGCATGGTGGGAAGCCAATGGCGTGAAACTCGTGGTGCAAGCAAGCAGGCTTACAGAAGCAGAACAAAGGCAGTTATTCAAACAGTGACAGGTTTCGTTTCCCTAGCATAGCCTGTGACCTTGCAGCTGCGTCA,N,no,no,N,0
chr4,16439001,16439350,AAAGTGGACAGGAGACCACTGGGTCTGTGTGCCTGTGTTTGTGAGAGTGTGAAAGTAGATGGATAAAATTTGCAAGCAGGAATGAGTCAGACAGCCAGCTTCTGGTACCCTTGCTATAACTATCCAGAAGCATGAGTCCATTCTGGTTTTAGGAGTCAGGAATATAAATGGAATTTGTATTGCAATCCAAGGGTGGGTGTGAGAACTGGTGAGAATGTAATAGATTACTTGTGTTTATGAGGTCTGATATGAGTAGCTCAAGCTGTAAAAGCAAGATATGAGTGAGTCTCATTTTCTTTGGTTCTTCCAGTTGCCCCTAGAGAGAAAAAGTGGTGACTGGGTATACTCAA,"[[16439217, ""A"", [""G""]], [16439257, ""T"", [""C""]]]",yes,yes,T->C,2
chr21,27173001,27173427,AAAGTTAAAAAAAATTACTGTGTATTAGAGAATCTTGAAATCAAGGGAAATTTTAAATTGACAATACTGATTACTTTTTGGCAAAAATGTCAAAGTTTTATGGTCTTACAAAAAGATATGATTGACTAGGAGGCCAAAGTAGTCAGTGGAAATAGCAATGAGTTTTGAAACCAACAACAAAAGAAAATGACCAGTGAAAGTAACCAAGCCAAAAAAAATTGAAGTTAAAGTAGTTTTCTCATGGTGCACACCCATGAAATAGCTTTGTCATGATTTTATATTGGCAAGTGTTTCATCAAGATCATAATGAGGTAAGAGGATAGACACTGCTTGAGAACTGCACTGATATTATCAGCCATTTTCCCTTTTAAATAGTCTAGTTTTGGAAAGTAATATTAGAAAACTTATAAATCCTCAGTTTAATATT,"[[27173015, ""A"", [""T""]]]",yes,no,A->T,1
chr7,88540013,88540448,CACAAACACACATGAGGAGCTTAGGAGCAGAGGTTTAATAGGCAGAAGAAAAGCAAAAGAAAAACAGCTCTCTCTCTCTAGAGAGAGGGGCCTTCTGAGTGAAAAAGACCAGCTGGTGGCAGATGTGCTGGATTTTATAGTCTGGCTTGAGGAGGTGGTGTCTGATTTATGCAGGGCTCACAGATTGGCTTAATCAAGTATGACATTTACATAGTGCATGGGGAAGGCTGGTCTCTCTACCCTAATCTTATTATGCAAATGAACTTTCCCCTTGGCCAGCTCCATCTTGTCTGCTCCCTACTGTACATGTGACTGGCAGAGAAGGGAATATGAAGCCACCATCTCGAACACGTCTAGTCCCTAGTTCCTGCCAGCATTCACCCGTGCAAGCCCCCAGCTTGCTTGTCTATGTCTGCAGCTGGACTTTACAGGCTGC,"[[88540092, ""C"", [""A""]]]",yes,no,C->A,1
chr6,101443334,101443660,CTCGAAACTAAATAATTTAATTCTAATTTACAAAAAGAAATACTGTGATACAGAAAAGCACTAAAAATACCTAGTGATTGATAGAAAAAGCAGAATACATTAAACATCAAAATAAATTATGTGGCAGTGTTGTGATGATTCATCAGGGCAAACAAGTGGATACAGGTTTCTGAGTTTTAATCAAGGAATTCAATTTTGTTCAACCATATCTTTTGAGACAACAATAAAGCTAAAGTGGGGCAGGTTCATTTCAGATGAGAAAATATTTAAATGAATCATTTAAGAAATGATTAATATTATTATATATCAGTGAAAATTATTTCTGAA,"[[101443336, ""G"", [""C""]], [101443462, ""A"", [""G""]]]",yes,yes,G->C,2
chr20,48038753,48039019,TGAACCTGGGAGGTGGAGGTTGCAGTGAGCCGAGATCATGCCACTGCACTCCAGTCTGGGTAACAGAGTGAAACTCCATCTCGAAACAAAACAACAACAAAAAGCACATGCCAAGGTGGAAACTATGTTTCATGGTTTCTTTAAAAAGCACAAAGATTGGGAGGTGCTAACGACACAGTCTGATAAAACTCTGTGGTTTTGGTGTTTTCTGTATATAGACACCCTGAGGTTCACATGTCGCCTTTCCCTTGGCATTTAAGGCTCCAA,"[[48038759, ""C"", [""T""]]]",yes,no,C->T,1
chr22,24905889,24906181,CAATACAGCCAGACCTCATATGAGGACTGGGTGTCTCATTGGCACCCAGATACCAATAACAGACAAAGACATAACAAGAAAACTACACACCAATATCCTTCAATAATACAAATGCAGAAATCCTCAACAAAATACCAATAAACTTAATTCACCAAGATATAAAAAAGCTTATACACCATGACCAAGTAGGGCTTATCTCCAGAATGCAAGGATGGTTTGACATGCAAAAATCAATCAATTTAATTCACTACATTACTAAAATAAAGGGAAAAACCCACACAATCATATCAATT,"[[24905894, ""A"", [""C""]]]",yes,no,A->C,1
chr17,56851082,56851358,CTCTGGAGATACTGTGAAAATAGCTTAGAAGCCTGCACTAGGTAGAGGCTTCTACCACATCACTCAGAGAGCAGTAGTATAGAGTCACCACATCACTCAGAGAGCAGTAGTATAGAGTGGTTCTGAAAATAGAAGGAGTGAGCGAAAGAAGCTGTTTGTCCCCTAGATCACTTCCCCTTTCCCCAACTTCACATGGTCATTTACTACCCTCCTCAACTCAGGTAGTAGATTGGAGGTTTACTCCGGAAAGTTTAGAGACTCTAGCCAGCTAACGCCA,"[[56851093, ""A"", [""C""]]]",yes,no,A->C,1
chr4,20326982,20327265,AAAATTTAAATTTCATCTTAAAACGGTGAAACTCATTTTTGTTGTAGTTATACATTAAAGCATCCCAAACAGTAGGTTTCTAAGCCAGTTTCTTTGTTTTCCCTCCTATTATTCATATTCTTTCCAGATTGAGGCATATGGCTTTAATTATCAAGTATATGCTGAGGATATGCAGAGCTACAGCTTTTTTCCTGACTTTTCTAATGAAGCCAGTTCCTAACAGCAACATTTGCCAGAATATTTTGTTGTATTATGACATTAAACATGGGCCAGCAGAGGTCTGG,N,no,no,N,0
chr7,108376232,108376547,TGAGCAGAGTGCCTAAGAGACTAAAATGGCTGGGGTCCATCCATTTCATCACTGTCATCCTGACCAGCTGGCTCCTGCTGCAAGAGAACACCTGTTGTTCCTGCTTCCTGCTCTCTGGAGGTAACCTGGTTCCTGACCATGTTCACATCTGGTCCCATAGTCATCTTGTAAGTTCTATGCTCTCCTAGTGGCCTTCTAATAAACTGCCTTTCCTTTAAGTTACTTAGGCTTTTTTGGATATGTGCAGGGCAGGTGTGGCTGGTACTTGCTGCCCTCCTGAGAAGAGTTAGTGTAAGGGGTTACAGCAGAGGTTCCT,"[[108376268, ""T"", [""C""]]]",yes,no,T->C,1
chr1,167191933,167192317,GACAAAAATGGAATTATGATAGTGAGGCCAAAAAGGAGACTCAGGAACTACCTGTGGGTGTTAGGTTTAAAAATCTGGACAGAGTCTTTCTTTCCTGTGTGGATGATAGTTTTTTGTGATAGCTGAACACACCCCCTCAGGGAGAATGTAAGAGATGTTGACTGGTACTCAGAGAGAATGCCAGTTGCTGAGCATTCCACATTCCAACAAAAGTTCCCAACACTTCTCTCAGGCTCACCAGACTGGCTCTGCTATCCCCGAACCTAATGCCAACATCCTTCTTCCTAAGGCTGATAGGCAGTAGAGAGAGTTGGATGCACTGGGAGTGCAAACCAGAAGTCATCCTGTCCCACTGGTGATAGTTACCTGGTCAGCTCTACAGTCC,"[[167191963, ""C"", [""A""]], [167191981, ""A"", [""T""]]]",yes,yes,C->A,2
chr11,15662260,15662736,AGCTGTAGATAAAGTTCTAAGTGTTTAGCCCAGTTGTAAGGTCCTTTGAAATGTGGCCTCTAATTCCTTCTCCAGTCTCACCTCCTGACAACCCACTTCCTTGTGCAACTTTAACTGTAGCTTCACCCCAGGACATCATGGTTCTATGACTTGCATGTTCTATTCTCTCTGAGAGGAATGGCCTTCCCTCCCTTCATTTGCTAAACTTTTAGGATATAAACACCATGAGAAAAAGACTTTGTTTTGTTTATTGTACTATCCGGATACACAAAGTGTGTCTGGTATGTGTAGGTACTCAGTAAATATTTGCTGTGAATGAGTAATTGGATAAATGACTCCTTTGGGATTTATACCAAGAGTCTCCACCACTTGAAGAATTCTCTGATGTCCCCAGTGGAGGTGGTCATTCTATTGGATCCATGTCTCACTGTATTGCAACTATTTTTTATATTCCATGTGAAATTATTAGGTAACATT,"[[15662297, ""G"", [""A""]]]",yes,no,G->A,1
chr14,36517706,36518110,GCAGTTGCTGCTGCGCCGCCTTGTCCTTGGCCTGGCGCTTCATTTTGTAGCGGTGGTTCTGGAACCAGATCTTGACCTGCGTGGGCGTCAGGTGGATCATGCTGGCCAGGTGCTCGCGCTCCGGCGCTGACAGGTACTTCTGTTGCTTGAAGCGTCGCTCCAGCTCGTACACCTGCGCCTGCGAGAAGAGCACCCGGCGCTTCCTGCGCGGCGCGCTTGGCAGCGGGGCCATGTTCTTGCTCACGTCCCCCAGCGAGCCCAGGCCGCCCATGCCGCTCATGTTCATGCCGCTCGCCGGGCCCATGAAGCGGGAGACTGTAAGCGACAAACGCACAGCGTCGGCCGGGGCCAGGCCGAGCCAGGCCACCCCTGTTTTCCGCGCCATTGGCCCGCCCGGCCCGCCCC,"[[36517833, ""C"", [""T""]]]",yes,no,C->T,1
chr5,172979801,172980231,ATGGGAAAGAATTCACAATAGCCAAAAAGTGCAAGCAACCCAAATGTCCATCGATGGATGAATGGATAAGCAAAACGTACTGTATACACACATGGAATATTATTCAGCCTTTAAAAGGAAGGGGACATTCTGACACTTGCACAACATGGATGAGTCTTGAGGATATTATGTTAAGTGAATAAGCCAGCCACAAAAGGACAAATGCCGTATGATTCCTCTTGAAGGAATCTAGAGTAGTCAAACTCACAGAGACAGAAAGTAGAATGGTGCTTGCCATGGGCTAGGGGGTGGAATATGGGAGGTGGTTGTTTTTTTGTTTGTTTGTTTTTTGAGACAGAGTCTTGCTTTATCACCAGGCTGGAGTGCAGTGGCGTGATCACAGCTTACTGCAGCCTTTACCTCCTGGGCTCAAGCAATCCTCCCACCTCACC,"[[172979870, ""A"", [""G""]]]",yes,no,A->G,1
chr13,109949187,109949463,ACCTTTACTCTCCTACCTTAGGAGTATATCAACTCTCTGGCTTTGTGTCATAAACTTACTTGGAGAGAATTTGATCACTTTTTGCTTCCACAAGATATCACACTGGACTATTAACACTGATGACATTATGCTGATTGAATCCAGTGAGTAAGAAGTAGCAAACACACTGGACTTGTTGGTGAGACATTTATGTACCAGAGGATGGGAAATAAATCTGACTAAAATTCAGGGACCTTCTACCTCAGTAAAATTTCTAGGGTTTCAGTGGTGTGAAGCC,N,no,no,N,0
chr11,127994700,127995145,TTAACCAATTAGATTTTCTCTCGAAAAAAAACTGGAGAAGGTAGAGGAGAGGTAGATAGATACGGTGATATTCTGACTAACGTGGCTTAAGTTCCATTTAGGTAGACTTTCTCACACTTCTCTGAAATAAAGTAACCTTAGGGAAAGAAGAACAATGTAAGACTCAGAGTGTTGAGGCTATGAACGAACACATAATGCTTCAGGCATTTGAAATATCTGAGTATGTTGGGTTTGAAATTCCAAGTCCTAACTCAAAGGTTTTGTACTAGAGATTTTTACCCTAAAACTACTACTCGTACACCAGGAATGACAAAATACAGCCAGGCTTTTTTTCCCCTCCATTTTATTGTAATATAATACATATTCAGAAAATATTCCTGCCACAAATATACAGCCAATGGAATGTTTACAAACGGAACCCATGTGCATTCAGTACCCAGCTCAAG,"[[127994731, ""T"", [""C""]], [127994781, ""A"", [""G""]]]",yes,yes,T->C,2
chr2,749188,749464,CTGCGATATACTTTTCAGGGAGCATCACATTAGCTGTCACACACTGAGTGTCAACCAAAGCCACGCAAGGTGGCCTAAAATTAATGAGCTCGTTATGGAGGAGCCTCCACTAACGAAGTCAACAAATGCAAACTGGTTTGGTAACCTTCTGTAAAGAAAAGATCCATCATTGGTTAATATTTATTGTATAGATTATGGCAAAATTTAAAAAATAAACAGTATTTACTGAAATTTTATACATTGTATTTGTTCACTCATGATTTCAACATTTATTATC,"[[749272, ""C"", [""T""]]]",yes,no,C->T,1
chr7,138006117,138006505,AATGACTCTCCAAGGTGTATGTCACCCTCTAATGTTCTCTGCCTCCTCTCTTTCCTTTGTACCTGTCTACTCAAGAGCTCATCTCAGCCCTTCCCCAACCAACACACTGAGTTCTCCGAGTACAGCCCCCTTGCCATCCTTACTGAAACCATTTGGGATTACTCAATAAGAGTTGCATTTTTTCAGATCATCTCATTCCTCTTGGGCGGTTTTTTTTTTTTTTTTAAATAATACAACAAACCATGGAATCCTGCCCATTTCATCTCTGACATTGTTTTAATAAATTCTGAAGATGTATTTATTTTACTCCTCCATGCTCTTGACTTTCTACTATCTGTTGAGATTTTTCTTTTTATTTTAACATGTTCTATCATTCTATTGCAGTGTGG,"[[138006284, ""C"", [""A""]]]",yes,no,C->A,1
chr18,46315192,46315562,ACTGTCCCAAGCTGGTGCCTCTGCCCTGTGGTACTTTCTTCTTCAGGTGCCCATGTTTGGTCAAAGCCTGTTGGGGTGAGACTAAATGGTGCAATCTAGGTCACCTGCTTAGGGTGTTGTTGCAAGGAGGCTGCAGAGGTGAGGTTTCTGAGCTCAGCAGTGGGGAGGAGGGACTCATACGGCTGGAAATTCCCCCAGGCAGAGCAAGGCTGTTCAGCACTGTCCACTTCCCCTAGAGGAGCAGAGAAGAGCATGCAGGAAGGCATGACCCTAGAGAGGGGCAGGTCCCCAGGGTGGCCTGGAGTGGCTTTCCCAGTTTGTCCTGTCTGGCCCAGTTTCCTGCCCAGCACTTTCGCCTTTCTTAAGGTGGT,N,no,no,N,0
chr10,100976928,100977271,CATGGTGATCATTTGGACTGGGTGCTGGTGGTGGAGTCAAAGTGGACCAAGTCAAGAGACTTTTAGGACAATGAATTAATTGTGGAGAGGGACTGAATGTGGGGGTGAGGAAGTAGGAAGCAGCAAGGATGATCCCTGGCTTCTAGGTTGAGTCGTAGGTTGGATGAAGTGAGGTGGGAAAGACTGGATAAACAGGTTTAGGAAAGATGTAGGTTATGGAGGAGGGGATGAACTTGGCTTCTGACAAGGTGAGTTTGAAACATCCCTGGGATATCGGGTGGAGAGCAAGCTGGCATCTAGGGATAGATTTGGTTGTATCACCCCAGCGAGGAGGGCAGGAGTTC,"[[100976935, ""G"", [""A""]]]",yes,no,G->A,1
chr9,20139722,20140060,TGTTCTCCTCTGCCCCTATCTGCCTCCTGTCTGAATCCACACACTAAGACTGGAGAAACAAATTTGTCCCAAAGGGTTCTCACACACCAGAGAACCATTAAATTAAAAAGCACTGATGCTTCTGGGAGGAAAAGACTGAAGGCTGTCAGCACTTTGCATTAACAGCTTCTATCCAGCAGGCCCAGGCCCCTGACCCAGCTAAGGAGCCCCTTTTGCATGGAAACAGCCCATGCTGCTGAATGAGACTATGCGGTGCGTTCCCTTCCAGGTGCCCGGGGACTGATGCGTGCTGCTCATTAGTGGTAAATGGTAGCTACATGTGGAAATCCCAGCACATTG,"[[20139724, ""C"", [""T""]], [20139951, ""G"", [""A""]]]",yes,yes,C->T,2
chr12,59936544,59936865,GTTCTAATCTCCTTACAAAAAGCCATTTGAAGTACAATGACATTAAAATTTATTCATAATGCCTCTGATATCAGCCTGGTGATTGTCATTTTTACCAAAATACCACACTTCATCGCCTGGTGTCTGGTTTCTGAAAAGGTAAAATACCTGTCTACAAAATGGATTCCTGAAGGTCGACTTCTAGGCTCCAATCCAGAATAAATAAATAAGAGAGATTTTATCAAACTATAGTTTCAGTTCCTTTCCAGTATTCTGAGGCTTATAAAAGATTTCTTATAGGCCAGGTGTGTGGTGGTTCACCCCTGTAATCCCAACACTTTGT,N,no,no,N,0
chr11,22383366,22383574,GGCCGGGCGCGGTGGCTCACGCCTGTAATCCCTGCACTTTGGGAGGCTGAGGCGGGTGGATCACGAGGTCAGGAGATCGAGACCATCCTGGCTAACACGGTGAAACCCTGTTAGCCGGGCGCGGTGACGGGCGCCTGTAGTCCCAGCTACTCGGGAGGCTGAGGCAGGAGAATGGCGTGAACCCGGGAGGCAGAGCTTGCAGTGAGCCG,"[[22383464, ""T"", [""G""]]]",yes,no,T->G,1
chr4,103405479,103405809,TTCCAAATAGTAAAAAGATAGAATTATACTTATTTATACTGAATGGCATATTATATGCATAAATGCCTTGTAAATTGTATACTTTCAATGCTATTTTTATCTTTTACCTTGATATTAGGAAACTGAAACCAGTGAACATCACAGTGAGCAAAGGAGTCATGAGATTTTCATGCAGGAAATAGAATTTAAAAACTCACAGATACTCCAAAACAAACCTGATCTGAAGCAGAAAAAGAAATTGTTTATGGAATTGTTATCAATAAGACTTAACAGGTACTTTCTGAATGGCAGTATGAATTGATAATTAGCAGACATCTTGTTTCAATATAGA,"[[103405507, ""T"", [""C""]]]",yes,no,T->C,1
chr14,88765189,88765494,GAAATCTGGTTAGTGTGGCTCAGCTGAGTCCTGTGCATACAGTCTCACAAGGCCAAAAGTCAAGGTGTTAACACAACTAAATTACTTTCTAGAGTCTCTGGGGATGAGTCAGCTTCCAAGTTCATTCAGAACGTTAGCTGAATTCAATTCCTTGTGGTAAAGGGACTGAGGCTTTCACTCCCCTGCTGGCTGTCAAGGGGGAACTGCTCACCTCCTCAAGGCCAACTGCATGCCTCATGATGTTACCACCTCCATCTTCCAATCAGCAACGGCACATTGAGTTCTTCTCAAGCTTTGAATCTTTCT,N,no,no,N,0
chr12,44747542,44747834,TCTGGTTAACATTAGACTTTCAAAAAAAATCTGGCAGGAATCCAAATTTATACGTGGATTTTTGACTGCACAGGGTTCAGCATCCCTGACCTCCACACTGCTTAACGGTCAACTGTAGAAGTAGATTATCATAAAGGTCTCCCCTGTGAATAAACAGATTATCCCTATCAGTAATGGATCAGTTTTATCTATTACCCATGTGCTGTTGCCATGACATATGCTGCGCTTCTGGTGTTCCATTTTGTAGCCTACCCTGCCTCTCCCTAAAATTCAGAGGCACATACAGAAAAATG,"[[44747642, ""T"", [""C""]]]",yes,no,T->C,1
chr2,204040154,204040434,ATTTAGGTGAGGCTAGGTTGCTGTGCAAACAGAACTTATCTTGTGGTGAATGATTATGGTTTGCACTGTTTCCCGACTCAGCCTAAATGCAAGTACAGAGGCATTCAGTGAAGTTACTGTGGTTAGCTCTCCTAAACTTTCAGAGACTTCAGGTTTAAGTGGGGCCGATATTTGAATAAAGGGTCAAATAGGTGGTACAGGCCTCTTTTGAAATAATCTTAAACTAAATTTTACAGTTTAAGGTAAGATATGATCATATGGAGTGCTTATTGTGTCCTTGT,"[[204040170, ""A"", [""G""]]]",yes,no,A->G,1
chr7,90982320,90982661,AGGAGGGTACTCTAGATAGTGAAGCAATTTGAGCCAAATGGTACAGTTTTATGCCTGGCACTCAGGTAGATCAGTCTGGCTCAGCGATTCTCACTGTAGCTGCCCTGAATCATCTGAGCAGCCCATGTGGATGCCTGGGCTCCAACCTAGATAAAATGAAACAGGATCTCTGGGGTTTGTGGTCAGAGATATGCAGTTTCTTAACCTTCTCCAGATGATTCTAATGCAAAGAGGATTGAGAACCACTGAATGTCTAGAGACTACAATACTTTATAAGTTTGTGAAATATAATTGGAAAAGGATACTTGAACATGACTTGAGGACTCTTATACATCAGGCTAA,N,no,no,N,0
chr11,131599248,131599603,GCCATGCCCCGTCTACCCAGTCTCCAGCAGATGCCCCGTCTACCCAGTCTCCGGCAGATGCCCCGTCTACCCAGTCTCCGGCAGATGCCCCGTCTACCCAGTCTCCGGCAGATGCCCCGTCTACCCAGTCTCCGGCAGAGCTAGTCACATGGCCCTGTATAACCCTGTGTAACCTCAAGGGGACGGAAGGGAGAATCTGTCGGAGTGCATGGATATTTGATGAGCAGTAAACGGCTCTGCCACATCGATCTCAGCACCTTTTAGACCCTGTTAACAGCTGCTTTAGAGAGAAACATTTTATTGGCCATATTATTTATGTATCCATTCATTCATTCTAAATAATTATTGAATACCTC,"[[131599257, ""T"", [""C""]], [131599284, ""T"", [""C""]], [131599311, ""T"", [""C""]], [131599338, ""T"", [""C""]], [131599365, ""T"", [""C""]], [131599414, ""A"", [""G""]], [131599416, ""A"", [""G""]]]",yes,yes,T->C,7
chr2,82278513,82278722,AAAAGAAGGCATACATGCAGACAACAACCACATAAAAATAACTCAAAACCACTGATATTTAGAGAAATTCAAATCAAAACCACAATGAGATACCATCTCACACCACACAGAATGGCTACTAAGAAAAAGTCAAAAAATAACAGAAGTTGGTGAGGTTGCAGGCAAAAGAGAACACATACACTGTTGGGTGGGAGTGTAAATTAGTTTTAC,"[[82278533, ""C"", [""A""]]]",yes,no,C->A,1
chr5,181284256,181284544,AGTGGATTCTGTTCTGCCTGCTGCTCAGGAGGGTTTCTGTGGCCAGGAACTGATGCTGGGACTCTCCTATTGGTGTTTTGCTGCCTCTGTGTTGTCTCCGGCTTCTCAGGGACTCTCAGATGTGTGAAGGCAAAAAGGTTTCTTGGCTAGTTTGCGTGGTGTGGTTGGGATCACTTTTGCTACATGCCCCTCAGGCACCCTAGTGGGGGAAAAGGGAATTTTAGATTTAATGGAGAATGTGTCTATGTTGGCTGCTTATTGTTAGCAAACTTCTGAACAATTCTATTCT,"[[181284324, ""G"", [""A""]], [181284398, ""C"", [""T""]]]",yes,yes,C->T,2
chr1,217049618,217050092,TCTAGAGGTGAGTGTAGGAACTTGCCCTGTGTAGGGCACTCATGATCTCTCCACTGGGCAAGGTCCTCCACCCAATTCCTTGGCCCATGGTTGCAGCCTGAGCTCCAAGCACCACAGGCTGCATTAGAATTGGTTCCAATCCAGGGAGATCAGCCAGTGTCATTCGTGAGAAGTCAACAGCAGCTTTTCTGGCAGCCAGAAGAAAGAGGCCACAAGAAAAGAAAGTGATCCAGAATGGGGCAGAAAGTGAAGTGAAAGCAGCTGGTCTTCTCTGCTCCCATTTGGGAAGACTGGATGGAAAGGGCTTAGCTCTGAGACACAGATGCCATCATTCTGCATAAGCAAAATAAGTACATCTATGAACAAGAGCAGAAGTATGAGAACACTTCACAACAGAAGATTTATGGCATTATCCACAAGGAGCAAACGTCACTGTAAGTCAGATGTGTTTGAATCCCATTCAAGGGAATTTAAT,"[[217049712, ""G"", [""A""]]]",yes,no,G->A,1
chr19,23766964,23767359,TTTTTGGGAGACAGAGTCTTGCTCTGTCATCCAGGCTGGAGTGTGGTGGCATGATCTCGGCTCACTGAAACCTCTGCCTCCCGGTTTCAAACCATTCTCCTGCCTCAGCCTCCTGAGTACACAGGTGCGTGCCACCACGCCCAGCTAATTGTATTTTTAGTAGAGACGGGGTTTCGCCATGTTGCCCAGGCTGTTCTCGAACTCCTGACCTCAGATTATCCACCTGCCTCGCCCTCCCAAAGATTTGGGGTTACAGGCGTGAACCACAGTGCCCGGCCTAATTTTTTGTATTTTTAGTACATACGGGGTTTCATTATGTTTGCCAGGCTGGTCTCTAACTCATGACCTCAGGTGGTCCATCTGCCTGGGGCTCTCAAAGTGCAGGGATTACAGGTG,"[[23767007, ""C"", [""T""]], [23767083, ""G"", [""C""]], [23767231, ""G"", [""A""]]]",yes,yes,C->T,3
chr15,25298803,25299104,TTCAGGACATAGGCATGGGCAAGGACTTCATGTCTAAAACACCAAAAGCAATGGCAACAAAAGACAAAATTGACAAACAGGATCTCATTAAACTAAAGAGCTTCTGCACAGCAAAAGAAACTACCATCAGAGTGAACAGGCAACCTACAAAATTTTCACAACCTACTCATCTGACAAAGGGCTAATATCCAGAATCTACAATGAACTCAGACAAATTTACAAGAAAAAAACAAACAACCTCATCAAAAAGTGGGCAAAGGATATAAGCAGACACTTCTCAAAAGAAGACATTTATGCAGCCA,"[[25298881, ""G"", [""A""]]]",yes,no,G->A,1
chr2,106960066,106960342,CCATGATTATGCACTTATATATATTTACAGGCCATCACTCTTCCAAATATTGCTGAGGCAAAAATAGATGCAGGCTGAGAGCTGAGTGATGGAAATCGTGTGTCACACTTCAATGCTCTTACTCACTCCACAGAATGTGTCTTGGTGTTAACTTTATGCAGCTGTAACACAAAGTGGATGAACATGCTATCTTCTTGTGTGCTTCTGAGAAAGTCAGGTAGTTCACTTGCCAGGGAGAGGTAAGAGGAGCTACAGGTACCTCCTCTGTCTGGGGGCT,N,no,no,N,0
chr2,225494053,225494472,TTCACACTCTTTTCTACTTAGTTATTTTGTAAAATGGGAAAGTGTCTGTAGCAACACATCACATAAAATGTATGACAGCATTAAGAGCTCTTAAGAAGAAAAATATTTTATAAATCCAAGTTGATGGGAACACTGCCAGTTCACCTAATGTGACACATAGATCACTGTCCTTCACTGAGCAAGACAAATTACTCAATGACTATGTCTCCCCACAAAACTGGATGTGAATCAAGCCTTCTGTCACCTGATTTACTGTGAATAGCCTTGATACCTCTGCAGGGAAATGGGAAGTATTACTTTGCTTGACTTTGAAGATGACTTAATAAGGCAAGAATGAATCAGTTGCCATGTGTTTTCAGTCACATCCAGTCCCATTCACTGTATAGGTCCAGTCACTAATGCTTTACCACCAGTTCTGCT,"[[225494065, ""A"", [""T""]], [225494431, ""T"", [""C""]]]",yes,yes,T->C,2
chr11,124442918,124443133,TAACTATATGCTTATTAAAAGTACAGATCCTGCTGCCCCAAGCCAGGCATCATAAATTAGAATCTCCAGGGGTGGGATTTTATAACTTGTATTTCTCACCCTATTGATCTGGATATTTAGACAGGTTTCACCCTATTGATCTGGATGTTTAGGCAGGTTTGGGATTCAATGCCCTAATACTCTATCTACCCTACGTTTTCTAGACAGGAAAATTGA,"[[124443006, ""A"", [""G""]]]",yes,no,A->G,1
chr2,215941760,215942068,CTCATTTTAGACTTATTTTGCTCCTAAAGATGGCATGTTCCATTAACTGTCTCCAAAGCTCTCTGCAGGAATCCTTCAACCTGGCCACTCATTGTGATAATTGTATCCATTTGTCTTCTGATAGTGACTCACTGCCATTGGGCCTCTGTTCTTCCATGTCCATTGCTGTCAGTGAGCTCACTTCTGTAACAGCATCTGGCCTTCAGAACTGCCACTGAGCTTCTCAGGGATGCTGGTGCCCTCTCACCAATGCATTCCTTATCCCTTTAGTACATGTGTCCTCTGTGCCTTCTTGGGTGTCCCTTTGCC,N,no,no,N,0
chr3,103423806,103424287,TCCCCACCTCTTTTTTCACTTGTAGTTTGCAAGAATAACTGTAGAATATGCTGGGAATGCAACATCCTGGGCTAAGAGGGGAGCTGGCTAGAACAGCCTGGACTCTGTTCCAGTTCTCTCCACATCAGAATGTCGTTCAGTGCTTTATTCTAGCATGCAACATGGCCTCAGATTACAAAACCCAGGGCAAGCTTCTTTTCAGGGTCCCTCAGCGGCAGTGCAAACTGGGGCATGAACAGATGAAATTCCATCTGCCCCAGGCAGCTTTCCTGAGCTTTGGGAGACCAGTATATAATGAATTCTAGGCTTCTGTTGTCCTTGCTGCCTCTTTGTAAGTAATACATCTGCTTCATGTAACTTGTGGTGTGCATGATATTCTGTATCACCAGACTCAGACAAGTTGGTAACTGGCACACAGTGAACCTGCTTCACACTAAAGACTATCAAGAACTCTGGAGCAGCTGAGATTTTATCCCGCTTAC,N,no,no,N,0
chr1,33319674,33319975,TTCTTGCCCGGGGGCTCCCCACGGCTCACTCCCCAATCTCAGCATCCTCTCCTCCCCTGTCAGCTCAGGGTCCTGCCAGTCATTCCCTGCCTCCTGGGGCACCAGGCTTTCCAGTCCCTAGTTCTACCCCCTGGGGATCAACTAATCAGCTTGTTTCTCCTCCAATAAGTATCCGTGTTCTTTAGGTGAAAAGCCCCAACCTACTGCAGGTTTTCAGGGTGCACCTTCAGTAGGCATTTGCCATTCCTGTTTACACTTTACACCAAGGCATTTGCACGGCGGGTAATGGGTGGGGTTGGGCT,"[[33319682, ""T"", [""C""]]]",yes,no,T->C,1
chr5,107153285,107153537,AACACACAATCCAAATTTTAAATATCCACCTGTTCTAGTTGAAACTATGTATTCTCTCCCATTATAGCCTATCATTACAGATACTTACTGAAAGCAATTGACAGCACAGTCATAAGAAAACTATCTCTCATAGGGCTTCCACAAATCCACATAGGAAATCAATTTCTACAGTGACAGGAGAGAAAAACACAGACGTCTGGACTGGGAAACTAACCTGCTGTGGCTTTGCCTCATACTTCTCAAGAGTTGTGTA,"[[107153407, ""G"", [""A""]], [107153497, ""T"", [""A""]]]",yes,yes,T->A,2
chr8,137403308,137403585,CTGTGTTAAGAGGAAAATGTATAATCCTAAACACCCACATCAATAAGTTAGAAAAATCTCAAATTGACAACTTAACATCAACTAAAAAAACTAGAGATCTAAGAGCAAACCAACCCCAATGCTAGCAGAAGATGAGAAATAACTCACATCAGAGCTGAACTGAAAGTAACTGAGATGAGGATAACCACACAAAAGATCAACAAATACAGGAGTTTTGTTTTGATTTTTTTCATAAGATATCTGGACTGCTAGTAGAGTAATAAAGAAAAAAACAGAGA,"[[137403391, ""G"", [""A""]]]",yes,no,G->A,1
chr1,223898615,223899073,TTGTTTCTGTGTCCCTCTCACTGGAATGTAAACTCCCTGAAAGCAAGGACTTGGCTTATTTCTGTATCCCAAGAGCCTGACACAGTGCCTGGCACATGGTAGACACTCAATAGATGTTTGAGATAGGGAGGGAGGGAGGGAGAGAGGGAGGGAGGCAGAAAGGGAGGGAGGCAGAAAGGGAGGGAAGGAAGGAGCAAGGAAGGAAGGAAGGAAGGGAGGGAGGGAGGGAGGGAGGGACATAGACTGTGGAGTTGGATAGACTTGGCTTTAATCCTTTCTGTAGCAATTCTAGCTGTGTAAAAATACGCGAGTGAGTCATTTATTTTCTTCGAGTCTCTTTCTTCATCATAGTACCAATTAACAGGGCTGGGGTAGAGAGTGATACATGTAAGGTTGCTAGCACTATTGGCAATCAAAACATGAGAGCTACTTATTTACATTGTGAGTATTGCTACTACT,N,no,no,N,0
chr2,36155621,36155895,TAATCTTATCTTTAATTATAGAAAAAATGGTGCACACATTTTTAACATGCAAATTCAATCATATATGCTGAGTTTGAGGAAGTTTTGCCACCATGGAGAAAATATCTTTCTTTTGGAACAATGGTACCAGGTGCTAATAAATGCATTTCTATTTTCGGTTGTAATTTGATTCTACCCACAAAGGAATGTGTAAGACAGAAACAAAGATAAGAGAAAATTACATCTAAGTGTTGTTTAGTTTTAGCATTAACTATCTGGATACATATGAATATTTG,"[[36155641, ""A"", [""G""]]]",yes,no,A->G,1
chr3,111303723,111304163,TAAATCTATCATTTAGTGCATGCTTTAAAAATGATGTTTACTTGAGTTGGAGTCCTATTCCATACAGCCCAGATCAGCTTTCTGGGCTTGTGTTTTAGAAATATCACGTATTTTATTGTACACAATCAGCACAGTGGGATGACAAATATATTTTAAAATCTTTAGACTACAATTTTAATGTGGCAATCTGTGGTTTTCTGTAATGTACACTATTTGAGTCAACTTGGGTCTGCTGTCATCTAGTAAATCAGACACAGAATGGCATTTTCAGCCTCCTGAGTCAGTCTTTTGCTTCAGACTTGAAGCTATGACTTCCTTCTCCCTTGGCTTTATGTTTTTAGGTATAAAATGATGGGAAGAGGTCAGACATGGTGGCTCATGCCTGTAATCCCAGTGCTTTGGGAGGCTGAGGCAGGAGGATTGCTTGAAGCTAGGAATTCA,"[[111303786, ""G"", [""A""]]]",yes,no,G->A,1
chr2,231838923,231839183,CTAGAAACCTTGCAGTGTACAGGCCAGCCGCCACATCAGAGAGTAAACTGCTCCAAATAGAAATAGTGCCAAGAGTGAGAAACCCTGCTCTAGAAACCCCACAGTGTACAGGCCAGCCGCCACATCAGAGAATAATCTACTCCAAAATAGAAATAGTGCCCAGAGTGAGAAACCCTGCTCTAGAAACCGTACAGTGTACAGGCCAGCCGCCACATCAGAGAATAATCTGCTCCAAAATACAAATAGTGCCCAGAGTGAGAA,N,no,no,N,0
chr20,42150259,42150495,TACCCATTTACCTCCTATCCTCAGCAGATTCTGTCACTTGCAATGCCCCCCTTCACTCTCCTTTGCTTGACTGTATCCCTGGAGATAATTGGATATGTTATGCCCTAGGGTGCAGCAAAACCAGGCCAGGGATCGCTGATGAGGCAGTTCCTGGCTGATGCTCCAGGGCACAGCTGAGGGCTTGCCGCCTCCATGTTCAGTCCAGCCTGCCAGGATTTCTCCACACCCCTGTCCAAC,"[[42150295, ""T"", [""C""]]]",yes,no,T->C,1
chr1,103156979,103157354,AATGCTACTCTTTATTATCCTTAACTTCAAAACAAGAGTGGCAAGTGTTTAGTCCAACAGAAAATAAAAATCAAACTGGAAAAACCACAAAGTGATTTCAAACACATGAAGCTGCTGCTACTGCTGAATAATGGTTAGCCTTGACCAACATCTCTCTTTCCCACTTCTTCTGATTGCCTTCCAATTACAGGAACCACAGGAATTAACTCTAGGCAAACAAAGCCCTGGACGTGTGATAATAATCTTTGCCACAAAATACATGAGCTAGTCTGGAAAACCTCACCTTCAGAAGAGGACTTTCATTTTTGTTAATGCATTGCAAACTTTTTCGGAGATGCCTGCGCTGAGTAGAACTCAATGAAGTTGTATGGTGGGT,"[[103156981, ""C"", [""T""]]]",yes,no,C->T,1
chr4,155780859,155781090,TTGCTTGTATCTGTTGACACTTTTAAAATGGTCGTTCTGACATTTCCATTTTAAGCTTTTAGGGAACACTAAAATAGCTACTGAAATCATAACATGGGAGACTATTTGATTATGCCTTAGCTGAGCAACTCTGACTCACTCATCATAGCAAGCAGAATTTCCTTGGAAGTTGCCTGTCCACAGCCTCTCAGTTAGATACATTATTAAGAATAGGTCTGTCTTATATATGTAT,N,no,no,N,0
chr9,106413282,106413674,TTGCTCCTAACAATCGCCTTTCAATGGGAATGAATGAACTGCCCACATGAGGAGCAAAGGTGAGGACAATAACACTAAAATATTTGAACAAACAAACACTATGTGGCAAGCACTATTCTAAATGCTTTGCATATATTAACTTGCCTGATCCTCATGACAACCCTATGAAGTGGGTACAATTATCTTCATGTTAGAGATCGTGAAACTGAGGTTTCAATTACTTGTTCACGATTAGACAGCTAGTAAGTGCTAGAACTAGAATTCCAATCCGGACAGTCTGCCTCTAGATCGGTGCTCTCTAAACCATGAAGAGACACGTAGATTAAAGATTGAATCCATTGGAAGGCTCTAGTCCAACTCTTATTTGCATGTTTCATTTTTTAAATCATCAGA,"[[106413294, ""G"", [""A""]]]",yes,no,G->A,1
chr5,169770572,169771006,TTACAAGCATGAGCCATTGCACCCAGCCTCTTGAATCTTTTGTTAATCATTCCACTGCTTTCCTTTTCATGCAGTTGTATTGCATTTATATATATTCCCAGTATTTTAGTTATTTGAACTTTACGAAAAGTGTATTGAACTGTTGATAATTTGAAGGAATTTATTTTTTTTATTTAATATTAAACTAGGAATCATCCATATTACTGATTGCTGGAGTTCATTGTTTTGATGACGGTAGGAAATTCCATTGTGTGAATAAGCCATAATTTGTTCATTCATGCTTTCAATTTCAGGCATTGGGTTGTGTCAGTGTTTCTTCTATTGAAAGCACTGCTGCTAAGAACATTCTTGTACATGTCTCTTGTTGTAAATGTTCAAGAGTCTCCTTTGGGGATAGAACTACTAGTAGATTTGCTTGGCCGTAAGGGATCAGAA,"[[169770744, ""C"", [""T""]], [169770993, ""A"", [""G""]]]",yes,yes,C->T,2
chr8,18151092,18151364,AGTAAGACTCTGTCTCAAAAAAAAAAAAAAAAAAAAAAAAAAAGTGAATAATAACCAAACAGAAACTCTGGAGCTGAAGAATATAATAACTAAACTGAAAATTCAATAAAGAGCTTCAACAGCAGAATTCATCAAGAGTAAGAAAAAAAATCAATGAACTTGAAGATGGGTCATTTGAAATGATCTAATCAGAAGAAAAAAAAAATAAAAAAAAGTGATGAAAGCCTAAGAGACTTATGAAACACTGTCAAGCAAACCAGTATACATATTATG,N,no,no,N,0
chr6,153181948,153182430,CACTTACTATTTGCAAGCACACTATGAAATAGTTTGCATGCATCATCTATTTCAATCCTCACAAACTCTGTAAATTCTACACTCATCAGGTCCATTTTACGGATAAGGAAACTGAAGATAAGACAAGTCAAATTGACCAAGAAGGGGCAGAGGGAGGACCCAGATTCAGGCTACTTGTCTCCAAATCTCACAGCCTTGAGCTCTGTGTAACACTGCCTCATCTCGGAGAAGAATGAGCATAAGGGCGAAAGAACAGAAACATACCCTGGGGAATGAGCCTGGCAGGTGCTGTACAATGAGCATCAGAGTGGAACAGCTTTGAGGGAAGAGCCTGTAAACCAGTAAAGAAGGTTTGCTAAGAACAGTGGTTTAGATAGGGAGACTGCAGCTAGATGTTCATGTGGATACCTCATACTCTATTCTGTTGCAGGTATAAGGTAGCAGAGAAGGCACTTCTGCTTAGTAAGGAAGGTGGTTTCATTA,"[[153182034, ""T"", [""C""]]]",yes,no,T->C,1
chr18,53153273,53153738,GTTATAGAGGTATTACATTTTGAGTAAATGTGCTATCTATAATTTCAGATTGATATACTGATGAAGGAGGGATTTGTTATTTTTTAAATAATAAATTTATAGGAATGAGAATATCTGGCCTGATGCTATGAATTTTTTTAAAAGGATTTTGCCACATTTACTTCTGAACATGTAGTGCTCGCACACACTTCAACTGAGAGCCTGTGAGAGCGCCACACCCTGGCCGACATGAGATATTCACCTTCTTTAAAGTGGTCTCCGATAGAATTTTTTCAGACTCTGTTTTAATGTGTATTTCTTGCATTATTTGTCAAGTTGAACCCCACTTTTCAATAAGACGATTTATTATTTTAAAGATTTAAAAACATGCTTTTTAATATTATGTTACTTGGTTTTTATATATTTTCTAAATACTTTCAGTCAGTCTTTCCACGGGAAACAACACCTCAACTAAACCAAGAGGGAA,"[[53153453, ""A"", [""G""]]]",yes,no,A->G,1
chr6,9862697,9862995,TCCACTAAGCAGTGCCACAGACAGGAGTCTATGTGGGAGCTCCAACATCACATTTCCCCTCTGCACTGCCCTAGTAGAGGTTCTCCATGAGGGCTCCATCCATGCAGCAGACTTCTGCCTGGACATCCAGGCATTTTCACACAGCCTCTGAAGTCTAGATGGAGGCTTTCACTCTGCACACCTGCAGGCTTAACACTACATGATGGTCCCAAGACTTATGGCTTACACCCTCTGAAGCAACAGCCTGAGCTGTACCTTGGCCCTTTTTAGCCACACCTGGAGCTGAAGCAGCCTCAATG,"[[9862772, ""T"", [""A""]]]",yes,no,T->A,1
chr3,64363403,64363712,GAGGAGAGAGAACCTCATGGGTGGGGAGAACGCTACTGAAATCATCATACCACCTGTGTGCAGGCCTAAAGCCAGTGCTACACCCACCCCACCTCCCCAGTCACTGACTGCTCAGTTAAATGAGCTGATATTCTTTTTTGCATCAGTCACTTTAAGTGTGGTTTCTGTCCCTTGTGACCTAAAGTGATCTGACTGTGAAACCAGGAAAATAAACATTAAACACTACCTTCTGTGAAAACGGAAGGTGCTACCAGCATACATCTGTAGTTTTTGTGGGGTCAGGCCTGGCTGCCCAGGGTGACCCACATCA,"[[64363434, ""T"", [""G""]], [64363560, ""T"", [""G""]]]",yes,yes,T->G,2
chr4,91325552,91325832,TGGACCAAGGTTAATAGCACTGCAGATTTTCAGCACAAAGATCAAATCTCAGCAGCAAGATTCTGGTAAAATAAAAGTCTCTCCTTTCATCCATTGCTCCTTCCAATACGGCACAAAGCTTCCCAGACTCAGAATTTGGCTGCCTGCCATATGACTAATATGTGAACCAATTCACTTATCTTCACTTTTATACTATTTCAGTTCCAGTATCAATATGACTTCAGCCTTCTCCATCTTCACAACAGACAAAGAAAAAAGAGTTTGGAAAGTATAATTAAATA,"[[91325555, ""G"", [""A""]]]",yes,no,G->A,1
chr4,86019937,86020199,TTATTAAGATATAATCCACATATATAATTAAGAAATTTAATTTTCATGATTCAGTGTTTTTTAGTATATTCACAACATTGTGCAGCCATCACCACAATCCATTTTGCAGCATTTCATCATCCCTAAAGAAAACCCTGCACTCCATTCCTCACCTACCCTGTAGCTCTAGGCAATGACTCATCTACTTTTTGCCTCTATAAAATTGCCTGTTCTGAACATTTCATGTAAATGGAAGCATATCATATGTGATCATTTATGACTGG,N,no,no,N,0
chr18,49880699,49881012,TATCACAAGCTCACATGCCTTGTTGAGGAACTTGCAAAGATAACAGGCTTTCTGTAGAGAGCTGAAGGCCTGTGGATTGTGACCAAGTCAGCATTCCACTGAGGCTACATGATCCAATAGCAAACTGTTTATCATGAATGCAGGATGTGGGCAAACTCACATCTGCACCTGCCACCAGAAGGTTTGCTGAGTGCAATCACTCCCTGGCACCATGCTCCTTAAGGTTATCTACTGGCACATCTGGAGACTACTGTTCAGAGAATGCAGCTGTGCAAGCCTGCACCGAGTCAAGTTGCTGACTGACAACCACACCC,"[[49880776, ""C"", [""T""]]]",yes,no,C->T,1
chr3,31449302,31449757,ATAATTCTCCAGCAATAGATACTAACCAAAAAGCAATCCTCAAAATGCCAGATAAAGAATTCAAAATATTTATTTTTAAAAGTTCAATGATGCAAGAGAAATATGAAAAGCAATACAAAGAGCTCAAAACTCAATTCAGGAAATAAGTGAAAAATTTATCAAAGAGATAAATATCTTTTTGAAAAAAACAGACATTCTGGAACTGAAAAAGTCATCAAAGCAAGAACAAAATACAATCGAAAGTTTCAAAAATAGACTAGGCCAAGCAGAATAGAGAATTTCAGAACATGAAGACAAATATTTTGAAATAATCTAGTCAGGCAAAAAATAAAGAAAAAAGATTTTTTAAAAAATGAACAAAGCCTTTGAGATACTTGGGACTACAAAAAGCAACTGAATGTATTAATTGTTAGTATCCCTGAGGGTAAAGAGAAATTGAAAGGCTTAGAAAACCTA,"[[31449322, ""C"", [""A""]]]",yes,no,C->A,1
chr14,77199047,77199372,TGTTAGAAGGAGATAAATGCAATGGGGGAAATAAAAAACACAGAGAAAGAAAGGGAGGGCAATCAGGGGTGCCGGAGGAGCTGTGTTATTAAGAAGAATGGTCAGGACAGACCTCACTGGAAAGGCAACATTTGAGACACACAGATTGTTTGCTCCCCTTGGGGATTCCTGAGAGGCCCAGGGGCTCAGAATCAAGGCCAAATGCCTTTCATGAGATTCTAGGATAGGAGCAAAATCTAGAAGCTCTTCTAGTCCCAGCCCAGATAATGCCATGCCCTTCCTCCAAGACCTTCAATAGCTCCGCACTGCCTACACAGTCAAGTGCA,"[[77199130, ""C"", [""T""]], [77199226, ""G"", [""A""]]]",yes,yes,C->T,2
chr11,36095699,36096076,AAGCAAGTAGATGACAGTAGTTTCAGCAAGGATGACTCTGCACAGCTTTCCCCATCAGGACGTTTACATAAGCTTATGAACGCCCCGTCTTGGAGCACTTAGAATGCCTTTCCCAGGCTGTCTGAGTGAGCAGGTGGTTACTGATGTTTTGGTTGCATAGATGTGACCCACAAGGTCCTAGAGAAGCTGAAGGCCACCACGGTGGGATGTTGATGGACACAAGGGTTTGGAGAGCTGCCTTGGACAAAAACCAGACGTGATTTGTGGTTTTGGATTTCTCCATCTCGGTTTTGGCTGAAGTCAGACCTCGGTTTCAGCTTGATCCAGTTGAGCCATTCTCTGGCCCACAGCGATGTCAATAATTAAAACTTCCATTTT,"[[36095702, ""T"", [""C""]]]",yes,no,T->C,1
chr18,69191638,69191954,CAATAAACCAGGCTTTTTAAAAGAGAAATATAATCCTATAGTCACATGAATGTGATGACCAAAAACAGGAAGCCCCAGATTTTTTTTGTAATTTTTCCACCCAGATATGATTCAGTTCTTCCACAATAAGGCGCATGGGTTATAGAATATGCCACGAATGGGATTATCTGGCCTCATGTGTAACCCTAAAGGGAGTCTCAAGGGTCCACTCTGTGTGGATAACAATTCCAATGCCTCGGACAGCTGCCCTTCTTGCAATTCTGTTTGTCTGTGTCTTCTCACTACAGCCCGCATCATACCATCACCATCACCACACA,"[[69191703, ""A"", [""C""]], [69191725, ""T"", [""G""]]]",yes,yes,A->C,2
chr17,66016286,66016516,TGTTCTCCTACTCATTCTTGAATACCGTACACCACTCAGACTTGGTGCTTGATATTCAGAACACCATTCAGTTTGCTGCTTGACAAAAACTACAGGGGCTGTAACCGTGCTTCTATTACGTGTCTCTAAGTGTGATCTCTCTCTCAGAGATACAGCTAAAACCAATTCCCAGGAGGGTTTGAACTAGGTTACACTGCTCTACTGAGGAGGCACATTTCTCCTCAAGCCACA,"[[66016308, ""C"", [""T""]], [66016376, ""C"", [""T""]], [66016391, ""T"", [""C""]], [66016499, ""G"", [""A""]]]",yes,yes,G->A,4
chr1,95010181,95010518,ATCCATCCTCCCAAACCTTTCAACTTTATCTTCTGGAACAAACTTTACATAAGAAAGCTCCTCCTAACATTTATAGCTTCTCAAATAATTTTCCTCTTCAACTATTGCCAAATCAATGCTTATAGCTCAGATTGCTCTCTGAGTTCTGACAGTACATCCAATGGACATCCCTACTTCCAAATGCAGCTGAAGTTTGACTCATTTGCCCAAGTTAGAAACATAGGACTCAGCCTAGATTTGTCCTCAACCACCTCCATTCTCTGCTCCCAAGTATCTTAGTCTGTTTTGTAGTATAAAATCCAATATATTACACTCACTAAAGTATAAAGCTGAAATTC,"[[95010299, ""T"", [""C""]]]",yes,no,T->C,1
chr14,88248622,88248993,GGGAGGTTCAGGTGGGAGGATCATTGGAGCCCAGGAAGCAGAGGCTGCAGTAAGCCATGATCGTGCTACTTTACTCCAGCCTCCACAGAGCAAGACTGCCCTTTACAGAACAAGATTCTGTGCCAAAAAAAAAAAAAATCATTTTCTGTGCCTCCTTAAGAATGAGTCACCAAATCTCCCTGAGCATAGTTTGATAAGGGGAGAAACAAGGAAGTGCAGACAATGCTAGAAACTTCAGGGAAAGTTCTAGAATACTCCTAAAATTAATCATAGCTGCCAGCACTTGCAATGTGGCAGACTCCGCCTTATTATCCTATTTAGTCCTCACAAAATCCTGTGAGGTTATAGTAGTTAGGAAGTGTCAGAGCTGAG,"[[88248644, ""G"", [""A""]]]",yes,no,G->A,1
chrX,155137452,155137730,TGGAGTGCAGTGGTGCGATCTCAGCTCACTGCAACCTCTGCCTCCCTGGTTCAAGCGATTCTCCTGCCTCAGCCTCCTGACTAGCTGGCACTACAGCAGCCCGCCACCACGCTCAACTAATTTGGTATTTTTAGTAGAGACGGGGTTTCTCCATGTTGGTCAGGCTGCTCTCGGAACTCCTGACCTCAGGTGATCCGCCTGCCTCAGCCTCCCACAGCGACCTCTGGTGTTTTTAACTACAAATTCCAAAATATTTAGAAATTATTCAACTAAGATAGG,N,no,no,N,0
chr10,55545428,55545669,GCCACACCTGGCTAATTTTTGTATTTTTAGTAGAGACAGGGTTTCACCATGTTGGCCAGACTGGTTTCAAACTCCTGACCTCAGGTGATCCGCCCGCCTCAGCCTCCCTAGTAGCTGGGATTACAGGCGCACGCTGCCACACCTGGCTAATTTTTGTATTTTTAGTAGAGACAGGGTTTCACCATGTTGGCCAGACTGGTTTCAAACTCCTGACCTCAGGTGATCCGCCCGCCTCAGCCTCC,N,no,no,N,0
chr8,106184823,106185200,TGAAATATTCCAAAACAAATTGTATATTTAAGTTCAAATGACTATCATAGAGTACTTTGTCATGGACAGAAATAAAGCTTTTTTAAGGAAGAAGAGTGTTTTCTCGTTTATTCTGTCTTGATGAGAAAAAGAGGATGAGAAATCTTTGGTCAAAATGGAAAGAAATAATACCACCATCTGCCTCACTCCTCCCATGGGGATTCCTTTGAAAAGGAATGTGTGGTAAAGAAGGAAAATCAGCAGTAATAATTGGCTTGGAAATCTACCAAATACATCCTCGATATTTGGCCATTCAACACAGGTCAACTGTAGTAATCTCAATATGCTTGCATAAACATATCAGTTCTTTTTCTTTCTCTCTCATCTAAATATAATGAG,"[[106184867, ""C"", [""T""]]]",yes,no,C->T,1
chr5,51544503,51544779,ACAGAGTTCAGAGATACTTTGAGTCTTCCCAGCACATTATATTTATCTACACCCCATTCTATTGTTACTAAACTGCCCCTTGTTTATTTATTCAAGAACCATTTCCCCTATCAAACTTACAAAAGCTAGTCTCCCTGACCACTTAGCAGGAAGTGGCTTAGCTGTGGTTATTTGAGTAATTTTTAAACCTTCTATCATTGCCTGTATATTTTACATCTTTTTGTTAAGCAATTTTTTAATTTAAATCATCATATTAATTTTTGTTTATAATGTTATG,"[[51544602, ""A"", [""C""]]]",yes,no,A->C,1
chr7,13526506,13526930,GAGAGAGGAAATCAAATAATAATTGTATTCTAAGTTTATTTTTTTTTGTTTTTAATTGCACAAAGTAAGTTGAGAAGCTACCAGTAATACTCAGTGGTTCTCAAGTGTGGATCCTGGACCATTAACATCATTTACCCCTGGGAACTTGTTAGTTCCTAGTCTGTCTCCATCCCCCCCACCGCCTGAATCAAAATTTCTGACAATGGTCTCCAGCAATCTGTGTTTAAACCAGCCTCCATGTGATTCTGATGCACGTTAAAATCTAACAACCACTTCTCTGAGTAAATATAAGTTATTTTCATAAGTATTATAATTTGGACACTATGAATTCCTGATTTCATCCTGGCTCCAGGCTTCTTTTTGGGCAAGTTCTGAATTTGGGTATAGTTAAAATGTTTTTATCAGATAGGTTGGTTCTTTATTAC,"[[13526582, ""C"", [""G""]], [13526766, ""G"", [""A""]]]",yes,yes,G->A,2
chr16,26344239,26344644,TGAGTGGAAAGGCACAATGAACTCTGCTTAACAGATTCATGAATTTACCAGGCACTTACTTAAGATGGTTACACCACATTATAGCAAATGGCTTCTGGGGGCTCAGGAAGGGCTGTATTTACTTTCCGAGAATTACCATTAGTCCTGGATGGGAAGGTGCTAAGAGGCCGCATTAGCATGGCTTTGGTCAGTTTCACTCCCCTGAGCAGTTGCAGAATTCATGTGGGGTTTATTGATGGGCCAGTTATTCTTTAATGGGTTTCCAATTTGACTCCTGGGATAATGAGATGGGTCTTTAGGGACCATCTGTCTCTCTCCCACGGTTGTGGGCAGCTCTGAGGAGCCTGACTCCTTAACTAGCAGGTGATGGAGTGGAGATGGGGCTGAGTGTAGCACAACCTATTTG,"[[26344273, ""G"", [""A""]]]",yes,no,G->A,1
chr3,87410041,87410486,GCCCATTGGTATATAATTTTGCAGTGCTCCCACCAAAGTTGGGGTATAGTTTCCACCCCAGATGCTGGGCTCAGACAAATGAAATATTTGGCCAATATGATACTAGCAGATAGGTTTTAAGCAGTAGCTTGCAACACACTGAAACTGGCCTGGCCCCCTTGAATTTTGTCATTGCTGTGAGAATGACATGTCTGGTCTACCTACTCATCCAAGGAGAATGAGAGGGACATGCAGCAGCCTCAGGAAGATGGATGGTGTGGTGCAGACTATTGTGGTGATGAGCCATACCAGCCACCACAGCTTCCTTACAGACAAACAGATCTGTGGGAATGAATGATTGTTTTCCTTTTTTAAACCACTGAGTTTGGAGGTTTTTACATAACATTGTTGTTAGCTGATTCCATTCATGGGTTGGAAGGTCAGTATTGTAAAAAATGTCAGTTTTC,N,no,no,N,0
chr14,46259489,46259780,AAGTTTTGGAGACACCTAAGAGGTTCTCAGACCACTCTTTGAGAGCTTCTGAGCAAGACTATCCTAGAGTCCTCAAATCTCAATAGTTTACAAAAATGCCAGCTAAGTCTCAGAGACTTATTACAACAAAGGTTTGTTTGCATCTTGCTCTCACTGCGTTTCATGTGGATCAGCTGGGGTTTTTACTCCATGGTGCCCTCACTCGGCGACACAGGCTGCCTGAGCAGCCACTGTCTGGGTCTTGCCCCTCACTGGAGAAGAGCAAAAGGATCACAGTGATAAATGGGCTAGT,"[[46259533, ""A"", [""G""]]]",yes,no,A->G,1
chr6,89921703,89921965,TTGGATTTTTAACTCATCAATGGCATGGAAATAAAATATTGATTAAAACACTGGCAAACACTCGCATGCCTTTTTTGTATCCTTCTGGGATGATTCATGAGTAGTGGTGATGCCATGATTGTGCCCCTGCAGGAGCTTCCTGGGAGTGGTAGAAGCCAGCACCTCTTCCTCACCCTGCCCGCCCTCCGAGTGGTCCTGAGTCATCCGGGAGAGTGCTCTGTGATGTGCACTGACTGGCCAACCCATGAGGCTGCTCCGCGGGT,"[[89921715, ""T"", [""C""]], [89921785, ""C"", [""T""]]]",yes,yes,C->T,2
chr5,26501618,26501885,CAAAACCTTCAAAATCAGTGGTGTTTAACTGCTCAAGAAAGTATTAACTTGGTTGGATAACATGCTCTGCCTCCTGCCATTTGAAGATCATGCTGATTTTATTGATCTGGTTTTCTATTTTTTTCCCATTAGCTTTTCCTTTAAAGGCAATTGTGCTAAATAAGTAGCAGTGTTCACTGACAGCTTTCTGCTCCATGTCACCCATGGAGATCTTTAGTTTTCTATGGTGTTTTCATGGTTTAGGTTGCTAATGAGCTGTCTTCTTCAA,"[[26501658, ""C"", [""G""]], [26501704, ""G"", [""A""]]]",yes,yes,G->A,2
chrX,122641838,122642143,TTTCTTTTGTAGAGCTACGTAGGTACAATCCCAGGATGCCGATGGGCATTCCTGGTTTAAAGTACTTAAAAACTTTGTGAAATAAACGTTCATACACAGTCTCCAATCGCTGTTCTTTCATTCTGTCTTGAATCTATTCCAGTTGGACTTTATCCCTCTGCTCTTGAAAAGGTTCCCATTGACCTATGCCTTGCTAAATCCACTGGTTAAGTGTTGTGGATCATCTTACTCAACCCATCTCTCTCCCATTCCAAGAAAAAAAAAAATTGCTTTTTAGTTCCAGCCACCACACTCTGCTATTTCACT,N,no,no,N,0
chr1,160072194,160072522,TGGAGCTAAGGAAGGAGAGACTGTTAAGGAGGAGGTTCTAACAGTGCCAACAAGTACAGAGAGAAGAGGCATTGGGTTTGGCAGTGACAAAGTCTCTAGTGACATTTGAGAGCAATTTCAGAAGAGTGAGCAAGGTGGGAACCAGATTACAAGTTACCACTAGAAAGTGAGAAACTGTCAGCAAGTATAGGTTACACTTTTGAGAACTCTACTCATAGAGAGGAGAGAAATAGAAACCAGACAATGTACTAGAAACAGGCCAGGCCAGGTGGCTCATGCCTGTAATCCCAGCACTTTGGGAGGCCAAGGTGGGTGGATCACCTGAGGTC,N,no,no,N,0
chr10,9034293,9034725,TGTGACCATAGCTTTTCAACATCATCCTGGAAGTCCTAGATTTCTTTCAAGGTTCTACTCACAACTGGATTTCTCCATAATCTTACATCTCCTCATGCACAAACTTATCACATAGCACACAGACTGGTCTTACATAATATTTTCTTTCTCTTAGCTCATTAAGCACTTTGTACATCTCGTGGCCCTTTTCATTTTATAATGTGTATGCATTTTACCTTACAGGGTGTCTCCTGTGACATAAGCCTTTGGAGAGACACAATAATCATGTCATCTTCTGCTCTGTCATTCACACAATGTATAGAACAATGATTTGACCAAGTAAGTGCTCGGATTTGTTGATTTTTAATAAGATACTATCAAGTGCTTATACCAGTGCTGGAGATCAGAGACGACATTTATGCAAAATACTTTAAACAGGAGAGAGGTTGCATGA,"[[9034324, ""T"", [""A""]], [9034333, ""A"", [""T""]], [9034500, ""A"", [""C""]]]",yes,yes,A->C,3
chr6,160774343,160774759,GCTACAGTCTTCGCCAGGTTCTCAGTTTGAATAATTTATATCAGTTCTGTTCAGGTGCCATGCTCCCCTCCCTTGCAAGTTGAAACAATGAAATATCTCTTTGAATGTATTCTGTTCCTTGACCAGTTCATGGAGTGGGACTCAGCATTTCTCTCTTTGTTATGGCCTGAGTAAGGCTTTCCATCAGTATACATTTGCTTCTTATCCCTGGAGAAATCACACACATCCATTTGCCAGATGACGTTGCAGATACTGACTCAGCAAATACTCAGTGCTTGGGTTAGGCCCCCACATTGTTATACATACATATATGCGTGCGTACATACATACACACCTGTGAGTGTGTGTCCCGTACAAATACTAGCTTATTTATCTTGTGGTATAGGTAGGGTAGTATATTCATCCCCATTTTATACA,"[[160774348, ""G"", [""A""]]]",yes,no,G->A,1
chr4,127151960,127152312,AATCAATGGAAATAGTTACAAGATAATTTAAGAAATTGTGGCAGATATAGTAACCCAGAATCCAGAAGATGGAAGCACAGGGGTAAACAAGCAATAAACCTCTAAGTAATGAGTTAGAAAGCAGAAGAAGAGAGGTTCTCTGAATTCCTTTGAGCTTTGCTATTTGTCATGTGGTTCATGACAAATGGACATCATATGCTGTAGGCCCAGATGGTTTCACTAGTAAAATCTATCAAACACTTAAGGAAGAAATAATACCAATTCTGCATGTTGTCAAGGACAGACAGAAAATAAAGAAAAATGTAGGACATTCCAAGTAATTTGAAGAGGCAACATCACCCTGACCAAAATCA,"[[127151968, ""A"", [""G""]]]",yes,no,A->G,1
chr1,115343417,115343678,CTCTCTCACTCCTCTCCCACTGAGCCAAACCCTCAGTGTCCCTCACGAGCCTACAGCCAATTCAAGTGTGCCTCCATCTGGGTCCTCACTATACAACCCTCCCTGGCCCTGGAGTTGGTACATTCCTATTAGGGCCACCCAAGAGATACCTCTGGGGCAGGATTCCCCAGGGATCAAGTTTGCCTGCATAGCATCACAGCTGCTCTTTCCTGTCACACGGTATCATGTTGACAATTAAGGTTTTGTGGTGCTGAGGCAGGCA,"[[115343634, ""T"", [""C""]]]",yes,no,T->C,1
chr3,196244806,196245124,CTCTGAAACATGTGCTGTGTCCACTCAGGGTTAAATGGATTAAGGGCGGTGCAAGATGTGCTTTGTTAAACAGATGCTTGAAGGCAGCATGCTCGTTAAGAGTCATCACCACTCCCTAATCTCAAGTACCCAGGGACACAAACACTGCAGAAGGCCGCAGGGCCCTCTGCCTAGGAAAACCAGAGACCTTTGTTCACTTGTTTATCTGCTGACCTTCCGTCCACTATTGTCCTATGACCCTGCCAAATCCCCCTCTGCGAGAAACACCCAAGAATGATCAATAAAAATACATAAATAAATAAATGAAGTTTTATCCTCA,"[[196245109, ""A"", [""T""]]]",yes,no,A->T,1
chr6,14295903,14296207,GCTCTGTGCTAGCTTAGCTAGGTCAGGGGATACAGAAATGAGTAGGTCACAGTCTACTCAAGGAAATAGGCACATAAAGAAATACTTACCAATGAGTCTTCATTCTTCACCCAATTTAGCTTTGCAGCAAACCTCCAGAGCCCATATTAAAAACATCCATGGAACAGCCTACAAAACACACACATGCACAAATACACACACACACACGCACACATGCACAGGCACGTACACCAACTATTGCCCATTGGGGAAGATGAGGTCAAGTAAACTTATATGAAGCAAAAGAAAATAATTTCCTGGACCTT,"[[14295987, ""T"", [""C""]], [14296119, ""T"", [""C""]]]",yes,yes,T->C,2
chr7,114806793,114807070,AAACATTAGGCACTCTACTATGCTTTTAAAATACATCATGTAGTTAAATCATAGTAATTCTATCAGCCAGATAACATTATTCCAGTTGTTACAGATAAGAAAAGTAAAGAGGCTTGCTCAAAGTCACAGAGCTGGCAATTCGCCTGGTTCTAAACACTTGCAAACTGCTGCTAAGTCTCTCAGTTATATCATGTGATCACCTCCATAACAACCCTGTGGGGCAAGCAACATCAGCTAAAGGGATTGTAGCTCAGAGAGGCTAAGTGCTGTGCCCAAGG,N,no,no,N,0
chr12,24860101,24860552,TATGTTATCCACAGAAAATTGTTGTCTTGTTTTGATCCTCTTTAAAAGATGGTTTATAATCAGATAGAGGGCTCTTAAATGCAGGTTTCTGAAAAATTTTGTAAAGTGTGCCATTAAGATAGAGAGGAAAAAAACTTTCAAGAGTCTCCCTTGGGAAACCAATATGTTCATAAATATTGAGCAAACAGGAATTAACAGCATGGACTAAACTAATAAAAGAACAAAATAACCTTCTAGTGACTTTTTGCTTAAAATGTTGCTGATCCTTTGTTTCATTTTTCAGAGTCAAGAAACCTTTTTTTTTGAGCTATTTACAGTTGTTAAAAATTGAGTAAATTATACTCCTATGAGAAAACTTTGGAGCATATTTCTTTCTACCTGATTTCTCAAGAATTTGAAAACTATTTGTGAGTATTCTTAACTTATGGCAGCATAGTAATTTGCATATGTGC,N,no,no,N,0
chr6,161327485,161327762,GATTATAAACAATTTGATCACATAAAAGTTATTTTTTTAAAATAAATCCTCTTATTGTGACTTACACAGACCATTCATGACATGCCTGGACTTTCTTGTTTGTCCTGAACATCCCTCTTTCTTAAAAAACAAGTCATTTTATTTTAGACTAAATTTACCATACAAGATTCTTTCTTATATGAAATTATTCCTCTTTAAGCTTTCTTTCTTTTTTTTTGAGACGGATACTTACTCTGTCACCCAGGCTGGAGTGCAGTGGCACGATCTCAGCTAACTGC,"[[161327523, ""T"", [""A""]], [161327706, ""T"", [""C""]]]",yes,yes,T->A,2
chr3,99344200,99344602,TAACAAGCTCTCTTGATCTAGGTTCAGTATACCTTTAGCAGTGAAATCAATTTAGTTCCAGTGAAAAAAGTGATTATATTATAATTCCCTGGATACATTAAGTGTACACAAAAGTCACATATTCCTGTCCTACTGGAGAGCTCTGGCTCACATATGGTTTCGGATATGCCTATTAGAGCCTTAGCTCAGTTTTGCTCATTTTGGAGTCCTTAAGAATGAGTCCTACTCCTCCATTCCCATACTAAGGCCTTCATGCAATGTGAGTCACTACCATCCTCTCTGATGGTATTTTTGTTGAGGTAGATCAGATTTGTGTTGAGCCCTCAAAATAGCAGGCTGTGTTTCTCTGTCCCATACAATATTATCACATCTACGCATCCTCAGCTCCATCAAATGACTTCCA,N,no,no,N,0
chr3,28949577,28949960,CCATTGAGTTTGTGGATAAAAAAAATGATGTCGCAAAAAGAACTTAGGTTTTAGAACCAGAGATATCTGATTTCAGATCCTAGCTTTGCCATGTACCAGCCTTATAACTGTAAATTATTTAAGCTCAGCAAGCCTAAGTTTCATCATCTGTTGGGACTAGTCATAACTACCTGGCAGAATTGCTAGGTGCTTAGATGAGATGACTTCTGTAAACACCTAAACCTGTGATTGAGGTATAACAGGCATGGAGCCAAAGTTAATCTTGGTTCCTGTTTCCCTGCTAAAGCTGAGGCAAGAGGAAAATTCTGCTTAGTTTCCTGGATGGTGTTTATTTGATGAAGGATGTCAACTGGTAGAGATCTAGGTGGGACTTTTAATTCTTGC,"[[28949779, ""T"", [""A""]]]",yes,no,T->A,1
chr3,106831026,106831296,AGTACTCTTTACTTAATCCTTGTCACAACCAACTAACGTAGATGCTGATATTAATCTCTATTTAGAGATAAGTAAACTGAGGCACCAGAGGGTAAGTAACTTGCTGTAAGTCACACAGTTGGGAAATGACAGAGAAAATGCAGGGACTCGGCTGGCTGCAGGGTTCACCCTCTTAACCCCTTGATGTCTCTTGGAGCAGGAGCACAGAGAATATTTCAGTATCAGAAGCTACATATGTGGTTTGTAGGATGGGAAGGGCATGGGCAAGAAA,"[[106831058, ""A"", [""C""]], [106831078, ""G"", [""A""]]]",yes,yes,G->A,2
chr5,125525408,125525684,GGGTGTGCTTCATGGGTTGTGGTTATAGTGTTTCCTGATGCCTTTACTAAACAAATAAGAAATATATCAAATTATCTCTAGGTCCGGAAACTTCACTAGGGAATATGCATAGTAAAGTCCAAGTCATGCAAACCAAAAGCCCTGGAAACGGTCTTACATGTCAGGAATGCTGACATGAGCCAAAGGCCTTGGCTCTCTGAAGGCCAGTTCAGTCTACTGAACTAACTCTCAGCTAAGACATCAAAAGTTAGAAGGAAACGAGCCTCTAGAGCCGTCC,"[[125525447, ""C"", [""G""]]]",yes,no,C->G,1
chr5,104444624,104445077,ACTTAATATTAGTCTACAAATGTGGAGCTCTCTTATATTCATGCCCAAACATACTCAAAGAATATGTGATTAACTTTCTGTTATATCTCCAAGATATTCTGCTTGAAAAGATGCTGTGATTGATTACAAGTCTGCAAACCAATATCTTTCTGCATCAAAATTCAAGTGCATTACCGTAGCACAGAAGGGTGTTATGGCAGATGTCATCCAACTGCTTCGTAGCTGCATGATCGATGGTGCGAATGGTGATTGACGTTATTGACATGCCCTGGCACCTAAAATAGAGTGTATATGTATGTGTGCCAGAGGGAGGGAGGGGCTCATATTCGGATTTTAAAAATGCAAAACTATAGGGCCTGAAAAATAATTGACCACAGAAAAGGAGTGAAGTGAATAATGAAAGTAATAGTTGCTTTTGAAAAGAACAAATATAGGTCCAGCAAGAAATATGGTT,"[[104444772, ""C"", [""T""]], [104444877, ""T"", [""C""]]]",yes,yes,C->T,2
chr9,95429140,95429425,CCTCCTGTTCAGTCTGTGGAACAGTGAGTCAAGTTTTTCTTTACGAAGAAAGAAGTTTTTCTTTCTTCCTAAATTACCCGGTCTCACATAGTTCTTTATAGCAGTGCGAGAACTGACTAATACAGGGACATTTGCCCGGAATGTGAATTTGGTTCCCTTGAGAGCCTTTAAACTGTTTATTTCCAGGTTCCTCCCGGTGTGAAGGAGCATCACTGACTCATGCAGGTCTTTCTTCATTCAGGAACTGGCCCTCCATGGCTGTCGCAGCTCCTTCGAGAACGCCGTG,"[[95429183, ""T"", [""C""]]]",yes,no,T->C,1
chr6,111318165,111318374,GCAAGCTCCAACTCCTGAGTTCACGCCATTCTCCTGCCTCAGCCTCCTGAGTAGCTGGGACTACAGGGGCCTACCACCACGCCCGGCTAATTTTTTGTATTTTTAGTAGAGACGGGGTTTCACCGTGTTAGCCAGGATGGTCTCCATCTGCCCGCCTGTATTTTTAGTAGAGACGGGGTTTCACCGTGTTAGCCAGGATGGTCTCCATCT,N,no,no,N,0
chr9,43082307,43082674,TACATTGTAAGACAGTTAGTAGACCCAGCAGAAATGACTTCAAAATATTTGTGGTTTCTGTGAAAGTTTGAAAATCTGTTGACTCCCTGGTTGTTCTGTTTGGAAGTCTTTTATGCGTTGCTTTGCCTTTCTTATTTCTCCTTACACACATACAAACTCTTTTCTTGCCTATTGTGTGTACTTGGCTGATTTTCTGGGCACTGTGCCCAGTTGGTTTAATGTGTGCTTATTATTGTCTATAGCATTCCTGATTCTGTTTTGGAGATGGGTATTCTATGAATTATTAATGATTATTATCATCCTTTAGAATCAACTTTGCTTTTGGAATTTAGAAACAAAAGATGAACATTGAGCCCTATGGGTAATCA,"[[43082423, ""A"", [""G""]], [43082431, ""C"", [""G""]]]",yes,yes,C->G,2
chr6,12836076,12836282,GCAATGCTTTTGAACTGAGTACCGAGGACTTTGTTTCAGCTTGAATTGCTTTCTGTAACCTGTAAGGAAGCCATCAGCCTCACCTGACTTCTAAAGTCATCAGAAAGTGCACCCACAGAGCCTTAAAATATGAAGTATCAGCCTGGTACTGAGTTTCAACTGCTGTCTCCCTCTTCTCTCTCCTGCCAACTCTGTTTCTTTTTTCAG,N,no,no,N,0
chr3,137770231,137770524,CTGGGGCGTCTACTTAAAACCAGAGATTCGCGGTCGGCCCCACGGAATCCCGGCTCTGTGTGCGCCCAGGTTCCGGGGCTTGGGCGTTGCCGGTTCTCACACTAGGAAGGAGCCTGAAGTCAGAAAAGATGGGGCCTCGTTACTCACTTTCTAGCCCAGCCCCTGGCCCTGGGTCCCGCAGAGCCGTCATCGCAGGCTCCTGCCCAGCCTCTGGGGTCGGGTGAGCAAGGTGTTCTCTTCGGAAGCGGGAAGGGCTGCGGGTCGGGGACGTCCCTTGGCTGCCACCCCTGATTC,N,no,no,N,0
chr7,30857503,30857751,CGCTCTGTCGCCCAGGCTGGAGTGCAGTGGCGCGATCTCGGCTCACTGCAAGCTCCGCCTCCCGGGTTCACGCCATTCTCCTGCCTCAGCCTCCCGAGTAGCTGGGACTACAGGCGCCCGCTACCACGCCCGGCTAATTTTTTGTATTTTTAGTAGAGACGGGGTCTCGATCTCCTGACCTCGTGATCCGCCCGCCTCGGCCTCCCAAAGTGCTGGGATTACAGGCGTGAGCCACCGCGCCCGGCCATA,N,no,no,N,0
chr4,47145601,47146023,GGAACACGACATAGCATGTCTATTTATAGGGCACTAAAAATGATTTCTAGTCAGGTAATCTTACAAAATCAGGGAATGCATATATAACATAATGAATATTTAAATGCAAGGGGAACTTCACATACTTCTGAAACCAAGGTATTTTTCAGTGGTAACATCAGAAGGGGACTGGCTCCGACAGGATGAGAATCGTTACCATAGCAACTCCCAGGCTGACTCATTCATAGATAACTCTTTAAACTTGTGACATGAGAGAAATTGCTCGAGGATTCTTAACACTGTACCAAAATACACATTGCTCCATGCAGATGAAAAAAATGCATCAGCACAGCCCTTTTTTTCTTCTTAAAACTCTCCGTTTTATTTCTATACAAGGTGTCTCTTGTCCTTCAGTCTCTCCCACCTTCAGGATAGGGAAATGGG,"[[47145663, ""G"", [""A""]], [47145934, ""T"", [""C""]]]",yes,yes,G->A,2
chr1,161256573,161256854,ACAGTATAACAGGTATTATCCTAACTTCTAATCTTGTGGAAATCAGACCCTATCAGTGCCCCACAAAGCTCCTGTCAGCACAGGGCCATACAACTAATACCCCTACTTATAGGGTTAGGAATGGCCACTGCTACAGGAACCAGAATAGCAGGTTTATCTACTTCATTATCCTGCTACCACACACACTTGAAGGATTTCTCAGACAGTTTACAAGAAGTAACAAAATCTATCCTTACTCTACAATCCCAAATAGACTCTTTGGCAGCAGTGACTCTCCAAAAC,"[[161256584, ""T"", [""G""]]]",yes,no,T->G,1
chr13,102699278,102699672,AACTAAAGGCAATGGAGTTGCACTTCCCAAGTCCAAACCTCTAGATGACGTCCATTTCTTCCCTGGCTCCGTTGCTTCTTCCATAACAGGCACATGATCCCAGGGGACCACTGACAATAACTTGATTGGCTGTTTCACCACAGCTCGCCCTGGGCTGCTATTCCTGTTCCCATCCCAGAATATGAATAGGAGACTCATTGATTTCCACATTGATCTTTCCTAAAAGGTCCACAAAGGATGAGATACTGATCAGGCAAATGCAAGACATACCCACCATGCCTACTTATAAGGGAGACTCAGTGGGAATTCCCTCCCAGAGAAGTGAGGGTTTCATTGGAGACACAGACCTTCTTCAAGAACCCTGGAACCACCGACATTCAAAGTGTGTGATTTCC,"[[102699326, ""T"", [""C""]], [102699659, ""T"", [""A""]]]",yes,yes,T->A,2
chr2,693249,693526,TTTCGGCCAATCAAACATAGCCAACTGTTCAAACTGTGTTCAAATGAGGCAAATGCTGAGCCATAACCAATCCAATGTCCCTTCAATGTCCATAAATCTTCTTCCAACCAAATGGTTGTGCTGGAGCCTCTGAACCTACTCTGACTCAGAAGGCAGACTGATTCGCAATTCATTCATTGCTCAAAGACTTTTAAATTTAATTTGGCTGAAGTTTTTATTTTATCAAGGGTTACCCCACAGCAAGAGCCCCTACAGAAGCCCGCACGTCATGCTTGCCA,"[[693294, ""A"", [""G""]]]",yes,no,A->G,1
chr10,24528935,24529348,TGAATAATAATATAACTTCTAAGAATCTCAACCTATTAAATATCCTATCAGTTACAAGCCACGCATCTTATTCTGATCTTAAAATTATGGACCCGGATGTTATTTTACTTGCAGTCTAATGTCTCTGCAGTGTCACATTCCACAGTGCCTTATCCAGCAACTAAAATTAATTTGGAAAGGAATCCCCATCTTGACTTGCATGTTGAGAAACATTAAAGTGTATTCCATTTATAACCACCGTACAGTCATCCCTTGGTATCCATGGGAGATTAGTTCCAGGACTCCCATTGGATACCAAAATCTGAGGACGTTCCAGTTCCTGGTATAAAATGGCATGGTATTTGCATGTAACCTACTCACATCCTCCCATATACTTTACGGGCCAGAACACTTCAGCAGTGTGATTCTGCTGCC,"[[24528999, ""G"", [""A""]]]",yes,no,G->A,1
chr15,26920214,26920649,TCTCTCTTCTCCTTTTGAAACTCAGTATACATATTAGTCACTTGATGGTGTCCCATAAGTCTCTTAAGCTTTCTTTTCTCTTCTTCATTCTTCTTCTTGCTCCTCTGACTGAATAATTTCCAGTGATCTATTTTTGAATTCATTGATCTTTCCTTCTACTTGATCTAGTCTGCTGTTGAATCCCTCTGAGGAATTTTTCAGTTCTGTTATTGTATTCTTTAACTCCGTGATTTCTTTCTGGTAATTTAAAAATATTTTCTGTCTTTTTATGGAAAATTCACTTTGTTCATATATTGTTTTCAGTAAGTATCTCTATGATGGTTATTTTGAATTCTCTGTCAGATAAATTATATAACTCCATTTCATTAGTCTCAGTTTCTGAAGATTTGTCTTCTTTCATTTTATGGAACATATATCCCTGTTCCTCATTTCTTTA,"[[26920484, ""T"", [""G""]], [26920583, ""G"", [""T""]]]",yes,yes,T->G,2
chr15,86728163,86728453,TTTATAGATGTGATAAGTGAGGTCCAGCAAAACTAAGTAACTGTACCACAGTTACCCAGGAAATACACAGTGCAGGTGGACCTGGGGCCTTTGGCTTCCTGCTGCAGGGTTCTTTCCATTCCATCATGTGACACTATTTAAATAGAAGCAGGCTAGAGTTGACAAAATGAGTTCCTTTCCATTTGCATGAGGCACTGAGCTTCTAAAGAAATTCTATTCATAAAAGTCAACAAGTTTCTTTTTGGAGCCTGTCCACAACTGCCCAGGCTTAGGGTAGAACGAGGCATTCCA,"[[86728204, ""C"", [""T""]]]",yes,no,C->T,1
chr2,129918603,129919019,GAAAGGAAAGAAAGAAAGAAAGAAGAAAAGAAAAAAAAGAAAAGAGGGAGGGAAGGAGGGAGGGGAGGAAGGAAGGAAGGAAGGAAGGAAGGGAAAACAATGTATGAACAAAATGAAAATTTCCACAAAGAGACAGAGCCATAAAAAAGAACCAAACAGAAATTCTGGAGCTGAAGAATACATTAACTAAACTGAAAATTCAAGAGAATGTTTCAACATCAGACTTGATCACAGACGAATAAAGAGAAAAAGAATGAAAAAGTTAAGAAAGCCTAAGGAAATTAAGGGACACCTTCAAGTGAACTAATGTATACATTACAGAAGTCCCAGAAGTGGAGAGAGAGAGACCCAGAAGTGGAGAGAGAGAAATGGGCAGAAAACTTGTTTAAAGAAATAATGGCTGACAGCCAGGCACAG,"[[129918608, ""A"", [""G""]]]",yes,no,A->G,1
chr3,155302475,155302906,AGAGTGTTGTCTCAGTGTCATTCTTACCACAGTGCTCATGTTCTTCGAGTCTGGTATCAGCAATCTCCTCTAAAGCAGAAACAAAAAGTGTTACTACTTCAGATAGATGTTTATTGACTGAGTTGGATGATTTCATCCTCCAGAGAATCTTTGTGCTTCAGAGAAGTCTTGGCTGTGAAAAAGAATTATTTGCAAAGACCTGATAGATTCCAACATTCTTAAAAATACAAACTAACTCATTGCTGAGTCATAACAAAGGGTTGAGTACAAGGTCTGTGGAGTCACAGAGACTGAGGTTCAAATCGCTGCTCCACTAGCTAATATTTGTGGGAACAGGTTACTGTCACAAAAAATTTCTCCAAACTTGGAAGTAAGGGAAAAAAGGTGGGAACAGAGCTTTTCAATATCATATGGGGACAAAGGTCCCCCAGG,"[[155302504, ""T"", [""C""]]]",yes,no,T->C,1
chr2,108919168,108919636,GTGCTTGCTGTTTAGTGTCATGGAAGAGCATCCGGGCACAAGAGACGGAAACCACGGGAGTACGCAGAGTAGCAGAGATTTCTCCAAAAGGCCAGCCTGCTCTGGATTTGCCTGAGGGGACTTCGTCACTGATGATAAGAAAACAGCTGCCAGGCTATTGCGTTCTTTCATTAACCCTCTGACCGCTTTTTATTTATTTATTTATTTAGAGGCGGAGTTTCGCTCTTGTTGCCCAGGCTGGAGTGCAATGGCGCAATCTCAGTTCACCGCAACCTCCATCTCCCAGGTTCCAGTGATTCTCCTGCCTCAGCCTCCCGAGTAGCTGGGATTACAGGCAGGCACCACCACGCCCAGCTAATTTTGTATTTTTAGTAGAGACGGGTTTTCTCCATGTTGGCCAGGCTGATCTTGAACTCCCAACCTTAGATGATCTGCCTGCTTAGGCCTCCCAGAGTGCTGAGATTTCAGG,"[[108919188, ""C"", [""T""]]]",yes,no,C->T,1
chr2,177740702,177741096,ACAGCATGGAATTATTGCTTCCAGAGATTTTCTTCCATGCAGCTTTTAAAAACTTATTTATTTTTGTGGTCTTGTGAATCTGTCTCTCATCATTCATAAGTTCCATAAGGAAAGGATTCAGATTCTCATATGTCAGCAATTATCATAGCCTAGTACTTTTCTCATGGCAAGTAATTAATAAATGTGGGTTGGTGGGATGCCAAGTGCATAACCTCCTGAGCCAAACAGATGTGCATTTGAATCTGAGTTTGCTGCGTGCTAAAGCTGTGGCCTTGAGCATCAGTGTCCTATTCTGAGAAGGGAACACAATGATAACTATCTTACAGTCATTGAAAAGCTTCAGTGAGACAAAATACTTAGCACAGTGCCAGGTTCATAGGAGGCCCTCAGAAAAA,"[[177740748, ""A"", [""T""]]]",yes,no,A->T,1
chr11,84245935,84246269,TGGCCAATTGGGTGTTGGTGGATGTAAGGTGAGCAGAAGCTCTAACTGTGTTTGTGTCACGGGCTTGATTTCTTGTCCTTTGACTATCACAATATGAAAACATACCCTGGATAGCTACTGTCCCACCTCCTGGTCCCCAGAATGAAACTTCTGAAGCAGAGATGCCCCAGCCAACCTGGTACAATGGCACCCCACTCACCCACTTATTCGTGGTTTCACATTCTGCAGTTTCAGTTATCTACTGTCAACCATTGTCTGAAAATATTAAATGGAGAATTCCAGAAATAAACAATTCATAAGTTGCAAATTGCTTTCTATTCTGAGTAGTATGATGA,"[[84245976, ""T"", [""C""]]]",yes,no,T->C,1
chr14,92689130,92689334,CAGCCACCCTCAGCACCCTCAGCCCTTGGGACCCTGGCCCCTGTCGGCCCGTCAGCCTCCCACCATCCTTGGCTCCCGTCATCCCCAGCTTAGGATCAGAACCATCTGTCACCTCTCCCAGGGATACCATTGCCTGTAGTATTTGCCTGGTCAACTCCTATCCAACCTCCTCCAGGAAGCTTTTTTTTTTTTTTTTTTTTTTTTT,N,no,no,N,0
chr8,128533917,128534227,GTTATAGTAAGCTAAGATTAATTTATCATTGAAGAAATAACATGTAAAGTAAATTTAGGGTAGCCTAAATGTACATTGTTTATAAAGTCTACAGTAGTGTACAGTAATAAATATCCTATGCCTTCACATTCACTCACCACTCACTCACTGACTCACCCAGAGCCACCTCTAGTCTTGCAGGCTCCATTCGTGGTAAATGCCTTAGACCATTTTTTTATCCCTTACACCATATTTTTACTGTACATTTTCTATGTTTAAATACACAAATTCTTATCATCGCATTATAATCACCCCCTGCATTCAGTACAATA,N,no,no,N,0
chr2,239838559,239838882,AAGACAGTGTGGTAATTCCTCAGGGATCTAGAACTAGAAATACCATTTGACCCAGCCATCCCATTACTGGGTATATACCCAAAAAAATATAAATCATGCTGCTATAAAGACACATGCACACGTATGTTTATTGTGGCACTACTTGGAACCAACCCAAATGTCCAACAATGATAGACTGGATTAAGAAAATGTGGCACATATACACCATGGAATACTATGCAGCCACAAAAAAGGATGAGTTCATGTCCTTTGTAGGGACATGGATGAAGCTGGAAACCATCATTCTCAGCAAACTATCGCAAGGACAAAAAACCAAACACTGCA,"[[239838572, ""G"", [""A""]]]",yes,no,G->A,1
chr6,70221090,70221389,TGCTAAACGTTTTTTTTTAAAACAAATGAATAGCTATGTCATTCTCTATAAAACCACTAGAGGGTAGTCATGTTACACTGATGGAAGCCCATCTCGGCTGGCTCATTCTGGAGGCAGCCCCTCACCTAATACATGCTGTGGCGTAAAAGGGACTGTGTATACAGTCAAAACAAAAAAAGTGAATAATTTTCACATTAAATAGGGTATTTCATAATTAATCCACTGGTTATGTAGACTTTTTGTATGTACCAGGAGTTTCTTATATTTCTTGAGCTTAATGTTGTGGTATTTGACAAAGCA,"[[70221108, ""T"", [""A""]], [70221191, ""A"", [""C""]]]",yes,yes,T->A,2
chr1,109053836,109054186,AACAAAAATTCTTCTGCTTTGGGATCCTGTTAATCTATAACCTTACCCCCAACCCCGTGCTCTCTGAAACATGTGCTGTGTCCCCTCAGGGTTAAATGGATTAAGGGCGGTGCAAGATGTGCTTTGTTAAACAGATGCTTGAAGGCAGCATGCTCCTTAAGAGTCATCACCACTCCCTAATCTCAAGTACCCAGGGACACAAAACACTGAGGAAGGCCGCAGGGTCCTCTGCCTAGGAAAACCAGAGACCCTTGTTCACATGTTTATCTGCTGACCTTCCCTCCACTATTGTCCTATGACCCTGCCAAATCCCCCTCTCTGAGAAACACCCAAGAATGATCAATAAATACT,"[[109053838, ""G"", [""C""]]]",yes,no,G->C,1
chr5,92850958,92851272,GGCTTACCAAATATAGGTACTAAGGGTTTTGGGTGACGGTAGGGGAAAATTTCAACATAACTTTGAACAGAATATTGGGCAGTGTCAAGCACAGTGTTGTGCTGGTGTGCTTGTCTTCCTTATTGAACTGTTTGCCAAGGAAATCCAATCCATGATAAATAGACAAATGTCTGAGATCACTGTGGCTCATTCTCTGATGAAACAGCTGCCTCCATGCTGTGTTTGTTGTTACAAGTTATTATAAATACTAATATTTTATAAGCTCTGGTACAGTTTAGAAATGAATCTCATAAACATAATTCACTATTTCCAAGT,N,no,no,N,0
chr8,85742870,85743367,TAGAATTCGGCTGTGAATCCGTCTGGTCCTGGAGTTTTATTGCTTGATAGGCTATTAATTATTGCCTCAATTTCAGAGCCTGTTATTGGTCTATTCAGGCATTCAACTTCTTCCTGGTTTACTCTGGGGAGGTTGCATGTGTCCAGGAATTTATTCATTTCTTCTAGATTTTCGAGTTTGTTTGCCTAGAGGTGTTGACAGTATTCTCTCATGGTAGTTTGTACTTCTGTGGGATCAGTGGTGATATCCCCTTTATCATTTTTTATTGCATCTGCTTGATTCTTCTTCCTTTCATTCTTTAATAGTCTTGCTAGTGGTCTATCAATTTTGTTGATGGTTTCAAAAAACCCGCTCCTGGATTCATTGATTTTTTGAAGGGTTTTTTGGGTCTCTATCTCCTTCAGTTCTGCTCGGATCTTAGTTATTTCTTGCCTTCTGCTAGCTTTTGAATGTGTTTGCTCTTGCTTCTCTCATCCTTTTAATGGTGATGTTAGGGTA,N,no,no,N,0
chr16,74461857,74462219,GAAAGAACACCCTTGTTCAACAGAGAAGTATGGAACAACGCTTTAGAGTGTCAGGACTAATGCCAAGTTGAATTCAGTGTTACAAAGAACAGGAATGCAGACCATGGAGAGCCTAGAAGATGGCCTTCAATTCACCAGATCATTCACGGCTGAAGGGAGAGAAAGTAAACAACTTTTCTCCAGTGGAAACTTCTCTGAGCAGCTCTGTGCGTAACCAGTTTTGCACGCAAATCCCACCTCGTCTGAGCAGTGCAGCTGGAGCTGAGGATCCAGGCGGTAGTCCAGGGCGGACTCCTGGATAATGATTCGGATCTGGTCTTCACAGTCTGAAGACAGGCGCTGCATGTGACAAAGGGAGGATAC,"[[74461884, ""A"", [""G""]]]",yes,no,A->G,1
chr7,34844418,34844867,TGAGCTTTTCTTGAGAGCGTTTTTTTGTTTTTGTTTTTTTGTTTTTTTTTTGATGAATGTATTTGTCTGGGGCAACCATTTTAGAAAGTAACTTTGCCTAGGTTGCTAAAGTGGCCACATGGGTGTCTCAGCATAGCCAGGGCTTAGAGAGTAGCACTCCTCAGGGAAGCCCTCAGCTCCTGCATGGTCACATAGTCTAATTTCAGCTGAAGCTGTTCAGGCCATCTGACCAAGTCTCTTGAGAGAGTCTGAGCATTCCATACCATTTTCATATAATATTAAGGTGTAAACTGAGCATTCTCCAGAAACCAGCCCAGAACCAACTTTAATCTAAAAATTTCCAAGGAAGGCCATCTGGGCATAAATGCACAGGATATAAGTGAAAACTGGAGTCTAACCTTTAATGTTCATATTGGCTGAAACAGAAACTGTCACATCTTGAACACTTCA,"[[34844627, ""C"", [""A""]], [34844827, ""C"", [""A""]]]",yes,yes,C->A,2
chr1,101463246,101463568,TTAAAAACGGACAAAAGACATAAACAGACACTTCTCAAAAGAAGACATACAAGCAGCCTACGAACATGAAAAAATGCTCAACATCACTAATCATCAGAGGAATGAAATCAAAACCACAATGAGATGCCATCTCTCATCAGTCAGGATGGCTGTTATTAAAAAGTCAAAAGACAACAGATGTTGGCAAGCTGTGGAGAAAGGGGAACACATGATACTGTTGGTGGGAATGTAAGTTAGTTCAGCCACTGTGGAAAGCAGTTTGGAGATTTCTCAAATAACTTAAAACAGGACTACCATTTGACCCAATAATCCCATTGCTGGTA,"[[101463253, ""T"", [""C""]]]",yes,no,T->C,1
chr4,177632602,177632894,GTTTGGTTTTGTTGTGTTTCAGTCTGTGCTTTTTGGTTGCTACAGGTATCTCAGCACCTCAGGCTGCATTTGCTGTTGATGTCTTGAGGTAGGAATTCCCAGATCATACTTGAAATTTAAGCTGCAGGCCCATTGTGCTTGTAAGTTTCCAGGAGATTTTTTTGGACCAAAGCCCAGGCTAAAATAGGCAAACAATGTTTGTGGGCATCCTCTATCAGTGGGAATATTTTTTTCTCTTTCACTCTTTTATTGTGTTTTCATCTAAATGATATGTGTGGTTGGCCAGGTGCAGT,N,no,no,N,0
chr8,122549260,122549525,CTTAATGGTATGCTTTGTCAGCAGAAGCCACTGAGGGACATTGCAGGAGGATGAGACTTCCCTTCCTAGTTGGACTCATCTCCAGTAGGCTTCTGCAGCATGTGCAGTTTTCCCTGCAATGTCCAGTAGTTGGCAGGATGTGGCATCTTCCCATGGGCAACTTCCTCTGCAACCCCTTATGCAGCTTTTCAATGCATCCTGCAGCACTATTCAGTGGATGGTTTTCCCCGCATGCCAGGCGGAGATTTCCAGCAAATCCTGCCAGT,"[[122549261, ""A"", [""T""]]]",yes,no,A->T,1
chr4,165070624,165070962,TTTATTTCTGATATGTTGTTATTTTTTAGTGTATCCTAGACATAAACTTTTAAACAAGACCTTAAAAAAATAATATCTCAGTTCAGGACATCATAAACAGAAAGTGAAAACAGAGCCCAGGTTACAGCTGGATTACAGGAACAGGCTTTGAGCATGTGTGAGCATAGTTTTTCTACTACAATTCCAGTAGTGAAATCACTGAAGTTAGTGACATTAATTCATCAACGTATATTGAGTGCCTACTTTGTGCCAGACACTGTTCTATGTATGAAGGACACAGTAGTAAGCAAAAGATAGAGCTTACATTCTATCAGGAGACACAGACAAAGTAAACAAGTA,"[[165070698, ""C"", [""A""]]]",yes,no,C->A,1
chr18,48521720,48522084,TCCACTGTTACCAGCTTTGTATCACTGTCAATGTTACCACAGTCCCCAAGCCCAGGTACAATTCCCAGCTCTGAAAAGGCCGCACAGGGCCTGATCTGCTCCCTTCCCTTGTCCAGGGAAAATTGCAGTCGACACAAATACAGCCAATCCCAGGAGACAGTCATGCTGAAAGGGCCCTGTGTCCTAGAGGCTGCATATAATCCCCAATTATCCCCCAGTTTCCCCAGGGAGAGAATGGAGAGGTGAGGGCTTTCAAAAGCCAGCATCCCTTCAGTCTCCATTATGCGGAGACTCACACAGCCTCCTTTCTCCAAACAGCACAGAAGGTCACAGGGACACGGGGCAACAGAGGCAGCTCTTTCAGG,"[[48521758, ""G"", [""A""]], [48521813, ""C"", [""A""]]]",yes,yes,G->A,2
chr4,87671877,87672188,TACAGGTCCATATCCCTGATGAACATAGATGCAAAAATCCTCAACAAAATACTAGCAAACCAAAGTCAACACCACATCAAAAAGATAATTCACCACAATTGAGTGGGTTTTATTCCAGGAATGCAAGGACGGTTCAGCAACTGCAAATCAATAAATGTGATTTACCACATAAAAGTAAGTAAAAAGACAAACCATATGATCAACTCAATAGCTGCTGAAAAAAAAGGCATTCGATAAAACCCAACATCCTTTTATGATAAAAACCCTCAACAAACTAGCATCAAAAAAAAATACCTCAAAAGAATAGGAACC,N,no,no,N,0
chr5,82058741,82059226,TAATTCTGTTAAGTAAATATTTTAAAAACTTCAAACTTCTTCCCACTGGAGAGAGATCCAATTGCCATTGGATCCTGGGCCTGTTGTAGGGGGAGAAGGAGGTATTTTCCTTTGTAATACTGAAAGCAAGAATTGTGGTAAAGTTATATAAGATCCACTCTGACTCCAGATTGTAGTGAGCCGTCATACTTTTGGTTTCTCTTGGACCTGAATACCACAGATGCCTTCTGTTGTCTATTGATTTTTTTTTCCAAGTAAAATTCCCTGAATATAGCCCTAGCCCCAGGCTGCTTAATACTTGATTGGAGACCTCTTTGCCTGCTCTGCCTTTAGCCCCTTTTCCCTTGAAAATATGCTGGATCTGGGTCTTATTCCTTAGGGGACTTTAACCTTGACTTGAAAATCTTGCTGAACCAAATTTTATTATGGTACTAATGACTGAGTGGTTTTCTGAGATATTTTCATTTTTCTTTTTATCGAAATGCA,N,no,no,N,0
chr17,73703058,73703329,CTCAGCTATTGATGGTCCTGAATATTCCTGCCTGTTGGGAGTCCCAAGGAATCACAGCTGAGTTCCACTCTGGTTAATGGCCTCAGGGTGGTTTTCTGTAAATGATTGTTTGGTACAGTGCCAGGGCTAATGGACTCAGGGGCTGGGGGGGGTCGCTAACAGTTAGGGGCACAGAGGCACCTGGGTCCTTCCAGTGTAGGCCTGTAGTGTTCCCAACCCATCTGACCAGCAGGCTCTGTGGGCTCACTGCACCTTGTACTCCTGGTCAACTG,"[[73703164, ""C"", [""T""]]]",yes,no,C->T,1
chrX,11294696,11295004,GATTATGTGTGTTTTATGGAGCATTCATTACATCCATGTTTCAGAAGAGATAAGAAAAGTGGATGTTGACTTACATTTCAGAACCATCAAGAAATGGGGACCTGGATTTTATTTGCCTGCCTCCTGGGAGCAGCTTTTGCCATGCCTGTGAGTAAAACACCCCTTGCATAAGTCAGTGTCCAATTTCACAAACTTGGACATAAAAATCTGCTCATAGTTGGTGAAATTAGGGTTTAAAACAGTATGAGATCAGATGTCTTCATATGTCTCTGGGTTGAAGAAACACTTCAGGAGCTTGTTTTAAAAAGG,N,no,no,N,0
chr11,45509796,45510036,TGATCCACTGTAACAAGCAGGAGAATGACCTCTATGTATGTGCATGCACGTGTGTGAGTGTGTGTGTGAGAGAGAGAGAGAGAGAGAGAGAAAGAGAGAGTATGTGTGTGTGTGCGCGCGCGCGTGTGTGTGTGTGCAGGCAGGCAGTGGTGGCAGCATCATACATTTAGCAGATCTTGGTAGTCAGAATATGGTCTATAAAATTTGAAGACCTGGATTTAAATCCTCCATTACTTTTAGC,"[[45509852, ""T"", [""A""]]]",yes,no,T->A,1
chr1,241942447,241942722,TTGCTGGATACTTACCCAAGAAAATATATACATAGATACACACAAAGGCATACGTACAAACCTAAATATACAAAAAAATTAAAAAGAGCATAACACACAAACATCATGTAGTTATTTTTGTAACCAACCAGGCAAACATTACTCACCCATCACATAGTTATTAGATTGAAAAAGATCACTACAATTATGTGGCAATAGCAGAGGAAGCTCCTTTTGGCAAAACTAGTTTAAGCATTCACTCTTAGGCATAGAAACTATAATAAATATTTATTAAAT,"[[241942495, ""A"", [""C""]]]",yes,no,A->C,1
chr8,70015411,70015710,CACCATGTTGGTCATGGCTGGTCTTGAACTCCTGACCTCAGGTGATCCACCCATCTCAACCTCCCAAAGTGCTGGGATTACAGGCATGAGCCACTGCACCTGGTGAGACCTTACCTAGTCTTAGGGGAATTACCTACCAAACCCTTTACTTTCGCAATTACTCAGCTTCACAACAGCTTTACAAAAGAAAAATGCACGTCTCACCCATCCGAAGGCAGCTGTGTATTTGCTCCAGGGTGGAAAGGCCTCTTGGAGACCCAAAGAGGAAGACTGTTTTAATGCTCACTCCAGTTGCCTTAA,"[[70015412, ""G"", [""A""]]]",yes,no,G->A,1
chr3,193357175,193357468,TAGAGGATATTCCCTAAATAGTAGAATGAATTAATGAGGTTCAAGGCAGTACATGGGGTATGGAAAGCAGTTTAGAAAGCAAGCCTAGAGTCTCATGCTCTTTCGCTCTCCAAGTTTGGCAATATTACCATTAAGAGAGAAGAGATCCCATGAGGACGGGGATCCAGTTGATCAATATTTGCCTGTAGATCATCCTCTTTACGGTTCATCTGAACTGTATTGAAATCACAGCCTGGCATGCCCCTTGCTGCTGTGTCTCTTCTACTGCTTCTTGCCAAAAAATATTGTGTGTTT,"[[193357278, ""G"", [""C""]]]",yes,no,G->C,1
chr18,36149889,36150299,CTAAGGAGGAGATATCTCTACCCATTGTTGGACATTATGAGCTGTACAGTGTATCTTTGGTCTGAAGAAATGATGGTCGGCCATCCAGATCTATTTAATATCTTCTGTTCTGGTTTTTTTATGGCATGTTGAGCATTTTCATCTTTCATTTGATAAGCAAAACCTACTACACAGTCAGTTTCAGTTCCTGTCAAGACCCATTTATAGCTCCCCAGGTCTACTAGCATCAGTCTTACTTGCCAGCCATGTTCAGGGCCTTCCCACCAGAGTCTGCCCTGTAGCCATCAGCAGTCTCTGTTGCTGACAAACAGAGCAGTTCTTTCTGGCATTATGTGCCTTGGAATTGCCATCTACTAACCCAGCAGCTCTTGAGAGCTGTTCATCTGACACTGCAGAATCCAGCAGTTTTTC,N,no,no,N,0
chr12,67853209,67853671,CTTTGAGTTTCAATAAAGTGACCTCTTTTAACAGCAAACATCATGTGTTTGGAGAAAATGTTCTCCCTGGGGTGGGGTAGGAGGGATTGTCTTCATTGTGCTGAATAGCTACTGTAGTGATATAAGCTTCTGATTTATCATCTAGCCTTAAACACTTGTCAGTGCATCCGCATGAAAATCTAGGCCAATTTAGTTTGAAGCAGAGCCCAGAAAAGTTCTTGCACAATATACATTTAAGAGGTTTTCTTTGGGCAAAAATAGTTACACCGTGAATTCTGTTCTCAAAGACATCCTTTTCTTCCAAGGTTATGTGGCAGTGACTTCACTTGGCAGTTCTATACTCTGGAACAAAATCTGAAGCAATATAAAAGCCCAGACAAAAAAAAAAAAAAAGCCAAATCACCTTCTCAGGGAAATTAAATGCACAGATATCCTCAAGGCACCAATTAGAGAGAAACAACAC,"[[67853212, ""C"", [""T""]]]",yes,no,C->T,1
chr17,82746087,82746307,CCGTCTCAAAAAAAAAAAAAAAAAAACTACCAAACTCTTTTCCAAAGTGGTTGCACCATGTTGCATTCCCACCAGCAGCATATGGGAGTTCCAGTTCCTCCACATCCTTGTCAACACTTGAGATTTTTTGTTTTAAATTACAGCCATCCTAGTGGGCGTGAAATATTATCTCACTGAGGTTCTATTTTGCATTTCCATAATGACTGAAGATGTGGAGCATC,N,no,no,N,0
chr7,38099101,38099330,AAACCCCAAGACTTGGCAGCTTCCATATGGTGTTGATGACACTGTAGGTGTCCAGAAGTCAAGAATTAAGGTTTGGGAACCTCTGCCTAGATTTCAGAGGATGGATGGAAATGCCTGGATGTCCAGGTAGAAGTTTGCTGCAGGGGTGGAGCCCTCATGGAGCATCTCTGCTGAGCAGTGAGAAAGGGAAATGTAGGGTTGGAGGTCCAACACAGAGTCCCTACTGGGGC,"[[38099137, ""C"", [""T""]]]",yes,no,C->T,1
chr5,74610603,74610954,CCACAATTGCTCCTGTCTGAAAAAGTCTGCCTCTTCCAAGGTCCTGCCCCATGACTCCTCCATAGGAGGAGCCCTCATCCACTTACTGGTCACTGGGGGATAATAAGGCCCCAATTAGGCACAATTCTACAAGAGCAATCTGCTCCAGAGCTCCCTGTGGGATCTGCTGGGTCGTGTGGAATTGCATGGCAGCGTGACCCAACTTTTCCCTCTGCCCAAGCCTGCTTCCATCTCCCTCTCACAGGTGTTGATCCCAAGAGTATGTCCCCAAACACCATCTCAAGTTCTTTTTCCTGGGGAACCTGACCTGTGGCACAGTGAAAGCATTATAATTGATTTTGGACATTGGGCA,"[[74610628, ""G"", [""T""]]]",yes,no,G->T,1
chr4,80538330,80538635,AAGTTAAAAAGTTATAGCAAGCTAAGGTTAATTTATTATTGAAGAAATAAAAATTTAAAAATAAATCTAGTATAGCTTAACTGTACAGTGTATGTAAGTCTAAGTATTATACAAGAATATTTCTAGGCCTTCACATTTACTCACCACTTACTCACTCACTGACTCACCGAGAGCAACTTCCAGTTCTATAAACTTCATTAATGGTGAGTGCCTTATGCAGGTGTACCATTTTTTATCTTTTATACTGTGTTTTTACTGTACCTTTTATAAGTTTAGATATGTTTAAATACATAGATACTTACCTTT,N,no,no,N,0
chr1,25738517,25738828,ATGCTCACAGATTGAGGGGGTCAGTAATTCAGAAAGGGCACAACAGGGGACAGCTTGTCTCTGTGCAGTCATGTATAGACCCTCAGCTGGGAAGGCTTGAAGGCTGAGGCTGACTCGACAGCTGGGTGGTAGTATTATCTGGAAGCTTTTTGAGTCATGCGTTGCAATTGATGCTGGCTGTTGGCTAGAACCTCAGATGGGACTGTCAGTCAGAAAACTGATACATGGCTCTCTACATGTTTTCTCCTTGAGAGCTAGCTATCTTGGGCTTCCTTACAATATGGTGGCTGGTTCCAAGATCCAACATTCTGA,"[[25738533, ""T"", [""G""]], [25738795, ""G"", [""A""]]]",yes,yes,G->A,2
chr4,74830151,74830363,TCTTAAAAGAAGACATTTATGCAGCCGGCAAACATGAAAAAAGCTCATCATCACTGGTCATTAGAGAAATGCAAATCAAAACCACAAGGAGATACCCTCCACCCCAGTTACAATGGTGATCGTTAAAAACTCAGGAAACAACAGATGCTGAAGAGGATGTGAAGAAATAGTAACGCTTTAACATTGTTGGTGGGAGTGTAAATTAGTTCAACC,"[[74830177, ""A"", [""G""]]]",yes,no,A->G,1
chr13,67341481,67341724,CTTCCCATAGTACCATCAGATATCAGCCTGGGGTATATGGAGAGCTGAGTAATTGCCATTGCCTGACTCACCGGTGATGTTTATGATGTGGATACAAGTTGAGAGTTCTCCCATGGGTTTATTGAACTCTTCCTCCTGCCTAGAGAGGCAAGAAGAGTGATTCATGTTCCCTATAGAGAACGAGGGTATTGCTCTGGGATTTGACTTCCGCAATGCGGGAAAGAGCAATGACAGACTCTTACGA,"[[67341488, ""C"", [""T""]], [67341498, ""G"", [""A""]], [67341553, ""A"", [""G""]]]",yes,yes,C->T,3
chr9,123307022,123307296,GGACTAGCCACAAACACAGTGGTCACTAAGGGTTATACCTCAGGAGCTAGGGGTCCTCTGTCTGCTTCCTCTGAGGCCCAGGGATGGACAGAGGTGCACGGCAGTGCCTCAGAGGGTGAGCAAGGATTTTGTTAGCCTCTATCTAGATCCCGACTGTTTTATGAAATTTGATTTGGCCTCTGGGGAAAAACTAGCTGTGATCCAACAAGGGCAAAAGCACAGATGCCGGGGGGGAGAAAGCTTGTCTCTTAAAATGCAAAAGCTTGAAGGTGCTT,"[[123307057, ""C"", [""T""]], [123307257, ""A"", [""G""]]]",yes,yes,C->T,2
chr11,9056952,9057324,TTGCAAAACCTCTTCATCCCTAGCTTTTCCCAGAAATCCTGGCATTTCTTCAGTAAATTTGTTCTGTGCAAGTATTTGTTCTACCAAGACTGATCAGTGAAAAATGAGAAAAACCTAGTTTCTTCCCTAGGAATTGATGCCATTTTATGAAATCTGTTATTAATATCAGCCAGTTGTTGAGAAAGTGCACTTGTTCAGTAGCTGACTTTGGCTGCTCAGTATGGGCTTTTGCTTTGCCAAAAATAATGAGATCACTTTTCTAATTCCTTTTTAATGTGTTTACACAGCTTCAACAGTATTGCCTGCTCTATACACTAGGAAACATTATGTGGAACAGCAAATTTGCTTTCCAAGTCAAACTGAAGAAAACCAC,"[[9057042, ""C"", [""T""]], [9057129, ""C"", [""T""]]]",yes,yes,C->T,2
chr17,79197058,79197453,GTGGCAGCTCCTTGCGTGTTGTTTTAAGGCTGTGCCCATGTGGGTGGCTGGGCACGCGTGGGTAAAATGGAAGGAGGTGCACCAGTTCCTGTGAGCTGTGATTCTCCCCAGAAAGCCAGGTGCAGACATAAGAGGCATCCTCACATGCAGCCCTCCCTCGGGGCTGTCCACATGCTGTTTTCTGTCTGTCTCTTCTCTGTGTCTCCCGCTACATCTTTCTTTGTGTGTGCATCTCTCTGTCACTCTCTGCCTCCCCTCCACACTGCCATTCACTGCACTCTTTTCTCTGGGACAAACCAGGAAACAGATATTTCTTTTCTTTCTTTCTTTCTTTTTTTTTTTTTTTTTTGAGACAGAGTCTCACTCTGTCGCCCAGGCTGGAGTGCAGTGGCATGA,"[[79197214, ""G"", [""C""]]]",yes,no,G->C,1
chr3,98138233,98138465,TCAGAGTGAAACACAACAGAACGGGAGGTTTCACAATGTCCTACCATACGATGTCTGGAATCTATAGATAACAACAGTTGCTAGGTGAGGGGTCGAATTTTAACAACCAGGCTTAGGTCAGGCAGGCCCAGGCCTGGTTTCGGGTCTGGTTCCTAGACGCCAGGCTACCTGCCTTTAGTTTCACTTCTCTTTCCTTTTCTGAGTATAAAACAATATAAAACAATATGAGAGGG,"[[98138246, ""G"", [""C""]]]",yes,no,G->C,1
chr22,43946403,43946642,TAGCAGATTCTTTCAGAGGTGCTAAAGTTTCCCATCTTTGTGTAGCTACCTCCGCATTGCTGTGTAGTGACCCCTGCCTGTGACATGGAGGATCCCAGCCTCTGAGCTGAGTTGGTTTTATGAAAAGCTAGGAAGCAACCTTTCGCCTGTGCAGCGGTCCAGCACTTAACTCTAATACATCAGCATGCGTTAATTCAGCTGGTTGGGAAATGACACCAGGAAGCCCAGTGCAGAGGGTCC,"[[43946445, ""C"", [""T""]], [43946487, ""G"", [""A""]]]",yes,yes,C->T,2
chr9,122792269,122792618,GGTTATTACTACAGGTAAGCTGGGATCAGAACCAGATGAAATTTAGGCATAACAATATTTTAGGTATCAAATTGGCATGCTTGTGGTCACTTTAAGATTTAGTTGGGGTTATAAATAATGTTACTTAAAGCCTAAGGGTAGGGGTTGGTTGCTGGTGAATTTCAGTTTCATTCAGAGTGATGAGCATGCCTGGATTTGCATGTGGTTGGGTAGGATTAATATCATGACTGTTTGGTGTTAAGATTCCAGCATTGAGGTAGGGTTGGAGTTGGAGAGGGAATGCCATAACCCTGACCTCTTGGGCAACAGTAACTACACTGCCCCAAGCCTTGAGTCATGGAGGACCTCCG,"[[122792420, ""T"", [""C""]], [122792487, ""G"", [""A""]]]",yes,yes,T->C,2
chr9,136289586,136289950,CCCCCACAAGGGCTGCAGGAGGGGCTGCCTCCTGAGGGTGGGGGCTCATGAGGAGATGGAATGTTCCGGAACTCAGTAGAAGTGGTGGTTGCACAGCACACGGGGAAGGTGCTCAATGCCACGGAACGTGCACTTTAACGTGGTGGATTTAAGTTTGATGCGACTCTTGCCTCCATGAGAACAAGCACAGTGGTGACCGCCTCCTCCAAGCAGGCAGGTGGCACTGTGGGCGGGCAGGGCAGAGCCTGCCCCACCTGAGGAGCCTCTCGGTCATGAGGCAATGTCACGAGGGCCCCAGAACGCACCCAGAACTGTTCTTGGCCCCCCCCAAGGCCCCGCCCGGCATGTGCAGCACCCACACTTTC,"[[136289636, ""G"", [""A""]]]",yes,no,G->A,1
chr13,33498775,33499062,ATATTTTCAATATTGCATATTTGCATATGCAATGCTTCAGAAATACTGAGAGAGGAATCTTGAAATAGTCTCAAATTCTTCCTACCACAACAAAACTATTTTGAGTACACTGCAGCACTTTCGGAGGCCGAGGCAGGCAGATCACCTGAGGTCAAAAGTTCAAGACCAGCCTGGCCAATATGGTGAAACCCCGTCTCTACTAAAAATACAAAAATTAGACAGGTGTGGTGGCACATGCCTGTAATCCCAGCTACTCGGGTGGCTGAGGCAGGAGAATCACTTGAACCC,N,no,no,N,0
chr1,215292868,215293278,CAGAAACTTGCAACATAATGATTAATATGGAATGGCAGAACTAGCAAAAATCTAGGCTAGGCAAGAAGCAGTATTGTTCTTGATTTCACCTCACACCTAAAATCAACTCAAATGAATTTTGCAAAAGCCTTGGCATTTGGAAATGTGGATTGTGTGAGCAACTTCTACCCAAGCAAATCCAGTACATTCCATTTTTGTGCTGAGCATAGAGCTGGCCTGATAATTGGTGCCAAAACCAGATGTTTGACTTTGGAAAAAGGGCATTCCACACATTCATCAAAAACACTTCTTGGCAAATCCAGCAGTACAGGACACATATGTGTCTCCATGGTCGATAGTGCAGAAACCACATTGGTTATATATGAGAAGCATTGTAAAACTGGATGTATTTATAGAAATGCTTATATAACA,N,no,no,N,0
chr2,209984318,209984761,AAATTAGCAGGGAAAGTTGTGTTCTTTCTTTACTTTTCTTAACGGCATCAGTTCCAAGAGCTTGGTTGTGGCAGTTCATGGTAAGTGGTTTCTGTGTGCTAATGTTAGAATGCACAAGAAAGAAGCAGGGTCCTGGTCAATGAAACACCATGTACATAAGACAGGTTAAAAATAATCACCACCTAGCCAAATGGTTACCAAAGGAAATGGTAGTTTCATCTTCTACAGATTCATTCTGCAACGTGTTTCAGAGCCTATGGGCCCATTCGGAGTTCATTTTAACTCTTGACCAATAAATAGGTTACTCCTCTGAGAGTTGTATCCATCCAAAGCCCTTCCTCCCCCATTGCCTTGAGTCCTATGTCTTGACAAACCCAGCACAAGGTGAAATGGTTGACTGTCTCCTTTTCCTTCCTTGTTCGGTTAAATCTATTTATTTTTGGT,"[[209984360, ""T"", [""C""]], [209984559, ""T"", [""C""]]]",yes,yes,T->C,2
chr6,50845387,50845671,AAAAGAGGAAAGGGAAGTTAGGAAGCTCGTCTCAGGTCACCAAAAGGGCCCAAGCAACTGTTAGGGCCACACTGCAGCCCATCTCCAACCCCTAGCTTCGTTTAGCACTTCTGATCTTCATGGCCCAGCCCTAGAACTGTTGAGAGGAATGCAATGGCCAAGAGCTAGACGTAACGGAGAGTGTAGTCACTCTCTTTTCCCAGCTCAGAGGCCTGCGCCTTCGTCCGAGAGCCCGGCCGATCGCATTAGATGTGTTCTGATTGCACAAGGCCAGGAGAGACCACA,"[[50845559, ""T"", [""A""]], [50845619, ""T"", [""C""]]]",yes,yes,T->C,2
chr20,6108401,6108756,TTTTTTTCTCATGGATACTCTAAAGTAATCCAATGAAGGGGCCAGGGCAGTTCTTATTATCTCAGCTTTGTAGACAAAGAGACTTAGTCTGAGTGACATTAGATCATCCTTAAAGATCACAGGCCTCAGCAGGGTGCGGGGACTCATACCTGTAATTCCAGCACCTTGGGAGGCCAAGGCGGGTGAATCACCTGAGGTCAGGAGTTTGAGACCAGCCTGGGCAACATGGTGAAACCCTGTCTCTACTAAAAACGCAAAAATTAGCCAGGTGTTGTGGCACATGGCTGTAATCTCAGCTACTTGGGAGGCTGAGGCAGGCAGGAAAATTGTTTGAACCCGGGAGGTGGAGGTTGCAG,N,no,no,N,0
chr1,240854332,240854753,TAATGTCATACAAATCTGTAATGTATCCAATTTAAAAATTTGAATTCAGAAAAAAGCGTTATGCACCATCTCTTTTTATTAAATTGGCTGGAATATGATGCTCTCAAATTTCAATCTGAGTTCCTTTACTCAATAACACTCCAATTTCACCCTCTCCTAATGCAAAGCACTGAATAGTAGGGGAGAAGATCCAAGTAATGACTCAGGAAAGGAGACGCTACGCCTCGTCTGGACTTTTCAGACGGCAGAGATCTCCCTGCCATGTGATGCCATCCACTGGACAATTAGAAGGATGAAAACAGTTTTCATTCAGACAAAATCTGCCTCCTTTTATCCAAAGCAAAGCAGGCTAATCTTACTCCTTTTTCCAATGACAGCTGCTTAAATACTTGAAGACAGATGAGTAACAGCATCTAACTTCT,"[[240854448, ""C"", [""T""]]]",yes,no,C->T,1
chr13,99821677,99822122,ATCACCTTTGCTTTCTCCTTTGCATGGGCAATAAAGAAGTGAAAAATAAATTCCCAGTGAGCTTGCATTCTGCTTGGGAACAACATAGCACATCCATTTTCTAGAGAGCTGTCCAGTCCCCATTTGAGGCCTGCTAGCCACATGTCAAGCAGGAACCCAGAGTATAACCAGGAAAATGTCTGTGGTAGACCCCAGTGATTCATGCCTCCCATCTCCACACCCTCCTGTAGTCCCCTCCCACGCTGATTCTGGACTAGGCCACATGGCTTGGCCAGTGGAACACATGCAGGCTTGCACGTCTGGAACTCTGCCACCTAATTTAGGATCCCAGACTCTCCTACTGGAGACACAGGTCCTTAGTGACAGTCTGCACCACCATTCAGACAAGTCAGTAGGGCCATCTTAGATCATCCAGCCCTAGTCAAGCCACCAGATAACTGTACCCA,"[[99821806, ""G"", [""C""]]]",yes,no,G->C,1
chr5,121816155,121816488,CATTTCTCTCAGGAGCCTGGTTGACAATAGCTCAACCCCTAAAATCTAGTTTTTCATTTCTATTGCTCCAGTTCAACATACATAACTGTATTCATCAGAAAACCAAAGTCAGACAGATTTCAAGCTCTTTTTTTGGGCTTCTGAGCCTCAGGCAAAAGCAAACCAAGGAATGTGGCTACTACCTCTATCTCTCAAGGTTCTATGGCCATTAATGAGGTTTTGTCTTTGCAAAACAGAGAACTTCTACTACCACAGTATTGTGCAAACCACATTATTGTTTCAAACAGGAAACAATACATGTAACCTCAGATTACATACATCTAAAATAAACATT,"[[121816190, ""T"", [""C""]]]",yes,no,T->C,1
chr2,201631088,201631382,TATGTTGAAGCCCTAACCCCCCAGTGAGTGCGAGGTCACTGGGAGGTAATTAGATTTCGATGAAGTCATGAGGATGAAGCTCCCATGATGAGATTATAATCCTTTTAAGAAGAAGAAGACACACCAGAGCTCTCTCTACCACATGACGACACAGTGGCAGCTGTCGGCAAGCCAGGAAGGGGCCTTCTCCAGTAACCTAATCTGCTGGAACCTTGTCTTGCACTTCCTAGCTTTAGGAACTATGAGAAATAAATGTCCATGGTTTAAGCCACTTAGTCGGTGGTATTTTGTTATA,"[[201631163, ""A"", [""G""]], [201631225, ""G"", [""A""]], [201631346, ""G"", [""A""]]]",yes,yes,G->A,3
chr2,53253420,53253624,TGTTAACCTCATTTCCTCTTCGTGAATACACAGAAACTCTACATTTCCCACCCTCCCTTGAGACTAGGTTGGGGCCATGTGACTAGGTTCTGGCCTATGCAAAGCAATGTACCCTCCATCTGGGTCTGGACATAACTCCTCCCTGTTCTCTTCATCCACAGTACTTTGCAGGCCCACGTTTAAGATGGCAGTTTCACACAAGGGA,"[[53253444, ""C"", [""A""]]]",yes,no,C->A,1
chr10,21144067,21144397,TCTCTGGTCTCTGTAATGAGAGGCATCTGCAGCACTGTTTGTGCCCTTGGAGGGCAGAAAGGTGGCACTGCCAAGGGGCTGTCACTCTACTCCTCCTTTGTCTTTGTATCCACCTCCTAAGGAACAAAGACACAGTCATTGCCCTCAGGCCCTCAGTTACCTTCACTTTTTCCCAGGATTAGGTAACACCTGCAGATGGGGCTGGATGGCTGCTGGTACTAGAAGAAACCTGTGCTGGGCACCGTTCCCCTTCCTTAACCCAGTGGCTTCCCTGGTACTGCATTCAACCATCCAAATCGCCCTACAAGGTAACGCACCCTCCTTGGCCAGT,N,no,no,N,0
chr3,169891864,169892313,ACCCCATTTTTCCAAGAATCTGAGGGACTCACTGATGTGCAAAACAGGTGTCCACGAGCCCCAACTATATGAAAAACATCTTCACATAACCATCATCCCTGCTGTTTGGAGTCTGGCCCAGAGAAGCATATAAAGAAAAAGCCTTACCCTTTCAGATATGTAAATTAGACTTCCAGCCACAACGGCTGCGTCCTTAATCACAGTGCTTCCGGTATTAGAGCTAGAATGATGACAGTGGCAGGATGACAATTCCTTAGCTAAAGAGTGTCAAGCATTCCAGCCTGGCCAACATGGTGAATCCCCATCTCTACTAAACATACAGAAATTAGCCGGGCGTGATGGTGTCCCTCTGTAATCCCAGCTACTTGGGAGGCTGAGACAATAGAATCGCTTGTACCCAGGAGGCAGAGGTTGCAGTGAGCTGAGATCACGCCACAGCATTCCAGCCTG,"[[169891890, ""G"", [""A""]], [169891982, ""T"", [""C""]], [169892069, ""T"", [""C""]]]",yes,yes,G->A,3
chr11,133123499,133123825,TGCCTGAGTCAAGGGCAGCACGCCTCCGAGGGTGACAAGCTATTCTGGACGGGTTCCCCACCTCCCTCCCCTGAAGCTGTTTTATCCAGGGCCATCTGGTCAGCCCGGCATGCTTGGAGGAGCAACACAGGGGTCCAGATGGATGGGTTCTTGGAGAGTTCTTTAAAAACCCATGCACCCAACCCCTGAATAACCATATGCCAAAAGGTCACCGCCTCCTGAGTGGCATCCTTCCTGGGTCTCTCTCTGTGGTTGTTCATTCGGATTCAGCACCCTGGTGCTTTAAGGGGTTATGGGGTTTTAATTAATTCATTATTATAATTATCC,"[[133123507, ""C"", [""T""]]]",yes,no,C->T,1
chr3,154364819,154365281,GTCATGTGCCTGCAAGCTGGGATTGCACTCTGGCAGTTCTAGAGTTCTGGAGTTTCAGGGAAGCCTTACTCCCACAGCTTCATGAGACATTGACTAAGTAGAGACTCTGTGGTGGCCCCACCTTCACAGACCTGCTAGGCATTGCCCTGGTGGGGACTTTTTGCAGTGGCCCCACCCCACGACTCTGCCAGGCATTGCTCTACTGGAGACTCTCTGCAGCCACCCTGCTCCTGTGGCATTTCTTTGCCTGGCCACCTGAGACTCTCTGAGTCATCCTTTGAAATCTAGGTGGAGGTAGCAATACCTCCACAGCTTGTGTACTTTGCATGCTTGCAATCTTAGCACCACTTCAATGATGAATGTTGATACCTTTTAACCCCACAGCTGGGAGCAGTTCACCAGAGTATGGGGGAGGAGAGACTTGAGGTGACCCTGGGCAGCAAACCCCAAGGTTCCACAGGTG,"[[154364879, ""C"", [""A""]], [154364998, ""T"", [""C""]], [154365007, ""T"", [""C""]]]",yes,yes,C->A,3
chr16,5850700,5850975,GCATTGCCTCGGTTTGCACAGAGAGTCAGTGAGAGAGGTGAAAGAACCCACAAGGGCGACTCCAGAGCCTGATGTCTCATTTCCTTCACTTGCCATCTCGAAAGGGCCCCGGGCCAGGTGTGAGCAGTTCACATTTGACCTTGCAGGCAGGGAGACAGGCAGCTCAGCGTGGGAGAAGTGATGAAGGACGGCTTTTTAAAGGCTGGGACAGCAGGTGCGCAGCCTGGCTGGAGATGGCATCGGGCATATCCTGCTGCGTTCCCGGAGGCTCATGCA,"[[5850732, ""C"", [""G""]], [5850888, ""T"", [""C""]]]",yes,yes,C->G,2
chr3,129938204,129938516,GGATCATTGTCCCTGTCCAGTTCACTGGCACATAGTAGACACTCGACAGTGATTTGTTGAATGAATGAATGCATGAATGAATGCCTACAGTTGGGAGTGGGCAGGCTGTGAGACAACAGAGAGTACGGGGACTGGGGATTACTGGGAGCTCAAGTCCCGGCTAATGCTCTCCAGCTGGTTTTTGTCTCGTGGGAAAGCATGTCATTACTGCCCAATTGACTATTTAAGAGAAGCCAGAAATCTGGATTTTTAGTGAAATTCTCCAATGTTTCAAGCACTGAGAACTAGTGTAGGTTTATAAAACATCTTGAGG,"[[129938275, ""T"", [""C""]]]",yes,no,T->C,1
chr8,104509210,104509664,TAAAAAGCTATTATTCTAATGAGATATTTCAATTTTCTCCTTTTTAGATAAAGTCCCTTATTCCAATAAAATACAGTAGCCCCACTTATCGGACATTTTGCTTTTCATTGTTCAGTTACTTGGAGCCAACAGTGGTCTGAAAATAGTAAATGGAAAATTCTGGAAATAAATAATTCTTAAGTTTTAAATTGTGTGCTGTTCTGAGTAGTGATGACATCTCTTGCTGTGCTGCTCTGTCCCTCCCGGGACATGAATCTTCCCTTTGTCCAGTGTATCCACGCTGTGTATGCTACCCACCCATTAGTTACTTAGTAGCCATCTCACTTATCAGATCAACTGTCACAGTATTGAAGTGCTTGTGTTCAAGTCACCCTTATTTTGCCATTATGAATGGCCTTGAAGCACAAAAGTAGTGATGCTGGTAATTCGGATATGTCAAAGAGAAGCTGTAAAGT,"[[104509250, ""C"", [""T""]]]",yes,no,C->T,1
chr3,75764634,75764927,TGATATACAAATAGCCAACAGATACATGAGATATATGAGAAGATGTGTAACATCACTAATCATTAGAGAAATGCAAATAGAAACCACAATGGGACATCACTTCAAACCCAACAGAAAGTAACAAGTGCAGGTGAAACTGAAACCCTTGTATACTGTTGGTGGAAATATGAACTGGCTCCTCAAAAAAAAAATAAAATGACCATATGATCCAGCCATCCAACTTCTACAGAGAGACAGAATAACTAGTAGCAGGACCTCAAACAGATATGTGCACACCTATGTTCACAGCAGCAT,"[[75764784, ""C"", [""T""]]]",yes,no,C->T,1
chr17,76286423,76286714,TATATGAAATGTCCAGAATAGACAAATCCATAGTGGCAGAAAGCAGGTTCGTGGTTGTCAGGGGCTGAGGGACAGAAGGGAACAGGGAGAGACTGCTAAGAGTCACAGGGTTCTTTCTGGGGTGATTAAATGTTTTGGAATTAGATTGTGGTGATAGTTGCACAACTTTGTACTAAAAACTACCTTATTCAATTTAAAAGGGTGAATTCATTGATATATGATTATATCATAAAAAAGATAGGGAAAGATCGTGATCAGCCTGGCCAAAATGGTGAAACCCCGTCTCTACTAA,N,no,no,N,0
chr3,123527114,123527477,TAAGAATGTAAATGAGTTACTACTAGGAAGAAGTTTTAGGTTATTGGAGACTATTGGAAGATAAAATTATGAGTTGTTGGTTAAAATGAAAAGGAAATGGTATCTACACAAAAGTATGAGAGGAAGAAATATCGCAGTCCTTGCTTATCTGAAGTTTCACTTTCCGTAGCTTCTGTTACACCTGGTCAACCACAGTCCAAAAATATTAAATGGAAAATTCCTGAAAGAAACAATTCCTAATTCTTAAGTTGTACACTGTTCTCAGCAGCATGATGAAATCTCATGCTGTCCCACTCTATCCCACCTAGGACACGAATCTTCCCTTTGTCCAGTGTATCCATACTGTATATGCTACTGGCCCATT,"[[123527155, ""C"", [""T""]]]",yes,no,C->T,1
chr18,57421548,57421818,TCCTATTTAAAAATGGGCAAAAAACTTGAATAGACATTTCTCCAAAGAACACATACAAATGGCCAACAGATACATGAAAAAATGCTTGAAGCAAGCAAAAACTCTCTAAACATCAGAAAAATGCAAATTAAAACCACAATGATACATCACTTCACACCTGTTAGCTTGGCTATCAGCAAAAACATGGAAGAGAACAAGTGTTGCTGAGCATGTGGGGGGAAAGGGAACCCTTCTACACTCTTGGTAGTATTGTAAAGTAGTAAAGTAGTAG,N,no,no,N,0
chr8,4975709,4975929,TCAGGGTTTCATCTGATGGGCTGAGACAATGAAGACACGGCCAACTGTTTCCATAATAACCACTATGACCAGCTGTGGAGGAGTCATGAATAGTGTATGCATTTTTTTTGCAATAATAGAAAAAAACCCAGCAGATACTACTTATGAAACTCAGCACTCTAAGATAAACCAATTAGAGGATTAAATAGTATTTCCTATGTTGCTCACATTGGCCATATGTG,"[[4975727, ""T"", [""G""]], [4975781, ""T"", [""C""]]]",yes,yes,T->G,2
chr1,188836892,188837146,TGAACTCATCCTTTTTTATGGCTGCATAGTATTCCATGTGTATATGTGCCACATTTTCTCCATCCAGTCTATCACCGATGGACATTTGGGTTGGTTCCAAGTCTTTGCTATTGTGAATAGTGCCGCAATAAACATACATGTGCATGTGTCTTTGTAATCCTTTGGGTATATACCCAGTAATGGGATGGCTGGGTCAAGTGGTATTTCTAGTTCTAGATCCTTGAGGAATTGCCACACTGTCTTCCACAATGGTTG,"[[188836967, ""T"", [""C""]], [188837089, ""A"", [""G""]]]",yes,yes,T->C,2
chr18,51132531,51132737,TAGTTATAACTAAAGCCGAATTCCCTCCCCTGCAGAGGGAGCCTGCCCTGTCCAGCCTGCCCTGTACTGCCTGTCCATTTGCAAATAAGATAAAATCCCGAAGTCTCTTGGGGCAATTAAGAGCTTCCAAGGCCTTCAGTGGAAAGCTGAGAGACGCCCGAGGCTGTGGAGGCTGCCCAGTTCCAGTCTGGGTCCCACCCTTGCTTG,"[[51132690, ""C"", [""G""]], [51132691, ""T"", [""A""]]]",yes,yes,C->G,2
chr3,51173976,51174227,CACTCTTTTCTCTTTTTGTGTCTCTAACTGGCTAATTTCAAATGACCTGTCTTTGAGTTCACTAATTCTTTATTCTGCATGATTGAGTCTGCTGTCGAAGCTTTCTGTTGAATTTTTCAATTCTATCATTGTATTTGTCAGTTCCAGTATATCTTTTTAGTTCCTTTGATGGTTTCTATTTCATTGTTAAACTTCTTGGCTGGGCATGGTGGCTCACCCCTGTAATCCCAGCACTTTGGGAGGCTGAGGTTA,N,no,no,N,0
chr9,91717549,91717875,AGTGTGAGGTCGCAGCACATAAGAAAAGTCAAACGAGGCAACAGCCAGATTTCAAGAGCACCGCAGGTCCGTGCACCCATCTGTTCCCACCCTGTCGGTCCATCTGACACTGGCCCGTGTTAGTTCCGCGCTGTGGCTGCAGTATCCCTTTGCATTATTTATGGGAAAAGCTTTGCCAAGCAAGTTGAGAATAGAAATAATAGAAGCAGGAGGATGCTTCGGGAACACTAATAATATTCCAGGCAATCCGCATGTTAGTCTTTGGCTCCTGTAGCCTAATTTGAATTATTTTGTGTATCTGAAAGTAATGGTGAGTTTTCTGAACAA,"[[91717677, ""T"", [""C""]], [91717863, ""A"", [""G""]]]",yes,yes,A->G,2
chr7,145999086,145999357,TCATCCAAATTTTACTTACAGACTTGAATATCTCTGTTCATCTTTTAAAGACCATGTGGCAAAATTGCTTACCAACAGGATTTGTAGCAACTGAAACTGCAGACACCAAAAAGTCAGATACAGCAATTGTTTTGGAAATATCCATCATAGTCACCTGATTGCTCCTTCTACCACTTTCCTTTTCAGAGTTTTTCTTTCAGAACCTGTGTCTGGTGACTTTCCTGTTCAGTAGTAAATTGTCTTTGTTTCATTAAATTTATGAGATTTTCATC,"[[145999088, ""C"", [""A""]]]",yes,no,C->A,1
chr20,32622702,32623201,TGCAACTGCCAGTGGCAGAGCCCGACCCGGGCAGCTGAGGCCCACCAGGAGGAAGCAACGGCCTGGAGGCCGAGCTGCCACCGCCACCTCCACTGCCCGTCGCTGCAGTCCTGGCTCTGGCTCCGGAGGCCTGGCTGTGGCCTCCTGTGCTTTCACCATCTGTGCACTGCGCTGGCCAGGCGTGCCCTGCTCTAGGGTGCCCATCTGGACGCCAAGCTGACAGCACATCCGGCTCGAGCAGGGCATCTTACAAACCATCGTTAGACCTGTCAGGCTTCCAGCAATTTTGTTTGGTTTTGGTTTGGTTTGGCCCCACTCCTCTCCTAGGGAAGGGAGAGGTCAGGGAAGGGAGAGGAGAAAGGAGCTCAAGCTTCCTGTCTACTCTTTCTGGGCTGGCCAACACTCACCATCTCATTCTGTCTTCTCAGTCCCCATTGACAGGTGGGGAAACTGAGGCTGAAAATGGTGACTGTCCAAGGCCACTTGAGGGTTAAGTAGCA,"[[32622776, ""G"", [""C""]], [32622777, ""G"", [""T""]]]",yes,yes,G->T,2
chr13,94507206,94507583,TAATTTCCTACCTTTGATAATTATACTAGGGTTATGTAAAGTATTGACATAAGGAAAAGCTGGGGGTAAAAAGTAAAGAGAAAGTCTCGCTACTCTTTTTTGGAACTTTTCTACAAGTCTAACGTTATTTCAAAATAAAAAGTTTGATAATAAAAAACATCTGGTATTCTAAGAGGATATTCTGGTAGCCTTTCAATCTCACACCACAAGCGAACAGGTGCAACATCTTTGATGTGGGCTATCAAAGAACAGCTTGCTTTTGAACAACAGTTGGAGTTTGCATTTCTGGTATATTGACTTTTTTTTTTTTTTTGAGACAGTGTCTTTCTCTGTTGCCCAGGCTGGAATGCAGTGGCATGGTCTTGGCTCACTGCAAGC,"[[94507328, ""A"", [""C""]], [94507431, ""C"", [""T""]]]",yes,yes,A->C,2
chr1,60057747,60057967,GGGGAAATGATGGGGTAGAAAGTCTGAATTAAGGGCAGATGGTTTGGGACAGCTGCTATGAAGAGTGGAAGAGGGGTGATCAGAAAAATAAGACAGGTTGGCTGGGCCAACTGAGTGGCCAGTTAAGGTTAAAGACCATTGATTTTTGTGAAATCAATTTGAGAGCGTGAATGGCACTTCACCCAGTAGTCCTCACAGACATGCAGAGAAGGCAGACAGTG,N,no,no,N,0
chr3,107184454,107184703,AAAATCCTTTTCCCTAGGCAGTACGAACACACACACAGACACAAAGTCTGCCTAGGAAGTACTTGTCATCCCCATAGAATTCCTTCTCCTAGTTAGAGTCACCAGAAAGCCTGGACTGGGTAAGTTCCTTGACCTCCCTCAGGCAGCACCAGAAGGAATGCATGAGAGCTCAGGCATCACCAGACACCAAACAGATGAAAACAGCACCACAAGAGCTCTTAAAATTAAACTTCTACTGGAACTGCAATCA,"[[107184465, ""T"", [""C""]]]",yes,no,T->C,1
chr12,55010493,55010718,ACTAAATTGTCACATAACCATATAGTTGTGTATTCTCTCTCTCTCTCTCTCTCTCTCTCTCTTCCTCTCTCTCTCTTTCTCTCTTTCTCTCTCTCTCTCTCTCGTGTGTGTGTGTGTGTGTGTGTGTTTGCGGAGAGGGCAGGGGTGGGTTGTGGAAACTATTCAACTTGCCATGGAGAATCTCCCTTTATGGTAACTCCCTGGGACCATTACTTCCCTTTATCTA,"[[55010506, ""G"", [""A""]]]",yes,no,G->A,1
chr12,16636497,16636715,CATAAACAAAAATTTATCCAGCCAAGACATTTTGTAAGCATAAAATGTATTTATGTCTATTTTACAAAGCAGGTCCTGGCCTCTGTTTTCATTATCTCTAGGTTTAAGTAGTGATCTTCTGATAGTAAGTCTTCCAGTTTCTGTTCATTATTTGTAGTTCTGCATGAAGTGTGCTCATCAACTGATTTTTTAGGGGGTAGGGATGTCAAAGCTTCATAA,"[[16636524, ""T"", [""C""]]]",yes,no,T->C,1
chr10,108849750,108850074,TGTTCATAAGGCAGTAGATGGTATTACCCAACAAGGTTCTTCAGTAATAAAGTAAATAAACCAACTATGAACAGTAAGCAAGAAACCAAGTATAGTGACATTTCTGCTTAATAAGCACTTAAATTTTTAAAAAGTCACCCCGAGTTTCACAACCTGACTATAACCACTGTGGACATTTTGAACATTCTTTCAGACATCATTCGGAAACTGTATGTATCTATAAAATGTACATCTGCAATTTTATACACAGAGAATACTGCAATTGCACCTGCTGTTTGGTGGTCTGGTCCTTTTCAATTAATAATATATTATGGACATACTTTGA,N,no,no,N,0
chr17,56897661,56897940,CGAACTTTATTCTCCAGGGTGTCATTCTGCTGTGACATGAGGACCTCACCTCACTGGGGAACACACCTGCCTGCTAGCCGGCATCCCTACCTCATTCATACTAAGGGAGGAGCTTTCAGAGGAAGGTGACTGGGGAAGGACACAGGTCAACAGTACTTTTCCACTTCCTCTTTCACTCCTCTTTTCACACAAAGTACCCTTCGAGGTTTTCCGGCCCAGCTAAGGGCTCCCTCCTCCATCTGCACCAGGCATCCCAGCCCTGACTCTGTTCCATTCGGGG,"[[56897736, ""G"", [""A""]], [56897817, ""C"", [""T""]]]",yes,yes,C->T,2
chr8,136991509,136991730,CTATATCATTATATCTATGTATATATACATATATCTATGTATATATACATATATAGATATCTATATACATATATATACATATATGTGTGTCTATATCTATATATGTATATATACAGTATATAGATATCTGCATATAGATATCTATATATGTATATATACATAGATATCTATATATGTATATATACATATATAGATATAGACACACATATATGTATATAGACA,"[[136991618, ""G"", [""T""]], [136991622, ""T"", [""C""]]]",yes,yes,T->C,2
chr2,214533556,214533823,AAAAAGCCAAGAGATTTAATAAGTGTAATTGAAAAAACAAATAACAGACAAGATCCAACGCTCAAAGACACAGTCGTTATTCCTATTCATATAAATGCAAATTCAGCCCAAGAGTAAAACCACATGGAATTCTCTGATTTAAGGAATTTCCCTAGTCATAAACACAGACATTTTTCTGGTTTCAGTCAACCGAATAAAGAAAAGGTTTTAGGAAATGCTCACAACCTTGCCTTGAATTATCTGTATACAGCTTCTACAATTTAAATTG,"[[214533606, ""G"", [""A""]], [214533630, ""T"", [""C""]]]",yes,yes,G->A,2
chr4,7237930,7238289,TGGAGAACTATCAAGGAGCATGGTGCCAGAGTGCTCAGGAGTTCTTGGGATACCAGCGGACTGTGGGCCAGGGGTGCTGTTGGATGGCTGTCATCTGCAATGTGAAGTGCATCTTCTTTCGGAAACAATGTTCTTTCCGATGCGCTGGCAAGAGGGAGACAGCATTCTATTTGACTCATGGTGGGAATGAAGAGGCCACGTTTGCAGAGGCCGAATGACATGACTGTAATCCAACTCTTCCATGAACCAGATGTACTCAAAAGAATAAACAATGATTTTATTAATTTTGGATGCTGGTGCTTGAGGAAAAACAGATTTAATTAGATTTAATTAGAAGAGGCTGGGGAGGTAGAGGGAGTC,"[[7237931, ""A"", [""G""]], [7237986, ""T"", [""C""]]]",yes,yes,T->C,2
chr6,83216941,83217155,AATGAAAATGGATCCTGAAAGCAGAGGAGGACAGCTATCCAAGGCTAAGCATGCCATTACTCCCAGCTCTGAGTCATATTCTTGTGCAGGAGGTAGAGCAAAAGGCTGAGAAAGCTAGTTCAGAGTCTCACTACAAATAGGATTTTAATTTTACACAGACTCTGGATTATCTAAATCACCTAATTAGCCTCAACATTTACTGTCCCCAAACCATT,N,no,no,N,0
chr1,228336550,228336985,GGCTGTGTAGATACCTGGGTCTGGGTAGAACTCCTAGGTGCTGGGCACTGAGAACAGAGGCAGCACAGCCCCGCTTTGGACCCACGGCTCCTCCTGCAGCCTGATGCGCAGGTCTGGCCTCTGCTGACTCTGTCCCCAATGCCCCTCGTCCACTGTCCACTGGCGGCCCCTGCTGTGCCCTCTGTCTCTGGACATTCTCAGCCCATTGGTCACGCCTCGGCTTGACGCTCATGAGCCAGAGTGACTCCTCATCCTGGCCAGTTCCCACTGGCCTCCTGCCCTGCCGGCCACTGAGTCTCATCATCTCCCTGCTGGACATCAGCACTATGCGGGGGAGGCCTTGGCTCTTTGTTCACCATCGGCTCCCAGGGCCCAACATGGGCCTATGGCATGGGGTGCCTGGTATACATCCGAGGGGCACGCAGCCACCTGAGCA,"[[228336688, ""G"", [""A""]]]",yes,no,G->A,1
chr17,71286722,71286938,GTGAATCCACTGACCCAGGCATAAGCATTCCAAAGCCTGTCGACTTAGGCTACTTTCTAGATAGAGAGGTAGATAGAGGACAATAAGCCACAATGCCACCAGGATGTAGGTGAGTGTGTCAGAGGGAGGGAGTCCCTTTGCTTCCTTCCTTCCTTTTGTTTATTTATTTGTCCTTTTTTGCAAGACAAGTTTCCCTAATGGAGGTATGTGGCTTAGA,N,no,no,N,0
chr8,56027818,56028143,CATTATTATATAGCACTTTAGTAAGAGAAATGCTTATACAACAACAGGGCTAAATTCTATTTGTAGACTAAGCAAAAGCTGTCTATTAAAAAGTAAACAAGTTGCTAAAACAAACAAAAATCCACGATGACAGGGATTTGTCAATGGGACACAGGAGCCAAGTAAAAGAGCCTCCAGGGGCCAAACGTGGAACAGTTTGAGTAACAAGATAAATAAAATAGTATTGGATTATAATCTGTAGTGTAAAATAAATATCCACGAGTCCACACTAGTATAAGTAAATAATTCAATAAATAAATAAATGGGAGAGAAGAGAAAAATTTCCA,N,no,no,N,0
chrX,19958645,19958893,TGTGCAGGTTTGTAGCCTAGAAGCAATAGGCTCTACCATATAGCCTAGGTGTGTAGTAGGTTACATCATCTAGGTTTGTGTAAATACACTCTATGATCTTCAGACAGTGGCAAAACTGCCTAACAAGACATTTCTCAGAACGTATCCCCATCATTGCACAATGCATGACTGTATATAATTTGCTCCTGTCTTCCCAAGAACCAATTTAGAAACTGTGGAGTTGATGGAAAAAGTTCAGGGAGATTGCTC,N,no,no,N,0
chr12,79086498,79086880,ATCCCCAGAAGTTTAGTATTCCCTTTTCTGGACATTTTAGTGGTTGAATCATTCCTGGCTTCGCAGGATGTGAAATGTTCATTAAAAGAAGCATCATGGTTACTGCCTTGTAAAGGTGATCCTAACAGCTTAGTTCTTTGTGAACTATTTGTGTGTTGGCTTGCCGTGACTTTGCACAAGTTAGCCACTGAAGCAGAAAAATCACTGCCGGGGTTGTCAAATATCATTGGTGCAAGGTGCCTTTCTGTGTGCCTGGCTGAGCAGCTTCCAATGACATGTGATGTGGGGTTTTCTCCCAAGGCTGTTGCGTGCTGTGTGCAGCATATCTAAGCTGAAAAACTAATGCATGGCCGGGTATTCTTGGTAGGCCTCCAGGCATTTCA,"[[79086613, ""A"", [""G""]]]",yes,no,A->G,1
chr3,70755800,70756028,GAGGCTGCAAAGTGGTTAGAACTTGCCAGCACACAGAGGGTATAATCGGACTGTGTAGGACCCCAGGAGAGTTCAGAAAATTGATTTCCTTTATGGCTCCAGCAGCAGCCCTAGCTCTCATGAGACAGAAAAAAATATTCTGAGTTTTTGAAAGTGGATTGTAATCCATTACGCAGTCCTGTAATTCCTATGGAATTCTTCCTATAGCTCTGTCCTTTGGCAAGAATGC,N,no,no,N,0
chr1,217052252,217052569,TGTCACTGCAACTTCAGCAGAAGTGCCAGAGAATGGACTGAGATGATTCAAAACAGATCAACTTTAAGATTTGGTGCAGAAAATGATCTCCACATATCCAAAGGCACTTTGGGCAAGCCTGAAGCAGATGCTGGGGCAGGTTTCATAGTGACTAAACGCATCAACATCAAAAGAATCTCCATCTGTAAATCACTCCACGTGAATTATTTGTTACAGCTTGAGTAGTAACCACATATTACATTCAGGTTAGAATGTTACTCTGTCTCACTCCCCATCTTTCTAAAAGGATCTAAGAGAGACCTAGGTGTTCAGAACCAG,"[[217052287, ""A"", [""G""]]]",yes,no,A->G,1
chr2,177146304,177146582,CTAAAAAAGTATCCCAGTAAGAATCAGGCTTAGACTAGTTCAGCAAGAGGAACTGTTCCATAATGAGGCTTGGCCTGGACCAGTCCCAGGAGAATTAATTTTGTGCCGTAGAACACCTAGATAAATTAGTTTTGCTTTAAATATCGAGTCCTAAAAGAGTTAAAAGAGGGAGAATATCAATCAATAATTTTTAGATTAACTACTTTGTATATGACAAAACAAAATTAACTTTGGCATTATAACCACTTTCTCTCGCATTTCTGATAAGCCCCAAGTTTA,"[[177146357, ""C"", [""T""]]]",yes,no,C->T,1
chr4,12370397,12370785,GAAAAAGAGAAGGTCTTCTTGGACCTTAATGAACAGGGATGTGCATATATGTTTTTAGTACTTTGGTTTAGATAGAATCTGCTGGACCCAAACGTCACAGCAACCTCAGGGGGTGCAGCTGCAATTGTTTATCAAGACAAAATATCCCTTGAGACCATCACTTTGCACTGTATAATCAATAAATAGCTCTCTGATGATTCATTCGGCTTCCAAGATATCTCTTAAAAGGAAAGCCTAACTAATGGCTCTCCCTGTAATGTTAGACTTTATCATAAATTAAAGTTTTCTTATATCAGTTCATTTATCAGTCTCTTCTGAATATGCATAGTTCCTGACTGAATATACATTGACAAAATAGCAAATTTCTAGACCTGCAAAGCGGAAAAATA,"[[12370468, ""G"", [""A""]], [12370622, ""T"", [""A""]]]",yes,yes,G->A,2
chr12,11960681,11960989,CAGCTCTATCCAGACCTCCAAGGAGTGAGTATCTATTCACTTGCCTCTGACACTGAGGATTTCTAGATGCAGAAGGCTGAGAAATGCTACTCTGTTGAACAGAGCTACAAAGAACAAATGTAATTCCTTTCCCATGGGGCTGCCCATCAAGTTTTCCTAAGATCTTACAGTTGGAAAGAGACTTAGAAGTTGTCTAAATCGATCTCCCTTCTGCAGCAATCCTAACAGATGGTCACCCAGCCTCCGCTGGATCAGGCTCAGAGCGGAGAAGAGACCACATGGTAATCATTGCCATTGCATCGCTGGCCA,"[[11960750, ""G"", [""C""]]]",yes,no,G->C,1
chr9,7313546,7313763,GAAAGAGTTATTTTAAAACACCTGTCTTCAAGTTTTGACATTCTTCAGCTTGATCTAGTCAATTGTTGAAGCTTTCAAATGTGTTTTGTATTTCATTCAATGAATTCTTCAGCTCCAATATTTCTGTTTGACTCTCTTTGATGATATTTCTTTAGTACATTTCTCATTCATATCCTGAATTATTTTTGTGATTTCTTTGTGTCACTTTTCAGAATTCT,"[[7313549, ""T"", [""A""]]]",yes,no,T->A,1
chr14,77916585,77917050,GCTGGGACTACAGAGGCACGCCACCGTGCCTAGATAATTTTTGTATTTCTTATAGAGGTTTCACCATGTTGCCCAGGCTGGTCTCAAACTCCTGGGCTCAAGCCATCTGACTGCCTCGGCCTCACAAAGCCCCTCTTCTTTCTTCCTCACTATCTCTCCCGACACCATGTGTGGTCGAAGAGGTTCCCAGCACCTTTGCGCTTACAGACTCCACCTCAGCGTTTGTTAGTCCAAGATTGCTCCACCCATGGACAAGTTTGGACTCCATGCTGGGCAGCTGTTTTTAATCGAGGCTTACAAATCCCAAAGGTGGTTCCTGGGGACAGGGGTGGAGATTATGGTAAAATGCTCTAGGGCCAGCACTAGTGGCTCATACCTGTAATCCCAGTGCTTTGGACAGGGCTGAAGTGGGAGGATCACTTGAGGCCAGGAGTTTGAGACCATCCCATCCTGGGCAACATAGTGA,"[[77916598, ""G"", [""A""]], [77916805, ""A"", [""G""]]]",yes,yes,G->A,2
chr3,126313224,126313512,GCGGCCAGCTGCACGGCAGAGAGAGACAGGCCGTGGGAGAATCCAACCCTGCTGACGCATTGACCTCCAACTTCCAGCCTCTGGAACTGTGGGGAAATGAACCTCTGTTGTTTAAGCCACTCATATGGGGCATTCTGTTACGCAGCCTCAGCTGATTCATACAAGGGCTCATCCTACTCCAGAATGACTCCAGGATGACCACATCCTAACTATTACATCTGCAGTGACCCTATCTTTAAATGAGGTCACATTTGGAGACACTGGTGATTTGGACTTTGAGATATAAATT,"[[126313379, ""C"", [""T""]], [126313392, ""C"", [""T""]]]",yes,yes,C->T,2
chr13,60282810,60283070,CAAGCAGAGGAACTTCATGCAGAGAATTATTTACTCAGGTGTTTGAAGGTTGAAAGAACAGAAAGGGAATGCTGAGGTAGCCCTGTATTAGTCAGGGGTTCTCCAGGGAAACAAACAATAGGAGATCTCTCTCTCTCTCTTTCTCTCTTTCTCTCTCTCTCTCTCTCCCTCCCTCCCTCCATCCTTCTCCGTCCCTCCATCCCTCTCCCTCCCTCCTTAATTCTCCCTCCCTGCCTCTCCCTCTCTGCCTCTCCTTCTCTC,"[[60282820, ""G"", [""A""]]]",yes,no,G->A,1
chr14,89779692,89779941,TGTAACAAACCTGCACGTTGTGCACATGTACCCTAGAACTTAAAGTATAATTTAAAAAAAAATTTTTTTTAAAAACCCTTTTTCTGTCAAAAAAAAGGGACCCTATGGATGGGTATGCAGAGAGAAAAGGCCACGTGAGGGCGCCATAAGAAGGCAGCCATCTGCCAGCTAAGGAGAGAGGCCTCAGGAGACACCAGCCCTGCCTGCGCCATGATCTTAGTCTTCTTGGCTCCAGAACTGTGAGAAAATA,"[[89779733, ""G"", [""A""]]]",yes,no,G->A,1
chr21,34031959,34032365,TCATGCTAACACTACGGGCTCGACCAACTGTTCTTCTTAGTTTAAGTGATTTCTCTCATAACTGAGCTGGGTGACGCAGTTTTATGACAAGGTTAGACAGCAGTAATTCATTCCTGTTGGTGTTGGCTGTGCAGGTGAGGCAGATGGCATGGCTTGTGCTTATTTTGTTTGGATTAGAGAGCGCTGCACTCACTCAGAAGTCCTCAGTTGAGTCGCAGGTCTGTGACTTAGTCACACTGTGACCTTGGGCGTGTGAGTTCAAACACGCCCTGGTTTCAGTTTCTTCTTCTGTACAATTAGGGCTTTAGACCAGGTGTTCTGGAGGTGTCTCGAACCCTAAATTCTATGATAGGGGTTTCTTTGCTGCTTCCTTTTCCCCTTATTTATTTATTATTTCAGTATTCATG,"[[34032030, ""C"", [""T""]], [34032177, ""A"", [""G""]]]",yes,yes,C->T,2
chr22,25900996,25901249,TGTAAGGACGACATGGATCCCAGCCCAGGACCTGACACACTGGGACTGCTGGATCATCACCCTCATCACAATGCTTCCATTCAGAGGCAGCAAATAGTGCCCCTTGAATGATGTCACCAACAGCCAATCAGAAAGCTCCTGAGCTGTTCCAACAGGAGGGCTCCATTATGATTGGGTCTTTCAGAAGTCTGAGACTTTGAATGATAGTCTAGTATTAAGGAACACTGGATAATCTTATAATAAGCGAGACTTTC,"[[25901175, ""C"", [""T""]], [25901227, ""G"", [""A""]]]",yes,yes,G->A,2
chr13,82634978,82635275,ATTCCTTCCACATTTATAAATATTTATTATAAAATATTGTGTTATGCAGTATTATGTTTCAAGAGAAATGCGAATTCTGTCTGGGATATTACTGAACATATCCAGTGGGAGTCATTCTAGGTCTCTATTTTGAGCTTTGCCATCTTACTAGGACTGAGTCACAAATGACTCTGGCTTCTTGTTCTTGTTGTTTCCTCCTACATTTTTCTCTTTATTTATCAGTTGAAACCTTTCTCTTATGAGTTATTTTCAATTATATCAACCTACTAGTAACTTAACTCAGCTCATCTGCATTACT,"[[82634982, ""T"", [""C""]], [82635067, ""G"", [""T""]]]",yes,yes,G->T,2
chr18,58475551,58475871,GAAAGAAAGGGAAACGGAAAGGAAAAGAAAGGAAAGGAAGAAAGAGAAAGGAAAGGAAAGAAGGAAAGAGAGAAGGAAGAAAGAAAGGAAGAAAAAGATTAGCCAGGCATGGTGGTGAGTGCCTGTAGTCCTAGCAACTTGGGAAGCTGAGGTGGGAGGATTGGTTGAGCCTGGGAGGTCAGGGCTGCAGTGAGTCATGATCACAGTGCTACACTCCAGCCTGGGCAACAGAGCAAGACCCTGTATCAAAATAAAATAAGGAGGGGAAATTTGAACACAGACATGCACACAGGGAAAGCGCTATGTGAAGACTAGAGTTAT,"[[58475630, ""G"", [""A""]], [58475846, ""G"", [""A""]]]",yes,yes,G->A,2
chr2,160783488,160783852,AACACAAGAGGTATTGTTTCCTCTTCCCTCCCATTATTTTCCATCTCCTCTCCTGAGAGACTAATAACTAGGATGAGTCACAACACAGCACCCCCTGAGAAAGCAGTGAGTCTGCTAAGAGAGGAAGGGGATGATATGCTGAGGGGACTGCACATCTAGCCAATATGTACCAGCAAGAATTAATTAGAAGAGTATATACAGTAACTATTGCATCATGAAGATGCTGGATCAAGGGAGACAGGATATAAAGTTTCACAAGAGTATTGATATAGCAGCACTGCCTCATGATACAGGAGTTGGCATCTTGGCAAAAATCCTGGGAGACAGTGCTAATATTATAGGTTGGCTCTTGGAAGCTTTAAAAA,"[[160783504, ""C"", [""T""]]]",yes,no,C->T,1
chr19,57550469,57550693,TAATTTTATGGTACACAGAATATAGGATAAACCCAGCTCATGGACACAATGATGGTGAAAAGAAGAAATACACAAAAGAGAAACTGCTTTGGGGCTCCAATTATGCCCATTCACAACCAATTAAAAACTAGTCCCTAGGGAGAGAGTCTAAACAGTGGCTCCCACTGCAGGAGGAGCTATTGACAAAGACAGGGTGACAGAAACTGCCGAGGTGCTGGAAATATT,"[[57550487, ""C"", [""A""]], [57550664, ""A"", [""G""]]]",yes,yes,A->G,2
chr9,129785036,129785428,AACAGGCGTGAGCCACTGCACCCGGCATGCTGCATTTTTAATATGTAAATAGGCCAGGCATTGTGGCTTATGCCTGTAATTCCAGCAATTTGGGAGGCCAAGGCAGGCAGATCACTTGAGGCTAGGAGTTTAAGAACAGCCTGGCCAACATGATGAAACCCTGTCTTTACTAAAAATACAAAAATTAGCTGGGCGTGGTGGCTCATGCCTGTAATTCCAGCTACCCGAGAGGCTGAGGCATGACAATCGTTTTTTCCCGGGAGGCGGAGGTAGCAGTGAGCCGAGATCACACCACTGCACTTTAGCGTGGGCAATAGAGGAAGGAAGGAAGGAAAGAAGGAAGGAAAGGAAGAAAGGAAGGAAGGAGGGAGGGAGGGAGAGAGAAGAGTGTAT,"[[129785052, ""C"", [""T""]]]",yes,no,C->T,1
chr5,175281742,175282004,CTCAATGCTTCAACAAGAGCCTTGAATGAAGTAGCTACTCAATAAAGGTTTCCATCCACGTATTCAGCAAAGATTCATTGAACACCTGCAAGGAGCCAAGCACTGTGCTACATGCTTTACGTACATCATATTATTGAATCCCCCCAATACTTCCTGTGGTAGGTGTTATTTTCAATGTCAATTTTAAAATGAGGAACTGAGACTTAAAGAGGTGAAGCCAATTGTAGGTCTGCCAGACTTGAATGCCCAAGCACTAACACCTA,"[[175281750, ""C"", [""T""]]]",yes,no,C->T,1
chr6,8173156,8173509,AAGAAGAATGAAAAGTATAGTATCGTAAATACATAAACCAGCAACATAGTTGTTTATTATCACTGTCGAGTATTCTGGGCTGAACATCACTGCATGAGCTAGACTTTCATATGGCTAGCAGCACGGCAGGGTTGTTGACACCATCTTTGCCACAAACACTGGAGTCATGCCCTGTGCTTTGATGTTACCATGGTTATGACGTCACGAGGCAATAGGAATTTTTCAGCTCCATTATTTTACAGGACCTCAGTCATATATGTGGTCTGTGGTTGACCAAAACATTGTGACATGGTGGCTGAGCGCAGTGGCTCACTCCTGTAATCCCAACACTTTGGGAGGCTGAGGCGGGTGGAT,"[[8173220, ""A"", [""G""]], [8173482, ""G"", [""A""]]]",yes,yes,A->G,2
chr1,243003061,243003337,TTGGTCCCCCTCAGCCTGGTGGATGTCCCTGCAGAATTTTAAAATACTATTATGTTCTAGATGTCTGATGCTGTCAATTCTCAATGGCCAGAAGAGGGCATCTGCCCAGATCAGTTCAGGTGTCTATCCCTGGTCCGATCGCCTGTGCCCAGGGTAGCATATCAGGTACACAGGGCTGTTTCTTCCCTGCTATTGGTAGAATAGCTTTTCCAAGAAGGGGATAGGCTGGAATGGAAGAAAAGAGTCCAAAGAGGAAGGAACCACAACAGAAAGAGAA,N,no,no,N,0
chr7,25998503,25998927,TTTATTGGTGGCTATTATTTTTGGCCACCACATTCACCCCCTACCCCTTTCAATACTTTTTCCTATAACCCGGGACCGGAAGTCTGGCAACTGCTACATGCCCATCTCCATTTCCTTCACGGTTCTTAAAACTGTATATAAATACATTCTGCCAATGATATGCCCCTGTGCAAGTTTCGGAAGTTCAAGCTTTAGCAGATGTGAGCTTCACAGCAACTTCTAAGTTTTCGCTTCCTAGTTATCAGCCTGGGTGCTTCAGGACGGCTATGACCAGCGGTGACCATGGGCAGCAGTTTTCTGTTGTTTTCCTCATCTCAGTGGTGGCAGCAGTTTCTCAGAGTAAGACTGTATGGGTGAACCTAAAAGCTCACGGTGCCTCCCGTGACTTTTGCTCCTTCAGCCTTTTAAACTTTTTTATTTTAATG,"[[25998603, ""T"", [""C""]]]",yes,no,T->C,1
chr4,119587809,119588217,GAAAATTGAAGGATTATGAATAAAACTGTAACATTTATTTCCTCCAAGTTTACTTGCCAAATTTAAGAAAGCGGCAGTCAGTGCTGTGAGTGTGAGAGATCATAGACAAGGACTCCTTGGCCTCCACACTCCATGGAGATCAAGTATTTGTCATCAGGAGCATTTATGTGGTTCCTCTCTTGAGGCTGTGAGATAAACACAGCAGGGCACTTTCATCTCTCCCCAGGGATTTCTCTAGCTTCCCTAGTTCAGTCTTTCCTTCGAACTTGTGTGTTGAATATTGGACTCATTTAACATTTATCTTGTCACCTTATATAGATATTTAATTTTTGGTGTACAAGAGCTACCTCTCCAATTTTTTCTTTTTTTTTTTTTTTTTTGAGACGGAGTCTCACTCACTCTGTCACCC,"[[119587891, ""A"", [""G""]]]",yes,no,A->G,1
chr11,58655015,58655243,TAAGTGGTATCTGCTTGAACAGCTATAGTTACAGAGAACTCACCACCTTCAAAGGCAACTCAGTCTGCCCTTGATCTTCTCTGACTAATAGAAAGGTTTGCTTTCTGCTTAGTAGAAATGGATCTCCCTGGTGATCTCATGTTTCATTCTCAGTTTTGGCCATAGTGAACAATTCTACCTTTTATTTTCACCTGACAGAGCTTCAAGTTGTTGAGTAATATTCAACCAA,"[[58655074, ""C"", [""T""]]]",yes,no,C->T,1
chr10,30562824,30563221,GACTCCCGTATTTAGGTAGGACTACTGGCCTTTCTACTATGGAAACAAAAGACCAATTTTTAAGAAATTATATACTGAGCATATCCTCCTCCCTGTCATCCCTGAGGTTCAAAGGACTCCTGACTCAAACCCTGCCTCTTGAGTTCATGGTTAACCACTTCCAGCCTGGCAACTCAGTGCTGATTAAGACTTGGAAAGAAGACAAGCTCCACCCAAGCTGGGGAGGTCCTATCGGGTGCTCCTAATCACTGACACAGCCTACGAACAGCTGAAAGGTGTGAACACATTACACTCAGGTCAAGAGACTGGTAAAAGAACTCCCGTAAGGAAGGGAAAAGGGTGAATGGGAAGTGTATAGATCACCTAAGGAACCCTTAAAATTAACTCTAAGGAAAACC,"[[30562870, ""C"", [""A""]]]",yes,no,C->A,1
chr20,63465546,63465817,CAGAGAAAGCTCGGCACACGGGCTGGTGAGCGTAGGGGTCGCACGCAGGGGCCAGCGGGAGCCATTTCCAGAGAGTTCCTCGGCGACAAGCCCAGATCTGCAGGCCCCTCCTCCTTTGACCTTGCATCTGTTAGGCGTGTTGAACAGGTGCCGCCCACCCTACCCAGGACGCGCTTCCTCCTCTGAGGATGTCCAGGGCCCTCCCCTCCACAAAGGCACCGTTTTGAGACTCCCAGAGCTGTCAGCCAAGTGTTGTCGGAAGGCAGAGCTGA,"[[63465637, ""T"", [""C""]], [63465662, ""C"", [""T""]]]",yes,yes,C->T,2
chr6,40077398,40077690,CACTGTCTAAGCCTTATATTCTGCTTTCTCTGCTCCAGCACCCTCGAGGCTCATTCCTAGGTCTCTCTTCCTACTCAGAATAGCCAGGTCCCATAGATCTGTTGGTGAATCATCCCTTCCCCTCCTGTAGCAGGAAGATTGCCCCAATTGAGTCATGCTGTGACTTGCCACCACTGTCCTGAAAGCCCCACAGGGAGATGGGGGCATAGCTCAAGAGGATAATGCATGTGTCTCAGGTGAAGCCTGTATTATCCTTAAGGGGAGAGGAACAGTAGATTCTGGGGGACTCAAGG,"[[40077422, ""C"", [""T""]], [40077426, ""C"", [""T""]]]",yes,yes,C->T,2
chr13,80871442,80871767,AAAAAAAAAAAAGAATGAAGTGCTAAAATGTTACATTGGGGCATTTGTTTGGAGTAGGGCAAAACATTTCAACAGGTGGTTTTCATGTCTACATAGTAAAATAATCAAATGCGGATGTAAATATTTTATTGCAAAGCCCACACATGTTGGTATTTGTGAGTCACTTTTCCTAAGCCAGATTCGCCAAAGAAAACTCCAATTTCCTGCTTTGAGCTTAGAGGAGGGGAAGATATTAACTTGGCTTATAGCATTCAGAGATCTCAGAAGGGACAAGTGGCTGGAAACCACTTAATACAGAGCTTTTCCATTGTAATCACTACCCACCT,"[[80871614, ""G"", [""A""]], [80871651, ""C"", [""T""]]]",yes,yes,C->T,2
chr9,126069379,126069684,TGAAAATAGCCACAGTGATTTTTCTTTCAGGGCTCCAGGGTTGCTGGCGATGTTTTTCTTCTTTGTGATTTCCTGCATTTTCCACCTCTTTAGTGGTAAGAAGATACCATTTTTTGCAACTGGAAGGCAAAGCCTTTAAAAAGAAAACCGAAAACAACAGAAGCTGCTGTGGCCAGGCCTGCCGGCTCCCCTCCGCCCCCAGCTGTCAGCGCCCATGCAATGCTTCATTTCCTGGGGGAAGGGGGTCCCAGAGAGGCGGAGCTGTCCAGGACCCCTAGGTCTCAAACCTTGGGGTTTGGGAGTTCC,N,no,no,N,0
chr13,36262006,36262373,CATTAAGAGGTGCCCCTGTTGAGAGACCGTCACATGTCAGAAACTTTTTCAGGAAGTTCATATAGAGGAATAACTGTCTACCCCTCTAGTGCTGCCCAGAAATGCTTGGCCCCACCCAACTTGAATCTACCACCCAGAAATGACTTATGTTAACAATTAAACCTCCTCTGCCAACACTTCAGCACATAGTGTTCAGATTACCAAATACACAGCCCTTGGGGAGGTATGTGATCTCATCCTTAGACAAAAAGGAGATGGGTGGAAATAATTTTCTAAGGCCAGCCTGACCAATCTCACATAATGCTATTTGAACTGTACCAGCATGACTGTGCCAGTACCTGATCAATGATGAACACCTCCATCTCCTT,"[[36262033, ""T"", [""C""]]]",yes,no,T->C,1
chr13,24454246,24454450,GCCTGAGCAGCTTGGCCCCTGGAAGGCCAGTCTCTGCTCACGCCCTTTGCACTCCCCATGCTTATCCGACCTCTGTCCCAGCAACAGCAGACTGTACCTCTGGGGAAAAGGGGCTGGGCCTTCTGCTGGATTGCACAGAGGATGAGAATCAATAGGATAAGACTGTCCCCTCACTCCACTCCACGCACCTCTCATCCCTGAGGTG,"[[24454364, ""T"", [""C""]]]",yes,no,T->C,1
chr22,38358056,38358317,ATCTGTTTGCCGGAGTGAAAAGAGTAGTAACAATAGGTAAACAGAACACTTGTGGCTCTAAGTCAGGGACTTAAAGTGGTGCGCTTAGCGGATAACGCTTCTGGTCACCTACAGTTTGTTTCTGAAAACTGAAAGGAGTTTCAGTGGTGATAGCTGGGATCACAGGCGACCGCCACCATGACCGACGAATTTTTTGTATTTTTAGTAGAGACGCGGTTTCACCATATTGGCCAGGCTGGTCTTGAACTCCTGACCTCCAGTA,"[[38358067, ""A"", [""G""]]]",yes,no,A->G,1
chr7,44419878,44420368,TGAAGATGAGGAAAAAAACAGCACAAAAATGCTGAAAATTCCAAAAACCAGAATGCCTCTTCTCCTCCAAATGATCGCAACTCCTCTCCAGCAAGGGCACAAAACTGGACAGAGAATGAGTTTGACAAATTGGCAGAAATAGGCTTCAGAAGGTGGATAATAACAAATTCCTCTGAGCTAAAGGAGTATGTTCTAACCCAATGCAAAAAAGCTAAGAACCTTGACAAAAGGTTACAGGAACTGCTAACTAGAATAACCAGTTTAGAGAAGAACACAAATGACCTGATGGAGCTGAAAAACACAGGATGAGAACTTCGTGAAGCATACACAAGTATCAACAGCCAAATCAATCAAGCAGAAGAAAGAATATCTGAGATTGAAGATCAACTTACTGAAATAAGGTGTGAAGACAAGATTAGAGAAAAAAGAATGAAAAGGAACGAACAAAGCCTCTAAGAAATATGGGACTCTGTGAAAAGACCAAACCTACG,"[[44419895, ""C"", [""A""]]]",yes,no,C->A,1
chr21,35516662,35516909,CTGCTATAAAGACACATGCACACGTATGTTTATTGCGGCACTATTCACAATAGCAAAGACTTGGAACCAACCCAAATGTCCAAAACGATAGACTGGATTAAGAAAATGTGGCACATATACACCATGGAATACTATGCAGCCCGAGTTCATGTCCTTTGTAGGGACATGGATGAAGCTGGAAACCATCATTCTCAGCAAACTTTCGCAAGGACAAAAAACCAAACACCGCATGTCCTCACTCATAGGTG,N,no,no,N,0
chr1,195609577,195609858,TCTAGACCACGGTGAAACCCCGTCTCTACTAAAAATACAAAAAAAAAAAAAAGAATTAGCCGGGTGTGGTGGCGGGCGCCTGTAGTCCCAGCTACTCGAAGAGGCGGAGGCAGGAGAATGGCGTGAACTCGGGAGGCGGAGCTTGCAGTGAGCCGAGACTGCGCCACTGCACTCCAGCCTGGGCGACAGAGACTCCGTCCCAACAAAAAAAAAAAAAAAAAAAAAAAGGCTTACAAATAGCACTCAAGTAATTTACTGAATCCAGGGATTCTCTACTCATTG,"[[195609629, ""A"", [""G""]], [195609735, ""T"", [""C""]]]",yes,yes,A->G,2
chr6,10460103,10460470,AGTCCAGGAATGTTTTGCTGCCTTGGTCCTGCAACCATAACACTTCAGTGGTTTTGGTTGGCATCACATAACTTTCCTCGACTTTAATGGAGAGAGAGTTGCAGAAGTTGTGAACATACTGGGCATAACTCTCTGCCAGGGTCATGTCATATGCAGGCAGGTGAATGTTTAAAACCCCATATTCATCATCTGTCCCCAAATTAATGAGTTTCACTTCCACTTTTCGCTTCTTCTAGGGCTCTTCTGCTTTAATTAGGTGCTTGTACTTTCCAATGGCGTGGGTGGGCTTTGTCTTGTAGGGCCGACTAGTACTTAGTAGAATGCCACCTACAGAATAGATGGGCTTCTCTGCTGAAGTTCTAAGCCTT,"[[10460113, ""C"", [""T""]], [10460140, ""C"", [""T""]], [10460327, ""T"", [""C""]], [10460337, ""C"", [""A""]]]",yes,yes,T->C,4
chr11,75631264,75631759,GACTATGAGAAAGGGCTTATGTTTGGAATCCCAATTATGCTGTGTATCAGTTGTGTAACTTCAAGAACTACCCTCCCTAAGCCTCAGCTTCCTCATCTGTAAACAGGGATAATGTCATCTACCTTGCTGTGGTGGTGTGCAGATTTAATGAAATACAGTAGACTTTTTTTTTCTTAATTGCCCTTTGCCCTTTGCCCAACCCTCTCCCACTCCCCTCCTCCAGATGGGCTCATGTAACACAGGGCCAGCAGGAGACGGTACAAATGCACTTGCACAGCTACAGTGATGGATGGCTGTCAAGTGGCTGTCTCAGCTAAGGAAACTCAAACATGAAAAGGGAAGAAAAGGAAGCAGATTCAAAGGCTGGTGATGAGATGATCAAGTGCTTGCTTCAGAACACAAATCTCAACATGAGACCAGTGAAATTCAATTGAAGCAGAGCACACTTATATCCTCGGGTGCTTTGATATATTTAGGAGGAAATGAGGGAATATCA,N,no,no,N,0
chr2,7738629,7738933,TGCCTGTCTGTTTGAGAAACCATGATTTTCTCAGAGTAAAGGATGCTATCACAATTGTGAAATCTTAAATTACCTCTGCCAGGCAATAATCAAAATGGCAGTAGAAACATATTAGGAATGTTCTCCCAGGGGCAGTGAAAAGAATGCGTTTTCAAACAATGGCATGCAGATACCAGGACTTACTATGCCAAAGTTGTGTGGAATTGGGGATGAGATTTTCTCATTTCTGGATGTGGCATTAGGCCCTTATCGAGATGCCAAAATGGATTGCACATCTACCAGGCATCAGAGACTTTGCAGGGGGC,"[[7738776, ""A"", [""G""]], [7738797, ""A"", [""G""]]]",yes,yes,A->G,2
chr10,70055674,70056002,CTTTCATATACTGCTGACTGGTGTGTAAATTGATATAACCAATTGGAAGAGCAGTTTGGCACTATAAAATTAATAATGCACACATTCTGTGACTCACCATTCCATTTCTCAGTATGTCACCCAAAGAAGCAGGCATCCGTGAGCTCAGCATGTATAAGGATGTTCATTGCAATTTTGGTCATTCTGAAGTAGAAAACAGCCTAACAGCCATCAACAGGGAATGGCTAAATAAACTCTGGTGCATCTGTCTTCTGGAATATTAGGCAGCAGTTCAAAAGAATGAAGCAGATCTATACATACTGAGACAGAAAAAGATCACCAAGATGTAC,N,no,no,N,0
chr9,119876803,119877128,TCTTCTTCATGGAGAAGTGTCTCAAGCAAGAACAAGGGAGTAACAAATATGAGGAGGAACAGGAAGTCATGAGGACCACTAGCTCATATAAAGAAGCATTCTGAAAAATATATGGAAGCCAGATCTTGCAGGATCTTGAATGCCAAATCAAGGTGGACTTTGCCGCACATTTTGAGTTAAAGGCATGACTCAAGCAGAGTAGTATCCCAGTGCGATTGATTAAAGCAGAGTCCCCTAGAGGATTGGAGGCTTGGTCTCCTTCCTGGAGCAAGTCTCTGCCTGTGCTGAGTGCTGAGTGATGGGAAGCGGAGTCACAGGATGGTTTT,"[[119876969, ""G"", [""A""]], [119877010, ""T"", [""C""]]]",yes,yes,G->A,2
chr22,37810063,37810381,TGAGCAGCCACCCTGAGGTGATCCAGGCAGGTCTGCAGGCTCTGGAGGAGTTTGGAGCTGGCCTCAGCTCTGTCCGCTTTATCTGTGGAACCCAGGTACACAGTGAGTGGTGGGGGGTTGTGGGGACTGACCCCAGCTGCCTGCTTCCCACAGTCAGCAAGGCTGGTTTAGCCAGCTCAGCTCAGCCACAGCCCTGGGCCTACTGTTGGCCTCAGAGCTGTGCAGCAGAAAGGCTGAGTGCAGGCCTCTGTTTTGCTGAAAAGCTTTGGCCAAGGAACTTTATATATATATTTTTTCTTTTTGAGACAGAGTCTTGCTC,N,no,no,N,0
chr1,225367678,225367962,CAGTGAATCTTGAAAATAGTTACATTCTTGCCCAGTTCTTTTACCAGTGTTGTAGAAAGACAAGTGCCCTGAAGACCAGTGCCTGCATCTGTCCTCACATGCCATTTTACTCACATCTGTTTTCAAGATTGCTGTGGAATCTCCCCAGGGATTGAAAAGTAACTTACTTCAGACATTTGGATGTACTGGGAGTGGAGAGGTAACAGAAGAGATATTTGAAAAGCCTGACTGTGGACAATGGTGGAAAAAACTTTTATTTAGCCTATGTTTTTTCAATGCTGTAAT,"[[225367810, ""C"", [""T""]], [225367900, ""T"", [""G""]]]",yes,yes,T->G,2
chr2,113669033,113669369,CAGTAGAGAGGTGGTGGGGCTGCAGCCTGGCCTCAGGACTGCTCCTCTCCAGACTCCAGTCTGAGACACACTGTCCGCTCCCACAGTCTGGCTGTAAGCCACTCCCCCTGCTTCTTGTCCCTCTTCAGACCTCCTCGGCTCAGCTGCGGACGGGATCTGCTGGAGCTGGGTCAGTAAGTCCCTCCCCATATGCTGCACATCTGTTCCGAGGAGACCGCAGGGGAAGCTCGGGCAGCGCCTCCACACACGGGCAGACCTGGCAGGGGCAGGGGCGGTTGAAACAACCCCGATGCGGACTTCCTCGAAAGCCCCAGACTAGGCCGGGCGCGGGGGCTCA,N,no,no,N,0
chr18,8298247,8298574,TTCTCCTGATGGCTATGAGATCCTTTCCAGGAGTCCCTTCAGCTCTGCAACAAACTCACAGAGAGTCTTGGAAGTGAAGTGGGGAATCCCCTTCCATACCAAGTGGAAGAGACATTGCTGAGCCTATAACCTCATCATTGTGGCATCACTGATGTGGCCTCGTGCTGAGCATACAGAATGCAATGAATGTCAAGGGGTGTAGCCTTGGGTATGCTGAGAGATCCAGCTAGCCTTTCTCCAATACAACATTGAGTCTGCTTCTTCCCAATGTATAGTTTAGTACCTCCTCATGGAGACACTGAGATATATTTTTGAATCATGAGTGAAA,"[[8298265, ""C"", [""G""]]]",yes,no,C->G,1
chr6,28773884,28774175,GCCGAAAGACAACAATAGCTCACACTACTTGCCACAGGACGGTTAACTAGCTTTAAGATTGAGGGAGGTCGGGCGCAGTGGCTCACGCCTGTAATCCCAGCACTTTGGGAGGCTGAGGCGGGCGAATCACGAGGTCAGGAGATCGAGACCATCCTGGCTAACACGGTGAAACCCCGTCTCTACTAAAAATACAAAAAATTAGCTGGGTGTGGTGACGGGTGTCTGTAGTCCCAGCTACTTGGGAGGCTGAGGCAGAAGAGTGGCCTGAACCTGGGAGGCGGAGCTTGCAGTG,N,no,no,N,0
chrX,106150674,106151134,GAAAAGATCTGTTCCCACAGCTCAAACAGGACAAGGAATGACTTCTGTTCCTGTGAGTTAGAGTGGGAAACCTCATAATTTACAGGCATCCAGTGAGAATACTCAGAAAGTTTTGCCTGTGTAGGGAAAGCTAGTTCTAGATTAAACCCTGCTTTGGTTTCAGTTTTAAAGAGTTTAAAAATAGGACCTGAGAGGATCAAACTCTTTTCAAAAACTATAACCACATTTCAGAACAAACCACAAGAATATTTATAGCAATTCAATATTGAGCACCTAAAAAGGTCACTTTAAGTCGAGAAAGAGAGACCTAAGTGACCCTGTTAGCATGCTTAGTATGTTATGCTCTGTACCAACTTGGGACTGTGAAGAGTCCCTACCAACAAGAAAACTTTCGCCAGATGCAGCCTCTCAACCTTGTACTTCTCAGCCTCTAGAACTGCAAGAAATAAATTCCTTTTCTT,N,no,no,N,0
chr6,98433297,98433700,CATTTCTTGGTTTCGGAGAATGATACTCCTACCATCTTTCGGCACAACTATCTTACAGTGCTTTGAATACTCTGCATTCAAGAAGTGGAAAAGGAAAGAAAGTATGTAGTGAGAACCTTCATGGGGTTCAGAAGTGACCCACATCATTTTTGTTTACATTTCATTGTGAAGCACCTGTTACATGGCACCACATAGTAACAATAGGATCTGAGAAATGTAGTCTGAGGCTGAGCAGTTGCTCTCCAGAAATGAGTCAGAGATATGGGATGCCAAGCCTTGAAACTCACATGTAAAAGAAACTTCTACTTTGAATGCTGTGACAAAGGACTACCAGAAAAGCCCACATAGAATTGAATTGGATCCAAGTTTGTCCTGAACCGTTTGAGCACAATAACCTTGAACTC,"[[98433311, ""A"", [""G""]]]",yes,no,A->G,1
chr4,10253815,10254052,CACTCCTGTGCTGCTGGAACGGTCTGTCAGGATGATGTACCTTAGGGAAGAGGCCCTGCATTGGACTTGTGCTTGAAGCCAGAAACACGTAGTTTCTTTAATGCTCTGTTTACAGCTGATCTTCTGACGCTGGGCTCTGTCGGGAATGTCTGTAGAGCTTGCAGTGACTTGTAGCTCAGCTGGAGATGTGGTGCACTGGCTATGTTAGGTCCTGTTTCCTTGTGGGATCTGGTGAGTT,"[[10253914, ""C"", [""A""]], [10253915, ""C"", [""A""]]]",yes,yes,C->A,2
chr2,41097859,41098220,GACTAAGGCAGCTAAAGTTCTCAGGACAAAATACAAAATAAGGAGGAGGTTTAAAGAGAGCAACCTGAAGATTCGCAGAGGGCACTTATCTGGTATTCCGCTCAGCACTGATTGATTAGTGCTAGTGTCTGGGGAATCCGGCTGAGGCCAGATAAATAACTTACAAAGAGAAACAGTAGTGCCTAGAGCTCACACAGGGCAAGGAATAGGACCTGTTTCACCAAACTTACTAGAATTCTTTGGCAATTGGAATAGAATACGCAGTAGGTTCCTTAGATTCCTGTCTCACAAGTGGGAAATCATTAGCCTTAGACTGAACACAGCTCTGGTCTCACCTGAAAAAAATCTTAATCTTAAAAGCA,"[[41097889, ""G"", [""A""]]]",yes,no,G->A,1
chr12,28974175,28974567,AGCCACAGAAGTATCTGGGGCACATAATATTTTTCCATGGTGGCCAGGGTGACTGCTTTTTGAGCTTGTTTATTTGATCTGGGAAGACATAACTCACAAACAGCATCTGGATTTCAGAGATTCCTATATTTGCCCCCAATTCTCCCTTTCAGTCAATGGTATCCAAATGACTCATCTGCAAGGTCAGAGAGTTGAGTTGCTCGGCAAGACTAAAATGCAAGACTCTCTGGCTCATTCCCTGTAACCACCAAACCCCACAATCTCTGGATGTGTAGCATGGGAACCTGCATGAAGTTTTGCCAAGACCACCAGGTTACTGGGGAAAAAACAGTCTTGACAAGGTTAAGAGTGACCCTGGAGAGGTGTAGAGCTTGTTTGTTTTATTTAAGGAGT,N,no,no,N,0
chr8,49991276,49991489,AAAAGAAAGGTAATAGAAAGTGTTGACGGGGATATGAAAAAATTGGAGCCCCGATGCAAGGCTGGTGGGATTGTAAAATGGTGCAGCCATCTGTGAAAACACTCTGGCCGTTCATTAAAGTGTTAAACTGTGACCACACAACCTAGGAATTCTACTCCTAGGGTTATACCCAAGAGAAATGATAACATAACATTTATCCACACAAAAACGTGTA,"[[49991302, ""T"", [""C""]]]",yes,no,T->C,1
chr12,12970265,12970478,TGTGCCTCAGACTCCTGAGTAGCTGGGATTACAGGCACATGCCACCACACTTGGCTAATGTTTGTATTTTTAGTAGAGACAGCATTTCACCATGTTGGCCAGGTGACTCTTGAAGTCCTGACCGCAAGCAATCCACCCGCCTCTGCCCCACAAAGTGCTGGGATTACAGGTGTGAGCCAACGCGCCTGGCCGAGGCAGCAGCCTTAAGGCTGTG,"[[12970293, ""C"", [""T""]]]",yes,no,C->T,1
chr2,161943048,161943329,CGGTAAACTGGGGTTATCTTTCATTATTAAGGTTGTTCTAATAGAAGACCAGAATTGCTCAAATAGCTCACTTATACAGAAATATGTGACCGAGATGGACTGAAAGCACATTAAATATGAGTGGTGTTGACCTAAATGAAACCATATGGCAGAACTAAGTCTGCCTTCTGTGTAAAGAACTCAGAATGCTCTTACTTTACTCTGTAATGCTGCTCCAGCTGTTCCGGATCTGCTGGGGGGAAAGGGATGTTTCTAATATTCTAGTGTCAATACTAAAGTCTT,"[[161943049, ""A"", [""G""]]]",yes,no,A->G,1
chr8,17524857,17525132,GGAGCAAGTTCTTAGCATACTTGATGAATTTCCCTGTGCTCACGTGCTGCTTATAGTGATAGCACTTTAACTTTTGGAAGTGGAGAAATTACCAAAAATTTTTGATTGGGGCAAGGGTCAGGGATGACTCAGAGCTCAGCTCTCTCCCTGCATCTAGACAGAGTTGTAATCTAACACAGAACCATTTTTCCACATATTCCCCCCATTCTCTACATCACATCCTATCTATTAAAAGGATCCTTTCAGCCCACCAGATTAGTTTGCCTTGACTTCTTA,"[[17524900, ""T"", [""G""]], [17524962, ""C"", [""T""]]]",yes,yes,C->T,2
chr14,48053015,48053332,TATTTTCAGGACATGAAGGCACATAGGTGTGCAGCCTCTGTAAACTGGCCAGAAGCAGTCCGTGGTTGGAGGTCTTCTTATCAGGAGAAAGCTACTGAAATCAGTCTCTTGTGCAGTCAAAGCTGTAGTTATGGCTGGTGGAACAGGGGTTCAGTTAACACCTGTGAGTTGCATAAGTTGTAATTGTTTTAATATTGCTTATCTAGAGGTCAGTGCTTATTTAGCTACTACAGAAAAGGAAAAGCCTCCTAGCAGCTGAAACAGTTTATTTATGTCTAGGAGTGTGTGAATTAACCCTTGCCTGGACATGGTCTCAGG,N,no,no,N,0
chr3,7533591,7533826,AGCTGTGTAGCTTCACAAAAGGACTCTGGCAATCCAGAGGAAACCCCAATCCTGAAGGAAAAGCAAACTTTCCTGATATTTACTGAATGTCTGTTTAGTGATTGACTGTCATCTTCCTTGTTGAAATCAATAGGAGACTCAATGAAGTGAAAATGAAATCAATATTTAATTCCCACTGGTAAGAGATAATGCCATGGCCTATGTTCAACTGCCAACTTTCCCTAATTCAAAAGGGT,"[[7533613, ""G"", [""A""]]]",yes,no,G->A,1
chr11,108112050,108112413,TTACAGCATTTGCATCTTGAACACTGCTAGTTACTGAATTTGTTTCATTCCCTGGCTTCAAAGACACTATTCTCTCTTGTTGTCACTCCTCTCTCTCTCAGCTTTGTCTCATTCTCTGGTTCTCTGCCTGCACATCCCATGATTTCATCTCATAGTATGTATACTCTCCCTGGGTGATGTCATCTGCTTCCCTGGCTTTGACACTGTCTGCATGTGGATGCTTCAGACTGTCTCCAGCCCAGGTTTCTCTTCTAAAGTCAACATGTATTTCCAGCTACTTGAACATATCATCTATCACTTGCTCCAGTTAATTCTATCTTAGTCGCCCAGGTTAGCAACCTTGATGTAATTCCCTATTGCGCCC,"[[108112129, ""G"", [""T""]], [108112369, ""C"", [""T""]]]",yes,yes,C->T,2
chr14,61191682,61192160,TATACTAAGCAATTGGGTCAGAATTTTTCACGTCTCAACTTACTCCTTCTGAATTGCCTGGCTTGTATTGTTTAGAGCCTTTGGCTTTGATGGCTTTGGGAGTTTGTTGAACTATTGCAGATTTTGTATGCTTTTTCCTTGAGTAATTTGGTTTTGATCAAATCCCCAAATAAACTTTTTCCTAAGTTCTTTCCCCCTTAGTTTACAAGCTCATACGTATTCCAGAAGAATGTAATCCACATGCTTAAATTCATGTACACTCAGCTCATCCCAGGGTCATTGGCAGGGAGATGGATATTCAAAGCATATGAAGAATAAGAAATGTTTCCTAAAACATTGTGTGTGTGTGTGTGTGTGTGTGTGTGCCTGAAATAAAGACATATTGGCTCAGAACCCTAAGTAGGCAACTCCACCAGTTAGGTGTTACTCTGATGTGTGAAATAGGAAGGTTTTAAGCAGTAGATGATACAGGTACATAT,N,no,no,N,0
chr8,103493782,103494109,TCTTTGGTCATCACTAATATAATACTATTATTTTCATTAAAATGTAATTATAGTCCTATAACCAATAGCCATGTACTTTGAGTTGCTTCTACAATAATGGTGATTAACTTTGGATGAACCAGTCATAGTCTCTCACCCAATTCCTGGTCAAGAAATAACATGTTGTCATCTGACAACTGGCAAAGATTAACAGTCAGCTGTGGCCACTGCACTGACTGACTCACTCAGGGATTTAAACCATGACCTTGGCCTCATTATCATGCTGTTATAATCTACTGAGCAAAATAGCTACAAAAATAAATTCTGAAAGCAGGAAGCAAAAAATTCT,"[[103493826, ""A"", [""T""]]]",yes,no,A->T,1
chr4,89137711,89138087,CACAGCGTACCTTCTCAGCTACTTGTAGAGTAGGACTTGACGGCAAAGCTTTAGGCTTTCTGGATGCAGAGGCCATAAGAATGCAGCTTGCAGACCTCCACCTGTAGGGAGCTCAGCCCCGCTGCCGTGCTCCGCACTCCATTGCGGGGTTGGTACTAAGGCCGTGCTTCCCAGGGACTGCTCCTGGCCGGTGACTGAGTACAGGAGGAATGCTATGGCAGGCCATTTCTGCATGTCATTAGACCCCCGTGATGGCTGACTTTGGCTCCCTGATAGCCTTGCTAACCCTTCCTCAGACCTCATGGCCGTCGAGGCTACTCAACACCCCACCTTTCTTCCTTCTTCCCTCACTCGGGGTCCTACCTGCTTCATGGTCT,"[[89137758, ""C"", [""G""]]]",yes,no,C->G,1
chr1,72649890,72650371,TAGACCTCTCAAATGACATGATATAATTTAGCATTTAATGGAATACATCTTTTGTTGTATTGTCATTGTTGCTTGATATATTTTATCTCCTGTCAAATTTTATGTTTTTGAGAATGAAGTACACATTTTTGCTACTTCCCCCGCCCCTGAAACTCTGACAAAGTCCGTATGACTCAGTAATGAAAAAATATTAGGCACCCAACAACCATTTCCTATGTTATTACTTGAGGCTGTTTATAATCAATTTGTAATGTGGTGAAAATGGCCCAGAAGGTTAAAAAAATGTTGAAAAACTTGGTGAGGGAGGTCAAAGCTCTGAGTGAAAGCAGAGGGAGTTTATCCTGGAACCTGATGAAAAGACCAGGAAAGAGAATGGAGCGTTTGCTGTCTCTGGGCCAAGCCTTAGCAGCCAGCTCTATTGGAAAGCCTGAATCAGCAGCCTCATGGACCTAAATTAAACATTTTGCTAATATATAATTCTC,"[[72649960, ""T"", [""G""]]]",yes,no,T->G,1
chr4,182937359,182937631,GACAAAAAATATAGATTCGGTACAGATCGTGGGGAAATCCCGGGTCCTCCCTCCCAGACTATTTGAGAAGCACTGTTTAAGACTAATGTTTGTAGTGAAGTCACAGTGAGAGCATGTTCTTTCTGATGCAAACACACCCACCTCCTGCCCTCGTGTCCTGCAGGCTGACCTGAGAGCCAGCTGCATAGCTCAAGCCACAAAGGAACCTAGTTTTTGGAAAGGGTGAGTATGAAAATAATACAAGGTAAAGAAAAGAATGTTACTTAAGATCTA,"[[182937400, ""A"", [""G""]]]",yes,no,A->G,1
chr11,63905205,63905515,CAACACCTTATGTGCCCAGGCCCACCCCTCTTAGGCCTCTCCCCAACTCCTCACAGGCACCCCTCATTCTCTGGCCCCAAGCAGATGGCCGATGCCGCCTCCTCTCTAGGAGAGTGTGAACTCAGATGCTAAAATAAAAGCCCCCCCTTCTCTCCTGGGTTCCCATGGAAACTTATATTTGGTGACGCAGCTGCAAAGTCATGAGGCATGAGCCAGGCTGGGGCCAGCAAGGAAAATTTTGTCCTGGTCTCTTGCCCCTTTGACTGCCTCTCCCACTAGTTGGTTCTGTTTCTGGCTGCAGGCGCAGCCAT,N,no,no,N,0
chr1,227880410,227880756,TGAGTTGCAAATCCTGGAGGAAGTTAACCACCGTACAGTGATATCACTCAAGCAGACTGTGGTGAAGTCCTCTCGGAGTGGAACTGCAGCCTCCAGCCAACAGCCATGTGAGTGAGCCATGCTGGAGGCAGCTCCTCCAATCCAACCTCTAGAAGGCTGCAGCCTCAGCCAACATCTGACTGCAATCTCATGATACAGCATGAGGCAGAACAGACCAGCCAAGTCACTCCCAAATTCCTGATCCACAGAAACCATAGAAAGAAATAAATCATTATTGCTGTGTGAAGCCATCGGTGTTTATGTAATTTGTTGTGCAATAATGGATAATCAATTTATTAGAATAACAG,"[[227880448, ""C"", [""T""]], [227880702, ""A"", [""G""]]]",yes,yes,C->T,2
chr5,16066852,16067090,TATGTACTGGAGTAAAGCTATTTTTATTTCACTCATTTTTATCTTTTTACAAGCTCTCTGTTTCAGAAATTAGATAACAAGACATAAGTCCTAGACCATGCATTCCTGGTGACTGGTTACTTCAACACAGCAAAAAGTCATGCTTCAGTTTGCCAACCAGCACGAGGCACAAGAGCATCACCTCAGAGCTCTCTATGTTGCAGAACTGACAGGCACTTTGGAATCTGCCCACAGCATCC,N,no,no,N,0
chr13,74439371,74439730,GGTTATAAAGATTATTCATGTTTACTATAGTTAATTATAAACGTATAAAAATCACAAATAAAAGAATACATATTGTCAAGATTTGCAAGCTGAAAAGTTAACCTGCTGCAGTTTTATAGACACTGGTAGAAGACATGAGACTCCTAGAGCAGAGATAAAAGTTTATTACAGCAGTAGAGCATCAGCAGGTTTTGAACCATTTCCTGAGCCCCAGTTCCCAGGGGATGATACAAAAGGGGCATGATGGCCCCTATACACACAGTGGGTTATGTTACAGGAAAGGAATACTGAGCTTAGGGAACCTGAATCTCTTTCTATGGGCAATAGCCTGGCTAAACTTGGTCTTGAAGGGAGACATTC,"[[74439412, ""T"", [""C""]], [74439601, ""G"", [""C""]]]",yes,yes,T->C,2
chr1,226934402,226934811,CAGCTACTTTAAATATATTCAAAGAAATAAATGAAACCATGTCTAAAGAACAAAATAAAAGTATAAAAATTTTGTCTCACAAAATAGGGAATATCAATAAAAACATATAAATTATTTTTAAGATCATCGAACAGGTATTCTGGAGTTGAAAAATATAATAACTGAAATGAAAAATCTAGTGGGGCTCAACAGCACATTTGAGCAGGCTGGAGAAAGAATAAGCAAAATTGAAAATGGGTCAATTGAGATTATCCAGTTTGAGGAACAGAAAAAAAAAGAATGAAGGGAAAAAATGAACAGAGCCTCAAAAATCTGTGGGTTCCATCAAGCATACAAACATACTTATAATGGGAGTCCCAGAAGGAGAAGGAGAGAAAAAGGACAGAAAGAATATTTGAAGAAGTAGAAAA,N,no,no,N,0
chr16,7236965,7237438,TAACTAGGATAAGCTGGCTTTGGAAGAGGCAAGCCGTTCTTTCACTAGAAGGGAGAGGTTATTGCATCACCCATCAGCAAGAGAGGAATTCAGGAGAGGGAGAGAGCTGTGTGGGGTTTGGGTGGCAGCCAGCTACTTTCCAAAACTTCCCAGGGGCTGCAATACAGCCGCCAACCCAAATGTCATTGGGATAGGCCAGCGTGCCAGATGCCATCACAGAAAATAACTTCCCTTGCCTGGCATCTGGGTTCTTGCCTTGTAATCCAGAAGACCACATGCTGGATCAGCTGGTCCCAGCGGGGACCATGAGCTCTTCCGTCCTCTCTCCCTCCCTGTCTGCTGAGCATTTGAATGAGTCATCAGAGTGCAGAATGGATTTTGGCCATGCCCTTAATTGAGTGTTCTGTACATACAATAATAATTAATAATAATTTGAACTGATCCTTCTATAGTTTTGTCTCTGGACCAGGCACT,"[[7237064, ""T"", [""G""]]]",yes,no,T->G,1
chr1,77739765,77740147,CAAAAGAACACAAATGACATGAGTCAAGGCATACAACAGCTCTAGCAATACAGAATATATAATCTTGGAAAGATAAAAGTCTAGCCTTTCACAACCAGAGTTCTGCTACAGAATTAAGCCCTACAAAAAATGATCTGAGTGACTAATTTATCAATTCTCCCAATGGTGGTACACAGCAAGTACCATCTTAGATGCACAGAAAGAGGCAAATGATATACAATGATGACTCAGAGCTTGGGTATTCAGGCTTAATTAATTCTATAGAGGAATCCTGGTTGAGAACAGTTGATGCTGTAGAGGTATCAATGTGCATCTTAAAACAAAGTCATTCGAGAAACTTTCCATTTAGAATGGGAGCTCTACATAACACTATAGAAGAGGCA,"[[77739798, ""A"", [""C""]], [77739944, ""A"", [""G""]]]",yes,yes,A->C,2
chr12,80183981,80184395,GGGTGATTATTATGTATATTAGAGTGTTCTCTCTTCAAATAGGTCCCTTTTTCCCATAGTTATGGTACTTGGGACTAGATCAATTTGCTTAGTAAGCAAAACTGTAGTTTATGTTTAAACTAGGAATGGAAAATATGTAGCATGTGGCCTTGCATTTCCGTTTCCTATACTAACGGCAAGCCCTTTTCTGTTCAACCCAGTCATGACCTTAAACTATTTCTCAATGCTCTGCTTCAGGCAGATTCTACTAAGCAATGAGTTATCAGGCTAGATGAAACACATTAGCCACACCAGGCTTAACTTCTGGCTATATAAGAAGACAAGACACTTTTAGTGTTAACACATCACTTTAATTTTTTCCTTTTCCACTATAGTTAAGTGGCAGAATAATATATATCTTAATATTTTTCATTCT,"[[80184052, ""A"", [""G""]]]",yes,no,A->G,1
chr2,200640190,200640431,GGAAGGTAGTAAAAAATAGGATTGATGGGTTTAGGTGATGCCTGACTGAGAGGGGCCTACAGTCCCAGAGTGGGAAGTTTAAACTTGATCTTAAAAGAAACAGTGAGACTGAGTGGATCCTTGAATGGCTCAGTGCCGTAATTAAACACAGATGCTTTGGGGAGGGTAACAGGATAGTCTGGGGAGGAGAGAGGATGGAAGCTGGTAGACAGCGGGAGGCAGCTGATGCATTCAGACATGAA,N,no,no,N,0
chr18,68585058,68585533,CCTCAAAGCAGCTCTCATGTCATTGGAAAAGAGATTTTCAAACCACAGATCAAAAATTACTTCTTAAGGTGGTGGTAATGGGTGCCAGGATGAAAAGGTACCTGCTGTGTATTTTGGGTCAGTGGTGTTGAAAACAGCCATTTTCTCGGCTTGCTGTAGAGAAATATGTGCTTGTGTCTTGTCTCTTGGGACCCTTGTTTTCTTCCCTGCCCCTGGGGATTGGCTTCAAGCTATTGACATCTGGCATTTGCAGATTTTGCAGTGTGGTTCTACTTCTTTTTTTCTGTAGGTTATTTCTCCAGGAGCAAAGATACTAAATTCTAAACCTATGCACATATGAAGAAATGTGGCATATTACTGGTTTTTATTCTTGTCATTTATAGAACAAAATAGAAATGGAAAAAGGAAAAAAAGGACTCAACCTTTGAATTCACAGAGCAGGTTGGAGAAAGTTGGACAGTAACCATGCTGCGGCA,"[[68585068, ""A"", [""G""]]]",yes,no,A->G,1
chr2,13666903,13667220,TAACATAATGGCAAGTCCAGAAATCAGAGCACACACTTCCTCAGAAGTTTCCCTTTGGGTACTCACAAGAAAGCATAGGGGTTAGACCAAGGCCCAAAGGAGCTGTTCTCAATGGCACAGTTTTATGAGACGTGTCAGCTGCTGATGCAAGAGATACCCAAACACCACCCACTTCCTAAAACTCTTCTCTCACACATTAAAAAGACTTTCAACCACAAAAGAAAGGGCATCGAAACTTTTGATATCTAAGGTCACTTGTGGAGAAGTAAAAGCAGAAATTCTGCCTTCCCAAGGTTAGAAAAATCTCTCTTTATCTCA,"[[13666913, ""A"", [""G""]]]",yes,no,A->G,1
chr11,128759581,128760076,TGAGTAAAGCGTGAATGAAGGGGGTGCATGACAGGAAAGAATCAAAGGCGACTAAAGCCTGCACATTTTAAAGGCTGGTGCTGTGAGCAGCCGCAGAAAGGTGGCACAGGAAATGCTTTAGGATGGGATGTCAGTGTTCTCTTTGAGATTCCTTGTGAGCAATGGGTAGAACATCCAGATAAAAACGTCTACTAGGCTTTGGGAACTGAAGCTCAGATAATCTTTCAGGCCTGGAATTTACGTTTGGGCATCATCTCTAAGGAGTCTGAACTGTGAAAGTGGATGAGGTCACCGAGGAAACTAGTCTAGATTGAAGAGAGAGAAGGGAATGAGCATGGTTGGGAGGGAGAACTCCTCCAGAGCAGCTCATGGCCTCAGACCTGCCTGTGGGAACTCCCAGGCCTACCACATTTCAACCCTACTAACCAAAACCAGTGACTGGGATCTCAGCCACCTTTCCAGATCCCAGGATTTCAGGAAGGCTCAGAGGTTCTGA,"[[128759590, ""T"", [""C""]], [128759976, ""G"", [""C""]]]",yes,yes,G->C,2
chr19,19023374,19023767,TGGCTATTCACAGATGCAATCATAGGTCACTGCAGCCTTGAACTCCTGGCCTCAAGCAATCCTCCCTCCTCAGCCTCCCAAGTAGCTGGGATTTCAGACATGTGCTACCACCCCTGGCTCACAAGTGACTGGTCTTTGTGATTTTCTTCCCTCAGGAGCCTGGGGATTCCTCAGAGACAGTGCTCTGTGTCTTTTCTCCCTTCTAGTAATACCTTGTGGGGACATGTTGGAACAAGGGTTCCAGGCCAGGTGCAGTGACTCACACCTATAATCCCAGCACTTTGGGAGGCTGAGGCAGGTAGATCACTTGAGCTCAGGAGTTCGAGACCAGTCTGGGCAACATGATTCTCTACAAAAAAATACAAAAAAAGTTAGCCAGGCATGGTGGTACATG,"[[19023475, ""A"", [""G""]]]",yes,no,A->G,1
chr4,112951355,112951830,GATATAGGAGAAAAAAATTATACTGAGCAGGAGTTATTTTGATAACTAGCTGGTATAAAAAAGGTTTTTAAAAAGATCATAATTTCCTTTTCCAGTGTTATTTAATGATTCAAATGAAAAGAAAACAGTTGAAGTAATTTCTTTGTAAATTCCTTTTCCTTCTAATTTGTTTTTCTGATTATTTTCTTCATTCTTGTTACTGCCACCTAGTGGATGATGATTGGTTTGCTTTTTTATTGTTCGAGATTATGGTTTATTTTTTCCCCGAAGGTAGCTCTTTCTAAGGGTTTAAAAAAAAAATCACCAGTGGTGTGCTAGTAAACATTTTACTTCCAGCTATCCAAAGGCATTGTGTACATAAGTATACATTCATAAACTTCTAATAAGCTTTACTTATAAAGGATGCACACAATTTATGTAGAGGGAGCACATATTTTACGAGTAATAAGAAAACAGAAAATACTCTTTATTTAAAT,N,no,no,N,0
chr9,108131579,108131887,GTGAGAGCTTATAAATCGTCTTCATACAGTGGGGATGTTTATGTTTGTGAGTATATGTGCATATACGCACACATTTGTTTGTTGGGAGAGGGAGAATGATCAGAATACCAGAATATTCTGGACATTCTATTTTGATGTGTCACCCATTGGTGTCCTTGTAATTTCTAAGGGAAATAAATGTACCAAGGATAAAGCCAAAACCACGTGCTCTCCTTGTAACTGTGCGCTTTGACCCTAAATATCTACATAGTCAGTCGCTGGTGAGCTAGACTGAGTGGTGTGAAAAAATGCCTGGCAAGAGACAAAGCT,"[[108131614, ""C"", [""T""]], [108131669, ""T"", [""G""]], [108131676, ""T"", [""G""]]]",yes,yes,T->G,3
chr5,179428892,179429272,GGAGAGGGGACTCTGCCCAGTGTCCCAGATAAGATGGAGGCATGGGCTGGGTCCTAGGAGGCTGCAGGATGGGTGGAGACCATCAGGGCTGGGAGGAGCCCTGGGTATCGCTCATCAGAGCAGGACCCACTGGCGACCACATCCAGGCCCTGCCAAGCAAGCTGGGGCACAGGGCAAACCACGAGGCTCTGGAAACGCAAGGGACGGACAGTGCAGCTCACACCCCAGGCAGCTGCACTGGCAGCTGGGCCAGGGTCTGGGGTACCACAGGCCTGCAAGGGAAGAGACATGGGGCTACTGCCTCATTCATGCTGCGACTGTTCTCTGCCCTTCCCAGAGCTTCAGGGCTTAGACATGGAGCTGGGATAAGGCTCCCAGAGA,"[[179428903, ""C"", [""T""]]]",yes,no,C->T,1
chr7,73642820,73643243,TGATTGATTATGTGACTGAATGCATTCTCCAACCCTCTCTTCTCCCCCAAGTTTGGGGAGGCAGGGAGCTGAAAGCTCCAATCCTCTAATCATGCCTTGGTCTTTCTACTGAACAGCCCCCATCCTGAAACTCTCTAGGGGCCTCCAGCCACCAGTCCTCTTAATAGCTTTCAAAAGACACTCTTAGCATTCTGGAGATTCCAAGGGTTGTAGGAGCTGTGTGCCAGGAGCCACAGTCAAAGACCACAAATATATTTCCCCTTGCACCACAGCCAGGGATGCCAGTGGGCTGCCTGGCCCTGTGTATTTGCTATTGAGTCTCATCCATCAATCTGCTCAACCAGCCCGTTGCTCAGGGCTGAGGGTCCCTATTGTACACAGCACATCAAGGCTCAGAGACATGTTTATTTGATTCTCTCATGTA,"[[73642840, ""C"", [""T""]], [73642928, ""G"", [""C""]]]",yes,yes,G->C,2
chr2,7311188,7311426,TACATGAAAGGCTGGTCTGTTTTCACGGCAGCATATGGACAGTATTGATCAGTTCAACTTTCCAATACTCAGTGTTTTAGTTTCCCCTGAGTCCATTGCTTTCTATCAATAGATCTCTGAGAATAAATAAGCAGCTATGCAGAATTCTGATGTGCAAGACAAATAGACTGTTGACATCAGCTATATTTAGGAAAAGGCTCAGCATCAGACCCTTTGATATGATGGGGCACTTCTTCCCA,"[[7311189, ""G"", [""A""]]]",yes,no,G->A,1
chr13,93947635,93948072,CATATTAATAAATACAATCAAAGACATATATGGGAATTAACACTGCTTAGCATCAAGATTGATTCCCCGTACAAAAGTGGTTTCTTTTTTTTCCTCTTCAACGCTTTTTTTTTTCGCCACCACAATCAGAAGTTTCTGTTGCAGTACTGAGTTATTTTTATAGATTGTGGAAACCTTGATAAATTCTTTTGAGAATTAGCTGGGTCTTAAAAGAATCTCTTTGTTTCAGCAGAAAATATAGTCTGAGCACGTAAGCCTCCGTGATAGAAGGGCAGATGCTCCTGTGGCTATTTTTCACTTTTCAATTTCCCTTTTGTTTTTCAATTTAAGTGACATACTTAATTTTACTACCCTAATTATTTGGCAATATTATTGTATCCTGTGTTGTAACTTGCAGGATACTCTTCCAATAATAAGAATATATTTCTCATAAATTTA,N,no,no,N,0
chr14,35277111,35277389,TGCCTCCTGGGTTCAAGCAATTCTCATGCCTCTGCCTCTCAGGCAGCTGGAATTACAGGCATGCGCCATGACGCCTGGCTAATTTTTGCATTTTTAGTAGAGACGGGTTTTCACCATGTTGCCCCGGTTGCTCTCAAACTCCTGACCTCAGGTGATCCACCCACCTCAGCCTCCCAAAGTGCTGGGATTACAGGTGTGAGTCACCCCGCACAGCCTGAAATGAGGCATCTCTATCTATAGTCCAGCAGCCCTACAGGAGGCAGGAGGGGAGCAAGAATA,"[[35277151, ""G"", [""A""]]]",yes,no,G->A,1
chr3,23209151,23209387,TAAAATTGCAGTAGTTTCATTTATGGTTACTTGACCATAAATATTTTTTTTCTGTTCAGTAACACAGAATAGAGATTAGGAATCTTTGAAGTAGTTACTGAGTGAGTGACAGTTTATTTTCCACTACTCCCAGTTGGTAAAATCAGAAATGCTGACATTAGCAACAGGTGCATCTTGGTTTCATTACATTAGTCAGTGGATCCATCTTGATACAGATTTTCTCTTTCTCTAGAGAAT,"[[23209292, ""G"", [""A""]], [23209364, ""G"", [""A""]]]",yes,yes,G->A,2
chr13,84625857,84626356,TAAATAACAGAAATTTATTTCGGATATTTCTGGAGTCCAGGTTCAAAGTACCAGCTGATTTTGTTCCTAATGAAGTCTCTCTTCCTGCCTTGCTGATAACTGTCTTCTTTGCTGTGTCTTCACATGGCCGAGAGAGAGAGAGAGAGGGAAGGAGAGAGAGACAGATAGAGAGAGAGACAGAGAGAGAAAGAGAGAGACAGAGACAGAGAAACAGCTCTGGTCACTTGCTCTTCTCTTAAAGACACTGACTTCATCATGCGGGCTCCTCTCTCATGATCTCATCTAAACCAATTACCTCCCAATGGTGGCGCTTCCATGTATCATCACACTGGGGATTAGGGATTCTATATTTGAATTTTGGAGTAGCACAAACATCCAGTCTATAGCAGGTTAGTTGAAAGTTACATTTTACAATTTGAATTTAAAGACATTAATATTGTATATTGATACATATTTTTCATGCTTAAATGGATGTCCCTGTCCTCTTTTTCAGACATTAT,"[[84625878, ""T"", [""G""]]]",yes,no,T->G,1
chr11,104881208,104881410,TGTTGGCTGGAGTATGCTTTTAATAGTAGTAATGGCTGTAGTTCTGGTAGCCACCTTGAACCAAGAGGTGACCTTTGAAAGGCAGGCACTCACAGAGGAGTTACAGAAAAGACAGCTGGTGGCAGTGGGCAGGTGGGACGGACAAAGGATGAGAAAAATCAGAAAATTATGTAAATATGGCACCCTAAAGTTGCACCATAGAT,"[[104881252, ""C"", [""T""]], [104881309, ""G"", [""T""]]]",yes,yes,G->T,2
chr6,26339666,26339918,AGAAATGTTGTAACATTTCTATGTTGAGCATTCAGATTGACTTCCAGTGCCACACTGCAGAATTGAACCACCGAGGGATCTGCTGACTCTTCTAAAATCACTACAGTGTCACTACCACAGCACTACAGCATCACTGCCACAACCAAGAAAACCACCACCATCAGAAAGCTCCTGCCTGCTGCCAGCTCCAGAACCATGCAGCACCTGCATCAACACCAGTAAAACAGATGACTTATGGCCTGCCTCTCAAGTC,N,no,no,N,0
chr2,203399071,203399351,AATTGCTGGGTCATATTGTAAGTAAATTTTTAACGTCATAAGAAACTGCCAAGTTGTTTTCCAAAATGGCTGTATAATTTTACACTCCCAGCAGCAATGTGTGAGTTTCCAGTTGCATCCTTGTCAGCCCTTGGTGTTGCCTTTTTTAGCTTTAGCCATTCCAATACATGTGTAATGGTTTCTCATTACATGTGTGGTTTGGATTTGCATTTTCTTAATGACTAATGATATTGAACATTTTTTTCATGTGCTTATTTGCCATGTGTATATCCTCTTTGGTG,"[[203399082, ""T"", [""C""]]]",yes,no,T->C,1
chr8,13700542,13700844,CAGGAACACGGGTCTGCAATCTTTCTATATTACTCTGTTGCATCAATATCAACTGCTGCTTTTTCAACATACAACATTGTGAACTTACTAATTTAGGCTTTTAAGTATATCTAAGTCACTGGGCCTTTAGAATACAGGAGTTTTTTTTTAAAAAAAAACAGGAAATATTAGCTGTGCATGACTCATTAACCCATTTAAATTGTAATTTGTGATCTGATGGCAAATGTAGAAGACACTTGCATATTTTCTTTTGAATCATCATCTGTCCCACCCTCACACCATACATAAAGATTAAGATGGATT,"[[13700618, ""C"", [""T""]]]",yes,no,C->T,1
chr9,90767620,90767900,TATTTTTAGAATGTCTATTATATACAATTTTCTTTTAATTACAGCTAGCTTAATCACACATAAAATTCCTTTCATAAATTCCCCTTTATGAACCTTATCACAACTTACATATACCATCTACCACATGCTTGGACATTTTGACTTGTCCTATACTAACTCTTTCTTAAATAACCATTCATTTTCCTCTAGGACAAGAGTTTACTGTAGAATATCTTTTTATACAAAATTACTCTTTCTTTATATCCTTCCTTGCAAAAAAAAATACATTTTTTATCTAGAGC,"[[90767631, ""A"", [""T""]], [90767775, ""C"", [""A""]], [90767900, ""A"", [""C""]]]",yes,yes,A->T,3
chr5,40309961,40310238,AGCTATATAAATATTTTGGTGGGATCATTTTTTTTCCTCAAAAGCAACATCAAATCTCCAGCTGCTGGGAAATGGTGCTTTTTCCCTATTATTGGAATCAATGAGTCAAGGCATATGTCTTTAATGGAAGTTTTGGCAAGCATGGTATTAGAGTTAATATTAGATTCAACTGAAGTAAACTGAATGGTTTGTTTTCTGCTCTGCAAGCACAAATCAATGGTTTTAATCAAACACTGCAGTTTATATCATGGTAGAAATATTTACACAAAGAGAAGCAC,"[[40309980, ""C"", [""T""]]]",yes,no,C->T,1
chr17,72077369,72077857,ACCTGCATGGCTGGACAAGGGACACTGGGATCACCACCCACAACCCTGCATGCTGCAATCTTCTTCCCCCACCAACCCCACTCTCTCTGCCCCAAGCAAGATGACTATGCAAACGAGAGAAGGCCTAGGATCTCAAGTCCCAGTGACTCACCTGCCAGCTCTAGGCATACATATATGACCTGTAGACTTCATATTAAATCATCCTCTTCCTGATACCAAACATCCTTATGGGTGACTGGTACATCCTCTGGTAATCCAAAAATGTCCTACATACCTGTGTGATGTAGTAAGCTACTGTCTCCCAGCTCCCAAACCTCCAATACCCTGCTCTGGGACGCCAAAAGAGTCTCTGTAAATCATGTTTTTCCTTTGCTAGTTGCTCCTAATAGATAGATTCTGGCAATAGGGGGCAGTAGAGGGAGATTGGAATCAGGAGAAGGCAGAATGCATTTCCCCACTTTTTTTTTACTTGCTGCTCCCGCCAGTGCT,"[[72077437, ""A"", [""C""]], [72077707, ""T"", [""C""]], [72077784, ""A"", [""G""]]]",yes,yes,A->C,3
chr8,46692105,46692440,GTCTTAGCAAATGTCACACCAGGAGATGATATTCTATGCCTGGCTCGGAGGGTCCTACGCCCACGAAGCCTCACTCATTGCTAGCACAGCAGTCTGAGATCAAACTGCAAGGTGGCAGCAAGGCTGACAGAGGGGCGCCCACCATTGCCAAGGCTTGAGTAGGTAAACAAAGCAGCCAGGAAGCTCGAACTGGGTGGGGCCCACCACAGCTCAAGGAGGCCTGCCTGCCTCTGTAGACTCCACCTCTGGGTGCAGGGCATAGCCAAACAAAAGGCAGCAGAATCCTCTGCAGACTTAAATGTCGCTGTCTGACAGCTTTGAAGAGAGTAGTGGTTC,"[[46692118, ""G"", [""T""]]]",yes,no,G->T,1
chr5,135950635,135950987,AGATCTAGCTTTACCTAAAACTTAGAAGCTTTCAAAAATATTGCACATTCAACTCTTGCAGAAGTGCCAGCATTTATGATTTGTGGGATTTGAGTAAATGCAAGTATCTATCCATTATGGTTAGCATTGCTGAAAGTGGCTTTGTTTATAGATTGTTAAGCAAAACCACATGGGCCACAGGAAGGAATGCCTCCAATCAGCTGTGGGGTTTCGTGAAGTGTGTGCATGAAGCAGAAGTTTTCAGAGAAAATGGTGAAACGTCCTTGAAAGTGCCTCAGCTGGGAGAGGATCAGAAAAAAATATCTATCGGGTACTATGCTTATTACCTGGGTGACAAAATAATCTGTACACCA,"[[135950677, ""T"", [""G""]]]",yes,no,T->G,1
chr15,28374822,28375221,TTAGTCTGCATTATGGTGTATCCAGACTAAATAACTGATATTAAAATGAAATTATCCTTAGGATTTGCAATCTTAGAGAAAACTTTTTCATTTTTTTTGAGTTACAAATTATCTTCACTTACATTTGAGAACAGTGAGTCACAGAGGGATTAAGTATCTTACTCAAGATCTTCAAGTGTTTGGTTTGAACCCAATCTTTTCACTCTGCAGAACTCAGAGTCACTCTTATTTGGAAACTTTTTAACTGATGTGGATCCTCTAATATGGGCTTCCTATTATTCATTCCGTATTAGTCAGAAGTTTTGCAAGCAGGCAGAATTCATTTTGCCAATTACGGGATTTTCCCTCAGTTGCAGTCAAGGTTCATAAAACTATAACTATTTATCTTTAATTATAAATT,N,no,no,N,0
chr7,114785597,114785824,CTGCTCTGTCAGTAAAAAGCAAGAATCCAAAATTATCTTGTTTGCTCTTCCTGAATGACTTTCAACCCCCTCCTTCTTGGTTACTATCCAAAATGTTAAACTCGTAAAACATAGGTCTTCTGATTCACAGCTGGATGTGTTTAACCCATCCTAGAAGCCTGTGCTTTGAGCTTTTGAATTATTTAGACCTGCCAGAGAAGTCTGAATCTGTTTCATCTTCACCTTGTC,"[[114785744, ""G"", [""A""]]]",yes,no,G->A,1
chr17,44999472,44999795,GGTCTTTCAGTAAACATATATTTTCATTTTTCTTGGTTAAACACCTGAGAGTAGGATAACCGAATCTTGTGGTTATTGTATGCTTAACTTTTCAAGAAACTGACAAACTGTTTTCTGAAGTAGTTGCACCATTGTACATTTCCATTATCAGCATGTGAGAGTTCCAGTTGCTCCACAAGCTCATCAACACTTACCATGGTCAGTCTTCCAATGGCTGTGCAGTGTATGTAATTGTGGTTTTAATTTGCATTTCCCTGATAACGAATAATACTGAATTTTTTTTCATGCACATATTGGCCATCCTATCTCTTCTTTTGACCCTTT,N,no,no,N,0
chr11,20672718,20672949,TCAATAATTATTCCCACATTGCTTTCCAGTTTGTTTTGGTCACCAGGGCAGAGGGTGAAGGGAGTACCTACACCTGCAAAGCCCCTACTGACCAAGTGAATGTCTTTTGCTGCCACCTGCTGGAAAGGAGAGAATTTTTTTTTTTTTTTTTGAGATGGAGTTTTGCTCTTGTTGCCCAGGCTGGAGTGCAGCGACATGATCTCGGCTCACCACAACCTCTGCCTCCTGGGTT,N,no,no,N,0
chr8,26897947,26898326,TTCAACATCACATTGCACCTTTTAATTCAAAAATTGTAGTTTTCATCACAATTTTCTTTCCTGGTCTCAAACAGTTGATTTTTCAATGAACACGTGCTCTAATCTCATACCTGCAGTGCCCTTTTGAAACTGAGAACAAAGACTATGCAATTTCTTTAAAATGCCAGTTTCTGATAACAACTGTAGATTTCAGAAGATGACATTTGTTCCCCTTGATATGAAATACGGTGGTTTCAATGGCTTTCTGCTTAGTCCTCCCAAGGGAGGGAGGTCCAGGTTTACCCAGTGCTGGCTTATAGAGTTAGGATTTGATGAGTTTTGTGTGTGCGTTCTTTATTTAAGAATGGGTAGCTCTTGTCTCTTTTAGAGACTTTCAGTCT,"[[26898037, ""T"", [""C""]]]",yes,no,T->C,1
chr2,118115758,118116103,AGGCAGAGTGCTGGCCCATCACCTCAGGATCAGCTGGATGCACCTGGGATGCATAGTCTCACACCCTGGGCTTGAGAAGCTTGCAGACTGACAAATTTAAGATGAAACTTAAAAGATGTTTATAAAGACAAATCTCTGTGGAATTTTCAAAGTCCCAGATCCTAGTGCATATCAAGATCCTGTCTGTCCTTGAGAAGGCACGTCAGGGCATGTTGAAGCGTGTCTTCCCAGAATGTGTGTAAAATTCATACTAGAGTTGAGTTTGGTTCAGCTTTTTTCCCCAGAAAGAATAAGTTAGTGATCCTTAAATATTGTTTGGTAATCTGATTTTGAAATGGCAGCTTGT,"[[118115806, ""G"", [""A""]]]",yes,no,G->A,1
chrX,88621341,88621611,TAAAATGGAGAATAGAAAAACAATAGAAAAAATCAATGAAACTAAGAGCTCTTCAAAAGCGTCAGCAAAGTTGATAAACCTTTAGGAAAGTGACTTACAAAAAGAGAGTAGACTCAAACGTCTAAAATGAGATATGAAACTAAGGACTGAAAATAGATAGTGGTGACAGCTGCTCAGCATTGTGAGTGTTAATAATGCCTCTCCATTTCACAGTTAAAAATGATTAAAATGGCAACTTTTATGTTATATGTATTTTATCACAATGAAAATA,N,no,no,N,0
chr5,44933311,44933655,TATCGCTGCCTTTGTTGCTTTTTATAGTTGTTAGTTTAAGGTCTATTTGTTTTCTGACTAAGTATAGCTACTCCTGCTCATTTTCAGTTTCTATTTGCATAGAATAGCCTTTTTCATCCCTTCACTTTCAGTTTATGTGTATTCTTGCAGGTCTAATGAATCTCTTATAAGCAGCATATGGTTGGGCCTTATTTTATTATCCATTAAGCCACTCTGTCTTTTACTTAGAAAAGTTAATTCATTTACATTCAAAGTAATTATTGATAGATAAGGAGTTACTACTGCTATTTTGTTATTCTTTTCTAGTAGTTTGTAGTTTTGTAGTTCCTTTCTTTCTTCTTTTAT,N,no,no,N,0
chr15,22395970,22396179,CACAAAACATATATAAATACATAGACAGACAGAAGATCCAGTAGTTGTAAGATTTTTCATTTGCCAGTTCTTAAGTTTCCTAGTGGGATTACTAGATTCAGGCTGGAGCCCTTTGAAAAATAGGGCTGGGAAAGCTTGCAATTTCTAGGGCCTAATAAGCAGGCACAGCTGGAAGGCAAAAACAGATCCCCCAAATTAAGGGTGCCATTT,N,no,no,N,0
chr5,174997783,174997991,GCTTGCCATATTCAGGGAAGAGCAAGGAGGCTGCTATGGCTGGAAAGCAATAACACAGGGTGGAGGTGAGTAGCAGGAAATGAAGATGAATGTGGCTTCCTAAAAAGATCACCAAAACCACCTGTTGATAAGATAAAGCTGAGTTTATTCTTACCCACATAAGAAAGGATGCCACCTCAACAGAGTTTTAGTTGTATCTCAGATGGGGA,"[[174997792, ""G"", [""A""]]]",yes,no,G->A,1
chr1,186588365,186588602,CATCAATACAATTAAAAATGGGAAATCAATAGAGAAAAACCAATGAAACAAACAACTAGTTCTTTATAAAGAGCAAAAAAATCAATAAGCTTCTAACCAGGCTAAGAAAAAAAAAAAGACGACACAAATGACCAATATCAGAAATAGGAGACATCACTATAGACCCTACGGGCATTAGAAAGACAATAAAGTAATACTGTGAACAACTCTATGCTGACAAATTTGATAACCTAGAAAA,N,no,no,N,0
chr11,49203239,49203714,AAAAGGAAGAATCCCTCTAGAGAGATGCAAAATGGTAAACAGATCTGTGAATTCAACTGGGTGTTTTCAAAGAAGGGAAAACACAGACAACCCTGTACATCAAGGCAGAGTGAAAAAAAGCTGCTCCTAATTAATCTTCCCATTCACTACTGAGGCAGATATTTCAGAGGCAGTGGGGGCTTTTAAGAGCAGAACAAAAGATTTTAAAGGGGGACCAGATGGAAGGTCAGAGGTTTTAATAGTCTCTGACCCATGGGTATATTTTAATTGAAAGCTCTCTGATGGACAAATGGCAAATTGAAAATCTGGAGAGTTTAGGAGGCTTCTGGAGATTCTGTGGTCCTTGGAGGAATGAGAGGGAATTCTTTCAATTTCTTTCTTTTGTGTGTTTATGCTGAATATCCCCCTGTGTTCTGGTTAGAGGAGCTTGGTTAGAGACATGGAGAATAAACAAGAAGCTGACTGCTTAATCTTGC,N,no,no,N,0
chr1,55957260,55957657,CACAAGTATTTATTTTTCTCTTTTCTGCTTAACTGTATTTTCTTAGACTTTTACAAAAAAGTTTTTTTTTAAGTTTGTATGGTTGAGAAATGAAACCATTATATCAAGAAATACAAGAAGAAGGTCCAACAGTCCTGGTTTCCATCCAACATTATATAATCCTGGGGTGTTTCAAAACCACCCAGTTATGTGCTGACAGATTGTCCAGATGTCTGGGATTAGAATTACAGAACATCTTTGTCCCAGCAAATTAGGTGGCTGGGCACACAAACAACCTGCCCTTTATTTTATTTATCTGCCCTTTGACAAGACAATTTTCCCTGTCATCATCATTTTGCTTTTCTGTTATGAATTCAAGGCACTTTACTAGGTACTTTTTTTTTTTTACATTCTTTATT,"[[55957358, ""G"", [""T""]]]",yes,no,G->T,1
chr10,33534474,33534832,CTGAGAAAGTGGAAAACACACCATGCAATTGCTAACAGTTGGCAGAGCAGCAAGTGCACTCCAGTGGGTGGCATTTGTCCCTGTTTCTATGCTCTGATCTGAAGCTTGTACAACAGATGTACCAGGGGCTGGAGGATGGCAGTGCTCATTTGTGGAGGTGATAATGCTAGAAAACAGCTCAGGCCATGACTAGCATAGTGCCACAGGCTGATGAACCTGTTGGTCCTGCTGGGCAGTTTTAGCTCAGCAGCATTTTAACCATTTGCAACGCTAGAAGCAACGGCAAACATTGCTAATGTAACATTTCTTTATATGGCTAGAGTGCTGGAACTAGATGTCATGGAACTTTTCAAAAATAC,"[[33534493, ""G"", [""A""]]]",yes,no,G->A,1
chr5,92652700,92653120,TTGGACATTCTCAGATTAAAGAAACCTCTACAATCCAAGTCACTTCCAAAAATATATTAATAACCATTTATTTGTACCATTCAATATTGTGCAAATAGTCAAAAAAGTCTGATTTCGGACCATGGGTTGTTGCATGGAGTATGCTTGTTTTCCTGGACCTCAGTGAGCATTCTCTATGCTTGTCTAAGGGCAGGATTTGGCCATGTGTGGTTAGTTGATTACAACAAACATATGGGGAAAATGGCTGAGAATGCTCAAATATTGAAACCATATGTTACTGCATAGGAAACTATGCCTTATTAAAACACAAAACAAAAACTGAGAATCCAGCTAGAAACATACAGTTCAGAGCTTTTGCTTTCAAAGCTTAACAACACTCAATTTATTAGACTAAAGACTTTCTTTTAGATTGAACAGAACC,"[[92652840, ""G"", [""A""]]]",yes,no,G->A,1
chr18,33123967,33124312,TGTCTCTGCAGTAAAACAGAACGGCACTAAACTGATGAGTTTAACCCAGCAGAAAGAGCGGCTGTAAACATGACAAATGCCTGCTATTGATTTCAGGTTTAATTACTCTGTGCAGTACTGACAAAGCCCATCAGATGTTGTTGTGAAGTGTAAATGGAACAGACTACACTTCACTGCCCATAGGAAACTGATGGTGTCTGCAGTTTGCATTGTTTACTTTATCCTCCGTAAACTTCAGCCTTGATCAAATTAACAAGTGCTACTAACCTCCAACAAACTACAATGCACTATGGTTTTACAGCAACAGCCTTGGAACAACAGTTCAGCACTTGTCTCATCGATAACA,N,no,no,N,0
chr4,43066387,43066792,TATAACCGTGTTAATAAAGTAAATGGAATGTGTCTAGTTATAATATAAAAAATATTTTAATAGACTTAAAAAGGCATAAATAACAGTCATTGCAGAGAAATCCTTCCTGATATGGACACTATACAAAGATAACCCCTTCTGTAGTTGCATTATGTTTGAAGAATAGTTGGAGTTTCCTGTGTCTACTTGTGAGCTAAATCCCTAGGTATCTGTCCACACCCTAGGACATACTCTGAATCATGAATAAACAGGGTCACACATATTGGCACTGGATTACATCCTGCTAGCAATAGTGCTAGTTTATTTTGTATCCTTATCAGTATTTAGAATATTGGTTGGCACATAGAAGTTGCTTAATAAATGTTTGTCAAGTTAGATCAGTAATTATCCCATATTGAAATTCTTA,"[[43066411, ""T"", [""G""]], [43066587, ""T"", [""C""]]]",yes,yes,T->C,2
chr16,24573629,24573985,CCCTGCGGCCTTCCGCAGTGTTTGTGTCCCTGGGTACTTGAGATTAGGGAGTGGTGATGACTCTTAACGAGCATGCTGCCTTCAAGCATCTGTTTAACAAAGCACATCTTGCACCGCCCTTAATCCATTTAACCCTGAGTGGACACAGCACATGTTTCAGAGAGCACAGGGTTGGGGGCAAGGTCATAGATCAACAGCATCCCAAGGCAGAAGAATCTTAGTACAGAACAAAATGGAGTCTCCTATGTCTACTTCTTTCTACACAGACACAGCAACAATCTGATTTCTCTATCTTTTCCCCACATTTCCCCCTTTTCTATTCCACAAAACCGCCGTCATCATCATGGCCCATTCTCA,"[[24573741, ""T"", [""A""]]]",yes,no,T->A,1
chr17,1064706,1064978,CACTGCTGTTACGTGAACTGAGGGCTATGCATGTTCCTCTAGACACTGTTGTTATGTGAACTGAGGGCTATGCATGTTCCTCTAGACACTGTTGTTATGTGAACTGAGGGCTATGCATGTTCCTCTAGACACTGTTGTTACATGAACTGAGGGCTATGCATGTTCCTCTAGACACTGTTGTTATGTGAACTGAGGGCTATGCATGTTCCTCTAGACACTGCTGTTATGTGAACTGAGGGCTATGCATGTTCCTCTAGACACTGCTGTTACGTG,N,no,no,N,0
chrX,49146472,49146748,GGGGGCACTTGTCCTTCCAACATCCCATTTCCTTACAGTAAGCACACTGGTTACGCTGCAAGCGTGGATGGCCGGACTGGGTATTTTTCCTGGGGCCCCCCTTTCTCGCCCCTTCGGGGGGGACCCCTCTATTGCTGTGGCTAGCAGGTCGGCGTTTCGCTGGGCTTGGCGTTCGCTCTCTCTGCAGTTCTCTCTGCGGCTTACAGCATCTCTATTCACAAACACCTGGTTGGCTATCTCCAATAACTGTGAAGTGTTCATGCCTGCAAACCCAGCC,N,no,no,N,0
chr19,7263257,7263495,TGGCAGAGCAAGACTCCATCTCAAAAAAAAAAAAAGTTAAGATGAAAAATTTATTCTATGTGTATTTTATCACAATACAAGAAATTGAAGAGGGGAAAGAAAGCTGAAGCTGAGTTGCTCTCAAAGACAGGGGCAACAGTTCAAAAAACAATCATTTTTTGGCCCCCTGGGGATACTGCTACTAATGGATGGCTGAGATATATACCACATGCCAGGAACCCGGTACCCCGGGAAGTGTT,N,no,no,N,0
chr6,167058212,167058704,AGGGTATCACTTCAACCCAGGAGGTGGAGGTTGCAGTGAGCCGAGATTGCGCCATTGCACTCCAGCCTGGGCAGCAAGAGTGAAACTCTGCCTCAAAAAAAAAAAGGCTCTATTTTATTGTTAATGCCAGTCAGCTGTGCCAGAACTTCAACGGGAGGAGAGTATAATGAGGCATGTCCCCCTGCCCCGCCACTCCCCCTTCACATCATGGCCTGAACTACATTTTCAGGATTTTTTGGAATGCCTTTGGCCAAGAGAGGGAGTCCATTCAGTCGGTTGCAGGGTTTAGAATTGCATTTTTAGTTGACAGGTTCAAAAACACAACAAAGATAAAAGAGGAATGAGTCAGCTAACTTGAAGACGCACCAACAAAATTATCCAATTGAACAACAGAGAAAGAAAACTAAAAAAAATGAACAGAACCAGATAATTTTGGATTACTACCAAAAGGCTTAGCATTTGTATTACTGGAATACTAGGAGAGGATGAGAAA,"[[167058226, ""G"", [""A""]], [167058363, ""A"", [""C""]], [167058574, ""A"", [""G""]], [167058679, ""T"", [""C""]]]",yes,yes,A->G,4
chr22,11253903,11254216,GCCACGCAAACGCGGTCGTCGGCACCGGTCGCTGCTCTGCAGGGGAGCGGGCAGAGAGCCGGCTCACAGCGGAATGGGTCACAAGCTGGACTGAACGCCAGGCACAGCCACCGCTCACGCAGCCTCCCAAATGCTAGGACGCCGGCCCGGCCCGGCCCGGCGGGATCCTCCCCCGACTCGGAAGGGGGAGGCGCGGGCCACACAGTAGGCGACGAGCTTCCCTGGGTCCCCACCGTGGAGGCTGGCGGAACCCTTGCTCTCCCCCCCTCACCCCATCAAGGGGGCAGTGGAGGAGGGTCCTCTGCAAGCCAGTC,N,no,no,N,0
chr11,26860444,26860718,TTTTGGTCTTACTCAATGATTCTATAAAGAACTTCAAAACTATTACATATTGTCTTTTGATAGGAAAAAAACCCTATAATTGAATATGCATTGGGAGTTAAGTGAAACACGTTATTGTTTTATGAAGACTAGCCAGGAATTACATCATGCTGCCTGTTTCTACATATGAGTCCAATTTTATGTGAAACTATTTAGAGACTATGGCCCATCTGCTTCTGAAGGTTTTCTACCAAGTTGCCAGATTAATAGTGCAGAAACCAGAATCATTTTTATGC,"[[26860455, ""T"", [""C""]]]",yes,no,T->C,1
chr1,100611112,100611478,TTTATACTTTAGATTTCTATTTTGTCAAAAACTAAATCCTACTTTGCACGCTGTTTTTCCAAATGTAATGGTTGTGGTTCTCACTTCATATCAACATGCATAGACGTGTATAGCTTTCAAGAGTGACTCTTCTTGCAGAAAGAATGGATAAGTAGTCACTCGTGTACTTTGGTGTTGTTGGCTCAACATGTCAGACATGTGCCTACCTGAGTAATCTCCCAGTGTCACCTGTGTTCATGTGGGGAAATAATCAGGCAGACATGATCTACCTCTCACAGATGGTCACTTCAAAACCAAATAAAATGACAAATGTGAAGCTCACTCAATCTACTTCCCATGACTTTTATATTTTTAATTTACTAAGTAC,"[[100611136, ""C"", [""T""]]]",yes,no,C->T,1
chr14,29275169,29275538,TAAAAGAACCGTATTAAGGAAGCCTTTCTTTTCAGTTCCCGCTTGTGATTGCTAACATATCAAATTTATTCCTTCGTAATCCAGATCATTCTCCAGCAGCTTTGAGGCCTGGATGTAGTAGTTTGTTAGAGAGCTCATAGTAACCCTACACTGACAGGCCAAAAAGCCCTTCGACTGTCACTTTATGTCATTAACAATTTTCTAAAGCCATTACAGATGGGATGGACTGATTAGAACTGAGGAGGGAGGATCTTATTCCCAGCCAGAAATATCCCTGGAGACTTTGACGCCGTGTGAAGTTTCTAGTGATTAATGGGAGAAAAATAAGGCCGCCTGTCCCACAGTTGCCATAGCCTTTATTTGGGAAAGA,"[[29275259, ""T"", [""C""]], [29275326, ""A"", [""G""]], [29275423, ""T"", [""A""]]]",yes,yes,T->A,3
chr2,80830604,80830855,CACCTACAAAAGGTGACTATTACTGACTACAAATTGAACCTCAAAAATCTGACTTAATGAAAGAATAAACATCTTCAAAGGTCTTTTTAAAAAACAAATAAAATGTGGGACAGCACTAAAGTGATAATTACAGGGATATTTATAGCCTTAAATGTTTCTAGTTGTAAAGAAAAAAGGCTGAAAAGAGATCTGAAACATCAACTTTAGACAACAGGAAACAACAAAATATCTCTAAAGAGAATAGAAAGAAAT,N,no,no,N,0
chr16,65136564,65136860,CTTATGTAGCTGCATTGATAAACACACAATGCAGATCATAGGTGGCTCTATGCTCTCTGTGCCCTGTCATGGTCTATGCGAGAGTTTTTAGTCCTGGTGTCATATTGACATTCAAGACATTTAAGGTCCTGGAATGTGAGCCACATGATGAGATAATTTGAGGATGGACAGTTTGCAGAAGAGAATACCCTTTGTTCAAATATCTAAACAGCTGTCATGAACAAGAGCGATTAGATTCATTTTGCTTGACCCAGGAGGTGCAAAACTGAGACTAATGGATGGGAGCTTCAGGGAGGG,"[[65136568, ""C"", [""T""]]]",yes,no,C->T,1
chr9,22697367,22697768,AGTCTATGTTAACTTCATTCTCAGCAAGGAATTTACCATATAGTAACCTTTAAAATGCACAGGTTTTCTTACAACCAAAAATTCCAGCCTAAAAGTTTTCCCCAAATCCCTGAGACTTAGGTTCTGTAGCCAGAGAGATGGAGTGTACTAATGAGTTAACACAGCATCACCTAACAAGACTAATTAAATAGTGGGCTGAGAGTAGGAAACTTGAAAGTCCCTTGGGAAAACAGAAGTCCTGCTATGAGATAAATGTGGAGTGAATGCTGGACACACAAAATAACAGATGTATATTGTAACAGGGCTGGAAGAGATTTCCATTCTTCCATTCACTCATTTGTTCTCTTAAAGAACTGTAATACAATATTGGTCAAGACTGACATGGTCTTTGTCTTCATGCAA,"[[22697408, ""G"", [""A""]]]",yes,no,G->A,1
chr1,101769605,101769983,AACAAATGCCTATTATGTCTGACCTGTTGCAATTTGGGGTCCAGTTTTTAAGCAGTTTGCCTATATAATCAGGGTACACTCAGAAACGTATTATAATATTCTCTATGGCCACCAGGTGGCTTCCAATCTCAGGACTGCTTGGCTCAAAGACCATCCATCGCCTTCAAGGACATCTCTGGGGAACAAAATACAGAAATGTCTCTTTAATTTGTGTACTTATATAACCCTGCTTCATCTATCCTAGTTCTTATGTGATTATTTCCTCCAATTTCTTTTTTAGGTATTAGTGTGTTTCAATCATTCATCCAGTAATTCTTTCAATTAACTTTTAATGAATGCCTACATTTTTGGAGTAGATTCAAAGAACAGTTAAATCTCT,"[[101769613, ""T"", [""C""]], [101769676, ""A"", [""G""]]]",yes,yes,T->C,2
chr18,11380558,11380818,TCTTTCCTGACAACTATGGAAGAAAGCACTGGGCCGCCTATCTGCTGTGGATAGATTAAAGCTGGTGAATGTGAAGCAGCAGAACACGTCTGTTACTCTTGTCAATCAGGAATAATGATGGTCAGGGAGACCAGCAGGAGTGCTAACAGAAAGGAGTCCAGCAATGGAGGATGCTCTGAGACAGGCCCCAGCTGCTCTCAGTGCCCTGGCATCCTAGCTTTCCAAGACCACATCAGCTTTACCTTGAGGGCTCGACGAGGA,"[[11380673, ""C"", [""T""]], [11380714, ""C"", [""T""]]]",yes,yes,C->T,2
chr15,92942772,92943033,TGCATTCTTGGGAAGCTTTTTAATATCTGGTGTAATATACTCTCTTTCAAGTGTACTTAATCCTTTTGCAGCCACTGGAGCATCTACTACTGTATATGCGATTGAAGCTAATGGCGACCCTAGTGGTGACTTTGACACTGAAAAGGATGAAGGTGAAATCCAGTACCTCATCAAGTGGAAGGGTTGGTCTTACATCCACAGCACATGGGAGAGTGAAGAATCCTTACAGCAACAGAAAGTGAAGGGCCTAAAAAAACTAGAG,N,no,no,N,0
chr7,89373296,89373748,CCTTTTTTCTATGTAAGATCTCCTTATTGTTGTGGTTCTGTCATATTGGTCTTTCTCAGATGCTCTTTCTCTCAATTTCTACGAACCCGATCTGGCCTGTCTTTGGGAAGCTGCATCTGTTTCTTCTGTGGCTATAGTGGAGTGACCTGCAGTGGTTGGACTATTCAGTGTTCCCCCGTGGGACTGTGCAGCCTTTTGAAATAGCCTTGTCTATGGCAAGCACTTGGCTTACCCATGCAATATCACTTGTCAGGCATGCCTTACAGCTTCAGTCCACTGTGAATTCCTCTTCCTCTTCAGGAGCTTGCCTGTATATCACTTAGCTTAATGTTTATCTGGGCTTTTTCAGGTTACATGCAGGTGAGGGAGATTTCAGCATGAGTTCACTATCTGGTAAGATGAATTTACCATATCACTTTTGTAATAAAAATATTTTAAGCTTAAAATATCTAC,N,no,no,N,0
chr4,32422718,32422918,TTGTTGAGTTTGCAATTATTTTCCTTCTGCTTGATCAAGTCTACTGTTGAAGATCTCTATTGCATTTTTTTTTTCATTTTACTGATTATATTCTTCAGCTCTAGGATTCCCATTGGGTTCTTATTTATAACTTCTATCTCTTTGTTAAACTTCCCATTTTATTCATGTAGTGTGTTTCTGATTTCATTTAGTTTATTTGTG,N,no,no,N,0
chr8,111806634,111806924,TTTTTTTTTTGAGCCAGAGACTCACTCTGTCGCCCAGGCTGGGGTACAAGTGGCGCGATCTCGGCTCACTGCAAGCCCCACTTCCTGGGTTCATGCCATTCTCCCGCCTCAGCCTCCCAAGTAGCTGGAACTTTAGCTGCCGCCACCACACCTAGCTAATCACTGTCTCTATGTCTTTTTTATTATGTTTGTTTTGTAATTTGGTTGGTTACTCAATATTTAACATGGAGATATCAATCTAGGCATTATATTTGTGAGAAAAACTAATGTACTGTTATGGTTCTTCAGTCA,"[[111806710, ""T"", [""C""]]]",yes,no,T->C,1
chr5,140916375,140916772,ACCACAACTAGGAATGTGCTGGATCACACCTGAAGTCAGCACATCTCAGAACCTAAGGCCCACAGTATACTACCTGGATATCACTGCTGGTTATTTGGTGCCCAAGGGCTCTTTAGTCAGCAGGTGATTAATCTTGCCAAGACTGGGTCCTTCCCACCAAGGCAATGGGTTTACTATTTGTCCAGGGTGTGTCTAGAAATGTCATCCATGAGCTAGGGCCTGGAATGCGGGCCTCATGACTCTACTCAATGCCCTATCCTACTGTGGCTGAGCTGGTATCCAAGATGCAAGACAAAGTCCTCTTTACTCTTTTCTCTCCTCTCCTTAAGCAGAAGGAAGGAGTGACTTTTGTTGCTGCAAGCTTCACTGCCTGGGATTAGGGGAGGGGTGGCACAAGC,"[[140916547, ""T"", [""A""]]]",yes,no,T->A,1
chr2,220240527,220240995,TGGAGAAAGACAGAAGGGCAAAAGAGCATGTGAGAGAGCAAGAGAGAGCTGAATCCACTTTTATCAGGAGCCCACTCCTGAGAGAATTAACCTACTTCTGTGATAATAATGTTACTCCATTCATGAAGGCTCTGCCCCTTAAAGGTTCTGCCTCTCAACACTATTGATTAGGGATTAAGTTTCCAACACATGTACTTTGGGGGACACATTCAAAGCACTAGAGGGCCTGGTCTAATGATTAGGAGGATCATTGACCAATGGGTAGAACAGACTGAAACACTTTTGGGAAAACTGCCCTGGGTCTATGCCAAAATGTCTAGAGAGAGAGACCAAAGATCTTGCCAAAGCCCTTAGTCCCACTGCTGGCCCATGAATTCTGCTAGTTAAAGGGTTCAGCCAGCTTTAATTAAAAGCTTGATTCTGCAGTTAGCTGCTTGATATCTATATTATTTCTTACCCATTTGAATTC,"[[220240532, ""G"", [""A""]], [220240885, ""G"", [""A""]], [220240915, ""A"", [""G""]], [220240978, ""C"", [""T""]]]",yes,yes,A->G,4
chr1,100233533,100233983,TATTTATGGATAGTTTGAAATGGTTGTTCCTCAGTGCCGTAAAGAAATAGCAGTTGAACATAAATTTAATTTACTCAGCAAGGCCATTTTTACTTCCTGCAGAAAAAGTACACTTACCAGCAGTTTTGCCACAAGAGTACACGGAACAAAGGAGACAGGGTCATTTATAACCTGACGCATCCAACCTACTGCTGTGTCCAATTTCCATTGGCTGGAATGGGAACTCACATTCTGTATTTGTCCTGATTGGCTAGCAACTTAGCACTTTTTAAAAGAGGCAAAGGTAGAGGAGAACAAAGGAAGGAGGAAGTAACTTGTGGAATGCTGAGAAAGGTAAAAACACCTTCAGATAAGGAAGAGGAACAGCCTACGACCTAATGCTTGCTTGGACCAGTATAAGCATGCCAGGGCAAATTTTTAGGCTAAATTGTAGGAGCTAAGAACATAAAGT,"[[100233647, ""C"", [""T""]], [100233934, ""C"", [""A""]]]",yes,yes,C->A,2
chr17,79189406,79189631,CCTTCTGTGAACATGCTCATCGTTAGCCCTTGGCTCTCTCTCCTAACAGGATCAACCCCAAACCAAATCCGTTAATGTAATAGTCATTTGCAATAGCTTGGGCGTTTACTAATCACACCACCGCTCCGTCTGTGCAGCAATTATCTCGAATTTCCTCTTTCTCATTAGGCAGGAGGTCGCGAGGACTCAGTGGGTTGCTGAGCCCTGTGATGACGCCAAGGAGAGG,"[[79189424, ""G"", [""A""]]]",yes,no,G->A,1
chr15,82406175,82406513,ATATTTTTATAAACTTGATTTTTTTCCCCCTTCAAAGTCTAGTGCAGTCATTAAAACCTCTAGTTTCACATGACCAAAAAGTAGTTCCATTTCTGTTTAGTCTTAGGATAAGATATGGATGTGTTTTCATCTTTAGAGAAGTCCCTGCACTGAAAAACTGAAACCAGTTGCATGTAGGCACACGTGGTTCTCAGTGTCTTAATGTGTGAACTAGACCATCTGTGTAATATTCTTGCTTGTAGTCTTATGAATGGAAGCCTATTTTACTTAATATTGTGTCACCTTGAGTATTTTCAAAAATTGCTGGGGTTTGGAATAGACTCATACTGAATTCTATGC,"[[82406224, ""T"", [""A""]]]",yes,no,T->A,1
chr3,34802691,34803106,TCCAAATTACACTAAACTTTTCACTTTGTCTGTTCATGAGTGTAAAAATCAGGCATTAGGAGTCCTTACTCAAGAACATGGTGGGGAACACAGGCCCATTGTATACTATAGCCTGCAATTAGACCCAGTCGCTAAGGCATATCCTAATTTGTTTAAAAGCAGTAGCAGCGGCAGCCAAGCTGGTAGAAGCTTCATAAGATTTGGTTTTAGGAAATGAACTTAATTTGCAACTCCCACACACTGTGGAAAGTCTATTACACTCCAACCGAATCCAGCACTTTTCAGGAAGTAGATTAACATCTTATTAATTACTTCACCTATCTCCTTCTAATCTTCATCTAAAATACTGTAATCAGCAGAATGCTGCTACTCTTGTTACCTCTGTCTGATGATGGTGAAGACCACAACTGTGTAGG,"[[34802775, ""T"", [""G""]]]",yes,no,T->G,1
chr17,33230028,33230316,CAAGGATGGTTATGCAGGACATCTGTTCCCTCCCCTGCATCCCAGGTGAGACCCCTGCTGTTTCATGAAAGTCTGATGTACACACACAGGCTGGCCATTGAATGATTCATTTTCTGGGGTGAGGCACAGGACTACCTTCCACTCTGCCTAATAAATGGTCAGAAGCCCCCATGGGGCTAAAAGCTGGCAGCTGGCCACTCTAAAGTGATAGAAGCCAGCTATGGGCTCTGACTTCTGCTATATTAACTCAATATGTATTGGAGCCTCTACTTTGCTGGGCTCAGAAGTT,N,no,no,N,0
chr6,12954011,12954374,GAGGAAACTGTTAATTTTGACTACAAGATTAGGAAAAACTACAGGAAACAGTTGAGCTGGGCTTGAAAGATTTCGCTATTTGGTAAGGGATAGGCATTTCAAGGAAGAACATTCCAGGCAGACGAAACAGACTTTAAACAAAGGCAGGGAGACCGAGAAGCCATGACACAGTTAAGCATGTAGACTAGGGTAAATTCAAAGACTGTGCAGCAAAGAGCTGAGCTGGAAATGCTCCCAGGGCCACTTTATGATTGCCTAGCATATCACTGCAAGGAGTGTGGATTCCATTTGAAAGGCAGTAGGATGCTATTAAAAGTTTTAAGCTGAGAAGCTATATGATTAAATGTCTGCTTTGACACACGCT,"[[12954371, ""T"", [""C""]]]",yes,no,T->C,1
chr19,40059573,40059773,AAGAACTAAAACAAGCCATATGTAAAGAATTTAAAGAAGAGTATGACAATAATACCCTGCCAGAGACTATCGACAGAGAGATGGAAATTATTACTGCAATGAAAGAACCAAGTAGAAATTCTAGAGTTGAAAAGCACAATAACTGAAATGAAAAATTCACTAGAAGAATTCATAGCAGATTTAACCTGACAAAAGAATTAG,"[[40059741, ""C"", [""T""]], [40059762, ""A"", [""C""]]]",yes,yes,C->T,2
chr6,160737977,160738285,GTTCCAAGTGGCTCACACCATTATTCTGAGCTATTACCTGCCTACGCAGTCCTAGAAAGTAAGTGATTCAGGAAACATTCCCCAAAAGTAAAGTTTCTCAGGTAAGATCAGAAGACTCCCATGAGTCACTGCTGCTCAGGATCACATCTGGCTCCTTGAAGAGTGATTCATCAGACCTTACATAGATCTTGTCATAAAAATGAAAGAGGCCTCGGGGGAAGGTCTTGGGCTGGTGGCTTCTGTTGGAGTCCTGGGCTGTGGGGTGAAAGCCGTGGCTGTAGAGCTTCATGCGGAGTTACTTAGCTTTGC,"[[160737984, ""A"", [""G""]]]",yes,no,A->G,1
chr4,16086902,16087157,AGCTCAGCCACAGGGAGGTAGAGTACTAAGCAGGCTCTTGGGTTGGTCTTCAATGCCCAGACACCAATGAATATCCAAAAGCTTCCAGACCACCCAGGAAAACATGACCTCACCAAACAAACTAAATAAGTCCCCAGGGAACAACCCTGGAGAAATAGAGATATGTGATGTTTCAGACAGAGAATTCAAAATCAATATCTTGAAGAAACTCAGAGAAAATTAAGATAACACAGAAAAAGAATTCAGAATTCTATCA,"[[16086944, ""G"", [""T""]]]",yes,no,G->T,1
chr12,18218013,18218319,GTCACATGCATATTCAAACTAAATACGACTATATTCCCTGATGCTCTCCAGGTCAATTCTGCTCCACTTTCTGCATTTTCAAGTCACTCATAATGAATCACACTTTATTCATCCATTCATGCAAGAAAGCTCCTAATCATTCTCACATTTTGCTTCTTCTTGACTACCATATTTAGTCATGTACTGAGCATACTCATTTTTACCTCCCATATGTGTTTGGCTCTATTCTCCTCAACCCCACTGTTGCTGACTTCCTTCAGGTCATTATGAATTTTTACAAGACAATAGCCATAAACTCTCAACTGCT,"[[18218055, ""T"", [""G""]]]",yes,no,T->G,1
chr1,196738837,196739138,CTGACCCCACATTTCCTTTCCTCAATGGCCTAGCAGAGGTTCTCCATGTGGGCTCCCCCCTGCAGCAAACTTCTGCCTGGACATCCAGGTATTTTCATATATCCTCTGCAACCTAGTTGTAGGTTCCCAAACCTCAATTCTTGACTTGTGTGCACCCACAGGCCCAAGACTACATGTAATCCACCAAGGCTTGGGGTTTCAACCTCTGAGGCAATGGACCAAGCTGTTTGTTGGCCCCTTTTAGCCACAGCTGGAGCTGAAGCAGCTGGGATACAGTCCTGAGGCTGCATAGAGCAGCAGGG,"[[196739038, ""C"", [""A""]], [196739042, ""T"", [""C""]]]",yes,yes,T->C,2
chr14,70184078,70184277,TGTCTTGGTAAATTCTTTTTACCTCCCACACGACATTGGCCCCAAATAGTCGCTACCCATGAGAGTCTGTACATTGAAACAGAAAGAAGAAACCCCCGCCCTCACCTTCATAGACTGCCGGGACCATACACCTGGGTTTCTATACAGCTTCCTCTTTACCTTCCTCTCTCTCCCACTTTCCAGTTTCAGTATACTATCTA,"[[70184107, ""G"", [""A""]]]",yes,no,G->A,1
chr1,185267323,185267695,AGTAGGCAACTTGATCAAGGTCGCAAAACTGAATTTAGGGTGTTAAAGCTGGGCTACGTAATTAAATTCAGGGAGATAGTGTATGTAAAGCAGGGTCAGACTTAAGTGTTCAGTAAGTCATTATGTGTTGTTATTGATGCTGTCATAAAGGAAACCAGAGCACATCCAGCTGTGAGCTGCAGATTACATCCTGCTTCAACATCTGTTCCCCAAAACTCATTCCAGAATTTAAGAGTGAAATTTTAAGATTATAAACCACTTGAGGATAATGGACCATGTCTTATTTTTTTAAATATTTCATAGCTTCATATGCATTTGAACAAATATGCATTTAATATATACTTACTGTAATTGTTATGAATTTCTTTTTAAA,"[[185267352, ""C"", [""T""]]]",yes,no,C->T,1
chr3,147924719,147925130,AAGTTCTAAAAAGCAACCCTGAAAATTTGATGGTGCATTTGTTGTTGCTATATAATAATCTACCCCCAAATTAAGTAGCTTAAAACAATCATTCTATTTACTTCATATTTCTATGTGTCATTAATTTAGCTGGGCTCAGTTGTGCAATTCTTTTGCTGGTCTTGGCTTCTCTCAAGCAACTGAGGCCAATTAATGGGTCTGCTGGTAGATAGAAGATGTGTTTAGCTGTGTCAGCTGCTCCTGTGGTCTCTGACCATCTGGCAGACGAACTTGAGCTCTCCACATAGAGTCTCATGGTTCTAAAATGCAGTGAGAAGTGCAAGCTCCAATGCACCATAACTTTCAAGTCTCTACTTGTATCTTATTTGCTACATCCCATTGGCAAGGCAAGTCACAAAGCCAAGTACAGATT,"[[147924812, ""T"", [""C""]], [147924947, ""G"", [""T""]]]",yes,yes,T->C,2
chr1,153639293,153639694,TTCTCTTTTTCAAATTTACAGTGAGAGATAATCCTATTCAGACCTGAAATAAAACCTGCTCTTTATTATTCATAGAATTTATATGCAAGTCCGGACAGTGGCTGTGGAAGGATATGTCCAAGCTGTGGCTGGGCGTCTAGAGGGCAGTGCCATGCAACTGTAAGGGCTTTGGTAGCATTGCATGGCTATGCATAAATTCAGCAGTTAAATATAACACCCTTACACCCCCACCCTGAACCATTGGGCTCACTGACCAAAAATAAACAAGGGTGTCTGCTTCGGCTACCTTAAGCCTTGGAGTGACTGGATTCCTCCCTGACTCAGGAAAGCAGCAAAAGGCACCATTTTCCAAGAGTAAATGGAAGTTGCTGAAGATGAATCTCTGACAGATCATTCCAAAGG,"[[153639431, ""G"", [""A""]]]",yes,no,G->A,1
chr17,1355492,1355747,AAGTTTAAAAAAATTTAATTTCACGTTAATGGAGGCAGGGAAGCAAAGAAAATAAAAGGCAACACAGACGCCATGGAAATGTGATTATGTAAGCCATTTACAGTTTTAAAAGAAAATCCACACTTACTGAGTACTGTGTACTATGTCCAACAAACGATACGATATACCAATAGAAAAAAAAGAGACATAATCTAAGTCCACATCAACTTAAAAATTTAGAAATGGAGGGTAGACAAATACATAACTATTTTACAAG,N,no,no,N,0
chr4,54282869,54283217,CCAAAAGAAAGGGGCTACAAGCCCCACAGAAGTTCAGAACCCAGCAGGGCTGAAAACTCCAAATAAACGCCATTGACTCCATATCCCATGTCCAGAGCACACTGATGCAAGGGGTGGAGCTCTTGGGAGGGATGGAACACCCTGTGGCTTTGCAGGGTTTAGCCCCTGCAGCTGCTCTCAGGGGCTGTTGTCGAGTGCCTGTGGTTTTTCCTGGTGCAGAGTGCAGGCTGTTGGTGGATATATTATTCATGGAGGATGGTGGCCCTCCCCTCGTAGCTTCACGAGGCAGTGCCCCAGTGGAGACTCTGTGTGGGGACTTCAACCCCACATTTCCCCTCTGCAGTGCCCT,"[[54282937, ""T"", [""G""]]]",yes,no,T->G,1
chr2,150788822,150789132,ATAATATGTAGCCATGTGATGAACACCAGAGTCCGCTTAATATTTATTTTGTTCATAACTCAGTATCTGTGTCTGTTTAAAATACCAGGGGGTATAATCATCAAATTGAAATCAAGCTGGAAAAGTAACACATGGAAAAATTCTCTTTCCTCGGGCTAAGAGGATTCACCCACTTGCTCACTCACCCTCAAGTCAAGTACTCATAAAATGGTGACTATAATAAGTAAGGATGGATTGTATATTTCCAAATTGCTAAATTTGGAAATGAGCAGTAGATTTTAAATGTTTTTGCCACAAAAAAATGGTAAGTA,"[[150788842, ""A"", [""G""]]]",yes,no,A->G,1
chr6,41375735,41376101,TCGGGGGGGAAGCCAGAAGAGTTTGCAAAGAAATGCAACCCCTCTTTTATCTCACTCCTAGGTCTCATTTACCTGGCGAGGGCCTCCAGGCCTGGGGAGGGGGTGTGAGATGAGGGAAGTTGGGGCGGAGTGGTGAGATGTCTTTTATCCCCTTGGGACCTGGTCGGCTTAAACCGCTTCTTTGAAAATGGAACGCGACTTTCAGACAAGGCGAACGTGGACGCCGAGGCGGAGGCCAGGCTGCGGAAATCTGAGGGCTACAGAATAGGGTTGGGTCTGGGGTACTAGGTAAGGACCGAGGCTGGAGCTGGGAGTGGCTCGGGATTAACTTCTTCCGCTGGAGGTTGGCTTAAGGCTCGCGCCAGGC,"[[41375788, ""G"", [""A""]], [41375861, ""A"", [""G""]]]",yes,yes,G->A,2
chr18,48497931,48498130,TGTGAATAAATGAGCAATTTCAGTAGAGGGCTGGAAAATATGAGAAAGGATACTGTGAAAATGCTAGAAATGAAAAGCATACTAAAGGAGAATAAGAATACCTTTGATGGGCTTACCAGTAGATTAAACACAGCTGAGGAGGAAATTAGTGGATGTAAAGATAGGTCAAAAGAAATTACCCAAACTGAAAGCAAAAGAGA,"[[48497939, ""G"", [""A""]]]",yes,no,G->A,1
chr1,23763063,23763469,TAACATGGCCAAGTTGCGTAGCTAATAAAGTGGCAAAAGGAAGGACTTGACACCGTGATTCTCTAACTGCAAGGTTTGTGCCACTCTGCCTTTCAGTTTCCACGGGCTGTGAGGGACCAGTAGGTCTCAGCTTACACGGGCGTTCTAATGAGTACAGAAGGAACATGAATGCAGGAAAGTCGTGCCAGCAAAGACTTAATGAGAACCTGCTGTGGTGGCTCTGGCTGACCTGCAGGAGCTTTAGCACTTGCTAATGGAGCCATGGATTTGGCTTCAACCCTGCATACAGCAAGTGGATTGGACCTTCCATCAAACATACAAATCTGTCCTTTATCGATTAATTAAACATTTGCTGAGCCAGGACCTGTATTAGACCTTAGGATATGGAGTAATAGACTCTGACACTT,"[[23763108, ""T"", [""C""]]]",yes,no,T->C,1
chr13,77781946,77782166,CCAAACACTCGTCTCCCCCACTGCTCAGGGACTGGCTTCCAGCAGCCCAGCTGGACCAAGCTCATTATCACTTCTTTCCCAGAAGTGACCCCTGCCAACAGGGTTGCTGTGCTTGAGTGCCTCAGCAACTCCAGAAGCAAGACTGTCATTTCAGTGCTTGAAAAGGAAATAGGCCTATGTGTAGAGAAAAGCAGTTTAGGATTTCACAGACCAGAAACATA,"[[77781956, ""A"", [""G""]]]",yes,no,A->G,1
chr17,15109721,15109953,CGCTTCCTCTCTGCCCAGTCCCCACCCCTCAGCCTAATCCCCGCCCCCTCAGCCTAATCTCCCCACCCTCAGCCTAATCCCCACCCTCACCCCAATCCCCTCCCACTCAGCCTAATCCCCACCCCTCAGCTTAATCCCCACCCCCTCTGCCCAACCTAGTACCCCTCAGCCTAATCCCCACCCCCTCAGCCTAATCCCACCTCCTCAACCTCATCCTGATTCCAAAAGGTTTA,"[[15109738, ""A"", [""G""]], [15109815, ""T"", [""A""]], [15109825, ""G"", [""A""]]]",yes,yes,G->A,3
chr5,10036229,10036552,AATTAAGAGGACTTCCGGTTCTTCCAGAATTGGGAAAGAGAGAGTACCATGAACCATAAGATTATGAAACATAATTCTATAGGAGCTGAATATACAACAGCACTTGAGACTCTGCCAATTAATTTAGGACTGGAGAAACCAACCATGACTAATCAACCCAGAGCATGCCAGACCACAGCCACGGATGCTCATAAGAACGATCTTCACATTCAGATCAGTGGGCCATGCAACTCAATAATTTCTTTCAGACAATGACACAAAATTGCCTCCCCACTTTTCTGCCTTAAACTGAACACTGCTCTGACCTAATTTCCTACAATTTTG,"[[10036244, ""T"", [""C""]], [10036412, ""A"", [""G""]]]",yes,yes,A->G,2
chr20,54354666,54354922,TTTCTAGCTAGAAAATTGAAGAGGGTAGACCAATTCTTGGAGCACTGCCATGTTGGAAGGTCAAGTAGAGGAAGAAAATAGAAGTAAAGGAAGGAGAATGTCTTGGGAAGGATGGAGCAGGCTCATCCCAGTGTGTCATCTGTTGCTATTGAAGGACAGAGAAGGTCCAGCAGTTTTAGCACCAAGGAAATCATCAATAAATGAGACAACACAATTTCTGTGGAGTCTTAGGAAGGGTGGGAGCCCAGATTGGCATC,N,no,no,N,0
chr6,80676379,80676823,TTGATGATTTGAATTTTGTATTATTTTGATGTGTCATAAAATATTCCTTTTTTGATTTTTTTTTTGCATCTAGAAAATGTAAAACTCATTTTCTTCCTGTCAGCTATATAAAAACAGTCAGTTGGTTGAATTGTTCCATGGGCTATAGCTTGCTGACTCCTGCCCAAGATATCTCAAGGATCAAATTATTGCTAAGTCATCACAGCTGTATTAGTCAGCAGGCAGGAGGAAGGGATGAAAAAACAGGGGGAAAAGGGCATATTACATGCTGGTTGGATTTTTAAGAAAAACTGCGAAAAGCTGCCACATGGCATTCCCACTTATATCTCATTGGCTAAACTTAGTGACATGGTCACACCTAGCTGCAAGGGAAGCTGGGATAAGTAGTAGACTTTACTGTGATCAGTTAAACTCCCTGGTTAAAAATTGTGAGTTCTCTCTCTGT,"[[80676443, ""C"", [""T""]], [80676494, ""C"", [""A""]], [80676565, ""G"", [""T""]]]",yes,yes,C->A,3
chr8,53115707,53116012,CCACTGGGGAAAAATGCAACCTTCTTTCCTTGCAGGAATCTGGCTTATGGATAAGGCTATGACACAGGGTTGTGAAATTACAGCTGTCTCCTTGGGAGCAAAAGGAAGGCAGCTTTGCATGACTCAGTTCCCACCTTTGGCACAGTGAGTTTGGGGTACTGAGAGTCTATCTTTTTCACACTATCCGTTACTTTTGCCTATTTTCTGTTGGCTTATTGATCTCTATTGATTTTTAGGAACACTACATGGAGCTGTTTAAAATATAGTTCTTTGAGAGACAAGCTTAAAATATTTTCCACAGTTTCA,"[[53115712, ""A"", [""G""]]]",yes,no,A->G,1
chr11,42802232,42802660,GTGTTGTAAAAGTACTTAACTGCCTCATTGAAACCTACAACTTTAATTACTTGAGCTAACGGGCCAAGGACTCTTACTGTTGTGGAATGGAAATGACAATACATGATCTACAACTTCCTCAGTGCTGACTTCCCACCCATTCCTGATCAGCCAGAAAGGCATTTTCTCTTTTCTAAATGACACGTCTCATGTCACATGTGGGCAAAAAGGCTTTTGTTGAGAGAAGTCAGGAAGTTGATGATTTGTTTTGGTTTGTTGTGGGTTTTTTGTTTCGCTTTGTTTTATTTTTACTGTAGAAAGAGTCATTAATATGCCACTCCAAAGACAGAAAATAATAGATCCATTTCTTCTAATGGAGAGACAGTGTACAGTTTAAAGATGGTTTATTAGCTTCCAGCTTCTGATACACGGGAACTATTTGGGTACATA,N,no,no,N,0
chr1,237468703,237468920,TCTATAGGTAAGAAAATTGGGCTTGAGAGAGAAGAATAATTTAATCTCATGGCTAATTAAAAGCAAAGGGGATTAGAACCCAAGTGAGGGAACTCCCAGGAGACTGTTTTTCCATTACCCTTTACTATTACCTCCCAATGTGAAATTCACTTTCCGAAATTACATTCCTTCTAATGAGCAGTGGTTTGCTTCAGTCTCAATTAATAATTATTAATTTG,N,no,no,N,0
chr6,120791959,120792289,CAGTGTAAAAGTGTTCCTATTTCTCCACATCCTCTCCAGCATTGGTTGTTTCCTGACTTTTGAATGACCGTCATACTTATTGTTGTGAGATGGTATCTCATTGTGGTTTTGACTTGCATTTCTCAAATGACCAGTGATGATGAGCTTTTTTAAATGTTTGTTGGCCACATAAATGTCTTTTGAAAAGTGTCTGTTCATTTCCTTTGCCAACTTTTTGATGGGGTTGTTTGCTTTTTTCTTGTAAATTTGTTTAAGTTCCTTGTAGATTCTGGATATTAGCCCTTTGTCAGATGGATAGATTGCAAAACTTTTCTCCCATTCTGTGGGTTGC,"[[120792020, ""T"", [""G""]]]",yes,no,T->G,1
chrX,7266241,7266664,TTAAAACTCCTACTTCTAAAATTTATAGCCTTTCTCTACACTGTGTTACTGATATGATTTATACTCAAGGGTTTGCTCCTGAGATGCTAGCTTGCAATATTAGGGTATGAATGACAAGGAGGCATAAGGCAAAGATGCTTCATTGGTTTGTGATTCTTGCAAATGAGGTCCACTTAGTCAAACCCAGTTTGTGGCCTGGGATTCCAAGCACATATTTTCAAGTTGAGGAGAGCGATGATTTAGAATGTATAACCATCCACTCCACAATCCCTCACCCTAATTGACTCATTCAGGGATAAATTTATCTGGGGGAGATGCTTCTATTATTAGAGAGCTGGATAATTAGCTCACCATATGTTATACACTGTATAGTAATTCAGGAGATGGGTCATCCTGAATGCACTTTAATTAGCCAGAAATCCTT,N,no,no,N,0
chr5,57447669,57448019,ACATCAGTTCCATTGTTGGGCTGCTCTAGGTGTATGAACAATCAACACTACTTAGAATGCTTTGATGGAAGCAGATTCTATCAGCTTTGCTGTATTAAAAATCAAATACTCTTAGGACAGTGGAAATACTCACTGACCAGGCAGTTTGGTTCAACAGTGGTTGAACATTAGATTCTTCAAGGTTGAGTTGGTAGCCTCAAGAATTTCAGACAGGCTGCATTTTATGAATTAAATCAACTTTTGAAGTTCCTCTCAACCACTATGTGTATGGGATTCTAAACTGGCTCTACCTAGTACTTGGATTATTGGGAAATGGGAAGGGATTATTAGGGGCATGCAGTGAGTTTACTG,"[[57447699, ""A"", [""T""]]]",yes,no,A->T,1
chr8,105476152,105476435,TCCTCAGAGCCATTTGATGACCTCCCCATTACTCTCCCGTAGTCCACTGGAACAGGGGTCCCCAACCCCTAGGCCCCAGACAGGTACAGGCCCATGGCCTGTTAGGAGCCGGGCTGCACAGCAGGTGAGTGGCGGGCGAGTGAGCATTACTGTCTGAGCTCTGCCTCCTGTCAGATCAGCGACAGCATTAGATTCTCATGGGAGCCTGAATCCTATTGTGAACTAAGGAATCTAGGTTGCACGCTCCTTATGATAATCTAACTAATGCCTGATGATCTAAGGTG,N,no,no,N,0
chr20,55216496,55216932,CATTTCTGCAAATAGGAGCTGGATGTATACAAAATAAAGTCTGATTAGGTGCCACCAGAATGGCACCAATGGATCAACAGCCTAAATAACTTAATGTTAGTGATTAAGATGATGACTAATTAGTTGTTCATTTGTCTTTAAAAAAAAAGTGAACCCTAGCATGGTCAGTTGCCATTTCGATTATGAATCATTATTTTTTTCCTTGTTATAGAGGGAGAGCAAACAGTTGGTTCTTTTAAATTGCTTTTCCCTGGCATCTGGAACAGGTCTTGTGAGTCAGAGTGAAATTTCCGATTTAAATCACCCCAGCCAAGTATCATTTGATCAAGAGTAGAAAATAGTGACGGTTAGTAAATTAACTTCTCTCAGTATAGATAAACACATAATAATTTCAAACTCTCCAGGAAATACCATCCTATTACAAGAATTTGTTTAAA,"[[55216550, ""T"", [""C""]]]",yes,no,T->C,1
chr9,110712326,110712611,TATCTGTTACACCAAACCATCCAGAGGTTTTCTCCCTGATCCTAATATATTGTTATTCATTTAATTTATGGCCATATCAATATACCTTCCTTAAGACCTCTATGGAAAGAGAAAGAAATAACTAAGTTGACGGATTCATGGAACTTCTCCTCCAAGTGGTTCTCAAATGCCAGTGCACATCAGAAGCATCTGGAGATCTTACTAAATGACACAGCTTCAGGATGCATTCCCCAGTTATTCATATTTGATAGGTTTATGTTAGTGCTTTTTAACAACACCCCAAAGG,"[[110712422, ""T"", [""C""]]]",yes,no,T->C,1
chr4,154329348,154329659,ACTTTTTAAAAATTTTCTTTTAAAATAACATGTGCACAGTATCTAGGTCTTTTAGAAAAAGTATGCTTTGCCACACCAAGACTGATGTGATAAATTCACAGGTTTTACCACAAGATGGTGCTCAAAACAAATGACTTAAGATATTACAAATTCATTGCAAGGTTTCTTCACAAACCTTCACGTGTAACTCCTTTCCAGGGAGACACTGGGGGAAGAAGGGCCTGTTATCATTGATGTCAGTAACTGAGACGTAAACCGCCATGGTGGCGTTTCGTGGTGGGGAGCCGCGGTCTGTCACTAGCACAGTCATCT,"[[154329399, ""C"", [""T""]]]",yes,no,C->T,1
chr6,119713079,119713355,CCCAGAACACCTTGCCACCAATTCTTGCTTTTCCAAGTCACTAATGAAATGGACATCCCATTAGCTTTTCCCTGGAGTCATTGTGGATCCATATAGTAGACCATCTATCCCTCCACAGGAAGTGGAAAAACAAATATACTGCCTGAAATTCTGTCCACTGGGAATATTTCCATTTCAGACTAAATTTCAGACTGCTACAAGTGGGTCTAGAGTGTAGCAGCTGTTCATTTCTGGATGGAGTTAACATCTGTCAAACAGGCAATTTTTCCTCCTTGCT,N,no,no,N,0
chr15,25998491,25998865,TATATTATGAAATGGCTAGGTTGGAGAGAAGCAAAATTGTTTATTCCACTTCACAGTTAAGGTAATTGCATTTTGTAGAAAAGGAACAAGATTAGGCACCAGAAGACCTTGGTTTGGAAAGCAGCACTGCTTTCTGACAGCTGTTTGTGGGCCTGGGATCAGTCTCTAGAGGATGCACGGCTGCCTGCACGTTTTCCTGGGATCGCGTCTGTTGGAGAGCACGGCCTCAGGGTCAACCACTTTCTGGATATTTGTTTCTTGTGTAGCTTTGAGTAAGTTACACACCTATATAAGCCTCAGTTTCTTCTTCTGTAAAATGTGGTTAAAAAAACATCTACTGAACACTGATATTGTAAAGATTACAGAGTTAGTATA,"[[25998578, ""G"", [""A""]], [25998813, ""G"", [""T""]]]",yes,yes,G->T,2
chr19,1527129,1527389,TGTGCAGTATGAACAGGACGTGTGTGGGGAGGCGTGTGTGAGGGAGGACGGGGCAGGGTGTGCACAGAGAGGTGGACAGGTGTGGGCAGGTGGCAGTGGCACAGGCAGGTCAGGGCGTATGTGTACAGGGATACAGCGTGTGTGGGCGCAGGGCAGGTGTGAGCAGGCATGGGATAGCATTGGAAGGTGGAGGCCAGGCGCAATGACTCACGCCTGTAATCCTAGAGCTTTGGGAGGCCGAGGCAGGAGGATCGCTTGAGC,"[[1527182, ""G"", [""C""]], [1527331, ""G"", [""A""]]]",yes,yes,G->A,2
chr10,46868390,46868627,AGACATCTGTAATGATAAGCCAGAATGGTCACTGCAAACAGCAAGATGTATATTTAACTCAGCCTATTCTTTGTGTAAAATATATATATATATAAAATTTAAAGTAGTTTGAGCAATGAACGATGGGAGAATCAGGCAGCGCCCAGAATTACAGGAGATTTAGAGAGACTGTAGCGCAGCCACGTGGTGGAAGAAGATTTATGGACAGCAAAAGGAAAGTGAGGTACAGAAACAACTG,N,no,no,N,0
chr2,62550491,62550766,GTGATGTTTTGATACATGTTTGTACTATGGAATGACCAAATCAGGCTAATGAATGTATCCATCACTGCAAATGCTTTTCATTTCTTTGTGATGAGAAATGACAAAATCCACTCTTTTAGCTATTTTGAAAGATATGATACATTGTTATTAACTATAGTCATCATGCTATGCAGTAGGTCACCAGAATCCATTCCTCCTCTCTAACTGAGACTTTATACCCTTTGGCCAAAGGCTTCACTTCTCTCCTCTGCCCTTATCTCCACCATTCTACTCTCT,"[[62550544, ""C"", [""T""]], [62550731, ""T"", [""C""]]]",yes,yes,C->T,2
chr2,55355470,55355829,TGTGAAAACACTGACACAAGCTAGCAATACTTCCATAAGCTTAAAAATATTGTTTAGGTCACCTTTGGGACCATATAATTTCAATGAACCTCAAAAATCAGCAACTTACAATTCCTGCCTAAGCCTTCTTATCTTGGCTTTAGCATCTGCCAGTTCCACCGACAGATGTTGTCGACTTTCTGTTCGCTTCATGCCTGGAGAACCACAGGGTGACTGTGCAGATGAAGAGGCATGGGGTAGAAAATGGAGACCATCCCGCTCTTCAGAGAGTTCTATGATAGTCTAGAAATACACACAGAATCACTTTCAGTATTCTACATATTAGCAAACTAAACACATCAACATGATCCACTAGGTCTA,"[[55355499, ""T"", [""C""]], [55355548, ""A"", [""T""]]]",yes,yes,A->T,2
chr10,103572173,103572520,TGCAAGGCACTTGATTCTTGCCTGTTCTCATAGCAACCCTGGGAGGGAGACCCCTTCATTGGGCAGAAACTCAAGTCCAGGGAGATTACATCATGGTCCCAGGAGCCATGGCCGTTGAGGGGTAGAGCCAGCCCTGAGTCTCCAGCTCTAAAGCCAGCTGTCAGCCCCTGGGCTTTGCAGCCTTCCAGGAGACGGGGTTCCAAGCCCACCCCAGTGCCTTTTGCAGGGATGTTGGATAAAAGGGTAGGATCCAGGAGCAGAAGGCACTGGGGGAGCTAAGACTCTTGGCTGCTCCCTGGCCCCCAGCGTAAGTTAGGCTCTTTGAGGACAGTGAGAGAGCAAGGAGGA,N,no,no,N,0
chr2,172125023,172125310,GCTGGGATTACAGGCATGAGCCACCGCACCCGGCCTCTATATTTAGATATATTTGGATACGCAAATACATACCATTGTGTTCTCATTGCCTATAGTATTCAGTACAGTAACATGCTATACAGGTTTGTAGCCCAGAAGCAATAGGCCCTATTATATAGCCTAGGTGTGTAGCAGACTATACCACCTAGGTTTGTGTAAGTACACTCTATCATGTTTGCACAATGATGAAATCGCCTAATGATGCCTTTCTCAGAATGTATTCTCTTCATTAAGCAACATATGACTGTA,N,no,no,N,0
chr11,65604221,65604529,GCTTGAGAATGATGGGGCCCAGGCCCCTTGTGCCCCTGCTTCTGGGAGCTGAGGGCCAGAGAGTTCTGTGGAACAGTCAGGACCTGCTTCAGCCTACACACCTGGGTTGACAGGCTCTCAAGTTCTCCTTTGGCCCATCTGGCCTGGTACAATTTAGAGCAAGTGAATTCAAGAAGCCTCCTTGGCCTTCCAGCTCTCAGTTCAGTCCCTGCAGGACAGATGCTGGGGGCAGTGCAGCTGCTGGAGTAGCAAATGGCGGGGCAGATGGAGGCCCAGGGCTCTGCCTCTGTGGTCAGACAGGCAAGAGCA,"[[65604230, ""C"", [""T""]]]",yes,no,C->T,1
chr5,43223190,43223420,TAACTATATAGCACACAGTGGTGCTTAAGAACCCTGAGGCTGGGGCCTCCCTGCCTGGGCTTGAATCCCAGCTGGGGAGAGTCACCTGATAGCATCTCCTTGTGCTGACTAAAGCTCCCTGTTCTGTAAACCTGATATATTAGCACCTACCTTCTAAAATTCTTGTAAGGATTAAATAGTTAATACACATACAGTATCTAGAATAATGCCTACCACATAAAATGTGTTATA,N,no,no,N,0
chr18,64206260,64206506,AGTAGCAGCTTCTGAGTAATCTTATGCTGTGTGTGTGTGTGTGTGTGTATGTGTGTGTGTGTGTGTGTGTGTGTGTGTGACGAGGAAAAACCACGCCAGGCTAGAATAGAGAATCAATATTGACAAACTGAATTGATTTTGCATTTGACTTCCCACCACTTATTCCATATCTCACCCACTCAATCCATCTAGCTTACTTCTACATTTTGTACCCCAACCTCACCAGCACCTGTGCTTTGTTTCCTTG,"[[64206308, ""G"", [""A""]]]",yes,no,G->A,1
chr15,99137648,99138040,CCTATACAAGGAGCTGTGTGTACAAGCAGATGCCGGGCTGACTCCTGCACAGGGCGCACTGAACTGTTGAAGAGAAGTTTTTCAGCCACAGTAGTGCTGATGGGTAAAAATTCTTGTTGGCAAGAAAAACCACTTAGGTGATAGAAAACTGCTTTATAGCATATATCACCCTGAAGGGCATCCACTGTCAAAATGTGGCCCACGGGAGGCTTATGGTCTCACTGTTGCATGTTGGGGCCAACAGTTGGCCTTGGAAATCTGTATCCTGACTGTTGAATTCCATTTTCTAGGCGGAGGTGATTTGTACAGCACCCTAAATGACAGTGCCCAGGAATGTCCTAGGCTTTTTCAGGGTGGGGGCCTCAGTCTGCTGTTGTGCCGGGCCGGGCCTTC,"[[99137653, ""G"", [""A""]]]",yes,no,G->A,1
chr7,83373183,83373400,TCTGGTAGCTGGTCAGGAAGAAGCAGTTATTTCCATGTCTACCAACCATATGGTTCCATACTTTCACAGGAAAAGGACAGACATAGGCCTTGAATTGATTTAGTTGAGAATACATTTAATAATAAAATCAGTTTTAGTTAAGAAATAGAGGAAACAATTTATATATTTGTTTGTTTATTTATCTGGCCTGCCTTTGACCAATTTTATACATATACACA,N,no,no,N,0
chr5,45838175,45838529,CTTTCTCAGATCTCCAGCTGCATTCTGGGAGAACCACTGCTCTCTTCAGTGCTGTCAGACAGGGATATTTAAGTCTGCAGAGGTTACTGCTGTCTTTTTGTTTGTCTGTGCCCTGCCCCCAGAGGTGGAGCCTACAGAGGCATGCAGGCCTCCTTGAGCTGTGGTGGGCTCCACCCAGTTCGAGCTTCCTGGCTGCTTTATTTACCTAAGCAAGCCTGGGCAATGGTGGGCGCCCCTCCCCCAGCCTCACTGCCGCCTTGCAGTTTGATCTCAGACTGCTGTGCTGGCAATCAGTGAGACTCCGTGGGGTAGGACCCTCCGAGCCAGGTGCGGGATATAATCTCGTGGTGCGCCG,"[[45838198, ""G"", [""T""]]]",yes,no,G->T,1
chr3,21894528,21894804,AAAGACTAGTTATAGCTATGACCTTACAACAGCAAAGCTCACCTTATTTTGTTTAAAGACCTTCTTTGTAATTATTTATACTTAATATAGTTTGTGAGTTGTAATTATCCTCTAAATTCATGGTATATGGGCTCCCTCCAGTGGCTAAGTTAGCATCCACAGATCTGAAATGTCTATTTTAAATGACTGATATATTTAAGTAATGATCAGCAATGGTTTCAATATTGCTGAGTTTAAATCTTACAAGCAGCAATAAGTTTTAGGTGAGCATATAACT,"[[21894550, ""T"", [""C""]], [21894683, ""A"", [""T""]]]",yes,yes,A->T,2
chr2,153368053,153368365,TAAAAGACCCACCATAAATATAAAGACATAACAGATATACACATAGGTTAAGAGTAAAATAATGGAGATCTATGTGCCATGCAGACACCATCTGTTATGAACTGAATGTGTCCTAGTAAAACTAATTTGTTGAAACTCGAATCCTCAAAGTGGTGGTATTAGGAGATGGGGCCTTTGGGAGGTAATTAGGTTTAGATGAGGTCATGAGTGAAATCTTCATGATGGGATTAGTCTTCTTGTAAGAAGAGGAGGAGGCACCTGAGCTTCCTGTTTCTGACATGTGAGCAAGAAGGTAGCCATTTGCAAGTCAGGA,"[[153368092, ""T"", [""C""]], [153368218, ""G"", [""A""]]]",yes,yes,T->C,2
chr8,74056225,74056555,GTTCATGACTGAAGCTCTTGTTGATGTTCAGGCTACCTGTGGTTATTTGCTTCATTTGTTTTGTGTTCAGCCAGCAATCGGTTTGCATTTTGCTTATGCTCAGCACCAACAGGTCTGACAAATCCGGAAGAAGATGATGGAAATCATGATCCCAGAGGTGCAGACAGATGTCTTAAAAGAGACAATCAATAAATTGATTTTAGACAGCACTAGAAAGACATAGAAAGCCTTGCCAGTCTAGTTACCCTGTCCATGAGGTCTTCATTAGAAAAGTAAACATGCTAAAAAAGCCCAAGTTTGAATCGAGAAAACTCAGGGAGCTTCACGGTGA,"[[74056242, ""A"", [""T""]]]",yes,no,A->T,1
chr3,43279570,43279809,CACAGTGCCTGGCAAAAACAATGATTTCAGAACACTAGAAATAGACTAAAATCAAATGAACAAAACAAAACCGAAAAACGAAAAAAGAGAAATATTCGTTCATGAAGAAATTCTAAAACTTCAGATATTAATAGTGGGAGTATGTATTCCATTCCCCAGTCCAACCCTCAGCTCAGTTGGTGAGGTAGTGTTTACCAGGGGATGACTGGCTATGAAAACCAGTAGTGTTGTTTTGAAAGA,N,no,no,N,0
chr3,87873141,87873469,TTTATGAGATTTATTATAAGAATTGGTTCATATGCTTATGAGGCCAAAAAGTGCCATTATCTGCCATCTGCAAGCTGGAGAACTAGAAACGCCAGTAGTATAATTTAGTCCAAGTCCAAAAGTCTGAGAACCAGAGGAGCTGATGGTGTAAGTCCTAGTCCAAGTCCAAAGGCTTAATAACCATGGGAGTGGAAGGAGGAGATGAATGATGTAAACATGAGTCAGAGTCTGAAGGCCCAAGAAGCAGAAGCACTAATATCTGAGAGCAGAGAAGATGAATGCTCCACTTCAAACAGGAAGAAAATACCCCTTTGTCTTTTTCTTCTATT,N,no,no,N,0
chr6,147564606,147564878,ATCAACTTAGTAAACTGGGTAACTGGCTTATAACAGCTAGAAATAAGGCAGTGAACTATCATGCATAAAGAAGTATTGAGTTCATTTTTTTAAGAAGATATCATGATGAGATACAGTCTTATGCATTTCTTGGCATTCTCCCTTCCATTCTTAATGAAAACAGATGAGGTTGGCTAAGGCATTTGAGTCATAACTTAGTTTAAGTACAATATAACAAAAAGGTAGATTTCTGACAGTAAGTAGTAATTATGTTATTTCCAAATTTGCTTTTAA,"[[147564667, ""C"", [""T""]], [147564856, ""A"", [""G""]]]",yes,yes,A->G,2
chr10,46640088,46640578,ATGTTTTCACATAACTGTATGTCCTGGGAATCACTCCATATCAGTTTGTAGAGATCTTTTTCATTCTTTTTGTACAGCTGCATAGTACATAGTGTTCCACTATGTGAATGCACCATAACTTAGTGAATCATTCTCCTATATATTTTGCAATTATAAACAATACTGCAATGAATAACCTTCTGATATGTATTTTCATATTGTTGGAGGTGTAGCTTCAGGGTAGATTCCTAGAAGTGGGATTGCTAGGTTGAAAGCTAAGTACATATGTAATTTTGTTAGATATTGCCAAATATCCCTTCAAAAGGGTTGTAGCAATTTGCATTCCTACCACCAATGTATAAGAGGGCACATTACCTCACAGTTGCGCCAACAGAATGTGATTTTTTTTTTTAATTTTGCCAATCTGATAGGTGAGAAATGGTATCTCCATGTAGTTTTAATTTGAATTTCTCTAATAAGTTATATTTGATAGCCATTTTTATATCTTTTTT,"[[46640103, ""A"", [""T""]]]",yes,no,A->T,1
chr4,33886963,33887355,CTTATTGTATACACACATCCACTTATCTTCCATTCCATTTTGCAGGTATGACAACAATTAATAATAACCAAAATGTATTGCATGTTTGCCTTGTTTCAACTATTGTTCTGAACACATTACATGTTTGATTTTGTAATTCTCACAATAGCCCTATGAGGCAAATATGATGATGATGATGATGGAATTTTACAAATGAGGAAGAGAAAGTTCTGTTTGCTCAAGGTCAAACAACTAGTGAATATAAATAAAATATTTAGCAACTTTATTCTGTAATAAACTCATAATTCTACATCTTGTCAAGACTGATCAAACAAAGGCAAGCATCTCACTGTTTGCATTTCTATTATCATTACCAGAGTCCATTCTTTTAGAGATTTCCTTTGTCAAAGTTAA,"[[33886981, ""T"", [""C""]]]",yes,no,T->C,1
chr7,72249131,72249433,AGACACAGACATGCAGATTCATCATTCTGCCCTGAGTGAGGACAAGCTCAGGCCACCCCTGCCTGGCTCAGTATCACTGATGAAAAAAATCAGACAGATTCACCAGACCCTCCACTCCAGTCGTGAGCAACAGAGGTGTCATCTTCCTGTACAAAGCACCAGACACCTGCCCATACACAGCTCATGAAACCATCATCGCAACACCACCAGGAAGCCAGGCAAGCATTTCCACTCTCCTGTGTGAGGTCAAGAAGTCAGGGCTCAAGGAAGTCAAGAGACTTGCCCAAGATCACATGTTTAATG,"[[72249407, ""A"", [""G""]]]",yes,no,A->G,1
chr18,8106516,8107007,TACAAACCCTTATCACATCCTTGGCATGGTAGTTCTTCATTGGTGTGATGTATTTCTGACACTCTTAGCCTGTGCTTTTCAAGGACGGGGCAGTCTGTGCCTAATTCCTCTTTTTATTCTTCCCCTGTGCCTGGAACAAGGCCTGATACGTGGTGAATATTGTGGAAAGAAAGGATGGAGGAAACATGAATGAAATAATTTTCTTCTCATTTGCTGATGTCACAACTTGCCTGATCTTGTGCTGAGAGTCATAAAATATTAGCGCCTGAAGGGCTTTAGTGGTCAGTTGGTGATTCAGGAGCAAAGCAGGAGCCAGTCACCTGTGGACGGTGATTCCCAAGTCAATGCTCTCTCATCAGCACCCCCTTGGGCACAGCTGCCTTTCTCTGATAGTTGCATTTGTATTCCAGCCCATCTGGCCCAAAGCACTGGAACTTTTCGGGACTGAAAGATTTTGAATTGGATAAAATACAAACTATAAAATATCATTCA,"[[8106531, ""G"", [""C""]]]",yes,no,G->C,1
chr18,73707045,73707435,GTGGAGCAATAGGAACTCCCATTCATTTTTGGAGAGAATGCAAAATGGCACCACCACTTTGAAAGACAGTTTGGCTATTTCTCATGAAACTAAACATAGGCTTATCACAAGATCCAGTAATCACACTTCTTGGTATTTACCCAAAGGAGGTTAAAACTATGTCCATACAAAAGCATGCACATGGATGTTTACAGAAGGCTGATTCATAATTCTCAAACTTGGAAGCAACAAGAATGTCCTTCAGTAGGCAAGTGGATAAAGTGTGGTATATTCAGCCAATAGAATATTATTCAGTACTAAAACAAAATGATCTTTCAAAACATGAAGAAACACAGAGGAACCTTAAATTTGTATTACTAAATGAAAGAAGTCAATCTGAAAATGCTACATA,"[[73707074, ""C"", [""T""]]]",yes,no,C->T,1
chr15,65978405,65978725,TGTCTACAATAAAATTAAAAACATAAAGTCCTCAAATCCAAAGGCTTCTATCGACAGTTTCCTGTCATCTGGAAAAACAAACCTCTTGCTGTGCTGGGGAGAAATACAGTCCCTCCATGTGTTTGCTTCTCACCTTCCCCCTGTTCAACCACCCGAGCCTCAGCAGTGTCTCCAGAGAGGCCTTTACAGGCAAAGGGATGCTGTGTGCTTGTTCTCCCCACCACATCCTGATCCAACCTTTCTGCTGCAGCTGGGCCTCTGAGGACCCAGCCTGCTGGGTGGATTTCTGAAAGCTGGTTGGAGATGAGAGGGTCTTTCCAG,"[[65978513, ""A"", [""G""]]]",yes,no,A->G,1
chr2,208000719,208001087,TATGAGAGTATTCCGATTCTAACATACAAGATTAGAAAGGGAGAATTTACCGTAATTGTCTTTTCACTAAATACCTCTTAGGAAGATAATAAGACTGTAAAGTACACAAGAAAATGGAAGAGAGAGCTTAAATATGCAAGGCAGATGTGGATGCTGGAGCATAAGATTCTCATGAGCCAGATTAAGAAGGACAAAGGAAAAACCAACAATGATTCAGTAGAAGTCAGATATAAAAACATACAAGCTTATCTGAGTCACAGCCCCAAAAAGAAAAAAAAAAAAAAGGAAATAAATAAAATTTAAAAACATACCAGTATTTCCTTGAGCATCTTCTATCTTATTTGGTGAGGGCAACAGAAAAGATGGCCT,"[[208000906, ""G"", [""A""]], [208000907, ""A"", [""G""]]]",yes,yes,A->G,2
chr2,24912527,24913001,GAGCAAGCCCAGGAGTGAGCACGCATGTGTGTGTGTGTGTGCGTGTGTGTGTGTGTGTGCATGTGTGTGTGTGTGTGCGTGTGTGTGTGTGTGTGTGTGCCTGCATGTGCATATAAAACTACCCAGTTACCCACCCCTGGCCCAGCCCTGGGCTTCCGTTTCCTCTCTAGAAAAACTCGCTGACTATAAAGCGCTGATTTAAAATAATAAACACGAGGAGTCCAGTGTTCACAGCAAAATGTCAGGGAAATAATGTGGATGAAAGGTGGGGCCTAAATTGCATATGCATGATGATGACAAACTGGGAAAGCTCTGTTTATACACAGATCGGGGTCAGAAAAGGCCACAGAAAGCTGCGACAGGGAAAGGATGGAGGGGTTGATTTTCTGCAAAGTTGTTTACATGTTCAATGACTGATTATTCCTCCTCACATGCAGCTGAATCTGATGGCCCTGCAGTCCCCTTCTACGCACGT,"[[24912529, ""C"", [""G""]], [24912569, ""A"", [""G""]], [24912605, ""A"", [""G""]]]",yes,yes,A->G,3
chr3,143952824,143953120,TGCTGTAGATGAAGACAAATTAGGTTTTCTTAGGCCTTATCTTTGCAATGCCTGCACCTGCCACCAGATGTGCCAATTAATGCTTGTTTCACTGAGCAGATCGACTCTTTTCAGAGAAGCAAATTGGCTTACAATTTTAGCTGATTGAAATTTTTCCAAAGCAAAATAACTCTTTATTAAGCTAGCATTACACATTTTAAAATTAAACCATTTTGCCTCAATTTTAGAACTACGAATTATTTAAATAAATGCATTCATCCATTTACTCAAAAATGTTTATTTCTATCTAAGCACTGG,N,no,no,N,0
chr3,186473201,186473446,TGCCTGGAAGGGAGAGTCAGAAGTTGGGCTGGAAACAAGGACTCACATGTAATGGTTTATCTTTGGAAGCAGTGATGCCATAATGTCCAAAGAACAGGAAATTAAATTTTATTCTCTGCTGCCTCCGGGTCTATTTATACTCCCAAGATCTAATCTTTCTGTAACTCTTGTTACCTGAGTAAGGTACATAGCCAACTTGTCAGGTATCCAATAAGAGAGATAAGATGCTCTTTCCAAAGCCACGTC,"[[186473222, ""G"", [""A""]]]",yes,no,G->A,1
chr7,108362908,108363179,TAAAACAAACCAGGGTTCCTTGGAAAAATGACTCATTCTAGAATTGGGGCAGGAAATGTGCAAGATGAGCCTGGAGCATCTTAAGAACTTGCTAAACAAACAAACAAAACTCCAAAACATCAGGATGAGAGAATGCCACAGAGACATGGGAGCCAATTGAAAGAGCTCCCAATGGCCTAACTAGAATAATTTAAGAAATAAGAAAAAGTCAAATTGGATTATAATCCCAAGTATAAAATAAATATCCATGAGTACAAACTGATATAAACAAA,"[[108362913, ""T"", [""C""]], [108363020, ""T"", [""C""]]]",yes,yes,T->C,2
chr3,47646354,47646810,GTCATTTTGTTAATGTTGATAAACCAACAGGTTAAAAATCCTTCCCCAAAAATGTGTAATCTGACCCATGTCTGCAGCGTTAAAAGAGGATTAAACGACTTAAACAAGAAGGCATATAACTTAAACTAGTGGGTCCCGTGCCAAAGACATTCTAGTAATAACATGGTTAGCAAAAACAGTATGAAGAAAGGTCTAGTAATTATTTCCTAACAGGCTGAAATAACTGGGAGAGGCATATTGGAGAAGAGATTTAAATGTTTGCCACATAGCTGCCTTTAATATAAGTGTGTAATAATCATGAATTACGACTATTTGGCAGGAACCACCCTCCATTTTCTGCACTTCATTTGTAAACTGCCAGCAGTTATTTTCAAAAACAGACTGAATCATGCTACTTCTATTTTCTGATGACTTCCCAATGTCTGCAAGGTAACAACCCTTCAAAATCAGTCCCCCA,"[[47646366, ""T"", [""A""]]]",yes,no,T->A,1
chr20,18044135,18044633,CCTCCCCTGGGGTCTTGTTAAAATGCAGGTTCTGATTCAGGAGGACTGGTAGGGTCTGATGTGCTGCATTTCTAACCAGAGCCCAGGAGATGCCACTGCAGCTGATGCACACGCCACACTAGCCCTGAGAAGTCATGCTATATTCCATCTCATTCCCAAGTTTCACTATGCACACAGTTCATCTTGTTTTCTCAACTCAACACTTTGAGGATGGTCAGCAAGCATTCGGTCCCATTCCTGCCTCCCTACCCACTGCTCCAAGCCTAGTCTAGGGCCAGTGCACAATCAGTATGTGCTGACCGGCAGCTGGGAGCAGGTGGCAGGATGCAGAGAGTCTCAAGGGAGGCACAAGACCCCAGAACAGGGTATTCCAGTCAGCCTCCTCCACTAGTTCATTTTCCTTTGCTTGGAGCTTAATTTGCCCCAGCTAACATTGATAAGTCCCTGATCTGTGACAAGCCCTGTGCTTAGAGCTGGAGGCAATACAGTTAGAGATGGC,"[[18044179, ""T"", [""A""]]]",yes,no,T->A,1
chr5,104421370,104421827,AGGGGCCCCATAGGTACTCCATGAAAAATGAAGAACACCAGCTATTTGTTCTTCCAGTGTTTCAGTGGCCTTGTTGGATCTTTACCTCTTCAGCATAGCTTTCCCATAGCCAACAGTGTCAGCCATAGCACTCAGAAATTACTCTCCATTCCTGAGTAGGCAATAGTACTCTGAGGTTTTAGGACGATACTATCACGCCACATTCTTAACTCAAGCTATTTGTGGAACGTAGATTCTCACTGTGGGCCCAGGGGAGTAGCAAGTAATCCTCAGCTAAGTTTATCCACTATTAATTCAGAGTCAGCACAAGAATTAAGCTCTCTGCTATGATCTGAATGTGTTTGGCTGAATTCGTGTGTTGAAACTTAATAGCTAATGTGGTAGTATTAACATGTTGGGCCTTTAAGAGGTGATTAAGTAATGAAAACAGAGCCCCTCAAGGTTAGGATTAGGGTTCT,"[[104421426, ""A"", [""G""]]]",yes,no,A->G,1
chr11,27783548,27783978,TGCCACATCTGGCTACATTACACAGGGGCTAGTCCCTTCTTTCTGGGACTCATTTCCCCTCATCCACAAAGTGAAGAAGTTTATCTCAGCAATTCATCCTGGCTCTAGAATTACAGATTTTTAATTAAATTCTGCAAATAAAATTGTATTTCAAATACACTAGGGGGACCCCGTGGTGAATTTTAAAATAAACATGTAGTGGAATTATTTCCCAAAGCAAAATGTATCATTTTCGATACTATTATTTTAATCTGGGTCTTATTGCATAAGAATGAGCTTTCTTAGAGGAAGGCATCACTATTGCTTGCTTCTATTAAGCTCTCAGGGTCATTTCTGGCTCTTGCATAACACCCTAGGCTGTTAAGGAGAGAGATGCGAGCACAAGAATTTGGCACTCTCCTGAAAGCTACGTTCTGTTTTGGAAATGGACA,"[[27783614, ""T"", [""C""]]]",yes,no,T->C,1
chr14,87492677,87492967,AAATCTGTGAAGTGTGATTTCCATGTTCTCTAGCCCTCTTCCTGGATCCTCCACTTTCCTTGGCCCATCTGTCCATGTCAATATTCACTGATCTTGGCTATTCAATCTACTCTCTGGTGATATCCTGCTCCGGGCTGCTTTTTCTAGCAGATGTCTGAGACATGAGAAGTTTCCCATCTGAGGGAATAAGAAATTCCTATGCCTGTGTATATCTAATTCATTGTACATGGACAAATCCTTCTATAAATAATTTCTGCTAAATATAAAAAACTGGTTGGTGCTGATAAGTCA,"[[87492737, ""C"", [""T""]]]",yes,no,C->T,1
chr3,36474333,36474591,TGCAAACTCTTGCTACTTCTCTCTCAACCTCATCCTCATTGACCATGGTTACATATACATATTTTAATTTTATCATTATCATAGACAGTGTTGAGAGACCCACAGATGCCCTTTCACTTTCAGTGGAAGAAATCTAGACCAGAACAGAGTAGAGATCTCTCAGCGTGCAGATGGCTGGCAGAGGCAATGAGGAGAAGGGAAGTGAGCTGGGCTTCAGAGTTGTGTAGACCCAGACCCTAGTCCTGTTCCTGTCCTCACT,"[[36474361, ""T"", [""C""]], [36474407, ""T"", [""A""]]]",yes,yes,T->A,2
chr1,168401341,168401608,CACTGTGGTGGAAGCCCCAGCTTACTCGCAGTGCAGTTCAGATGAGGGAGCGATAATGGTTTCTTGCTTTTTCTCTCCTTCTTCCTCTGCTCCATGTTGCCCTCCTCCTCTGACTTCTTCTGTTTTTTTTTTTTTTTTTTTTTGGGAGCTAGTGCTCTATAACTAATTTGGTCTTTCTCAGAAACCCCATCTGCTGAGGAGCAAAAATTTCAGTTTCAAAGCTTAGTGTGAAGTAAAAATATAAATACAGACAGTCCCTGAGTTATGG,N,no,no,N,0
chr13,80504360,80504841,TCTGTCATGTAAAAAATCCACAGGTTGGCTGGAAGAAGAATGGAAACTTAATGCCCTAATCTTGAAGGAGATAGTTCTAGTTAGTCCAATTATTGTTTTCATTTCAAACTTTGAAAGAACTTCCTGCAATTAACTTCCTTTTCATTTCTCAGAGTACTGTTCATATTTTGACGTTGTCCCTTTAAAAAGTTCTGGTCAAAATTATTTCTTACAACATTCTTTCACTCTAATGCCCATTGGGAATACTCTTGATTTCCATTTCCTGTCTCCCCAGCCTCTAACTTCTTTGGACTCTACCACTTATAATTGCCAAACCTGGCCTTTCCTCTATGTAACACACATTTTTAGCCTTGGACAGCGGGAGCGGTAGTCATGAGAATTTGAGTCTTTTAGGCTTGAAGTCAGGATCCAGAGATATGGTTGTAAGTTGTAAGTAGGTGAGCTATTTTGGGTCAGATGGGTTATGTCAGATACTGAGTGGA,"[[80504377, ""T"", [""C""]], [80504471, ""C"", [""T""]], [80504634, ""G"", [""C""]]]",yes,yes,G->C,3
chr16,10428708,10429186,GTAATCAGGAAAAAATTCCCAATTATCTGATGTTTAAAATTTTAAGTGTAGGATTTCGTTCTCATCAATTTCCAGTCAAAACAGCACTTTTCTCCTGTCAAAAATAACATAGCACATTCAATTATAAATTCACCATATATTTATTTTCTTTTTTTGATAGGAATCCTGCTTTTTTTTTTTCTTTGAGACACGGTCTCGCTCTGTCACCCTTGCTGGAGTGCAGTGGTGCAATCACAGATCACGGCAGTGTCTAATTCCTGGGCTCAAGTGAACCTTTTGCATCAGCCTCCTGAATAGCTGAGACCACAGGTATGTGCCACACCTGGTTGAATTCTCCCTTTAAAATAATATAAGAATGTTTTTATTTGTAGGACACAAAACTGTAGCAGTGTCTTCAGGCAAAGCTGCTAATTTTATGCATCATGATTATCACTTTTAGCAAATACATCATAAAACCATGCTAGAGGAAAGATTTGATT,"[[10428905, ""A"", [""G""]]]",yes,no,A->G,1
chr3,54305,54568,CCTGGGGAAATCTCCTGCGCTCCTGCTCCACCTCGCCTTGGATACAAATCCTTCTTTTGTCCAGCATATCCACACTTTCTACCCACCCATCTGTTAGTAACTTCATAGCCAGCTCAATTACCAGGTGGACTGCTGTGGTATTGCAGTGCTTATGTTCAAGTAACCCTTCTTTTACTTCATCATGGCCTCAAAGCACAAGAGTAGTGATGCTGACAATTTGGATATACCAAAGAGAAGCTGTAAAATGCTTCCTTTCAGTGAAAA,"[[54415, ""G"", [""A""]], [54501, ""G"", [""A""]]]",yes,yes,G->A,2
chr17,12463123,12463498,AGGATTTTATCTGATCCCAAGAAACTCCCAATTACGGTTACCTTGACTGCCTTCTGTCCTCTCCACTGGTGAATTATCCAAGCAAGGAGGCTGCATTTTCCAAGCCGTTTGAATCACATCCCCAGGATGTTTCCATGAGCCAGCCAAGTGCATTCTTGAGCTGTGCCTAGATGTACTTGTTAAGTTTCTTAAGAATTTTTAAAATGATTCAGTGCATGCTCTCTCTGAGCTGCATTTTGTCACTTGGAACATTCAACAGATGTATTTGGCTCATGTGCAGTTTTTGATTCTCATAGATGAGGAATTTTTCACTCTCTCTGTTCTTGGTACTTGAGGCATTTTCACTCAAATGCTCTCTGTTGTCTCTCCCTCTCTT,"[[12463182, ""C"", [""T""]]]",yes,no,C->T,1
chr16,86239551,86239800,GAAGCAGCGTTTCCCCTGTGAAAGCAGCCGAGTCACTGGGCAGAGACGAATCCAGCTCTCTCTTCCCTTCTCTCAGGAAGGTACTGGAAGGAGATTTTCCTTTCCAGCAGTTAAGTGGATGCGGCTTGGGATGGTCAATCCGTCCCCAGGCCTGGGGACAGCTGTCCTCACCGGAAGACAGCCTGCTGTAATTTATCCTGGGGGTTGTTTGAAATGTTTGCTGCTGTTGGGGAGTGAACGTGTTCTTTGT,"[[86239633, ""G"", [""A""]]]",yes,no,G->A,1
chr4,126306176,126306480,GTGGCAGTTTCCCAAGTCACTCATAATTCCAGACCAATACATCCTGTATAATAAATGATCAGCTGCTGATTCGAGTCACTTTAAACTAATTCTCTAAATGGCTTCTCTTTGGTGTAGCTAAGAATCACATGTCCCACTCCTCTGGCCTTCTCAGAGTCTGGCACACTCCGTGGAAACTCTGGATATTTCACAATAGAAGTCTGGCAAAATAACTCTCCACCCAAACCAAATAGTGGTGGCTCTGGAAGAAGAGTTTATGGTTGTTTCTGAAAAAAGCATGATTTCAGGAAGCCTTTATAAAATGT,N,no,no,N,0
chr1,184290147,184290553,GTGTTGAACCTGTGTGTCTGGGGCCTGTATGCCCAGATCCTATGTATAAGGCCTATGTGTCAGACCAGTGTCCAAGGCCTATGTCTCCTTCGGCCTAGGGGATGGAGTGTAAGAAAAATGGATGTGCTGCAGTCAAGAATAGGCCAAGGTAGATATCCAGTACAGCATGACTCAGCAAGTTTGGAGCACAGGCGCACAACTCCACAAGTTATGTAACTATGCCATGTGAGCACATTAGGTGATCACCCACATGAGCTGGTGCTTGGCTCGGAGCCACTATTGTCTCTAAAAGGTATAACTACCCTGATGATGTTGTACATATGGCTTGCACCCATGGCTTGTTTGCACCCACAGCTCGCTTGCACCCAAAGAGAGGAAAAGCCATGTTGAAACTGTCTACAATTCCT,"[[184290175, ""G"", [""A""]], [184290457, ""C"", [""T""]]]",yes,yes,G->A,2
chr1,214933403,214933721,ATGTGTGTACATACACATATACACAGACCTATATTTGCTAAACATGTTTTTCCCACTTAGTGTGGTAACTGAACTCTTCTTTTCTATAGGAAACTCTTCATGTGACTTTGTTGAGACTGCAATACCCTCTCACTGCGTGGGTGGCACATGACTCGTGGCACGTGACTCAGGCCTTGTCAGGGTACCCCATTCAAGTGATTGGTCCAGGTATGAGTATATGATCCAAGTCAAACCAATCCTCAAGACTTTTCTCTAGAATTACCAGGAATAAGGCACCCTTTCACCCCACTGGGATTTCCAGCTGTAAGAATGATGTTAG,"[[214933488, ""G"", [""A""]], [214933550, ""G"", [""A""]]]",yes,yes,G->A,2
chr5,159664096,159664314,CATATTGATCACTAAAGCACTGTGCAGACTTTCTTCTGGGTTTGGAAATGTTACAAATGCATCGTGAGGCCCAGGGCCTTTGCCACTGACTGACTCACTAGCTTTCAAATGCAGCTTAAGAAATGCTTGGTGATCTTAAAGCCAGAGTGAGCATGTTTTGCCTACAAGACAGTTGTCTTCAATCTTTCATGTCAACAGGTAGAAATTACCAGGGCCCAT,"[[159664098, ""C"", [""T""]], [159664278, ""C"", [""T""]]]",yes,yes,C->T,2
chr18,50334519,50334852,GAGGATATGAAGTCTGAATAGTTATATATTTGAACCCCAGGTATTGCTGCAACTATAATGCAAGTACCTTTCCATTTAATAGGCAAGTTTAGAAACATTTTGAATTTGCATAAAAAGAAGAACCCAGTTTCTTTTAATAAAACTCCTGAGGAGGGACCTTGTAACCAGGCATAGATGTGGTTAGTTTCGGTTCCAGTATAATTTGCATAGAGGGATCCCATGGTCCCCAAGGATCAAATGTGGATGGGTGGTGACCCAAAAAGTAGTCATCCATGCATAAGGGGGTGTGATATGGTTTCACTCTGTGTTCCCACCCAAATCTCATGGCGAATTG,"[[50334588, ""C"", [""T""]]]",yes,no,C->T,1
chr7,153012246,153012604,TGTGGTGTACCTATGTAACAAACCTGCACATTCTGCACATGTATCCCAGAACTTAAAGTAAACAAACAAAACTGTGCTGGACACACCATCCTTTGGCACAATGTGGCCTAAAGGGACCTGCCTAGTCAGGTTTGTGCTGTGCCCTCTGCAGCTGGGCAGAATTAATTCCTCCACATCTCTTCAGGTTTCAGTTCTCACAGCCCTGTGCACCTGTTTTAATCGCTTGTACCGGAACTGTAATCTTCTACTTATTTGTATGATTATTGGGTGATGGTGGTCTCCCCGCTGCCCTGACACACACACACACACACACACACGTGCCCATGCACAATTGTGAGCTCCATTAGAACAGACAGCTG,"[[153012252, ""A"", [""G""]]]",yes,no,A->G,1
chr5,95358950,95359196,TGCCTTGTCAGCACCCCTGTGTGAGTTTGCTGACTCTGATGCACACACCTCTAGGCTGCCACGGATTTTGTAAGTCAAGTAAAAAGAAAGAGGAAATGGCATGAGGGCTTACCCAGGTGCCAATCAAGTAACTGTGACATCTTGAAACCATCCTGGTGTTTAGGTTAAACATGCACCTTTGAGAAAGCCATCTCACTTTCTTGTTTAATTAATTAGTCAAAGAAATTATGTGACAGTTACGTGCAGT,N,no,no,N,0
chr6,85127810,85128264,CTACTGTGGAAGGTCAGCCAACAAAAGCCTAACCTAGGTCCTATAAAAATGAAGTCAAGCACAGTGAAATAGGATGTCATTGTTGTAGAGGATGTTTTTTGCATGTGTTGTTGTAGCACTGTCACTTTTTCCTATTCTGATGACTTCTGCTCCACGGCTAAATATCCCAGGAAGTCCTGACTCAATCATGTCTATGGCAGCCAGCAAGCTTCACGTTGAGCAAAAACCATGGCAGAATTTTAAAAGACACCAGACTCACAGTTAGAGCCCTGTGTTATTATCTGCTGTGCATCTCACTAGCTCCAAAATCTTGGCCTGGTGAGTCAGTTTGAGTTCCAGCTTTCTTTATAATAAAATACATGTGCTATTTTAGTAAAAGTTTATATGGGGATTACATGAGATTACATATTTATATGCATATGTATGTACATATGTATGAAGGTTTATATTATATA,"[[85127898, ""G"", [""A""]]]",yes,no,G->A,1
chr9,82096706,82096929,GAATAGTAGTTCTGTTTTAAGTTCTTTGAGAAATCTCCAAACTTCTTTCCACAGTGGCTAAACTAATTTACTTTCCCACCAACAGTTTATAAGTGTTCCCTTTGATCTGCTGCCTCACCAACGTCTATTATTTTTTGACTTTCTAATAATAGCCATTCTGACTGGTATGAGATGGTATCTCATTGTAGTTTTGATTTGCATTTCTCTGATGATTAATGATGTTG,"[[82096710, ""G"", [""A""]]]",yes,no,G->A,1
chr7,155410446,155410836,TACCTGCACCGCACCATGCAGAGGAAATTGCTCAGATAGCATCTCTCCCGGAAGCAGGGCTGCAGAGATCTGAGGGGTAACCCATCCCCTCTGCTCCCCTGTCCCAGAAGCAGGCTAGTCCTTGTAAGTTGCATTGCCTTAGGGGAGATGACATTCCTCGCCAGATGCCCTTCTTCTTGTAATTACCATGAATAGGAACGCAGCCCCCGCTTCTCCAGACCTGGCCAACTGGGGGATAGCTCCTGGCTGGAAGCCCTGTTGCATATTGTATCAGTTTCCTAGTTTCCTGTGGCTGCTGTAACAAATTACAAGCTTAGTGGCTTGGAACAGCACGCATGCATTACCTTACAGTCCCGGAGGCCAGAGGGCCGGCCCAGGTCTCACTGGGCTA,"[[155410494, ""T"", [""C""]], [155410644, ""T"", [""C""]]]",yes,yes,T->C,2
chr3,55923741,55924043,AATTTTCTACTGCTTTAGGGAGAAGCCTCTAGTTTAAGACAAATGGATCTCATTTCTTCTGTGCACCAGCCCTGACAGACATCACTAATCGATTACAGCACTGCCTTGCACTGAGTCCCCTGGGACCTCATAATCTTTCCCAACATAGGGTTAAGGCAGCCACCAATTAATCAGAGCTGTCTCCCAAAATGAAATCTATTTGCTGTAGTGATCCAGGTGGCAATCTATTTATTTTAAGCCAAACTAAAATGTTACATATTAAAAACCTTATTATTAAGCTGGGGACACAAGATTATAGATGTA,"[[55923773, ""C"", [""T""]], [55924031, ""T"", [""G""]]]",yes,yes,C->T,2
chr11,131771487,131771773,TGATTAAACCCAGTAGCAGCTTAAGGTTACCAGGCCTCCTTTGGGCCCAAATCTGTATTTTAGAGTCAGAAATTTTCAGTATTTTCAAGAACGGTGAAGCTGTGATTGAATCACTAAAAGTGATTGTCTCAGATCCAGCCATGCCAAGCACCAGCTGTGTACACACTGGATCTCAGTGTTCTCCTCCTCAGAGGTCTTCCTTAGCTCCTCCTCTCTCCTGTGGAACACACTTGGAGCTCTGTGACCAGGAGGGAGTACAGTATAGAGCCTGATCCCTGCATTTCTGA,N,no,no,N,0
chr8,138053600,138053847,TATTTCCTTGAGCAGTGGTCTGTAGTTCTCCTTGAAGAGGTCCTTCACGTCTCTTGTAAGTTGGATTCCTAGGTATTTTATTCTCTTTGAAGCAATGATTTGGCTCTCTGTTTGTCTGTTGTTGGCGTATAAGAATGCTTGTGATTTTTGTACATTGATTTTGTATCCTGAGATTCTGCTGAAGTTGCCTACCAGCTTAAGGAGATTTTGGGCTGAGATGATGGGGTTTTCTAGATATACAATCATGT,"[[138053619, ""T"", [""C""]]]",yes,no,T->C,1
chr11,44358792,44359171,TGTGCTCCTCTTATGACTCGTTAGGCTGCAGGCCTATCAGTTTCCTCCAGAGTAAAGTTTCTCTTGTCAACTACAGTCAGCGTTTTTAAAGGAAAGAATGGGGAAGACACAGGTGGTGAGCAGAGGCGGGTGAAGTGCTGGATCAGCACAGCCTCGGAAGAGCTGGGGAGAGGGGCCTGCGTGCAGTGCAGCGAAGGCACCTGGACCCCGTAGGAGTAGCCAAGGGCCTGCTCAGAGAGCCCACTGCCAGCCCCGCCTCCACTGGGAAAGGGCTGCATTCAGGGAGAAGAGTCCCAACAAGATGCCTCAGTTTTCTCATCTGTCAAATAGGGACAAGGATGATTAAAGGAGACAGTGTCCTAGAGCACATCTGGCAAGTA,"[[44358811, ""C"", [""G""]]]",yes,no,C->G,1
chr14,103501975,103502229,GGTACATAGACTGTTTTACTCCCAAGAATGCTAGGCACTCACTGTCTTAATTGAGGCCACCAGATACACACATGAGAATATAAATAACGGCTTGTGGCAATAATGACTAAATGCCAAGGAGTGGCTGGTAAACCGCGGTGTTCCCTAGAGACCCCGGCCTGGGCTCTACTTAGGCTGCCTCTTGGACATCAGACCAAGGCTTACATTCTGAATCCACAGGGCATCCACATGGGTGGTGTCAGTCCCCCACAGACA,"[[103501987, ""A"", [""G""]]]",yes,no,A->G,1
chr5,19179585,19180033,TTTTACACTACTATAAAAGCTTTATGATTTTGATGAACAAATATAGAAGCATTTTATAAATGACAGTCTCAAGTCTCTTAGAAAAAAAAAAAAAGCAAGCACATATATCAGCTGACAAAGCATGTTTATGACCTAGAAATGACACTGTCACCAGTGATTAAGACCTACAAGTAAGACCAGTTCGTGCCTGTAATTTGAAATTGCTTAGCATCAGATACCTTTTATGTGTGTAAAATAGCCAGAAAAGTAATTGGTTCTACTTATAGCAAAAGCAAGTTCAGCATTTTGAGTATTTTTTTCTTTCCCTAACTGATGTACATTTTATCTCCACTCAGCTGAGGCAAATGAAAAAAAAAAAAGAAAAAAAAAGAGGTTTGACTCAGCATTTGTACTCAGATTCATTAGTGAACTGAAGAAGGGAAAATCTAAACCCTTTTCCCCTACTCCCT,"[[19179658, ""G"", [""T""]]]",yes,no,G->T,1
chr4,99691024,99691289,TCTGAAACTTTCATAATTGGTTTGCTTGATGGTGTACTACAAGTTCTGTAGGCTTTATTTACTCTTTTTCATTTTCTTTTCTTTTTGTTTCTCTGTAACTTCTAGTGGTGTATTTTTGAGCTCACTGATTCTTCCTTCTGCTTGACTGAGCCTACTGTTAAAGCACACCATGGAGGTTTTTAGTTCAGTCATTGTGTTCTTCAGCTCCAGAATTTCTGATTGGTGCTTGTTTATGGTTTCTATCTCTTGAACTTATCTTGTTCATG,"[[99691083, ""C"", [""T""]]]",yes,no,C->T,1
chr2,88506070,88506473,CCAGCAGTATCTGCAGCTGCTTGCTTTACACTGGGGAGGTGGGAGGGGGCATTCTCCTGCAATCATACATCCACGTGATTGAACCCACAGATCCAAGCTCATCCCTGACTCAATTATAAGGCAAAGGAAGTAAGATATCCTGATTGGTTTAGACCAGTGCTACTCTTAAGTGTGGCCTCCCGGCCAGCAGTATCAGCATCCCCTGGGAATTTGCTAGAAGTGCAAATCCTTGGGATCAGAAGTGGAATCAGCAACTCTGGAGGGGGAGGGCTCAGCAACCTGTGCTCAGCAAGCCCTCCAGGTGATTCTAATGCACGCTGTAGTTTACTCTTGAACTAATCAGATCCCATTTGTGGAGCTGGTGGGGAAGGTTATTTTACCCAAATTCAATGGTGGAAGGATGG,"[[88506153, ""T"", [""C""]]]",yes,no,T->C,1
chr1,243658641,243658996,TGAGGAACTTAAACAAATATCTGCCCTCTCATGCTCATTGTTGCACTATTCGCAATAGCCAAGAGGTGGAAACAATCTAAATATCCATCAGCAGATGAATGAATAAAGAAAATGTATTGGCCGGCAGTGTGGCTCATGCCTGTAATTCCAGCTGAGGGAGGAGTATTGCTTGAGGCCAGGAGTTCCAGACAAGCCCTGGCAACACAGAGAAACCTTGTCTCTACAAAAAAAAAAAAAAAAAAAAATTAACTTAGTTGCGTGTGTGGCTGTAGTCCCAGCTACTGGGGAGGCTAAGCTGGGAGGATCCCTTGGGCCTGAGTTCCAGGCTGCAGTAAGCCATGATCACACCACTGCAC,"[[243658793, ""C"", [""T""]]]",yes,no,C->T,1
chr3,119974676,119975132,TACCTCATCAAAAGAGGTAAACAGATGGGAAAATAAAGCATATAAGAAGATGTTCAACATCATATGTCATCAGGGAATTGCAAATTAACACACTGGCATACTACTACTACACACCTATTAGAATGGCTAAAATCCAAAACACTGACATCACCAAAGGACGGTGAGGATGTGGAGCAACAAGAACACTCACTCATTGCTGGTGGGAATACGAAATTATTTTACACAGCCACTTTAGAAGACAGGTTAGCACTTGTTTACAAAACTAAACTTACTCTTACCACAGCAATTGTACTACCTGGTATTTACTCAAATGGACTGAAAATATGACCACATAAAAACCTGCACATGAATGTTTACAGCACCTTTATTCATAATTGTCTAAACTTCAGCTACCCAAACCAAGATGTCCTGCAACAGGTAAATGGATGAACAAATTGTGATATATCCATAAATAAAA,"[[119974764, ""T"", [""C""]], [119975085, ""C"", [""T""]]]",yes,yes,T->C,2
chr9,118058261,118058580,AAACAAGTGTAAGAAAGCCGAGAAAGGTCAGGTTGTCAAAAATCATTGCTGTATCTTTACTGGATTGTATTTAATGACTGATTGCTGCAAAGAAAATAACCCAATAAGGTGTATGAGCCTGGAATAGTAAATAAACTCAAGGGTCAGACTTCTGCTTGGAACATAGCAAAAGATTTGGAGATAAAAACCTAGGAAACAAACAAAGGGAAATGAAAGGGAGAGAGTGTGTGGTGAGTAAAACAAACAGCTGATATTTATATGGAAGAAGTTCCATGGGCTAAGTTCAAAGAAGAAACAGGACATAATTACAGATGAGAGTT,"[[118058335, ""C"", [""T""]]]",yes,no,C->T,1
chr15,73794575,73794849,CTCAAGGTCTTAAGGCTTATTCAGCTTGCTGGAGTTGCTGCTTATGGCGGAGCCTACTGAGCCTACTGACTGCATTCCCTGTACCTAGTCTCCTCCTTTCTTCTGAGTAATAAGAACACTTCAGTTTTCCTCTAGGTGGCAAGATGCCCAGCTAAAAGACTACATTTCCCAGTTTCCCTTGCAGCTACATGTCACCAGTGATTTTGTGGGGTGGATTTTTAAGCAGATGTTGTAGGGAGGATTTGGGGGAATATCCCTTCAGGGAAAGACAGGTA,"[[73794674, ""T"", [""C""]]]",yes,no,T->C,1
chr12,45909387,45909740,TCCCAAGTATTTCATTCATTAACTTGGCACCACTTTATACAGCCAGAAAAATTTTCTGGAAATACCCTTGACAAAGGGCCATTTCTAAGACAAATATTTATAGTAAGTTGAAACCACAGTTTCTAATCAACTATCCGTCTGGTGCCTAGTTCAAACAACCATCTGCTGACTCCTTTGGAAAGAGTCATACTCCTTAACAATAGTATGATGTTAATAGGATTTTCCCCAGCGTACACCTTTAAATCACCTTCAATGCACAATACTGTTGGAGTACCTATGCTGCTGCTTTGGAAGGCGGAGACATCCTGCTCTGAAGGTAGCCCAAACTTACAAATAATACCCAATACGATAAAA,N,no,no,N,0
chr8,55419410,55419741,TCACTGGTATTCCAATGTATTGGGCTTATCTTTTAAATCTGACTGTTCTAGACTCCATGATTCAATACGAACTACTAGTTCTAACCGTTTTCACTTTCATGTTTTGTTGTTACTACTGAAATTGTATTCAAATATTTTTAATACATGAGGTAATTGAACTATCTCCCTGAGGCTTTTAACAGGAGTGATACATTCTTAAGTAGATAATGAATCAATAACATGATCTCCTGAGACCTAGTTAGGGTCCTGCTACTTAGCAAATTAATAATGAATTGATTCATTCCTCAGCAGTGTCCAGATTCTCAGTCTCTTCAATAACTGACCATTCTTTT,"[[55419413, ""T"", [""C""]]]",yes,no,T->C,1
chr7,93594291,93594556,TATAAGGTAAGAAGTTCAAAGAAATATAGAATACTTGGTTTCCATGCATTGGGTTAACTCTTTTCAGATATTTCCCAGTCTGAAATCTGTTTACTTCTAGCTGCAACTATAGCAGCACAAATAACAACTGAAACTGCTATTGTGGTGGCACCTGTGTAGAGACAACATTTGGCAGTATAGCTAAAGAGAATCCATTCTCCAGGGTAATAGGCATCAGCATTTAGAACAAAGCACATTGAACTTTTCAACTAGAATTAGGGGAATGC,N,no,no,N,0
chr6,7001407,7001766,GTGTCCTTATAATAAGGGAAATTTGGACACAGAACACACACAGGGAGAATGCATGGTGTGATTTGTTGGCTGCTGCTGATTGGCTGAAACCTATTTGTTACAAAAATGTACTATTAAGTTAGGTTGTGGCTTGTTGTGTGGGAACTCTTAGAGACAGCCTCAGGCCAACAGCCTCCTGCTTATTGAATTCAACACTTCTTTTCAAAGGCTGTGGGGGAGAACCTGTTCCATCACTTTTTCTCAGCTTCTGGTGGTTTGCCAGCAATCTTTGGTGTCCTATGACTTGTGGAAGCATCCTCTCAATCTCTGTGTTTATCTTTTTATTTTATTTATTTTTATTTTTATTATTTTTATTTTTAG,N,no,no,N,0
chr8,53736565,53736830,AATAAAACTGGCAGAGCTTAACTTGCTTGCTGCTGTATTACCCTTACTCCTTCAAATAATAAAAAGTTTTGTTGCTAGCTTAGTTCATCAGAAAACCTCGGCACAAATGTATTACATGAATCATTATCCATCTGTCTTGCAGGAAGACCTAAGTAGTGAAAATGAGAATGAGAACTCCCACTAATAAGTGAGATTCTCACAGGGGGGAATAAGGAAGGAGACCACCTCTCTTATTGTCTCATACCTCAGAAAAAGAAAGAGGAAGT,"[[53736611, ""T"", [""C""]]]",yes,no,T->C,1
chr12,119405752,119405994,ATAATTTTCTGCTGTGAAAGATGAGGATCTAGTTACCGCATCCCCACACCACTCCCCACCCCTAACTCCCACCCTCCAAAAGTAGCCTTACCTTCAGCTCCCCTAGTGGTTAATTCTGTAATTAAAAAATATAGATGAGGCTGGGTGTGGTGGCTCACGCCTGTAATCCCAGCACTTTGGGAGGCCAAGGCAGGCGGATCCCCAGAGATCAGGAGTTCGAGACCAGCCTGACCAACATAGAGA,N,no,no,N,0
chr7,33485802,33486123,CTTAAGAAGGCTATTGGATCACTTTAACCAAATTGTTCATTTTTGCCAGTTCTTTGCTGGAATGGAGATAGCTGGTCACCTCAATTAAAGAGGAAAAAAGATGAATTCATTCACTGATTGAATCCAGTGCCTGATGACTCATGAGTAGTTAGGTGTAATTCTTATGACTACACAATGGTGGGTTGAAGCCTGATTTCCTAACTTTGGAAATTAATCTTTCGTGTGTTCTTGTTGGCGGTGTGGGAGTAGGGGGAAAGTAGAAAAACCGAAGCAGCCTCCATCTTCCCCAAAATTCAGGGGCACAATTTAGCCTTATTGTTCA,N,no,no,N,0
chr1,63882263,63882656,TGAAGGATTTGGATGTTAGGCCCAGGAGCCTTGGAGGACTGTGAGACAACACTAAAAAAATACCGATCCTTGAAAAATATTAATCTGAAAAGAAGGCACTGATGGCAGGCACCCTTTAGAGCTCTGGCCTCTGGTCTGTTCTGTTCAACCTCTATACTGATGGCTTGGTTAGACAAAGATGACGTGCATGTTGATCAGATTAATAGAAGACACAGTGTTTGGAAGTTTTGTGAGCCTGTGGGTGACTTAATCTGAAACCAGATGTCTCAAACAGCTTGAACAATTCCAAACCAGAGGATATTTGCTAGGGAAAATATAAATTCTGTACTCTGGCTGAAACAACCAATTGTACAAGAGCAGGATGGAAGAATATTTAGCCTGGCAATAATATGTG,"[[63882477, ""A"", [""G""]]]",yes,no,A->G,1
chr4,69497067,69497395,CATTGTTACAAGATTAAATTTCATCTTAACTGTTCTATAGATAATAACTTAAACATTTTGAAATGTGGTTTTCTCTTTGAGGTATTCCTTCAGGTCCAGCATACTGATGAAACTACTGACTCAGCTGGTCTGAGGGACCTCCCTGATGCCAGCTGCTCTCAAGGACCCCACAAGGAGCTGACTCACCAAAGAATGCAGTTTCCAACTCCTACTGATTTTATCTTCATTATCCTGACTAATCTATGACTCCAATTTTTCAGTCCATCACCCTCCATTAACCCCTTAAAAACTCCAGCCCAGATTTCCTTGAGGAGGTAAGTTTGAGGGCC,"[[69497085, ""G"", [""T""]]]",yes,no,G->T,1
chr10,77072977,77073322,TCTCCTTAACCCAAGTGATTAGAGCCCGTCGATCTGTTTTGAGTTTAAGCTGTGCTCTCTACTCAACCCCACGACAAATGGAATCCCGAGCTAATGTGCTCTAATAAGACGAGACGTTACCTTTATGAATGACCTCATGGAGAAGAGGTTGGCAAGCATGGTGGAGAGGCCTTGAGCCAGGCAGCTCTGGGCTATGAAGCCCAACTTCAACTCTGCGAGGCAGATTGCGTCATCACCTTCTTTCCAATTCCAGCTCGGGATGTTTAGCAGATGGGCCTGGGGAAAGAAAAGCAGGTATGAGACCTTGCTCTGTTAAATGTTCAATTGTTTAACATTTCTTCTGGGA,"[[77072994, ""G"", [""A""]]]",yes,no,G->A,1
chr4,47083744,47084106,ACCTTGGATATGTTAATGAGTGTTACCCCTATTTACATTTACTAGTCCAACTCAATAATTGTTCTGGATTTTCCCCCAGATCTCTACTCATCTATTATCATTTTCAGATCAAAGACACACCCCTATGTCTAAGGGGTCAGAATAATTGGCCACCTGCTTTAGGCTCCCAGCTGCTCATTCTGTCTCCTAACTCCAGTCTTCTATCCCCTGGGATAGTCTGTAACTATATATTACCCCAAAGGAAAAAATATCTGTAAAAGAAAACAAAAATAAGAAAAGAAATATAGCTTGCTTCCCTGAAATTAAAACTGATCATATTTTTAATCAAAGGGAGTTATTAGAGTAAGTCATCAATATAAATGT,"[[47083763, ""A"", [""G""]], [47084101, ""G"", [""A""]]]",yes,yes,A->G,2
chr2,66109596,66109867,TGAGGTCCTGAGTGCAATGATTCAGTCCTTACTAAACATGACCAAGAGGGCCTGGCCTCCCCACCTCACAGCCACGTGCTTGTATCTTGGTGCCTCTGAAACAAGAACAGAATCCTACTCCACAATCGTGTGGTTATACTTAGTTACATAGCAGTGTAATTAATGCCACTTAATGTAAAGTGAAAACAGAATTTCTGCAGCTGCCAACTTCCTCTGGCTCAGCCAGTAATATATGTTGACTTCATTTATAAGCATTATTTTCTTTTTCATCA,"[[66109632, ""G"", [""C""]]]",yes,no,G->C,1
chr1,218782256,218782733,CATGCGATTCTCCTGTCTCGGCCTCCTGAATAGCTGGAATTATAGGTGTATGCCACCATGCCCAGCTAATTTTTTTTTTTATCTTTTTAGTAGAGATGGGGTTTCACCATGTTGGTCAGGCTGGTCTTTAACTCCTGACCTCAGATGATCCGCCTGCCTTGGCCTCCCAAAGTGCTTGGATTACAGGCGTGAGCCGCTGCACCCAGCTGGTGCTGTTCTTGTGGTAGTGAGTGAGTTCTCAAGAGATCTGGTTGTTTGAAAGTGTGTAGCACCTGCTCCCCTCTCTCTCTCTTGCTCCTGCTTTCTCCATGTGATGTGCCTGCTCCTTCTTCGCCTTCTGCCACTAGTAAAAGCTCCCTGAGGCTTCTGCAGAAGCTGAGAGTTGTTGGTGCCATGCTTCCTGTACAGCCTGCAGAACCATAAGCCAATTAAATTGCTTTAAAAAATTACTAGGTCTTGAGTATTTCTTTATACAATG,"[[218782258, ""A"", [""T""]]]",yes,no,A->T,1
chr20,50079258,50079745,CCCAGGCTGGATGCAGTGGCACCATCATGGCTCACTGCAGCCTCGACCTCTCAGATTCAAGTGATCCTCCCACCTCAGCCTCCTGACTAGCAGGGACTACAGGCGTGCACTACTAACCTTTTTTTTTTTTTTTTTGAGACAGTCTCGCTCTGTCGCCCAGGCTGGAGTGCAGTGGCGCAATCTCAGCTCACTGCAAACTCTGCCTCCCGGGTTCATGCCATTCTCCTGCCTCAGCACCTGCCACCACACCCGGCTAATCTTTTATATTGTTAGTAGAGACAGGGTTTCACCGTGTTAGCCAAGATGGTCTCGATCTCCTGACCTCGTGATCTGCCCGCCTCGGCCTCCCAACATGCTGTGATTACAGGCATAAGCCACCGCGCCCGGCTACACTGGCTAATTTTTTAACTTTTTATAGCGACAGGGGTCTCAGTATGTTGCTCAGGCTGGTCTCAAACTCCTGGGCTCAAGTGATCCTCCTGCCTTGG,"[[50079442, ""G"", [""A""]], [50079690, ""C"", [""G""]]]",yes,yes,C->G,2
chr16,35639916,35640175,GTTAGTTATTTAGGAAATAGAAAAAGGGCAGTAAGTGGTTTTGGACTTAGAAGGACTTAGATTCCTCTCAGATCTGTCACTGGCTAGTGCTGTGATCATAAGTTTATCTACCCTAGGGCAATGCAAGGGAGCAGCTAACAACACAGCTCAAGTCAGACTGCCAGCTTCCTGCTCAAATTCTTCCTCCAACATCTCCCAGCTGGGTAATCTTGGACACATTGATTAATCTCCATCTCCACAACTTTAAAATGGTGCTAACA,"[[35639924, ""C"", [""T""]]]",yes,no,C->T,1
chr4,56131343,56131671,ACAGACGATTAAGAGATTATCTTTTCCTTCTTTCCTTCCTTTTTCCAGTGAGAGCCAGAGATTGCTTTTTGGTCAGGTCATCTAAAGATGTTGCTGAAATCGTATATAGGCAGGCACAAATGGTATCTTCTTTTGCCCATGAAGGTGGAACAATAAAGCTTTAAATGCAGTTTGATGAGCTCAGGTTTGTACTTGTGTAGTATGGAGCTTTCTATAGGGCCTGCTCTTGTGAACAGCAATCCCAGGGGATTCTGAACATAATGGATCTGGGGAGACACTGTTCCAAACCTTCCTTTGTGGTCTCTTATTTTATTGAGTAATGCTTTCTT,N,no,no,N,0
chr12,65663632,65664018,GCCTCTTTCTCTCTACAGTACTTTCATCCTGCTTGTCTGCTCCACTTCAGTCCTTAACACACATCCATTAGCCCAACATGCCTCTTCCAAAATCTTGATTTCAAAACTCATTCCCTGAATCCCACCTCCTAACCTTGCACCTCACTTATTGGTATGCCTCTCATTACAGCAATTTTCTCCGTCAGTGCCCCACCTCTGATTCACTGTTCATTTATCCTACAACCGTCACATTCTTCATGGCCTCTCGTGTCTGCACTTCCCTTATTTACTCAGCTTAGACTTCATTGTGCATCATCGTAAACACCCACCCGCAGCTCCCTTCTTTCTCACTCCCCCATCATACTCTTCTGGTTAAAGCAAAACAAAACAAAACAAAGAAGAACAAAA,N,no,no,N,0
chr2,132562328,132562575,ATCATATTTGGGAAAATTCTTTGGCATGTTATACAAGCCTTTTTGCATGTTACACAAGGCCCTTCATGATTGGCCCTGCCTAATTCTTCAGCCTCATTCCGTGTGGGTGCATCAGGACATCGTACTCAGGCTGTTCTGATTCACCTCTCAGGATTTCTTACGGTTCTCTGCATTTGCATGGACTCATCCTTCAGTCCAGAATGCAATCTGTCCCCAGCCTATTCTCCTTCGTCTTTAAGATCCTATTT,N,no,no,N,0
chr6,42084140,42084463,CACTGCACTCCAGCCTGGGCGACAGAGCGAGACTCTGTCTCAAAAAAAAAAAAAAAAAAAAAGATGGACCCTAAGGGCCTCGTTAGCCTGGTAGACGAGTTTCCATTTTGATCCCATAGGGGTCAGAAGTGCAGAGGAGAAAACACGGTGTATTTGGAACAAATTCATTTGCTGAGCACCTCCTATATGCCAGGCACGGTACTAAGCACTTCACATAAATTAACTGTTCATCCTCATGATATCCTAATGAGGTTGGGAAAATTATTATCCCCACTTACACATGTATCAACTTATTTATTTATTTATTTTTATTTTTTTGAGACG,"[[42084340, ""G"", [""A""]]]",yes,no,G->A,1
chr8,97222879,97223362,ATCAATAGGAATCACTCTTCTCCACACAACACCTGACTTGCACCCCGCATCCCTTCTTTTCTGCTGAAGAATATTTGGATTTCTAGTGAATTTCTGTTTTGTTTTTAAGAGGAACATGAGCCAAAGGCGGAACATGAGCCAAAGGAATCCTCTTGTGAGCTGTAAGTCTGCCCGCTCGGTTTGAAGATGCTGACATGGCCCTAAATGTCACCACATGGATATTAAAATCTTTGGCTTCTCCCCACTCCACAGTGCCTCTGGGCTCTTTTGCCAGAGTGCTTTACGGGGGAAAATAGGCAGAGGAAATAGATGACCGCAGTGTTGCGTGGCAGTCACCTAGGAGACCAGCTGTGCCTCTCAATTCTGAGTGCAGCCCCAAATAAATGAGGCTCTGATGTGTGCGAGCTGAGCAGATCGCTCCTTGAGCATGGGGGACTGTTGAGAATGGAAACACTTTGAGCCTCCACTATGTTAGAGAGGAAGA,"[[97222927, ""G"", [""A""]], [97223320, ""C"", [""A""]]]",yes,yes,G->A,2
chr4,120857380,120857758,AGGAAAGAGAAAGATACCTTCTTGTGAAAATGAAAACTTTTATGCTTCAATATAATTGTTCATGTCTGTATGACTTTGCTGCTTCACATTTAATGAAATTATTCCCTTATGGGAACTTGGCAGGGTCTAGCCTCTGTTGAATGCTACTGACGTCACTTTTCAAGTATCTGAGAGAAATAATGTGCTGGTCATTGCTACCGTGTATCTGTACCTTTTTTCAGCCTAAAAGTTCACAACATTGAATATGTCATAGTTGATTTTGTGTTTCCACCCAGAAAAAGACAGAGGAAACCACAAAAAATCTCAGCTCAATTACAGAAAACCCTAACGTGTAAATGAAAGAAGAAAGTGGAAATAGGGAGCAGGGGAGAGAGATACA,"[[120857387, ""G"", [""A""]], [120857579, ""A"", [""G""]]]",yes,yes,A->G,2
chr4,40449880,40450079,CCATGTTGGCCAGCCTGGTCTCGAACTCCTGGCCTCAAATGATCCACCTGCCTTGGCCTCCTAAAGTGCTGGTTTTATAGGTGTGAGCCACCGCACCTGGCCTTGTTCCCTTTAAATAAGCATTACTTACACTTTGTCTCTAAAGGTTGATGGGGCAATGCTGAAACCAACAAAAATGAAACTCACAAATTCAGCACACA,"[[40449925, ""G"", [""A""]], [40450035, ""T"", [""C""]]]",yes,yes,G->A,2
chr6,69090110,69090545,CTTCTCTGCTTTTCGTTTTCTAAACTTCTATTACCTAGGTGCAAATCAAATAGCTAAACTGAGTGTGTAACCTTAATATTACATGTATTTCAGTTATGTGGGTTATTCAATACCTCATCTCCAAGAAAGTGCCTGGACTATGAGGTCATCGCCTTCTTTAGTATCTCTGGGACCTTGTCTGTTGTTGAGCCTGTTTGGAAACTTGGCTGCAGTAAATTTGACTGTAATAATGTCCTGTGCATACCAAAATGATGAGTGATGTCATTGGACAGGCTATCCTTTGGCTGAAAGTGCACTATGGCCTTGCTTTCCAGTATATGTAATGAATTTTCCCAGACTAATCAAATAAATAACAACCATAGTGGATGAGGACATAGCCATTTACTCATTCACTTTTTCACACACTCATTTATTCATTTATTATTTGATTCTTTCA,"[[69090124, ""A"", [""G""]]]",yes,no,A->G,1
chr21,13426758,13427068,CTTGTGGAAAGCCTATAAACAGATGCATGGGGGGCGCCTGTCCATATGGATAAGATAGTGCTGTGAACGCCCTCATCTTGCCACGGCTCTTCTAGGCCTCTTTAGGGTTAAGGCATACTCCTGAGAATTTCTGGTCTAACCAGTTGTCTAGCTTCACATCCTGTTTCTATGGATTGTTTCTAACCAGCTTTTGCTGCAACTGTTACTGCTGATTAATATCTTGCTAATCATAGGTTATAGAAAGACTGTTTCTTTTTTAAGGCTCTGTTAGAAATTACCGATGCACACACTATATTGTAAATTCTTATCCC,"[[13426766, ""G"", [""A""]]]",yes,no,G->A,1
chr5,98461523,98461813,AATGTGTCCTGGCTATTGCGGAAGCTTGGAAAGTAGAACAGCACTTGAGATACCTCATTAAAGGGCAAGGAGGGGAAAGGTGGGTAGAGAGGGCACACAAATTATAGGCATAAGCAAGAGCAAAGACGTGTGTAATCAATGAGGGACATGTTGCAATTTGCAGTCTGAGGTCATAAGAGAGTCAAATGGGAGTCAAAGAATGAAAGAGAATTCTGGTAGGAGAGACAGAGTAAGATCTCGGAGGGTATTATGTGATGTAATAGCTTATATGTAATCCTGTAGATTATGGAA,"[[98461541, ""T"", [""C""]]]",yes,no,T->C,1
chr2,232973825,232974174,GGGGAGTTTAATGTGTGGCAAACAGCTACCCAATACAGGGTTTAATGAATGTTTTTGAATGCACTGATGAAGTCTCTGGATTTAGCAGGGGTTGCCACTCTGGCACACTCAGGGTAGCATATATAGTCTGGTGGCAGCTGCTGTGCCTCCCGGGCTGGGAAACTGTCACACATTCTTCACCCCCAGCAGGCTGCCTGTCAACCACAGGAGCACGTCACAAGGAAAAGAGTCTGTAGCACCAACACCCCATTTGTAAAGTTTTCTGAACTTTATTCTGCTCAATGCATATATTTTGAGCAGATAAAATGTGCTAGGCACTGGTCTAAAAGATTAAGAAGTCTTGCTGCAAA,"[[232973836, ""C"", [""T""]]]",yes,no,C->T,1
chr10,53517780,53518114,CCAAGATTCCTATCCCAGAAAAACAGGTGTTCATAAGTCTGGGAATGGAATGCGACCCTTGTGGAGAGCCTATAAACGGACGCAATGGGGGGGCGCCTGTTCACATGGATAAGATAGGGCTATAAATGCCCTCATCTTGCCACGGCTCTTCTAGGCCTCTTTAGGGTTAAGGCATACTCCCTTCTGAGAATTTCTGGTCTAACCAGTTGTCTAGCTTCACGTCCCGTTTCTATGGATTGTTTGTAACCACCTTTTGCTGCAACTGTTACTGCTGATTAATATCTTGCTAATCATAGGTTATGAAAAGATTGTGTTTCTGTTTCAAGGCTCTGATA,"[[53517802, ""G"", [""A""]], [53517883, ""T"", [""C""]], [53517906, ""C"", [""T""]]]",yes,yes,T->C,3
chr3,11807646,11808031,ATTGTTCGATCACCAGGTTCTGCTGCTGTTATGCCTGTTTGTACCTTACTGCAATATCCCAGTTTATGGCCATCAAAGCTCAGCATTTCACAAGCACCTAAAAGATACAAAGCTTTACACTGTAACCAAGAGTGTGGAAGCCACTCAGTCAGCAGGTATGTTACACACGGATTTCCAAAGCTCTTACCAGCAGTAAAAATGCCTTTCGTGCTCTGTCTTATACTAGACGGTCTCACGATTGCTGAAAGCCCTGCGAGAAAAAAACCAAAAAGGAGACCAAAAAAACCCAAAACAGATGTTAGTCATCTTAACAGTTTTAAAACTTGAAACTAAATATTCTTTCTAGTCAGCCAATCAAACCACCAAATCTATCTCTGTCCTGCTGT,"[[11807655, ""C"", [""T""]]]",yes,no,C->T,1
chr5,66796947,66797210,CATTTTCAGAGGCTCCTGGTGCCCAGACTAGCTAAATGGTTAGGCTGTTCAGGATTTTACTGGTTTCCGTGTCTGAGGAAATGATTAAAATAATGTGGCAAAGTAGTGACGGCCACTGTTATGGAAATGCCCACTGGTGTGGACAGGTTCCCCTCTGGTGGACTGCTGGGGTGGCACAGCTTGTCCTTCTGGCATCCTATTTCCTCCTTTGTTAAAATACCAGCATTGACGTGTTTGCTATCTTATTCTCAAAAGAAACCAAGA,N,no,no,N,0
chr12,130220375,130220693,CGTGTGCATGTCCTATTTGTTCCTGGAAAACTGTCTCTAACTGCAGGCTGCCTGTTTCCCCGTTTAAGCTTCTTCCTGGCTTTTAATGCTATTACATCTTCGTTTCAGAAACTGGCTTTTTTGTGATTCTGTCCCTGGACTGCATTTTCCATCCCTCCCTCCGTCCCTTTCTTATTCTGCTACCTCCTGCTGGCAAACCCATCTCTCTGCCCAGCTAATCCCTCCATGCTCTGTGGATTCTTGGGGTCAACTCCGTGTCATATTTGCTTTTGATTTCCTCCTCTGCTCCCCGAACGACTTGGGTTCTATGTAGCCATGA,"[[130220404, ""C"", [""A""]]]",yes,no,C->A,1
chr6,91664444,91664654,TCTCCCTTGGTTCCTCTCTCTCTTTCAGGTTCAAAGTCCCCAGTGAGTCATTTGGGTAAGTGAATGCTCTTGGACTTATGTCAGTCTCCTGGCCATAAATAGTCGTGATCAGGCAGGAATAAGTAGAGAAGTACAGAGAGCAGAGAGTGGTGTTTTTACTACCTTTCCAGATCTACCACATCCTCTACATTGTGGCTACTGTGAAATATTT,"[[91664494, ""C"", [""T""]]]",yes,no,C->T,1
chr5,7317870,7318122,TGTTTTTTGAATTCCATAATGTTTATAGTACTCTCTAGCTCAGAAAACTTGATGGCTCCCCATTTGAGAGCCAAATTTCTCTGCCTGGATTGCAAATCATTCAGGAAAATCAGTCCTGTCAGCCAGCCACATAGTCATCCTCTCCCAAAATGAGTCAGCCGCTCCTCCAGGACAAGCTCTTCACAGCTCCAGATACCCCCTTTACTCCTGATGCCTTATCTTGATAATGGTTCTTCTCTTATTAGATAAAATA,"[[7317919, ""C"", [""T""]], [7317978, ""G"", [""A""]]]",yes,yes,C->T,2
chr16,59976029,59976340,AACAGTATGTTTGATATTGCCATACGGGGGAAACATAAAAGTCAGTATCTTCTGTTCAGTAGGGGAGCAGTTTTTAGGTCACATACAACTTAGAAGTCATTCTTGCTCCAGTCAGAATCTACAGCAGCCACTTCAACATCAGAGGGTTCTCAGAACAGCATGAACTCAACCACAAGTAGAAGGGTAAATTGCAGCAGGCATTTTCTACACTAGACATTGGGAAGTCAGCTCAGCATGGATATTTGTGGTAACCAGTTTGCAACAGGCTGAGTAAGAGAAATAAAAGTACAATTGAAAATCTTCGACTTAAAC,"[[59976097, ""T"", [""A""]], [59976188, ""G"", [""A""]]]",yes,yes,G->A,2
chr10,76244329,76244719,TGATGTTTCAACTTGAAATCTTTTTCATCTTCTACGCCTCCTAAAATGTCTGCAAAACTAACAGCCCTCCCCTGAAGAATGTTCCATTCTTCAGGAGCTGTTCTTAGGACTGTCAAATTAGAGGAGAAAGCATGGTACAGCTGGTGTTTTTGCGGCAGTTGGGTGAGAGCCATGTAGATATTAAAAGTTTTTCAAATGCAGTTCATTGAATGCAGCCCTATAGAGAAGCAGCTGAAGTCCACATTGTAGCTGCAGTGTGGCTGGCCAGCTGGGGTCTGTTTCCTTCACACAAGGAGGTCTCAGGGTACATTCCCAGCCATGGAGAAGAGACAACACATGGGAGGGGAGTGCGTATAATACTCTGGGCTGCAGAAAGAAGCCAATGTAAATG,N,no,no,N,0
chr10,66476125,66476440,CACCACTTGTTCTCACTCACAAGTGGAAGCTGAACAATGAGAATACATGGACACAGAGAGGGGAATGACACATGAGTCTTATCAGCAGGAAGGGGGGATGTGGGGAGGGAGAGCATCAGAAAAAATAGCTAATGAATGCTGGGCTTAATATTTAGGTGATGGGTTGACAGGTGTGACAAACCACCATGGCACATGTTTACCTATGTACCAAAACTGCACATCCTGCACATTTACCCTGAAACTGAAAATAAAATTAAAAAGTGAGAGACAGAACACAATTGACAACAGATTTCAATAGTATATTTTATTACATTTT,"[[66476181, ""G"", [""A""]], [66476216, ""C"", [""G""]]]",yes,yes,C->G,2
chr10,22259241,22259650,GATTACAGGCATGAGCCACTGTGCCCAGCATGGTCCATCTTCAGCTGAAAGGAAATAGAGGAACTATCTCCCGCATATTCCCATTTTCCCAGGGCTGTGCTAGCCCTGGCAATGACTGGTAAATTCTCTTCTTAGGATTAGATTTCTGGGTGGTAGAATATGAACACTAGAAAGGTCTGGACAAAGGCATCAGCATCCTTGGCCTCGTCTTGGCCTTTAAGCTTAAAAACTGTAGGGAGCACTGTGACTCTATCTTTACTAGTATTAGGTCCCCTAATCCTGGGCCACTGGCTTTGGCCCTGTGGCAGCTTTTGCTGAATTGCAGCACATCTTTGAAGCATCTCTACCAGCCATACAATTATAGAGAGCCAACGCTAGACTGTGTTTTGCATAGAAACTGAAATATATGT,"[[22259246, ""T"", [""C""]]]",yes,no,T->C,1
chr7,11436354,11436692,GGATGATCTTTAAACACTAGTTTACTGGATTCTAATAAGTATTAAACATAATTTTAACAAAAAGCAGTCTGTGGTAAATTGAAAAACTGCTGCATGAAACTAGGTTATACAGGTCTATTTACCCTGGACTTTTCCCTTTTGGGTAATACAAACTATGACTCTCTGAGAGAATGACTCAGATACTGCATTCCCATAATTACTGACTGACTTTTTCACATAGCATTTCACTGGACTAGAGAAATAGATCTAAATAGATTATAATTGGAATGCTTTAAAATTGAATTCATGTTTTGAAACATTCGGAATTTAAGATTTTTTAAAGTAGGTTTTTTTTTTTTA,N,no,no,N,0
chr6,29066280,29066542,CTCGCTCTGTCGCCCAGGCTGGAGTGCAGTGGCGCGATCTCGGCTCACTGCAAGCTCCGCCTCCCGGGTTCATGCCATTCTCCTGCCTCAGCCTCCCGAGTAGCTGGGACTACAGGCGCCCGCTACCACGCCCGGCTAATTTTTTGTATTTTTAGTAGAGACGGGGTCTCGATCTCCTGACCTCGTGATCCGCCCGCCTCGGCCTCCCAAAGTGCTGGGATTACAGGCGTGAGCCACCACGCCCGGCCTGTTTCCTGACTTTT,"[[29066518, ""G"", [""A""]]]",yes,no,G->A,1
chr17,35010085,35010443,TATGCAGTTATTTCATTCCTCCAAAGGGGTTTAGTGGTTGATGATGGAAGAAAGCATAAATATGTCTGTACCAATGTAATAAGTCCCTTTAGAGGTTTCCCTCTGCCATCCAGAGTCATGATTGGTTCTAGTCTCAGATTTTTCAGCTGCATGGGAGGGGTAAGGGGTGGGAGGTGTCTGCCAAGGCGTTTAGGGTTTGCATAGTTCATCCATTGGTAATGGGAAAACACTCTGCTTTCCTGATCATGTGTTTTGTGCTTGGCCACGCTTCTGCAGCAAACTCTTAAGTCCTCCAGCTCCTCTAGGGGTGTAAAGACTGTGAGGGCTCAAATACATCACCTACTCATTGCATGGTCCTT,"[[35010125, ""G"", [""A""]]]",yes,no,G->A,1
chr6,20633573,20633896,TGTTAACTCTCTGTTTAACAATTTGAGGAATTGCCAGATTATTTTCCAAAGCAGCCAAACCATTTTACATTTTGATTAGGAGCATATGAGGGTTCCAGTTCACGTCCTTGCCAACAGTTACTACTTTTAAAAAAGTATAGCCATCCTAGTAGATGTGAAGTGCTATCTCTTTGTGGTTTTAATTTGTATTTCCCCAATGGCTAGTGATGTTGAGCCTCTTTTCATGTGATTGTTGGCTATTTATATGTCTTTGGAGAAATGTCTATTCAGATCTCTTGCCCATTTTTAAATTGGATTGTCTTTTTGTTATTGAGTTGTGATAGT,"[[20633742, ""A"", [""T""]]]",yes,no,A->T,1
chr1,191511529,191511950,GCAGTGGTGCAATCTTGGCTTACTGCAACCTCTACCTCCTGGGTTCAAGTGATTCTCCTGCCTCAGCCTCCTGAGTAGCTAGGATTACATGCCATCTGCCACCACGCCTGGCTAATTTTTGTCTTTTTAGTGGTTTCACCATGTTGGTCAGACTAGTTTCGAACTCCTGACCTCAAGTGATCCACCCACCTCAGCCTCCCAAGGTGTTGGTATTACAGGTGTGAGCCACTGCATCTGGCCACTGTGATCTATTTTTGTTTCTTTGTTTGCTTGTCTGTTTTATTTTTAATTGTGAGTCTATGTTCCTTGAACTTTATAAGTGAAATGCTCTGAAGTCTGGATTTAAAAAGTCATTCCTCCAAAGAGGATGTGTGCTTGCTTCTTCCAATTACCTGAGAGACTTACAATAAAAGAATATTTCA,N,no,no,N,0
chr11,11499682,11499913,ACCCACAGCATGGCCTGGCCTCTGTTTACACTGTGCTCTACATGGTGCCCTAGCTATACCTCTTCCTGGTGACTCAAGAAAGATTCAGACCTCTGCTGACCCAATTTAGTACTGACACAGCACAGGAAATTGTTGGGGTTGGGGTGGCTCACAGGTGATGGGTAATGTGGATGGGAAGAGGGTCTCCAACACCAGGTATCAGCAAAATTCTGGTGGCAGCTTCAGATAGACA,"[[11499711, ""C"", [""A""]]]",yes,no,C->A,1
chr16,22471664,22471974,AACCAGGTGTTTTTTTCTGAGGCTGTGTTGACAGCTGCTAATGAGCGTGTTGGTGTTTTGCTCGGCAGCTTGGATCCTAGCATGACTATACATTGTGACATGGTCATTACATATGGATTAGACCAACTGGAGAATTGCCAGACTTGTGGTACCGATTATATCATCTCAGTCTTGAATTTACTCACGCTGGTATGTGAATTATTCTTTTCCTTTTTAATGTGTTGGTTTATTCAGGCCCTTAAATGGATATGTAAGAAATTAAGGGCTTTGTCTGGGTATGGTGGCTCATGCTTGTAATCCCAGCGCTTTGG,N,no,no,N,0
chr8,108262510,108262941,ACTTTTCTTCTTCTGGCTAATTCTTACTGGACTTGCCAGGCTTCACTGCCCTTCTCTGAGTTCCCACAGCATCTTGTAGTTATCTTTATTCTGTCATTTACCAAGTAAGATATATGTTATATGCTAAAGTGTCTATTTCCTCTACTTGGCAGTAAACTAGGGTCCATATGTTACTCATCCATGTGCCCCAGCATCAAACACAGTGTCTTGCACATAGATAGTTTTAATATCTTCACTGCTTCTTGCTTCTACCTGTCCTTTCTGAGTCATTTTACCTCTCTTGGTATTTCAGCTATGCCCCATTTCATCTACTGCCATGGTATATTAAAAGAAAAAAATATCAGTGCTGATGACTCCCAAATTCCTCTTTCTGACTCAAGCACCTCATCTGAGCTCCAGATCATTTATTCAACTTATTCGTTAACATCTGCA,"[[108262544, ""C"", [""G""]], [108262588, ""C"", [""G""]], [108262842, ""G"", [""A""]]]",yes,yes,C->G,3
chrX,155149013,155149325,ACTTTGTCTGCAATGCCTCCTCTTTTCTGCATTTTAGCTTCAACTTCCATCCTCTCTCACCTTCCAACCAGTCTGTCTCCAGATACTCTGCCCCCTGCTGTTTGTTTTACACAGTGCATCCAGAATGCAGATCTGATAACATCCAAAATAGAGATCTGATCATTTCACCTCTCACTCAAAAGCCCTCGAAGGTCTCCCAGGATTCTTAGGACAAAGTGCAAGCTCCTCAACATTGCTTTTAATTTAAGGTCCTGCATTGTTGAACCCTTTCCTACTCTCCAGCTTCATCTCCCTTATGCTCCCCTCTGCTGTT,N,no,no,N,0
chr4,20486438,20486785,TAGAAACTGGAAAGATTTCTTTTAACTGATATGCATTATGGAAACTTTGGAGTTAAAAAAAAACAACATTTACTTTGAGCTATTGTGGAGGTCACATTTCATTAAGAAATGGAAGACTCCTTGATTGGCTGTCAGAAATGATAAATGGGAAATCTTTATGATTTTATTACTGTACTGCAAGCAGACCTAATAAAGCTAAACTGGTTCTTCAACATTCCTTATAACGTGAAATTATAGCATCACCCTCTAGTACTTCTATAATTAAGATTGTGTCAGCATTTATATTTAAAAATATCTTTCTGGGTTACAGATGGACATTAAGATATTTTTGGTCTAATAAAGTATTGA,N,no,no,N,0
chr16,35510709,35510932,CAGGACAGACCCAGGGATGGTCTTCTGTAAAATTGCAAAAACAAAAGGGACTTTTACTTTGGAGAGAATTATGCTTGTCATTCAGTTGCTCTAAGAAGTGCTACTGTCATGCAAGCAAGAACAGTGGCCTTGTCTTTTCTGAGCTGCTGCTTCCTTTGCTGCTGTCACGTGCAATCTCATGATGAGGTGTGCATTCCTTGTGCCTTATGGCTTAGGCACTGATG,N,no,no,N,0
chr1,242443716,242443920,TATAGGAGGGCATTTAAAGTTGCAGTCAAGGCTATCAACATGAACCACACCACTTCTTTTGTAATCCTATGAGCATCTCTCCAGAGACTTCCTCCATCTCAAACCTATTTAATTTCTAGGCAATGCAGCTAATTAGCTTATTTATCCTAGGACTTCCATTTATTGCATTGATTTTACCATCAACATCAGACTTAATAGGCCACCA,N,no,no,N,0
chr2,60597341,60597747,TCCAGAAACTAGCAGAGAGTTTGAAGAGATTTTTTTTTTTCTCAGAAGGAACCAGCCCTGCTGATACCTTGATCTTGGGCTTCTAGCCTCCAGAGCTGTGAGACAATACATTACTGCTGTTTAAGCTGCCCAGTTTGTTGTCCTTTGTTATGGCAGCGCTAGGAAACGAATACAAATAACCTACTTCACCTCCTCATCTTAGAGCAGTAGTTCTCAGCCAGGGAATTTTGCCCTCCAGGGAATATTTGGCAACATCTTGAGACATTTTTGGTTGTCACAGCTGGGAGGTGCTATGGCATCCAATGGATAGAGGCCAGAAATGCTACAAAACATTCTACAGTGCACAGAACAGTCTCTTACAACAAAGAATTATCAGACTCAAAATGTGAATAGTTTGAAGACTGAGG,N,no,no,N,0
chr2,58449,58710,CAGAGGTTTCTGGCCAGAAAAACCAACACCCCAGAGATCCTGTAACATTTTGGGGGCTGGTCCAGGATCTGTGGAAGGATGAGAACAAGTGGATCTGCTCTTTCTGTCCTTATTTTGGAGTCTGCAACTCCACAATAGTCAAAATGAAAGAAAAATACCAAGCCTCTCTCAGCCAGTTAAAAGTGACTAGCGTGGCTGCCAGACTTAAGACATGGAGGACAGGCTTGCTGGGGAAGAAACTGTCAATCCCCCATCACCCCCA,N,no,no,N,0
chr13,79703373,79703710,TTTTGGATGTTTTAGACGAAATTTGCTATTGATAAGGGTTGAAGATGTTGAATGGGCTGGGGCCTCTTCATCATTTCTCCTGTTTGCCTGACGGATAATGTTCATCCACTGAGAGCAGTTAATCTCAAATCCCTCAGAGGGTGTCTTAGTCAGCTCGTGCTGCTATAACGAAGTATCACAGATGGGGTGGCTTAAACAGCAGATGTCTATTTCTCACAATTCTGGAGGCTGGGAAGTATGAGGTCAAGGTGCCAGCAGATTTTATTTTTGGTTTACTGACAGCTATATTCTCCCTGTATTGTCACATGGTGAAGATAGAAAGAGTGTCTCCCTCTTTC,"[[79703374, ""C"", [""T""]]]",yes,no,C->T,1
chr14,37262651,37263001,TGCACTAAGTAGTACCTTCATCTTAAGAGGCAGGCGATCCATTTATTTGAATGTATTTGTCCCTAATACTTCTATCCACCCTTTCTCTTTCCTGTCTCTGAGCTCCCAGGTAGCTGGGATGTTGCTATTCTGAGTAACCCCAGTGGGAACCCTAGAGACAATTCTAGCTCAACCACTCTGAAGAAACAGCTCTGTAAACAGTATTGACCCCCGCAGGGGACCATCAAATCCGTTTACACAGATACCAGTTGTCACAAACTATTTACAAAGCCAGGCAGAACAGAATTTCCCAGCCTCTGAGAATCCCTATTTGATTCTAGCCACTGCCTTACTTCTGTATAGTGGTCATTA,"[[37262710, ""C"", [""T""]], [37262863, ""C"", [""G""]]]",yes,yes,C->G,2
chr20,41786155,41786587,AATTTTCTCCCATTTTGTAGGTTGCCTCTTCACTGTGATGGTAGTTTCTTTTGCTGTGCAGAAGCTCTTTAGTTTAATTAGATCCCATTTGTCAATTGCAATGGGATATTTTTAACGTTTGGAGGGAAACCTGATATCCTCCGGACATCACGGTAATACCAGCTCTGCTAATACAGTTTCAACTTTAGGTTAAGCTACGTTCCTTTTGATGACATCATGTCTTTGCAAACAGAGGCTTTTAGTCATTGCTGTGGTTAAAATAAAGTATGGTATGTAAACCACTGTAGAGCAGGCAATGAAGATCATGGTGTCTAATCTGATTCCAAGGTTTAAGAAGTTGTGTAGTGCCCAACAAATATACAGATCCCATTATTAAGTAATTATAGTTATTTCAGAATGAAATAAAAATATTTTTTAAATCAATTTATGTGAT,"[[41786285, ""T"", [""C""]]]",yes,no,T->C,1
chr2,108399638,108399870,CTCGTTTCACAAGTCCCGTGAAGGGGTCAAGGGAACTATCTCCTTTCATCTGGGGGCTCATCCAGGATCCATCAGAAGGATGAGTACAAATGTGGAACTATCAGCTCTGTCTCTTTTCCAAGACACTGCCACCTCTCTGTTTCTTTCAGGGGAAAGGAATGTTGGCTTGATTTCCCTTCATGAAGGTTTAGCCATTGAGTGGGACCAGAAAAAGGTCCTGGGGCAACTGGAAG,"[[108399642, ""C"", [""T""]]]",yes,no,C->T,1
chr4,47705640,47705883,AAAATAATCAAGCTTCCCAAAAGCCATAGTCAAAATGAAAAATACGTAGCCTGACCTCTCAAAATGCTTTCCAGATTCAAATTTCAGCAAAAGGGAAAGAAATTTATTAACTGCTTTGAAGCCAGTACCTTTCTTAACACCTACCACAAGAGGGAGACCACATCATAAATTCAAGCACACGGCCCGTAAAATATTTGTGAAGTGCCCCCCGTGTGTAACAGTATTTGAAAACCATCCTATTTCA,N,no,no,N,0
chr5,99156767,99156985,TAGAGATGCTGTTGAGAAGAGGATTCTTGACGGTAATGTCCTCCAAATAGTTGCAAGGAACACAGGTATTATCTGCACAGCCAGCTTGTCACATTCAATGACATCTCTCCCCTGTTTCTTCCTGTCTGAAACAAATACTATTTTCAGAAGTGATCATAAGACAAGACTCCAAATGGAGCATGTCAAAAAATGAAAATGATCTTCATGACACTATTCCTA,"[[99156776, ""A"", [""T""]]]",yes,no,A->T,1
chr10,123624107,123624527,ACCCACTGGGCTAATATCCTGGGCAGGCCAGAGAGAAGAAACAAACAACATGGTGGCTTCTTTCCACAGACACAGTGGCCAGATCAGTGGGGAATGAGAGGGAGGAGGAGGAGAAGCTGGCCAAGGAGCCGGCCAAGCACTCCAGCTGTTAGCATAGTTCCAGAGGGAAACACAGCATTGGGATGACTTATGAAGGCCCGGCACACCAGATTATCTCTAAAGAGGGTTCAAGGCATCTCAGTAGGGCTGGTCTCAACACTTCCACTTTCCAGTTTTAGTCATCAGTCTGGAAGCTGCCCTTCATTACTTACTAATGCAGCCAAAATAATTTGTTGTTTGAATTGTGTCTGTGTCAGAATCTAGTAGAGAAGACAGAGGTGGACAGCATTGGGAATTAAGATCTGGCCCATGGCAGATGGCA,"[[123624123, ""G"", [""T""]]]",yes,no,G->T,1
chr5,145793044,145793330,GGAAATCCCAGTTCTCCTGCCCACAGATTTCCACTCCAGGAGGAAGGAGGGGTCTGACTGGTGTGTGAAAAGTCAGCATTTGTGACACAAAGGCTCCCAAATTCCAAGTTACCTCCCTTTAAGAGTGATGAAGGAAGGAGAAAAAAGCAATTGAGCCAGTCCCCAGAGGCACAGAATACGTATGACCTCAGCTTGGGGATCCATGGCTAAAGCCAGCTTTTAATTTACAAACATAAAAATATAAAGTTTGTGAGTACCTAGTTTTGATTTTTCTGGAAAAAAATAGA,N,no,no,N,0
chrX,142089312,142089522,AGCTAGAGAAGTGAAGATGAAAGAGAACTAATCCATAAGCGAGGAGTTGTAACATCAGAAGGACTGTTGCAGATTACCCTGACCCCTACAGTCTGCCAAAGGAAAATGCAGTGCCTGGATAAGTGTCCTGCATATATTCATATGCCAATTTCTCAATAATGATTTCCCCAGATTTTAATACTGGTGTAGAATAAAATCCCTTTTGTTTTTT,N,no,no,N,0
chr4,88090981,88091304,AAGAAGTGGGGAGATAATTAAGTATCAACCTATGCACACAGAAACACAACACTTGGCTGTAGCAATGTTCTCATAACAGCAACAGAGGGAAATACATCAAGTGTCATTTCAAAAATAACCCAGGGGTAAGGAAGGAAGTAGTGACTGGGAGAATGGCTGAGTAGGCTTTTGTGTGCTACAATCTTCTATTTCTTGACCTGAATTGATGGTTGCACATGTGTGTTCATTTTAATTCACTGAACTATATTTTTTGGTACATTACCCTTCAACTAAAAAAATAAAATTAAAACATTTCCCTATTACTGATGAAGGTTAGAATGAAGA,"[[88090983, ""A"", [""G""]]]",yes,no,A->G,1
chr5,82476156,82476379,TAACAATAAAAGATGTATAGTCTAATCTAAAAATCTAAAATCTCTCTAAAATCCAGTAATATCTCACTGTTAAAAATGTTCTAGCTATGAATGCCAGGCAGATCTGAAAGCCATGTATCAGACCTGGTTACTGTTGTGCTTTGAGGGTCCCTAGGGTTACTTGACCTTCATCATTGAACCTCAGGAAGCAGACAAGGGCTGCCACTAATGGCTTGTAAAACAGA,N,no,no,N,0
chr9,35567017,35567427,AAACTGCATAAAAAGGAAAGCAAGGGAATGATAAAAATGGGTTTCAAATGCTCACCTCAGATGGTGAGAAACAAAAGGGGTGGGAAAGGGGGAACCACATAGTTAGATGTATGTTATTGTCAAAGTTTCAGTTTTTGTTTGGTATGATGTTTTCAAAAATGCTTATAATGGGCCAGGTGCAGTGTCTCATGCCTGTAATCCCAACACCTGGGGAGGCCAAGGTGGGCAGATTACTTGAGGTCAGGAATTCGAGACCAGCCTGGCCAATATGGCAAAACCCCATCTCTACTAAACATACAAAAATTAGCCAGGTGTGGTGGCACACACCTGTAATCCCAGCTACTTGGGAGGCTGAGGCAGAAGAATCACTTGAACCAGGAGGCAGAGGTTGCAGTGAGCCGAGATCATGCC,"[[35567159, ""G"", [""T""]]]",yes,no,G->T,1
chr8,114610361,114610582,TAATCCTGTGTATCTGTAAGCAGTGGCAATAGTAGATCTTTGCTCCACTGACACTCTTAAGGGTCTCAGCTGCTGCCGTGTGAGCCAATGTGGCAGGTCTTTTGTCAAGACGGCTGATTTAAACAGAGTTAATCAAGTCAGCTTTGGCTCCTGCTCCAGGGATTAATTGTAGGCTTGGGGAAGCATCATGTGACTGACAGCTCTCAATCATAATGCATCATA,"[[114610366, ""T"", [""C""]], [114610485, ""G"", [""A""]]]",yes,yes,G->A,2
chr7,18900816,18901198,AAAAACAACATGTGAACAGTCTAGTGTATAGATACCACTGGATGCCCTTTTCTCATGCTAATAAGAGCCACAACTTTCCCAACATTTTTCTGTTAAATAGATTAAATATACTTGGGAAGAAATGGATGGACCCTGCCCCTTACTCCATTTGCATGCTTTATACTGTTTTTGAAGTTTGGGACTATGTTAGGAAATATTCCCACTGGCACAATCAAGTGAATTTTTGTGGCACATTTTGACTTCTTTTCAAAGATTGCTTAAGTCCCGTGACATTAATCATGATCTTCTAATAATATACTACAGAGATTCCCAAAAAGATACTTTATTCCCAAGGCTCCAATACTGCAACAGATCAGACTCTCTTTCTCTCTCTGTATATATAC,"[[18900949, ""C"", [""T""]], [18901081, ""T"", [""C""]]]",yes,yes,T->C,2
chrX,82134430,82134671,TACAAATTTTCCAAACATTTATGCTCTGCTTCCCTTTTAAATATAAGTTCCAGTTTCAGATAATCTGTTTGCTCATGCATATAAGCACATAATGTTACAAGCAGCCAGACCACATCCTGAATGCTTTGCTGCTTAGAAATTTTAAGTTCCACACATCTCTAGAGCAGGGGCATGATGTCACCAGTCTCTTTGCTAAAGCATAGCAAGAGTGACCTTTACTCCAGTTTCCAATAAGTTTCTCA,N,no,no,N,0
chr19,14826073,14826471,GGTTAGAATGAGATGTATGTTTTTTGCAGGAATAATTTGTGCACGTGAATCACAATTTTCCATTCCCAGAGACATAACGGGATAAGTTAAAGGTTTGGTGTGAGTCACCCTTTTCACCTGAATCACAATTCCCCATTCCCAGAGGCATGACTGGGGAGAAGCTCAAGGTTTTGTGTGAGTCATTCTTTAATCATGAGTATTTAAGAGAATTTAGAGCATAAAAGAGATGAATAAATTGATGATACATTGAATATTGTTCACTGACCTGCACTTTAATGTTTACGACAAAATTTTATAATGAAGGAGGTATTTTGGTTAGTGGGATAGAAGGATTCGTATTTGTAGGGAGCACTAAAAATTTTGAAGCAAAAACAGAAGTATGGATGCATGAAACATTAT,"[[14826117, ""C"", [""G""]]]",yes,no,C->G,1
chr2,57699996,57700197,AAAGAGTAAGGGTCATGATCAACCCAGTATACCACTGGAGGCTGTATGAGTAAACAGCAAACTGTTCTCATAAATGCAGAATGTTGGCAGACGGACAAACTGCCTCTGCCACCCAGAAGGAATGCTGAGGGCAGTCACGACCCAGGCACAAGTGTTTCTTTTGATTAGGCACATCTGAAGCCTGTTAGCAATAATGTGAACC,"[[57700010, ""G"", [""A""]]]",yes,no,G->A,1
chr18,70004763,70005012,TTTGAAAAAAAAACCGTCTCTAGTATTGTGACCACATCACAGGGAAACGTGGATATAAGGGTAACAGGATCAATTCTTGGAAGACTGTCCTCCAGCTCCCTGATGTTAGATCCAGGTTTTCTGCTCACAGTTAATTCTAACTGGGCCAGTTCTTATCACTAAGAACATACTTCAGCACAGTGGTCACTGTTGGCAAAGAAAATTTAGTACAAAAATAAGACGAAGATCACAGATGCATTTTTAGAAGCAA,"[[70004771, ""G"", [""A""]], [70004903, ""T"", [""C""]]]",yes,yes,G->A,2
chr7,142641322,142641629,AATTATTTATAGTGAATACAGAGGGTGTAGAGAATCGGTTCTTTAAAAAACAAAAACAAAAACAAAACCACTAAACTTCCAAACCCCTTCTTGTGTTGAGTTGAGCACAGGTGCATGGCACTCTGTGTATGACTCTGACCAGGAAGTGAGGGATTGGCTCTTCTGACCATGCAGGCAGGCACTTGTCCATTTAGAAGGGATATAAAAAGCTTCTATAAGCAGAAGAGGAGGTGCATGTGACTTGATCGCTCTAATTCTTAGTCTCACCATCTGCAAAATCAGCTGTGAAAATCAGTCATCACGTAGCA,N,no,no,N,0
chr4,97549022,97549514,TCTGAGATATCTAACATATCATTGTACTCAGACTACGAAATGGAATAAAATGAGTTCAGACATGGTATTGAATGACTTTTGTGGTGAACAGATCAGAGTACCAGTTTCATCAGTGCTATTTACCAACTTGTGGCCTTCAAATGTTATTTAGCCCAGCTTAATCTCAATGTCTCCATCTGCAGTTAGGATAAGGTATACATTACACCATTGTTGTGAAAATTAAATAAAATAATATTTCATACATATATTTAATTCTCTAGCCTGTTGCCTAGACCTAGTTAAAACTAAATGAGTGTTTAAAGAAAATGTAAATTTTCTCTGACTTGCTCAAAATTAGTTTCACTATATCTAAGTCTTTCACTTTCATAGTCACTCTAAAATACTATGTTTTCCCTTGCCATAATTAGCTTTTGAGGCCTGTAAATAGATTTGGAGTGCAAATGCCTAGATTCAAGTCCTGAGATGTCTCTAATTAGTATATGTAGGGGTGATG,"[[97549053, ""C"", [""A""]], [97549404, ""T"", [""C""]]]",yes,yes,C->A,2
chr13,28458730,28458959,ATCAAGAATGTCTTCCATCCAATTTCCACGTAGCTGGAAAGGAAAATGGTTAAGAGTTAAGTTACTGTTCTCTAAACTCTCACCATGTGGTCCTAATCAGCTGTCTGCCAGTGATGGATAGAATGAATAATCTCCTTCATACTTCAGCCCTAGAAGGAGTGCACAGCCAGGATGTAGAGGGGTCTATTTCCCAAGAAAAAAACTGCGATTGCAAACAACATCATCAGTGT,N,no,no,N,0
chr7,152801825,152802112,TTCTTCTAAAGATATGTGCATGAATCAGGCTGCTTTTTTGAAAATAAAGCTCAATAAAAATGTTCAGAACAAAAAGGGCTTGTTAGCTCACCAAACAGGAAGCCCAAGTGAGGCAGCTCTAGGGCTGTTGTTTTAGCAGCTCAGCGATGGAATTGCACATGCAGCCTAGGGCACTAGCTGGAGCTCTTCTGTTTGTTCCCCCTGGGTCCAGGGTGGCTGCCAAATTCCTAGATCACCTCTTTGGACATTTCCATACAGAGATAGAAGATTTCCCTTGCACTTTTTAAG,N,no,no,N,0
chr8,127489903,127490227,TATAGTCAGTAGAAAAAAAGTGCAAGAAATAAGTAGAGAAAGAAGGGATATTTTCTGCTGAAGCATGTATTCTCTGGCACAAGCCCACAATAAATTGAAATTGACACCAACAGTTGGCTCAAAAATAATCAACTACAAATATGCTCAACACATAAGCATTCTCTTGGACAGAACCACAAAGCATGGTCTGCATTGTTCCTAACAACTCTTTAGAAGTCACCAGATGCAGTTTAAGCTACAATAACATAGTGAGGTACAAGTTAATTACATAGTTACCAGAAAGTCACAGACTTTTTTTTCAGTAATAATGTAGTAAATAAATACA,N,no,no,N,0
chr3,130286953,130287196,TGCTTGACCCTGAGAGGCGGAGGTTGCAGTGAGCCGAGATTGTGTCACTGAACTCCAGCCTGAGCAGCAGAGCGAGACTCGTTTATCCCCCACCCCCCAAAAAGGTGAAAGACCTCTACAATGAAAACTACAAAACACTAATAAATGATGCTGGTTTCTTCTGGTTTTCAGTTTCTTTTTGGTTTTGTTTTGGGGATTCCCCTCACTTTCTTTAAACTCAGGTATAGAATTAAAAGACTGTTAG,N,no,no,N,0
chr4,79498377,79498671,ACACAGTGTATCTTGGCATAATTGTTTTCATTCTTCCCTTTTATTTGAACTTTCGTGTCCTTCAGAAGTTAAGCTAAATGGAAAAATCCTTGAGAAGATACTTAAACTAGCCTACCAATTGTAGGGTATTTGGCCTCTGCTGTTGAAATCACTTTAGACATCTGTGTTTGTTTTTAGGAGGACTTTGACATAATACTTGTTAAGATATTGTGAAATTATACATTCTTTTTAGAAGTTATGCAGTTTGTAGGAGCATATTTTACAAGATTGTAAAATCTCATAATTATTTCATATC,N,no,no,N,0
chr12,77442649,77442977,GACATAGCTTGATTGAACAAAAAAGTAAATGAATAATTTGATACCATAATTTATGTGACAAAACCTCAGTTTCTTCATCTGAGAAGTAGACATTGTAATATCTACCCTAGAGGATTATGAATGCCAAGAGATGTGACAAGTCTGATATTTTACCCTACTTGTAAGCTAGTCAGTTAGCCCATCACATATTTGGCAAAAGAAAGACTTCTGACTCAGATACAAAGGATTTTTTTTTTTCACTCAAAACAATAGCAGTAGCAGTAGCAGTTTAGCATCCTCACTAGTTTTCTGAACCCCTATTCCCAACACAATGCAAAGAAGGCCAAATG,"[[77442731, ""A"", [""G""]]]",yes,no,A->G,1
chr2,159939982,159940293,AGTGTGTAAATTATTATAACAGTAGCAAAGAGCTGCTTTTGGAAGCTGGATTAACTGTTGCAGGCCACAAGGATTCCATTCTTAGTGGTATGCTCTTCAAATTGTATTTCTAATGATGATGGTTTGCCTCTTAGAAATTCATTCATACTTTCTCTCAGAGCTCCCCCTTGTGATTAGTGGCCACTGGTTTTGAGGCAGTTGGTTGTAATAATTAAAATGCACACTCTCAGGGAGGCCCTGAGAGTCCCCCAGTTTCTCTCTATCATGGAACCTTACTTCATTTTCATAACCACTTGCTATTTTATGCATATG,N,no,no,N,0
chr12,25269735,25270034,GACCTGAAGCTGGGTAATTTATCAAGAAAAGAGGTTTAGCTCATGGTTTTGTAGGCTATACGAGAAGCATGCCAGTATCTGCTTGTCTTCTGTTGAGGGTTTTTGTGTTGGGTCAAAGCATGACAGAGAAGGTAAAAGGGGAAGTGGGCATGAGTCAGTGGGACCAAACCTGAGGGTTGTCCTGGCTTTATAGCAACACATTCTTGCAGAACTAATCTATTCCCCCAGAGAACCAGTTTGATCTCAAGAGAGTGAGCACTCACTCACTACCCTAAGAACAGCACCAAGCCGTTCATGAGG,"[[25269783, ""C"", [""T""]]]",yes,no,C->T,1
chr11,120658177,120658436,TATTTATGAGATTCATCCTTGCTGTTGCATGTGGTTGTCGATTATACATTTTCATTTCTGTATAACATTCCACTGTGTGCATATATAATGTATTTCTCCATCGTGCTGCTGGACATTTGGGTGGTTTCCAGTTTGGGGAAACGAAACCACCAGAGTGCTGCTATAGACATTCTAGTGCATGTCTTTGCTAATCATATACATGCATTTCTGCTTGATAAATACCTAGGAATGGAGTTAGTGGGTCATTAGGCTAGATGTAA,"[[120658222, ""T"", [""A""]], [120658407, ""A"", [""G""]]]",yes,yes,A->G,2
chr1,162903250,162903544,CATGCTTTATATAATGTCTCATTTCATAAAGTCAGAGAAAGCTTTTTAGTTAAGTCTCTCTACCTTTTTAGCAGGGCCTAGTGAAAAGGGATCTGGCCTGAAAGTGTAGAGCCCATGGGCCTAGGCAAGACAAACATGCTTCAAGCTCCTCATTCCGCAGCCTTGCTGGGTGTATATGGGCCCCTCCCATCTCTCTAATCCCTCCTGCTCCCTGCTCTTGCCCACACATCGCAACTCCCTGCTCCTCCCTCTCTTTAATCCATTTAGACCAACTGAATTTTGTAGATTACATCCC,"[[162903259, ""C"", [""T""]]]",yes,no,C->T,1
chrX,142624085,142624407,TACAGGAAGCATAGCAGCTTCTGCTTCTGGAGAGGCCTCAGGGAACTTACTCGTGGCGGAAGGCAAAGCAGGAGCAGGTGTCCTACATGTCAGAAGCAACAAGAAGGGGGGTGTGTGGGGGAGCTGCTGCACACTTGTAAACAACCAGATCTCAGGATAACTCTCTCACTGTTGCCATGACAACGCCAAAGGGGTGATGTGAAACCATTAGAAACCACTCCCACCAGGCCCCACCTCCAACACTGGGGATTAAAATTCAACATGAAATTTGGGCGGGGACACAGATCCACACAATATCACCATGTCTGACATTCTTGCCGTGG,N,no,no,N,0
chr4,142913475,142913945,GCTTTGTGACTCTGGTTTTGTATCTTCTTTCTCTTGCTGTACCATATTCTTTCTCTTTATTAGTCTGCTGTCACACTGCTGTGAAGAAATACATGAGACTGGATAATTTATAAAGGAAATAGGTTTAGTTGACTCACAGTTCTGCATTTCTGGGGAGGCCTCAGAAAACTTACAATCACGGTGTGAGGCAAAGGAGAAATATGCACCTTCCTCACAGTGTGGCAGGACAGAGTGAGTGCAAGCAGGAGAAATGCCAGATGCTTATAAAACCATCAGATCTCATGAGAATTCACTTACTATCACAAGAACAGCATGGGGGAAACCACCCTCATGATCCAATTACCTCAACCTGGTCCCGCCCTTGACACGTGGGGATTATGGAGATTGCAATTAGAGGTGAGATTTAAGTGGGAACACAGAGCGAAACCATATCATTGAGTATGCATGAAGAGTCTCATGAGTCCTTTTAAC,N,no,no,N,0
chr17,55322450,55322848,ACCAATGTTGTACAGAGAAGAAGTGCTTGGGGGTTTTTGAAGTCTTTAATATTTTAAGCCCTATCACTGACACATCAGCATGTTTTCTGCTTTAAATTAAAATTTTATGACAGTATCGAGGCTTGTGATGATGAATCCTGCTCTAAAATACACAAGGAGCTTTCTTGTTTCTTATTAGGCCTCAGAAAGAAGTCAGTTAACGTCACCCAAAAGCACAAAATGGATTTTAGTCAAATATTTATTGGATGATACAGTGTTTTTTAGGAAAAGCATCTGCCACAAAAATGTTCACTTCGAAATTCTGAGTTCCTGGAATGGCACGTTGCTGCCAGTGCCCCAGACAGTTCTTTTCTACCCTGCGGGCCCGCACGTTTTATGAGGTTGATATCGGTGCTATGT,"[[55322581, ""C"", [""T""]]]",yes,no,C->T,1
chrX,16476747,16477035,AAGGAGAAGAATTTATTTCCTTTAAAAGAAAGAGCAAAGACAAATACCGTATGATCTTACTTATGTGTGGAATCTAATAAAGTTGAACTCATGGAAGCAGAGAATAGAATGGTGGTTACCAGGGGCTGTGGGCGGGGCAGATGTTGGTCAAAGAGTACAAAGTTTGTTAAACAGAAGGAATAAGTTAAGAGGTCTATTGTGCAACATGGAGACTGTAGTTAATAACAATATATTATATACTTGAAAATTGCTAAGATTTTGTGTTCTTACCACAAATAAATATTTAAGG,N,no,no,N,0
chr8,98176619,98177024,TCAGCTGCTCTGCTGGAAGCCAGCTGCCATCCCATGAGGATGCTCAAGTAGCCCTGTGGAGGGGCCCCAGGGACACCGGGCACGGATCAACAGCCGGCACCAATCTGCCAGCCATGAGTGAGCCACCTTGGGAGGGGAACCTCCAGTCCCGGTCCAGCCTTCAGATGACTGCAACCTCAACTGACATCCAACTACAACTTAGTGAGTGACTTTGAGCCAGAACTGCCCAGCCAAGCTGTCCCTGAATTCCTGACCTACAGAAATCATGAGAGATCATCAGTGGTTATTGTGTAAGTCTCTGAATATTGGTGTGAGTTGTTATGCAGCATTAGCTAAGACAGACAGGAACTCCAATAGTAGAATTTCAGATATAAAGACCCCTCCCAGAATTGAACTGCCCACTTCC,"[[98176632, ""A"", [""T""]]]",yes,no,A->T,1
chr10,92173989,92174324,GACAAAATGTCTTTAATCTGAGAATCTCAAGATAATTCCTTTACTATACTCTTTTATGCTACCAAGAAATTATTTACTTATATCCACTCACAGTGAACAGAAACAACAATGTGTTCTTCAAATTTTGGAAAATGCCATTTGGAATTCTAGCAAAGCTGGCTTTATTCCCATTCTGGCATCAGGTGCTCAGCTCCCTCTCTGCCACTTCCTCTCAGCTGAGCCTCTCCCCAAGGAGTTCACTCCCAGCAGAGGATAAAAGGGAGGGGGAAGAGGAGGCTCTGCAGCCACACAGGGGTCTCTGCCCAACACAAATGTTCATGTCAATGCCCTTTCACA,"[[92174039, ""T"", [""C""]]]",yes,no,T->C,1
chr17,73495157,73495576,CCAGCTCTTTACCCCTTCCTTCCATGCCAGGACCCTGACCCCATGTGCCAGGGCACCTATGCACAGAAGGGCAGCTCAGCTCCAGCTGGGAGAGTCCAGGGGATGCCAGCACCTCACTGTAGGTCATGGTTCTCAATGGGGGTGCTGTTGCCCCAGGACACAGGTGGCAGCATCTGGAGACATTTTTGGTTGTCACATCCAGAAGGTGTCTATTGGGATCTAGGGGTTATAGGCCAGGGCTGCCTCTTAACACCTTACATCACGCATGACAGACTCCCACCCTCCAACAAAGAACTTTCCATCCTCCAATGTCAGCAGTGCTGAGGCTGAGAAGCCCTGCTCTAGCTGTTTCTAGCTGGTGCCTTCCTCCCAGGCAGCATAAGGCTGTGGCCTGAGGATCCTCAAATAGTGATACCCCTT,N,no,no,N,0
chr18,8975665,8976057,AGATTCTGTGGAATTTGAGTTTCTGACTAAAACATGGCCTGTTTTTCCTCCCCCTACAATCTAGGACCTGGCCCTCTGGGGGGTGTTTCTTTTTCTGTAACCATCTAGTTTCTCTTGCCAGTCAGACACTGTCTCATCCAGTGATAGAAACCTGTACTACTGCCGTTCAAGTCTCACACTAATCACCTGGCGTTAGCACAGATGCCACAGACCGAGGGCACAGTCCCCGTCAAGACAGCCCTCACTGGCCGGGTGCAGTGGCTCATGCCTGCAATCCCAGCACTTTGGAAGGCTGGAGCAGGAGGATTGCTTGAGCCCAGGCGTCTGAGACCAGCCTCGGCAACATAGTGAGACCCCATCTCTGAAAAAAAAATTGTTTTAATTACCCAAGCA,"[[8975793, ""T"", [""C""]]]",yes,no,T->C,1
chr21,19034079,19034464,GGAAGAAACCAAAGTCCAAACAAGAAAAGGAGTGAACAGCAAGTAAATCACAGAGCTCTCCTTCTTACCTGGCTAAGTATCCATTTTTAATTCAAGTAAAGTAGCCTTAAGCTTCCCTGTTAAATCACGCGGTTTGGTGTTCATGCTTCTCTTAATTAGTAACATTCTCTAGGGATTATGGTGAGAATGCAATAAACTAAAATATGCGAAGCACTTAGAAAGCGACTCACATAGCAGTCAGTGATAAATGATAGTGGATATTATCATTTTTGTTGCCATTAATTTACTACTATTGTTATTAGTGAGTCTCTGTTAAAAACTCTCTCTTAAAAACCCAGTTTATAATCAGTAAAATGAGAAAACAATGCATATTTTTGGTAAATGAG,"[[19034091, ""G"", [""A""]], [19034093, ""C"", [""T""]]]",yes,yes,G->A,2
chr7,92909622,92910040,CTCCTGGAGGGCAGATAGAGTACATGCAGAACACTTTAATCTGGTTAAGCCTTTTCTATTTCTGCATTATTCTTACTCCTAGGGTATATCCCTTTCAGGGCCGTAATTGAAAGCCTGAAGTGTTTACTAGTGCCTCTTTTACTTGGTGGTTCCTGAATTCCAATTTTTGTTTCCTTGGTACCATGAGATTGCCTAAATATCTGCTTAGCTTTTTAGCTTCTTAGCAGCTGCTTTCTGTCTAGTTGCTGCCATCTTGCCCCATATGTGCTCATCTTAGAAATCAGGAAATGCTTCATAGGAAAATTTGCATGCAGAATGTTGGGCTTACTTCTCTCTGTAACTCCCTTTTCTTCTGGATCTGGATCCTTATAGTCTGGGCTTTCATTTCTCTTGTATGTGCAGCAAATACATTAAAAGTA,N,no,no,N,0
chr12,52427074,52427494,AAAATCTATAATCTCAGAAATACAATTTTTGGTTAAAACTACTTAGATGCCTTAAGGAAATTAAAAGTAATCATATACTGGCATCAACTGGAAAGAAGGGCCTGTCCTATAATAAGATTTGTCTCTCAACAAGGGACCATTGTCATGCACTGAGCCAGGGCTGAGCTTATTGTATATAGGTGTGGAGAGGCGTCTGAGTCATAAAAATAACAATAGTAATATCAGTTTATTATTATCTTAGCAACCAAGTAACTTTGCTTTAGCATCTTCAGGACAGAACTGGCATTCATTCATAAACACATACTGAGAAACTTAACAAGAGGTAACAGCTGTTGATTACCTGTTACTTATATCACACCACTTAGTTCTCTCAACAACCCCATGAGGTAGGTATTATTTGCTCACTTTTATAGAGGGAGAA,"[[52427108, ""T"", [""A""]], [52427115, ""G"", [""C""]]]",yes,yes,G->C,2
chr2,196758930,196759188,TATGGATCTGATTGCTCAAATGTGGAGGGCAAGACTGAGATTTTTTTCTATTGAAATGTTGAAAGTTAGACAAAACATATTAAGACAATTAAATTTTATGAAATACAGTCCTAAATTTATAGAAATGCACTGCCATCTACTGCATATAAAAAATCATTGCAGGGTATGTTCCTCCCACTGGAATTATTTATAATCAAGCAGTCACACACACTGAAATGTACATGAATTTATAAGATGTGGCAACTGCCACAAAGAACTC,"[[196758960, ""G"", [""A""]]]",yes,no,G->A,1
chr12,3326275,3326740,ACCATTGCCCAGAATTAACGAATGGGGTCCAGGTGTCCTGCCCTCCTCTTCCCAGTTGGTGACGCTCTGCTGAGCCTCGCAGAACACAGCGGCTTCCCGGTCGCTCAGTCCCAGGAGGGGCCCCTTGAAGCTCCAGGTTCCCTCCCCTGGGAGGAGTTGCCTGGAGGGCTACTGAGATTTGTTCAGGACCTGAACCCCATCCTTTCCTTCCGTGTGTTTGTTAGGGTGTTTGCTTTGGCAGAAGCTTTAAGGTAGAAAGTGGGGTAATCCTGAGGAACAGAATTTTCATCTAAAGGGGCAAAAATCAGATTATGCAAGAAAGGAAAAAACCATGGCTCCCAGGGGAGTCGGAGGCTATGAGAAATGCAGCCCCGGAGAGGAGCAGTGTGGATCTGGCCGACGGAGGCCTGCTCTCTGCCAGGGCACCTGCAGGCCACACAAATGGGGCTGGGATCTTGCAAAGCTT,"[[3326341, ""G"", [""C""]]]",yes,no,G->C,1
chr13,47249347,47249562,TATATGAGAATGTTCCTAGATTTAGTCATAAAATCCCAAAACTAGAAACATCCCAAATGTATGTCAACAGGATAATGGATAAAAATGGATAAATAAATTGTGGAACAGTCATACAGTGGGATGATACATGGCAATAAAAAGAACAAAACCTCACTTCAGCCTAGATGACTCTCACAGACATTATGTTGAGCAAAAGAAGCCAGACACAAAAGAGCA,"[[47249452, ""T"", [""C""]]]",yes,no,T->C,1
chr9,21449370,21449590,TCTATTCCACCTGAGAAAAGGTGTGGGGAGGCAGGGATCAGTGCCTGGTGCCCAGAGAGACATGGCGAGGTATCACCATGCAGCACCCTCTGGAGATAGTCCTGTTTTTCAAGCCTCAGAAGCAGGAGTGTGCGTGTGGCCTTACTTCCACCCTTCCTGCCGGGTGAGTCATGAGCTGTAGGGGTGTAGACCCACTGATGTCCAGTCTGGCATCAAAATGC,"[[21449374, ""G"", [""T""]]]",yes,no,G->T,1
chrX,113305490,113305913,TATTGCCAAAGGATTCCAAGGTCACTAACTGGAATGTTAGCTTTCTATAGATCAGGGTTTGAGAAACCATGGGCTAGGGGATAATACTTTACAGTCAGGGCCTCAATAGAAGTCTATAATTTGACTCATCTGTTGACAAAGTGAGTTTCTCCAGAAATAGAGTATTGCATCTCCAGTAGCAGCTCTAAACTTCTGCGGTATGTGTACCCATATTTCTTCAGTGCAGTCATGCTGATGAAGGCTAAAGACATTTTGCTTCACAAAGTTATGTCTTGGAATAGCTGTGCACTGATGACTCACTGATGATATTTTAGTATTGTTTTGGTTAATTGTTAAATTTTAAAAGGAATATGCCCATGCCAAAATTGTATTCTGTACAGAAGTCAAATTAGTTTTGAAGCAAGAGTTTGGTCATAACTGAAGT,N,no,no,N,0
chr2,126195954,126196256,CTGCGCATGGCTCAGAGGATCCTACGCCCACGGAGCCTCCCTCATTGCTAGCACAGTAGTCTGAGATCAAACTGCAAGGCAGCAGCGAGGCTGGGGAAGTGGCCCCTGCCATTGCCAAGGCTTGAGTAGGTAAATAAAGCAGCCGGGAAGCTCGAACTGGGTGGAGCCCACCACAGCTCAAGGAGGCCTGCTTGCCTCTGTAAACTCCACCTCTGGGGGCAGAGCATTGCCAAACAAAAGACAACAGAATCCTCTGCAGACTTAAATGTCCCTGACAGCTTTGAAGAGAGTAGTGGTTCTCCC,"[[126195972, ""G"", [""A""]]]",yes,no,G->A,1
chr2,240348542,240348821,GCAAGAGAAAAACATTTTCTCTCATAAGGGGGCTCTTCCCCCAACACCTGGGAGGCTGCACAGGGAGCAGACGGCTCCCAGCCAGGAGAGTAAGTCCCCGGCTTCCGGCCATGCTGTCTCAGCTGGCCAGCTGCACAGCCTTCAGAGGGTCACCTGACGGCCACAGCCTGGCTTTGCTCCCTTGTGAAACAGAAACCACAATGCCGGCATCACAGGTTTGCAGCCAGGGCTACAAAACAGAGTGTGACACCATGTTCACTCACAGCACTACTCAACAGCA,"[[240348575, ""C"", [""T""]], [240348810, ""C"", [""T""]]]",yes,yes,C->T,2
chr8,139179072,139179533,GGCGCTGGGCTTGCCTGTCTTTGGTTTTACTTCCTTGTTGTTTTTAACTGAGTATAAAACAATGTAAAACAATATGAGAGGGTCTCTCTCTTCTCTCATAATAAGGTACATGTGATTTTGATAAAATATACAATATATAATGATCAAATAAGGCATCACCTCAAATATTATTTCTTTGTGTTAGAAACATTCCAATTCCACTATTCCATTTCTAAAAATAGAATAAGCTGACTAATAGCTGCTCTATTGTGCTACTAAATGCTAGATTGTTAGTCTCACCAATGCATCACAATGTAGCAGTCTTTCGTAACCCCAGGTATCACCTGAAGTTTTTTGACTCAGGTCCAAGAAAGTTAAGGAACGTGGACACCAAGGGTGAAGTTGGAGTGGAAGTTTTAATAAGCAAAAGAAGAAAGCTGTCTGCTGCAGAGAGGGGACACAGAAGAGGATTGCTGTGTTTAC,"[[139179075, ""A"", [""G""]], [139179298, ""A"", [""G""]], [139179307, ""C"", [""T""]]]",yes,yes,A->G,3
chr5,78853198,78853505,TGGTCTTTGATGATGGTGATGTACAGATGGGTTTTTGGTGTGGATGTCCTTTCTGTTTGTTAGTTTTCCTTCTAACAGACAGGACCCTCAGCTGCAGGTCTGTTGGAGTTTGCTAGAGGTCCACTCCAGACCCTGTTTGCCTGGGTATCAGCAGCGGTGGCTGCAGAACAGCGGATTTTCGTGAACCATGAATGCTGCTGTCTGATCATTCCTCTGGAAGTTTTGTCTCAGAGGAGTACCCGGCCGTGTGAGGTGTCAGTCTGCCCCTACTGGGGGGTGCCTCCCGGTTAGGTTGCTCGGGGTTCAGG,"[[78853433, ""A"", [""G""]]]",yes,no,A->G,1
chr1,159506578,159506806,TTTGAACTCTTTTTTCTGCTTGATAAATTCTGTTGTTGGGACACTCTGATGCATTTTTTAGTTTGCCAGCTGTATTTTTCAGCTCCAGGATATCTGGGTGTTTTTTTAAATTATTGCTTCAATCAAGAGATTTTTAAATTTATCTAATAAATTTCTAAATTGTTTCCCTGTTTTCTTAAAGTTTATTGAGCTTCCTCAAAACAACGATTTTGAATTCACTTTCTGAGAC,"[[159506646, ""A"", [""G""]], [159506806, ""G"", [""C""]]]",yes,yes,G->C,2
chr4,179747325,179747656,GTGCCTGACATAGGGCAATAAGCAGCCACTTAGAAACTCATGGAAAGCTCACACAGTTTCCTAGTGGATAAAGTGCTTAACTCCATTAGTGCCATAGGCTGATTAAATCACCCACATTACATTTCAATGGTGTTTCAGCCAATTAAGCAGGCTCAATTCATCTCTGCTTTCTGGGGTCATAAAGACATTAGAATCAAATTTATGAACAGGCCTGTTAGTGAAATGGCTTGTAGAGTTGTTTTTAAATCAGGGTGGCTAAATGAATTTTTTAAAAAGTTTAAAATGGTCCAAAACAGGTAAATTTTTTTTAAATATTCGAAGTCACCATGATA,"[[179747393, ""C"", [""T""]], [179747473, ""C"", [""A""]], [179747620, ""A"", [""G""]]]",yes,yes,C->T,3
chr11,63039137,63039345,TGTATTTCTGTGGGATCGGTGGTGATATCCGCTTTATCATATTTTATTGAGTCTATTTGATTCTTCTCTCTTTTCTTCTTTATTAGTCTTGCTAGCGGTCTATGTTTTCAAAAAACCAGCTCCTGGATTCATTGATTTTTTGAAGGGTTTTTTGTGTCTCTATCTCCTTCAGTTCTGCTCTGATCTTAGTTATTTCTTGCCTTCTGCTA,"[[63039177, ""T"", [""A""]], [63039240, ""C"", [""G""]]]",yes,yes,C->G,2
chr18,59192999,59193347,TAAGGTTAAGTCTGCCCCAAGTTCTCAATGGCCATTGACACCACACTTAATCTGTCTAGGCTTTAGCTTTTCAGTGGAAATCTCAGGAGACCTCAAGCTTTCTATTTTTGCTATAGAGAATGTGGCAGAAGAATGTCCCCAAATTGCTTGGCAATCCTCCTAGAAGCAGAGCTGTGGGGGTTATTTTCTAGAGCCATGTATACACTGAAGGCACTGTTCATAGCCCTCTACGGGACTGCTTTTGTAGGTTTTATCTCTGTGAGTGAAAACATATATGAGGGACTTAAAGGAACATCATATTATGGATCATAGAGGGTTTTGTTGTTGTTGTTGTTGTTGTTTGTTTTTG,"[[59193211, ""G"", [""A""]], [59193255, ""T"", [""C""]]]",yes,yes,G->A,2
chr5,140020851,140021172,CAAATTTCAGAGATGTTCATGCGTGGGGGTGGAGAGTAGGGTGAGTACATCTCGGAGCCAATGAAGTAGGACATGCCTGCCAGAAGAAATACTCTATCCCGTGTCTCAAACTCCTACTCTGTGGCCTTGCCCTTTAAGTCCTTGGCAGAAAGACTGTGAGTAGGTTATGCAAAAGGCACTCTCAGAGCATTAATCTTTGAGTGAGCAAACTGGTTCACAGTTGTAATAATAACAACAGCATATTTTCATACAGCCCTTGGCAGTCTTAAAGCACTTCCACAGACATCATCTCCTCTGATCCTCACAATATCCCTGGTAGGTA,"[[140020872, ""T"", [""C""]]]",yes,no,T->C,1
chr21,30268544,30268985,ACTTTTGAGGCATAATTAAAGCAAAAACCTAAAATATTTTCTTCTTTAAGAAAAAAAACAGTCTTCTGGTCAACTACGTATTAAATGCACTTATGATTTTTATAGATGTAGCCTAAAATGACAAGTATATAGCATAAACTCTAAGAGTTAGCTCAGAAGAACAAATGCGGTCTGTGATGGTTATGAAGGTATGGTCTGTTTTAAACGTTACTTGTTATGTTCTGTCAACAGGGGGCACTAGAGAGTAACAGGCAGGAGGAGAAAGGAACTGTTCCTTCTTTGCCTTTCTGTTTCTGTAATGTCACTGTGGCAATGGCAGTTGGTTCCAGCTCCCCCCTCCCACCTTCTGATTTGAAGAACTAGTCTCATTGAATTCCCACCAGAGACCAGCACACCCCAACAGCAGTGCCCCCTCCATAGAGATCTGGCTCACCATTCCACA,"[[30268546, ""C"", [""T""]], [30268873, ""T"", [""C""]], [30268966, ""G"", [""A""]]]",yes,yes,G->A,3
chr17,3866341,3866699,GCCATGGAGGGATGCTGTGCCATCCTTCCCGCCTTCCGGCCACCGAGAAGATGCCAAGATGCTACTGCAGGGCGGCCCGGGAAGCGGCTGAGCCGCAGCCGGTGGCCCAGTCAGTGGGGCTGCCAGGAGGGGAACAGCTGCCGCAGCCTGGCTCTCTGCCTTTGTCCCTCCTCCGTGACAAGGACGGTTCCATGCCGTGCCCACAGACACGCCGACTCACACGCATGCAGAGAGGCAGCGGCACACTTGCCAGTCCCTTCACTCCCTCGCTTGTGTCCATCCATCCCGTCAACACTGGTCACCACTGGCTGCCTACTGGGTGCTGGCCACTACTCTAGGCCCTGGGGCCACACTGAGGC,"[[3866382, ""G"", [""A""]]]",yes,no,G->A,1
chr4,85372940,85373368,TGCGCAGAATGCATGTTTCATGAATCAAAGTGAAGATATCCTTAATGGGCCCATAATCAATCAAGCATTTTTGATCGCTAGGTTTGCTTTATGGCAGTAGTGTAGTGGTGAAATAGTGTAGCAGAGCGTTCCTAAACAGTCACCAGAATTTAAACTGCTATTGAATCCAGATTGACAGATAGCATTACTGATGAAATTTAAGGGCTCCTGCTCACCACAGCAGCTGACACAGCTTTGGCATGTGACTGCATTGTTGTGGATGATGCCCTGCTCACTTCTGGCGGTCGCTGGGTGTTAAATAATACCAGTACTGTCAAGTGCTTCTCATTTTTTACCCAGGGACATTTATAATTCTCTGCTTCATGTACTTTCTAATTCTTCATGCTCAGTGGTGGGAATGAAAATTAATTACTCTGGGAATATGAATGT,"[[85372943, ""A"", [""G""]]]",yes,no,A->G,1
chr13,78820453,78820909,TGGTCTGTGCCATTACATATTTTGATGCATTTGAAGTGCTGCTAGAAAGAAACCCAGTTCTTGTTAGAATTTAAAACACAAGGATCCATTTCTGCCTAACAGTCTTGTAGTTGTACATTCCCTGAAGTGTATCCCATCTGCTTTTGGGAGCTCTCATTGCAATATGCAGTGATTGCAGGATAAGCACACCATTTTCCTGTCAATACTTTCCTATTAGCCTCCTGGATCCATACATCATCATCTTGCTGGCCTGCAGTTTGCTTATCTTTGTCTCAGAGGTTGCCTTTGATTTATCTAACACCCAAGCTAATGAGGCATGGAGCCCAGGGTGGCTCCAAGGATAATGCACTCCTGTATAAAAATGCTTAAGGAAGGATCAAGTGCTAATCCATTCTAGACTAAAAGGCCTTAGTCCTTCAACAAATGTTGTATTTCTTAATCGCTAAACTAAGACTAT,"[[78820507, ""G"", [""C""]]]",yes,no,G->C,1
chr1,98653245,98653614,TTTTAATCACCTAGAATTAAGTGCTTTTAGGTTGTAACTGTCATTTGTGCTATTCAAGTATTTTTGACCTCTGACTACTGAGCACAGGGTATGATTGTACTTCATGACCCCCTTTAGGTTGAGTGGAGCTGCGCAATCATTTCTGGCCAATGAGTCACAAGCAAAAGAAACATGAGTTACTTCTGGGCCAGAAGGGGTAGGATGGAAAGCAAAAATTCTGCAAGTGGATTATTAGGCGTAACAGCAAGAAGAGTCACTCCTACTTCCACTCCTTGATTCCTGGTCCCATGTGTTCTACCTATGGGAGAGACCACACCATATAATGGACTCTGATGCAAAGTGTACATTGCATCCTCTAAGATAGAACCCC,"[[98653256, ""C"", [""T""]]]",yes,no,C->T,1
chr1,168441810,168442165,ATCAGGCTTCAAGCTGCAGTGAGGCATGGACCTGAGATAACTGCAGTGCCCCAGGTGGGATGCTGCAGTGTCCTTGGGAATACCCGTGGCTGCTGCAGGACACACTGAGCACAGTGGGCCACGGTTGGGTCTGAGCTGCCAGCTGCAGGGTGAGCTGCTGACTCACTGCTGCAGCCATGAGACCTTTAGCCACTGGAACAGCACGGGGAATTCTTTCTTACTTTAAAGGAGTATGTGATGGAGAGGAGGTCAATGGGATGATAAGTCAAAGTGTGAGCCTAAAAAGCAGCTATAAAAATTTTCATAGAATTCTTGGGCAGAAATGTTTTTATCAGCCTTGGAAGAATGCAGTCATA,N,no,no,N,0
chr5,107224291,107224624,CAAAATAATTGTCACCTAATTAGACAAATTCACAAAATTGAGTTGGAAATAACCAGTCTCTGGTGCTTCCTGCCCTTCATTTACCCCTTCTGGCAAACATACCAATTATTATAATGACAGAGGACTTCTGGTACTCTAATCTTAGTTCTTGAAGCTTTCCTGACTTTGCATGCTGTTCTGTTTATAAATCTGCTTAAGGTCACTCATAACAACTTAGTCACTTACTAGCTATGTTTCACTTATAAGCTGCTTAACTTTGCTCTTTGTGGGTTTTCTCATTTATAAAATAGGCATAATAATAGTGTCATCTCGGGGCTATTGTGAGGACTAAATG,"[[107224327, ""G"", [""A""]]]",yes,no,G->A,1
chr6,132993736,132994125,CATACTTTCTAGCCCTGTTGCCCGAGACAGAAATATAAAGTCATTGCACAAGAAGTGCTGTAGGGTCCATTTTTACTCAAGTGAGATGTCTGATATTTGCGTCAGGAACTGAAAAGGAAGATATTATTAGTGCCAATAGGGCTTTAACTTTTCACCTTCTGTCACCAGAGCAGGAGATGGCTGATGGTGCAAAGAACACTTAATTGTCAGAGAAACTGCAGACCCAGCATTCTTGGAGAGACAGCTGCTGCATTATGCAGCCATTCTCAGGATTAATAGGCATAGACTATACCTTAGTTGGGCTCTTTTTTTGTTTGTTTGTTTGTTTTTTAAGGAAAAAAGGCTCAAGCCATGTACCAAGCAATGTAACAGAACAAAAGGAACTTCAAG,"[[132993763, ""G"", [""C""]]]",yes,no,G->C,1
chr20,5095991,5096430,GAGCACACAGCCTTCCAGGCCCAGCTGCATGCTGGTAAAGGGCCAGGGGCCTGAGACCTCCTCACACCCTCCGTCAGCAGCTGTCAGGGAGAGGAGCCCTGCCTGGGCTGGCAATCAACCCTCGCCCCTGCCGCTGGCTCTGGGGTGGTTCTGCCATGGAACAGCAGGTTCAAGATGGCAACAGGGTAACAGATGGTCTCTCTTCCCTCCACCTCTGCCTCATCCCAGGCTCTGCTCCCTGAAGCCAAAGCAGTGATCCTCTTTACTTTCTCAAACAGCAGCTTACTTTGTGCCAGGCTGTGTGAACCACCATCTGGAACTGTTTTTATTTAATCCTCACAATCACCTTGTGAGGTAGGAATTGTTCTATCCCCACTTTAGAAGGAAACTGAGGCCCCATCACTGAACTACATACCTGTGAGGCCAGGAGCCTATGGGAC,"[[5096016, ""C"", [""T""]], [5096017, ""A"", [""G""]], [5096116, ""T"", [""C""]]]",yes,yes,T->C,3
chr8,98095221,98095523,ATGGCCTATAATTAATTATAAGAATATAGGATACAGGGAAAAACATATTCTCTTGATTCTGATTTTAATATTAATTTATGTTCTGACTGTAAAGTGCCGAGGAAGACAATAAAAGGAGTTCCCTGAGGAGATGACATCATCCTTTCTGCAAAGTAAAGGCACTGGATTGTGATTGCATTGAAGGCAAGCACTGTGTTTTATGTATTTTTGAATTCAGGCATTTAGCTCCTTTAATGGAATGTGGTACATACTTGATAAATATTTGTTGAATCAGTAAATGAATAACAAATACCAAGGAGTCCC,N,no,no,N,0
chr18,34266066,34266311,AGCATTTTTTGAGAAGAAATTCAAGCTGGCTGCAGAAATTTGCATAAGTAGCAAGGAGTCTAATGTTAATCCCCAAGATCCTGGGAAAAATGTCTCCAGGCCATGTCAGAGACCTTCATGACAGCCTCTCTCATCACAGGCCTGGAGGCCCAGGAGGAAAAAATGGTTTCATGGGCTGGGACCAGGGTCCTCATGCTGTGTGCAGCCTAGGGACTTGGTGCCCAGTATCCCAGCTGCTCCAGCCGT,N,no,no,N,0
chr3,40773926,40774211,TGGTGGATAAATCATGGACCAGGATTGAAGCGAAGATCTGCTCATCTGGGACACTCACCAGGTAAGTGAGATTGAGAAGGGGACTCCTCTTGGATCTTAGTTTCTTCACTGACTAGCAGGCATTGCAAGACCAGTTTTCCAAGGCTGCTGAGAGTCAACTGTGCAAACATGCTGTGAACTAGGTAAGTGGCATCATCCTTATTTATAGACGAGGCAACCAAGGCTTAGCAGGTTAAGTAATAGTCCCAATGTCACTCAGTTAGAAAGTGATGGTGTTGGGATATGC,"[[40773939, ""G"", [""A""]]]",yes,no,G->A,1
chr10,23676325,23676724,TTGACATATGATACTGGTATAAAAATAAATTTTCATTTTAATCCCATCCCCAAGAATGAAATTGCTAGGTCATATGGTAAATGCATATTTATTTAAATTTGTAAGAAGCAGACAAACTGGTTTTCAAAGTGGCTGTATAATTTTGCATTTCACCAGCAGTAAATGAGAGTTCCAGTTGCTTGGCAACCTCACCAGGATTGTCATTGTTAGGATTTGTTTGTCCAATTTTGTTCTGTTTGTTCAAAGTTCTTATGGTTCTTCTCTTTGCCTTTCCGTGTAAATTGTAGAATCACCTTGTTGATATCTACCGAAATTTACTTGGGATTTTGATAAGGACTGCCACATGTGAGACTAGGTCTCTGGTGGAGAAGTACAGATAATAGTGGAGGACACATGCAAG,"[[23676328, ""G"", [""A""]], [23676496, ""G"", [""C""]]]",yes,yes,G->C,2
chr1,165661790,165662020,AATACCAAGAAAGGCTGATTTGGTTGTTCTTATGCTCTAAAACTACAGTACTTGCTCATCATAATACATAATTAGATCCAGGCCCAGTGACAACAAGCATCCCTTATCTCTGACTACTAAATTAGCTATGATTTATAAACTCTTCTCCTGAAAGGAAGAGAAGGAGGCAGAGTGAGGCATGACTGCAATAGTCTGAAAAGCCACAGTGACCTGACAACTCTTCAGGGACAG,"[[165661886, ""A"", [""G""]]]",yes,no,A->G,1
chr9,125108993,125109276,CTCCATTTTGTTCTGTACTAAGAAAAATTCTTCTGCCCTGGGATGCTGTTGATCTGTCACCTTACCCCCAACCCGCTGCTCTCTGAAACATGTGCTGTGTCCACTCAGGGTTAAATGGATTAAGGGCAGTGCAAGATGTGCTTTCTTAAACAGATGCTTGAAGGCAGCATGCTCGTTAAGAGTCATCACCACTCCCTAATCTCAAGTACCCAGGGACACAAACACTGCGGAAGGCCGCAGGGTCCTCTGCCTAGGAAAACCAGAGACCTTTGTTCACTTGTTTA,"[[125109048, ""A"", [""G""]]]",yes,no,A->G,1
chr9,64752829,64753129,CAAATTGCTGTATTCTACGTGTTAGAGTGAGTTCAAAAGATCCATTGCATTACTGAATAGGCAAAAGTTTTAATTTCAGAGGATGAAACTGATATATTACTGCCACCTTGTGGATATTCTGTTATTACAGGCTATTATAAAAAGCAATGAGGGTATGTAATCTGTTCTAAGAAGAAGCATTTCCTTTTTTTGAGGTTTTTATTATTGTTATTATTACATTTTAAGTTCTGAGATACATGTACAGAACGTGGAGGTTTGTTACATAGGTATACACATGCCATGGTGGTTTACTGCACCCGTC,N,no,no,N,0
chr3,63043639,63043982,CAGCTATAAGATGGCACTTTGTGTATGTGATGCACAATGCATGCCGGAGAAAGATGAGCCATTAGTATGTAGGTGAACTGGGGGAAAAAAAACTGCTAAAGGTGGAAGTCCTGATCACAGAACCTTCCTGTGCAGGTGCTCTGTCCTCACTGTCTGGAGCCTCCTCCAACTCCCTCTTCAACAGGAGCTTGGCAGAAGACCAGAGAAGCTGAGTCATCCTCAAGGAGGAGTTTTTTTCACTGCATCCACTATAAGCAGTTCTCTAGTGGAAAAAAACAGGGCTTTAGCATAAGTCCTGAGTACGGGAGTGGGAGAATGGGCACTTGGGTGACTGGTGCTGCTTT,"[[63043683, ""T"", [""C""]]]",yes,no,T->C,1
chr6,168221062,168221280,GCCCATGGTTTTCTTCTACTGGCAATTCCTCTTTCTTTTATGCATTCTTTTGTATGTATAGTCTGAGTGTGTATGAGTGCAAGGTGCTTGCAGACTTTCTGAGGACAAGAGGTAACACATCCTGAGACATGGTTAATTAACCGCATAACCACATAACCACATAAACCACACACAGAGTCACCTGCTGTGTGTAACCCAGCTATAGTTTTGCACCACACA,"[[168221172, ""T"", [""G""]], [168221264, ""C"", [""T""]]]",yes,yes,C->T,2
chr14,31868196,31868419,AAAAAGACTGAAAGAGCACACACGGACACTCTAAGATCACATCTCAAGGAACTAGAGAAACAAGAACAAATCAAACCCATACCCAGCAGAAGAAAGGAAATAACCAAGATCAGAGCAGAGCTAAATGAAACTGAAACAAAAAACAATACAAAACATAACTGAAATTAAAAGCTGGTTCTTTGAAAAGATACATAAAATTGAAAGACTATTAGCAAGATTCACCA,"[[31868216, ""A"", [""C""]], [31868219, ""T"", [""G""]]]",yes,yes,A->C,2
chr14,23736571,23736927,TCTGCCCGCCTCGGCCTCCCGAGGTGCCAGGATTGCAGATGGAGTCTCGCTCACTCAGTGCTCAATGTTGCCCAAGCTGGAGTGCAGTGGCGTGATCTCAGCTCGCTGCAACCTCCACCTCCCAGCCGCCTGCCTTGGCCTCCCAAAGTGATGAGATTGCAGCCTCTGCCCGGCCGCCACCCCATCTGGGAAGTGAGGAGCATCTCTGCCTGGCCGCCCATCGTCTGGGATGTGAGGAGCCCCTCCGCCCGGCCGCCCAGTCTGGGAAGTGAGGAGCCCCTCCGCCCGGCAGCCGCCCTGTCTGGGAAGTGAGGAGCCCCTCCGCCTGGCAGCCGCCCCGTCCGGGAGGGAGGTGGG,"[[23736816, ""T"", [""C""]]]",yes,no,T->C,1
chr19,49787821,49788059,TGCTTTCTGTCACAGATTTGCCTAATGTGGACATTTCATAGAAATGGAACCGCACAGTAGGTGGCCTTCTGTGTCTGGCTTCTTCCACTCAACAAGATGTTTTTCAGGTTCATCCACATTGTGGTGCATATCCGTGATTTGCTCGAGATAGAGTCTCACTCTACTGCCCAGACTGGAGTGCAGTGGCATGATCATAGCTAACTGCAGCCCTGACCTCCCAGGCTCAGGTGATCCTCCCA,"[[49787983, ""G"", [""A""]], [49787992, ""G"", [""A""]]]",yes,yes,G->A,2
chr18,9502884,9503087,TGGGGTTGGGCAAAAGGAGCCATATTTTTCTTCTTGCAGAGAGCCTATAAATGGATGTGCAAGTAGGGAAGATATCACTAAATTCATTTCCTAGCAAGGAATATTGACATTAATACTCTGGGAAAGGAATTCATTCCTGGGGGGAGGTCTATAAACAGCTGCTCTGGGAATGTCTGTCCTATGTGGTTGAGATAAGGACTGACA,"[[9502939, ""C"", [""T""]]]",yes,no,C->T,1
chr1,116403498,116403840,TAGGCAGATGGTCTTAAAAAGCTTCTTAAACCCTTTAGAAATGAAAGAAAGAAAATGTTCAGTTGCTCTGGGATGGTTAACAGAAAAGTACTCTGCTCATCCTATAAACCAAGTCTTATGAAATCCAAACTGAAGATGAGTAGGGATTCCATTACAAAGTCTGCAGACTGATTTCCTCTGCGTCTCTAGGCCCTGGGCACATGGAGTAGCAATCTGTTTTAAGACATTTTTATTTGTTCTGTTAATGACTCAGTAGTTAACTGTGACTGTACTTGGCTTCTCCTTTCAGGCTGATTATTTCATTGTCACTGGTGATGTGCAATTTCTCTTTCTTTATTTGAAC,"[[116403529, ""A"", [""C""]]]",yes,no,A->C,1
chr2,175585517,175585869,ATGAAAATTATACAACATTCTAATTGCAGTGTCCATAAATAAAGTTTTATTGGAACACAGCCATACTCATTCATTTACATATTGCCCATAGCTGCCTTTGTACTCCAACAGCAGAGATGAGTGGTTGCAACAGAGACCATATGGCCCACAAGAGCCTAAGATATTTACTATCTGGCACTACAGGCAAAAAAATTGCTGACTCTTACTGTAGAGTCATATTGTCGTGCGGCCACAGGATGGATGGCACCAGGGCTCTGACTTCTGAAAGGCAACCACTCCACCTCCCAGGCTGCCTAGAGGCTCAGTTTGAAGTGAGACAAAAATAAACTTCTACAATGTTTAAAATGGTGTTA,"[[175585701, ""G"", [""C""]], [175585739, ""G"", [""C""]]]",yes,yes,G->C,2
chr1,169957955,169958279,TGCTATTAATAATTGGCCCAGGTTGGAGTGCAGTGGCTGTTCACAGGCATGATCTCACTACCGATCAGCATGGGAGTTTTGACTTAATCCCTTTTGGATCTGGGCCAGTTCACCCTTCCTTAGGCAATCTGGTGTCTCCAACTCCCAGGAGGTCACCATACTGATGCTCAACTTAGTGGGGACACCCGATTGGCATAGCTCACTATAATCCAGAGCTCTTAAGACTCAAGTAATCCCCTCACCTCAGCCTTCTGAGTAGCTGGGACTACAGGCACATGCCACTATGCCTGGGTAATTTCTTTTTCTTTTCTTTTTTTGGTAGAGA,N,no,no,N,0
chr2,39959932,39960173,AGTAGAAGTCCATGTTGCTGAGCCCATGCATAACAACCATTGCTGCCACCATGGCTACTTTGTTCATGGGCCCATTGGACAATGACAGGGGTGGATGGGGAAAGAGGCTGAGTAGTGTCCACAGAATAAGTCATCCTATCCGCTTGGTTATTAAAATTCTCCTTTGCTGAGGTCACTGCTTAGTGAGCACTCACGTGACACACAAATATCTTCACAGTTTTTGACCACTCGGAGAGGTCTAT,"[[39960010, ""G"", [""A""]], [39960045, ""G"", [""A""]]]",yes,yes,G->A,2
chr3,197921898,197922137,TGGTTGACCTGACTACTGGTTTTCAGTAACTCTGGGGATTTCACCTGGTTTCATCTTGGTTGACCTGACTACTGGTTTTCAGTAACTCTGGGGATTTCACCTGGTTTCATCTTGGTTGACCTGACTACTGGTTTTCAGTAACTCTGGGGATTTCACCTGGTTTCATCTTGGTAGTTCTTTTTTGTTCCAAGGCTTGCCTTGGATCTTCTAGTCTTGGTTTCTTTCTTTCTTTTTTTAAGA,"[[197921907, ""C"", [""T""]], [197921989, ""C"", [""G""]], [197921995, ""A"", [""C""]], [197921998, ""T"", [""C""]], [197922014, ""C"", [""T""]], [197922019, ""C"", [""T""]]]",yes,yes,C->T,6
chr2,16119686,16119924,TGAATTCCACTCTTTCCCAGGCAATGTCATTTACTAAACTTGGCAAGGCTGTGAATTCAACTTCTATTGAAATAGGTGCAACCTGTAGGATTAAATTTTGGGTTTCACTTTCATCTGTATCAAACCTGAAGATATAAGAAAGTGGAGGTTCTTTTAGGGCTGACACAGAAGTTTTCTGGTTTTCAGATTGTTCTTTAAGCTAGGTGTTCAAAGTCAGATCTTTCAATTCTCTTCATGTA,"[[16119706, ""T"", [""G""]], [16119755, ""T"", [""A""]]]",yes,yes,T->G,2
chr1,101811601,101811838,GGCCATCAGAGAAATGCAAATCAAAACCACAATGAGATACCATCTCACAGCAGTTAGAATGGCAATCATTAAAAAGTCAGGAAACAACAGCTGCTGGAGGGGATGTGGAGAAATAGGAACATTTTACACTGTTGGTGGGACTGTAAACTAGTTCAACCATTGTGGAAGACAGTGTGGCGATTCCTCAGGGATCTAGAACTAGAAATACCATTTGACCCAGCCATCCCATTACTGGGTA,"[[101811641, ""T"", [""C""]]]",yes,no,T->C,1
chr5,81209031,81209238,TCCTGTTCGTATATTGACTAACAGAGTGAGCAGTACATGTGTCACTGGCCCCTGGTGGTGTTGGTCACGGTAAGGCTGGGTTGGTGCAAGTCCTCATCATTACTGAACGTTCAGCCTGAATTACATTCCAGGGTTGGAAGGGGCCTCTTGGAGCATAATCACATTGTTGCTATAGTTCTGTGCAGCAGTGGCCAGCTGTCAGTCCATC,"[[81209039, ""A"", [""G""]]]",yes,no,A->G,1
chr1,157830859,157831171,TGACACAGCTGCTTCTCTGTGGGCAGAAAGAGCATATCACACAGAGAGGCAATTGTTGAGACTGTGAAATCTGATTTATTAGATAAGTGTAAATGTGTAAATGTAGCCGTATAATAAGTACTCAGCCTAGCCTCAGAATCTAAAGTTGTCAATTTTTACAATCAAGTCTTGATTCTCTTATTTCTGTCTTGCCTCAAGCTTACAGGCCCCAAAGTCTCAGTTGATAAAGTGAAAATGATATTTTTCACTTTCGCTTGGCATAAGACACAACTTTAGCCCTCCCTGATCTCTTTCTGCCTCTTTCTTGACCTTT,N,no,no,N,0
chr12,104945268,104945546,ATGGGGTCAGAACACAAGGTCAGGAGATTGAGACCATCCTGGCTAATGCGGTGAAACCCCATCTCTACTAAAAATACAAAAAATTAGCCGGGCGTGGTGGCGGGCGCCTGTAGTCCCAGCTACTCAGGAGGCTGAGTCAGGAGAATGGCATGAACACAGGAGGTGGAGCTTGCAGTGAGCCGAGATCGCACCACTGCACTCTAGCATGGGTGACAGAGCGAGACTCCGCCTCAAAAAAAAAGAAAAAAAGAAAAGAAAAAGAAACCACAAAAGATACAC,"[[104945279, ""T"", [""A""]]]",yes,no,T->A,1
chr3,195950210,195950605,GTAGGATGCCACCAGGCAGAGGTGTGGTGGAAAAACACAGGGCCACAGGGTGAATGCTCACATGTGAGGAGCAAACCACCACAGAACATGACAGAAACACGGTGTACTAAATCAGGCTTCAAATCGCAGCCCTGCAACTTCAGAGCTACCACAGGTAACCCAGAAAGGGAGCATGGACAGCACCACCCACTGCCTGAGGCTATGAGATGGACCAGAAACCTGTGCTTACTACCAGCCTGCCTTATTCCAGAAGGAATTCAGGAAACACAAAGACACTCACAGTACAGCAAAATAAAGTAAATGTGAATCATGTTGGCTGAGGAGAAACGGAAGAGTCTAAGACTATGTCATAAAGTTTACCTCTACTCTAAACTCTCATTACTGGCGAGCCACCAA,"[[195950266, ""G"", [""C""]], [195950275, ""C"", [""G""]]]",yes,yes,C->G,2
chr6,112923941,112924243,TTACAGGCATGAGCTACTGTGCCTGGCCACTATAGTGTAACTTTTATATGCACTGGAAACCGAAAAATTTGTGTAGCTTTTTTTATTGCAATATTTGATTCATTGTGGTTGTCTGGAACTGAACCCACAATGTCTATGAGATATTCCTGTACACATTTCACATTAGTCTCAGCATAACTAGAATAGGGAAATTCCCTTACTTTGTGGTCTTTCTTGTCATTTCCCAGGGTTCTTTCCTAAATTGAAGAAAGGCCTCCAATTGTCAGCTTTGGAATTGCCATGGCTAATTGTCTAGGAGATTTT,"[[112923964, ""C"", [""T""]]]",yes,no,C->T,1
chr2,107719937,107720219,AAAGCTTGGGATACAGAAAGCTGTCACACTGGCCCTCTGCCGCTGCAGAAAGGCAGAGTCCACTGAGCTGGTTAACACTCAAGCTGTCTGTGGACAGCAAGGCAAAAAGAGCACACTGTAACACATGCCCAGTTGGGCTCCTGCGCCTCTCTGTCTGCGTGCTCCCCCTCCCATAAGGGGTTTGGGCAGCCATGGCAACAGAACAGACGAGCCACATCCCTTTAGCACATCCTGCAAGAGGGATCAGGGAACTGCCCCGTTTCAGCAACAGATTCCTATTGCA,"[[107719979, ""T"", [""C""]]]",yes,no,T->C,1
chr12,86199152,86199518,TTTTTCTTCATATGGCTATAACTTTTGATAAGCCAATAGGAACCATATCAGTGACAGAAGAATAAGGATGCTCGTGGAATCCTCAGGGATAGAAGCAGCAGTGTGTAGCAGCTGGAGTATGAAGGCTTATGGCAGAGGCAGCAGTGAGTGGAGGCAGAGACAAAAAGGAAGAATCCAGGGTAATGCAGGATTAGCAGGAGAGATGACAATGTTAAGGGACAGTTTAGGGGAAAAAGTAGAATTTTGTTCTAAATAAGCTGCATATTCTGATTTCAGTGCTCAGTCCATTGTATTTTTTTAAGTTTTAAAAAAATTCCAAGTTATATTTTATTTCCTCATTCATAATACAATAATAAGCATATATTAA,"[[86199182, ""T"", [""A""]], [86199323, ""G"", [""A""]]]",yes,yes,T->A,2
chr14,52478173,52478415,CAAAGGCAGTGCTAAGAGGAAAGTTCATAGCCCTAACTGCTTACATCAAAGTCTGAAAGAGCACAAACAGACAATCTAAGGTCACACCTCTAGGAACTAGAGAAACAAGAACAAACCAAATCCGAACCCAGCAGAAGAAAGGAAGTAACCAAGATCAGGGCAGAACTAAATGAAATTGAAACAACAAAAAATACAAAAGATAAATGAAACAAAAAGCTGGTTCTTTGCAAAGAAAAATAAAAC,N,no,no,N,0
chr12,117344685,117345127,AAGGATTTTCTACTCCAATTCACAATATTGATTTTATAAACCTCCTACAGGGCTCAGGGAACCCTGAAAATCCTGAAATTGTGTGCACAACTTTTGTGATACGTGCATTTATATGGGGAAAACAGGCCATGGCATTAATACAATTTTCCAAGTATTCCATTACACAATAAATAACAAGGGTAGAAGTCACTGGTTTCACATTACATTTTGGAGATGAGGAGCTACAGGCTCATAGTCAGGAAAGGACTTGCCTAAGATTCTTAGAAACAGAGTCAGAACGAAGATCAAACGCGGGCTATTATGATTAATTCTTGCTTGCTTGCTTGGTTGCTTGGTTGCTTTCTTGCTTTTTTTTTTTTTTTTTTTTGGCAGTGTCTCACTCTGTTGCCCAGGCTGGAGTGCAGTGGCACAATCTCGGCTCACTGCAACCTCCGCCTCCTGGG,"[[117344686, ""G"", [""A""]]]",yes,no,G->A,1
chr12,78540676,78540952,GAAACACAGGCCTCAGATTATTTTTCTTAGGGTTAAGTAGAGGGAAATAAGCCTCAGCATTTTCTTTTTTAAGTATAATCCCAGGACTTACTCTACTCTGTTGTAAGCGATTTCCCCACACATCGCACATACTTAATCGTAGAATTATGGGATTCCAGATTTGTTTATCTCTGCAACAAATCAGCAGTATGACTCAGAACTCGTATCACTGGGCCAATGTTCTGTGTGTTCCAGAACTGAAAGATGCTCGCCTTCAAAGTGGACTTCATGCCTTTCC,"[[78540799, ""T"", [""C""]]]",yes,no,T->C,1
chr2,181157319,181157714,GCCCAGGGCAGGGGCAATCAACTTAACAGAAAGTCTCTCCTTGGAAGCTGACCTGCTTTTCTTGAAAGAGACATTTACAGCGCTACTGTCTCTTCTCTTTCTAATCTGAGAGGCTTCTTAGACACTCAGGCTAGGAGACTGGGTTTCTTCAGGAACCGAGTAGTTATGACTACTCATACTTAAATCCGAGAGTGAGCACAACTTAATTGCACCCTGGCATGTGTTCATTAACCACAATTTATACCAACATTGCACATCAGAAGATTAGTGATTCCATCTGGGTCTTTGTGAGGAAACTTCATTTTTCCCTCACAAGGAACCTGGCCCGTCTGATTTAACAGTTTCAAGGGATGGTTACAAAATATAGTATTACATATTTCATGATGGTGTATTGTT,N,no,no,N,0
chr2,8737517,8737972,TGTATCCAAGGGATCTAAAACTTCCTTTAGCATCTGTTAAATCATGATGTAAATACAAAACAACAGTATTAATTCTTAACACATGTGAAAGTAAATACCATCTATTAAAATTTGTTCTCATTTAAAAGGAAAGTCAAAATAATTAAAAAGTCTAGTATTTATTTAGAAGAAAAACATTTTCGGAATGTGGATACTAACAAACCAGTTGTCCGTGGTCAATGATAAATGCATCTTCCCAGCACAGATGTGCTCATTGTGGTTTAGAGGGTGCATCAGCCTGGTCAAAATCAGGACTTTAAAGTCACAGAACAAATAACTAGTTAGTAGTAAACCTGAACCAGAACTGTAACTTATCAGGTCTTATAACTTCCTATTTTCCTTTTTCCAACTTCTTTCACTTAACATAATGTTTTCAAGGTCCACCATGTCATAACATGCCAGTCCTTCATTTCTTCT,N,no,no,N,0
chr12,114767099,114767406,TCCCCCCGTCTCAGCCTCCCAAAGTTCTGGGATTACAGGCGTGAGCCACCGCGCCTGGCCTCTACTTTCTTAATAAGACCTCCAGGCGCATGACAAAGCAGAAACCTTCAGAAACAAAATCTACCGAGTTCGAAGAACGGGCCTGGCCCAAGGCACTTTGGACGCTGTCCGTTCTGTCTTCACAGCGGCTTGCAGTAAACTTCTTGGAGGAGAATTGGCATTGCAAGGGTGTTACTGGAGACCTCGGCAAGAAAGTGAATGCAAAGACAGATGACCCAGGAACCCGTGATGGATAAGGCTCTTGACAG,N,no,no,N,0
chr1,97601523,97601848,CCCAAGCAGTTGAGATTACAATATGGAAGTAAAATATTCCTTTCAAGTGTCTAACTAAGCATGTCGCAATTCCAGAATGGATTATAAAGTGTTTCATCTGTCACTTAAAGATCACTCAAAGGATTTATGTCTTACTTCTAAGGGACAATAGTGCCATATGGGTTATCATTCTAGGATCTATATATTGATGAGAAAGAGAATAGATCAATGATGGCCTATTGTGGTTCTTTTCTCAATAAAACTCCCCATTTTCTTCCCGATGTGCTGCTGTAAATGCGTTTAGTACTGAGTGTTCAGACAGAATGCAGAAAAAAATGGAGTGATTC,"[[97601591, ""G"", [""A""]], [97601597, ""C"", [""G""]]]",yes,yes,C->G,2
chr12,59657356,59657577,TGACTTTACTTATTGTTGTGTCTTAGCTGTTTTATATTGTGAGTCTTCAGGTTTGTTGTGATGTCACTACTTAAGCATGTGAATATCTTGGTAGTAGGGAAAGTATGCAGCACCCTGTAATAAGAGATCCTAGATTAAAAATACTTCACAAGTGAGAAAAACCTAGTCTGAATGGCGTTTTCAAAGACATTGTTGAGAGAGGAGTCTCTTAAATGGATACAT,"[[59657373, ""C"", [""G""]]]",yes,no,C->G,1
chr17,66152695,66153146,CTCTCAATCAAACAAGAGGGCCTCTACAAAACTTAAGAATGACTTAACTAAGAAAATTCCACTACTTGCCTATCTGGATTTCAGAACTGTTATGAACTAGTGACTTTTTAGAAATGTCTGTGGAGGTTATCCTCTGCTTGGCCCATTGTATGTTGGGTGTGTTAGGAGCAGATAACTATTAGAACAGACATTTCTTCAAAGAAGATATACAAATGGCTAATAAGCACATGACAAGATGCTCAGTGTCATTAGTCACTGGGGGAATGCAAATTAAAACCACAATGAGATACCACTGCATACCAACTAAAATGCACAAAATCAAAGCCACTGACAATACCAAGAGTTGATGAGGACGTGAAGAGACGAGAATACTCATGTGAAGAGACTGGAATATTGGTAATGGGGATACAAAATGGAACAGCCAGTTTGGAAAAGAGTTTGATGATTTTTTA,"[[66152781, ""T"", [""C""]]]",yes,no,T->C,1
chr7,29411010,29411324,TTCCCCACCTTCTTACTTTAATCAGATCAAATAAACATTTCTCTATCTCCAAACACCTGTGTATCACTATTTAACATCAACTACACACCAAGTACACAAACCTAAATTTAGACTTCAACACAAGCCTAGGGCCTGTGTCATCAGGAAACAGTTCTGCAGGTGCAATTCTGATATATATGGCCAATGAGGAGCCACCGACTGGGTCTCATTCTCTTCTCCGTACAGAGGAAATACCAAGACTCAAAGCTCAAAGTGACATTGAACAAGGAGGGTTGGAAGGAGGAAACACAATTTTAGCAGAGCCTATTATTTTCC,N,no,no,N,0
chr4,122658704,122659035,TGAATTCTCTATTCATTCCAAGGAAAAAGAAAGAGGTTCACATGGTAATGAAGAAAAAATGAAGGTATATGAAGAATCAATTTGTTGAAAGAGCGCCCAATTTCTCTTCTGTCTTTTATTTGATTCTTTTTAATTAAGAATAAATATGTAGGTAAGACATGAGTCAGAGCAAACTCAGAAAGTACCTAGAAGCTTTCAGTATTTGAGGCATGCTAGCTAGTTTCATGTGGGTGAAGTTTGGTTTTCAGGAAGACAAATTGAAAACAGAACTTGTTTGTTTAGATTTTGCCATTCTCTAGGTGACTTACAAGGATGTTCAATGAATTATAAGA,"[[122658773, ""C"", [""T""]]]",yes,no,C->T,1
chr13,70613362,70613686,TAGAGGAATGATTATTTCTACAAATTAATCTTCATTTTTGAGGACTGAGAAATCTTTACTAAATGCATGAAGGGAAAACTGTCTATCATGGCTGAATTTCACCCATGCTTGACATTATTACATCCTGCCACTAGAGCTCATTGTTGCTCTTTCTATAGATTCCAAGCTCAATTTATTTTTCTTTCTTTCTTCTTTTTACTTTCTCTTTTTTTCTTGCTTGCTCACATCTCTCTGTTAGCTGGCTATAATCCACTCTGAAAAATATCACATTCTAGACGTATATTGATATTTATGAATATGTATAATCCAATATCTAGAATCATCT,"[[70613528, ""T"", [""C""]]]",yes,no,T->C,1
chr6,150499807,150500095,CCTCATCTATCTGTTAAGAGAGTTAAATAAGGTAAGGCATGTACAGTGTTTAGGACCCAACACAGAGTAAACACTCAGTTACGTTAGCTTTCACCTCCTCCTCTTCTTCCTCCTCCATGGTCATGCTGATGTAGCCTTTCTCAGGCTGCTTACCTCATACTTAGAGAGTTGTTGTGAAGATAACAAGAGATAAGAACTATAAATGTCATCCTTGTAAACCGCAAGCCTCCTGGATTTATTTCTAGGATATTGAAGACCAAATGTTTCCTCTTTCAAAAAATATTTGGCA,"[[150499812, ""C"", [""T""]], [150499815, ""C"", [""A""]]]",yes,yes,C->A,2
chr4,17846350,17846628,TATGCTTATCCTCATAGTAAACAATAAAATCAAGACTCTGAGAGTTAAGTACAAATATGCCTGAGGTCATACAGTCACCTGCCTGGAACTGGAATACAGCCCTTTCTCTTTTCCTTATGCTTGTCTATTAAGCTCTCTGATGAGGCTGGAAAAACATCAGGAATTAAACTTATGTCCAGCTCATCAGAGGAGCATGCGGCATCCACAGGATACTCTGGTTGTTTTTTCTGTTGAAAAAAATTTCCAAGAATTTTTTACATTGATGGGAAAGTTGGCTTA,"[[17846477, ""C"", [""T""]], [17846524, ""G"", [""T""]]]",yes,yes,G->T,2
chr7,7446630,7447042,CAAAAAAAATTATACAATGGCAAGACAAGAAAACAAAATTATAGACCATTCTCCCTATGAGACATAGCACAATTTAAGCTTCCAATCAAATGCTTTAATTTCTTCCAGTGCCTGTACAAAGTTTCCAGGTCATAATGCAGGGATTGAGAAACCAGGGCAAGTTCAGGCATCTCTCTAAGGAGACAAACATGCATCTGGGTGAACCAAGGTATCAAAAGTTCACAGAGTAGATTACCAGAAAGAGTTACACAGAGAAAACTATAAGTATCTGCTGAGCATCCATCTTGAGTATTCAGCTGAATATTGCTCAGTACATGTGTGTGAAGAAACTACCCAAGGCCAGGAAAACAACCAACTTAAAGGATTAGAGAGAACTGACATTGAACCAGGAATAGTGCCTATTTCTACTGGCA,"[[7446636, ""C"", [""A""]]]",yes,no,C->A,1
chr6,50277891,50278145,TATATTGACAGGACTAGCTTCAAACGATGACCTTGAATCATAATCATCCTAATGAGCTCAAAATATTTCACTTTAACAAGTGAAACTATAATCAAATCAGTTTCTGAAAGCTCTACTAATGAGCATTTCCTTTGATGAAAACATGGTTAACTGTCTTAGTCTGCAGGAGGTGCACTACAGTAAGGGGCCAGCTCCTGACAACTCATTAGTTGACCTGGGGAGAGAGTAATTTGAATGCTTTTGATAAAAATTTCA,N,no,no,N,0
chr9,4973209,4973703,TTTTATGCTGATGACTGCCAGTTTTATTTCTCTAGCTCAGACATCTCTCCTGAACTCCAGTCTCATATATTTGACTGCTTACCTGATTTCTCCTCTTGCATACCTAATAAGCTTCTCATACTTATTTTGTCCAAACTGAGCTCTTAAACTTCTTCTTACCCAGTCTTCTTTATCTCAGTAAAAGACAACTTTATCTTTACAGTAGCTTGGGTCAAAACCTCAGAGTCGAGTCATCTTTGACTATTTTAGTTCTCTCACACCCTAGATCTAATCCATTAGCAAATCCTGCTGACTATCTTTGGAATGTATTCTGAATCCTGTAACTTCTCACTGCATCCAAGGACATCACCCAGGTCCAATCCAAAGTATTTTCCAACTAGCTATTGCAACAGGCCCCATATTGGTCTTGTTGCTACTCTTGGTCCCTATAGTCTTGGTCCCTATAGATATTAAGAAATTATTGTTAATTTTGGGGGCTGTGATAATTTGTGGTAA,"[[4973290, ""T"", [""C""]]]",yes,no,T->C,1
chr2,140506625,140506995,ATACTAGAGCTTAAATAAGTTATATATGCTGTGATTGTGTATTACTGAATTCACTGGGTGTTGATGACACTAAGAAATGTGTTGCTTGTTGCTTTAGTTTTTTATTTACATACTAGTTTTGAAAGACTCTTAGCCTAGGAATCTCCTTCATGAAGTTTTAGATGTACTTACCACACTGCGGTGACTCATCAGAGCCATCTCCACAGTCGTCATCATGGTCACAAACAAATTGCTTGGGAATGCATACTTTATTATGGCACATGAAAGCATTTTCATCACATGTATTATTGGGAGCTAAGAAAGGCATCACAAAAAATAAAGTTAGATGAGCACATATGTTATCTTCCCCTATATTAGGAGCTTGGGGAATA,"[[140506650, ""G"", [""A""]]]",yes,no,G->A,1
chr17,14904512,14904752,TTTTTATTCATTACGGGTTTCTACTAGCTTCAGGCCAAAGCCCAAGGGCCTATTTTGTCTAAGCAAAAATAGCCACTGTCATTTCCTGAATGCTGAGTCAAAACTACTCTGTACGCAAGAGATGGAGGGCATCACTTGTAAGGGGAGGGGAACTTGAATGCTTTTCTTCCACTCTATTTTTTTCCACTATCCTGCTATGCTTTGCTTTCCCACAAGATACACTTTCATGAAGCCCCTCCTG,N,no,no,N,0
chr8,95894223,95894478,TCCTGTAGATGTAAAGTAGACTAGTCAACAGAGGGACACCAGTAGAGAAGAGGAGTAAGGAGAGGTTAATAAAAGCACTTTGGAAATCTTCCCAGATTTTACAACTTCAGCTCTTTTAAAGTAATCTCTTAGGGGAGGTGCTAGAAAACCACTACAAGGGCATTTTCACTAACACAGATCACCCAAAATGAAATGAAGAATGCATTTCAGCAACAAGAATAATAACAAACCTATGCCTTCAACCCAAGCCTCAATA,"[[95894445, ""C"", [""T""]]]",yes,no,C->T,1
chr10,15262828,15263210,TGAAGGGGTTCATGGTGGGGCAGAGAAGCTGCGGGAGGACACTGCCATGTCCTCTTCGGAAAGGCGGCAGGAGGAAGACCACTCGGGAAGGCGTGCTTCCCTGACGGCCTGCTTTCCCTGTGAAACCAGCCACCAGGGCCCTCCTGGGAGGACGGCATGCAGGTGGGGCGAGGGGCATATGGAGTGTGCTGGGAAAAGCTTCCCACAGCAGCTGCCCGGGGAACAGGAAAAGGACCATCTGGGAAACATGAGGAGCCCAGCAGAGGATGGAGACCACTGACCTGGGTGGTGCCAGTCGGCCCGATGACAGTGCCCATGGGCAGCTGGGGGCATCTTGTCTGTATCTTCTTATTTACTCTCATCACACTCTGAGTCGTTGTTTC,"[[15262860, ""A"", [""G""]], [15263085, ""A"", [""C""]]]",yes,yes,A->C,2
chr5,9733521,9733859,TTAAAAGAATAGTCAAACATGACAAGAGGTATCACTGGGGAAAAGAAACCCAAAACATTAGAATTTGGCTTCCAAGCAGCTCACATTCTGGCCTTAGACAACTGTTACCTCACTGCTCAGAAATGGAAGCTTGAAGCTCGTGTGGAAAACCGACCTCCTAATAAATCTCACACAGAGGATGCAGCAATTTGTTATGCGTGAGAAAATGGCACTGGGAAAGCAAAACACAGCCAGCTTGCTTCATATCACAAGTAGCAATTGGGCTCAGGTTTTCACCTAATTTTTAAGCAGCTTATCACCACCTCCGAAAAGAAAAAAAAAATTCTAAAAATTGCATTG,"[[9733582, ""C"", [""A""]]]",yes,no,C->A,1
chr2,214754700,214754999,TATGGTCTTAAAACATGTGGTTTCTCTGCTTGGATTATGGATGGTTTCTGCTCACACACAATTCACTAAACTCTTAGCCCTCCTGTAACGCTAATGAACTGAATGGCACATTACAAGTGCTACAGATGGAAAGATAATCAGTTTACCTCAGTCCTGCATCATGGGAAATAGAGCCTATTAAATCCAGTCATGTTGCTTCTGCTTTGTCATGAACCATTAAAATTTGGAAGTAGATGTAAGTTTACATGTGGGACGTTCAAAGACCATAGCAAGAGAAGATGGGGCATGTGTAAGATTTCT,"[[214754744, ""C"", [""T""]]]",yes,no,C->T,1
chr5,174752218,174752491,CCTGAGAAATGTGTCCTTCGGCAGTTTTGTTGGCGAGCATCATAGTGTGTACTTACACAAACCTAGCCGGTATAGCCTACTACACACCTTAGACTCTAAGCTGTAGCCTAATGCTTCTAGGCTACAAACCTGTACCGCAGGTTACATTCCTGAATACTGTAGGCAACTGTAACACAATGGTATTTGTGTATCTAAACATAGAAAAGGTATAGTAAAAATACAGGGTAAAAGGTAAAAAACAAACAAACAAACAAAAAAACCCTGTATAGGGCAG,N,no,no,N,0
chr17,30780378,30780584,TTGTGTCTTTTTGGTTTACTAAATAGTAACCATGAGTGTTCTGAGCTTTTCTGAGTTCTGTGAGTCCTGGCAAATAATTGAAAGTGAAAGTGATCTTAAGCACCCCTGAACACATTTACCACGCATGGCCCACTTGCATTCATCTGGTATTGGAGGGAAACAAATTTCTAGAGTTTCAGTTGCTACTTTTCAGTTGTTCCATGGTGC,"[[30780391, ""C"", [""G""]]]",yes,no,C->G,1
chrX,133637795,133638112,ACCAAGCCTGGCTAAGTTTCTTATTTTTGGTAGAGACAGGGTTTCGGTATGTTGCCCAGGCTGGTCCCAAACTCCTGGGCTCAACTGATCCTCCCGCCTCAGCCTCCCAGACTGCTGGGATTACAGGTGTGAGCCACCGTGCCTGGTCACATTATCTTTTAAATCTATGAAATTCTTAGAGGCAAAATCATGATGTGTAAATACCTGGCCCTCAAAATGAGTCATTACTAAATATTTTAATTAAATCTATTTTCAATGCAGCACAAAGTGTCAGGTACCTATGTGTTCATAATGAGAAGGGTTTTCGTCCTTTAGGGA,N,no,no,N,0
chr13,25511961,25512221,TAGTGGAGGGAAGGTCAGCAGATAAACAAGTGAACAAAGGTCTCTAGTTTTCCTAGGCAGAGGACCCTGCGGCCTTCCGCAGTGTTTGTGTCCCTGGGTACTTGAGATTAGGGAGTGGTGATGACTCTTAAGGAGCATGCTGCCTTCAAGCATCTGTTTAACAAAGCACATCTTGCACCGCCCTTAATCCATTTAACCCTGAGTGGACACAGCACATGTTTCAGAGAGCACAGGGTTGGGGGTAAGGTCACAGATCAACAG,"[[25512215, ""A"", [""T""]]]",yes,no,A->T,1
chr18,1094471,1094784,TTGAATTTAAACAGCCTTTCATTTTCATTAACTTTTACATTTCTGTATTATCATGTTTAAAATGAAATGCTTCATCCCAGAGAAAACACATTTTCCTTGGTGAGATGAATCACCATTGACTGATTCATCTCCATCTCAGGGCGGAAGCTCGGTCTAGTGGTTCAAGCTGTGAGGTGTGAGTCAGTTGTTCTAGTTCTATTCCCTTTTTGGCTCTTCAATAGTTGGTTAAATCCCTGTCCAAAGGAGATGGTACCTCCCGATGTATACTGCACAGAGGGACTGTCGGACAAGATAAATTTGTCCAAGGAAGAGTA,"[[1094537, ""C"", [""A""]]]",yes,no,C->A,1
chr22,50123266,50123493,TCTGTTAATGTGTGTTGCTACAGTAATTGATTTTCAAATGTTGAACTATCCTTGCATTCCAGGAATAAATTCCACTTGATCATAACATGTAATCCTTTTATTTGATATATGTTTTTTGAGACAGGGTCTCACTGTGTTGCCCAGGCTGGAGTGCAATGGCTCAGTCACTGCTCACTGCAGCCTCGAGCTCCTGGGCTCAAGCAATCCTCCCACCTCAGTCTCCCAAGT,"[[50123350, ""G"", [""A""]], [50123369, ""T"", [""G""]]]",yes,yes,T->G,2
chr3,98151340,98151644,TCAAAAAGTCCCTATTAGTCTTCTTCTCACTTCATATTCTTGAAGTATGTGAGTCATCCATCTGCCATTCCACTCTGCCCTTCATCTTTCGACACTGAAATTCCTTTCACTTTGTCACTGATACCGAGACCCTTATCCTAAGCATTACTCACATATCGTTTTGCAAACCTCTAGTTATTTCCTCCACCCTTCTAGCACTCATTCATTCCCCCATTTTGATGTCAGATTGTTTTTTCAACTCTTTCAATTTTCTTTTGTTGGATCATCATTGCTACCTGATTATACATACATGTGTTTTAGGTGTC,"[[98151351, ""T"", [""C""]], [98151625, ""G"", [""A""]]]",yes,yes,T->C,2
chr13,30669970,30670350,TATCTTTGACAGAAAATAATTTTGTTGTTTTGTTTTTACTAAAAAAGCATGGTGAAAAATGGCTCCATTTCTATGAGAGGTAACTAAAATATCGCAATTTGCTGGGTGTCATTAAAGTAACTCACAAGGGAAAAAATGCAAATTGGTATCTGCTGATGGAGTAAATCTCCGCAGAAGTGATGACCCTGAAAGGATCAATATATTAAAGCCCCTCCCAGCTGGTCATTCCAGATTGCAACAATAAAGCATTAAGTGTTAAAACCTCAAGGCAGCTTTTTTTTTTTTTTTTTGTCTCGAGTCCTTTATTATTAATTTTATAGACCTACTTAATTACTAAGCCAAAAAAAATCAAACTTGTTTCTCTTTGTGACTTGTCAATAG,"[[30670043, ""A"", [""T""]], [30670265, ""A"", [""G""]]]",yes,yes,A->T,2
chr12,14168308,14168597,AAATAAATCAACAAAATAATTTTGGGTCTTTCTTGAATGCAAAACCAAAAGCACTTTTTAAAGAGTGAGGAGGATCTGTTAGATGTTAAAGCACACCTGTTTAAGGTTGGCCATAATGTACCTTTGCTCAATCTCATAACCAAGTCTGACTTCCAGAATCCCTTAGTTTGTAACACCGCTGTCAACAGATGAACCCAGCCCTGCTCCTAGCCCTGTTCTTCCTTTTTGTTGGTTCCTAAGAAGCATATATTTTGTTTATAGTCCCATATTTCCCTATCCTTCATTCTGGA,"[[14168354, ""G"", [""A""]]]",yes,no,G->A,1
chr12,123406091,123406321,TTACAGGCATGAGCCACTGTGGCCCCAGCTTCCCATTTTTAATCTTTGGAATTGGAGCTGTCCTGGATGTTATCTCATCCAAGGGGAGAAGTGGGCTAGTCACATGAAAACCTGTTAAGCAGCTCACCTGGCTCTCCTTCAGGGCATTTGGCCAGAGCAGCTCTGGAAATCACTAATTGATCTTGCCTGGCTAGGACCAGTGGAGTTGAATTTTTTATTTTTTATTTTATT,N,no,no,N,0
chr8,140426747,140427023,GACTTGTATCTGATCAGAAAAGCAATTCTGAGGAACAGTATGTTTCAAGTTTGGTGCCTTTTTGCTTCAGACAGGAAAAGAGAAAAGAAAAGCTACTATTACTCATACCCTAAACAAATTGTTAAGTGCCTCCTCACCTCTCTGCCTTCCCACTTTCTATGTTCATGCTCCCAGTTCTTTTTTTTTTTTTCTTTTCTGAGACAGAGTCTTGCTCTGTTGCCCAGGCTGGAGTGCAGTGGCGTGATCTCAGCTCACTTCATCCTCTGCCTCCCAGGTT,"[[140426791, ""A"", [""T""]]]",yes,no,A->T,1
chr5,164893233,164893477,TGCAGGAGACCAGGGTGTATTGTATCCCTATGTTCCACTGCATAAGACAGATACTCCCAGAGTGGCCATTTTAGAGGCCTCCCCTTGGGAATGCATTCTTTTCCCAGGGCTGTTCCTTGCTGAGAAAAAGAATTCAGTGATATTTCTCCTATTCACTTCTGCAAGAAGAGAAATATGACTCTGTTCTTCCTGGCCCCGCAGGTAGTCAGGCCTTATGGTTATCTCCCTTGTTCCCTGAAAATCGC,"[[164893254, ""T"", [""G""]]]",yes,no,T->G,1
chr1,170136068,170136488,TCCTGATTCAACTATTAACATATTACTTTTGTTTCAGCCTTGTTTTAGCTACCAATTATAGAAACCTTTGGTCTATATCTTCTTAAGGTCATTAATAAAAATGTCAGTAGTTTTTAGCCAAGGCAGAAGTTTATCCCTGAAGATCCTGGAGATAAACTACTGTCAAAGAAAAATCAGAGCCTACAGTATTAAAGTGGTAAAACCGGATTTTGGTTCAAGACTATTGCAATAGGGAAAAAGAGACTGGAGTATAGAACTGGGCTCAACTCCAAATACAGCTGGGCAAGTGGGAATTTATAGCTAAGAAGCAGGGTGTGAGGCAGTGGATAGAAAATTACTCTGAGGGAAGCATCAAGGGTAAGAGGAGATTCTGGCTCAACTGACTTGACAGGATTCTTGCTGGAGACAGGCCACTGTGATA,"[[170136083, ""C"", [""T""]], [170136411, ""A"", [""G""]]]",yes,yes,A->G,2
chr7,45897296,45897711,ACCACTCCAGGTACTAAAATCTGTATTAGTCAGGATTTTCTGGAGAAACTGAACCAATGAGATGTGGATATAGAGAGATCTATTTTAAAGAATTGGCTCATGCAATTATGGAGCTGGGAAGTCCAAAATCTACAGGGTAAATCAGCAGGCTGGAGACCTAGCAGGCAGCCACTGCTGTGGTTAGAATGCAAAGGCAGTTTGCCAGCAGAATTCCTTCTTGCTTGGTCAGTCTTTTGTTCTATTTAGGACTCCAATTGATTGGATGATGCCCATCCCCATTATGGAGGGCTATCTGTCTTACTCAAAATCCACCAATCTGAATGTTACCCTCATCCAAGAACACCCTCACAGAAACATCCAGAATAATGTTTGACCCCATTTTTGTCATTGTGGTGCAACCAAGTTGACACATAAAA,"[[45897375, ""T"", [""C""]]]",yes,no,T->C,1
chr2,231839643,231840110,AAATAGAAATAGTGCCCAGAGTGACAAACCCTCCTCTAGAAACCCTACAGTGTACAGGCTCCAGAAACCCTGCTCTAGAAACCCTAAAGTGTACAGGCCAGCCGCCACATCAGAGAATAATCTGCTCCAAACTAGAAATAGTGCCCAGAGTGAGAAACCCTGCTCTAGAAACCCTACAGTGTATAGGCCAGCCGCCACATCAGAGAATAATCTGCTCCAAATAGAAATAGTGCCCAGAGTGAGAAACCGTATTCTAGAAACCCTGCAGTGTACAGGCCAGCCGCCACATCAGAGAATAATCTGCTCCAAATAGAAATAGTGCCCAGAGTGAGAAACCCTGGTCTAGAAACCCTACAGTGTACAGGCCAGCCGCCACATCAGAGAATAATCTGCTCCAAATAGAAATAGTGCTCAGAGTGAGAAACCCTGCTCTAGAAACCCTACAGTGTACAGGCCAGCCGCCACATC,N,no,no,N,0
chr2,52395971,52396229,TTTCAGTGGTTGAACTTTTGGATAGGCCGAATAAAATCTACACAGGCTGAACTCATTTTTATTCCATTTTGTTGTTAAAACAAATGAAAAAGAAAAGCTTCTGTGCCAGCATTCTCTCTTCTTTCAGGCTGAGTCATTTCCTAAGAGGCTCCTTATCCCTTAAAGTAGACTTCTGGCAGATACACCATAGTATCATTTTAATTATGTTTAAGCAAGCCTGGGGATGGTAGTTATTTAAATCACAAGACATGTACAATAT,"[[52395995, ""A"", [""G""]]]",yes,no,A->G,1
chr9,66024078,66024293,GAAGAAATGAGTGCTTAGGAACCTTCCTGTTAGAGCTGGGAACACAAATAACCCCAAGATATGACCCAACTGAGAAAAGAGATACGAGAGTCAGCAGGTCTCAGGACTCGAGAACATATCATAGATCTGGGGCCAAGGGGACCTCCCAATACCTCAGTCTTGAATTAGCCAGATGTGCCTTTCAGTCCTTGGCTGAGCTGGACTGAGGCCTCCTCC,N,no,no,N,0
chr14,72462057,72462466,AACTGAAGCTAAGAATTCAATATAGTATGATTTGGACTGATGAAGTACCAGAAACTTTCATTCACTTGACAAACGTTTACTGGTCCCTACTCTGTCAAATTCTATGTCAGAGATTTGAATAAGTCACAGCCTTTCCCCGCAAGCATTCCAGGCTGGGAGAGGCAGCATGATGCAGGGAAGAAAGGCATGGTGAGGATCTGGCTTGAGTATTCAAAGGTTTTATGTGATGAATGACTGAGAAGGCTGAATAGCTTGGGAGGGGCAGGTTTATAAAAAGGCCTTGGCAGTCAAGTAGAGACATTTAGAATGGATTCAGCAGTTTGGGGAAGCTATTGTGGGTCCCCAACAATGAACACACTTTCCCAAGTTTTTTCCCTACTTGGGAAAAAATTCGTTCATCTATAAGATGG,"[[72462121, ""A"", [""C""]], [72462449, ""G"", [""C""]]]",yes,yes,G->C,2
chr3,32102289,32102672,TTCTTGCTTTTAGCACTCCCATTATCTCAAGTAGCCATATGTTTCAAAGAAAATGCTAAACTCTCACAGCTATAGCTCATTCGCTTGATACGCCACTTCCTTCCAACCCCCACATCCTCACCACCTGTTTCTTTGTTTTATCACCAATAAATAGCGTGGGCTCCCAGAGCTCAGGGCCTTTGCAGCCTCCATACTAGCGTTGGCCCCCTGGTCCCACTTTCTCTCTTGTCTTTTCTCATTCCTTTGACTCTGCTGGACTTCGTAGCACCCACAGCTTAGTGTTGGGTCTGATCACCCCAACACACAGAATAGGTGGGTAGCTCACGTTCATGCAAATGTAGTTGTAATATTCAGGAATAAGAGTTTCCAGAGAAGGTACAAAAC,"[[32102290, ""C"", [""T""]]]",yes,no,C->T,1
chr15,27353947,27354242,TGCTCTCTCCTGCACCTCCAGCCCCTGGGGCAATGCCTGGCTCTGTAAGGGCTCAGGAGGGAAGAAAGAAGGGAGGGAGGAAGGGCTTGATGAGGTAGCTGGCTGATTGCACAGTCATCACTTTGGCTCAGATCCAGGCCTGTACCGACTAAGAAGCTGGATGCCTTTGGGGAATTTACCCTCTAAGCCTTCATCTCATAGCCTGAAAAATTATGGTAATACTAGAAGGATGAAGTTTATCAAGCCCAGGTAGCATGGTGAGCTACTCTTCACACATAGAAAACTAACAGCATTTG,"[[27354139, ""G"", [""A""]], [27354232, ""G"", [""A""]]]",yes,yes,G->A,2
chr12,127155733,127156008,TACACAAGAGCTGGGACTGCACCCTGTAGCCTTTCTGTCCAAACAACTTGACCTTACTGTTTTAGGCTGGCCCCCACATTATCCTTGATACCACACCTGACCCCCATGACTGTATGTCTCTGATCCACCTGACATTCACTTCATTTCCCCGTATTTCCTTCTTTCCTGTTCCTCACCCTGATCACACTTGGTTTATTGATGGCAGTTCCACCAGGCCTAATTGCACTCACCAGCAAAGGCAGGCTATGCTATAGTATCTTCCACATCTATCATTGA,"[[127155815, ""T"", [""C""]]]",yes,no,T->C,1
chr15,95032191,95032507,CTCAGCCAGGAATGGTGGCTCATGCCTATAATTCCAGCACTTTGAGAGGCCAAGGCAGGAGGAAGCCAAGAGTTTGAGATCAGCCTGAGCCACAGACCCCCATCTGTACAAAACAAACAAACAAAAGAAGCCAGGTGTGGTGACACATGCTTGTGGTCCCAGCTACTTAGGAGGCTGAGGTCAAAGAATGACTTGAGCTCAGGATTTTGAGGCTGCAATTAGCTGTGTTCATTCCACCGCACTCCAGCCTGGGTGACAGAGAGAGACCTCATCTCTACAAAAAAACAAAACAAAAAAAGTGATCTATGTCTCAGCAA,"[[95032273, ""A"", [""G""]]]",yes,no,A->G,1
chr8,89578855,89579325,GTTTATCACAGCTCCAACATGAACAAAAGCATCAGGGTTGGTTTGCTTCCATTATATCTGACACTTACTAATAGGCCATGCTATCTATAATCTGAATATGTATCCCACAAAATTTATACACTGAAATCCTAACCCCCTAGGTGATAGTGTTAATGGAGGTGGAACTTTTGGGAGGTGAAATGGTCATGAGAGTAGAGCTTTCATGAGTGAGATTAGTGCCCTTGTAAAAGAGGCCCTAGGGAGCTCATTAGCTCCTTCTGCCTTGTGAGGATGTGGTGAGAAGGCAGCTGTTTTGTGAACCAAGAGGGCTTTCACCAGAGGTCACATTTGCCAGCTCCTTGATCTTGGACTTCCCAGCCTCCAAAATTGTGAGAAATAAATTTCTGTTGTATGTAAGCCACCCAGTTTATGCTTTATTATAGCAACTCAAAGGGACTAAAATAGGACAGACACATAGGTACACTTCAGGTA,"[[89578889, ""A"", [""G""]], [89579128, ""C"", [""T""]], [89579198, ""A"", [""C""]]]",yes,yes,C->T,3
chr3,186441029,186441433,TGGATCTGAGTCATCCACCTATAAGAGGGACAACACCACACATTGGTCGCTGCTCTCAAGCCCCTGGAATACCACCCCACTTGGCTTCTCCTGGTAACAGTGGCTGCCTTTGCTTGCCTGTCTCCAACTCCTCCCAAGAGCATTGCTGACTGTGAGCTGTACCTTTGAATCTGCAGGGGCCCTTCCCATCTGTCTAATATTTGCTATCAGTGAAACAGAAAAACCCTTGGGACACAGTCAGGGAGCATTCTGGCCCGCAAAATGCCTACCAACCACCATGCCGTTCTCATTCTTGCCATTAGCAACCTTCTCATTCTCTACATCATCAGCGTCCTATGTGCACTCATTCTAGAGGGCCAATAATTCTCACAGATTACCAGTGTAGACTTAAATTATTTTTATTAT,"[[186441264, ""T"", [""A""]], [186441341, ""T"", [""A""]]]",yes,yes,T->A,2
chr9,138143135,138143622,TTTATGTCTGTGTGTCTTTGTGTGTGTGTGTCTGTGTGTGTGTGTGTGTGTGTGTTGGGAATGCCCAGTCTCTGCAGCTGCTGAAAGGCCCTGAGGCACATGCTGTCAGGAGCTGGCTCTGTCCTGGGCAGATATCACCATCTGTACCTCGGTTCAGGCTGCCGTGGGCACCAGGTCCTGTGCTGGGGGAGTGCTGAGAGGCCTGAAGGGACTCAGGGTCCCGTGATGAGGCTGGGCTGGCACATGGAGGAAAGACAGAATGTCCAAGACACAGGCGCTGCTTGGCCTCTGGGTGTGGACCTCAGGAGGGCTTCCTGGAGGAGGAGGGATGCTGGGCTTGCCAGAAAGGAGGCAGCTGCTCCCAGGATGAGTTCTGAACATGCTACCTGAGCCCTTCCCTCCTCCTGCACTCTGTTCCAGACTCGGATGGGGGGCCCACAGGGCCGGTGTGCTGCTGAGCCAGGACTGTGCTGGCACCCGACGAGGAG,"[[138143150, ""G"", [""C""]]]",yes,no,G->C,1
chr1,224845765,224846049,GCTGAGTCTGGAAAGAGAGTCAGTGAAGGGAGATAGGGGTGGGGCTGTTTTATAGGATTTGGGTAGGTAAAGGAAAATTACAGTCAAAGGGGGTTGTTCTCTGGCTGGCAGGAGTGGGGGTCACAAGGTGCTCAGCAGGGGAGCTTTTGAGCCAGGATGAGCCAGGAGAAGGAATTTCACAAGGTAATGTCATCAGTTAAGGCAGGAACAGGCCATTTTCACTTCTTTTGTGATTCTTCAGTTACTTCAGGCCATCTGGATGTATACATGCAGGTCACAGAGGAT,"[[224845775, ""A"", [""G""]]]",yes,no,A->G,1
chr5,42309916,42310187,CTTTAATTCTTAACTGTGTGAAGCCATCCCAGAAACACAGCAATTGGGCTCATTTCATTAATGGAAAAGAAAAGAAAAGAAAAAAAAACACTAGACATCTTTCCAAGTACAATAAGAAAACATGTTGGGTAATTTTGAAATTTCCCACCCTTCACTCTGGTCCCAAGTGGAAGCATATGCCAGACTAACAGCTTGAACTTATTCTGAACTTTGAGTTAGATTCATTCTAACTTCCCTTATATTGTTATTCTCTCAATATTATTTATATTACC,"[[42309974, ""A"", [""T""]]]",yes,no,A->T,1
chr2,188193263,188193640,TGAACTGTTGCCCAAAATTTGCTTCCCTGTATTTTTCCACTAAGGTTGGGCCACAAGAGAAATTCTTGTTTAAGATTTGGTGGGTGGAACTGAAAGGGCTTCCACTGTACAGTTTATGCTTAATATAGCTTACCTGCTGACTCACCTCATTGTTGTGGGGCAGCCGTGCAACTGATTCACCTTCCCCTCTATCCTCCTGCTTCTGCATGTATTAGGAATGATGTGTGTTTTTAGCTCCATGACAAAAGGCATGAGCTTCCCCTGCAGATTATCCATACAACCCAAGTCAAGGGCAAGAAGAGCTGACACAGGCTTCAGACCATCTTCATGGATCCAGCTTATGTTGTGGGTTGCAGTTTATCCTTGCTCTCCCTTACT,"[[188193272, ""T"", [""G""]], [188193517, ""C"", [""G""]]]",yes,yes,C->G,2
chr20,23019382,23019790,TTCTGGGAAGGTGGCTCTCCTTGGTCTGAAGGATCATGATACCTGCAAGCTGGCTCCCCCATCTACCCTAGTAACATCCAAAGGCACCCCCAGAGCTGCAAGGAGTTCAAGAGCCAGGCACCACGCCATGAGTGCCACTCAGTGGCTGTCAGTGCAAATGCCCAGCAAGACCTTCTGGGACAGGATGCAGCAGCTGCAGCCTGGAACCTGCTTTCTCCTGTGAACAGAGGCAGCCTGAGTGGAGGAAATAGCCCTGCGCTGCAAAGACTCGTTGGCAGTGACAGTCGGTGCCAGGGGCTGGCTGCAGACAGTCGTTCCATGCAGGGATTTGGCTGAGGCAATGCTGACTCGGGTAAAAGGGCTTTATGCTGTTCAAGGGCTCTTGACAAATCGCCTGTATCTTTTTAGA,N,no,no,N,0
chr17,14811785,14812049,ACGGGCTCAGGTGAACTCTGCCAGTCATGGGACCCACGCGAGGACAGGTTGATGGGAAATCTTGAACTCAAATGGAACCTGTGCTTGAGTCGTGCTCTGGCTTCTGTTGCCTGAATTTCCTGTCTTTCCACTATTTGTCCACTAGGATTGTGAGGTTTGTGAGTGCAAGGTTCATGTCTTTCATTTCTGTATTTCCAGTGCGAGGCATGAAGTCAGCAAGGTGTCTAAAATACATCTGATACATGTGCCCTTCTTGACCGCCATG,"[[14811786, ""G"", [""C""]]]",yes,no,G->C,1
chr2,128354630,128354997,TGAGGGACTGCTAGACTGTTTTCCAAAGTGGCTGCACCATTTTACGTTCCCACCAGCAGTGTATGAAGGTTCCAGTTTCTCCACATCTGCACCAACACTCGTGAATTTTTATCTGTTTGATTAGTCATAGCTGGGCCTCATCTCCACCCATGCTCTAAGAGAAAGCCTGCCTGGGAGGAGAAGAAGTCAGCCAGCAGGGGAGGGTGTCCCACCAAGTATCAGGAGCTTTGGTTTGCAAGAAACAGCACATCTACCTCAAATTGGTTTGAACAGTAAGGATCATTTTTATAAGTAGAGATATTCACATACCATAAAAATCACCACTTAAAAGTGTACAATTCCGTGGTGTTTTTTTTTTTAGCTTATTC,N,no,no,N,0
chr4,154158332,154158701,GTTGGTAGATGGAGGTTTTTTAAAAGAAGGACCATTGAATAGTAAGGCTGGTAAAACAGTGTGAGACGAGCCAGCCAGTAGAGCAGGACATGTAGATGAGATCGAGGAATAAAATAAATCATCAACGTTTCCTGGAGACATGTCAAATATTCTTAGCCCCATCTGCCTGATGTCTCATCTCAGTGTGACCATAGTGAGGCCCAGAGCAATACTATTCACATGCTCCCAAGTGACTCCATCCATCAGCCAGGATTGGGGAACAATTTAAATAGATGGAGCTCAGTGTGGACAGGGTAAGCTTGAAAAGATGACTGGCAACAAAATTGGGCAGGCCCTTATGCTATTCCTCAGAAGTGATGATGATGACATA,"[[154158375, ""G"", [""A""]], [154158615, ""C"", [""T""]]]",yes,yes,C->T,2
chr8,26244687,26244985,ATAAAATATATTATATATAATATATTATATAAAATATATTATATATTATATATTATATATTATGTAATATATTACATATTATATAATATGTAATATATTACATATTATATAATATATATAATACATATTATATAATATATAATATATTACATATTATATAATATATAATATATTACATATTATATATTATATAATATATTATGTATAATATATTACATATTATATAATATATAATATATTATGTATAATATATTATATATAATATATAATATATTATGTATAATATATTAAATATAATA,"[[26244733, ""A"", [""T""]]]",yes,no,A->T,1
chr9,127313078,127313502,GGCCCTGTTCAGGGTCACAAGATGGATTCAGAAATTCCAGGCATCACTTCTAGACTCCACCAGGTCCAGAGGAAGAAGAAGACGGTATTTAGGAGTGAGGAAGCCTCTCTAGAAGCCCCTTGGCAGATTTCTCCAGTCTCATTGGCCAGAATTTGGTCACATGTTCATTCCTGAACCAGTCACTAGCAAGGGGCAGAGGAATACATGATCCCCCGAGAGAGATCAGGGTCCATCCCAAGCTGGCTTTGGGATTATTGTTCCCTGAGCATGTGGGAAGGGCTGGACACCACCTGCAGTGTCCTCTACCATCTGTGGCTGGCAGGATCAGTTGCATTCTCACTGTTCTAAACCTTTCTTTTCCAGTCCATCAGAACTACATTGGAAACGATGCCGAGAAGAGCCCTTTCTTCTTGTCCGTGACCCTT,"[[127313109, ""G"", [""A""]]]",yes,no,G->A,1
chr14,62301898,62302224,CTAAGAGACACTGTGGCAGGAGATAGAAAATCACCAACTGTTGTGGGTTTAGAGGACCAAGTTCAGAACCAACATTGCAAGGCATCAGACAGAAAAAAAGTGAAATACCAGCACTATTACTAGTAAAGCTGAACTGGAGAAGTTGGCTTGGATGTGAGGCTACAGTGAACTTCCTAACACTGTTAGCATTCTTGACCTAAATCAAAATTAGATTCACATAATGAGTCACAGGCAGTACTGAACAACCTCAGGCCTCCTTCACAAAGGCAGAATTTGCCCCTGCAAGATTGCCACATCAAGGAGCAGACTAACCCTCTAAAGGAGAGA,"[[62301921, ""C"", [""T""]]]",yes,no,C->T,1
chr6,147987000,147987262,GAGAACTGCCAAAGAGTTGACACTTGGCATGTGGTGATTCAAAAAATACACTGTCCCTTCTCACCACCCCTGATATCTTTATCTGACAAAATCCATATGCTGTATGATCACCATGGCAACTAAGTAGGGTTGTAATTGCAACCCTGGAAAGCCCGTGGTGGTTTTTTTTTTTTTTTTTCACTCAAATTGTGGCATACGTTTAACCTCTCTGAAGTTTCAACAAACCATCTTTTAAATGACAAGGGTTGAGAAAAGTCTAATTT,"[[147987074, ""G"", [""A""]], [147987210, ""C"", [""G""]]]",yes,yes,C->G,2
chr13,76318576,76318820,ATATATGATATATAATGATATGATATATGTGATATCTCATATCATATATGATATATGTGATATCTCATATATCATATATCATATATGATATCTCATATATCATATATCATATATGATATCTCATATATGATATCATATATGATATCTCATATCATATATGAGAGATCATATATCATATCATATATATCATATATCATGATATATCATATATGAGATATCATATATCATATCATATATATCATATA,"[[76318611, ""A"", [""C""]]]",yes,no,A->C,1
chr16,88530318,88530605,CAGGCTCAGCCTCTGCCTCGGTTTCCCCCTTGCGGGTCTGACATGCCTCATCCCCAGGCAGCAGTGTCCTGGGAACGCTGCTTCGGAAGGACACCACCGTGAGCCACACATCTTGTTGACATACCTGAGTCCTGCCCTAGCACTTCTGCGGCTGCCAGGGCACGGCCGACGCTTGTCTGCTGCTCTGGAAGAGCCGCAGGAACCAATTCCAGGGTCAGATCCAGTTTCATTCTTGAGCCTCCGGCACTCTGGGCCCATCTCGCCTGTGAAGCGGGATGCAGAGGCACC,"[[88530348, ""C"", [""T""]]]",yes,no,C->T,1
chr1,215012452,215012744,TGTTCAAATCTTTTTTCTTTTTCTTTTTCTTTTTTTTTTGAGACAGGATCTCACTCTGTCACCCAGATTGGAGTGAAGTGAACAATCATAGTTCACAGCAGCCTCTAACTTCTGGGCTCAAGTGATCCTCCTGCCTCAGCCTGCCAAGTAGCTGGGATTACTGGTGCACACCACCACACCCAGCTAATTTTTTAGTTTTTTTTTTTTTTTTTTCTGTAGAGTCAGTGCCTTGCTATGTTGCCCAGTTTCGTTCATCATTATTATTTTTTTTAACTGGACATTTGCTTCCTTAT,N,no,no,N,0
chr20,8556587,8556866,TAAGGCTTCACAACAGCAGGAAATGAAGGCTAAGGCAGAGTTGTAAACAGCCAGGCTAGGAGAGGGTTGGGGGTGTGTGTGTGTGTGTGTGTGTGTGTGTGTGTGTGTGTGTGTGTTTGCTCTAGGCATTTAGGGAAATCTGCCAAACCACTAGCTAACCACAAGCTAACAAAATAGAGACTTCAGAGTCCATACAACAAAATTTATAGCCTTTAAAAATAGTCCGGAAAAATGAGCAAAGTGTTTGAATAGACATTTATCCAAAGAGATATTTAAATGG,"[[8556658, ""T"", [""G""]], [8556790, ""A"", [""T""]]]",yes,yes,A->T,2
chr6,56573106,56573569,TATAAATAATGTGACAGAATTTTTTTAAATGGCTATTCCTAACAACATAAGCTTGCACAACCTGTGCCTAGGAAGGTTAACAGTTGAAACTGAATGACAAGTTTGGTCTGTCCCTTGAGGAATGCCATCTTAAATCTCTCTGAGAGAGTGAAGAACAGCTGGCTAGTTGGTCGAAAGAGGCAGGAGGCTGCTGCTACTCAGCAACCCCTAGAATCTAATGGAGCCTGGGGATTAGCCATGGTCCTAATTCTTAAAAGACTAGACAAGACTGATCTGATTAACCTCATGTGCAGCTGGCTGAAACAATGATAAACAAGATAAGACTCAATGTATGCATAAGCCCTCTATAATGAATAATATTCAAGAAAAAGTACACAAAGTCCTTCCTACACTTCTTCACAGATAAACCATTTTACACACTTGATTTTGTGCAAGCATTACTTTCCACACTCATATTCAGTAAA,"[[56573137, ""A"", [""G""]]]",yes,no,A->G,1
chr3,22111311,22111618,TGGTAAATATAAGTTTACTAAATATGTATGAGAGCTTCAATTTAGTAAGTTCAAGCAGATGCTAGCAGAGCAGTAATCAGGATGAGGACACATGGATTGGACAAAGCAGAAAGTGAGCCCTACCACAGGGATTGGCAAACTACTGGGGTACGCACATGGTGACGCGATCATCAAATGTCATTCTGTTCACACTCAGAAAAAGCCACATGGAAGTGATAGAAAACTGTTGGATGAGGCACTGTTCAGTGCTTTTCCTAATTTACCATCTTGGCATTTTGTTCAACCATTGCTGATTCCCTATATATTTC,"[[22111319, ""G"", [""A""]], [22111548, ""G"", [""A""]]]",yes,yes,G->A,2
chr2,158416160,158416505,TGGCTGGGACACAGGGAGCAGTGTCCCAAGGCTGCACAGGGCAGCAGGGCCCTGGGCCCAGCCCAGGAAACCATTCTTCCCTTTTAGGCCTCCAGGGCTGTGATGGGAGGGGCTGCCACGAGGTCTCTGAAATGCCTTGAAGGCATTTTCCCTATTTTCTTGGCTATTAACATTTGGCTCCTCTTTACTTAGGCAAATTTTTGCAGCCAGCTGGAAGTTCCAGTTTCAGATCATCTCTGCTCACACATATGAGCATATCCTGTTAGAAGAAGCCAGGCCACATCTTGAATGCTTTGCTGCTTAGAAATTTCTTCTGCCAGACACCCTAAATTCTATCTCTCAAGTA,N,no,no,N,0
chr9,18689960,18690226,TATTGCCATAAATAATCTTGTTGTGAGCCATTACAAAAAAGAAGACAAAAAGGAAGAAAAGTAAGTAAGCAGAAGGCAGCAGTAATATCTGGATGCCAGATGGCATCAGCTTAGCAATGGGGTTTATTCAATAAGAAGCAAAGGGAAATTCCTGTCATGCATCTGTGAACAGAACCCAGAAGGAATTAGATGCATATAGAAAAACCAATAAGAGTCACCATGGTGATTCTGTAGTCATTAAATGCCTTGTTTATCTTGTTGAAAATA,"[[18690009, ""G"", [""A""]]]",yes,no,G->A,1
chr4,2078582,2078886,TCATGCCTGCTGCTTCAGCGAGAGATGCCTGGCCACACTGAGCCTGCATCCGTCCCTTCCAGACGCCATCCACAGCCTTTCACATTACTCCTGGAAGAACAAATCACGTTCACAAAACACAGACCATGTGCCCAATATTCCACACGAGTCTGCTTTGCATTTTGCTATGAGAAGCATTTCCTCGTGACAGCCAATGGCTGATGACAGAAGGATGACCAGCGAGTAACTGCGTTCCTGAGTAAAAGTGTCTGTGTCCAGCTTTCAGAAGGACTCAGTCAGCAACAGAGAGAGACCTCAGCTCCTCA,"[[2078630, ""C"", [""T""]]]",yes,no,C->T,1
chr1,158716367,158716674,CTAATGAATAGGTAACTACATAACTAAAAATAAAGTTATAACTTAATTAAATGTTGTTTGGGCTTTTTCTTAGATCTCTATTTCTGGAAAACCCCAATGAGGTAATCCATGATTCATAATTAAACAAAAAAACTTTTCTAAGATGTGTTACCTAAATAGACACATACTACCACAGAGCACATTGTCAGCTTCTGAAGCTCAAGCTCTGTAGTTCTAACCCTCTAAAGTGGCAAACAAATTTTCTTTAACCACAGCATTTCAGAAGAAAGAAACTACAGTTATTCAGCCACATAATAAGGTTCCTCATG,"[[158716402, ""A"", [""T""]], [158716479, ""C"", [""T""]]]",yes,yes,A->T,2
chr20,3004547,3004797,TCCTTGCCACATGATGCTAGAGGCTGGGGTGCCATGCCCCCTTAGATCCCTAGGAAGAAATTAAATCAGCTGGCCATCCAGAACCTTCCTGTGTGGTTCACTCTGAGATGCATGTCATCTTTGTGTGGTGGTAATTAGCATGAGGATAAATGGCCCATTCCTTCAGGTATGTCCCCATTCCAATTTACAAGGGTAGGCCCTTTTGGCCCAGTATCATAACAACAGGCTGCTAACCACATAGTAATCATGGA,"[[3004605, ""G"", [""A""]]]",yes,no,G->A,1
chr18,80139134,80139476,TATAAATAATTTGCTTTTTCATTAAGGACATTTCAGCCTTTTTCAGAATACTTGATTTAACTGTGAGTGGAAGCATCGATCTCCTTCAGCTTTCCCTGTAGCAGCAGATGGTACAGTGAGTGTTCAGAGACGTGGGTACAAACCCTGTGATGTATGTATAAGGCTCCCTGAGGATGCACTGCATTAACTTACGCTGACTTCTTTGTAAGATCTTTGCTTATAGATTATAATTTAGATCTGTATTTTTTTAGGTTTATCCTAATAGCTGTTTTTTTTTTTAACCATAACTCATAGAAAATCAAATGTTTTTATTTGTTAAAAGTAGACTGAATTTGACATCTGG,"[[80139197, ""C"", [""T""]]]",yes,no,C->T,1
chr5,150397063,150397447,GCAGGAGAATTGTTTGAACCCGGGAGGCAGAGCTTGCAGTGAGCCGAGATCACGCATTGCACTCCAGCCTGGGTGACAGAGCAAGACTGTCAAAAAAAAAAAAAAAAAAAAAGGCTGAGAAGTGGTTTGTCCAGAGTCACAGGGGCAGCTTGTGGCAAAGCCCGAACTCGATTCCAGAGCACTTGAGTCAGCACTGCCAGGAATGCTCCAGAAGGACGAGGAGTCATGTCCTCTTTCCCCAAGCCCAGTGCAGCAGATCTTGGAGGAACCTGCTTCTCCAGCCAGCTCCTGGGTGCAGAATGGACCAGGAACCAGACTGTCAGAATCCTCATCCCAAACCCCATCTTGTCTCTAGACCTCAGTTTTCCCTCCATAGTAACACTGG,N,no,no,N,0
chr4,174070002,174070412,CCTGCTCATTCATTTGTCAGTCACAGTAACTAAGGATTATTATTTGCTGAATGTACGTGACAACAGCAATTTGCAAAGTCTGTTGGCAAGAAAATCAGGTTAGCATGACAGAGTGAGAAATTAAGCAGAAGCCTGATGTAATTAGCTACAACAATCAGTGCTCTAATTTCTGATTTATTGTTTCCTGTTTTCCTGCTGCACTCCACTCTGTGTATACTGTATGTACTTCATATAGGTCAAACAATTGCCTTATCAGTCCTGGCAAAGCGAGAGGTCAGAGTTAACAATATTTATTTAAACATGCAGGATGCTTCCTTCTGCAATTAGGAAATAACTATTACTAATAGGTCCTTGGCACTATTTCCTCATTTATACAATTTTTGGGGAAAAAAGAAACAGAAGCAAGGAAGA,"[[174070064, ""C"", [""A""]], [174070317, ""C"", [""T""]]]",yes,yes,C->A,2
chr7,137205811,137206153,GCTACCCTTGTGGAGAGCCTATAAACGGATGCATGGGGGGGTGCCTGTCCATATGGATAAGAGCGCTATGAATGCCCTCATCTTGCCGTGGCTCTTCTAGACCTCTTTAGGGTTAAGGCATACTCCCTTCTGAGAATTTCTGGTCTAACCGGTTGTCTAGCTTCATGTCCTGTTTCCATGGATTGTTTGTAACCAGCTTTTGTTGAAATTGTTACTGCTGATTAATATCTTGCTAATCATAGGTTATGGAAAGATTGTGTTTCTGTTTTAAGGCTCTGTTAGAAATTACTGAAGCACACACTATATTGTAAATTCTTATCTCTGTGTACTGTACTTCTACATA,"[[137205911, ""G"", [""A""]], [137206103, ""T"", [""A""]]]",yes,yes,G->A,2
chr11,26150510,26150741,TTGCTTGACTTATCCACTCAGCTATGAACTTCTTAAAAGATTTGGCCCTAGATGCTTTTATTTGTGTCCTGAAGGCTTAACTTACTGATGTCTAACAAATGGCACATGCTGACAGTTTAGAGTGAATCATCGAAGGAAGGAGACAGTTTCCCTGGATTTGCTGAGGCTGAGAACCAGTGTCTTGACAGTAACAGTCAAGTAGGATTGGCTTATCCTTGTATTTACATATGGA,"[[26150530, ""A"", [""G""]], [26150698, ""A"", [""T""]]]",yes,yes,A->T,2
chr11,91064182,91064444,ACCTTGCCCCCAACCCTGTGCTCTCTGAAACATGTGCTGTGTCCACTCAGGGTTGAATGGATTAAGGGTGGTGCAAGATGTGCTTTGTTAAACAGATGCTTGAAGGCAGCATGCTCGTTAAGAGTCATCACCACTCCCTAATCTCAAGTACCCAGGGACACAAACACTGCGGAGGGCTGCAGGGTCCTCTGCCTAGGAAAACCAGAGACCTTTGTTCACTTGTTTATCTGCTGACCTTCCCTCCACTGTTGTCCTGTGACCCT,N,no,no,N,0
chr14,54051675,54051877,AAGGTTTGGGAAAAGCAGAATCCATAATTCAGCTTGGCAGAGACAAAGGAAAGTGAGTTAACACTCATCAGACCCTTGGGATTACCCTTCTGTCTGGGATGCAGGAGGAAGCCAATGTGGATGAGGGACTGGTGGCGCCAGGTGAACATTCACAGCTAGGCTCTCCAGCCCAGTGATTTGGGATATTTGGAAATTTGTCCCCA,"[[54051746, ""G"", [""A""]]]",yes,no,G->A,1
chr6,74880010,74880278,ACTCACTTTAAATAATCTAAAGTGACCCAAGATCTGTCCAAGATGTCTAAGATGTTAATCTGTCCAAGATGTTGTTAAGTTATAAGAAAAAGAGATTCATCTGAGTATGGTTTCGGTAAGTGACTGGAGAAAAACAGAATGGTTTCATATTCACTTCCCACTGAGTTTAGACTGTTGGAGAAACCAGTCACAGCTGTGACCCTGTTGGAAAACTGTTGTGCAAAGATGAATGTGGGTGCTGAAAAAGATGTATGTGAGAAAACGGATGT,N,no,no,N,0
chr11,24125421,24125706,CTGATGTGACTTGGGGGTATCTACACTTTCCCTCTCCTGTGATTCACAAAACACTTGAAAAAATGCACTTAGAGGGGACAATGGAAAAACATAAAGCCACTGTAAGCTTTAAATGCACAGATGATATGTAAGGCTAAATTAGTCCCTAAGGGATTATTGTCTCTCTGCCCAGAAGTAAACCCTCTGTAAATAGAAATTTCCCTCGGTTTAATCTTTCAGGGTCTTCATTTTTCTGATTATTTGCTGCCTGAGTATCTCCTGTATTAGTTACAACATTCTGCTCATG,"[[24125469, ""G"", [""A""]]]",yes,no,G->A,1
chr5,106156655,106156920,TAGGCACATAACCCTTAATTATAAACTTTAATAATATATAGTCTCTGTATCAAAAATATTTGCTTGTATTTTCTCACAGAAAGGTAATCTGCTCTTATGGATATTCTTTCTCTTACACCTTCTCTTCCAGCCAACCAAATCATTCAATCCTTCATTGATTTATTGAAAATCTATTATACAACCCATTATGCTAATGGCTTTATTGTCACAGATTATTCCCATCTTAGAAAAAGAACCACTCTGAATACAAAGCTTTCCTCAAACTG,N,no,no,N,0
chr4,168924652,168925074,CTGTCTAAAAGAAAAGATGAATTCATTTGCTTTAGTGATAAAAGACTATTCAGTGGTTTTTGTAAAGGCAGATCCTCAACTAGGAATTAAGCACACAGATGTATTCAACTCTTGACGTCTGTTCTTTCTCCCATTAACTTTAATGGAGCTAGTAATCTCTACAGAATAAGTATGACCCTATTATCAGCTACTTGCACAATTCTGTTTCTAATGATCTAATTAAAAATGATGCTTCATGTCCAAAGCCACTTTTAAAAAATTTAGAACCCTAATGACTTTATCCTTTTCTCCAGCATGCACCAGGACAACCACGGCTACATCTGCCTGCTCATTCAGGGAGCCACAAAAGAAGATGCTGGGTGGTATACTGTGTCAGCCAAGAATGAAGCAGGGATTGTGTCCTGTACTGCCAGGCTGGACGTT,"[[168924654, ""A"", [""G""]]]",yes,no,A->G,1
chr4,61254369,61254784,AGAAACTATTAGTCCAGATTTTTCTTATGAAAGTTTCTACCTTCTTAGTGCTAGTTGAAATTATTTTAAAATCTTGAATGCTAAAGAGATAAATAAATAAGAATGACATGACTGTGCATGACCAGGTCTCTTCATTCTTTAACTTCTACCTGAAAACCAGGCATACTCTTCAACATCATGCTGCTAGATATTCTGTTGTGAATCACTTACCCTTATAGATCCCTCCTCTTGGGGATTTCCACTTACTCCCTCACTGCACGGTTGTACAAGTGTGAACATGCCTGGAAACTATAATTATCTGTGGATTTTGACAAAAGATCCTCAGTAGTTGTTACCATGCTTATTAAGTTCCCGAACAAATTTTTATCTCCTAAATTAACATCAGGTTGACAGGCATCCAGGATGGATGCTGATTC,"[[61254422, ""T"", [""G""]]]",yes,no,T->G,1
chr10,39455026,39455438,TTTATTTATTTATTTATTTATTTTTTGGTATTTATTGATCACTCGGGTGTTTCTCAGTGAAGGGGATGTGGCAGGGTCATAGGATAATTGTGGTGAGAAAGTCAGCAGATAAACAGGTGAACAAAGATCTCTGGTTTTCCTAGGCAGAGTTCCCTGTGGCCTTCTGCATTGTTTGTGTCCCTGCATACTTAAGGTTAGGGAGTGGTGATGAGTCTTAACAAGCATGCTGCCTTCAAGCATCTGTTTAACAAAGCACATCTTGCACCGCCCTTAATCCCTTTAAACCTGAGTTGACACAGCACATGTTTCAGAGAGCACTGGGTTGGGGGTAAGGTTATAGATTAACAACATCCCAAGGCAGAAGAATTTCTCTTAGTACAGAACAGAATGGAGTCTCCTATGTCTACTTATTT,"[[39455216, ""G"", [""A""]], [39455435, ""C"", [""A""]]]",yes,yes,C->A,2
chr19,7382621,7382889,TAAGACAGGGAAGGAGGGAGGGAAGGAGGAAGTCAAGGGCCAGGGAAGGGGTAAGGCAGGACCAGGAGGCCACAGGGAGACAGGTTGCAGGTGGATTCCTGAAGCAACCCACAGGGCTGCCTCAGAATGGCCCCTGGCCCCCTCTAGTGGACCTTCCCTCTCGTCCCTCAGGAGCGAGGACGGTGCTGGCAAGAACGAGAAGAGTGACAAGAGTACCAGTGTGAAGCGCAGGCTGAGCTGCCTCCGCAGTCGAGTGACCAGGCAGAAGG,N,no,no,N,0
chr7,41625408,41625765,TTCAATAAGCCACCAAACCATCACTTCTGGAGCCCCCACCCCCACCCCTATTCATAACCAGAAACAGTGACAGGATTATCTTAAAAACCAAGTAGCTGCCAGATACTGTTAAAATTTCCAGACCTTGAAAAAATGCAACTTCTCTCCAGACTGTGCATCCATCCAGTGAACACAAGTGTCCATGTGGCCAGATCCATGTGCTCACTCAAGTTCTGAGACATCTGGATGACGCCTGCAAGATTTTGGTGCTAAGTGCCCATTTATTCATCATAAAATCAAATTTACCATGTTATAAACTGAAGGCAGGGCTCTCCTTTATGGCCAGATCTAAGACAATGAATTCAAAGAATGAACTTTT,N,no,no,N,0
chrX,103480944,103481253,TCCTTTTCTTCTAATATTTTTAATTGCACAGGGAAGGTATTTCGCAAGTGTTTTAATTCACATGTGCTGATTGTTCCTGCAGTTCTTTGCTGAGTGAGACTGTGACTCAACTTTTACCCCAAACCCAGCTGTGTTAGGATCCTTCCTCTCTGGAAGCTGTGGTGCTGACCCCTGGGTGGTTTCATGCAGTCCCTCCCTCTTTCCCACCCCTGTGGCAGTCACTGCTTGGCTAACTAGGTGGGTAAACAGAGGAGCCTACTCTCCATTCAAGGGGCTTTCTTTGGGAGAGTGCAGAGAGAAGCATGCTGTG,N,no,no,N,0
chr2,12841903,12842169,CCTGAGCTTCTCAGTGCCGACAGAAGCGAATGCATTAACTGAAAGCATTCAGAGACCAGAAACAATGTGCATTGGCTGGAAATGAGCTAAGAGCTCTCCACTGAAAGGATTTGCTTTCACCGCCACCATTAGGAACTTGCTCCTGAGTCAGAGTGAATGTGAATTTGAATAGAAACTCATTGTACCTGAACATGATCTCTGGATGGGTTTTACCACAACCAAGATGAGGATGAAAAGGGGATATCTGAAGATTGCAATGAAAGGATA,"[[12841921, ""A"", [""G""]]]",yes,no,A->G,1
chr10,117490517,117490887,TGCTCTTGCTCCTTCTGGCCATCTCATCTCCCCTCTCCTTTTCTGAAGCTCTTTTACTGGTCAGCAACCCGGCCCTTCTTTGCCATTATGAGAGAAACTTCTCTGCTGTTTGCTGATCGAACTGATAATTTGTTTTCTTGAAAAGCGTGTTTTAATTCAAGGGAGTTGTTGTTAAGGCAAGTCCGTCTGCTGTGAGTTTTATCTCCTCTCTGTTGCTTCCTGGCAGTGCCACCCAGGGTCCTGGCATGCATCTTCTGGAACCCAAAGGGCAAACAACACCCTTAGACTTCCACACAATCCCCGGCTTCTCCTCCACATCTTTCCTCAGCTATCCAGCTGTGCAGAGCTGGCACACGGGCATGCCCTGCCTT,"[[117490571, ""C"", [""T""]], [117490700, ""T"", [""C""]]]",yes,yes,T->C,2
chr1,56864499,56864811,AAGAGGCTGTGGAGGCCCCAAGTAACTATTCACAGGTGATTCATGAATGAATGACTTGGAGGAGGAGTTGTTTTAGAGAGTGAGAAGGTTCAGAAGAGAAGATAATTACAGATAAGGAAAAGGAGCAACCGAGCAACCAGAGAGTTGGATGACTCGTTTATAAGGATGATGAGTCTCCCAGCATGATGACAGGAATTGATGTAGGGGGAATATTGTGAGCTGGGCAATGAAGTTTTCTTTTTAGGGATGGGAGGGCTTGTGCCTGCTAGCACCATGTTACAAATTAGAGTTTCTCAAAGTGTGTTCTTTAGAC,"[[56864739, ""G"", [""T""]], [56864740, ""A"", [""T""]]]",yes,yes,G->T,2
chr16,10053496,10053907,ACACACCGTCTCTCTTAAGGACTGTGAGTGACGAATGAAGCAGAGTCACTGGTATCTTTTGAGCAGGTGGTGACAAGTTCATAGGAGTTTTAGGAGGGCAAATGTTGCACTAAGGTGGATTGCTCGGGGGAGAAAATGGAGCCAGGATTAGACCACTTTGCCTAGTCTACATCCTGCCACCTGCTGTTACAACGTCCTTCTGTTGTCAGGGTCACTCATGAAATGCAGTAAAAGAGCTGTATTAGTTGGTGCAAAAGTAATCGTGGTTTGTAATGGCAAGAACCGCAAATACTTTTGCACCAATCTAATACATCCATAAATGGATATATTTGAATATGGAATGACAATAAGAAGTTAAAATTTAATTTTAAAAAACTGAACAGAATAAAGAAACAAAGCCAAAGAAAGGAAA,"[[10053619, ""C"", [""T""]], [10053621, ""T"", [""G""]]]",yes,yes,T->G,2
chr10,17139510,17139993,TCTTCTGGGAAGGAAAATGAAAAAAAAGAAAAAGAAAACAAAGGTTGGGGATACCTGGCACTCTTCAGACTCTGCCTCTTGTACCTTTAATTGGGAAGATAGACGCAGAAGCAGTACACACAGGCATCTTTATCTTGTGAGAGGAAGCTTTGCATTACGGATGTGATTTACGGTTAGAGGAGTGATTTAACAAGGCTGATGCCTTACAAAGGGGCATCATTCCCAGGGGATTTGTTAATTGAAGTGCCACATAGATCTGTGGGAAGATTTAAGGTGTTGTCATCAATGGCAGAAAGGATGAGATGACCTCACTTCTGTCTTTTTCAATGCCGTTATTCTAAGATCTATAAAAAACAACACCTTTGTATGCTTTCTTTATAGTGACTTGGACCATATTTGTTACGGAAGTACTGCTAAATCAAGCTTTGTCAACAATTCCTAGACTATGTTTAGAAGAGACATAAACAATACCCTAGGAGTTATA,"[[17139553, ""T"", [""G""]]]",yes,no,T->G,1
chr14,90560173,90560484,AGTGGTGTCAGCAAACTGCCTCTCTGAAAGAGAAAAAGGCCTTGATTTGTGGCGCCTGCCAATTTCCGTGGTATAAACACTTCCACCATGGCTGATTCCAAGCTACCGAGGTGATGTCATTGTGGGTGGAGCCAGGGAGAGGTGAGAGGAAGGGACATACTGGCATCAGCTGCACTGCATGCAAGTGTGAACCAGCAGGACCTGCAAGAGGCACTGGCACTAGAGCAGAGACAACACAGAAGACACAGGTGACACTGGATGTCACAAAACACACTGATCCCATCATCCAAAGCACACTGTCGTCTTGATGGT,"[[90560265, ""C"", [""T""]]]",yes,no,C->T,1
chr4,73611978,73612465,AGAAAAATGTATTATGTAAATGAAAAACTACAGAAACAGTAACTCCAGACACGGATGGATTGAACAATTTGGTAAGTCTGTTTTAGATATATTTCTAGCAAAATAAATATGACTCTATTGATTTATATAATTCTGTATAAGGGAGCATATTCCTTCTATTGCAATAACTCACCCAAACTGGCTGAACCTTGCCCCAATCAGCAGAACACAACTGCAATTCTAGGCAGCTAAAATCAAGCTCTGACTTGAAGAGTTGATTAGGTATGATGTAATATTTTTCAAGTCTCCTTCAAGCTCTGGAAACTGTGGTCAGATGTGAATAATCTCCTCCTTTATATGTTCATATAAATGGCATTAGGGTGTGACCAGAGATGTAAAGTATAATATTTTCTGTTCATTCCATTTTGCAAAAATTGAATATTCAGTTATCATGGCTCCAAGTCTATAAGATTTTAGGGGATAGAGCCAGAATAAAAAAGATGGATGAG,"[[73612184, ""G"", [""C""]]]",yes,no,G->C,1
chr4,41822275,41822725,ATGTTAACATCCTTAAAGAGGTAAATGATGGCACGGTAAATCCAATTAGAATACATACTACAACTGGATTATCTTGCAATTTTCAAAAAGCTGATTGCATTTTACGTCTTCCCTGCTATTGTCAGAGTGGCTTTACCACAAGTTGCTGCACCCCGCCTGGTGTCTGTGTCTCTGAGTGGTGACCTTTGCTGTAAGAGCTGCTGCAGACATCACCAACTCTCACATCAATTTGCTACAATTGGATGTGGCATCTTGCAGCTAATTTGATTTGGGAAGAAATGCACCTGGCTCTGTTTTTTCCCTATAGAATGTGGAGGGAGTTCTGAGTCCTCGCAGATGCCATCTAACCGAGGAGCCCATGTGTTTTTCAAGGTCTAAGCAGTTTGTCTTCATCTCCCCAAATACAGCCCATTAGAAAGGGAGAGAAGCTGAATTATTTAACTCAAAAATC,"[[41822345, ""C"", [""A""]], [41822689, ""C"", [""G""]]]",yes,yes,C->A,2
chr4,117923724,117924107,CCCAGAATTTCATATCCAGCCAAACTAAGCTTCATAAGTGAAGGAGAAATAAAATCCTTTACAGACAAGCAAATGCTGAGAGATTTTGTCACCACCAGGCCTGCCCTAAAAGAGCTCCTGAAGGAAGCACTAAACACGGAAAGGAACAACCGGTACCAGCCACTGCAAAATCATGCCAAGACTAGGAAGAAACTGCATGAACTAACGAGCAAAATAACCAGCTAACATCATAATGACAGGATCAAATTCACACATAACAATATTAATTTTAAATGTAAATGACTAAATGCTCCATTTAAACGACACAGACTGGCAAATTGCATGAAGAGTCAAGACCCATCAGTGTGCTGTATTCAGGAAACCCATCTCACGTGCAGAGACACA,"[[117923860, ""T"", [""C""]], [117924018, ""A"", [""T""]]]",yes,yes,T->C,2
chr2,118492412,118492670,CCTCAGATCCATCTCAGGTGTGACCTAGGTCACAGTACTTTTTAAAATCTCACCAGGTGATTCATTTGTGCTACCAAGGTTGAGAACCATCCTTTAAGGTTTTACAATATGCTTGCAATTCTGATAGCTTCCACAAGGTGGTAGTTGATTTTAGTTTCATAAGCAAATAATTAGACTCACTCTGACAACTGAGAGAAAGCAAGATTAAAAATTATGCAAGCTTTTGCTTCCCATTACAATATATTTCTTCATAAAGATG,"[[118492476, ""C"", [""T""]], [118492635, ""G"", [""T""]]]",yes,yes,C->T,2
chr17,2750780,2750986,TCCTTCCTGTAAAGTGCTCAGAACAGTACTGCTGAGTGCTTGTTAGGCCTCTGTGCTCATGACAAGGGATGAGGTAGCCTTGTGTGAGTGGCAGGTGGCTCAGAGATTGCTCTGGGTAAGTCATTCCTGTCCCTGCCTGGAGGACTGGGCTGAGTGGATTCAGGCTAATGGGTTGGTGCCTGGCTTTCCCCACTCCATGGCTAGCCA,"[[2750858, ""A"", [""C""]]]",yes,no,A->C,1
chr5,69474547,69474757,AGAATGAGTATTAATTCAGGCATATTCTACTATGTATGACCAATTATGTGGTTTTTACTGCTGTTCACAGATGAGATAGCCGGTTTTCCTTCCCTTCCCTTCACATGGAAGACTGTGGCTGGGTGGGCCATCTGTCTAGTTCTGGCAATTTTTTGTGAATGGAAGTGATTTGCATCACATCTGAGTCAAAGCACTGAGTTTCCAGTGTGAG,N,no,no,N,0
chr20,42577613,42578042,GTTAAACTGGGTTAACGGTGACTGCCTAGACTGCTTTCTCCATCTAGTTCGGCCACCACAGAGGGTCAGGGCTACCCAGACTACCGGCCAGGGAGGAAGGAGATCAACAGCACGGAGATGTGTGTGTCTCAAATTAAAAATGGTCTGGCCAGATGCAGGCACTGGCATGCTCAGGGAGAAGCAGTCTAACCAAACAAGAGAAAAACCTTCAGACCTGAGCAAGGCTGTGTGTGTGTGTGTGTGTGTGTGTGTGTGTACAGGCATACCCAGTCTAACCAAACAAGAGAAAAACCTTCAGACCTGAGCGAGGCTGTGTGTGTGTGTGTGTGTGTGTGTGTGTGTGTGTGTGTGTGTGTATAGGCATACCCACATGTGTGTGAATTCCCATTAGGAGGTGGGACGCTAGCAAACTGGAAGGCAGAGCCCATCT,"[[42577624, ""C"", [""T""]], [42577969, ""G"", [""A""]]]",yes,yes,C->T,2
chr9,34999045,34999269,CTCAAGTGATCCGCCTGCCTTGGCCTCCCAAAGTGCTGGGATTACAAACATGAGCCACTGCTCCTGGCGAGGCTGAAAGACTTTCTGGCTGACTAGAAGAGCTACCCCCAAGTGTTTGGGCCCGGAGTGAGGAGAGTAGCACTCTTGTGCAGGATATTGATTTCACGGAGGATGGTGAGCGAGAAACCACTATCTGGGGGGGGATATCTGTGGTGACGAGGATTT,"[[34999122, ""G"", [""A""]]]",yes,no,G->A,1
chr16,4995178,4995395,GTCTACAAAGAACTGGCTCTGCCCACAGAGGCTGCTGCTTTGTGTGACGTCTCCGCCCACTGCTGAGATGCCACGAGGCCTCTGCACGCCAGCATCTGCCACCCTCATGGCTAAGAGTGGGGGAACAGGACTCAGGCTTGGGGCCTGGCCTCTGCACACTGGCAACATTCCGACTACAACCGCCCAGTTGTGGGGGACAAGGCTGCACAGTGGGAATG,"[[4995204, ""G"", [""A""]], [4995312, ""A"", [""G""]]]",yes,yes,A->G,2
chr7,35092491,35092710,TTCACTAAAGCTTCCTGCTATGCTAGAGCACCACGCTAACAGCAGGACTACAGACACACATGAAACAAAAAGAATGTAAAATGTCACATCTGTTCCAAGAATGTGAAATGCCAGGAGCTGAGAGACTGCCATGAAGGGCAAGTCTCATGGGACATTTTTTCCAATGACTTTTGTGGCTGGTGAACTGTAGTCCTGTGGATGTGCCATAAAAAAAGGAAAA,"[[35092524, ""T"", [""C""]]]",yes,no,T->C,1
chr18,252807,253032,AGTATGACAATGATATAACACAGTCATGAAGACAGTAGAAAGTTTCAAATCTACATTTCTAAACATAATCAATAGATTCCCTCTGGAAATAAAGGGCTAAATGTTTTGGAAATGCACAAGACAATTCAACAATAAAATGAGCAAACAGCATGAATAGCTAATTCACAGAAGAAAAATAAATTCCAACCAACGTATAATAAGTTCCTCAACACCAATAATGATCAAG,"[[252893, ""G"", [""A""]], [252998, ""A"", [""G""]]]",yes,yes,G->A,2
chr1,82510432,82510832,TGAGCCTGGAAAGTAGAGGCTGCAGTGAGCTGTTTTCATGCTGCTGTACTCCAGCCTGGGCAACAGAATGAGGCTCTGTCTAAAAAAAAAAAAAAAAAAAAAAAAAAATGAGTTCAAAACTTTGTAAGATCTCAAAACTATCACTGCTTGTTCTAGTTCATTTCCAAAGCAGCTTCAGTACAGGATGTCTGTGTTTCATTTTCATTTCTATCTTTACTCAAAGAGAATAGGGACTTTGTTAAAACTTATGACAATGAAAATACATATTACAAAAGGTCTTTTATTCTTAGAATCTAAAGACAGATAGAAGACTTAAAAGATAGGCTTTTGTGTTTACTTACACTGTGATAATAGTGTGATTACGACTGGAGCTCGAACAGGATAGGGATGTCTTGAAAAGG,"[[82510601, ""T"", [""C""]]]",yes,no,T->C,1
chr9,136263547,136263938,ACAAGGGACTTGCACGATCATGGGAAGGGGACAGCATTTCTGCAGCTGAGTCCCAGGCCAGGCGAGAGCACCCACCTGCTGCAGCTTGGCCTGGGCCTGCAGCTCGTGCGCTGGGACGACGTCCGTGGGCCCCGGGATGGGGAGGATGTCCACAGGCCCCGGCATGGAGACGACGTCCCTCTGATGCTGCAGAAGCAGCTTCCTGTCCCGGTGCCTGAACAGCTGCGTGTGTCTCAGGTATTGGATTTCCCTCTGAGCAGGCAAAATAAGCAGATGTCAGCATAACCCCGGAGCCAGCAGGGGAAAAGGCCAACAAAAGGGAAGGGGTGTCTGGGGGGATGCCCTGGCCCTCACACTGGGAGGCCTCCCTTTCCCTCCAATTGGCCTTTGCC,"[[136263603, ""C"", [""G""]]]",yes,no,C->G,1
chr2,148126989,148127278,TTTTTTTAGACGGAGTCTTGCTCTGTCTCCCAGGCTGGAGTGCGTGGCGCGATCTCGGCTCACTGCAAGCTCCGCCTCCCGGGTTCAGGCGATTCTCCTGCCCCAGCTTCCTGAGTAGCTAGGACTACGGGTGCGTGCCTGGCTAATTTTTTGTATTTTTAGTAGAGACGGTGTTTCACCGTGTTAGCCAGGATGGTCTCGATCTCCTGACCTTGTGGTCCGCCCACCTCGGCCTCCCAATTTTCTTCAGCTTTTATTTCAAGTTCTGGGGTACTTGCGCAGGATATGCA,"[[148127075, ""G"", [""A""]], [148127109, ""G"", [""A""]]]",yes,yes,G->A,2
chr10,17344257,17344496,GTAAGATTTCACGCTGCTAATAAAGACATACCAGAGACTGGGTAATTTATAAAGAAAGTAGGTTTAATGGATTCACAGTTCCACGTGGCTGGGGAGGCCTCCCAGTCCTGGCAGAAGGCCAGGAGGAGCAAAGCCACATCTCACATGGTGGCAGGCAAAGAAAGAATGAGAGCCAAGCGAAACCACTTGGGTCTCTTTTCTTATAAAACCATCGGATCTCATGAGACTTACTCACTACCA,"[[17344315, ""G"", [""T""]]]",yes,no,G->T,1
chr22,23054612,23054849,TAATAAAAATGTTCCCTTGGTGTCATGCATCAAGGGCTACCAGCAGCAGCACACACATGCCGTGTGGCAGGACAGAGCAAAGTCCATTCGCCATTACAGAAAGTATGCAAATGAGAACATCTGTTCCTTTACAAAATGAGTCATTTTCTCCAAATGGCTGCACTGCATAAACACTTTCACTTTAAATTTAATTTTGGCTTTTCATCTCTATATATATTTGGAATTTTTGCTTGTGTTT,N,no,no,N,0
chr7,118918676,118918894,TGATTAAACTGAACAACCTGTTAAATAAATAATTCATATTCAATCACACCTCCTCTTCCAGATCATCATACTTTCCAGGAGATGGCACTCTAACACTTTGTTTTATAGTCCGTATAGCAAATCTGTAAGCCAAAGATTATTTTAGCAATGCATTATATAATATCGAGTGATTTAAACACTCTATGTCCATATGTAATCTTCAATTATTGGTCTTGCGTA,"[[118918787, ""A"", [""G""]], [118918825, ""A"", [""G""]]]",yes,yes,A->G,2
chr1,100565920,100566258,CACTCTCATTTACCACCACAAAAGCCTCTTAATTGGGTTTCCTGCTATTTCCCTTAATCCTTTTACAATCCATTATCAATGTAGCACATAAAATGCTTCTTTTAACCTACAAGGTAGATCATGTCATGCCTTAGCTTAAAATTCTCTAATGGAATTGCATCTTACTTTAAAAGCTAATTTCCTCTTTAGGACCTACATGACACCATGTGATGCAGCCACTATTAATCTTGCTGATCTCATCTCTTATTATCCTCCTCCTTTGTTTCTCCACTCCACACTGGCTTCCTTGCTGCTTGTCTTTGAGGTGCACTCTCACCACTCCCCTGACGTGTACAAGTA,"[[100566133, ""G"", [""A""]]]",yes,no,G->A,1
chr6,34096063,34096428,CCCTGATGCCAGCTGCTCCATCCCTCTGCCTCCTTTGCTTCCCTCACCCAACACATTGAGCACCTACTGTACACTGGACACTGTTCCAGGTGCTGGGGACACAGCACCTTGTGTCACACCCTCATGGGGCAAGAGTCAGAACTCAGATTCCAGCAGCCCCTGACCAAGCACAGGCGTCCTGCTCTAGGTCCCTCTGTCCCTTTCTCCTTCCTCTTTGTCTATTTTCCTCTGTCCCCAGAGTCCATGACCTCATCTCCCACATCCAAATCCCCCTTCTCATCAAGGCCCAACTCAAATGTCACCTCCTCCAGGCAGCCCTCCCTGAGCCCTCATCCTCCAGAGGGGGCCTAGCCTCCCACAGCACTG,"[[34096068, ""G"", [""A""]]]",yes,no,G->A,1
chr1,20051305,20051731,CATCAGAATAGAAGAAAAACTGTCATGACTCATGAAGAACTGAAATGTTCATGAATATGAAGCAGAACAGGAATTAACTACACAGACTGAACTAATAGAAGACTGAAGTAATCTTTTTGACTTTTTGCTTAAAATGTTGCTGATCCTTTGTTTTTTCAGAGTCAAGGACAATTTTCTTTTGAGCTATTAACAGCTTTTAACAATTTAGTATACTCCTATGGAACAAAATTTAGAACATATTTGTTTATCTCCGCCTGATTTCTCCAGAATTTGGAAACTATTTGTGGGTATTCATAACTTATGGCAATACAGTTAATTGCATAAGTGCAGTAAGAATCTGTTTTCATTTATAATAGGACACAATTGGAGAAACTGGTTATTTTGCCAAGGCTTTGACTGGAATGGCATGCTTTCCTTTAAGGAATCA,"[[20051339, ""G"", [""A""]], [20051557, ""A"", [""G""]]]",yes,yes,A->G,2
chr2,161004492,161004775,ACTTACCCGGAGACTTTGTAATAAAGGAAAAAGAAAGAGAATTCAGACAGACACTACATTATCAGAAACAACAAACTGCCCGCTTGTGGAATTACTGTATCGTGGGAGCTCAAGAAAGCCACTCAAATGACAATTTCTATAAACTGTGATTCAGAATTGGGTTTGAAATGTTATGGCTAAGGTAATATTAGCAATATTTTTTCCTTCATATTTTAAGCTGAGTGAGGTTGTTTTGTTTTGTTTTGTTTTGTTTTTGCCTTGTTTGTTTTTTGGCCCATTACTTA,"[[161004573, ""C"", [""G""]], [161004692, ""C"", [""T""]]]",yes,yes,C->G,2
chr3,32021211,32021520,GGGACATAATTAAGTCCATAACAGTGATTCTTTGTGGGTAGTCTTTCTTACAAATACAAAAGTGTGGGTATTTTCTCCGCGTTGCTGCTTTCCAGGAGCACAGGCTCAAATAAACTTCAATGTCATGAGGACAGATGTTATCATTTCTCTTGTGTATATTCCTAGAACTGGAATTACTGGGTTACGTTTAACATTTTAAGAAGCCATTTGCCAACATATCTGCACCGTTTTAACTTCCCACCAATAATATTAAAGGATTCCAGTTTCTCCACTCCCTTACGCTCATGAATGCTTTCTTTTTTATTTCAGC,"[[32021325, ""G"", [""C""]], [32021331, ""C"", [""T""]]]",yes,yes,G->C,2
chr6,141259847,141260182,CTAGTTGATGAGTTCAGCAAATTTGCAAGATATATTAACAGACAATAATCAGTTGCATTTCCACAAACTTGAAATAAACAATCCAAAAATGAAAGTATGAAAATAATTCCGAAATACTCCTGAGCCAGAAAAGAATGAAGTAATGTCTTTTGCAGCAACTTGGATGGAACTGGAGGCCATTATTCTAAATGACGTAACTCAGGAATAAAACCAAACACCACATGGTCTCACTTATAAGTGGGAGCTAATCTATGGGTATGCAAAGACACACAGAGTGGTATAATGGATAGGAGACTCAAAAGGGGGGAGATTGGGAGGAAGGCGAGGGATTAAAAA,"[[141259912, ""T"", [""A""]], [141259954, ""C"", [""T""]], [141260110, ""C"", [""A""]]]",yes,yes,C->T,3
chr5,146828323,146828782,CATTTAACATCATAAAAGAGAAACTTCTGTATCAATGACCAAATCAGTGGGTGAGATCTACAAACTAGAATCAGGGCTGGTGCATTGCTTTCAGAATGTTCCTTATTTATAGACAGCTTAATTGCATTAAGTGCCAAAGAATGTACTGCTTTCTTTGTAATGAGTTTTTATGGTCTTAGTGTTCAGAAGCTCAGATTCCATCTGTGACAGCAGAATGTTGTAGAATTCAGCTATTAATAGCTGCTGGTACACACTTACTCAGAGCTAAGAGGCCCAAGGCTGTAGAGACAGCCAGATGGAGATAATACCAGAGAGTGACTGTATGGACAAAAAGGATGATCTTTTTCCCCCCAACACAAAACAGACAACACTAAAAACATGACAATCCTGTTTTATTGCAAGCCAAACTCTCTGAAGAATTTTTTTCCCCCTCTTTGGAATTCTTAGGTCTGGTTCTAAA,N,no,no,N,0
chr1,160619851,160620106,TGGTGAAAAGAAACCATAATGGTTATCTCCCTCTGGTCCCCAGCAGGAGCTCCTTACTCAGACCTGGTCTTTACTGTCCTTTGCATACCCACTTTCCCCAAGGGCACAATGGAAACAAAGCCCTGAGTCCCAGCCCCCCTGCACATTTGTCATATTGTCTTAGGTTAGTTACTTGATCACTCTAGGCCTATCTGTGAAATGGGATTTGAAATACCTGCCTCACGGGGCTGTTGTGATAATTAAATGAGATACCACT,N,no,no,N,0
chr12,40779791,40780055,TTGATATCAAAGTGCAGGTATAATCATAGTTCAGCAGGATATATTTTAGCTAGATTATGAAAGCTTTTCACAGATGAGTGCAGTTCAAAGCAATCTGATTCTGGTTTCTGTTTCTGCCATTGTTATGAGGACTCTTTTACATTGGAAGACTAAATCTCCCCAAACAGGTGTCACTCTGGAGCAAATTGCAAGAGTTTGAGCTTGGATTATAGTGAGGATTCCTAAGATCTTCTGGACCACGTGTCTTTCTCTTGAAAAGCCTTCA,"[[40779964, ""T"", [""C""]], [40779979, ""A"", [""C""]]]",yes,yes,T->C,2
chr7,132622041,132622451,TTCCCAGACTTCTTGGTGGTTGTGTAGAGACTTACTACTGGGTTCTAGCCTTTGAAATGTAAATGGAGTGATGTGTACCGCTTCCAGGACTGGCCTATAAAAACCTTCCGCACACAATCTTCCATGCTGTCCTCTCTTCCACTGGCTGGATATAAACAAGCATGATGAGCGTAGAAGCCACATGTTGAGGATGGCAGAAATACAGAGGAAAGAGGAAAGATGCCTGGGTCCTTGAGTCACCACTTGAAAAAGAGCTATTCGCCAATCCTGAACAACTGTTTTGGATTTAATGTGAGCAAGAATTATTCAAGCATTTGTGGGGTTATTTATTATTATTACAGCAACCACCAGTATTGTGGTGAGGATTAGCTCATTAAAATGATTGCAAATGCTATAAAAAACATTGGGAAA,"[[132622091, ""A"", [""T""]]]",yes,no,A->T,1
chr5,80419198,80419473,CCTCCCAGGTAGCTGGGACTACAGGCGCATGGCACCATGTCCAGCTTATTTTTTATGTTTTGTGGAGACAGAGTTTCTCCATGTTGCCCTGGCCGGTCTTGAACTCCTGGGCTCCAGCATTCTGCCTGCCTCTGCCTCCCAAGTGCTGGGATTATAGGCGTGAGCCAACCATGCCTGGCCATTTCTGGGGTCTATTCTGTTTTATTGATCTACGTGTCTGTTCTCTTGCCAATACCAAATTGCCCTGATTACTAGAACCTTCTTGTGCATCTTTAA,"[[80419205, ""A"", [""G""]]]",yes,no,A->G,1
chr3,158642838,158643070,GTACACTCCACAGCTCAAGAGCACCTGTTACAGAATTTTCTGGGATTTAAATACCCTCTAGAGCGTTCCCATTGGTTACACACTATGTAAATGAAGGAGTGGCCCATAACCAGCCTGCTTGGTTGCAGGAGGTGACCAATCAGAGGCTGAAGTGAAGTTACAAAGTTACACATGAGGACTTGGCCTGCTACCAGTCTGATTATTTGCCAGAGGGGACCAGTCAGAGGTACTTT,"[[158642919, ""C"", [""A""]]]",yes,no,C->A,1
chr6,123570570,123570849,GTAAAACCTACAAATTATTCCTTATTAATGCTTGATAAAGTACCAGTTCCAAACGAAATCTTCACCCAAGCTTTTTAACTATTATCTTTATGAACTGCAACATTCAGGCTTTGTTCAGCTCTTGCAAATAAGGATATCAATTTCATTGGAAATCAATAAGTACCACCGACAAAGAAAGAGAATAGGAGGAAAAAGGGAAGAATGAAACAGATTTCAGTGATCCTCAAGCACATTTGTGGGGTGTTTCTTCCTCACACTAAGATGAAACAGAAACCAAGCA,N,no,no,N,0
chr14,27099695,27100063,CTATTGCTCCATATGACAGGATAGATGAGCCATCGCTAAATGGCAAACATAGTATGGCAAACAAAGAAAGACATATTCTTGGCTCAGTCAGCCTCTACTAATTGCATTATGGCAATGCATACCTCTTGGGACATCCAGCCAGGAGACAGCCTGTTGTAGTGGAGACTGACTAGCACAGGAATACCCTGTCAGGCTGGATGGGATACTTTGTCTCACAGTGGAAGGAGGACTTCACCTTACTGACCTGGACTCCTGTCACACTGCTAGATTCTGAGCCTGAGGTAAGGAGACACTAATGCAAGGCCACTTGCATTTTGCATAAGGGAGAAGTAATCAGGCTCCTGATCTGGCATGTAACAGTCCAGGAAG,"[[27100048, ""A"", [""G""]]]",yes,no,A->G,1
chr1,149679398,149679631,TCTTTAATCTCATTTTAATTTCCTTTGTTTGAATGAACTGTAGTTATTTTCTGTATTCCTATATTAACCATCTAAACCAACTGTAATGACACGTACACTAATAAAGAATTGAACATTTGTATTTGTTGGCAGTGAGCCCAGTTGTTGGTGAATTTAAAGCTTAAAATATGGGAGTGATTTGCTGCTATATTTCTTTTGAGAGATAAAGGAGGAAGAAATGGAACCTAATGGTAA,N,no,no,N,0
chr2,32748198,32748535,TCTTCATTTCATTGATTATTTAAGAGTATATTGTTTAATTTCCACAAAATTCCTTTTGTTATTGATTTTGAATTTTATCCCAATTGTGGTTGGAGAACATACTTTCTATGACTTCAGTCTTTCACATTTGTTGAGACTTGTTTTGTGGCCTGTCATATAGTATATCCTGGAGAATGTTTATGTGCACTTGAGAAGAATGTGTATTCTGCTGTTGGCTGGAGCGTTCTTTAAATGTCTGTTAGGTCTAGTTGGTTTATAGCATTATTCATGTCTACTTACATCTTTTGTGTAGTTATTCTGTCCATTTTTAAAAGTTAGGTATTGACATCTCCAAATAT,"[[32748352, ""G"", [""A""]], [32748419, ""T"", [""C""]]]",yes,yes,G->A,2
chr2,101352679,101352945,ACACCTGTAATCCCAGCTACTCGGAAGTCTGAGGCACAAGACTCACTTGAACCCAGGAGGCAGAGGTTGCAGTGAGCCGAGATCATGTCACTGCACTCCAGCCTGGGCAACAGACCTGGACTGTCTCCAAAAAAGGTGGTGCCTGTGGGTAGTCCTAGCTACTCAGGATGCTGAGGCAAGAAGATCCCTTGAGCCCAGGAGTTGAAGGCTGCAGTGAAATATGATTACGCCACTGCACTCCAGCCTGCACAAAAGAAAAAATCCTTG,"[[101352766, ""C"", [""T""]]]",yes,no,C->T,1
chr1,179822138,179822371,AACACAAAGCCTATTTTATGACAAACTCATGACTATCTCATGTAATTTATTGAAAACGTACTGAAAGTGAGAAACAGAATGGTTGTATGGGTGCTCCAAATGTGGTTTCTACTGAACATGTACTGTTTTTGCACCATCATAAAGTCAAAAACTTGTAAGTGAAACCATTGTAAGCTGGGAACCATCTGTGCTGGTTTTGTCACACTACTTACTGTGTGATTTAGGCAAGTCTTC,N,no,no,N,0
chr12,15988993,15989393,TCCGCAGTGGAGAAGGCTCCAGGAGTAGGGAGAGTCCAGGGAGTGGGACCAGGTACTTCTGAGCCTGCAGGGGTAGAGGGCTTCCCAGGCTTCTAAGAGCACAGGAATGCCTGGGTCTGGAGATGTGGCTTGTTGGATGCAGCTGCCCCTGGGAGCACAGGGCTCCTGCCCTACCAACATGGTAGAGGGTGGAGCTCCCACCTGTTCCCAGACCTCACCAGCTCCACGGAGTGTGCAGCCCTAGCCACGCCTCCCCCGCTGCAACTGGCATCCCCACGGTGGCTGCTCCAGACAGGCCACTGCCGCCATCACTTTGATCCTTATTTTCTATTTCAAATTGGCTTTTAAGCCTATCCAGTGAAATGTATGCTGCTGTACATTTTTAGTTTAGAATTTCCATT,"[[15989027, ""G"", [""T""]], [15989296, ""T"", [""C""]]]",yes,yes,G->T,2
chr1,205756979,205757262,ACAGGTGCACACCACCACATCTGGCTAATTTTTGTATTTTTAGTAGAGATGGGATTTTATTACGTTGGCCAGGCTGGTCTGAAACTCCTGACCTCAGGTGATCCACCCACCTTGGCTTCCCAAAGTGTGCCCGGCTCATTGTGGTTTTGATTTGCATTTCCCTGATGACTGTGATGTTGAGCACCTTTTTCATATACCTGCTGGGTGTTTGTTGGGTGTTTGTATGTCTTCTTTGGAAAAATGTCTATTCAGGTCCTTTGTCCATTTTTTATTTGGGTTATTTG,"[[205757028, ""C"", [""T""]], [205757208, ""C"", [""T""]]]",yes,yes,C->T,2
chr2,72078516,72078853,TGACGTATCTCTCTGCAATTATTAGCCTTCCTGAATTTTTTCTTTTTCCCCTGTGTTCCCTCTTCTCCTGGTTGGGTCCTAATGATTGAGGACAATAGTGGTAGCAATGACAACAGCAATGACAGCTGCTAACCTTCATTATCTTATTTAATCCTTGCAATTTGGCAACAGCACCATGGGGTTCGTACTTCCGGTTCTTAAAGAAAAGCAAACTGAGTCTCAGGAAGATCCTGTAACTTTGCCCAGGTTGCATAATAGCAAGGGGTGGATCAGGGGTTTGAACACAGACATTGTGACCCCGGAGGCTGTGCAATGACACTTCATGCCATCCAGCTCCC,"[[72078519, ""T"", [""C""]], [72078677, ""C"", [""T""]], [72078804, ""T"", [""C""]]]",yes,yes,T->C,3
chr16,55622313,55622622,TAACCACCTACTCTCAATCTGAAAGTTTCTTGGTGAAGAAAAACAAAACACAGAAATCTTAAAAGAGAAGTGCCATCACTTTCCCAATGGCAGTTGGACTCACTGTTTAAGTAATATGTAAATGGAAACCAAAACTGTGGGGATGCTGCCTTTAAAACTGCCCAAGAGTGCCCCTTTCCCCATCACTAGCCCACAATGCCTGCATCATGCACATTATGAAGAAGTATGGCAAATGGAGAACAGCTGTGGGAAGATATAAACATAATCCACAAATGGCTCAGAAGAGAAGGTACCAGACAATTGGTCCTGT,"[[55622371, ""C"", [""T""]], [55622443, ""G"", [""A""]]]",yes,yes,G->A,2
chr16,47640763,47641006,TCATTCAAAATAGCCCTGACAGGCTAGCCCCTGTGGTAGTGATGAGGTTTATGGCTTTCCATTCCTTTGTGTTCCATTACTCTGTCTATATCATCAAATTGATTAGTAGGCAGTGGCGAGCAAGGAAAGAAAGGTGGCCGCTGAGAGCCAGCTGGTGTCCATCATTTTAATGAACTGCTTAGAGATGGTTAATATTGTCCTTGTTTCTCATTGTAGCTGATGATGACCAGATCTTTTAAAATGT,N,no,no,N,0
chr9,82637211,82637472,GACTGAAGAGAGAGCTGGAAGTGCTCCCACAGCCTGGGCTAAGAAGCAAGTGAGATGTGGGCTGTAGCAGTCAGTGCCAGGAAGCAAGTATCACTGGGACTGAGACAGGAATGTAAGCAGAGTGTGAGTTGCCACTGGAATGTAACTGGGAGCTAGGTGGGGAATCCTGCAGCCAGGATGAGGGTTTGAGCTAGGCATGGACTACTGCCACCAGGGATGGAAGATGAGCCTCACTGGGACAGGGAATAAGAGGGATATGCAT,N,no,no,N,0
chr14,92950698,92951071,CCAAATCCCCTCCATTGCATGGGCTGCCGAGGGCCCCAGAGCAAAGCCATGCACGGAAGAAGCCCCAGGATTCTGAAGCTTAGAAGAAAGCCGTCTCTTGCACAGAACATCTCATAATATTCTCAGCCAGGCACTGAGGCTCTGTTGAAATCTGTTCCCAAAGCCTGATATGTTCCCAGGGGACATGTGTCAACATCCTGAGGGATGGCAATGTTCCCTCCAGGTCCTGCCCACGCCTGTGCTCTGTCTAATCCTCAGCACACTGCTGGCTCCTCAGAGGACCCTGACACAAAAGACAGACAGACAGACAGGCCATCTGGGTTCTGGGGCAGCCCCCCGAGGGACACGAGCACTGCCACTGGAGTGGAGGCTGG,"[[92950730, ""C"", [""G""]], [92950907, ""G"", [""A""]]]",yes,yes,G->A,2
chr6,84539512,84539849,TTAAACTTTTAATGTGAAAAAGTCAAAACAACTTCACCTCGTGTTGTTATCTGATCAGTCCCTCAGTGACACACCTCAGTGTCACAAAATCACTCTTCTTTGCACACTCTCATCAAGGAAAAAAAGTAATCCCAGGACAGTGTTCTTCTGTCTGAACCAAGCTATTTATCAACAGGAAACTGACCAGATTGTTAGTGCATGAAATGTTTTGCCAACATCTGATCTTAATTTATTTTATTAACTTAGTTCCTAGTTTTCTAAAATTTTGACTAAAACTTAAGAAAGAGGAGTTCTATGGCTTTGTTTTCAGTGGATGTGGAAGTAAGAGATCACTTCTA,"[[84539523, ""T"", [""A""]]]",yes,no,T->A,1
chr22,19129835,19130244,GGCTGCCGCTTAGAGAAAAAGCCGAGACTCCTTCACTTCCCTCCTACTTCCAGTCACTTTCAGAAAAAGCCCTCTCTTCTCCCAGGCTCTCTGCTGCCTGGGTGCCTTCCTGCCGCCTCTACCCAAGGGAGGCCCTGCCCCACCCCTCAGACATGCAGCCACCTGCCCTGGACCCTGGGCACCCAGCTGGCATGCACTGCAGCCCCGACCCACCCATACACAGGCCCTTGCTCGCTGGAGCAGCAGCGACTCACCTGCCCGGCTCTCTACCCTGAGGGGCCTGCCGCCTCTGCTCCCAAACACAGAGCTGCTTTCGTCTACCAGGCTTGGCACCACTGCCAGCCTGACTGGTCCAGGGCAGTCCCTCCCAGGTACCACTGTTCCCAGAACCAAGCCAGGTCCAGCTGCAT,N,no,no,N,0
chr7,19275043,19275301,GAATTATAGGAGTTTCTTACATATTTTGAAAATTAACCTTTTATCAGGTATATGGTTTGAAAGTATTTTCTTTTCCATTGAGTAGGTTGCCTTTTTTAGTTGATTCCTTTGCTGGGCAGAAAATTTTTAGTTTGATGTAGTTTCACTTCTCTATTTTTGCTTTTGCTGCCTGTGCTTTTGGTGTTACATCCAAGAAGTCATTGCAAAAATCAGTGTCCACCTCTTCACTGTGTTTTTTTTCTAGGAGTTTTACAGTTTC,N,no,no,N,0
chr9,124350906,124351306,CAGGTGGCCAAGCAGATGCACATCTGGATGTCCAGCACCTGAGCGTGGATGCACCGTGCCTTATCAAAGCCAGCACCACTTTGCCTTACTTGAGTCGTCTTCTCTTCGAGTGGCCACCTGGTAGCCTAGAACAGCTAAGACCACAGGGTTCAGCAGGTTCCCCAAAAGGCTGCCCAGCCTTACAGCAGATGCTGAAGGCAGAGCAGCTGAGGGAGGGGCGCTGGCCACATGTCACTGATGGTCAGATTCCAAAGTCCTTTCTTTATACTGTTGTGGACAATCTCAGCTGGGTCAATAAGGGCAGGTGGTTCAGCGAGCCACGGCAGCCCCCTGTATCTGGATTGTAATGTGAATCTTTAGGGTAATTCCTCCAGTGACCTGTCAAGGCTTATGCTAACAGG,N,no,no,N,0
chr11,72201389,72201881,TACGTATGTACACGTATACACGTATACGTATGTACACGTATACACGTATACGTATGTACACGTATACACGTATACGTATGTACACGTATACACGTATACGTATGTACACGTATACACGTATACGTATGTACACGTATACACGTATACACGTATACATACGTATACACGTATACACGTATGTATACGTATACACGTATACGTATGTATACGTATACACGTATACACGTATACACGTATACGTATGTACACGTATACACGTATACGTATACACGTATACACGTATACACGTATACGTATGTACACGTGTACACGTATACACGTATACACGTATACGTATGTACACGTGTACACGTATACACGTATACACGTATACGTATGTACAAGTATACATACGTATGTATACATACATACATACGTATAAGTATACATACGTATGTATACATACATATATACGTATAAGTATACGTATGTATGTATGTATATATATTTTTTG,"[[72201771, ""C"", [""A""]], [72201781, ""T"", [""C""]], [72201819, ""T"", [""C""]], [72201837, ""C"", [""T""]], [72201854, ""A"", [""G""]]]",yes,yes,T->C,5
chr9,108903762,108904098,GATGCTGCACTACCTACTTCAATACAATGTAGACAAAATACATATATACACACCCAATACTATACACACACACACACACACACACACACACTTATACACTTAGAGACAGACGGTTAGATGAATAGATAAAACTACTCCAAACCAAAGCCCAGATAAAGCCACATCTGCTACATGACACCATTTTCCACAAACCCAATAAAGTAGTTGTTTACACTGTGAAGTCATCATTCCTCTTCTGGCCACAACTTACTGCAACTTATTACAAAGTATTGCCTTCATTAGACATGGATGGTACCAATATCATTTCTGTCTGCTTAAAATAGTTAAAGCAACTGGT,"[[108903961, ""G"", [""A""]], [108904093, ""G"", [""A""]]]",yes,yes,G->A,2
chr2,238325066,238325366,GTACCTGCATGGTGTCATCTTTACCCGTCTGTCCACACAGCCAGACTAAGTTCTGAGAGGATCTGGCTGGCTTCTGCCCTGCACAGCACGTGTAGTAGACATCAAATATTTCTTAAGTGGATGATTCAAATCTGGGCTGCTAGTCAATTCTGACATCTCCCAAGTGTGGAGTTGAGTGGATGAGGCTGATGAGGAGGCTGTCTGTGAGGTGACATGGTGGCCTTTCTTTCTCTCTTGAAGGTGATTAGAATGACTGGTTTCATGAAGGGCCTCTACACAGACGCCGAGATGAAGTCTGATA,"[[238325091, ""T"", [""C""]]]",yes,no,T->C,1
chr12,67810147,67810543,TTGCTTCCTGAGAACTTAAGACTGCAGCACTAAGGAAATTCTGCCCAAGCCAATTCAAATTCTTGAGCCAAAGTCACCTATCAGAAAATTCTTACAACCTCATTAGAATGAGCCTGCCTTAATATCCCTACCATTCTCAGTCATTGGCCAAGAGCAGCCCAGGGAAAAGATGGCCTTGGATATGAGTATTGTGGTAGATTCAGAGTGCAGCAGCTGGGGCCATCAATCAATGATATCCCTCATAGCAGGAGATGTGAGTAGTACATTTCCATGGCTGCCACAGAGCTGTTCCTCAATAAGAGACAATCACAGACAATGGGAAGGTCACCCCAAGAGATGTCCTCTGCATTTGCCTTTTCAGTTAAACTCTTGAGAATTGAGTGATGCCTCTGTTTGA,"[[67810190, ""G"", [""C""]]]",yes,no,G->C,1
chr3,146064288,146064594,GAAAGCCTATCAGAGATACATTATAGGCAATTAATCCTGTTTCAGTTATCCATTTTTGTGTAACAAACCATGTGGAAACTTAGTGACTCAATAAATTATCATCTTTTATAGTTCTGTATGGGTTTGCTTAGCTCAGCTGGGTGTTTCTTGGCTGAGGGGTCTCACATGTGGTTGCAGGCAGATGTTGACAGGAGCTATATTCATCTGAACTGGGATTTGTCTGGGACTGATGTCCAAATAATTCACTCATGTGGTAGAAGTTGATGCAGGAGCTTGGTTTCAGCTGTTGGCCACAGTGCTTGCACAT,"[[146064298, ""T"", [""C""]]]",yes,no,T->C,1
chr8,99377342,99377635,CTATCTCTAACTTCATTTTAAAAGTTTCATTATTTTTCAATCTGGGCTTACATCCTAAACTATCTTGTTATGTATCTTCCATTTCCTTAATTCTCTCTTCAACTGCATCTAATGTGCTTTTTAACATGTTTAGTGAGTTTTGTACTTCAACAATTTGTCATTTCTGTGATTTTCATTTTTCTTTAAAATCTACTTGTTGCTGATGCTTTCTCATAGTTTATCTTCATGATTTCATAAGTGTGTTTTTAAACATTTTATACATTATCAGGGGAACCAGCCCCTGATAATTCAACG,N,no,no,N,0
chr11,31646971,31647360,TACTATGTTTATAAACATATTAACCTATTGTTTTGATCTGGCAAAATGTGACATTTATTAAAATGTATTTAGCAGTATTTCAGTTCATCTCAGATTGTGTCGAGAAATAAAGGATAGGCTACTGGTCTAAATGTTAGTCATCTACCATCTTTTCTTTCCCTTTATTATTATCCCAGAGCCAAATGGCAGCATCTGGAAAGAGAAAACAGAAGACTTCATAGCTAGCCATGTTGCAGTCTCTTAGCTGGTCCTTTCCATGTTTCTAATATGTCACAGAGGACCTCAGCTGTTATAGGGCTGGGACCTTGTCCCAGCTGACAGACGACAGTGGGACTCTTGCCCTATACTTTATGCTGTACCATCTACTGCTTCTGAATCCTGCTGTCTGAC,N,no,no,N,0
chr20,58797651,58798015,AGCAGCCTCTCAGCTGAGTCCTGAGGACAGCAGAGGACAAGAGCTTCAGAGGGAGGCTCTTCATGGGGTCTAAGGAGGCAAACCCCTCACTACCAGGGAAGGAGCTCAGTGCAGAATGTCCGGGACGGATAAATCGAGAGACAGCCACCGAAGCACGTTCTTAGAAACATGCTGGCAGATGACACAGGCGGCAGCTGGGAAGGCAGCAAGGAGGAGCCGCTGGAGAGGGTGGGGCTGAGGATTGGATTTGTCATCCTCAACCTACAGAGCTCTTTGGCTTTTAAATTATGTACATGTCTTACTTTGATAAAAAGAATAACAATGCAATACTAGATTTTCTTAACTCCTCTGATCAGAGTAAGAGG,"[[58797742, ""G"", [""A""]]]",yes,no,G->A,1
chr19,40887076,40887386,TCTGTAGTGTTTGCACTTTTTGGAAGCTTAACCAAAGACCTAGTTGGCCAGTATAGCCCTCATGCCATTGGCAATGAAGCAGTGGGGGAGTTGGGGTACTAGTTGTTGTGGCCAGAGAGTGAAATGTCTGTGTTTCACATTTCAGATTGATGACAAGGATTTGGGGGGTGGGGCTGTGGGAATGTTGGCTGAAAATAGAGTGAAGAAGGTCAAAGAAGAGAAGACAGTCAAGATTCTTTTTTTCTGAGTGTTTGGATAGCTCACATCCATGGCCATGAAGTTCCTCCCTACCAGTAAAATGGCAGGACTTA,"[[40887131, ""C"", [""G""]]]",yes,no,C->G,1
chr21,34344434,34344769,TCTGTGGCCTTTTCTCCTCTGACCCAATTGCCTTGCAAGATCCCGCTGGTTTGGGGAGAGAACAGTCACCCTTTGTTCCCTGGAAGCCCCTTTTGTAGTGGGCCACCTTTGAGTTCCAGCTTGGTCTTGCCTCAAGGTGACATCAATGCTGGTTGCTCAAGGCTCTCCCTGCTGGGTTCTTCTAGGGCCTCTTCGGTCGAGTCATTGGTTTATTTATTAGTTCTTTCACTCCTAGGCCCTGGGAAGACTGGAGGAAAAGATGGAGTTCTTGTCCTCTAGGAGTCAAGCAGGAAAGTAGCAAATGGTTGAGTGCTGATAGTGGGGCACAGAGAGCCG,N,no,no,N,0
chr1,214720563,214720960,AACATAATTGTGGTGTGTTATTAGAAACAGTTCTAGGGGCAGGTGAGAGAGGAAGCCCTGATTTGTGAGTATGCCAATTTCCATTGTGAAAATACTCCCACACTGGCTGACTTCATGCTACTAATATGACTTCACTGATCTCTGAGTTGGGATGAGATGCCCACGTTTAGCTCTGTAGAGCAAATGCCAGATGGCTCAAGCACACCACTGAGTCCCCCTAGGGTTATTGTGATGATTAAGATGAAATAAGCAAAGCTCTGAGAACAGGACCTATTGCATGTAAGCATTCAGTAAGTGCTAGCTACTATTTCCTTATAGGGAGACTTAAAAAAATCCTTCCCATTTCATTTACTTCTTAAACCTTTGGGAGCACTGTGGGGATAAAGCATGAACTTTAT,"[[214720570, ""C"", [""T""]]]",yes,no,C->T,1
chr5,43086541,43086856,TTTTAATTGATCATTCTTGGGTGTTTCTCGCAGAAGGGGATTTGGCAGGGTCATAGGACAATAGTGGAGGGAAGGTCAGCAGATAAACAAGTGAACAAAGGTCTCTGGTTTTCCTAGGCAGAGGACCCTGCTGCCTTCCGCAGTGTTTGTGTCCCTGGGTACTTAAGATTAGGGAGTGGTGATGACTCTTAACGAGCATGCTGCCTTCAAGCATCTGTTTAACAAAGCACATCTTGCACCGCCCTTAATCCATTTAACCCTGAGTGGACACAGCACATGTTTCAGAGAGCACAGGGTTGGGGATAAGGTCACAGAT,N,no,no,N,0
chr4,3986475,3986691,CCCTTTACAGGTATCGGGCTGGGGGACAGTCAGGTCTTTCTCATCCCATGAGGCCATATTTCAGACTATCACATGGGGAGAAACCTTGGACAATACCTTGCTCTCAAGGGCAGAGGTCGCTGTGGCTTTCCACAGTGTATTGTGCCCCTGGTTTGTTGAGACTAGAGAATGGCGATGACTTTTACCAAGTATACTGCTTGTAAACATTTTGTTAACA,"[[3986483, ""G"", [""A""]], [3986597, ""C"", [""T""]]]",yes,yes,C->T,2
chr7,81336230,81336459,GGGGAGGCCTCACAATCATGGCAGAAGGCAGGGAGGAGCAAGTCACATCTTAAGTGGCAGCGGGCAAAAAAAGCTTGTGCAGGGAAACTCCCCCTGTTTAAAAACCATCAGATCTCAGGAGACTCATTCATTATCACACGAACAGCACAGGAAAGACCCACCCCCATAATTCAATCACCTCCCACTAAGTTCCTCCCATGACATGTGGGAATTGTGGGAGTTACAATTCA,"[[81336291, ""A"", [""G""]]]",yes,no,A->G,1
chr15,98241100,98241363,CAAAAGTGTGAAAGAAACTTCAAGTTGACTTCCAATGATGCATTTTCTCTGTCCTCTTTATCCACACAGCTCCACAGGGTTAACTCAGTAAAAGACTACATTTCCCAGCCTCCCCTGCAGAGAGGTGTGGTCATGTGACCAACATCTGCCAACTGAGTAGTAAGTGGAAGTGGTGTGTGATTCTTCCAGGGAGTTTCACTTAAAAGGAGAGGTTTGAGTTTCTTTCCTCCTACTGCTGTAATGTGGCATTAATATGATGTGATT,"[[98241212, ""T"", [""C""]], [98241272, ""T"", [""G""]]]",yes,yes,T->G,2
chr13,26112826,26113139,CCACTACACTCCAACATGGGCGACAGAGTGAGACTCCGTCTCAAAAGAAAAAAAAAGATTTTCGAAAGTGTATTTTTCTCCCATCTATAGGAAGATAAGACAACATATTCTCACCTTAGGAAAAAAGTATTCATCTTGCAACATGGTCCTCCAAATACACATGTTTTCAAAATATAAATTTTCTTGCAAGTCTGATGGGATGATGTCTCCCTCCCCTGGTAAGAGCAGTGTTTGCAACCTGGGCAATATTGAGAGCACAAATAATTCTAACAGCGCTAATTTGGAGAGCATTGATTTAGGACAGAAGTACCTCC,"[[26112953, ""C"", [""T""]]]",yes,no,C->T,1
chr13,74709967,74710325,GAGCCTCCACATGAATTGCCGATGTTGCTTGCTATGTTTTCTTTCTGAAACTTAACCTTAAATTTCTGTTTAGAAACTCTGTTAAAATCACTGTTGTATATTTCAGATATTCTAGTATTTCTGAGTAGTTGGGGAAGGGTGGTTGAGGTGACACAAAAATTTCTTCAATTTATGCAACTTCCTTTCTGGTGGGAGTATTTAAACTGATGTGTCATGGACAAAGGTATTATGCAAGGATTTCCTCATAGGAATGCAAGAAAAGGAATGAGATTTCTTTAATTATGTACAAGAAGTATCAAAGGGGCATTTAAGAATCATGTAGCAATAGGATATGAACATTTGGAATAAAGGGTAAAAAT,"[[74709971, ""T"", [""C""]], [74710148, ""T"", [""C""]]]",yes,yes,T->C,2
chr14,69591213,69591466,CTCTTTTAGCCCTAGATAATTAGTGGAATCAAGTTTGAAATCCAGATCAGCTCATAGAGGTACAAAGACTAGTTAACAATGGTTGTCCCTGGGGAGGGGACCAATTGCTGGAGAAAACCTTCCTCATACCTCCCAGAGAAGATCTGACTGAAAATGAGCTGCCTCACTCACCATAAAGCCCTCTGTTTTAAAAATGTTCAGATGTCAGCCAGATAACTGTATCCTCTACAGCAGCTTCTTGTAAACATGTGAGG,"[[69591246, ""A"", [""T""]], [69591328, ""T"", [""A""]]]",yes,yes,A->T,2
chr10,122131016,122131406,TAAAAAAAATGTCTGGGCTGGGCAAGGTGGCCCACGCCTATAATCCCAGCATTTGGGGAGGCTGAAGTGGGAGGATTGCTTGAGCCTGGGAAGTTGAGGTTACAGTGAGCCGTCATGGAGCCACTGCATTTCAGTCTGGGCAGCAGAGGGAGACGCTTTCTCAAAAAAAAAAAAAAAAAAAAAAAATCTGACTCTTGCCTGAAGCTGTCCCATGAGATGTCCCATGAAGGCAGGGACTGCTGCTCTCTTGTTCACAGCAGAGAATTGGTTTTCAATAAGGATCTGATCAAGGAGTGGAAAGAATGGTCCTGCTACTTATGGCTACAGAGCGGAGTTCATCAGAAAGTCACTCAGGGACCTCCCCGATGAAATAATAGGGTAACTGACTACA,"[[122131233, ""C"", [""T""]], [122131253, ""C"", [""T""]]]",yes,yes,C->T,2
chr1,88140380,88140683,TGTCTACTGACAAAAAGCCTTATTAACTGTAAACCAAATTAAGAACATCACAGCAAGAAAACATCCACTTTTAGCATACATGTATAACATCACAGGGCATCTTGCTGGTTTCGAGACACCCAGTTTTATGTGGTGCTAGCAGATGAAAGAGAAGACTGGCTTTCACTTGTGTTCTACAGATGCTTCTGGGGCACAAGGCAAGGGGCATGAAAGTGAATTGTAGATAACACATTGGAGGCTTGATAGAATGCTTCCCTTGGGGACCCATGCTGAGAGGTGCTCTTAGAGATGAGATGGCTTCTTC,"[[88140403, ""A"", [""T""]], [88140494, ""A"", [""G""]]]",yes,yes,A->G,2
chr19,43290658,43290900,CTCTGTTAGCCATTGAGAAAAAGAAGTGAGAATGAAAGTGTCCTTATAGTCCTCCTTATTTCATTGAGACCCAGAGTGGAGTGGAAGACAGTGGGAGCGTCCCCCCAACTGTTTTCTCTGCTTGGTTCCTGAGTCCCGGCACTATGTTAAATGTGCTGCCCATGGTTGTAGGTGTGGCCCTGTAAGCCATGGAACTAGATAAATGAAGTGATGGGATTAGCCACACTTTACCCATGCAACATT,"[[43290691, ""A"", [""G""]], [43290777, ""C"", [""G""]]]",yes,yes,C->G,2
chr12,95208733,95209152,AACTATTCCTTCAACCACATGTTTTTTTTCCCCCTGCATTCCTAACTCACCAGGCTGTTGAAGGTTAATTGCAATGATGCATGCAAAAGTGTCTGTCTGGCACCTGTTACCTGGAATGCTGATGTCTGGGTCCAAGCTGCAGCTGGCCATCTGGAGCTTCATACGGCTCTTCTACCTCATACACATTTGCATCAGCGTCCTCCATGCTGCTGGAATTCTGCCATTCCAACTCTTGAGTTTTCCGTATAGCCATAATAAATGGCAAGTTCTCGTACTCTGGTATTTCCTCATAATGGCGTATATTTTCATACTCCGGTGCACAGAGGCTTGTAACAGACTTGTAAGGTGCCTGAGATGATGACTCCCGGGAGAGCATTTGGTCATCCAAAGACTCAGCTCTCAGACCATTAGCTGCACTGG,"[[95208751, ""G"", [""A""]]]",yes,no,G->A,1
chr10,62424112,62424400,GAACAAAACATGATTGATCAGACAAAATTTCTGAGAACTCTATTAATTTGAGAAGCCTGTGAGTGAGTATGCTTATCCAATGAAGCTTAGTTTGATTTTGATCCCATTACTGCCCCCTTGCTATCAAATTTAACACTTAATGTTCTTTTTGTAAGTGATAGGAGATGAAGAGGTGGTAAGGTCCAAGAAAGTACACCTTTTTGCAGGCACCAGTACCATGTCCAGCTCTTCTCAACCAGGGTTTTAGGAGAGAATTGAAGCACGATGCTCTCAGGAATCTATTATAAGC,"[[62424135, ""C"", [""A""]]]",yes,no,C->A,1
chr10,33176688,33176996,TAGTAAAGTGATTCTCTATCTCTGACTCTTTTCTGTGAGTAGAGAGACCTAAAAACCCATGCATTAGGGAAAATTTTCTATTCTTGGTTAATCTTGGAAAATGCAAAAAGGCATAAGTGTCCAGAGAAAAGCAGGAAGTGGAAGAAATATTGATTAATGGAGCCTGGCTGTCCAAAGCAGCGCACTCCTCAGGGAGTTCCTGTGCTTCCAGGAATACGTTTTCCTACAGTCAGAGGACGGTAGTAGAGAAAGACTTATTGGTCTGTGAGTAATAGAAATTAAGCTAGGCCAGTTTTGTTGTAAAAAGGG,"[[33176869, ""C"", [""G""]], [33176929, ""G"", [""A""]]]",yes,yes,C->G,2
chr14,67004570,67004936,AGGTCTTTACTAATCGGGTGAAAAAAGTCTGTAGAAAAATCACCATTCTTGAGTCCTGTGTTCACAGAATAGTCATGAGTGAGTTATTTTAAATTTCACCAAATTATTGTTAAGTCACAAAAAAAGAATTTGGTAAAGGCAGATTTTCCTAGAATAGACTTGAGTTTTTGGAACCTTATTACATAACTTTAAAATGCCATAATACCTCTTTAGACCACATTTTTCTCTATCAGAGATGGTGTCAGGTTGGTAGTAAGGCTTATTTAATTAATTTTCCAAGTTCAGACATCTTGGAAAGGAGAGATAAAGGCAAGGCATGACATTACTCTTTATAAACATGACTTACTGGAGGAGAATGCAAATTTTC,"[[67004604, ""G"", [""A""]], [67004768, ""G"", [""A""]]]",yes,yes,G->A,2
chr12,47982227,47982661,ACCCAGGCTGGGGTGCTAGGGAAAGCCCAGTCCCTGCCCAAGGGGAATTTGCTGTGGTCTCAGGGTGGGTGAGGAGCAGCAGGGGTGAGATGAAGGAACAGGGGAAAGGATGTCACTAAAAGGCAGGAAGCTTTGGAAAGGAGTCTTTAAGCTCCTCAAAAAGGGCTAACAGAAACCTTCATCACCAGGTGCCATAAGGGAACGGAAGCGATCACAAGGGGCAGGAATGTGGCAAAGCCACAGCTTTGGTGAGAGGCTGTAACCTCAGTACTTACCCTGTCACCTTTGGGCCCAGCGATACCAGCTGCTCCCCTCTCGCCAGGCATTCCCTGAAGACCTGGAGGGCCCTGAGCCCCAGGGGGGCCTGCTGGGCCAGATGCACCCTGGGGAGGGAGGTAAGAGGGAGTCTGTAGTGGACAGCACCTCTCCCTGAAC,"[[47982269, ""A"", [""G""]], [47982354, ""G"", [""A""]], [47982508, ""G"", [""A""]]]",yes,yes,G->A,3
chr5,7628302,7628575,GAGAACAGAAATTCCAAGTAGATGGATTACATAACCTAATATTTTTAGGAACAGCTTTGATAAAAGCAGTTTCAGGTCACTGACCTCACCTGCACATCATATTTCTCTGAAGAGAACTGAGCAGCTGAAAGCACATGCCATCCCTTGCCATAGTGAGCTGAGGGTAAGAGGAGCCACATTGACCTTGTGGAGCTCAAGAACTGAACCATCATGGGAGACATTAGAAAGACATGCATCTACTAGTTTCAGAAAAGAAGTCAGTGATTCTTTTAAA,"[[7628439, ""G"", [""C""]], [7628452, ""C"", [""T""]]]",yes,yes,C->T,2
chr9,30033425,30033646,GAGTCTTGCTCTGTCACCCAGGCTGGAGTGCAGTGGCGCAATCTTGGCTCACTGCAAGCTCTGCCTTCCGGGTTCATGCCATTCTCCTGCCTCAGCCTCCCGAGTAGCTGGGACTACAGGCGCCTGCCACCGCACCCAACTGTGGTCTCGATCTCCTGACCTCGTGATCCGCCCGCCTCAGCCTCCCAAAGTGCTGGGATTACAGGCGTGAGCCACCGTGCC,"[[30033469, ""C"", [""T""]], [30033632, ""A"", [""G""]]]",yes,yes,A->G,2
chr16,1800659,1801108,TTCTAGACAGGCTGAGATAACTAAGTATGAAGTAATGTGTTCCCTTTACTCTATGATTCTGTTTCTAAAACAGTTTTATTGATTTATAATTTATAGAGCATAAAATTCTCTCACTGTTAAGTGTGCAAGTCGGTGACAGGAAATGCGTGTTGTACAGCCAGCACTGCCCTCCGCCTTTCCCACATGAGCTGTACACTCTGCATCTGGTTTCTTCCCTGGATGCGGTGTTTTGGAGGCTCATCCATGCCGTGACACGGAGTAATGCTTCGTGCTTTGCAGCTGAACGATGCTCCGCTCTGTGGCCACATTTGTTCATGGCGCCTCCTTAGTTGCTGGAGGCTTGGACTGTTTCCATTTGGGGTTACTGTGAAAAATGCTACTCTATTTGTGTGCAAGTCTTTGGACACAGGTTTCATTTTTCTTGGGTACAGTCTTAGGAGTGGAGTTGCT,"[[1800812, ""G"", [""A""]]]",yes,no,G->A,1
chr5,105475495,105475703,TTGGAGAGGTTCCAGGACACTGTTGGAGCACATTGAAGAGGGTATGAAGAAAAATTAACTTTACCAGCCTCATTGGTTTTCCAGGCAGCACAGCTTGGCACAGTGCCAAGAAAGCCCTCTCAGCCTACCATTTCTCCCATGGAGAGAGTGTGAACACACTAAGTAAGCTTCCAGCTTTCCCAGCATGTGAGGCACTGCCCAAAGGCTCA,"[[105475623, ""A"", [""C""]], [105475634, ""C"", [""T""]]]",yes,yes,C->T,2
chr3,164897427,164897756,CAAAAAGAATTATTTAAAAAGAAAAATTAATCAAAGGATTGTGGTTAAAGAGAGAGAGGTGGGTAGAGAAAGATGGCATCCTGCCAAAGTGTTATAAGGAAATGGCATTTAAGCTAAGATTTCAATAGGCAGAGCTGGGAGTGAAAAGCTGAGAGGACAAAAGGTGACAGGGTAGTTTCATGTTCAGAGCAGAGATTTGCTCTGGAGATAGCCTGAAGAATTTGTCTGAGTGGTAGGAATCACAGAGAAGAAAACCAGCTATAAGGCAATTGCAGTAAATCTATAACTGTAATACACAGAGCTGAATAAACGTGATAGCAGTTTTTAAAA,N,no,no,N,0
chr4,47415765,47416062,TTAACCTAAAATGAGATGAACTCAAACTGGTGTTTTTAGCAAGCTTCCCAATTCATTCAGATACACCTCAATGTCTGAGAACCACAACCCTGGAGATCCTAGACATTCTAGCCACCTCTGCAGGTGTCCTTGGCCATTGAAACTCAGAGCTCAGAGAGATGACTCAAAGTATAAGTTTCAGATTTCCCCATTCTGCAGACATTTACTCAGCAAAATCTATCTTAGGCTCAGTTCTGGAAAAGCAAGGAGGACATACTGAGTAGTGATGAACAACAAAAAAAGCACCTGCCCTCCTGGA,N,no,no,N,0
chr13,30841077,30841545,AGGCTTCTTTATGGAAGGATGAAGATTTGAAGGATGAAAAGGCAGGCAGTGCTAGTCAGAACAGGTAGTAACGACCAACCCCCAAGTCTCAGTGGCTTAACATAATAAAATTTTACTTTTCATTCACATTCGTCAGTAGAGAATCTGGGCAGCTCCTCAGGGCAGCTGCCTTCCAGATGTGGCTCAGTGTTCCAGGAGGCTTTGATCTTCCAGCATCTCCATGTTAACTTGTCTTCCAACAGCATCACAGCAGGCAACAGAGCATGGAGAAATGCACTCTGATGCCGAAATTCCTCTGCTGCTGACCCATGTCCTATCCACCGACATCTCACTGGCCACAGCATACCCCATGCCATGCCTAATTTCAAGGCGACAGAGCCCGAAAGGAGAGAGAGCCAGACATCTTGGGGAGTGCTAGTAATGCCTACCACATGGGCCAAGTGTGGGGAGAAGGGCATTCCAGGCTGTA,"[[30841100, ""A"", [""G""]], [30841486, ""A"", [""G""]]]",yes,yes,A->G,2
chr2,200007314,200007670,CCACTCACAGTCCAGAGAAATGTACACAAATGTAAAGATGCAGTATTGAATCTCAACTACATAAAATTCACTGTTGTACATATTGTACTACTGTCATAATTTCATAGCTACCTCCTGTTGCTATTTCCATGAGCTCAAATGTTGCAAGTATCTGCTTAAAATGCCATGTGATGCTAATCATCTCCACATGAGCAGTTTGTCTCTTCAGTATATTGCAAATTGCAGTGGAAAGTGATTTCTCTCAGTTCTTGCATATTTTTCAATGAGTTAAGTGCAACAGCATAGACCTTGAGTAACACCATGGGACCCATACAAAGTGCCACTAGTGATGCTGGAAGCACTCCCAAGAAGCAGAGA,"[[200007366, ""A"", [""T""]]]",yes,no,A->T,1
chr5,147680281,147680583,GCACAGAGATCCCTGAAGAGACTAAAGAAATCCATGCTTCTGCTTCTGGGGAAATACGACCTACATTGACAGGGTCAGTATTCCCAGGGGTCTTGGCTTTGTAGCTGGTTCTGTCCCAAGCTATAAGCTGAATAAAGTCATTATTAATCTCAAGGTTTCCAATATGGCTGTTGCCACTGCAATGTGATGTGAAAGCAACTGTTATATAAAATAGTAGTGTTCACATGTATGAAGCTAAATGCTTCAACCCTTCTCTATAATTAATATTTGGATATGTCAATTCTAACAAAGCCTTCTTAGTTC,"[[147680394, ""C"", [""T""]], [147680496, ""T"", [""A""]], [147680498, ""C"", [""T""]]]",yes,yes,C->T,3
chr15,48475888,48476238,TTATAATATCACTAATGATCATAAAAATGAAGCAGCATGCCTGGAAGAATGTCCTTTCAGTCATGACACATTGTATAGGTGGATTTTAGTGTAACCTTGGCAGCCACATGGACCTATCAAGTTATTACTGCAGGTCAAGAGAGACACATAGCTTTAGACTGTGACTGGGAGCTTTAACCAGCTAAATAATTGAGCATGGCACATTCCAAGGAAATGAGGAGGAAGGCCAATTCAGGGATAACAGTGCTAAGTAGGCACAGGAATTCAAGAATGTATGTCTTTCCATACCTGACCTAACAGATCCCGCAGAACTAGCACAAATACTCCCAAGCAGGGCTGTCGAAACTTCTT,N,no,no,N,0
chr6,43949784,43950054,TCTCTGCTGTTGGCTTGTCCCCGCTGTGGGGGAGAAGTTGGGGCTATTTTTTGCTCCAACAGAGCTAAAAGAAAGAATGCAATTTGAGGTCTTCATCCCTGAGATCTCAGCTCCTTCCTCCAGGGTGAGCCATGCACTGGTATTTGGCCTAAGGCCATTTTGCCAGATTTTGAACATGGACTTTCAAAATGGAGGGCTTTTTAGCACCCTGCACCCACCTCCTTCTATTTGGCCAAGATGGGCGAGGAAGGGCTCCACTGCAAAACCTGGT,"[[43949806, ""C"", [""G""]], [43949937, ""T"", [""G""]]]",yes,yes,T->G,2
chr14,20772681,20772958,GCAAAGCCATCTTCTGTGGGGAAGAGTTGCATCTGTAAGGAATCTCTATTAACATAACCAGATCTTTCCCCTTCTAGGCCCTCCCAATCCTGAAGGATTAACTAAGAGTCTAGCACCTTTTAAAGGTCTGAATAGGGAACGTTTGCCATCTATTGTCCCTAAGGGTAGCCACCTGTGAGACTTCATCTACATAATAAGAACCTTGTCTCTACAACCCTTTATTTTAACCCAGACATCCTTTATCTATTGAGTCTAGGTCTTTTCAATAATAACAACTA,"[[20772714, ""C"", [""T""]]]",yes,no,C->T,1
chr12,62821562,62821775,AACAGTGGATTTCTCGGCAGAAACTCTACAAGCCAGAAGACAGTGGGGGCCAATATTCAACATTCTTAAAGAACCCAGAATTTCATATCCAGCCAAACTAAGCTTCATAAGTGAAGGAGAAATAAAATCCTTTACAGACAAGCAAATGCTGAGAGATTTTGTTACCACCAGGCCTGCCTTACAAGAGCTCCTGAAGGAAGCACTAAACATGGAA,"[[62821602, ""G"", [""C""]]]",yes,no,G->C,1
chr3,179788961,179789371,AGCCCCAAACTGCCTGTCTTCAGCTTTGCCTGGGAGCTGCTACCTCTGCTCTTCTAGCATCTTCTAGGTACCAAGGATATTAGCCACTTGAGGGTGTTGGGCATATTTGTTTCATTGTAGGCAAAATCCTCTTGTGGTTTCCCCTCCCCAGGTATTGTTGAGTCTGTTCAAAGCTGGGTGTGTTGAAACACTGCACAAATCCTGCCACTCTTGATGTGCCGCTTGTCTCAGCCTTGGCAGAGGCTGAGTCTGTTCCTGTGCCCACCTGTCCAGCAGGTTTTGATGTTGGCTCCTGAAAGAGTTTGTATTTATTTTATTTTGCACTAGTCACAGTTGTTGTTAAACTGTATCAAATGTTTTGGGAGATTATTTGCCTGAGATGGAAAGAGAGATGGATGATTTATTGCTTCA,"[[179789006, ""T"", [""C""]]]",yes,no,T->C,1
chr7,45683057,45683491,GAGCCCATTGGGATGACAGGAGTGGCCGAGGAAATAGAATGACTGGTGTCCACAGTAGGGGTTGTCCTATCCACTGGATTTGAATTCTCCGCTGCTTAGGTCACCCTTTAGTGAACATTCATATGGGACACAGTATCTTAACATTTTTCACCCACTTGGGGAGGTTTATCTACATACTTTTCCCCCAGACCCCCTTGTCATTAATTTTCCAACCATGTCTTTCCCAACTCCCTGAACATCCAGCCAAACCGTTGTCCACAGCTTATGAATCAGTGTATGACTACATCTCACCATTTCTCCTTGGAAACAAAGTACCCACCCAGGGGAAATGCCCAAAGTTCTGCCCAATGGGAGGATTTCCCTTCACCATTGTCCCTCAGGGCTGTGTCATTTGGGCTGAAGTGCTGCAGCTGCCCACAAGGCCTGAGCTTCTCT,"[[45683216, ""A"", [""G""]], [45683331, ""A"", [""G""]], [45683385, ""C"", [""A""]]]",yes,yes,A->G,3
chr8,62963242,62963445,TGCCAATAGGTTTTCCTTTGAATGCCCTCTTTCAGAGTTGCCTCACTGTCTTCTGCAAAAACTCCCCACAGACATGTTTCCCAGCTCCTGAAGTAACACTTCCAGAATTCCTACCTGACATCATAAGAACAGGCTCAGCCTGTTTCACTGCTTCACCAATCCATGTTGCTAAAGCCCAGAAGCAGAAAATATTAGCTAGAGGCA,N,no,no,N,0
chr7,54285881,54286091,GAAAGAATACAGATAAACAACTCAACAAAAAGTAGAAAAATAGTATATGAACAAACAGGATATTCAACAAAGAGATAGAAAGTATAAAAAGAATCAAACAGAAACTCTGGAGCTGAAGAATACATTGAAAGAAATAAAATATGCAATTGAGAGTTTCAACAGCAGACTGGATAGAGCAGAAGAGAGAATGTATACATTCAAAGACAGGTCA,"[[54285913, ""C"", [""T""]]]",yes,no,C->T,1
chr1,230668235,230668730,AAAAGAAAAGATAAGGAGGGAGAAGGGGAAAGGGGAGAGAGGGAAGAGGGAAATAGAAGGGAGGTTAAAGCTGAAAAAGAAGGTCATGAATGGGAGAGCTTGGAGTCGGTGGCAGAAACACATAATTGCATGTCCACAGGCCTAGCCAGCCCTGCTGCTGTCTGGTCCCTGTGGGTCAAGGCCAGGCAGCATCAGCAGCTTGTACTCAACAGATTCCCCGGTGCACTTAGAACATGCTGTGCATATGGCGTCTGGGGAACATTGACTGATGGCACAAAAGACGCTTTAGCTTTCACCTTGTAACAAGGTGGCCACATAAAACACTCTGACAAAAGTCAAAATACAGTGGGTATGAAAGTCTCTCACTGCCAGGCGTGTGATGTATTCTCGTGGAAATAGAGACCTTAGGGGTTACACTTCTATAACTGTTTTCTCTACTAGCCCCCTTTTGACTGGACAAATTTTGGAGAGAATTGCCACAGAATTTAATCAGTTA,"[[230668274, ""G"", [""A""]]]",yes,no,G->A,1
chr6,121704814,121705152,CCAAACTAAGCTTCATAAGTGAAGGAGAAATAAAATCCTTTACAGACAAGCAAATGCTGAGAGATTTTGTCACCTGCCTTACAAGAGCTCCTGAAGGAGGCACTAAACATGGAAAGGAACAACTGGTACCAGCCACTGCAAAAACGTGCCAAATTGTAAAGACCATCAATGCTAGGAAGAAACTGCATTAACTAACAGGCAAAATAACCAGCTAACATCATAATGACAGGATCAAATTCACACATAACAATATTAACCTTCAATGTAAATGGGCTAAATGCCCCAATTAAAAGACACACACTGGCAAATTGGATAAAGAGTCAAGACACATGAGTGTGC,"[[121704912, ""A"", [""G""]]]",yes,no,A->G,1
chr1,120465935,120466228,TGATTTTCCCTGGCTGCTTCTTTAGTTTTGTCTCCTTTTCCAGGCTCAACGGCGTGCTGATGGAAGTGGAAGAGCCTGAAGTCTTACAGGACTCACTGGATAGATGTTATTCGACTCCATCAATGTACTGTGAACTACGTGACTCATTCCAGCACTACAGAAGTGTGTTTTACTCATTTGAGGAACAGCACATCAGCTTTGCCCTTGACATGGACAATAGGTTCTTTACTTTGACGGTGACAAGTCTCTATCTGGTCTTCCAGATGGGAGTCATATTCCCACAATAAGCAGCCC,"[[120465985, ""A"", [""G""]]]",yes,no,A->G,1
chr5,87649515,87649845,GCATGGTGGTGTGTGTCTGTAGTCCCAGCTACTTGGGAGACTAAGGCAGGAGAACCACTTGAACCAGGTAGACGGAGGTTGCAGTGAGCCAAGATTACGCCACTGCACTCCAGCCTGGGTGATAGAGTGAGAGCCTGTCTCAAGAAAACCAAACAAACAAAACAAAAGAAGAAACACAGCTGAAGCATGCCGAATCATGGGTAACAGGATTATGACTCATTACAGCATAAGATTTATCCTAGATTGGTGGAGACTTGGTATACTCTTGCTGAAAAACTTCCATGTCATATTCTTGGAGAAGAGAGGACCAGCATATCTCAGTTATTCAAAG,"[[87649562, ""G"", [""A""]]]",yes,no,G->A,1
chr4,126533910,126534124,GTTTGTCCACTTGAGTAAATTTGGGTTCCAGGAACACCAAGGGGCTCTTTGCCGTTGTGTTTACCTTCAAGGTCGAAGCCATGGAAAGCCTGTCACACAGCTTCTCTCTGAACATGTTGGCTCATTTGTTTCAAGGGTTCCATATTCCCTGGGAAGTTCTTTCCAAAGTCAATTTTAAGGTTAAGCAAATATTAGTTCATCTAGCAGTGTGTCCC,"[[126534015, ""T"", [""C""]]]",yes,no,T->C,1
chrX,70843189,70843407,GAACAAAGCTGGAGGCATCATGCTACCTGACTTCAAACTATACTACAAGGCTACAGTAACCAAAACAGCATGGTACTGGTACCAAAACAGAACAGAGCCCTCAGAAATAATGCCGCATATCTACAACTATCTGATCTTTGACAAACCTGACAAAAACAAGCAATGGGGAAAGGATTCCCTATTTAATAAATGGTGCTGGGAAAACTGGCTAGCCATATG,N,no,no,N,0
chr4,169907325,169907606,TGTGTTGCCCAGGCTGGGGTGCAGTGGCTAGTCACAGGTGCAGTCATAGCACACTATAGCCCATAACTCCTGGGCTCTAGTGATCCTCCCTCCTCAGCCTCCCAAGTAGCTGGGACTGTAGCTGTGCCACCATGCCCAACTAGTTTTACTAGTTTTGAGAGCAAACAATGGGATATTATTTGTAGGGGCTGACTATTCCCACTGTCAATCATTTTGGAGAAGGAAATTCAAAAATAGGCATTTAAATCAGTAGAGAAAGTTTTTATTTGTGCGGGGCGGGTG,"[[169907594, ""G"", [""T""]], [169907601, ""G"", [""C""]]]",yes,yes,G->T,2
chr13,109809509,109809867,TCCTAGGGGAAGCTCTATCTATACTGAGATCAGCGGACAGATATGTAGGAGCCTGGAATTGTAATAAGAGAAAGAAGTAAGGAATTGCCACCTGGGCAGAAGGAACAGGCTGTGCAGAGGCTGGATGCCTGGGAGTGCACAGCGTATGTGTGGAGTGATGTGGTGCACATAGGCATGACGCAGCTCCAGAATGTTTGCAGCTGCTAATCAGGAAATCTGGCCCAAAACTCACTCCTCTCGTGTTCTCATTGTTAGCTAAGCAAAGAGAGCAGCAGCAGGCCTCCTGTGTGCAGCACTTTGTGCCCCGCCCTGGAGGAGGGAGGAGTGTGAGAGCACCCCCTGGCCTGTGCCCTCAGCCA,"[[109809552, ""C"", [""T""]]]",yes,no,C->T,1
chr13,108439522,108439925,GGTTGATTCAAAGACGTACAGGCAGAATCAGTTTGAAATTCAGAAATGGCGACATATTGAGATTGTATGTTTTGGGATACATGGTTTTAGCATCCTGCATCATTTCAAATATATAGCAGCTTGTTCCCATTCCCCTTTAATATCAAGAGGAGCAGAGTGCGAGACAGATGGCCCTAATGGCCTGCAATGCCAATATTCGAAATTCCCTGCCCAACTCTAACAATAACGTCCTTTCAGATTTTAATAACACCTGTCACCCAAGGGACTCATGACCCTCCTCGAATTTCATTATATGCAACGTTTCCATTAGGTTGGTTGGTTGTTATTTTCTACCAGGGAAGAATCACATTAGGGGTGTGAAAATCGGCTAATGTTGTGATTCACATTGGTTAATATATTTTTTA,"[[108439537, ""A"", [""G""]], [108439682, ""A"", [""G""]]]",yes,yes,A->G,2
chr9,37394583,37394966,ACCCACCTCCCCTCACCCCAGATTCTGCCAAGCTGGTGCTTAGGACAGTGGCCCTCCCACTTACGCTGAGGCTGAGATCTCTGACATGTTTGTGGGCCTCACTTCCCAGGTGCCTCCCAGCCCCACATGAGCTGTCTCGTAGGGCCAAGACAGCACTTTTGTATGGGGGTCTGTTTCAGAGGCACAGATGGCTCCAAACACGTCTTCTGCATCTGTAAAAGATAACAGGTGTGCATTTAAAGAAAGGAATTCATACATATTTAATGATTTAGCTTAAGCAACTGGGCAAATATTCATTTTCTTAAGATGGTAATACATAATTAACTGATAATAAAATTAATTGGGTAAAACAGTCTAAAAATAATGCAGTACTTATTACATGAG,"[[37394655, ""C"", [""T""]], [37394815, ""A"", [""G""]], [37394889, ""G"", [""A""]]]",yes,yes,G->A,3
chr16,80220103,80220315,AAACTGCAAGGAGGCAGTGAGGCTGGGGGAGGGGCACCCACCAATACCGAGTTAGTTGTTTGATTAGGGAAACAAAGCAGCCAGGAAGCGCAAACTGGGTGGAGCCCACCACAGCTCAAGGAGGCCTGCCTGCCTCTGTAGGCTCCACCTCTGGGGGCAGGGCACAGACAAACAAAAAGACAGCAGTAACCTCTGCAGACTTAAATGTCCCTC,"[[80220148, ""G"", [""A""]]]",yes,no,G->A,1
chr21,42688664,42689158,CGAGGGAGCAGGTGAGCTGGGGGCAGGGCGTGCGACCTCAGGACCCCTCTCTGGCGTCCTCTGTTCCTCCCAGAGTGGGGCTCACTGTGCCTCCAAGGGACTCAGTAGATGCGATGGTACACTTGTCAATCTGGTCATCAGGGTGTCCTGCCCAACTGACCCATGGCCAGCTCTGAGCCCACAGGAGAAAGTGCATGTCAGGCAGACCCTTGTGTCAGTGAGGTCCCAGTGGGCGTGGCCAGCACCGTCCCCCTCAGTGAGGCCCCCCAGTGGACGTGGCCAGTGCTGCCTCCCTCAGTGAGGTCTCAGTGGACATGGCCAGAGCCGTCCCCCTCAGTGAGCGCTCAGTAGACATGGCCAGTGCCGTCCTCAGCGAGGTCCCCGTGGGTGTGGCCAGCGCCATCCCCCTCAGCGAGGTCCTCGTGGGTGTGGCCAGCACCATCCCACTCAGCGAGGTCCCAGTGGACATGGCCAGCGCCGCCCCCCTCAGTGAGG,"[[42688688, ""G"", [""A""]]]",yes,no,G->A,1
chr4,38381713,38382177,GATTGGTTTGTAAGTTAAACATGGCAAATGTTAACAATTGTTGAATCTGGTAGAGGCTAGACAGCTGTGTACTGAAATATTCTTTCAGGTTTTCTGCATGTAATTTTCATAATAATAAGTTTTGGGTGAAAGAGCCTGGGGTGAGGAGACAGTGATTGCTTACAGATTGGCCAAAGAAGGCCGGGAACTTGGCCAATGCGAAGGCCTTCGGGGATGAGTTAAAAAGCTCGGTCTTGACCACATGGGGTTGAATGCAAATTCTTTCTCAATAAAACAGAAACACAGAACTGGACCAAGGACTCAAGTACTGGATGGGAGATTTGGCAGTCCTTCCAATAAAGTTAGCAGTGGCAGCTGTAGTGGTGATAAAATCGCCTGGACTCTGCTGTAAAATCAAGAAGACCAAGCTGAAGTTCCATGTGGAATATGCGTGGTCCAGTGATTTTCTGTGAATAGCTGGGACCT,"[[38381782, ""C"", [""T""]], [38382012, ""T"", [""C""]]]",yes,yes,C->T,2
chr3,155089068,155089339,TAAAATGAGGTTTATGTATACTTTAAATTAACTTGCCTATATGTGTAATGCATCAGTATGAAAGATTACACCAGACCTAAAGTAAAACAAATACCACTTAAGAAATAACAACTTAAGGCAGGGATCAAAATGCTTCAAAGTATTATTCATCGCTTATTTACCCTATAAGGTCATCAAAAACTTAGAGTTATAAAACTTGTATGTGATTTTGCAGACTTTTCCGTGTAAGTCTGAATCCTGAAACTGATTTCCATTGCATTGTAACCTCCCTA,"[[155089076, ""T"", [""G""]]]",yes,no,T->G,1
chr15,59862205,59862578,TGTTATCTTCCATACACTGTTCACACTTAACTGGAAGCCTTGGGCTCCACTCTGAAATGTGATCTCAAATTCACAGTCTCCATAATTCCTTTTAATGCAGTGGCAGTTCAGTAATGACCATGACAAACGACATGTCATGTCTACCATCCCCAGGGAAGACAAAATCCCAAGAGATCCTGCCTGGCTAAGGGGAACCTGAGCTCCCAGGATGCCCAGGCTGCGGCAGAAGGGGCTTTCTGTATTCACTAGAGACCCATATTACATCGCTTCTCCACAGGGAAGGCTCTGTGTGCTTTTGGGCAGCAAACATTTTGACTGGGTTGGCTGTCAGTGCAGTGAAGGAGCTTCCCAGCTCAATCTTATTATTGGCTTGA,"[[59862306, ""C"", [""G""]]]",yes,no,C->G,1
chr8,122454737,122455117,CCCATATCTACTCACTCCATTTCCACTGCCACCTCCCTAGTCCAAGCAACCATCATTTCTCACCTGCACTACTGTTTTCATTGTACCAAGAATAAAACCAAAACGCTTTAAAATGTTATGCAGTGCTTTACAATGCTTTTCTGACCTCAGTTAGCTGTCTCTTCACCTCATTCAATGTGTTCCAGCCATGCAAGACTTCTTTCAGTTTCTAAAACTTGAGTTCTTTCTCCCTTGGAACACCTGTATAGCTATTTTATTTTTCTGCAATGTTTCTCCCTTGACTCTGCATGACTAGCTCCTCAACTTTCACTTCCCTGGCTGCTTGTGAGGACATCCTCCACCACCTATTAAGTAGGCTCCCATCCTTTATTCACTATCTCA,"[[122454742, ""G"", [""A""]], [122454907, ""C"", [""T""]]]",yes,yes,G->A,2
chr3,143334210,143334589,TATAAAGCCCATGAACTTGTCTCTTAGGAGATGTCTGGATCCGCCTATAGGTGCTCAGTTATGGCCAGTGGAATTAAAATGGATTTTAAAGATAAGGTCTCTGATTTTACGATCCTGGTCATTAGATTTCAAGAAAGAGCATATATTAGCAGATGGCTGTTGGAAGCGGACATGCTGAAAAGTGATAGATACCACAAGGGAAGATGTGAGTTAAGACTTAGTCACCCACTGCACTGGAGGGACTATCTCATAATGAATAGGAGTGTGGACTCTGAAGTCTGATGGATTTTGGTTCATGACCCAATTTGGACCCTTACTTGCTTTGTGATTTTGAGCCTCAGTGTTCTCTTCTGTAAAACGGGCTTAGTAGCAACCCTTAC,"[[143334269, ""C"", [""T""]]]",yes,no,C->T,1
chr17,33188951,33189400,TGGGATTTATAGCATATGTAGAAGAAAAATGTATGACAAAAAAGATGGGGTGTGGGAGAGGGAAGTACACTTTTGTAAGTTTCTGATACTATACATACAGTTGTATAACATTTGCTTGATAAGTTAAAGATTTATGCTGTAAGCCTTAGAGCTGTAGTTTTAGGAGTGCTCCCTGGGGATATCTGTCACAATGTGTGGATGGGTATTACCCACATCTAGTGGGTAGATGCCAAGGATGCTGCTAAACACTCTGCAATACACAAGAGAACCCCCCACCCCCTAACAAAGAATTATCTGGCTCAAAATACCAGTAGTGCCAGAGCTGAGAAACCCTGTTCTACAGCAACCACTAAAACAGAAAGCGAAGAGATGGGACAAAGAAGTCAACAAAGGAGATACAACGGAATCATAAAAAATAGTTCATTAATCTGAAAGAAGGCAGGACAAGTA,"[[33188955, ""G"", [""A""]], [33189052, ""C"", [""T""]], [33189189, ""T"", [""C""]]]",yes,yes,G->A,3
chr3,39804966,39805312,TTTTAAATAAGTAACATATAATAAATCTCACGTACAAAATGATTCCACATACATTGTATCAATAACAATCTTACAGGGTGGTGGAGAGGATTACAACATATTTTATATGTGAAAAAATCTTGGATTCAGCCAAGTTAAGCAACTTGCCCAAGGTCATGCAGCCAGGAAGTGGTGAGTTCAGACTGGCACCTCAGTCTTGTGATTAATGCTCTTTTAATTCTACCCAGAATCCTCCTGAGACATGTCCTTTTCTTGCTAGTATAAACTCATCAGTCTTCTGGCTAAGAAATGAATTGTCTGATTCGCATTTTAAAAGAAGACGTGGTACGGTTCCTTGTGCACACAAA,"[[39804996, ""T"", [""C""]]]",yes,no,T->C,1
chr3,196513996,196514382,GCCTCTCCATCTCCATCAGATGAGTTTCTCATCATCTTTCACTAGGACCCAAGATTACCGTAGCCTAACTGGACCCCCGTTTTCCATTTCCCATCCATCCTCCAGACACATTCTTCTAAAACACAATTCCGATTCTGTGACTCAACTGATTACAAATGGTTTATGTCATCCTGGCTTGCCCAGTGATATACTCAGAGGCAAACTGGATCTCCTCAGCAGGAAAGTCAAGGGCCTTCACCCTTTGCTCCTGTCTTCCACCAGTCCCCTCACCCATCCTAGTTACCAATTACACGAGACATCTAGTTGCTGCTTGAATACATTATGTGGTTCCAAGCTTACATATGGCTTATATGCACTGTTTCCTCAGCCTAGAATGCCTTCCCATAT,"[[196514014, ""A"", [""G""]]]",yes,no,A->G,1
chr19,31572428,31572711,CATTTTAAATGCACTAAGGCAAACAACAATTCAGAGGAAACTTAGCCCATCTGTGTGTGTGCGTGTGTGTGCACGCATGTGTGCATGCATGCAAGTATGCAAAGAGTCCCCTGGGAATTGCTCTAGCTCATGTATTAGGGCACATGTGGACTGTGTATTGTGAGAGCAGAGCTACCTACAATGGCAGCCACTGTATTTTTCAATATTAAAAACCACTCCTGGTTACTGGCAAACAGCCACCTTCTCTGCTGTGGAAAGCCTCATGCCCTGGGCTCCTCACCTTA,"[[31572451, ""G"", [""C""]]]",yes,no,G->C,1
chr9,26057066,26057316,TGATTTCAAATTAAGTCTTACTTCAGTGTCCATAGGAGAGGAAATACTTTTGGTTAAATCAAAATTTTACAGGAATGGGAGTCTGGGAGACTTCAGAGAGCCAGCTGGCTACACCAGCTTCCCAGGCTGAGCTCTTCTTCAGAAAAAGCATCTGTTAATTCTGCCGTAAAAGGAGCATCAGTGGCTAGAGCCCTGCTTGGCAAACTGTGACATGTGTTGTTTAAGCCAGAGAGCTTTGGTATATATAAAAG,N,no,no,N,0
chr13,109334365,109334759,TGAGCATTTAACTTTTGCACAGCTCCTGTGACACCTCGTGGCTGGAAGAGACGCTCACCCAGCCAGTCTTTTGTGTAGGTGACATGAAGGTCACAACAGGATGTGCCGACACAGCAGACCAGAGGCACGGCTGGCACTCCTGCATTCCTCCTTCTTCCCCTGCCCCTCTCTAGAGAGGGAGTGTAGCAGCAGGACAATATGGTAGACCTCTGCTGACGCCGGTCCAAGTCCACACCTGGTTCCCCCAGCTGCCAACACCATCTGTTCAGGTTGTCTAATCTGAGGAAGACTCCGGGACAAGAGCACATTCTGAAAGCAAGCTGGTTCTTCCGCGGTGCTTATCCACTTTATGAAGGAAGCTGCTCGTGTGTTTTAGTCAAACCTAAGAGTTCATG,"[[109334424, ""G"", [""C""]], [109334536, ""G"", [""A""]]]",yes,yes,G->A,2
chr14,39448746,39449000,TAATTGAACTTGTTAAATATGGCAAAATGTCACCTTGTTCTCTCACTGGGAGTGCATGACTCTGGAGGCCAGTCACAGCTGTGTTGAGCCATGCTACATCTGTTCTTGTTCTGAGTGGCAGTTTCACTGCTAATAAGATTTTGAATCCTTAGCTAAGTAAGTCAGGAACTAAACATAAACCTATTTTCTCTGTGTGTGTGTGTGTGTGTGTGTGTGTGTGTGTGTGTGTGTGCATGCACTCTATTTCCTGTAGTT,N,no,no,N,0
chr16,67372797,67373057,ACTGTTAAAGACTTCCTATTCAGTTTTCAGAACTTTGGAAGTGGCTGTAATTTTTGTGCACCAAAGGGGGCAGTCTCGTAATGTTTTATTTAGTTTTTTGGCCTCTTTTCATTCTCAGTCCCCTATGCCTATTTTACCAGACAAGAACACTAACTGTGTGTTACTGTATTCAGAGTGAAGATCCAGCAACATTTAGCATATTTGGGATGTTATATTAATCAGACATGCTCTAGGAAATTTTTTAACCTCTATTTCATGTTA,"[[67372873, ""T"", [""C""]]]",yes,no,T->C,1
chrX,144586666,144587157,CACCACAGGGTTACCCATTAATGTGGTATACTCTGCCTTCCCCTAGGAGTAGCAGTCTCCGAAGGACAGACTACTGTGAATCCTGCTGCTCCTCCATGTCTAGTGGCCCAGTGGGTCTGCCACACTCCAGGCTGTTGCTAGGGCAATGGTGATAGCTGAGGTTGCACAAAAGTTTTTTTTTTTTTTTTTCCTTCCTGAGTGCTGTGTTATTGTGTCTGCAGATGTTGTAATAGGCTTTTCCAGTTGGCCTCCAGCCAGAAGGTGATGCTTGTAAAAAAGCATGAAATGTGGTGGTAGCAGTGGAATTTGTGCTTGCGTTAAGTTGCCCAAGGGAGGCATTCTTATGCCTCAGGCATTGGACAGGGCCATGGAACACCCATATGATCCTGTCTCTGTCCATTCTGTTATGCCACCAGTGCAGGTTGAAGCACAAAGCTGGTGGGGGCTTGGTCAGGTAAGTCCACACTCTGGCTCCCCATGTGCAGGTGCAAG,N,no,no,N,0
chr1,83967383,83967687,TCTGGTTCAAGGCAGCACAATTCATTCAGACCTCATCTTTGGTCAGGGCTGAGAATCTTCATGTGCTTTGACTGGGAAGGATTAGCTCAGGGGGAAAGGGCTGAACCTGCAGAAGGAGGACACAGTGTCTGCAGCTGCACTGTGGTAGGGGATGCAGTGACTGACTCAGGAATGAGCTAATTCCAAATCCAGTTCTAATATCAACAATCTGCATGGTAACTGCACAAGGCACTAAGGTTCCCAATTATTAACCTGAAAAAAGAGAAAGTGGAACTAAGACCCCTTTTCACTCTAAAATTCTAAAA,N,no,no,N,0
chrX,28313071,28313405,CCCCACTGTGGCTAGCAAAACTTTCCTTTCTTTAAGCCGTGGTTGAGAGTGGAAGGGTTACAGCTTTTTGCTTCCTCTTTGGAGATGTTGGTTAAGGCCATAAAGGACTTCATGGTTTTGGTTTCATGTGTATTTATTTGTTTTGGTTTTGAGTCATTTGAAGGTATGCCTTTGATTTAAAACTTTGGTTTATATTTAGAGCATGATAGCAACTATTTTTCCCACTTATCCCACTTTCTCTTCTGGAGCAGAGAGATAGGCCTCCCGCTGAAATTCAGCCAGCTTCTCCCAGGTGTAGGGAGTGAAGGGTGATCCTGCTCCCACCATTCAGGTGA,N,no,no,N,0
chr10,91289422,91289663,CCTAAAATTCTGCCAAGTAAGCAAAATCCTGCTTGCCTAGAGCTTTTCCATTCACATGATGGTTCATAAAAGTCATTCCCACTGAATGTCCTGATACATAAAGGACCTATTAATAGCACAGGGTCTAGTGCATAGTAAGCACTTTAGAAATCTCCTCCCTTTCTCTCACACTCATTTAGTCATCAGAACAGATTTACAAGGCAGGCATTCTTAACTCAATCTCATTGATGTGAATCTGAATC,"[[91289471, ""G"", [""A""]]]",yes,no,G->A,1
chr1,211287174,211287569,TTTTTGTTTCTTTCCACCCAGCCAAGAGTGAGATGGACATGGCTCCCATTAATCACCCCCTCCCTCTGCAGAGCAGGAGTGTTTTTTTCCTACTTCACAAAGTGATGGAGTTCCCCTTTTAGCATTTTGGCTTGTCTCCTGTGCCCTGCACCTGTTGTCCATTGAAGCCTGGCTTTAGGCAAATGACAACTACTGCATACTTGATTCTCCCTCTGGATTCTTGCTTTCTCATCATTTCTGGCCTCGGAAGAATTTCCTCACTTCCCTGCCAGCTCAGAAGTGAATGTTAAAAGACTTTAAAAAATGTTTGATCAGCAATTTTAGTAGTGCCCTACTGGGAGGAGTTTCTCTGAACATCAGATCCGCCATGTGTTGCTTGGAGGTAGCTTCGAGCAA,"[[211287178, ""G"", [""T""]]]",yes,no,G->T,1
chr13,35976150,35976494,TTCTTTTTCAAAGCATTGTAGGGTGGGTTTGGAGGCAGGGTGGGAGGAGAAAGGAGGTCAGTCCTGACCAGTTCTGATCAGTCCAGGAAGGGCGTGGGCAAGTAAGGAAGGACAGCACAGGCACGTGATGCTACAGAGAGAGAGGTGACTTTGGAGCAGCTGCAGCCCAGATGGAAGCTCCTGGCCACACTGCCACCTCAGCATCTTGCCGAGGCTGGCACAGTGCTCACCGTCTCCTCCCTAACAGCCTCAGCAACACTTCTGGGCAGGGATGTTGGTGAACCCTTAGCAGATGATGCTTAAGCCTGTGAACTCGAGGCAGAATTCTGTGAGTGACCCTGAGAA,"[[35976189, ""T"", [""G""]]]",yes,no,T->G,1
chr9,98340516,98340795,TCCCAAAGTGTTGAAATTACAGGCATAAGCCACCACACCTGGCTCATGCCTGTGTGTTTCTCTGATAGCATCAACCACAGACCTACCAGCAGCAAGCTGGTAACACCACCCTTTATGGACATACCTAATCTTGCTCATCAGACATGCAGTACGTAAGGGAGCATGGCAGACAATGGGTACCCCATAAATGCTGAAGGAGCACCCTGATGATGAACCATTTACCAAGAGGTAGGTTGGTTGGAGTTTACCCACAGAAAAGAGGGAAGGTCTTCATGGGGAC,"[[98340552, ""G"", [""A""]]]",yes,no,G->A,1
chr1,198143776,198144255,TCCCTGTTTAAAATACTATAAGTATTATTCAGTTTTTAAAAAAGAAAAAGGAAAAGAAAAAAACTAGTAGAACTTTCCTAAGACTTTATTATCCTGTGGGATAGATTGTTTCTGAAGTTAAATTCTCCTTCCTTGTTTCCCAACACCTCTAGTGGGATCTCTCTTAAAGGTGAGGTGACTAATCTTTTACCCTCGAAAAAAAATGATCATGTTAGTGAATGCTGACTCTGCCTTTCAGTTTCTTAGCCACAAATGTCATTTTGCTACGGTTTCTGAAGCCGTTGCTTTGACAGCTTCAAATTGTCTAGTACAGTGCACAGGAAGTTTTCTTGAATTATTGATAAATCTGCATAACTTGGGGAAGTAGAAAATGGCAACTCAGGAGAATTAACAGTTGTTCTAATTCTTTATTCAGGGATATGGCATTTTTACATGTGTTGCAGAGAAGGAAGATCTCATAACTAAGTAGCTCATTTTGTA,N,no,no,N,0
chr19,51616036,51616359,AAAGTGCTGGGATTATAGGCGTGAGCCACCGTGCCCGGCGTCCCTGTCATTTCTTTGGCTCAGTAAGCCTGACAGAGGCCAGCATCTGCCCTTCCCTCATTCAAGAAACACTGCCAGAGTAGCCAATAACCCCAGGGGAATGTGAGCTCACAGCTCAGAAGGCTGGGCACCTTTGAAGAAAAGCAAACCAACAGAACCTGATAGACCACTAGAAGCACAAGTACTAGGACGCTTTGGTCAAGAAGCTAAACTGAGCATATTACATGCACTAAAAAGATGTGGCAATATTAGCAGCATGAAAACAAGCATAAGAAACTTTGTCAA,"[[51616110, ""C"", [""G""]]]",yes,no,C->G,1
chr3,74121827,74122094,AGAAAAAAAATTTTTGTAGATACAGGGTTTTGCCATGTTGCCCAGGCTGGTCTCCAACTCCTAGGCTCAAATGATTTTCCCACCTCAGCCTCCAAATATTCTAGGACTACAGGCATGAGCCACCATGTCTGGCCCATTTCCATTTTCTGCACTCATATTTAACATGAGTAATTCGCATTTGCAGTTGATATGTAGAGGTCACTGAATTGTTTATTATTATATGAAAGAGAAAGCTTCACAGACTTTCATTTCTTTTTTCTTTTTATGT,N,no,no,N,0
chr14,37045414,37045660,GTTGAATGAAAAGACAAACTGCTGGGGAAAAAAAACTTCACTAATATTTCAAAATTGGAAGTGAAAAGAGTAGGTTTCTTCGAGAACCACAAAGTAATGACAGGAACTCAGTTTCAAGAAAGCCCAAGACATTCAGCGACTCAAAGTAATGAGCTTAATTCTCCAAAGTCTCAAGCAGTTTCCACCCCAGGGTAACAAAAACAAGAACTCATGTTTGTTTGTGTTGCAGTCTCCGTTTGGACCTGGA,N,no,no,N,0
chr10,87396179,87396457,GATGATCACTCACTGGTCAGCGGTACTATAAAAGGATTCTGGGGAGTTTGACTCAGTGGTCAGCAAAGGCTCTTCCGAATCTTCAGTCTGATTCTGAGATTCCCCAGGGAGAACTGGAGGCTTTCTTAACAGCTCTTGATTGGAAAGACCACCTGCTTCATCCTCTATTGCAACAGAAATAGCCATTGTGAAGCTCCATGGGGAGGCACAATGAGTTTTTCCTAGCATGTGTGACTCAGGTCATTTTGTTCTGTGGTTTCCAGTTGTGGGGACTTGGCA,"[[87396284, ""G"", [""A""]]]",yes,no,G->A,1
chr12,95922239,95922585,TGGTGATGGAGTGAATCCCCCATCCTTAATACTACGAGATAGCTGAACACATGATACCCAACACTGGACATATGAGACTGAAAGCAGTTTATAAGTCATATATACTCATAGCCTGGGGGAGGAGAATGCTGCCTGCAATGCAGTGCCACATGGGAATTGCACTCAGGAGCACAGTGAATCACCAGTGGTGGGAGGCAACTTTGTAGTAACAAAAGGCTGAGGTGTCCCCTGGTCCCCACAGGAGGATGTGATTGACTTGTTTGAATAATTTCATGGCTGACAGTGCAGTGAAACCCATTAGGTTGAAGACCAGGTGGAATGCAGCTGGTCCAATTGATAGAGGAACT,"[[95922265, ""A"", [""T""]]]",yes,no,A->T,1
chr10,43235841,43236248,TGCAGCCACACAGGCAGGACGGGTTGAGGGCCAAGACAGGGCCCGGGAAGTCACTTCCCCGAGATGAAGCAGATGATGACCAACAGGGACCCCTCCCATCACAAGGCTCTGGATACCCACCCCATCACCTGAGCAGAGACCTGCACAAAGTGAGACACAGATAATACCCCTGACACCCCAATGAGAAAGAGAGAAGAGGGACAGCACATGGAAATAGGGCAGACCCAGCCAGGAGCAAACTACTTCATGGTGACAAAAAGCTTGCAAGTTAAAGCCTTGAGTCATCACTTGGCACCTGTGAAATCTGCAAAAATAATGTTAAAGGTAATATAGAGTGTGAGCTTAAGCGTCAGGGAAAAGCCAGGGTCACTGGCAGGAAAAGGAGAGAAATGGACAGCAGGTATCCCC,"[[43236073, ""A"", [""G""]]]",yes,no,A->G,1
chr12,28500325,28500736,TGTGCAGAAGCTCTTTAGTTTAATTAGATCTCATTTGTCAATTTTTGCTTTTGTTGCCATTGCTTTTAGTGTTTTAGTCATGAAGTCTTTGTCCATGCCTATGTCCTGAATGGTATTGCCTAGGTTTTCTTCTAGGGGCACCTCATTTTTCATTGAGGATCCTGCTTACTTTAGATACATCATCTTCTTTGCTTCAAGGCTTCTGCCAAAAATAAATAGTTTAATGATAAGATATGAGTCATTTCTCACTAGGCTCATACATAGCACCACAGAAGGTATTGGCAAATAGCTAAATAAATAGATACCGTTACCAAGTTTTGAGTCTAATGAAAATTTATCTACCTATTAACTTTGGTCAGTTTAGCTATTTCAAGAACTATGTCTTAGAGTATGTATTTACTGTATAAAACCA,"[[28500355, ""C"", [""T""]]]",yes,no,C->T,1
chr3,156899992,156900363,GCTTTAAAAGGATTACAAAACATCTGAAATCCAGCTAGCAAATTTTTGAATTAGGTAGTATGGTAAACTCAAATGCCTAGGAGGTATCTAGAATAAATGAGTAAAACAGACTGGTGGGGGGAACTATACTAAACCAAAAAAATGCATGCTCATTAAAGATAGCAGCTGCTCCAGGAGACTGGTTTTGTGGGAAGAATGTGGGTCCATTGTTTTTGAATTACTTGACTTTTAGAAAGGTGGGGAATCTAGATTCTTACGTAAAATCTCTCCAAGTTTAAATATTTGTGCTTATAAAAAACAACACTCTGCAAGACAGATAAAACATGTTCAAAGACCAGTTTGTGACTTCTGAATTAGGCAAATATTAGACTG,"[[156899993, ""G"", [""C""]]]",yes,no,G->C,1
chr5,31452423,31452720,CTTCAATCCCTTTTCATTTGGCTATAAATTCCTTATTGGGAGATAATTTCATGGAAGTCATATCTTTTTCTTTTCCTTAATACTATTTCCCAAGAACACAAGAGAATGTAAGGAGTCATTCTTATTCATCAGAACCTGGAGGATGGACCCAGCCCACAGAATGATTGACATATGCTTTATATTATTTCAGTCTTTGAAGTGTTTTAAGCTGGTATTGTTTAAAAATACATGAAAATGGATTTGCTTGAAACTATAGAAATTAGTTATGTTATTAACTTATAAAGAAAGATTCATTCTA,"[[31452512, ""G"", [""C""]]]",yes,no,G->C,1
chr3,138400536,138401021,TCCGTACATAGAAACCAGTGCCAAGGACCCACCTCTCAATGTCGACAAAGCCTTCCATGACCTCGTTAGAGTAATTAGGTGAGCACTGCCCTCTCCCTAGAAGCGGGCCTCCACAGCATGGGTTGGCTCCTGGAGGCAGCTGGGAGCTTGAGGAAGCAGCTCCTGTTCTGAGGCCATGAGGCTGTGGAATTCTGGGCCTATTTTTGGATTTCTTGTCCCTCCTTCCATTTCTTTCTTTTGCTTTTTCCACCTACCTCTGCCCTCCCCGCAGCTGCTAACGGGTTTGTGGGTGATGTCTGCTGCACATGTTAAGTGGAAATGCCTTCCTGTCTGATGCAGTGGCTCAGGCTCCCTGGAAGGCAGCTCCCTCCAGCCTGGCTTCAGTGTTCTCCTCACACCAAAGCTTTCCACACTGTACAAACTAGGTCTCTCTCCTCTTCCCTGCCCTGATATCAGAGCACCCTTTGATATTTCCCCTGAACAACC,N,no,no,N,0
chr16,62963800,62964250,TTGATGTTAAGTTGAATGAACACCGAGTTACAAGTAACTTTGTGATCTTAGGGAAGTCAAATACATTTCCTGGGACTCAAATTTCTCATTTGTAAAACCGGGCAAATATTTTTTCATATTTTCTTTATGCAGAGACTGCATGTCAAATCAGATAAGCCTCTGAAAGCAAATTAGAAGGCAGTTGCCTCTCTTGAGATATGATGCCATGATAAGCAGTCCACTGACTATGTTAGCTTATTTTAAGTTGATCTTGGGTTTGCATAAATGGTTACAGTAAGTCACAGTAGATGGATTTGCTGCTGACACACACAGTATACAGTGACTGGTTTCGTGACACAGATCATTGAGAGTTTCAGTCTGAGTCTTCACACTCCTTCAAAGACTTTACTGTTATCAGAATTGGTAGACTTTTCAGGAGAAAATAATTAACTCTAAGGGATTGAGAGAGCAA,"[[62963811, ""G"", [""T""]]]",yes,no,G->T,1
chr2,24691310,24691627,AGGGAGATAAGTATTCTATTGCCTCAGGATAATGTTAGATCTGAAGAGGTCAGTCTGTCTTTTAATCTGAGTATCTAATTAAGCAGATGGCTTAAAGTACATCTTTTGTATCTTCAGAGTTTGTGCTTTTTCACCATATTCGCAAGCACATAATCAATTTTTCTTCCTCAGTAAATGGAGTTCCTTGGCCTCAAGAGGCAACACGACGAAATAGCCATACCTTTAACTGCAGGATGCTAATTCACCCTCCAGATGAGCCAGGGACCGAGAACCAAGAAGCTTGCCAGCGTTATGAAGTAATGCAGTGTTTCACTGTGT,N,no,no,N,0
chr2,12827627,12828032,TGCTCTTTTAGTTTCGCTCTTTGTTTGCCATCTATAGGTGGCTTGTGTTAACCAGCTCAGTCAGACCCTCTACCTTGTTACAAGGACAGAGGGCTTTCTGTATCCTGAGTTCTTGCCTTGGTGTACTGGAAGAATTAGATCACACGTGGGCTTGGAGAATGAGTGCAAGGTTTTATTGAGCGGAGGTAGCTCTTAGCAGATGGGGGAAGTCAAGAGGGGATGGAGTGGGAAGGTTTTCCCCTGGAGTCAGGCGCTCAGCGGCCTGGGCTCTCACTCTGACTGCCCCAGGCAAACTCTGCGTCATTCTGCTGGTTGGTGGCCTGCCGGGATGCTGGTGCCTGTCGGTGTGTGTGTTCCTCTGGATGTCCAGCTGCCTGCCTATTCCTCTGCTGATGTGCTTCTCTCC,"[[12827688, ""T"", [""C""]], [12827758, ""C"", [""G""]], [12827899, ""C"", [""A""]]]",yes,yes,T->C,3
chr9,71005528,71005731,AGCAAGAGAAATGAAACATATTCAATAGAGTCTCAATATAGCATTCAGCAAACTTTTCAGCAGAAACCCTGTAGGCTGAGAATGAAATGCTATATTCAAAGTACTGAGAGGAAAAAAAAACTGTCAACCAAAAATACTGTACCCAGTAAAGCTATCCTTCAAACAAGGAGAAATAAAAAGTTTCCCAGACAAACAAAAGCTGGG,N,no,no,N,0
chr11,66005597,66005896,AACAGGAACTGATACCTAGCTGGTGGGAGTATAAATTGGTCTAAACAATTTGGGAAGACAGTTGGGTGTTATTTAGTAAAACTGACACGCCCTGTGACCAAGCAGTTCCACTCTCAGGACTGTGCCTTGAAGAAAGTCCCGAACACCTGCAGCAGGACCTAGATGAGTTTGCAGCTGCATTGTTGGGAGCAACGCTAGCGGCTGTCAATACTAGAGTAGATAAATAGGCACTCATGCCACCGGACACTGGACGGAGGTAAAAATGAACAAATGATAGTTGTGTACAACACGAATCTCAAT,N,no,no,N,0
chr16,55393959,55394391,CTTAATTTCTACTGTTAGCATTTGTAGCAGCTTGTCAGATTTCCAGACACCCTTCTGCCAATTCAGCCCAGCAGCTGATGTTACAGAGAAGCCTGGGCAATGTAAGAGAAAACATTCTTCTAGTTTTGCCCAGCATGGATGTGGGCTGGGCCAACAGAGGAAAGAAATCTCTGTTTATAATCAGGGAAGGAATCGAGAGCCGATGATGGGAGAGTTTCCATCCTCTGTGCTGGAAGGAAGCCCTGATTGTGCTCAGCAAATAAGGTCCCAGCCATTTCAAAGAGGCTGCACGTGGCTCTCCACGATTTTAGCATCTGCTATTTGCCTTGGCCTAATTTCTTCCTTGATGCTAAATTATTCTCCAAGTCAACTATCTTTTTTTAAAAAAATGTAATTTTTAAAACTAGTCCCCAACACAAACAGGAAAGCAGTC,N,no,no,N,0
chr10,58140735,58141023,CCCTTCTGGTCAAGAACTCTCCGCATGTGAGATGAGAGGGGGCTGAAATTGTGGCCTCATCTGTCCCTGGAGCAGAGTGTGCCTAAAGGCTCGACTCCAGGAGAAATGGCCTCCTGACCTGAGTCTCATTAGCACTATGCTCAGCCAGCTGAGCTCCCTTCATTGTGAGATGCAGCCAGGACCACTGTTGTTTCTGAACAGCACCAGGAAGGAAAGCTACTGCAAAGTAGATTAGTGAGATTAAATCTTATCGGTGTGATTAAATCTGAGGCTAAGGTGATAAGAAATA,"[[58140757, ""A"", [""G""]]]",yes,no,A->G,1
chr3,107741291,107741644,TGTATTCAATTTCACTATGTGAATTGCTCCTGTGAAAAAAACTGCATTATTGTAATTCTTAATTATACTAATCACTCCCCTTCCATGGTTATTGAGAATTATAACTAAATCAAAGAGAGGATTGAATTTGGGGAAATCAAATGAATATGTACTTAACAAAAATCCCGTTAGCTATTTTTGTTTTTGGGCATATAGCAACACCTAGTGGCTTTATCGATTATTTCAGAGACTATTTCTAGAAACAGCTTCTTGGGTTTTTTTCTCCCTTATTAAATAACCACTACTTATTTAATATTTTTTCTTTCCTCTTAATTAACGAACAAATATCTTTGACTATTTTGTATTTAGAAAGTA,N,no,no,N,0
chr12,67475673,67476133,TAAATAGTCCCCTTTAATGGCCTCTGTATCCCTGCCTTTCCCCTGAAATTTTTTTGTTCCTGCCAAGTTTGACCTTGAACTCGTTTATGAGACTTGCTTAGGCCAATGGAGTGTCAGCAAATGTGACACAACCAGAGGCTTTAAAAGTGATTGTTTATTAAGAACAAACCTAGGCTAGCTTGCCAGAGGAGAGGGGACCACATGGGGCAGAGATGAGCTGTCCCAAATGAGGCCATTCTAGATGAGGTGGCCTCCAGACTGTTGCCCAGCTAACCGCAAATGCATGAGCATGCCCAGCCAAGACCAGTTCAGTCTAGTCCAAGTCAGCAGAACTGCCTAGCTGATCTGTAGACCCATCATAAATAATAAATAGTAGTTAACTTAAGTCACTAGTATTGGGGTGGATTGTTATGTAATAGAAGCTAAAATACATGTGGAAAATTCCTAACTTTTTTGAATGG,"[[67475721, ""C"", [""T""]], [67475932, ""A"", [""T""]]]",yes,yes,C->T,2
chr2,37373904,37374168,GGCCTGTTTTTTCCTGTTAAACTATGTGATTACCAGGCATATATTTGCTGTTTTGATTTTGGATTGAGGTGAGGACAGAAAAAGACTGCTGAATGTGAACTCTAGAGTCAACATTAAGGTAACACAGTAGTACTGCAGTAGTTGTGACAATTTTTGTGTAGGTAGATTATATGGTATTCGTTCGGTTAGTTACTTAGAGCATTTTTTTCTGGAAATACATAGGCATTCATAAGTTGTCTTTAGCTATAGGAAACAATTATCTAGA,"[[37373959, ""G"", [""A""]], [37374065, ""A"", [""G""]]]",yes,yes,A->G,2
chrX,10649313,10649645,TTCAAGTACAGCCTAGACATCTTATCTTCTGCAGCTTTTAACACAATCTCTGCATTTCCATTCCATCTGGCGGGGCTGGTTGAAGGGAAGATGTGAGAATATGCTGAAGGAGAAATCTACCTCTCCTTCTAGTTGGATCACATTACAACATGTGAGCAAGCAAAATGTGTGTGCCCACTAACGTCAGCATGGTTTTCGTTTTGTGAATCATATCATGTTTATAGCAACCTCTTCTTTTTGTAAGCAGGCACAATAACAGAATTGCAATTTGTATCCATCTAAGTAAGAAAATAAGCAATGAAAATCATTTCTATAAAAGAAACCTAGAAGATA,N,no,no,N,0
chrX,15114811,15115151,CATCTTCATCCTGCCCAGGATGCTTTCTTCAGTCACTGGGAAAGTGATGGACGCAGGCTTCTGGGCAGGATTTCTTGGGGAGTAATCATTCCTGCTAAGACGCAGGAATTGCTGGATGGGTCTGCGCGATCAATGGCAAGCGTCTTCCCCAGTGGGAATTCAATCCATTTTGGCTGCTTTAATGGAGCTCCTGGGGCTTAGACACTATTGAAAGGCAATTACTGACTTTCAGTTGTTTTAGCTCTGTGAGTTCATTGCTAGCCCCCTCCCTTATTCCCAGCTCTCCAAGTCTGCTCTGTCGCAAGTCAGCCTCTTCCTTTCTCTTAGTGGCAAAGACTGAC,N,no,no,N,0
chr14,34569796,34570086,AGGCATTTGGTTTATCACCACTTTTTGGATATAATTAATAATGCTGCTGTGAACATTTGCATACAAGTGTTTATGTGGACACGGTTTCATTTCTCACTATTAAGGAATGAAATCACTGAGTCATATGGTAACTCTACATCAAACCTTTGAGTAACTGCCATATGGTTTTCCATAGTGGCTGAACATTTTACATTCCTACCAACACCATATGAGAGTTCAAATTTTGTCACTCACATCCTTGCCAACACTTATTTTGTTTTTTTGGGGTTTTTTTTTTTGTTTCATTTTTGG,"[[34569811, ""T"", [""C""]], [34569877, ""T"", [""C""]]]",yes,yes,T->C,2
chr8,81575666,81575957,TGATATTTTCCCTTTGGACAAGGCCTTTTACCATTATGTAATATCCCTCTTTGTCTCTTTTAACTGCTGTTGCTTTAAAGTTTGTTTTGTCTGATATAAAAATAGCTAGCCTCCTGTCAGATCAGTGGCAGCATTAGATTCTTAAGATTCTCATGGGAGCCTGAACCCTACTGTGAACTGCTCATGTGAGGGATCTAGGCTGCATGCTCCTTATGAGAATCTAACTAATGCCTGATGAAACCACCACTCCCCAAACCCCTGTGTATGGAAAAATTGTCTTCCACGAAATTGG,N,no,no,N,0
chr6,165504998,165505198,GCTGTCGCCTGAGCTTCCTATAGACAAGGAGCAACTTCAGCAGTCACAGCCAATGATGTGAAATTCTGGGGCCTAAAAGCTTCTCTTCGTAGCTCTGCCTAGAGATGATCCCTCGAGTCCTTCTAATGATTTTGTAAGTCACCTAATATGTTTCTTTCTACCTTCCATTGTTTTCTATTACCTATAACCAAACCCAAATAC,N,no,no,N,0
chr17,42879632,42880028,ATCTCCACCTTGCCCTGTGGTCTGGCCCCGCCTTCTGGTGGAGCCTGCCCCCGCCTTCTGGTGGAGCCTGCCCCGTCCCCACCCTGACACTTGACCTGTGGCTGACAGTGGGCCACCTCTGCTCCACTCAGGCTCCGTGGCCGGAGAGTCTGCAGCTTCTCTGGCATTCCTCCTCCCCGTCTGGGTCCTGTGATGGAAACAGTCTCATTCAGCTGCCCCAGAGACTCACAAGTCCTTTACTCATTCAGCAAGTATTTTCCAGTCCCTGCCATGTGTTGGGCCCCTGTTAATTCTATAGTAATATTTGTTGTGGTAAATAAAATTGCCTTCATAGTGATGTCATGGTGGAGGGAGGAACACTCAGGAGAAGAGGGTGTCTCTGAGCCCACAGAGCTCC,N,no,no,N,0
chr16,27994057,27994302,TTGTTAAACTTTTGCGCAACCTAATCCTTTGTGTCCATGCTCCTTAATTTTCTTAGTCGTGAGACAAAAAACTCCAGGTGATACCACAGGAGAGGCTGCTACAACGGCTACATTCTGGTGCATTGGCGAGACTGTAACATAAGGATAGGAGAAAGGCTTGAACCACCAAGGGGAGATGTTGCCAAGATATTCAAGCAGCTCATGGAGGATGGGGCTGGGCCAGTGTTTTCTCAGGTCCCTTGGGGG,"[[27994079, ""C"", [""A""]]]",yes,no,C->A,1
chr13,82933981,82934213,GTATTATAAAATTATTTCTGGATTATATTTTCCCATGCCTGGTTTAAATCTAAGAACCATTATACCAGTGTTCTCTATACAACAGTAATTCTGATAAACTCTCAGCACCTAATAAATCCCACACAGTTATAGGATAAAATGGATCTTGCAAAAAAAATTCAAATAACAACAGCTGCAGACAAGCTGTTCATCTGGCACATTCTGGCTCTTGTTATAACCACACAGGGCAAGTG,"[[82934136, ""G"", [""A""]], [82934168, ""G"", [""T""]]]",yes,yes,G->T,2
chr15,96366046,96366326,GATTCAGGTCTCCTCTGGTGGATGTGGGAGGTCTTGGGATAACTCTTCGTGAGAATGCAGAGCTGGCAGGAGCCTCCGTAAAAACACTACAAGAAGCGGTCTTGGGGGCCGTCTACTTTGCTCACAAAACAGGGTTTTTCTCCAGCCAGGAAGGGCGGCGAGACCCAGGCAACTTGGACCCGGTTAGGGACCTGTGCGGGATGTGTTTTCTGAAACTTTTACACAGGAACTCCAGGGGGCGGGGGACGAGGGCGGCAACCCCAGATCACAGGCGGCCGGCG,"[[96366150, ""A"", [""G""]]]",yes,no,A->G,1
chr2,242065453,242065750,GAAGACGTTTTAAAATGGCACATGCTGGGTTCAGGTTGCGGTTCCAATGATCCACCTATGGTACGTGTTTATCTACCATAAACACAGATTCTTGAATTTGAAACAGAACACTGAAAGTGAAACTTAGCAGAAAACCAAACGTATCAACGTCCTTTGAGAAAGAATAAGCACAGGGGTGTGGAGGAGAGCCGGGCCAGCCTCAGACTCAGCCTCCCTGGAGCCCGAGACGTCCACTTCTGTGAGGTCCCGAGGGAAGCGGATGTGGTCCTCTTCTAGCTAGCCACATTTTCCTTTAAGT,"[[242065547, ""C"", [""A""]]]",yes,no,C->A,1
chr2,182170434,182170705,GCTAAGATTAAACAGAAGTAGATTTGATGAAGCAATTATGCTAGTCTTTGGGGTAAGGTTTCACAGGAAATTCTTTCCTCTTTCTGTCTGTACTCCTACCGCATAGCTATACCATATAATTTTCTGTGTGCTATATGAAACCGTGAAAAGAAATGAGAAAGTTAGATTCATTTGTAATACATGTATACACCTGTGATGCTGGAGACTTACTTCGCTGCCTTAGACCTAAGTTCTCACCTTGGATTTAGATATGATAATATCTAAATTGTAGG,N,no,no,N,0
chr10,22343687,22344085,TATATTATGTTTTATCAGGAATAATACAATTTAACTAAAAGATATTGTTAATAACAGATACTCAGACTCTAAAGTAATTTACATAGCTTTTGAACGTATGTTTTCAAAGAACTTAGTAGCATCCCATACTGTGTTATGTTTATAGGTTTAGACCTCTCCCCCTCTATTGAGCTCTTAACACTTTTAAAATGGAAAACAAATAGTAAAGCAGTTGCTAAAAATGGCAGTTGGAGTAGCTTAAGAGTTTGAATTGTTTGTTTAAGGACTGAAACCAAATATAAAAACTTTTAAGGGGATTTTTTTTCATCATTCAACAAGGAACTGAAAATTACAAGGCTTATTTGCAATCTTAATTATTTACTCAATCTGTTTCCTCCCACGTCTCTAAATGGGAACGCA,N,no,no,N,0
chr3,64817635,64818093,TGTATTGAGGACTTATAGGTTGATACAAATATGACATTTCTGACCTTTGAGTCCTGAAATGTTTCCCTGTCATTGATGTATATATGTATTTACTGAATATTCACATACATAAGCCTTCAGCTCTCAAATTATATGTAAGCATGGACACATTACATACAATGGTGCAATCAGCAGAGACTCTGAATTCATTCAGACCTGGTATGAATCCCAGCTCAGCCACCTACTGGCTGTATGACAACAGAGAAGTAATTTAAATATTTTAGCCTTCATGTTTTTATCTGTAGGAGGGTGACCTATCCACTGCATATTGTCTTTGTGAGAATTAACTGAGTTCACACACGGAAATTACCCAAAATGGTGCCTGGGATATAATAGACACTCACTAAATACCAGTTACTTTCTCTCTTCCCGCTCCTCCTTTGTATATAACCACACTGTTTCTAATAAGAGCATGAAATT,"[[64817686, ""G"", [""T""]]]",yes,no,G->T,1
chr20,48695229,48695499,TGTTTTTGAACTTTACACAAATGGAATCACAAGTATGTACTTTTGTGTCCAGCTTCCTTCACCCAACCTCATGGCTGTGAGTTACCCGTGCTGCTGGGTATAGTGACATGGCCAGACATCTGGCTTCCTTCCAGTGTGGTGCTGCTGTGACATTCCTGCACGTGCCTGACAAAGAACATGTGTGTGCATTTCTTTGGGTTAGATACCTGAGGAGCTGAATTACTGAGTGATAAGGAATGTGAATGATTAGCTTTAGGAGATACTGCCAAGC,"[[48695263, ""G"", [""A""]]]",yes,no,G->A,1
chr3,79846687,79846956,CTCACCTGGAGGGTAGACCGTGTTGTGTTTAACCGCTGAGAGGTCCAAATAGGTAGGCGCCCCCTGCTGTTGAGGAAGAGTAACAACATCAGTCGACATCTAGGTTTTTAATTTGTTGGGGAGAGGATTTCTTCTCAGGAATCATGCAGAAGGACTGCCATTTTCTGAGAGATTCTTTGGTGGCTGTAGATAGACCATGAGCTGTGTTAGGGCCCATGCTGTGATCACTGAAGAGGATGTCGGATGTCCAAGTAGGGAGGGAGGCTTGTG,N,no,no,N,0
chr5,120872309,120872664,TACAGCAATGTAAGAACAGCCTGACATAGTGTGTGTATCAACCTAAAAATAGTATGATACCTTTTATTTCCCCTAAATTTCTTTTTTCTCCTACTTGCCCAAGACATTTTGGCCTATTAGCTCCTTTTTCTTACACAATGCCCAGCAGCCTGGCCTTTCTACGCTTCTTCCCAAAATGCCTCTCTGACATTGTTCTCTATTACGTGGCTCTAACCCAGTTTCTGCCTTCCAAATTGCACAACCATAAGTTCATTTCTCTTTCTTTCTTGGAAGAAATACATTGATTCAGGTCTTTTTTTGCACATACTTTATTACATGCACTTTAATTGAAAAAATATTCATGTCCATTTTAAGAA,"[[120872424, ""G"", [""A""]]]",yes,no,G->A,1
chrX,63865796,63866065,AGGAGGCAGTCTGCCCCTTCTCAGATCTCCAGCTGTGTGCTGGGAGAACCACTACTCTCTTCAAAGCTGTCAGACAGGGACATTTAAGTCTGCAGAGGATTCTGCTGCCTATTGTTTGTCTGTGCCCTGCCCCCAGAGGTGGAGCCTACAGAGGCAGGCAGGCCTCCTTGAGCTGTGGTGGGCTCCACCCAGTTCGAGCTTCCCAGCCACTTTGTTTATCTACTCAAGCCTTGGCAATGGCAGGCACCCCTCCCCCAGCCCAGCTGCCAC,N,no,no,N,0
chr17,11787034,11787365,TCCTACCTGCTGTGAAAAGAAAAACCTCAGCTAAATTAAGTTTAACAGTGTTTAACTGATCAAAGAACAATTCACGAATCCGAATTGGGTAGCCCACCGGGCCAGAGTAGGCTCAGACAGACTCCAGCAAAGCCACGTGGTGGAAGAAGATTTCTGGACAGAAAAGTGAAAGTGATGTACAGAAAACAGAAGTGAGACACAGAAACAGCTGGATTGGTTACAGCTTGGTGTTTGCCTTATTTAAACACAGTTTTAACAGCTGGCCACCTGCAATTGGGCAAAACTCAGTGATTGGCACAAGAGTAGTTACAGTCAATTTACACCTCCTTTTA,"[[11787061, ""T"", [""C""]]]",yes,no,T->C,1
chr4,15793473,15793911,GTTTTATATATACATATGTGCATATATATTATTGCTAATGAAACGTCTACTGAATGATGTAAGTTTTCTCTATGATTCTTTTGGTCCTTGGGACACAGGACTTATCCCACTAGTGATGTGTAGTCAAAATACTATGTACCAGTGTTTGATACCTTAATTAAAGGATCTCTCTGGCTGCTGCATTGAGAACAGATGGTAGCAGGACAAGGACATCAGCCTGGAAGCCATCTGGAAGCTCTTTAGTGATTCAGATAAGATTTGATTTTGGCTTGGATGGTGATGGATGATGTTGAGAAGTGGGTGGATTCTGGATATGTTTTGAAAGTAGGTTCCATGTGATTTGCCATGGGCTAATATATGGAATGTGAGAGAAAAAGAAGAAACAACAATGCTTCCAAGATTTTGGGGCAGAGGTACTGAAAAAATGAATTTCCATTTA,"[[15793544, ""G"", [""A""]]]",yes,no,G->A,1
chr10,114291539,114291827,TCATCTGCCACCTTTCCCTTGAGGATAAACAAGTGGTCCTGAAGACTTAAATTTAGCGGCCTGACGTTCCTTTGCACACAATCAATGCTCGCCAGAATGTTGTTGACACAGTAATGCCCAGCAGAGGCCTTTACTAGAGCATCCTTTGGACGGCGAAGGCCACGGCCTTTCAAGATGGAAAGCAGCAGCTTTTCCACTTCCCCAGAGACATTCTGGATGCATTTGCATTGAGTCTGAAAGGGGGCTTGAGGGACGTTTGTGACTTCTGGCAACTGCCTTTTGTGTGTGG,"[[114291572, ""G"", [""T""]], [114291809, ""G"", [""A""]]]",yes,yes,G->T,2
chr1,225179766,225179990,ACTCCATTTAGCCTTTCTTGTAAGACAAGTCTGATGGTGATGAATCCCCTCAGCTGTTTCATGTCTGAGAAAGTTTTTAACTCTCCTTCATGTTAGAAGAGTGGGTTTTCTGGCTACAGTATTCTCAGTTGACAGTTTTTTTTTTCTGTCAGGACTTCAAATATATGATCCCACTGCCTCTGGCCTGTAAGGTTTCCAATGAAAAGTCTGCTGCCAGATGTATCA,"[[225179793, ""G"", [""A""]]]",yes,no,G->A,1
chr11,116901174,116901604,TATTATACTTAATTGTATTGTGTGTTTATACCCTCCATTAATTAGTAAATGGAGGAGATACCGTTTTATTTATCCTAGTCTCTACACAGTGGTTCTAATACATAGCAGAGACTCAAGAAAGGGTCACGAAATTAAACTGCAATAAAATAACTGGGCCAATCCTCTTGTCACCTCCTGACTACTGGAGACTTCTCAAACTGACAATGGCAGCTGGCCAGCAACGAGAGCCTCTGCCTCCTAGCTGTCCCTCCCAAGGTTCTAAAATTAACTTAATGATCATAAGGGGTGTGGCAGTCAGGACCACAAATAGAATCATTATAGCTTCTTCTATGAGAAGATGAATACTCTCATTCATTAATGGAAATAAATAATACTTCTTCTGTGAAGTCCTCCTGGATCCCCTACAAGAAATGTCCCCTATCTACTCTGTC,N,no,no,N,0
chr8,53004821,53005144,CCAGGAAGGGTGTTCTGCTCAGAGTCTTATGGGTTGAAATCAGGAGGACCACAAGTTGTGCTCTTATTTGCTGCTCAGGTTTCACGCTGCTGGCAGAACCAGTTCTGGTGCTGCAGAATGGAAGACCCGCATGTTGCAGGCTGCCACCCAGCACCTTCTCAGCTCCTGGTTGCTGTTCCCCATTCCCTGCCACAGGACCTGCAACATGCAGTTGCTCCTTCAGGCCAGCAGGAGAATCTCCCCCATGTCCACTTCCCCCACCCATTTTGAGGCATTTCATTAGTTCAGGCCCACCCAGGAGGATCTCTCTTTGATTAACCCAGA,"[[53004881, ""T"", [""C""]], [53004907, ""T"", [""C""]]]",yes,yes,T->C,2
chr2,169719119,169719370,ATGCTTCAGTTATTGCATCAGGTATGTTTACCATACAGTGAGGTAGTGTGCCCTTTTTCCAGGAATGCTCACAGGACATAACTAAATTGTGCATTGATACTACAAATACTTCATATACTTAGATGCCTCTTGATTAACTCATCCTGCTGAGTCTAGCACCATTTCCTATAAAGACATTAAGAACCTGAAAGCAATCTTGACTGGCCCATAGGTCAAGTCTGGGTGCCACTGAAATAATCTGAAAGTCAATTC,"[[169719168, ""A"", [""G""]]]",yes,no,A->G,1
chr9,29239706,29240134,TTTAATAAGCCCTTCAGGTAATTCTGATGCACACTAAAATTTGAGAATCACTGGCCTATCTAAAGTCTAACCTCAGCCTGCTCTTACAGAGAACCCTGGAGCATAAATGGCACTGCAGACTTATCTCTCTTTGAGGCAATTAAGGCAGTTTTTGTATTTCCTGTGAATTAGTTATTGGCTGCAGACCAACCGTGAGAGGGGAGCATAGTCTCCCAGCATTTCTGGGTGAGGCATTACTATAGACCATTCTCATGAGAAGGATGCCACTGAGGACTTCTGGGAAATAGCATCTAACCAAGGCACCAACCGCATCTACTGCAACTGTATGTTCCACCAAATGGAGTTTTGAGTAAGTAGAAAAAGTTTTGTCACAACCTGAAATCCAGACTTCTAGGAGGTTCTCCTGGCATTGAGAATCTAACTTTGGTG,"[[29239711, ""C"", [""T""]]]",yes,no,C->T,1
chr13,64747987,64748203,TAGCCTTGCTCTCAGCTTTCTTCCATGAACTGCAGAAGGTTTCAATTTACTGAAACACCGAGGTAGGTAAGATCCAATCAAAAGCAAAATCAATAAATGCTAACCTCGAAGGGCTAAATAGTAGTGACATCAGTCACAAAGAAAAGTTGTTTGCAGGCTTGAAATACTATTGTTCTGTAAAGGTAAGAGAATAAAACTGCAATTATGGACACTTGTA,"[[64748041, ""G"", [""A""]]]",yes,no,G->A,1
chr3,55180990,55181318,ATCTAAATAACCAGATGATAGGATAGCCAGACTCTTGTCACTTCCTAATCAGCTATTTCTATGTGTATGATAGAAAATATTGGAGTACATCTTTGCAGTTTGTTTATTATTAGTTACTGTCCTTTTTAAGAATGGACCAATAGGAAAGCCCCCTAGTGGCCAGTTACCGATTACATCGCTTTTTGGTTGGCACATTGAAATTTTTTAACTAAAAACAGTCCTGTACACGGCTGCATTTCTGTTTAAGCACTGTTTGTCAAAAGCACTTTTTTTAAGAAGCCAGCTTTTCTCACAAATGTCTAAAAGTTCTACATTTGAAACATTTAGTC,N,no,no,N,0
chr1,76782781,76783255,TTAAAGGCAGATACAGTGGACAGAAAAAAATTGCCTTTCTCTCAGGTCATTTTCCATTTTTTTTCCTTTTGTAACAGTACTATGCATGTTACATTTATTTGGTTTGTTGCTTCACTGAATTGTGCAATGCAGTATCACCAGACTGTAAGTTGAGACAGTCAATTTATGTGCAACCAGAAAGATCCTTGGAAGCAGTCATGTTGCACCGAAACAGCTTTGTCCTGACAGGAGGCTATTAGCAATGAGCTCCATCACTTCCAGGAAGATTTGCCTTTCTAAGATTGCAACATGGTTATCCTTTGGAGTATCATTTTTTATAGACACATGGAGTTGGAATCAGGAATCCTGATTTCCATTTCTGCCTCTTCCCACACTTGGCTTTGGGAGTTGAACAGGTCATTAAACCACTCTGGACCTCTCCAGAGACACTGTGAATTTGTGCTTTTGCATGGATTATCTCATATTTTTTTCCTTA,"[[76782828, ""T"", [""C""]], [76783133, ""G"", [""C""]]]",yes,yes,T->C,2
chr4,68573045,68573470,AGTTAGTCTATCATTTATTAGTTAATGATGTCCTTTGGTATTTATTAAAATTACCACAGCATGGGGAGACTTTATGTTTAGGTTTTTCCTAAGAGTTAGCTTATTTGCTTCTTGTGTTAACAGGGCTGTTGCTGCCAGGGCCCTTGGACATGGGGGCCAGCCTTTGGAAACCCCGTCTAGTTGTTTTGAGAGACAGGCCATTGGCCTTGGCCAGGAACCTCCAGTCTGGGTTAAAACTCCAACTGCCATTTTTTTCTCTTTCTGACACATAGAGTGTGAAGAGTTTTGTCAGGTCAGGTAGCCTCAGGGCTGGGGCCGACATGAGTATTTTTTTTTTTTTTAACTCATGAAAAGCTCTTTGCTGTTGGTTGTAATAGATGTAGTTTATCTAATCTACATTTTTATTGACTGTTATCTACTAAAATA,"[[68573066, ""C"", [""T""]], [68573371, ""T"", [""A""]]]",yes,yes,T->A,2
chr2,36125686,36126177,TATCATACTACGAAAATAATTCTTCACGTCTGCTGAACAACATCTCAGGTTCTCCTTTAAATCAGGACAAAGAAACTAAAGGAAAACAAGATTAAAAAGTAAATTCAAATTACTTGGAACTAGGCAGAGAATGCCCAATAGACCGACAAACAGCGAAGCACTGTTCAGTGAGGGAACTACTGGGATCCCCAGAGGGGCCAGGCTCTCAGGCAATAATTAACACCCATGTGCCGCTGTGAGCTCAACCTCATGCTGGTTGTCTTGTACACTTACCCTAAACAGAGCGCAGTCTTTTCATCCACCCAATAAACCCAGAGCAGAGATCAATCTCTGTCGGAGGGTCGGTGACCCCTGAAAATCTGGTCATGTCGTCTCTTTATTTAAAACTCTCAGTGTCTCTCTAATACTCTTAGTAAAAAGAAATCCAAATGCCTTAATGTGACCTGCAAGCTCCACTTGTACTGTCCCTGACTCCCTGACTTAGCTTTTCAG,"[[36125696, ""T"", [""C""]], [36125971, ""A"", [""G""]]]",yes,yes,A->G,2
chrX,7389517,7389881,AGGTATTTTTATCTGGTATTGTTTACTGGGAACCAAATTGATTCAACTACTGTATACCCAGCCCTAAACTTTTGCCTCAACCCAGTCCACTGAGACATAATCACTGGTTAGCTTTGAAACACATTTTCTAATTTCATTTCTTCATTGTTTTGCACACTTCAAGGCATCCTAGCTTCAACCAGAAACCAAAGAACATCTGCAATCACAGCCGGACACATTTTGTTGCAAAAGTCAACATTGCTGAATTCCAGTCCTCTTGATATTCTGAGCCTCTCAGATGTCAGGGGATATCTTGTTTTTCAACATACTCTATTGAAATGTTATACACGGCTCATGAAAAATATGCCATTTGATAGACTTCATAA,N,no,no,N,0
chr8,142249967,142250351,TCTGAGCTTGGGGAGTTGGGGCCGGGGGATGCCGAGCTCTGCCGCAAACCTGCTGAGGGGTCCTGGGCAGCTCCAGAGACCTCTCTGGGCCTCCCATGCCCTTCTTCAGAGTGCGCCGCATGAGACCTGCTGGAGCCAGGCCGGCAGCGCAGCAGTGTGCTGGAGTCATTAATGCAGGCAGGCCCTGAGCTAATGAAATCCACATGGCAGCCACTCACACTTCCAGCCATGTGCTCCTCTCGGATTTTTACAGCCATTCTCCTGCCAGCGGCAAGAGCATTTTGAGGGAAAAATGCAAATTTGGGGGACATGGGGGAGCTCTTCACCAGGCTAAAAATGGCGCTCTAATGAGGCCTCCTCCCCTGGAGTAGGAGCGAGTTAGAGC,"[[142249983, ""G"", [""T""]]]",yes,no,G->T,1
chr3,195599215,195599482,ATAATGGAGGGAAGGTCAGCAGATAAACAAGTGAACAAAGGTCTCTGGTTTTCCTAGACAGAGGACCCTGCAGCCTTCCGCAGTGTTTGTGTCCCTGGGTACTTGAGATTAGGGAGTGGTGATGACTCTTAACGGGCATGCTGCCTTCAAGCATCTGTTTAACAAAGCACATCTTGCACCGACCTTAATCCATTTAACCCTGAGTGGACACAGCACATGTTTCAGAGAGCACAGGGTTGGGGGCAAGGTCATAGATCAACAGCATCCC,"[[195599286, ""G"", [""A""]], [195599349, ""A"", [""G""]]]",yes,yes,A->G,2
chr2,9998671,9998907,CATATATATACATATATATGTACACACATATATATACGTATATATGTACACACATATATACGTATATATGTACACACATATATACGTATATATATGTACACACATATATACGTATATATATGTACACACATATATATACGTATATATATGTACACATATATATATACGTATATATATGTACACATATATATACGTATATATATGTACACATATATATACATATATATATATTTGTTG,"[[9998708, ""A"", [""G""]]]",yes,no,A->G,1
chr2,46676315,46676519,TAAAATCCATATGAAATGAAGAGAGAAGTAAAAAGATCCAAGAGAAAGTGAGAAATATCCATGGTAGGCAAAGAAGACACAACATACAATAATAGGAGTCTCTGAAGAAGAAACTCAAAGCATGGGAACAGAATAAATATTTTTAAAAGGAATATTCAGGAAACTTTCCTGAAATTAAAAAGATACCTATCTATCTATCTATCTA,"[[46676337, ""A"", [""G""]]]",yes,no,A->G,1
chr1,242454286,242454561,TCATGCATTGCACTCTAGCCTGGGCAACACAGCAAGACTCCGTGTCAAAAGAAAAAAAAAGGCAAATTTAATCTCAAGCAAACCCACTCAGTCTAACAGTCATAAAGCATGTAGGGATGGCTTTCAGCTTCTACTACTGTTTCAAAGGTTTCTGTTTCAATAGACTTAAATTGATGTTGGCAGAGGAAAAAAAAAGAAAAAAATGAGGTCAAGGCACTGAGAAAAAGAAACCATCACTTTCTAAAACCACCCAAGATTGCTAAGCATTTGCATATA,"[[242454336, ""A"", [""G""]], [242454419, ""A"", [""C""]]]",yes,yes,A->G,2
chr11,14095902,14096273,TCCATCACTGTGGAATCCCTCCCAATCCTGAGAAGTCTGCCCATCAGAGCATCTCAGCTGTGCCACTGCCAGTGCTATGATGGGACAGGAGACATTGCTGCTGCCACCAGGCTGAGTCTCAAATATAGGATTTCACCAGGAAATGGAATTTGGCACCCAACACTTGTGTCGTCATACACAGTTTCAGTGAAAGAAAGGGCAAAAGAGAAAGGATTAAATATCTTCTTTACCCTTTTTCTCTTGCCTTCCTTCTGCCTCTCTGGAAAGGAAGTCCTATGACAACCAGTCACTCATGTATGGGTTGGGAGTAGAGAAGGAAAGTCCATGATCACATTTTCCAGTTAAACAGGGAAGGCTGAACACATAAATCTC,"[[14096020, ""A"", [""T""]], [14096211, ""G"", [""A""]]]",yes,yes,G->A,2
chr5,40124514,40124818,TAATTATACCTGACTTAATTATATAACTTTTTTCAGAATAAATTCCCTTTTTACCAATTTAATTATGACTTACACTGACCATTCACGGCATGCTTGGACTTTCTATTCTTTTTTCCTAAATCTCTCTCTTTCTTGAACAACGGGTCATTTTATTTTAGGACAAAAAATTCATCACACAATGTTTTTATAAATATCACATTATTTTTCTTTTAACCTGTCTTACCAAAAATACTTCTTTATATCTATAATTTTCCTTGTGTCTAGGATCAGGAATCATTTCCTGATTCCTTTTCCCTTGTTTTATA,"[[40124568, ""T"", [""C""]], [40124778, ""T"", [""G""]]]",yes,yes,T->G,2
chr7,146655838,146656317,CTATGATTTCCTCTTGATTAAATACAATAAAATTTAATGTGACAATGGTTTGTGTACTTTTCTTTCCTTGTCTTCTCTGAGCATCTCTCTAGAAATAGGAAAAAAAAATGGGATAGGTTTTGTTTGGGTGATTTCCACTGAAGCATAGCAAGGTCATGCTTTTGTATTGTCTATTATCAGTTATAATTTCTCAAAAACAGACAGCAAACAGGCAGTGTTCAAAAATTTGTAATTTACTATCCCGTGCTAAAGACAAACCACAGAGTAAAACCGCAACCCGGTTAACCACCAAAACAACCTTCAATCATTCTGACTGGTTCTGCATGTTTCAACGTTTATGGTCTTTTGGCTGAAGGCCAAAGTTCATCTCTTATTACCCTTTCTTTTCCATCTGTGAAGATCATTGCACACACACTCGTTCTGCATTCCAAACAATTTCACCTGGCAAAGGAACTAAGTAAAACTGTCTCTCATCTTCAT,"[[146655862, ""A"", [""C""]]]",yes,no,A->C,1
chr1,170920947,170921250,TATCAGATAAATTAATCAGAGAAATTTAAATAATTTTTTAAAAAACAAAATACAAATCCTGGAACTGAAAAATACAGTAAATGAAATAAAAAATGCAATCAATAGCAGAGCTGATCAAACAGAAGAAAAAATCAGGGAGCTCAAAGGCAGATTATTTGAAAATACATAGTCAGAGGAGAAAAAAGAATAAAGAATAAAAGGAAATGAAGAAAGTTTATGGGCTCTATGAGACAACATAAAAAAGCAAATATTTGGGTTATTGGAATTAAAGAAGGAACTGAGAAAGAAAAAGAGAAAGCTTATT,N,no,no,N,0
chr3,63017367,63017578,TACCCACTTTTTGATGGGGTTGTTTGTTTTTTTCTTGTAAATTTGTTTGAGTTCATTATAGAGTTGTTTTTTTCTTGTAAATTTGTTTGAGTTCATTGTAGATTCTGGATATTAGCCCTTTGTCAGATGAGCAGATTGCAAAAAATTTCTCCCATTCTGTAGGTTGCCGGTTCACTGTGATGGTAGTTTCTTTTGCTGTGCAGAAGCTCTTT,N,no,no,N,0
chr17,5809706,5809965,CCCCTTTTGGATGCATATATAAAAGTCAAGCCCTGTCTTTGTTCAGGGCTCAGCCTTTGGATGCTAATCCACTGGGCTGGTTCACACCTAATAAATCCTCCTGTCTCACCCATTGGTCTCTCTTGTCCCTTGATTCCTGCAACAATCTCTGGGAACATTCATTGCAGCCTCAGGAATATGCATAGTGGGTGATGGAGGAGGGGGCTAGGAGAGCCCCCAGCAAGGGGCATGAGCTGCCCTTGATTTGCTGGAGTCCAAGG,"[[5809787, ""G"", [""T""]]]",yes,no,G->T,1
chr7,79988679,79989002,ACTGTACTAAATTCTGTGGGCAGTTGTAATCTAACAACAAGTATTTATGTATCCAAACATAGAAAAGGTACAGTAAAAGTATGACATAAAAGATTAAAAATGGTACATTTATTTAGGGCACTTACCATGAATGGCGCTTGCAGGACTGGAAATTGCCCTGGGTGAGTCAGTGAGTGAGTAGTGAGGGAATGTGAAGTACTTAAGACCTTACAGTACAATACTGTAGACTATAAACACTACTGGTCTAAATTTAGATTTTAAAAATTGCTCTACAATGTTACAACAGCTACAATGTCACTAGGCTATAGTAATTTTTCAGCTCCA,"[[79988708, ""C"", [""T""]], [79988791, ""A"", [""T""]]]",yes,yes,C->T,2
chr15,93873501,93873770,GTTGTAATTCTATGGTTTCAATAAAAGTAATGTCTTTTTAAAAAAATTTTCTGCTGCTTTTAAGATTTTCTCTTTGACTTGATATTCAGCAGTTTCACTCTGATGTATTTAGCTGAATATCTATTTTTATTTATCCTGTTGGGTACCACTGAGTTTCTTGAATCTGTAGGTTGAAGCTTTTGCCTTGTTAAGGAAAACTCTGAGCTGTTATCTCTTCAAATATTGCCTCATTTTTAACTTTCTGTTCTTCTGGGACCACAATTTTTCAAG,N,no,no,N,0
chr17,54177711,54177955,CAATGACTGAACCACATATAACAACAGACCCACAACATCTTCAGCAACCAGCCCAGGAATAGCCTTTAACTTGAAACAGCCTCTGTTTTCATTTTCACTGCAGCCGTCTGTCTTCTACTGAAACCACGTGGCTGGTTTGATTCTGCTATTGAATCTTAGTAGAACTACTAGGCTTAGGATTGACAGGCACAGGTTTCAAAACAGTGTGCCTTGAAGACCAACTAGGAACTTTAGCAGAGCAAGGG,N,no,no,N,0
chr21,7003836,7004038,CATAAACAGACATGAAAACAGTCACTGTTTGATTGCAGAGAAAGTGAGCTTCTAAAGCAGCTGACCACAAAACAGCCTCACCAAACCCCAGGCAGGCCAGGCAGTCTGAACACTACAAGGCCACGTGATGGTCACAGAGGATGACAGCTCCCGTGAGTATTGCAAGGCACTGTGTTAGCTTCTCACTCACAGTCTCAGAATAC,N,no,no,N,0
chr15,42738455,42738777,GAGAGAGCATTTTGAAGGTTGCTGCTCAGTGACAAATCAAGCAAGGGAATCCAAGCGGAGAAAAACAGATGGCACGAACATTCCATGTCAAACCAAACCAGGAGGGGTGAGGCAGTGCCCTTGTGAATGCCTCCTGAGAGTTGCTCTGGTTCAAAGGAAGGTTACGGGCGGAAGGATGAGGGTGGGGGTGCAGGAATCTCTCTAGTGGTAGAAGGGGTATTTCCTATGGAGAAGGAAAAAGTACCTCCAGCCAGACAGAATAATGGACTAAAAAGGAGCTTTTAATATTTTAATTTTATTACAGGAAAACATCTCCTAACTGC,"[[42738462, ""G"", [""C""]], [42738663, ""C"", [""T""]]]",yes,yes,G->C,2
chr18,8871368,8871865,TGGGGTCCATTGCCCTTGAATCTGGGCTCTGTGACTGCTTTAGCCAATAAAGTACAACAGAAGTTATGGTACCAGCTTCTGGATGCAGACCTTAAGAAACCAGCAGCTTCTACTTGCTGTCTCCTGGGGTGCTCCTCCTTCTCAGAGCCCAGTCATCCTGCTGGGAGGAAGCTCAACAGCTCATGGAGAGGTCCACGGAGAGGAGACCCAGGTCCTCAGGCCCATGGCCCCAGCTGGGCTCCCAGCCAACAGCCACCACCAATGTGCCAGTCCTGCAAGTGAGCCATCTTGTAAGTAGTCATCTAGCCCCAAGGCTATGAATAATGCTACTGTGAACATTCATCTACAAGTTTTTATGTAGACATATGTCTTCATTTCTCTTGGGTATTTTCCTAGGAGTAGAATAGCTAGACCATATGGTAATTCTATATTTGACAATTTGAGGAACTGCCAATCTGTTTTCCACAGCGGCTGCACCATTTTAGATTCCCACTAATG,"[[8871410, ""C"", [""G""]], [8871836, ""A"", [""C""]]]",yes,yes,C->G,2
chr18,29717780,29718147,TTTTAACCATTTTAAAGAGTATAAACTGTGGCATTAAGGACACATTGTTGTGCAATCATCACCACCATCCATCTCCAGAAGCTTTTTAGCCTGTCAAACTGAAACTCTATGCCCATAAAGCCATAATTCCAATTTCCTTGTCCCCCAAGACCCCGGAAACCACTATTATATTCTCTGCCTCTATGAGTTTGAGTACTCCAGAAATCTCGTATCATTTTTCCTTTTGTGTCAGACTTATTTTGGTTCGCATAATGTCATCAAGTTTCCCCATGTTTCATGTGCCAGATATTTTTTAAGACTGAATAATATTATTACATTGTGTGAATACACCATGTTTTGTTTATCCATTCACCTCCTATGAACACTTG,"[[29718025, ""T"", [""C""]]]",yes,no,T->C,1
chr7,9713373,9713660,CACTATGTTGGCCAGGCTGGTCTCGAATTCCTGACCTTGTCATCCACCCACCTCGGCCTCTCAAAGTGCCGGAATTACAGGTATGAGGCATCGTGCCCGGAATTCAGGCATTCTTATATATATTTGTTCAGCTGACATTTGTGTTTTTATGAAAGTGTCATGCCTGAAACCCAAAGCACCAGAAACCACAGGGGAAAACCCAAAGTGTTCATAGCACTTCAAATCAGTTTATAGAATGAAGTAGAAGTCTGATAGGTACAGAAAGAGGAATACTTTCCACACAAAGGG,"[[9713529, ""A"", [""G""]]]",yes,no,A->G,1
chr3,35128209,35128453,CATTTGACCCAGCCATCCCATTACTGGATATATACCCAAAGGACTATAAATCATGCTGCTATAAAGACATGCACACGTATGTTTATTGCAGCACTATTCACAATAGCAAAGACTTGGAACCAACCCAAATGTCCAACAACGATAGACTGGATTAAGAAAATGTGGCACATATACACCATGGAATACTATGCAGCCATAAAAAATGATGAGTTCACGTCCTTTGTAGGGACATGGATGAAATTGGA,"[[35128236, ""G"", [""A""]]]",yes,no,G->A,1
chr9,120078133,120078418,AAATCAGCAACAGAAAACTAGATCTACATTCATTCCAACACTCATAGCATACATTGAGCACCTGCTGTGGGCCCGGCACCAGGTAAAGTGTTGTGGGGAGAAAGACAAATGAGACCAAATCCTTGCTCTTGTGGGAAATGCAGTGTGGTAGGGAATGCTTGTAAGTATTAATCTATGTGCTTGCTCCTAGACTCTGGGGTCACGGAATTCTTTCAATTGTACCCCAAGGGCCTCTTCTTTTTCCAGCTCCCCAGGCTGCTTGTGAAGGTAAAAGTCATCTATTGTG,"[[120078158, ""G"", [""A""]]]",yes,no,G->A,1
chr10,98667149,98667452,CTCTATGTACACAAAGTAGACAATCTAGAGGAAATGGATAAATTCCTAGAAGCACACAACCTCTCAAGATTGAACCAGGAGGAAAGTGAAAGCCTGAACAGAACAATAATAAACTCAGAAGTTGAGTCAGTAATAAAAAGCCTGCCAACTAAAAGGAGCCCTCACACAGATGAATTCACAGCCAAATTCTACCAGATGTACAAAGAAGAACTGGTATCAATCATACTGAAACTATTCCAAAAAATAAAGGCGGAGGATCTCCTCCCTAACTCATTTTATGAAGCCAGTATCCATCCTGATACCA,N,no,no,N,0
chr6,101395416,101395655,TGAAACATCTTTCAAATTCAGGTTGTTCTGGGGTATGTATTTGCTGTTTCCAGCAAAAGGTATAGGCATTGTCTTTTTAAATGTTGTGCTATAAAGATTATTACACATTTTCTCATACCCCAGCAGGTGGCAGCTAACTAGAATAAGATTCATTTTCACTGGCAGAATAGGAAACTAAAATTGTTTCTCAAGTAATAGTGCCCAAGAATAAGAGGTCATTAGTATCTGCAAATATAAAAA,"[[101395428, ""G"", [""C""]]]",yes,no,G->C,1
chr1,173489927,173490299,ATGTAAAACAAACCCTAATGCCACATGAGAGACAAGTCATTAAGCCTTTAGTTTCCTTGATTACTCCACATGTAGAATTTGAGTAACACTAAGAAGGTCAAGAACGTAGGTAGAAATTCCAATTCTGGGGAATGCTGGTTTGAAAGAGACAAAAGGGCTAGCTAGCTTCCTGCTCTCATTCCTCCCCATTTCAGTATATTTTGCCCTGAGCTAATACTGCTGAGCATGGTGGCATGCGCCTGTAGTTCCAGCTACTTGGGAGGCTGAGAGCAGAAGGATTGCTGGAGCACAGGAGTTCAAGTCTAACCTGGGCAACATAGACCCAGTCTCTTAAATAAATAAATGCTCTCTGTCCTCTTACAGCAAATCTGAC,"[[173489938, ""G"", [""A""]], [173489961, ""G"", [""A""]]]",yes,yes,G->A,2
chr1,169868980,169869340,TGGGATTCAGCAAAGTTGAGTGCAAGGTCTGTTGAAAGCTGGAGAGAACATCCGCTGAAACTGAAATCCAGAGCTACAGTTAGTTTCCAATGCCTTCTCCCTCTTTTCAGGACCTCTATAGCTGGAGACTGCCGAGAGCAAAAACCAACCTGTAAAAACCCAAACAAACAAAGCCCTGGCTGTTGCTAAACAGCTTCCTGCTTGCCTTGGGCAAAACTCATTGGCAGGTGTAGAAAGTTGTCCTGCCACCACCATCAAACCCCACCCCAGGTGCCATTCCCTTCTATACCCTCTCATTTCCTGATTATCCATTTAACCCAGCTCAGGCCCAAAGAAGAAGGGCTAACAGTGATAGGTTTGA,"[[169869137, ""G"", [""A""]], [169869188, ""A"", [""G""]]]",yes,yes,G->A,2
chr9,108452541,108452833,TATATAGGACCAAACTTCTGAATTTGAAAGTCTTTTATGGGTCCAGTCTCCAGGAGAGGAGACCACCGTATTGCTAAACCTTAGAGTGTAATTTAAAAAGTCAGTGATAAAGACAATGGTGACAACATCCAATACCAAGAGCATGATGCATGCCGTACCCTTTACTCTCTTGAAATGCCTTAATTAAAAAGAGGGTTCATTCATGCATCCATTATTACTCATTAGAATCAAGTTTGTCTTTTAGTAAACCATGTGGTACATTATTTTCTACAACTCATAAAAAACACCTTATT,"[[108452694, ""T"", [""C""]]]",yes,no,T->C,1
chr18,35311458,35311838,ATGAATTACACTACTGAACACCTTGTCATCCACATAAAATAACTGGTAATCAACCTACACTCCTGACCTCCAGTTTTCCAAATCTGGTTGCTTACTAGGTCTTAGAAGTGAGTTGCAAAATTGCAAAATTCAAACAACTGTCAAGAATATAGAGTGGAAGGGAAATACAGAGAATTGGGCCTGACACTTTATGTCGGTTGATTCTTCCAGGCATTTGCTGATTCTTGAACTGACAGGGCAAAGGGCCAAGAAATCTATTCAAAGAATGCTGGAAGGTTAAATGAAACTCAGCTGACTCATGCTAGGGAATAAAAATTAGAGTATAAATTGCGCCAAGTAGGTGGTGTCCTTGTGAACACCCCACATTCTCAATGTAAACAT,"[[35311473, ""A"", [""G""]]]",yes,no,A->G,1
chr5,51041157,51041590,GCTTATATAATAAAATGCTGGCCAGTCCAAACCCCAAAACAAAAAGATGAAAAAGCTTCAGCAATCTAAATAAGTCTCTTTCTCTGGCCAACCATTACTAATAGTTGTTTTGATGACATATGATATGCTCTACATATGGTAACATGTGCAGTGCCCTTCTGGAGCCATCCCAGAGACAAAGATGGAGACACAACCAAATATAACAGCAGGACCCTGTGAGCTCACACTCTCTGCTAGCCTCCATGAAGAGTATGGACTTAGTAGGAAGTATAAAGCCTTCGGTAAAGCATTTTGTCTTTGAGTACTAGATAGTCTTTTTGAGAGAGGTGGGGAAAAATCACCTTTTTCTAGGAATTTACAGTGTGACAGTGCTTATTTGTTTGTCCATGATGAGGTGCATCAAGACCCTCAGTGGTAATAAAACACATGCTCTA,N,no,no,N,0
chr19,33722658,33723106,AACCTGGAGGGGATGTGAATGGAGATGAGGTTCCTGGGGAGAAACAGCTGTTTCCCACCCCGAGCGTAACTCCCATCACGGGCCTTGGGAAGCTGGAACAGCCTAACAGCCACCCCCAGTTCCCCACCCACATCTCTCTTTTCTCCCTGCTTTGATGTTCTCCAGTTAGTCCTGGCTCAGCCTCTGCAGCTGCTGATATGAATACACTAAGTGGATCAATAACATGTCAGTCCTTTGCCAGGAGCAAGGGTAAGAGGGGGTCTGCATCTATCAAGTGCTGAGTGACAGCTAATCATTTTTCACCTGGCATTCACCCTTCCGAAGATAAGCCCGGCTCTGCTGGGAACAAGAAGACAACGTCAGAGGCTCCCCTGCTCCACTTCCTGCAGAGCCCAGGGCACCAGCCTGGCTCACATTTCCACTCCCTATGCGTGATCCTGTGTTAAGTG,"[[33722690, ""T"", [""C""]]]",yes,no,T->C,1
chr12,87679285,87679597,AGAAATAACAGACTAATTTTGTGCCTAGCCCTTGAAAGATTTTGCATATTTCCCATTTTGCTTTTGGATCTCTATTACTGTCGTGTGAGTAAGCCTCAGAAGATACTTAAATGTAAAAAAGCAGAGTCAGGTCATCCTAGCTGAAGTCATTTCAGATGAACCAGCCTCCACCCAGTCTGGCAGCTGATCACAGATGCATGAATGACCTAAGTCAAAAACAAAAGACATGCTTAGCTCAACCCAGACAACATTGCCAAACTGGAGAATCCCAATTAAATAAGTGGTTGCAGTTTTAGGCCACTAAGTTGTGAGG,"[[87679373, ""A"", [""G""]]]",yes,no,A->G,1
chr1,165330536,165330807,AGACCAACCTCCCCCAGATAATTACAAATCGTAGACAAAATATAGAAAACAACTATGTGAAGATAGCAGACAATGGACCAAAAGTAGGCAGATATTGAAAGGGAGTCACCACATGGAAGAAGGAACTGGAACTTGATTTTCCTGTTCTTACAGGCTTTAGTCATACAGGGTAACTAAGAAACTCAGATGGAAAACCCATAGTCTTACTGACTAGAACAACCAGGGCACCGAATCTGGGGTAAACACAGCAGCTAGAAAGTGAGGGAATAAAC,"[[165330564, ""C"", [""T""]], [165330609, ""C"", [""T""]]]",yes,yes,C->T,2
chr8,30264848,30265214,AACTTTGTGTGGAAGGCATTGTCCCTATTTAATAGTGATATAGCTTGATGTCTGTCCCCTTCAAATCTCATGTTGAAATGTGATCCCCAGTGTTGGAGGTGGGGCCTGGTGGGAGGTGTTGGGATCATGGGGGCAGATCCCTCATGAATGTCTTGGGGCTGTCCTTGCAGTAATGAGTAAGTGCTCACTCTATCAGTTCACGTGAGAGCTGGTTGATTAAAAGATCCTGGCACCAGGCTGGGTGCAGTGGCTCATGCCTGTAATCCCAGCACTTTGAGAGGCTGAGGTGGGCGGATCACCTGAGGGTCAGGAGTTTGAGACCAGCCTGGCCAACGTGGTGAAACCCCATCTCTACTAAAAATACAAA,"[[30264894, ""C"", [""G""]], [30265063, ""C"", [""A""]], [30265086, ""C"", [""T""]], [30265182, ""A"", [""G""]]]",yes,yes,C->A,4
chr6,96725258,96725585,GAAACTATTCAGAACCTTAAGAACAATCATTCCTTAGGAGGATATATAACCTATTCTTGAGGAATACGCTTTGGCCTTGCTATGGCACTCAAAGGTTAAATTAAAGATTATATCATTCAAAACCCTAAGAGATGGGAAGAGGCACCCACACATGCTTACTCCCATCTGTCTGCCTTTGCCCTACTCTTCTCTGCCTCTCACAGCCTTGTGCAAAGATCATCTGTCATTCCCAGTTCTGCAAGAGGTATGACGTTCTTGTGTCTGATGCTCAGATTTGGAGCTGCAGATCCTCTCACTAAGAGCCAAGCAGATGGTATCCGTAAATCCA,"[[96725324, ""T"", [""C""]]]",yes,no,T->C,1
chr19,42174933,42175295,AGGAGGCAGAAAGTGGGGAGTGGTCATCAGGCCAAAGGCTTTCTCTCAGGATCTTTTACCTGGACTCAAAAGCTCTAAGGACTCTCTCAGATGGACTTCCGCCCCAATTTCCTCCCGTTTTCACTTCCCGCTAGGCATCCATGTCATTTTCTTCTCTGTCCACACCCTTCTCAGTGGGGCTGAGTCGACAGCCATGAGCCCTCACTTAAGATCTTCCCCTCCCCCTCCCAGAGCCCCAGTGAGCATCCAGCAGGACTTCTCCAGGAGGCCACAAGGAAGTAGGGGGTGGCACTAGAACCCAGGGGACAGACCCAAACCCCCACTCAGGGTAAAAAAGAGGGTAGAAATACATGGGGTTTCAGA,N,no,no,N,0
chr11,101049205,101049534,TATCTCACTGGAAGGTCTTCAGAGGGCAGTAACACACACGGAGTTGTCATCTCCCAGGGTGACGTATGCCCTTTTCTGGAATCCCTCTGACAGACCTGCCTGAGGCTGTTTTGCGGTTAACTTAAAAAAAGTAGAAGTAGTGACTCTCAATAGAAAAGTATACTACAGTAAATACATAAACCAGTAAGAGTTTTTTATTATCTTTACCAAGTACTATGTACTGTACATAATTGTATGTGCTATACTTTATATGACTGGCAGCACAGTAGGTTTGTTTACATTAGTATCACCACGAACATGTGATTAGTGCATTGTGCTATGATGTTATGG,"[[101049227, ""G"", [""A""]]]",yes,no,G->A,1
chr17,18931316,18931661,GCTTTGTGGGGGATGCAGTAGCCTCTCAGAGATGTGATATCCTCTGTTCTGACAATTTGTCCAAGGCCCTGAAAGTTCCCGATGTTTAGTCATTTGATTGAGGAGGGGGAGGAGCTGGAATCTCAGCATGCAAGGCCACAGGCAGCAGAGAAGCCAGTGGTCACCATCTGCCATTGGTCTTGGTGTGGCTTTGCCTCTCTTCCGTGGCTGGCTGTTCTCCATCATGCTCTAGGGAGATGAGATGCTGGGGGATGCATCCCAAAGGGCAAGTGACATGACCCTTGTTGCTGTCAAGGGTCTAATATCATCTGTCTTTTTTTTTTTTTTTTTTTTTTTTTTGAGACGG,"[[18931401, ""G"", [""T""]]]",yes,no,G->T,1
chr4,7727805,7728098,CCCTGGTGACTTTAGAATTGGGCTTTGAGCCATGGACTATGGGAAATGTGGGAGAAAGAGAAGAAGACAGGGCCTCTGCTCTCGAGGGACTCTTAATCTGGTGGGAGGACCAGCAAGTTGAAGTCCATGGATCCCTGATGGATGAGAGGCTGACCTCATAGGGTGTGTTCATGCTTGTGAGTCAAGGAGGCAAATCTCACAGAGCAGGCTTGGTGCACACTAGGCCTCCCTCCTGGGTCAGCGCATCTTTATCATCATCACTGGCATCTTTGTCACTGCTGTTATGAGATGGCA,"[[7727888, ""A"", [""G""]]]",yes,no,A->G,1
chrX,26446192,26446491,TATGCATTCTAATATTGATGCCTGACCTTTGAAAAACATTTTTTCCCTTGAATTTTGGGAGGACTTAAAGTGAATTTGAAAAGAGCTCTCCAGCTAAATTTGCTTAAGAAGATTAAGTAAATGCTCTGCTGATAAATGCAAAGTTTCAGTATGGAGTATTTAGTGCTTGAGAGGCATGAAAGCAAAAGTAAAGGCTAGTATTTCTATTTTGGGGAGAGTGGCTTCTCATCTGCTCAAGTTCTGAGAATGCATAAACTATTAGCAGTACCTTTCCCCATTTCTTTTACTCTTCTGTTTTCC,N,no,no,N,0
chr2,49686913,49687323,TTATTTATACATAAGGCATTTGTAGAATTACTATGAGAAATTATGCCTTCCATCTCCCTCACTTCTGCTGTCAAGTTCACATGAATTCATTTCCTTAGGTCATCAAAGAGTGAATGTAAATAAACGGAGGGAGCAGCCAAGACCTGCATCTCAGCCTTAAATACACACATAGTCCCAGCTTCCTACCTCCTATGATTAGCAGTGGTTTAAGAAAGAACCTCTTTTAAAAAGTCTGTCCCTTCTTACTGAAACTGTAAATTCTTTTCACAATGAAAAAAATCAAGCCACAAATGCAAATATACTAAGATAATCCTGTAAAGCACTTGCTTAAAAATAATTGTGGTCTCTTGTTTGCTGCAAGGCAGGGTTTCAACTCCTTAGAGTGTCTATCTAGGCTCTTACATTTCTGTT,"[[49686925, ""C"", [""A""]]]",yes,no,C->A,1
chr6,101670170,101670526,CATGCAGTTGAAGACTGAATAAGTAATATTATTCCAGTCATTATATTTATCTAGGATCAGTGTCTTACACATAGTGGTTGTGCAAAAAATATATGTGGAATGAATGAATGAAGATAACATTTTACTCAAATTTTTAAGTAGGAGACGGCAGGTCCTACTAGTAGTGAGGTTTTTATCTTTTTTTCACTCTTCAATGTTATTCCCCAGGGAAACTGGCAAACTGAAATCTGTTACATTAATGCCAGCAGAGATGTATGAGTGTGAAGAGAATAAGTAAACATTTATTGTACCTGATGGCTCAGTGGACTATCAACATGAGCTCTTAAGAGACTTGAAAATACTTGGCAGTGTTTATCC,"[[101670247, ""A"", [""T""]], [101670471, ""A"", [""G""]]]",yes,yes,A->G,2
chr18,67261865,67262244,AGGGCTCAGGAAAAAAAAAGATAAAAGGAACTTGATATGCTGAAGATAGAGCAAGGCTAGCATTAGGAAAAGAGAGAAGTTATTTTGTAGTTCCGGGGTTGTCTTATTCAAGCTTGTGTTCCAGCTTAAAAAGCACTTGATTCAGCAGGTTAAACCATTTTTTGGTGCCGCTAATCTGATTTGCTCCTGTGATTTCATTGTTTTTTACAAGTTGCAGCATGCTTCACTTTGCATTTTCACTTTCATAAGATGACTGCTCTGTAACTTTCATTCTCTTTGCCTTCATTACTTGGTATACTTGCTTGAATAGGAAAGATTTCTCCCTTATGTGTAGGCATATACTATTGAATTATTTGACTCATGTTAGAGTGCTGTTCTTA,"[[67261875, ""G"", [""A""]]]",yes,no,G->A,1
chr4,68805376,68805609,TAAGTTAGAATTCCGGTTTTCCTTAAGACCTAAAACGTGTTAATTGCCTTTGTTTCTCACTCTGGTAACATCTTCCCACCACATGTATTTCCCACCTTAAAGAGTTTAAAAGGTGACAAAAAAATCGAACACTGGCTACCCGCTAGGGACCACTTCCACGCTGTGGAAGCTTTGTACTGTCACTCTGCTCAATAAAGCCTAGGGCTTTTTTTTTTTCTCTTAGTCGGATACGCG,"[[68805412, ""A"", [""G""]]]",yes,no,A->G,1
chr4,139587510,139587776,GGCCTTTCTACCGGGCATTTGTGTAGCATGCGAGCACATGCTTATGCACTCCTGTGGAGCACACAGCTCTAACATTCTCCTCAATGCAACTCAAGGTGGTGACTTGGGTGGACTTGTGGCAGAGAGCCAGACAATAAGCCCTGATTGTGCAATCTTTGTGATCCACACTAAACTGAGCTCAGTAGAAAATGTTCATACATTTGCACTCACAGATTTGCCAAATGACTGCAATGCCTAAGATGCGGGGCTAGGAGTTGTGTATGTGTG,"[[139587521, ""T"", [""C""]]]",yes,no,T->C,1
chr4,26719893,26720348,TGATGAAAGGGTTTGCTAATACCGAAAGATTGGCTGGTACATTTTTAAGTTAATTTCATATCATGAAATGACATATCAGTTTATAGTAGTTTTTAAAATTCCGTTGTTAGTACATTCACAAAATAAGTTGATTTTTAAAGATTTATTTACTTAATCATATTGAAATCCTCTATGGTTTTCTCTTATAGGAAAACTAGGACTGGAAGAATATGCTGTCTTTTACCCACCAAATGGTAAGAGTAATGCTATTGCTTCCTCTAGTGGGAAGTGAAAAAATTACAACTTTTATAATCAAAATGTGACTTTCTTATTCTCTTTAATGGATAATCATTTATTATCTAAAATAAACCTTCCATAGAATGTATAATTTAATGAAATCCTCCACATTTGTGGTAGGTTTGTGCTAAATTATGCATACTCTCTCTGATTCTCCCTGGGACCAACAGTAAACCTGTG,"[[26719916, ""A"", [""G""]]]",yes,no,A->G,1
chr15,64714174,64714379,GCCTACCGGGTTCACGCCATTCTCCTGCCTCAGCCTCCCGAGTAGCTGGGACTACAGGCGCCCGCCACCATGCCCGGCTAATTTTTTTGTATTTTTAGTGGAGATGGTCTCGATCTCCTGACCTCGTGATCCGCCTGCCTTGGCCTCCCAAAGTGCTGGGATTACAGGCGTGAGCCACCGTGCCCAGCCTTTTTTTCTCTTTTTGA,"[[64714188, ""T"", [""C""]]]",yes,no,T->C,1
chr9,35195679,35195994,TCATAATTCTCAGAGGGCCATACTGGCCCTGAAAAATACTTTTTAAAGTTAGTCCTGAGGATTCTGTTTTAAAAAGCTAGAGCTGTCTGCACAGACAGAATATTCAGCTTTGTTAGAGTTGTTTTTTTTCCTCCCCCTCCTTCACAAACATCTTGCTAGCCAGTCAGAACAGCTGAGTCAACTGTGGTCAGTTGGCTGAGAGATGTCACGGTCCATCTTTATGTCCAAATATTTGACAAATGTAAAAATATAGCTGAATATGCAAATTAATTATTGTAACCATGCTAATACACATACACATATACATGCATACATA,"[[35195760, ""T"", [""G""]]]",yes,no,T->G,1
chrX,20506879,20507089,TATAGATTTAACAAGTTTCTAAAAGGATGAAAATACTCATTGCTAGCAGGGGTGTGGTGGATGACAGTATTGCATTCTCTTGGTATGAGTGTGAATTGGTACAGCCTTTCTGGAAAGCAAGATACATTAAAACCTTAAAATGTTATTGTCCTTTCCAAAAGGGATTCCTCTTCTGTAAAGAATCTAAGAAGCAGATAAAGAGTTAGATATA,N,no,no,N,0
chr5,130040824,130041277,CAGCGTCTATTCTATACTGATCCCTTTGTGAGGCCCCTATATGGTTCAATACAAAAAGTGGTCTACTTAATTTTCAGAAGAGAAAATACTGTTTAGTAAGCTCAAGCAGCAAAATTGCTTGGCTGTTTATTTAACAGAGGCAAATTAGTATTGATGAACAGATTTGATGAATAACAAGGATCCTACTTGTCCCAGCTGTTGGAGTGCAGCTCAGATCTGCACTTGTGCTGTCGATGCCCTTTAGCAAGCTGCTCTAAGTGTTGGCTGCTAACAGCTTGGAGCTCTTTCTCTGGAATATTGCCCTTGGTCCAACAGGAATTGTCTTACCCCCCAAAAAAGTTACATGCCCCTTACCCACCCAATGACTGACTGATAATGGGATGTGGAAGATGGTCTCTTTGTCCCAAAGTGGAATAAACTCTGCTGTGCAATTGGCATCCATTTCTCCCCAAGC,"[[130040827, ""T"", [""C""]]]",yes,no,T->C,1
chr2,128275314,128275800,CTGTGTGAGGGTGTAAGAACGCTTCACCTTCATCTATCGAAACAAAGTAAACAGAGAATATCTAAATCAATAAATTAAGAAATAGCACTATATGTTATTTAGAAATATGAAGGTAAACACTGGAAGTATACTGAGAAAGCCACAAATGGTTGTCTGGAGAGGTTGGAAAGAGAAAGCGGATCTGCTGGCTTTCATCATAAGTCAACTGGAACTACCTGTTTTTAAGTATGTGTATGAATTACTTTAAAAAAATTAAAAGTAAAAGAAAACGAGGAAACTGACCAACAAAGTGTATGGAAAGAGGCTCCACTGCATCAGTTACCAAGGCAGAGGCACAGGAAGCCACAGGCAATACCAGGAGAGCGGTGGGAAGGCAAAGCCGGGCAGCAGCAAGAGTAGGCACGAATGCAGGGCGATCTGCTTACGGATGTGAACGAGACGGTGAGAACAGTCATCTCCAAGTGTCTTCACTGGAAAGCAGAAGGTA,"[[128275434, ""C"", [""T""]], [128275515, ""C"", [""T""]]]",yes,yes,C->T,2
chr18,2914755,2915150,GTGGCCACTGGACACTTCAGAGTTCCTTATTTACTCCCCCCACCACAGCTAGGAAGACCAGCAAGAACTAAAGGTTTGCCGTTTTACTATTTAAAATGTGGACCTCTTTGTCCAGGAGCGGGAGGGAGAATGGCATCTCACCCCATTACAACAGCTGGGGAACTGGCTAAAGAGAGCTGTCAGAGAGTATCCTTGGCTGTCCTAGGAATGACTCATGGAAAGCGCCCCAGTGCAGCAGTGTTTTCAGGAAAACCCAGTGGGCACGCGCCATCGCCCTCTCCTCTCCTCTCACGCTCCTTTTGAAAAGACCGCACTCGGCGCCCAAGGGGACGTGCTCAAGAGCTGCAGGGGCAGGGCCCAGGCAAAAGGTGGGTGATGACTACCTGCTGCTTTCCC,"[[2914796, ""G"", [""A""]]]",yes,no,G->A,1
chr4,11085188,11085604,AAACAGTAAAAATGAACCCATAGTGAGTTTATTTGGCTCGCATTACAGGATGAATCACCATAAAAGATAAAGGCAAAAGCAGAAAGAGAAGCTGACCTGTGTCTCTGATTCTTTTCCTACCAGCCTCAGGTACTGAGGAGTCCTTGTGGAATTCCCCTTTGGAGTTGAGAGTTTCACAAGTTGTACAATCACAAGGAGGGCACCTGTCTCTGTAAGCATTTCTTTCTTTCTTTCTTTTATTGTTTTTATAAGCTCTTGTTACATGGTTCAGTTATTTCAAGTTTGCTGATGGCTTTGGGACCAAAATAGGCTATTCTGAAAGACACAGTGAGAGAAGCAACTAACTGGGACGTACGGCCAACAGTGAATCTGATGTGCCTTAGGGTCTGAATGTCACCTTCAACATTCCTGCTCTTG,"[[11085201, ""A"", [""G""]]]",yes,no,A->G,1
chr2,192775532,192775768,CCAATGCCGCACAAATCTGTTGAGAATAAAATATTTCTCACCCCAGCAGGCTTGGTGCATTTGACACTTCATGATATCAGCCAAAGTGGAACTAAAAACAGCTCCTGGAAGAGGACTATGACATCATCAGGTTGGGAGTCTCCAGGGACAGCGGACCCTTTGGAAAAGGACTAGAAAGTGTGAAATCTATTAGTCTTCGATATGAAATTCTCTGTCTCTGTAAAAGCATTTCATATT,"[[192775557, ""C"", [""A""]]]",yes,no,C->A,1
chr5,113322089,113322309,CCCAAAGTGCTGGGATTACAGGCATGAGCCACCGCACCTGGCCCATGATTTGTATTTCTAACAAGCTCCAAGGTGGTGTGGATGCTACTGATTTGTGGACCACACTTACTACCAAGGACATAGAGAATACACACCTGTGGCTTCCTTGACTTTACCATCTGGTGGGGAAAGTCTATAAGTAAATATGTAACCATTGCAGTTTGACTGCACACTTTTCCTAC,N,no,no,N,0
chr8,10953822,10954082,TCCATTCCACCACAGCCTCTGGCAAGTGCTAGGCTACTTTCTGTCTCTATGGATTAGCCTATTCTGGACATTTCATACAAATGGAATCATGCAATATATGGCCTTTTGTGGCTGGCTTCTTTCACTTAGCATGTTTCAAGTTTCAGCCACAGTGTAGCATGCATCAGTACTTCATTCCTTTCTATTGTTGAGTAATGTTCCATTATATGTATATACCACATTTTGTTTATCACATTCATCAGCTGATAGACATTTGAGTTG,"[[10953854, ""T"", [""G""]], [10954064, ""T"", [""C""]]]",yes,yes,T->G,2
chr6,33647358,33647627,ACATAACAGGGAGTTTCCCATCTTAACCATCGTTAAGCATACAGTTGAGCAGCATTCCGTACATTTTCATTTCTGTGCAACTATTACCACCATCCATCCACAGACCTTTTTTCATCTTGCAAAACTGAAACTCAGTACCCATTAAACAATAACTCCCCATTTCCTCCTCCCCCCAGCCCTTGCAACTACCATTCTACTCTCTGTTTCTATGAATTTGATTACTCTTGGTACCTTATACAAGTGGAATCATGCAGTGTTTGCCCTTTTGTG,"[[33647366, ""A"", [""G""]]]",yes,no,A->G,1
chr16,24204140,24204613,TACCATGTTAAGTATTTGACGTGAATTTTATCAAGTCATTCTCGCCACACCCTACAAGAAACTTGAGCTTAGGGGACTTAGCTAACTTGCTTGAAGGTTGTATAGCTGGGAATTGTTGGAGCCAGGATTGGTACCCAGGTTAGCTTAACTTTTAAGTCCGTGCCACACAATCAGATACATAGTATGAGGCAATGGGATGTAATGGAAAGCCCATGGGCTTTGGAATTGAACAGATGGGCTCTGGATCTTGGCTCTCCTACTTGACCCTATATGACCCTGAACAAACTGTTAACTCTTAAAATTATCTGTTAAGTAGAGATAATCCTTTTCCTGCCTATCTCACAGCCTTGTGGGAATCAAAGCTATAAAAAGATAGGCAAATAGAAGGGATAATTACTATTTGAGGGTGAGTTTACTTGAAGCCAACAATGTGGGTTTAGGATGAATGGTGAAGAATAGATAAGAAAAAAAATG,"[[24204159, ""T"", [""C""]]]",yes,no,T->C,1
chr5,125176918,125177254,GGTTTACTTGATTATGGAGGCTGGAAAGTCCAAAATTAGCAGGGTAGGCTAACAAACTGGAGACCCAGGGAAGAGTTGATGTTGCAGTTCAAACCTGAACTCTGTCTGCTGGCAGAATTTCTACTTTCCCCTGGGGAGGTCAGTCTGTTGTTCTATTAAGGCTTTTAACTGATTAAATGAGGCCCACCCATATTAGAGAAAGTAATCTGCTTTACTAAAAGCCCACCAATTTAAATGTCAATCTCATCCAAAAAACACCCTCATAGAAACATCCAGAATAGTACTTGACCAAATATCTAGGGCCTGTGGCCCATCCCAACTGACATGTAAAATTAAG,N,no,no,N,0
chr2,171993829,171994032,GGAGTTTGAGACTAGCCTAGGCAACATAGTGAGACCCAGTCTCTACAAAATATAGAAAAATTAGCCATGTGTAGTGGTGTGTGCCTGTAGTTCCAGCTACTCAGAAGGCTGAGGCAGGAGGATCACTTGACCCCAGGAGGTTGAGACTGCAGTAAGCCATAATTGTGCCACCACACTCCAGTGTGGGTGACAGATAAGACCCTG,"[[171993989, ""G"", [""A""]]]",yes,no,G->A,1
chr2,198287759,198288059,CAATTTATTATGTGAGGGTTGATCCCTGGACATAAAAGAATGATAGGATATGTTAAGTCCATGCTCTAAGACCTGACCAACAAGGCTGTGGCCCAGAGAATGCATGACACTCATTATATGCTTTGGAGGACAAAGTCTGAGCCACTTTTGTGGTCTGAATTCCGGACAATCAGTGGTTGAAGCCGAAGAGCAGAGACAATTAAGTCATCCTGTGGCTTAGTATTATGACCACTTGACAATCATTTAAAACCCTAAGCCCTGACTTTTTAAGTGCTCTCTAGAGTTAGAAAGTAAAAACAAA,"[[198287988, ""A"", [""C""]]]",yes,no,A->C,1
chr13,79060385,79060669,AGGCCAAACTTAGCTCCCAGGTTAAATACTTATACCCTACTGGTGGGAATATAAATTACAACCACTATGGAAAACACTATGGAGGTTTCTCAAAGAACTAAAAATAGATCTACTATTTGATCCAGCGATCCCACTACTTTGGGATTCTACCCAAAGGAAAAGAAGTGATTATGTCAAATAGATACCTGCATGCTCATGTTTATCACAGCACAATTTGCAATTGCAAAGGCCTAAGTGCCCATCAATTGATGAGTGGATAAAGAAAATGTGATATACATACATATA,"[[79060498, ""C"", [""T""]]]",yes,no,C->T,1
chr17,8270388,8270666,GAGGCATTTGGTATGTATCTGAATTAATTCTCACTAAAATTCAGCAAAGGACTTGATAGCCTCTCTCCGCCTTTTCAATAAAGGATGAATGAAGGTTGACTGCATTGCCTGGGGTCCACAGATGGTGAGGGGGGCTGGGCGCACCCATACTACATCTGCTTCCCGCCATCCTGCAGTCTTACTTCCTGGAGGCAGTGTGTTGAGACTTTGTGCTGGCAGCTGTCTGTTGCTTCCTTTGCTCACAGGACTGTGGATAGAGGTCCCTTCCTCATGACTGTT,"[[8270449, ""C"", [""T""]], [8270453, ""C"", [""T""]]]",yes,yes,C->T,2
chr11,47616177,47616407,CCCGGGCTGGTCTTGAGCTCCTGGACTCAAGTGATCCACTGCCCCCAGCCCACCCCACACTCTTCTTAAGTCAAGGTTTCAATGGTTACCACATACTCTAGAGGAACAGTTTGTGGCAACTTAGCTTGGTACCACAAAGGAAAACCAGTTTCACAAGTGGCTTACTAGAGAACCCCTACTTTTCTTTTTCTTTTTTTTAAGAGACAGAGTCTCACTCTGTCACCCAGTGGC,"[[47616263, ""C"", [""T""]]]",yes,no,C->T,1
chr9,128286508,128286818,CTTGGAGGTGAGGAAATGTGCAGGCAGCCCCTACAAACCCTTCAGTTCCATCCCCTGGCTTGGAGTGCTGGGTACTCTGATGTTCAGCAGCCAGTGACTGCTGGGGTAGTGTTCAGAGCTGGGCTGTCTGCCCAGTTGCTGCGTGAGTTTTGGCACTTGTTGCAGAAATGCCTTCAGCATCCAGGATTCCACGGCAGGGAGGGCTTCTCTGTGTTTCACTGGACGATGGGCCCCAGAGGAGGAGAGGAAAAAACTGGAGGTGGGAACTATAGATGGATGAAAAGAGCGGGGTGATCAGGGCCCAAGAAGAT,"[[128286533, ""G"", [""A""]]]",yes,no,G->A,1
chr5,135045535,135045805,AAAGATGAATGCATCTTTAGAAGTCGTGCAGTTTTGGAGCCATGGGAGCACAGAACAAGGAGAGCAAAACTAACCTGGTGGTCATGGCAGACTTCCTGGAGGAAGTGACCTACTGGCTGAGCACTGAAGGTAGCAGGGGTTTACCCTGAAGCTGGGATGGGGGCAGGGCCATGACAAAGCTAGTGAAGGGCAGGTGCATCTGGATGTTCTTATCCACCTGGGGCTAGGTGCACAACACCCTGTGTGCCCTCCTGCCCCTGCTGCCATGAGG,"[[135045559, ""G"", [""C""]]]",yes,no,G->C,1
chr16,74679923,74680349,GCAAGAGGTTGATTTCAGGTGAAATCCCAGGCTCAGGTGGTCTCGCGGAGACCTGTGGGCACAATTACACCTCAGAGTGTGTCCCACAGGAAGCAAAGGAACTGGACTTTTATACTTACACCAGTCAGTGGTTATGGACTGTGTTGGGGAGGGCAGGGACAGATGGATATAAAACTCCTGGGCACTTTCAGATGTCTATAAGGGTGAAAGGGCTCCAGTGCCCACAGGCAATCCTCTGAAGATTGCAGCTGTGAACTTTCAGCAGCAAAGCATGCCGAGAGGGGGATGGGTAAATAGAGCTGGTAAAAAGGATCAGAGGTCATTTGGAGGGGATATTAACAGTGTCCCCTACAACATCCAAAAATACTTCTCCTTAAACTCACTAGTTTAGGGAGTTGAGAAGAAACAAACTTAATTTCAAATTAAT,"[[74680100, ""G"", [""C""]], [74680114, ""C"", [""A""]]]",yes,yes,G->C,2
chr12,115273418,115273885,TTGTGCTAAGACCTTGAGGTATGAGGCATGGGTAGAGCTGGGAGCTGAGGCCACAGTTGGGAGCCTGTCATTCATTCTTAATACCTAGCCTCAGAGGAGCAGGTGTCAGCCCCAGAGCTGAGGCTGGAGGGGCCCTTGGGGAGAAAGAGGTGAGGAGACAGGTGTGAAAGGGAAGGAAAATTTAGCAAACAAGTTTCGCCTCCACCCAGGAGTGAGATTCCTGTGGTTTGCAAACTCTGGAATCTCTCACACTGAAGCCACAGACAACTGCTGAGGCTTTTCAGAGCTTGCCCTCAAAGTCATTCTTGGGCATCATCTGGGGAATATGAACTTCCTCAACCCCCACCTCCAAACTAGGTCTTCTGCTGCAAGAGACTGTATGAAGAAGTCTGAAGCATTTCTAAGACAAATTAAGCCCATCGAGCTCACACCTTCCCTGGACTACACAGCGCATTTCATGGTATGAGA,"[[115273430, ""T"", [""C""]]]",yes,no,T->C,1
chr4,95246135,95246519,TAATATAAAGATGAATAATTGGAAACAACTGTAATGTTCAAAAACAAGACAATGGCAAAGGCAGCCACATATGTTCATGTAATGGACTCCTGGACAGCCATTAAAAGTGATACTGTAGAAGGCTATTTAATAATTCATGAGGCTGGGTGCAGTGGCTCATGCTTGTAACCCAAGCACTTTGGGAAGCCAAGGAGAGAGTATTGCTTGAGACCAAGAGTTCAAGACCAGCCTGGGCAACATAGCAACACCCTAGCTCCACAAAAATTAAAAAAAAAAATTAGCAGGTCATGTCAGCATGTGTATATAGACCCAGTTACTCAGGAGGCTGGGGCAGAAGGATCCCTTGAGCCCAGGAGTAGAGGCTGCAGTGAGCTATGATCACATC,"[[95246195, ""C"", [""G""]]]",yes,no,C->G,1
chr2,55896654,55896885,AGTTACAATAAAATTATCCAGACAGGTTAACAAATGAGAACTCAGAAATAAATTTTAAAAGTAAATGATGCATTTAATTCCTTTGTGAGCAAAGAGGGCACATTTCATGTGGATTTGCATACACAAGTTTCAGACTGATACAGGGCATCTTTCATTTTGTATAAATGGAAGCTGATTACATCACTCCTTACCACCTTCAGGATGAAACCCAAACTTTAAAACATGACTGGCA,N,no,no,N,0
chr5,53991911,53992302,TATAAATTGAAAGAAAAAAGGTATATTTTTATTTCATTCTTAACCACAATTACTCACTAAAGTATGCGTACACCTTTCGGGTATGCACAACTTCTCAAATCTTGGAATCATATTGGATAGAGTTGCCTTCATTTCCCATACCAAATTGTTGCCATGCAGTACTTGCTTTGTATCAAGTTAACCTCCAAAAACCCAACCTTAGAAAGATATGGCATCGTCAAAAGGAATGTAGCGCCATCTAATGTTGAAGCTGTGAACTACCTCAATCTAGTAATGCACTGGGTACTTGACAGATACCAAACATTGCTGTGTTTTCCTCTAAAATTTAAAACATCCCCTATGAGTTGACTGTGGTACCCTTGGGTGCCCTGGTATACAGTTTGGGAACTACA,"[[53991960, ""C"", [""T""]], [53992122, ""A"", [""G""]]]",yes,yes,C->T,2
chr15,98231708,98232092,CAAAGGGCGCTAGGTCTATGTAACGGGAAAATTTGTAAAAGTGGATAATTTCAGACGAAGCACTGAAAGGACGTTTTAATGGTCCCAGCATGGATTGAACTTAGTGGAGCAAAGAAATCTCAACTGAAGAATTAGGACCTGCCCCGTTCAAACCCTGGGATGTTAATGACTCAGGCGTGGGCTATGAGGTTTTCGTTAACATCCTGTTTCAACACAATGTTCCTTGAGCTGGGAATGAACTTCTCCTGGGGTCATTTTTTATGCTAATCAAAAAATCAAGCTCTGGCTACACAGGAATATGAGCAAATGTGAGGCCAAATTCCCATTATAAAATTTGGGGTCATAAAAAGTAAGTGAAAGCTATGGTTTTCTCACTATTTTTCAT,"[[98231752, ""G"", [""A""]], [98231764, ""A"", [""G""]]]",yes,yes,A->G,2
chr22,38829607,38829882,GCTACCAGGCCCGATGCTTGCGAACTCCCCAGGGGCCTGGGAAGTTTTTGCTCAGTCAGTTCCTTGCTCCCAGGCTTAGGCCCCAGACACGAACTCATTGCATTCTGTGATTCAGTCACTGAGCAAACATTCAGAGGGCACCCCCATTGTGCTGGGCACTGCCCCAGATGCTGAAGTTGTGGCTGGAGGCAAAACAGAAAACCAAGAACCCCACCTTTCCTCAGTTTCCTAAGCTGCGAGGGGATGGCCTTGCAGCCTGGGACAAGTATAGAATCC,"[[38829618, ""T"", [""C""]]]",yes,no,T->C,1
chr9,115408609,115408884,GAGGGGAAATGTGATATGCCAAGGAAAACTCTGAATGGACTGAGGAGACAGAAGGAGTTGTGTACTCACTCTAAATAGTTATTTAAATGTGGCTGGGACACAGTGTATGTGGATGTAAGCAAGTCATGATGAGGTGGCTGTTGAGAAATAAAGCTCAACCAAGATTCAAGGATGAGATTCTGGACGACCTTGTGTTCTAGCATTTTTAACATGATTCCAGGGCAATGGAGAGCCAACAATCATTAGGTGACAGTTATTTATTTGTACATTTACTTG,"[[115408610, ""G"", [""A""]], [115408662, ""A"", [""G""]], [115408793, ""G"", [""C""]]]",yes,yes,G->C,3
chr7,102193135,102193580,CCTGGTCCCCAGGTAGGTGCCAGTTAGGAGTGAGGTGTGGGCAGTGGCCACCCTGGTGGGTTCCCCTCTCTCTGGCTTCTCCTTACAACTTTTTCCTTCCCTTTAAGCTTTACAAATACATTCCACTTGCAACAATGTTATGTCTGTATTAAACTTTAAAATTATACTCTGAACAGACCTGGTGTGATTCCATATGGAATGATTTACATGCTAGGCAAGAAACTTTTGCCAGCCAACTGCTAGTTGAATAGTTATTCTAGAGACATTATCAGATTCTGTTACTGCCAGGGAAGTTGTTAAAGTTGACAGTTCTTCGGTTCCTGGAGAGCAGGAAATTGTAATGTTAATGCTTATTAATGTGGCTGTTGTCAAAGGTATAAGTAGAAAATAATCACTCTGGTGGCTCATGCCTGTAATACCAACACTTTGGGAGGCTGAGGCGGGTG,"[[102193184, ""G"", [""A""]], [102193412, ""A"", [""G""]]]",yes,yes,A->G,2
chr4,9111367,9111794,CTATCTACATGTGCCAAAGCAGTGAGATACTTGGTTTTAATCCTAAAAAATCATGCTGCACATTTACTCCTGCCTTCCAACTGGGCTTTAACGTCACCTCCTCAGAGAAGCCCGCTTTTCTGAGCTTCCACTCTGCTTTTTTTCAGCATTTAGTAGAGCATCAGTCACCATCCATATATGGGAACAATGATTGTAAGAAACAGAAACCCATTTGCATGAGCTTGAGGACAAGGAGCACACCTTATCTCTAACAGGAAAACTCATGGGCACAAGAAAAAAATGAGAGGCCATGAGAGAATAGAAACTGCAGTTACAGAAACCAAAATTCCTCTTTCTTGCTCTCAGAAGCCCATGGTCTCTTTTTTTTTTTTTTTTTTGAGATGCAGTCTCACTCTGTCGCCCAGGCTGGAGTGCAGTGGTGCGATCTC,"[[9111422, ""G"", [""C""]]]",yes,no,G->C,1
chrX,35122790,35123083,GTTCATTTTCAGTTTCCAGAAAACTATCAACAAGTTAAGCATGAGAAAAGCAAAATACATTATCATCTCCTTCACAAATTCTGGTGGTGTACCTCCACAACACACACACAGTCACTACTAGAAGCTGGGCAAGCCTATTGACCACAGGGTCGTGAGTGGTGTGAGTGAGCCAAGGCATACACAAACATAACCATCATCAGTGACTAATGGAAAGAATAAAATGCCTTTTCTGAACTTGAACTACAGCACACATCCTTTATACCAGTAGCAATCAACCTTGGCTGTCCATTAGAT,N,no,no,N,0
chr17,55411057,55411334,AGATGCCTGCTGGGGAGGAGTCCTGAAACTTCATCCAGTCCAAAGAACAAGTCCTGAATAATGGGATAGTATTCTAGTCTACAAGGCAGAAAAATGTCTACTCTTTGCCCTACTTGACTAAAGCATGCCAGCTTGGAAGGGTACCAAACACGTTGAGTCAACTATTTGGATCTGTTGAAACAGCATGTCATCCACTGTACCTTAAGTGGCTCTTTTTCCATGATACAATGTGAAATACTGTAGAAACGATGAAGAGGGCACAGAGTCCCATTCCATAA,"[[55411081, ""A"", [""G""]]]",yes,no,A->G,1
chr14,98877136,98877557,CCATAGTAAAAGCTTATATAACACAATGTTTAAATGGGCAAAGGATCTGAATAGGCATTTCTCCAAGGATGATACACAAATGACCAATAAAGACATGAGAAAATGCTCAGCATCATTAGTCATCAGAGAAATGCAAATCAACACCACAATGAGACACTGATTTCACACCCAGTAGGATGGCTGGAATCAAAAGGATGGACAATAACAATTGTTGTTGACAATACAGAGAAGTCTCATAGCAGGCGAGAGTATAAATGGTGCAGTTACTTTGGAAAAGAATTGGCAGTTCTTCCAAATGTTAACTGTACAGCTACTGTATGACTCAACAATTCTATTTCTAAATTACACCCACAAGAAATGAGCACATAGATCACACAAAAACTTATACATGGATGTTCAAGCAGCATTATTCATTGTCTATA,N,no,no,N,0
chr8,32359674,32360029,TGTGGAAGGAGGTTTGGAATGGCCCTGAACATTTTCGGAATCTGAACTGAGAGAAAGTTGAGTGAAAGATACATTGATTTAAGGCATAGTGAGATGTCTAGTAAAGTTATTGTAAGGTATTCCAGTGTTGAAAAGGCTTCCAGAAATATGCCAAAACCGACTGTGCTGACTCACATGATGTCATGCCAGAAAGATGAAGGGCCAGAGATTGTATGATGACCTGAGTTTGTCCTTGTGCAACAAGCACCAATGGCATATGAGTGTTGATGGGACAAGTTTTGAAATGTATGGAGCCAAAAGCTAGCCTGTGGAAAGTTCTACCAGGCATTCGACATGTGGTAAGGTAACCAGGAGAC,"[[32359682, ""T"", [""G""]]]",yes,no,T->G,1
chr22,38909547,38909839,TGGGTCATATGGTAATTCTACTTCTTGAGGAACTGCCAAAATATTTTCCAAGAGGCTGCACAATTTTACATTCCCACTAGCAATGTATGAGGGTTCCAGTGTCTCCACATCCTCATTAATACTTTTTATCATCTGTCTTTGATCATTTTAGCCATTCCCATGGGTGTAAGTGGTATCTTATTATGATATTGATTTGCATTTCCCTAATGACTAATGCTGAGCATCCTTTCATGTGCTTATTGACCATCTGTATATCTTATTTGGAGAAATGTCTTATTGTGTCCTTTGCCCAT,"[[38909696, ""G"", [""A""]]]",yes,no,G->A,1
chr3,86865464,86865922,TTCTGCTAATAGTGTATGTGAGTGTGAAAGCTGGTAGGAAGGAGTTTTGATAAGATGATGACCATTGCACAAAACAGACAAAATATCTTCCTTGGTATAATTTACAAATATATTTATTGAAACAATGAACAAGAGATTTTACATTGTATGACAAAAAAAGTGAAAATAGGAAAGAGTAATGCATCTATAATGAAAGAGTCATAGGGCTGGAATTTCTGATTATGGGGATGAAAGTTTCTAGTGGGAATAGCGAGAAAGGAATTTGAGTGAAGAGGAATGCCATTAAATCTCTGCCAAATTCTTCAGAGAGTAGGGGACAGAGGGGAAGGACTGACCGAAGTATCAGGAGAAGAGAAAATAGATAAGAAGAGGTAAAAGGTAATTGAAGATAATGGTGTAAATCTTAATGATGTAGGAAGTTTTATTAAACTCATCATAAATACAATGATTATGTAATAA,"[[86865511, ""C"", [""T""]]]",yes,no,C->T,1
chr6,70622501,70622714,TATCATGTCAAAATTGGGCGTTGTGTAGACATGATGAAATGTGAATCACAAAACACAACATCCAGAAAATGCTGGCAACAGAGTATACTGCAAGCATGAGTTGTTTAGCCTCATGATCTCATGGCTAGCTGGGAGCTGTGGCTCACTGCCACTGCCCAGCATCATGAGAGAGTATCATACCACGCTCTGCCAGCCCAGGAAAAGACCAAAATTC,"[[70622683, ""T"", [""C""]]]",yes,no,T->C,1
chr2,45195970,45196285,TCCACACTCCTAATGAATGGCTGAGTGTGTGAGCTAGAAGATTGATCAATAGAAATTATCTAATCTAAAGACAAGAGGAAAAAAAAGGTTGAAAAAATGAACAAGCTTCAGGGACATGTGGGACAATATCCAAATGTTCCATATGCAGTTAATTACAGTCCCAGATGCAGACAACAAAGATAATGGGGCAGAAAATATATCTGAGAACATACTGGCTGAAAAACTTTGGAATTTGTTGAAAGACATAAATTATAGATCCAAAAGCACGGGGAACTCCAAACAGGATAATTTTGAATAAAATCCTATCTAGGCACAT,"[[45195975, ""G"", [""A""]]]",yes,no,G->A,1
chr1,170704381,170704664,CTAAAGTTCAAGAATCTCTAAGCTGTGGTTAACTTTTGGCATGAGACCACAAAAAACACACTCCAAATATTCATCATATTCATAGGTTAAGTAGGGTACACAAGATGTAATTGATTTATTGGCCATTGGTCACTGCAGTCATCGTATAGGCCTGAATGCAAACTTGCCTTCTCAGCTGTATTGTGTTCTTAAAGAAACCTTGAGAAGCAAGATAGACTTTGGAAAGTTGGTGTCATACATCTTTCCTGTTTCCTGTCTTTAGCCTCCACAAATGATGATCTTGG,"[[170704575, ""G"", [""A""]], [170704638, ""C"", [""T""]]]",yes,yes,C->T,2
chr3,128968036,128968346,GTGTAAGGGAATGTTTGTGCTCCTCCAACAGCCCGTCCCAAACATGCGCTAATGTCATTTCATCCTTAACCTTGTGTGGTTGCTGTCATCTCCACATTACAGATGGGGGAAATGAGGCCCAGAGTTCTGACGCAATCATCCAAGGTCTCTTAGAAAATACGTTGTAGAACCAGCATCCAAACCAGTTCTGTTGGGCTAAGTGGGGCCCCTCCGCTATGCAATACTATCCTTTTAAAATAAGAGCTCATTCCCAGACACAGAATCTTTCTAGAATCTTACTGGGTTACTAGCCAACCAATATTTACTAATAA,"[[128968069, ""A"", [""C""]]]",yes,no,A->C,1
chr3,115376404,115376705,TCTTGATAAACTTTTTGTCAGCATTAGAGAATTGTTTCTATTAGCCATTAGCCTTATTGTGCACTCAGTAACCTTAGGGTTTTTTTTTCTTTGTTTTCCAGTTCTCTCTTTCTGCCCAAAGACAAAATCACCTTGTGAGATGGAGCAGGAACAATTATTGATCTTGTTAGGGCTAAATCTCCTATCTGGTCAATGCTAAGAGGATTTACCAATGTACATTTCTGCTAAATTTATTCCTTATCCCTTCTCAGCCTTTAGAAGTACAGAACAACAACTTTCTCCTTTATTAGTTAGAACATTTA,"[[115376453, ""G"", [""A""]]]",yes,no,G->A,1
chr20,43606658,43606999,ACAATAGTGGAGGGAAGGTCAGCAGATAAACAAGTGAACAAAGGTCTCTGGTTTTCCTAGGCAGAGGACCCTGCAGCCTTCCGCAGTGTTTGTGTCCCTGGGTACTTGAGATTAGGGAGTGGTGATGACTCTTAACGAGCATGCTGCCTTCAGGCATCTGTTTGACAAAGCACATCTTGCACCGCCCTTAATCCATTTAACCCTGAGTGGACACAGCACATGTTTCAGAGAGCACAGGGTTGGGGGTAAGGTCACAGATCAACAGGATCCCAAGGCAGAATTTTTCTTAGTACAGAACAAAATGAAAAGTCTCCCGTGTCTACTTCTTTCTACACAGACACA,N,no,no,N,0
chr16,88138103,88138457,CACAAACTATCAAGGTGTGTTGAAACTATCACATTCTAGAATGTTCCATGGACTCTTTTGGCATCCAAGAGCAGGGACTTTACTATTCCAAACTCAGCCATAATTTTGTAGTAGTTGGTGAATCATTACTCACTGGCAAGAGTTCACTGTTGTTTGTCTTGTAATCACAATCCTGTTTAAACCATGTCCTAGTGCTGGGATCGGCCCCTCCCCTGCCCTCAGCCCACTTTCCCAAATGCCACACCAAAGTCTTGGCAGGGGATGTGCCTGCCTGGGAGCGCCCAGCGGGTTGTCAAGGGATGATTACACAGAGTCCTAGCCCCAGCTTCCTTACTTCTTGGAATAACATAACACA,"[[88138276, ""C"", [""T""]]]",yes,no,C->T,1
chr7,29548769,29549264,CTAAGTGAGAGTGCACAGTTTGAGATTCACCTGTGGTAGCACTGAGCAAAGATGAGCTCCCAAAACTTTGCTTGAGCCTCCCGACAGCCTGTGACTTAGGAAAGCAGCCATGTTTTAAGTCCTGCCAACTATGTCCATCTGACATTGGCCTTGATACAGGTTAGGAAACCAAAAGATTCACTTCCTGCATCATGTTACCCTTCCATCAGATATCTACCTTCTACCTGTGCACCTGTGACGTAATGTGCTGACACATCGACAAACCACAAGAGAGAAAATAAGACCTGGCAAATGGAGCATAACCAAATCAGTGCTTTGAAAAGGGATATTAACAACAGCAGGTAGCAGGTCACCTTCTAAAGGAGCTAGGCTACCCCAGCTTTGACCTGGAACCAGGTGATCAGCTAGAGAACATTGCCTTGGAGGGTAACACGTGACTTCTACTCACATCAATGATTTTCTAACAAATAACTAAGTTGAATTATCTTTGTTTTCT,"[[29548788, ""A"", [""T""]]]",yes,no,A->T,1
chr10,76209146,76209508,ACTCCATCTGAAAAATAAATGAATAAAATAAAAAAAAACTTGCCTTTCACACAAACTGTCTCCCCTGATAAGCTAAGGAGAGTCACTCTCACCTAAAAACAGACTGTGCTTCCGTGCCTCTGAGCATTTGCTCAGTCCTGTTCCCCTCCTCACAGCCTCCTAGATACATCTGACTCATCTTTCCAGGCCCAGCTGAGACCCAGGCTTCCCTATGCAGGTCGCCTCCTTGTGTGACTGCTGTGGCCTGCTGAGAACTTGCTGCTCATGTTTCCCTCTGGGCCTTCGTCTTCTGTTGGGGGTGTTTTCTTCTCTCTCTGGATTGACGGCATAAGAATTAGTATATTGTACGTGATCCATGGCTCC,"[[76209212, ""A"", [""G""]]]",yes,no,A->G,1
chr7,6143721,6144071,TAAATTAGATGAATTTAAGACATATTTTCACATAATTATACCAGTCTGAGCATGTTCGTTTTTCAGTTTCTTTTGAATTGAGAGGAAGTTGTGTTAACCTAATTTTAACATTATTGGTGGCTTGCGTGGCTTGGTTTTTCAGAATTGTCCTAACTTCCTTTCCTTTCATGCTAATTAAGCAGTTTCCCCCTGTATTTTTAATGTTAATATTTTCACTGTTGGTTGAAGGCTGGTGGTTCTCATCCAGTGTCCTTTTTGGAACCTTAATATGTAATGTTTGAGAATAGTAACAAGAAAGACCAAAATACCACAAATTGTGTGTATATATTCGTCTTCTTATACTTTTGTTTC,"[[6143770, ""A"", [""G""]]]",yes,no,A->G,1
chr7,40176152,40176406,AACCTGGGAGGTGGAGGTTGCAGTGAGCTGAGATCACTCCAGCCTGGGTGACAGAGCAAGACTCCATCTCAAAAGAAAAAAAAAAAAAATTTAGTGAGTAGTCAAATTCCCAAATACAGAATCTGAGTATTAACTGTAATTCCTCTGTGGTGCTGCTGCCATGTGTACAATGAGTCAGTAAAAGCTTCATAGTGGAAATATTTATCAAAACACTGCAGGGGGCTGTATAGCAGGAGATACACAGAATGATACTTC,"[[40176156, ""C"", [""T""]]]",yes,no,C->T,1
chr5,40071948,40072229,TACTCTTTTCTTCTTTTGTTCTATCTTTCCCTTTTGGAATGGGAATGTTTACCCTATGCCTGTCTCAACATTGTGTTTTGGAAACATGTAATGTTTGATCTCACAGGCTCACAGCTGGAGGGATATTTTCCTCAGGATGAATCATGCCTTGAGTCTTATTCATATCTGATTTACATGAGACTTTGGACTTAAACTTTCAAGTTGAAGCTGGAATGAATTAAGAATTCTGGGGCTATTGAAATAAAATAAATGTATTTTATATGTGAGAAAGACATGAATTTT,N,no,no,N,0
chr8,58235530,58235835,TTCGTCTGGATGCTGAAAGTCTAAAATCAGTTTCAGCAGGGCCCTGTTCCCCCAGAGGGAATAGTTGAAAATCTGATCCTTGCCTCTTTCAACTTCTGGTGGTTGCCAATATTTATTGGCTTGTGGCCACATCACTCCAATCTCGGCCTCTGTGGTTACATTTCCTCCTTCCTTTGTGTCTATCTCAAATGTCCCTTTGTCTCTGTCTTATAAAGATGCATGTGATTACATTTAGGGCACATCTGGATAATCCAGGATTATCTCCACATCGAAAGATCCTTAACTTAATAATATCTACACAAACTC,"[[58235605, ""T"", [""A""]], [58235697, ""T"", [""C""]]]",yes,yes,T->C,2
chr1,29292427,29292659,GGCAAGTCACTTAAGCCCTCTGGATGTCTGTTTCCTTGTGTATAAAATGGGAATGCAGATTGCCTCTGCTAGTAGGGCCGATGTGAAGACTAAATGAGATAATGTGTGCAAAATCACTTAGGGCTGTGCTTGTATTCACAGAATATAGTGAGTCAGCCGTTATGTACTAGGTCTGTGTCATAACTTGCTTCATCCCACATCTTTTTATTCTGTTTAGTGTTGATTTGTACAGA,N,no,no,N,0
chr1,193254862,193255137,ATTTTGTTTGCCATTGAATTCCATTTCTGTCCACTTTAAATTTACTAAAAGCTATTTAACCTGAGTTTGATTATAATGCTTCATAAGTAATGCAGTTCATGTACATAGAGTAAGTGCTGTAAGTGATTTTTTAACCACCAGTTGGTGCTGTTTCTCAAAGTGGTTCTTAATTAGAGTTTAAGTTTGGGTGCCATGTGAACTCATAAAATATTCTACTCATTCTTTTTGTTTTTCTTTGTTTTGTTTTCTTTGTTTTATTTTTCATTCTGTTTGTTT,N,no,no,N,0
chr7,39249619,39250055,ACAGCTTTACAGGACATAAAAAGCAGCTTTTTCTTTGTAATAGTGTAATTGCCTTAAACCCCAGAATCATAATTGTTATCAAAAAATAATCCCAAGGAAAGGCTAATATAAGGTGAGCAGACTATTATAAGAGCTCTAATACACTCGATTCCTTGAACAGCAAATGCAGCTCTCAATCTCCCGGTGCTTTTAGTGTCAGTCAGAGAGTACTCAGTCATTTCTGTGCATCAAACCTGCAGTATTGATTTTTCCACTGACTGAAACAGCCATATAAGCATAAATTTTGCATGAGCCTTTCACTTTGTAGACTCTCCTTTGGTCAGATGACACATGATGTGAACATGAAGACTGTATAATAACAATGCATGGTCAATCTGCAGGCATTAAAGCGTGGGCTCTCGCAGCACTGAAGGACAAAAGCTGGATCGAGAGAGGGC,"[[39249682, ""C"", [""G""]]]",yes,no,C->G,1
chr20,23190489,23190978,TGTTTTTCCCTTTTATATCTCCCTCATCTGAAATATGAAGCAAAGAAAAATTTAAGCTGTAAGAGGGAAACTTTTTCCAAACAGTGAAGTTTACCAAACTGTGGCCTGAGATCTATATTCACATTCTAAAAAACCATGCCCAATTCCCCACGCTAACAGCAGCTCCAGACCAAAGAGCAGCTCTTGTCTTGACCAAAGTGAATAACTATCTTAACACGAGGTGACTAGAAACCATCTGTCTTGAGACCAGAGAGGAGACCTGTGGTCAGTGACGCTGTTCAGCAAATACTTGCCATTCCTGACCTCCAGGCTCAAGGAGGGATTGGCCACCCTGGTCCCCTAGGAAGATGGGGCCATGTGCTGGCTCTGGACAATGGTCATGATGGAAATGGCATCTGCTCTTGCAGGCCAAAGAGTTTAATTGCCTCCAGAGCTCTCCTTCCCTCTGCAACAGTGACCTACAATGTCCAGGTAGCAGTCCTTCCATCAC,"[[23190526, ""T"", [""A""]]]",yes,no,T->A,1
chr3,186777930,186778148,ACTATTATTTTTAATGAACTATATAGGAATATATGTATGTATATAGTTTATATATACATATATAGTTTATACATATATAGTTTATATATACGTATATATAGTTTATATATACGTATATATAGTTTATATATGTATATATAGTTTATATATACGTATATATAAATATATAGTTTATATATATGTATATATAAACTTTATCTCATTTATATGATAAAGATG,"[[186777968, ""A"", [""G""]]]",yes,no,A->G,1
chr17,34357434,34357796,TAACACATCCTCAAAGTCTTTTTCTTTGTAACTATTTCTAGATGCACTCAACGTCCCATCTACTTGCTGCTTCACATTTAGCAGTAAGAAGATCTCCTTGCAGAGGCTGAAGAGCTATGTGATCACCACCAGCAGGTGTCCCCAGAAGGCTGTCATGTGGGTAGAAAAATCCCTGCTCACCTGGCTCCTCCCCACTCCCACATTCCCCAATCCAAAGTTCTGCCCCAGGAGACAGACGTCAGACTGACTTGAGATCTTAGGATGAGATCTAGCCAGACTGTGTGATGCAAATCCTCCAATTTTGGCTGCACAACAGGTCCAAAGAGGACCTATAATTTCCCACACCTTGTTTCCTGGATGGGC,N,no,no,N,0
chr5,64062144,64062349,GTTTTGTTCACCACTATAGCCTCAAGAGCTAGAACAGAGCCTGGCACATGGCATGCATTCAATAACTTTTTGTGAGTGAATGAATAAATAGCATAGCCAGCTACAGCTGGAAAGGCCACAAAGGAAGCACTTGCAACTTGGTGTGAAACCACCTAGATATAATGGTTTCAAGAACTCTGAATGCCTCCTTGAAAAAGGATCACTGA,N,no,no,N,0
chr5,31059971,31060216,TCCTTCTCTAAGCTCTGTTAGCTGGAAACCAAATTCTTAATGGGTATAGAGGAAGCTCAGCTATTTTAACTCATAAAGAGGAGCCCTCTTGAGCAACAAGAATAATAGAATTCAGCCTCCTGTGCCCAATAAAATAGGCCAAAGGCCTGGTTGTGCAATTCATTTGGCAATTCATCAGCACTATCCCATGTAAAAGCATCTATAATCATAAAATGCTATTGCAATCTTTTATCAGCATTTAACCTG,"[[31060045, ""G"", [""A""]]]",yes,no,G->A,1
chr4,53721307,53721723,TAGTAAAGATGAGAACTGAGCAATATCTGAGATGTGGCATTATGCATGCCTTGAAAGCCTCTGAATGAGCCATTTCTGAAGGCTGCTAGGCCAGGCAGGAGGAAGCCTGCTGTGCATAAGGAGGAGAGGAAAGGGGCAGTGCCCATGGCTATAGTACACCATAGCTGTGGTCAATGCTGGATTAAGGGAGGCAGATGTTAATGTCATTCCTGTGATGTGGCTAAAAAATATTTATTGGATTTAGCAGCCTGGAGGTCATGATGTACTTAGGGAGAGGCACCCATTTGCGAGGACAGCTAGGGTTAGAACCCAGGTGAGAGAGTTGGGGATTGGAAGAGAAGGAAGTAGAAACTGTGCCAATGATATGGTGCTGTAATGAACACTGGCTACACTATCTTTTGCCTCTCTGCCTCCATC,N,no,no,N,0
chr2,102433431,102433648,TCAGGCTGGTTTCAAATTCGTGGTTTCAACCAATCCTCCTGCCTTGGCCTTCCAAAGTGCTGGGATTACAGGTGTGAGCCATCATGCCAACCACAAAGAAGTTTGTTTGTTTTTTGAGATGGAATCTCTCTCTTTGTCGCCTAGGCTAGAGCGCATCTAGCTCAGTGCACTGAGCTAGAGACTTGGCTCACTGCAACTTCCACCTCCCAGGTTCAAGC,"[[102433450, ""A"", [""G""]], [102433628, ""C"", [""T""]]]",yes,yes,A->G,2
chr11,66230189,66230521,TGCTCTCCTAGACCAGATAAGGTCCGGTCAGGGCACCAGGGAGATGCATCTAGGGGTCCCCTCTTCACTCCTGGAGACAGCAGATCATCAGTCCACTCTTCTTGTGCCAGCAGGTCGTTTGTAACTGGATATTTACTGGATTGCAGCATATGGTGCCCACACGGGGTGTACTCAGTCACCCGTGAACAGTGGCGATTTTCCTTCGGCTGAGGCAGGAGCTTTAGGACCACTTGCTTTCGGGAAAAGAAAATGAGTAACTCTCTCTTCAGGATGGTGATGGGGCCTGGCCAGTCCAAGGAGGCTCCTGGGTGGTCACTGAGTGGGAGGTCATCT,"[[66230427, ""A"", [""G""]]]",yes,no,A->G,1
chr1,193436955,193437255,TAGGACAATAGTGGAGGGAAGGTCAGCAGATAAACAAGTGAACAAATGTCTCTGGTTTTCCTAGGCAGAGGACCCTGCGGCCTTCCGCAGTGTTTGTGTCTCTGGGTACTTGAGATTAGGGAGTGGTGATGACTCTTAATGAGCATGCTGCCTTCAAGCATCTGTTTAACAAAGCACATCTTGCTCCGCCCTTAATCCATTTAACTCTGAGTGGACACAGCACATGTTCCACATGTGCTGAGCACAGGGTTGGGGGCAAGGTCATAGATCAACAGCATCCCAAGGCAGAAGAATCTTTCTT,"[[193437001, ""G"", [""T""]], [193437131, ""G"", [""C""]], [193437183, ""T"", [""C""]]]",yes,yes,G->C,3
chr12,30180648,30180921,CCTTGTAAGAACATTATCATTTTTTTTTCATTATTGCTATTCTAAGTCAGGACAGAGTTAAGAAACACATTACTTGAATTTCCTATGTGACCAGGAAATCCACTCATTTTTCAGTAGGTGTTATTTTGGTTCAGTGAGTTTCATTTCAATTTCTTTTCTGCTGTGTCTGGTTTCACAGTATGATTAATGACCTAACTTGCTTTGGTCTCCCTGCAATTGTCTTGAGAATTTACAATACTGGATTTATTCACTTACAATAAATGCAAAGCAGAAA,"[[30180751, ""A"", [""T""]]]",yes,no,A->T,1
chr2,67936069,67936329,CTTTTACACTGTTGGTGGGAATGTAAATTAGTTCAACGATTGTGGAAGACAGTGTGGCGATTCTTCAAGGATCTAGAACTAGAAATACTATTTGGCACAGCAATCCCTTTACTGGGCATACACCCAAAGGATTATAAATCATTCTACGATAAAGGCACATACACACGTATGTTTATTGCAGCACTATTCACAGTAGCAAAGACTTGGAACCAACCCAAATGTCCATCAATGATAGACTGGATAAAGAAAATGTGGCACATA,N,no,no,N,0
chr6,114140320,114140631,CCATTTATAATAGTGATATAAATTTTTTTTAACATAAATGCATTTAAAAAGTGTTAAAAAGTTTATTTAAACGGTGTATTAAATAATTGTAAAAGTGGTTGGTAGATCTGGCCAAAATCACGAAGATGTTGTGTGACTGGCTGAAATTTGAGATGCATTACATGTTTGAGATGAATCAGAAGTTCTCTAAGGTCCACCCCTTCCTTGCTTGTTATAGTGTTCTAAGATCATTTGTATAATAAATAAAGGCTTAGAAAGCACTGGACCTTGCTGACTCTTTTCTACCCTCACCTTGGCTGTGAATCCAACACA,N,no,no,N,0
chr7,102227301,102227513,AACGTAGATGGTCGTGGTGAAAGACAGCTATTTTCAGGCACGGTTTCTCGTGTGCTTTAATTACAGAAAGCACTCCAAAGACCTCCGCCAGCTGCAGCCCTGCCCCTGAGTCCCCGATGAGTTCCAGTGAGTCGGTGAAGAGCCTGACCGAGCTGGTCCAGCAGCCCTGTCCCCCCATCGAGGCGAGCAAGGACAGCAAGCCACCAGAGCCCA,"[[102227319, ""A"", [""G""]]]",yes,no,A->G,1
chr10,6701397,6701644,CTGAATCCCTTTTGGACTAAAAATAGGCCATGGCCATTCTGTGCATATTTATGTAACAGGAGCTTACTTGGATTCTCATTTAAGTCCTGCAACACTCTTGATGAAATAGCCCTGCTATTATCATCCGCACCTGCAGATGGGGTCGATGAGAGAGAGAGAGAACAGAGTGGCAGGTGCAAGGCAGGGCTGGACTTAGACCCAGGTGATCCAAGCACAAATCTTGATTTATTTTTGGTCACATTATCTTA,"[[6701455, ""A"", [""G""]], [6701635, ""T"", [""C""]]]",yes,yes,T->C,2
chr4,82842639,82842943,AAATGCCCCAAATACACCTGAATTCAATAGCTTCAGTATTTGAAAAATGCCATCCCCAAACTGCCGCTGGTTATGAAAATATTTGAATCATCAGACCCAAGAACTGCAAGACTGACCCTTTTCTGAGACTTTTCCTGATCCTGTGAAGAGACAACAGTGACCACCAGATGGAACCAGGGAGGAATTACACATTCAAAGCACCCCACTTCACAGAAAAAGTTACATGGAGTTTGGTGGCAGCTCCAGACCTCCCTCCCAATAAGAACTGTAGGGTGAACACTATTGTTATGTATCAAATATCTTCT,"[[82842656, ""T"", [""C""]], [82842704, ""T"", [""G""]]]",yes,yes,T->G,2
chr4,93377236,93377548,TTATATATTTGAAAATTTTCATACTGAAAAGTTGAAAAAGCTTTATATTGGTATTTTAAACTTTGTAAATGTTCACTAAAAGAAGATATGTCTTTTTAGTTGTTTTGCCTGAGTTATGATGAGCTTTGATGAGTCAATCAGGCTGCCTCTTGAGTTTTCCTTGTAAGGTTAATTGGGTGCACTGGAGAGCTAGCTGAGGTTAGGAGAGCAGGCTCTGGTTGAAGGACAGGGTTTCGGCTTGGCAGACTAACTACCTTCTCTGATTATTAAACTTTGATGCCACCCACATTAGCACAGTATTCTAGTCACCTGT,"[[93377255, ""T"", [""C""]]]",yes,no,T->C,1
chr3,56086467,56086772,CACTAGAAATGGGCTTCAGGGTCTTCTTTTTTTTTTTTTTTAAGATGAAACTTTGACATGAACCACAGGCAATTCACAAGCAACATTAGCCCAGTGTGCAGTAAGCAAGTATGACATCATCTCTAAAACCAAATATGAACTTCCACATGGTGCAAAACCACAAGCAGGCACACAAGCCTTTGGATGCACCAAAGTTTAAATACAGGGAAGATAAGGCAAGAAAAAATGCATTCTATTAAAAATTAGAATATCTAGTTCCAAATTAGGTATCAATGACTGAAATTAAAGTTCCCCTCACTAATATTC,N,no,no,N,0
chr2,178109826,178110146,AAAGAAATTTTGCTTTTCTTGCATTTTCCAATATTTGCGTTCCTGGTTTTGTTTTATGCAATCTTTTATCTTTTTTTGAGAAAAGAATTAACTGTTCTCAATAACAGCCTAAAATTTTCAGGACACCAATCAGTAGTCTTATTTCACAAAGAATAGAGATTGCCCAGTCAGGACAATTTAAGAAAATTACACATTTTCCACTAGATGGCACTGGTTTGCAAATAATATTGCTTTGCAGTTCCTCTCATCAACAAAACTCACACTATCAAATTATTTTCATTTACCTTGATTGTTGTGGGTAGGAAAAAGAGAAATGGAAAG,"[[178109845, ""G"", [""T""]]]",yes,no,G->T,1
chr8,5512127,5512375,CAACACCGCCAAAGTGGATGGTCTCACGGCTTCCCTGAGGCTTTGGACCTAGCTCCAGCCCAGCTTTTACTAAATTCATGTGGGCAAATGTGACCCCATTGCCTGAGGCCAATAGCAGGGTTCCCCAGCTTCTCCTCCCACTTCCTGCCACAAGACAAGAGATCTGGCTTCCTCAGCAGACACTCAATGACTCAGGTGATACAGTGTGAGTGTGAAAGTGTGTGGGGGTAGTTCAATTTCCATGTGGTA,"[[5512134, ""C"", [""G""]]]",yes,no,C->G,1
chr5,139837727,139838045,TCCAACGTCCTGAAGCTTAAGACAGCCGACTGGAGGGTATTCCTCTTCCAGGCACCGTGAGTAGGAGCTGGAGCCCTTCACTCCCACCTGGGGCCCAGGGCCACAGTGACCCGGCACACAACCCCTCTCGTTCCCGTGAGTCAGCAACAGAGCATGTGTATCCACATGACACAGACCGACAGCTGGGTCCCTCCAAAGCAGTGGTTCCCAATGTGTGGTTCCCCTCAGCATCATTTGCAGTCTCTCTGGCCCCACCTTAGACCTACTGAACCCAAAACTCTGGGATGGCTCCAGCAACTGTGTTTAACAAGCCCTGCAG,"[[139837735, ""G"", [""C""]], [139837856, ""C"", [""G""]]]",yes,yes,G->C,2
chr9,112404618,112404996,TTTGATTGGTGAGTGGCATGAACTCTTTGAGAAAGCGTTCTGTGTTATTTATTCTCTGTACAATTTGCAAGTCATCATTTTAATACTTTTAGTTGACAAATAATTATCACATACTTCTATTTAAGGCATAGCGCTAGGCACAGAGCCAGGAGAGAGGGCTTAAAAATTCAAGTTCAGTTGACATTGCTAGTTTTGTTAATCATGTTCAGAGCACTGTGGTTATGTTAGAGGAGTGCATGTGAAGTGTTCATGAGTGAAATGATGTCAGGGATTTGCTTTAAAACACACCAGCAAAAAATAAAACAGGGGACAGGAAAGATAAACATATTAACTGACAAAACTAACAATCGTTGAAGATAGGTGATGGATTCCTGTTAGT,"[[112404850, ""A"", [""G""]], [112404866, ""T"", [""C""]]]",yes,yes,A->G,2
chr7,25361929,25362213,TTCTGACACAAACAACCAAGAGAAACCAAGCACCATGTGAAATGAAATTCACCAGGAATACCTGGCATCCCATAAGTCTGAGAGGTCTTAGGAAATATGTGGCTTCTGCTGTCCAATGTCTTCTGTGATTATGCAACCAGGCATCTTTCCAGAGGGAGCCTGTTGTAGTGTGTTTGTGCTGCTACAGCAAATTACAAATTACTTAGTATCTGAAAACAGTATCTGATTACAAATCAGTATCTGATTACAAATTACTCAGTATCTGAAAAACAGAAATGTTTTTCT,"[[25361971, ""C"", [""T""]]]",yes,no,C->T,1
chr11,116109276,116109675,GACATATACTAGGCTGGGGGTGGGAATGGGCAAAAGAGACACCAATGATATAAAACAGGTAAGTCCCACCCAAGGACAATATTATCCAAAATGAAGACATCACAGCAGACATAAGGCAGCGAGTCCTGCGATGGGCATTATTCCAGGAAGGGAGAGAGCACTGTGAGTCATGGGGTGTGCTTGAGCTGAGGTGGTGAGTCATGAGGTAGGGGTGGTGCTTGACAGGGAGTAGGGGCATGCAAGTGGGTAGCACTTTACGGGGCTTGCATGTAGCCAGGGTGTCTGCCTAATCTGAGCCTTGGGTGTGCACAAATGGCAGAAGGCTGAATTATATCATGATTACAGCTTTTTTTCTTTAATTTTGTTTTTTTAATTGACAATAATTGTACATATTCATGGG,"[[116109279, ""C"", [""A""]]]",yes,no,C->A,1
chr1,220901900,220902318,TCCTAACAGCTCCTCCTCACCAAGCAGTGAGTACACCCTTGGATTCCCCAAATGATTGCTGATTATGGGTCTAGAGAGTCAATGATGGCTGGCGAGTTAGGTCACTGAGTCTTTGAAATGATGTTTTCTGGGAAATGCCTGAAAGGTTGATGGTACAATAGTAGATAAAAATAAACTCAAGATTAGTGTCTGGTTGCATAGAAAGTCTTGGTGATGGTGAGTAATCAGGAGGACAAAAATCAGAACAAGTCATCCAGGCTCCTCACTTAGCAATTCTTTTCATAAGGCAAGCAGGAGGAGAGAAAAAAAATCCCCTAAATAACAGTAGTCACTAAAAAAAGCATTAAGTGCTTCTTTTTGGTAGAGTTTATCCCTCTCCAAGGATGTATTTTCCTGTAACTTTTCCTATAGGTGGATTT,"[[220901952, ""C"", [""T""]]]",yes,no,C->T,1
chrX,92061212,92061505,TGTAGATTCTGGATATAAGACCTTTGTCAGATGCATACTTTGAAAATATTTTCTCCCATACTGTAGGTTGTCTGTTTACTCTGTTGATAGTTTCTTTTTGCTGTGTAGGAGTTCTTGAGTTTAATTAGTTCTCATGTGTCAACTTTTGATTTATTTCATTTCCTGTTGGCGAATTGTAATAAAATCTTTGCCAGAGCCTATGTGCAGAATTGTATTGCCTCAATTGTCTTCCAGAGTTTTCATATGTTAGGTGTTACATTTAAGTCTTTAATTCATCTTAAGTAGATTTTTATG,N,no,no,N,0
chr21,17406122,17406599,CAGGTGGGCTCACTCCTATGTCCTCGGTCATCTTATGGATTGGCCAGGCCTGACTGCTTTAAGTTGGTGTTGTCTGGGATGAATGGGACTCCTGGAGCCCCTTTCCATGTGGTCTCTACAGCAAGCTAGTGAGGGTTTGTTCCCATGGTAATCTGAGGGTTCCAAGAAAGTAGACAGAATTGTGGAAACTTATTGAGCCTTAGGCTCAGAATTCGTACCATGCCTTATCTCCCACAATCAGTTGGCCTAAATGAGTCACAGGGTCTATTAGTCAATTCTCACACTGCTAATAAAGACATACCTAAGACTGAGTAATTTATAAAGGAAAGAGGCTTAATGAACTCACAGCTCCACATGGCTGAAGAAGCCTCACAATCATAATGGAGGTGAAGGAAGAGCAAAGGGACGTCTGACATGGAAGCAGGAAAGAGAGCGCTTGTGCAGGGGAACTCCCACTTGTAAAACCATCAGATCTCAC,N,no,no,N,0
chr8,61271832,61272179,TGCAACCCCTGCCTTTTTTTGTTTTCCATTTGCTTGGTAGATCTTCCTCCATCCTTTTATTTTGAGCCTGTGTGTGTCTCTGCACGTGAGATGGGTTTCCTGAATACAGCACACTAATGGGTCTGTCTGTGTCTTTTAATTGGAGCATTTAGTCCATTTACATTTAAAGTTAATATTGTTATGTGTGAATTTGATCCTGTCATTATGATGTTAGCTGGTTATTTTGCTCGTTAGTTGATGCAGTTTCTTCCTAGTCTCGATGGTCTTTACATTTTGGCATGATTTTGCAGCGGCTGGTACTGGTTGTTCCTTTCCATGTTTAGCGCTTCCTTCAGGAGCTCTTTTAGG,"[[61271947, ""G"", [""A""]]]",yes,no,G->A,1
chr13,33582150,33582438,AGGTGGAGCTTGCAGTGAGCCGAGATCACGTCACTGCACTCCAGCCTGGGCAACAGAGTGAGACTCCATCTCAAAAAAAAAAGAAAAAAAAGATGAAAAAGGCTAAGTAACTTGCCCAAGTTTACACAGCTGTTAAGTGGCAGAGTTAGAATGCAAACTGGGAATGTTTCTGACCCCTGTTCTTACTTTTACTCATTCTATGTTGCCTAATAGAGATGAGTAGTTGGAATCATATGGTCTGTAGATCTGAAAATTTGAAATCATAACATCCTCAAACTTGGGTAAAAAA,"[[33582153, ""C"", [""T""]]]",yes,no,C->T,1
chr2,183243722,183244148,TTAGTTTCCTGAGTATATTCCTCTTGCACAGAAGGCTATACGGCCATCTCAACATTGACGATACATGATCTTTTAGCTTAAATCCTTGTGTCAGATGGACTCAGACTTCCAGTGCCTCAATTCTAAAATCCTTACAGATAAATCTTATTAATTGTTAGCAATATGCAGCTGAGCTTAGCTCAGGAGCCCCTCCCTGACTACTCTGATGTGTTCAAGGATTAACAAGTATGGTCATGCAGACTTGAATGAGGTAGTCTCTATTGAAGTAGTTGTGGTTTGAGTAGACATTCATACTTGTGTCTATTACAGTCCCTATGCTGTGTCTAAATCCATGGCCTTAAAACTTTTTCCACCACAACCCAGAGGAATAAATACGTTTTTAAATCCCATTCCAGCATTCATCTATGTATAAATTCTTGAAACAGTA,N,no,no,N,0
chr13,85282942,85283263,GCTAGTTGTTTAAAAAAGCATGGAATCTCCTGCCTCTCTCTCTTGCTAGCTCTCTTGCCCATAAGGTTTCTGCATATGCTGGCTCCCTTATGCCTTCTGCCATGAGTGGAAGCAGTGTGAGACCCTCATCAAAACCATATGTGGACAGCATGCATCTTGTACAGCCTGCAAAAACATGAGACACTTTTTCCTATAAATTACCCAGACTCAGGCATTCCTTTATGGCAACACAAATTGTCTAAGACAGGAATTGTAGAAGAGAAAGTATGGTGGAAAAACTAGATACTGAGAATCTTTCCTGTAGGAAAGCAGCTAACAAAAT,"[[85282945, ""G"", [""A""]]]",yes,no,G->A,1
chr13,62687860,62688089,TCCTATGTAAGGCCAGAGTCCCTGCTAGAGTGCCTCCCATCTGCTGTTTGAATCTCAGCTTCCACACAAGAAGAGGAGGGGCCAAGCTCCTCCCACTGCAAAGGGCGCAAACATCCCAAGGCTCCACTCAGTGGACAGGCTGGTTGGAGTTTCTCCAGGGCCCCCTCCCACCTGGCTGTCTCAAATATAAATAATTATATATAATTTGATATATAATTATATTATGCCTA,N,no,no,N,0
chr11,105274649,105274970,ATAAAGTTGGCACTATGCACTTAACTTTAGTCAAGCTGTAAGTAAATGATCAGAATGAATTGTTAATCTTATAAAATCAGTAATTTACTGGGCATTCTCTTACTGTTTCCATTCAGTTTCCCTGCTGATTCATTCACAGTTTTGATGGCTAGAAGTCCAAGATCAGAGTGCTCTCATGGCTGGATTATGCTAGATGCCTCATGGTTTACAAATGACTGTCTATTGTTTTCTTACATGGCAGAGAGATAAACAGAGGAGCTTTCATCATCTTCTATGAAGGACAACAATCTTATTAAGGAGGCTCCAAACTCAGAATCTAATT,"[[105274758, ""A"", [""C""]]]",yes,no,A->C,1
chr4,13084202,13084592,GCAAAGGCCACCAAATTTATCTACACAGACTCTTCTCAACGCAGTAGCTACATCATATCCCCCTCTGCTCAAAGCTCTCTGGCTTCTTCTGTTATTCAGTACATGCCAAAGTCCTTACAGTGTGCTGGAGGACCTATAGCACCTTGCCTTTCATTTCTATGACTTTTTGAAACTCTGTCTTTCTCACTTACCCACCTGGTACCACTGCCCTTCCTTCAGCATCTGAAATGCACCAGGTGTACTCTGACCACAGGCCATTTGCATCAGCTATTCGTGCAATGAATGAGCATGTGCAATGAGCATATCAGCAATCAGTGTCTGTATGTCTCATTTCTTCACCCTCTTTCAGTCTTTATTCAAATAAAACCTCTTTGGTGAGGATATCACTGAT,"[[13084219, ""C"", [""T""]], [13084527, ""G"", [""T""]]]",yes,yes,C->T,2
chr14,80456130,80456590,GAGATTGTTTAGATGTCAGAAATAAAGTCAATAAAAAGACATGTAACATAAAAGAATGAGAACACCAGACGATGGTGGAATATAACATAATATAGACAGAACATTTCAAAGTTATCATACATGACCACTTACACAACTTATCTAACCATAGATAGAACTGTCCTGGATCAACTGGCCTGGAAAATAACTACACTGCTAATATTTCAGTCACTACAATTCTCAAATTCAGAGAAGCCAAATCAGTTTCTTCCCCTGGCTTTCCCAGTAACCACTGACAGCTGTTGTGGTGGAAAGAACTCCTGGCTATGACTCAGGAAACTTTATTGCTAGTCCTGGCTTTACCATTTACTAAGCATGAATTTAGACAGGTCAAGTAACCTCTGTGCAGAGTGATTATGAACCTCAGAATAAGATAATCTATGGGAAGTATTTCGGAAAATAAGAATAAGATAATACATGGG,"[[80456148, ""A"", [""G""]]]",yes,no,A->G,1
chr2,184338869,184339184,TCCTCTGTTCCTTTGAGGTGTAAATCATTTTAAAAGCTTCTTGCTAGTTTTACAACCAAAGAATGTCTTTCTCAAAGACCTGGGAGGCATTCCTTTGAAATGTAATGTTAAAGAAGTGCCCCTATCTTCCAGATTCTATGGAAAAATAAGGGTCTAACTTCTGCAGGGAACCGCCTCCAAAACCACCTCTGCCAAAAAGGGAAGGTTTACTCTTCTTTTGGGTAAAGGCAGTAAGCAAACACCACAACTGGTCTATAACTCATCCTCCCACCTCAGCTTTTAAGAACTCCTAGCCCTTTGTTTTTGTCTCTTTGGT,"[[184338926, ""T"", [""A""]]]",yes,no,T->A,1
chr5,37977466,37977690,TGTTGCTTGGGTGAGCAACACAAGCCAGGATGTGTGTGTGCAGCCAGGATGTGTGTGGGCACCAGCAGCTGCTGCTGCAGTACTTGACTCCTCCCCCATCTCAAGGGGCTGACCTTGATTGGCTTAAAGCAATCAGCTCAGTCCATCCCCTTGAACACCGCCATTGATTTGTTATTTGGGCATGTGACTCAAATCAGTCTCTATCAGGAAGGACGCTCAAATCCC,"[[37977485, ""C"", [""A""]], [37977566, ""C"", [""T""]]]",yes,yes,C->A,2
chr1,143438599,143439030,ATTGATTTTGTTTTAGCAGCCTCTCATCCTGCAAGAGGGGCTTGCAGTAACAAAGGCCTGGCACCTTTGAGTTTGTTTTTGGTCCATTTTTTAAATCTTCATTCCCTTTAGCTCTTGTTGAAAATGGCTTCCTGCCACTTTGCACAGAAAAATCTCTTTCATGAAATACCAAAACCAAACAAAAAACAGGCCTTCGAAATGCTGTTTTGCCTCCTCCTAAGAGCTAACATTTGCCAGTTGTAATTAACATTCCTTTCGCTTCTTTCAACAGAAAATCAATCAGGGCCCTAAAATCCCTGCACATCTGTATTTAATCCACAAATAATTCAACAATGTTCTATCTTAATGGTGTATTGTGAGAAAAGCATAAATGTCATCAACTTCTTTTACGTGGAAAGAACAATAGGTCATGAACTTGTTTGTGCTCCTGAT,N,no,no,N,0
chr9,11148222,11148621,TATTAGAAGAGACACCATTCATCAGTTCAAAAAAAAATTTGCTCATTGGGGGACCACTGATAACTGTGGTGGTTGCAGTCCTTGTAGGCAATGGTTAGCAGACGAAGAGGATTCCATGGAATTGTGCTGTTTTGTTAATGGAAATGGTAGGCGTCTGGAAACGCGGAGGCCAAATGGCAGCACTTAAGCATATGAGGTGAAGTGAACATGATTACTGTAGGAAACAGCAAATCCCTAATGGCAACAAAATGGCCCCAGCCTGAAGACATTTGTGAAACTGTTAGTAGGTCAAGGTGTTTCTGGAGGAAAATATAGATGAGTAATCAACAAAGATATTGCTTAAATTATACAAACAAAAATGATCAAGAGTGTTTGAAATAAAGACTGATGTGAACAAAAG,"[[11148232, ""C"", [""G""]], [11148563, ""G"", [""A""]]]",yes,yes,G->A,2
chr19,3543167,3543541,ACATCGCAAAGGGGTCAAAGCACTCGTTGTAGACATGGGCTCAGTCTCTGCCCCCTGCCCACCCTCAGCGATGACTACCTGTCCCTGGAGGGTTCCCGCTGGCCACCAGCCATCAGGCAGGCCACACGCTGGAAGTACACGCCCATGGGACGGGACGCAGCCGGCCAGCTGTGGTACACAGGCCTGACCAACTCGGACGCCTGGGAAGCCTGGTACAACCTGCCACGGGCCCTGGCCAGCCCCTTCCGCGAGGCCTACAACCGCTGGCACAGCTGCTACCAACACCGTGAGTGCAGCATGCCATCGGGTGAGTGCCCCCCCCCCCGCCCTGGGCAGCGGGCCTGCCAGAGGGGGACAGGAATGACCGCCAGCCCC,"[[3543193, ""C"", [""T""]], [3543399, ""C"", [""T""]]]",yes,yes,C->T,2
chr13,26076870,26077294,AGTATCCTAAGACCCCTGGAGATTCAGGCCTTGGTTTCCTTCTCTTCTTTCTCTTAACTCTCCTGAGCCAGCTCATGCAGCCTCCTGTAGACCAATGACTGAGAGCTCTGCCTGCAGCCCCTTCTCTGCGCTCTCCATCTGTGCGCTCAGCTGCTCCCCTTACATCTCCATGTGGATGTTGCACAGGCTCCTCAGTCTTACTTACTTGACAAAACCTGGAACAGTAGAAAGGAAGCTCCTGCTGCAACGTGCTCAGACCCCAGCAGGCTGCTGCACTGCATGATGTTGCGATAGGACAAGGATTTTACTAAGCAGTGATGAGGGGCGACTCTCTTTTCAATGTATTCTGTCATTTCTTGGCTTCTGCTTGGTTCACTTCATACACGTCGTTTCACAGCATTTCCCAAGCATATTTCTCTACTGCC,"[[26076924, ""C"", [""T""]], [26076955, ""C"", [""T""]], [26076956, ""A"", [""G""]]]",yes,yes,C->T,3
chr5,60906221,60906489,AGATGGGGTTTTGCCATGTTGCCCAGGCTGGTCTCGAACTCCTGAGCTCAAGCAATCCACCCTCCTTGGCTTCCCAAAGTGTTGGGATTACAGGTGTGAGCCACTGCTGGGCCTACGTTTTAGCAGAATGCAGGCTTGTCTCCTCCTCCTAGTCTGGTGGTCTCTCATTAGCTTTACAAAGGTGGTTGAGTTTTGGAGATGGGCTATTATCATTTAAACTATAAATGGCTGGGGGCAGTGGCTCACCCCTGTAATCCCAGTACTTTGGG,"[[60906336, ""T"", [""C""]], [60906350, ""T"", [""G""]], [60906420, ""A"", [""T""]]]",yes,yes,T->C,3
chr6,9136488,9136781,GACAGGGGAGTATGGGTGGTGACAGCCTAGGATTATCATTTCCGTGGTACTATTTGGGCTACTTGACAGCACAGTTGGGGACCAGAGACAACCTTGTTGAATTTATGGGTTCTGTTTTGGTTTTGACCAAAAGTTAAAAACCACAGGGTTGTGTGTGTGTGTGTGTGTGTGTGTGTGTGTGTACATCTGTGTGTGTAAAACATGAATCATTGAGAATGGTGAAACAATCCAGAGTAGAATGTTCCAGTTGTTTGCATATCTATTTTTCATAAAAACCACAGACATTTTGATGTG,"[[9136494, ""A"", [""G""]], [9136636, ""C"", [""T""]]]",yes,yes,A->G,2
chrX,2266741,2267020,TGCTCTGAAGGTCATCCACGTTCAGCTCAGCGACGTAATGGGTGGCAGAGGAGACGGTGACCACCCTCGCACTGTGGCCAGGGGACCCAGACTCTTTCAGCGTATCCAAGAGAAGGTTGGTCAGCAGGAAGTGCCCTAGGTAGTTCAGGCCGAAATGTTCTTCGAATCCATCTCTGGTTTTCCTCTGAGGGACCATCATCACCCCAGCTGGACAAAAGAGAATATCAGAAGGAGTTAGACTGGGGAAGACAGTGGAGAAATCTCACAGATGGATTCCCCA,"[[2266759, ""T"", [""C""]]]",yes,no,T->C,1
chr21,28663145,28663487,TTTTCATATTTTGATAAAGACGCTAGAAGAAAGACATAATTTCCTACTAAAAGAGAAATGAGAAAGTGCAATGATAAGTGTAGTGAAGTCACAGAAACAAGTAGGGACTGTGGAGGACACATGCCTGTCTAAAGAGGGCAGCAGCCATCCAGCCAGCCTGGGACTGCAGTGCGGTAATGTGAGCCCAGTGTTCCCAGATCTCCTAATTTTTTGAGAGATGCCAGAAATCTGGATTTTTATGTGAAAGCATCCAATTTCATAATGTTGGCTCAGGAAAGTTTTAAACATTGTACCAGCCAAATGAAACACTGCGATGGGCCAAATCCAGCCTGTGGGCCATGGT,"[[28663169, ""G"", [""A""]]]",yes,no,G->A,1
chr1,239417967,239418355,TAAGTCTTGATAAGAAAGCTAAGTTTCAGATTGCTTAGACTGTAGTGCCGGGTCTTTTAACTCCATGTTTCGTAAATGTTTGCTAAAATGTATATACATTTAGAAGCTGAAGCAAAAATGCTACATTCACTTGCCGCAGTAGCAGGGCAGCGGGCCAGGCAGATGTGCAGATGAGCCCCCTGGGAGAGGACTACAGTCAGATAGCATGTGGCCTTCTGAAGACCCAGCACTGCTAAAACTGAGCCTGTCTTAAAAATACCAGAAAGAATGCTGACATTCTGCTGGCAGCTCATCTATGTTTTTAAGAGCTGCTTAAAATCAAGATCAAGTTTTTAACATAACTTTTAGCAGTGCTTAGATGTTGCTTTGTGTGTGTGTGTGTGTGTGTA,"[[239417969, ""T"", [""A""]], [239417998, ""C"", [""T""]], [239418262, ""G"", [""A""]]]",yes,yes,G->A,3
chr2,241193245,241193685,TTTGTAGTAGAGACGGGGTTTCGCCATGTTGGTTGGGCAGGACTTGAACTCCTGACCTCAGGTGATCCGCCCGCCTTGGCCTCCAAAAGTGCTGGGATTATAAGTGTGAGCCGCCACGCCCAGCCTAAGATGGTTTTTTAAAACGTAGACAGCCCTTATTTTCTCAAAATCCTCCACACGCCCCCTCTGTGTGTGTGAGGCTTAAGGCATCCTCGCAGCTGCCTGTGCAGCCACAGGCCTACCCCTCCCTCCCAGCCCCACCAGGCCCTCAGACCACATCTCCTGCTACCAGAAGCTCCCCACCCTTCATTCCAAGACGGCACCTCCCAAGATACAATCGTTTTAAACTTTCATATAAAGGTAGAATATATTCTATCCTCTGAGAAAATCATGCCTTTTATCAATATTAATTGTGCCTAGAAAATTGTCTATCCATAATAA,"[[241193286, ""T"", [""A""]], [241193563, ""A"", [""G""]], [241193684, ""C"", [""A""]]]",yes,yes,C->A,3
chrX,38116722,38117051,TATGTGACTTTAAACTATATAATTAAAATCACAAATATGCCTGGCCTAAAGAGCTTAGGGGACTAACTAATGCAGCTGACTCTCAGTGTGCATACAATTGAACTGATGGGAGCAGATGCATGTTCTTTGCAGAAAGGATTCTGCTATTCACGAGGGATGAAGAACACTAATTAAACTGATGAGTCAGCAGTTAACTAAGTGTGAATTAATAGATCCTGCTACTGCAAATATGTCTACTAGATAGACTGAAAACTCATTGAAAGCAGGGTCTGTCTTTTGTGTCCCCACAGCACTTAGCAAAATGCCTTATAAAAATGTAAGCATTCCATA,N,no,no,N,0
chr9,138085610,138086064,AGAGAAAATTCTAAAAACAGCAAGAGAAAAGCATCAAGTCACATATAACAGAATCCCCCGTTAGACTGAAAGCAGATTTCTCTGCAGAAATTTTATAGACCAGGAGAGAATGGAATGGAATGGTATATTCAGAGTGGTAAAAGGAAAACAAAAAACAAACTGTCAGTCAAGAATACTATACCCAGCAAAGCTATCCTTCAGAAATGAGGGAGAAATAAAGTCTTTCCCAGACAAGCAAGAAGTGAGGGAATTCATCACCACTAGACCAGCCTTACAAGAAATACACAAGGGAGTCCTACATCTGGAAGCAAAGACATGATAATTACTATCGTGAAAACACACAAAAATATAAAACTCGCTGGTAGAGTGAGTTTCACAAAAGAGAAAGAGAAAATAATCAAACCTTACTATTACAGAAAACCACTAAACCGTAATGATAAATAATGAGAGGAAGA,N,no,no,N,0
chr20,49899520,49899972,TAGTCCTGCAGTTCCACTTGAACCGCCTCCTCCTCCTCACATAGGACCTGAAATATGTTACCAGTGGAGATTCACATGTCTGAAAACCTGGACCTACTCCCATCCCTTAAGCTCACCCCTGCCTTAAGTGATTTCCTCTCATCTCTCATTTATGAAGCTGCAGCCTTGAATCATTCCCATAAGAAGTATTTATTTTTCTACTTTTGCACAATATGTGCAAATAAACAGTAGGAAATTGGAGGTAAACAGAGAGAACAACTACTCCCAGTGCTAAAACAACAAGCAGGCTGAAGTAAACATTTAGGCTCTGGCAAACTCTAAAGGACAAATAATCCAGTTTCCTCAACAAACACGTCGCAAGAAAAAAGTTAGATGTGAAGGTAATACTGTCTCAGCCTGTTCAGGCTGCAAAATACCACAGACTGGGTAGCTTTTATACAACAAAAATTTATT,"[[49899593, ""G"", [""A""]]]",yes,no,G->A,1
chr9,117075832,117076253,TGCCTCAGTTTTCTCATCCATCAAGTCAGGAAAAGATCTCATATTGTAAGGGCTAAATGAGACAGCACAGGTAAATTACCTGTATTAAGAAGAGAGGTTCCTCCAGTCTCCTGAAGAGACCTTCAGCAGGCATCCCACCATTTAACTCCAGGGTCATTTCAGATCACAAGAATCATACTGAAAGCCTGCTCCATAGGCCCTGGGGATACAGAGCTGAGTGAAGTAGTCTCTGCCCTTGCAGGCTTCACAGTCTGGTTGGAACAGACAATGAGATGGGCAGTTACAGAGAATATGAGAGAGAGCTGTGATTGGGGGTAGTAGTGAATTCCATGCTGGCATAAAGGAAGGGCACCTGCTGAGCTTCGTGGACACCTGGTAAGCACGCTGGAGTGGGGAATAGCTGAACTGATTTTTAAAGAACA,"[[117075863, ""C"", [""A""]]]",yes,no,C->A,1
chr11,4654730,4655053,GGAAAGCAATCTGACTTAGGCATGGGAATCAGGCATTTTTGCTTCTGAGGGGTTATTACCAAGGGTTAATAGGTTTCATCTTCAACAGGATATGACAACAGTGTTAACCAAGAAACTCAAATTACAAATACTAAAACATGTGATCATATATGTGGTAAGTTTCATTTTCTTTTTCAATCCTCAGGTTCCCTGATATGGATTCCTATAACATGCTTTCATCCCCTTTTGTAATGGATATCATATTTGGAAATGCCTATTTAATACTTGTATTTGCTGCTGGACTGTAAGCCCATGAGGGCACTGTTTATTATTGAATGTCATCTC,"[[4654782, ""C"", [""T""]]]",yes,no,C->T,1
chr15,23153555,23153991,TGGTGTATCCAGACTAAATAACTGATATTAAAATGAAATTATCCTTAGGATTTGCAATCTTAGAGAAAACTTTTTCATTTTTTTTGAGTTACAAATTATCTTCACTTACATTTGAGAACAGTGAGTCACAGAGGGATTAAGTATCTTACTCAAGATCTTGCAAGTGTTTGGTTTGAACCCAATCTTTTCACTCTGCAGAACTCAGAGTCACTCTTATTTGGAAACTTTTTAACTGATGTGGATCCTCTAATATGGGCTTCCTATTATTCATTCCGTATTAGTCAGAAGTTTTGCAAGCAGGCAGAATTCATTTTGCCAATTACGGGATTTTCCCTCAGTTGCAGTCAAGGTTCATAAAACTATAACTATAAATTTTGTTTTTGAGACAAAGTCTTGCTCTGTTGCTCAGACTGGGATCCAGTGGCACAGTAACAGCC,N,no,no,N,0
chr5,169190935,169191169,GAGAAAAAGGGATTGCTGATTATAGCCCAAACTTGGGTTAATATAGCTGCTTCAGTAAAAAAAATTATATTTAGCTCTCAGCTTTTTGGCAGCCATTCAAAGTGTGTCATAATAGGGCACATAGAGAACTGGGCATCCTTCATGTCTACAGCTCAACACCCAGAACAGAGGCCATGCTGGAACAGACACCCAGGGAAAACCTTACTGAATGCGTGAGTGAATGAATAAATGAATG,N,no,no,N,0
chr15,53717549,53717752,ACATGAGTAGTTCTTAAAATGGGGCAATTTTGCTACCCCTTATTTCCCCTACATTCCAAGGACACTTGGTAATATTTGGAGATATTTTTGGTTGTTGGAACTAGGAACACACTAGTGGCATCCAGTGGGGAGAGGCAAGGGATGCTGCCAAATATCCTACAATGCATAGAACAGTACCCCACAACAAAGAATTATCTGTTCCTA,"[[53717593, ""C"", [""T""]], [53717671, ""T"", [""C""]]]",yes,yes,T->C,2
chr21,17045329,17045637,CCCTGCTCTGTCCTATGTAGTTGTGGGTTCAGTGAGAGGTATGCTTTCAAAAAACAATCATTAATAAATTATGAAGAAAACACCATTTAGACTGCCCTCTAGTGTTTGTAAATTCAAACCCAGATTGGATGTGAAGCAGTGAAGAGACCAGAGAACACATAACCCATGTCACTGAGTATCCACTGCTGGCTCCAGCCAATATTTTCCAAGTAGGACTGTGGTCCTTGATTTGCCAATTCTTCTGGATTCTCCAAAATGTCAGTTCAGGTTTTGTATTGAAATCTATCCATTTATCAATGTTGGCCCCTA,"[[17045408, ""T"", [""A""]]]",yes,no,T->A,1
chr5,31459590,31459883,TCCTTCCCCCGCTACAAGATCTAATTTAGAAAATACATCCTTCAACCTGCTGTCCAAAGTCTCTGAATCTCTAGAGATGTTACTTTTCACTGTTGAGTCATTCCTTGACAAATCATTGAGCAAGAGAATCAGATAGTTTGATAATGCATGGCAGCCTTCCATCCCATTCCAGATGGCCACTCTAGGAAGACAGCATATTCATTAATTAGTCCAAATACAGCTCTCTGTCCACTCAATACAAATACCAACCACCACAACTCAGCTTTCCTCAAAGGCCAACAGTTCTCCAGGCAC,"[[31459636, ""T"", [""C""]]]",yes,no,T->C,1
chr18,57455530,57455729,TGGTGATTCATTACTCTCTCCTTCTTGGTGATCTGCATGTGGTCATCCTGGAGAAAGCATCCAAGGGTAATTGCAGCTCTATTCCCTGAGTGATTGCCTAATGCCATTAGTTCTGATCCACAGGAGCATCTCGGGAAGCTCTGATGGGGTCTGGTTACAGCTGCACCCTTGTCCTGCCCTTTGGATGCAGGGAGAAAGGG,N,no,no,N,0
chr11,109278824,109279116,CATTTCTTAGCGAGGTTATTTGGATTTTCTCTCTTCTTTTCTCAGTTAATCTTGCTGTTGGTTTATCAATTTCATTTATCTTTTCAAAGAACCAGCTTTCTGTTTCATTTATCTTTTGTGTTGTTTTCTGTTGTTTCAATTTCATTTAGTTCTGCTCTGATCTTGGTTATTTCCTTTCTTCTGCTGGGTTTGTTCTTGTTTATCTGGTTCCTTGAGGTGTGACCCTAGAATGTCAGTTTGTGCTCATTCAGTCTTTTTGATGTAGGCATTTAGGCTATGTGTTTTTCCCTTAG,"[[109279069, ""G"", [""A""]], [109279091, ""G"", [""A""]]]",yes,yes,G->A,2
chr16,85655066,85655413,TGTTTCTTATGACCTGAGAGCCAGGCTCCTAGGGGAGGGTCTAGAGTAGCCCCTGAAATCGTCCCCAGCTTTGAGCCTAAATTCAGCCCTGATGGCCCATTAGGGGTCCCCTCCTGGTAGACAGTCCCCCTTGGTGACTGTACTGTCATCCTTGGCTCCTCCCCTTCTCACCGGGGGGTCCATTGACAGCAAGTCACTGTTAAGAGAGCAGGGCTTTGCCCGTGGGAGAGGCGATGCTTTGCTGTGTAGCAGGAGACCTCGGTGGCACTGTGGTCTGGCCTGGGTCCGTGGAGAAGCTCTGCCCATCCTTGTCAGAGGTCAGAGGGGCCTGTAGTCATGTCATGGACC,N,no,no,N,0
chr2,125684921,125685296,TTTCAGGAAGATGGATTAGACATATGTTTCTCTGTTCCTCCTGCTAAGAACAAAAAATCCTTGACTGTATATTTAAAAATAAAAATCAATGCAAGAAGACTCTAAAAGGTAGAAAGAAGAAGGCAGATGAGCTACAGATCTCAGGACAGAACCAGTGACACAGCAGGGACTCCCTGGGCTTCCTGTTTGCTTCTTAAGTCTCAGACATGGAGTGAAAGCAGCGGGCAACCAGAAATCACCACAGGGTATGGACAAAAAACCCCAACAAAAGCCTCCTCTCTATAGACAAAGAACCAGTAAAAAAAAACAAAAAAAACCACAAAAAAACAAAAAAACAGTCTAAAAAGACAGAAGAGTTTTAGATGGGAACCACTCC,"[[125685076, ""C"", [""T""]]]",yes,no,C->T,1
chr8,33964494,33964730,TCTAGATTTTCTAGTTTATTTGCGTAGAGGTGTTTATAGTATTCTCTGATGGTAGTTTGTATTTCTGTGGGATCAGTGGTGATATCCCCTTTGTCATTATTTGATTCTTCTCTCTTTTCTTCTTTATTAGTCTTGCTAGTGGTCTATCAATTTTGTTGATCTTTTCAAAAAACCAGCTCCTGGATTCATTGATTTTTTGAAGGGTTTTTTGTGTCTCTATTTCCTTCAGTTGTGCTC,"[[33964633, ""C"", [""T""]]]",yes,no,C->T,1
chr1,214665692,214665962,CTTTTCCTCAAGCTGGCAGTACTTGTTCTGCTATGAGCTGAGCTGCATACGGGATGAAAGTAAACATGCTACCATTCCAACTTTCAAGTACCTTATAAGCCAGTTGAGTCATGAGTAAGATCCCCCGCTGACAAATCATATGGGAAAATGAATCAAGTTCAGAGATCTGGGAATCAGATTCTCATCTGTACAATGAGGAGCTTGGTTGAGATGATTCTTTTACCGTAAATATTGGATAAGAGCTGAAATGGACCTTTGTGTTATTGGGAGT,"[[214665707, ""A"", [""G""]]]",yes,no,A->G,1
chr8,122349116,122349443,AAATTAATTCAATAAAATCAATTCTGGGATAACTGTGGATATAGGAACAATACTTCCATTTGTGTTGAGATTTTGTCACACTCGGCTAATTCTTTTAAAGACTGTATAATGGCATTTAATGGGGAAAAGAAGAGTCTAACAGTGAGGCATTTCTGGATTTAAATACCATCCCCACTGCTAAATAACTTTGCGGTCCTAAGCAATATTTTAATGCTGCTGAGTCTCAGCTTTCTCACTTTCGAGACTAAATGATGAACAGGAAAGCAGCTAGCATGGGGCCAGGCACATACTAAGTTCATTTTCTTGCTTCCTTCTGTAATCTTCGCAA,"[[122349198, ""T"", [""C""]]]",yes,no,T->C,1
chr9,98856884,98857335,CATCATGAGTCTGTTGAGTCTATCATGGTTTGGAAATCCAGCCAGGCAAATATTTGACTATTTTTGATTAGCTTGCAAGACCTAGGAATAATCTCAGGGGCTCTTAGCTCCTTCCTCTGGGCATGGTTCCACCCTCTCATCACTCTTCCTTTTTTATAAGAGATAGCACATATTTGCAGCTCAGTAGTTTTATCAGCCTGCTTCCTGACTTTTTTAGCGCAAGCTGGCAGCATTTCTGCTTGGACAATTTTCTCAAGAACTCTGTGGGTCTTGCATGGATTTCAGTGGTTTTCATTCCACTAGACAGAAGACACATCCGCAGATCTTTGCAAACTAATTCCTTTTCGATGTTGGCCTCCTGCTAAGATGGCTGAGGAATAATGGCCTTGAGCTCCCTAGCTGTCCCTGACTGAGTCGAGAAGATATGTGAGGTGCACACACCCTTCATCTCT,"[[98856897, ""C"", [""T""]], [98856909, ""C"", [""T""]], [98857121, ""A"", [""G""]], [98857184, ""C"", [""T""]], [98857194, ""C"", [""A""]]]",yes,yes,C->T,5
chr15,82014980,82015458,AATGATCTCACCTTATGTCCACAAATATTTATTACACACCTATTATCCAGCCAGCAAGGCACAGAGGATATGGTGATGAGAGAGACAGACTGTCCCTGCTCTCATGAAGCTTACAGTCTAGCCCAGAGGACACTCTCTGTGGTCGGTCCCAGCTATGACCTTCCAGATACACAGTCTGGCTGTTCTCTGGCTCCGTCCCAGGACTGCAGTTCCTTGGCATCTTGGTGAAGCCATATGTGACTCAGCTGCTCTTAGCTGCTGGCCGTTCAGTGGGAATAAGGATTCCAGGGATGGCATTCCCCTTCTGACCTATGGCCCATCCTTCTGCCTTCCAAGCCAGGATAGTGTTTCCTCTCATCCTTCACCAGCCCACTGCTTCTTAGAAGGAAAGCCACCAGTTGGTGATCAGTGCCCTCCTTCAGGCTGGTCCCACTGTACTCAACTTGGCAGAAATTCCTCCAAAGTATGGCCCGTGGATG,"[[82015008, ""C"", [""T""]]]",yes,no,C->T,1
chr5,158226551,158226767,TGCCTTGTGTAGCCCTCAGCTGCCTGTGAAATTCATCTGAATCTTGTTCCGTTGGCCTATGGGGTATTTTCAAATACAAATTAGGTTGGCCAGAATTCCTTTTCTGCACCAACTCTCCTGGGTGCAACTTAGAGGTTATTAAGATGCCTAATAAAAGGAGAGAGCACATTTAATAACATTACCATCAGCTCCACGGAGCTGAGCTATGCGGGCCCAC,N,no,no,N,0
chr4,102723440,102723880,TCTAAGTAATGAGTTATTTTTGTTTTGAAAAGTCTACCTTTGAAAGGAAAGGAAGATCAGCATATAATCTCTTAATATAACTATTCCAGAAAGGAAATGACATTTTATTTTAAAATCATTTGTCCAATGAAACTGTATCAGCAGAGGAGGGATTGGCATGTTTTGAACACTTCCTATGTGCCAAGAACTTGCCAACATTTTATACAATTAGCTTACTAAATCCCCACACTAACCCCATGGGGTTTGTAAGGTTTCCATTATTCCACAAATGTGGCAACTGAGAAATCAAGTAACTCATCCAGTGCTTTAATGAGCTCATATTTGTCACATGGCCAATTATGCATTTACTTTTCTCTACTCACAAAAGCAATTAACATAAACACACATAAATTTTTTTTAACCTAATGTCATTATATACTTACATATCTATTGAACATATTG,N,no,no,N,0
chr2,59658990,59659193,TCTTAATTTCCCATTTCCATTTCCAGGTATAACTAGTTGGATTGTCATCTCTCTGAAGAGGTTGGGAGACTTTTCTAAATTGGCTCCATTCCAGGTATTTCATCACATTCAATTCAAGAATTTGCTTGGCCAGTGCAGTTAGTGAGTTGCTGTTGCACCAGGAAGAAGTGAAAAAAGTAAGTACCGTGGCTGTGGGAACTGCTA,N,no,no,N,0
chr7,27091916,27092327,TAAAGACTGGAATCTCTGGGATTCCAGTGGATCTCGCCTTGCTTTTAGATATTGAAATGGAGTCAATGGCATGCAAATGACACTTTAACACATTAAAGTATTTGGAAGCCAGCCATCTGTTTTGCTGTGTGGCCCTACACTAATAAACAAAAGATACAGTATAAGGCCAGGCAGGAAATGAAAGAAAGGGTTGACCGTCTTTGAAGTTCTTCTCCATCCACTTGAGTCTTTTACAGGCAACCTCAGAACCCAGCAGCTGAGGGGAGGGCACCCGGTGCCCTTGATATGGCCGCAGCAACTGCACCGCAAAGTTCAGCCTTCTCTTCTTTGACAGGGAAGTGCAGGAATTCTCACAAGTGCCCTAGACGGCCTGCAAATTCCAAATTTTTGTAGGGTTTTTCTCCTCCAGCCC,"[[27091954, ""C"", [""T""]]]",yes,no,C->T,1
chr15,87054775,87055046,AAAACAAAAACCACATGATCGTCTCTATAGATAAAGAGAAGGCTTGTAATAAAATTCAACAACCTTCATGTTAAAAGCCCTCAACAAACTAGGCATTGAAGGAACATACATCAAAATAATAAGAGCTGTCTATGACAAGCCCACAGGCGACATCATACTGAACAGGCAAAAGCTGGAAGCATTTCCCTTGAGAATTGGAACAAGATAAGGATGCCCACTCTCACCACTCCTATTCAACATAGTACTGGAGGTCCTGGCCAGAGCAATCAGTC,N,no,no,N,0
chr3,32945075,32945547,GGAGAACCCCTTGAACCCGGGAGGCAGAGGTTTCACTGAGCCGAGATCGTGCCATTGCACTCCCGCCTGGGTAACAGAGCAAGACTCTGTCTCAAAAAAAAAGAAAAGAAAAGAAAATTCCAGAAATAAACAATTCTTTAAGTTTTAAGTAGCATGCCATTCTGAGTAGCATGTTGGAATCTTAGTCATCCCACAGGAGATGTGAATCATCCCTTTGTCCGGCATATCCATACTGCATATGTTACCTGCCCATTAATCATGGAGTAGTCATCTGAGTTACCTGATGAAAAAATATAGTACTATACATAGGGTTTGGCACTATCTGTGGTTTCAGGTGCCCACTAGGGGTCTTGGAACGTATCTCCCAAGGATAAGGGAGGATTACTATATGTACCTTGAATGTTTGATGGAATTTGCCTGTAAAATCATCTTCTGTTAGTTTGATTTTGTGCAATGCATTTAAACTACTGATA,"[[32945081, ""T"", [""C""]]]",yes,no,T->C,1
chr11,104852811,104853171,ATCTCTATATACCTTTTCATTAAGCATTGTTTTACACAAGCCACGGGTTCTCAATAAGTATTTTTTTAACAGAGTAAAACTTTGCTGTTGAACCTAAAAATATAATTCAGATGGCAGGCATTTTAGGCCAGTCCAGAAAAAGAGAATGTTAATAGATTCAAGATTAGAATATATAAAGCGGTGGCCAAGATGTGTATCTCAGTGTGAGTCATAAACTATTCAGCAGCTCTGGCAAGTTGATGGGCAAATCTGGAATCTGCAATTCTACCTGCTATTAAAACTTGATTTTTATGCCATGCTAGACTATGTAGTTCCCACTAAGGTGGAGGAAGTGGGGTTGAAAGGGTGATGACAATACTCA,"[[104852854, ""T"", [""C""]], [104853007, ""A"", [""T""]]]",yes,yes,A->T,2
chr10,18227956,18228433,ATGCTAGTGCTGTCTTCAGTGCATGCTCTGAAAGGAGGAAAAAAAAATTTGCAGTCAACATTTTTACATTCTTTCAGGGTAGGGGACAGCCTTTTCCACAGAGTGTCTTTTGGTGTACAAATGAAAACCTCACCCTCAAAAGGTTGGGTTAGTTGATGGTTCATTTGGGGGGAAAAAGAAAAATAGGCCGGACGCGGTGGCTCACGCCTTGTAATCCTAGCACTTAGGGAGGCCAAGGCGGGTGAATCACCTAAGGCCAGGAGTTCGAGACCAGCGTGGTCAACATGGTGAAACCTTGTCTCTACTAAAAAAAATAAATTCAAAGTTAGCCGGATGTGGTGGCACATGCCTGTAATCCCAGCTACTTGGGAGGCTGAGGCAGGAGAACAATCGCTTGAACTTGGAAGGCAGAGGTTGCGGTGAGCCGAGATGGCGACATTGCACTCCAGCCTGAGCAACAAGAGCAAAACTCTACCTC,"[[18228155, ""A"", [""G""]]]",yes,no,A->G,1
chr3,187705176,187705570,AAAAAAGATAGGGGTTGAGTTAGGAAGGAAGAATATAGAGGGTCTGGGGACACTTTCAGCAGGTACAGCCTATGCTGCTTCTGTCCAAGAGGCTGAGGGCCTTCATCAGAGTTCCTTAGCTATACTCAGAGAACCTGCTAGTTTCTGTTGAGCTGAGGCTCAACACACACAAAAATAGCCATGACTCATCTCTGGGACACTCCTAGCCATCAAGGCAGGGTGAAAAGGGAGCATGGGATAGATTGTGCTGGCTTTTAAAGCATCCATTCTAAAAATGACAAGGCTGGGGTCAATATCCTGGGCAGACTTTTAAAAATATATATCTTTCCTTTTAAACACACATTTACCCAGTAGAACATTTGTAGTTCCAGGGCTTTCCAGGAGACACCAATTCA,N,no,no,N,0
chr10,16974157,16974460,CTAGGTCCTCTTATTATCCCCATTTCCATTAAGGAAACTGAAGCTGAAAGGTTAACTTTCCTCCAAAGAACACAGCTAGAATATCACAAAGTCCAGGCTCAGCCCCAGAACCACCCTATATTAGAGCTAGATTTCTTAGCTGAAGCACTGTGCTGACTCACACTATCGGTGTGGCTCACTTCTTATTTTAATGTCTTGCCTGGGTTCTTAGAGGTATTTGCTTCTAATGTCTCTTCTGCCCACTGGCTGGGATTTTCCAACTACAATTAACTCTTTTTTTTTTTTGAGAGGGAGTCTCACTCTG,"[[16974217, ""T"", [""C""]]]",yes,no,T->C,1
chr12,13217720,13217940,TTCTCCTCAAAAGCCTGGATGGTGAATGGGGGTACATTAGTCAGAATTCTCCAGAGAAACAGAAAAAATAAGATTCGCGTGTGTGTGCAAACATATATATAAATAAATAAAAATATATTTATTTTAAGGAATTGACTCACATGATTTTGAAGGCAGGCAAGCCCAAAGTCTGCAAGGGGTGGGCCAGCAGAGAGCTGGTGCTACAGTGCAGGTCTGAAAGT,"[[13217753, ""G"", [""A""]], [13217929, ""G"", [""A""]]]",yes,yes,G->A,2
chr11,130763528,130763999,GGGACTTGGGAACATGCTTTTCTCTGTGCAAAATGGTCCTGCTAAGGGCTGAACCTACATCCCAAGCCCCATCACCTCCCTCAGAGGAAGAGGATGAAGTGTTCCCAGTGGGCTGGTCAGCTAAATGTGACACAGAGTAATGTGCCAACATAGAACTGGGGATGGGACCCAAGAGACCACGCTCTGCTCCCTCATCACATCCAAACAAGAGATCTGGGTAGAAAGTAAGTCTTGTGACCACAAGGAAAAATATTTGGAGAAAACATAATGAATATTAGTCATGGACATTTTCATCATAAGTAGAACTGCTCATAGTAGCACAGAGTTGCCAGGGGCCCAGCTCGTCTGGAATCACTTTGGGGAGCACTCTCCATGTGGGTGCATGAAGTCTGCAGGAAAGCACTCTCCATGTGGGTGCACGAAGTCTGCAGGAGAGCACTCTCCATGTGGGTGCATGAAAAGTCTGCAGGAG,"[[130763617, ""A"", [""G""]]]",yes,no,A->G,1
chr10,14433570,14433793,TGATGCTATTTGCTTCATCGTGAACAAGGATTGCAAATGCAGCATAAGATATTATCCTCCTAGTCTAACACAAAATCCTGAAACTGAAAGTGGGTAATGACAACTAACGTCAATGGGAAGATAGCAGAGTAGGCCTTTCACAAAAAAAACATGGCAGACAGCAAGAAGAAAATGGGCCTCAGTCTGGAGATGAGGTTAAGAAAGTTTGTGACCTCAGAAAGATA,"[[14433589, ""A"", [""G""]]]",yes,no,A->G,1
chr3,70712589,70712831,CCCATATTTCCCCTCTGCATTGCCCTAGTAGAGGTTCTCTGTGAGGGCTCTGCCCCTGCAGCAGACTTCTGCCTGGATATCCAGGCATTTCCACACATCCTCTGAAATTTAGGTGGAGGTTCCCAAACCTCAACTCTTGCCTTCTGCACACCCTTAGGACCATCACCATATGGAAGCTGCCAAGGCTTGGGGCTTGCCCCCTCTGAAACAAAGATGCAACCTGTACATTGGCCCCTTTTAGCC,"[[70712639, ""C"", [""T""]]]",yes,no,C->T,1
chr4,124183963,124184253,GATTTCATTCCTGCTTTTAGACTATATTTTCTTTGTACATATCCAATTTGTATTACACAACTTCATCCTTACTGATTTATTTTCTAACATACAAGTTATACTATTGCCTTTCAAGGGCTTTAAATGAGCCTCTGTCCTTCTCACCATGTATTTCACAACAGAAAATCCATCCACTGAATAGCTGTTAAATTACTAAAGTATGCTCTCTTCCTGCCTATATCATATTACTTAGGAGAGGAAAATTTTATAGCCCATGAAAATTTAGGTACTCACCTAACATAATTATAAAAT,"[[124183968, ""T"", [""C""]]]",yes,no,T->C,1
chr19,29290889,29291157,GGAGCAACGGAGCAGGAGGAAGCCAGTGACAGGGTGCAGCCCTGTGGGAAATGGGGGCCCAATCTGCAGGGCCAACGCAGTGTTGTGAAATTCTTCGAGCAGTCTCTGGAGAGCAGGGGAGCATGGAGCTCAGAACTGCCCCTCTGAAGGACTAGAGATTGGGCGTGGATCCCCACAGCATCCCCTGCTGGTAGAGGGTTCATCCTTGAGTGTGTTAACCCTTCTGCTCTTCCAGACTGTGCCTCTGCATGGCTGATTAGACTCCCACA,N,no,no,N,0
chr4,72090755,72090987,CGATCATATCATCAGTGAACAGCAGCAGTTTTACTTTCTCTTTACCAATTTGGATGCCTTTTATTTCTTTCTGATTGCTCTGGCTAGGACTTCCAGTACTATGTGAAATAGAAGTGGTGAAAGTGGGCATCCTTGTCTTGTTTCAGTTCTCAGAGGAAATGCTTTCAACTTTTCCCCATTCAGCATAATGTTGGCTGTGGGTTTGTCATAGATAGCTTTTATTACCTTAATTA,N,no,no,N,0
chr1,58043477,58043900,TCCACTGCTTGTAGTGCTTTTTCAATCTGATCCATCTGACAAAACTTTCTTCACCCATGACCCATGATGTCCTCACAGTCACTCCTACTCTAAAGCCTTCCGTGAATCTCACAAAATTAATACTCACTTCCTCTTTGGAGCTCTGGGAGTAGTAGTTAATGTCTGGATTTTCTTTTCTCATCTATAAAATGAGATCACTATTGTGCCATGAAATGAATACTTGACAGAGTCAAACAGAGAGGATAATCACAACCCACATTTTTTTTTTTAAGACGGAGTCTTGCTCTGTCACCCAGGCTCAAGTGCAGTGGCACGATCTCGGCTTACTGCAACCTCCACCTCCCAGGTTCAAGCGATTCTTCTGCCTCAGCCTCCCGAGTAGCTGGGATTATAGGCACACACCACTACGTTTGGCCAATTTTTG,"[[58043523, ""C"", [""T""]]]",yes,no,C->T,1
chr7,44993340,44993752,CGGGAGGCTGAGGCAGAAGAATCGCTTGAACCCAGGAGGCAGAGGTTGCAGTGAGCCAAGATCATGCCACTGCACTCCAGCCTGGGCCACAGAGTAAGACTCTGTCTCAAAACAAACAAACAGAAATCAGAGACATCTAGTTAGTTATTTGCAAGCCAGTTCTCATATGAGGGAGACAACTGATAGACTCAAGGACAGATGGCTGAGAGGCACAATAAGAAAACAACTGCAGTCAGTTTCGAGACCAGTGAAAAGATTCACTTAAAAAAATTGGCTGGTTGGCTGGCTGCAGTGGCTCACACCTGTGATCCCGACACTCTGGGAGGCCGAGGCTGCTGGATCACCTGAGGTCAGGAGTTTGAGACCAACCTGGCCAACATGGTGATGGTGAAACCCTGTCTCTACTAAAAATA,"[[44993402, ""T"", [""C""]], [44993403, ""G"", [""A""]], [44993407, ""T"", [""C""]], [44993434, ""C"", [""T""]], [44993435, ""G"", [""A""]]]",yes,yes,T->C,5
chr7,93324118,93324322,TGTATAAGAATGCTTGTAATTTTTGTACATTGATTTTGTATCCTGAGACTTTGCTTAAGGATATTTTGGGCTGAGACAATGGGGTTTTCTAGATATACAATCATGTCATCTGCAAACAGGGACAATTTGACTTGCTCTTTTCCTAATTGAATACCCTTTATTTCCTTCTCCTGCCTAATTGCCCTGGCCAGAACTTCCAACACTA,"[[93324135, ""G"", [""A""]]]",yes,no,G->A,1
chr5,135545221,135545456,AGTGCTGCACCACAAGGAGAGACTGTGTTTTCTTCCCCTGCTCTTAAAGAAACATCCGCGAGGTCCGCACCGGCCCATTTCCAGATCAGGACGAATTCCTTCCCTGGAGTGCGCTCCCAGGGCTGGCGGCCTCAGGGCTACCGGGGGTCAGGGCGTGCTCTGGATAGGTTTCTCTCCCAGGGAAACCAGGCCCCTGTGGCTGCCTGGGGATGGCGGTGGCCTCCGGGTTAATTCCA,"[[135545243, ""T"", [""C""]], [135545302, ""T"", [""C""]]]",yes,yes,T->C,2
chr3,169832459,169832863,CTCTGTCTCAAAAAAAAAAAAAAAATAGCCAAGTGTGGTGGCGTGCACCTGAAATCCCAGCTACTTGGGAGGCTGAGGCACTTGAATCGCTTCAACCTGGGAGGCAGAGGTTGTAGTGAGCTCAGATCATGCCACTGTACTCCAGCCTGGGCAACAAAGTGAGACTCTGTCTCAAAAAAAAAAAAAAAAAAAAAAATCAATAGTCTGCTGACCTTAGGAACAGCAGGGTCTGAGAGTGATTTTTCCCAGTGGGCTGTCAGTTTCAGCTAAAAACTGTTGCTCTAAACAAACAAAACATTTGGAATATCTGGAGACTGAATTCTGTTCTCTTCATTTTGAGAAGGAGCAAACATAGAGCTAGAACTTTTATTAGATGGTAGAAAAAGTTTTGTCGGGTCTTGTGCA,N,no,no,N,0
chr9,71866724,71867076,TTATTTACCAAAGAGTACAGTTCAGCAAGAAAGGAAAACCCAGTAGCAAATTTACAGAATATTTTACAAATTTACCAGTTCCTGTGACACAAACTGTTTCAACCTTTCAAGATACTGTCCATAAAGTTCCACATCATTGTGACCTGCTCCTTCAACCCAGAGAGGCTCCACAGGTCTTTGGCAACGTTCAAACAATGCGAGGCCATGTGAAAAGTCAATGACTTCATCTTCAGTCCCATGAATTATTAATACTGGAGAGGTTATCTTAGAGATTTTGTCAATGCTGCAGGGAAAAAGGAAGGGGGAAAAATGCAATAAATTAACTATGTAAAGGAACATATTCTTGTGCTATA,"[[71866740, ""G"", [""A""]]]",yes,no,G->A,1
chr20,63926924,63927405,TTCAATTCAAAACATTTTCTAAGTTCCCCTGGGATTTCTTCTTTGAGCTACATGTTAGCCGGAGGTGTGTTGTTGAATATCAAGAGTATCTTCCTCCTGGGTTTCCAGTTTGTAGCTAAGTCAGGGATAGTGCTGTGTGTGACCTCATTCCATTACGTTTATTGAAACCAGCTTGAAGCCCTAACATGTGGCTTGTCTTAGTGTACAGCATTCAGTTAAAAACAATGTGTGTTCTCTAGATGTTGGGTGTTCTGTGACTGTCACGTCATGGTGGTTGATTAGTTAGAAACAATGTAGAAACAATGTGTATTTGCCAGGCGCTGTGGCTCACACCTATAACCCCAGCACTGTGGGAGGCTGAGGCAGGCGGATCACCTGAGGTCGGGAGTTCAGCCTGAGGTCGGGAATTCAAGACCAGCCTGGCCAACATGGAGAAACCCCATCTCTACTAAAAATACCAAAATTAGCTGGGTGTGGTGGCA,N,no,no,N,0
chr14,81447383,81447761,CAGGTACTCAACAAATATTAACTGCTATTATTATTTTATTACACAGATATTTGTAGGACAGCCACAGGTCTCCTGGGCCACAGCCCTGCTGTGCACTAGAAATAAGTTATGAAAAAGTACTTCCAAAATGAGATTGCCAGAGGCTGCAGCGGTATGTTAGATTGCTTGGCATTGGAGAGGCAATACAGCAGATGGGAAACATTACAGACTCAGGAGCCAGGAGGCCTGGATTTGGATCCTGACTCATTCACTTAATCATTAAATCATTTAACAGGTCTTTGGCAAGTTACTTAGCCTCTCTGTGCCTCGGTTTCTTCATTTCTGAAATGGGGATATTAGCACCCACCTTATAGGTTCTTATGAGGATTGAATGAGTTAA,"[[81447486, ""G"", [""A""]]]",yes,no,G->A,1
chr13,37652665,37652945,TGCTGCATTGGTGAAGAGAATTGTACATATTGTTTCCTGCAGGCATGGAGAATGGGACTCAGCAGATTTGGCTCAAGGAAATAAAAAGGCAATCACTTAGATAAAGCATTGGCCTGTGGATAGCTCCTTCTGATTCTCTGACTCTCGGTGAGTCAGAAATTATGTTATCTTATTGCAATCACTAAGCAAGTGGTTTCTTTGTTCATGATTTAGGATTTTAAGAGGGTCTATAACATAGTCTATGGTGCTTAGAAAATCTGGAGATAAAAAGCTCTAAGCTG,N,no,no,N,0
chr12,116968968,116969354,CGGAGAGCCCATTTCTACCTAACTGGTTTGAGGTGCTGCCTTTATAAGCTTTTAGCTATGAAATTCACTTTGTATCTGGGTCTGTTTCTGAACTTTGTGCTCTGTTTCAGTTGGTCTGTCTGGCAGCTTAAATTTACATCAAGCTTGTCAGTCTTGTCCTTTGGGGTTTCACGTCATGGTTGGGAAGATGATTACTCAATGCCTGGGTAAAATCTATAAGTGCTTCCAAGGCTGCAGTGTTTCCATTGAAATATTTGATTCGTTTCAAGTTCATTTTGGTATTAAGGGCTCTTCCTTTTTTAGAGCCCTTGTGTTTCCCTGCTCCCCTCTCATGCTGAGCTTGTTTCATTGGTCTGATTCGGGTTGTTACTGTTTCTGTGATAAACA,"[[116969167, ""C"", [""T""]], [116969220, ""C"", [""A""]]]",yes,yes,C->A,2
chr3,117579175,117579499,TAAGTTCAATAGAAAGGACAAGGAGTAAACATCAAAATTATATCTGGCTAAACAGTGGGATCAATTAAGAACCGTGATAAAAATTAGAGTAACTTACAGAAAACTTCTGAAAGAGAAACTTACTCTGACAGGTGTTGATTTAGAAAATCACTTTTTCTCATCTATGCTCAGAGATAGCTTGAATTTTTACCCCAAAAGGAAAGACCGAGCTTTCATAATATGAAAATTATGTTTCTCAGCATTGCTGAAGATAGATTATGTGAGGGGAAATTCCATTATCTCAGCCAACACAAATGTTCAAGAATTCTAGCTATAAAAAAACGCT,"[[117579356, ""G"", [""A""]]]",yes,no,G->A,1
chr4,156145006,156145273,ATGTATAGTGATCAGAAATTTATTTGGCTCACAGTTCTAGAGGCTGGGAAGTTTCAGAGCTTGGCTCTGGCATCCTGTAAGGGTCTTTGTACAGTGTAATCCCATGGGGGAAGGAGGAAGAACAAGGGAGGGCAAGAGTGCTCAAAAGCAAACCCGCTCCTGAAAGCTCTTTCCTAAAGGCATAGAGCCCTCTTTAAAGGCCTCACTTCTTAATCCTGTTATGTTGGCAATTAAATATGAACACGAAGTTTGCAGGGGACATTCAAAC,"[[156145013, ""A"", [""G""]]]",yes,no,A->G,1
chr9,25090578,25090964,TGTTGTACTAACTTAATTCAAGGAAATTACTTTCTTTGGTTAAATACATTATTTCAGTGGAAGTAAGTATTCAAATGAGCAAGAAAAGTTTCAGAGTTAAATATATTCACTCCCAAACCTGAATTCAGCACTGCATGCCTGGGTAATTGTTGGCACTTTATAGCAAAACACTTAGCTGAGATCAATTGTAGCTTTCTCAGTAAAATCCCAGAGCTCATCTCTAGGAAGAACATGTGGTTAAAGCAAAGGGGGAGGGGATGAGGAATGTTTAAAATTGCTTAGCTGAGTCTGACATTTTACCTTTTAAATATTAATTATATGGTGGGCTTCTTCTTATTTACATACCTAAGTGTTTGCTTGGGACATAAATGCTACTAAATTGTCTTG,"[[25090589, ""G"", [""C""]], [25090603, ""T"", [""A""]]]",yes,yes,T->A,2
chr4,181835484,181835746,CATGAATAATGAGGCTTGAGTGATCACACAAAGACAACTTACCGCAAGTGATGAGCAAAGTCAACCACTCTTGGCGACCAATGTAATCATTTCCAGGTTGCTTGGTATGAGTCAAAGACGTTTTCCTGTGATTCAGGAGAATCTATTGCATATTCAGCTAAAATCTGACAGGTCTAATGATCTAATACTCCAGTTATTTAATGAAGAACGTGATGAGGCTTGCATGTTTACCAAACCTTGGTGTTTTTTAGTTATCGGCAGTA,"[[181835512, ""A"", [""C""]]]",yes,no,A->C,1
chr13,86737323,86737575,GTAAATTAGTACAACCACTATGGAAACAGCATGGAGACTTCTCAAAAAATGAAAAATGGAACTATTACATGATCCTGCAATCTATTTGGTATCTATTAAAAAAAATCATGATATGCCCAGTCTGTCCTGCAGACCCTGGTCAACAGATGAAATGAGCACTCAGACACAGGTATGCAGTGTAAGAGCAGCTAGGTGACTGCCTGGCTGTAGTGGCCAGAGAGCAGCTCCAAGAAGGTGGAGCTGCTTGCTTTTA,N,no,no,N,0
chrX,115216568,115216907,CCCTACACCAGTCAGAATGGCTATTACTAAAAAGTCAAAAAATAACAGTTGGTGAGGATATGGAGAAAGGAGAACGCTTATATATTGTTAGTGAGAATGTAAATTAGTACAACCCCTGGGGAAAACAGTATGACGATTTGTCAAAGAACTAAAAATAGAACTACCATTCCATCTGGCAATCCCACTATTAGGTATCTACCCAAAAGAAAAGAAATCATCCTCTTTTTCCAGCTGGAACCATGGAGGGTGTAGAAGAGAAGATGAAGAAGGTTCCTGCTGTGCCAGAAACCCTTAAGAAAAAGTAAAGGAATTTTACAGAACTGAAGATCAAGTGCCTGAG,N,no,no,N,0
chr16,46680009,46680242,ATAAATGAATAAACTTTTTAAAAAAGGAATGAAGTTCTTTAATCTGGGGACCTGTCATGTGAACAGCTCACCCCACTGAAGACCACAGTTGGCTGACCATCTGCCCCTGCTGTGGGATAAAAGTACAGTAGACTTTGATGCTAGAATACTGATAACACAAGAGACAGGAGTGTCTCTGAATGGCTTTTATTTTTCCTTCTCTGGAGTTAATAGCTAACTCGTAACAGATAATTC,N,no,no,N,0
chr2,239016128,239016587,CCAGTGTCTGCTGGACTTAACAGCCTGCAAAGGAGGACCCTGGCCACGGATGTGTGGCTTGACCCAGAGCTTTGGCCACAGGAGGCATCCCTGCTCCCAGCACCCACCTCCTCCCATCTATCCACAGCCTTGCAAGATTCCTATCTAATCAGATACTGCCCTTTATCCCTCCAGAGCAATTGCATAGGACAGGACGCTGGAATCTGTTCATGTGTGATGTCATTGCTTGGTCAGCAGCCTCAGAGCCTGATAATTGCCAGTATTGATCCTGTAAACACTTCAGGACATCACAAAGGATCGAGGGAAGACCTTTTTAAATAGGTCAAGCAGTCCCTCTGCAGGAGGACCACCTCTGCAGGGCGGCTCCCGGAGGCCAGGGAACAGCAGTGAGGGCCCTGCCACAGGACCCAAAGGGGGCTGAGCCTGCTCGGGTGCCCGCCACCCTCCAGGCAGGCCCCCA,"[[239016252, ""T"", [""C""]]]",yes,no,T->C,1
chr16,6330153,6330467,CAAATATTCTAATAAGAAAGTCATAAGGATAGGGAAGTAAAGGAAGGAGAACTATTCTAAAGTTCAAAAATACCTTATTATTCAAAGCACATGGTCTTACTCCTGCGTAGTGGTGGCTGAAACAGATTGCAAGCTCCTTTCCTAAGGCTGACTCTGCAAACATGAGGTTTTGAAGAACTTGAAGGTTTCACACCTGCACAAAGGCTCCCAAGAAGCCTTGCACAGCAGCTCTCGTAGTACTGAGCTCAAAGTCACTGATGATTCTGTTCAAACCCTCTAGTCCCCACTATGAAGGCTTTGAAAAGGGATATGGTG,"[[6330168, ""A"", [""G""]]]",yes,no,A->G,1
chr1,102172061,102172379,TAAAGCTCATTGTTTAACATTAATTGAATTTGGAAAAATGTCCATGGTACTAATGTAGGATTCTTTAAAAAACAAGAAACGTGAACTTAAGATGAAGCTAGTTTTAAATATATGTCAGAAATATGATTATTCATTTATTCAGAAGTATTTATGGAGTGCTTAAGTTAAGCTGGTCTCTGTTCTTCTAAGTGCTGTCGTAGAGAACAAAACTGGTCTCTTGTTCCCATAGAGAGTGCTTTCTAGTGGAAGAGACAGACAACACCATATTAAATAAATATATGTATTTATTTAAAATTATATTAAATAATGTATTTATTTA,"[[102172140, ""T"", [""C""]]]",yes,no,T->C,1
chr10,87911688,87912076,CAACTACAAATTTCCCTCTTAGGACTGCTTTTGCTGTTCTGTAATTTTTGGCATGTTGTGTTTTTTTGTTTTAATTTATTTCTAAGTATTTTCTAAGTTCCCTTGTGATTTCTTCTGCGTTTAACCGTGTATTTTTTAATTTCCACAGTTGGTGAATTTTCTACTTTTTCTTCAGTTATTGATTTTATTGATTTTCAGTGACATCCTGTTGTGATAGAAGATACTTTATTTGGTTCCCTGTTTTTTTTTTAAGACAGAGTGTTGCTCTGTTACCCAGGCTGGAGTGCAGTGGTGCGATCTTGGCTCACTGCAACATCCACCTCCTGGGTTCGAGCAATTCTCCTGGTCTCAGCCTCCCCAGTAGGTAGGATTACAGGCACATGCCACCA,"[[87911888, ""G"", [""A""]], [87911940, ""A"", [""G""]], [87911958, ""C"", [""T""]]]",yes,yes,G->A,3
chr11,30369148,30369605,AGCATTTTATATGGTTTAACTGTGTCCCCACCCAAATCTCATATTGAATTGTAGTTCCCATAATCCACACATGCTGTGGGAGGGAGCCAGTGGGAAGTGATTGGATTATGGAGGCAGTTTCCCCCATGCTGTTCTCATGGTAGTGAGTGAGTTCTCATTAAATCTGATGGTTTTATAAGTGTCTGGCATTTCCCTTGCTTGTACTTCTGCTTCCTGCTGCCTTGTGAAGAAGATCCCTTTCTTCCCCTTTGCCTTCCACCATGATTGTAAGTTTCCTGAGGTCTCCCCAGCCATGCTGAACTGTGAGTTAATTAAACCTCTTTCCTTTATAAATTGCCCAGCCTCAGGTATTTCCTTATAGCAATGTGAGAATGGACTAATACAGCATTGATGGGATATTCATTTGAATTTCACCAATTCTCCCACTAATGTCTTTTTTTCTGGTTCAGGATCCAGTC,"[[30369165, ""G"", [""A""]]]",yes,no,G->A,1
chr3,42225006,42225278,TGAAAAGAATCATGAATGCAACAAGGGAGGCTGGTCCTGTTGCTGTTGCCGATTAAGTTTTAAACTTTTATTTATTATTTATGTCTGCCGTATTTTAAATAAACATTCTCGTTCCTTCCAGTTCCAGTCATAGTGTGTCTGTGGCATTCCAGTCCAACCATGTGACTTATTTATTCTAATTTGAGGGCTGCACTGTACACCATGGTGTCCTGTGACACCGTGTTCCAGACATTTATGGAAGGAAAACATCCCATATAAATGAAACTGTCATGC,"[[42225052, ""C"", [""T""]], [42225129, ""T"", [""C""]]]",yes,yes,C->T,2
chr3,8856004,8856473,TCTAAAAACAAATCTTTAAAGACTCAGAAGCTGGGAGCACCATGCACCAGGAACTAGCTGTGCTGTTGCATCTAGTGGGAACAGGGAGGTGTCCGGGAAAGCTGAGAATAACTGTCCTGGGACTGAGCATGAGAGATGGCAGCAGCTGGTGCGGGTCTGGGTGGGGGCTCCAACCTGCACCTGCAGTAATGTGGACACATGCAGTAACGTGGACGTCTGCAGTAACGCAGATGCACGCCTTGGCCCCTCCCTCCCCAGCCCCATGCCCACTGCTCACCTCAGACTGGCAGAAACAGCTGAGGGAGATGTTCCTTCAGAATTAAAAATTCCTGGCCTGGTGCCGGGGATGTGTGTGTGCGTGTGTGTGGGGGGGTGCACGCGCATGTATATGGTGTTGGCTAGCTGACCATGGTGTTCCTAGAAGTGAAATAGATAGGAAGCCAACCAAATTCTTACTTGATGTGTACAAG,"[[8856050, ""G"", [""C""]]]",yes,no,G->C,1
chr2,156908808,156909191,TGTGTATTTGTTTTTTATCCCATAATTCATACACAACAGTCTGAAAATAACAATATCCATTAACTAAAGACTTTGTTTTTTTTTCTCCCCTAGGTTATATTCCACTAGATATAAACAAGTACTACAAGTTTTAGAATTATTTGGAATACTATTCTGTGTTTTGCCACAAACTCGACCACAGAGTTGAGTTTCATATGTTGAGTCATGCTTTACTCTCTTCTCTAACCACAGATTTTACAATAACTCTGGCCAGTCATCTCAGAATTTTTATTTTTCATCTCAATTGTACCAGGATAGAGAGTGTTTATGGGCTTTTGACTCTCCTTTCCCCTTTCAAAAAATATCTTCTTTCATTGGCATTAGCAATTCAGCACTGAGTATACA,"[[156908863, ""C"", [""T""]]]",yes,no,C->T,1
chr5,120306301,120306654,CAGCATAACAGCTCCCCTTTTTAAAAACACATCTGCTCTCTTTCAAGTAATTTTTGTGTGCCTCTCAGATCTGTAATGGTGGTACCTTCAAATTAGTGTCAGAGAAGTTAATTGAAATGAGCTAGCAGTTACTGATGAAAGTAAGTGCTGGGTTCAGCATGACAGTACTAACCTGTTTCCACATGGCTAACCAGTATTGCACAAAAGTAAATCATTGAAATGTAGTCATTCTCTTAATCATCTAATGGTTTTATTACTTACGTATAGACAAATGCACACAGGGCACCCTGTTGTCTTCAGTAAGGTCACTGAGTAATCATTAGGGTCGAGTAAACAAGGGTTATACTGCCCTTC,"[[120306483, ""G"", [""A""]], [120306609, ""T"", [""C""]]]",yes,yes,T->C,2
chr10,63382061,63382429,ATTAGCTGGCTGTGGTGGCGGGTGCCTGTAGTCCCAGCTACTCAGGAAGCTGAGGCAGGAGAATGGCTTGAATCCAGGAGGCGGAGGTTGCAGTGAGCCAAGATCAGGCCACTGCACACCAGCCTGGGTGATAAGAGCAAAACTCCGTCACACACACACAGAAGAGAGTAAATAGTAAATACTTCATATTTTGCAAACCAGATGGTTTCTGTCATAATTGTTTCCTTCTGTCTCTGTCACAGACAGAGACAACCACAGACAATATGTAAACAATTGAGCTTGACTTTATGCTAATAAAACATTACTTACAAAGGTAGTCAATGGTACAAAGATGGCTCAACATATGACGTTCAATTAATGTAATATACA,"[[63382070, ""G"", [""C""]]]",yes,no,G->C,1
chr9,72185604,72185957,TTTATCTCCCCTCACAGTGACGTAAGAGTGGATTTTGTATAATAGATTGAAATATGTTCTTTTATTTTGTTGGATGGCTGAGCTATTTCACAGTGGCTCAAAGAGCAGTTTACTTTGTTCCATAGCAACAAGCCTCTTGCCCAAATTTGCCATCTGGTGTTTGAAGCCTGTATCTTGCAGCAGTTTTTTTCATTAGCTGACAGCCATTACTCATCTGCTTTTGGCTTTAGTATTCCCGACATTCTCATTATTGCTCATCCTAAATAGTCCCAGTTTCAAGTAAGAAAGCACTTGGAGTTGTTTGCTTAGCAGAAGGGAATCAATTTCATCTGGAAAACAAGGGGCCAGTTGAGA,"[[72185609, ""T"", [""C""]]]",yes,no,T->C,1
chr18,4286963,4287383,GTACAAATTTGAGGCCATGAAGAGGTGCCTGTTAAAAGAGCGGGTACCTCTGCACCTCTGCTATTGCTTTAAGAAAAGCATGTCATGGGTGGCTCATTAGTCCATGGAGAATGAAAAGCATATATAGTAGATCTGATCACAGCTGGTAGTTTGGAACCAAGCCAAGCCGAGACCAGTCTGGTATAGCCAGAGCTTAGTCAACATATAAACGTAAGTCTGAGAATAAATGATTTGTTATCAAAAGCACAATGAGATACCATCTCACATCAGTTAAAAAGTCAGGAAACAACAGATGCTGGAGAGGATGTGGAGAAATAGGAACGCTTTTGTGTGGTGATTCCTCAAGGATCTAGAACCAGAAATACCATTTGACCCAGCAATCCCATTACTGAGTATATACCCAAAAGATTATAAATCATTC,"[[4286964, ""G"", [""T""]]]",yes,no,G->T,1
chr8,95189473,95189931,GAGTTACATGCCTGAAACATATGACCTATTGTTATTGTTGTCACTATATTATTATTATTACTATTATTGAGGTTGTTATTATTGGTGTAGCATCCAGGCATTCCACACAGGACCCTAAACCACTTGGGTACAAAGGCACTCATTGTGAACTGTGGTGGCAGGGGCCTCAGGCCTGTGCCCCACCTGCCTGTGTGGTGTTGCCCACAGGAATGCTGGTGGACTTGGCTCATGTGCCTGCGCTCCTGGCCATAATGATGTGGGATCCCCCACAGCTCAGCGCCAACCACAGCCTCTTCTCGGTTTACAAATCCCCTTCCCACCAAAAAAGAAGGGCTGGGGAAGCAGCCCTTGACAGGGAGATCACAGGCTCAAGTTTCCAGTGCCCACCCAGCCTTTCTGAACTGTGGTGCCTTAAGCAAATCAGGTTACCTCTCAATGTATCCTTTTGCTCATCCATAC,"[[95189479, ""T"", [""C""]]]",yes,no,T->C,1
chr12,51645504,51645735,AGAATAGAAAGGGGGGAAAGGTGGGGAAAAGATTGAGAAATCGGATGGTTGCCGTGTCTGTGTAGAAAGAGGTAGACATGGGAGACTTTTCATTTTGTTCTGTACTAAGAAAAATTCTGCCTTGGGATCCTGTTGATCGGTGACCTTACCCCCAACCCTGTGCTCTCTGAAACATGTGCTGTATCCACTCAGGGTTGAATGGATTAAGGGCGGTGCAAGATGTGCTTTGTTA,N,no,no,N,0
chr7,61022457,61022731,CCATTCAATTCCTTTGATTGATTCCATTCGATTCCATTTGATGATGATACCATTTGTGTTGATTCTATTATTTCGTTTGATTCCATTCGATGATGATTCCATTCGAATCCGTTCAATGATTTCATTCAAGTCCATTTGATGATTCCTTTCAATTCCATTTGATGATGATTCCTTTCAATTCCATTTGATGATGATTCCATTCGATGCTATTCGATGATTCCATTTGATTTCATTCGATGATGATTCCATTTGACTCCATTCAATGATTCCATTCG,"[[61022463, ""G"", [""A""]]]",yes,no,G->A,1
chr5,44843426,44843785,ACTTTTAACAGTTAAAAGCATAGCAAAAATTACTCCTAATACCACTCCTCAAAGCTAACTACTCAATAGTTGGAAAGTTTTCTTCTCGTTCTCTCTCTCTCTCTCTCTTACATCGTATCCTTACATACTGCTTTTAATTTGCTTCCTTTCACTCAAAATCTGTTTCAGTATTTATAAGTCATTATAGACATCGTTATCGTCATGGCAACAAAGTATTCCACTGGGTATATGTAAGATAATTTACAGGACAAGTGGCCCATTTCTAAATTGGAAGGTTGCTTCCAATTTTTCTTCAGTATACATTTATTATTCTTTTAAAAACAAGTGCTTTACTTATGCCAGAGATAAGCCCAGCTTAAC,"[[44843488, ""C"", [""T""]], [44843513, ""A"", [""G""]]]",yes,yes,C->T,2
chr3,77939707,77940161,CAGGGAGCAACAGCTGGTTTATTTTTCTTTACCACACAGTTTCGTGTTGCCATATGACTCTATAAGACACTATTCTTCATATAACAACCTTTCTCCCCTATTCAGATACACACACACACACACACACACACACACACAATCAACAACTGCTATTCAGAACACAGGAAGTGGCTAGAGTTTTATGTACTAGTGGGAAACTTTTATCAGAATGATGAGTTGGAGGAAGGTCATCAAATTTCATGACAAATTGCAAGCCAAGGACAAAGGAAAAAGAATGTGCTTTATACTAAATTTTATCTTATTCAAGTAATCTGGCAGAAAAAGCCACAGTAGACAGAGCCATTAATTTCTTGGTTTAATACTTTGAGGTGAATTGCTTCAAGGAATGTTCTGCTTAGAATCAAAGCTATTGTAGACCTTTTTAGGCAGCATAATTAAAGGCAGAGTGATTACCT,"[[77939739, ""T"", [""C""]], [77939768, ""G"", [""A""]]]",yes,yes,G->A,2
chr10,71150748,71151238,AGCACCAGCCTGATGTGAGCCGCAGCAGATCTGAGTGAAATTCTGTGAAACTCTCAAAAGTTGGCTTGACCCAAGTCAGTGGCATGATCATAAGTCTGCAATTCCCATACAGTCATTCACCTGAGGCAAAGGCCTACCATTCCCTGCCACATACGAAGTAGTACTCCAGCATGGAGACTCCATGTTTAGAGGATGTTGAGTAGCACAGTCAGCTGTAAGCAACCATCTGTTCCAAAGCAGCTGTCTTCCCTAGGAGAGCACCCTTGGGAATCTCAGTGATAATTTAAGCATAAAAACCACTGAGAAGCTCTATTAAGAGAGGCTACTGGGAGTCAACTAGGTCCTTATCAGGCCTCTGCTCACACGTAGTCTGAGCAGATTCACTTACTATTGGATCACTTTGTGAAGTAGCTACTGTTCATTCAGGAGAAGCAGGAAATATGGTAAATTGCCCAGGAGAACCAGGACGTACCTCTTTCTGCAAGTATCTC,"[[71150876, ""C"", [""A""]], [71150995, ""T"", [""C""]]]",yes,yes,T->C,2
chr18,68604319,68604603,TGTTGTAATGAGGGGGAGAGAGAGGGAGGGAGGGAAGGAGGGAGGGAGGGACGGAGGGAGGGAGAGAGAGAGAGAGAAAGAGAGAGCATGCAAGTGCTAACCATCTTGGGAGCACATTTCTGCTGAAGCACCACATGACTGGCAATCTGCCCTGTGTTGAAAGAGTGCATTAGTGAGTGAATAAATTTTCTATTTCCATCCACCAACTTGAGCTGTGAAAGGAAGAAATGAGAGAAACCTAGCTGGACAAAGCCATAGAGTTGAGGGAACACTTTCTTTTTATTA,"[[68604529, ""G"", [""A""]]]",yes,no,G->A,1
chr3,48687993,48688363,GAGCACTATATACAATAAACAAAAAGATTTGTATTAGAACATATACACTCAGGGAAGAAAGAGGTACCATCATCAAATGTGGAATGTTGAAGAAATAGTTAAAATAAATAAAGACTCCAAGCACAGCTGGGACTGGCTCAGGCTGGGGCTCACAGAGGCCACTGCACATCAGCTCCAGGCTGCAGGAGCCACCACCTGGCCATACTGGCTTCCTCCCTGACGCAGCACAGCTGTGCCTGGGACACAGAGTCGCTCTCAAGTACTGGAGCAGCTAGCAAGCTCACTCCCCACTCTCCTCACTTATCTCTGTGACAATGTCTATCAGGCTCTGGAGCCCGAAGATATAGCCAGCATCCTGGCCCTCATGCACC,"[[48688059, ""T"", [""C""]]]",yes,no,T->C,1
chr5,143892206,143892685,ATTAAACTGCTCGCTTGCTATAGCCATCCTCCTGTGTGCATCAAAACTTCTCACTGTCACATTTTTGCCCAGATATTAATAAACATGAGTGGGAAGGGGAATAAATGCACGAAGTGCTGCTGCTTAGCCTTTCTCAGCCTGTGGATCTTCCCTCATCTGTTTTGAAGACAGGGTGAAGATTAGGCAGGCAGTGAGCCCAGCTGTCTTAGGGAGAATCCCTAAGGGGAGATGCCTGTCAATTGAAACAAACAAATTTTTGGATACCAATATGGAAACCTGGATGGAGCCAATTTCCATGCTACAACACTGCCATTATGACTGAGCACATCAGGATAACAGGAAGCAGATGGCTTTCAGAAAAAAATGAAAAATTCAAGGGCACCACACATATGGTCTTATTTCCCAAACTTTGAAGGAATTCTGCCTGTGAAAGTGTACCTGTTTAATCTCTCCCAAGTAAAAGGCAAGTAACCCCTAAAG,"[[143892270, ""C"", [""T""]]]",yes,no,C->T,1
chr21,45045437,45045904,AGATGCCTCATCAAAGAAGACACACAGATGGCAAATAAGCCATGAAGAGATGCTCACCATTATACATCATTAGGGAAATGCAAATTAAACAACAATATATACCACTACACACCTATTAGAATGGCCAAAACACGGCCACCAACACCACCAAATGCTGGCCAGGGTGTGGAGCAACAGGAACGCTCATCATTGCTGCTGGAAATGGTGCAGCCACTTTGCAAGACCGTTTGGCAGCTTCTTATGAAACTAAACACTCTCTTACCATAGGATCCAGCAATCACACTCCTTGGCATTTACCCAGATGAGCTGAACACGTATGTCGACACTAACATTTATAGCAGCTTTATTTATAGTTGCCAAAACTTGGAAGCAAGCAAGATATTCTTCAGTGGGTGACTGGGTAAACTGGGGCACATCCAGACTATGGAACATTATTCAGCACTAAAAAGAAATGAGCTCTCAAGCCAT,"[[45045534, ""G"", [""T""]]]",yes,no,G->T,1
chr17,77657297,77657656,GGCGAGCAAGATAACAGGATTCTGTTCCTCTGCACCCAGTGCCAAGAGACACCCAGAGTGGGAAAACAGTGAGCAGCTGGCTGAGAATCAGCTCCCCCCGCCCGCTCCACCCCGCCCAATCCTGCTCATTTATGCTCGTGTGTATTCTATTTGTCCGTGTGCATGTAGAACATATGTTACTCCAGGCAGGGGAGGGGAGGTTCAAGTGTGCAGAAGGGAGAACAATTAGAAAAATCATGAATCACGAATCTGTTTCTGCTTCTACTGTTAGGGCTAATTATTTCTTGGTTTTACGTAAGAGATGCTGTCTTAATTAAAGCTGGTAAGGTCCTGGGTAGATTATAGTTCTAGATTCTAGCA,"[[77657340, ""G"", [""A""]], [77657399, ""T"", [""C""]]]",yes,yes,T->C,2
chr11,104650780,104651113,CATGTGATTTTGGTGCAGATAATTCAAGGACCATGGTTTGAGAAATTTTATCCTGCATTTCAGTTTCCTGCAAACAATTTCTTTAAAAAGGATCCAAACTGCCATTATTCAAATAAAAATGTTAAAGTCTAAACCTTAAGGTTATAAAATTATGGGAGGAAACAGTGGCAGTCTTCTCATTATGTCTTTTGTGGAACTGATAGTTGACTCAACACCCTAGGGATTTGTACAGATCAGAGTCAATTATTTCATGAGCCTTTTGTCACAGTCTACCAATTTAGGGCAAGTGGAATAAATACTATGAAGGGTTCAATCATGCCGGAGGATGAGAATA,"[[104650830, ""G"", [""T""]]]",yes,no,G->T,1
chr4,20065973,20066279,AGCTCATTTTGCGACTAAAAAGCAGAAGTTTAGAGAAGCTGAGTGACCATCCAGAGCATCATCTTTGAAGTCAGACTGATGTGGATTCAAATGGCAGCTGGCTATTCACTTTGGGCAGGAAACTGAATTTCTCTGAATGTCAGCTCTCTCAATGAAAAACAGACAACTGTGCAAGGTTATTGTGATGACTGAGTACTTGAGAAATGATCCATACACAGAGGGTGCTGATTTAATCTTTCTCTCTCTCTCTCTCTCTCTTTCTGTAGGCCCATACTCAGGGCAAATCTGGGCTTCAAACACAAATCTT,"[[20066097, ""C"", [""G""]]]",yes,no,C->G,1
chr6,84516199,84516483,CCCCTTTTCACACTTTTCACTTTAAAAATAAAATCCTGACTCGATTCCTGTGAGCCATACAGATGAAGCTTATTATTATCTCTATATGAGTGAATAAACAAACTCTTACGACAAGTGAATAAACAAACCCAGAGAGATTGCCTTGGTATGTCATGCATTTCTACATCTTGTGCATTATTCATCACATAATACATCCAAGCTTTAGATGACCTGGAAGCTCAGATTCCAGCAATATCTCAGCTTATGAGATTTTTGCTAAATTTACTAATAATGTATTATCTCCTT,"[[84516203, ""C"", [""T""]]]",yes,no,C->T,1
chr5,154136190,154136454,TTGTGGCAAAGATTCTTTCTTGACCGAACTATACTTGGGTTCCTCTGGACTGTCTTCTCAACTAGGCCCTGACTTCTGGGCTTCCGTGTTTGCCTCTGCATTGTCCAATTTTAGCAAGAATCCTGCTAAACCAGTTTAATCAGAATCCACCACCCTCAATATTTGATTGATATCTGATCAGCTTCCTCACCCTCTACCATCCCCAGATGATGTCTGGTAACTCTGGCCTGCCTTCAGTAAGAATCCTGTTAGGTTGGTTTAGCCA,"[[154136207, ""C"", [""T""]]]",yes,no,C->T,1
chr11,130573751,130574119,ACTTCTTCAAGCACTATAGTACTAGCTGCTCTCTCTCCCCTGAACTGGGATCCCCAACTGGAATGTCCCCTCAGTTGTATTTTTGTGTAATGGCATTTATGAAGAACACAGCGGTGGCAGCCTGGGGTGCTCTGTGAGGCAGGATGCTGGAGCCATATCCTGGCCCAGGGCAGAGCACTAGCACTTATTCATGTACCTGTGGACAGGGAGGTGGTGGCATGCATAGCAGATATTCGCCATCCCTGACTCAGAGACTTCACATGCTCTACTGTATTTCCCATGTGCTGGGCTTGTCTTTCCAATAAAACTATACACTTCTTAATGACAAGGACAATGTCTTTTACTGCTGTATTTTCTAATAAAACTTGG,"[[130573771, ""T"", [""A""]]]",yes,no,T->A,1
chr3,159159585,159159871,TCCTTTGTAAACCCATGTAATTTATTTTCTGTCTTCAAAAACATTATCCTGAAAAGGATACTGCTATGGTTTGTATGTTTTGTTCCCTCCAAATTTCATGTTGAAATGTGACCTCTAATGTTGGCCATGAGCCTAGAGGAGATGTTTGGGCCATGAGGGTGGATCCCTCGTAAATGGTTTGGTGCCATCCCCTTGGTTATGAGTGAGTGAGCCCACAACTTTCCCTCTCTCTATATTACTCTCTCTCTCTCTTTCTGTCTCTCTCTCATTATGTGACACACTGCTCC,N,no,no,N,0
chr2,95136257,95136496,TACAATGCTTTTTTTTTTGAGATGGAGTCTCATTCTGTTGCCCAAGCTAAAGTGCAGTGGTGTGATCTTGGCTCACTGCCTCCCAGGTTCATGTGATTCTCCGGCCTCAGGCTCCTGAGCAGCTGAGATTACAGGCACACACCACCCCACCTGGCTATTTTTTTATTTTTAGTAGAGATGGGGTTTCACCATGTTGGCCAGGCTGGTCTTGAACTCCTGACCTTAGGTGATCCACCCGCC,"[[95136289, ""C"", [""T""]]]",yes,no,C->T,1
chr6,131640178,131640424,GGTGTAAACCAAAATATGTTAATTTGTAAGTCTATGATGTGTGAGGTTTACCAGAAGGAGTTCCCCAACGTTGTTTTTCTGCTTTGTAGTCACTCTAGTTTCAGTCGACTGTGTCTTCTAAGCACCATGACAAGGGAGGAACTGCTAATGGTGTTATTTAGTAAATGCTTATGTTCATTTTTTCCTCTCCATCCTCTCCACTGAATGAACATGTACTGAAAGGTCACTGACCCTTGAGCTAACTTTG,N,no,no,N,0
chr18,8350586,8351080,TATCCATTCCATGTGTCAGTGCTGCATTAATTTTTATAAACATTGGCTCCTGACACACCACTCATCTGTTCAGAATCCTTCAGTGATTCCTGTCGAATCCAGAACAAAGCCCAAACCTCAAGATCCCTCTATTCTGTGCCTTCACAGTGTGGCTCTAGTCTACGGCAAGCTTATTTCCCAGCATTCTCTTACAAGTGTTTGAAGTGCCAGGTAGACAAAGTATTTGCCATTTGCCACACACGCCCAGCACTGCATTCCTTGTGCTTTTGGTGCTGTCTGGCCCATGCACAGTGGAGCTCTCCAGGAAAACCCCTGCCAGTTTGGAATGCTCTAGGTCTACACAGTCGCCTGCAGAGCCTCTAGTCGCAGGGGTCTACTGAGTATTTTCAGTGTGGTTATTGTGACTGAGAGATTGACTTCTGAGGTTTATTTCATTTGTATTAATTTAAATTGAAATGGCCACATGTGACTAATGGCTTTTGTCTGGGACATTGC,"[[8350797, ""C"", [""T""]], [8351044, ""T"", [""G""]]]",yes,yes,C->T,2
chr12,115550205,115550515,AGGAACCACGGCTGTCATGATTCACCTTGGATCCCCCGTATTCACAAAAACACATAGATGTGTGATGAATACTTCCCAAATGAATGAAGGCCATAGAAAGGCTTTTCCTCTCCATGCTGAGCTGAATTTTTTCCTTGTGCCAAGCAAATGACTCAATATTGGGTGGACACTGACTGTGTCCTGAGCTTCTAGAAGTCGTGTTTTTAATGTATGCAGTTGTAATACTGACCTCAAATCTAATATTTATACTGACTTTAAACAGCTCCTCTTCTCCTTCATTCTCTTTTTCACTTTCACAATAACCATGGGAG,"[[115550241, ""T"", [""C""]], [115550438, ""T"", [""A""]]]",yes,yes,T->A,2
chr15,42647339,42647674,AACTTTCCTACTATGAGTATGGATGCCTTTTTCTCCTTTTAATTCTGCCAATTTTTGTTTCATATATTTTGAGGCTTTATTATTACATGCATACAAAATTAGAATTGTTAAAACTTCCTGGTTCATTGAACACTTTTTTCATTGTGAAGGATTTTTCTTTATCTCTAATAATGCTTTTACTTTAAAGTCTACTTTGTCAGGCATTAACGAAACTAGCTTTCTTTGTGTTATTGTTTGTATTTTTATCTTCTTTTCTACTTTTACTTTCAGTTTTCTATGTATGTTTCAGATGTGTTTTTTATTTTAAAAAATTTTCCTTTTGCTTTGTTTTACCTT,"[[42647399, ""T"", [""C""]]]",yes,no,T->C,1
chr17,18014474,18014717,AACTTGTAACTCACATTTCAAAACAATTCCCTTAAACCCAGTTTCCTTTTGTTTTCATTTTACAAATGTCACACAGTTTTTCATAACCAATTCTAATCATGTATGTTTCTAAGCAGATTTCAGTTTCTGTTGCTTCTCACAGCTTTTGAAGCTGTTTTCTACATATTCAAACTCTGAGGGGTATGATTTCTCTGCCTGGCTTAGAGCTCCACTATGACCCACCTTTTAGAATGAAGGATGAGAA,N,no,no,N,0
chr16,51696421,51696802,TACAACTTAAGCCTCATGTTTATGTCTGGGAATATATTAAATGCCATCTGCCTAACCATTTGCCATGTTATAAATTAAGGCGACATCAACAGTGCTGTAACACTAAGGAGCACTCTGCTGTCTTCCAGTTTGATATTAAATGGGTTTTGTTACCAAACTCTTCTGACAAACATGAAAAGAACAGTTGCAAGCCTTCTGGAGGAGCAGATGGTCCCGGAGGCTTCCCAGCACAGGCTCTCTGTGAAAGTTCCAGGGTTTACATTTTCTCTGCTGCAAAGAGTTGGCTGTGTTGTGGTTGCTATAGAGGAGAGCAAACACTGCTGTGGAGGAAGTTGAACCCTGGTCCTGTCGCTTTCTTGCTGTGTGAACTTGTGTAGGTTAT,N,no,no,N,0
chr4,52979131,52979340,GAAAATGATCCTGCCATACTCTAACTGCCTGTTCCCAGGAGGCTTTTCCCAAGAGACTCCCAAGACTCCTAAGAGACCTCTACAGATGGGTGTGAATAATACACCAGCGGTGCAGGTTTTCTAGGGGCTGATGCAATGACACAACCCACTCTTTTCTCTCTCTTCTATTTGAGGGTGCTCTGAGCTTGTCTTTACAAAAAGATCCATATA,"[[52979184, ""G"", [""A""]]]",yes,no,G->A,1
chr6,160388903,160389350,ATTGTGCATCAGCTGCTAAGTCATGGCCTGCTTGGGCAGGTACGAGACCAGTGTTAGGAAATGCAATAATCCAGACAACTGGAGCTGCAGGGCACTGGCTGTCAGTTACCCCCAAACCAAGGAGAGAAGCCAAGGGGAAGACTCCCCTCTTGGGCTCCCAAAGAGGTGAATGTATTAGATAGTCACTGGCTAGAGCATCCAATTTAGTCATCTTTCCAGAACACTCACGGTCAGATGACATGATGATGAAATATCTCGTATAGAAGGCTGATCATCTCACTTGATTAAAAAGTTGTGTGACCTGATTTTTCCATAGAATTGGCCCTTAATCATGAGCCATTTGTTTGTCTTGTATTTAATATCAGTCTTGTGCCAGTTCCTTGGAATATCCAACTGACTGATCCAATCAATGAACAAGTGTTTATGGAGAGTCTACCAAGTGCCAAGC,"[[160389245, ""T"", [""G""]], [160389318, ""G"", [""A""]]]",yes,yes,T->G,2
chr7,22515073,22515308,GAATGTGTCCTCTATAGGTACTTGAAAAGAATGTGTTTTGCTGTTTTGGAGTGGGTTGGCACCTGATAGTGGTTTTTCCCTTGACTACTGGTCACATTTTGCTGGTTCTTTGTATGCTAAGTAGTTTCAGATTGTATTTTAGACAATCTGATATTATGTTGTGAGACTCTGAGTCCTGTTAAAATCCTCTAGAGAATATTGATTTTCCATAATGACCACCCTGTTATGCAGTTCCA,"[[22515138, ""T"", [""A""]]]",yes,no,T->A,1
chr2,121182560,121182878,AATCCAAGCAACAACCATCTCTGTTGTCTAAACATGCCAAGAGGGAACACGATTTTGCCCAGGGACCATGGCTGTAAAACCCAGGGCCACACCCAGCTCTACCCAGTTCTGTTGCCTGCCCCAGCTCCCATGAAGTCCTTCAGCCTCCCCTGAACTAAGGCTTTGCAAGAGTGACTCAGATTCCCATCACTTGCCTCAAACCATCAGTGCTGAAAGATTGAAGTCCTCACCCTTGAACCCAACTGTGCCAAACTGCAAGAAATTATTTACCTACCCACTGCTGGGGAAATCCAAAAACAGCACGTTTCCTCACCTGCCA,"[[121182607, ""A"", [""C""]]]",yes,no,A->C,1
chr5,82011788,82012149,AGCCTCCTCATCAGCCAGGATGTGTGGACAGCTTGGGTCCCCTTACCTTCCCCTACACATGTGAGTGGAAGGCTGCCAGGGTTGTGTGTAGTTTCTCAAGCTTCTCTGTAATCCTTCATTTCCAGAATCTCCCTATTACTATTCCTATTATGGTGCTGGTTGGTTGGTTGCTTGTGCCAACTGGGATGACTACTACCTCAGGCTTGCTACAGAGATTGCTACTTTTACTGATGATGCTGCTGGATGGCATATTTTCATTTTCAGCTTCAGATCAGTTGAGCCTCTCTGGCAGTAAGGCTGCTGGTTTCACAGCCTGTGGTCCTGGTAGAACCACCATACTGACCCTCTGGGAGGGATGGGAG,"[[82011833, ""G"", [""C""]]]",yes,no,G->C,1
chr17,10944873,10945217,GCCTTATAATCTGAATTCAACAAGTCTCCCACCCCCTCCCCACCCCAAAACTCTGCAGCTTCTCTCTCTGACACTCATTTCGGGCTCTTGGCAGGAACCTGCCCTCTGACACTCACCAGGGCCCTTCCTCGCATGAATGGCCACACTAACGAGGGTGACATTTCCACTTCCTTCTGTTGTCTTTGTCTTCCTGCAACATCTTGGGACTGATCTCCTGGGATACCTAATTAAAAGGCCGACAGTGCTTTTACCAATAGTCATACTTGGAGCTGGGAATTGTATCTCTGTGAAATAACAAAGAGCATCTTTGGATTTGTCCTAGAGGCCTGTGTTCCATGTAGTCCA,"[[10944899, ""C"", [""T""]]]",yes,no,C->T,1
chr4,53281403,53281782,AATACCCATAACTGATATATAGACAGGGGTGGCAACTTTACTAAGATTAAACTATTGGTTAGTAGACAGCACCATGAAAGAAATCCTCAAATGTTAATTCAACAGTTGACACAAGAGAAACAGAATCTTGAGTATGCCAGATGGCTTATGAGTTTCGTAAATAATGTGCAAAAGACTCAAGAGGCTACCCTGAGCACATGTGTTTATATTGGCTCCTCAGGAGATGCATCAGAATGATAAAAAGTAATAAAAAGGGATAGAAATGCACTCAGGAAGATCACCGAAATAGTCTATAAGCAAACAAAAGATTGCAACACCTTTTCCCCTCACCAGTTGGTTATCTCTGGAACTTGCATTATATATTTTAGCTTTCTTTTTTG,N,no,no,N,0
chr18,73986843,73987097,TATTCAGACTTCCTACTCTCTAAGGATAATAAAAGGTAGTAAATCCTAAACTAAACAGAGTCAGCGGCACGGAGCCTTTCAAAATTTATTCTGTTCTAGATTAGTAACGATTAAATCACACAGTGATTCATTCCGAAACACAATGATTTTCAGCACTGCATATGTTTAAAACATTAATTTTCTCCTTCAGCTTAAAACAAAGAATATGATTTCTTTATTTTCCTCTACAACAGTTCTTAGCTTTTTCTTCTTTCC,"[[73986977, ""A"", [""G""]], [73987019, ""G"", [""A""]]]",yes,yes,G->A,2
chr4,142778981,142779275,TATAGGAATCAATGTAGCTGCCAGAGAGTAAGCCAAATTACCAGCTTGCATATTTTTATGTAAATGGAAAAGGTAACTTTCCATATGCATAAATAGTGTTAACATGCCTCTGATTTTTAGGTGACTCACTCCTACAACCCCGTCCAACTCAGTCCCTAACAGAATCACAGCCAAATCTCCTTGGCATACTGAGATAAAACTCAATATTTTTTTCTGAGAAAATTGTATAAATGCCAGTAACAAGTACTAAAAGTATTAAATATATATCTTAGATTCATTTTTGTGTGTTGAATGA,"[[142779002, ""T"", [""C""]]]",yes,no,T->C,1
chr6,10093421,10093634,CATTTCCCCTTAGCGCTGCCCTAGTAGAAGTTCTCTATAAGGGCTCCACCCCTGTAGCAGACTTCTGCCTGGACATCCAGGCATTTCCACACATCCTCTGAAATCTAGACAGAGGCTCCCAAGCCTCAACTGTTGCCCTCTGCACACCTACAGGCTTAACACACATGGAAGCTGCCAAGGCTTGGGGCTCGCGTCCTCCGAAGCAATGGCCTGA,"[[10093580, ""T"", [""C""]], [10093613, ""A"", [""G""]]]",yes,yes,T->C,2
chr2,28957836,28958070,TGTTTTTTTGCCACTCTCTCACAGCTGGGTGTTCAGGGCCCTGCATTTGACACAATGTTGAATGTCCCTAGGAGGGGGACTATGGCATAGGGATGAGTAGGGAGACACAGTTGAGCAACTAATTAGGATGTGAGGTAGAATGAGTCATTAACTTTCACCAGTGAAGCCATTACAGTCATGACAAAAAAGAAATTGATCTATTAAGAGCCAGGGATTTAAATGATTTTAGGATTTG,"[[28957890, ""G"", [""A""]]]",yes,no,G->A,1
chr9,25178826,25179267,CAGTAACAGACTACAAATAACTGGAGAACAGTGAATTACCTTCACAGAATTCAAAATAATAATCTCAAAGAAGTTCAATGATATACAAGAGGATAGATGTATAAACAAAATGAGAAAAATGATACATGAGCAAAATCAGAATATTAACCAAAAAATAGCAACCACAGAAAGAAACCAAAAAGAATTCTGAAGCTGAAGAATATAATAATTGAATAGAACAATGCAATAGAAAGCTTCAGCAGGAGACTTAACCAACCAGTAAAATGAATCAGTGAATTTAAAGACAGGTCATAGGTATTATCCAGTCAGAGAAATGAAAAAGAATAATAAAAAATGAAGGAAAAATAAGGAACATAAGGGATATCATAAAGTTAACCAACACAAATATTATGGGGGACTCTGAAGAGAAAACAGAGAGAGAAAGAAAGCATATTTTAAAACA,"[[25178863, ""G"", [""A""]], [25179082, ""T"", [""C""]]]",yes,yes,T->C,2
chr7,156652975,156653279,CTTTAATTTATTATTAAAGAAAATATGTTTTTATAAATTTAGTGTAGCGTAAGTGTAGACTGTTTATGATGTCTACAGTGGTGTACAGTCATGTCCTAGGCCTTCACACTCACTCAGCACTCACTCACTGACTCACCCAGAGCAACTTCCAGGCCTGCAAGCTCCATTCATGGTGAGTGCCCTACACAGGTACACCATTTTTAATCTTTTATACATATTTTTACTGTACCTTTTCCGTGTTTGGATGCACAGATCCTTACCATTGTGTTACAGTTACCTGCAGTATTCAGTACAGTAACATGCTG,"[[156653001, ""A"", [""G""]], [156653200, ""A"", [""G""]], [156653211, ""A"", [""G""]], [156653220, ""A"", [""T""]]]",yes,yes,A->G,4
chrX,129679812,129680238,GCAGCAGGATTGAGAGCTAATGGTACAAGCAGCTATGAGGAAGGACTTTGGCTGTTGCCAGGCCTATTGATTTCATACTGGGCCCAACTGTAGGGTCCAGTTTATGACCAAGATTAGGAATTCAGTTTGTGATCAAAGAACATAATTTGTCCATCTGGCTTCAAACACTTCATCTTACCTCACATTCATTCAATCATCAAATATTTATTGAGTCACTGTATTGGGCACTGTGCTAGCTACTAAGGATTCAGCAGTGAGTCAGACAGACATGGGAAGGTGGTGACATGTTTAAGCAGGCAGGTGACATGATCAGATTTGCATTTTAAAATGATCAGTCTGGCTGCAGAGTGAACAGATTGGAGGGGGGCCAAGTGGCTGTGTACAGAAGCCCTTGCATTAAACCAGGGGAGAAATGGCAGTGTAGGCC,N,no,no,N,0
chr12,45542423,45542741,CTGGATATTAGCCCTTTGTCAGATGGGTAGATTGCAAAAATTTTCTCCCATTCTGTAGGTTGCCTATTCACTCTGATGGTAGTTTCTTTTGCTGTGCAGAAGCCCTTTAGTTTAATTAGATCCCATTTGTCTATTTTGGCTTTTGTTGCCATTGTCCTGAATGGTATTGCCAAGGTTTTCTTCTAGGGTTTTTATGGTTTTAGGTCTAACATTTAAGTCTTTAATCCATCTTGAATTAATTTTTATATAAGGAGTAAGGAAGGGATCCAGTTTCAGCCTTCTACATATGGCTAGCCAGTTTTCCCAGCACCATTTATTA,"[[45542526, ""T"", [""C""]], [45542594, ""T"", [""A""]], [45542675, ""T"", [""A""]]]",yes,yes,T->A,3
chr3,33886020,33886336,GAGCAGCGCTTCTCTCTGACTCCTTGGAGGCCATCCTTGCTGTGACCACCATGGTAGTGCCAACTTCAAGAACTAGGTTTGTGCCTGATCCTAGCTCTGCAGGACTCCTGGCTATTCTCCCAGAGGGCCCTGGTGCTTCCTCCGCCTGGGTCAGTCCTGGGTGTGCTGGAATTCTAAGCTGCAAGATCAATTTCTGCTTGTGGTCTCAGAACTTGTTTCATTTATTTATGGACATGCCCACACTTGATTTTATAGTCTTGCCTCATACTCCATTTTTTTTCTTTGAGAAACCACAGGCACTTTAAAGATATTGTACA,"[[33886109, ""T"", [""C""]]]",yes,no,T->C,1
chr18,5489523,5489832,AAAAAAATTTGCTGTATCACCTGCATATATATTTCAATCCCTTGGAAGGATGATTTAATAACGGAAGCAGACATTCTTTCTCATTTCCCTCCCCCTTCCTATCTCTATACAGGGGCCCTCCCAACCCCCTGAATCTACAGATACTTCAAGGAACAAATGCCTTTCCCATGTGATTTCTCTTAATCCAGTTATCCCTCTTTGAGTTAGCAACTGAGCTACAACAGCAGCTTCTTCAGGGACTCGGGATCTGTCCCACTGGCCATAGCTGCAGGGGCACAGGCAGGATCACCTCTCCTTCCCTCCCAAGTTA,N,no,no,N,0
chr11,116159142,116159411,AGACACACACACACACACACACACACACACACACACACACATAGAGAGAGAGAGAGACAGAGAGACAGACAGAGACAGAGAGAGGTGTTTATTAAAGGATTGGTACATGCAATTATGGAGGATGACAAGTCCCAGTATCTGCAGCTGGCAAGCTAGAGACCCAGGAGAGTTGATGGTGTTAAGTTGCAGTCAAAGGGCAAAGGGCTTGTTCCAGCTTGAGGCAGTCAGGCAGGCGAAGTGACCTCTTATTCAGCTTTTCTGTTTTATTCA,"[[116159207, ""G"", [""C""]]]",yes,no,G->C,1
chr15,35399906,35400284,TAAGAGTTAACAAAGGAAAACACTGGATCCAGGCAACAAGGACTCCCAACACAGAAAGAAGGTAAAGGGAACCCCAGTATTATGAGCACATGCTCCAATGTTAGCGTTATAATAGGCATAGCGAGAACCTGGTTCAGATTAGATCAAGTCAGAAGGCTCTGGAAAAGATTCTTCAGGAGGAAACTGACAAAATACTTCTTAGGTCTGAACATCTGGTTAACAGATTAGAAAACTGGCAATGAGTGTAGCGCTGAATTTGTGATAAGTACAGAGACTACTAAATAAATGAAACAAGACAATTATTCACTCAAGAGAAAAAATAAAAGTTGTACAGGAAAAGAAAGGTTTATTACCAGAGTTTATTACCTGACTTAGCTGT,N,no,no,N,0
chr4,144687477,144687826,TACCAATTTCACAGAGGATATTTTTGTCTCCTGCAAGTAGGAATCAAGAAAGTTTACTAGATGTGCTCATAGTGTAGTGAGCCTTATGTGGGAAAAGGAAAACCAACACCTTTGAATTCTTTCATTCTGTGTGGAGTTGCCCTAAATTAAGCTGATGCTTCAGTGTCTTCATCCCTTACACAATCAGTTGCATCACTCCTCCACCACAGAGCCATAAAACTCACTGGTCTAGTCAGTGCTTTAGATGTTTCAGGTGCCTAATAACTTTTGGCAACTTTTTTTTTTTTTTTTTTTTTTTTTTTTGCTATTGGCCTATAGGTCATCTCAGCATTATCAAAACTAAGTTTGAT,N,no,no,N,0
chr3,129361651,129362034,TAGATAACTTTTTATTATAATTTAAGGTATAGTCGATAATATAATGTTTTTATTTTTTATTTTTTTTTATTGATCATTCTTGGGTGTTTCTCGCAGAGGGGGATTTGGCAGGGTCATTGGACAATAGTGGAGGGAAGGTCAGCAGATAAACAAGTGAACAAAGGTCTCTGGTTTTCCTAGGCAGAGGACCCTGCGGCCTTCCGCAGTGTTTGTGTCCCGGGGTACTTGAGATTAGGGAGTGGTGATGACTTTTAACGAGCATGCTGCCTTCAAGCATCTGTTTAACAAAGCACATCTTGCACCGCCCTTAATCCATTTAACCCTGAGTGGACACAGCACATGTTTCAGAGAGCACAGGGTTGGGGGTAAGGTCACAGATCAACA,"[[129361653, ""T"", [""G""]]]",yes,no,T->G,1
chr5,13816124,13816528,TGAGAACTGGCAATTTGTATTTGACAAGCTGGAGGTCAGGGATGTCCTTGATACAGCAATTTCAGAGGAACACTGGGCAAAAAACTTGACAGCAGTCATACGAGGAGATACTTGGAGGTAGAGAAAATGACATACATCAGCAGATTGCTCAACAAGAATGTCATTGTAAATTTAGGTATTTGATTTAATAATAGCATTCCTCTTAATTTCTCAACTACTACCTTCTCTTACTCACCAACACCATGACCTGTCTTGTGGTTCTAAATTTTCTTTGCTATGCAACAACCGTGGGATAGTCTATTTAAAATAAAATGCTTTGAAAATCCTAATCAAGTTCATTCAACTAGCAATTCAAGTAAAATGGTGATCTAATCACCAGAGTCACTTTGAAAGAAAATGCATATG,"[[13816165, ""G"", [""A""]], [13816256, ""A"", [""T""]], [13816521, ""A"", [""T""]]]",yes,yes,A->T,3
chr1,112971023,112971350,GGGCTAGATAATGGGGTTTTGCTCCTGTTTCCAATTCAAAGATAGTCAACCTGGGAGCTTTCTAACTCTATCATATGTATTTCATTTGTTTCACCAGTTACTCATTTGATCAACCCAGGGAAGACCGTATCATGAATGAAACACAGCCCAAGTATGCTTTAACCATAACGTGGGAGTGCATAATTCAGGCTACCAAGACCATTTAACAGAATCCAGTGGAATGAGGGAAGTCTGGACTACAGGAGTTAGTGGGGGAATTCTCAGTCACTGCAACCATGCTTCTAAACAAAGGCCTTCACCAAGAACCTAGGGCAATCTTATTCCATCT,"[[112971149, ""A"", [""G""]]]",yes,no,A->G,1
chr5,30634,31002,ACAGTATACAGTTAATTACTGAGGGGATTTGGGCTTGGACCTGGATCTGTGATTCAAACACTCATGTCTATAACCACAAGTGCTGCCACATCATTTGCATCAGGATTTAGAATCTCTGCTGGCAGGCCTGGGAAGATGCATTGTAACCAATAAGAGGTAATTGCCACATTTACCGAGTTGTGAGAACAACTGTACGGCCTCTCAGAGAATGCCAGGCGCCCCTGTGTTTGTCTCAGTGTCTCCAGCTTGAATTGCTTCACCCCTGGCTCTCGGCAGTGCTGCTCCTCTCTCCTGCATGGATCACCTGCTCCCGAAATTCATTCTCCCATTTCTTAGGTTGCCACTTTACTGTAGCTTCCTGATCTAAGG,"[[30712, ""G"", [""A""]], [30983, ""C"", [""T""]]]",yes,yes,G->A,2
chr13,102267288,102267534,TGTGCCTCCAGCACTGAACACTGTGCTTAGAACAGTGTGGTGGAGAAAAAGCAAATTGGGAGCATTTCAGACATCAACTTCCAATGACCAATGCAGTGGAGAAATGCTGGCAAAATTCTAACAGAAAAAATACATGACTCATACATTGTATACTCAGCCAAGATTTTTCAGTCAAGTGTATAGACAAAAATAATAATTTTTGGAACATTGAAGGACATATGAAATGTATTGGCCATTTTTAAAGTTA,N,no,no,N,0
chr4,136829383,136829689,CACTCTTGGCAATAAGATGCTAAGAAAAAGCTGGTTTAAAAGTTAAGAAGCTCATAATGCCAGCTCAGAATTTATAGCTAACAGTTTTATAGGCCAAAGCCACTATGCAGGCATCCTTATCCTGCAGTGCAAATAGGATTACCCTTCCAAGCATTATCCTAATGTGGAATTAAACTGTCAAGTTGGCTTGCTTGTTGCATAGACTTGCACATAAGATGAATGTAACTCTGGGTAAAGTTCAATATTGTTCCATCTGTTAAGCACCTTTTTCTTACAGAGACACAAAAGCTGGAAATACACACACATA,"[[136829397, ""G"", [""A""]], [136829497, ""T"", [""C""]]]",yes,yes,G->A,2
chr10,121138523,121138831,GAGAAATCATTAAGGAGTGGGGGATGAGAGTTCATACATGAGCTATTTTTATCCAGAGCACTCCCTTTTCTCCTGTCTGGGTTGATCTCCTCCATAAACCTTGCCTCCATCTTTCTCCCCACCACCTGGTGCAGGGAGAAATGCCATCTGGCTTTTGGCTAGCAGCTTTCTCCAGCTTTGAAGGGTGAGTGGCACTGAGGATGCAGATATTTCCAAATAAACCCAGCAGAGGAAGATCGCCCAGGGTTGGTTTTTGAAACAGCAGACTGCGTGACCACAAAGAGAATACCCACCATGCACAGAAAAAAT,"[[121138547, ""C"", [""T""]], [121138643, ""G"", [""A""]]]",yes,yes,G->A,2
chr2,202915694,202916021,TCCTGATCTTGTGATCCATCTGCTCAGCCTCCCAAAGTGCTGGGATTACAGGCATGAGCCACTGCACCTAGCCTGTTTTTTTTTGTTTTTTTTTAAGTAGAGACAGGGTTTCACTATGTTGGCCAGGCTGGCCTCCCAACTCCTGACCTCAAGATCCGCCCACTTTAGACTCCCAAAGCGCTGGGATTACAGGCATGAGCCACTGCATCCAGCAGAAAATTTAAAAATTAATATAGGTTATTGTTTATATATAATTGCATGCATTTAAAAGTTCGATGTTTAACATAACTTTAAAAACTGATTCTTAAAAAATAAATTATCCTATTAA,"[[202915700, ""C"", [""T""]]]",yes,no,C->T,1
chr6,22838026,22838236,TGAATGAGAAATTTACCAAGGAGATAAATATCTTTAAAAACACACACAGCAATTCTGGAACTAGAAAATTCATTGAGGGAAATAAAAATACATTTTAAAGCTTCAATCATGGACTAGATAAAGCAGAAAAAAGACTATCAGAACTTGAAGATAGGTATTTTAAATAATCCAGTAAGAAAATAATAAAGTAAAAAATAAGAAAGAATAAACA,N,no,no,N,0
chr14,65031869,65032195,TGAGATCATACCACTGCACTCTAGCCTGGGCAACAGAGTGAGACCCTGTCTCAATAAAAACCAAAACAAAAGCAAAACAAAAAATATAGACGTGCGCCTTTTTCATTTAACGTGTGTGTGTGTGTGTGTGTGTGTGTGTGTGTGTGTGTGTACTGGTGAGAGGTTTGAAATCAAGGCTCTTTTCTCCCTCTAGAGGTTTAAGGACTGTATTGGAGTGGACTCACCTGTTCCTATCCTTGTTTGATCTATTACAATTTGGTGGCCTGTTTTGCAGTTTATCTGTTGCAGAAAAAGTATAGTTAATCTTTAATGTGTCAAGGCTGTAAA,"[[65031900, ""G"", [""A""]]]",yes,no,G->A,1
chr7,109763724,109763934,AGAGGGCTTCTACCAATCTAAAGTAGCTAATGGTGCCAGCATTGCAAGTAAGCATCAACATAAAATGAATCATTCCCAGCAAGCATCTGGATGATTTCCAAGTGTCTTATAATGCCTTACAGAACACTATCTAGTAGTAAAATGCCAGCATTATCACATAGCATAATTTGAGCTGCTCAAAACCAAAAAAATGCTCAGCTGAAGTGAACAC,"[[109763792, ""G"", [""A""]], [109763883, ""G"", [""A""]]]",yes,yes,G->A,2
chrX,114165600,114165880,TCCTGGAAATACGAATCGTCTGTGGGATTCCATGTTCACTATTACCTCTTTTGTTTCTAAGAAGAAAACCAGAGCTGCAGAAACTCACACTGTCAGTGCATGCATACTTTTCCTGCTGTTGAAACTGAGAAGCTGTCATTTCACACATCAACATGCTCACCTTACATTATGAAATTGAAATTTTCTGGCTCTTTGTGAGATTTGCTGTCATATGTTTCTCCTTTCAGTTTCTTTTTGCATCCATGCTTGATTTTAAAAGAAAACATAGTGGCATTTTCCTA,N,no,no,N,0
chr13,37460141,37460637,TATGTTGCATTTGACAGTTATATCTCTGTAGTATCTTTTCACCCAGAACAGCCTCCTGCCCACTGATTTTTTTCTATCATTGACTTTTTGAGGAGTTCAGGCTAGTTGTCATGCAGAATGTCTCACATTCTTTATTGTTTCCACATGATTAGAATAAGGTTACACATTTTTGGCAAAAATTGTAGGTGATGTTATATAATTTTTATTGTATAACATAATGACCAGATGTCCAACTATTACTTGGTTAAGTTGTTGAATGCCAGATCTCTTCATTGTAAAAGTACATTTTCTTCTTTCTAATTATAAGTAATTTATGGGGTAGTATCTTGGGTCCATGTAAACATTCTGCCTTCAGCAACCTTTAACTCAACAGTTTGGCATTCTTGTTGAATCAGTTATTACATTGGAGGTTATAAAATTTCATTTTAAAAAACCCTATCATTCTTTCTACATTTATTAGCTGATATTATGCTGCAAAGTAGAATTTCTCTCTCTTT,"[[37460144, ""C"", [""G""]], [37460294, ""T"", [""A""]], [37460459, ""T"", [""G""]]]",yes,yes,C->G,3
chr13,65606595,65606869,TATATATATATATATATATATTCCCTAGGTGAATTTTGAATTGTGCCTTCTCTCTTCTTTAATGGTAATTCAAATACAGATAGAAGCACAATAAAGATCCATCAGATGGTTGCCTCATAGCTAGTGAGTGTCATGGAATTTCGCCAAACCACTTTACATTTTTATGTAGCACAGATTGGTTTCACATAGTACTACATTAACTGTGTTAGTGATTATACGGAAAATGAAGTCATTCTGAACAAGTTACTCTAAAATAGCATAATAGTGTTTTGTGT,"[[65606688, ""G"", [""A""]]]",yes,no,G->A,1
chr7,64774455,64774891,CCCTGCAGTCTCTTGATGGAAAGTACTACGTCTGGACTATAGCTGAGAGGAATTTGAGGGAGGTTGCAGAACTGCTTTAGGATTCTGAGACCAAGTTCAGTGCATCATTTCCTTGTCTGTAGCCATGTCTGTGGGCCCTTAAGTCTGCCACCTAAATGAGAGCCTGCTGTTTTCAAGTGGACCTCCTTTGTCTTTGGCTCCACCAAGGTTTCACAACCCCAACCACATGCAAGCATTCTTCTACTTCCTGTTTCTATGAGTTTACTATTTATGATATCTTATATGAGTGAAATCATACAGTCTGTCATTTTGTTAGTGTCTTATTTTGCTCAAAATAATGGCTTTAAGATTTACCTTTGGCCGGGTGCGGTGGCTCATGCCTGTAATCCCAGCACTTTGGGAGGCTGAGGTGGGTGGATCGATCACCTGAGGTCAGG,"[[64774484, ""T"", [""G""]], [64774642, ""C"", [""T""]], [64774816, ""T"", [""C""]]]",yes,yes,T->G,3
chr19,19525448,19525791,TGGTCATTTCCTGGGTGTTGACTGGAGCCTGGCCTACCTGAGCTTTTCATTCATCCCACCAAGTGCAAAGCCTGTCCAGAGAAGAGACTGGGGCTGGAAGGATCTGGAGGGTGCAGGGTGAGCCTGGGAGCCAGATCCCAGACAGCCCAGGCCTCTCTGAAGATCCCAGTGGGCCCCCAGCCTGTCAGTCAGGATTAGAGCAAGGCCCCACTGGTGCTCAGTAAATATTCATGATGGCCTAGGTCCTTCCTGGGGTGCAGGGCAGGGGGCTACACCCTGCAGAGCCAAGAGGTAGCACGGCCACCCCTAGAGTCCGGGGGGTGGCTGGGCAGCCCCCACAGGGC,"[[19525719, ""T"", [""A""]]]",yes,no,T->A,1
chr7,23514830,23515204,GATTTCAAAACATTAAATAATGACATGCTCCACCACAGTTTAAGTTAGTATCCTGTGGGAGAAGCATAGTACAGCATGCAAACATGTTCTAAGAACTTTAGAGCCCGGCTGCCTGGTTGAAACCTAGACTGCTAGTTAGCAAAAACTAAACCAAAACCAAAACTGAAACTCCTTCAATGTCATACATCCAAGACTCAATTTTTTTTATATATAACATAACTTGCCTCACAGAAATGTTAAAAGCTTTAAGTGTACTGAATAAAAGTGTTAGCTATGATAACTACAAAGTTTTTAATATTTCTTTGACCCCCTTACCCCATCAAAAAACTTTGAATATAACCCAGTATTCCCAACTCAATTTATGCTTTTCACTTG,"[[23514994, ""A"", [""G""]], [23515108, ""T"", [""A""]]]",yes,yes,A->G,2
chr3,136946969,136947355,CTTAAAAATGGCCTTTCTTTTTCCTTGATGAAAGATATCACTACTTTTCCGTTTATTAAATCATGGTTAATCTTGGCTTTGCGTGAGTATATTTGTACAAAAGGGAATGTGTAATTGCACAAAATTTTGAAAGAAAATGTGTGGAAGTGGGGTGTGGTGGGGAGAGAGATTAATTGAACTTCCTGATGTGAAGTTCAGGAAAATGGGGCCTGTGCCTAATCCCTCAGAAAAGCAGTTGGTTGGCAGTAGGGAAGAGTGATGACATCCATTTTCTGTTAGTTGCCTGATCTGGCTCACTGTTTGAAACTTTGGGAGTAACTGTAGAAAAAGAGGCTTTGGGGGTTGATATAGACTGTAACAACAACAACAAAACTAATTAAAAAGAAG,"[[136947019, ""A"", [""G""]]]",yes,no,A->G,1
chr21,29538137,29538489,CATAAATGGACCAATAAAACATAATTTGCTGTCATTTTTCTAGCCAAGATAAGACCTTTGAGTGAAAAATTCCTGCTCAGAGAAATTTCTATAATGTCCTGGTTAGAGAAATTTCTAAAAAGTAGTTTTCTTTTTGATGAGGTCACTCTTAAAACATCCTCTAGTGATATAAGCCAGCACAGGAGGACAAAGGCAGCATGATTCCACTTATATGAAACATCTAAAATAGTCAAAGTCATGAAAACAGAGAGGAGAATGGTAGTTGCCAAAGGCTGGGAGGAAGGGAAATGGGGGCAGTTGCTGCTCAAGGGGATATAAAGTTTCAATTATGCAAGATAAATAAGTTCTGGAGA,"[[29538307, ""G"", [""A""]], [29538455, ""G"", [""A""]]]",yes,yes,G->A,2
chr12,42733049,42733385,AAGGAAAATAAACAAGTAAACCCAAAGCCCCAAGTTAATTACAGACTGTGACAATTGCACTGAAGTGAATAAACAAAGTAATGTGTGGAGAGACTGACTTCAAAGGGTGAAGCCTAGGCAAAGTTACTCATGAGGTGCCATCTGATGAGAAGTGATGGATGGAGGCCTTTGGGTCATGACTGGAACTGGGGTAGATTAGTGAGTCATCTGAGGCACACATGCCTTGGTGGAATACTACCTCTACTACTAATACCACGAGCTATTGTTTATTGAGCATTTCCTGTGTACTGGACTGTGTGTTAAACATTTTGCATACTTTATTGTATTCGATCTTTGC,"[[42733161, ""G"", [""C""]], [42733299, ""C"", [""T""]]]",yes,yes,G->C,2
chrX,110569497,110569880,CTTGGTGGTGGGGGTTCATGATTTTAGATAGGTCAGGGAAAATGTCATGGAGAAGGTGATATTTGAGCAGAGATTTGAAGGCAGTGAAGGAAGGAGTCATGTGAATATCTGGAGGAAGATTTTTCCTGACAAAGAGGAGGTCATGTGGTAAGACCTGGCATGGTTGAAAAACAGCAAGGAGACTAATGTGGTTGAAATGATGTAAGGGGAAGAGGTGTGGCAGGAATTGAGATTGAAGAGATAACAGGGGACCAGATGGTGTAGTGCCTTAAAAGCTAAGGATTTGAACTTTATGATGAGTTAGATGGGAAGCCTTTTAGTAAAGGAGTAACACGATCTTACTTACATTTTAAATAGATCACTCTGGCTGCTACTTGGAGGATA,N,no,no,N,0
chr3,173962,174224,ATCATTTTCTCTTAAGACAGTTGGTGGCATGTGAAGATGGGATTTAACTATTAGCACAATCTTGCCTTTCCATGGCAGCCTTTCCCCTAAGGAACTGGCTTTCCTTTGAAATTGGCTTTAGATCTGACAGGGCTTCTGCAGTTTCACATTACTGCTGGTCCAATAGAGAAAATGAAACCAAGAAATTTGATCAGGTTACCCTAGGGCAAAATAAAAGGTTGGTTTGCGGAAATGCTTAATTTCCATGATCCAGCAGGGATTTA,"[[174118, ""A"", [""G""]], [174188, ""G"", [""C""]]]",yes,yes,G->C,2
chrX,3566459,3566776,GCAGGCTGCCTATGTTTATGGTTATTTATTGATTATATGCTAAACAAGGGGTGAATTAGTCATGAGGTTTTTCAGGAAAGGGGTGGGTAATTCTGAGGGTTCCTCCCCTTTTTAGACCATATAGGGTAACTTCCTGAGGTTGTCATGACATCTGTAAACTGTCGTGGCTCTGGTGGCAGTGACTTTTAGCAGCTAATGCATTATAATGAGTGTATAATGAGCAGTTACAATGACCAGAGGTCACTCTTGTCACTGTCTTGGTTTTGGTGGGATTTCACTGACTTCTTTACTGCAACCTGTTTTATCAGAGAGGTCTTT,N,no,no,N,0
chr2,105574390,105574667,CCAGGTTTAAGTGCAGCTCCCAGACAGTGATCCACGTGTGTTGCCCTGGGCCGGAACTTCCACGCACGTGCAGAAGCCTGTGCACTGGTGAGTGGGGAGCAGAACACCTGTTGGCAAATCAGCCTCTCTAGACCTTGCTAGAGTGGCAATTAGGCCTTCTCTGAGAGCAAAACAAATTATCGTAATAGATATGTAACCCTCAGATCCTATTGGAAAAACGTTAGATCATTGGGGGACTATGTATTTTTAATCAAAAGTTGGCATTTTTATAAAGAGCA,"[[105574430, ""C"", [""T""]], [105574571, ""T"", [""G""]]]",yes,yes,C->T,2
chr7,27214330,27214605,AAACTTGTGTGGGATCCAGGGTGCATTTTCTGGGGCCTGGCAGCGCTGCTGCAGCCCCAGGGCATGGAGAACAGGGGGACATGGAAAGATCTGGGAGGATGATGAAACCCCAGGGAGGGAAACGCTCACACAGAGAGGAAAAACAAAACCCACTAGACGTGATTTGTTCCTGCTCCAAATGAATCATCTAAAGAGAATCCCTCTGGGCTACATTTACTGGGGCTTAGGGTCTGGGGCCCTCAGATCCACCAGTGGTGGGGGTAGTTCCCTGAAATT,N,no,no,N,0
chr8,16565573,16566014,ACTTCACATTCTACCCTGTAAATGTATACGATCATTATTTGACAACTTATTTTTTGAAAGGCAGAAAGCCTTTTGTAGGTTAGCTTAATAAGTTTAAATTTGTGCTAAGTGCAATAAGTAATGAACGAGGTATAAGGGAAGCAATTTTCAGATTTGGATTTTAAGACAACTCACTCTGATTGCAATGTGAAGAATAAGCTGGAGAGGAACAAACGGAAGAGAGAAAACACTTAGGAGCCTGTTATATGTGACACAGACAATGACAATTTGAAAGATGATGCAACACTGTGAAATGTGAAAGATGGTGTCACAGATGTGAAATGTGAAAGATGATGATGTAAAATGGTGATTTGGGACATTTTTGGAAGACTATTTGGTTAAGTGATGTGGAGAATGGAAGCACAGGAAGGAATCAGGCATAATTCCCAAGTTTCCTTAACTA,"[[16565618, ""T"", [""C""]], [16565965, ""C"", [""A""]]]",yes,yes,T->C,2
chrX,36868749,36869063,CAGCAATTTCTCGGAAGCATGGTCATACGGTACAGTAGTTATGCAAGTCAATCTGTTGACTCTCCAGTAATCTCATACGCCTACAGTGGCACTCAAACTTTTGATTCTTGGAATCATGCCATGAATAAATTGGTCTATTGAGCAAAATCTATGCAGCCAGACAGATTTACATTTAAATAAAATCTGAAATCAACTTAGTTCACTCAGCATAGCAGTACCTGGTCCTCAGTGGTGTGTCTTCTTGCCTTTGAGTATCAGTCAAGAGTAGCCCCTCTAGAACTAAAAGCAGTGAAATGGCAAACTTGCAAAAACCTG,N,no,no,N,0
chr13,93736145,93736486,TGGAAGGCTCTCAGGGGCCCAGACAGTCACATGTTAATTGAATATAACCAGACCCTTTAGAGCTGAAAGCTCTCTTGAAACTAGAGATGTATGTGAGGAATTTCAAAATAGCTATATATGAAAACTTTAAATGTGTGGGAAACTTTAACAGCAAGTTCTCATCTCCTAAATATGTGTGACAGCACACTGACATCCATGAACTATGAGTAATAGGGCTGCTATTATGTTTCATTGCCATATACATACATCTATTTTTAATATGTTCCAATATAATTTTCAGTTCAAGAGAATGCATGCCACTTCTCTTTAATGATAATGATGAATAGAATATTGATTAGAAAA,"[[93736182, ""A"", [""T""]]]",yes,no,A->T,1
chr5,25850574,25850961,TGCCCATGCATATTCGCATTGTAATACTCATTCTCAATAAATGTATTTTATTTGGAGATTGTTTCTCTGTCTGTTATTTAGGTCAAAATAATCTGATGTCAAGAAGTAGGGTGGTAGCACACTTGCCTCAGACGGATCAGCAGCCTATGGGATAGCGCATGGTGCTGACTGAGCCCTTTGTATCCTTTGCTCCTGTGAGTCACCTTTTCTGCCCTGGTGAATCCCCTTCTGGAATTCTAAAAATTCTTTGTTTTGATTTTACTCGAGATGTCGGCTTTGTTATAAGGCCACCTTTATTAAAGGTCTTTGCATACTTCTTGGTACTATAAAAGGCTTATGTCTTTTCTGGGCAAGCCCTTTCTTGTATGAGAACAGCATCTTCTTGGAG,"[[25850589, ""C"", [""G""]], [25850629, ""C"", [""A""]]]",yes,yes,C->G,2
chr6,159259619,159260089,TGCCCAGGACTGGAAATGTATGCCCAACCCACTGCTCAAACTGCCTGCAGAGTTTTGCCTTAAATAACTCCACAACCACTGCATAAAAGTACATGTAACTGGGAAAACATGAGCTGCTGAGTGAATTGAGATTTGGAAACTCATATGTTCTTAATTGTGCATATCTTTTTATTTAAATTACAATAAAAAGAATACTCCTAAATAAGATGCAAATGGCTTAGGAAGACTAATTTTACCCAATGGCTTTTCTTTGCTTTCTGTTTAATCAAACTCAAAGTAAAGTATCTCTGTTCTGAGGCCAGAGACTGCCTTGGTGATCCAGCAGCTCAGAAGGCTTGAGGCCAAGGCTGTTGGTGCAATAGGCCTAATAACCCTTTGCTCTCTGAATAGGAATAATTCGCTTTTTAAAAATGTAGTGCATTTTAATTAGTACATGGAATTTGTGTGCCTGACTTAATCAAATAAAGAATT,"[[159259643, ""A"", [""C""]]]",yes,no,A->C,1
chr12,124601696,124602101,CCCTTTTAAAGATCGCTTTAAAAAGTAACACAGTACGTGGTTACTTGCTGGAACTCATCAATAATATACACCCACAAAACAAATGAAACAACCAATGTCCTAATTTATGCAAAAGGATATTTGCGGCCTGGGATAAAATTTCCAGTAGCTGCGTCATAGGCAGATTCAAAAAATGCCATGTCTCCAAAGTTCTAGACATGAGGGGAACAGATGGGGCCCACCAAATGCTGTTTGATGACTCAAAGACACCGTGTCAAAGACACAGGCGGCGAGTTGGGAGAACATGATTTTATGAATGTAAGAATGGAACACAAAGAAATGTATCTTAATGTGCTGTGTTACTTATGTCATATGTGACTTTCTTTTTTTTTTTCTTTTTTTGAGACGGAGTCTTGCTCTGTTGCCC,"[[124601871, ""T"", [""C""]]]",yes,no,T->C,1
chrX,151022035,151022297,GTTGAGGGCCTGAATAGAACAAAAAGGCAGAAGGAGGAGGAATTTCCTCTCTGCCTGACTGCTTGAGCTGAGACATTGATTTTTTCCTGCCCTGGGACTGAGACTTACATCATTGGTGTTCCTGGTTCTCAGGCCTTTGGACTTGGATGGGAATTTATACCACTGGCTTTCTGGGTCTCCAGCAGGCATATGGCAGATGTTAGAACTTCTCTGCCTTCATAATCCTGTGAGTCAATTTTGTATAATAAATGTCATTATATATA,N,no,no,N,0
chr22,33387507,33387807,CTCCAATGTATTAAAAAATGGGGGGGTGGATGGTGGGAAACTAGAAACAATGATGAAATATATTAATGCACATTTTTGAAGCCTCTAGAGAGGTCCAGGATAAACCTATGAGTCTCTGGTGACCAAGCTGAGAACTGATGCTTTTAAATGGTGTGAGACTTGGCAGATGTGATTTGCCAGGTTGCCTGAAAAGTCGGAATGTCTAAAACAGATGACTAAATGCAGAGATGCAGGATCATCCTCCCTGTTAGCCAGTCTTTTCTTTTGCGTGACTTTAATTTTTAAAATTATGAACTATTTC,"[[33387533, ""G"", [""T""]]]",yes,no,G->T,1
chr6,9399881,9400271,CAATATGAGAAATGCATGTATGGTTTAATAAGGTTTTTTGGCCCCAAGACAATTTGACATGTGGAGGCATTTTTTTTCCTTCAATTTCTCAAGTGTTTACTTTCAGCACTACTTTTTCTTGGAATATTCATTTCAAAGAGTACTGTGTTTATGGAACGCTCAGGTCCATGCGTGTTTTCTTCTTCATATCCTTGAACATATGTGGAAAGTTCAATAAAATGACTCACTCAGTAAACTGATGAATTGGCTGTTGGCGAACTGGTCATTTGGTTTATCACATATTCAGTAAATAGCCTTTTGGCAAGCCGACTTTTGTTCAACTGGCTTTCAAAACTTTGAATGCACTTAGAAAGCTATAGTGATTGTTAAAAAATGCCAATCCAACCAAATT,"[[9399912, ""T"", [""G""]]]",yes,no,T->G,1
chr13,36737876,36738228,GAGATCTCAGTATATGTGTCCACCAAGTGGCCTCATGGGAAAAGCAGGAACCCTGAGGAATAGAAGTGGTGATATTTGTGCCTGAAAGCGTCTGCCTTTCACTGTGAATGAAGCATGAGGCAGTGTCATCTGCTGAGAGAAAGGAAATGTCATCAGGGAGGTTGGGGCTTAAGGAAGAGGGAAGAATCCCTGGGAAGAAAGCAAGAGGCTGTTCCCTGGAGAATCGCCAAAGGATAGCTTTGAGCATTTCACTGAGATTGGAGACCAAAAGTATGTGGTGACAACGACCTGTGATTTCCTCCAACAACATTCAGTACCTGCTTCAAGGGACAGAAAAGGCCAGTTTTACATTA,"[[36737911, ""C"", [""T""]], [36738009, ""C"", [""T""]]]",yes,yes,C->T,2
chr5,63752559,63752868,CCCAACAGAAATGCATTCAGGAAACTCACCCCACTGCAGCAAGAAAGGAGGATGCAGAAGAAAATATTGTTGCTTCCTTGCAGTAGCACAGGTTATTATCTAAGCCTGGGGAATTCCAAGCTGGAGAAAAGACCAGGTTTAAACTTGGGGCACGTGGCAGAGTGTGTTGGCCCTAAGTGGGCCTCTTGGGACTCTAGCTGTGGAGGCAGCGAAGGCAGGTTCATTTACTTCAGGCATTTGCTGAGGGGGAGATATTGATTGAGATAAATGTAGATATTAGGAAGCAACTCCCTAGGAGGAGGAATCCACA,N,no,no,N,0
chr21,9958941,9959286,AATGGATTGTGTCAGTAGGCTTCCAGCCACAAGGTGGCACTTGAAAAAGAGCACCAGCTGGTAGCAGTGGGATTTGTGCTTGCCTTATGTTACCCAGGGGAGGTAATCTGATGACTCAGGCAATGGGCAGGGCCATTGAGCTCTCAAAATTTTCTATTCTTTGTGTTAAGCTACCAGGGCAGATGGAGGGGCAAAGCCAGCTGGGGGCTGAATCAGGCAAGTTCACATTCTGGCTCTCTTTAGTCTGCCATGTGTGGGCAAAAGCAGTGTCCCAAGTGGGGATCAGATAGTGGTCCTCTGGCTGTAGGAGTAATGTTGCAGGGAGTACCACAGCTGCCTCTGCTGC,"[[9959182, ""T"", [""A""]]]",yes,no,T->A,1
chr2,36054111,36054452,CACGAGTTCTAACTTTTTCAGGAGACACTCTTCATTATATTCCCTAAAGAAAAATTCTTTTAAAAATTGGATTATATGAGACTGGAATGGTAGTGTGAGCCAAGGAATGGCAAGGCTGCTGGTATGGCAAAACCAGGGATAGGCAGGACATACTTTTCTCATCAATCCGCCAGAGAGGAGCAAATGATGGCAGCTGTCATCTCATGCCCCTTCTGCTGAAAGTGCCTGGAAGGCACAGAGAGTATCAGGGAGGTCACAGCAGCTCCTTGAAAACAGACCAGTTCTAGATGTTGTCCTAAAGTACCTTATATGTTACTTTGCAACTCAAGGACTTTCTTTACT,"[[36054212, ""G"", [""A""]], [36054447, ""C"", [""T""]]]",yes,yes,C->T,2
chr6,76220945,76221145,TCTACTTGATGTTATACAAAAGCTTTGCCTCTTTTCCTTTTTGGCCACCTCTGTTGTCATGACAACGAATGTGATTTCACAGATGCAGCAGTGCATTTGTTGAGCAGTAAGAGTGGGCCACTGTTTATGAGAGTAATTATTTAAGAACAGGTGTCATTAGCATAAGATTCATTGTCAAACTCGTTAGAAAAAGAACAAAGT,"[[76221052, ""G"", [""T""]]]",yes,no,G->T,1
chr12,28973549,28973842,TTCCATCATGTGAAAAGGTATGAGGTGCCAGATGGAGTGGCTCGTTGCATTCCTTGGGTGTTTGGTTGAAAGGATAAAAACGAAAGAAGCAGGAATTCCAGACCATCTATTCTAGAACTTTACAGATGGAGAGAAGTAAACACCCAAAACCAATGAATGCTCTGAAGCATACCATAACTAGATAAAGAATTTAAATGTTGGCTACCCTCTTGATGGAAATTGGATCTTAGTGAAACTTTTTTTCTTTCTCTCAGCAAGATTGGATGTCATACAAGAAATGTCAAGTCATATATA,"[[28973592, ""A"", [""G""]]]",yes,no,A->G,1
chr19,24153070,24153319,CTCTCTTCAAAGCTGTCAGACAGGGATATTTAAGTCTGCAGAAGTTACTGCTGTCTTTTTGTTTGTCTGTGCCCTGCCCCTAGAGGTGGAGTCTACAGAGGCAGGCAGGCCTCCTTGAGCTTTGGTGGGCTCCACCCAGTTGGAGCTTCCCATCTGCTTTGTTTACCTAAGCAAGCCTGGGCAATGGCAGGCGCCCCTCCCCCAGCCTCGCTGCCACCTTGCAGTTTGATCTCAGACTGCTGTGCTAGCA,N,no,no,N,0
chr3,59093376,59093683,CACAGGTATCTCTTTGCCCCCTTCATACCAACACTTGAATGTTCCTTAAGTAACCCAGATGTATACATCTACAACTAAACTCTACATCTGGCTCCTCAAGCAGGACCTCCTCTTTGATGCTTCTGTTGGTGAAAAGTATCACAATCTCCCTGTAGCTAAAATTAGAAACCCAGGGGTGGAGGGGAAGTCTTTCTTGACTCTTTTATTTCTCAAATAAGAAGCCACATCAAGAATTGCTGATTCTACTTCTTAATAGCGCTCAAGCCTTTCTATTTATGTTTATCCTCTCTGAAACCCTTTATCTCTCA,"[[59093432, ""G"", [""A""]]]",yes,no,G->A,1
chr17,47476630,47476873,AATAAAAAGGAAAGTAATAGGTATCAGTGAGGATGTAGAGAAACTGGAATCCTTGTGTAGTGGTCGTAGGAATGTAAAACAGTGTAGCTGCTAAGGAAAACCATATGGTGGTTCCTCAAAAAGTTAGGGTTTTTTTTTCAAGACAGTCTCACTCTGTCATTGAGGCTGGAGTGTAGTGACACAATCATAGCTCACCACAGCCTCAAAAATCCCTGAGCTCAAGCAATCCTTCTGCCTTAGCACC,"[[47476687, ""C"", [""T""]]]",yes,no,C->T,1
chrX,10476672,10476992,AGAGGTCTAAGCTCTGGAAACGAGTTTCAAGTGTCTGAATGAGGGTAGAGAATCTAACTGCATCTCCTGACCCTTTCACCAAGAAGTAGTGAATAGCAGAGTTGAGTGCTTTTGTTGACTAAATATTGCACCCTGGGGAATTGGGCTAATTATTGTTACCAACAGCTGCTAATTTAGACTGATGGATACGGAGATGGTTGCTAGGCATTTTTGATTGATGGTCAAGTTATACTTTAAAAATGCTTTCCTTATGACCCATGAACACAAAAAGTCCTTAAACTTCATAGAGGTCCTAGGATTATTCTCAACAAATATTTATGA,N,no,no,N,0
chr16,65126941,65127227,TACCCTATAAATATGTCCAATTTCTATGTATTGATTTGAAAAAATCAGAACATCTCAGAGATGCAATTCTCCTTTCCAACACTAGGAGCAATCAGCCAATCATCTCAGGCTAAGGTCTGACTCCAGGCAGCCCGTCTCTCAAACATACCCTTTTCAACTCTATCAATAACATCTGTCTTTCTCCTTCACTTAAAGTTCCCCAAGGGCAGGGGTGACACTTTTCTGGTTTATTTATGCATCCCTAACATCTAGCATGGTGCCTAACATGACATAAAGCATAGACATAC,N,no,no,N,0
chr5,83342515,83342784,GTCATATTCATTAGAAAAAGATATCTTTAGGAATTTAACTGAAAATAACAAATGCAATTTCTTTTATTTGCCATTTTGTCTGCCAGAAAGTTTCAGCTTCTCTTTTTATTTTCTAGGCCAATGAAATGACGTGTAGGCCTAGTGAATTCCAGGCAATGTTCAGCACTGGTTTTACTGAATCTGGATGACTTCAGTCTGTTAATTTATTTAGGAGATGGTTTTGGTTTTTATAAGGTCAACTAGAAATTTGTAGGCTACTTTTCCCACTTA,"[[83342636, ""C"", [""T""]]]",yes,no,C->T,1
chr9,117153129,117153380,TGTGCTAGTTATGAGCCTGGGCTTCAAGAAGCATCACAAATTTCTACTCCCACACTTGCATCTGACACCACCAAGAGGAAGGCTTGTCGCAGCTAGTGTGCTAGATGAAGAAGGAAGAATGACTCAGGGTAGACTCACAGCTCTGCAGCATGGAGCAGAGTCACCTTAACTCCTACAGCCTGGGTCCTTGACCCTAGCAAATCTGTAAATGATGAGCAATGCCTGTGAGATGAGAACAACACTTCATTCTAT,"[[117153167, ""T"", [""A""]]]",yes,no,T->A,1
chr1,31834602,31834803,AGGCTCTCTTCCCTGCCACCTGCAACCTCTGCACCTAACAAGCGAGAAGAAATTCATGTTTTGCCCACGCTGAGCAGGATGATCACCTGAGGGTACGAGTAACCCATATAGGACTGCTGTCACCAGGTGGGGGCGTTGATCTGACAGCATCCTATAAGAGTCCAGGCTCTCGATTCTCATTCTCTTGGGTTTCAGTCCCGGC,"[[31834694, ""A"", [""G""]]]",yes,no,A->G,1
chr11,14703804,14704030,TACTAGTTTAATATTTTTCTTTTTAAAACACCTTAAATGTAGTTTTTTCAGTTAGAGTCTGTTAGTGGTAAGTTCTTTTTGTGTTTCTGGAAGTTTCTTTGTTTAACTCTCACTCTTGGATGATAGTTTAGCTGGGTATAGAATTCTGACAAGTCTGTTTTGAGTTTTTTCTTCCTTAAATCTTTTGAAAATTTTCTAAGTTTTTTCTTATTTTCAGTTTGGCTTGA,N,no,no,N,0
chr2,55700702,55700953,CCTTCCCCAGGCCTACACCATGAGGGACACTCTCAGGATTCTTGCTGTTACCTGAGTCTTTTTTGTAAGGTCCAGTGAGGTCCATGGAGACAAGCTTTTGAGTGATTGCAAATTCCTCTTGTGTCTATGGTCCCCAGGGGTTCTATATTCTCTGGGCAGCTGTCTTAGTCAGCTTGAGCCAGAAGGCCATAGACTGTTTGGCTTAAACAACAGAAATGTATTTATTTGTTTCTCTTTTTGAGACAGAGTCTT,"[[55700748, ""C"", [""G""]]]",yes,no,C->G,1
chr12,100755187,100755605,TCTGTTGCTCTCAAGCATCCTGCATTCCAGCTCTTCCTGGTGTACTGTTAACATTTTTGCTTATGCTCATCCCTCACCTGGAGTGCCTTGTTTCCCTTCTTTCTTGCTTGGTGAAATCCAAAGTCTGGTTCAGATGCCGATTCCTCCTCAAGGGCTTCCTCATACCCCATGCTTCTTCCTGTGTGATCCCATAGCACCTTATTCAGATGATTAGCCACCATGAATCATAGTTGAGTGTGTATCTCTGCCTTGCCAGATGGTGAGCACCATGCAGGGAGAATGTCTGATTTGAATTTGGATCCCTCTAGCCTTGTGTTTGATGCATAATAGTTGATCAATATTTATTGAATTAAATGACTTGATTATTTAAGTCTAGGTTCTATCCTGAAGCTAATGCTGTGTCCCTAATCCTTAATTTA,N,no,no,N,0
chr1,53959615,53959963,TACCTTATTAACCCAAACTGAAAATCGAGATTGATAAAGCTGGTTAAATTTAGAGGATTGTTTGCTTTGCAAAAATAATTCTCATAGGAGTTCTTTAGCAGACTTTCCTGACATAGTTAGAATGTTTTTGATTTTCACACCATTTGTCAGAAAAGCAGCTTTTGTTTTAAAGTATATTTATCCCCTAGTGGAAGTCCATTTACCTCATTCAACAATATACCTTTAGTGCCCTCTGCCCTCTGAAATTAGTACTGCATGACACTAAATTAACTCTCACTTGGTAACTGAAATGGCACCAAAAAATCTTTTTTTTTTTTTTTTTGTTAGGCAGGGTCATGTTCTGTCACCT,"[[53959641, ""T"", [""G""]]]",yes,no,T->G,1
chr15,47654538,47654790,CCCACATCTCATGTTGAATTGTAATTCCCAATGTTGGCGATTGGGCCTGGTGGGAGGTGATTGGATCATGAGGCTGGATTTCTCAGGAATGGCTTGGGCCATCTCATTGGTGATAAGTGAGCTCTCACTCTGAATTCCCAGGAGACCTAGTCATTTAAAACTGTGCGGCTCCTCCCCCCACTGCCTTTCTCTCTTGCTCCTGCTTTTGTCACATTAACATGCCTGCTTCTGCTTCATCTTCTGTCATAATGGT,N,no,no,N,0
chr1,112257012,112257385,GGGTTGTACTGAAAGATATTCAATAAAAGATGTTTCCATCTTAGCCACTGACACTGGCATATGAGAGCATTGAGCATCCAAGTTCCTGGATCTGCCACTTATCTGCTGAGTACCACAGCAAAGTCAGCACCCTTCCATGAGCTTAAGATTCTTTGCCCTCTCCTTCACCAAATTTTTATGAATACCAGATGAGATGACTGTGACAGATAGTTGAAAACCATACAGCTCAACACCATGATGTCATCTGTTTTATGGTCAATCAGTTGCCTACACAGATCTAACCTATTAATAAAAGCCTCTAGTTGAACTGTAATCTTGTTCTGTCATCTAGAATGGATCCTCCTACCGACAAATCAGAAAGCAATAGGTCATAT,N,no,no,N,0
chr18,2728366,2728672,AGTCTTTAATGTTAAAGTTATTTCTTTTGCTATTTCAGTACTTTAGTCTTTGAAACCTGAATATGTATTTCATTGTATAATTTACTGTTAGGTCACCCTCGTCGACTGAAAGTGAAACCTGATTCTGAAATTTTAGTTATAGAAAATGGAACAGCTTTCCCATTTCAGGTGGAAGTTTTAGATGAATCAGACAACATAACAGCACAACCAAAATTGATTGTTCATTGTAAGGTAAGCTTATTGGAAGATATTTAGATTGAGTCCCATTGTAGTAAGTGGCAATGACTATTTTAGCCACTTAATAGTA,N,no,no,N,0
chr1,35699385,35699635,AGCCATGTGGAACTGTAAGTCCATTAAATGTCTTTCTTTTGTAAAGTACCCAGTCTCCATATGTCTTTATCAGCAGTGCCAAAAGAAACTAATACAGGAAGTGATAAAGTTAGAAAAGCTGGGGAGTACAGGGAAAGTGATTCAGCTTCAACCCACAAGATTGGAGCTTCCAACTGTCCCCAGCCTTGCACAGTCCTCTTTCCCCGCACAGCACCAGAGAGTTCTTTCTCAAATGCAAATCTGATCCTGTC,"[[35699495, ""C"", [""T""]]]",yes,no,C->T,1
chr13,59885098,59885435,CTAAGGATTTCACAGGAGGTCCAAATGAGTTCTGAAGATACTCAGGATCATCAAGTGGTAAAGCTATGATTGGTAAAGCTAAGGAACAAAGAGACTTCCTATTTAATTTGGCAGTCTCAGCACACAGTCTTAACACATAAGTTTCATATCTCTTGAATTAAAAAGCTGGCATAAACCCCAGAATCATATTAGTGTCTTAAATTCATTCATGCCCGCTTCCAGACAATCCCCATCCCATCGTAGAAAACCAGTGTTTTGATTTCAATCACTATAGCTTAGTTTTGCCTGTTCTTGAAATTTATATTAATGAAACTATACGGTAAACAGTTTATATAGCT,"[[59885180, ""A"", [""G""]]]",yes,no,A->G,1
chr1,14850097,14850582,AGCTAATTCTTGTATTTTTAATAGAGACAGGGTTTCACCATGTTTGCCAGGATGGTCTCGATCTCTTGACCTCGTGATCCGCCTGCCTCAGCCTCCCAAAGTGCTGGGATTATAGGCATGAGCCACTGCGTCCAGCCTATTTATGCTTTTTCTAATGTTGAGAAAGCATGCTTCTGATTACTTCAAAATGTGAATGTGCTGGGGAAGATGACTCATAAACCAACATGACCTTGGCATTCTACTAACCCAAGTCCCTTACTGACCAACCACATGTGAGGTTGGTCATCTGTGACATGTTTAAGGCAAAGAGACTGTATCTTGTTAAATCCTCACACCAATCCAAGGAGGCTTATACGGCTAACATCATCGCCATTTTACAGACGAGAAAACCAAGGCTTAGAGAGGTTAAGCAACTTGCCCACGGTTACTCAGATAATAAGTACAGCAAGAGTTTGAACCCAAGCAACCATCCTCACCACCTTCCAC,"[[14850105, ""T"", [""C""]]]",yes,no,T->C,1
chr4,187218852,187219213,TTTACAGGCATGAGCCACCGCGCCCGGCCAATAAACAGAGTCTTAAAAATGTAAATTCAAAATCATAGGGAACACATTTCCGACTTATCTCTGGCCGCAGTAAAGAAAACAACGGAGATGGAAAAGCTCAAGAATGCAGTCAGCTTTCTCCATCCACCCTGACATACAGTGTGAAATATGACTGACTGAAGCTCCGCTTTCAAGATAAAGGATGATCGTCACAACGGCTAGTATTTGTGGGCTTCCCGTAGTTGTCTAGAGTTACCAAGTGGCAAGTGGCTGCCGCGAGATGAACGCGGAGTAGCTTGGCCGTAAAGACCATGTTCTCGGTAATTAATTAGTCCTTTGTGAGCAGTTCAGTA,"[[187218926, ""T"", [""C""]]]",yes,no,T->C,1
chr9,20217631,20217925,GGGTAAACAAAGAGGTTGGTTAAAGCCTGAAACTGCACTAGAGACTCCATTTGTTGTAACAGCGCTACCCAAGTCTCTCACTATACTACTGCTTTCCAGATTGCTTTTTCCTGGAAAATATCTGTTTCAAATTATTGTACCCATGTGTTTTGGCTTCCTTTACTTCAATTTGAGTCACATCTGGCTATCTTCTGCCTATATTCCTGATCCCAGTTTGCTTTTGTATTGCTTTTCTATCTTCACTGGAGCTTTCAACATCTTTCACTTTTGCATCCTCCAAGCATTTCATTAAACC,"[[20217746, ""G"", [""A""]]]",yes,no,G->A,1
chr8,89230281,89230527,AAGCTGTATAAATTAAAATTCATATTTTAAAAGACTTCAAGGATTTCTAAAAGCAAGGAAGATTATTCGATTAACTAAACTTCTAGAAAGATGTAACTTTTCAAGATAAGCTGATGATTACCAGATGTTTATTTCTCTGCAGGGAATCTGGAAATCTTGTGTGTAGGATGACTGTGCTTGTCTAAAGCTTCTAAATGTCCCAAGCAGAAAGTTCTCAATAGGGAAAAGGGACACCAAAACTGTGTTA,"[[89230287, ""C"", [""T""]], [89230429, ""C"", [""T""]]]",yes,yes,C->T,2
chr3,98872082,98872430,TATTCACAGTAGTCTTAGATCATTTTTTCTAGTGTTCTACACATTCAGAGAAACTTTCTAATAATAAACTACAGAAGTGATCTCTGAAAGTATAGTCTTCATGTTGAAGTTTAACTGCCAGCATGACAGTATTGGAAAGTGGGGCCTAATGGGAGTTGTTTGGGTCATGGGGCCAGATCTCTTATAAATTGATTAATGCCATCTCACGGGAGTGAGTTCTCACTCTAACAGGACTGGATTAGTTACCATGACAGTGGGTTGTTATAAAGCAAGTCAGCCTCCTCGGTCCCCTCTCTCTCTGCACAAGCCCCTTTCCCTTCCAGTTTCCTCCATGAGTTGAAGCAGCACA,"[[98872111, ""C"", [""T""]]]",yes,no,C->T,1
chr12,19400953,19401156,ATCCTCCTGTCTTAGCTTCCTGAGTAGCTGGGACTACGAGTGTGCATCCCCATGCCTCGTTACGTTTTGTGTTTTTTGTAGAGTCAGGGTTTCTCCATGTTGCCCAGGCATGTCTCAACTACTGGGATCAAGTGTCTGCCTGCCTCTGCCTCCTGAAGTGCCGAGATTACACTGAGATGACATGCCTGAGCCACTGCGTCCAAC,"[[19400969, ""C"", [""T""]], [19400990, ""A"", [""G""]]]",yes,yes,A->G,2
chr12,9922520,9922795,TAGCTATAAATTCTGCAATCAAGGTAGAGTGCTGGAGATCTGCATGTAATTTAGGTTTCGAGGTTAGGGTAAGAAATGGAGGCTTTCCTTTACCTATGAAAACACCCAAGCTAGGAAAGTGAAACTTGCCATAAAGGACAACACATAAGTGAAACATAAGAATTAGTGAAACCTTTGTTTCATTTCATTTACATCCAGTGCTGAAGAATATGGAATAATAATGAAAGCACATTGTTTGGAGATTTACTGTCTCAAGGTTTTATTTAGGTGCTAAGT,N,no,no,N,0
chr9,137759861,137760223,GACAGGCGCCATCGGCCTGTGGAGTGTGCTGAGCGGGTCAGTGGGGGCAGGTGATGCCGCTGGTTGTGGGTCAGGGGGTCCAGGCTTGAGCCTTGGGCCAAGGAGAATATGAAGATGAGAAGTCCTCTCCGTATGCATTCGTCTCTTTCCCCGTTGCCTTGCTCTTGGGCCTGCCTTATTGAGGCTGAATGGCGATGTCACCCAGCAGCAACAGGAGGCAGAGGGTCTGAGCCTGGGAGGGGCCAGGAGTCGGTAACCATGGCAACGTGGGCTAGGGCGGGAGAGGCAGAGCTTGGCGGAGGTTGATTGCTTGAGGCTTGCTTCAGTCAGTTCGTTTGATGTCCCTGGTAGTTCCACTGTGGG,N,no,no,N,0
chr7,96001063,96001345,GCATCCCGTTAATGTGCACACATGTTGTCAACACAGAACTCCAGCTGATTCTATCCAGTTCCCTAAATGCCCTTCCCTTCTCTCCCCATCCACTGTGCTACAACCATCTGAACCAGGCTTTCTCCACTGGGCTTCATTCAGGAAGTATCCTGGGAATTATGGATGCTGTGCAGTGAGAGCCAGATTGCAATATGAGCACGTTTGCTGTCTTGTCCCTCCCTTCCCTTCAATACCCACCCACCTCCAGCCATTCACTGAGGTGAGAGAAGCCTTGGTCTCAGGA,"[[96001192, ""T"", [""G""]], [96001289, ""G"", [""T""]]]",yes,yes,T->G,2
chr13,19882206,19882645,ATCCCAGGGAATTACTAAGAAAGTGAAAAGACAACCTTCATAATGGGAGAATATATTTGCAAATAATGTATCTGATAAAGTTTAGTATCCAGAATGTATAAAGAACTCTTACAACTCAATGACAAAAAGGCAAACAACTCAATTAAAAATGGATTAAGGACTTGAATAGACATGTCTCCAAAACATGGCCAACTAGCACATGAAAAGATGTTCAACTTCATTAGTCATTAGAAAAATGAGTATTAAAACCACAATTGGCTGGGCGTGGTGGTAGCTCACACCTGTAATCCTAGCATTTTGGGAGACTAAGGTGGGTGGATCACTTGAGCCCAGGAGTTTGAGACCAGCCTGGGCAACAAGGTGAGACCCAGTCTCTACCAAAAATACAAAAATTCGCAGGGCATGGTGTCATGCGCCTGTCATCCCAACTACTCAGGAGC,N,no,no,N,0
chr2,220870458,220870684,TTTAGTACAACATACAGTTCTGACAATATGGCAAGCTTCATAAGCGAAGAGAATGTATCTTATAAATCTAGCATCCTCTTTAACTCCAAACAGACGATGCTGTACAGAATATGTCCCTGATAAGTAACTATTGATTTATTGATCCTTTAGGTCAATAGCTCCTTGAGCACCAATTGATTCATGAGTAAAAAGAAAGGCCGAGATGTTAGAAGTAACCCACAACTGTG,"[[220870462, ""C"", [""G""]]]",yes,no,C->G,1
chr7,99888679,99888907,TCCTAGATGGGATGGTGGCCGGGAAGAGGCGCTCCTCACTTTCCAGACTGGGCAGCCAGGCAGAGGGGCTCCTCACATCCCAGACGATGGGCGGCCAGGCAGAGACGCTCCTCACTTCCTAGACAGGGTGGCGGCCAGGCAGAGGCTGCACTCTGGGCACTTTGGGAGGCCAAGGCAGGCAGCTGGGAGGTGGAGGTTGTAGCGAGCCGAGATCACGCCACTGCACTCC,"[[99888815, ""G"", [""A""]]]",yes,no,G->A,1
chr12,93153377,93153740,GTAGACAGTGGGCTACATGAGTCTGAAGCCCAGTGGGACAATCTGGAGCAACTGAACATTTGTAAATAGAGTAGTTCACGATTTCTGTGGTGGATACTGTGATGCGCCACTCAGATCCTTCAAGAGCATGATGCTCATTCTTCCAGCTGCAGGGGAGTGCTGACTCACAGCTAACTCTCTTTCCAAAGAAGCTGCCTTACTCAAGCTCACATCCCCTCCAAACTGGCAGCCCATATCCAGTGACTGGTTGAGGCAGAGCACAGAAGCCCAGACCCCTTGCCTTGATGGCAGATAACTCTGAAGGGTGATCCCAGCTTGAGGACTCATCCTGCGCCATGGGCTCTGTGTTGGCTATATTATAGCT,N,no,no,N,0
chr20,24199627,24199934,CGCTCATCAGCTGTGTCTTCGGGGAGGCCTTGAATGCTGTTGCATTCCTGTGCTTTTATATCCCTGGACACGCCTGAGTGCAAGGGAGGCTGGGAAGTGTAGTCTTCCTTCCAGATGGCCAGGGGCTGCTACAAGCTGTAATATGACAGGAAAAATGGAGAATGGATAGTGAGGTGTGATCAGCAGGCTCTTCCATGACAACCAGCAGGTAGGGTGGATCTCTACTTGCAACTGTAAGAGACTCTGCAGAAGACACACCTTCCCGTCCTCTGCCTTATGGACTGTGAAACTGTCTTTATGTATGCGGC,"[[24199770, ""C"", [""T""]], [24199801, ""C"", [""T""]], [24199930, ""A"", [""G""]]]",yes,yes,C->T,3
chr20,48412029,48412371,ACAGATCATGATCCTGCTGATCGAAGCAGGATGCAGTAAAGCAACTGGCCAAAACCAGCAGATGGTGGCAAAAGTGATCTCTAGTTGCCCTCACTGCTCAATAGCATAAAGACACTCCCACCTCCTACCAGCGCCAGGACAGTTTACGAATGCCATGGAAACTATCCAGAAGTTACCTTATATGGTTCTGGGAACCGTCTGCCCCTTTTCCAGAAAATTCTAAATAACCCACCCCTTAATTAGCATATAATTAAAAGTGGTATAAATACAGCTAGCCCTGGTCTTCAGGGACTGCTGCTCTGGGCTGCTCTGCCTATGGAGCAGTCCTTCTGCTGCACACTGC,"[[48412103, ""C"", [""T""]]]",yes,no,C->T,1
chr4,103415102,103415324,TAGATCCACTGACAGCTTGCACAATGCACCTGGAAAAGCTGCAGGCACTCAATGCCAGCCTGTGAAAGCAGCTGGAAGGGAGGCAGTACCCTGTAAAGCCACAGGGGTGGAGCTGCCCAAGACCATGAGAACTCACATCTTGCATCAGCGTGACCTGGGTGTGAGACATGGAGTAAAAGGAGATCATTTTGGAGCTTGAAGATTTGACTGCCCTTCTGGATTT,"[[103415195, ""C"", [""T""]]]",yes,no,C->T,1
chr9,16205439,16205880,ATCAGAGTTTCCGTCTAAGCATAAAGATTTTCCAGAAAGCTTCCCTGGAAGTTCTGTTTCTGTGCATCTTATCAATTTGCAACCACATCCAGGGAACTGGGCCAGTAGGCCAAGACTTCTTCCTGTCATCCTTCCCCTCCCTTGCTTTCCTCAGTTACTTGTTCCCTGTGTGCTCTGGCAGACGGTGGAGATACAATGATGAGACACACCAGGTTCCTCATCCCAGATGTTCTCGGCCCAAAGGAGAGAGACAAACCCATAGGCAGGCATGGCCAAAGTGCAGAGGAGGCCAAGAGAACAGGATGACTAACTCAAATGAGAAGCATAGTTCATAGAGACTCATAACTCCCTATTGATCAAGGGTACAGAGGAACTTGGCCTCTCCAAAAAAGCAAGAGAGGTTCCAAACCTTCCTCATTGCAGTGGGATGAAAGATTGGGAG,"[[16205474, ""G"", [""A""]]]",yes,no,G->A,1
chr1,78464666,78464987,TTTGGGGTTGAAGTTGGACTAAGAAGAGGAGCCACATGGTTGAGTAAGAGCTTATCTATTGGCCATTATGATTATTGGCCATTAGCATTGGCTTTAAACACAATGGCCAATAGATAAGCTATTACTCAGCCTTGTGGCTTCTCTGTATTTCCTCATGTTTGCTGTCATGCTTCCTCTCAGTGCTGTGAGAGTGTGTGCTTCTCTCTCATTTGAGTGTTGGTCACAGATCTCATCTTGTCACTATTGGGCTGTGCACCACCACCCTGGGGTGAGCTCAGGCTTTTGTTCCCTCACCATCTTTGAGGCAACAGGGAAGGGACCT,"[[78464683, ""G"", [""A""]]]",yes,no,G->A,1
chr7,46448539,46448761,GCAGGGTTGTATCAATGCCATTTTGGGAAGACAAAGAACAACACCTTTTGCCTTCCATTCTATTAAGCTGACCTGCGCTTAGACTGGAACCTGCTCTGGAGTCAGCCTGTCCAGTTTCACTTCCTCATATCACTGAGCTCAGGCGACCAACACCAAGGTAGCTTCTGGGAGTAGGGTTGGGGAGAAGGTGTGGAAGAACATGCACACATCTGAGTTAGGATCC,N,no,no,N,0
chr15,49024769,49025223,TGCATCTCAAAAATCAAACAAATCAAAAATCAAACAAATACACTTAAGTAAAGTACAAGGATAACAAAGCATCAGAAGTAGAAAGCAAATACATTGTCAAACATGTGGCTCCAGTTCTTTGGTGCCATATATATTTGCAAAGTTTTCTTTTTTGTTCTTTTAACATTCCTCATCAAGTTTTGAGAAAGAGATAAAATGTTTTTCATCTCAGTATTATTTCCTCTCTAGTGAGCTACTGATACCAAAACCAATAGTACTGAAACTGTAAACATGGGTAGGACTAGCAATTACAGTCTCAACAGAAAATTTCAGCCCGTATGTAAATATTAGGTAGAATTCATTTATCTAATCTACATAAATGATTCCCCTTTTAGCTCTTTTGTTTTTAATCAAATGAAGTTAGACTGCCTCACAAGCTTGCCATAAATGATTTATTTTTGCAATAACCACATGGA,N,no,no,N,0
chr4,6857904,6858395,TGTAACCTAAGGCAGTATCCTAGGCTAAACTAAGGGATAGCCCTTTTTCCTGTTTCAGTTGAAATAGCCCTTGCTAACCTACATGTTAAGTAATAGAGCAAATTGTAATAAAGAATATTCTTTACAGATTAGTTTTGGTCAAGATGAGTCAATGTAAAGTCTATGAGTGTAGAATTTTGTGAGAAAATAGTTTTGGAATCTAAACAGATGTTCTGTCCTTCTGGTCTAATTAATAAGTACACAGGGGACTTCAGTCTCTTAATTAAGTGCCTCTAGAGCACTGTATCAGTGACGAGATGAACAACTCTCACCTCTTGGCCTAATGCTAATGTGGTTTAATCGGAGAATTCCCTCTGGCACACTGAAAAAATAGATTTTTATTAAAAAGATCGGTATTGAGTTTGCCTTTTAAGCACCAAAGTCTCTATTTCTTGTTAAAATTAGTTGAGAAACTTTGAAATACATTAGCATTTATTAACTAGATATAAGACA,"[[6857979, ""C"", [""A""]]]",yes,no,C->A,1
chr3,65262522,65262917,ACATGTACCCTAAAACTTAAAGTATAATTTAAAAAAGGAAGTTAAAAAAAAAGACACTTCTCAAAAGATCTGCAAGCAGCCAAAAAATATACCAGAAAAAATCCTCAACACCACTAATCACCAGAAAGACGCAAATCAAAACCGCAATGAGATACCATCTCACACGAGTCAGAATGGCTATTTTTAAAAAGTCAAAAATAGATGTTGGCAAGGTTGAGGAGAAAATGGAACACTTTACATGCTGCTGGTGGGAATGCAAATTAGCTCAGCCCCTGTGGAAAGCAGCTTGGAGATTTCTCAAAGAACTAAAAATAGAATTACCACTGGACCCAGCAATCCCATTACTGAGTATATACCCAAAGGAAAAGAAATCATTCTACCAAAAAGACACGTGAC,"[[65262593, ""A"", [""G""]], [65262605, ""C"", [""A""]], [65262674, ""A"", [""T""]], [65262707, ""G"", [""A""]]]",yes,yes,G->A,4
chr4,43472528,43472900,TACTTCTAGCACTCCCATTATCTCAAGTAGCCATATGTTTCAAAGAAAATACTAAACCATCACAGCTGTAGCTCATTCACTTGATACACCACTTCCTTTCAACCCACACATCCTTACCACCTGTTTCTTTGTTTGATCACCAATAAATAGCGTGGGCTCCCAGAGCTTGGGGACTTCGCAGCCTCCATACTAGCGTTGGCCCCCTGGTCCCACTTTCTCTCTTAAATTGTCTTTTCTCATTCCTTTGACTGTGCTGGACTTCGTCACACCCACGTCCTGGTGTTGGGTTGGATCACCCCAAAAATTTACTTGGACCCTCTCTCTTTTTTTCTTAGTCTGGCTAAAGGTTTGTTCAGTTTTGTTTAACTTTTCA,"[[43472722, ""A"", [""G""]], [43472753, ""C"", [""A""]]]",yes,yes,C->A,2
chr11,14094491,14094891,TTATTAAAATTAATCTTATTTTAAATTGGCATTGGTTTAATTACCAACACACTTGAATCTTTTTTCATGTTTATTGTCCTTTGCCTTTAAAACCACTAGGGTGTTGGCATGAATCAAGTCTGATTTTGCTCCTTGTCTCCCCAGGGCATCAGTCATTGTCTGGCACACTGAAAGTTCTGAATAAATAGTGTGGAATGAATGGATGAATGAATGAGAAGCAGTTACAAAATGAGGAAGGAAGAGAGTGGAGGGAGATGAGCAATGAAAAGCTGCTGATGAAGAGGTTAGGGCAGGAGAGAGATAAGGCCATATGTGGCTGCTGAGTGGACAGCAGCTTGGATGGGGCCAGTGGTGTGTGGGAGGATGCGCAAGGAGGACATTGCAGTCAGTTAGTGGCAAAT,"[[14094887, ""G"", [""C""]], [14094888, ""C"", [""A""]]]",yes,yes,C->A,2
chr15,22654165,22654582,GCCTGGGTGAGAGAGCGAGACTCCATCTCAAAAATAAAATAAAATAAAAAGAAAACCCGATATTAGGGATTTCACAGTGCTGTAGGCTGAATGATGGTGCCCCCCACAATTCAGCTGTTGAAAAGTAACACCCATATGATGATATTTGCAGGTGGGGCCTTAGAGGGAGGGGATTAGATCATGACGGTAGAGCCCTCATGAATGGGATTAGTGCACTTATAAAAGAGTCCCGAGAGACTCCTGCCCCTTTCACCAAGTGAGGATGCAGGGAAGAGATGGCAATTCATGAATCAAGAAGCAGGTCCTCACCAAATCTTACGGCACTTTGATCTAGGACTTCCTGCCCTCCAGAACTGTGAACAACAAATTTCTATTACCTATAATCTACCAATTTATGGTATTTTGTTATAGCTGTTCA,"[[22654249, ""C"", [""G""]], [22654506, ""C"", [""T""]]]",yes,yes,C->G,2
chr9,131794911,131795214,GCACTCCTCGAACACAGCACAACGAAGCCCATCCATCCATCAGCTAGTATTAATCCAGAGCCGCAGGCATGGGAAGGGCAGAGACCAGCCAGACTCAGGTCCCACGGGGCTGACCTCTCTGATTCCAGGCTGGAAGCAGCATCCTATTCTTTCAGCAGAAAGTACAGACTCCTCTGGGGAAGGGGGTCTTCCTCTGCCCACCTCTCAAGAAGCATCTGGCATTACCTCCTCCCTCCCCAATGTGCCAGTCCTCTGGGTCTTTCCTTCCTTCAGAACCTATTTCCTGCCTTGGGGCCCTTGCACC,"[[131794945, ""G"", [""A""]]]",yes,no,G->A,1
chr12,25824752,25825128,GACATTAACCTATTCGTTTATCAGGCTTTTGCCTCCTTTCACACCTACAACTAGGAGAGAAAGAAGAGAAAACATAAAGCAGGTGACTTTTCTGTTGTAGATCAAGTTTTTAAAAGGTTTGCTCAAGAGGTACTTCATAGTCCCAGTTCTGAAAGGAGGCTGGGATACCTTCCAGATTTAGTCTGCTTTGTCTCTGCTTAACACTGAGACTCTTCCAAATGGCAGCTCCCTCAGGAATATGTGAGCAGCACACACTCTCCCTAACATTTGTCAAAGTGCGTTAGCAACTAATGCTTCATTCCCAGTAATATTTTGAAAATTTCCCTGATGTTAGAGTGAAGGGCCTTTTTTCCCCCATCTGCAACACCCCAATCTTA,"[[25824787, ""T"", [""C""]]]",yes,no,T->C,1
chr1,222138107,222138491,TATACGTATATATATACGTATATACACATATACGTATATATATACGTATACATACATATGTATATGTATACGTATACACACATATGTATATGTATACGTATACACACATATACGTATATATGTATACGTATACACACATATACGTATATGTATACATATATATGTGTACATATACGTATATACGTATATGTATACATATATACGTTTATGTATATATACGTATATACGTATATATGTATATGTATACATATATACATATATGTGTATATACGTATATACGTATATGTGTATATATACAATATACATACATGCACATATATGTGTATATGCACATATATACATACATGCACATATATGTGTATATGTACATATATACATACATGCA,"[[222138124, ""A"", [""G""]]]",yes,no,A->G,1
chr16,56353250,56353516,CTACCCTCAGAGACAGGCCTAACCCTACGGCTCTTTCTTGCCCAGTGTCCCACTGGGGCCTGACTTGGGAGTGGCCAGTCTCACTGCTGTGGAGTGCAAGCACTAGATGCCCCAGCGAAGGGCAGTCGGAACCTGAGAAACAAGTTCTCCAGGGCCTTCAGAGGAATCCAGTTTGAATTCAGGTATCATGGATGACAGATGGTCACCAGTGCAGTGGTCCCATGGAGTGCAAACCTGTGAGGGCACAAAACAAGCAGCAGGGGTGGG,"[[56353269, ""C"", [""T""]], [56353376, ""T"", [""C""]], [56353467, ""C"", [""T""]]]",yes,yes,C->T,3
chr1,180478050,180478483,TAAATTTAGATCACCATATGATGCTTATTTTTCTTAACTTACATGGATTGAATAAGAAAACAAAGTCATTTTTAGTTCTAATCTATTATCCCAAAAGTACATCATTTTGGGATGTAAAGATAATAAGATTATCTTTATTGAAATTATTATAATTTTACATTAAAATGTATTTTTATTTATTAAGTACAGCTAAAAAATAATTTCTAATCTTATAGTTTTTATTGTGTGTCTATTAGAGAAATACACAAAATAAGCATAATTGAAGTGTATTTAGTTTCACAGAAAAATCAGTAACTTTAAACTGTGAAACACTGCCCTCTATAGTCCACTGAATTAAACAACAATTCAATTTATAATACTTAGAACAATACAACCTAGACAAGGAATTTTGGACTTTCTGCCTCGTTCCTGAAGCAAAATTTTCCCGCTCTATA,"[[180478124, ""A"", [""G""]]]",yes,no,A->G,1
chr16,47619613,47620063,TGTTCCTGTTAAAGGGCCCATCATCTTCTGTTGCCTAGGTAATTCTAGTGCCCACTGATTATCTACGAATGATACCTTCATTGTTCATACTGCAGCGCCTCTGCCATGCTAATGTGAGATAATGGTTTCTTGAAGAGTGTTTGTTTCCAGCCTTTGCAGCTCATTCAAACTTGGGAGAGCTCTGGTTGCAGCAGAAACTGCAAGCAGCTGGCCATATGCATTTTATTGATTTATTGTATTTTGCGTTACAGTTGTCCACTAGGTATAAGGTGACCCTTAGAGAACATCTATTTATAGTAACTAGGGGTTGGGTTTCTGGAGTTCTATAGCAAATGGACTTATTTTTACATGTGTATTATACTAATTAGAATACAGAAGATTCCTGGTTAAATAGGAAAATACACCTAATACCTTTTTAAATGTTTTTGGAATATTGTCTGAAACTATTATA,"[[47619692, ""G"", [""A""]]]",yes,no,G->A,1
chr4,174201947,174202232,AAAAACTTTTTATAAAGCCTAAACAAGGCAGAAAAGACACACAGACACACATCTGTCATATGTTTGCTGCTTTATGGTCACTGCTTTAAGAAAGGATGTGAGTTATGAAGTGAGTCCTTTCGTAAACATTGTAATAAAGCCTGGGTAAGATATACAAGGCATCAGAACCCTTCAAGCTGCTGTTCTCTAAATAACACTAAGAATTATATGAGCCTCCAAGTTCCTTGTATAAATTGCTACACCAGCTCAAAACACTAGGCTGCTTTATCATTTTTGAATCCTTTTC,N,no,no,N,0
chr3,84684535,84684958,GCCTTCAGATGTTGAAAAATTCACTGAACTAACTAAGATCATAATACGAAGACATGAAACTTAGAAAATATTTTGATCCACAACAGCAGACGTATACTCAGCCTTGAAGTAATTTCAATTTACCAATAAGATGTCACTAAATGTGAGTTGGGAACAGATGTGCATAATTGGTTCTTGCAAGTAAGTGTAAGCTGGCTCTAATGTCCCAGTCTGTCATCCTCCAGCAGGCTATCCTGGGCTTGTTCTCATATTGGTGCCATGAGCTCAAGAAAACCGGCAGAAGTATTCAATACCATATAAGGCCTGAATTCAGAACTGACATATTCTCATTTCCTTTGTATTTTATTGCCTGGAGCATGATACAATGATAGCCCAGAATCAATAATGTAAAAAGAACTCTGAATCATGATACAATTCGTTACTA,"[[84684594, ""T"", [""C""]]]",yes,no,T->C,1
chr1,65103834,65104146,CAGTGGGAATTTTCCTTGGGGTACATGGGACCGCCTAGCCTCCCCTCTCCCACCTTAGCCCAGTGATGACAGCGACAGCCCAGACCCTAGGGCAGGATGCAGACCTTTGAGAGCTTGGTTCTCAGAATAGCACCAAGCTGCAGCTGCTTAGGACATGGATGCCTGTGGGACTTTGTGTGTGTTCCCTCTCTGGAGCAATGCCTCTGTGCCTTTTTTTTTTTTTTTTGAGTCAGAGTTTTGCTCTTTTGCCCAGGATGGAATGCAGTGGCATAATCTCAGCTCACTGCAACCTCTGTCTCCCAGGTTCAAGCAA,"[[65103836, ""A"", [""G""]], [65104082, ""T"", [""C""]]]",yes,yes,T->C,2
chr19,34574792,34575029,CACAATCAGTCTGATCGGTTGCAGAAAGCAAACAGAGGCTGAGATGAAATTACAAAAGTTACACCCTATGCAAGCATCTGATTGGTTGTGGCAAGCAATTGGTTGTTTTCTGCAACCAATCAGATACTTTCAATTTTCCATCTGCCACACAGAAAAAGGGGAAGTAGGCTTGCAAAGGGAGTAGTCTCTGGTCCTTTTCTTACTTAGGTTTGAAAAATTGTTTTCTGTTTGATTTAGT,"[[34574835, ""G"", [""A""]]]",yes,no,G->A,1
chr4,155745993,155746386,TAGGAAGATAGAGATAGTATTTCTTTCTGGAGCAAGGGGCAGGCACGCTTACTGTTCAGTATAAAAGATTCATGTTCCCTAAGTTCAGGGTTCCTCTCTTGTGATGTAGCCTACTGCATGGACAGGCGTTACTTGGACCTCTTTTCATCACCCTGTGGACTTGGGACTCAAGAAACTGGCTACTCTGGCTATTGCTGTTGCTGTGAGTAATACATTCTTTACTCACTGACCCAGAAATCTTACGGTTTTTGCCAGCATTACAAAATGCAGCAGGCTAACTTATTAACTTCCAAGTAGGATCAGGTTATCATGCTAACATTTTTAAATCATATGATTTCACAAAGAAATCGAGATCACTCATTGTATGCAGCATCACTTGTCCCACAATGTCTCT,"[[155745994, ""T"", [""A""]]]",yes,no,T->A,1
chr7,85511990,85512367,TGATTATTTTAAATGCTAATATTGTCCAGTAGTTTATCTTCTTTTTAAAAAGAGTAAAATCAAATAAAAACATCATTATTATAAGGATTACTTTTATATATTATCTATTAAGTTGTATTTATTTCCCCAGAGGGAGTGTTACAGCACTCTTTTAGCTCTGCCATCTGCAGACAGTTTAAGTGTTAACAGCTCAGTGGGCCCTCTGTCATTTTGCATAAAGTGGTTGCTTTCCATCAGTGTGGGCAAAGGGGAAGTGTGATAGCCTTTTGTATTCATACTCGTGGCACCTGAGCTCTTGTTTGGCTTCCAGGAGAAATGGTGTCCCACAAGCAAATTGAAGGATGGCAAATGCAGGCAATTTTATTGCTGATGTAGGTG,"[[85512049, ""C"", [""T""]], [85512289, ""A"", [""T""]]]",yes,yes,C->T,2
chr7,54581556,54581883,TCAAAACGCATATCTGATAAAAGAGTTGCATCCCAAATATACAAAAAGCAATTAAAAATGACTCATTTTAAAAATGGTTAAAGCATCTGAACAGTCATCTTACCAAAGAAAATATGGCATCTTTCCAAAAGAAAGTATGATGCCAATGGCAACAAAACCTATGAAAACATGCTCAGCACATATACCACTGGGGAATTCCAAATTAAAACAATGGGATCCACTACATAACTGTGAGAATATCTAAACCCAAAACACTGACACCACCAAATGCTAGTGAAGATGTGGAGCAACAGGAATTTTCATTCAATGCCAGTAGGAATGCAACACG,"[[54581603, ""A"", [""G""]]]",yes,no,A->G,1
chr5,106658207,106658481,AAGAAAACATTTCACATTATTCTCCATGTGGTTTTAAGTGTGCTGTTATGTTCTCACTACACTTCCTTTCTTAAATCTATAAAACCATACTACCCTCCTTCAAGTTTCTACTTGATTCACCTCTTAGAAACCTGCCAAACTAGATCCACCTGGGTCTAATTACTTCAGACATTCTTTCACTCTGTGTATCTTGATACATCAATAATCTTAATAGGATATACATGTCTGTATCATTTATGTTTGCAGAGATTTAGCCAAGCTGGAGCTAACTTCTA,"[[106658252, ""G"", [""T""]], [106658388, ""G"", [""C""]]]",yes,yes,G->T,2
chr10,51659387,51659664,TTTTTGTAGGCCCAGAGGAGCTGAGCCATCTGGCCGGGAGAACAGCATGAGCTAATACCCAAGGAGATTAATAATCTATAACAAATGAACATAATTGTTTTCAGGCAAAATCAAGGGTTATGATGATGTGATGACTAAAAGGCTTGACTCAGTCCATTGGAAATATGAGACTAAAGGGCAGGGGAAATTTAGGAGTATGAGTATAGCTATCTCCGTGCACAGTATCAAGAGATGAAGCTGTAGCAGTGAATTATCTCACTTGTAGTCAACAAGGCAGA,"[[51659421, ""T"", [""C""]]]",yes,no,T->C,1
chr16,52032474,52032847,GAGGGTGAATATCTCAATGGCAAAGAAGAAACTCCAGATACTGCACTATCCTGCCAGACAGAGGGCTGTGCCACTGTGAAATTGTATTTCTGGATTGCAATGAAATTTCAGAGACCCTCATGGCCATTAACATCAGCCTTCTGGAGTTGACTTGCATTCTGTCCCCATCTGCCCTGCCTTTCTTCTCTTACTGCTTGTTCACAATGTGAACCCCAGATGGAGGTTCCTCTTCTGATTCTGACAGGCAGCCTGGTTTAGCAGACAGCAGAGGGTGCCTCTTGGTGACTGGATTCTGGGAGCCACAGAAATTAGAGTGAAAATCTTAGCTGGCCTTTCCAGCTGTGTGACTTGGAGCACACTAGTTAGTCTCTCTG,"[[52032532, ""G"", [""C""]]]",yes,no,G->C,1
chr9,80148047,80148292,GCCATCAGCTGCAAACTCCAAGAACACACAGAACAGCACTTAGTCCTACCCAAGCCATTGTGACTGACAAGAGAAGTGCTCTGTCTTCTGAGCATGCACAACACGGATGATTTTTCCACATGAATTATTCATTCAAAGCTTCCAACAAAAAAATTTCATTGCTTTTCATTCAGCAAGGGGGCTGTGAGGAGGGGGATTAGAAGTGTGGAGGTGATGGGAAGGAAGTTGACGTTACTTAACAGACAG,"[[80148060, ""C"", [""A""]]]",yes,no,C->A,1
chr5,110865047,110865284,CATATATAAGTATTTTAAGCATTCTCTTCTATTTCAATATGTCTCCACTTTCCCAAGTGTTACTTAATCCATCTGTTTATCTTGAATTTTATATTTTGTGCTGCATTTTTTCCCAGATGACTCATGGTTCTTGTTTTCTTTTTGTTTTATTGATGAATGAATGATTAGGCTTCTTAGTGTTGTTTCCTCCACAATTATATATGCCTGCTTTGCCAACGAGCTTCCACCCTGATTGGGA,"[[110865056, ""C"", [""G""]], [110865262, ""G"", [""A""]]]",yes,yes,C->G,2
chr3,10442403,10442836,CCTGCCACCCCGTGGCCTGCAGAATTATTTGCCCAGCAGACTCTACCACCCCAGCCTATGACCATCGATAGCATGCATTGATTAACATGTGGGTTTATTTTATTGATGATTCAGAAGGATATGCAGGCAGCATTCTGGAAAGCATCCACACATGATTCATTGGAACTTCACATTAAACTGTGCTTTTGAAGGATTTTTTTTACCCCATGGTAGTGGTGATGGGGGGAGGTGTATAATAAGCATTGCAAATCAAATATGGGGCTGACATTTTTTTTAACCAAGACTCACATGCATTGCTCAAGCCCATTGATCTACCAAACAAGCTGCCTTTCTCTTCTTCACTAATTAAAACCCAACGTCTCCCTTGAAGCCACACAGAGAGTTCCCAGCAGAGAATAATAACAGTAATGCTGAAATAACACCTACCATGTGCC,"[[10442493, ""A"", [""G""]]]",yes,no,A->G,1
chr9,6147891,6148168,TGTTTTTATGATTGGGGTTAGATGTTTGTTCACTTGATATAGTTTTTTGCTTGTATAGATAAAGTGAGAATTTAGTAGGCATCCTATTTCACTTCTAGGAACACCATGATCAAGTAACCAATGTTATAGGCCTGCATGAGTCAGACTATTACGATTGTTGCTTTGACTCTGCTGTCCATTGTGGTAATTACACCCGCCTTGCTTTTGGCAGCTGAGTGCCACAATTTGGCCCCTGTCATCCTGGAATCCAATCACTCCTAATTCATTTAGGTTTTCTT,"[[6147928, ""C"", [""T""]]]",yes,no,C->T,1
chr2,177629427,177629692,CTACCATAACACTGGCAGGGGAGGATGAGGCAGTTGAGGCCAGCAGTCGTTTTTGGTGTAGCTCTTCCCACTTACTTCTGTTTGTAGCTACTGAATCTAGCATCGGCTTCAGTTTCACGTTGACCTTCACCAGTGCCTAAAACAAAACAAAACAAAACACAGGTGGAGGAGAGAGGAAACAGAGTAACTGACATGATTTTCCACCTTTCACTTATGAGGAGAATGGAAACTGGCTATAGGAAATGAAAGTGATGATTATTTTGGTA,N,no,no,N,0
chr6,33976012,33976251,GAAAATGGCAGGCTTGAGCACACCAGGCAATTTGCTGAATTTCAGGGCCGGCGGCGCGATTGTTTGCGGAGCTCAACCCTGACCGCGCAGGCTGGGGAGGGGGAACGTGGGGAAGGCGCACCGCACTCCCCTCCCCGCCCCGCCTGCGCCCCGCTTCTGCAGTCTGGGAGAGGTGTCTCTGGTCTCCCAGCCCAGGCCGCGGGCGGTCAGGATGGGGGTCGCCTCCCCGAAAGGCTGCGC,"[[33976013, ""G"", [""A""]], [33976237, ""T"", [""C""]]]",yes,yes,G->A,2
chr2,192611870,192612134,AACAAAGGGTAGACAGGAGAATACACAGAGATGAGAGGAAGATTAGAGGGCAGCACATTGGCAAAAAAATACTCACATTGAAGCTGTGTGGGTCCTCCAGGGAGACCCTGAGACACAGCTTAGCATTCAGAATGTTTATTTCAGAGTTCCCATGAGATTCACACTTTGAATGAGGAGGAAGCACCGTAAGGCAAAGGAGGAAGATGTATGGGTTATTTTGGAAACCTTCCACATCCAAGTTTCTGTTCACTGCTGCTAGGATGCT,"[[192611918, ""A"", [""G""]], [192611990, ""C"", [""T""]]]",yes,yes,A->G,2
chr5,103362263,103362605,ATGGTTCTCTCCAGAAAAATGCCTTAAATTTTTGGAAAATCCAACAGGGAAACTTCCTTTGGGAGAGTTCATGCGGCCAGCTGTGCATGCTCAAGCTAGTCAATTTGTTGGACTTAAGTATTGGTCAATTAATAATTATTACTAACCAGTTGTTTGAACTCACGGAATGTCTTCCCAGTGAGTCACAGAGGCCAGATGAGTAGTGTAGACAAGAAGGAAGGATTAATTCCTACAAAGTCTTATTTCTTGGAGTATCTCCCAAAGTATATAGAATAATGACCCTAGATTGCTCAACTGATGTGGGCCTCGAAGTGCACATCTAGGATGTTAAAAAAGAAGCATC,N,no,no,N,0
chr10,63651881,63652264,TGCCTGTAGTCTCAGTTACTTTGGCGGCTGAGGCACGAGGGTTGCTTGAGCCCAAGAGGTTGAGGCTGCAGCGAGCCGTGTTTGTGCCACTGAACTCCAGCCTGGGTGACAGAGCAAGATCCTGTCTCAAAAAAAAAAAAAAAAAAAAAAGAATACTGCCATCTGTTTCCCCAGACGGCAGATCTAGGACTGATGATTTGAATCACAGACAGATGCTGGCTCAGTGTAAATTTCTGATGGTCAGAGCTGTCCAAAAAATACTTCCTTGGTTGATAATCCTGAGGTCAGGAGGTTTTTGTCAGAGGCAGATAGATATTTGTTAGGGATGTTCATTCATCTACTCACCTATTCATTGACCTATTCATCAGAAGTGTATTGAGCACC,"[[63651896, ""C"", [""T""]]]",yes,no,C->T,1
chr10,116434853,116435188,AAGAAGCTGCAATATAATAGGAATATATTGAAGAAGGCACATGTTCATTCTTCCAGGAAGAGAAAAAAAGGCAACCAGAGAATATAGGAAAACACAAACAGTACAAGAGAGGCATGATCCAAATATGGAGTAACCTACGATGACACTGATCCTGAGTAATTCAAATATTAGGAAAGACAATTCATTTGAATCATCTCCTTTGAAGAGAATGAGTGTCTGAACAATGGAAGTGTTGTAAAGGAAATGTAATTATAGCATGCGAGTTGATTGAAGCCAAAAATATTTATCTAGTTATAATAATATAAATTCTGTTCATTGATTTTCAACTTTTTGGAG,"[[116435085, ""C"", [""T""]], [116435086, ""A"", [""T""]]]",yes,yes,A->T,2
chr4,175533551,175533757,GGTTGCGAAAATTTTCTCCCATTTTGTAGGTTGCCTGTTCACTCTGATGGTAGTTTCTTTAGCTGTGCAGAAGCTCTTGAGTTTAATTAGATCCCATTTGTCAATTTTGGCTTTTGCTTTTGGTGTTTTAGACATGAAGTCCTTGCCCATGTCTATGTCCTGAATTGTAATGCCTAGGTTTTCTTCTAGGGTTTTTATGGTTTTAGG,"[[175533702, ""C"", [""T""]], [175533716, ""G"", [""T""]]]",yes,yes,G->T,2
chr14,50156135,50156487,ATTACATATAATTAATAAGATAACTTGGTTTCCAATGGAAGGAGGAAGATAATACTTTGGTTACTTGGACAGTAAAGAGGGCTAAGAGAAGGCGCTTCCAATTTTCAATGCTTAGTGGTACGTACACACACACACACACACACACACGCAAAGAAAGTCAGACATGAGTCTGAATCTTGTCCTGCCACTCCCTTTACATAACTTAGCTCAAATTACTTCACCTTGCTAGGTTTCAATTTCCTTATATATAAAGTAGGAATAGTAATCATGTTGTAAGAATGAGATAAAAAAGATAAAGCATTTAGGGTAATCCCCGGCACACAGTAGTATTTATTAACTGGAAGCTTCTACAA,N,no,no,N,0
chr11,42070446,42070723,CTGTTCAATTTGAGATTTACATCTGTTGGCTAATAATGAAACTGCTAATAGTACTTGCTCGTTATTTTCTGTGCTCAACTTTACATACCTGCATTTCAAGTGAATAAGTGGATGTCCAAACAAACAGGATAACCCAACTGTCTCTGTGGTGATGTTTCAGGTTATTAGTGAAAGTTTCATATATAAGGTTTTTATCCCTCTCCTTAAATAGAAACAAAAAACAATTAAACTTGTTCAATAGAAGCGATACTGATCTAAGAGAGAGGTGAGGATTATGG,N,no,no,N,0
chr1,109103331,109103759,ACTTAAAAATTATTTAAAAGCTGGAATCACTCACCAGAAACTACACAGTTGGATCATGGGAAAACAGCACAAAGGGGTTATTGAGGGAACCTACACTATTCTAGCTGCGCTCCGTACCCTTCTCAGAGGAAAGCCTGGCATTGATTAAATACTGGCCCAGACTGACACTAGCAGCAGAGCCCCTGATGGTACCCTGCCTATCAAGACCCTTCCACTGGGTTGGCAGTTTTGATCTGGGCCCCGGACATCCGGCGGATCTCATTAATGTTGGCGCCTTGGGGGCCGATTACACAGCCAATTAAGTTATTTGGAATGGTGAATTTGTGGGTGGTTTGAGTAGATTTTTGTTTGGTTGGTTTTTTTTTTTTTTTTTTTTGAGACGGAGTCTCGCTCAGTAGCCCAGGCTGGAGTGCAGTGGCGTGATCTGGG,"[[109103336, ""C"", [""A""]], [109103638, ""C"", [""T""]], [109103686, ""T"", [""G""]]]",yes,yes,C->A,3
chr1,118589596,118589816,TGGGATTGCTTTCCTGCAGCTACAGTGGCAGGGATGGATTATCTGGGAAGGTGAAGCAGCTGAGCTGATCTACCCCCTCCTCTTCCACTCCCAAATTCCCCTCAGGCTACAGGGTTTCAGGGCAGCTTTAATCCCTCTTAGCCTTCACTCTCCCACGGATTCCAAGACAAGTCCCAGGAGTTACTTAGGCCTGGATAGCATCCTCCCAAGCTGTTTCCTGA,"[[118589627, ""T"", [""G""]]]",yes,no,T->G,1
chr1,218618976,218619389,GTGATTTTCAGGGGACCTTGAGGGAAAAGGTTAAAAATATTTAGCTATGTCATTTTTGAATATCAGGAAGATCTAATATTTGGACAGGAGTTTTAGAAGTTCTGAATCTGCAAAGCTCCTGAGCATTTCAGTTTTGATTTTTTTTCTTTGCATTCTTCTTGATCTACATGTTCTAACACTGCTTTGTTTATTTTAGTGCTGAAAGAGTTTGCAACTTGTAGTTTATACTGCTCAAAGCCACTTTGGATAGTCTTCTCCTAGTCGAAGGACAAAATTATGCCCAGGGGCAAAACAGTAAAACAGGTAAAGTTTATCCTTGGCATCATCCTAAACTGTCTGGATTCCCACTCTTAGTCTTTTTAATTCATTTCTATTACTAATGCCCAACAGTGTCATAATTCTTCATCTTCTATC,"[[218618988, ""A"", [""G""]], [218619231, ""C"", [""T""]]]",yes,yes,C->T,2
chr3,132059440,132059924,CGCAGCCTCGGGGGGCTTAAACAACGGAAAGATATTGCCTCAGTGTTCTGGAGGCTACAAGTCTGAAATCAGGGTGTCAGCAGAGTTGGTTCCCACTTGAGGACTGTGAGGGAAGAATCTGTTTCAGAACTCTTTCCCTGGTTTGTAGATGGCCATCTTCTCCCTGTGTCTTCACATCATCTTCACTCTGCATGCATGTGTCTGTGGCCAACTTTCCTCTTCTTAGAAGAAAGAACAGCAATCTTATTGGATTACAGCCCAGCATAAATACCTCATTTTAACTCAATTACCTATAACTAAATATAGTCACATTCTCACTAGGGGTTAGCACTTCAACATATGAGTTGTGGGAGGACACAATTGAGCCCACAACTTAAGAAGGACGAAATATTTCTAAGGGTGTGTTCTGAGCCCAGTAGGGTTTCCTTTAAAGCTTGGTGCTTTTAACAATCTCAATGCTGATAGTGTTTCTTCAGAGTGAATTA,"[[132059445, ""G"", [""C""]]]",yes,no,G->C,1
chr7,85213398,85213867,GTATTCTTCACATCATTTATATGTTATCAGATGAGCTAAATATTAATTGCAAGAAAAAAACTACTTTCCAATAAGTTTTAAGTAAGGCCTTTATTGTTATTGATTGATTACTTACTTGTTTTTACACACTTATCTCTTAAATTCTGTATCTCCAGGGAATGATTTTCTAACTATTCAGTGTGTTGATGGTTGTCATGCATCTGGCAGTGTCTGTATTTCTTCACAGATGGATAAAGGGAATTCTCTTCAGTTCTGTGTGATCCTTTAAGGGGACAAGAGGGGACAGTTTCCTAGGGCATTAAACAGAAACTGCTATCTCTTTAATCACTTAGTGTAAGTGCATGAGGTCTTTCACCTCTGTGACCCACGGTATTTGATTAGTACTAAAACTGCATTTGATAAGTGTGTTTTATTTTTAATTTTCATTTTGTTTGTGCATTATTATGCTAAATTTAATTTAGTTTACATCA,"[[85213568, ""T"", [""C""]], [85213601, ""C"", [""G""]]]",yes,yes,C->G,2
chr5,67243359,67243701,TATTGTACGTAAATGTGCTATAAAGTATGAAGTGTTTTGTGAATTAGGCATTCTTCTTTCTTCAGTCAGGAGACAGACTCAGACAATTGCTTAGTTTTGATAAAACATTTCTCCATAATTCTACAGCTGTGTCTTAGATGGTAACTGAATAGTAATGTTTTGATTACAGCTTTGCAGATGTTGAGGCCCTAGACACAGCAGCTTTCTTCAATCAAGTGGTGAGTCCCTAGAAGACACTTGTCTTTCCTGTAGGTCAGTGCAAGGATCTTGAGCATGAAACCCTACGCTCAGAGCAGTGAGCTGGAAGGCTTGCTCCAGTGTGTGTGTGTATGTTTGCATTTGT,"[[67243366, ""T"", [""C""]]]",yes,no,T->C,1
chr10,48303118,48303412,ACTTGACTGGAGACATGGGTGGGAGACGAGACTGGGAGGCTTGAAAGCAAGGCTAACAGAGAAGGATGGTGGTGGAGGTGGAGTCAGGGGAGAGGGAGTGTCCTTGGAGATGCCCTTCTGCAGGCTTTAGTTGGTAAGCACCTTCCCACCAACCCAACTCACCACCCCTGGGGTGAGGTCAGGGAATTAGGAAGTAAGTTGAAGTCTCAGCTTTCAGTTTCTGCACCCTGAACAGCTTGGTGATATTCACCTGACTACCTTAGCCAAAGAAACATCTTCAGTGCAATCCATTGTG,"[[48303256, ""T"", [""C""]], [48303278, ""C"", [""A""]]]",yes,yes,T->C,2
chr4,1694872,1695198,CACTAACTTAACAAAGCCAGGAGACGGGGCGCTAGAGACAAACCCCATCCATATGGTACAGCCACAACACTGACAGTGTGCCCGAGGCTCCCTGAGGGGTCAGCTTTCAGTGACTATTTGACAGACTTAATCCCAGCCCAATCAATCCAGCAAAGAGAAAGCGGATGGCAATGAGAAGCAACAAAAAGATCTGCTGGGCTCACCACACAAGCATCCTTGGAAACAGAAACACTCATAAGCCCAATTTTTGAGGGGGAGAAATGAGCACTGTGATGAACATACTATGCATTATCACTAATTTTTCCAAGTTTCTACTCAGAGAATGGG,"[[1694906, ""C"", [""G""]]]",yes,no,C->G,1
chr7,13274144,13274480,TTGAGGAGGAAGTCTGTCCGTTCTCAGATCTCCAGCTGCGTGCTGGGAGAACCACTACTCTCTTCAAAGCTGTCAGACAGGGACATTGAAGTCTGCAGAGGTTACTGCTGTCTTTTTGTTTGTCTGTGCCCTGCCCCCAGAGGTGGAGCCTACAGAGGCAGGCAGGCCTCCTTGAGCTGTGGTGGGCTCCACCCAGTTCGAGCTTCCCGGCTGCTTTGTTTACCCAATCAAGCCTGGGCAATGGCCGGTGCCCCTCCCTCAGCCTCGCTGCCGCCTTGCAGTTTGATCTCAGATTGCTGTGCTAGCAATCACCGGGACTCTGTGGGCATAGGACCCT,"[[13274153, ""C"", [""A""]], [13274351, ""T"", [""C""]], [13274389, ""A"", [""C""]], [13274402, ""C"", [""T""]]]",yes,yes,A->C,4
chr8,74362443,74362940,CCCAACCCTCCCCAACTTCCCACCTTCCTTTGTCCTATCGTAGCTAAACGAGCTCCTCAGAAGAAACACCTGCACTCACAGTCACTTGACTGACTCTCCACTCGCCGTTTAACTCCTTCACTCGGACTTCTTACTCATCCCTGACCCTTCAGCTACTCTTTCAATTACGGCTGCTAGAATTCTTTTCCTGAGTTGGGCTTGGCAGATGGCTCTTCGTGTCCCTCCCATTCTTTGCCTTCTGTGGTCATCTGGCCTCATAGGAGCTGCCAGTGAGTGGTGGGTCTGCTCCTGGGTCATTTTCACAGCTGGGATATTTCCCTTCAACTTAGCTCTCTCTCTCTCTTTTTTTTTTTTTTTTTTTTGCTGAGTTTTTCTATTTCTTCTCGTTGTCTAAAATAGGCTGAACTCTGTAAGAGTTTGTATCTGCTTTACCTAGATTTATTTTTTTTAAAGGTGCAAATAATATGTTTGGTTTCTTTTTTTGGTGGTTAATTAGTC,"[[74362474, ""A"", [""G""]]]",yes,no,A->G,1
chr5,61295936,61296181,TTGAGCAATGCTCCTTTCACAAAGCTGTCGTCCCACTGTCTGTAGAGTTAGGAGCTGACCCCTCCATGCTCTTGTAGAACCAGTAACAGACTTTAGTCATAGCCCTGATTGCCAGCCACCAAATGGCTTGCTTGCAGGTCTGCTTCCCTGAGACTGCTGAGCTCTTTAGGGTCAGGGCTGCATATACTCATCTTTGTGTCTCTAACCCATAGCCCATACTTGGCCCCTCCAAGAAATACAGTAAGC,"[[61295965, ""C"", [""G""]]]",yes,no,C->G,1
chr13,75830856,75831180,TTCATTAAGACTCCATCCTGTCTTTTATTCTTCAAGCTATAAAACACAATGTTTTGAATATGTAACCCATGATTTGTCTGTTTGTCTCTCTTCCTTATATAGCAAATAGATTCTGCACTTTAATTGGCTCTAAGTCAGATTTTTTTTTTTTGTAAGAGTGGTGAAGATGACCACTTATTTTCACTGAGTCATCTCTAACTTAAGTGTATGGTGGTTTTGGCTAAGGAGTAGAACCTACCAGTAGTTTTTGCTATTCTTAGCAGAGTTTTATTATATTCTTCAGATTGGCATTCATCAGGTGATTATTAACGAGTGTTATGACTAC,"[[75830858, ""T"", [""C""]]]",yes,no,T->C,1
chr4,147605633,147605909,ATCCATCCTCTCCCCTTCTCTGCTGTGCTCCATGCCCTGGGAGGCTGATCTGTTTGGACTACAACAGGCTTCCCTGTCCTCTGGCTTCCACCAGGTTTGGCCAAGAGCAGGCAGTAACCAGAGATCAGACAAGGGAGGAGAGTGAGGTTGAGCATTCATTGTTTCAGCTCCCCTCTAAGGGCTCATTCTTGCACAGAAGGTCACAGCTCTTTTCAGATGGCTCATTCACACAGCCTGTCTACCTCCCTTTAGAGGTCATTACTTCCTCCTTTTTGTC,N,no,no,N,0
chr15,101799668,101799970,CAGTGGACTGGCTAAAGAAAATGTGGTACATGTACACTGTGGGATACTATGAAGCCATGAAGGACAAAATCATGTTCTTTGCAGCAACATGGATGCAGCTGGAAGCCATTATCCTAAGTGAATGACTGCAGAAACAGAAAACCAAATACCACATGTTCTCACTTGTGAGTGGGAGCTAAACATTGTGTACACATGGTTATAAAAATGGGAACAATAAAGTTGGGTGAGGTAGCTCATGACTGTAATCCTGGCACTTTCAGAGGCCAAGGCAGGGGGAGGTCAAGAATTCGAGACCAGCCTGGC,"[[101799675, ""T"", [""C""]]]",yes,no,T->C,1
chr5,41109267,41109564,TAGAATTGTTGGCTGATTGAGTTTGGATGATGTATTAAAGAGAGATATTCCCTGTGCACATAGATGGTATTGCAGTGTAAACATTTGTAAATGATCTAAATATTCACTGCATTAGTTTCCTAAGGCTGCCATAACAACATACCACAAAATGGCAGCTTAAAACAACAAAAATTAATCATCCTACAGTTCTGAAGGCTAGAAGTCAAAAAACAAGGCATTAGCAAATACATACTCCCTCTTGAAACCTTTAGAGCAGAATCCTTTCTTGCCTATTCCAAGCTGCTAGTGGTTTGTCAGC,"[[41109268, ""G"", [""A""]]]",yes,no,G->A,1
chr14,81337146,81337513,CACATGGACCCTGGGAAATGTGCTCTTCACTATTGACCTTTGTGTTTCAATCAAATATTTACTGTATACTATTATGGGTAACATGTTGGAAGTGATCTAATAATGAATCAGACATTGATATTGCTTTTACCCTCCAGGCACATCTGATACAGATTACAGTGTAATGTGGTAGTAAATTCACCTGTTAGCAGATAATTATTGAGCATCTACTATGTGCCAGGCACCGGTGACACGCCAATGACAACAGAAAGTCCCTGTGCATGTGGAGTTCATGTGGGCACAAAGGACAATCCAAATCAGACAAATCATTTCAAGTAGGGTTAAATGCAATGGAGAAAGACAAAGGAGAGTAAAGAGGTAGAGAAGAA,"[[81337217, ""C"", [""T""]], [81337376, ""T"", [""C""]]]",yes,yes,T->C,2
chr6,133574423,133574666,CCCCCTTCTCCTTGGGTGTCAATAGAAACTGAGTGGAGATCCTGGACTTCTACCACAACCTGGCAGTAGATAGGCAGTATCTGTCACTTCCTCTGCCAGACAGTGTTAGAGGAAGCCAGCTTAAAAAAAAAAAAGGTTTAAAGATGATTCAGAGTCTCATAATCTAATATCCAAAATGTCTAGATTTCAATTAAAACATGTGTCATACTATAAACTAAAAGATCTCAAACTCAATAAAAAAGAC,N,no,no,N,0
chr9,94889685,94889958,TTCAGTTATCTAGATAAATACCCAAGACAGTTCAATTGTGGGTCATATGGTAAGCCCCTTTTCAGTTTAAAACTATTTCTCAAAGAAATGTGCCGTTTTACATTTCTTCTAGCAGTGTATGAGTGATTCAGTCTTTCCACATCGTCACCATCATTTAGTGTTACCACTTTGTAATTTTAGCCAATCAGATAGGTATGTAGTGGTACCACATTGTGGTTTTAATTCACATTTCTATAATGGCTAATTATGTTGAATATTTTTATATGCTTAAGTG,"[[94889692, ""C"", [""A""]], [94889948, ""G"", [""A""]]]",yes,yes,C->A,2
chr4,180423620,180424031,TACACATTAACCTGCCTTAAGAATCAGCTTAAAATATCTTTCCTCATTTTAGCTAGTATAACGTGGATCAAAATAGAGGCATTTAGAGCATTGACTTAATATTGAAATTTTGCTAGAGTGCTTTCCAAGCCAATAATTGCAAGCTCTCCCAGAAGTATATGGTGTTGTATTGATCCTGGATTCATCACTCACAACTAGTCACCCACTTGACTCTATTGACAATGACAGTGGAATGTACAGCGGGTAGGAAGCATGAGAGTACTTATGGTTTCCCTCTGGTTTCACGCTTAGTGTTGTCTAATTGGATATCGTGAGTGGCTGCTGAAATCAGGAGGAGGGGGAGAGGGAGCAGTTGGGAGGATGGTTGCACGCAGGGATTTTCCTATAAAAGGATTGTTTTTGGTAGTTTGTG,"[[180423634, ""T"", [""C""]]]",yes,no,T->C,1
chr18,70609548,70609771,GTTTGTGCTCTTTCAATTCCCCTAGGAACACCAAATGGTACTCTGAATGTCATTAATATAATATGCAAATGATCTGTTTGGCTCCTGCTTCTCCGTTTGGGGTAACCTTGTCAATCAGCCTGTTTGCACTAATGAGCTATCTGATGAAAGCTAGCCCAGCTGCGGAGAAGGTCACTGAAAATCTCGACCTTCCTTTTCTTGCTTAGGCCGACATGGCAATATCT,"[[70609554, ""T"", [""G""]]]",yes,no,T->G,1
chr1,244280834,244281163,AAAAATGAGACTAAAATTTTAACATAGATGACCCCAGAGTTTGTGGGATTATAAGAGTTTGTGACTTTTTTTTTCTTCTCTGTGATTTCCAAATGCTCCATAATGAGTGGAGTAATTTTAAAATCAAGGAAAATAAACATGACTTTTAAAGAGTGGGAGTGCAGTTTGTTTGTGTTCTTTGGTTCACTTGGCAGAGACTCAGGAGAGATGAGCAAGAAGGATGTTGCCCTTAAGTAATGTTTGGTCGTGATTTGTTTACACTGTACCTGTTTAGATAGAGACAACAATTGCTTAGCAGAGATGAGAAAAGATATTATCTTTAGGGGATCA,"[[244280840, ""A"", [""G""]]]",yes,no,A->G,1
chr4,173827830,173828121,AGTCAGTAATTTACCTACACTCCCTTCTGTTCTGCCTTCACAGTACCTTATATTGTGTTTCCCATCTTTCATTCTCTTTCCTGCCCCCTTCTGTTTGTTTTTAATATGATCCTCTATGGACTCCTGGTCGTGTCAGCTTTCCTACTATGATACACTAGTTTCTAGGTGATAATTTGACCACTGTATTCTTAAACATCGAAGGATAGCTTTAATTGATTTAACCACTTGACTTTAAGCTGCAGTTCAATGTTCAACTGATATGATGGCACCATTCATAAGGGAAGAACGTATG,N,no,no,N,0
chr3,85737852,85738252,CAGGCCTAATTTAACTCACTCTTTATGTGTTTTCCCATCTTGGCCAAGCAAAAATTACCTACCAACAGAACAGGATTTCAAAACGTTTCCGTGTAATCTGTTTTCTCTAAGATGGGTTAATCATCTGATGGGCACTGAGTTCACTTAATAAGCATGCTGTCTAGAGACAAGGCAGGAATGCTATTTGGCCTGAACAATCACCAAATAGTTCCTGAAGTCATTACCTTACACCTCAGCCAGAAGTTATCTTGGGAAAGACAATCAAATCTCTTGGCTGCTTACCCAGAGTTTGAGAATCCCAGTAACGTATATTCACAATGATTCACAATGGCATAGGATTGTGATAGCAAATTCAAATGGAAACTAGGAAATAGAGAGCAAATATCTGTGTATATTAGACA,"[[85737916, ""G"", [""A""]]]",yes,no,G->A,1
chr12,95282302,95282726,TTTTCTTTAAGGTTTTGTTCCAACTCTGGGTGGCACAGAGTTCAGAGTTCTTCAGACGGTTAGCCCTATTACTTTCTACAGCCAATTCACCTCCTGGGCCCTTACTTACTCCAGCACTTCTGCCTCATTGTATCTTATCTGATGTGACTCAAGGTCTACCTCATGCTCATTCTGCCTGTTTGGAAGAGCTTAAGCGCAGCTATGAGTTCTATCGGTACTTTGAAACTCAGCAGCAGTCAGTACCGCAGTGTTTATCCAAAACTCAACAGAAGTCAAGAGAACTGAATAATGTTCACACAGCAGTGCGTAGCTTGCAGCTCCATCTGAAAGCATTACTGAATGAGTAAGTTTAGAAATTATACCAAGAAAGGTCTCGGTAATTAGCAAGCTTCATTCGTGTACCATTGTGGTTGTTGGCTTGTGTC,"[[95282430, ""C"", [""T""]], [95282534, ""C"", [""G""]]]",yes,yes,C->T,2
chr4,107207255,107207549,TCCACAATGGTTGAACTAGTTTACAGTCCCACCAACAGTGTAAAAGTGTTCCTATTTCTCCGCATCCTCTCCAGCACCTGTTGTTTCCTGACTTTTTAATGATTGCCATTCTAACTGGTGTGAGATATCTCATAGTGGTTTTGATTTGCATTTCTCTGATGGCCAGTGATGATGAGCATTTCTTCATGTGTTTTTTGGATGCATAAATGTCTTCTTTTGAGAAGTGTCTGTTCATGTCCTTCGCCCACTTTTTGATGGGGTTGTTTGTTTTTTTCTTGTAAATTTGTTTGAGTTC,N,no,no,N,0
chr15,92719056,92719421,AGACACCAAATTCACTGACATTTTAGCAAATTCCACAGTATGGGGTCCCAGGAGATCAGTGCTGCAAGGGAGGAGCTTTAGGAAAGACTACAGAAATGAAGTAAAATAGCCCAAGACAAAATATGCCAGTTTCACAATGTGGCTGGGAGCTGTCCCATATGACTGGGACATACGTTTTCAGTACTAAGGAGCTGAGCCAATGTGAGTCCCTGTGGAGAAAGATGCCCTGATTCATTCAACATTCATCTGTTCCAGGCCCTGAGAATACAGATGCAGAAAAAAACAAAACAAAAATCCCTGCCTACTACCCAACTCGGGCCAGGCAGAATGGCTCTTGCAAAGACAGATAGCGAAAAGGGCCCTCAA,N,no,no,N,0
chr16,35687584,35688006,GACTGCCTGGGGTGGGCAAAGAGTCTCTCCCATCAGAATGCCTGGTGTTGGTTGGGAGTCTCTTCTATTAGAATGCCTGAGGTCACCAAGGTGTCTCTATCATTATACTGCCTGGGGTCAGCCAGCAGTCTGTCTTATTAAAATGTCTGGGGTTGCCCAGGAGTCTCTTTCATTAGAATGCCTGGGGTTGGCCAGGTGTCTCTATTATTTGAATGCCTGTGGTCGGTTTGAAGTCTCTCTCATTAGAATGCCTGGGGTCGCCCAGGTTTCTCTATCATTAGACTGCCTGGGGTTGGCAAAAAAAAAAAATCTCTTATTAGAATGCCTGAGGTCGCCCAGTTGTCTCTATAATTAGACTGCCTGTGGTTGGCCAGGAGCCTCTTCCATTATAATGCTTGTGGTCGCCAAGCTGTCTCTGTACTA,"[[35687617, ""T"", [""C""]]]",yes,no,T->C,1
chr12,80369354,80369775,TCTATAGATTGGCCTGATACTTGATTAAACAGGAAAGCCTGTGTTTTCCCAGGTTAAATGGTTGACTATTTAGGACATGCTTACACTTTCCTTAAGTGCTTTTAAGAGTGTAGCAGTTACTGTTCATCTGAAAATAACCATAAAGTGTCAACATCCTGATTCAGAACAGGGGTAGATGTTTGAATCATGAGTAGTAGTAAGAATAGAGTGGCAATAAAAAGCCTTATGATACAAAGTGTTTGCTTGCACAGAATTAAGTCAATTTGTCCAGCAGCACGAAAAGTAACTTGAGATTCAAAAATGTAGCCTTCTGCACCATAGCTTGCGGCCTGGGCTGATGTACAAATTTATTAAGAGAATGGCCTTAATTAATTTAAAGTAAAATCTATGAGAAATTGAGAAGGCCTAGAACAACATGCCCC,"[[80369544, ""A"", [""G""]]]",yes,no,A->G,1
chr2,50521470,50521949,CATCTTCAGGAGAACTGTTTTCATAATGCATTTCTTATCCATCTTGCTTTTTGCTCACATTGTTAATAAGTAAAAGAAGTGGATAAGAGTTCTGAGCACACAAAACATTTCAATCTCCAAATTATTTGACCGTCCCCATGATTTAAAGAGCCTTGCCCACTTGACTTATGTACCACATGTTAGCCAGTAATCTGTTGAACAGATTGTAATTCTCATGGGTATTTTATAGCTAAACTGAAAACAATTTTCAGTCAGACAACATATAGAAAAGATGCTTGTGTAGAAAGCTTGCTGCTCCTACATCTGCTCTGAGGAGAGTGTATCATGTGGCCTCTATTCTAATGACAGCTATTTGGATCACCAGTGGATCCAATTGGATCCAGCAACTGGATCATCTGCCACCAAAACTAAGATCTGGTGAGTAGCTTATGGGGCGACCTGAACTGAAAGATTTGTCCAACGGGACAAGGATAAGTAATA,"[[50521481, ""A"", [""G""]], [50521593, ""C"", [""A""]]]",yes,yes,C->A,2
chr1,175933813,175934145,TATATTCATGGAGTGCTTTTTAATTTCTAAGTGCCAGAAGCCTTTCCAGATATATTACTAAAACTGTTCCACAAAGCTTTGCAATTCAATAGCACAGAGCACCACATTCCATTTCTAGGAATAGAAGGCTGCCTTTCCCATGGGAACCATGGAGTGGAGCTCATGGGAGTCTCTCCTGGGACTCACCAAATGGAATTTGGGAAGGGGAAGTGAGGACTTCTAAAGTGTAAACACTGACTAGAGCAAGCTTGTCCAACCCATAACGTGCAAGCCACATGCAGCCCAGGACGGCTTTGAATGTGGCCCAACACAAATTTGTAAACTTTCTTAAAG,"[[175933902, ""C"", [""T""]]]",yes,no,C->T,1
chr7,158360807,158361118,CCACATCCACCCTCACCCAGGATGACGCACAGACCCCACATCCACCCTCACCCAGGACGACGCACAGACCCCGCGTCCACCCTCACCCGGGGTGACCCACAGACCCTGCATCCACCCTCACCCAGGACGACGCACAGACCCCACATCCACCCTCACCCAGGACGACGCACAGACCCCACATCCACCCTCACCCAGGACGATGCACAGACCCCACATCCACCCTCACCCAGGACGACGCACAGACCCCACATCCACCCACACCCAGGACGACGCACAGACCCCACATCCACCCTCACCCAGGATGACGCACAG,N,no,no,N,0
chr1,103949719,103950098,CTTTATTGCTAAACACATTTAGAATATTGTCTTAGATTCTCTAATGAGACTCTTTTAAATTGAAAGGGGTTTAGCAGGTAGAGAAGCTACATGATCAGATGAAGACAATATGGAGGAATCATCAAAACCAGATGTGTGTGAGAGAGTGAAATGCTGTAAGGCAAGCAAGAAGAGACTGATGCATGGGGAGCTTAGAGGGAACTGGACAGTGCCTGAGGCAACATGAAACAGATGGAGCTTTCTGCCAGGTGCAGTGAGAATGCACCCCAGACACTGTATGCACAGGTTTTAAAGATTCTGCACATGCATACTCTATTAAAAGGCAGGACATATTCCAACATCATAATTTGCCAAAGTAAAGTTGCCAGATAAAGAAATTA,"[[103949720, ""C"", [""T""]]]",yes,no,C->T,1
chr20,24578536,24578978,CCCTAGCAGGCTGGGGTTAGAGGGGCTGGGAAGGTGGTGGCAGCTTTGCAGCTATGTAGGGAAGGCTCTGATGAGAAGTGGCATTTGCGCAAAAGCCCCAAATGAAGTGGGCAAGCTAGGCACATGTGCATCCTGGCTTAGGGGACGGCAGGTGCACAGGCTCTGATGCAGGCAGGGCACACACGCATGTGGGAGGAGCAGCAGGGAGCTCCCTGCAGGTGGAAAACGCCAAGCCCAGAGTAAAGAGGGTCAGATCCCACGAGACTGCTGTGAGCGCAAGGTCAGAGATCACCAGATCCTCACTTTTGTGCCTTTCCACAGTGTCAGGCTTTTTATTGATGCTGCATTCTCCATCATAAAGGCCACGAGCTCCCTGGAGTTCCCAGGAGGTATTCTCCTTAGTGCTTCCCCTTGCCTCGAGAGTGAGAGTGGCCGGCACGCAG,"[[24578633, ""T"", [""C""]]]",yes,no,T->C,1
chr4,68490845,68491136,GCCTCCTAGGTTCCAGCAATTCTCCTGCCTCAGCCTCCTGAGTAGCTGAGATTAAAGGCATGTGCCACGACACCTGACTAATTTTTGTATTTTTAGTAGAGATGGCGTTTTGCCATGTTTGCTAGGCTGGTCTGAAACTCCTGATTTCAGGTCATCCACCTGCTTCAGCCTTCCAACGTGCTGGGATTACGAGTGTGAGCCACTGCACCTGGTGCCTATTCAGCATATTCTGACACCAATCTAGTAGGGAATTGGGCCTTCTTACAGCCTGGTAAGCATGGAAGTCTTTTCA,"[[68490947, ""C"", [""T""]]]",yes,no,C->T,1
chr2,175175917,175176303,ATGGAGCACAATAAACATTTCTGCTAGTAGATGCATTCCAGTGATGTACTTGCAATGTCATAACTTTGTTACTAGAAACAAAAGTTAAGTAAAAGGATGTATACTCAAGGATGTTAAACTTGTGATGCACTATTACCTTTCCCCTCTATAAAGTTTGAGTCATTGTGTGTGGTTTTTTGTTGTATTGTTTTCTCAGTAGCCTGAAGACTATGCAGCCACAGTTCAGTTAGTCCATTTTCATTCTGGGAGATTCCCTCAGCTGGGACATCTCTTACAAGAAACCTGTTCCCAAATCAACGTTTCAAGCCTTTTCAACCACCAAAACCAGCACCAAGAACAGGTCTTTACCAAGACTGTTTTTATTTAAAATATACTTGGAATAGGTGA,"[[175175921, ""T"", [""A""]], [175175923, ""T"", [""C""]]]",yes,yes,T->A,2
chr6,143615824,143616135,CCTGTGCCTTTGTCTCATCTGACAACACCTGTGCCTGAATAGTCCTTTTTCTTTCACTAGTAATGCTAACACGTTACATTCCACATGACTCTTTCCAAACTCTGTACTACTCTGTGAACCAGTACAAGATTTGACAAACACACAGTGAAACAATAATCTCATTTAAATTTTGATATCTATGTCAAGAGAAGCCATAGTTTCAAAGTTTCAGTTTCAGGTTTCAGAGCTATGGTTTCAAAGTTTCAGGGTTTCCTACCACTTGGTATAAAGTATCTGCCTAATTGTTTTTATAGGTAGCTCTTTTATTATTTT,"[[143615847, ""C"", [""A""]]]",yes,no,C->A,1
chr15,45812347,45812609,GCAGAAGATATTTCCTGTTAGAGCTGAAGTGTGAGTTGACCTTATGTTCCCTTCCTCCAGACCCTGTTTTCCTGCCTCATCAGCACCATCCAGGAAAACATGACTTCATCAAACGAACTAAATAAGCCACAGGGGACCAATCCTGGAAAAGCAGAGATGTGTGACCTTTCAGACAAATAATTTAGAATAGCTTTGTTAAAGAAACTCAAAGAGATTCAAGATAACAGAGAGAAGGAATTCAGAATTCTATCAGATAAATTTAA,"[[45812381, ""A"", [""G""]]]",yes,no,A->G,1
chr8,117601554,117601846,TACTTGCACTACCCGTTTGTAGCCATATCCCTCCAGTATACCATCCCTCATTCTTGGTAATCACTAATCTCTTCTCCAGCTCCACAATTTTGTTATTTCAAGAATGTTATATGAATGGAATCATACAGCATATGACCTTTTGAGGTTGACTTTCTCATTCAGCATAGTACTCTTCATATCCATCTGTTTTTTGTTTTAAGCCATTAAGTTTTTGTAGTGATTTGTTACATGGCAATAGATAATTAATACACCACTCCTATGGGAAAAATTACTTTCTGATTAGAGTGTGAGCT,N,no,no,N,0
chr5,40317082,40317425,CATTCCTCCTCACTAAACCTTGCTTATCTGGATATCTCTCTCTTCTAAAGATAAATCTGGGCATCCCAAGGTCCAAGGGTAAAACTGGATTTATTTAAGCAAATCAGAAAGCTAAGGTGACATCATCAAAATTGGCAGAATAGGGAATTCTTAAGACTTTGTCATGTCGAGAAACCAAGTAATACACTGGCAAAGACTGTCGGAATCTGAGCCAATCATGGCAATCCATTCTCCTTGCCAGTGATTGGCTTAGGAATAGACATTTGATACAATTTCAGCCAATCAGACATGAGTTACCTGGAGTACTTCTGATGATAGTTCTCCACTCCTGAGTGGGAAAAACA,"[[40317165, ""T"", [""A""]], [40317356, ""C"", [""T""]]]",yes,yes,C->T,2
chr10,67006065,67006382,TACCACCTGTTGAACAGTACAGTGCCAGGTACTTCACAAACAACTTTGCAACTATCTTGCAAGGTAAGAACTCCTGTGCCTGTTTCTTGCAGGGAAGCTGAGTTGCATAAAGTGAAGCCACAAAGTCACAGAGACAGGAAGTGGCAGAGTCAGGATTTAAGTTTACTTCTGCCTGATTCCAAAGCTGTACTCTCTTCTCTACATCACACCACTTAACTATTAAGTGGTGTGATAAAGAGGTATGCTTAAGCCTCTTAAAGTATCTGTCTTACCAAATTGCTAATAAACTTTGCAAAAGTCGAAGCTAGAATCTATCCC,"[[67006099, ""T"", [""C""]]]",yes,no,T->C,1
chr5,124492169,124492485,GCCACAGCTGGTGTGTTGGCTGTGGAGGATACCCCCTCTGACCAAGCTGTCCAGCCTCCCCAGCTGCATCAAGGGAAAAGTGCAGCCTGGAGCTAAAGAGATGGCTGCTGCCCTTCTCTCACCCTGGGAACTTATTGTGTTAGGCAGCTATCAGTCCCAGACTTTGTTGTCGCCCCTTCCCCAGGGAGCTCAAACAGCTTAGACAGCAGGTAGCCGCAACTGTGGTGCTGGTCGCCCCTCCCCGCTGGGAGCTCACAGGCTTAAGCAGATTCTAGCTGACTGGCTATTGAGAACCTGTGCAGCTCCATGGTTAGGAC,"[[124492448, ""T"", [""C""]], [124492462, ""T"", [""C""]]]",yes,yes,T->C,2
chr2,150866379,150866838,AGATTATCTATTGATATATAACAGGTGACTGCTAAGTTTCAAGTAATCATTATGCCCATAAATTATTTCAGCCAGGAACTGGGAAAGGTACAGTGGGGATGACTTTTCTTTACTCCATAATCTCTGGGGGTATCAGCTGGAAAGGACTGAAGGCTAGGAGTGACTCATCTACTAAGAGCAGAAAGCACTGGCAACATCTTTACTCACATATTTGGCTATTGATACCAGCTGTTATCTGGGACCTCAGCTGGAACTATAAACCCAAACACTTACACAAGGCCTCCTTATGGCGGCCTGGGCTTCCTCACAGCATGGCAGCCTCCAACATCTCACCCACCTGGTGGCTCACAGATCCAAAGGCAAATGTCTGGAGAGAACCAAGGAAAAGTTGAATGGCCTTTCTCACCTAGCCTTAGAAGTCACATAGCATCAACACTGCTGTTTTTCCTTGGTTGACCAG,"[[150866415, ""C"", [""T""]], [150866657, ""T"", [""G""]], [150866670, ""A"", [""G""]]]",yes,yes,A->G,3
chr4,92606231,92606600,TCATAACTTATCACATCCAATGAACTGTTGAAAATACTTTGTTTTCTCCTGATCTTTATACTGACTTATGAGGTATAAGGTAGTTACTATTCTTATTAACGTTTTACAGATGAAGAAAATGAGCAACAGCTGGGTTAGGTTAACTTATTACACCTGGAACCTTTAGAATAGTGGCTAGAACACTAGTTTCGCTTTAAGTCTGCTGATTGGGAGGTTCAGGCATGTTTCAGTGAGAGGAAGAAGAAAGAAGGTAAGGCATTTATTTTCTGTCTTCTGTGTGTGGTTGTCTTAAGCTGACTGTACCTCAAACAAAATTGATGTATCTCTTGATGCATCCTGCTCTGTATCACTCTCTTGAAATTCACTGTCT,"[[92606329, ""G"", [""A""]]]",yes,no,G->A,1
chr8,33659384,33659740,TACTTTAGGTGGGGGACCACCCACTTCCAGTCCCCTCTCTGCTGAGAGCTGTTCCGTCACTCAATAAAACTCTTCTCTGCTCTTCACCCTTCAGTTGTCAGTGTAATCTCATTCTTCTTGGACATGGGACAAGAACTCAGGACCTGTGAACCCAAATCTCATCTTGAAATATAGCTCCCACAATTCCCAAATGTTGTGGGAGGGACCTAGTGGGAGGTAATTGAATCATGGGAGCAGGTCTTTCCCATGCTGTCCTCATGATAGTGAATGTCTCACGAGATCTGATAGTTTTATAAAGGGGAGTTTCCCTGTACAAGCTCTCTTCTCTTGTCTGCCTCCATGTGAGACATGCCTTTC,"[[33659385, ""G"", [""A""]]]",yes,no,G->A,1
chr13,79128156,79128627,GTACATCATGACCCCCCAGATTATAACACAGAGAAAAGCCATGCAGAATTATCAGCAGGATTTTGTGTAAACATTCCCAGTGTGGGGGTAAAAGCTACCATCTTACCATGAGTTAAATGGAGTTACACTCCCCCTCTGTTCATACTCAGTGCTCCCTTATGACTAATGTCTTGTGGTCAACAGGAGTGCACAGGCTTTGGTCACAGTCCAAACTAACTTTCATTCCCAGTTCTACTACTCACTTATGTGATGTTGCGCAAGTTCCTCTATCTCCCTGTGTCTTTCCTCATCTGTAAAATGAGAATAACACCTACATTACAAGGTTAGGAAGGTTAAGTGGCACAACACATACATGGCAAAAGTGCCGAAGTACTTGTAAGGCACAAAGAACTGAGAGTTTCCATTTTTAACATCAGTATCGTCACACACCATCATGTAATTAGTAGGAAGAAAGAAAAAAACATATCTATTA,"[[79128162, ""G"", [""C""]]]",yes,no,G->C,1
chr14,85284007,85284239,CATGTTAAAGTCATTTTCAAAGTCACATAACTCTCTTGTTTGACCATCTGATTCCAGACCATTCCCTGGGGATTCCATCAGCTACCATGAAAGCAGTCTATTAAGGACTTTCTCTAAATATAGGTCTTTCCAAGACAGAACATGGGATACCAGTGGTTGAAATATATACATATATTTTTAAATTACATACCCCCAAAGCACACTGACAGCAATTCTGTGGAGATGGGCACAAC,"[[85284175, ""T"", [""C""]]]",yes,no,T->C,1
chr1,92666126,92666369,TCAAAGACTCAGAGTAAGAAATACAGAGAAGGCAGGGCACCATGGTTCACGCCTGTAATCCCAGCTCTTTGGGAGGCCAAGGCCGGCAGATGGCTTGAGCTCAGAAGTTCCAGATGAGCCTGAGTCTGGGCAACATGGCGAAACCTCGTCTCTATGAAAACTACACACACACACAATTTAGCCAGGAATGGTGGTGATGAGCCTGGGCAACAGGGTGAAACCTTGTCTCTATGAAAAACACACA,"[[92666151, ""C"", [""G""]]]",yes,no,C->G,1
chr2,83817602,83817845,TATATACCCAGTAATAGGATTGCTGGGTCAAATGGTAGTTCCGTTTTTAGGTCTTTGAGGAACTGTCAAACTGTTTTCCACAGTGTTTGAACTAATTTATACTGCCACCTACTGTATATAAGCGTTCCTTTTTCTCCACAACCTGGCCAGTATCTGTATTTTTGCTTTGCTTTGTTTTGTTTTTGACTTTTTAATAATAGCCATTCTGACTGGTGTGAGATAGTATCTCATTGTGGTTTTGATT,"[[83817687, ""G"", [""T""]], [83817771, ""T"", [""C""]]]",yes,yes,T->C,2
chr22,24006600,24006907,CAGGGCTGGCATCAGCCTCCCCAACAGCCGCTCCAGCTGTGCAGCATCTGCAGGCTGTCCGGAGAAGTGGGGCAGGAGAGACTGGGCTGGGAGGAGAGGAGCAACTTAACCCAGACTCTTGGAAGCCTCTTGGGCCTCCTCTCCATCCCTTCCCGGCTGCCACTCATTAGTGATGTCCTCTGGGGCTCTGTGTTCAGAAGGTTTCTAAGGATTCATTCAGGCTTAGGGGAAGGAGTACTGTGATAGATTAGTTATGTCTGCTGAGGACAGTGGAAGTGAAGCTAATATGTAATATGTACCAACTGGTG,N,no,no,N,0
chr3,140854915,140855298,GCCACAGAAAAAGATTTTAACTCTCACAGACATGGCTAAACAAGAGACTGGAGTTTTATCACTGAAATCAATCTCCCCAAAAGTTCAGAGACTGGGATTTCTTAAGGATAATTTGGCAGGTAGGGGGCGAGGGAGTGGGAAGCACTGATTGGTTGGGCCTGAGATGAAATCACAGGTGGTCAAAGTGGTTCTTCTTGCTGTCTTCTGTTCCTGGGTGAGATCGCAGAACTGGCTGAGCCAGATTGTCAGTCTGGGTGATGTCAGCTGGTGCACCAGAATGCAGGGTCTGAAAAATATCTCCAGCACCAGTCATAGATTTTACAATAGTAATGTTATCCCTAGGAGTAACAGGGGAGGTTTGGAATCTTGTGACCTCTAGCTGCT,"[[140855057, ""T"", [""C""]]]",yes,no,T->C,1
chr6,3569858,3570254,TCAAGAGTGCTCAAGGGGCAACAAGCATGTGCCCACCTCCCTGTATTCTGGCTCCCATCCTCCCTCCCTCTCCCCTCCCTGGCACCCCCTCTCGCCTCCCTGGCACCCTCCTGCACTCTCCCCTCTGTGGCACTCTCCCTCCCACTCCCTTCCCTCCCTCTCTCCTCTCCTGCACTCTCCCTCCCTCTCCCTTTCCTCCTTCTTCCCTTTCTGGCACCCTCCCTCCTTGTCCCCTCCCTCCCTCTCCTCTCCCTCCACATCTGCTGCAGATCCTCCTCTCTCCTGCTCTACCCACATCTGCTGCCCTTTTTGTCATAAAAAAATTACATAACACCATCTTCCTGGCCATTCTCCTCTGCCAATATCAAATTAGTTATCTAAATTTGATTCGTTAGGG,"[[3569901, ""A"", [""T""]]]",yes,no,A->T,1
chr7,116507783,116508275,CATCTTAAAAGTGTGTAAATGCTTAAATTTCAGAATTACCATCAAAACCTCAATTGACATTCCTTTGAATACGCTAATAAGTGACAAATAAGATTAATAAGATTTTTCAAAATCGCCAGGACTGGTGAATATAAATGATGATTGAACTGGAATAATATTGGGGACCAAATCAAATGAATGATTAAATTATGAAGCTCATATCCTTTTGAAGGTAGTTGCAAAGAGACATTTCAAAACTGCCCTAGGCCATTGCAGCATCCTTAGATGGGACGCATAATCATTACCTTAAAGCATCACCACTCATTTTGACCATATAGATTTTATTATGTTAGTTTAAAAGGTCAATCAGCCTCATGACTTTATAGTTATGTCTTGTATTTAAAAACATTTTTTATACATTTGGTTATGTTGATAAACCAAAAACATTTGATTAATAAAATATCTATTTGAATAAATTATGAGCTATCCTTTCAAACAGCTATTGGCAAGTTTT,"[[116507827, ""G"", [""A""]]]",yes,no,G->A,1
chr12,123721146,123721566,AGTAGTTAGTTTTGGCTGGTGTACTATTAGTTTCATGAATCTAGGTGTTTTGTTTTGTTTTGTTTTGTTTTGTTTTAATAACTGAAACAAAAAACATCTAAAACCACAGCTTCTGGAAGAACCACTTGTTCTTGCCAGTCTTGTTCCACTCTTTGAACTTGATCTTGGCCTCCCACTGGGCCTTGCATTTAAGAGCAGGGTCTCTGAAAACCTGGTGGTTTTGTCTAAGGGGATGGTCACAGGGTACTCTGTGGGCATGAGGTCATTATAGTTATAAACCTTCACAAAAGACTTGACCTTTGACCTCTTGGCAATCTTCTTGCCCATGGCAGCTGTCACTGTGGGAATAATGGTCTTTTTTAGCCACCAGAGGGTGGCTGCAGGTGTGGTCTGAGGTGCCATCATCAGTTTTCTTCATGAG,"[[123721225, ""G"", [""A""]]]",yes,no,G->A,1
chr7,88586256,88586568,CCCAACAAAACTATAAAACAATATGTAGTAAATATTGTTGAGTTTGCCTAGACTTTTTCTCCTCTTAACTTCCTAATGGCATTGCTGTTTCAGTTCCTGGAATTATCTATTCCACATTGTATCCACACTAGCGAGATTAAATCAGGTTCCTGTAACCACAAGTCAGTCATGGGACCCAAGCTTTTGCAACTTCATTTCCCTCTGACCAGACTGTCCTTCTTCCTAGATTATTGTTGTGATTCCTATTTTCAAGGCTGTAGAGTTGCCTTGGTTCCTGCCTCCCACCAAGCTTTATTCTCTGAACTCTCGATAT,"[[88586260, ""G"", [""A""]]]",yes,no,G->A,1
chr17,19863367,19863623,TTATGTAAATCATCATGCTGACCTGCCCTGCAGTGACAGTGGAGAAAAAACCAGAATCTGCTATTCCCTCTGGGAGTCTCAGGTCCCCACAGCTCTCACATGGTATCACACTAGCTACATGTGATTCTAGTTTGTGTTTTTTTTTTTTTTAAGAGACGATCTTGCTCTGTTGTCCAGGCAGGACTTCAGTGGCAGGATCACAGCTCACTGCAGCCTTGAACTCCTGTGCTCAAGCGATCTTCCTGCCTCAGCCTCCT,"[[19863500, ""T"", [""G""]], [19863502, ""T"", [""G""]]]",yes,yes,T->G,2
chr4,137363551,137363831,AAATCCAATCTTTACTGAAAATACAAAATAGTATTTACAAATACAAAATAGTGGTGCATGCCTGTAGTTCCAGCTACTCGGGAGGCTGAGGCAGGAGAATACTTAAACCCAGGAAGTGGACGTTGCAGTGAGCCAAGATTGCACAATTTGTACTCCAGCCTGGACAACAGAGCGAGACTCTATCACACACACACACACACACAAAAAGTCAACAGCAAGCAAAAACAGATGAGCAATGTGAGCAGAGCAATGAAAATCCTGAGAGAGAATCGAAAGAAATA,"[[137363562, ""C"", [""T""]]]",yes,no,C->T,1
chr3,169710676,169710951,TCTTGCCTTATTGCATTGAAAAAAAACCTTCTCGTATGACACTGAATAGGAGTAATGAGAGTGGATATCTTTGTCTTGTTCCCAACATTAGGCAAACATTCTTTCACCATGAAGTGGATGTTAACTGCAGATTTTCTTGAAGATGCCTTTTGTTAGGTTAAGGAATTACCATCTGTTCTTTGGTGACTGAGAGTTTTCATCATGAATGGATGTTGAATTTTATCCAATGATTCATCTTCATCTATTTATTTGATCATACGGTTTTTCTTCTTTAAG,"[[169710707, ""C"", [""T""]], [169710761, ""T"", [""C""]]]",yes,yes,C->T,2
chr5,117872913,117873347,CCAAAATGACTCTCCATAGGCAAAGCAGGACTACCACATGGGTAGAGCAGCTCAGCAAAGCAGCAATGGCAGTTCTGAGAAGCAGCAGGAGCTTACAGCAACAGCAGCAGTTCAGAGGAGGACCAGCAGCTGCAGCAGCCTCCCCCACTGTGAATTGCTGCCTGACTATATTTATACCTACTCTAAATTATATGCTAATTAAGGGGCAGGTCACTCAGAATTTTCTAGAAAAGGGGCGAGGGAGTTCCTAGAAGCATATAAGGTGACTCCTAGGTCATTGCTGTGGCATTTGTAGAACGTCATGGTGTCGGTGGGAGTATCTTTATGCTAATGAGCAGTGAGGGCAAGTAGAGATCAGTTTCATCACCACCTGCTGATATAAAGAGTCTTCTCTGCTACATTCTATTTTGATCAGCAGGGTTATTTTCGGTGCTT,"[[117872955, ""C"", [""T""]]]",yes,no,C->T,1
chr12,114340292,114340579,GTGATTTGGGATTTTGTAGCACATCTAGGGAACCCAGGAGAAACAGTCCTATTATCTTTGCTGTTGGGTTTACCACGATGGTATCATGAAAAACATCATCAAAACATTACTCAGCACTGCAACATCTTTACAAGAACCCAAGGGAGAACTTGCTCCTGGTTTTTTGCAAACATCTCGATTTGTTTGTCTTTTATGAACTCATGAGCTCTTATAGCTGACTATAATTCTCAACTTGTTTTGGCAGCTAGGAAGCTCAGAGCCAAATATATTTCTATTAACTACACAGAA,"[[114340296, ""C"", [""T""]]]",yes,no,C->T,1
chr7,116376662,116376953,AGAAATGCAAATCAAAACCACAATGAGATACCATCTCACACCAGTTAGAATGGCAATCATTAAAAAGTCAGGAAACAACAGGTGCTGGAGAGGATGTGGAGAAATAGGAACACTTTTACACTGTTGGTGGGACTGTAAACTAGTTCAACCAGTGTGGCGATTCCTCAGGGATCTAGAACTAGAAATACCATTTGACCCAGCCATCCCATTACTGGGTATATACCCAAAGGATTATAAAGCATGCTGCTATAAAGACACATGCACATGTATGTTTATTGCAGCACTATTCACA,N,no,no,N,0
chr1,191870569,191870791,GAGAGAGATGCCAAAAGACAGACTGGTTAAAAGAAAAAAAAAAACCAAAAAACTTTTACCCTTTTACCCTTTTGCTGCCATGTCAGGTTTCTGGTTTCCCTTTTGACCCTGGGGTTCTTTAAAGGGGAAGTGGACAAAGAGGATATTTGCATACTGTAAAAGTTGTCCTTCCTAAAGAGATTTGCTCAGTTAGATCCGTAATTTCTTCCCAGGACTTTTTTTT,"[[191870613, ""A"", [""C""]]]",yes,no,A->C,1
chr9,108244708,108245074,CTTTGAAGAATTTTAGGAGAAAACAAAAGTGTGGTCAAATGCAAGAGGGATTTCCAATGAGTTTTGAAATTGGAGAAAATGCATTACCAAGCACTAAACAAACACTGAATCTGTTTTATGAGTTAATGGATTAAGTTGGATTTCAGTGGCATTCCTGTATCACACACAGCATACACATGCTCATGCCTTTCTCCAAAGCTTAGGACCAGTTGGTGTTGATCACAGATGCAGCCAAATGGCTGGATTGTTTCAGAAGAATGCTGCACACAGAATTTGTATCTGAGACTGTTGCTTATCCAAAAACATTTATGGAAGAGTTCAGACACCCCAAGCAATTCTCCTGAAGACAGCATAAATAGTTCCCACA,"[[108244753, ""T"", [""A""]]]",yes,no,T->A,1
chr9,62458336,62458586,GGAAACTTGCCCAAGATCACACAGCCATGAAGCAGACACCAGAAGCAGAGCCCTAGGCTCACAAACTTGACTGCCTTCACTCTAGGCTCTATGTTATTCTGACCATCTCTCAGCCAGGAAGTCACTCCCTTATGCAAATGACATTGTTGGTGCTGATGGTTAAATATTTCTTTTCTCACAACATGTGAAAGAGAGAGCCTGATTTGCTACCTAAGCCCCAAGGGTTTCTCCTACCATTTCAGAGAGGTAGA,N,no,no,N,0
chr7,76867351,76867824,GCAATCACATGCAACTGGAGGGGTCATCAATGAGGGCCAGGAGCTGTGTGCTTCCTTTCACACTGTCTATCCATCAGTAATTTTCACCTGGTGCTCAGTCATTTTCTATCTATTATAACCAAATTCCCAGCCAGCTCAGAATGGGCTGGCCTTGAATATCCCTGTCTTTACTGAATTCTTTCTTTCTTAACTGACGCTTTGTGGTTGAACAGATGCATCCCAGATGTGCAAAAAATAGTTCACATTCACAGAGAATAAAGTCCTGGCTCATTAAAGGGAAGACAACATTCCGTCCTGGCTTAGAATACCAAGATAGCATTTCCCAGAGTTGACAGCGAATTGGAAAATTTAACAAAAGCCATAGAAATACTTCCTGGGTCACCAAGAAAGTCATAACAAGAGAATACCATTGATATGCCACCCAGTTCCAAGGGCTTCCCTTGGCACTTAGCCTCCTAGCCATTTCACACATAC,"[[76867352, ""G"", [""C""]]]",yes,no,G->C,1
chr8,115503837,115504099,ATTCAAACCATCAAATTGTTACTTCATTGAAAACCATGTTATCCCCTTATTTGGTATCATTGTGACTGTGAACAAAAATTATGCACTCTTATTATTATAGACAATAACTTACATATTTTTCCAAGGGCACACGTGAAATCCCCAAATGTGTGTTTCATTAGATTGCTCAACTGAATTCTACATACTTCCCATACAACTTGCTTACAGTCTTGGGAAGGCAGGTTAACTTCCTTGTATTCTTGTTTTATTCCCTAAACCTTCTC,"[[115503910, ""G"", [""A""]]]",yes,no,G->A,1
chr17,53807010,53807228,TCTTTTAATGTTTTACCTGATGTCTTTTAATGTTTTTTTTTTCTTATTAGTGAAAAGACTGAGTGTCAAAAGTGAAACCATTCTGTCTTTAAACCTTGCTATAGAATCAACCAGTTCATGAAATCTTATTAAATAGTGTCTTGAACTTTTGTTGTGAGAAACAAAGAACTATTATTAGTGATGCTATCGAATGGCTTCAAGATAGTGGTGTGTTTTGAC,"[[53807165, ""A"", [""G""]]]",yes,no,A->G,1
chr10,104510020,104510394,GCTTCCCTCTGTCCCACATACAGCCAGCTTGCCCAACCCCAGAGGGCTTCCTTCAGCATCAGCAGCTGGCTGTGCTCAGCAGGAGGTGGCAGCCAAGGCTCCTTTTGGGAAGTGTCATTAGTCAGGATGGGAGTGCTTCATGCGTGGTGGGTGAACAGGAGTGCAGAAGGCCAGATGTTGGTTCTGGGACTGAGAAAGAATTGGCACCAATGCCATTTGGTCTCAGCTGTTGCATCCTGTGACCTCAGGGAACTGCAGCGTTTGCTGCTTGTAAGCCAGCTGTTTATGGTGCCTCTGAATAAGGATAAAATCACTCACTAGCTGTTTTTTTGATCCTTTAAAGTTCACTTTGATCAGTGTAAAGTTTGTTAATGG,"[[104510055, ""C"", [""A""]], [104510332, ""C"", [""A""]]]",yes,yes,C->A,2
chr5,100542052,100542512,TGATTCCTAGAATACAACGAGATGCATTGAATTTTTGTGGAAGAGAAGGACTTTCACCTCCCAACTGACAGTGTTTTCTGGGCCCTGCTTTCACTGTCCATGTTCCCTGGGTGATCCATCCAAAATTCATTTCCTTAATGGCCACCTCTAAGCTGTTAATTACTTTCTGAGTTACAGACATGTATAGCCAGCCAACTTCTTACGGGATAGATGATTCAGACTTGTTTTCAAGTTTAAGCTTGAAACAGTATTTTTATCCCTGGACAAATCTTGCTGTACTCTCTTTATAAGGAGAATAACACCATCATCTACACAGTTTCTCAAACTAGAAACCTAAGTCATCCCATGTCTCTCTTTTGCTTACCATTCACATACAGTCATCCAATTTCAATTGCTAAATATTTCTTGACTATATTGCTGCTTTATGAGCTCAATTGACCTTACATTAGTTTAGGTTCACA,"[[100542099, ""T"", [""G""]]]",yes,no,T->G,1
chr19,6297157,6297454,TGAACCCGGGAGGCAGAGATTGCAGTGAGCCAAGATTGCACCACTGCACTTCAGCCTGGGCAACAAGAGTGAAACTCCGAAAAAAAAAAAAAAAGAATAGTCATCATCCCTACCCTAACAGCAGTTAGACGTACCTCTTCAGAGGGGAGTTTGATGGCTGTGGCAGGGCCAAGCAGGAGTCCCGCCCCTCCTGAGTTGGGATGAGAGCTCTCCAGGTGCAGCTGCAGCTGCCCAAACCACAGCTGCAGAGCCGGGCCTCCCACTCCACAGAGTAAACAGGAGTCGCACACACCCCCAA,"[[6297363, ""T"", [""G""]]]",yes,no,T->G,1
chr1,3740101,3740470,ACACAATCAACCTGGCTGATGACCTCTGTCTAACCCACACAATCAACCCGGCTGATGACCTCTATCTAACCCGCACAATCAACCCAGCTTTTCACAGTGGACTGGCGAAGGGTGGAAAAGGGCAAGGGTCACCTCCAGTCTCTGGTCGCAGCTGTCTGTGCAGTGCTGGCTGACGTCCTGGTCGCAGCTGTCTGTGCAGTGCTGGCTGATGTCCACGCTAACCACGGCCTCACAGGGAAACTTCATGCTGATCACAACAGCATCTGCATCTTTTAAGGCGGCCATATCTAAGCAGAAGAAAACTTTAGATGATACAAAAGTTGATTTAGGCAAATGAGAAACTGTTTTGTTTGGTTTTGTTTTTGAGAGA,N,no,no,N,0
chr16,78528182,78528660,TTTTTTGCATTTTTAATCGAGACAGGGTTTCACCGTGTTAGCCAGGATGGTCTCGGTCTGCTGATCTCGTAATCCGCCCACCTCGGCCTCACAAAGTGCTGGGATTACAGACATGAGCCACCACACCCGCCCTACATGGGTATTCTAACCCAGTCTAGTGATAGTCCAATCTCCTGTACTATGAGTAATTAGCAAAGAATTAACAGCAGAAGATCGCTCTCACCAAAGCCCATCCAGAAAGTGGCTCGTATTCAAGGTGCTAATTAGGGTGTTTTGTTGCCAGTAAAAACATGAGTCAGATTTCATGATTGATTCATGATGACTTTAAAATTAATGCTGCTGTTATCATACAAAGTAGTGGTAAGTGGAGGTAAGAGAATGTTTTTGCTTTGGGGTACTAAGTCATCGTTATAATAAACACACAGTAAACCCATTTATCTCAGGCTTAATGCTTTCTTGTTTCTTCTAAGCACTTCTTA,"[[78528197, ""G"", [""A""]], [78528351, ""C"", [""T""]]]",yes,yes,G->A,2
chrX,154908927,154909151,TCAGCTCAGCAAACCTGCAAGCAATGTGAGCTGTGTGACAATCCAACAGAGGTGGAGAGCCAGCACTGATTTGGGCTGGATGGTTCAGGAAGCCAGCTGCTTCCGTTGGCGAGTCATTTTCGCTGTCACAAGCCATATTGCCATGATAAACATCTTTGACAGACACATTCTTGACACTGAAGCCCACATTGTCCCCAAGAAGAGCTTCATTTAAAGCTTCATGGT,N,no,no,N,0
chr7,92930407,92930646,TACAAATTGCCCACAAATAATTTAAAATAATTGTTTTAAGGAAACTCAGCTGTGTTCAGCATCTTTTCAACACAGATAGACAACTCAACATAATCAGGTAAACAAAATGAGAAGTTAACAAAGAGAAATTGTAAAAAAGAACCAAACAGAAATTCTGGAATTGAAGAATAGGATGAATGAATAAAAAAATGCAACAAAAAGCATCAAGAGCAGACTAGATCAAGCCAAAATAAATAAATA,N,no,no,N,0
chr3,170117186,170117501,ATAAATTACAAACACACACACAAATATGCTTGCTACTTACAGGAAATGGCTCCAATCCCTCCTGAATCACAAAGCCTTCAATAACATGGGTTAGGATCTGTGGTTTAACAATAGCCTGTGGAGGTTTGTTCTCTATACTGGGAATGCTACTGTGCATAGATGTACTGTTACTCCTTGTGGTGGCAGCTGGAAGTAACAATGGAGGTGGTGGAACAGAAACATGTGAGGGATCTGATGGAGATTTAATTACTGAAGCACTGACTGATGCCACAGCAGGTAATTCCACTTGCTCTGAAAAAAAAACCAAAAAGTCATT,N,no,no,N,0
chr5,144086330,144086635,ATTTCTACAAAATAAATTGACAGAGTCAAGTGAGTCTTAATAAAAATCTTTTTTTTTTTTTTTTTTTTTTTTTTTATTAACAGAAATGAGGTCTCACTATGTAGCCAGGCTGGTCTAGAATTCCTGGGCTCAAGTGATCCTCCTGCTTCCACCTCCCAAAGTGCTAGTATTACAGACGTGAGCCAACATGCCCAAACCTTCAATAGTAGTCTTAACACGATTTTAAAAAACGTAATGAGAGTCAATTCTAAAACTTTTCTGAAGAAGAAAATAAGAATATCTAAGAAAACTTTCTTAAACTTTTTA,"[[144086446, ""T"", [""A""]]]",yes,no,T->A,1
chr11,70747198,70747598,CCCTGAAGTGGAAACCGGTGGCAGAGTTTGCAGCAAGTGCACAGGGAGGTGGCAGGCGGGGAGGTGGGGCTCGGTGCCATGCTTAGGATTGCCCTGCTCTCCAGAACTAGCCCTGGGCAGCAGGGATGGGAGGGACCCGGGCAGTTACCAGCCGGCTACCCGGAGAACACAGTCCTGTTTTCTGCTGGTGGAAAAGTCTTTTCATGGCCTGACATTCTCAGGCTCCTAATCACCCCAGGCCAGGAGCCATGGGGGCCGGGTTTCCTTGTCACATCCTGGAAGGACAGCTGAGTAACTGAAGATTGGCTTACAGACTAGTGTTGGGATTTGGAAGCCTGTTTCCAGGGCAGCCTTTAGACCTGGCACTGCTGGTGGCCACCAGGCTTGCGTTGGAGATAGCA,"[[70747350, ""T"", [""C""]]]",yes,no,T->C,1
chr6,36083471,36083907,GCTGTCATCACTGCAGCTCCAGTCTGCTGTTTTCCCCTGCTGGTGCTGGAGAGACTGGGCAGTTGGGACCCAGAAGGAATTCCCTACAGTGCAGACCCTACAGTGGTGGTGGCACATCATGGCCAGACTGACTCTTTAGGCTGAACTCTGACTCATCCCCCTACACGGGGCAGGGCCTCTCTGCGGGAATTTCAGCAACTCCAGCCAGGGGTTTACAGACAGAATTCCAATCTCCCTGGGATGGAGCCCCTGGTGGGAGGGGTGGCCACAGTCTCCACAGATCAGCAGAGTTAGTCTTTCCCCTTGCTGGCTCTGAGGAATCCAGGCAGTCTGGATGAGTGAGATTTCCCCCAGTGCAGCACACCCCCTCCACCAAGGGGCAGCCAGAGTGCTTCGTTAGGTGGGCCTGTGCCTCTTGACTGGATGAGACCCCTCCA,"[[36083531, ""G"", [""A""]]]",yes,no,G->A,1
chrX,79466486,79466939,AATGCTCCACAGAATGCCATCATAATAAAAAAAATTAAAATCCAAATATCTACTACCTTCAAGAGACTCACCTCATATGAAAGGATTTATATAAACTCAAGGAAAAAGGGTGAAAAAAGATTCCATGTAAATGGAAACCAAAAGCAAACATGAGTAGCTACTCTTATATCAGACAGAACAGACTTCAAAGCAACAACAATGAAAAAGACAGATATGGTTACTATATATGATAAAAGGAACAATTCAGCAAGAGGATACTGCATTTTTAAATTTAGATGCACCAAAACTGGAACTCCTAGATTCATAAAACAATTACTACTAGACCTAAGACATGAAATAGACAGCAAAACAATAATAGTGAAACTCAATACACCACTGAAAGCACTAGACAGATGTTTGAAAAAGTCAAGAGAGAAATAATGAACTTAAATGACATGCTAGAATTAATGGACTT,N,no,no,N,0
chr1,970402,970758,GCTGCGGTTCCAGCACAGCCAGGTGGGGGCCGGGCTGGGTGGAGCACGCTAAGGGTGCAGCATCCCCATCAGCCTGGGGCTCCCCAGACTCCGCACTGACGACCCTGCTCCCCGCGCAGGATGTCAGCGACTGCTACCTGGAGCTATTCCCCGCCCACCTGTACTTCCAGGCCCACGGCTCGGAAGGACTCACATTTCAGGTGAGGCGGTGGGCAATGGGGTGGGGCCATGGCCGCCCTTCCCTCCATGGATCCCTGAAGCTCCTCCTACCCTGTGCCTGGCAGGGGCTGTTACCGCTGACGGAGCTGAGTGTCTGCCCGCTCGAGGGGTCCCGAGAGCACGCCTTCCAGATCACAG,N,no,no,N,0
chr4,15792933,15793246,TTACAACCATTTCCCTCCCCCATTTAAGAGTGCATATTAATTTATTAAACAGACTGCGCAATTCATCTTGTAGAATTTCCCACCTTCTGGGTTTGGCCAATTACATCCTTGTGGTGTTATTTAAAATCCTCCTCTATTCCCTTTATTATCTGTTGACTGACAGCTTGGCCAATCAGAATCACTTGAACGAGCTGATTACACCCCCTCTTTCTGAAACGTTTTCTTCCCTTGAGTCTGTACACACTGTTGGCTTCCAAATTTATATCTCCAACCCAGACCTCTCTCCAGTACTTCTGCTTGCTACTGTGTTTTTC,"[[15792989, ""G"", [""C""]]]",yes,no,G->C,1
chr21,31484299,31484797,GGACTCCACAAAGAGGCTTCTGGGCTGGGGACTGTGTGTGCTTTGCTCCCTGGTTCATCTGCAGGCACATACCCGCAGGTATGAGCTCAATACGTCAACACCTGCTGGTTGAATTGGCACAATGGAGCTAGCACTGTGGGTGGCCTCCAAACCCAGCTTGCCTCTGCCTCCGGGGCAGGGACATTACTTAAACAGCAGCTCTTAACCAATGTGAAAATCAGGGAGAAACACACAAAGGAAGGACTGAGGAAGGCTGAAAGAGCAAACTACTATGGGTTTCAAATCCTTTAGTAGTAAACCTACTCAAGGCCCAGCTATTAAAGCAGGCCCCAAAGTCCACAGCACTGTGCATCCTGTAATCTCAGCTTCCTGCTCCTCCAGGAAGGGAGGCCTGAGAGACTTTCTAGGACCGTGACCCCAGCCATGGCCATCTTCACGTTCTGAGGCTCCCCCAGTACAGCCAGTGCTGTGACCTAAATGTTTGTGCCCCACCTCTCCA,"[[31484349, ""C"", [""T""]]]",yes,no,C->T,1
chrX,113394467,113394872,AGAAAATGACTTTCTAAAAGGTGCTTCATTTTTGATGATTCTGTTTTTGCATTCTGCATCTCCAGGCTGAGAAGAAGAGAATGTGTCACACAATATCATGTGGTGCATATTTAAACATAAAGCCAGGCTGTGGAGAATATGCCATGTGTTCCTGCTAATATGGGAAATTAGGTTCATCAGGAAAAAATCAAACGCCCACTGGGCATTCAGCACACTAACCAGGTTGTAACCTTTTGTTCCAGTTGATCCAGACAGCTGTGCTGGGAACCAACCAGGAACATTGGAGAAAGTACTGTTAAGATGCATTATACTCCTAATGATACAGGGCAGAGCTTTGCTAACCTAAGGCAATTTTAGGAGTTTGAGCAGGCTTTAACACTCTAAGCATTATGGGACAAAGAAAAAC,N,no,no,N,0
chr6,79438044,79438492,CCCCTTTTATAAAAGGTAAGCAAATGCCTTTGCCTTTCTCAAGTTCAAGAATTATTATAACCATGCTTCCATTTCCAAAAGAAGGAAACTGTACCCATAGTGACTGTATAGAAAAAGAAACACAACAGAGGTTCAGAGTCATAGCTGGGCTGACTGCCTGCACACACCCAGCTGTTCTCTTAAAATCACAAAGCCCGTGGAAGTTCCAGACTCTGTTGTTTTGGCCCAAATTACATATTTCAACACTTTATTGTTTGCTTTTGATGTCTGGGTTAGTAATTTTCATGCAAAAAGGACCATCTGGGAAAAACATTTTTTTGTGTCTCGTGGGTTCTTTATGGATAAGCAAAAATGCTCATTATTTAAGCAAAAATGTTTTTAATATGGAGCTGCAATGATGTTGTGAATAAGGAGTTATATCATTGTGCTATCCACTTCTATGCCCAGAA,"[[79438073, ""A"", [""T""]]]",yes,no,A->T,1
chr7,90453178,90453483,TCTGGCTCCATAGAAGTTTGACAGCAGAGTTTAGGTTGCAACAAGCTTCGAGATACCCGAGAAGACCTTTCATTTCAAGGTCTGAAATGATTAAATGATTAAAATTGCTCTTTAATAATTAAACATGCCATCTGTATAAGGCAGAGGGTGACCTTTCACCCATGGTCTCTCAGGCTGTTCTAGAATTTCTGCAGTTGGCACATATGGTATCAGAAATCCATTGCTATTCTTCCTTTGAAATATTAGAAGAGCAGACTTAGAGCAGCTGTTTTTGTGCTGCCAGATTTCATTGAAATGTGGGTTTTA,"[[90453187, ""C"", [""A""]]]",yes,no,C->A,1
chr3,124694516,124694878,CCCTAACATCAGCAACAGCAGCCCCTTGCTTGACACAGCACGGAGAGGCTGAATCAGGGGTGCAACTTCTGCTCTGGTGACTGGGCTCTGCAAGAGAATAGCTGCCCTGGAGCCTGTTCTTGGGCAAACACTTGGACTTGATTAGAGAGAGACTGAGGAGACTCAAGTGTTAGTCAGAGCCTCTGCCACTCACGCTGCAGCCTGATGGACACCTGCAGCAGCACCAGCACACATTTCCCACGGTGCTCAGCACCACGTAGACATACCTGGGATCAACAGAATGGTTTGTAAAGACTGTGCTCCAGACCCACATTAAACAAATAGGGAAAAACATAAACCTTTATATCTCAAGTCAAGCATGCA,"[[124694557, ""T"", [""G""]], [124694571, ""T"", [""A""]]]",yes,yes,T->G,2
chr4,89069489,89069712,ACAGGCACAATGGTCTCAGCCAATCCCAGCAGCCATACCTTAACAAGTCACAGGTAGTCAACTGTTCAAAACAAGTTAAAATAAGGAAAATGCTGAGCTGTAACCAATCCTGCTGTTTCTGTACCTCACTTCTGTTTTCTGTGTGTCTGGCATGCTCTGCACCCCCACCTTACAGTCCTTGCCCTATGCATCTCTTTCTGTATCCTTTATAAGCACTAACTTAA,"[[89069529, ""C"", [""T""]]]",yes,no,C->T,1
chr5,97422753,97423026,GACCACTGGGCCCTCAGAAACTTCATAGTAACAAGATGGAATTTTCATGGGTTTCTTTGCTATCTTATGGCAGTCACGTGTCTTACAACAATACGAGTCACTTTTTGTTTGTCTGGTTCAACCAGCATGATGTCATCAATGAAATGGACCAGATATTCTGTGGGATGCCAAGATGATTATGATCTCTGCAGACTAAATTGGGTTAGAGAGCAGAAGAGTTGACATAACTCACTGAGGTGACAGTGCAGGTGTAGTTTTGTCAATTCTGGGTGAG,N,no,no,N,0
chr2,120160404,120160681,ACTTGGGCACTTAGGTCAGTTCCATATTTTGACTGTAGTGAGTAGAGCTGCAATGAGAATGAGAGGCAGATGTCTTTTTGATATATTGATTTTCTTTCTTTTGGATGTTTACCCATTAGTGGAATTGCTGAACCATATGGTCATTCTCTTTTTAGTTTTTGAGGAACCTCCATACTGTTCTTTAAAGTTGCTGTACTAATTTACATTCCCACCAGCAGCGTAAGAGGGTTACCCTTTCTATGGGTCCTCACCAGCATCTGTTATTGCCTATCTTTTTT,N,no,no,N,0
chr10,115957138,115957374,TGCTTTTTATGAAATAGCTCTGAGAAGACTGTGAGGACCTGTCAGTTTCATTCAACTCCACAAGAAATATATGTTCTTAAAATGGCACACGAGTCATCCTAGGAGTGTGATGTGCAAAGTCAAAAGGTTTCCTTCTGTAATAATTTTGGACTCCTTTGGTTATGCTTGACTTGGCATCCCAGCATATTGAAAGAACATGGGTATTGCAGACTCTTCTCATAGACTTTATCTTTTCTA,N,no,no,N,0
chr4,107780662,107781060,GGGTGGATGGGGAGCAGGAAGCTGGAAGAACACCCAAGAGACAGTAGGCAGATAAGACATGGTTTTATTCAGCAGCTCACCCACATGGTCAGTGCTGCATTTATGCACCTCACAAACAACAGTGGCTCCAAGCCATGTGATGAGCCCCCTATGTATGTCTACATAACTGTGCTTATATTATATATGGGACTGTGCGCCTGCGCTCCAATCCTGCTGTGTCATACAGGATGTTTACCTCAGCCTATCCTTGACCAAAGCACATCCATTACCTTACAATAGTACATATTCAACTGTGGAAATTAAAACATCCTCCAAAGGTAACTGAAATTATCAGTAGATTATTAATAAACCAATTAAAAGTTCAAAGAATTAGGGTTCCCAATTGAATAAATCCAAAGA,"[[107780844, ""C"", [""T""]], [107781035, ""A"", [""G""]]]",yes,yes,C->T,2
chr14,61144230,61144460,CTAGGCAGTGCCCCAGTAGGAACTCTATGTTGGGGCTCTGACCCCACATTTCCCTTTTGCACTGCCCTAGCAGAGGTTCTCCATGAGGGCCCCACCCCTGACACAAACTTCTGCCTGGACATCCAGGCATTTCCATACATCTGAAATGTAGGTGGAGGTTCCCAAATCTCAATTCTCGACTTCTGTGTAGAAGTTCCAAACTGTCCCACATTTTCCTGTCTTCTTCTGAGC,"[[61144287, ""C"", [""T""]]]",yes,no,C->T,1
chr18,57872425,57872778,GCTTGAACCTGGGAGGTGCAGGTTGTAGGGACTCGAGATCACATCACTGCACTCAGTGCAATGAGATGTCTGTTTTGGTACCAGTCTGTGCACTACACAAGGCAATGAGATGACATTCAAAATGTTAAAAGAAAGATTGTCAACCAAGAATTCTATATCAGCAAACCTTCAAAAAACAAAGGAGTAATTAAGACATTTACAGATGAACAAAAACTGAGAGAAGTCATCTTTAGCAGACTTGCCCTACAAGAAATTCTGAAAGGAATCCTTCAGCATAAAATGAGAGAACCCTACATGTTAAATCCACATGAAGAAATAAAAAGTATGGTAAAGGTAACTACATAGGTAAATGTA,"[[57872450, ""C"", [""T""]]]",yes,no,C->T,1
chr12,8238984,8239255,TGAGCAGGAACACAGGGCATGTGGGTCCCAACCACCTCCCTCCCAGGGGAGCCAGTGTGAACCAGGGTTTGCAGTAAGGACAGTCGCCAACTGTCTGGCTCTATGGAAGAGGTGGGAAGGCCCACTCAGCAACTGCTCTCTTGGATCATGTGTCCCTGGGGACAGGATGGAGGGGAGGGGGTGCTCAGGGTGACTCCAGCTAAAGCCGAGAGAAGCCAAGTGCAGGATGAGCAAGTTCCAGGCAGTGGGAACAGCCTGTGCAAGCTCTGAGG,"[[8239165, ""C"", [""T""]]]",yes,no,C->T,1
chr11,104529272,104529580,TTTCAAGATTTTCAGCTGTTTATGCACCTTTCAATCCTCACTCCTACTGCCTTGGTTCAGGATTCCATTATCTCATAAGTTGAAAGTGAAAACAGCCTCCCCCAATCCATCCTTCACTGTGCCAAAATGATCTTCATTAACCATAAATCTGACTAGTCAGATTCTTGGCACCAACTGGAAGTGGACAGCTGCAGCATTATAGCCTCAATCAGGAGTATTTTCGAAAGAGAGTGATGAGATGAAAAGAAACCCTCTCAGAGACAGAACTTCTAATAGTATATTTCATTATCCTCTGTCTCCACTGAGAAG,N,no,no,N,0
chr2,229539631,229540036,TTCCGTTCTTTTATTTGTTTTTCTCATCCCGTTGATAGACAGTTCCTGAGCATCCCATTTGGAAAGCACCATGCTAGTTGTTACGACAGTTACTGAATGAACCAGGCACAGTCACTAATGTCGAAGAGCTCACCTTCCGAGATTCCAAAGGAGGTTCTCCATGATCTCACATCTGAGTCAGACATTTCTCTGGGCTCTCAGAAATGTACTTGCAAACCTCTCCCACAGCACACAACACACTGCTCTCTAATCTATGAGTTACTCATCCAGCACCCTGTCCCTGCGGCCTTGTAACTGCTTCTCAGAGGCTATGTCTTGCTAGACCAGTATGTATCCTCCAGAGCCTAGAGGGTACCAGACACACAGCAGGTGCTCAATAACGTTGCAATGAAGGGAATGCAAAAAA,"[[229539656, ""G"", [""A""]]]",yes,no,G->A,1
chr9,1876935,1877222,TGATTATATACAGGATGTGAAGGAGACAATGGCTGCTGAATAATAGATGCTGAGTGTTAGTACTTATCATATAAGCCCTGGTAACCCCCTTTGTGCGTGGCTTGGTTGATATGCAGTAAATATTTGACTGCATATTGGACTACTTGTGAAAGTAAGTTAGAGACACCGCTTGGGGCAGGACCTAACACAAATACAAACCAAAGGGACTAAAGAGTATCAACAATAGTGGGGAAATAGTTATCTGTCCTTTTTCTCTCTGTGAAACAATGCTCAGTACCTAAGCACACA,"[[1877031, ""C"", [""G""]], [1877189, ""G"", [""C""]]]",yes,yes,G->C,2
chr9,19221324,19221754,TGCCACTGTACTCGGCTTGGGTGACAAAGTGACAGTGTATTATTGTTATAATAACAATAATAAAAATGGTCTTTATCTTAGCTGGTGTGGTGCGTCATACGTGTAGTCCCAGCTACGTGGGAGGCTGAGGTGGTAGGATTGTTTGAGCCCAGGAGTTGAAGGATGCAGTGAGCTATGACTGCTCTGCTGCGTTCCAGCCTGGACAACAGACCAAGACTCTATCTCTAAAATAAATCAATAAACAAATAGGCCAGGCGCGGTGGCTCAAGCCTGTAATCGCAGCATTTTGGGAGGCTGACGTGGGTGGATCCTTTGAGATCAGGAGTTAGAGACCAGCCTGGCCAATGTGGTGAAACCCCATCTCTACTAAAAATACAAAAATTGGCTGGGCGTGGTGGTGCACACCTGTAGACCCAGCTACTCTGGAGGCT,"[[19221340, ""C"", [""T""]]]",yes,no,C->T,1
chr9,110440761,110441045,TATGGTAGATACTGAGGGTGTCCATCCACATCCCCTGAGGTCTCCTCTTCCATTCTGAGTGCTACAGCTTCTAATGGTCCCACACCTGCTCCACCTGTGGGCATGTATCAATAAGCTAATCTAAGTGGTGAAGGCAGAAGGGGCCATGAAAAGGGCACAGCCATAAATTAAAAGAGTTAGGCCATAGGAATGCAATTTGAGAGACTCATTTTAACTCGTCCGGAATTCTCTGTTTCTTCATTTCTAAAATAGTAGCATAACTACTCTATTAAACTCACATGATCA,"[[110440803, ""C"", [""T""]]]",yes,no,C->T,1
chr19,2204008,2204505,AGGCCTCCCAAACAAAACCCAGAGGGTCTGCAGCTGCCTTCAGCACCAACGCCCCACAACCTGGGGGTTTGGAGGGTGCTTGTGTGCCTGTGTTTGTGTGTGCGTGTCTGTGTCTCTGTGCATGCCTGTGTCTCTGTGTGTGCCCGTGTGCCTGTGTGTCTGTTAGCGTGTCTCTGTGTGCGTGCCTGTGCGTGCCTGTGTCTGCATGTCTGTGCCTGTGTGCATGCCTGTGTGTGTGCGTGCCCGTGTGCCTCCGTGTCTATGTATGTGTCTGCTTGTTTGTCTGTGTGTGTGCATGCATGCCTGTGTCTCTCTGCGTCTGTGTGCCTTGGGAGTTTGTTTGCATATCTGTGTGTGTGTGTGCGTGTGGCAGTGGTGTTTCTGACTTATCTTAGAACCACGTGAGGACACCATGCTTCCCCGCCCAGTCGCCCCCACACCCCAGCAGCACTACGGGCCTCCCTGCACCCTGCAGCTGCATGCAGGAAGGCAGCAGTG,"[[2204101, ""C"", [""T""]]]",yes,no,C->T,1
chr3,103002511,103002886,TATTATGTGGGCACAGGAGCATGGGGGAAGTGGCCATTTTTTACCACGTAGTTACTTATGTCTCACTGGAAGAACCCACATCAAAAGATAATTATATACAGTCATGGAAATGGTGACAGCTGCATTTTGGCAAGTTGGCATGCAAATTACTGGCTCTATTCAGGTTACGTAAGCATGAATCGCTGAGAAATTTGAGATGAAAAGATTGTCAACGGTTTCTGGTTGGAAGACCTAATGAACATTGTGAAACTTAGTGCAAAAGACAGCACTGTCTTCAAAAGTCCTAGAGTTCTGAATTCAAATAAATCTGGACTTTTATATCATATTCATAAAATAGTTCAGAGGATATACGTTTACAGAGAACAGGACATTGTTA,"[[103002551, ""C"", [""T""]], [103002862, ""A"", [""G""]]]",yes,yes,A->G,2
chr17,79256218,79256633,TCCTGCAGGGAGGCACGCTTGTCTCTGGGGCTTCTATTCCCATAAACCAACCCTTCCTTTCTCATGTGAATCCACTTTAATTACAAAGCTAAATAACGAGAAGGAAATATTAAAATTAAAAAAAAATTCCCTACACATAGCAAGTTTGCTTGTGCCGGCCACTGGCTCCGGGAGCTGAAGCCCAGAGTGAGGATGGCACCACGCCACTCACTAAAAGCATGAGTGTCCCTAAATCAATAATTCATTTACTTTAATGAGATAAGTACTTTGAAAACTAATTGCAAACCTGCTCCATTTACTCCAACCTGCTACAGCCCTTAATGTAAATCGCAGAACCATGGCTGTGGGGAGGAGAAAGTCTTTAGGTGGAAGACACTGTGTCATCTTCCCCTTTCTTCTAAGAAAGGGAAAGAAGT,"[[79256266, ""G"", [""A""]], [79256380, ""C"", [""T""]]]",yes,yes,C->T,2
chr8,30002999,30003223,GCAACTCACCTTAGAGATTAAGAAATCTGGAGTCAAGTAGACCTGTGCTTAGTCCTCCTCTTGTACTCAGGAGAAGTTTCTGTGGTCTCAGCAACTTAGCAGGTGACCCAGAAGTGTTCTCAAAACCAGGCAAGCGGTAGCTAGAACAAAGTGATTGTCTAAAAAGCAGCTTTATAATGGGCTTCCACAGAGTGTTTGTAGCATCCAGTTGAGGATTTGTGACAA,N,no,no,N,0
chr7,95719487,95719878,TAACTGCTGTTCCCTTCAGTAAGATACATATTTCAGGCTGTGTCCACAGCACACACATATTTAACTAAAACAAACATTTGACAAAGCAATAGTTATCCTTACAGAGGGATATGACACTTTTATATTTCCTGTTCTAGTCTATCCTTTTTAATGGTGCTTTTGACACACTAATTAAGTCCATAAACCACGAAGGGATACCACCAATGGTTTGAAAATGATATCTTAAGGAGATGCAAAAATGTGAAAAGAGGGAGTTTCGTTTCATATGTAATACGTACTAACTGACCTAGACTTTGTGAAAGTGGTAAAAAAAATCACAGTGTGATTTCATTTCTATAAAGAATGCACATCCATATAGACTCCTTCAGGCTGGGTAGGAGGCAGTGCTGGGT,"[[95719513, ""T"", [""C""]]]",yes,no,T->C,1
chr1,119321661,119322098,GACATTGAACAGTTAGCAGGGGAAAATATCTACAGAGAGTAGATGGCAGGGAGAGGGGGTTTCAAACTGAAGTCAAAGGCTGGCCCTGCTGAGGTCATCCAAGGAGATGGATGGGGCAGAGGAGGGTAGAAACAGGGCAGGCTTTGAATTCCTCTCCCAAGCTATTAAACTTGGCAAGAGCCCTTGACATCTGGCTGGCTGATCATTGCCTGACAGGTTGTATTAATCAGGGTTCTCCATAGAAACAGGACCAAAAAGGGGTGTGTGTGTGTGTATACAGTATACACAGACACACAGAGAGCAAGATAGAGAGAGGGAGAGATTTATTATAAGTAATTGGCTCACGCAACTATGGAGGCTGAGGAGTCCCAGGATCTGCAGTCAGCAAGCTGGAGACCCAGAAGAGCCAACGGCATAGTTCAGTCTGAAGGCTTAAGA,"[[119321909, ""A"", [""G""]], [119321963, ""G"", [""A""]], [119322062, ""G"", [""A""]]]",yes,yes,G->A,3
chr22,43526822,43527064,TACTGGGCGCTGATACTGCCCTGTCCCAGCCTGAGCCCCGCACACCTGTGCTCACTGGGCGCTGATACTGCCCTGTCCCAGCCTGAGCCCCACACACCTGTGCTCACTAGGCGCTGATACTGTCCTGTACCATCCTGAGTCCTGCACACCTGTGCTCACTGGGTGCTGATACTGCCCTGTCCCGGCCTGAGTCCCGCACACCTGTGCTCACTGGCTGCTGATACTGCCCTGTCCCGGCCTGAG,"[[43526829, ""T"", [""C""]], [43526834, ""G"", [""A""]], [43526835, ""C"", [""T""]], [43526930, ""G"", [""A""]], [43527005, ""A"", [""G""]]]",yes,yes,A->G,5
chr11,1113031,1113492,CGGGTACGGCTAGGCCCCTGCCTGCTCTTCCCTGCTGTGCCCTTTAAAGCAGAGGCTACCCGGGAAGCTCCAGGAGAGCATGAGCCCTGACCCCAGTCCTTCCCCAGACAGCCCTGCCCCTTCCCAGAGCAGGCCCCACCCCTTCCCTAGAGGAGGCCCCGCCCCTTCCCCAGAGCAGGCCCCACCCCTTCCCTAGAGGAGGCCCCGCCCCTTCCCCAGAGCAGGCCCCACCCCTTCCCTAGAGGAGGCCCCGCCCCTTCCCCAGAGCAGGCCCCACCCCTTCCCTAGAGGAGGCCCCACCCCTTCCCCAGAGCAGGCCCCACCCCTTCCCTAGAGGAGGCCCCGCCCCTTCCCCAGAGCAGGCCCCACCCCTTCCCTAGAGGAGGCCCCGCCCCTTCCCCAGAGCAGGCCCCACCCCTTTCCTAGGACAGGCCCCGCCCCTTCTGCCCACTCAGGATCTTC,N,no,no,N,0
chr11,19651809,19652019,GACCAGCTTAGCCATCCACCTTAGCCCTCATAGCAAAGACAGGGCAGATGGCAGCCTTGACAGATGGCATCTGTTTCTAAAAACCATTTCTGGCAGGATGAGTCATAAAGCATAATAGGATATGCTTTTTCTTTAAACCTTGAAGGATGAGTATTTAGATACACCAGAACTTTGAGGACGTTGAGTGACGGCATAAGAAAGCTGTACTGCA,"[[19651998, ""A"", [""G""]], [19652001, ""G"", [""A""]]]",yes,yes,G->A,2
chr1,10564141,10564453,CTGATTGCTTTGTTAGTTTTACAAAATTATTAATTATTCTCTCTTAATATTGTTCTGTCTTGTTCTCATTCTCTTCTTTCCTGGACTCCAGTTGTAATTGTGTTAGACCTTCTTTCCGTGTTCTTTATGTCTTTTGCTCTGTTCTACATTGTCCATCCGCTTTTCTTTTTCTTTACTGATCTTTCAGTTTACTAACCCTTTCTTCTGCTATATCCAGTTTGCTGTTAAACCTGTCTGTTGAGCTCTTAATTTCAATTATTGCATTTTACAGTTACCTTGTTTGCATTTGATTTTTTTTTTTTTTTGAGACAAA,"[[10564149, ""C"", [""T""]], [10564258, ""A"", [""G""]], [10564411, ""A"", [""G""]]]",yes,yes,C->T,3
chr4,80225624,80225963,CATTTCCATGTTCTAGAAGTTGAAATAGGCATTTGTTTTACTTACCAGGCAAAATCTTAACCCAGGTTAAATCCAATTCCCCACTTATTACGTGCCAGCACAAGCACAACCAAACATGTCTGGAAAAAAACATGCAACCACGATGACTGGTCTCACTGTAACTTCAGGACTATCAATCTCCTGTGGCTTCAGTGCTGCCCAGCAATCCTGTTATGTTTCTGTGTTTGATTCATATGCACATTGTCTCAGATAAACCATCTGCATCTGTGGTCATATATCCTGCTTTGTAGCTGTTCCTTTTGATTAATTATCTCTGCATCTCTCTGAGAACAAGCTCTCT,"[[80225715, ""A"", [""G""]], [80225743, ""T"", [""C""]]]",yes,yes,A->G,2
chr11,11430506,11430772,TGAACCATCACCACAATGCTCTAGAGCTTTGGTTGTGAAGGGTCTAGGGTGCTGCTCGTCTGCATCCCTGATGACGGACTACTGCACCAGGGCATTGCTCCTGCTGCCTGCCTCTTCTGGGGCAATGCATTGCCATCCTCTGAATCACCCTGGCTTGAAACTCTGAGCCATCATTGACCTCCCCTCTGTTGGCCCGCCTGCCCATGGCTTCTCAGCCAAATGGTCCAACAGATTTTTCCTTCATAATACCTCTCAGGCCTATAACTT,"[[11430545, ""A"", [""G""]]]",yes,no,A->G,1
chr17,7361908,7362304,GCATGGTTTGGAGGGAAGATGGATTGGTAAAGAAACACCACCACCTTGATGTGACACAGCTGAGGGATGTCTAGAGAAGGGACACCCCCAGGGGCTCAGAGAAGGATTCTCAGAAGAGGTTGTGCCTGAGCCAAAGGAGAAAGACATCCCAGGTATAAGGACAAGCCTGGGCAATGACAGATGAAAAAGCAGGAGGTGTTTGGGCAGCTACAGGTGATTCAGTATGGCCGTGGGGGGTGCGTTGGGTGGGCAGTGCTGAGAGATAAAGCCACAGGGACATGTGGGGGCCAGATTCCAGGAAGTATTACACAGGTAGATCACTTGCTTACTGATGAGAAGTGGGCATGTGGGCATGGCAGGAAGAGAAGAAGGAAGAGAATGTCCAGGGTACAGTTGG,"[[7362178, ""G"", [""A""]]]",yes,no,G->A,1
chr2,241345085,241345299,CCTGGGCAACAAGAGCAAGACTTCATCTCAAAAAAAAAAACCAAAAATAACAGGCTGAGAGTATTGCTTAAACTATACCTCTTTAATCAGAGGACTTCAAAGAATGACTGATGTGGATAAATCAGTGTTTTGATTAGCTGAAAGTCGCTACATATTTGCCGCATGTCTCACTTAGTTTAGCAATTTGTAGTGAGTTAAAATAAGTAAGCATGTTA,"[[241345132, ""G"", [""T""]]]",yes,no,G->T,1
chr11,11036249,11036506,TCCAGATGGCTTTTGCGGTCACCATCCTGGAGTACGAATTGAGGAGGAAGGCGTTCTTTTCAAAATGAGCCACAAGCAAAACTCCTCCTGGTTGGTCATCCATTCTCTGCCCTGACATGTTGTGTGCAGAAACCCATGTGACAGCATGAGTGTGTTGTGTGGATATGTGCTTCCCAGGACAGGATTATGTACAGGGGAGTTGTACAGACATGGAGTGTACAGATACATTGTAGAGACAAATGTTAAAGAGACATACAG,"[[11036283, ""T"", [""C""]]]",yes,no,T->C,1
chr1,227673485,227673750,TAGTCAAACATCTTTAGTCACTTTCTTCTCATTCTGAAGACTTCACATAATTAAAACTTTTCCTGGCCAAACACTAAATAAATTTTACACATGCTGCTTGAATCACTGTGCAAGCATTCTATGAATTACTGTGGATTTCTCAGAGATTAATGTCTCTCTAAAACTATTCCTCTGGGTAGGCTGAAGCCAGCAGCTGTGGAAACTGAAGATTTGCCTTATCCAATGAAGCTTTAGGACAGGGCTGCCTTTCACATTTCTCAGATATA,"[[227673506, ""C"", [""T""]], [227673548, ""C"", [""T""]]]",yes,yes,C->T,2
chrX,49585656,49585910,TCTGCTTCATCCTAGTTTTTCCGTGTGGAGAGCTGAATACGTAGTGTAAGATCTTGTGAAATTGTGAATTCTCCCTCTTCTTGGTTTGTTTGTTTGTTTGCGACAGAGTCTCAGTGTGTCACCCAGGCTGGAGTGCAGTGATGCAATTTCAGCTCACTGCAACTTCTGGCTCCCAGGCTAAAGCCGTCCTCCCACCTCAGCCTCCCGAGTGGCTGGAACTACATGCACAAGCCACCGTGCCTGACTACATTTTTT,N,no,no,N,0
chr5,178869563,178870013,TAACTAGGGAGCACCTGATGGCTGAGTAAGTCTCCCCTCTAGAGAGAAGTATTAACAGGCTGAAAATGTGACGAGTGCAGAGTTGTCCAGAGGGATGCCGGGCACCTGATAGTGTTGTCAGTCAGTCCCTTTTCAGATTGGGGAGGATGGCCCTGCGGGAAAACCCTGAGCAGTTGATTGAGTAAGAAAGGACGTCAGAGCTGTTTCCTGCCCGATTGCTCTTGGTGGGATGACCTTCGTCCTCCTTTTGTCAGATGGAAGTCAGATGGCATTCCTAGGGTGCTGACGTGCTTGCATCTCTGCTGCACCCCTGGTGGGGCTCCTGTCTGCCTGGACTAAGATTGCCCCAGGACAGCTTCCTTTTCCCATGAGTGCTCACTTCATTGAGAGCGTGGTTGAAGGACTGGGATGTTCCTGGAATTATCTCAGATTATTAACTCTAGCTCGAACC,"[[178869630, ""A"", [""G""]]]",yes,no,A->G,1
chr13,41407363,41407757,TTTGATTAAGTCATCAGTCCAGTAGACAAACTTCTCATAAATGTTTTAAACACCTAAAAAGCGACTTAACCAGATACTAAATAGCACAAAGATCTTACAATACTCTTTTATGTCTAGCTTCTTTTGCTTATTATATTTTTGTGATTCATCTGTGTTTCTGCATGTATCAACACTTCATTCCTTTTTATTGCTCATTGGTATTCCATGCTATAGATATACCACAAGTTTCTTATTCATTCACTTGTTGAATATTTGGGTAGTTTCCAATTTTTGGTTATTATAAATAGCGACTGTTGGCATTCATGTGCTAGCTAGCTTTGTGCAGATATACAGGCTTTTATTCTTACTCTGTTCTTATTCTTATCCTTATGCCTTCTCAGTTACATATTTGAAAT,"[[41407657, ""C"", [""T""]]]",yes,no,C->T,1
chr7,73136670,73137054,AAGTGATCCTCCCACCTCGGCCTCCCAAAGTGCTGGGATTACAGGCATGAGCCACTGCACCCGGCCTATTCAATAAACATGTATTCAGTCTGTACCTACTGTTCTAGGGACTGTGGACAGAGCACTGAGCAAGATAGGAAAAAACCAGCATGCACTCTGGGTGAGTGTCAGCAGAGCCGGTCTCAGGGGGCATGAGCCATGCAATTACACACTCGGTTTCATGCTGTACGGTGGCCATTTTGAAATCCTTAATAATTTTTCAACAAGAGCCCTCAAGTTTCATTTTGGAACGGGCCCTGCAAATTATGTAGCCGGTCCTGTGTGTCAGGCCAAACTAGCAGATAAGGAAATGAGGCACAGAGAGGGAAATAACTCCACCAAGGTT,N,no,no,N,0
chr16,59300435,59300716,TGAAATTTAATTTTTGCCTATTAAATAGCAATGCATAACCAAATAATATGCTTAGAAGCTCTTCCTGCACTGGCAGAGGCTATTCAATATTTCAAAGGTAGCATTCCTTTTGTCCCTAGAGGACCTCCCTTAAAGCAATTATTGATTTGTGTCATCAAAAACCAAGTATTCAAGAAGAAGACTCAGACTCTGGCTAAAATCAAAGTATGTGGCTTTCCCAGGAGTCCCATCTGCAAAAGGATCATTGATTTTTGACCTTTTGGGATGTTTCATCTCTCTCTC,"[[59300478, ""G"", [""T""]]]",yes,no,G->T,1
chr18,5757641,5758022,TGAGTCACAGTTATACCCTGGCTATCTCCTCCTCCCAGTAAGATTAGACTGAGAGAAGAAAATGATTCTCTTGAGACCAGAGAATTAAAAACAAGAGCTCAAGAGAAGCTCAGTCATTAAAGTATTAAGTTTCACATTGATCCATGTCTATTCTAATACAGCTATTCAGGACTCTTGGTAAACCCTGGTCTCAGCACCGCCCTCCTCTTGTTCGGAGGTCTCACCATACCCAGTGGAAATGTCATCCAGTTTGCCACCAGTTTTCATTTGAAAAATAGTCTGAGAGAGATTTTTAAAATCCCTGACACTGAGAGATTTGTTGTATTTTCACTTTCAAGGCTAGCAACAGGGGATTCTCGGGATTATTTTTTTCACTTTCACA,"[[5757689, ""T"", [""C""]], [5757787, ""G"", [""T""]]]",yes,yes,G->T,2
chr6,80057727,80057960,TATTGACACAATCCTGTCCTCACTAGTCCTTTAGGTGAAGCTCTTGCCGCAATCATCTTTCCAGAGCATTGCACGTACTGCTTCCCATTTTTGTGTGCACTGCAGCAGACACTAACTGCCTTCCCAGTAGCCTTTCCCCATCTGTCCAGGGGCAGAGATCTGCTTCTGCAGGAGTATCCATCACTTCCCTGTGGGATTCAGACAAGGCTGGCTCTATTCCCAGTTCAAGCGGTC,"[[80057733, ""T"", [""C""]]]",yes,no,T->C,1
chrX,109235994,109236421,TTTTAATTCTCAGCAAGGCAAGTTACGTCTATATAGAAGGGGGTGCCCTTACAGATGGAACAATGGTGAGCACACACTTGGACAAGGGAGGAGAAGGGGTTCTTATCTCTGACACATGTAGCCCCTGCTACTGTGTCGTTCCCCTATTGGCTAGGGTTAGATCGCACAGGCTAAACTAATTCCAATTGGCTAATTTAAAGAGAATGACTGGGTGAGTGTTTTGGCAGGAGTCAGGGCAGGGCAGGTAGCAGGTAATTGGAATGAGTTAGGGTGGAGCAGGTGATTGGAATGTAGGGTGGAGCAGGTGATCAGAATGACTCAGGTGGAGTAGGTAATTGAAAAAGGTTGCTTTATGAAGAAGTTTAAAAGTAGAAGGCAAAGAATTGAACATACTGACATATTAATTCTTTGAAAAGAAATTTAGAACT,N,no,no,N,0
chr16,80030061,80030491,CAAATCATATGACCTTTGACCCAAGTACAATGTATCCTAATACAGTGTTTCTCAGAGTGAAGTCCCTGGACACACAGCATCAGCAGCTCCCGGGAACTTATTAAAATGCAAATTCTTGGGCCCTGCCCCAAGTCTACTCAATCAGAAACTCAGGGAGTAAGGCTCAGCAGCATGTGTTTTAACAAGCCCTCCAGGTGAGGCTGATGCACGTTCAAGTTTGAGAACCACTTAATCATGAGACTCTCGTGTCAGACACCTGAGGTTTAAATCCTGGTTTAGCTAGTTGGTAACTGTTCCCTTGCTTCTAGCTATTTAGGCTCTCTAAACATGTTTCCCTTCCTGTAAAAAGGAATACTATGTAATAATAGTCACAGGATTGCTGTGAGGGTTTACAGAGATAACCTGGGTAAAACATCTGGCAGGAAGCTTTG,"[[80030075, ""G"", [""T""]]]",yes,no,G->T,1
chr1,187744616,187745089,TCAAGTCCATCTATTTTAGTTATCTAATGCTATGCAAAAAACCATCTGTGAATCTTAGGAGATTAAAACAACACAGATGTAAGGATTTATTATTTCACAGTTTCTGTGGACCAGGAATCAGGGAGCAGCTAATTTAGATACCTGTGGTTCATGGTCTCATGAAGTTGTAGTAAACCTGTCAGTCAGGGCTGTTGTCTCATTTGAAGACTGAACTATTGAAGGACTCCCTTCCAACCTCATTCAAATGGTGGTTTTCAGGTTTCAGTTCCTTGCTGGCTACTTGAAAGACACTTCAGTTTTTCACACATGGGCCTCTTGAAAGGCTGCCTGACTTCACCTGGCAGTTTATGTCTCCAGAGCAAGTAATCTGAGTGAGTGAACCCAAGACTGAAGCAACAATGTTTGTATAAACGAATTTCAGTAGTAACATACCATCACTTCTGCTATATTCTATTCAATAGAACCAAATCACTA,"[[187744790, ""A"", [""C""]]]",yes,no,A->C,1
chr13,23699240,23699684,CTCTGATGGATCTGAGCAAAGTAAATTGAAAACCTTCTGGAAAGGATTCACCATTCTACGTGCCCTTAAGAGCATTTGTGATTCATGGGAGGAGGTCAAAATATCAACATTAACAGGAGTTTGGAAGAAGCTGGTTCCAGCCCTCATGGATGACTTTAAGGAGTTCAACACTTCAGTGGAGGAAATAACTGCAGATGTGGTGAATTAGAGAATTAGAATGAGAAGTGGAGCCTGTAGACGTGAAGCAATTGCTGCAGTCTCATGATCAAACTTGAATGAATGAGGAGTCACTTCTTATGAATGAACAAAGAAAGTGGTTTCTTAAGATGGAGTCTAGTCCAATGAAGATGTTGTGAACATTGTTGAAAGAACAGAAAGGATTTAGGATACTTCATAAACTTAGTTCATGAAGCAGCAGCAGAGTTTGAGAGCACTGACTCCAATT,"[[23699246, ""C"", [""T""]]]",yes,no,C->T,1
chr12,124461874,124462112,CGCACCCACATGTGTATGCATGGATGTGTAAGTGCACAGATAACCACAGGCCCCACATGCTGACTCATATACGCTTATACACATGTGCACACAGCCATCCAGAGGTCCACACATACACACATGCCCGCATACACACACCCAAGTGTGCTGTATCAATGCACGAATCACCACATGCTCGTCCCACACAAGCTGACTCTTACTCTAAGTATTCACATACAAGTATGCACAGCCATCCAAAG,"[[124461883, ""G"", [""A""]]]",yes,no,G->A,1
chr4,81926424,81926770,GGAGATGGCTACTTGCTACCCTCCATCCCCAGGACCCCCACTGCCTACTTGCTCTGTATCCCATTCATAATGATCTTCTAAGTGTCAGCTTGCAGTTTTCTTCTTATTTTACCATTTTGCAGCTTGTGACACCGTTAACCACTCCTAGTTTCCTGAATGTCTACCCTTGGCCTCCACGGCTACTCTCCCCTGGGTCTCTTCCTACCTTGTCAATCATGCTATTTTGGTCCATCTCTTACGTCAGTTCTCCCCTCCCCACCCTGCTACCGTTTGTGTTTTCTCTGCATGGTCTTCCTGGGAGATATCATTCACACCCATGGTGATACCATATAAATATAGCCTGTATG,"[[81926511, ""A"", [""G""]], [81926749, ""T"", [""C""]]]",yes,yes,A->G,2
chr16,25270552,25270928,ATTGGGCTGACTTGAGTTGTTGTATATACAGTCTGTGAACTTGCAGTTTATGGTATTTTATAATTTTGTTTTCCCTGCCGTTCTGCTAATGCAGCTTTGTGAGCAAACATTGCCTGTGATTTAAATCCACCACCGTAATGAAACGCACACACACACATGCACACACACTTCCTTGGAACAGTCCACAGCTCTCTGATTAATCACATGTGTACAGTACAGTGTTTACAGGAAATCAGCAGGTGGCAATTAGCATCTTGGAAATTATCTGGGAAACACAACTGGAGCTGCCACTTCAGGATGGAAATGTGGCAACAACCGGCAAAGTGACAAACCCCTTGGAGTTGGAAATGAATGGGGCTGAAAGCGCTGCCAGGCAC,"[[25270575, ""G"", [""A""]]]",yes,no,G->A,1
chr1,233561213,233561419,TACCTCCAAGACCAGTGAAGCCTATGTATTTGCTCTCCAGGGCCTGAGAACTGCCAGATCAGCACACACTGCTGTCAGTGACTGTTTCTTTAGCCAGTGGGGCTGCTACATACCACATGTGCCTCCCAGGGGCCAGGAGGTGGCATACTTGGTGCCAGCTGCCACTGGCAACCCAACCCTCACAATAAGCAGAGCCATTGCACCTGA,"[[233561242, ""G"", [""T""]]]",yes,no,G->T,1
chr3,148748334,148748647,AAATTTTTCCCAAGCTTGATGAAGTTCTGCTGTGCCATATGGACATGTACAGTTGCTAAATGATAATTTTCCAAAAATAAGCTTCAATTCTCCAAAATGGCAGATAGAAAGCAGCTGGTGTTACTCAACAGAGATAAGCCTCCTAGAGCTCACCACAGAGAGGAGAGCATCATGTCTGCAGATGCCACAGCAGATCTGCTGAGAATCAGCCAGCACCATGTGACACAAGAACCCACAGATGCAGATTCGTCCTGACTGGTGGCTTTCTTCTGGCCATTGCTGTTACAGAGAAGTTTCTAAGCAGTACTCAATGC,"[[148748336, ""C"", [""A""]], [148748548, ""G"", [""A""]], [148748576, ""G"", [""A""]]]",yes,yes,G->A,3
chr1,43085517,43085796,GTTTAAAGGATTTGAACTGTCAGGCCTCTGAGCCCAAGCCAAGCCATCGCATCCCCTGTGACTTGCACATATACGCCCAGGTGGCCTGAAGTAACTGAAGAATCACGAAAGAAGTGAAAATGCCCGGCCCTGCCTTAACTGATGACATTGTCTTGTGAAATTCCTTCTCCTGGCTCATCCTGGCTCAAAAGCTCCCCCACTGAGTACCTTGTGACCCCCACTCCTGCCCGCCAGAAAACAACTCCCCTTTTTCCTTTACCTACCTAAATCCTATAAAACG,"[[43085585, ""G"", [""A""]]]",yes,no,G->A,1
chr4,108840458,108840913,TAAGAAGAATAAAGAGGCATGAACCCATTCTTGGGTGTCACCTGCCTGACTGGGAAAAGGAAACCCAGATTTCCTGAGTCAGACCAATACCTGCCACCACTCCTAGAGCTGGGTGGGCCAAAGAGAGCCAGCCTCCCCAGAGGAGACAGTGGCCTGCTTCTGGGCTTTGTGACACCTAGTGCCAACACTGCCTTTATGTGTCTCCCCAGCCCCTCCCTTCCTGTTAGTTGCACCAACTCACTACTGAAGCACTCTCAGGAGTTCATGAACCTTCTTTCAAGCAGGGTTGAGGATGAGTTATAGAATTTTTCTGTTCAGAACCAAGTATCACATAGCAACAATAACAGCTGTCTTCTGACATTTATCAACAGCTGCACCAGATATTTTGCTAAGTGTTTTATAAGCATACCTCATTAAGTTATCACAGCACTGTAAGGTGAGTTACCCAGTTGAGTA,"[[108840482, ""A"", [""C""]]]",yes,no,A->C,1
chr2,189955013,189955296,GGTGAATGCTGGGCTTTTAGTGTACTCATCACCCAAATAGTGTACATTGTACTCCATAGGATCATGTTTCATCTGTACCTGCCTCCCACCCTCCCACCTTTTGGAGTCTCCAGTGCTCATTATTTACTCTGTATGTCTGCATGTACCCGTTGTTTAGCTTCCACTTATAAGTGAGAACATGTGGTTTTTAACTTCCTGAGTCATTTCACCAAGGATAATGGCCTCTAGTTGCATCTGTGTTTCTGTAAAAGACGTTCTTTCTTTCTTGTTTCGTATTTTGTTTT,"[[189955128, ""T"", [""C""]]]",yes,no,T->C,1
chr1,74933642,74933861,CTGCCAGTAAATTACACTCTTCCCTGCCAAGAGAAGACATGACATTGCTGTAGAGAGTGACTGACTCAGAGAGGTTCTGGTCTTGAGGACACACGAAAGACATGCAATCCAGGATACAGAAAATCTAAAACAAAAGTGAAAGAGAACATCCAGGATAATGATAAAGAAAGATATCAAGACAACTACTATATATAGTAGATTTAGAAAGTAATCTGTCATG,"[[74933677, ""A"", [""G""]], [74933850, ""C"", [""T""]]]",yes,yes,C->T,2
chr17,71234293,71234767,GATTTTTCAAGGACGCTATTGGTCGTTCCTTCATATGTTGCAAAAATAAACGAAAAAACTGAACCACATGTCATTGTTGGGCGGAATTTTCTGAATTTGTCTTGAAGCCAAGAGAATTTATTTGACTGTCTGGGGAGTATCGAGGCAGATCTCTTGTTCTCAAACAGACACCAAAGTTGCTTGAACAAATGGTTCGCGTTAGCTGGAGAAAGACACTGAATGGAAACCATGTGCCTCTGAACCTTGTGGTTTCAAGTTGAACCACAAGCAGTGAGAAGAGCTGTCAGTCTCTAGTCTTGATTTCGGCCATACTCACGGGGAAGAGAAAAACTGTCAGTGCCACCTCTTATGTTGTCTTAATAAAGAGACCTGTGAGCTCGTGCAGTACAGACTGTCTCTGGGTGAAGAGTAAGAGACAGAATCTCAAGAAGCTTCCAGTGGGATGTAATAAAGACACATGATTTTTCTCTATGGA,"[[71234345, ""G"", [""A""]]]",yes,no,G->A,1
chr5,144723942,144724252,CAGTGTTAAACATGTGAAATAAACATGCTCTGAGAGCCTGTATTGATTTATAGCTCCTGACCAACAAAGCCCCAGGGGAGTTCCTATACATAAATCTATATGCTTTGAATCATAAGATCCTCTCTCTCCTGGCCATAGGTTGTTGACATCTGAACTAAAGGCTATGCACCTGTTAACTTAACATGACCTCTCTACATTAGATGGTCACTAATGTACTAGCATTATCTACTGAGATTTTGTTAAAATCACTTGATATGTCATAAAATTATCATTTATTGAGTACCTTCTGTGGATTTTATCAGCTTCTTGTT,N,no,no,N,0
chr18,3547921,3548249,AATTAAGTACTAACACATGCTACAACATGGATGAACCTCAAAAGCATCACAGTAAATGAAGGAGGCTACACACAAAAGGCCACATATTGTATGATTCAATTTATAAGAAATATCTAGAAGAGGCAAGTCCGTAGAGACAGCAAACCGATTAGCAGTTACAGAGACTGGGAGGAGAAAGGAATGCAGTGAGTACTAATGGGTATGAGATTTCTGTTGGTGATGATCAAAATATTTTGGAACTAAGTCGTGATGATGGTTGTACAATGTTGTAAATGTAGTTAATGCCACTGAATTGTATACCTTAAAATGGTTTAAATGGTAAATTTTGT,"[[3547972, ""C"", [""G""]], [3548051, ""A"", [""G""]]]",yes,yes,C->G,2
chr1,83567907,83568205,GCTTACTTAAATATATTTTAGTCTTATCTCCTGCAAGCAGAAAATAAATGTTTAAGAGCCCTTTCCTTGCACTCTAAAGTCATGTCTGCCAAAAGCCTCTGCATTTAAGTCAGCAAGAAGAACCCACACATAACTCTCCAGTATACTAGACAGTAGGCCTCTCACTCCCATCTGTTTGCAGCAATGTCCCTGGACCCTCTGGCTGTCATTCTGAACCTGCTGCCACTTGGAGCCATCCCCATCTGGCCCCATCTCTTAGCTCTGACACATCTCCCCATCCTTTTCTCATCCTTTGGAGA,"[[83568126, ""T"", [""C""]]]",yes,no,T->C,1
chr5,152542793,152543096,GAACTGGGTTGGTATCCTTGAAGAACTGACAGAAAGTGGAGCTTGCTAAGTGAATTGTATTGTGTAGGAAAGAAAGTTGAAGGAGCAGCAATAGCCACATCATGCAAAACTCAGGCTGTGTGTGGGCCAGTACCATGGAGAGCACCATGTTATCTCCCGAGGCATGCACCAATCCCTGTTTTGCATTACAGGAGTCACTTCCTAATGAATCTTTCTTCGTAGAGCCTAAGTGCTGGAGCACCTCACAGCATCTATCATCACGTTTGATCATTTGTCAACTGTATTATGTAATTTGATTTGAAAA,"[[152542808, ""G"", [""C""]]]",yes,no,G->C,1
chr7,22136215,22136574,TAAGTTAGATATAGAGAGATTCCTCCTAAGAACAAAGTAGATAAAGGTTTCCTAGGAGAATAAACTCACTAAATTAGGGCAGGAAATCTAGGCAATGAATGAAATTCAAGTTATTGGTTTACAATAAAGGGAAATGACCGCAAATGAGAGACATCTTTTGATTGTCCTATTATTTTCCTCAAAGAGGTCCTTTAAGTACAGTTTCCTCTGCATAATTTATATCATGAATTAACCCAAAGTCTCTTGTTAGATACACCACCAAGAAAAGCTGTCCTTGTAACGCACAGAAAATGCAGAGAAAACAAGAGGATACTGTTTTTTTGTATTCTAAAAAGAAACTATAATTTTTAAAAATCTCAA,"[[22136218, ""C"", [""G""]]]",yes,no,C->G,1
chr1,145595414,145595713,CAATACTTCAACTTTTTTATGGCCAAATGAGATTCCACCATATGATTATACCACATTTTGTTTATTCATCAACTGATGGTGGTTTAAGATGTTTCCACTTTTTAACTATTATGAATAATGCTGCTATGAACAGCTTTGTACATGTTTTTGAGTGAACATCTGTTTTTCATTTTCTTGGTTATAAACCTAGGAGTGCAATTGCTGCATCATGTCACTTTATGTTTAACTTTCTTTTATGTTTAACTTTTTGAGGAACTTACACACTGTTTACCAACTTCAGTGGCTATGCCATTTTACATT,"[[145595444, ""T"", [""G""]]]",yes,no,T->G,1
chr5,79305763,79306068,AAAAGATTCGGATCTCATATTGTTTAAGCCAGTCTGGACAAAAAATTCATGGTCTTTAACTTGTCAGAGGGAGCTTAACAATACATATTTTATATAAGTAAATACTTTCATATTCTTTTTTGCCCAGACATGTTTAAAGAGCATAATGAAGCCAGGTGCCATGACTCATGCCTGTAATCCCAGTAACTCAGGAGGCTGAGCCAGGGGGATTACTTGAGGCCAGGAGTTCAAGACCAGTCTGGGCAACATAGTGAGACCCCCATCTCTCAGAAAAAAGTATAATGAGATGTGGAATCTTCTGGATGC,"[[79305772, ""A"", [""G""]]]",yes,no,A->G,1
chr15,27418824,27419035,ATCAATTTATGGCTTTTTAAAAAAAATAAAACTATTTAAGTCAGGACCCAGAGTCTGCAGGCATGAGTATCAAGTCTCAGGAAGTGGTTGCCATGACAACTCGGGGCTTTGCAGAAGCTAGGCAGGCTGGCAGCTCAGGCTGGGTGGACCGCGGCAGGAGATGCCTCTATCAACAGTAATGGTACACCTGCAGTTCCAGTTCTGAATGCACA,"[[27418835, ""C"", [""G""]]]",yes,no,C->G,1
chr7,19133899,19134309,TGTTAGAATTAGCTCTCTCTCGGGGCTAATATGACCATATTCTAGGTATTAATTTAGCGTAAGTGGCAAACTGTTTTGGTTTCTGAGGAGATTTTTTGTTCTGGTTTACTGGTATATAACTGTTTCCTCAGCTTTTCATTTCCTGAAATAGCGCCAAGTACAGTATCTAAATTTTGACTAATATAAATCAAAGCACATGCTTTCCTTTCAGTAAAGTCCTCTATTTCAACACATGTGCAGGATTTTCCTTTTTAATGCATTAGACATCTGTTATTACTAATGGGGATAAAATGTCACATGTTAAAAACAATACAAGTTATTAAAAGCAGTTCGGATTTTAAATATTTTGAAATTATGCTAGAAAAGTTGATGTTTTTTCTTTTGTTCTGTGGCAGAGTTTTCAAAACATGA,N,no,no,N,0
chrX,144592110,144592367,TCAAAAGAGCTAAAGAAATGTGATTTCTTCGGAGGAGAAAGATGGATATCACACTTTTGAACTGTCTGATCTGATACACTAGTCTGGGTCTCCAGGAGCTTGATGAAACTGAATGTCATTATGTCAGCATTTCTCATTTTATTTTGGCCCTCACAAGCTCAACCACAACACAAATTACTAAATGGCTCTCACAGTGCTTTCTAGTTGGGGAAAGGACTAAACAAAAGAAAAATAAAATAACATAAAATAAAATAAATC,N,no,no,N,0
chr2,18483903,18484350,TCTAGGTTCAGCAGTCACCGCTTTCATCAAATTCTCAAAGAGAACTGAGACTCAAGGGACGTTAGGAAACTTGAGCCAGATGCTCATGAGGTCCCCCAGCCCATCCAGGTCTGACAGTTTATGTCCCTGGAAACTTTAGTTCAACATGTTCTTGTAAAAGGCACAGAAACACATTTTGCAAGACCAGAAAGGGACTATCACAGATGAGGAAACTGAATCCTGGAAGAGTGAGGTCAGGTGCCAGATGTTAGGAGTTGGCAGAGACTCTGCAAACCTAACAGAGCTCCAGTGAGAGGGGTAATCACAGAGTCACGGGTCATTTTCTCCTTAGATTTTAAAATCAGGGTGGAGTGGTCAATAGAAAACCCAGAAAAAAAAGTCTTGTTTTGTAAATAGAAATCATTTAATTAAAAAAAAAACTGGATTTGGATTATAATTTTGTAACGTC,"[[18484001, ""C"", [""G""]], [18484043, ""C"", [""T""]]]",yes,yes,C->G,2
chr2,33511129,33511530,TACTGTGTCCCTTTCAGACTTGGGAGAAAATGTATATGCTGGAGAACAATAATTTTCATGGCCGCCAGAGAGTACCTATCAACACTACAGCAAGTCCTAAACAAACAGCAAGTTCTTAAGGCCCCATTGGGAGACTAAACAACCTGCTCTAAAATAACATTGACATTCATGTTGAGACAATCAGTAGTGATTTAGGGTCAGAGTTTAGTGATCATGACCACAGACTGTTTTAAGGATTTACTAACATTTCAAAGTCAATGTTTGGAAATTCTTAATGAGTAATCCACTGATATATTTGCATGAAACAGTAGTTTATACTATGTGTATAGAACTTGGTTTTGTTGCATATGTGGGTTTTTAATAGGCTGCAAAAAGCTTACTTGATTTAAAAAAAAATTGTCT,"[[33511131, ""T"", [""C""]], [33511214, ""C"", [""T""]]]",yes,yes,C->T,2
chr6,11242682,11243077,CCATCCCCTCTCTGATGTGCCCCCTAATCTTTCCCACCCTGCTCTCTGCAAGTAAGTTCTGGCCTTCCTCACCCTAAAAACAGATTCACAGTTCCTTGTTCAAAAACCTGGAGGCCAGATGAGCTTGTGGAATTCAGAATATTTCAGATTTTAGAAAGAGATTTAGAGCATATACCACATATTACAAGACACTCCCAGTGAAATCCATGGCTGTGTCCCATGAGCAAAGGCATGCATGTTTCAGCAATTGAATCTACAAAGAGTCATGCCAAGTGGGTAAAAGAATACATATCACTCAGGCCAACTCCAATCAGGCTGTGCTGCTGAGTGAGCTATCAAAATACTCCAGATTTTTACATTTTGTTACTGTGGATGAGCGAATATGAGCCACAAACA,"[[11243060, ""A"", [""G""]]]",yes,no,A->G,1
chr3,61839264,61839634,TGAAAAATATTTACTGTTCGGTAGATGAGAGTTTGGCCTCTGTAGAATGAATCTTATTTTAGATGCACAGAATGTAGTAGACACAAGAGACTATTCTATGATACTGTTCTGTTTCTTTAAAAATATGTCCAGCTGCTCCTGGAAGCCCCAGATCAACAAGGAAGATAAATGCAAAAACAAACTAAAGTAAAATAGTTAATATTCTTCAGCTGCTAGAAGGCTGGAATTTCTGGGAAGGACCAGCTCCAAGAGCCACAGCTTAAAACATTTTAAACTAACCTTGTCAGAGTTGGGACTTGAACTGAAAAGATAGGAATTTGCTTTAAAATAGACCTATATAGCAACAGTACTTTCGTATTTGAAAAAAATGC,"[[61839290, ""T"", [""G""]]]",yes,no,T->G,1
chr4,186364217,186364539,TGATATACTGTTTCCTTTCAACACCCCCCTCCCCCATCCTCACCACCTGTTTGTTTGAGCACCAATAAATAGTGTGGGCTCCCAGAGCTCCAGGCCTTTGCAGCCTCCATACTCGCGATAGCCCCCTGGTCCCACTTTTTCTCATTCCTTTGACTCCTCTGGACTTCATCACCCCAGTGACCTGGTGTTGGGTCTGATAACCCCAACAGATGGGAAAATGAAGAATTTCAATATCAAGTTTTCTGTGCTCTGCCTAGCACTTCTGCTTCCCAGCTTGCTCTCTCTAACACCCTGCTCAGAGTTTTCCTCTGTGATGATGATTG,"[[186364289, ""C"", [""T""]]]",yes,no,C->T,1
chr2,175310473,175310678,CTTCTCTCTTCCTACGAGCACCTGTGAACACTGACCTGTAGTTTGTGGCTGCAGCCATTCCTCATGGAGCCTGATGTTCTTACATTTCGTTCTGAGGCTCACATTCTCAGTCACCCTGTGGGAGAACACCTGCCCCATCCTGGGCCGTTACAGAGTGGGCCAATCCATCTGCTGCATCTGAGGAGCTGGTTCCAGCTTCTATGGTG,"[[175310474, ""C"", [""T""]]]",yes,no,C->T,1
chr6,80494691,80494969,GAGGATTTTTGCATCAATGTTCATCAAGGATATTGGTCTAAAATTCTGTTTTTTGGTTGTGTCTCTGCCCGGCTTTGGTATCAGGATGATGCTGGACTCATAAAATGAGTTAGGGAGGATTCCCTCTTTTTCTATTGAATAGTTTCAGAAGGAATGGTACCAGTTCCTCCTTGTACCTCTGGTAGAATTCGGCTGTGAATCCATCTGGTCCTGGACTCTTTTTGGTTGGTAAGCTATTGATTATTGCCACAATTTCAGCTCCTGTTATTGGTCTATTCA,"[[80494703, ""G"", [""A""]], [80494786, ""C"", [""A""]]]",yes,yes,C->A,2
chr21,26005556,26005867,AGCAATGGGATATTAGTAAGAGATCTAACCAATCAAGATGCTCACCAAGTAGAAGAGTTTTAGAGCACTGAGACCTGAAACACATCTTCAATAAGCCGCATCTAGTTTCATGGAAGATAAAAATATCTCAAGAGAGAGTTCAAATGCTTATGTTTACATTTTCTATTTTTCTCAATAGCATAATTTCTTCCTTCCTAATCTACTGAAACTTCTAAAAACATCAGCAAAAAACCTGTTTCACATTAATTACTATTATCACTCAGTGGAAATTTATAAATCAGCCACTAAATGTAGAGGATGCAAAATTAGACC,N,no,no,N,0
chr1,39581585,39581912,TAAAGGCCCTAAGTGCCAGGCGTGGTGGCTGCCGCCTGTAATTGCCTGTAATTCCAGCACTTTGGGAGGCCAAGGAGAGCAGATCACCTGAGGTCAGGAGTTTGAGACCAGCCTGACCAACATGGTAAAACCCCGTCTCTACTAAAAATAGAAAATTAGCCGGATGTGGTGGCAGGTGCCTATAATCCCAGCTACTTGGGAGGCTGAGGGAGGAGAATCATGTGAATCCGGGAGGCAGAGGTTGCAGTGAGCCAAGGTTGTGCCACTGCACTCCAGCCTGGGCGACTGAGAGAGACTCTGTCTGAAAAAAAAAAAAAAGCCCTAAGGG,N,no,no,N,0
chr1,237669037,237669282,TTGTGTCCCTGGGTACTTGAGATTAGGGAGTGGTGATGACTCTTAACGAGCATGCTGCCTTCAAGCATCTGTTTAACAAAGCACATCTTGCACCGTCCTTAATCCATTTAACCCTGAGTGAACACAATACATGTTTCAGAGAGCACAGGGTTGGGGGTAAGGTCACAGATCAACAGGATCCCAAGGCAGAAGAATTTTTCTTAGTACAGAACAAAATGAAAAGTCTCCCATGTATACTTCTTTCTA,"[[237669157, ""G"", [""A""]]]",yes,no,G->A,1
chr1,85357808,85358297,CATGATTTTATACAACACTAATTATATGATAAATGAGTTGAAAAGGTTAAATGCTAAAATTACTGTTTCTTTAGTAGCCACATTACACACTGTAAAAACTGACTCCAGTAAGATCAATAATAATATTAGCTGTTCATATTTTGTTGAGTTCTGCTATTATCCATCTGGCATTAAGCCAAGTCAATTTGCATAGAAATTATTTAAATCCACCTTGCCATCTGGAAAGAAAGTTATTTGTAAATGACACTAATCTTGAATTATGAATCCTTTAAATACAAACCAGATATACAGTAACAATGGAAAACGATGCAACTTATAAATTCATGCTGTAGAAGAATAAAGTAGAAGCAAGATACAAAGTGGTGATGTACATACCAATAATGTTCTTGTAAAAATATGCAAATGTATATATACGAAGTACTAAAAGGACATATATACTAAATACTAAAGTGATTATATTTGAATAGAAGGTCATTTTTTTTCCTTCTTG,"[[85357834, ""C"", [""T""]]]",yes,no,C->T,1
chr6,146556147,146556477,CCCAGAGTGTGATGTTCCCCTTCCTGTGTCCATGTGTTCTCATTGCTCAATTCCCATCTATGAGTGAGAACACGCGGTGTTTGGTTTTTTGTCCTTGCGATAGTTTACTGAGAATGATGATTTCCAATTTCATCCACGTCCCTACAAAGGACATGGTGTATTCCATGGTGTATATGTGCCACATTTTCTTAATCCAGTCTATCATTGTTGGACATTTAGGTTGGTTCCAAGTCTTTGGGATTGTGAATAGTGCCGCAATAAACATACGTGTGCATGTGTCTTTATAGCAGCATGATTTATAGTCCTTTGGGTATATACCCAGTAATGGGAT,"[[146556244, ""T"", [""C""]]]",yes,no,T->C,1
chr18,30022011,30022248,CCACAACAGTCCCCAGAGTGTGATATTCCTCTTCCTGTGTCCATGTGATCTCATTGTTCAATTCCCACCTATGAGTGAGAATATGCGGTGTTTGGTTTTGTGTTCTTGCGATAGTTTACTGAGAATGATGGTTTCCAATTTCATCCATGTCCCTACAAAGGACATGAACTCATTTTTTATGGCTGCATAGTATTCCATGGTGTATATGTGCCACATTTTCTTAATCCAGTCTATCATT,N,no,no,N,0
chr6,144714381,144714661,CAGTTAACTGCTTTTTTGAAACCAAAAGCTAAAGAAGCCTGCTGTACCAGCAATACCTCTATTTGTTATAATTCAGCTACCCTGCATTTAGGGCCAGCTTCTCAGGTGTCCCATGCAGTCACACAGGGCTCTGCTCTTACAAGGTTTCTGCACTTGGCTTAATGTTCTTCTGCTGCCATCTTGAGATTCTTAGTAATATTTGGACAAGGGGCCCTGTTACACTGAGGTCTGCAATCACATAGCCAGACCTGCTTGCATTGCGAAGAACATTAACATATATA,N,no,no,N,0
chr7,33798926,33799306,CCCTTCTCTTCAAGAAAGCCCCCTTAGACCTGCTTCCCCTTCTAGCTCCCTGCTGGCCTTATCTTTCTTCAACAGCAAAAGACCTCAAAGGATTCATCTTTATTTGCTGTTATGACTTGCTCTCCTTCTGTTCATTCCTTGGATTCTGTCCCTACATGCCTGCAGTGATGCTCTAATGTGTTGAGTCAACTCATCTCAGTCTTCCTCATTCTTAGGACAGCTTTCCATGCTGGTGGCCATCCTCTTTCTCTTATGTTTGCTGCTTCCTGTTACTTCCATGATGCCGTAGTCTTGTTCCTGCCTGTCTGTTGAGTTCTTCACTGGTTCCCTTTTCTCTGTCAGCTGCTTATGGAGATGTTTCCTCCAGGTTTCTGGCCTGTT,"[[33798998, ""T"", [""C""]]]",yes,no,T->C,1
chr1,75537390,75537777,AGATAACATGTATCTCTCAAAGTATTTTTGCTTATCTGTCTTCTAGAGCCTGCTTATGCATCTTATATTGCAAATATATCATTCTGTTCAGTTTTAGAAGCAAGTATGTACAATTCTGAAAAAGGAGGAGAGAAAGAAATGCATGTTTGATGCATCTAAGAGAACAGGCAGAAACAGCCTATGGCCACGGACAACAGCAGGCTTGTCCATCTGCCCATCATCAAACTGAACTGTGTCCACTAGTTATCAGCAGGGGGTGGCCAGTGGGCATCACACTAAAATAGAATTTCTGCCATTGGGAATACAAGGTGAGGAGGGAAGAAATTGTTTCAGAATCCATTTCTGCTTTGGCATGATGTATATAAAGAATTGTTGCTTGTTTCTTACC,"[[75537577, ""A"", [""C""]], [75537777, ""A"", [""C""]]]",yes,yes,A->C,2
chr9,121714154,121714363,CATCCAACCCAGTCTTCCCAGGGTCCACCTCATCATATATATAGCAGGAGATGGCCCAAGACACATGAAGTGATGTTTGTGCTGACATTTCTCCCACTTAGAAAATCAATATTCTGTGGTCTGCCTAATTGCTCTGTTGCTGCTAAATGAGTCATTATGGAGGGAAAATAGCAAATGCATTGTGAGATTAATGGGAGAAAATGGTTGGCA,"[[121714200, ""A"", [""G""]]]",yes,no,A->G,1
chr17,49460412,49460739,AGTGACTTACCCAAGGCCCCACAGCACCTAGTCAGTGATGGATCAGGATGGGAATCCCGGACTCGGCCTCCGATGCCCATGCTTTTTCTACCACAGAAGGCTCCTGCTGCTGGGGATCCGGTGGAGCACTGGCCTCCGTGACCATCCCCTGGACAAGCTGGAATGTTCTTTTGTGGTGGGAGGATATGTCATAACTGCACAGCATCTCAGCGACTCTGCAGCAGGAGGCTGCTGGGTTCATTAAGAGGCCAAGATTCACTCAGGATGTGCCAGGTCTAGAAACACACACGTGCCCAGGACATCTGTGTCTAGATGAAGAGACTGAAGG,N,no,no,N,0
chr5,17727084,17727525,GCTGAAAGTAGAAACTGTATTCATTTCTTTCTTTTTACCTTACTTTCCCCCTCTGTCTTGGAGTTATGAAATGTTTTGGTGTTTGTTCTGATGCTTGATAAAGAAACAATAATTATCCCCTTTGGCTTTCCTTTCAATTTTGCGTAACTGAAATTTGATATCGTGTGTTAAGTGATTCATCTGCTGCTTTTATATCTGGTCATTTAGGCAAGAAGCCTTGAATAAAAGCAATTATGTTGGGTGATTCCCAATTATCCACATGCGGCCTAAGCAGATCTGTGTCCTTTAAACTCTCCAGATGCCATTTCAGGAAAAAGCACAAAGCCCAACAGAAATATACTGCTCTCAGCCAAAAGCCTCTTTTGTAACAAAGTTCTAGATAACAGTGATGCAAGGGCTGAACCAGGGATTCTCAGCCTCAGCACTATTGCCATTTTGGGCT,N,no,no,N,0
chr4,181040901,181041136,TGTTTTTTTCTTGTAAATTTGTTTGAGTTCATTGTAGATTCAGTTATTAGCCCTTTGTCAGATGAGTAGGTTGTGAAAATTTTCTCCCATTTTGTAGGTTGCCTGTTCACTCTGATGGTAGTTTCTTTTGCTGTGCAGAAGCTGTTTAATTAGATCCCATTTGTCAATTTTGGCTTTTGTTGCCATTGCTTTTGGTGTTTTGGACATGAAGTCCTTGCCCATGCCTATGTCCTGAA,N,no,no,N,0
chr3,107271701,107272148,CTTCAGGGAAAAAAATCCAAGTAGAAAGCATCTCTTTTCCAGTTCAGGTTGAAGAGTCCTTTCCTCCTGTCACATGTTTAGTTGTCCCCTGAGGTTAGCGGTGCAAGCTCACACTCTCCAGAAGAGCCACACCAACCCAGCCTAAAATGGTTACTTAGCTTCATTAAATCAGGTCACAGTGAAAAGGATAAGTTTTAATTATCCACTGAAGTGATCTTTGAATCCAGTATCTCTGTTTTCTCAACATGATCTCGTAGCAGGAATTATTTCTCTCAAGAACCACAAGAGGGAGTATTCTTACTTCTTTGTCACTGTCCATCTCTGACACTGGATAGATAGTACCCTTCTGCGTTTTTTTAATGATAAGACATATTATTAAACAAGCTTCATTTTTATTCATCTAAAATATGAGTGATTATCTGTGTGTCTTTCCTATGTATTATATCCA,"[[107271893, ""C"", [""T""]], [107272037, ""C"", [""T""]]]",yes,yes,C->T,2
chr17,62182373,62182636,ATTTTCAGTAGAGACGAGGTTTCGCTATGTTGGCCAGGCTGATCTCGCTTCTAAAACTATATGATATAATGGGTCGCATGGCCCAAGAAGCAGGACTGCTCATACTGTAACCTGAAACCACTATGGAGCCCTTTCCTGCCCTAGGCCTCATACAATGCTGGTAGATTTCCTTGTCACTTGGTAAGGTTTAAAGCAGTGTTCCTAAGTAGGTAATATGCTGCCACCAGAGCCCAAAGAAGCCTGGTAGGCATTATGCTTGCTTCT,N,no,no,N,0
chr7,45421772,45422173,CTAAAATTTTCTCCTGTTTTTCTATGAAAGCTGTATGTTTAAGTCTATGCTATATTTTGAGTTAATTTTTGTATAAGATTAAAGTTGAGGTCTTTTTATTGCTGATGGCTATTCAATTGCTCTTGCATCATTTGTTGGAAGGGCTATTCCTCTCCACTGAATTGTTTTTGCAACTTTGTCAAAAATCAGTTGCGCATATTTGTGTGAGTCTATTTATAAATTCCCTTTTCTGCTCCACTGATCTGTCTATCCCTCTGCCCATACCACATGTTCTTGATTACCATAGTATATAGTAGGAATTAATATCAGATAGAGTGAGTCCTCCCACTTAATTCTTTCCAGAATAGTTTTTGCTATTCTAGGGCCTGTGCTGTTCCACATAAATTTTAAAATAATCTTGTC,"[[45421869, ""C"", [""A""]]]",yes,no,C->A,1
chr6,48492731,48492943,CTTTACTTCCAACTATGTGGTCAATTTTGGAATAGGTGTGGTGTGGTGCTGAAAAAAATGTATATACTGTTGATTTGGGGTGGAGAGTTCTGTCCACTTGGTGCAGAGCTGAGTTCAATTCCTGGGTATCCTTGTTAACTTTCTGTCTCATTGATCTGTCTAATGTTGACAATGGGGTGTTAAAGTCTCCCATTATTATTGTGTGGGAGTCTA,N,no,no,N,0
chr3,162224348,162224748,GAAATGTTGTCTTCCTACTTCCATAACGTGGACTTCTTCATTGAGGATCATGTTTAGCAGCTGAGATAATTTACACAGAAGGGATCTTCTAAGTAAAGGCAGGACTAGCATCTGTCCCTATAGGCCAGCTGCTACAGACCTGAAAATTGTCATTCCTCTGTTAGGGCATCAGATGCAAAGGCTGTCACCCTCTAGCTCTCAAGATTCAGGCAGAATCTGCTGGCTTTTTAGCTCTCTGCAGCTCTCCTGTAGCCAGATCACCCCAGGATACTCATGAGGCTTAGCTACTCCTCCATTCAGGGCAAGATTGCAACTTACAGTTGTGTTTTGAAGGAAAATAAATACAGGCCAAATTCTTGCTTTTGCTCTGCTCCCCAAGCCTGAACACCAGCATTAGACTA,"[[162224374, ""T"", [""C""]]]",yes,no,T->C,1
chr14,92237558,92237803,CATAAAAATTTACTGGCCCTGCCTGGACCTATCCTGTAATTTCCTCAGGTAATCCTTTGGTGAACTAAAGTAGGAAAGCCATTCTCTCAGTGGTCACCTTACTCTTTTGCTTTTTAAATTTAAGCTACAGCCCAAACAATGGGAGACTTCAACATCACACAGCAATTCTACACCATTTCAGGAAGCACAGGTGGCTCTGAGTCTCACTTCTGTCACGTACCAGCTGTGTGATGATGCTGGCAAATC,N,no,no,N,0
chr12,114200591,114200844,TGGCTCCTGTGTTTAATCCCAGCACTTTGGAAGGCTAAAGCAGGAGGAGCATTTGAGGCCAGGAGTTTGGGACCAGCCTGGGCATCCCATGGGATGGGATAGCTAGACCCCATCCCCCATCTGTACAATTTTTTTTTTTTTAATTAGCCAGGCATGGTGGTGCATGCCTGTAATACCAGCTACTTGGGAGACTGAAGCAGGAGGCTCACTTGAGCTCAGGAGTTCTAAGCTGCAGTGAGCTGGGATCATGCCAC,"[[114200597, ""A"", [""C""]], [114200621, ""G"", [""A""]]]",yes,yes,A->C,2
chr15,27514630,27514880,TTGATCCATTAAGTGAAACCAAATCAGGTTTTGCCCACACTCACGAGGAAGGAACAATACAACTATATGACTAACTGGGGTCACTTTAGGGTGTGTCTGCCACAGTTATGCTGATTAAGACAGTGTGGTTATGTGGCAGAATCAAAATGCACACACAGATTCATACAGATACGAACACACAAATAAAAGAGAGGTGGGCCTGCAGATGACTGGAAGTGGCAATAAATGATGGTGTAGCCACTAATCACAGA,N,no,no,N,0
chr16,64584698,64585013,TGTTGTTCTAAAATGATGCTAATCTAATGTAAAGTTATGAACAGAAAAAATAGAAAGCAGAAATGAAAACACTACAACTGAATTCCCCAGGGAGAACTCTACATGAATTAGTGCATCGTCCAAAGGTCTTCATTTGTGTCTGTGTCAGTCTGTTTTTTCCTGTCAGTCTGTCTTTTCCTGTCAGTCTGTCAGTATCTGACACTCTGCTGCCTTCCCCTCTTCTGTATCTCACTTTGCATGTCTTATCTACCTAACTGCCTGACCCTGTGTCTTTCTTTCTTGCTTTCGTTCTCTGCCCCTTTCTCTTTCTCCTTTA,"[[64584762, ""A"", [""G""]]]",yes,no,A->G,1
chr1,12640229,12640488,CCTTATCTTCTGTTTTTAAGAAGAGTTTGTGAAGAATTGGAATGAATTCTTCTTTAAGTGTTTGGAATAATTTACCAGTGATGCCATCTCTTTGCATTGATCATAGTTGGAGTTTGTTGGAAATAAGAGCTTGGAGCTGCAAAGAAAACGAGCACTCAAACAAAAGATTTCTCGGCAAGGCAAATTTACTTCTGCAGAAGGGTGCTGCCTGCATCAGTCATGATCGCAAGTGCGCAAGGAACAAAGGAGACAAGGGTTTT,"[[12640233, ""C"", [""A""]]]",yes,no,C->A,1
chr12,53872405,53872671,TAAAATGCTGGATAAAATAGTTAAGACATCTTAAAAGCATGAAAGAGCCAACAAAATAGTAGGGAAATATCAGGTCAAAATCTAGTTGAAAGTGAAAACTCAAAGTGATAAGTGAAACAAAAAGGCTACTTTTAACCAGAAGGTATTTGCTGATAGAAGCAAACTTGCACTCTGGTTTTGATGGCTGGTCTGAGAACTTCAAACTCATGGCTGGCCCGAAGTTAGGAATCTAATAGGAGACTGACCCCATATAAAACTGAAAAATCA,"[[53872629, ""T"", [""G""]]]",yes,no,T->G,1
chr22,41749057,41749368,GCCTCCCAAAGTGCTGGGATTACAGGCGTGAGCGACCGCCCAGAACATGCTTTCTTAATCTCTGTGCTATATTTGGCTCTTATCATTATAATTTAATGTTTTTTCTTTTATTCTTGTCACATGGCATGCAACAAATGTTGTGCAACAAGTCTACTGTGGAGAGGCAGCCAGGGCTCAGCCATGTAGGCCCTTTTTGGCCATGTGAGGAATTTGGATTTTTTTCTTTTTTTTTTTTTGAGACAGAGTTTAGCTCTTGTTGCCCGGGCTAGAGTGCAATGGCACGATCTCGGCTCACCGCAACCTCCGCCTCCT,"[[41749249, ""G"", [""T""]], [41749368, ""C"", [""T""]]]",yes,yes,G->T,2
chr5,45891310,45891571,CCCCCAATGCTGTGCTCTCTGAAACATGTGCTGTGTCCACTCAGGGTTAAATGGATTAAGGGCGGTGCAAGATGTGCTTTGTTAAACAGATGCTTGAAGGCAGCATGCTCGTTAAGAGTCATTACCACTCCCTAATCTCAAGTACCCAGGGACACAAACACTGCGGAAGGCCGCAGGGTCCTCTGCCTAGGAAAACCAGAGACCTTTGTTCACTTGTTTATCTGCTGACCTTCCCCTCCACTATTGTCCTATGACCCTGCCA,"[[45891317, ""C"", [""T""]], [45891404, ""G"", [""T""]]]",yes,yes,G->T,2
chr13,69537486,69537903,CGAACTCCTGAACTCAAGTGATCCACCTACCTCGGCCTCCCAAAGTGCTGGGATTACAGGCGTGAGCGACTGCACCCGGCCACTTTTTATTTTTTTAATATATAAATTTAAATAGAATTTTGTCCATGTTTTTTTTTTCTCCTCAGTTTACATTAAATATACGGAATCTCCACCAGATGTCAGTATATGCATGCAAATATTTTACCTTGCGACAGAAGCGCCTACAAAGGCTTAGTTAGAAAGTACTCAAATAAGAAATGAATGCCTTTTATTTAAAGAACATTAAATTCTCTAATCACATTCACTCTATATATACTTCCTCACAGATTATTTAAAACCACGTTCTCCAAAGTTTTTAAGCCAGCCAAATACATATACTGTCCATTGAAGATTTTGTTCTCATACTTTATGCATAATA,"[[69537568, ""G"", [""C""]]]",yes,no,G->C,1
chr7,54091400,54091624,GCCATCCTCACCCCTGGATCACCGCTTTGGAAGGGAAGTCCCCAGCTCCGGTGTGTTCTGAGGCTGCTGGGGGCCAGTTTAGCTCTGCGGTGGCATCAGAGGCAGGAGCTCTCCCAGCCCTTGCAGTGACCTGGTGGGAACCGAAACCGCTGAATAAAACCTTTCCTGCTTTAGAATGGGTGTTCTTTTCTGCACTGAACCGTGGCTAAGAGAGAATTTGTTTGA,"[[54091478, ""G"", [""T""]], [54091479, ""C"", [""T""]]]",yes,yes,G->T,2
chr20,43969969,43970292,TTGCCGTACATCTCCAGTACCATTCCCACTGCTCTCTGTGGATAATTCCTCCCTCTCCTGAACCTCTAACACACTTATCAAGCACCTGTTATGCGCCAGGCCCAAGGCAGACTATTGATTATATAGTAGGCTCTAGAAAAGCATTGGTCCCTGCTGTGAATGCACTTGCAGCTAGTGGGAGAGTCCAAGCAGAAAAAATCCAACAAGGGACTCTTAAATCCCATCTCTCCCCAGCTGTGTGATCTTGGACAACTGCTTATCCTCTCTCTATCTGTTTGCTTGGTTTTAGCAGGGAAAAGAATATTTTCTTCATTGGATCATCGT,"[[43969974, ""C"", [""G""]]]",yes,no,C->G,1
chr10,32084628,32084878,CCTCAATAAGACCCTTGCACATTTTATCCCATCTTGGCAGCCACGTCTCCGTGCATCTGGACTAACACATCTTCCAAAGGCACATTTGTTTCTATTCTTAGTTTTCCATGTCACCTCATTGGAAGAGACGGGAAGAATGTGAAAATAATGGGATTGCAGACATCTGGAAGAATTTTACTCTAACCATGAAGGATTCAAAGCAAGTGTTTCCATTAGAAAACACTACATGAACACCAACACAAAAAGATGAC,"[[32084631, ""T"", [""C""]], [32084633, ""G"", [""A""]]]",yes,yes,T->C,2
chr9,99414364,99414583,GACCAGAAATTGCATTAGAGAGATTACTACCAGCAGTAATTTAAGGCCCGTAATGAAAGTGAGTTCCTCTCCAAAGGATTTGGGTTTGCTTCTACCAGGGATCTTGTTAAAGTACAGATTCTGATACAATTGGTCTGGAGTGGTGCCCAAGAATTTATGTTGCAGATGAGCTCTCTGCTGATGCTGCTGTTGGGGATCTGTGGGCCACACTTTGAGTAGT,"[[99414406, ""G"", [""A""]]]",yes,no,G->A,1
chr3,124375998,124376422,TGTGGAGTTCTAAAAATAAGCCTTTTATAGGAAAAGGTGCTAAAGCATTTTAGATATAAAGAAAAATAGTCTCCAGCAAGTAGAGATGTGTGAGAATGGACAGGGTGATTATTACGTATGTAAATGTGATAAAGTTGGTGTTTAAGTCCTCAGAGATAGTCTCAGTACCGAAACTACTTGTGTTGGGAGGTATTGGCACCTGCAATAGTTATTTTTAGTATCAGTCCCAATTAGTAACTGAAGATTTATATACATAGTCTTCAACTTTAAGGTGCATCTCTTTAGGGTACTCCTTAGACACTTCTTATTTGGACATAAAGTTGTTCTAATGGAGGGAACTTACTTGTTCCCTTATTCAGGGCACCTAAGAAGATATTGTTCTTTCAGCAGTTGTAATGTGGTGGGTCAAACCATCACTGGTACCC,"[[124376016, ""T"", [""A""]]]",yes,no,T->A,1
chr11,15234855,15235225,TCCAGTTTGTGCTGTGAGTTCTTTTCTCCCTTGACTGTACCAGGGGAGGCTGGTTACAACCCACAAAGCTGTAACTGAGACTCACTGTCCACCTGGTGTCAATACCCCATTTCCTACAGGCAGAGACTTTCAGTGATGACTGATAAGCGAGGCTTACCACAGACTTGCAATGTGCAGCTGAGTATGCACTTTCTCATCAGATTCCATGTAATACCCAATGCTTGATAACGCTGCCTCTTCCTACTCATGCCCTCTAACGTGACCTTAGCCTTCATTCATCACAGGTTGAAAGTAGGTGAGGGTTAGTATCCAGGAAAGAAGCTTGGATGGAAGAAGTCAATCCAGAGTAAGAGCTAGCTGTCAGGAGGACA,N,no,no,N,0
chr3,149942028,149942266,GGGTTTATTCCTAGGCTCTAAATTCTGTTCCATTGGTGTATATATATCTGTCTTTATTCTAGTACCATACCATCTTAATTACTGTTGCTGTGTAGAATGTTTTGAAATCAGGGAGTATGAGTCTTCCAATTTTGTTCTTTTCAAGATTGTTTTGGCTATTCATAGTCCCTTGAGAATTTTACGATGCTTTTTTCTGTTTCTGCAAAAAATGTCATTGGTATTTTGATAAGAATTACATT,N,no,no,N,0
chr6,88729410,88729666,TCATAAAGCAAAAGAAGCCCCTTATGTGTCTTTTGACTCTCACATCTATTTAGACACAATTAGAGTCCCAAGGGGAGTACCAGATCAATTTAAAGCCCGAAATCAAATAGCTGCAGGATTTGAGTCAATATCTTGGTGGGTGACAATTAATAAAAATGTAGATTGGATAAACTACATCTATTATAACCAACAGCGATTTATTAACTACACTAGAGATGTTGTTAAAGAATAGCTGAGCAATTAGGGGATACTAGCCA,"[[88729436, ""G"", [""T""]]]",yes,no,G->T,1
chr4,30393010,30393256,TATGGAAATCTATGATTTGTTACTTTTGCTTAAAAATTCAAAGTACTTATATACCTGAAACCAAAAAGGTATTGAGTTTTAATCTCAGACCAATGACTGCCTAAGACAGGGCAGCCAGATGTTTTAGTTTCTTGTCTAAAAATAAAGCACAGTAAGATATAGGAAATCTTGAGCAACCATAGATTTCTATACAGTGTCAGGGTTTGAAAGTAGAATGCAAGAAAACTTAAAATCATGTGTAGTTTGA,"[[30393012, ""C"", [""T""]]]",yes,no,C->T,1
chr16,3427751,3428036,TCCTGGCCTCAAGTGATCCTCTGCCTCAGCATCTCAAAGCACTGGGATTACAGGCATGAGCCATGGTGCCCAGCAGATGGTGCATTTCTGCCTGCTTGCTCTGCACTGACCCTGGGGGACAGCCGCTGAAAGTGCTCACATACCTGTTTAAAATGTCCTCTTATGGCTGGGCATGGTGGCTCACACCTGTAATCCCAGCACTTTGGGAGGCTGAGGCGGGTGGATCACAAGATCAGGAGATCGAGACCATCCTAACACTGTGAAACCCCATCTCTACTAAAAATAC,N,no,no,N,0
chr15,37502332,37502804,CAACTGGGTAAGAACCCACCAACAGGGGTTGTCAGACATCCTATACAGGAGCATTTCTACTGGCATCATGTTGGTGCCCTTTGAGGCCAGAGATCCCAAGGGAAGGAGCAGGCAGCCATCTTTGCTGTTCTCCAGCCTCCTCGAGTGACAACTCTAGATGAGTAAGGCCTGAAGAGAATCTCCAGGAAACCACAGCAGCCCTACAGAAGAGGGATCTGACTACTGAAAGAAAAACAGAAAGCAACAACAATAGCATCAACAACAAAAAAAGTCCCCATGAAAGCCTCATCAAAGGGTCAGCAGCCTGAAAGAGCAAAAGTAGACAAACCCATGAAGATAAGAAAGAATCAACAACAACACACACAAAAACCATTGAAAACCCACAAGGCCAGAGTGCCTCTCCTCCTCTAAATGATCACAATACCTCTCCGGCAAGGGCACAGAACTGGACAGAGGATGAGATGGATGAATTG,"[[37502341, ""G"", [""A""]], [37502670, ""G"", [""A""]]]",yes,yes,G->A,2
chr20,31867411,31867758,TCTAGGAATCTTGTCTACAGAAGCGCTTGCTCACACAGAAAGCTGTGTGTGGAGGATGATGTTCTCTGCAGTCCTGCTTATATCACAAATAGTTTAAACATGGGAACAACCTGGTGTTCATTAAAAAGGGACTGGATGATTAATGGTGTAGGCATACTTTGGCACAGTGTGCCGCCATTAAAAAGAGTTCTATATGCTGATGTGCAATGATGCCCACAATGTTTTTTTTTTTTGTTTTTTTTTTTTTTTTTTGAGACGGAGTCTTGCTCTCTCTCCCAGGCTGGAGTCCAGTGGCGCGATCTCGGCTGACCACAAGCTCTGCCTCCCGGGTTCACGCCATTCTCCTGC,"[[31867644, ""T"", [""G""]]]",yes,no,T->G,1
chr15,33402742,33403081,CAATGACTCAAGGACTCAGAAGACTCTGCTGGGATATCAAATTTGTGTTTTGTCAAGTCTCAGCAGGACTTGGTGCTATTTGTTGTTATGAAATCAAATGCCTTATGGGGCCAGGACTAATTAGGTTGACCATGGTGTCAGCTGCAGGGAGGCAGGCTGTTGGGAATCTGACCACAGCTGGATGTGGATGGGCAGTGCCTGCCTCACTGCGTCAGCCACAACCCTGCTATGAGCAACCAAGTCCAGCATCAAATGGCTAGAGACATAGTTATTTAAGTGAGCATTTAATGGACTTTACTTTGATATTTTATTTTAGTTTGTATCTTTAATATGAGGCAGT,"[[33402802, ""T"", [""C""]]]",yes,no,T->C,1
chr2,187868124,187868594,CTCAAACTTATGAAACACCAGCTCCTCTCTGGGTCTCCAGCTGCACGAACCTCCAACTAGAACAACACCAGCTCCTCTCTGGGTCTCCAGCTCCATGACCCTCAAACGAGAACATCAGCTCCTCTCCAGGTGTCCAGCTGGATGACCCTCAAACTAGAACATCAGCTCCTCTCCGGGTCTCCAGCTGCACAACACTCATACTAGAAAAACGCCAGCTCCTCCTGGGTTCTACAGCTGCACAACCCTCTAACTAAAGAAACACCAGCTCCTCTCTGGGTCTCCAGCTGCACGAACCTCAAACTACAACATCAGCTCCTCTCCAGGTTTCCAGCAGCAGGACACTCATACTAGAAAAACACCAGCTCCTCCTGGGTTCTACAGCTGCACGACCCTCAAACTAAAGAAACACCAGCTCCTCTCTGGGTCTCCAGCTGCATGAACCTCAAATTAGAACAACATCAGCTCCTCTCT,"[[187868132, ""A"", [""T""]], [187868582, ""C"", [""T""]]]",yes,yes,C->T,2
chr22,44622179,44622542,GGGCAGCCCCACACCACTGCCTCCCCCACCCCCGGTCTGCAGGGTGGGGGGTGGCGAGGCTTCTGCGGCCTCTGAGGAGGCAGCTGTTGCTATGGTGACCACCGTTACCTGGCAACTAAGCCGCATCGTCCTGGGCACCTGCTGTCTCTTCTCTGGAGCTGCTGGCTGGCTCTGGGGACAGACCTGTGTCCAAAAGCCCCCTTGTCTCAGAAAACCCACCTGTGGGGACAAGCCAGGTAGACGTGGGCACCAGGGGACCTGCAGAGCCTCTCCCGGGTCTGTGGGAACGAGAAGTGGAGCCACATCACTCAAGGCTTTCACTTTTTCAAAGCTGGGAATAATTGTATTGATTTATAGGATAATA,"[[44622232, ""C"", [""G""]]]",yes,no,C->G,1
chr2,233631390,233631816,TCTAGATCCTTGATGAATCGCCACACTGTCTTCCACAATGGTTGAACTAATTTACACTCCCACCAACAGCATAAAAGTGTTCCTATTTCTCCACATCCTCTCCAGCATACGTTCTTTCCTGAGTTTTAATGATTGCCATTCTAACTGGCATGAGATGGTATCTCATTGTGGTTTTGATTTGCATTTCTCTAATGACCAGTGATGATCGGCTTTTTTTGATATGCTTGTTGGTTGTATAAATGTCTTCTTTTGTGAAGTGTCTGTTCATATCCTTCGACCGCTTTTTGATGGGGTTTTTTTTTCTTGTAAATTGGTTTAAGTTCCTTGTAGATTCAGGATATTAGCCCTTTGTCAGATGGATAGATTGCAAAATTTTTCTCCCATTCTGTAAGTTGCCTGTTCAGTCTGATGATAGTTTCTTTTGCTG,"[[233631467, ""C"", [""T""]]]",yes,no,C->T,1
chr14,79186469,79186903,TAAGATACATGTCTGAAAACCCAAAGGTGATTTTTTCATGCTTTCAGTAATTACATTGAAGTTGTCCCAAAGGCAGAAGAAAGAAAAAGAAATCAAGTCTCCAAAATTTCTCTATCCTTTAGAAAGAAACTCCACCTTAATTTTTGGTGAGGAGTAACAGATCTCACTTGGGTGGTAGTTACATTTTGTGATGTGAGGGTGTCAGCTTTTTCTCCAAGGATGACCTCCCAAGAAGGGCAGGGTCACTCACTTCTGCTACACTTCCCAGCTGTCTCTTTTGGCTTTGCACATTCCTGTCTCATGACTCTACAGGGAAATCCATGATGTAGATTTTCCTGTATTCAAGCAGGCAAAGATACGGGTCAAACATTTAAGGCCGTTAACAAGAAGTTAAATCAGCAACAACATTTATATAGAGGCATTAATTCAGGGTGA,"[[79186495, ""T"", [""G""]]]",yes,no,T->G,1
chrX,23478154,23478467,AAATCATCATCTGTGTCATCTCTGAAAAGAAAGGACAAGAATGTATTCTTACTGCTGGATGTTCCACTAACTTAAAGACCTTATGAGAAATGTGGCATGCCTGTGTTTTTACGAGGTCAAATGGATGATCTCCAGTGACTAATGATGGTGTCAACTGGCTTCCAAAGATTTTTTATTTTGTGAAAAATGATTCAAGCATGAGGTCCAAAAGATACCATAAGGATATTTCACCAACATACATTTTCCCAAAATACTGAACACCTTTAAATAGAGTAGGATTTTGTTTTGCAAACGTTCCAACTGAATTCAAGCGA,N,no,no,N,0
chr2,151510412,151510618,TAACCATTCATTTAGTACTCAAACAGTTGTTAGTGAGACCTGGCCCGCCATACTGGCATTAAGTATTCAGTACAGTAGTCCCCACTTATCTGAGGTTTCACTTTCCACGGTTTCAGTTAACTGTAGTCAACCTCGGTCAAAAATAAGAGTACATTACAATAAGATATTCTGAGGGAGAGAGAGAGACCACATTCATGTAACTATATA,"[[151510457, ""T"", [""C""]]]",yes,no,T->C,1
chr7,111647881,111648308,AGAGAAGAAAGAAAAAGAAAAGATGAAGGCATTATAAACACGATGGTGTGCAGCATTGCTATCATTTATCTCAGGCTGCTCAATACTAGCCTCAATTCATCTTCTCCCAGGAAGGAATGTTTGTAAATTGCATCAGAATGGTTCTGGACTATCAGGAATGCTGGGCGGCCTGGACACCTGGAAGCAGTTAGAGAAGCTCTCATTTGCAATGTCTTGTTGGTTTCTTATTCTTGAATATATTAGCCAAGGGGGAAAATGCCCAGACATTTGTGCTCACAGCAGTACGTGATCACATCTCTTTTTGCATGAAGTATTTTAAGAGGGAAGTGATTTCTTTAAGTGCCTGATTATATGAAAGTTGTGTATCTGTCATCAAGAGGTCATAACTGAGTGTTGGGTTAACTTTCTGCTGCAGTTATTTTTAAGCA,"[[111647924, ""C"", [""T""]]]",yes,no,C->T,1
chr9,23742874,23743238,TAAAATAGTCACACACAGCACTGATTTTTACATGCTGAGGAAAAATTCCAAAACAGACTGATGGTGTTTGGGCTGGTGGGGGTATAAATGCTGAGTATAAAGGAAACCTATTTAAATACTACAGACACAGCTTCACAAACCTCAAGAACACTCTCTCTGAAGCAATAAAGAAAAGGAATCCTAATGGAACACAGTCCCCAGAGGAAATTGAGCTGTACATGGTTAAAGTTGTAAAGGCTATGGGTCAGATGGGAACCATGGCTACGAATTAAGTCAAAGAGGTACCCTGACAGAAATAAGTATCAATTTTGTTTTTGCTCAGGGACAGCTTATGCTACAGCAAACCACTCTGAGACCACAGGGCA,"[[23742910, ""T"", [""G""]]]",yes,no,T->G,1
chr20,6787693,6787986,GCTACAAAGTGAGAGCAATGTGGTCCTGTGTCATCGCAAACCTGAGCGTTTGTTAAACCTGACTGAAGCTGTGCCTAAGATCTCCTGTGAGCGGCCAGTTTGGACACAGAACAGGATCCTATTGTGTTTGTCCTTTTCCATGGTAATGCGACTCGGCTTGGGAGTAAGAGTCATTTCACAGGCTTCCCTCGTGGAAAATGCTGGTGGTGAGGGAGAAATGGCTCTCCTCCCATCCCTGGAACACCAGTTCTGGGATGCTGAGAAGGGCTGCTCCAGCTGGGGGTGGGGTAGTGG,"[[6787857, ""G"", [""T""]]]",yes,no,G->T,1
chr2,129807676,129807942,TCCTAGGCAGAGGACCCTGCAGCCTTCCGCAGTGTTTGTGTCCCTGGGTACTTGAGATTAGGGAGTGGTGATGACTCTTAACGAGCATGATGCCTTCAAGCGTCTGTTTAACAAAGCACATCTTGCACCGTCGTTAATCCATCTAACCCTGAGTGGCCACAGCACATGTTTCAGAGAGCACGGGGTTGGGGGTAAGGTTATAGATTAACAGCATCCCAAGGCAGAAGAATTTTTCTTAGTACAGAACAAAATGGAGTCTCCTATGTC,"[[129807765, ""C"", [""A""]]]",yes,no,C->A,1
chr9,16257624,16257904,ACACTGTATGCTCTAAACAATGCCTTTACACATTAACTTTAGGACTGAAGCCTACTGCCCTTGTTCTAGAATGTTCTGTCCCAGATCTTTCCTCCTCCTGGTTCAGATCTCAACTCAATGCCATTTACCCTGACCACCAGTAGGGGCAGGGCTTTGCACAGCTATGCATTTGTTCCCAAGCTCTCATCAATCTCTGAAATTACCTTGTTTATTTTTCTGTTTATTTATCTCTTTCCCCTACAAAAGAATGTCAACCATGCAAGGGCAGAGGGATCTGTCTT,N,no,no,N,0
chr4,74597174,74597418,GCCATGGCTAAAAGGGGCCAATGTACAGCTCTGGTCATTGCTTCAGAGGGTGAAAATCCCAAGCCTTGGCAGCTTACATGTGGTGTTGGGCCTGTGGGTGCATGGAAGTCAATAATTGAGGTTTGGGAACCTCTGCCTAGATTTCAGAGGATGTATGGAAATGCCTGGATGTCCAGGCAGAGGTATACTGCAAGGGTGCAGCCCTCATGGAGAACCTTGACTAGGGCAGTGCAGAAGGGAAATGT,N,no,no,N,0
chr1,51019710,51020206,GTCTAAACAACTTATGATGTTTTAATAGCAGGAAATTCTATTGCTGAATTTGTTAATATCCATCTACTTCTACTAGAATTTTAATAGTAATTTTGCTTTTGTAAACATAAGGTCAAAAATATTTGGGAATGTGTATGCAAAACCAAATTTGGAAGAAAATGAACCACAGTAAACTTTTAACAGAAATAGAACTTGAGAATTTAGAAATTTATCATTTTAATGACATTAGAAATAAGCATTTTTCCTAAGAAGCCACCTGTAACACATTAAGTATAAATCATAGTTTCTTAAGTGCTGTTTTGGGACCTTTGTGTTGCAATTCCAGATGCATAAGTTAAGTTGGTTAAGCAAGGGAATTGTTGCATTTGGGGTAAGCAAAAAGAAAGTGATGAAAGCCAGGTCTTAAAATAAGTTAGGGGTGAAACACTTTGGAATTTAAACTTCATATACAGTACATGTAGGGGAAAACAACAAAATAATTAAGTTTTTAATGTGTA,N,no,no,N,0
chr8,136519439,136519672,TCTGTTGCTTGTCTTTCAACAGCAAAAAGCTATTACTGGCTACTTGATATTGGTTGGCCTGTTGTTGGAGGATGAAGTCTGTTCTTGTAATCTGATTAAGCCTCAGTTTTAGGCAGACACTAATCTCAAACTCTCTGGAGAAAAGCCTTCTAAGTAATCCTGCCCCATCTTCGCCTGGAGTGCTAAGCTAAGCATGAATTCCTAATCATCCTCTAAGATTAGACAACTTTTTTT,"[[136519462, ""G"", [""A""]], [136519572, ""C"", [""T""]]]",yes,yes,G->A,2
chr1,193524602,193525072,CACTAAAAAAAAGTGGATTGAAAAACTAAATTCTAGTCTATGAGAGCTTTGTTCTCCGAATCAGAGTAGCATAAGATCCTTTTATTAATGCTGTCCAGGAATATTACTACTTATGTTATCAGCGTAATCCATTGACCTCACATTCCTTCATAGCTTAATTTAAGAACTAGTGGAGAAAAATTTTTAGGTATTTTTTGAAGGTATGTGTTCAGACTGGCTAATGAAGGAAATCCTTGCATTTAGAAAATGCCTTCAGGTTATCAGAGTTTATCTGATTCCAAGTCAGTGAGTAACCATTTATTAAGTTCCAATTTGCCAGGCTGAAAAATTCTATCCCTTCAGAGATGATTAACAATGTAAGGGCAAGATACTTAAGAGCAACACCTATTTTAAAGTCCAAAGAAGGAAGAAAATGAAGAGAATCATGTTCGCAGACTAGTTTAACCATGGTCCTCAACATAAACTAGATAA,"[[193524603, ""G"", [""A""]], [193524954, ""T"", [""C""]]]",yes,yes,T->C,2
chr8,81272909,81273246,AGTATGTGTGGCAAGAAATCATTCAGCTTTGCTTCTGAGACTCTTCTCTCAATTCTCAGAAAAGGAACTCAGCAGGATTTTCTGACCCTTACTGAACTAGCCGGGTGGTGACAATTCCAGTTTTGACTTGTATTCTGGAAATTTTTATTATGCAAGTTGTATATCTCAGTATGCATCACCACCTCAGGCATAGCCTGGTGTCCGTTTACTACCCGGTTTATAGCGATGAACTAACTCTAAAGCACAGGCAGAGCTGAGTAGTGACATGAGTTGCTTCATGATTTCTAACCCAGTATTTCTCAGACAAGATCTTTCTAGCTGAGCAAAGTTTACCTCAG,N,no,no,N,0
chr10,124928112,124928548,GAGGTGGGAACGTTTAAGCTGGTCCTTGAAGGAGCAGTACCAGATTTCTAGGTATATAAAACGGGGTAAGAAGGGGAATAGGAGTAGGCAAGCATCCTGTTACGAGTGAAGGCATGGAGACATGAAAATTACATGTCATCTTTAGGGACTAGCAGAGGCTACGGTGTCGCCGAAGCATGCGGATGAGGTTGGAAAGGCACTCTTAGCACTTGATCCTCACCTTCCCCTGGGGCTGGGAATTAGAAGGGAGGAGTGATCTCCTTAAGTGTGGATCATCTTTACAGATGTGAAGAGCCATTACCCACCCCTCCCCAACTGTGCAACTGTGAGTGTGTATTGGGAAGATATGTCAGGGATATTTGTGGTATATATTAGAAGTGTTGAAGGCATTGTTTTTATAGAAATTATTTTAGTAAATTCTTTTTTATTATTGGGCA,"[[124928123, ""A"", [""G""]]]",yes,no,A->G,1
chr14,39381419,39381655,TCTCATTACCATATTTTAGCTGGGACAAATTGCTTATATTTAAAAAGTAACATAAATATGAAAATATAAAGCCAGAAAGGACTTGATTTAAGGACCAATCCCAGCTGTCATGGTGAAAAAAGGGCAAAAGAATGAACCACACTGTGGGGCGATGGCCGAAGCTCTTTCGGTTTCGCTTGGCTAGCAAAAGGTGGCCTTGTTACATAAATAAAGTCCCTGTGTAGTCAATCTTTTTTC,N,no,no,N,0
chr14,66920256,66920487,GAATTAAATGTGTGTATGTGAGTACGTAAGTTTTCTCTTGGGGAGGAGGGGATGGAAAAGAGGGTAGTATACAAGTTTTTAGAATGTATTTATTTATTTATTTTTAGAGACAGAGTCTCACTGTGTCACCCTGGCTGGAATGCAGTTACACAATCATAGCTCACTGCAGCCTCAAACTCTTGGGCTTCTTTCCTATCTTTCCTGTCTTTCTCATAATGCATCTTTCAACTAC,"[[66920280, ""T"", [""C""]]]",yes,no,T->C,1
chr4,178081977,178082263,ACACCATACTTGGGGGCCATTGTAAAAGACAAATCACCAATAAAAAGCACAAAAATGAGAAAAATGTGGCCCCAAGTGTGGTATGGTAAATGCACTTGCTTATAGCATGAGAGCTGAAACAAGAGGCAGAACGCAGCCTTGTCTGTCCTCAGCTGGGGACATGCTCACTGGGTGACTCACATTTTCACAGCTTAGTCGATGCAATGGTCTGAATGTTTGTGTCCCCACCCTTCCCAAATTTACCTCTTCGACCAGGTGAGGATACAACAAGAAGGCAGGCCCGCACT,"[[178082108, ""A"", [""C""]], [178082180, ""C"", [""A""]], [178082206, ""T"", [""C""]]]",yes,yes,C->A,3
chr2,105922676,105922993,TGGGTGTCAGCATCATTTGTACTCAAAACCGCAGTGTCACACAATAACCCCATGTAAAAAACCTGCACATGTATTCCCTGAATCGAAAATAAAAGTCGAAATTATTTTTAAAAATAAAATACTGCTCTTGACTCTAATAGATTTATCACCTGTGTATGCAGTGTAGTTCAGCTGAGTCTTTTTTTAAATAATATATAAATGGAACCATACTGTGTTATTTTGCATATGTTTCTTTCCCTCCACATTCTATTAATAAAAACCCTCTGGGTTTGTGCCTGTCTGTGTGTGTGTGTGTGTGTGTATGTGTCTCTCTGTGTG,"[[105922855, ""A"", [""T""]], [105922963, ""A"", [""G""]]]",yes,yes,A->G,2
chr7,136049992,136050407,TGTTGTGTGAGGTCATGAGGTTAGGAGCTGGGGTGGAGGAGTGAGCTGATTCTTAAGAATTTAAGGTGATGAGATATGGGGGAGAGGGCGTGAAAAGGGTTAAAGAAAGCTTTGTTGCAAATGGCAGGTATTAATATGAGTGGCAGGACTGGAATACCCAGTGGTTGGCAGTGACGAAGTGAATGTTCACTGTAAAGATTTCATGGTAATTTGGATTATGTCAGCAAACCTGTTTTTATACAGTAATATTTGGCGACTTTGCAATAAAAAAGAAACTTGGCATGCAGGCAGCGTACGTCAGTCCTCTTTCAAATGAGATAAAACTCTAATACTTTAATACTTATTGAGCCTCTGTAAGATCTTCCAACTGTCATCTGTGGTGTAAGCATTCACTTAGGACGGGAGACAGTGTTTTT,"[[136049995, ""G"", [""T""]]]",yes,no,G->T,1
chr5,144236562,144236813,CATATTTTGTGACACAGACTAAAGATTACGAAAGGTGCCATCTTAGATAAACTTGCTGTTAGGATAGTAAGGTAGGCAGGGTAATTTAGGAAAGGCATCAGAATGAGTGGCTTGAACAGCACATGACCTTATTTGGCAAGGAAAGGAAGATCTATGCAAATGCATTTAGCCCTGGAGCTCTGGGGAGGTATCATGGGATAAACATTGGTCTGAGAGAAAGGAGATTTTTCTGTTACTCACTGGATGGTGGTT,N,no,no,N,0
chr18,57253877,57254269,AAAGTGAATGTGACTATGGGGCAGCCCTCAGCTCCTCCATTTCAGAACCTGTAGAAGTGGAGTGGCCCTGGGGCTGTCCTTTATGGAGGGACAGGTCTCTGTGGCTAGTGTTTCTCTGGGCCCAGCCTACATGATTCCCACGCAGCTTCCTCAATCAGACGCTCCTAGGCCTCTTCTCTTCAGTCTTCAAATGGTAATAAATCAATCCCCCGTGGATCCTGTTTCCCTTGAATTCCAAGCACATATGTCGAAAAGGAATCGCAAATGAAGGATGAGCTCTGTGGACTCTGGCAGCGTCTGTGTATGTGAGAGGCTCAGCAAACGATGTCTTTGGGTATGTGGGGTCGTTTTACATACATGTAAATTTGAACATACTGCCTGGATGCTTATACC,"[[57253960, ""G"", [""T""]], [57254195, ""A"", [""C""]], [57254248, ""G"", [""A""]]]",yes,yes,G->A,3
chr16,57617013,57617247,CATAATAGCTATTATTATCATCTGCAGCCACCAGACATAAAACTGGACACTCTCCGGCTCCACCCCTTCATCCCAGGGGTGCTGGGCTAGGTCCCGGATTGGTGGTGAGGGAGGAGTCCCAGAGACAAAGCCCTGACCTCACAAATGCTCCCTAGGTACCTGATGAAGCAATTTCCTGACCCTGTCTCTTTTCTTCCCTTTATTTATTTTATTTTATTTATTTATTTTTTTTGAG,"[[57617052, ""G"", [""A""]], [57617137, ""C"", [""A""]]]",yes,yes,C->A,2
chr12,38870033,38870343,AGCATAAAGGTTGGTATCAGACAAGAATTCTGCACAGCAAGATGGCCTAATAGCAAGGGCTGTGTAGCCAGATGGCCTGGTGATCATTAAAAAGTCAGGAAACAACAGATGCTAGACAGGATGTGGAGAAAATAGGAATGCTTTTACACTGTTGGTGGGAGTATAAATTAGTTAAACCATTGTGGAAGACAGTGTGGTGATTCCTCAAGGATCTAGAACTAGAAATACCATTTGACCCAGCAATCCCATTACTGGATATATACCCAAAGGATTATAACTCAATCATTCTACTATAAAGACACATGCACATG,"[[38870149, ""G"", [""C""]]]",yes,no,G->C,1
chr2,141033457,141033924,CCATTGATGTGTAACAATTGCCCCCAAATTTATTGCTTAAAGTGACAGTAAACATCTGCTATGGACTGAATGTTCCTGTCCCTCAAAAAAAAAAAAATCATATGTTGAAGCCCTAATTAGCTCCCAATGGTCTGGTACTAGAAAGTGAGGCCTTTGGGAGGTAATTAGGCTTAGATGAGGTCATGAGAGTAACTGCCATGATGGAATTAGTGTCCTTCTAAGAGGAAGAGGCCAGAGCTCTTTCTTTCCACCCCATGGGAACACTGTGAGAAGGAGGCTGTCTGCAAACCTGAAAGAGAGCCCTCACCAGACACTGAATCTGCTGGCACCTTGTTGAAGTAACACCTACCTCTAGAACTGTGAACAATAAATGTTTTCATTTAACCCAAACAAAATCCCCATATTTCTAAATTTTATATTTTTTGTGTTCTTGAAGCTTTATTTTTGTATGATTTTTGAGACAAAACT,"[[141033600, ""G"", [""A""]], [141033798, ""C"", [""A""]], [141033800, ""T"", [""A""]]]",yes,yes,G->A,3
chr13,67343816,67344138,ACTATCTTGGGGATGTATGGGATCTGGCTAAATAGTGTAATTTCTTCCTTCAGGGAGGCTTGCTTAGCAGCTTCATCTGTAAGCCTGTTTCCTACAGCTTCTATAGTGTTCCCTTTCTTATAGCCATTTACATGAACTATGGCTACCTCTGCTGGAAGCAGACAGCTTTCTAAAACCTGTTTGACCAGTTCTCTGTGTACCAATGCATTTCCCCTGCTATTTATCAGGCCCTGCTCTGTCCAGATTTTTCAAAAGTTGTGTACCACCCTATAGGCATATTTGGAATCAGTATATATAGTGCCTTCCTGGCCTTCAAGGAGCAT,"[[67343934, ""C"", [""T""]]]",yes,no,C->T,1
chr16,27150045,27150382,CCTAAGCTCATTAAAGTGGGATTGGAATCCAGACAGCCTGACTCTACCATTGTCTTAGTTCAGGCTGCTATAAGAAATACCATGGACTGGTGACTCAAACAACATTTAGTCCTCACACTTCTGAAACTGAGCAGTTTCAGATCAAGGTCAGTGTCAGCTGTGTGGCCAAATCCAAAACCATGTGCCTACAGATTTGGTGTCCGGTGAGGCTTCTCTTCCTGGTTTGCAGATAGCCACCTTCTTACTGAATTCTGACATGGCAGAGAGATACATCACCTTTCTTATGACTTTTTTTGGAGGCGGAGTCTTGCTCTGTCACCCAGGCTGGAGTGCAGTGG,"[[27150118, ""C"", [""G""]], [27150176, ""A"", [""C""]]]",yes,yes,C->G,2
chr1,187476771,187476976,TTGATTTCCACAGGAACCATAGAGATATTCCAAGACCAACGGTGTGGCTAAGTATAAAGTAATGGGGTCTCTAAAGTAATGTCCACTTGGTGGCAGTAGACTGTGGTTTTTATTAATAACACTAGTCTTTAAATATATTTGTGGTATATTTAATTACCACTGAAATCTTAAGATTTTGCTACGCAAACTGTTATTTCCAATATGTA,"[[187476846, ""T"", [""G""]]]",yes,no,T->G,1
chr5,68200388,68200599,TTTCCAGTTTTGCTCCTAACTCATTTTCAACAAATCCCTGCCATGGTACTAACTGAAACTTGAAACTGAAACATAACAGATCTGTGGGTTGCAGAATTGAGTCCTAGTCCTGGCCTGCACCTCTCATTCAGTGTAATCCATCACTGTACCTAGCGAATTTTTGTATTTTTAGTAGAGATCGGGTTTTGCCACGTTGTCCAGGCTGGTCTTGA,N,no,no,N,0
chr14,106564059,106564509,CGACTTGATGCACCTACATATGGTTATTTATTTACATAAACGCCATTTTCTAATAATACAAAGAATCACGTACATGAGAATAAACACAGTGGCGGGTGTCAGTGAAATATGATGATGATGCCAAACCCCACCTCCAGCACCTTTTCCTCTTGCACCTGCCTTGATGTGTGTCCTGAGCGCCCCCTGGTGTCCCGAGGGCCTCCCGCAGTTCCTGAGCTTCCCTGCAGGGAGGTTTGTTTCTGGGCTCACAATGACTTCCCCTTGCTGTATCTTTTGTGTAAAAATTCATGGTTGTGTACTCGTTGCTCAGGTAGCTCAGCTGTAGAAGAAACTGTGTTTTGGATGTGGATCTGGAGATGGTGACTGGACTCTTGAGGCGTGGGTTGCGTTGTGTTCTCCCTCATGACCTGTGCACCTGATTCACTCCAGTCCCTTCCCTGGGGAGCTGAGG,"[[106564189, ""T"", [""C""]]]",yes,no,T->C,1
chr8,101219652,101219893,TCAAAATACCAATGACATTCTTCACAGAAATAGAAATAATCCTAAAATTCATATGCAACCACAAAAGACTCTGAACAGCTAAGGCAATCTTGATTAAAAAAAAACGAAAAACAAAAACAAAGCTGGAGGCATCACACTACCTGATGTCAAAATATACTACAAAGCTATAGTAACCAAAACAGCATGGTACTGACATAAATAGACTCATAGACCAACAGAACAGAATAGAGAACCCAGAAATA,N,no,no,N,0
chr1,177885814,177886133,TTGTTGGAAATTGTAGTCTCCACCCAGTGGTTTACTACTTTTTTAATCTTCATAAAACATTACTGTACTTTGCAGTAGTCAGCCTCTATGATGCTCCTGCTGCAATTAGCTTCCTTCCACCAATGCCCATGTCCAAGCCATGGATATTTCTTTCATGACTAAGTAGTCCCTAACTTCACACCTGCCACTCCCTTCATCTCTCTTCCATCCAGAAATTTACTATGTTAAATAGAGCTGATTACTTACACAGTGGGAATGTGGTACATTGACTGCAATAATTGTCATAATTCCTCACTCCTCTCTATGACCCTGACCTTTGC,"[[177885851, ""T"", [""C""]]]",yes,no,T->C,1
chr2,30036990,30037343,TACACAGATGTTGGTTTGGGTTGTGGAGAAGAGGAATGAATATCCAGGGATGTATTACAACAAAATAAATTTTTATCTCTCAAATGTCCCTCCCAAGATGGCAGCAGCTCCTGCTCTCAGACAATGTGGTCTAGGGAGCTCTAAGTAGGAAGCCCAGGGTCATAAAGAGCCTGTCATTGATTCTCCCTCCAGTTAATGAAGTCCCTAGGCTAGAGGAGCTATTAAATTTCAGTGCCAAGTATTAGTGGCTTTTGCTGGTTATAGTGATTCAACAGCCCCCAGTGAGGGTGAATCACAGGAAGAGCTGGAGAGCTGAATGTGGCCCTGGAGCCCAGGCAGTCTTGTTCACGGATA,"[[30036995, ""G"", [""A""]]]",yes,no,G->A,1
chr10,53138235,53138619,TGTTATACACGACTGCAAATAGGCAATTGATTTCAGAGGCAATTGGTACTACAACCTGCAGATGGTTATTATTCCAGGGCAAGAACTGCCTGCCTTCTGCCATGGATTTAAGCAGCCATGAACATATGGCTAAAGACCACTAGTTCCCATTGTTCCCCTGACAAGACACAGTGCTGAGTAGAGACAATTGCCCTGGAAGTCTAGTTCCTTTGCAGGTTTTTTGTGGTTAAGACTGATCATTAATGACATTGCCCAAATTATCTCCAGCTTCTACTCTTGCCTCCTCAGTATTGCATCTTATATTGAATAAGTCAATGCCTAATGACTGTACTATTATTCGTTTTCAAGAAGTTGAACCAAAAATACTTTGCCATTAATAATTAAT,"[[53138372, ""A"", [""C""]], [53138419, ""T"", [""C""]]]",yes,yes,A->C,2
chr7,147706875,147707084,TAAAGTTCGGAAATTCTTTCTTCTCTTTCATCTAATATATTGTTGAAGCTTTCAAATGTATTTTTTATTTCATTTAAGGAATTATTCAGTTTCACAATTTCTGTTTGGTCCTTTTCTGTGATATCTATCTCTTTGGTAAATTTCTCATTCATATTCTGAATTTTTTTTCTGATTTCTTTGTATTCTCTTGCATTTCACTGAGTTTCCTTA,N,no,no,N,0
chr1,234484256,234484490,TCTATCTGTATATATATTATTGCACTTCACCCTCAAAACAACTCATAAACGAAGTGTTTTTACTTTTCTTATTTTACAGATGAGGAAACTGAAAATAGGAGAGGTTGAGTTACTTGCCCTGATATTACAGGATGAAAAAAGCAGCAGAGCTGTCTGACTCAAAGGCTGTGGTATTTTCTGCAATACCTCCAAAACATCCAGAAAGAAAAATATACAATTGCCACGTCCAGTGTAC,N,no,no,N,0
chr5,113086716,113086978,TACTTGAAAGAGCAAACTAACTACAACACCCAGCGGTCCTTACAAATGGACATCAGACTTTGTCGGGCTGGGAAGAGTTAGCACTAGGAAATTTAAGACAGGGCTTTCTAAACAGAATGTGTACTAGAATCCCCCAGAGGGCTTGCTAAAACAGATTCCAGGGCCCTACCCCAGGGATTCTGATTTAGCAGGGTCTGGATGAAGCCCAAGATCTGCATGTCTAGTAAGCTCGCAAAAGATGCTGCTGCTGCCGGTCGGGGACC,"[[113086719, ""C"", [""T""]], [113086960, ""A"", [""C""]]]",yes,yes,A->C,2
chr9,16407432,16407784,TCCTCCCCACCCCGCCCCCACCCAAATCAAATCAACAGAAGGACCTAGAATACAATAAGTTATGTTCCAGGGTTGCATGGCCTGTATTCCCATTGGAGACCTATCAATGTGAACTAGCACTGTTGGGAAATCTCCTCAGCTACCCCTGTTAATCAATACCTCTGTTCATTATACAGCTTTGATGAATATGGCTAATGATTGGGTGCCCAAGAGTCAGGTGACTAAAAATAACTGCTCCTTACTGAGGATCTATAGATTTTCCCCCCAGTATTACTTCAGGCAATTCAATATTCTCTGCTGCCCCTCTCCAAGCCCCCACCAATGCGATCCTCTCTAGTCTTCATTGATAGATC,"[[16407504, ""C"", [""T""]], [16407782, ""G"", [""A""]]]",yes,yes,G->A,2
chr9,76525247,76525578,GTAGCCCTTCCTCTAAGGTTTTTCTTTCTATTCTCCTTTCCCCCTCAGTCAGCTCTTAATTCCTGCCAATAACTGAGAGTGAAGAGACAGTCACCTTGCTTCCGGGTCTCTCAGTCCTCTACTGGCCTTTGGCTCCAGATGTTTCCTTAGCACTTGCATAGTACCCAGAGTATTTTAAGTGGTGACTGATCTGCAGGTGCAGATCTCACTTGGCCCCCATAGCATTGGGACCCATGCAGATTCCATTGTGTTACAGTGACTGTAACTTATTTTAAAAGATCTCAGCATATACATCGTGATATTTTGTATCTGTTATTTGTTTATTTAGAGAC,"[[76525277, ""G"", [""T""]], [76525294, ""C"", [""G""]]]",yes,yes,G->T,2
chr5,12332634,12332857,CCTGTTGCGACTTTTAAAAGGTGCTAGGCTCTCAGTTAATCTCTTCAGGATTGGGAGGGCTTGTAAGAAATAGAACTGGTTATGTTAATAGAGATTCTTTACAAATGCAAATTTACCCCCCAAAAGGATGGCTTTGCAGGGCCATTTCAAAATATGGCAAAGAAACATGTTTTGGTATAAAATAGCTTGCTTTTCTCCTTTGTCATGTAATGTTATGCCAGAAT,"[[12332641, ""A"", [""C""]]]",yes,no,A->C,1
chr21,28547810,28548151,ATGACTCTAAATAAATAGAAAGTTGCAGAAGGTGTATTTGCATAATTCCGAAGGCTAAGTTAGAAAAAAAGATGATTCAGCTTCAACTTGACTCCCTCTCAGGATAATCACACATAAAACACAACAGCCAAGCTGTGAGAAACCCAAGTGGCCAAACAGAAAGGCATGTCGAGATGTTTTGACCAAAGGCCCCACCAGAGGTCCCAGCCAACAGCTAGCATCATCTGCCAGACATGCAAGTGATTGGGCCACAGATGATTCCAGTCCCCAACTTTTGGGATAATACAATTGATGCCAAATAGAGCAGAAATATTTGTCTACACAAACCTCACATAGATTGCA,"[[28547822, ""G"", [""A""]], [28547842, ""C"", [""T""]]]",yes,yes,C->T,2
chr13,86497229,86497600,TGAAACTTTACTGAAATTCCTTATTAGTTCTCACAGTATTTTTTTTTTTTGGTGGACCTTTTAGGTTTTTCTAAGTAAAAAATCATGTCGTCTCTAAACAAGGCTAATTTGACTTCTTCCTTTATAATTCCAATGCCCTTTATTTCTTTCTCTTGCTTTATTGCTTTGGCCAGGACTTTTAGACATTCAAAGAGCCAACAATGTAGAAAAAATGCTAAACATCACTAATCATTAGGGAAATACACATCAAAACCACAATGAGATATAATCTCGCTCCAGTTAAAATGGCTTTAATAAAAAAGATGGGCAATAATGGATGATGATGAGGCTGTGTATAAAGGATAACTTTTTTAAATTGTTGGTGGGAATGTA,"[[86497264, ""C"", [""G""]], [86497427, ""G"", [""C""]], [86497556, ""A"", [""G""]]]",yes,yes,A->G,3
chr8,113663661,113663873,TACAGACCATATTCTAGTCAAATGGTTTAAGACTCTTCTCTAAAGAATTTAGGTTTCTAATCTGGTAAGTGAGGATTATACTTTCATACAGTCTTCCCCAGACAGCTGAGTGTAGTGTTTAAAGGCTTAGTGCCTGAGTAATGCATCTACTACTTGTTAAGTGCAAGATACTCTCCTTGGGGCTTTAACATTTTTAGCTGTAAAATGGATGCA,"[[113663834, ""C"", [""T""]], [113663855, ""C"", [""T""]]]",yes,yes,C->T,2
chr10,38488328,38488612,GGAATGGAATGGACTCTAATGTAAAGGAATTGAATGGACTCGAATGGAATGGAATGGAATGAAATCAACTTGAGTGGAATGGAATGTAATGGAATGGAATGGACTCAAATGGAAATGAAAGGAATTGACTCGAAAGAAATAGGAAGGATTGGACTTGAATGGACTGTAATGCAATGGAATGGAATGGAATGGAATGGACTCGAATGTAATGGAGTGGAATGGAATGGAATGGAATGGACTCAAATGGAATGGAGTGGAATGGAATCTAATAGAATGGAATGGAAT,"[[38488349, ""G"", [""T""]]]",yes,no,G->T,1
chr3,129291634,129291859,ACTTCTTGGTTATTATGAATAATGCTGCTATGAACATTCATGTACAAGTTTTGCATGGATTTGTTTTCATCTCTCTTGGATAGATGTCTAGGAGTGGAATTGCTAGGTCATGTTACAACTCTACGTTTAACATTTCCTTCATAAAACTTTCACTGTGGCTGGGCGCAGTGGTTCAGGCCAGGCACGGTTGCTCATGCCTGTAATCCCAGCACTTTGGGAGGCCAGA,"[[129291720, ""C"", [""T""]], [129291745, ""A"", [""G""]]]",yes,yes,A->G,2
chr1,7041989,7042392,TGTCCCTGGAGAGTTTTTAGGGTTTAAAGCATCTGTCTAGAATGTCTTGAGAGTGTCCTTGGGGATAGGGTGATAGAGGTGCTTTCTTGTGCTAAGGTTTGTTCCAGGATACCCTGTTCAGCTTTGTTTTCCACAGGAGAATTCCCCTCCTCCAGCCTCTGACTTCTGCTGCCCTGGCTTAGGGCTAAGGGGATATTGATCATGGCCCCTGGGATTTTATCTTTCCTTTCAGTCTCCAGAATGACTCCCAAAGCAGATGCTGCTTCTCTTGCCTCCTCGTCCCCCTTCCCTGGGCTGCCCTGGCACCATAGCCTGGGTACCCAGTGTACCATGGAGTGTGGGCAGAAACGCTGTTTCTTCCTCTTGTTCCTGGCCGACCTTCTTCTCTTGGCTGGGACTTGTGA,"[[7042073, ""G"", [""T""]]]",yes,no,G->T,1
chr9,120872116,120872364,GGCATGTAACAGGTGTTCCAAGACGTTTGTTGAATATATGGCCAGGCAGGAACGTTGCCTCCTATTCTTGAACATGCTCCCAGGAAGGTGGTGCCCACAGTGCATCTCAGTAAGTCCTCACTGGGTTAATGAAGCAATGGATCAATAACTACAGTGGTGCTCAGCCTTATGCTCTCATCTCAGGAGATGCTAGAGGGTCACCATTCTGCCCGGAAGGGGCAGTTCTGGCTAGGAGACAAGCCACTCTTC,N,no,no,N,0
chrX,19617044,19617386,TTCCCTGCCCTGAAAATTTGAGCCACCCCAGCAGTCCTGAATTACAGCTTGTTTCCTCTATCCAATAAATGAGTCTGCTACTCTTTGTTTGGGCTCCACTGCCCTGTGCTGCAATTTAGAAAGTGCCTCTAGGCAAAAAGCCAGGGTTGATGTAAAACTCACTTTTATGCTTCCCTTGTCTCCAGGATCACATTCTTGTGATATGTATTGTCCAATGCCTAAAAACAGCCACTTTGTATGTTTTGGCCAATGTTAGAGTTGTCTATGACAGGAAGGCAAGTCTAATTACCCTTTACTCTATAATAGCCGCAACCCCAAGTTATATATTCCCTCAAAAAGATTG,N,no,no,N,0
chr22,46403936,46404208,GCACTCCAGCCTGGTGACAGAGTGAAACTCCGTCTCAAAAAAAAAAAGAAAAAAAGAAAAAAAGAAAAAAAAAACTGACTAGATCTGGGCTGTAAACCACATTTCAAAGCTCTGAAACCACATGGTATACATTCTTTGACCTGCAATTATGCTAAAAACAATACCAAAATGATTTACTAGAAAATGCTACATGAGGCTGGGCGCGGTGGCTCACACCTGAAATACCAGCACTTTGGGAGATCGAGGCGGGTGGGTCACCTGAGGTCAGGAGTT,"[[46403983, ""A"", [""G""]]]",yes,no,A->G,1
chr17,11238797,11239035,AGGGAGGATCCAATACCCTCCTGCTAGCCTTATTTGGAAGACTCCCTCAGGGTTCACGCTAAACTGCTTGCATCCCTGCTCACACACCTTAACCACTTCCTGTCTTTCTGGTTCTGCTAAGGATGTTCCCTCTGCTGGGAGCCTCCTTCCCCTCTTGCTTGCTGTATTAACTCGTAATCCATTCTTCAAGATTCTGCTCTACCTCATTGAGAAAGCTACATTTGACCCCCATCTGTCCC,"[[11238806, ""T"", [""C""]]]",yes,no,T->C,1
chr13,22372321,22372644,GAAGCTGCCAAGGCCTGGGGCTTGCATCCTCTGTAGCCATGGCCCAAGCTGTACCTTGGCCTCTTTTAGCCATGGCTAGAGTGTCTGGGACACAGGGCACCATGTTTCTAGGCAGCACACAGTGCTGGGTCCCTGGGCCTGGACCATGAAACCATTTTTTCCTCCTAGGCCTCCAGGCCTGTTATGGGAGGGGCTACCGCAAAGGTCTCTGACATGCCCTGGAGACATGTTCTCCATAGTCTTGTTGATGAACATTTGGCTCCTCATTACTTATGCCGATTTCAGCAGCCAGCTTGAATTTCTTACCAGAAAATGAGTTTTTCT,"[[22372329, ""T"", [""C""]]]",yes,no,T->C,1
chr9,12906609,12907049,GCCTACACACAGTGGGCTGTTAATGTTAACCTTTCCTCTTTATAATGTTAATAACTATAATAATGATAGTAAGAGGTAATGGAAAAATCTGAGAAATAGTCAAAATATGATGAGGCTAGTGGTCAGATTGGACTCATGGGATCAGGGCATTGGTCAGATCACCATAGTCTGGAGTTTGTCTTCAGCATGTTGGTTCAGAAGACACAGTTGATCACTACTAGGGAATGATTCACAACGACCAAACTCACAAACAGATGTAATCATTTAGGAGAAAAGTCATTCTCACACGCAAAGATCCCGATATTTTCAATTCAACTCACCAGAAGAAATCAGATTAACTTAAGCTTTAGAGAGGTGAATTAGAACCAGGGGAGGAAGTTGGCTTATGTTAAAGACAAAAGTACATTTTGTAAAGCTGAGGAATCTGTTTCCACTGCTGGG,"[[12906644, ""A"", [""C""]]]",yes,no,A->C,1
chr10,111177494,111177737,TAGAATTCATGTGTTCTAGGCATCCTCCATGTGAGTCTCAGCTCCTGCACACCATTGCAACCATTATTTCCATTGCAGGAGGTGCGAGCAGGTGTTAGTGGTGAAGGGTAAGCAATGCATGTTCACGTCATCTCATTTGTTTCTTGCTAGTAAAAAAACTCCAGTTTCATTTTCTTGTTCTCCCTCTTCTTTACTTTATCTGGCCAGTTCTTTCCTGATCTGTTCATCATTTCTGCTGTTCTAG,"[[111177524, ""A"", [""G""]]]",yes,no,A->G,1
chr17,28856732,28857038,GATGGAGTCTCACTCTGTCTCCCAGGCTGGAGTGCACTGACGCGATCTTGGCTCACTGCAAGCTCCACCTCCCAGGTTGACGCCATTCTCCTGCCTCAGCCTCCTGAGTAGCTGGGACTACAGGCGCCTGCCACCACACCCAGCTAATTTTTTGTATTTTTAGTAGAGATGGGGTCTCACTGTGTTAGCCAGGATGGTCTCGATCTCCTGACCGCGTGATCCGCCTGCCTCAGCATCCCAAAGTGCTGGGATTACAGGTGTGAGCCACTGCGCCTGGCCAGGAAAGGGGGTTTCCTCTTCCTTTAGG,"[[28856768, ""G"", [""C""]]]",yes,no,G->C,1
chr15,81264520,81264809,ACCCAACCCTGCTCCATCCTGTGTTTCCTTTGAACTACCACCAATCTTACCTTTTCCTCTAGGGGAATTTTTCACAAAAGCCTGTCCATTCACTCGAGCCTCACTTGGCCCTCAGGATACTAGGCAAACCCTGCCCCTCTCCTGGCCTCTAGAACGGAACTGCCCAACACATTAGCCACATGTAGTCTTGAGCACTTGAAATGTGACTTATTCAAACAGAATGTGCAGAAAGTATCAAAGACCCACTGGATTCAAAGACTAAGTGCAAGAAGAAAAGGATGTAAAATATC,N,no,no,N,0
chr4,15735562,15735829,GTGAGGGGAGCCGTGAGGGAAGATGACAAGCAGCATAAGACTTTTGGGTACTTAGAGAAAGAGAAAAGGACCCAACCCACCAACTTCCAATTCATAATTCATGGTTTGTCTCAGGACCGTCTGGCTCCTTAGGCCAATCCCATGGGAGCCCCAGCCAAGGGGCGTCTCTTAGACCAAGCTTGGAAAACACAGTGTCTGCTGCCTTCATGTTGCCTGGGTTACCAGGCGACTTAGCCACTCACAGCACAGTGACCTGCGACTCAATTAG,"[[15735639, ""A"", [""C""]]]",yes,no,A->C,1
chr6,30849908,30850268,AATCCTCTGTGCACTTGGTTTCCCTTAACTGAGTTTTTTTTTCTTCTTCAGACCAGATTAATTGATGAGAACTGACAAGCAGGGGAGAGAGGTGATGTTTAAGGTTATATATTTTGGCAAAAAATTATGAGTGTAAATTGTGCTTGTTTCTGATTAAGAGAGGTCCATTAATCAGAAAGTAGACTTGGCATCCTTGTAGAAAAATCACATAGCTTAACAAGAATTCATGACTCTGAATTGCTGCACAGACAGGTAGCATGAGTTCTTGGCAGGATTCTTTCAGCTGAGCTGTTTTCCATTAGAATGGTGTCTGATATGGTTTAGCTGGGTCTCCACCCAAATCTCATCTTGAATTGTAGTT,"[[30850089, ""A"", [""G""]], [30850102, ""C"", [""T""]]]",yes,yes,A->G,2
chr7,12894331,12894681,CAAAGTGCTGGGATTACAGACGTGAGCCACCATGCCCGGCCAGACTAATGGAGAATTCTTTTGCCCCATCGATAAGCTCTTCAAAGTCAATGTAGAGCAGAGGAAGGGAAAGTCACTTCTTACACATTTCTGTGACTCATGCTTTTATTTCAGGCCTCTACTTGTGAGACTGACACTTGTGCCTATAACATGCTGTCCTCACACTTTAAGGAAAGCTGGAGGAGCAAAACACGTTGGCCATCTTTCAAGACATTATAAAACATACCAAGAAATCCCCAAACTTCCAGTGAATGATACTTTATAGATGCTCAACTTAAAATAAAAGGTTAATGTTGCTGTTTGTAACTGTGA,N,no,no,N,0
chr2,159484620,159484871,AATGATAATATTGTTCAAGTTTATGTACCTCAAGTATTCCTGTTTTGTGTAATCATAGAGTTCATGAACACTGACAGCTGGTAGGTGTAAACCTGAACAGGTGCTAACAGGGAGACCAAGACACGTTGCCTGAGATATGTAAACATGATTAGTTCCCTGTGTTTCAGGTGCACTGATACTTTAGTGTTGCCATATACCGTCAAGAAAAGCAAGGTAATAAAAAAAAAAGTATAGCCACAGATTAAAGATGCA,"[[159484647, ""T"", [""C""]]]",yes,no,T->C,1
chr4,103111616,103112046,GTGTGTGTGTTGGGGGTGATTCTTGATGTCTATTTTATTTTGAATTCATCTACACTATGTACCTGAAAGTCATCTACAAATCAAGAATAAATATCCTCAACCTTCTGAAACAAAGAATCCTCACTTCTATTTTTACCCCTTTAAGTTTTCTCGGTAGGTGCTGTGGTTATCCTGTAACAGACATTAGGGAAGTTTAAGCTACAACAGGTACTAGGTAACACCTTAACACCTTTAGCACCATCTATTTTTGGAAACAAGTGGACTATAATACAAGCAAATATCATCTTATGTTTTGCTTAGTATTTGGAATTTTCAATGTGTTTTTACCCACAACTTTCGGTTTGATCTTTATGTACATGTGTGTGAGTGTGCATGTATATAAATAAGTGTATATGTATATACACTTTTTTAAAAAAGACACTTATTACATG,"[[103111799, ""C"", [""T""]], [103111972, ""G"", [""A""]], [103111981, ""C"", [""A""]]]",yes,yes,G->A,3
chr3,121505298,121505695,CAATTAAACCTCTTTTCTTTATAAATATCCCAGTCTCCATAATTTCTTTATAGCAGTGTGAGAATGGACTAATACAGTAAGCCAAAAAGAATAGCTATGAACACTGAAAAGCAGAGCAATGAAGGGAAACTTGCCCTACCAGAAAGTTTTTAATTAAAACAGAGGCACTGGCACAAAAATCAGTCAAACTGGTCTTTTGTCAGACTAACAAGTGAAACAGGAATATACACAATGACAAATGGAATTAGAAATGTACCCAAATACAAATGGAAATACAGAAGATAAAAGTTGCCATCTTGAGTCATTGTATAAATGAATTTTTTAATAAATGATGCTGAGATTACAGATAGCCATTATGAAAAAAACATGAAACTGAAGAACCATGTACTAGAATACAC,N,no,no,N,0
chr14,81927156,81927358,CATAAAAGAACACATAATGGGACTCAACACCCTGCAGTATGTTCAGAAGAGAATGATTTGGTTGATGGAATGAGCTAAAACCCTACCAAGCATCAAAGAACTAGAAATCTCCAGCAGAGGGAGTGGTGTCCTTTCAGTCGTCTTCCAATAGTGAGAAATTCTTATGCTAAAAAGCCTTAGCCTTCCTCTCTGTGGTCTGAGAG,"[[81927172, ""G"", [""A""]]]",yes,no,G->A,1
chr16,50916031,50916440,GACAAAGTTGGTGGTAGACCCACCTAGGACTAAAGTTCAGATTTTTTTTCATTCTCAGCCAGGGTAAAATATTAATAGTGAACAATCATCATCATAGCACTAGACTATTGTTTTCCACTGTGGCCTCAAAAATGGGAAGATTGTTTACTGTGCTCATACTACCTGCCTGATCTTGTGCTAGGTGCCAGGAAATCAACCATGAATTAGAAGCATGAGAAGCTTGACAGGCATTCAGCATCCTGGATCCTCCTCCAGCAAAAACAAGATCAGGCATGAGATGGCAACTCACCTACCCTTCCAAGGACACTTTTCAAGTGTGTCTTTTGGAGTCATAGCAGTAGAATGAAGAAAAGAAAAAGAAAAGCAAACCCTGACCCAGGTGCTTTTAACCTGTGTGATTTTGGGCAACT,N,no,no,N,0
chr10,89203379,89203615,AAGAAAAGAAAGCCAAGGAAATGAAACACCAAGCAGGGAAAAGTCACTGGATTTGAGAATTAGGAAATTAGTAGGCAACCCAGAGCAAAAGTTTCCAGAGGAATGGGAGTAGAATGACTCAGAGGTAAAGAAGTAGAATCAAACAAACATAGACTTCTTTCTCTTTATAAAACTTTTGCCTTGAAAGGATGGTGGGAGAAGTAGCTTGTGATGGAAGCAGAACCAACAACTTGGCTT,"[[89203402, ""G"", [""A""]]]",yes,no,G->A,1
chr1,177495170,177495561,GGTAGGAGATTATGAAACCCCAGTGGCACCTGAGACCTAGGAAGGTAATTTTGAGAGTGCAGACTGGCACTCATGTGGCTAATCCAATTGTGCTCTTGGTTTTAAGCCTGGAAATGGCCCATTCCCCAAGGGGCTGGGCTACAGGCCCATTTGGCCTTGAGCCTGCAACCAAAACCATCTGCTAAGGGGTCCAGAAGGAATCATATGCACTAGTGCCTCAGCAGCATTGACATAGGTCCCAGCAGTGAATCTGAAAATTATTCTGTGGCTCAACTCAAGCCCTACTCAGTTGAAGCCTCAGCTTAGAGTTACTTACACAAGGACCCAGAGGGAGATTCACTCATATTACACAGCCCAAAAGTCTGAGCCCCCATGATAGGCTTGTGAACCTC,N,no,no,N,0
chr4,116020507,116020733,CAAGCCCTGTCTTTATTCAGGGCTTAGCCTTTGGATGTTAATCCACTGGGCCTGAGCACACTCAACAAAATCCTCCTATTCTATCCATTGGTCTCTTCAGTCTCCTGATTCCCACAACAGATGTAGAAGAAATATTTTATAAAATGTAATTTTTATGACAAAAACTCTTAAATTAAGTATTGAAGAAATGTTCTTTAACATAATAAAAGTTATATATGACAAACTCA,"[[116020554, ""A"", [""G""]]]",yes,no,A->G,1
chr2,176768177,176768572,TATGAGGGAAAAGTGTGTGGGGGAAGGAGTTCTTGGTATGAACTGTACAAGTTTGTTTCAATGCTGTTTCTCCAAGGGCAGGTTGGGCTACAGGTGGCTGCTTTCTGGCTGATGCCAGTTGGCATGTCACCTGCCCTGAGGGTGGAGTTTTCAGAAGGAAGGGATCAGACCAGAATCAGCCAAGGTTCCAAGGAGCCTCCCCTAGATGGATACAGTCTGAACAGGTGTGGAGAAAGGTCGTTTCCATGGCAGCTGTCACTAGGCACTCTGCCAGGGAGGCTGACTAGTACTTAGTGGACTGGATGCAAGATGTCAGCATCTCCAAACTACCCTGCTGTATGAACAATGTGTGGGCAGCACCCAGCTTCCAGCAAGCAAGGCTTTAGAGCATGATGG,"[[176768464, ""C"", [""T""]]]",yes,no,C->T,1
chr1,26957203,26957656,GGGATTACAGGCATGAGCCTCTGTGCCTGGCCTAGGATACAGTTCTTTAACCATTCCTACAACTCTTTAACCTACTCTCCTGGCCTTACTCAGCACTCCTTCTCCAGGGACCTTCTGGAACCACTAGTCAGATGGGAGGCCCTCTCCCCATGGCCTTCTGCTGGGCTGTCAGCTGGGTCAGCCTTGTACTGATTGTTTGAGGATAAGTCTATGTCCCCAAGGACCATGACCCTGAAGTGCAGGGACTGTGTGTAATTCTTTTCTGCCTCAGGGTCTGGAACAGGGTTTGGTACACTAGGTGCCTCAGGGGACTGACAGATTTCAGGTTGCCTCAGGGTAGAACCAGCGCCACTGGGTACAAAGAAAAAAAGACTTAGGCTCTACGTTGACCAGAGTATGGATGGGGGATAGGAGGTGAGGGAGAGAGTGAAATCCCATCTGCAACGGTATCCCA,N,no,no,N,0
chr4,19238821,19239055,CCCAGCACTTTGGGAGGCCGAGGCGGGCGGATCACGAGGTCAGGAGATCGAGACCATCCTGGCTAACACGGTGAAACCCCGTCTCTACTAAAAATACAAAAAAATACAAAAAAATTATTCCCAGCTACGCGGGAGGCTGAGGCAGGAGAATGGCATGAACCGGGGAGGCGGAGCTTGCAGTGAGCCGAGATTGCGCCACTGCACTCCAGCCTGGGCGACAGCGAGACTCCGTCTC,"[[19238982, ""C"", [""G""]]]",yes,no,C->G,1
chr6,146668144,146668402,CATTTGGAAACAAATCAAGATAAGGTGCATAGAAAAGAATTATAACAATAGATTTGAATATACCCTTAACTCAAATACTGACTTTTACAAGATGATTAAATCTACAGTACAGTTATCAACCTGGACCATCTCTGATCTTTGACTGGTAATAGGAAGCTGCAATTCCCCAGGGGCAATAGAGATTAGAGGAGGTTGAAGACAGGCCCTAGTAACTTGGATTCTGCCATCTTCACCATATTTTCAGCAGGATAAACTTGGG,"[[146668217, ""G"", [""A""]]]",yes,no,G->A,1
chr13,111440560,111440767,TCCCCTGCAGCTCCCCCTGCAGCTTCCCCTGCAGCTCCCCCTGCAGCTTCCCCTGCAGCTCCCCCTGCAGCTCCCCCTGCAGCTTCCCCTGCAGCTCCCCCTGCAGCTCCCCCTGCCTGTGCTGAAGGTCACTGCATCCTTTCAGTTGCTCAGACCAAACCTTTCAGCAGACCCCACTTTACTCCATCCAAAGGTCTTGTTGGTTCTA,"[[111440608, ""C"", [""T""]]]",yes,no,C->T,1
chr7,5888099,5888494,CACCCAGTCCTCTGACACCTCCCGCTTCTTTTTCTCAGCCACTGGCTTCCTGGCTCTAAGGCGATTCACCTAAGCCCAATACACCTAGCCTTGCCTTCGGTTTGAGGTGAGCCTCCGGGGTTCTGTTACAGGGCTGTCATTAGGGCTGGGCAGTCTTAAGCCAGGAAATTCTCACCAGGCTGGTTTCCAGGTGGCACATTAAAGCTCTTCTCTTGGGCTAACCCTGCGAGTTGAGGACTCCTGGGAACAATTGAGGCATTTTCTGGAGAGCTTGTGTAAAAGCTCACACTTTTTACTAAACCCTCCAGCTCACAAGAGGCCTTGGGGCTCTTCCAGATTGCTTCGGGCACACTAACCAGCTTAGTGGCTTTTGAGCCTTTGTTTTCCAGAGGGTCA,"[[5888128, ""C"", [""T""]], [5888325, ""T"", [""C""]]]",yes,yes,T->C,2
chr17,47607485,47607938,TGTTTGCTACAGTGAGAAGTTTTTTGACTTTCACATTTAGTGATATGACCTGCTAATTAGAGAGTTTTGGGCAGGGGAACTTGATTTGATTTACTCGGCTTTCTGAAGAACAGACTAAGAGAAGACGAGAGGAGGCAGGGAGACCATTCAGAAGGCTATTTTAGCAATCCAGTTGAGATGCTGGTTGCAACTAGAACTTACAGGTGGTAAAGTCTGTGTATATTTTGAAGGTGCAACTGAAACTATTTGGTGAAGGATGGACTGTGTGGTGGAAAGAAAGAGAAGTGTCATCAAATTTTGGCCTGCAGAACTGGAAGAATGAAGTTGCCATGTACAGGGATAGGGAAGACTGCTGTAGAAACATTTTTTTCTTTTAAAGATACAGAGTCTCGCTCTGTTGCCGAGGCTGGAGTGCAGTGATGCAGTCATAGCTCACTGCAGCCTCGAATTCCTG,"[[47607534, ""A"", [""C""]]]",yes,no,A->C,1
chr1,22572822,22573268,CGGGGTGGGGGTGCTCCAGGCAGAGAACAGGGCTGATTCTGCCCTTGCACCAGACCTCCAGGAGTCTGTGCCACTCTGGGCATCAGCAGCTCCCGGGGCTGGCAGGGCTAGGCCAGACCATTGGCCCCGGTGGGGCAGCTGGAGTAGACTCAGATGGAACTGATTAATTTATCCGGGTCCCTGGCAGGAAACAGACAGGGAGCAGCTGGCTGGCTCTTTGGTGCTCCATTAATTGTGACAATGACTTTAACCCCAGATGTGACGCTGTGCTGCTTGGAGCCTCTGACAGCAAAGCGGGGTGTGGAGCAGGGGTCCTTCTTGGGTCGGGGAGACTCGGAAGCCTAAACTCTTTCAGGTGAGGCTGGCGCTCCCTGGGGCCCCTTTGGAAGCAGGAAATCCTCCTGCATGGTCCCTGGAGGCAGGCGCGGTAGGCTGTGAAGATGCTGC,"[[22572836, ""C"", [""T""]], [22573224, ""C"", [""T""]]]",yes,yes,C->T,2
chrX,153588418,153588697,TATCAATGATTGGCTTGGTAAGGTCGTCATTAAACACCTAGAAAGAAGAAGGAAAACAGGTTCCAGTTAGACTCCCTCTATGTTAAACAAGGCACCTGTCACTAAGCAGAGAATCACATTTCATGGGCAGGGGAGGGGCACAGGGACTTGGCTATGTAGGAAGACAGTAGCTCTCCTGCAAAGCCAGTTTAATTCCAGCCCGTTGAGGCCAAACACTTTACAAGGCCGAGAACATTCCAGATGGAACAGGCCTTGGTGATCTTCTGACTCAGAGAGGAGG,N,no,no,N,0
chr1,57550185,57550516,CTTGAGAGGATTTCAGTATAGAACAAGCATGGTACTGAGCAGGCTGTCAATAAACAAGAACTGTCAGTATTGCATGCCATTCACAGATTAGTTGACAGGAAGTGGTTAACTTCTTAGCTCTCCAGAGGCTAGACCATGATCACTGGAGTGCCATAAACAGGACTCCTACGTGGACAGGGAGTTGGGTTAGTTGATCACTCACTAACTCTGATTCTATACCATTTGTTGCTAAATTACAGTTTCAACTGTAGCTCTCACTGACCTTTTATACACTCCCCTCTACTGAGTATTCACACCTTCAGATCTTTTGATAAACCATCTGCCCACCCACC,"[[57550336, ""T"", [""C""]]]",yes,no,T->C,1
chr1,172832027,172832355,TAAAAGGCACTGAAAAACACAGCTTTATTATTTTGTACTGGAAAGGAGTGGAAACATATAGTCTTTCATAAATCTTATTTGAAGTGAGCCACTGTAACTTATGGAAACATGTTGTATTTCACAGATGTGCTGGGGCAGAGAAAGGATTGCAAAGCACTGATCCAGGGTTGAAAATCCTTGAGTTCTGTGCAGCTGCTGCCACTTCCTGTGATGATTCCAAGAGAAATATACTTATAGAGATCCAAGTAATGCAAAGCATGTTGTATATTTCTACAAAGCTTTTGGTATAAACACCAATAGAGTTATTTGTTGAGTTAATTAGACTCCTC,"[[172832032, ""A"", [""G""]]]",yes,no,A->G,1
chr1,186325272,186325640,CTTTTAATGCCCACAACTTTTCAGTGGACCTCCAGGACTTATCCAAGATTTAACAAAATATATGTTATATTGATCCAAAAATCTTTTATTCATTGGAAAAGCAGACCACACTGCAAAGCTCCAATAGCCCCAAATCTTGAAGCATGCAGCTTGATTAGACTGACCTCCTCTGGTTGTGAACTGCTGTTACAAGTAGTCCCTAATTTAATTTTTCCTCTTAATGGCAGCATATAGCATTTATAATACCGTAAGGGTTACAAAATGTTTGCATCTTACAGCAGCCCAATGAGGCAGAAAAGAGTATAATGACAGCACCTAACAATCATAAATATAGTAGACTTTTTATGAGAGCACAACAGTCACAAAGCT,"[[186325336, ""C"", [""T""]], [186325380, ""T"", [""C""]]]",yes,yes,C->T,2
chrX,137649146,137649383,TTTAGCAAAAGGTGACATAGACTACCTAACAGCTATATGAAAAAGTGCTCAACATCACTAATCATCAGGGAAATGCAAATTAAAACCACAGCAAGATATCACCTCACACCTGTTAGAAGAGCTTCTGTCAAAAAGACAAAAGAGGCCAGGTGCAGTGGCTCATGCCTGCAATCCCAGCACGTTGGGAGGCCGAGGCCGGCAGATTCCCTGAGGTCAGGAGTTCAAGACCAGCCTGGTC,N,no,no,N,0
chr5,130065626,130065948,CTTTACAGCTCAAGAAAAGCTGGTTAAGTGTAAAATATCTAAGATAACACTACTGTGTCACTAGTTTAAAAGGTTCAGACAAAGTTGTATTTCTAGTCTGACAATGATCCAATTTGTGAATATGCTCCTAAATTTATTGTCTGACATCATTGTTTAATCACAGCCATTCATCGACTTTTCCAGTTTGGTGAGACTCCAGTTTACTAAACTGAAATGTCTGGTTCACACAGTCTCCTCCCCTGTCGTATTGGTTCAGGGCCTACAAGTTTTTAAATTCTGAACAATGTCCTTGTTCATACTGCTTTATATTACATTAAGATCTC,"[[130065672, ""G"", [""A""]], [130065687, ""C"", [""T""]]]",yes,yes,C->T,2
chr3,64913967,64914279,AGAGGCTTGCTTGGAAAAGATGTCTTTCTTTGCTCATGGAGGGGAGAAGTCTTATCTCTGTTTTTTTCTACTTCCTCTCCTTAGATTCCCTTAGGAGATACATAACCAAGGGAGCAGCTTGAAATTTGAGACTAGGCTAATGGAGCCCCATGCAAATTCACCTTGGAGTTATACACACAGAAAGTTTTGTGGCCACATCAATCTGTACACAGTGAACATTTCTCTCAGTGCCATAAACCAGATACCCTTCTACCCCCAGCTGTTTGTAGCATTTTAGGTGAAGACTTCATTAAACTCCTAAATAAGAAAATGA,N,no,no,N,0
chr1,91568245,91568586,TGCTTGCTTTCTGGTATTATTATTAACAGTTATTAATCCCTTCGGAGGGGTTTGTATGCCAGGTTGCTTCTTGGCGTTATTTACAGTCAGCTGAGAGCAAATGGAATGTGGAAATGAACATTATGATGGCAGACAAGGCTAGGAAAAAATGCAGAGCAGAGCACAAGTTCTGGACAGCAGTCTGGAGTCTGGTGGTGCCAAAACTTGGCGGGGCACAGTGGCTCATGCCTGGGATTCCAGCACTTTGGGAGGCCGAGGCGGGAGGACTGCTTGAGCCCAGGAGTTTGAGACCAGCCTGGACAACATGACGAAACCTCATCTCTACAAAAAATTTAAAAATGT,"[[91568585, ""A"", [""G""]]]",yes,no,A->G,1
chr15,62818704,62819072,GTTAGTTGTTGCTCACTTAGGGATTTTGTCTCAAGGACTTGAGTGACGTGTTTCCTCTGGTCCTTTATTTTGTCACAAGTACTGATTGGCCCATAGCTTGGGGCTTTTGCCTTTACTCAGCATGTTCTTTTTTTTTTTATTTTTATTTATTTATTTATTTATTTATTTTAAAGACTGACTCAATCTCTCTGGCCAAGGCTGGAGTGCAGTGATGCAACCACTGCTCACTGCAGCCTTGACCTCCTGTGCTCAAGAGATCTTCCCACCTCAGCCTCCTGAGTAGTTGGGACTACAGGTGTGTGCCACCATGCCCAGCCAATTTTTAATTTTTTTTTAATTAGAGATGAGGTCTTGCTATGTTGACCAGGC,"[[62818749, ""G"", [""A""]]]",yes,no,G->A,1
chrX,101041330,101041614,TCATAGCTCAACCTCCAGAGTGGTGTCACAACATCAGCCAGCCTTGAATAAAATAATTCAGGCAATTCTTTAATTATATAAATATGTACTGAGTGCCTACTATGCATAAGTACTTTCAGAAGACCTAACTCTCATGCTCTCTAGGGAGATGGAGTCTGGGAGAAGAGCCCATTTTGATGTTGTCTACTTAACAAAGCAGAACAGATGAGGCAAACCTAATATAAGAAAAATCCAGATTTATCAGGAGGTAATTAATCATATTACAAAAGGCTTCACTGTTGGGTT,N,no,no,N,0
chr17,31555455,31555666,ATCAAGTTGGGAGAAATCACAGAGAAAAAAATCACGTCCCAATTTTGCTGATGAGGAAACTGAACTTCAGAGGCAGGAAATAACTCTCAGAAGGTTGCAGAGAAGGTGAGGAATCGAAACAGGCCATAAGCAGTGACAAGTCTGGTAATGCCAGAGTAGTTTTTCTGCAGTAAAGATTTCCCTTCCTGCTTGCCTTTCCCCTGATTCTGGGG,N,no,no,N,0
chrX,71212604,71212905,TAGAACTATAAGCACCACAAAGAAATCCTGCCAGAACTCCAAGGAACAATGAGTACACACTAATATTAACCTGTAGTTTCCCTTCCTAGGAACTCCGCTATATATAGGAGCTCTCTCTTCTGGTCAAACAGGTCTGCCTACCGTTCCCCAAACACAGCTCACAGCTTCCTGTCACCTGAAATGTTTGTCCCTCCATCTCCTTTATGACCCACGTCCAACTCTGCCTTTCTGTTAAACCTACCCTTTTCTTCTGCGTCTGAACTTCTGGCATCTCATATCTGCATATGGCATTTAGGAGAAAC,N,no,no,N,0
chr18,65724066,65724539,TCTCAATACGTTGCCATTTTTTACAGGGCATGGGAAATGTCTTTCCACTAGTTAGAACCATGACAGAAGTTAAGAGTACAAGGAATCACTTGGAAGCATGTATAAATGATTAGTTGAATGCACACAATATTAGAGCAAAATATTTAAAGTTGTATTTAAAAGGAAACAGCATATCTTCTGGTAAGACTAGGAAATCATCAAAGTGTTCATGTCGTCAGAGGATTTGGCAGGCTAGCAAGTGAGAGGCTTATATTCATCCACCTCTGGGGGAGAATTTCACATCTTGTAGACCTCCTGCTGGTATCCTTGACAGTTAACCAGCAAGTTTCTTTCTTTATTTTTTCAGTTTGCTGATGTGGTTTCAATGGTGGCATTGTTTTTATACTAATATTACTATTTAGAATCTGAAAAATATTTTTATAAAATTATTCAGTTTGTTTAGGAATAATTTCTAAATTTAGATAGTGTGATGGG,"[[65724084, ""C"", [""T""]], [65724117, ""A"", [""T""]], [65724350, ""C"", [""T""]], [65724477, ""C"", [""A""]]]",yes,yes,C->A,4
chr2,160937988,160938317,AGAGGCAATCTAGGACCAGAGGGGGTATGTGAGTGGTTCAGACAACAGTGGGATCACAGATGAAGAGAGGAGTGAGAAAAACTCAAGAAGCAACTGTGTATGGGAATGTGTGAGGCTGTTTTTGCATTGCTATAAAGAAATATCTGAGGCTGGGCATGATGGCTCATGCCTGGAATCCCAGCAATTTGGGAGGCCAAGGTAGGCAGATCACTTGAGGTCAGGAGTTTGGGACCAGCCTGGCCAACATGGCAAAACCCCATCTCTACTAAAAATACAAAAATTAGCCGGGTGTGGTGGTGTGCACCTGTAATCCCCGCTACTCAGGGGGCT,"[[160937989, ""A"", [""G""]]]",yes,no,A->G,1
chr5,32074475,32074748,GGTAAGCCCCCACTGCAAGAGATCCGAGGCTGAGGCCAAGCCCAGTGGCTCACAGACAGTGAACCTGACTGGCAGAACCAATGATCCATGCGATCTGGACTCGAGAGTCCAGGCCACTTCTGTCAAAGTGACTGTCGCTGGCTTTCAGCCAGGTGGAGCTGTGGGGAAGGTAACTGACTTTCTCTTAGTTACTTGGAATGGAAGTGCATGAATATGTGTGAGTGAAGATGGAGTCTGTTGTAAAGCATGGGTAAGCTGCCAGTGGGAAAGGATG,"[[32074551, ""G"", [""A""]], [32074639, ""A"", [""G""]]]",yes,yes,G->A,2
chr4,42770513,42770885,ACTGTGTCAACAATGAAATCAAGATGGAAATTAAAAAATTCTTTGAACTGAATGGTAATAGTGACAAAACCTATCAAAACCTATGTGATACAGCAAAGGCAGTGCTAAAAGAAGAGTTCATAGCATTAAATGCCTATGTCAAAAGGTCTGAAAAAGCACAAATAGACAATCTAAGGTCACACCTCAAGGAACTAGAGAAGCAAGAACAAACCAAACCGAAACCCAGCAGAAGGAAAGAAATAACCAAGATCAGAGCAGAACTGCATGAAACTGAAACAAACAAACAAAAAATATAAAAGATAAATGAAAAAAATTGGTTATTTGAAAAGATGAACAAAATGGATAGACCATTAATGAGATTAACCAAGTAAAT,"[[42770626, ""A"", [""G""]]]",yes,no,A->G,1
chr1,80064565,80064880,AATGAGAATGACCCTTGATGTCAGGCACTTTGCTAAATATTAGAGATAAAATAAAAGGGTACTATCTCTGACCTCAGGAGTCTTTAAAGATCATTGAGAGATGCATATAAGCAGGGTAGCACAAGTGAGTGTGAATCACTGGAGTGAGTTAGAGTGAGTCAGGCAACCTGTGTTTGAATACCAGCTCTATTACTTTTCAGCTCCATGACCTTGGGCGTTACTTACCCCTTTCCAAGCTTTGTTTTCCATACCTGTAAAATGGAAAGATTAATAGTTCAGATGTTTGAAGGTTAATTTAAAGCAGTAAATGGGAAAC,N,no,no,N,0
chr2,36348772,36349104,AGCCAGTTTGGTGAATGAAGATAATCTGCTTCACTTATTATACGTTGGGCCAGATAGGACAAACAATGTGTCTTATTTCTCAAGGGACTACACAAGGCAATTCCAAAACAAACATTACACAAATGTGTATGTCAATGATGTCATTGTTGAAATAAATTGACCTGTATTTCTTAACACAGATGCCACACAGATTTGGGGAAGAATTTCTACAATTTGGATGTATGACTCTTCAGGTTATTGAAAGCACATAGTAGAATAGGCAGTGGGGTAGAAAGAGAAGACAGAGAGGTGGGTAGCATTGCAACAGATGGAAATTCCTCCTCTTCACTATAA,"[[36348821, ""T"", [""C""]]]",yes,no,T->C,1
chr20,56322711,56323031,GATCAGCTCCGTTTCAGGAGAAACGAGAAGGAGGCAGGAGGACTCTGCAGCTTACCACGAGGTGATTCTGGCTCCAGGCACCACTGGGGCTGGGAAAAGGCCTTGAAGTTCAAGCCATGTTGATTTCTGCAAAACTTGCCAAGTGCATTTTTCCAAGTGTTTGGCTGTGGTAACATCTGGATTTGATCTGAAATGAGGGCTGTCTTCTCTCACCCTGGGATGCAAAACCAATTCCAGTCTAAACCACAGTATTTAACATTTTAAATGAAAGTTGCTGGAACAGGAGTAAGCCACACCACTTTTGTCGTTACAAAAGGCTGG,"[[56322871, ""A"", [""T""]], [56323009, ""T"", [""C""]]]",yes,yes,A->T,2
chr8,129136215,129136490,GCTAAGATTTTCCATATGTCCTTACCCATAAGGGATATGAGGAAAACAAACACAATCTAAGGAAAACTTCAGCGCATTAACTCTGCACCTGATTGGGAAACATACAGAGTTTTTAGATTCCTTTCAAATGAGACTCAGTGGCTAACAGCCAGAAAAATAAAATGTTAAGCAGACATAAGATGGAGAAGACAGATCTGGAAAACTCTGGGGTAAAAAAAATGTTTAAAATAAGAATTGGGAACAGCATCTGAGGAAAAGATGAGACACACGTATAAA,N,no,no,N,0
chr21,17861943,17862257,CACTATTTATGTCAGTCGGCTTTTTTCTGATTTCCTTAGTACTTGATTAAAGTGGATATGGTGAAAGACATTAACACATGGACTTTTTCTAAAAAATCTGACCTTGTGTACTTTCCAGAAACAGCAATTAACCCTGAGCTTGTAATACAATACCATGCCCTAGGGAGGGCAGCGAGACTTCTATCAAGGAGGAGGCTATGACACTTTAGATTTTAATTTGCCTTTCTTCCTAATTTTGCTTCAGTACCACTATACATGGAATGACTATTTTATACACAGTTATGATATTCCACCCAGCCTTTCTCTGATCAAGGA,"[[17862007, ""C"", [""A""]]]",yes,no,C->A,1
chr3,185455550,185455757,TATGATATATATGAGATATATATGACATATATATGATATATATGAGATATATATATCATATATATGAGATATATGATATATATATGATATATATGAGATATATATATGATATATATATGATATATATATGAGATATATATATGATATATATATGAGATATATATGAGATATATATGATATATATATGAGATATATATATGATATATAT,N,no,no,N,0
chr2,31140160,31140566,AGAGAACTCACCTCTGTAGCATCCCAAGCACCTTGGACCTCTTTCAGGAGCCTCACCCGGGACCTGCAGTTTCGGGCCTGCAAAGCGTTCTGCTGCAGGCTCTGCAGGGGACCCCCAGGCAAGCTGCTGAGCTGCTGTTGGCTCCAGGCAGAAGCTGCAGCACAGGAGTCCATTGCTCAGCGCTTTGTAATGCCGCTTCTGAGTAACAGATGGCAGACAGTTACACAAGAACACCGCCAAGCTTTTGAGATGGTGCAGCACCACCACGCTGCTCACCACACTGCTGAGATGCTGAGGTGCCTCATTCTGACTGTTTGGCATATGGGGAAACTGAGGCCCTGGGGTGAAGGCAGCTCCGTGCAGGGACTGCAATGTCTCAGAGAGTGGGAATTTCCTTCCAGGAATGA,"[[31140176, ""C"", [""T""]]]",yes,no,C->T,1
chr14,86274057,86274392,TCCAATTCTGATAGGTGAAGTATCTGTGAGTCAGCTTTGTTATGGGACACATTTTTTGGCTTCTTCTCTTGTCTTGAATTGTTTTTGTGATTGTATTCCAGATATTGTGAATTAAAAAACAACGGCAATTAAAGTACGGCCTTTTTGCTTTGTTGTGGTTTTCCCCAGAGAGCTCAAGCCTTTCTCTCAACCTGTTAATTATGGTGAGAAGCCAATCATTCAGAAGCTTCCTAAAGCTGAGTCAATCTCATGCTACAACACCACTTTTATTAAACTGATCTGAAATGTGATTAGTTCTACACCTAACCTCTATTCCGATGACCATCTTTTGGAGTT,"[[86274145, ""T"", [""G""]]]",yes,no,T->G,1
chr12,91043351,91043780,AAAAAGTTATGCAAAATATGAATGAATTATTCATGATAGACTGTTATGATGTAATGACATATACTACAAAACTCAGTGGCTTAATACCCCCCCTCCAACAAAAGTTAATTTCTCTCATGTGGTACACGTTCTTGTATCAGTCAGCAGAGCAGGTCTGCCTTATGTAATCTCTCAGGCAGCCAGACTAATAGAATGGCAGACCTTCTGCCATCTGTCACCTGAAACGTGCAGACTTTCCCTCTCTCCACAACAGTGGAAAGGAAAAGAGAGTTGCACCTGAGCAATGCAATTCTTTGACCCGGAAGTAATATCTGTCACTTCCAGTTACTGCACAGTGACCAGAAATATTCTTATGGTTTCTTTGTTTTCTTTCATGAAGATGAGAAAGTTTAATTCCACGATGTGTCCTGAAAGAGAGAAATATGGTCTG,"[[91043357, ""A"", [""T""]], [91043422, ""T"", [""C""]]]",yes,yes,T->C,2
chr2,33910848,33911212,ACAGAGCAAGACCCTATCTCAAAATAAAATAAAATAAAATTTAATTTCTTCCAGTTAGCAGAATTTGAAGACTCTAATGGGAGCAGATCTGAATCTGAACCTGGGAAATATTTGTTGCGGGCTTGCGTAGTAGCTGTGAGCCAGACTTACTCACCAGGGAATTCCCAGACGGGAAGCTGTGCTGCCTCCACCTGTGGGCACTCCTCCTCTCTGTGCTCTGATGATACCTGTTATAGGACAGCTGGTGTGGTTTGGGGACATCTGAAACTGTTAAAGTCACATGCTCCCACAGAGCAGCTGGTGGCTGTAAGCGTCATCCATGGTGGAAGCAGGGAACGTAATAAATATATATATAGTAAAAAATA,"[[33910921, ""A"", [""C""]]]",yes,no,A->C,1
chr12,29053603,29053864,AAAATATAAAGTGTTTCTGTAACATAATAGTAAAAAGACAAACCATTCAATTTTTAAGTGAGTCTACCTTGAGTAGAAACTTCAATTTAAAGAGATGTACAAATGGCCAATAGGCACATGGAAAATGTTCTACGTCATCAATCACCAGGGAAATAATTACAAAATGGCTAAAATCCAGAGCCTTGTACCTGAGTATTTACAGTAGCTTCAATCATAATAGCCCTAACCTGGAAACAGTCCAACTGTCCAGCATCAGGATAAA,"[[29053783, ""A"", [""C""]], [29053805, ""C"", [""T""]]]",yes,yes,A->C,2
chr5,53073315,53073782,GTCTTCTCTATGTCCTCTGAGTTGTTTAAAGAAGCACCTTAACCCTCAACTTGATCAATCTGAACTTTGTGGCTTCCGACTAGTTAAACTGCATGAGAACATAGTCTGGCTCTATATCTAGATTCTGCTTGACAGCTTGGGTCAGTTTTTCCCTTATCCTGAGACTTGGCAGCAGTAGCCAGACACTCCCATAACTCTTCTTGAGCTATCAGTGTGATGAGGCTGCTGCATTCTGCACAGATGTGGTGCACTTGCTCTGAGACATTTGAGTCCCAAAGCTTAGCCTGAGCTTTGCAACTATGGTTGTTGCTGCTGCCAAGATGATGCACGCCAGCAAAGCCAACTAATCACATTGACTTGATCATTATACCAGGAGCACACTTGACTGTGAGTGCTCCCTGGTCCCTCCTCTACCACCAAATTATGAAGAAAAAAGGGAGAGAAGGAAAAGCTGAGATTTTCCAAATG,"[[53073365, ""A"", [""T""]]]",yes,no,A->T,1
chr3,96657722,96658060,AGCTGACCATTAGAAACTGGGTCCACCCAACATGGCGATTCCCACCCTTGTCCTCTTGCCCTTGCCCCAGCATGTGCCTGACAACATGGCCACGCCCACATATCCCCAAGTGTGTGTAGAACATTATGGCGCCCTGCATTTGCATATTAAAGGACTGTGGGAGGGCCAGTTTTTTCACAGCCAACGTGAATGACATGCCAGGTGAAACCAATCCCCTGAACCATGGAACTTGAAATCAGACACCGCCTCTTCCAGCCATCACGTAAAACTGGCTGGTATCCTCCAAATGCAGAGTCTCCTCTTTCCTCTTTGGAGCCCCCTCTCTCTGTGTCTGTACCG,"[[96657925, ""C"", [""G""]]]",yes,no,C->G,1
chr2,219378234,219378640,CCTAGGTATTCCTGTATCATCACTGAGCTGGGCCTCTCCCCTAACCCTCTCCTGCTCTCATCCTGGCTCTACCATCCTGCCTTTCTCTCCTCCTAAAAGACGAGCTCATTCCTGGCCCCCCTTGGGGCCTTTCTACTTGTGCCCTCTAGCTGGGACCCTCCCATAGCTGCCTATTTCTCAGTGGTTAGGTCTCAGCTCAAATATCACGTCCTCAGAGAAGGCTTCCTGGGGGCAGAACAATTCAGCTTTCCGAAAGGAAGAGTGAACACTGTGCAGCAGAAAGAGCCCTGGGCTGGGAGTCAGGATACCACGGTTCTACACCTGCTATGATTGTCACTGGACCGCCCATGCCTGAGTCCCTGATATAGAGAGGTAGACAGATAAATATAGAAATAGACAGTCATGCA,"[[219378381, ""G"", [""A""]]]",yes,no,G->A,1
chr20,21709307,21709633,CGGGCGGCGGCTACCTCGCCCCGGGCCCGCCGTGGCCGCCTGCGCAAGGTCCTCCTCTGGCGCCCCCCGGGGCCGGCGTAGCTGTGCATGGCGGGGAACTCGCGGCAGCAATGACCTTCAAGCATCCCAGCCGAGAAGGTGAGGAGCGCAGGGAGTGGGGCGGGTGGATGCTGGAAGGGTTAGGAAGGGTACTGGGGAGCGGGTGTGAGCCTGGGAAAAGGGAGAGCGGGTGGGGAAGAGGTGGGTCCTGGGCATGAACCCTTCTTCTGGGTTAACCTTTGAGCATGTAGCTTCTTGGAGCAGATTAGTTCTGACAGGTGTCCCTAT,N,no,no,N,0
chr8,24933382,24933604,TAAAAATGGGAGTTTCCCTGCACAAGCTCTCTCTTTGCCTGCTGCCATCCATGTAAGATGTGACTTGCTCCTCCTTGCTTTCTGCCATGATTGTGAGGCCTCCCCAGCCATGTGGAACTGTAAGTCCATTAAACCTCTTTCTTTTGTAAATTGCCTAGTCTCAGGTATGTCTTTATCAGCTGCATGAAAACAGACTGATACATACATCATCCTGTTCAAATCT,"[[24933562, ""C"", [""T""]]]",yes,no,C->T,1
chr1,202249764,202250164,CCTTACTTCCTGGTGGCCACCATTGTCTGCCCGCCATCATCACTTGCCTGGGCTGCTGTAACAGCCTCCTTACAGGCCCCCAGCTTCTACTCTGGACTTACCCCAGTCTTTTCTCCACATTGCAGCCAGATGGATCTTAAGACACGAATGTGATCATGTCACTCCCCTGCTTAAAATTCTCAGTTGGCTCCCAATTATCCTGAAGACAAAGCCCAAACTCCTTGGCTAATGTACAAGGCAACCCACAACCTGGCTCCTGCCCATCTCTCACCACTTCCCCTCCCACTCTATGCTGTAGCCAGACTGAGTAACTTGCAGTTCTCTTGGGCGTGCAGCCTGTGCTCCTGTGCTTTGCTGTTCCCTCTGCCTGATATACTTGCTCCTAGTTCTCCTTCTCACCA,"[[202249877, ""C"", [""T""]]]",yes,no,C->T,1
chr11,110146309,110146709,CAGGCTAAAACAAGAAGGATGAACAGAAACTGCAGAATTCATGGCTCTAGTCTCCACAAGACAGAGCAGGAAAAGATTAAGGCAGGAAAAACAAGCAAACAGATCAGGTTGTCCCATTTCCAGCACTGAGGCTCTCCCATTATGTCACTTTTGCTCCTAGTTGCAGCGTTATTTCCTGTCTGATTTCCCGAGGGGAGAAATCTCTGGAGGGGGTAGTAAAGCTTCATAGTTGGGTTGCATCTCTTGCATCTTCCTCAGTCTCTTCCAGCATCCCTTTTTCCAATGTCCTAGCTTCCTATAGTAGTGACCTATTGACTTTTCATTAGAGGATCTTCTCTTATTTGTTGGTAGTCCCAGAAAGGGGTTTGCTCCCCTTGTGAACAATTCCAACTGGGAAGGTA,"[[110146325, ""A"", [""G""]]]",yes,no,A->G,1
chr12,97279903,97280228,CAGGAATTGCAAGGAGTGGGTGGTTATATGCAGACTGTGCGGAAGGAAAAGACAAGAAAAGAGACACCAGTGGCTTGAGGCTGTTATTGCAGACTCCTCTTGTGACATTTCTCTATTTGCCAACACTCTCTTGTTTAATCTCCCCCATCTGTTAAGTAGTGAAAACTCAGCTCTTTCCCATATCAGCCCTCTAGCCTAAACATCACCTTTTCCCACTCTGTTTGCTATCCCAGGGACTACTTAGGAAAATAAAGCCAGACAAGGTGTTAAATATTTCTTGGCTCAACCAGGCAGAAATAGGGACTCTTTCGTAGTCTAAGGCTCTT,"[[97280148, ""T"", [""A""]]]",yes,no,T->A,1
chr5,160979428,160979709,TCCAAAGAGCAGCAGTGTTAATATATAGAAAAAAAACCCTGAAACATGAAAGCTTGCTATCAATTTCACATCCATAACCCAGCCAGAGCACTCTCCTCTAGCCGTCTCATTTTCACTGAAACAGGCATGCATGCCAGTAGGTTTTGTGGTCCCAGATGCCCTCATCGGACCCACAGATGGGAGGGTGGAAGAAGCAGACCAACTCAGGCAAAGGTTCTGAGCTTCAAATGTTTACTTTGTACCAGGCTTTCTCTGTCCCCAGTGCAGGTGACACAACAGAGA,"[[160979447, ""T"", [""A""]]]",yes,no,T->A,1
chr17,20045524,20045870,CATCTCAGATGACATAAGGTTCTTGTTATACTCTCTAAGTGCCCTGAGTTTCTCTCTCACATATGGTGGCTGTAATCAGTGGGCATTACAGGTGCCTTTGAGATGGTGTGACCCTTCCAGGGACATCTGTATCCCACAGAATGTCTAAGTTGGTACATCCTAGCTCTCAGCACGTTCCTCCTACTGAGCCCAGACTTGGCAGGGTTGGCCAGGTGTGTGCTTATAGTTTGTGGTTTGAGACTGTGGCAGTTTTTCCTGCTTTATCTGAGATGATGCTTTTCTACCCTGTTTATCAGTAGTGTTTTTTGGGCTGGGGGAGGTCACAGGTGAGGTGATGCAAAATAACT,N,no,no,N,0
chr4,33628361,33628629,TTCTTATATTTTCTGGAGCCATTTTATTCACTGCCAGTGCATCTGATTGGACTGCAAAACATGAAATGTGTGGCTTCAAAACACAGCTGGAGCCAATGTCATTCTTTAGCCACCTGGCATGAGCCATCATTGTAGAAAGCAGCTGACTTCTGTTTTGATAGAGTAAGCATTCCAATGTGTGCTGCTTGTAATTCACTCACCATCCAACAAACAAATTAGTTTAGAAAAGAAATATATCAGCCATTGAGAGGAATGAGATTGATTGATAA,"[[33628473, ""G"", [""C""]]]",yes,no,G->C,1
chr5,30464879,30465106,GACAATGTATTCAAAATATTTGTCTTAAGGAAGTTTAATGAGTTGCAAGAGAATATAGATAGGCAACTATACAAAATCAGGAAAACAATACATGAAGAAAATTGGTATTTCAACAAAGATAAACCATAACAAAGAATGAAAAAATCTATGAAGCTGAATAATACAATAACTGAAATGAAAAATTTAATAGAGAGCTTCAATAGTATACTTGATCAAGCAGAAGAAAGA,"[[30464884, ""C"", [""T""]]]",yes,no,C->T,1
chr5,82327842,82328283,CATCCTGTGCATAGTAGGATATTTATCAGCATCCTTGACCTCTACCACTAGATACCCAATACCTAGGAGCATCCCCTCCTCCAGTTGTGATGAACAAAAATGTTCTCAGGCACTGCAAATGTCCTCTGGGAGACAAAAACCACTCCCAGTTGGGAACCACTGACATAAGTCCTTTGCCTGTGGATTCACAGCTGTGAGGACCCTAAAGTGGCTATGTGGCAGTCTCAACTTCCAGTTGAATGGAATTGTTGTTTTGTCTCTTGGTGGAAGCATTCCTCTTTCTTTGTAACTAAGAAATCAAAACCAGCCAAGCCAAAAGTTGCAAGTATGGGAAGCAAAACCTTTGCTAGTGAATCATCAGGGTATTAGTGAGAGGGTTACTTCTATTTCCATCCCTTAAGTCTCAGATTCATGAAGCCTGGTTATGGGAGTCAGGTTGCTA,"[[82327867, ""G"", [""T""]]]",yes,no,G->T,1
chr14,65038984,65039445,AAAAGTTTTCTTTTGCTCCCTGTCTTATTTCCTCCAATTTATTTTTGTTTGTTTTGGTCTCCTCTTTCATAGTAGAGACTGTGGTCAAATGTCTGGTACTCTACAGCTGTCTGTTCATATTTAAGGATCCAGCACTGAAAAGCTGCTGGGGAGCTCTGCGAGAGTGGGCAGGATCAAGCCATTCATTGGGGAATTCTCAAAGCAGTGTCTGTAGGGTTTTTCCCTTGGGCTTATCAGTTCCCTCAGAGAGAAATCTTCTAAATTCCTGCTTGGGGTATGAAACTGGCAGCCTTGTGTGAAATACACAGAGGAATGGGGCTGGGGGTATTGTGTTGAGATTACTGACTCTCACGTAATCACATTTGGTATAGTGCTCCCTCCTCCTCTTAGCTTGTTGGATATTCTGGAACTCAGATCCTTTTGATTAAACCTCTGAAACTTCCCATCTTCTGCTGGATTTGA,"[[65039234, ""G"", [""A""]], [65039352, ""C"", [""T""]]]",yes,yes,C->T,2
chr6,95547253,95547561,CCAGAGTCCATGTCCTCAATTTCTTCAATAGTTCTTGTAATAAGAAGCACGTTTTAATGAAAATAGTGACAATTGAGATGAAGACAATTGACAAATTCAACCAGTTCTAAGAATACAGATTCAATATGATTTTGTGATTGAGGCAGTTGCTGAAGGAGATGGAAAAATCAATAGTAACATTGATTAAGCACCTGGCTTGAGTAAGTGATTGGTGGTGTCATTTAGTGAAATACTAAATACAGAAAAATGACCAGGGTTGGCAGATCAGGAATTTAGATGGACTTGAACACACTGCATTTCGTACCTGCA,"[[95547266, ""T"", [""C""]]]",yes,no,T->C,1
chr2,5652789,5653202,TAGTATTTTAAGAAAATGACTGATTCCCTACATCAAAAGAAAGCCAACGGGAAGTTCCTAAATCTATAGAGGGTACACAAACATAAAACTACACTTGAACATGTCATGGTGAGTTGGACAAACCAAAAACAATAGTAAAACCAAAGAACAACCACGAACATGCATAAATCCACAAGGTAGTGAATAAAACAGCTTACTTTCAAGGCAGCAGAATGGCATTGACCACTAACTACTCAACAGAAATGATGAAAGATGGATGCCAGAAGAATGAGATCACCAAAGTGCTAATAAAAAATAATTGCCAACCTAGAATTTCTAGGACCCACTTTTTAAGAGTAGGATGAAATGCAGACATTCTTGGGCAAACAAAAAAAGAGAGTTTATCTGCAGCATATCCTCAGAAAAGGATGTAAT,"[[5652791, ""A"", [""G""]], [5652802, ""T"", [""A""]]]",yes,yes,T->A,2
chr15,86238941,86239172,TTTCTCTTCATAGGTGCAGCCTTGCAACCTAAGGTCCTTCATTAGACATTGTATGTGCTGAGGGTGGGGGAAGAGCAGAGATGTGTGAGGAAGAGAAAGGTGTGGATTCTGAGGCTTTACTGAAAGTAGAGAAATTCCTGTGGTTTGGGACTAGTTCTGTGGCAAGTTATTAGAAGGAGTTGAGGATTTATAAAAAGATAGATTCATCTAGATTTAAAACAGTGGTCTGAAG,"[[86238961, ""A"", [""C""]]]",yes,no,A->C,1
chr8,141771581,141771906,GGCTCACTTGTTTGGTTTTTGTCCTCTCTGGAAACTGTTCAGATGCTCTCTTTGTTCTCTGCATTCTGAGACATCGTAGCGCCGCCGTTCCTTGCTGTGGGCTGGTTTTCTTCCTGGGAGCTGTGATCTCTGGCCCAGTGACTCGGAAGTTGCATGCCTGCTTTAGCTGGCTAGGGCCGCCATGGCAAAGTGCCACAGACTGGGGCCTCAACAACAGAAATGAATGAATAATCTCACAGCTCTGGAGTCTGGAATTCCCAGACCCAGGCGTTGGCAGGGCCGCTTCCTCCTGAGTCCCCTCTCCTTGGCTTGTAGATGGCGTCTTC,"[[141771589, ""G"", [""T""]], [141771835, ""G"", [""T""]]]",yes,yes,G->T,2
chr7,105409034,105409367,TCTGTCGCCCAGGTTGGAGCAACCTCCACCTCCTGGGTTCAAGTGATTCTCCTGCCTCAGCCTACCTAGCAGCTGGGATTACAGGCGTGTGCCAACACACCCAGCTAAAAATAAATTTATTTTTGAATCTCTGGTGTGTAAGGCATATTTTGTGACTCATCACTCATGGACTTATAGCAAATGGATGTCTCTTTTCATGCGGTATTTGTTACCGGAGAGGAAGTAAACATGCTGTGAAGTCTTCATGCAAAGTGATAGAGGTTCTTTCTATGTCTGACTTCTCAGACATTTCTTCAGTTCTCATGCTCTCCCTCTCTTTTCTCTTTCCTGTATA,N,no,no,N,0
chr4,16407851,16408163,TGAGGAGGCAGTCTGCCCATTCTCAGATCTCCAGCTGCATGCTGGGAGAACCACTGCTCTCTTCAAGGCTGTGAGACAGGGACATTTAAGTCTGCAGAGGTTACTGCTGTCTTTTTGTTTGTCTGTGCCCTGCCCCTAGAGGTGGAGCCTACAGAGGCAGGCAGGCCTCCTTGAGCTGTGGTGGGCTCCACTCAGTTCGAGCTTCCCAGCTGCTTTGTTTACCTAATCAAGCCTGGGCAATGGCAGGCGCCCCTCCTCCAGCCTCGCTGCCACCTTGCAGTGTGATCTCAGACTGCTGTGCTAGCAATCAGCG,"[[16407889, ""G"", [""A""]]]",yes,no,G->A,1
chr17,28616274,28616710,TTTATCCCTAGAATGGACTTAGAAGAAACCGAAGAAATCCCAAGCCACACCAAACAGGACCTCAAGACTCTCCCATTTTTCTATCATCAGGGGCATGTTTGGTACCTCTGGCGATTTGCGAAATGACCTTCTGACCCCAGAACTCCGAGTCAAACCCTGTGCCACACCCTTCCCAGGGCCCAGTGGTACTGCATCATCTGTTGCAATCAGCTGCCGAGGCTTCACCACTGGTATTCCTATGAAAAAGCAAGTGTACCAGCTGTCATCCATCCTCGTTCTGAAGTCTCAGCTGTCTTTGGGGTTGCTACCCTATTCTTCTGGGGCTCCACCATAAAAGTTCTCACCAGTAGTCACCAGTTTGGACTTATCCTCTTCATCACCAACTTCATCATCTTCCACACTTCGGCCAGGAAAGAAAAAGCCCATCATTCTGTGGA,"[[28616297, ""G"", [""A""]]]",yes,no,G->A,1
chr7,135348341,135348833,TGCCATTGAAAGTAAATGGCAAAAATTGCAATTACTTTTGCACCAACCTAATACATTTGGATACACTGCCAGATACCACAAAGGAGCATCTTCTTCCGAAATGAAAAGCGGGGATAACAGTTGTATCACAACATCTGGTTAAGATTAGTAGCTCTTTAAGTGTCAAAGATAATCAGGGTAATTATTCAAAGTTGTCATCTTGATAGTCTGAGGCAATCAAACTCAAAGCATTGCCTTTCCCCAGGAGGGTTGTTCAGCATAATTCAAACCTGGAAGCCACTTGAACTGAAGGTCTTCTTGATGGGAAATTGTGGGTACTGCTCCCAGGAGGAGGGAAGTCCAGAGTGCAATGTGGCCTGGGGGAGGGTGGGGGATACCTAGATGCACCTCCATTGACACTAAAGAAATCCATGTGGCTAACAGCTTATGCCAAAATCCCCAGCCACCAGTGTAAAGTATGGCAGCAGTATTTCATGAGAAGAAAACATTTTGC,"[[135348405, ""T"", [""A""]]]",yes,no,T->A,1
chr1,184014245,184014730,ATTGAGAAATGAGTAAGCCAAAGGGAAGATAGCAAGGTAAGAAGAAAATTAGGAAGGTGGAACCATGGATCTGAGCGAAGGCACTGTTATAAAAAAGGAAACTGGTCCACATGATTGAATGCAGCAGAAAGGGGACTGAAGAGAAAGTGAAGTCAAAGTGACACTGGATTTAATGAGGGGGATTACTCATTAAATGGTGATATTGGCAAGGAAACTTTCAGTGGAGTGGTGAGTGTGGAAACTTGATTATGGAAACCAGATGAGAAATGAATGCAAGTGAGAATGCTAAACTGGCAAATGTCGACCATTCTCTCAAGAAGTTTGACTCTAAGTCCTTGAGGGCTGGCACTGTGCCTCATTCTCTGTTGTATCCTGAGGTATAATATCAACAAGTAATAAATAAATATCTGTTGAATTAATTCTAAACAAGGGAAGAAGATGAGGCAAAGGCTACTGGGAGGATGGGTCAAGGAAAAGGATGAGATT,"[[184014274, ""C"", [""T""]], [184014446, ""C"", [""A""]], [184014584, ""A"", [""G""]]]",yes,yes,C->A,3
chr9,116383986,116384259,CTTTTTATTTTGGTGTATTTTATTCTGTGAATTTTGTTAAGTAAGTGTGAGGGTATTTTTGTCGTCTGTGTATATATCACTGCCTTTCTAGCTTGCAATCTTGTTTTGCTTAGTTTTGTTTACTTAGCACAGGAAATCTTAGACACAAGAATTACTTGCGCTGAGCACAGTGGCTCACGGTTGTAACTCCAGCACTTTGGGAGGCCAAGATGGGTGAATCACTTGGGACCAGGAGTTGGAGACCAGCCAGAGCAACACAGGCAGACCCTTGTCT,N,no,no,N,0
chr2,182554970,182555237,GTGTAAACAGAGAAATAGTTGAAATATTGAATCTATAAAGCCCTGTCAGTAATATCTGTCTCATAATACTCATATAAACTAAAGAGATGTGAACAAACGTAATCTGTTACCTGACATCACTCCTGGGCAATGACTCAAATGGCAAATTTAATTACAGTAGCACTCACAGTAAACATTCCCTGACTTCAGAGCTTTCTGTTGACAGAGGCACTCTAGACAATAAACAGAATCTTAACCAAAAAAGGATTTTATGAAGCTTTTCTTAAAT,N,no,no,N,0
chr7,13633911,13634267,TGCAACACTATAGACAAAAGCATTTTTACGTAAACACTCTACTTTAATTGATAACATTGTTTCCCTTTCAGATAAGGTTTAATAATTGTAGAACCACTATGCACGTATACCAGAATTAAGCAATGAAGCAAATGGTTGTCAGAGGGCATGAGTCAGGTTTCTTACTGTTGGAGTGGGAATTTATAGATAAACAAGAAGAGGACACCAGGAAGAACCATGTGGTAATGGATTAGAGTTGGAGACATAAGTATGGACTTATGTGTAGTTCGATATAGACACAAAGACAGATGGTTACATCTAGAAATAATTATTGATATGTGCATATCTGTGGGTTAGCATATATACATATATTTAATA,"[[13634102, ""T"", [""C""]]]",yes,no,T->C,1
chr22,17289074,17289326,AGGAAGAAAGAACAAAGACACATATCATGGATGTCCCATGGAGGAAAGCTGAGGGAGTTGATACCTGACAGCCTCTACTCTGCGTGAAGTTGAAGTTTAAAGATTCAGGGAGTCTAGTTCCAGCCCTACCAGTAACTGTGTGGCCTCAGGCTATTCATGGAATCAATCTCCCCAGGCCTCAGAGTGCTCTGAAAACAACCTCATCTATCCTGGTAATGCAACAATCTGGTTTATAGACACTTCTTCGTTTCCA,"[[17289212, ""C"", [""T""]], [17289291, ""T"", [""G""]]]",yes,yes,T->G,2
chr14,51360228,51360445,TCTTTCTTAAAATCCTGTGGAGCAGGGTGAGGAATCCTCCACTAGTCCTAGCCTGTGTCTCTCTTGTCCTTCTATCTTCTGCTCCTCATTCTGTATTTAAATATCCCCAGGGAGAAATCTGAAAAGACAGGGAAGGAAAGATCCCAGCTGGGCACTCAGAATCTATTTAGAGATGAGAGAGAGGGAAAGGGACTTTTCTTGAATCCACAGCACCTAGA,"[[51360331, ""C"", [""T""]]]",yes,no,C->T,1
chr9,118395356,118395774,TACCCTCAGTGTCTGCAACAATGCGTGGCTAACAGCAGGCATCACTGAATGTCTGTGGGATTAAAAAAAAAAAAGAATGAATGTTGGTTAAGCAGGCAGCGGTTTGAAACCTGTGTTAGCTTTTCAGAGTTGGGAAATTAACATAAATGTGCCAAACCTCAGTTTTCTTATGTGGGAACTGCTGAGTCATAAATGAAAGAAGTGAGATATAAAGGAGGTGGCATATATAGGCATTCAATATTGCTAGTTCCTTTCCTTATTCCCCTCACCTTGAATTGTGATGACTAAAGCAGAAACTGCATTAAGTAAGTCTAAGTGGCATTATTGACCATGAGGAAATAGAAAACAGTATCTAAGAAGTACTGAGCCAAACATTGCGTGTGTGTGTCTGTGTCTGTCTGTGTGTGTGTATGTGTGTC,"[[118395524, ""C"", [""T""]]]",yes,no,C->T,1
chr8,56907622,56907878,ATATCCGTACTTTTATTTCTAGGATTCTTCAAATAATATTTTCCTAACTCTCTTTGCTCTTGTGTTTCCTTCCAGAGTCTCTAGCCATGAAATCATGCCAGCCTTTTTATGAACTCTTGAACAATCTGTTATCCTAAAGTCTAGAGTGCATGTCTGACCATGCCTACTGTTTCCTTTCTTCACTGTTACGGATTCCAACATGACTTGATTTCTCACAAGTTTAGTATAACCTTTACTCTAACAGTAAGCTCTTTCTC,"[[56907628, ""A"", [""G""]]]",yes,no,A->G,1
chr2,225770407,225770688,CCCAAATCTCTTCTTGTAGCTCCCATAATTACCATGTGTTGTGGGAGGGACTTGGTGGGAGATAATTGAATCACAGAGGCAAGTCTTTCCCATGCTATTCTTGTGATAGTGAATAGGTCTCATGGGATCTGATGGTTTTAAGAAAGGGAGTTTCCCTGCACAGGCTCTCCTTTTGCCTGCTGCCATGCACATAAGATGTGACTTGCTCCTCCTTACCTTTTACCTTCCACCATGGTTGTGAAGCCTCTCCAGCCACGAGTAACTGTAAGTCTGATAAACCAT,"[[225770687, ""T"", [""A""]], [225770688, ""C"", [""T""]]]",yes,yes,T->A,2
chr12,53458266,53458511,AGGGTTGCATTGTTTTATATCTTTTGTTTTTGTTTTTGTTTTTGTTTTGTTTTGTTTTGAGATGGAGTCTCATTCTGTTCCCTAGGCTGGAGTACAGTGGTGCAATCTCAGCTCACAGCAACCTCTTCCTCCCGGATTCAAGCGATTCTCCTGCCTCAGTCTCCCGAGAGTAGCCTGGACTACAGGCGCATGCCACCACACCCAGCTAGTTTTTGTGTTTTTGTAGAGATGGGGTTTCACCATGTT,"[[53458290, ""C"", [""T""]], [53458359, ""G"", [""A""]]]",yes,yes,C->T,2
chr3,116254618,116254915,TCAAGCTTAAAAGTGAGGGCCCCTAACATCATCAGAACTGGAAAAAGCCAACTTTTGCCTATGGCTTGATCCAAGCCTCTGACTACCATCTGTTTAGTGATTTGACTTTTCAGTTTTACTTTTTGGAAGACGCACCAATGGTTGACAGTATTTCCCAGAATCTCAGATTGCTCAACAATGTATTTTTCCACAAACCTCCCTGGATAAAAACTCATGATTTTGCCAAGAATTTTAAATTTTGCACTGAATGTTGTGCAATCTCTCAGAATTATTCTATATCCTCGGAATTGATTTCTGA,"[[116254673, ""C"", [""T""]], [116254748, ""T"", [""C""]]]",yes,yes,C->T,2
chr12,64431849,64432131,AAATCTCTTGAAGATCAGATGTATTTATCTTCAGACATGTTTCGGATTTTGCCCTTGGGTTTCTTTTTTTTTGCTTTTAATGAATTACTTAAGAGCCTCATGGATCATATGTATTTTTATCATCTGTGGTGTCTGGCACACTGCCTGATACATAGGTCATGCTTAATAGATGTTTGAATATAAACAGACCCTAACCGCTTTGTGTAGCAAAAGAAAACTAGTCTGCTGTTTTAGAAGAGCATATAAAACCAGTAAACTGAGTACTAAATAAGCACCATAATTC,N,no,no,N,0
chr6,63705827,63706036,GGAGAACACTAGTGAATTTTCTGCTGATTCTTAAATGTGGTTGTGATACAACTAAATGATGACAGTTAGATATAACCCCAGGAAATGTATGGTTACTCAGCAATTGAATCATAGAACCTGAATAACTTTAGAAAGTGAAAATGGGTTAAGTTATAAAAGTTGTAGTTAACAGTTGGTTTCTTTTGATGTATTCTGGGCTTAGGTCGAATG,N,no,no,N,0
chr11,71211701,71211993,ATCCTCTCCCTCAGTCTCTCCCCAACCACTAATTATTTTCTCTATATATAACTTGGCCACTTTGAGGCATTTCATATAAATGGAATCACATGATGTATGGTGAGTCAATTCTCTTTCATTCTTTTTTCCACTTCTTTTGAGAAAAGCTTTGCAGTTGTCCAGATCTCCTCTGTGCATGGTTCTTTAAGTTGCATGCCTGAATCACTTCAAAATATGAGATGGGAACACACTGGAACGACTCTGGCTTAACGTCCACCTCAAAGCCTATTCACTGTGTTTTCAGCTTTCACTGA,"[[71211828, ""T"", [""C""]]]",yes,no,T->C,1
chr10,52386082,52386334,TTGGATTTAATGTTTCTTGAATTATAAAAATATTCTATGAGTGTTTTCCCAGTCATAGTACTGGGTTCATTTAAGAGGAAAAAATATTTGAAAGAATTAATCCAAGTTAAATAGAATCCACTTAATAAGCTCCCGTTAGGGGGTGCCATGTGCTGCAAAGGACTGTATTATTGAGCGTTTATATAGCAGCTTGCTTTACAAAGTAGTTTATAATTTATAATTACTTTTATAAGTAATTTATAATTCATAAAGA,"[[52386201, ""G"", [""A""]], [52386216, ""A"", [""G""]]]",yes,yes,A->G,2
chr1,55358673,55358948,TTCTCTGAGCCTGCTTACTTATCTGTCAAATGGGGGTTAATTATCAAAGAATTGTCCAAGGGTTGAAAGGGATGATGTTTGTAAAACCATTCCACATGTGGCTTGGCACAGAGGAGCCTCTAAATAAAAATGCTGGCTTCCTTCCCTTCCTGTATCCTTGGAACTATTTTTTTTAAGAGACAAATTATTGCCTATCATAACTTTTAGAATTGGACTGTATTTTCTGAAAAGGGAACACTAATCTAGTACAACATTCTTGAAACTCTGCTTACCTAA,"[[55358689, ""C"", [""A""]]]",yes,no,C->A,1
chr8,6112717,6113048,TATAGTATACTATATGTATACTATATGTATACTATATATACTATACATGTATAGTATACTATAAGTATACATATAGTATACTATATGTATACTATATAGTATACTATATATACTATACATGTATAGTACACTATAAGTATACATATAGTATACTATATATACTATACATGTATAGTATACTATATAGTATACATATAGTATACTATATATACTATACATGAATAGTATACTATATAGTACACATATAGTATACTATATATACTATACATGTATAGTATACTATGTAGTATACATATAGTATACTATATATATACTATTACATATACTAATTA,"[[6112762, ""T"", [""C""]]]",yes,no,T->C,1
chr15,43085479,43085760,CAAAAACCAAACTATAACGGTATAATAAAAGAAAATTAATAAGATTAAATGTATTATAAATAGCAATAAACCAAGACAAGTACATCGTGAAATAGATACAAAATACCAAGTTTGTAATACTTGGCCAGGATGCAGTGACTCATGCCTGTAATCCCAGCACTTTGTGAGGCTGAGGCATTTGGATCACTTGAGGCCAGGAGTTTGAGACCAGCCTAGCCAACATGGTGAAACCTTGTCTCTACTAAAAATATGAAAATTAGCCAGGCATGGTGGCAGGTGCCT,"[[43085589, ""A"", [""T""]], [43085657, ""G"", [""T""]], [43085753, ""G"", [""A""]]]",yes,yes,A->T,3
chr3,20137589,20138016,TGCAGTGGTGCAATCTTAGTTCACTGCAGCCTTGACCTCCTGGGCTCAGATGATTCTCCCACCTCAGCCTCCCAAGTAGCTGTGACTACACCCAGCTAATTTTTTGTATTTTTAGTAGAGACAGGGTTTTGTCGTGTTACCCAGGCTGGTCTCGAGCTCCTGGACTCAAGCAATCCACCCACCTCGGCCTCCCTAAGTGCTGGGATTATAGGCGTGAGCCACCTCACCAGGCCTCTGTCCTAGCAGTTTCTTATCAGAAGTTTTCAGCTCAGGCCAGGTGCAGTGGCTTATGCCTGTAATCCTAGTACTTTGGGAGGCCAGGGCAGGAGGATTGCTGTGCTCAGGAGTTTGAAACAGCCTGAGCAACATAGTGAGAACTTGTCTCTCTTTAAATAAGTCTTAAAATAAGTTTTCACCTCAGCTTTTTG,"[[20137605, ""C"", [""T""]], [20137638, ""G"", [""A""]], [20137950, ""G"", [""A""]], [20138004, ""G"", [""C""]]]",yes,yes,C->T,4
chr4,116699657,116699989,GTATTGTGGGTTTTAAAAATGTTGTTATTTTTAATTGACATATAATTGTTTAGGTTTATGGGAATTCAATACATGTATACAATATGTTGTGGTCAAATCAGGATGATTACCATATTTTTTCTAACTGGGTAATTTCAAATGACCTATTTCATGTTCTGTAATTCTTTACTCTGTTTAATCAAGTATACTGTTAAAGCTCTCGATTGCATTTCTTAGTTCTTTCATTGAATTATTCAGTTGCAGGATTTGTTTTGTTCTTTTTTATAATTTCTAACTCTTTGTTGAATTTCTCATTCATATGATGAAGTGTTTTCCTGAATTTGTTGAATTGTC,"[[116699659, ""C"", [""A""]], [116699949, ""G"", [""A""]]]",yes,yes,C->A,2
chr10,61081342,61081749,TACACATAATCTTCAAAAAGTATCCATTCTTAACAAAAAATTTTCCTCTGTGGTTTAATAGATGCCAAGACTTCAGATTTTCAAGACTTTGGAGATTAAGATCTCCTGTGAGTTCCCCTCATTAATCCATATTGCCCTTGGTTTATTCCAAGGGCATTAAAGCGTGAAGAGGGCTTCGGGCCAGCCAGTGCTCAAGGCCAGCATCCACTGCTCCCATCTGAAGCAGGGAAATTCATGACACATTGTTTGCTTCTTCAAAACAGGTTCTCAGGGCCAAAAAAAAAAAAAAATGCATATCTCATTAGTTCTTTAAGCCAGGCAGTTTCATAATTGAGGTTTAGTACTTTTAATGTTCAGATTGAATCCTTCATCAGAACCTCCAACCTCATGGCTTGTGTTTGGGATTTG,"[[61081350, ""G"", [""A""]]]",yes,no,G->A,1
chr6,89581833,89582064,CCACGCAGGGCTGCTGCAGTGCTTCGTTCTGCTCCGGGTTAGCACATCCACACACTGTGTGGAGCAGGTGTCTTTTCACTGAAACAAACAGGGCATTGAGGGTATACGGTTACATGGCAAGTCAAACAAAATCTGCTTGTGTTCTACAATAGCTAGAAGCATCACTCTGTGGGAAGAAAATCTCAACTGGGAAAGCTTAGGCTTTTGTAGTTTATCATCAAAAATCTCTGGG,"[[89581836, ""T"", [""C""]]]",yes,no,T->C,1
chr4,144970548,144970784,AGTTTGATTTTTCAGGGAATGTGAAAAAGAAAAAACATAGGAGATGAGAACTTAACTCTTGCAATGTGGCATACTGAAACTAAGATCTCTGTATAAAACTCGAAGAGCTAAACTCTCTGGCCACCAGCAAAAGAAGACAATAGACAATAGTGAAACTGGTTCTTCTATGCTTGGGCTCTAGGTGGGGAAAAGAAATCTCTTGAGAATCCATAATATGAGCCTGAACTCATACAGGAT,N,no,no,N,0
chr14,27090757,27091156,GGCCAACTTATTTGATGGCTATTTGCAGTTCTCTCAGGAACAGATTCTTCTTTTTCCTGGACTACATTTTCCAGTTTTCCTTTCAGATAAATATGTGCATATGACTGTACTCCCTTTTAGCAAATAATGGGCCTCCCCTGGCCTTGATCTCCTAAATGCAGTCCTTTGTGCTCATTTCCCCTTCTGACTGACTTAGAGTATGATCCCCAGGGAAATCATGCAAACTGCACACTGACATTAGAGAAGTTGCCCTCAGCCTTGATACTCACATGATTTTGTGAAGTAGACGATCCCTGTATATTTGTGAAGTAGATCGATCCCTGTATATTTGGAAATTCCCTGTACTACACAATTTCATTGTGTTGATCTATTATATATTTGTCCAGTTGTTTTCCTAGCC,"[[27090896, ""T"", [""G""]]]",yes,no,T->G,1
chr4,72006641,72006947,GTTTACTTGTACTTTGCTTGTAGTTCACTGTGATTTCTTTTTTCTTCATTCATTCCTTCACTGGCTTAGGCTATAAACCTACCAGTCATCCCTAGTTCTTTTCTTCCTGTAACTACTAATCATTTCCCTCTTCGTTCCCCTGAGCTGAATCATCACTCCAGCCACTTCCAATTTAACAGTACATTCTTTAAAACATATAGTGATCTCATAGTTGGTCTTCATCTCTGTGGAATCCCATCTATATCTAACCTGGATTATCACAATAGCCTCCAAACTGACTTTGCTGTTTCCAAGACATTTGCCTCCC,"[[72006649, ""A"", [""G""]], [72006838, ""C"", [""T""]], [72006854, ""T"", [""G""]], [72006875, ""A"", [""C""]]]",yes,yes,T->G,4
chr8,68414266,68414565,GCTTCCTCCCAAGAATGTGAGCTCCTTAAACTCTAGACCATGCCAGCCTTGTTTATTATGAGATGAGAGACTACTATAAATATGTTGTATGAAAGTGAAAGATGTATCAAGGGAACCTTTGCTATCTGTAGAGTGTACAGCATATTATCATATGAAATGAAACTGCAGGTTGAGAACAATTTTTAGTTAGTTTCAAATGCCATGATAGGAGGAAATTTTTTCAGGTAACATACATCTATAAAAAGCTTTTAGTAACACTATTGACATAATTTATTCATTCTTTCGTTTATCAAATGTGCC,"[[68414418, ""C"", [""T""]], [68414494, ""T"", [""C""]]]",yes,yes,C->T,2
chr7,23743299,23743498,GCCCTCCCTTAAGCATCTCTTATAGGGATGGTCTAGTGCTGATGAATTCCCTCAGCTTTTGCTTGCCTGGGAAAGACTACTACTTCTTCATTCATGAAAGACAACTTTGCTGGATATAGTATTCTTGACTAGCAGTTTCCTTTCAGCGCTTTGAATATATTGTTTCATTCTCTCCTGTAAGGATTTTACTGAGAAATTTA,"[[23743320, ""G"", [""A""]]]",yes,no,G->A,1
chr7,53856959,53857217,AGCTCTGCATCAGAAATTTAATTTCTGGAAATATCAAGTTTGCTAAAACTTTGATTTATAGGGCTTATATTCATAATATCCCTATACTCATCAGGTAAATAAGAATAAACACTCATTTCAAGGTGATGAGTCATTTATAGACAAATCATTTGAGTGCTAAAGTTAAAGCAGAAACTTCCACTGTGGTAGAAGTTTCACTGTGGTGGCAGTTTGCTCAGGAAAGTCAAAAATAAACTACAAACAATATACAAATTTGATA,N,no,no,N,0
chrX,66674487,66674924,TATATAACATAATCTCATTGAGTCTTCACGATATATTTGTGAATCAGATACTATTATTATTCTTGTCTGAGAGATGAGGAAACTGAGACTGAGAGAAAAGTTACTTGTTTAAAGTCCACCTAGCCAGTAAGTGCCATAGCCAAGGTTCAGACACAAGTTTCTGTGGCTACCAAACCAAAATACTTTACAGTAATTTTAGCATGTCAGCTGCAGGTTCTGTGGTTGGTGGGTTGGGGAGGTGGTTCAGTCTAGCAGGCACATCAACAGCAATAGTTGATACCTCCCTAGGGTCACAAAAGGATGGTAGTCGTAATTATCTTTGGGCATCACATCTGTTTCAATGAAGTCACCTGGTATTTTTACAGTTTCTTATATTACACTGACTTTTAATAACCAACATGGAATACCTTTTCACAAAATAATGTTAGCCAAAGGTGA,N,no,no,N,0
chr5,75819391,75819753,TGTTGATCTGTGACCTTACCCCCCAACCCTGTGCTCTCTGAAACATGTGCTGTGTCCACTCAGGGTTAAATGGATTAAGGGCAGTGCAAGATGTGCTTTGTTAAACAGATGCTTGAAGGCAGCATGCTCGTTAAGAGTCATCACCACTCCCAAATCTCAAGTACCCAGGGACACGAACACTGCGGAAGGCCTCAGGGTCCTCTGCCTAGGAAAACCAGAGACCTTTGTTCACTTGTTTATCTGCTGACCTTCCCTCCACTATTGTCCTATGACCCTGCCAAATCCCCCTCTGTGAGAAACACCCAAGAATGATCAATAAAAATAAAAAAAGAAGAAAAAAAAAAAAGAAGAACTAGAGAAGCA,"[[75819542, ""T"", [""A""]]]",yes,no,T->A,1
chr2,27545690,27546120,TCAGCCTCCTAAGTAGCTGGGACCACAGGTGTGCGCCACCATGCCTGGCTGCTTTTTTAGGTGGGGTTTCACCATGTTGGCCAGGCTGGTCTTGAACTCCTGACATTGGGTGATCTGCCCCCCTCGGTCTCCCAAAGTGCTGAGATTACAGGTGTGAGCCATTGCACCCAGTTCATCTTTTTCATTTTAGTCACTCTGGTGAGTCTGTGTGGTATTGCATTGTGGTTTTAATGTGCATTTCCCTAATGACTAATGATAATGTGCAACTTCTCATGTTTATTGGCCATTTGGAAATTCTCTTTTGTGAACTGGCTGTTCAAGTCTTTTGCATATTTTTAATAATTGGGTTTCTTTTACTTAACTGATTTGTAGGAATTCTTTGAATACTATGGACATGAGTCCTTTGCCAGATAAAGGTATTTAAAATAAAT,"[[27545941, ""T"", [""A""]]]",yes,no,T->A,1
chr5,5899638,5900036,TCCAAATAAATGAAAACAATCCTATTAAGATGATAAGAAGGCCTCATATGGCCAATGTACCGATTTTCCCCAAATGCACCTGTAAATTCAAGACCCCAGCAGTCATATTTTTGTGAAAGCTTACAAGTAAATGGAAACATTTCTGCAGAAAGTTAAAGGTGCACAAATAAATAAGATGTTTTTGAAGAATCAGAACTGATAGAGAAACTGTCACATCAGATATGAAGACCTGTTATGAAACTATGTGGTAAAACCACATGGTATTGGGGAACGAGTTAGCAAAACAGAGAGGAGAATGGTGGAGTCACGCGTGTGTAGAGTTGTGGTGTATAAGGAATGTGGCATCACAGGCCAGTGGGGAAAAAGACCATTTCAATGAACAGAATCAAATACATTGAC,"[[5899699, ""A"", [""G""]], [5899734, ""T"", [""C""]], [5899853, ""C"", [""T""]]]",yes,yes,T->C,3
chr18,77369715,77369924,TATCATTCTCAAGCTATCCTGAGCTTCTGGGATCTGTGATCTTCTTCTTTCTTTAATTTTGGAACACATTTCTTCTCTCCTGTTTATTCCTGTCTTTCTTCCTCGGGTACCAATTACACGTATGTTAGACCAAGTGTAGTATCCCAGTGGTTTCTTCTTCCTTATCCCCTGTCTTTTTCTCACTTTTGTTTTTCTTTGTGTTTTAGTTCA,"[[77369719, ""C"", [""A""]]]",yes,no,C->A,1
chr20,47850101,47850548,TGCCAGGGTTATGTTCTGAGATATAGGAGGGTTAACTAAGCTGGGGCTATGGATTAGTTATCTATTGCTTTGTAAATAATTACTTCCAAAACTTAGTAACTTAAAACAACAAACTTTTATTATTTCATATGTTTCTGAGGGTCAGGATTCTGGGAGCAGCTGAGCTCCCAGAATCCGTCACGAGGTTGCAGGCAAGCTGTTGGCTGGGGCTGCAGTCTTCTAAGACTTGTAAGAGCTCGAGGCAGATGGGCCTCCAGGATAATTTACGTGGCTACTGGGAGGAGTTTTTGGTCCCTAACCACATGGGCCTCTCTACCACATGGCTTCTGAGAGAGAAAGAGAGAGAGAGAGGATGAAGATGGAAACGGCTGCCTTTATAACCTAATATTGGAAGTGGCACATCATCACTTCTCCCAAATGCTCTTGGTCACCCCCACCAAATATGGTA,"[[47850149, ""G"", [""A""]]]",yes,no,G->A,1
chr5,99412522,99412818,AAAAAATGCAAGGAAAACATTATTTGACCTGATAAACTCTCTTAGTGATGACATAAATGATCTAAGAATCTAAGTCTCTGAGTAAAATAGAATGGAGAGACATTGAAAAAAAACAACAATAAGACAAAAAAAAAATCCCCAAACAGGGCTAAAGACACACAGTCTGATCTCCCTGGGGAAATGAGGACTCAGTCACAGCAACTATTGATAACATAATGAGGGACATTGCTCCTATTTTTATCTTTTCCCATGATTAGTTAAATAAGGAAATTAAATAAGACAAAGAATGAATACTTG,N,no,no,N,0
chr3,130715630,130715911,AAGTTCCTTGTAAATTCTGGATATTAGATCTTTGTCAGATGGGTAGATTTCAAAAATTTTCTCCCATTCTGTAGGCTGCCTGTTCACTCTGATGATGGTTTCTTTTGCTGTGCAGACCTCTTTAATTAGATCCATTTGTCAATTCTGGCCTTTGTTGCAATTGCTTTTGGCCTTTTTGTCATGAATACAATTCATATTTCTAAAGAGGCATTACCAATGCCAAGTGTAGTAAGATTTTGTTAATTGATTCAAATTCATAGGCTTTTAAGATATACCAGTAAA,N,no,no,N,0
chr3,152967491,152967787,TAAAACATATAGAGAGGCCATGCAGAGGATCCAAGACACCCTAACGCCTCAGCTGAGTTCCCAGCAAGAGCCAGCACCAACTGCCAGCTATGTGAGTGAGCCGACTTGTACTGTAGCATAGCCAGTATCCTGATGACCACAGTCTTAGCCAACAGCACATGGAACAGAAAAACCACTTTGCTGCATACATTCAAACACCCAGCTGAGCCCACTTAACCAACAAAATCACACAGATAATAAAATTGTAGTTTGAGGCTGTTAAGATTTTAAGTGATTTATTATGTAGCAATAGGTAAA,"[[152967520, ""A"", [""T""]]]",yes,no,A->T,1
chr1,6665472,6665946,TACCTCAAATCCTCTCCTTAAAATGCTGGACAGCCAACAACTGGTTATCACTCAATATTTCTGATTAGAAAATGTTTTATGTATTTGGAAGCAGTTTTATGGAAGTAGCAAAGTATAGGACATTTTAAAAATCACTTGCATGCCTGTGTGAGATGGTCACAGCTGTGCTCCCTCATTCCACAGAAACATGGCCTGCAGACACATTTGCATAGAGTCCCAATAAGCAACTGCCACACACCCCCAGATGGCCGATTTGATCATGGGACACGGATGCAGGATGATAGTGAGGTTCTCTTTCCCTTTCACTGCTCCTAACACAGCAAACCTCCAGCCAGAACATCAAAAACACCAAAGGAACAGCCTGCTCTTGCCAGGCACCCCCACCTCCCCCATCCCACCTCCATCTGCCAATACCGACCTTCCAAGCCAGACCTCCCTCCGGGCACCTGGCTGGGAGATCCAAGCAGGAACCATG,"[[6665511, ""T"", [""A""]]]",yes,no,T->A,1
chr12,6150898,6151099,AATACAAAAAAATTAGCTGGGCATGGTGACAGGCGACTGTAGTCCCAGCTACTCAGAAGGCTGAGGCAGGAGAATGGCATGAACCCAGGAGGTGGAGCTTGCAGTGAGCCGAGATCACGCCACTGCACTCCATCCTGGGCGACAGAGTGAGACTGTCTAAAACAAAACAAAACAAAACAAAAATAAACAAAAAAAAACTGCC,"[[6150915, ""C"", [""T""]]]",yes,no,C->T,1
chr2,18891608,18891974,AAGGTGTTTTAGACAGGTTTGAAAGAGTTATCAAAAGAAATCAGATCAATCCTGCCTATCCTAGAAGTACTTAGAAACCCGAAGAAAGGAGCTAAGATGACAGTTCTTTTCTGAAAAATGCAGAGAGAGGCTATGCATTCTTTGGTGATGTGCTCCAGAAAAATGTTAACAAAAGGATGGTTTTTACTCTTAAACCATCAACTGATTTTGGCCTGCAAAGCACCAGATGGCTTGCATTACTTGTAATGTGCTTTGGTGTGTCTCTGATGATAAATATGAAGGGTCCTTTAAGATATACAGAAATATTAAGCAACTAAACATGCTTTTTCCCCTCCCTTTGAAAATTTAAGGAGTTGAAAGAAACATA,"[[18891614, ""A"", [""T""]]]",yes,no,A->T,1
chr4,29071900,29072162,CTTTGAGCTCACTAACTATTCTTCTGTTTGATTGATTCTGCCATTGATGTTTTCTATTGCATTTTTTATTTTGTTTATTATATTTTCAGCTCCAGGATTTCTGATTTTTTTTTGTATTTTCATGTCTGTTAAATTTCTGTGATAAGTTTCTGAATAGTTCCTCTGTGTTTTTCAGAATTCATTGAGCTTTCTTACAACAGGTATTTTGAATTTTTTGTCTGAAAAAACATTACACACATCTCTGTCATTTTAAGATCAGTCTC,"[[29071979, ""G"", [""A""]], [29072147, ""C"", [""T""]]]",yes,yes,C->T,2
chr14,26622193,26622512,TTTTAAAATAACGGTATAGACCGGAGGTTAAAAATTTTTAAAGAAATTTTAACAACTTGGAGTAAAAGAGACAGAAGTAGTTCAAATTGAAATAAGACCTCATGTGTTATTAATCTCCTATGAGAACATGATTTCACTGCAAACACATTCCATTTCTTATGGAAAGAGAAGGATGACTCAGAAGGCAGAGCTATGGGGAACCACTCTTATGTAGCAGAAATTGACCCTAATAAAGAAATATTTTCTGCCCCTTGAAACAAAGAAAATGGTGACAAGTCTTGCTCGATCTCAGAATTGCTATGAACTAGTAACTGCTATGG,"[[26622214, ""A"", [""C""]], [26622283, ""G"", [""A""]]]",yes,yes,A->C,2
chr8,134648785,134649108,TATGAGGCCACTATTACCCTGAAACCAAAACCAAAGACATCAAAGACTCTAGATCAATATCTCTTATGAATATAAATGCAAATATGTTTAACAAAATACTAGGAAACTGAATCCAGCAGCACAGCAAAAGGATTATGCAACATGACCAAATGAGATCTATCCAAAAGTTACAAGGGTGATGCATCCTGGCATGTAAAAACATCAGTGTAATATACCATATTAATAAAACAAATAAGAAAAAAAACCACATGGTCATCTCAACAAACTCAGAAAAAACATCTGACAAAATCCAACACCATTTTATGATTTAAAAAATAAACAACA,"[[134648838, ""C"", [""T""]], [134649010, ""C"", [""A""]]]",yes,yes,C->A,2
chr4,22954014,22954348,TCATTGTTAGGTCCACCATGCGACAGAAGATGGACATTTATTCAAAGAAAGATTGAAGCTTTACTACTCTGCACTCAAGGGTGCATTGGAACCAGGCTGTGGTGGCTCATGAGAGCCGACGGTGAACATTTGTTTCCAACCCTGTCTTCGGTAACACCTCCCTAGGGGCTTGAAAGGGGCCGTGCTGGATGTATCAACACCATGGAATTAGGCAAATGGTACAAATTAGAACCTTTTCTTCAAAGAGCTATTTGTTAAACAATTACCAGCATACCACTGCCTATACTCTATTTCCTTCTTTTCACCTCGTATTTTCTGTAGACTCTCATTAAATA,"[[22954221, ""G"", [""T""]]]",yes,no,G->T,1
chr8,49516428,49516883,TCAGAAATAGACCCTGAAATAAAGATTTGGATGCATGTGGTTGATTAAGAAGCTGTTCTCAAAGAAATGAGTAAGGGAAAGATGATATGGGACAGGAAAGTAGGGGACTACTGGGTCTCCAGGGGCATCCCATGATGTTTGGAGTGTAAGTTAAGCGTCAAAATTGTCTCATCCCAAGCGATGTAGGCAGGGCTTCCATGCTTCTGCACCTGTCAATCACTAGCTCAGACTCATTCCTCTAGGGACAAAAAATCTCAGGCAATTTTGTTCTCCATGCATGCAGTTAAGTAAGGGTCAGGGGGCCTTGGGTAGTCTTTCAAAAATAACAAGTTACAGGTACAGGCTGCTGGAAGCAAAACCACATCAAAGTTTTGAGGATATACACAATGTTTTAAAAGAACCCAATAGTATCTGGACAGACTACCAACATAGTCAGCTCCACAGACATGTGTGGGA,"[[49516572, ""C"", [""T""]], [49516833, ""C"", [""T""]]]",yes,yes,C->T,2
chr10,36560358,36560574,CTTCTCTTAAGTGAGGAGAATGTGTTAAAGGAACACTTGGTAGGGAGAGAGAGGCAAACACCGAGGAAAAATGCTTCCATTGATAAAAATTCATGCCAAGACTTGATGATATGGCCATAAAGCAAGCCCTAGAATGGAAGTGTTTCACTCTGGAATCCCTTGAGGCCTAACACATGAACTTGCAAAGTGTGAGGCTTTAGGACCTGGTGACAAATGC,"[[36560394, ""A"", [""T""]], [36560498, ""G"", [""T""]]]",yes,yes,A->T,2
chr6,113344909,113345394,GATTGCCTAGGCCTTTTTGGCTATCCAGGTGTTTTCTATTTTTTTCCACTGCTAGGGTGGCTTGTGTTAAATCTGGAAAGACAGATGCCTTACCAAATGCAGATCAAATCCTGAATGCATTGATGATGACAGTATGGTAATGATTTCTTAACTTCCTTTGCTTAGTGATACTTTCCTGAATAGTTTCAGTAAAGGAGCTAGCATACCAGGGGAGTTTTTCTGCAGCAGATAAACACCGAGTATATTCTACATTCTGAATCAGTGTTAGTGTTGTTGGTCAGTGATTCAGGGGGAAGAAATAATTCTCCCTTCTGCTATCTAAAAAATCTAAAGTTTGGAGGAATAGAGATAGCATTTTTTTAAGCCTGGTCAAAATTGCACAACTTGTAAGTGGCAGAGTTGGAATGCGAATCCATGCCCATCTGATTTTAGAAATGGACAATTGTTGGCCATGCTGCCCACACATAACCCTCTCCTACCAGCGTC,"[[113344929, ""T"", [""C""]]]",yes,no,T->C,1
chrX,115128495,115128719,TAATAAAAGTTATGTAAATGTGGTCTCTCTCTAAGTGTCTTATTGTACTGTACTCACCTATTTTTAGACTGTGGTTGACCACAGGTAACTGAAACCTTGGAAAGTGAAATGGAGAAAAAAGGAGAGCTACTATACTCAAACACTGCCACAGTAATGAAAAAGTAGCCATAGGCAAATGAGTATGGCTGTTTTCTGATACAGCTTTACTTACAATCCCATACAGCA,N,no,no,N,0
chr5,63411984,63412279,TATACAGAAGAGTGAAAGAATTCAAAAGGTGATATGTGAGAACTTAAAGGAGAACATAATATTTTCCATCCAATGTTTATGTTTCTGACATATAGCTTGAGTAAACCTGGCATTCCTACGTCATGCCCTTGAGTTTCCCACATGCTACCACCAATCAGGTAGAACCAGTTGCTTCCAGGCATTTCTAATAGTGTAATAATTATGAACACGAGCTATGGAATCAAATGATGTGTATACTTCCTTTTAGTGATGCCCTCTTACTAACTACATGAACTTGAAATGGTTACCCAACATTT,"[[63411986, ""C"", [""T""]]]",yes,no,C->T,1
chr1,208784444,208784693,AACCGCAGGCCTAGACATTGAAAAACTGGTCGCTAAGTTTGAAAGGAGAATATATATATATATATAAATATATATATATATATAAAACTATCAACCACAGCACAGTCATTGATGCTTACTTAGTGAGAGGGCAGCTCTCAGTGGTTAGGAAGAACCCCCCTCTCCTCCCCCTTAACCAGGTGGCCTCATTCTGGAACAAAAGGCATCCAAACATAAAGAAACAGCACTGCCACTCTGCCTTCTCAGCTCT,"[[208784475, ""T"", [""G""]], [208784510, ""T"", [""A""]]]",yes,yes,T->A,2
chr7,10307136,10307409,TGCTAGGATTAGGAAATTCCAGCCTGGTGAATTCTAGTCAGATTTGTTCTCTGCTCTTGAACACTGTTAAGATGTTTATCAACGACAACGCATGCACAGTGGGACATGAAACTTCATCAGCAATTCTAGTTTCACCCTGGCCTTGTGACCTTGCCCTACCCATTTGCCATGTGATATTTTATTGCCCTTGAAGCATGTGATCTCTGTGACCCACACCCCATTCGCACACTCCCTCCCCTTTGAAAATTGCTAATAAAAACTTGCTGGTTTTGTG,"[[10307168, ""G"", [""T""]], [10307393, ""G"", [""A""]]]",yes,yes,G->A,2
chr2,154685022,154685284,TAGTTCTCTTGGGTCCTGCCTGAGGAATTAAGTGTGGAGCTACCTTTACTGGGCATCACATGCTCCAGATATGATAATATCCCCACCCCTTCTCTTACCATTCTGAAACTGAAAACAAGTGCATTCCATCACATAGCAGCTGGGCTAGGCATATTTTGGGTATCCCAAATGCTCAGACACCCAGGTTTTTGTTTTGTTTTGTTTTGTTTTGTTTTTTAAACAGCCCTTTCCTCTGCACTGTTACACTTTTCCACAGGGGAACC,"[[154685092, ""G"", [""A""]]]",yes,no,G->A,1
chr9,95736486,95736767,GCTCCTTGTAAATGAAAAAGTCCTGTTTTAGATAGGCTCCCCTAGTGGAGAGGCTGGAGGCCGACAACTCCAGGAGCGATCACACTTGAGCTCTACTCACAGCTCACTGTGGCCAGACCCTCCTAAGCCCTCCCTTTTCACTGCCACAGAGCCCCGCCAACAACTTTCCAAAGGGAGCATTATTATTATTCCCATTGTGCAGGTAGGAAAACTGACAATGAGGTAAGTTACAAAGTCCTGCAGCTGGTAAAAAGCTAAGCAGGATGTGAAGCCAGTTGGTCT,"[[95736623, ""G"", [""T""]]]",yes,no,G->T,1
chr2,151508558,151508827,GGTGACAAGATGTTCACTGAGCCATGAGCAGGTGTGGTCAGGGCTCCCAGCTATAGGACTGAGCCGGCAGGCAGACAGGCAGGCCCAGAGGCATTTCCAGAATGTGGCTCTTGATGCTGCAGAAAGCAGCCTGACAGGACTGGCAGCTCTACCAAACAGACACACCTGGAGCACTACTAAGGCCAGCTGACTGGCCAAGGACTGCTCTGAACCAGACATCACTATTCCTTGGGCTCCCCTGTCCTGCCCCAGCCTTTGGCTGGAGAGACG,"[[151508592, ""C"", [""T""]], [151508628, ""T"", [""G""]], [151508661, ""A"", [""G""]]]",yes,yes,A->G,3
chr4,55089920,55090271,ACTTAACCAAGCACTGGGTTCATATTTGAAACTTACATCTCCTTTTCTGACATAATCTGGATCTTTATAAATATCCCGGGCCAAGCCAAAGTCACATATTTTAACCACGTTCTTCTCCGATAAGAGGATATTTCGTGCCGCCAGGTCCCTGTGGATACACTGCAAAGAGAATCATGTGTGCATTAGGTCTCGGCACAGCTGATCTCTTTCACATCTGTTGTGACCTCATGCATCAAAAAAAAATCCCACATCAGAAAGCCAACTGATTAACAAGGACTGGGTTAGTATCTTTTATCAACACTTCAGGAAAAAAGTCTGTGAGCTTTGCTGAGACACACATCTGCTTATTCCA,"[[55090016, ""G"", [""T""]]]",yes,no,G->T,1
chr5,176353515,176354003,GGACAGATAAAAAGTAATGAAAAATGTTGTATCCTTACTACAAAACAGAATTTATACCTTTAAGCTGTGACCTTGAGTAAAACTTGAGCCTGTTTCCTTACTGGGAAGACGGTTGATTCCTAACATGGGGAGAGTTAGGGCAAATGAATAGGATCGCATGCAATGAGTCAAGCGGAGCTCTCCTTTGGAGCAGCTGTTCCAAGCCATCAGCTGTTCCAGCTGAGGCCCAGAAGAAATCTGGAAGCCCGCTCATCCCTTGCCTTGTGGAGCCATCAGCAGGGTGTGTGGCCTGGCAAGCACCACCAGAAGCCCTGCTCACCTCCTGCTCTGGACCCTAAAGCCCATTGCTCTGACATCACAGGCAAGCTGCAGCAGGCCTTTTCTCCCTGCACTTTTGCTACTTGTTACATGGAATACTCTCCCTGAACAACTGACTGGGTCATATTTCAGTAGATAATTGATAGAGGGAATATCCCCCAGAGCTGTAGG,N,no,no,N,0
chr17,9002302,9002535,AGCTAGGATCCTAGTTTATGCCGGCAAACCTGTGTCCTCCAGCAGCCTTAAGCTCGGCAGAGATTCCCAGGCGCCGGCCTCGCGGGTGAACTGTCACACGTACCCAGAGCTTGGAGGAGGCGCGCCGGGGGAGTGTTGTGCTGGGGATTCCCAGGCCGGCTCCTGCTTCTCGCCTGATGAATGTGGAGTTCCTTCAGCCATCCCTCGGATCCTCTTAAACTTTTCTAAGTTTCA,N,no,no,N,0
chr4,144656917,144657166,CCAAGAAAAATAACTTTCCAATTGCCTTGCCCCTCCCGTGGAGCACTTCCCAGCTGCTTGCCTCTTTTTCTCTGTGCCCCCCACCGCATGCATGTACACACACATACACACACACTCCCAAGGACATCTGCTCTTACTTGCCTGGTTGCCAAGACAAGATCCTTTCCAATAGCCTAGTCAGAAATTGGCAGGGAAGAGTCTCTCTCAGAAAGTTCAGGGTGAGACATTTCACTCAAAAGTTAGGTCAAAA,"[[144656918, ""A"", [""C""]]]",yes,no,A->C,1
chr4,184196952,184197375,AGTTCAAAAGAACAGGCAAACAGGTGGTTGGGGATTGGGTAAAGTCTCTTTGTTTTTATTAGATTCTTTTAGCTTTTAGCTGGACGTTATAATACCTGTTGACACAGGCTGAGAGTGAATTCCTTGGAATGTGCTTTTCTTATCTGTTCCATCAGAGCTTGATGGGATTATGTAAAGGGTGTAAGCAGCCAGTCTTCAGTTATTATTCACGGCACTAGAAAATAGAGAGGATGGCCAAGCTGAGTCCAGAAACCAGCCACAATCTTCTACGTGGCTCCACCTCCCCCTGGGCCAAATTGTTGATGAAATCTACACATGCACCACACACTCTCTCTCTCTCACTGCTTTGAATCTCATCTCCATCTCAGATTGTACCTCCCGGGAGATGTTAATGAGGCTGAAGAAAGAAGCAAAAGCAACCCAG,"[[184197047, ""A"", [""C""]]]",yes,no,A->C,1
chr6,7904608,7904846,CGTCGGAGTGGGCCGTGCAGTCCACTTTAGCCACATAGACTTTGGCATCTTCCATGCTGTTGTATTTGTCTCCCAGGTCATTCCAAGTCGGCTGCAGCCGCTGGCAGTGTCCACACCTGGAACAAGGCAAGAGTACAAGCACATTGAGTATCAGGTCACAGGGCAGCTGGCCCACAACTTCAGCTCTGTCCAGGGGACAATGGGGCTCTCAGTCCTTTCTTTACACCATTGCAGATGGC,N,no,no,N,0
chr9,40681164,40681463,CTCAGGTCTCCAGCTGCGTGCTGGGAGAACCACTGCTCTCTTCAAAACTGTCAGACAGGGACATTTAAGTCTGCAGAGGTTACTGCTGTCTTTTTGTTTGTCTGTTCCCTGCCCCCAGAGGTGGAGCCTAAAGAGGCAGGCAGGCCTCCTTGAGCTGTGGTGGGCTCCACCCAGTTCGAGTTCCTGGCTGCTTTGTTTACTTATGCAAGCCTGGGCAATGGCAAGCGACCCTCTCCAAGCCTCTCTGCCACCTTGCAGTTTGATCTCAGACTGCTGTGCTAGCAATCAGCGAGACTCCAT,N,no,no,N,0
chr3,108271644,108272015,TTATATACTTAAGATGACTTAGGCATCTTCAGAAAAACTTGAGCCAGCTGTTTTTCAGAGACAAGTTACTGTTTTAACAGGATCTCTATGAGATAGGCAGAAATTCTTTGAAGGGCATGTAGTATGTGCATCTGGGAATGATTCTGTCCTGGTCAGTCCCTAGTGTATCCAGTTACTCCTTGTCTGACCAATCCTTGAGCAATAGAGAGTATAACAATGAATGGTTCTGGACATGTTTAAATTTTGGGCATGAGTGAACTTCACGCAGTTAGTGATCTTCTTGAAGTTAGCATTTGACTTGTAGGTCAATTCACCCCAGCAAGATCTTGAGTCAGCAGTTGACCTGCAAGTTCTCTGGAGAATGCTTCTAAT,"[[108271654, ""G"", [""A""]], [108271732, ""C"", [""T""]]]",yes,yes,G->A,2
chr14,42149963,42150194,GACCTCAAACACTTTAGAGTGTGTGTGTATAAAGAGAGAGAGGGAACTAAAAGAAAGAATGTATATAACTCATATATTCTTTCATTGGATGAACACTTACTTAGTGAAACTTTGTTACAGGCACAGTATGAGAAACTGAAAGTATGCTTTTGGACAGGAAGGATCTGACTGCTCCTCTTTTAGTTTTCAGTCTAGAAAAGAAGACAATTAGTATCTTTGGTATTGGAATTAT,"[[42150058, ""G"", [""C""]], [42150132, ""C"", [""T""]]]",yes,yes,G->C,2
chr5,85639485,85639760,TGACTTTGACGAGCTGAGAGAAGAAGGCTTCAGACGATCAAATTACTCTGAGCTACAGGAGGACATTCAAACCAAAGGCAAAGAAGTTGAAAACTTTGAAAAAAATTTAGAAGAATGTATAACTTCTACCAATACAGAGAAGTGCTTAAAGGAGCCGATGGAGCTGAAAACCAAGGCTCAAGAACTACGTGAAGAATGTAGAAGCCTCAGGAGCCACTGCGATCAACTGGAACAAAGGGTATCAGCGATGGAAGATGAAATGAATGAAATGAAGCG,"[[85639640, ""T"", [""C""]], [85639717, ""G"", [""C""]]]",yes,yes,T->C,2
chr2,72625414,72625740,AACAGCTCTGCTACTTTCACTGCTTACTGTTCTCTCTCACACAAAATTGATTGCCAGACTCTGGAGAGGGATTGGCCCCCTTTCCTGTCCATAAAGAGGACAAGGAAACGTCAGTTTCTAGTTTCCCCTATTGTCCTCATTCCAGCAGATAATGAGAAACTCACAAGTAACACATCTGGAAAGAGAACTTTTTCCTCCCAAATTTGCTAGCATATGCCAAGAAAGGCTCCAGGCCATACCAATTACCTCCAAATTCCTACACTTTTGTCCAAGATCCCAAATGTAATGTATTCTCTTGAGACTGCTGGTCTTTTACTGAATTGTATA,N,no,no,N,0
chr8,133776949,133777223,GTGCATTGATTTAGGATTTACCTCTTAGCTGGAGATGGTTTCTCATCGGCCCAGGATCCTAGTAACGGCACAGAGCTGGAGCTGTCTGTGGTCACAAAACACTTGTCACAGCTATGATCCTATTTGGTCCTGAGAGTAAGTCTTCAAAGTAGCGGTTATTTTTATCTCTGTTTACCAGATGAGGAAATGGGGCTCAGAATGGTTAAATAATTTGCCCCAAGGCCAAAGAGTTATGACAGACCCAGGATTTGAACCTGATGTCATTTGAATGCCAA,"[[133776996, ""A"", [""G""]]]",yes,no,A->G,1
chr9,92581392,92581654,TATATAAAGAAACTCACACCTAAATATAATTTAATGGAACTGCAGTGACCAAAGATGAAACGAAGATCTTTGAAGCATCCAAAGGAATGGATTGGCTATATTGGCAAACTCTGATCCTTCAACAGCAGCAATGGAAACCAGGAAGCAGTGGTAGCTTCGTTACTCTCAGAGAAAATAATAGCATACTTCCTATACCCAGCAAATACTGTCTTTCAGAATGAAAGTGAAATAAAGAGAATGTTAGATTAAATAGAAACTGAGAG,N,no,no,N,0
chr6,99092404,99092880,TAAGAGTAGGTAAAAAATACAGGTTGCTAGTTTGTCATATCGTAAATGTTTTCCCCCCTGACTCTGAAGCCATCATGAGCTGAACCAAGTCTGAATTAAAAGAGGCTTCAAAGGAAGCTTAACAGTTGGTCACAAGGGGTAAATTTCCCTCTACTGCAAAAGGGAAGGCTCCCCGGAGGGTGCTAAGTGGTAGGGTCCCTTCAGTAGCTTAACACAGTCGAAAATCATAACTCTTCACAGGCCAGAGCTGGACGCCACCACCACCTTCACCAACTTGCTCAAAGTCGCAGTAAAACAAGAATGCAAACCCACAGCTGTCATCTCTGATGACGGATTTACTGACTTCGGATGGCCGCTTCTCTTTTTAATATTTCCTCTTCCAGCCAGCATGTGAATGACAGAGACACACACCACTGAGGTTCAGAAAACTCTTCCCACAACTGCTGAGCTTCTGAATAAAGAGTCACCTTCTCTGAG,"[[99092412, ""C"", [""G""]]]",yes,no,C->G,1
chr18,54580276,54580694,GCAGCACTGTTTTTTCACCACTGAAAGACACCACCTGTCATGGTCTACAATGAATACTTCAAGTGAACCTTCTGCTTACCAGCACTTTAGCTAAAATGTAGCTATCACGATGTCTACTGAATCTGCCACTATTATCGTGTCAAATTAAGCTGCAACTACCACTTCAACTGAGCCTTCAATTTTTACAGCTACCACTATTTCAGTTGAATGTACACCAACAACAGAAACCAGCACATCAGCTGAGACAGCATAACCTCTATCCTCCCTTCCAGTGAATCTACTAATGAAAGTGCTAACATCACCATTCTCACAGAAATTACAATGTGGTGGCCTCCTATAAGGCAACCAAACCATTAAGTACTTGGATTAAGTTATCTTTGACTATTTCCATAGCTACTCGTAAGATAAATTTGAATCTA,"[[54580526, ""C"", [""T""]], [54580639, ""T"", [""G""]]]",yes,yes,C->T,2
chr7,32774401,32774816,GTCAAAGTCCAAAATCATATTCTCTTCACCTTGTAATTAAAAGTTTAAAGAAAATTAATGCCCAAAATATATCCCAATTTCTTATTCAACCTCTTTGTTATATTTCTCAATGTTCCTAGGCTATGCGCAAAATGTTGGAGTTGAGATGTCCAAATATAACTTCTTTTTTCCTCATGAGCATCTTGAACAAATTATAAAATTAAACAAAGAGAACAGAGAAGAGACTAAAACAACACCCTTATTACTAACAAATGTGGCTTGTGCCTACAGGCAAGAAAGCCTGCTAACAATGAACTCTCGAACTGGTCTTCCCCACTGTGGCATAAACAGCTACTGTTCACCCATGTGTGTGTTTGGCCCCTCTTCCGGGCACAACTACACTATATCTTTCTCAGCCTCCCTTCTGGTTAACTCTG,"[[32774403, ""T"", [""C""]], [32774699, ""A"", [""C""]]]",yes,yes,A->C,2
chr3,190178824,190179153,AAAATAGAATGTATTGTAATATCTGTGTCTGATGGGGCCAAATATGAAGTAATGCTATAATAGTGAGTACATCTGTGAGTGAAAATTTGTATCTTATACATCCCAACATATGGGATCATGTCTGCACATATCTGCTTTTACCTTGCCCTGACAAGTCTGGAGCTTTCAGATAAAACAGCATGCAAAATTGCTTCTGACACAGCGAAATGGTCTGAAGAAAAAAAGTGTTCCTACATTTTCTATCAATGATTCAATTCATGTAATATAGTAATTACTTGATCATACAATTAGGTAACCCAATACACCATGTCAGACAATTTCAAAAGCGTT,"[[190178867, ""G"", [""A""]]]",yes,no,G->A,1
chr4,107216445,107216755,TTGGCAGGAGAAAAAAAAAAATAACACCCCTCCCAACCCAACACACAATGCCCCTACATGCTCATGTATTTGGAGGTAATAGTCAATTTACTGGCACACAATGCAAGTCCTTTCTGGAAATGATTACTCTCAAAGATCCACTTTTAGTCCAATGTGTTACAAAATGAGAGGGAGGCCATCCAATTCTTACTTTCCCTTTGTGATGAACTGTTAAAAAGTGATACAAGAGGATAAAAGATGAGATGGGAAGGGAAAGAGACAGAAGAGTAGGCTGTAGGAGACCAAATAAAAAGTTCAAAGTGGCAAGCACT,"[[107216451, ""A"", [""G""]]]",yes,no,A->G,1
chr15,50192827,50193250,AGTCCCTTTTGACCTACCGTTTTCCCCTCATTAAGATGATTACTTGGAGGTGAAAAATAAGAAAAAAAAAAGACTGTTGCTAAGTCCTATCTACTCTACCTACCAGATATCTCTTAAGTACATTCACTTCTCTCTACCCACACTGCTGCCTACACAGTGTAGACAAGCATCATCTAACAGCTGGTCTCCCTACCTCTTCTCCCAACCTTATTCCCCTCCAACTCTACATTCCAGTCAGCTTTAACCTCTTTTAGTTACTCAGGCCCCAGGCTGCGTTGGCTCTGGGCCTTTGCATAAGCCGTTCCACTGCCCAGACTCAGGCTTAGTCAGTCCCAGCTGATCTTCATCTCCACCGTCTGCTCATCTTTCAGGTCTCAGTTTACAGGGCACTTCTTCTAGGTCGTCTTTCTGCCCCCCACCACCT,"[[50192845, ""A"", [""G""]]]",yes,no,A->G,1
chr20,59923584,59923822,TCCCAGCTACTCTGGAGGCTGGGGTGAGAAATTGCTTGAGCCTAGAAGTTGAAGGTTACAGTGAGCTATGACTACAACACTGTACTCTAGCCTAGTCAAGAGAGGGAGACTCTGTCTCTAAAATAAACAAAAAGAATGCATGTCATCATTTCTAAGGTAACCACTAAATGAGTAGTGAAAGAATACGTAACTACTAAGCTAAGTGTGAGGAGGGAGGCTGTAATGTTTTCATTTTAATC,N,no,no,N,0
chr8,48462394,48462595,TGTGGATGTCCTCTCTGTTTGTTAGTTTTCCTTCTAACAGACAGGACCCTCAGCTGCAGGTGTGTTGGAGTTTGCTAGAGTTCCACTTCAGACCGTGTTTGCCTGGGTATCAGCAGCGGTGGGTGCAGAACAGCGGATTTTTGTGAACCGCGAATGCTGCTGTCTGATCGTTCCTCTGGAAGTTTTGTCTCAGAGGAGTACC,"[[48462455, ""C"", [""G""]]]",yes,no,C->G,1
chr3,74634774,74635096,CTGTAGTTGATATATGGTTTTTTATGTAGGTCTGAAATCCCTACCCAGATGTAGCTTAAGTCATTTGTTTTTATCACTGTTTTTTTTTTTCCCCCGAGATGGAATCTTGCTCTGTCACCCAGGCTGGAGTGCAGTGACGTAATCTTGCTCTGTCACCCAGGCTGGAGTGCAGTGACGTAATCTCGGCTCACTGCAACCTCCACCTCCCAGTTTCAGCCTCTCCAGTAGCTGGGATTACAGGCATGCACCATCATGCCCAGCTAATTTTTGTATTTTTAGTAGAGATGGGGTTTCACCATGTTGCCCAGGCTGATCTCACTGAC,N,no,no,N,0
chr3,100059600,100059863,AGGAGGGTTTGTGAGCCAGAAGGCGGGGGCCAAGTGCAGGACAGAGTAGTGACTGGGACTGTACTGTAATGAAAAGGACCCATCATGCCTGAAGAAGTCAGTCATTACACAACTCCAGCTGACTGGAACCATCCATATGTGCCGGCCTAGAATTGTCAGAGCTTCCAGTTTGTCAAGAGAAATCAGAAATCCAGATTTCTGTGTGTATGTATCATCTCCTGATTTTTAAAAAACTCTGGCAACTAATTCATATTCTTCAAAAAC,"[[100059604, ""A"", [""G""]]]",yes,no,A->G,1
chr14,23450533,23450738,GAAGCAGGAGAATCACTTGGGCCTGGGAGGTGGAGACTGCAGTAAGCCGAGATTGCATCACTGCACTCCAGCCTGGGATGCCTGAATTTGCATACCAGATGCTACTGGATTGAGGACCACACATTGAGAACCACTGAATTAATGCACGTAAAGTGCTCAGAATAGTGCCTGGCATGTAGTAAATGCCCAATAAATGGAGCTACGGA,"[[23450679, ""T"", [""C""]]]",yes,no,T->C,1
chr5,147461933,147462364,ACCCCTACCCCACCAAAGATAGAGAGTAAATCAAAAAATTTGTTTTATCCTAAGGGAATGGCAGAGGTTAGCAGCACAGTTAAAGACCTGAAGGATGCAGGGCTGCCAGTCTCCATCATATCACCATTTGATTCACTAGTCTGGATGCCACAAAAGCCTGACAAATACCAGAGCATGACTCAATCAAGAGCCTAAACCTAAGCTGCTATGATATTTTTCTAGAGCAAATGGCCTCAAGTACATTGTACATAGCCACTGACCTAGCAAATGAGTGCTGTTTCATCACAAAAGAAGATCAAAAGCAGATTGCACACACTTGGAACAGAAAAACTGTACACATGAACAATCTTGACTTAAGGCTATGTTAATTATCCTTTCCTCCACCATAATATAGTCTGAAAGATCTAGATTGTCTGGACATCTTAAAGAACA,N,no,no,N,0
chr3,166382451,166382674,TTCCTTTGGGTATATACCCAGTAATGGGATGGCTGGGTCAAATGGTATTTCTAGTTCTAGATCCCTGAGGAATCGCCACACTGTCTTCCACAATGGTTGAACTAGTTTACAGTCCCACCAACAGTGTAAAAGTGTTCCTATTTCTCCTCTCCAGCACCTGTTGTTTCCTGACTTTTTAATGATCGCCATTCTAACTGGTGTGAGATGATATCTCATTGTGGTTT,N,no,no,N,0
chr5,73945649,73945873,GACTTGGGCCCTACTTACTGGATCTCCCCCAGGGCCACAGGGTTGCACACCACCAGGGGGCACTATTCATGCTCTGGCGCACACATACGCGTAGATTCCAACGTGAGTGGAAACTTATGGAGTTGTACAATCCTGCAACCTTGCTTCTGAGCTAGGTTTGCTTACCTCTGAAATGAGGATAATAATAGCTATGTCCGGATCACCTGAAGTCAGGAGTTCGAGACC,"[[73945726, ""A"", [""C""]], [73945816, ""A"", [""C""]]]",yes,yes,A->C,2
chrX,48281628,48282059,CAAAATGTTGGGATTACAGGCGTGATCCACTCTACCCAGGAGGAAAATAATTATTAATTTCTATTGTTATTAAAGAAACCAAAGATTGTGATGCTTGGAAGGTATGTCTACAACTTCCAGATTATGGGCTTCTGGCCAAGCCAACCCATGGTGACATCATCAGGTTTCGCCTCTGCTGGTGGTCAAGGAGGATGAGATTCGAGAGTCCAGTGAAATCAATAACAAGACCATCTTGTCATTCTGAGGGTAGCAGCTGTTTTCACTGGTCCCTGGGAGCCGGCTGGAGACAGGTGGTCCTGTAAAAGCTCTGCTCTTAATGCGGGCACATTCCACTCCCATGTGTCTTCAAAACCTTTTTCTGGAATATATGTGTTTTTCAGTTGATACAAAAATCTATGTTTTTCTCAGTTGATATATAATAGAACAACATTT,N,no,no,N,0
chr7,79930627,79930916,GTTTATTGAGAGGTTTTAACATGCAGCAATGTTGAATTTTATCGAAGGCTTTTTCTGCATCTATTGAAATAATCATGTGGTTTTTGTCTCTGGTTCTGTTCATATGATGAATCACATTTATTGACTGGCATATGTTCAACCAGCATTGCATCATGGGGATGAAGCCTACTTGATCATGGTGAATAAGCTTTTCGATGTGCTGTTGGATTTGGTTTGCCAGTATTTTATTGAGGATTTTTGCACTGATGTTCATCAAGGATATTGGCATGAAGTTTTCTTTTTTTATTGTA,N,no,no,N,0
chr3,170159440,170159858,TTAAGGAAATATCCCACACACAAAAAAAGGCAGTAAGTGAAAAGGTAAACAAGATAAAGGATCAATCCAGAAAGGTCAACATTCAACCAAGAGCTCCAGAAAGAGAAAACAGAAAATTAATTTCTCGTGGATTTGTTCAGTTTCACATATATGATCATTAAAGAACAAAATTAACTTCTTGCAGATTTGTTTAGTTTCACATACATGATCATTAAAAACCTAGTTTCACACTAAGAGGGCCCAACAGGTGTCCTACACAATGACATCTAGACACATTGCCATGAAACTACAAAATAAAAAACTAAAGCAAACAGGCATATCTCAAAGATTCTGGAAAGAAAAAACAGGCAGTTACCCCAGAAGAATGATAATGGAACTAACAACAGCCTTTTCTTCAGCAATACTAAAATTTTGAAAAA,N,no,no,N,0
chr8,65561968,65562437,TAGACCTGGTTCTTGCTGCAAAATGTAGTGAGCAAGGAAAACAACTTTAAGACCAATAAAAATTAAAATAAAATAAAACTCTCATTATGTCTCTTATAAAAGACATGAGAAATGACTTAAAAATTCTAACTGGTTACTCTATGTTTAGAAAGGACCAAATTACAAAGGTTAGTCTATTTTTTGTTAAAGTGCACTTGTAGCAACCTCTCCATAGATGATAAATTTAAATGAACATTTCTCTGCTGCCATCTCGTGGATTATTTAGGTAATGTACTCAAAGGCAAAGGCAAATCCCACTAAAATTTTACCGGATGTGAAAAGTCATATTGATTACTTAGTCATTTATTTGACAGAACACAACATAACTTAATGTATATAGCATGCTACATATAACATATTAAACCTCATCCTAAGAACAAGGTTTAAGATCCTTTCACTTTTAAATGCTGTTAACCTTGATAGAGAAAACA,"[[65562055, ""C"", [""T""]]]",yes,no,C->T,1
chr4,175270972,175271421,TTCCCAAATCATGTGGATTACTTTACTGATAATGAAAAACATTTTTTAAATAACTTTTTATAAGTCCACATTCTATGAAATAAAACAAGCAGCAAAATATACTGAAATAGAGGAGGAAATAAAAGGGCTAACATAAAATAACTTAAAAGTATCTCTAAAGCTTTAGCAACCTATGGGTGGCTCTTTGGAAAATATTGCACATCTCTCAAAAATGTTACTGCCTCTTCCACATCCGGTTCTACTTTCATTTTGTATGTAGGTTACAATGGTTAATTTTAACCTGGTCGTGAGGTGCCCAAATATTTGGTTAAACATTTTTTTTTGGTGTTTCTATGTGTGTGTGTCTTTGGATGAAATTAACATTTAAAGCAGATTGCTCTTGCTAATATATGTGGGCCTCTCCCAATCAGTTGAGGGCCTGAATACAACAAAAATGTTCATCCCCCCTTG,"[[175270997, ""T"", [""C""]]]",yes,no,T->C,1
chr11,3242302,3242563,TAGTTTTGTTACTTGGTTTTGCCCTTCTCCAGTGTTGACTCTCTTCTAGGTAACCACAGGTTCCGGAAGTACCTTTTGCTGCCCGTAATTTTTCCTTTTGCGGGTAGCTTTGAGGCTGGTGGCCTGAGCTGAGACAAACCCACATCTGAGCTTGGTCCAGCCTTAAGGCCAAACCCAATACTCATTCACTGTCATTTTACCTATCACAGATAACAATAGCCATGGGATTGAATATTTTGCTTTTGCCTTATTAGTTTGCATT,"[[3242333, ""A"", [""G""]]]",yes,no,A->G,1
chr10,54700005,54700354,CATTGCAGCATGTTCCCAGCATGAAGGGGCTAAACTAACAAAGCTAGGGGCCTGGCATTAGCCCCCCAGAGTTACTGCAAGCAGGCCCGGAGTACTAAACTAATCTTTGGCCCCCTGAGATCTTCCAGAGACAAAGTCAATCGACTGAACCCACCATATTCCTCTATCAAACTCCCAAGGGAATCAAAGAAGATAAAAGCAAATACCTTATCCAAAGGGCAGCAACTTCCAAGATTGAAGGAACATCTGCCCACACAGATTAGAATGTACCAGCATGAGAACTCTGGACGCTAAAAAATCCAGGGTGATCATCCTCCAGATGATCATGCTAGTTCCCCAGCAATGGTTCT,"[[54700015, ""G"", [""T""]], [54700092, ""T"", [""C""]]]",yes,yes,T->C,2
chr5,180455834,180456328,GGCAGGAGAATAGGGTCTGGAGGCAGAGAACCTAAGGCCACTTTGCTCTGACTTCCTAGAATTGAATCAAAATGAAAACCCCAACTTTCCACACCCAAGTAACAAAAGGATCAGAGGCCACTCCCTTTGCAACTTCCCCCACCTTTCTGGGAGGCAGAAGAAAAATGCAAAGTACCTCTGATTGATCCCCTTCTGCAACCAATCAGACTGGTCATGGGCCTAGTCTTCAATTGCATAGGGGTATAACTTTGTAACTTCAGCCTCTGATTGGTTCCCTCCTGCAACCAATCAGACGTTTGCACAAGGTGTAACTTTGTAACTTCACTTCAGCCTAGGTTGCCTTCTGCAACCAGTCAGACTGGTCAGGGGCCACTCCTTCATTTACATAGGGTATAACCAAGTAACCAATGGGAAACCTCTAGAGGGTATTTAAACCCCGGAAAATTCTGTAACCAGGGACTCTTGAGCTGCTTACTGAAACCCACTCCCACTCTG,"[[180455874, ""A"", [""C""]]]",yes,no,A->C,1
chr13,69090498,69090846,TTTGGTGGATAAAGTGGACATTCATTGGGCCAACTTTACATCATTGTTTACAATCTTAATTAGGTCACTGTTGATTATCTGGGAGAATTCACTTGAAATTGCTTTGAAGCCTTTTCCTTAGGGTTTTGCCTGGGTGTATAAGGAATTGCTCCCTAATTACTATTCCATAGATTGGACTCCTTGCAGGCTCGTTTTCCTGCTAGCAGATCTTTTCTTCATCAAATATTTATTGGAGTTCGCACTGTGTACAGGGCAATGTACTATGAAGTAAAGAAGAAGATAAGGAGTGAGTCAAAGAGATGTGTTCCCAGGTCCCATCAGGTTAGCAGTTTGAAATAGTCACAGGGCA,"[[69090504, ""A"", [""G""]], [69090665, ""C"", [""T""]], [69090784, ""C"", [""G""]]]",yes,yes,A->G,3
chr3,194600855,194601351,TATATTCAGTCTATATTTGAAACTTTACAATCCTGTTTGACCTGCTATTATCTACGTTGAGTTTGGTATTAAGCTATCTCTTTACAGGACCTCAGCGGCTTTGTCATTTGTATTATCTGTATGTTTTAGGGCATGAAGGAGGAAGACTGTGGTGGGAGGTGGGTGAGGGTTATGCGGAGGGAGGCTGCAGCTGCTGAACTTCTAAAAATATATTCCTTTTGCATGGGCAAAAGCGTTCATTTCCACTTGCTTAATTTAAGTATGTGACCCTGTCTTCTTGGAATTTACTTGTTTGTTTTTTTTTTTTGAGGTGGAGTTTCACTCTTTCACCCAGCCTGGAGTGAAGTGGCGTGATCTCGGCTCACTGCAATCTCCGCCCCTCCGGGTTCAAACGATTCTCCTGCCCAGTAGTAGCTGGGATTACAGGCACCCGCCACCACGCCTGGCTAATTTTCTTTTTTTTTTTTAAGATGGAGTTTCGCTCTCGCTGCCCAGGC,"[[194600909, ""T"", [""C""]], [194601322, ""G"", [""A""]]]",yes,yes,G->A,2
chr2,75729920,75730178,AAGTTAATAATTTGTTACCTGTCAGCTAGCTCTTATTGGTAGAATGTTAACTTACCTCTTGCGTATTTCTAAAGAATACTCAGCTACAGTCACTCAGAAAACAGTGGAAATTTGTTTTCGCAAAAAAATTTTTTCTTCCACATGAGGGCACTGTCTACTTTGGATTTGGCTTTGCCAGTTTTGTAAGAACATATTTCCCATTTTGCCCATTGATGTTGTGGCTCCATTTCTAAATCCGTTTAACCCCACTGCACCTATA,"[[75729928, ""C"", [""A""]]]",yes,no,C->A,1
chr15,46715358,46715580,AGAGCATTAGGTTTAGTTAGGAAGAAAAGCATTCCCCCACTTCCCCTGAAATAAGACAGCTCCACACTATAGCATATGGGGTGGTTAGCTGAATACGAAGGTGAGCTTACTCAAGGTGAGGACTGTAGAATCTAGTTATAAATGATATCTCTGAGGTCTCAGAAATCACTGGGGAACATCAGTCTTCTTAAACTGATGGAGTACCTGCTACACTAAGGCGGTA,N,no,no,N,0
chr5,74350543,74350843,GAGGAGGCAGTCTGTCCGTTCTCAGATCTCAAACTCCATGCTGGGAGAACCACTACTCTCTTCAAAGCTGTCAGACAGGGACACTTAAGTCTGCAGAGGTTTCTGCTGCCTTTTGTTTGGCTATGCCCTACCCCCAGAGGTGGAGTCTACAGAGACAGGCAGGCCTCCTTGAGCTGTGGTGGGCTCCACCCTGTTCAAGCTTCCCGGCCACTTTGTTTACCTACTCAAGCCTCAGCAATGGCGGGCACCCCCCCACCCCCAGCCTTGCTGCTGCCTTGCAGTTCGATCTCAGACTGCTGTG,N,no,no,N,0
chrX,49346168,49346467,GACAGGGTTTCGTTATGTTGCACAGGTTGTTCCCGAACTCCTGACCTCAGGTGATCCACCTGCCTCGACCATTGAAATTGCCGGGATTACAGGCGAGAGCCACCGTGCCCGACCCAGCATTATATTTTTAATAACAGAGAGGTAACAATACTGCGTCTTTAGTAACAGAGTTCTTATATAAAGGTTATTTGAAACGTAGTTCAGGCCCCAGCACCCGGCTGATAGACTGTCAGATAGGGAAACAAAGTGAGTCAAAGCTATGTTGAATTAAAAGTTTTGAGTATAAATCCTTAAACCAGT,N,no,no,N,0
chrX,4764956,4765224,CTAGCTTGTAATGGATGTTGTACTACAAACCTTACAATTTTACATAAAAAAAAAAGCATGATGAAGAGTACGTGACATGCCAGAGATGGAGTATTGTGTTGGAATGTAAGGAAATGACTCACTGAAGGGATATTTGGGCACAGAAAGTGAAGAGAGAGGACAAGTATATCTGCAGAGAGCATGGTCAAAGCAGGGAAAACATCAAGTACCAAAATCCTAACCACAAGGAAACAAGTATACGAGGTGATGGATATGTTAATCAACTTGAT,N,no,no,N,0
chr18,10958236,10958505,AAATAAGCCAGGCACAGAAAGACAACTACTGAATAAGCTCGCTTTATGTGGCATCTAAAAAAGTCCATCTCATAGAAACAGAAACTAGAAAGGTTGCCATCAGGGGCTGGGGTAAAGGGGGAAGTTGAGGAGACGGTAAAGGGAGGGGAAGTTGAGGAGAGGGACTTCAAAACATGCTGTTCAAAGGGTAGAAAGTTTCAGTTAGACTGAAGACTAAGTGTTTGCAATCTATTGCACTGCATGGTGACCATAAGTAATAATAATGTATTA,"[[10958369, ""G"", [""C""]]]",yes,no,G->C,1
chr9,81673936,81674398,TCCTTTATTCTCTCCGTACCAGACCAAGACGCAGATCAATGTTAAGACCCTCTTTCCTAAACCGAAAGCAACCTTTTTATTTTCACTCACTAATCCATAGAGGCCTTTCAAATGGCACAAATAACGGTGGCTGCATTTTGTTCTCTAAATCAATTTTCTCCCCAGCCATCAACTAGATGTTCCCACACAGAGAAAGAACAGCCCTTCCCTTCTAATTCAAAAATCCATACTGCCATTGCCCTTGCAAACTGCTAAACAAGCAGTATCAGCAAGTCACTTGTGTTCTGTAATACATTTACTGCAAATCCCAATGGCTTGCCTTCTAATGCAGTTTTCTATTGTGTCTGTGCGTGTCAATACACTGGCTGGCCACTGTACTTATAAGAAGCTCTGACCAGCTGTTTGCTCAAGGCATCAAGAGGGCACCAAGAGGAAACAAAGACTGTGCTCCTGAGGAGCAACC,"[[81673951, ""A"", [""G""]], [81674380, ""A"", [""G""]]]",yes,yes,A->G,2
chr8,56435851,56436184,ACTAATTGCTAGTGGAGTTATTAAGAAAAAACCCAAAACATATATATGACACAATTCCATGCAGTAGTTAAAGTGCATCAGGTAGACTCACAAGTTGATGTAGAAATATTGCCAAGATACACAAAGTGAAAGAAACGTGGCAGAATAAAGTGTACACAATCATAGCAGCATTATTTGCAATAGCCAAAACCTGGAAACCATCCAGGCATCCACGAGTAATGAAATGGAACTGTCGTATTTTCATACAATTGAATAGTCTGTGGCAATAAAAAGAATGAACCATGTCGATATGCAACACCATGGATGAATCTCACAAATCAAATATGGAGCCAAA,"[[56435888, ""G"", [""A""]], [56435943, ""T"", [""A""]]]",yes,yes,T->A,2
chr15,37216072,37216501,AGGCTGACACATATCATTGGAATATTGGATTAAATAAGGTTTTATATTAGCTTGCTTTTGATATCTTTTATCAGTTGAAGTTTTATCTACATTGTCTTATAACAACATCTGTTTTTTTTCTTTTTTTTTCTAAATAGGAAAAGAACCAAAATTACCACGTCCCTTTAAAGAAAAGAGAAACCAGGGCAAAAGTAAGGTGATAGGAAACTTCTATAGGTAGTTGTTGTGAATTCAGTAATTAATGAGACTGAAACATGAGAATAGCTGATTCAGTTCCTATTACCCTTTTTGGATTCAGGCAGGAAAATGATGTCAAAAACATCTACTTCTGGAGCTCTCAGAAGTAAGCTGGGTATCTTTCAGGTAATGAAGCAAGACACATGGGCTGTTGTTTCCTGGAAGCTGCAACAATCACCGAAGTTTTTAGAAG,"[[37216080, ""C"", [""A""]]]",yes,no,C->A,1
chr2,129404352,129404585,TGTATCTCCAGCTTTCCTACTGCAGATCGTGGATTTCTCAATCTCTATAATTGCCCATAACGAGAGAAACAGAGAGATCACTTCTGTGTCCCTGGAGAACCCAGACTAAAACAGCTGGGGTAGCTCAAATAGAAGTAACAGAATACCCTGTAAACTCTCAGCCATGGCTCACCTCTTGTGCCTTCATCTGAGCCATGGCCAGCTTCACAGGGACTTTGACTTTCAAGTGATGTG,"[[129404379, ""T"", [""C""]]]",yes,no,T->C,1
chr1,118989336,118989753,CCATTCTTAATTCCCACACCTCTTCCCAAGTTACGCCACCGGTCGAGGACGGCAGGAGACCCCCGAGTGCAGAGAAAGCTCAAACCGGCAGCGAAGTCGGTCCTAGCCAAGCTGAAAAAACGTCTCGGATTTCGCGGACAGCGGCCTAGACACAACCCGATCTTCCAGTCCTAGTGCCCTGGTCGAGACGGTTCTATCCTTTTGCAAAGAAGCCGGAAAGAGCTGGGTCCCGGGGGCGGGGGACAGACTAAGAGGCCAAGCAGGCCAGTCGTGACGACAGCCAGGCCCTTAGAAGTCTCCAAACCTGAAAGTTTAGGTTAGGGGGCCCACAGCCTGTTAAGATTTCTTGTTGTTGTTTTCGCGAGGCCCGGGAGAATCAGCTCTCCCACCTTGCGGCAAGAAAAGATGACTTGTCAGG,"[[118989490, ""G"", [""A""]], [118989585, ""G"", [""A""]]]",yes,yes,G->A,2
chr12,20748261,20748587,TACCAAAAAATTTAAATTACAATGAATAACTGTATAACTTTTACTGGGATTTATCAACTGTGTCCAAAAACCAGAAATCTCTCTCCTCTGTTTCTCTGAGCATACAAATATTTTGCTGAATCATTTGAAAATAAGTAGTGAACATGCTGACACCTCACTCCCAAAGCCCTCAACTTGTGTTCTTCTACTAGAGCAAATCTATATATAGACTTGTCCTATATAACCACAATACCATTCTCACACTTCAGAAATTCAACATTGATATGCTACTCTATCTAATATAATCCCTCATTCAAATTTCTTTCATTATAACAATAGTGTCTTCTA,N,no,no,N,0
chr3,173708969,173709393,GTGGTATTATTTCCTTCTTGACATATTTATAGGGAATTTAGTTATTGAGAAATGTAGGTTAGGTATGTGAAAGACACAAAGCATACCAAATAATTTAGACACAGACGTAAGTATAGCCATGAGTGTCTGTGTTAGTCAGGAAAGTCTAGGTTTTGTTATGGCAGCAATCACACTAATTTAGTGATTTAAAAATACCGAGGTTTATTTCTCATTTGCGCTGTATCTATCATGAGTCAGCCCAGGGCTCTGTTCTGCAACATGGTCCTTCTAACACTGGAGTTCAGCCAGACCTAGCAGTCACCCTTTTGTTCTTAGAAGTTGTAGTAAAGAGGGAAAAGAGAACAATGGCAAATCTTGCATTACCCATTATGTGCTCAGTCCAGAAGAAATACTTGCTCCTCTGACCATAACTCATTGACAAAAAA,"[[173709030, ""T"", [""G""]]]",yes,no,T->G,1
chr17,46282704,46283063,AAGTCACCTTGCCTGGCCTTTCACTTTTATTTTAGGTAAACTGCTTTTAAAATACCCTCTTAGAAACCATCTTCCTTGCTACAGAAGAGAGAAAGCACCCCGTGGCTTTTCCTCAAAGGAAGATCACTGTGGGGGCTGGGCGCGGTGGCTCATGCCTGTTATCCCAGCATTTTGGGAGGCCGAAGCGAGCGGATCACCTGAGGTCAGGAGTTTGAGACCATCCTGGCCAACACAGTGAAACCTCATCTCTACTAAAACTACCAAAATTAGTCGGGTGTGATGGCACGTGCCTGTAGTCCCAACTACGCGGGAGGCTGAGGCAGGAGAATCGCTTGAACCTGGGAGGCAGAGGTTGTATTG,N,no,no,N,0
chr11,84000071,84000311,TAAAGAATCTCAGTGATATAGAAGAGAATTATGAAAACCAATATAAAGAAATCAGAAAAACAATTCAGGATATGAATGACAAATTTATCAAAGAGATAGATATCATACCAAAGAACCAAACAGAAATTCTGAAACTGACAAATTCATTGAATATATCAGAAAATACATTTGAAAGCTTCAACACTAGATTAGATGAAGAAGAATCTCCGAACTTTCAGAAAGGTCTTTTGAAATAAACCAG,"[[84000114, ""C"", [""T""]], [84000179, ""A"", [""C""]], [84000286, ""A"", [""C""]]]",yes,yes,C->T,3
chr9,115240697,115241113,CTCAAAGCTTCCTTGGACTCAAAGTTTCCTTTTTATTTATTTTTTCAGTGGCAGGACATGAAGGGGACAGAGCGAAAACCCTCAGCCCACATTTACTACTAGTAAGCCATGAAATAAACAAGTCCTGACCATCCTTACCACATGTTTTCTTGGAACAAAAGGGATGTGGGTATGACAGATCCAACTTTTGCTATGAACTGTGAACTAGCATATTTTTAACTTGGCTTCTGAGGTTGGTGAAGGAAACTTTCTTGTCCTTTGCTAATAAAATGCAGATCGTTCTTCTTCCAAAGTTCCTAAATCCCCAAAGTCTGAATCTCATCTTCTTCAAGGATAAGAATAGATTTGTAATTCAGTAAGCCTCAATGGGCATCATCACCATTCTTCCTTCCAGATAGCTTTTTAAAGTGCGTGACA,"[[115240974, ""G"", [""C""]], [115241108, ""T"", [""G""]]]",yes,yes,G->C,2
chr17,65518211,65518646,ACTCCCAAGGCTGGGCTTTCAGAGCAGCTGAATCTAAGGACCCAAGTAAAGTCATAGGACTTAGTGGATCTTTTTCTTTACCCCCACCCTGCCATCTTGTGGCTCCTATTTCCTTCTTAGTGGCTTCAATCCCAAAATAGGAGCCTTTCATACCATGGCCCCCAGAAGCCTAAGGATTTGGTTATCCCATTTCAGAAACTTCAACAGGGAGAGAGCACCGCATTCTCTGAATTCATGGCACAAGTCCCAGGTGTGACTCTCATTGGAACAACTTAAGTCACATGTCCCTCCCTGGACCAATCACAGTAGCCAAAATGATAAGCTCTACTAATTGGCCAGATCATATGAGCATCTTTGCAGCCGAAGGGTGCTCCCCAAAGGAATACCAAGATGTTAACATCAGGAGGTGAAAACATGGATGTTGGGCCAGCTAAAA,"[[65518238, ""T"", [""C""]]]",yes,no,T->C,1
chr2,226526720,226527168,TATTTAAATCTATAAGTTATGTTAACACAAATTAAAACCAAAACAAAATGTATCAAAATTGAGTCAGAGTACAAATAGGACATAGGACTATGATGTGTATTATTTAGACTGAAGCTGACTTTGCAGGAAGCCAAAACATCCAGTTGATTCAATTAAAGAAAAGAGAAACTCAGTTGATCCAGATGTCTGGCATCATAAAATCCAAACACAGGAATGATTGATTGAATCTTTGACGTGATTCACCAGATGTTTTAGCCTCTTGGAGACAGACTAAAAGGAAAGGATTCGGATGGGTTTCAAATTCCTTCATTTCTCCCTGGGTACCCAGTGTGAATCTTCTTTGTTTACAATTTAGTTACCTTCTCCAACTACTCCCTGAACCGTTTAGTAATGTTATCTCACATTCTTATTCAGACTGAATCTTGGGATATTCCAATCAAGTAACAGAT,N,no,no,N,0
chr13,103638796,103639148,CTTTTCCAAGCTCACTGTTTTTGGCAAAACCCATGGCTGTATGATCAAGGCTCCCATTTTCCTTCTGTCTTTCAAAGACCTCTTCGAGCTTCTATTCCTTGCTGAGTGGCCCCTAGGGGATGTTCATAACAGGATCTTTGCCCTCTCCCATTCCAGCTGGAATGCAATCTCTGAGATCCTCTTTTGTGACCAGCTGGAGGAAATTCTCCACTTTTAAAGAGCCCATGTGATTATTTCAGGCCTACCCTGATTATCTCCCAATTTTAAGGTCAACTGATTTGAGGCCTTAATTACATCTGCAAAATCCCTTCACAGCAGCACCCCAATTAGTGCTTGATTGAATAACTAGAAGA,"[[103638846, ""T"", [""C""]], [103638966, ""T"", [""C""]]]",yes,yes,T->C,2
chr12,43113191,43113516,GCCCCTTCATATTTCTGTATTAAATAGGCCCAGTGTCTGTGACCTTTATTTAGACAGACAATTTTCCAACCATTTAATTATTTTCATTGCTCTTCTTTGGACTTGTTTCAAACTCTCTTTCATTGGGTGGGCCCCAAGTGGTCACAGCGTTGCAGTACAGTGCTGACTAAATGGGAAGTTACTTCACTGGAAACACATAGCGTGAGCTGGATCTCTTTTTTTCCACATGGCTACACCTCATTTTATGCAACCTCACTATGTGAAAATCCAGATATAGCTTAAACTTTACAAGAAGATTCACCATAAGTGAACCTCTAGAAAAATTG,"[[43113208, ""C"", [""T""]]]",yes,no,C->T,1
chr10,35250464,35250716,AGAGTCAGAATCTTCTGAAATGTTTACTATAAATACATATCCCTGGGTCTCATTCTAGAACTGCCGGGTGAAAATCTTTGGAAGAGAAGTTTGAGAACCTGTTAAACAAGCTCTCTAGGTAATTCTGTGCACGTTCAGTCTGAGAACTGCTGCATCTGAAGAGGTAAGCCCAGACTGCTGTCAAGGTCAATTCTGCCTAATAGAGCCTCTTCCTGACATTCTGCCATTTCCATGACCATTTGGTGAGAAGTAC,"[[35250482, ""G"", [""A""]]]",yes,no,G->A,1
chr17,59917465,59917836,TCTCACTCTGTTTCCCAGGCTGGAGTGTGGTGGTGTGATCATACTTCACTGTAACCTGTAACTCCTGGGCTCAAGCGATCCTCCTGCCACAACTTCTGAGTAGCTAGGACTGCAGATGCATGCCACCACGCCCAGTTCATTTTTAAAATGTTTCGTAGAGACAAGGTCTTCCTGTGTTTCCCCGGCTGGCCTGGAACTCCTGGCCTCAAGCAGTTGTTCTGTTTTGGCTCCCAAAGTGTTGGGATTACAGGCATGTGCCACTGTGCCCAGCCTATTTTTATTCTTTTAATCTTAAAGCTTTAGTCTTTCAGTTCTAGGAAATTTTCTTATGTGATTTATTTGGTAATTTCCTTCCCACTGTTTTCTCTTCTT,N,no,no,N,0
chr14,42575197,42575443,AACTCATTTTGGAAGGCCAGTATTACACTGATACCAAAACCAGACAAAGACACAACTAAAAAAGAAAACTACAGGCTAATATCTCTGATGAACATACATGCAAAAAATCCTCAACAAAATACTAATCAAATTCAATCACACATTTTAAAAAATCATTTATCATGACCAAGTGAGATTCATTCCAGGAATGCAAGGATGGTTTAATATACACAGATCAATGTGATACATCATATCCACAGAATGAAGG,"[[42575342, ""A"", [""T""]]]",yes,no,A->T,1
chrX,138771005,138771415,CTACAGTGTAAAGAATGGGGTCCCAGGCCACGGTGGGGGATTTTGGAGGTGACATTACACCGATGGACCTCCACAGCTTTTTCAGACTCTGAAATACTATACATCTAAAATGAGTAAACTAAAGAAAAATTTCTATGCAAGCCTACATATAATTAGCATGCATCCTTGCTCCTGCTTAAATTATTATGTAAGTTGGTTGTACTCAGCTGATAACCCATTCACCAAATCAGACATCTGCTACTCATTTGTTTCTAAGGAAGTGAAGACAATTCGGCAGGATTCCCACTATGATGAAACAAGTTAAAATTGGTCTTACTGCTGTAACTCAATTATGTAATCTGGAAATTATAATTAGTATATAGGTTTGCCAGATGAAATATAGGGTGCCAATTTAAATTTGAATTTCAGATA,N,no,no,N,0
chr5,127969009,127969383,AACTTTCATAAATATCTAGAACATAAAGTCGACCTGACCATTATAGTATTCCAAAGTCTTAATATGTGGCTCATGAATGAGAAACTATTTTGATTGTATCATGTTGTCCTAAGAAAGGCTTTGTGCTAGAAGTCAGCATGTGTTTTAGTTTGCAATGTGTCAGTAACGGCTGTGAAACTTTGAGTTAGGTAATTGGTTGCTGGGGTGACCAACTTATTCCCAGTTGCCTGGGACTTTCCCAGTTGTAGCACTGAAAGTGCTGCATCCCAGGAAACCTCTTACTTAGCTCAGGGCAAACCACCATATTGGTTGGTATCTCTGAACCTTAATTTCCTCATTTGTAAAATGGGATAACTGAATTAAATAATCTGTAAA,N,no,no,N,0
chr5,98060230,98060486,TGGTATGCATAGAAGTATCTTAAATTTGCATAAATAATATTGTGTTAAGTTGCTGATTCTTACTTTCTCCACTTACCAGTGCTTGTAAGGTCTCCCTGTTTTGCTACATCTGCATCCTGTCAGTTGCTTTTCATCCTCTCAGAAACAGACACCTGCACTATGCTTAACAGTACAACATCACACACAGACACAGAAAGCTGTAATGGGCATTCCCATTCTTGTTCTCCTATTTACCTGTCTTAAAATCCTCAGCAACA,"[[98060234, ""G"", [""A""]]]",yes,no,G->A,1
chr2,120693118,120693529,AGTTAGGTCCCAGTCTTGGATTTTTAAATACCCTTCTCCACTCAAAGAACCAGGCCTCCCTGGAGAAATAGGTGGTTCCAGGTCTGGGCTGGAAAAGACAAGGCAAATCTTGGATGTCTGGTGCCAGAAACAAGGGTGTTATTGAAGACTAATCAGGGCCAGGATAAACAGACATAGGAAGTTGTCTGATGGGTTTCCACTGACTAATGCTGGGGCCATGAGGACATCAGAAACAATACTGATGGAGATGACACATCGATCTGCCTAACATCACCCTAACCAGGGGATGTCACCAGCATCACTGTTAGTCCAACAACCTGGCCTCATGTGCCTCTGAAGCCATGCACCAAGAAGGACCCCACGTTCCCCACATAGGATTTGTGCAGAAAACCTGATTCTAGTCACGAAGGAA,"[[120693212, ""G"", [""A""]]]",yes,no,G->A,1
chr6,101090353,101090643,TGAGTCCATTGTCTTTCTCATTTGTGTGTTTGCTTTACCAGTGAGTTTTATACTTTTTTGTGTTGTCACTATGGTAAATGTTGTTCTTTCAAGTTTAGGAATCCCTTGAGTATTTCTCATAGGTCTGTTCTAGTGGTGATTCATCCCCTCAGCATTTGCTTGCCTGAGAATGACTTTATTTCTCCTTCATTCATGAAGAATAATCTTAATGGAAATAATATCCTTGGGTGACAGGTTTTTTTCCAGCACTTTCAGTATGTCATTTTATTCTCTACTGGGCTTTAAGGTTTC,N,no,no,N,0
chr10,61183979,61184369,TAGTCAACAAATTCTAGTCAAAAGGAACAGTGTATACAAAAGCTCTGATTATTATCTAAGGAAAAGCTTAGATTATTTGTGGTACTTCAGAATGTCTGGAGCAGAAAATATGAGAGAGCAAGTAGTCAAAGATGATCCTGGAGAAGACAGCTGGGGACAGGTCTCGTGATGCTTCAGCAGCTGTCATGTGTTGCTGCCAGCTTGATATAAGTTCAACAGAGTCAGTTGCTAAATAGGAATTTTTCAAGCTATGGTTCAACAGCTATTATTAAAAATTAAGTTGCTGGGTGTGGTGATGCCCCTGTAGTCCCAGATACTTGGGAGGCTGAGACATGAGTATTGCTTGGGCCCAGAGTTCAAGGCCAGCCTTGTGCAACATAGTGAAATCTCA,N,no,no,N,0
chr6,110921189,110921423,TGGAACACCCCATATGCAACTGAATCTAGCATTATTGACTTTAAATTTTTTGAGCCTGCTTAAAGGCCAGATGCTGTCAGCTGCTGAACAACATCTACAGAAACCAGCTGCAAAGACAGAAGCAGAACAACTGGTTTGGTGGAGAGATCTGATAACAAAAAGTTGGGAAATAGGTAAAATAATAACTTGGGGTGCAGGTTATGCTTGTGTTTCTCCAGGACCAAATCAACAGCTG,"[[110921248, ""C"", [""T""]], [110921264, ""A"", [""G""]]]",yes,yes,C->T,2
chr14,21518823,21519056,GAAAAAGCGGGGTGGGGATTCAGGCTTAGTGCTGGCCTGCCCAGGGAAGTATCCATCAATAAAAGCCTCACTGACAGCTGTTACCATAATGGGAACTGGCACCTAAAGAGAGGGCAAGTCTGGTTTAATTAGTTAAATGGCATTATCTGTGTCCAGTGGGGGTGGGAGAGGTTAAGGGGATGGAATGATTGGTGACCCACCTCCTTCCACAGGCTGAGAGAAAAAGCAGATCTA,"[[21518849, ""C"", [""T""]]]",yes,no,C->T,1
chr4,177092824,177093255,GAGCTATAGTCTTGTGTTAAATTTTTTAAAGAGTATACCTCACAAGACACACTCTGTGCTACTAGCCCTTTAAACAAAGTTCATGCCATATGACAGAAATAAATAATGGGTTTGCAAATTACACCATCCAATTGGTCTCCTGCATATTTGGCTTTGTGTCCTTGGAGTGATTTTCAACATCATTAAGTGAAAAGCCCATCATTTCCCAAGTAACAAGGGATGAAGCACATACAGAGATTGACTTGGCGTGTGTTACATAAACTTTCTGTTTTAGATTTGAAGAATTTACATAACACCGAAACAAAACAACACCCTGCAAACATATTTGTACAGTCAGTTAAATTTCTCTACAGTCCCATTCTATAGTCAGCCCTGCCAAGGTTACTCTGGCTGTTAAATTTTATGACATAATTTTTAATACAGTAATATTTT,"[[177092845, ""A"", [""T""]]]",yes,no,A->T,1
chr1,190176784,190177165,TCCCTTAGGCTTTCTCATTCTTACTTTTGCTGCTTGGGATCAAGAAGCAGTTAGCTCTTTTAACTCTGGAGAAATGAAATCTCTGACTTTGTTTCATGTACCAAAGAGAGCTCATCTGCTTCTTTTAACACATGGCCAAACACAGCCATTAGTCATCAACCCAAAACACAAAGGCTTTGCTTCTTAACCTCTTTCTATGGAGCTAAAATTGCATGGGGCAAATGGCCTCCCTTGCAAGTAATTGCAGATGACTGTATTACCACAGGATAACATGAGCTGACATATTTTTTTGCTACATCTCCAATTGACTACTAGGCCAAAATCTTCATGGTTTTGTTTGTTGGTTTGTCATGGAAGCACCCACTTCTTTTTTTTTTTTTTT,"[[190176822, ""G"", [""A""]]]",yes,no,G->A,1
chr10,46857720,46858035,GCAACAGCAACAAAACACTTAGGAAACAATAGAAATTTCTGTCCCTGTTCTAAATGTTAACTTTAAAGGTTTGATTAGGAATTTATTTTTTAGTGCAGAAACATGCTTTTCTTTTTCAAAACACAAACATTATAATACAGAGCTAGTTAAAATCTACACATTTCCCTTATAAAGGCAGAGGCCCTCATGCAACCATCATCTTTAGAAATAGAAGTCCCTGTAAAACCACAATGTGTAGCTTTTTGACTGTTTATGCATTAACAGCATTTTTTGTTTTTAGCCTTGGAAATACATCAGAAATAGATCTCCTGACTGT,N,no,no,N,0
chr13,80577232,80577496,AGAGGAGGAAATATTGTCACACCAAGAAGTCACAATACCTATCCATTTTAAACTTCACATTTGGGAAACCAGGAATCTTTGAGAAACAATACAGAAAATTTACTAAAGAAAGAAATACAGGAACAACCAGCAATCCTAAGAGGAGCCACAGACCCTCTAAAGGAAGCAGACTGCTACTGCAGGACCTGGGAGACACCCCAAATACTGTGAGTGCCCCAACTGCACAAGTGGGAAGGGGAGAGCCTCCTCCCCCAGTACATCCCTG,"[[80577495, ""C"", [""T""]], [80577496, ""T"", [""G""]]]",yes,yes,C->T,2
chr6,7880404,7880710,AAAAAAACACGGAAGCACAGTTGGAGGTGGGACGATGAGACTTTGAAACTATCTCATGCCAGTGCCTTATTACCCAGGAAGATTTTAAAGGACCTCATTAATAATTTGCTCACTTGGTAAATGACGTGAGTAGTTGTTGGTCTGTAGCAAGCTGAGTTTGGATGTCTGTAGCATAAGGTCTGGTAACTGCAGAAACATAACCGTGAAGCTCTTCCTACCCTCCTCCCCCAAAAACCCACCAAAATTAGTTTTAGCTGTAGATCAAGCTATTTGGGGTGTTTGTTAGTAAATAGGGAAAATAATCTCA,N,no,no,N,0
chr6,38420235,38420574,CTCTCTGAAGAGATTTTTCTTTAATGACTTTATAAGAGTTATTGTGCATATTAAGGACCAGTAGAAAACAACAGAGTGGCACTGAAACGCTTATACTGGGCAGGAAACTATACTCACAAGCTGAGAAATGTATTCAGCACACATGGGGTAATAGCAGCAGTGACTCAGACTTGTGCATCAATAAAATCCCTGGGTCATGGACCTTTGAGAATGTTTCTCACTTGTTAAATCCATATCCAACAGTAGGATTTCTCAAAATAATGGAATATCATGCAGCCATTAAAATTGGTACCTGTGATGGCTACACAGAGAAGGTTAAAAAAAATAATAATAACATCCT,N,no,no,N,0
chr10,102549551,102549881,AGCCTTGTGGCTCACAGGACATGTATCCTTAGCAAACAAAGTGGATGCCTATTAATAGCTTGAAGGAATAAGGAGCATGAACAAGGGAGATTTTCAGCAGTGTTGCCTCAATCATCCAGGAAGGAATGTTCCAGAGCCACAAAATTTGGAACTCATAATTCAGAGTGCCAGCAGTAGAATTTGGCCAGGCCAAGGTCACATCCACATACCCGCAGCTGGCAGGAGGATGAGGCAAGAGTTCTGGTTCCTTATGGGCTTCTCAGGTTCCCTCCCCACAAGGCTCACATCCTGGGATACTCCTCTGAATGGAGGATTTGGATACTGAGGCCAC,"[[102549593, ""A"", [""G""]]]",yes,no,A->G,1
chr22,34983945,34984324,CCCATCTTGGCCGAGACAGGCTGGAAAGTTGCTCTCCTGAGGGCTCCCACCCAAAGATCCCACTCATACATCAGCCTTCAAGCAGGAACAGCTCCCACAGCTATAAGGAAGAGACATCTGTCCCTCCCCTTCCCACTGACACCCAGAATGAGTCTAATTAGATTGTCTCTGCTCTCAGCTGCCACTATGCTTGGTGCCATGGAAGTGCAGCAAGAGGGTGACGTGAGACACAGATGCCCAGAAATGTCAGGTATTTGCCAATCCCAGGGGTCAGGCACTTTGGCTGGGATGGAGAACCTGCAGTCAAACCACAGAGATCTGTAGAGGGTGGACAGTGAGTTGAGGCCCAGATAGGAACTGTTTTTCTGGAAGGAAGTGAA,"[[34983948, ""G"", [""A""]], [34984134, ""G"", [""C""]]]",yes,yes,G->C,2
chr22,28477562,28477925,GTGGAGTTTATTTGGATTCTGATTCAAAACAAGATGGAAAAGAAAATCATTTACATCATTTGTGGTAGATAGATTGCATTAACAGATCCAATGAGTGGCCTTCCTGAATTCACCCAGCTTTCCAGCATCTTTGTAGTCACCTCCCACTCTGACTTACTTTGACCAATGGGATGTCAGCAAAGGTAAGGCAAGCAGAGCCTTGAAAATCACTCATTCTTTCCCACCTGCCCTCTCGTACAACTGGTCTTTGTTCTTTCCCTTCTGGCTTCACCATGAAAACATGCCCAACACTGCCTGCTTAAGGAAAAGACATGTGGGACAAAATCAAGTCAGTCCAATTGAAGCCCAAGATGCAGGAGACAGA,"[[28477759, ""G"", [""C""]]]",yes,no,G->C,1
chr1,217425555,217425935,TCCATAATGGGGCCAAGACCTCCCAAGCACTAAAAAGAGCGAGCTGACATGCTGGATAAACTGTTAATTTTTTCCTGAAGAAGCTGCTATATTGCACATCTGTCACTGCAGTGCAGACAATTACTCACTGAGTCAGGGAAAAAAATCTGCCGCTTGTTTCTAGCTGAGTTGTTAAGGGACTTAATGGAGAAATACCATGGCGTGGGAGTCAAAACATGCTGGTTTCCCATGTGCTTGGCAATTGTTCCCTCCTTTTGGAAGACTGTCTTGTAATATTAAAACATGTGAAGTAGACTAAGATGTGTGTTTAGAAAAACAGCAAAGGAATTAGAAGAGGTACAATAAAAGGACAGGCATATAAAGATGTGGGACGATCAAGAA,"[[217425750, ""A"", [""C""]], [217425776, ""C"", [""G""]]]",yes,yes,A->C,2
chr1,246038499,246038813,TACCTATCCACCTGTGCCTCGGGTAACTCTCAGGCCACTGTATTCTAGACGTTAAAAAACACTTCTCGACACAAATACGAATCCTATCAAAAGAAAATTAGAAAAGTGTTTTCTAGGTGATCGCTGTATAAAAATTTCACAAATCACCCATTCTATCAGGCTTTGCCTAGCTCCAACATCTTTCCGACATCAGTGACATGGGGGCATCTGTTAGAGTTCTTACAACCAGGGGATCTCTCGGGATTTCCACTTCATACTCATTCTTCTGTTCCTGCATGACTGTGCTCCAGGGTCTAAAGGCTCCTAGCCTTAGTT,"[[246038510, ""A"", [""C""]], [246038725, ""T"", [""C""]]]",yes,yes,T->C,2
chr4,120366954,120367248,TGTATAATCTCTGCATTCCTTGGTTCTCTCTCCTGCAAATAGGTAAAATAATACCAAATCACAAGGGTGAGTGAGGGGAAGGGACATCCCCTCTTAGACTCCAGCTATAGTCATCCAGCCACATGTCAACAGCTGAGCTCCCATCCATCTGTTCTCAGTTCTGATGCAAGCAGGTGCTTCCTTCTCAGTCTTACCTCATGGTTTCTCTAACTTGGCTACATCTCGACCTCATCTCTCTTAACTCCAAGAAACATAGATTATCTTAGAAACATTTTTCTAAACACATCTGTAGCCA,N,no,no,N,0
chr5,16425053,16425372,CCTGTGACCTGCACGTACACATCCAGATGGCCGGTTCCTGCCTTAACTGACAACATTCCACCACAAAAGAAGTGAAAATGGCCTGTTCCTGCCTTAACTGATGACATTGTCTTGTGAAATTCTTTCTCCTGGCTCATCCTGGCTCAAAAGCTCCCCTACTGAGCACCTTGTGACCCCCACTCTGCCCGCCAGAGAACAACCCCCCTTTGACTGCAATTTTCCTTTACCTACCCAAATCCTATAAAACAGCCCCACCCCTATCTCCCTTCGCTGACTCTCTTTTCGGACTCAGCCCACCTGCACCCAGGTGAAATAAACAG,N,no,no,N,0
chr17,49266250,49266693,AGGCATAAGCCACCATGCGCAGCCAATACATGGCCCCTATTTCTATCACCTTGAGATGACTTGCTGGGGAAGCTGAAGACCTGATTTTCCAGCTGCCTGAAGGTAGTGGGCTGGGAGTTGTGTCCCTATGCAGCAGTCTAGGAAGGGCCATTATTATGTTCAGACTTGACGGAGCATCCATCAGCAGGACCAGACCTGCCTGGGCAGTAGAGGGAGGAAATGAGAGACAACCTCTCAGGCAGATACACCGTGCTAGACAGCAGCAGTGAAGATGTGAATCCTTCAAATCTTGGCATAGCCTGGAGGGAAACCAGGGTCTAATTGGTCTAGTTGTTCCATTTATCTGGGCAAGGAGAGGAGAGGTACTTTCCACTTCTCACTCTGTTTGTAGGCACCATAAGTATTTAGCCTGATGAGTCTGAACATTTGCTTCTTGATTATGTG,"[[49266268, ""C"", [""G""]]]",yes,no,C->G,1
chr6,94060760,94060997,TACTTCTTAATTTGAAGTTGAACCTGGTCAAATTAAGAAGTAACCAATTCTCACAGTTCTGTTGCAGAAGCACACCTGGGTCTCCAGGTGCCTTCATGTGAGAGGAAGTCACGCTTGGCAAGTGTCATTACTGTTGAATTAGATGACTAAGTCACAGAACAGTGAAAAAAACTCATAAAGATTTCATCATGGAAGTATGTACATAACACAGCCACTACGTAGACTCCTATGCTTCTGA,N,no,no,N,0
chr15,80439180,80439613,TGAGTACATCTAGAATGCAGATTTACATTTGAAAGTGAACATGCAGACTTGAGCAATAAGTTCATGTGGCATGGCTTATTTGTAGTATTGATGTTGTTATGCTGTAGACGTAGAGATGGTGGTGACCTGAGTATCGTAAGGCCATTGATCATGCACAAGTTCAGGGATGCCAGAAATGATCTTGCAATAGGTATTTGACTGTTTGTCCTTTCAAAGGCCAAGGCATTCATTTAGAAGCCATGGCCAAATAATAGGTTTTGGGCAAATAGTGTAGCTGAAGCTGAACTTTGATGGGTCCCTGATAAATATGTTTGCATATATGATTCTGTATCCTGCTCCATTAACTTACTCTTAGCATTTTCCTATAACATTATCTTTGAAATCATGATATTTAAAGGTTAAGTAATTTTTATCTGGGAGTATTCCATAAGTTA,"[[80439224, ""G"", [""A""]]]",yes,no,G->A,1
chr9,8668830,8669186,GCAAATTATTCCAAAAGTTAGAGATAGCTTGCAGTGAGCAAGCCAGAAGCTTGTGGGAACAATTACATACCTTGAGCTCAGACCAAAATATACCAGAGCAGATCCTGCTACAAGTACCTCCCCTCAGCCTGTCCACCCCTTCCCCAGCTGTCACAAGAAGAGGATCAAAGAGGAGCACTGAACAGCTTTGTGGGGAGTTCAGCGGAGAGAGAGAAGACTCAATTCTCTCTCCTCTCTATGGGAAAGGGGAGGGAGGTACTCCTTGCCCCAAAGTGATGAGGTTTCAAAATCAGCACTCAGAAGATTAGGGATGCATGTAGGCAGACAGTGGCCTCTTATTCCTTGGTTGGATGCACA,"[[8668835, ""G"", [""T""]]]",yes,no,G->T,1
chr1,222060619,222060935,CACTGAAAACAGCACAAAGGAGGCTGCTCTATACCACTTGGCTCTCTGTGCAAAACTCGCTTTCAATTATCTTGATCCATATTGAACTCCCCCACCTCCTGTTAGCATCACAGCTTCTAGGAAACAGGCACACAAAGCAAGAGCAATTACCACACCATCACCCAAAACATAAATCAATAGTAACAAATGGCCCAGCATTTTCACATTGTTTATCCTAGCCCTTCCCTGCACCACATGGAGTCAAACTTGCTTTTCTTCCTTTATTTTATGAAATTACTGCATATAAACCAACTTTGTCATTAAGTCGGAAGCTGGGG,"[[222060708, ""T"", [""C""]]]",yes,no,T->C,1
chr7,125966280,125966629,CCTCATTGTACTCTGTTTCTCAATATTTCTACCCAATGACTGTATCTTATACATAGCTGTTAATTTAGAAAGACCTGTTCCTCTGTTCTGCTGACAATCTTTTCTTTAGATTATCTCATCCAGTTCTAAGTCTTAAAACAACCTGTGTAAACTGAAGACTCACAGATTCACATCACTAGCTATTTCCTCTTTTACTGAGTCTAAGCTATATATATCCACATATCTATTTGCTACTTCAGCTTGCATGTCTAGTACCTCAAACCCTGCAATGCTAGAGTAGAACTGTTCCCTCCCTTACACACATGCACACACACACTTCAATTCCATCCAAGGTTTATCTCAGTTGAGTT,"[[125966294, ""C"", [""G""]], [125966391, ""G"", [""T""]], [125966488, ""C"", [""T""]]]",yes,yes,C->T,3
chr12,57211801,57212183,GCAGCAGCCAGGACGTAGGTGGCAGGGGTTGGGGCAGGCAGGGCCACTGGGACCTAGAGCAGGGGGACCGTGTGCCTCCTGCTTCCCTGAGCCTTGGTGACTCAGTGTCCCACCTCTTCCCTCCAGATATAGCCTCCATCCTAATCCCTCTGCTGTTGCTGCTGCTGCTGGTTCTGGTGGCCGGAGTGGTATTCTGGTATAAGCGGCGAGTCCAAGGGTGAGTCACAGGGATTCTGGAACATTCTGGTCATTATTTTGCCATCCTAGCCTTCCCCCCCAATAATCTCTGTCTCCTTATACTCCTGCCTTTCCCCAGGGCTAAGGGCTTCCAGCACCAACGGATGACCAACGGGGCCATGAACGTGGAGATTGGAAACCCCACC,"[[57211848, ""C"", [""T""]]]",yes,no,C->T,1
chr15,64166414,64166719,TGAGACACTAATTTCAGAAGCTCACTTGTCACTTGTTTAACCTCTGAGAATACTCAGGAACACATGGTTCCCAGCAGCTTGGGCTGGGTCTTTATGGAAGTGAAATGCACATAGATGAACACACGCACTCACGTGCGCACACACACCACACACACACACAGACACGCAGTCACACACTTCCATCTGTAAATATATTTCTCCCCAAAGAAATGGCTCATCTTTCCTGAGACATTCCTAATAGACTGATAAGCCTTCTAAAAAAGGCTTTTGGTGCAAGGGCTGGCCTGGGATTTGGTCTGGAGCTCA,N,no,no,N,0
chr13,64617825,64618105,TAGTAAGTTACTATCTTTTAGAACTTTCATGATTGACTAGGGAAATGGAATTGTATGTTAATCACATCAGGAAGAAAATTTTAACTTTGTATTTAAGTATTACTAGAGATTGAGAAAAGCATTCATCCCTTACTGGGGAAGGAGCAAAATCCGTTGCTGTCCTGTGGCTCTGAGAAATAGGCCACACTAATAATCAATAACCATATGTTTGGCTTTGTTCATGTGTATGTGTGAACTTCAGTTTTCCAGAAATAATGGGCTAAGTTATCAGGGAAAACTCT,"[[64617873, ""G"", [""A""]]]",yes,no,G->A,1
chr14,60619188,60619448,GCAGGTCAGCCAGAAGAAAATAAAAGAGTGTGACAAAGGAAAATTCAAAGAGGAAGTAAACAGAACAAATTTGCATTCCTTTAAACCACCTAAAAACCTAATGTTGTAAATGGAGTGGTTTAGAAAGGAATGCATCCAAGGTCCATTCACAGCCCTCTGCCTTGGTTATCAAGGTGGTGGTGGATGACTTCTGGAATCAAGATGCCCAGAGACGTGAGGAGGGGTCAGGAAGACTGGCAGAGAAAGCTGGCTGCATCCTGG,N,no,no,N,0
chr11,59841525,59841953,AAATCTCCATTTGAAAGTTGCATAACTTCGTTAAGGGTGCTAGTGTTACTGACAACCAGAAGTAAATCAGTCCAAATTTTTGGAGGCAGAGATGCCCCAGAAATGTGTGAGGTCCCAGATGTGAAAGGGAGACCAGTCTGTTCTTAACCCCCAGGGAGGATCCTAGAGCAGTGGTTCACCTGTTTGTCTGACAGAAACTGAAACAAGAGAGGTTGCTGATGGGGCATGCATAAGGGAGTGAAAACCTGAGATAATACTATTGCTTAGAGAGTTGGCAGAGGAGAAAAGGTGATCATGAATGCGGGCTGTGACAGTGGCCCCCACAGAGAAGGATCATTATCCATAGAAGGGGACAGAAGGAGGACATGATGTTGTAGAGGGAAAAACTTCTATTCACAAGCAGCCATATGCTTGCAGAACAAAGACGCA,"[[59841592, ""A"", [""C""]], [59841910, ""G"", [""A""]]]",yes,yes,A->C,2
chr3,35677896,35678161,TAATCAGTTACAAAAATATTTGTGATCCATATGTTCCTCTCTGCTCATTCCCATATGCCCATTTTCTCTTTTATCTTGGTAGATGATGACTTTATGATTCAGGCATGCAAGAATAATACCTCGCTGACTTTAGAGCTCGGTGCTATTTCAAAACGTGTCCTGGTAATTACGCATACACATATATCCAGGCTGTCCCTGCTTTGAGTTAGTTATGTGAATATCAGTTTGTTCTTTCTCTCTTCCTGGAAAGAATTATATCTTGCATC,N,no,no,N,0
chr20,38315289,38315661,AGTAATGGCCTGAATGAATGAATGAAGGAATGAAATGTCATGATGCCAGGAGGGTCTGGAAATGGTGAGAAGTGAGCCAGGGAGTCTGCCCCCAGGGAATACAGCATGTAGGGCTGGTGTCTGAGGGAAGGAAGAGCCTGCGTCAGTACAAAGTGTGCATGAAGGGAAGAGCAGGGAGGGAGCTGGGATCCCACCAGGATTTGCTGCGATCTGGAGCCATCTGTTGGCCCTGATGGGTGAGCAACACTGATGACAATGCCTGAGGGGCAGCTCAGGAGTCCAGCAGGGCCTCAGCTGCCAGCTGTGCTGTCCTCTGTTCCTGGGTCCTTTGGAAAAGAGGTGCAGGTTCCTTGGAGAATGCCAGTCCAGGTCC,"[[38315293, ""C"", [""A""]]]",yes,no,C->A,1
chr1,13572801,13573130,CTTCCTCATAAATCAACCTTTTTCAATTACCTGCTCCACCCTGACTCATTCTGATCACCTGCTCCACCCTAACTCATTCCAATTATCTGCTACCTGCTCTGCCCTGACTCCCTCCAAAGCACTCACCCCGTCATTCTCTTTAAATTAGCCAATCGGAATTAGTTTAGCCTGTGCAGTCTAACCCTAGCCAATAGGGGAAGGACACAGCAGCAGGGGCCATGTGTGTCAGGAATAAGAACCCCTTCCCCTCCCTTGTCCAAGTGTGCACTCACCATTGTTCCATCTGTAAAGGCACACCGTTCTATAGAGAAGTAACTTGCCTTGCTGAGA,"[[13572813, ""G"", [""T""]]]",yes,no,G->T,1
chr8,76761912,76762275,TTGTTTGGGCTACTTAGTACTACTATCACTGGGTTGAATACTCTAAAAATTGAAAGGTCATTTGGAGAAAAATTACTAACAAATAAAATCAAGATTTTTAGAATGCTTTCTTGGAGTGGGTCTACTCCTCTGGAGGACAGCCAGTAGTTCAATGAAAACAGATTGAGTTGCTTTACAAGAGAGTGTTTTGTTCTAATAGATACCATCATGAATGAGTAAGACACCATCCCCACTAGTGCTACAAAGAAAGTATGACTAGTTTCTGGTCCAGGACACCCAATTATATTCTAGGGATTTATAGATATAGCCTCTTGGAGATTATAGGAAGTATGAAGTCAGGAGAAAAGAAAAAGGTATAGAGTAC,"[[76761923, ""G"", [""A""]]]",yes,no,G->A,1
chrX,24267049,24267322,CTCAAAAAATAAATAAGTAATAATAAAATAATAAATACATTAAAAGGTCACATTCTGTGACTCAGTCACACTGTTAGAGTCACAATAAGTCATGTCATGCTTCATCAGCAAGTCGTCTCAGTCCAACAGTGGTATTCGGTATTTTCTCATGCCTGATTCAAACCTCTGTAGGCTTGAGTGGGTGGTATTTTGGGGGCCATGTCACCATTACTCATCCACTCATCCAGTCAAGCAACCAAGCATTCATACCTTTAGTTGTTTATTCATTCGTTTG,N,no,no,N,0
chr5,165326177,165326605,TACCTGCACTGTTCTATAATAGCTCAAGATTTTCCATGTTGTTGCAGTGAAGATATAACCAGGAACTGCAGCCACTTGAAGGCTTGATGTGGCTGAAGGAGTTACTTCCAGTACGGATTACTTACATGGCTGTTAGCAGGGGGCCTCAGTTCCTTGCTGTGTGAGTCTCTTCTCTCCATAGGACTGCTTGAGTACCCTCATGACATGACAGATGGCTTTCCCCAGAGCAAGAAATGCAAAAGAGAAAGGCAGGAGTCACAATATCTTTTGGGACCAGCCACAGATGCCACATACTGTCACTACCACAATATCCTAATTGCTACACTAGTCAACCTTATTCACTGTGGGAGGACACTACATAAGTCTATACATTTTAGGAGGTAGGAATCATTGAGGTACAGCTTTAACCATATTGTTTTTCAATTTTTA,"[[165326184, ""T"", [""A""]]]",yes,no,T->A,1
chr5,33758801,33759121,GATACTGGTGGGATAAGGAGAAGGCACTCTATATGTCAGTTCCAACTCTCTCTCTCCTCATGGCCACAGAAGTAACTTTCTCACAACTGCAAAGTTTGTGTGTCTCACCAACAAGCAGGGAGGGGAGGAAAATTCTTCTCTAGGGAGAGGCCTGCCCTTAGTTAACACAAAACAGATCAGATGATACCCCACTAACCGAAGTAGAACCAGTGGTGACTGAGTCTAGAAAAATCTGAGCAGGGACAGAATTAATCAATTTCTCTTTTTTCCTTTTTGATAGAGTCTTAGAGCTGGAAGCCATGGCCGAGGCTTCTAATCAAG,"[[33758829, ""A"", [""C""]]]",yes,no,A->C,1
chr3,117184535,117185014,TGATCCTGGCAGATAAAACTGAGCACTAAGAAAAAAAACAAAAAAGCTCCATTCCCTGGGCTTCTTTTTGGCTAGTGCTCTTGTTACTTGCATCAACAATCACACGAATACTTGTGTGACTTTAATTGGGAACTGGAACGGTGGGGTAGTCACAGCATATCTATAGTTTTAGTAAGGAGTCTGGCAAAGAAAGTAGAGTTTGGAGTGAGTAATTTCAGTGGCAGCTTCCTGACATTGCTACAACTTGATCAAAGTAGAATGGAGATAGTTCTGGAGTTGGCAGCTGTGATAGCAGCTTTCTAATTGGGTGAGTGGCTTTCTGATTCAGTAGCTTTCTAGACTCTAGACCACGGCAAAGATAACAGCTTACCTAGTGGCCTAGCTCTCTGGTGTGGTTTTAGAAGTTATTTTTCGGAGTTTGGTCTGGAATTTGTTTCTTCAGGGTTCTCAGTGATTCTCAACTATCTTTATCTTCTAATA,"[[117184573, ""A"", [""C""]]]",yes,no,A->C,1
chr1,51134746,51135232,TCTAAAAGAAATGGATAAATTCCTGGACACATACTTCCTAACACTGAACCAGGAAGAAATTTAATCACTGAACAGACCAATAATAAGTTATGAAATTCAGTCAGTGGTAAATAGCCTATCAACCAGAAAAAGCCCAGGACCAGATGGACTCATAGCTGAACTCTACCAGATGTGCAAAGAAGAGCTAGTACCATTCCTGCTGAAACTATTCAAAAAAATTAAGGAGGAGGGACTCCTCCCTGACTCATTCTATGAGGCCAGCATCATCCTGATACCAAAACCTGGCAGAGACACAAAACAAAAAGAAAACTTCAGGCCTATATCTTTGAAGAACATTGATGCAACAATCCTCAACAAAATACTGGCAAACCAAATCCAGCAGCACATGAGAAAGCTTATTCACCATGATCAAGTAGGCTTTATTCCTGGGATGCAAGGTTGGTTCAACATACACAAATCAATAAATGTGATTCATCATATAAACAGA,"[[51134835, ""G"", [""A""]]]",yes,no,G->A,1
chr12,90396630,90396939,TATAAGAAAACAAGAATATTAGAAAACAAACAGAAACTACAAAACAAGAGCAACCAGAAATTCTGGAGCTGAAAAATACACTAAAAAATACACTAAATGAAGTAAAAAGTTTATTAGAGGGGTTCACCTGATTAATTCCAGAAGCTTCGAGAACTTTAAGTGTAATTAATCCAAAGAGAAACACAATGAGATGCATTATAATAAAACTCTGTAATTCAAAGACAGAATATTGAAAGTAGTAAAAGTGACTCTTTATATACAAGAGAATGTCCATAAGATTATCAGCAGATTTCACAAAAGAAATCTTGCA,"[[90396743, ""C"", [""T""]], [90396840, ""C"", [""G""]]]",yes,yes,C->G,2
chr13,45592698,45593046,TAAAAAAACTAAAAGGGGGTCTCATTATGGGGTGGCTTCACTCTATAGCATGTTCTGTGGCAGCAGGAGAGCAATGTAGCCTGGAGGCTCCTCTACTGCCTTTCTTCTTGTAAGATTAGAAGAGTATTTTATACCTTACAATTGTGTGGTACAGGGGAGTTTCAAAGCAGTTTCAGGTATGTTACTTCATTTACTTATTACAACCCACTGTGAGAAAGGTGTTTTTGCACATGGGGAAACTGAAACCTAGAGATGGTAAGTGACATGCCCAAGGTCTAGACTCCACCGTGTGCTGGGTTTTCTGACTTGGACACCACAGCACTCACACCCATGTTGTGCATCCAAAATC,"[[45592733, ""T"", [""C""]], [45592743, ""C"", [""T""]]]",yes,yes,C->T,2
chr3,10791630,10791965,GCTCCTTGGAGGAAAGGATGTTTGGCTGAGAGCTGGAGAGTGAGGAGGAGCCTGCTATGAGAAAAGCAACGGGGAAGAGCTTCCAAGGCAGTGGGGAACAGATGGACAAAGGCAGGAAGGCTGGGATGTGAGTGAAGCAATGATGTGCAGGAAGCTGGCTTGTGCCATCAGTGAGAGCCAGTTCTGAGCATCTGGCGCCAACTGTGTTCAGTGAGGTCACCATGGTGGCTTGGAATATGCAAATAATGTGGGAAATCAGCAAATTCTATCAATCTGGATTTTTTTTTTCTCAGAAAACCACCAGCTGTACAGCAATGACCATAGCTTGGCAGACCT,"[[10791644, ""G"", [""A""]]]",yes,no,G->A,1
chr6,123606834,123607092,CAAAGAAATGTATGACTATTAAAATAGAAATGCTCATCTTTATACTATATACAATCATCTTTACCATTAGTGGCACATGTTACATGTTGGCAAGCACTAATCTAGATACTGAGGTCCCCTGGGAATTTGTTGCCTCTGGGAGTCCCCCCACACATTGATAAGCCTGAGTTTTTGCCTTTGCCTCCACTGAAAGAATCTTGAGGGTTCTCTTCTTACAAAACAATTTGAAAACACTGCAAAGCTTTCAGACACAGTCACA,"[[123606959, ""C"", [""T""]]]",yes,no,C->T,1
chr5,82042985,82043193,GGTCCACTTGACAGTGCTCCAGTGGGGACTCTGTGTAGGGGCTCCAACCCCACATTTTCCCTCTGCACTGCCCTAGTAGAGGCTCTCCATGAGGGCTCCACCCCTGCAGCAGACTTCTGCCTGGACATATAGGCATTTCCATACATCCTCTGAAATCTAGGTGTAGGTTCCCAAACCTCAATTCTTGCCTTCTGCGCACCTGCAGGCCC,"[[82043180, ""A"", [""G""]]]",yes,no,A->G,1
chr9,26129280,26129568,ATCAGCTTATATGTTAAATATCTAAGAAACTGCATTTAGGTTTTTCTCAACCTGAATCTGCAGACTCAAGCTATCCACATACAATTTGTATGAGCACAAGATTAGCAGCCATACTGCTCTGATTCATCTGATTTTAATGGAACCCTTGGGGATTGACTCAATGCAGCTGACTGGTTTTTTCCTATATTAAATTGTCCCTAATGTGACTGGCTACATCATAATATTATAGACTATGGACTATTTGTCATAGATGTTTCTATGTTTGCTTCTCTGCAAATTTAAGAAAGTT,N,no,no,N,0
chr7,91824231,91824684,TCCAGGCTGCTACTGGGGAGTGTCTGCAAAGAGTCCTGTGATGTGATCCATCTTCAGTTTTCTCAGCCCTGGATACCAGCACCTGCTCTGATAGAGATAGCAGGTGAGTAAAGTAGACTCTGTGAGGGTCCTTGGTTGCAGTTTTGTTTACTGTGCTAGTTTTGGGTTTGTTGGCCTCCAGCCAAGAGGTGGCACTTTCAAAACAGCATCAGCTGTGGTACTATAGAGAGGATACAGGCTTACCCTAGTGTCACCTGGAAAAGTTTCTCAGGTAGTTGGTGTGGCCATACAGCTCCCAAGAGATTATGTCCTTTGTCTTCAGCTACCAGGGTGGGTAGAGAAAGACCATAAGTTTGGGGCAGGGTAAGGCATGTCTGAGCTCAGACTCTCCTCAGGCAGTGCTTGCTGAGGCTGCTGTGGGGAATGGGGGTGTCATTTTCAGGCCAATGGAGTT,"[[91824321, ""G"", [""A""]]]",yes,no,G->A,1
chr10,97921807,97922048,AGTTCTCTGAGGCCTGGGAGACTGAAGTCAGGGGCTAAGCAGGGTGTGAGCAAGCTTCTGGACGCCTGCCTCTTGTGCTGCAGTGCCAGGTCATCTTTTTTTTTTTTTTTCATTTCACATAGTGCCTTTGTCCTGTGGTTAAATGCGTGGGTGTGCAGATGACCTTGTTAGGACAGAGTGCATCTCTTTGTGATTAACCTGCATGCCTCTCCCCCCAGTTCTCTGAGAAGTTGCCCACGTTA,"[[97921879, ""C"", [""T""]]]",yes,no,C->T,1
chr5,4252411,4252664,TGCACAGTAGATAGTAATCTGTCGTCATCATCATTGCCATGCTATTTCTCTGGAGGTCAAGAGAGGCTTACAAAAACAAATAATATTAGTCTCCCAACCAGTTCAAAGCTCTGGACGAAATAGTCAAGACCGAGATCTAGGCAGCGTGCCAGTGCTGCTAGGTGAACTTCAACTTTCTTGTAAAAACTGCACACACAGAAAGGTAGCAAATAACTCAATGCCACTTTTAAATTTTGCACTCAGCAGCTCAATCA,"[[4252421, ""G"", [""A""]]]",yes,no,G->A,1
chr16,77469637,77470009,CTCCCTGTTCCTCATCTGCCGAGTGAAGCTGTCTAAGAAGGTTGGGGCAATATTCCTCTCTTCTCCTGTTCCAAATGTGGTTTTATCCTGCCAAATCTAGCCTGTAGGTATTGGCCAACTGGGACAAGAGGGGTCTCAGCTTGCCAACTTCGAGGCCAAGACCATCTGGTGTGTGAGAAAGACATGTGTGATGATGACCTCAGGGATGAGATGACACCAGCCCCAAAGCCCCTGGGGACCCTGCAGTTCCGTTCTTCCAAAGAGTCCAGTGATGGTCTCTTCCTTCCTATGACATAGGAGACTACCCTGTGTTTATTGTTCCCACAGCCCAGTCCCAGGGTGGGCCTTCTGTGACTGCTTCTCAGCCCCACCC,"[[77469648, ""C"", [""T""]]]",yes,no,C->T,1
chrX,85913448,85913709,GCCAAAGTCAAAGAAGATGATGTGAAGACAGGAGTAGACGTCAGAATGATCCCACTGTTGGAAGTGGGGCACATGCCAAGGAATGCAGGCAGCTTCTATATGCTAGAAAAGACAAGGAACAGATTCTCCCCTAGTGGCCCGAGAAGAAATGCAGCCCTGCCAACCAGTTTTAAACTTCTGACCTCCAGGATGGTAAGATAATAAATTTGTGTTGTTATAAGCTACTAAGTTTGTTATGGCACCAATAGGAAAGTAATAAAAA,N,no,no,N,0
chr13,108193756,108194224,GTGGAAAAATCTGCCATTTTCAAATTTCAGTATTCCTATTCTTCTCCGGAAGTCATCAGGAGAGAACACATTCCCTCTGCTCATGTCAGTTCCTCAGAATTTAAAGAAAGCTGCCATGTACACTGAAAATTTTCCTGGTCAAACTTCAAGGCTTCCCTGGTAACTGTCCTATCACTGTTCTGTATTTCAGATTTCACCCCCAAAATGAGTTACCCAGGAATGAATTCCATCAGCATGCATGTGAAGCTGATTCATGCAGGTAAATATGTTCCAGCAGGATTTGACAAAGCCAAACTCTACAGCTCTGACTTATGCCTCAACAAGGACACCTAATCCAGTTTTACCCCAGTATGTTGCTGATGAAAAAAACCCAACCCTGTACAACATTTGAAGAGATTTTTTCAGAGCCAAATGTGAGGGCTTTGACCTGTGACACAGCCTCAGGAGGTCCTAAGAATATGTGCCTAAG,"[[108193798, ""C"", [""T""]], [108193866, ""T"", [""C""]]]",yes,yes,C->T,2
chr5,7725821,7726276,GCTACTAAGTCACAAAATATACCCCCCAAAATTCTAGTAAACAGAAAGTGATCATTTAAAAATGCAGCTTTACATTCCCCATGTACACATATTTGCAGATGCCGACTTTAAAGCAAATTTTAGAGAGCAGCAAGACTTAAGCTCAGTTTTTGTCCATCTGTCCTCAGCCTGCCCGTCAGAGCATGAGGTAGGGCAAGAGGTCACAAGAGCTATCAGAAGATAAATCTCTGGAGACCCCTCAGAGATCCCTCATGCAGCACTAAACTAGAGAGGCTAAAATCCCAGAAATACATATGTGTCCCTATAACTTGGGAAAGTTTATGCAAATGTAGCCAATGCAACCTGACAGTATTTTCAGGAGGTTTCAATGGCATTGGCACAAAATTTTATTTCCTTTAATTTTACCATACAACCTTTCATAAGGCAGTTGAGCCTCATGTTTGAGAGTCTGAGTTC,"[[7726239, ""G"", [""A""]], [7726260, ""G"", [""T""]]]",yes,yes,G->T,2
chr4,187799614,187800070,CCCATGGGCCTGTGGTGGTGGCAGCCACCAGGGGAGTCTCCTCTACCTGTGCTAAGGGGAAGGAAGAGCGAGGAGGGCTACATCTCATGGTTTAAGGGCCAACTCAGCTGAAGTGTAATATAACACTAGGTAGATTTCTAAGGTTTTTGACTCCAGTCCCTGGCTCCTGGAAAGCACCTTTTGACCCTCCTGGGGCCTGGGGGCACTCAGTGTCCTGAAGCCTGGCTGGCTTTGCCATCTGCTTATCACAGAGCTCTAGGGCCTTGAGCAAACCTAGGTGGTAGCCAGATAGTGGTTATAGGAAGCCTTGGGTGATACCCAGCACTGTGCTGGTTTCAGGTCTGACTCAGCAGTCTCAGTGGTGGTGGCCACAGGGGTGCTCGTGTCACTCCACCCCCCGGTCCAGGCAGCTCACTACAGAGAGAGAGAGAGGCTCCATTTGTTTGTGAGAAAGTAA,"[[187799646, ""C"", [""G""]]]",yes,no,C->G,1
chrX,92221343,92221603,TCCAGGTATGGTGCAGATTGGTTCTGGTCCGAGGCAAAGTTGGCTATCACCTCAAGTGGCTGAACAGGCTGAGAACCTTCAGAAGTATCTATAGAGGAAGGCTAGATAAAGGCCAGAGACATTATATGTCTGTGCCTCTTTGTTGATTTTGGCAGGAGTTATTGTTAAGGAAACAAAAATTCTGTTGATTCAAGTTTGTATATCAGCTTATTTGATCAGCATGTTATATGCTGAAAATACTTACTTTGACTAATCTAGAAC,N,no,no,N,0
chr10,74474059,74474415,ATATTTAATAATTCAAATTCTTTAAGGAAGATTTGTCTCTTTGCTTCCATTTTTAATATTCTTTAATTTTTTTTTCGAGATGGGTTCTCACTCTATATCTCAGGTTGGAGTGCAGTGGTGTGATCGTCACTCACTGCTGCCTCAACCTTCTGGGCTCAAGTGATCTACCTGAGTAGCTAGGACTATAGGCATGTGCCACCACGCCCAATTAACTAATTCTTTTTTTAAGAGGCAGGGCCTCACTGTGTTACCGAGCCTAGTCTCAAATGCCTGAACTCAAGTGATCTTCCCTCCTCAGCCTCCCAAAGTGCTGAGATCACATGTGTGACCCACCACACCTAGTCTGTATTCGTTTTT,"[[74474186, ""G"", [""C""]], [74474400, ""C"", [""G""]]]",yes,yes,G->C,2
chr2,205724423,205724702,TGACTAGATTGGTACAACTGCTTAGACTTGGACTTCACCCTTCCACCAAAGATATTTTGTGGAGCTTCTAGTATGTGCCAGGCACCAAGCAAGGAATTAAAAACTATCACTCTGATCACAGCTGCTGTGGGACCTGCAGTCCCTCAGCACTGAGCAACATCTTCAAATCAGCTGCTCTTGGACATGTGTTTCAAATATGCTGCCATTTCTACTTAAAAACCCAAACGATAACTTTTTTTTTTTTTTTTTTTTTTTTTTGAGACAGAGTCTCTCTCTGTTG,"[[205724477, ""G"", [""T""]]]",yes,no,G->T,1
chr7,32224355,32224706,AGTGAGACTCCATCTCAAAAAAACAAAAGACTGCAGGCTTTAGAGTCAGGCAGACCTAACTTGGAATCCTGACTCCTCTGCCATCTTACCAAACCTCTCTGAGTCACTTTCCTTGTAGGTAAAAATGTCACAATACTCACTCCTCGGGGTTGTCAGGATGAGGGATAAAATATGTAAAACACTTACAACGGTCTTGGCACATGACCATGATGAGCTGCTCAGTAAGAGGTAGATGGTGGTGGTGGTATTATTTGTTTAAGGTCTATTTGTATTAAAGAAACATGTGTAGAGACACTTCCTTAACATTGTTTGCATCTTCACTGAGCACGTGTGCGACACATAAATCTCAATA,"[[32224378, ""A"", [""C""]]]",yes,no,A->C,1
chr6,125546354,125546604,CAAATGTAAAGGGACTCCATTATTTTTCTCTAGGTTCATCTCTTCCATGCTGGAATTAACATACTGTTCATCAGACATTCAGCAAAATGCTTGCCATCTGACAAGCTAAACTGAAAGCACTTCCTCTCCCAGAGGAATTTAATTACAAGGACAACTGTTGTCTCTGTTAGTCTAGCATAGACCCCAAATGATTCATCCATTCAAGAGCAGTTACATGTAGTATCAAAGGGGCAAAACCTAGGGAGGGTACA,"[[125546393, ""T"", [""C""]]]",yes,no,T->C,1
chr1,173383373,173383672,TTAGTGAGGTATCATTTAAACCAAGATCCATTAACATTTTTAAAATTTTACTTTATCATACTTAACAAACAAAAAGGAGAGCAAAATGGAAAAAGCTGATATGTCTGTCTGTGGTTTGTATAGCTTGGGATTCATTCATTCACATATTGAAGATTACCTCATTTCCTTTTCAGATTCTGGAAAGACACACTGTGGTTTTGGGAATATCTGTTTGAATATTAAACCAGTTATTCTCAGAAAGAATGGAAAAATGCTCTGAATAAGAAAATCTTGAATTCCCACAGAGAATTAAGCAATTTA,"[[173383558, ""G"", [""C""]], [173383621, ""C"", [""A""]]]",yes,yes,C->A,2
chr10,106864031,106864305,TTGATTCTTCAAAATCCGCACAGTATGTAGCCTGTGTGAAGTTAATTCAATTATTAGAAACTTAGTATAGAAAAAAATCTAAAGTTGGCTCACTAGAAACAGGTAGTGTGCTTGGCTGTCATGGAGAAAAATGAAAGTAGTGAGTAAATACATATTCAACTGAAACAACCAGGTGCTCACATTGGGACTAATCAAGAGAACAACTCAGTCCACGGAGAACAGAGAAAAGCAAGGCAGAATGACGGTCCACCAGGGAGCAACACAAAGCCAGGGTA,"[[106864045, ""C"", [""T""]]]",yes,no,C->T,1
chr12,70213766,70214164,CCTTGCAGAAAACTTACACACAAATATTGTTTTACATGATGGTGTTCTCTAAGTCCCATAGGCTTTCTTCACTCTTTATCATTCTTTTTCCTCTGCTCTAATTTCAAATGACCTGTTTTCAGTCTCACTGGTTCTTTCTTCTGACTGATCAAATCTGTTGTTAAATCTATCTATGGAATTTTTCAGTTCAAGCATTGTGTTCTTCAGCTCCAGAATTTTTAAATGCCTTCTCTTTGTTGAACTCATTTCCTTATGTATTGTTTTCCTGATAATTGTTTAGTTGTCTAGCTGTGTTCTCTGGGAGCTTACTAAGTTTCTTGAAGACAATTATTTTCAATTCTTTGTCAGGCAGTTTTATTTGTAATCCTTGTGGTGTTGTGTTGGTGTTTGTCTATTTGG,"[[70213770, ""C"", [""G""]]]",yes,no,C->G,1
chrX,96566910,96567238,CCTCTTAGGAGCAACATGAAGTTAATTAAGCTAATGTGATTGTCTAAAAAGCATGTCTAGTGGAAGAAATGTAACTGAAAGCAAAATGAAGAACTTTCAGACCTAAGAAACTCATTCCAACATGTTCTCATCTGGTCTCAATATGGAATCAGTCCGCAGTTATTTTAAAAACTGTTTAAGATTCGTAAAAGTCACACGACTGGTGGGAAAATTCTTGGCAGTTGAAATATTTACAAATGCAAAGTGAATCATGTTGTGAAAGTACTATCTGCAGCTTCCTTAATTAAATCAATTGCATATTGATTTATTCATTAAAGCTAAAATGTAAA,N,no,no,N,0
chr6,73768592,73769051,GGAAGGAGTGAGGCCATCTAGGATAATATGTAGAAGCAGAGCTGGGCTTTCATTAATCTATTTAATTAGCTGGAAACTAGCCCAGGGCAACTTTTCAATGAGCTTGATTACCCTGCATGTGAGGATCTGTGTGGAGTCTGGTCTCCAAGTGCACCAGTGCCTTTTATAGCCTAATGTGACCAGCTTGAGTAGGAAATCCCTTTGGACCCCAGCTCTGAAAAGAAACCTGATTGCATCATCTCATGTATATAAGAATGAGCCATTGCTGTCACTAACAACTGCTGCCCTCTCCATCCTCTTATGTAAAAAATTATTCCTTTAAATAGTGATTTGCAGAGTATGGTTCTTCTATTTCTTTTTCCTTTATTTGTTAAAATATTTGAGAAGTAACAGTAGTGATCTGTACTTTCTTTTTTAAAATTTGTATTTATTTATTTTTTGAGACTAGGTTATAAGACTG,"[[73768620, ""C"", [""T""]]]",yes,no,C->T,1
chr9,2597624,2597885,CATGTTTCATCAACCCTCCATTTTACACATGAGGAAAAGGAGGTTTTAAGGGATTATATGAACCCCAGCTGGTAAATGCTGGAACTAGCATTAGAATCCAGGCAGATGCTCTAGTGACATTTGACTCATATTCTTGCTGCTGCCCGGAAGAGGCACTTACTGAGCAGTCTGGCTGGAAATTTGAACTTTGAGGATCTTCTAACTTCTAGTAGGATGAGGAAACTTTTCACTTCAGTCTCACTTTGTTTGATGTTTTATGTTT,"[[2597685, ""C"", [""A""]], [2597846, ""G"", [""C""]]]",yes,yes,G->C,2
chr5,98826835,98827103,CCCGAAGCTGAAGAACTTGGAGTCCAATGTTCGAGAGAAGGAAGCATCCAGCACCACAGGAGAAAGATATAGGCTGGGAGGCTAAGCCAGTCTAGTCTTTCCATATACTTCTGCCTGCTTTATTCTGGCTGCTCCGACAGCTGATTAGATTGTGCCCACCCAGATTGAGGGTAGGTCTGCCTCTCCTAGTCCACTGACTCAAATATTAATCTCCTCTGGCACCACCCTTACAGACACAGCCAGGAACAACACTTTGCATCCTTCAAGCC,N,no,no,N,0
chr7,143618480,143618833,TCCCAGAGTGCCTCACAGAATAAGTGTCCAGTAAGGATATGTTGACTTTCACTGAATGGCGTCTGTTTTCTCCCAAGTAAAAGGAAAGATCTGGGGCCTGCACCTTTGCATAAGCAGTAACCATTTCGAAGCTTATCCAACCCACCTTATTTTCGTTGTTGTTGTTGTTGTTCCGTTTTCTTTTATTTTAGGTTTCTAGCTGCCTGAACTCACGGTTTTTAGTTTCTGTCTCTAGTGAAAGGGGAAAAGAGGGATGAGGAAGGGGTTTTACTCGCCTAACCAAAAACAGAAACTAAGAACCCATGACTGTATTCTCTCTCGGACACCCTTTAGTCAGAACGTAAATGCTGGTTA,N,no,no,N,0
chr1,31217566,31217976,GGCTCTAGCAGCAGACTCTTGCCCATAATTGGGCAGAGAGTAGCTGACTGCTTCCACCCACTGGGGGATCTTATTCTTGCTCCAGGTATTTTTGTCTGGAATTACACGCCCAGTCTCCATCCCTCCTGGAAGTGGCATCAGCCTGCTTCCTGGAACAGCACATGAAGGGCCTCAGTGCCAGGCTCCCTGTCCTCTCCTGGGGCAGTGAGGAAAGGAGACAGGAGTTGGACCTAACAGGCCCCACTGTGTCCCTGGGGTTCTGTGTACTCATCTGTATAAACAAAGGGCTGCAGGGATGTTCTCTAGGGACCCTCTTGGCTCCTGGATTCCAGGATTCTGTGCCTGGGAGGACTCCATTCAGCAAACAATCATGATTTATGCTTCATAGGCACTCCTGTCCTCTAAGCACCT,"[[31217645, ""T"", [""C""]]]",yes,no,T->C,1
chr2,41458066,41458497,ACAACACACGACCCCATATTTTATCAGATCCAGTGGACTGAAAGTGTCAGCATTTTTTAAAGAACTTAGATTCATGTTTCTAGGTGACTGTCAGCAAACCCAGGAAGCACATTCTGACACTGGCATAGAAACTCACAAAACCAGAAGAATGTTACAGAAAGGACAAATGCTACTGAGCCTGAACTATTTTCATAGGTTTGAGAGGTGAAATCCTGCAGAAAGAGAGAAAGAGAGAACTTCATTTGTCCTCTCTATAACATTCTTCTGGTTTGTGAGTTTCTATACCACTGTCAGAATGTGCTTCCTGGGTTTACAGTGAAAATCTGCTCAGCTGACTTCTCACCTCACTTTGGGTCAGCAGATGGCCTGGCACTTTTTATTTAGACAGTGTTCATGATAATGCAAGCAAAAATATGTAGAGACTTTAATAAA,"[[41458075, ""C"", [""G""]], [41458164, ""A"", [""C""]], [41458185, ""G"", [""C""]]]",yes,yes,G->C,3
chr9,109442663,109443105,TGGGCAGACATGAAAATACAGTAAGAGCTAACACTTGACACGTGCCATGCACTATTCTAATAGTTTTACATACAGTCACTCATTTCATCTTCACTACAACCCTTGAAGGAGACACTTATTATCCTCATGGGTCAGGTAATGAAACTGAGGTCTGGAGAAGCTCAAAGTCGGGCAGGTACAAGTGGAAAAGGCAAGACCTAGGTATATGGCTCCAGTCCAGTTCTCAATGACTCAGCCAGGGATGGTCCAACAATAAAGAATTTTTAGTTACAGATCACCTTCACATTATTGCTTAATTTGAACCAAGGTAGCCATATTGAGAGCTGTCTTAAATCACTCACCTCAGTTTTACAGGTGAGAAAACCAAGATTAGGAGAGGCAATCCCACATAACTGGCCACCGGAGACATCAGATTTTTTTTTTTTTTTTTTGAGACAGGGTAT,N,no,no,N,0
chr8,79287455,79287741,TATCCTTGTTTCCACGACCTTATAGTGACTCTCACTCAGAGCATTCTAGCAACAAAATAATTATCTCTTTTCTTAGCTTCCTGTTTACCCTGTTCTTTATGAGAAGCCTGTTTTTCAGCTAACGGCCCCAAGGGGGCTAGACTTCCCTCCCTTCAAATATGACCTTGAAGGTCTTGATGCATGTTGAGAAGGGAAAGAGAGGCTACACGAAGAAGTGGGAGAAGGTGAGAGGAATACTCATGGAAAGCCTTCATATGCTCGCAAAAACAGCAGCCCTAGGATTCGAG,"[[79287469, ""T"", [""C""]], [79287668, ""G"", [""A""]]]",yes,yes,T->C,2
chr11,42462982,42463331,AAAAATATGCGAAATCTTTTTCTCTTTGCCTAAATTTCCCAGAGAAAAACATGCCTAGACAAAAGAAGGTGCACCATCATTCAGTCGTGCAGTTCGGGTGATGAAGAATCTGTTCCCTGGCATGATTCATACAAAAATTCCTTCCACTGCTGAAAGCCACGATTCACATTTCTCAGATGTAGGTCAGACTTCCTGTCCTAAGATATAGTCCCAAAACACGAGTTTTAATCAGATTGAGGAATTAGTTAACATTTATACGTATGCTAAAATATGCTGATTTGTGCCACAGTACTGAAATGTATCTCGTGATGGAGAAAGATTCAGTCTCTTTTTGATATAATGTATGGGAG,"[[42462991, ""T"", [""C""]], [42463053, ""T"", [""C""]]]",yes,yes,T->C,2
chr10,116699291,116699594,TTCCTCTCTCCACCAAAAGTGAAAGCAGCTGCTGAGTGTGGTCCCAGAGAGAGGATGCTCTGCAGAGCCTAGATGCTGGTGGATGGAGATCATTAAAAAATGATGAGAAAAGTCCCTGTGGGGTAGGGATGGGCAGGGAGTGAGAGCAAAAATCAGGAGGAAGCCCCCAGGTCTCCTGAACCAACAAACTCATTACTGCCAGGGGGAAAAAAATCACTGGGGCCTCCAGATTGTCCCAGGCTGGGTAATTATGCTTTGCCTTGGGAGTGAAAACGGGCATTGAGTTACTAAGCTAGCCATGTGG,"[[116699374, ""C"", [""T""]]]",yes,no,C->T,1
chr12,107530725,107531072,GTTTATTTAATCATGTTTTTTATTTTTAAACACTTGTTTGTCAAATTTTGGATCCCATATGTAAGGTTTGGGTGCAAATCCTTGTGCATGAAGATTTTGCTACATTTTGAATTCAAACATTGGGACAGATTCCCAGAAATGGAATTACTGAGTCAGGAGTTATGAGTAGTTGTTAGTACCTTTGCTACATAATGCTAAATTGCTTCAAGATGGACTGAGAGCTGGCCAAGGCTTCATTGGGCTGCCTTTGAAAGAGGGACTCCGATCATTTGGAATGAAGAGCGCAGACCTTAGAGTCAGACAGACCTAGGTTGGAATCTTGCCTGCCTCTTATTAACCCTGTAACCT,N,no,no,N,0
chr1,13249260,13249476,CCTCAAACTCCTGACCTCAAGTGATCTGACTACCTTGGACTTCCACAGTGCCGGGTTTACAGGCATGAGCAGCCTGGCCCGGTCAGGTGCATCTTAAAGGAAGCACACGGTCATGTGTTTCAGGCACGTGCTGACTGTGAGTGGAAAAACAAAGGTGACTCAGCTGGGGGCAGGACTTGGTGAAAATGCTGACTTGGCATCAATAAAGCCTTCAGGG,N,no,no,N,0
chr5,177854396,177854847,TTTCGGTTTTAATATATTAGCTTATATTATACTAAAAATCACAGATACTCAGCTATGTTTGACCTATAGAAACAGCAGCTTTTAAAATTGTAGGCAGTCAACCTAGTCACATATGTCTTTGGCTCAGTACAGAATCTATCTTTTTTTTTTTTTTTTGGTCTGGTAAAGTCCTATGAATTAGACAAGCCATCTTTAACTCACGCCTAATTAGGGAAACATCTTCCCCAGGGACATACAACAGGAGTCCACTTAGGGGTATGGACTGTAAAGCTCAAAGGTCACTTGGTGCGCGGATCTCCAAAGCAGAGGCCTCCACAGACATTTTACTTGAATTTCATATTTGAAATAACATTCAAGTAAGCACCATAATTAATGCAGTGTGAATCTTCAGATACGTTGCATGCTAAATATTAACATTTTGGAGATGGCTAGCACAGTTTCCTATACCTCTA,N,no,no,N,0
chr7,18796307,18796675,TGTTTGATGCTGAACTTGACCATGGCTAACCTCCTAACTTTTGATAGGTCCTTTCCTTTCTTCCCCCAGGGGATATTGATGAGCTGAAGGAATTAGAAGAATGAACCAGGCACAGGGGGTGGGTTTCCTGTTAATGCTTAAATAGAGCATGTGCAGCAAACTATATCAGCAAATTGGTATATTTTTTGGCACAGCATAGACCTGCTCAGTGGAGCTCAGTGAAAATCATGGGGACTTTCAGACTTTCCAAGTTTTTAAACAATACATTTTTAAAAATACATAAGAAGGAATTCCTCAAATTTACAGGTATTCAAATTGGCTATTTCTCAGATTCTCTTACAAAGGAACAAAAATATTCTGAAATTGTTG,"[[18796453, ""A"", [""G""]]]",yes,no,A->G,1
chr17,15124784,15125109,TTGGACTATCAGCTTTAGCATCCAGGGAAAGCTAGTTAGATATGAAAAATCTGAAGCCAACTCCAGACCTATTGAATATAAATCTGCATTTTAAGAATATGAATCATATGCACATTGAAGTTTGAGAAACACTGTTCTAAAAGTCATCCTTCTCCTGGAATGTCATACAGGAGATCTTGAGTAATAAAACAGGCCATCTATCGGCAGAGCTTTTTACAACAAATGTAGTAAGTGAATATGTCTGATTTTTACAGCAATTTTCTAAATGACAGAAGATATAATAAAACTAAACCTAAGGCAAAGAGTTCTTAGACATGACACCAGAA,"[[15124886, ""T"", [""A""]]]",yes,no,T->A,1
chr1,77949025,77949407,ACTTCATTTAAATAGTTATTATACTTTGCCAGATAAAAATTTAAAAGGCAAACACTCCCAAACAGACAAACAGTAAACATGCAGAAAACAGACTGGAGTAGAAATCAACAAATTAGCAATTACATTATACCTGAGGTGCTGGAGGATGCTGTGGCATTCCCTGGGGACTTGTCTGGGCATAATAGGCTGCTTGTTGTCTATAATACTCAGCCCAGGCTGCACTATAATCTGGCTGACCACCTGGAGGAGCCCCAGTCGGAGCAGGAACTGCCTGACCTTTGAAAAAAAAGAACTTTGTTGCTGTAACCACAATTATAAGCCCAACATCTCATTTCTAATAAAAACAATACCTTGCTTCTTGTAATATTTCTCCCAAGCCTTTG,N,no,no,N,0
chr12,65460199,65460491,AACACATTGCCAGTTGGCTGGGGCCTGGGAGGCAGAGCTTGCAGGCAGCTAAAGAAACAATGCTCCTCTGGCGACTTCCATTTATCCTCCCAGCTTTCCCAAGGCTAGAAGCTGCAAAGAATGGGCTCCGTGCGCGTACTCTCAGGGAGGAGCCTTCAAGGCTTGTGCGCTTTTCAAAGAAACCGGGTAACAGTCCTTTCTGGGAGACTAGGTTTACCTGGGAGGAGGCTCGAATGGCACTGCGTGGTTAGGCTTCCCTCAGACAAATGGCTTTGCCGGCAGTGGGGCGGGGA,"[[65460271, ""A"", [""G""]]]",yes,no,A->G,1
chr10,84608224,84608648,CCTTTGGGACATGAAGAAAGGGTGGTGGTGGTCAGGACCACGCTGATTCAGGAGGGTGCCCGGAGGTGGCCCAGGATCCCACAGCATCTGGTTATGCCCTGACTGTGACTAAGAATGAAACCAGATGAAAGAGCTGACACAGAAGAAAAGGTACAAATCTGGGTTACAGGAGGATGTAGGTTTGCATTCTGTTTGTCAGTTTTACTGGTTGCAGGACTTAAAGCAAGTTATTCTAGCCTGCTGGGCTTCAGTTTTTTAGTCTAAAAAATGGGGTGATAAATAATTGACTCAAAGGATTGTGCTAAAAACATAAAGTATATCATAGGCAACATGGAAGTGTTTAAATATATAACTAAAAATACACTAAATATGTAATATGTGCTGTATGGTATAATTTCATCCTATATAAATAGAATATAGAAAAT,"[[84608226, ""C"", [""T""]]]",yes,no,C->T,1
chr12,130469559,130469797,TATTTGCTATTCATCACACTCCTCCCTTCAGATAGTCATTAACTAATGGAGGCTTTCAGAAAATCCATTTTAATATATAGGATGATAATGATGAAACCTTTTCCTGTGGGAGGAATAGACTTTAAAAGGCAACGTAAGAGATGCACATAGCCCGTTTTAAGTGGCTGCTGCTCCCCCAGGGACACAGGACAAGGTCATTCTGAAGAGGGCAGCCTCATCCAATATTGGCCTCACTTAAG,"[[130469586, ""C"", [""T""]]]",yes,no,C->T,1
chr9,76247359,76247768,CAAAGAGTGTAGCCATTGCTGGCTGGAATGCCTGGGTTTATATCCTGATCATTGTCCCTCCCTCTGTGCTCTCAGGGGATAGATGATTGGCTATTTCTTTAACTCCTGTCTTTGCCTAATTAGCATTTTAGTGAGCTCTCTGATTGGTCCGGTGTGAGCTAAGTTGCAAGCCCCATGTTTAAAGGTGGATGAAGTCACCTTCCCAGCTAGGCTTAGGGATTCTTAGTCAGCCTAGGAAATCCAGCTAGTCCTGTCTCTCACTACCTTTGTGGTAAGAAAATGGTGAGATAAAATGTATGAGTGTATTTACATTTTTATTTACTTTGGCAAAGAGAAAAAAGATAACTAAGAAACTAATGAAAGTGGTTACCTATAGAGAAAGGTAAAGGAGATGGGCAGGACTTCACTAG,"[[76247373, ""G"", [""A""]]]",yes,no,G->A,1
chr3,89693741,89694103,CTTAACACCTTTTGAAATTTAATTTTAATGATGACTCGAATATAATTAATTTGAAGTAAAACCAGATGACTTAAAACATGAACATAAAATTTGAAATAGACAACTTACTTGAAAGTCTTTTGCAAGAGATGCAGAGTTCCAGCTATTATGTCATACTAGCTAAAGCTGCATTAAAATGAAACCAGAACTGTTTGTTTGTCTTTCAAAGGACCAGATCTAGTGTGTAAAAAGTTGACTTCCTTGCAGGTGGATACCATAAACATGTTGAGGTTATGCTAATGCCTCATAGACTGCTATATGCATAGTAGCACCTTGATATAATTGGGGAAAGAATGACCACATGCTAAATGAAGGACGTAAACA,"[[89693743, ""C"", [""T""]]]",yes,no,C->T,1
chr3,189518614,189518869,AGAATTTCTAAAAATGCCAGATAAAGAATTCAAAATATTGATTTTAAAGAAGCTTAATGAGATTCAACAAAAACATGAAAACAAATACAAAGAAATCATAAAATCAACTCAGTATATGAATAAAAAATTATCCAAGGAGAGAAATATCTTTAAAAAAAAAAGAAGCAGAAATTCTGGAAGTGAAAAATTTATTGGAAGAAATACAAAATACATTTGAAATCTTCAATAATAAACTAGACTGAGCAGAAGAATCTCA,N,no,no,N,0
chr10,94943859,94944146,CTTCCTAATAAGCCTGGGAGCACTATGGGAGACCAGGCCTTTTTTCATCCCTTATCTACAACTGTAAAAGACAGACGTTCTCAAAACAGCCATTTTAGAGACCACCCCTTGGGAATGCATTCTTCTCAGGGATGTTCCTTGCTGAGAAAAAGAATTCAGTGATATTTCTCCTACTTGCTTTTGAAAGAAGTGAAATATGGCTCTGTTCTGCTCAGCCCACAGGCAGCCAGACTTCAAGGTTATCTCACTTGTTCCCTGAACATCGCTGTTATCCTGTTTTTTTTTTCA,"[[94943900, ""A"", [""T""]]]",yes,no,A->T,1
chr5,80841487,80841779,TCCACAATGGTTGAACTAGTTTACACTCCCACCAACAGTGTAAAAGCATTTCTGTTTCTTCACATCCTCTCCAGCATCTGTTGTTTCCTGTCTTCTTAATGATCATTGTTCTAACTGGAATGAGATGGTATGTCATTGTGGTTTTGATTTGCATTTCTCTGGTGACCAGTGATGATGAGCATTTTTTCATATGTCTGTTGGCTGCATGAATGTTTTCTTTTGAGAAGTGTCTGTTCATATCCTTTGCCCACTTTTTGATGGGGTTGTTTGTTTTTTTCTTGTAAATTTGTTTA,"[[80841534, ""G"", [""A""]]]",yes,no,G->A,1
chr4,169582709,169583099,AAACCCTACGTTATGTTGTCCAATAGAGTAGCCACTAGCCACATGCGCCTATTTGAATTAAAATTTAAGGTATATATATATGAAGCTTTTCAGTTATACCAAGGACATTTCAAGTGCTTAGTAACCACATGTGGCTAGTGGCTGCAATATTGAACAATGCAGATATAGAACATTTTCATCATCACAGAGCATTCCACTGGACAGCCCCTACATTCCTAATGAATCAGAACTTACCCATGGTTTTTCAAGCCATATCCAGGAAGAAGTTGCCACAGTGCCCAAGACTGAAAACTAGGCCCTATCAACCACGGTTGATGGCCTTGAGAGGACTGAGGTATTAAAATGGTAGGGAGCACTACAGTGATACTGGAAATAATAGTTTATATGTTAC,"[[169582726, ""T"", [""G""]], [169582829, ""C"", [""G""]]]",yes,yes,T->G,2
chr19,55199906,55200189,GGAAAGAAAGAAAGGAAAGAGAGAAAGCGAGAAAGGAAGGAAGAAAGGAAGGAAAGGGAAGGAAGGAAGGGGAAGGGAAGGAGAAAGAAAGAAAGAAAAGGCCTGTGTCCCCACAGCCCCACACTCAGCGGGAGAAGTCTGGATGGGCTCTCTTCTTCCTCAGGGCAGAGCCAGCCCCCAGCTGTGATTACATCTGTCCTGTGGACTTGGAGAGGCAGATGTCTGCAGAGCCTACGGACTACAGAGCCAGAGCCCAGAAGAGGTGCCACGCCGCTCCTGCTGGT,N,no,no,N,0
chr3,170657405,170657713,TTTCAGTCAATCTGCTGTTATTTATAATTTTGTAGCCATCTCTGTTCAAAAGGGATTTTAGGTGATTTATAATATAACCTGGTGCACAGTAAGCAAACTAAAAATAAAGTTCAAAGTGAAAGAGAGAACAGAAACAGAAAAGCAAGCAGACATTTATGGCAAGAATTCAAGATGGGAAATCACTGAACTTGAGCCCTAATTTTTATCGATTTTTTTTTAAAAAAAGTGTGAAATTGTCAAGTTACAATCTTATTGCTCTTTGTGTGTTTATCAGGAGACACATGCTGCTTCCGTATACTGAATTCTATA,"[[170657414, ""C"", [""A""]]]",yes,no,C->A,1
chr1,103448728,103448993,TTTTCTTCTGCAGCTTCCTCACCTCTCTCAGTTGACACAGAATGAAAGAGAGTTACAGCCTTACTCTAGATTAGGTTTAGGTTTACAGGAATGTTGTGGCTGGTTTGATCTTCTATCCAAACCACGAAAACTTTTTCCATATCAACAATAGGCTGTTTTCCTTTCTTATTCATGTGTTCACTGGAGTAGCACTTTTAATTTCCTTTAGTAACTATTTTTTTTTCCAGTAACCACTTGGTTAACTGTTTGGCACAAGAGGACTAGCT,"[[103448795, ""G"", [""A""]]]",yes,no,G->A,1
chr1,166827443,166827803,TATTACTCATGATTCTGGGGGTCAGCAATTCACATTGGGCTCAGCTGTGTGGTACACCTGCTAGTCTTGCTTGGGATCACTTACACAGCTGCAGTCAGACACCAGGTTGGCTGGAAGCTGGTTATTTCCTGATAGCCTTGTTCACAGGCCTGGTGGTTAATGTGGGCAGCTGCACCTTGACTCTCCTCCACATGACCTCTCCAGCAGGTTAGCCCAGACTTCTTTTTTGGCAACTGGGCTCCAAGAGAGCAAGAACCAATGCTCAAGTGCTTGTCAAGCCTCTGCTTGCTTCAGACTTGCTGATGTCCCATTGGTCAAAGCAAGTCCCATGGCCAAGTACAGAATTAATGAGAGAAGAAAG,"[[166827475, ""G"", [""C""]], [166827489, ""A"", [""G""]]]",yes,yes,A->G,2
chr12,93358111,93358353,CACATTGGGTATTTCCTATGTTTCAGGCAATTATTTCAGTGCTTTACATTAATTTTTTACAATAACCCTACAAAATAGACAGTGTTTGCAAATCTCCACTTTACAAATGAGCAAACAGAAACTGAAAGGTTAAATAACTAGCTAAAGGCCACACAGTAAGTAGTGAAGCTGGGTTTCAGACCCTGAACTGTCTATAACTCCTGAACCTGAATTCTACCCTACGGCCTACATGCTTATGGAATC,"[[93358113, ""T"", [""C""]], [93358157, ""T"", [""C""]], [93358158, ""G"", [""A""]]]",yes,yes,G->A,3
chr5,123665103,123665375,ATTTATTCTGTGATATTTCTTATTTAGGAATATCAATTATACACATGTTGGATCTCCTTTGGTTCCATAATGGTAATTTTCCCTCTAATGCTTTAACAATCTGTGTTATTTTACATTTTTCTGTTTTCAGAAATGACTTTTTCTTTTCATGCCTCTAATGTAACCTTCATGTACGTAATAGTTTTATTTTTTCTTTCTATTTTTTCACTCTGACACATAACTTTTCATTACCTCTATTTTCTTATCTTTTCCCTTGACTCCTATTATATCTTG,"[[123665201, ""G"", [""A""]], [123665250, ""G"", [""C""]]]",yes,yes,G->C,2
chr2,220129299,220129694,TACTTTCTCTTTTTTTGTGGGGGGGGTGGCGGTGGGGGGTTGTTGTTGTTAAACTGTGATTGTCTCTGTCTTGAAGCATTTTCACTTAAATGTTTATTGTTCATGATGCACAGCTCCTGAGCCATACCCACCGGAGGGAGGGAGGAGAAACAGGACATCAATCTCACCAGCTGGGTTTACAGCTTCATTGTCTGGGCTGATTTTATGAGAAGAAAGCGCATGGTGGTGGAAGAGAGAAATTGCTAGGGGGTAAACGTGTCCTTTGAAATGCCACTCTTGGCTTCCTGACAAGAAAGAAAAAGCCTATGGTGGATTCGTTCAAGCATCGTGATGGAAAAGAAGCCAGGGCTGAGTTTTTGGCAGGGAGTTGAATTTTCCCTTCTCACGTAGAGATTA,"[[220129315, ""T"", [""G""]]]",yes,no,T->G,1
chr9,120388451,120388877,AGGAGCTGGAGGTGCCAGCAAGGCTTGTAAACCTTGTTAGGGGCTCGGGCTTGGATCAGAGGGTAGTGGGAAGCCGCTGAAGTGTTTTGGCTGGGGGCATCTTGGTCAGAGGCAGCGATGTGGATGGCTGATGACACACCCCTGTCATCACGGGAACAATGCAAATGCCACATTCCAGCTCTGGGCCTCACTCTGCTCTTTGCTAAATCGGGAATGGCACCACTGCAAGGGCTGCTGTCCAGCAGACTGTGAGATGCTGAGCACACACCAGTGCCCATGGCCACGCTGCACGGAGGTGCTCTTCTCTGGACACTTGAACGAGCTCAGCAGTGAGCCATGCGACTCGTGGAACCCTGGCCTGTCCCACTTGGGATTTTGGGACCTGGGCTTTGAGGCGCCACACAAAACAACAGAATCGTCAAGGTGA,"[[120388529, ""A"", [""G""]]]",yes,no,A->G,1
chr12,100027714,100028038,TGTTAAGAACTTCAGCTGTAATTTGGTGACTCCCTGTTGTGAGCATTCTGGATTTGCTTTGGTGTGAGGCTGAGCAACAGAACTTCTGTTTCCTTCCAACCCTTAAGATGCCATAATTTTATCTGACTTCGTGACATGTACTGCAATAATTGTACAAGCAGGGAGGAAGAGTACAGTTCACCCTTGCACAACATTGGCTTGAACTGCACAAGTTCACTCACACGCAATTTTTTTTTCAATTAATACAGTCAGCCATGCATATCCACGAGTTCCATATCCACAACCAAATGAAGATATGAAATCTGTTGATCCAAAGAACCAACTC,N,no,no,N,0
chr6,127389803,127390072,AGCTGGGCCTGTCTTGCCCTCCAACTTGCAGGAAGAAAAGTGGTAAGAGCAGGAGGAGTTAATATAATAGTCTGTTTTTCTACTGCTATCACCACATACTGCCCAAATGGTCACGCTGATCTTTTCTTGCAGAGCCGGTTACATCAGTTTGGGCAAAAACAATATACCCTTCATAGTCTATCTTCTCCAGATCAAAGCTGGATTGAAGGCAAACTTGTATAAAAAACACATTGTAAGAAAATCTGCATAAATAACTTTTTAAAGAGATTC,"[[127389878, ""C"", [""T""]], [127390028, ""G"", [""A""]], [127390044, ""G"", [""T""]]]",yes,yes,G->A,3
chr6,156070880,156071096,TCTCTTTCTGCCTTGTCAAATCCTATTAAAATCAATTAAGAATTTTGGAGGACACTATAACTGGTAACAGAATATGTTAATATTCCCATGGGGCCCAAAAAAGCACATTATCTTCCCTGAGAGTACCCCAAGTTACTAGTCGGCCGATGTAGAATCAAATCAATTTCCCTTGCCCAATGCCTACTGCCCAATATGAGACGCTTTTCTAACACTGCTT,"[[156070929, ""A"", [""G""]]]",yes,no,A->G,1
chr5,159475165,159475364,ACCTGTCTTTGAGTTCATAGATTCTTTATTTTCTGCTTGATTGAGTCTACTGTTGAAGGCCTCTATTGCATTTTTCACTTCATTCATTGTATTGTTCAGTTCCAGAATTGTTTTTTTAATCATTTCTTTTTGTTGAGTTCATTGTTTTGTTCATGTGTTGTTTTTCTGATAATGTTGAGTTATCTATCTCAACAAAGAGA,N,no,no,N,0
chr18,32496058,32496267,CTCTTTAGTTTGTTTAATTATGTCCCAACTATTTATCTTTGTTTTTATTGCATTTGCTCTGGGTTATTGGTGATGAAATCCTTGCCTATGCCAATGTCTAGAAGGGTTTTTCCAATGTTATCTTCTAGAATTTTTATAGTTTCAGGTCATAGATTTAAGTCCTTAATCCATCTGGAGTTGATTTTTGTATAAGGTGAGAGATGAGGATCC,"[[32496231, ""T"", [""G""]]]",yes,no,T->G,1
chr17,82999120,82999332,TCCACTTCTAAGTATTTTCCCAAGAGAAAAGGCTGGACGTATATTCACTGTCATGCACACACAAAGGCTTGTACATATGTTCACTGTCATGCACAAAGGCTTGTACATATGTTCACTGTCATGCACACACAAAGGCTTGTACATATGTTCACTGTCATGCACACACAAAGGCTTGTACATATGTTCACTGTCATGCACAAAGGCTTGTACACA,"[[82999158, ""A"", [""G""]]]",yes,no,A->G,1
chr8,31666701,31667018,ACAAATCATTAAATACTGAGGTGGCTAGATGAAATTGAATGCTACATCTCATGGTTTATTCAGAATGGGCTCTTCCATCTGACATCCTTTTGACAGGTTCTACCACATGTGGCATTTCTGGCAGGTATGAGGGTAGGTTTCACATTCTAAAATGAAACTGGCAGTCACACGTTTCCCTGGTTTAAAACATTTTAGCACTTATTATGTGCCAAATAGTGCTCTAAGCTGTTAACATGTTAACTCATTTAATCCTTACAACAATTTTGTGAGGCAGGAACTATTATAACTATTTAGCAGATAAGGAAACTGAGCCTTAGC,"[[31666702, ""T"", [""C""]], [31666930, ""C"", [""T""]]]",yes,yes,C->T,2
chr11,25633299,25633575,AAGACTTGAAATTTTGGCTGTTATACCTAGAAGATAACTTGACATTCTTTTAGCAATAAAGTTTGGCCAGTTTTGGTTGGTGCTGTGATTGCACAACTTAATTTTATATACAAGGAAGCAGAGGGCCAGAAAGATGAAGAGATTTGCCTTAGATCACAAAGTGAGTTTACTTACAGAAGGTAGATGATGTCATTACATTTATGCCATTAAGCTTTTCATTATCCCAATGTGTCTGTCATAGAGATTTTTTAAACACCTAATATCACAATAAAACCAT,"[[25633307, ""C"", [""A""]], [25633367, ""G"", [""A""]], [25633389, ""T"", [""G""]]]",yes,yes,C->A,3
chr6,134331373,134331637,CAGTAAGGGTTGGCTATTGCTATTATTATTGTTCTTATTCTTACTTGAAAACATGCATAGAGGAAGTTCTCATTGAAACCAGTGACACAGAGCTTGGCAGGCAGTAAGGGTTTTGAGCATCTGTTGGGTGCCAGACAGTACTTTCATAGGGCAGTTGACCTAGTTTCCAGAGAAGTCTGAGGGTATTAACCTGGAGTAGTCATCTGCAAGTAAGAATGCTTTAAGTCTTATGTTTTATCTTTTGAAAAATTATTGGAAATTTTGC,N,no,no,N,0
chr7,31732557,31732975,TGGATTTCAGACTAGCCAGATTCTACAATCACATAGGCCAATTCCTTTAAATCTTTTTCTCTCTCTCTCTCTCCTCTCTTTCTGTGTGTGTGTGTGTGTGTGTGTGTGTGTGTGTGTGTGTGACTGGTCTGCTTCTCTGAAGAACCCTAATACACCAAGACACTTAGAGCTCTTTATTGCCACAATGTGTGTTTGGTCTGCTTTACATTTAACCGTTAATGTTAGGAAAATCAATAATGGTAAACTGTAACCCAAGGGGGACCTCGGGGATTTCTTGACAGTTGTCCTTGGATCTAATTCTTCAAAAGATAGCACTGACTGACGAATTAGGTGAATGAAAAAAGTGATTCATCTGTACATTAAGGCGGGATTGGAAGGTGGTGCTATCATTTTAGGGGAAAATGTCAGGCTGTGAGCTT,"[[31732613, ""C"", [""T""]]]",yes,no,C->T,1
chr6,133286861,133287196,TCAGCATTGTTGACATTTTGGGCCACAAAATTCTTTGTAGTGTTGGGGAGGGTTGCTGTCCTGTACATTGTGTTATTTAGCAGCATCTCTGGTATCTACCCACTAGATGTCAGTAGCACCCCCCTTCCTTTGTTGCGACAATAAAAAATGTCTTGAGACATTGCCAAATGTCTTCTCTGTGTGTGTCGGGGGGACCACAGATCTACATTACATCTGTTTCCAATGAGTGTTTTATTTATATACTTACTGCCTGCAAAACATTTGAGAAAGTTTACCTGAACATTTAATATAATATATACTATGCTATGATATATTATTGAGGGAACTGCAATGAAA,"[[133286913, ""G"", [""T""]], [133286996, ""T"", [""C""]]]",yes,yes,G->T,2
chr5,177972617,177973037,ATTTTTATTAATTATCTTTAAGTCTCTCTGCCATGGAGAAGAGCAGGAAGGCATACACTGTCCAGTGCATTTTCATTAGTGGATCACGTAGCTACTTTCCCTGTCGAGTCCAATTCACTATTTCCTCAGAAGCTTGGGGCAGAGGTCCTAGCAGAAGGAGATGAATTCTCCTGGCTCTCAGCCTTCTTGGAGAAATAAATGCTTTGTGTAACATTTGTGCACACCATCCATTCCACTGGCTGAGCGATGGAAAAGCTTGCCTGGGAGACTCTGTGCACTGAAGTAAATGGGGTTGGGGGAGGGGACATTTCATATTTATAATGTGCTGAAGGTACCATATTTTAAATGTTATTTAATGCGGTGATTTATTCAAACATTTATTCTAGCTTAAGCTGGAATAAGAAGTGGTCATTTCAGAAGT,"[[177972831, ""C"", [""T""]]]",yes,no,C->T,1
chr2,34487004,34487336,CTGCCTTGTGCTAAGAATTCCTGCTTTTAGTATCTGGCTCCTGAGACCACACTGGCTGCATAACTTGGCTGTCTTTCCTTTGCTCACACACTTGCAGCAATACTGGCTTTCTTGCTACTTCTTAAACAAGTTAAGCAAGTTCCCATCCCAGGTCATTGTACCTTGTAGTCACCCGGTCTAGAACACATAAACTGTTGCCTCATTTTATGCAAGTTTCTGTCTAAAAGTCTCCTCCCTAGAAATGAAAATAATTTACTTATCAGCCTGTCTACAATAGCCACCCCTACTGGTCAGAACTCCATTACTCTGGGCTATTTTTCATCCTAGAGCACG,"[[34487034, ""G"", [""T""]]]",yes,no,G->T,1
chr10,98074329,98074573,TGTTGATGAAACAATAAATGAGTGAGGAATAAATAAAACATATGAAAAGAGCCTACTTCTAGGTTAGAGCAATCAGAAAATACTCTTGAATTTTTTTTTTAAGTCTGCAGACAATCCATATTTAAGTTGAAATTCTGACCGTACTCTCCAGTTCCAGAGAGTGCTGTGGACAGCTCCGTGGTGCTGAAGGTAGAGCTGTAATGAGGTGAATGCAATGTAGTTTCCAATTCAGTGTCCATCAATTC,"[[98074419, ""A"", [""T""]]]",yes,no,A->T,1
chr8,64233621,64234022,ATCTGTTTTGAGAGGAAGCAGGCATTTGGTGAACAGAGTTCTTGAAAAAGAGCAAAGCAGTCTCTTTGGGGATTCTCACTGGAGCCTCCAGGGAACAACTGGGGAGACTACGGCCATGAAACAGACCGGGACAGCTGGCAGGCTCTCTTTTCTCTTTTGCTTATTTTTTTTCTTTCCATGCAGGGTGACATTCCCCACCCCCACATCTTCCTTTCCTCAGAAATCTTTTTAATCCTCTCTTACAATACCTGCCTCTTTGGAGGGACAGAACTTTTCTACCCTACCATCAATACCTACAGGAGCCAGGGATTCTGCTTCCACCTGTTTAAAAAAAAAAAAAAAATCCTAAACACTTTGAGGTTTGTGCACCCAAATTGCCATGGACTATCCTGACAATTCTGA,"[[64233625, ""C"", [""G""]]]",yes,no,C->G,1
chr12,46354837,46355172,GGGGTGCTAGTTAACATAGGCATATCCAGCTGTGCAACCATCCTTGGCCACCCAAAATCAGGACCCCAACAATGAAACCAGGTGTACATGATTAACCTTGGTGTTTGTGCAAAGCAAACTGACAAACCAGTTCAGCATGGTCCATTGCTCCAGGTGAATATAATAAAATCATCAGTCATTAACATAAAGAACCTTCTGAGGGCCACATTCCCAGGAGTTAGTCAAGGGTCACTCATGGTTCCCTTGAAGACATAGGAGGGAGCCACCGGACTTGCTGTGTTAACTCTTTCCTCACAATATGTAGAGCAGAACCAAATCTGGCTAGAATTTGAAAAA,N,no,no,N,0
chr13,26724505,26724781,TGTGACCTTACCCCCCAACCCTGTGCTCTCTGAAACATGTGCTGTGTCCACTCAGGGTTAAATGGATTAAGGGCGGTGCAAGATGTGCTTTGTTAAACAGATGCTTGAAGGCAGCATGCTCCTTAAGAGTCATCACCACTCCCTAATCTCAAGTACCCAGGGACACAAACACTGCGGAAGGCCTCAGGGTCCTCTGCCTAGGAAAACCAGAGACCTTTGTTCACTTGTTTATCTGCTGACCTTCCCTCCACTATTGTCCTATGACCCTGCCAAATCC,N,no,no,N,0
chr2,136921048,136921315,GGAGTGCGGTCTTCTGCACTGCCAACTTGGTAGAAGGCGGGGCTCTCATCTGCTCCTGGCTCCCACACCAGCTCTGCCTAGTGCGCAGGCCTGGCTGTGCCTCCCCTGCTGCAGCCAGTGTCCTTACAGCAGCCGCTCCAGATGGGCCATCACTGCCATCATCTGGACACTCAAAAAAAAAAAAAAAAAAACCACACAGGCAGGCCCCTTACTCTGCTTATATGTAAGCCTACTTCTGCTTAGTTATATCTATATATCTCTGGATATA,"[[136921057, ""C"", [""T""]], [136921244, ""T"", [""C""]], [136921259, ""T"", [""C""]]]",yes,yes,T->C,3
chr16,86637776,86638103,ACTCCTTCTAGCTGCTAATTCTGATTCCCTGCACCCTGTGACTCCAGGTTCCATAAGACACCACCAGACCTTTCTGATAACTTCCCCCTTTTATCTTTAAGCCAGCTTGTTTGGTTTCTCCAATTTGCATCCCACAGAATCTTAAAAATGTCACAGCACCTGTCCGGAGGAGCTTAGCAGAATCTGGGGGTGGAAGGGTGGGGACTGTGGGGGAGAGAAACAGGCAGGGAAGAGATAAAGTGACACGGGGCCATGGAGAAGGGACACTTCTTCCTGGGGGTCAGGGGAGGCTGCTGGGAATCAGTGATCTCAAAGTTGTGTCTGCAGA,"[[86637986, ""A"", [""G""]], [86638019, ""T"", [""C""]]]",yes,yes,T->C,2
chr3,522914,523289,CCTATTTATTTTTTTCCTTAGGCCTAGGACCCCTAAGGCAAAATAAATTGGATATTTTGTGCAGTAATTTAGTGATGTGGTGGTAGGCAATCGGAGTGGTGGAAAAGGGTATGCATATTTAGCATACACCATTTAAGGACACGAGTTAACATTTATTTTAGTAACTTTGGTGGAGCCCAGGACATCTGTTAACGGCTAGTCTGAACAATAAACATCTGCCAGTATCTTCTTTCTAAAAATAGTTTCTTTCTTTTGACCATATCCTTTTTATTTCTACTAGGTGCTCTTTATTTTTGTTCCTACATACAGAACCAGATTATTGTTAGTTCACACGGCATGGTTTTACAAAAGAGAAAAAGGTATGACATCTGAGTAC,"[[522929, ""G"", [""C""]]]",yes,no,G->C,1
chr17,41937335,41937719,TCTGAAACATCATCTGGTCCAAGTTCTCCTTTTGTAGATAAGGAAATAGAGACCCTGATTGGGAAGGAACTTTCATAAGTTGACAAACAAGTTCATGGTGGAGTCAACATCAGAACCCAGGCCTCTGACCTCCAGTCCAGTGCTCTTTCTTTTAAAGACAGAGTCTTGCTCTGTCACACAGGCTGGAGTGCAGTGAAGCAAATTCGGCTCACTGCCACCTCCACCTCCTGGGTTAAAGCGATTCTCCTGCCTCAGCCTCCCTAGTAGCTAGGACTATAGGCGCCCACAACCACATCCGGCTAATTTTTTGTATTTTTAGCAGAGATGGGGTTTCACCATGTTGGCCAGGCTGGTTTTGAACTCCTGACCTCAAGTGATCTGCCCA,N,no,no,N,0
chr3,84077554,84077876,TTACATTGTCCTCAAATAGAAAGGTGTTGCCAGCGGAGGTGTTAATATGTGTATGAGCATGTATTACTGTTCTTTGTGGGAGAAAGAGTGATGTAATTATCTTACAAACCTGTAGTGGGCAGTGATGTGGTAGCTGCTGGGCGCTTGCAATGCATGCAGTTGCAGAATATTAACCTGAATAGGTGTCCTAGACAATGGTTTTCAATCCAAATCCAATGAAGTTAAAATAAAAGAGTCATCAGATGGAAAGCAAAAGGGTCAGGAGTTAGGAAAAAAAGTATTACACACACACATGCATGCATGCATACACACGTGCACACACA,"[[84077620, ""G"", [""C""]]]",yes,no,G->C,1
chr18,72899435,72899658,CACAGTTACACACCATTCTACCATTGACAGGTCAAATATATGAGTTCCTGTTCCATCAGAAAAGAGGATGATGTCAGCAGACAATATCCAGCTATTACCTCATTCAGGATTTTGCCTCAGCAGCAGTGAGCTGCCTCTCCTGTTGTAGCCCACATCCAATAAATAATCTAAAGCCAGGTTATAAAGGCTTGGCCGTTTCAAGCCTGCACAGGACAACTCTGTCT,"[[72899476, ""T"", [""G""]]]",yes,no,T->G,1
chr3,163365751,163366015,GCATTACCACAAGGAAATATATACTAAAAATGTGTTTCACCGGGCGTGATGGCTCACGCCTCTAACCCCAACACTTTGGGAGGCCAGGTGGGCGGATCACTTGAGGTCAGGAGTCCGAGACCAGCTTGGCCAACAGGGGGAAACCCCGTCTCTACTGAAAATACAAAAATTAGCCGGGCATGATGGCAGGCGCCTGTAATCCCACCTACTCGGCAGGCTGAGGCAGGAGAATTGTATGAACCTGGGAGGCAGAGGTTGCAGTGAG,"[[163365812, ""G"", [""C""]], [163365907, ""A"", [""G""]]]",yes,yes,G->C,2
chr13,31444284,31444657,TTGATGGTTGATTTTCTTGGCTGTCTCTTTTTGTATTAGATTACATAATGCATCTGTCTCTCTCTCTCAGACTAGCAGATTTGCAATTGCTTCCTCCTGGCCCTCTGAGCCTCTGGGATTAAGAGGATTCAGAGCATTTTCCCTAGCTGTTGTTTCAGATGATAGTTTCAGATGCCTGTTCCACTGTGATGTTGGAGATGGAAGATCCTCTCACTTGGCCAGCTGGCAACATGGTTTACTATCGCATTCTGATGAAACTAAGAGCTGCTCTCCAAAACCATCTCTCTAGGGGACATTTGTCGTGCTAGTTTTTCCTTCTTTAGTTTCTTTTCATGATTAGGGAGAGCCCCTCCTCAGCTCCTGCCTTCAAACTG,"[[31444326, ""G"", [""A""]]]",yes,no,G->A,1
chr5,146623022,146623425,CATACATTCAATAACTACAGTTTAGTATCCATGAAATGTCAGGGATGGCCCTTGGAATCTTCCGGTACTTAATAACCTCCCTAGGGGCAAGCAACAGTACGTTGGATTAACACAAATTTGTGGTTTTGTGGCCCCACAGTGACACGAACACAAAAGATTCTCAATAAACAGAAACTGAAAAATGCTACGCGTCAGAACTTTTGGGTACACATAGGATATGCTGAGGATAAGAACATTTGAAATCACTATTTCAACTGTCTAAAACAATATTCAGCATAAACACTTTTTAGTCAGCATTTTCTCTTTCTGATTATGGGAATCTAAATTTCATATTCAATTGAAAATGAACTTTATATTAGAAACATTTCATAATTTTATATTCTCTTGTCCCACCACGATAAGTG,"[[146623041, ""A"", [""G""]]]",yes,no,A->G,1
chr1,22138838,22139121,ACTCCACCCAAGGCCAAGGGAGATATAAACTGTCCCCCGGCCCCCGGGCAAGCAGGCTCAGGGGAGCTTGGCCGGAAGTCGCACACCAGTGGGGACTCAAAGCCAATGGAAAGCATGATGCGTCCTTCACTGCCCCCAGGGCACGGAAAGGTGCTCCCAGCAGCAACTCCTCTGCCTGGCAAGATTGGCTTGTGAGCCAGGCTAGGTCTTCCTGACTCTGGGAGGCTCCTGCGGGGGCCCTTGTTGAGCAAGGGGGTTGCAGCCTAGGATCCTACCTGTGTTAA,N,no,no,N,0
chr11,91132478,91132718,TCTACCTTGTTCCTGGTTACTATCTCTGTACTGAATTATAACAACCCTCTAAATTGATCTCTCTTTTCTCACAATTTCTCCTTTTACTTTTTCTCTGCACAGCCGCCAGAATGATCCTGTTTCAGCATAAATCAGAACACATCTGTTCAGAGTCCTTTGAGGGTTCCCCCCCTCACTTCTTTAAAAGCCCTGAATTGCCAAAGACCTGCCTGATAAAGCCCCTTTACACTTTCAGCTCTCA,"[[91132492, ""A"", [""G""]]]",yes,no,A->G,1
chr5,163313083,163313536,TGTAGAAGGAAGGGCTTCATTCATCTGGGAGCATCGGCAAGCTACTGTCTCAAAATCCGAGCTCCCTGAATGCACAATTTCTGTCCCTTTTAAGGGCTCACAACACTAAAGATTTCACATGAAAAGGTCATGATTGATTTGAGCAAGCAGGTGGTATGTGACAGGGGCTGTATGCACTGGTGGTCATAGAGAAACAGAACAGGGCAGGGAGTTTCACAATGCTCTTCTATACGATGTCTGGAATCTATGAATAACATCGGTTTCTAAGTTATGAGTTGATTTTTAACTACTGGGTTTAGGCCAGGCAGGCCCAGGCCTGGTTTCAGGCCTGGCACCGGGCTGCCTGTCTTTGGTTTTACTTCCTTGATGTTTTTTCTTAAAACAGGTACTGAGTATAAAACAATATAAAACAATATGAGAGGGTCTCTCTCTTCCCTCATTTCCCCCCTTTGAG,"[[163313106, ""G"", [""T""]], [163313239, ""C"", [""T""]]]",yes,yes,C->T,2
chr11,37084151,37084624,CTAGTGGACACTCTGCTACATGGCCCAGATTTATATTCTGAACTGAAGGATTTATTTTTCCAGCTGCACTGAGGGTTGCTGCTGGAATAGCCTTTAGCTTTCAGCCCTCTCTGGAAGTTGCCCTCAGGTGAAGAGTGACTTTTCATGTATGGTCGTTTCTTCCAGGGCAAAGCCTGCTCTAATTACTGTTCAGTGGGGAACATAATTTTTTAGCCTCATTGCCTCAACAGTAACTCTGAAGCGTCATCACAGCTTCAAGGATCTCTGTGGAGCTAACTGTAGCTGGCTTTCACTTAATCTTGTTACCTTCTTTTCTTCTGTGGATGTCAAGTCTGCAAACACTCGCCAGTCAACTTCCTACATGTAAATCTCTGTCTCAGAATTTGCCTTCTGGGGAAACTAATGCACAACATCTACTAAAGCTGGGGGAAAATATACTTATAATCCAGGAATTATAATACTCATCATAGCCCT,N,no,no,N,0
chrX,100683024,100683275,GGCAGAACTGCTTCACTCGATTGGCTCTCTCGGCATGACTTTGTTCCTTGTGCTTTAGTATCCAGAGCATGAGCTGGTGCAGACTAGAGGTGCCCTTTCACCTGCCTGTATTTTTTTTTTTTTTTTTTTTTTTTTTGAGACAGGGTTTCATTCCCAGAGCCCAGGCAGGCTAGAATGCAATGGCGCAATCTCGGCTCACAGCAACCTCTGCCTCCCAAGCTCAAGTGATTCTCCAGCGTCAGCCTCCCGAGT,N,no,no,N,0
chr2,225096451,225096749,CAACTTTTTTTTTTTTTAGTATTTTTAGTAGAGACGGGGTTTCACCATGTTGGCCAGGCTGGTCTCAAACTCCTGACCTTGTGATTCAGCTGCATCGGCCTCCCAAAGTGCTGGGATTACAGGCGTGGGCCACCGCACCCGGCAGTGAGTGATTTTTAATGCCCTTTCTTTTTTTTCAGTTAATGCAACAGTTGAACAAGAACATTTGTAAATAAATGCAGATGCCCAATCTCTTGCTCCCTTGGAAGTCACCCAAACTGAAAAGAGAATAAGAAATATAAGTACATACTTCATTTGTC,N,no,no,N,0
chr10,61847693,61847919,CATCATCCAAAGATTTTTGTTAAGTGTCATTATGAACCCATGAACTTAAGCAGCTCGCAACTTTTTAAGCAGCTCACAACTGACATCCTTCTTTGAGTCTCTTACATATATAGCCTGTCTTTGTCCAGTGGGAACTGACTCAGACTGGCTCCTGGATCCTTGAAATATGACCCTTCTAGTCTTTGATATCTTTCTTGCTAGTATGTCAAGATGTTCTCGGTGCTTCT,N,no,no,N,0
chr5,55372616,55372848,TCCAGAAGTAAACCTGTACATCTGTTGTCAATTGATTTTTCAACAAGTAGTGCTGAAACAAAAGGATTGCAACATGCATAATAAAGTTGCACCCTTACCTCACGCCATATACAAAAAGTAACTCAGATAAAGAGCTAAAAATTTAAAACTCAGGAAAAAACATAGGTGTGAATTTACGTAATTTTGGATTTGGCAGTGATTTCTTAGCTGTGACACCAAAAGCATGAACAACA,"[[55372693, ""G"", [""A""]]]",yes,no,G->A,1
chr12,114384722,114385194,CACACACACACACACACACACACAAAACACACACACAAACCTTCTTGGTCAGAGGGATCAAGATGTATTTCTAATTCGCTTGCCATATGGTAAGTTATTTTGGAAGCACATCAAGAGGTAGAGAGAATGTTCCACAAAATTGGCAATGCTTGTACAATCCTTTCAAATCAGACCAAATTCCCACTATGTACATTTGCTACAGCCCGTTCTATTCATCATATCAGCAACTATGACCACAGGATATGTAAAAATACCGAGCAATTTTTAGCACCAGCTTCCAATCCTCCAGTGCCCTGGACACCACATGGTGTCAAGTTTGTCTGTATTTCACCCTCAGGAAATCAAGTCATTAACTTCTCTTTCATTTACCAAGAGCTGTTGCCAAAAAAAAAAAAAAGCATTCATCGGCTGTGACTTATGGGAAGAAAAAGAGAAAGGGTTTCCCTACAGGGAGAGAGACAGCAGAGAAAGAA,"[[114384747, ""C"", [""A""]]]",yes,no,C->A,1
chr2,84793137,84793359,GAACCATGATGCTGGGGCCAGACCAGGCAGTGGCATGGATGGTGGACACCACCACACACACGCACGCACGCACACACGTACACACACACGGGCGTGCACACACACAAGCGGTCCCTCTTCTAAGAAGACCAAAGCCAGAAGACTCCTTCTTGAAAGTGAGCTGTGAGTCATCTACCCTGAGTCAAAATGACAGATTTCCTTGTTTACTCAGTTTGACCCATGA,"[[84793198, ""A"", [""G""]], [84793205, ""T"", [""C""]]]",yes,yes,T->C,2
chr3,167069072,167069461,CCAGAAGTCACTGAAATCTCAAGAACTGCTGAGTGGCTTCCACTGACTATTTGAATCTGCAATACCAAGGAGAACAATTCTCCAGAAGTCACCATGAGCTATCTAAGCTATACAAAGCCTAAAGCAGGTGAGATGTAGGATGTTGTCAGCAAGCTGCTGTGAACTTCTTGTCTGTCATCTGCCCACACCCTTGGCTTCAAAGGCTTCTGAAGAATAATCCTCTTTTTTCTTCTACCTTCCAAATCTCAGTTTAGTTCATCTCATTGTCAGACTGTGACCTAAACCATGGGGCAAAGATAGATTGAAGAAATGCATATTCAGGCTTTCTTTCTGTAATAGAAGTTAATAGTGATTAATTTTATAATACACTAATCAGATGTGTGTTACAAC,"[[167069393, ""A"", [""G""]]]",yes,no,A->G,1
chr5,11432331,11432587,TGGGCAGAAATGTGGTTTGAGCCAGATTTTGAAAGAAATGATGGGATAAAATTAGATGGCAGAATGGAGGGAAATCCCAGGGGAGTGTTGGCATGGCCGATTTCTAACATGAGATAAAGATGAAAGGAGAATCAAAATCAATAACTTATTTAATTCAGTTTCATATTCCTAGCAAACTACTACAGCTAGGTGTGCATGACTCTGCAGAATATAATCCAGCCTGTGAAATATTTCTTTTAGTTCTGCTGTGGTGGTGA,N,no,no,N,0
chr4,31482703,31483093,AATATAGACTCAGATAAATGCATATATTTAGTCTAACATTTCTGAAGGTACTTTCTCTAACTGGGAAATTCAGAAGCACAGAAATAAATGCAAGTAATTTGAGTACTCTGCACTGGCATTTAAATACAAGAGGAAAAAAAAATGTTAATAGGATAAGTACCAGAAAGGATTAAGTGAAGCTAAACACCAAAGAGGATTAGTTATTATCCTGCCTTTACAGGCACCCAAGTTTCATGTGGCCAAGTAGATAGGAAATAGAAAGCCAATGCTGCAAAATGGGATATTTTTTCTCTTTGCAATAAGATTGTATTAAAATCAATTTTATTATGGTACATAACTAAACAAGTAACACAATACCTGAGCTTTCCTCTGGATAATCTAAAATGCGACA,N,no,no,N,0
chr12,109513093,109513555,CCTTAGCCTCTCCACCTCGTCTTTGTTTGAAATAGGCTCCAGCCTTCATCTCCTGGGCCTCATCTGGTTTGGTGGTGTCTGGTTTAAAATGCAGCCCCTCCTCCTGGACCCGCGTGTCTGTGAAATCAGCCTCTGACCATTGCATTCCCATAACACATCGTCTAGACCCTCCGCTCTGTTTCTCTGTGGTTCACGTGTGCTGTGGCCACTGGAGGTGCTGCACAATATTTTAAATTTCTGAGGAGAACACAGTGAGACACCACATGAACTGCTAGTTCAGAGTAGTTCGTGGTTTCAACATGAGATTGCACTACATTCTTTTTAATGATGTTTGCAAAGCTGGCTTGTAAGAACAAAATAAAAATATTTTATATTTCAAAGTATGTGCATTTGTAAAATACAGCAACTGAGGTCTTAGGACATAAATATTTGGGACCTAACTACCTAGTAAAAAGGACTGCTA,N,no,no,N,0
chr8,117471988,117472263,CTACAAGATATATAAGCAGTTTAGATATGACCAAGACAGTGTCTTCCCTCCCAGCTAACCTTTTATTAAAAACCACACACTTTATTTCAACATTCTGAGCAGATCCTAGACAACTCTGTGCATACAAGTCCCAGAGCAGACATAAAAACCAGATGGGAAAGAGATTTACAAGAACCAATCTCAAAAGAATATTTGCAAGCAGAATGTCAACTCAACACTGATTTCGGCAATGTATTTTGATTTACAATACAGATGTCTTTTCAGAATTTTCATTTC,N,no,no,N,0
chr17,2419512,2419896,TGAAGAGTGACCTAGAACAGGGTACCAGGGCCTCCAGCTGGAGGCAGAGAGAGCCACCCCTCCTCAAGAAACACCCTTGGGTGACAGAGACAGCATGATATTCTAGGCAGTGCTGCCCAGCCCAGACTCCACAAACAACCCTTCTGACCTTGCAGAGGCAGTCCAGAGCTGAGGGGCCAGCTTGAGCCAGCTTGCAATCCCTCGGGAGTTTACTGAGGGCTTTCTGTTGTTACTGATGACCACAATTCCTCCTTGTAAATGACCACACTACGACTCCCTGTAACTCAAAAAGCGGGAAGGAGGCGGGGGGAGGTGGGGGACAGATTCATAGGTTTTTGTTTTCGAAGATAATTCCACATCGTGCTACTAATGGGCCGCTGGTAGG,N,no,no,N,0
chr8,62078816,62079122,GGAAGTAGAAAACATTACTTCTAGCCTGGCATAGAAAAGTAAGGCAAACAACTAGACAGCCACTCCCCATAAGGTCAATGTAAGCTATATGCAATTGCAACAGTGGGTGAATCATCTGCTTCACACCTCATGCTTTTTGCTCAACTGCCCTTCCATTTGAAAGGCCCTTGCCAATCTATTGGCACTGCACCACACCTGCCTGGTAAGCACATTCATTATTCAAGACTGAGTTTAAGCTCACCTCGTTTATTATATCCCTACTGAACATTCTGTAATCTCAGTTCAATTGACAATTTTTCATGAACAG,"[[62078855, ""C"", [""T""]], [62078986, ""T"", [""C""]]]",yes,yes,T->C,2
chr8,121464299,121464752,ATAGTACTGTGATGAACATACAAGTGCACGTCTCTTTTTTAATAGAACAATTTATATTCCTTTGGGTATATTCCCAGAAATAGGATTGCTGGGTCAAATGGTAGTTCTATTTTAAGTTCTTTGAGAAATCTCCAATCTCCTTTCCACAATGGTTGAACTAACTTGCGTTCCCACCAACAGTGTGTAAGCATTCCGTTTTCTCAACAACTCTGCCAATATCTGTTACTTTTTGACTTTTTAATAACAGCCATTGTGACTGGTGTAAGATGATATCTCATTGTGGTTTTGATTTGCATTTCTCTGATGATTAATGACATGGAACATTTTTTCATGCTTGTTGGCCCCTTGGATTCTTCTTTTGCAAAGTGTCTGTTCATGTATTTTGCCTACTTTTTTTTTTTTTTTTTTTGAGACAGAGCCTTGCTCTGTTGCCCAGGCTGGAGTGCAGTGGCAC,"[[121464327, ""T"", [""C""]]]",yes,no,T->C,1
chr3,152540134,152540335,AGAAATCTGAAAACCAATAAAAAGAAATCAGAAAGGCAATTCAGTATATGATCAAGAAATTGACCAAGGAGACTGATTTAAAAAAAACAAACAAGCAAACCTAGAACTCCTGCTCCTGGAAATTAAAAATTCATAGAAAGAATTACAAAATACAGTTGAAAGCTTCAACAATAAACTAAACCAAACAGAAGAGAGTATCTCA,"[[152540236, ""G"", [""A""]]]",yes,no,G->A,1
chr2,186710002,186710495,ACTTAGCTGGAAATTACTGAAGCAGAAGAAAGGGCATCACATTTATTTTAAGCTATATGCATTGATGTATTTTGTGGATACAACTGAAGTTTGTTCTTATCACATAAAGCACCTGTCATGCAGTTTTTGCATTTTTAAAAATCCCTGAAATTCTGTAACTGTTCCAGGCTGGGGGAACTGAGACACTGAGACAGGTGGCTTAAGAGGAGAAGCATATGGGCTGACTATGGCTGTTCTCCCTCGGGCTCTAGCCCAGTGTTCTCAGGGTACTTGTGTGGTGTGTTGTCTTTTTGGGCTTTTAGAGACTAAGCGGGAGATTATGCCACTTGCACCACCATTCAGAGGGTGAATTGTGAAGAGGCAATGTATAAATCTGTTTAACGAAAGATACTGTCTTAACCCAACAGATTTGCTTCCTCTTTAGACCTTATTTATTTCCACCACTTCTATACTCATCCAACTTGGAGGGCATGGAATCTTCATTGATTCTGTCT,N,no,no,N,0
chr9,91334239,91334560,TGTCTGGGCCACAGGGTGCCCAGATAAAATACAGTTTCTTGGTACGTCAGTAAGGGTCCTTCTTGATGACTAGCATTTGAATTCGTGAACTGCAAAGAAGCAGCCCTTCCCATGTGGGTAGCCATCATCCAATTCCCTGAGGGCCTCAATAGAACAAAAGGTGAAGGAGGAAGGAACTGGCCTCTATTTTCCACCCCACTGCTAGAGGTGGGACATCTCATCTCATCTTCTTCTGCCCTTGGACTAGATTTACACTGGCTCCCATGAATCTCAGGCCTTTGGACGCAGACTGAATTACACCACCAGCTTTCCTGGGTCTCCA,"[[91334302, ""G"", [""T""]], [91334431, ""G"", [""A""]], [91334446, ""T"", [""G""]], [91334469, ""C"", [""T""]], [91334470, ""C"", [""T""]]]",yes,yes,C->T,5
chr17,67160894,67161104,CACCTAGTCTCCTGTTGCTGCAGAATATGTTTGACAGCCTGAGCTAGAGTGAATGTTTTGCCTGTCCCATAGGGTCCGATGATAAGCACAGGCGGCAGCTGGATTGCAAGTGGAGTGGTAATGGCCAGAACAGCCTCTTTCTGTTTTGCATTTAGTCGAGGATCCAACTGTTCATCCCATTGTCTATGGAAAATAAAAATTTATGTTAAAC,"[[67160947, ""C"", [""T""]]]",yes,no,C->T,1
chr12,87853562,87853783,AAAACTGAGAACAAGGCAGTAGAGCTCAAAGAAATCCCTCACAAAACATTTAGCTTCCACTGTAGGGCGCACTGCAGCAGCCCGCCATCTGAAGGCTGGGAGCTGAACACGATATCTGAGAGAAATGCCCGTTAGGAGCTCTGAGCTTTCAGAGCTTCTTCCAAACATTGACAGTTTGTCATCAGGAGAAAGAAGAAACTCACTGGGGCAGAAAGCTGCTTG,"[[87853736, ""C"", [""T""]]]",yes,no,C->T,1
chrX,32708579,32708814,ATTCATAGGTTTGCTTGCATTCATGCCTTCATTAAGTATTTGTGGAATGCCTACCATGTGTCAGACATGATACCAATTCACCAAGCAATTAATCACGTTTTATAATTAGAATGGCTCCATTTCCTAATTCCTAAGGAAGAAACGAGTGGACCATTGGACAAACCAGATGGCATACAACACTGATGTGACTCTCTCAGCACAAAACATTTATGTGGGATGGTGTCATGGTGGTATCA,N,no,no,N,0
chr9,16010323,16010568,ACTGAATATTTTTAATACCCAGATTGCTTGCAAGATACTCCAGGCTAGCCAGGATTTTGCAGGGATATACGTGCAGATGCGTCACTAGGGAATGCCTAAGGAATGAACAAGCAGGCAGCAAGGGCCTGTGGGGGCAGCCATATGTGTCTCTCTGGAATCAGTGAGGAAGCTGGAAGCAGAGCAGCTCAGCCCTCTCGCTCCCCCTCAGTGCTTCCAGAGACCCCTAACACAGAAGCTTCCTCCTAA,N,no,no,N,0
chr13,84452772,84453002,TGTTTCATTTATCTTTTGTATACTTTTTTTGTTTCAATTTCACTTAGTTCTGCTCTTATCTTGGTAATTTCCTTTCTTCTGCTGGGTTTGGGTTTGGTTTGTTCTTGTTTCTCTAGTTCCTTTGTTCTTGTTTCTCTAGTTCCTTGAGGTTCAACCTTACAATGTCAGTTTGTGCTCTTTCAGTCTTTTTGATGTAGGTGCTTAGCATTATGAACTTTCCTGTTAACATCG,"[[84452814, ""T"", [""C""]]]",yes,no,T->C,1
chr21,39960235,39960576,TCAGAATTCTCTACATCGCCTGTTCTCTTCTCTTTTAGTAATATTTCATAAGACGAAATATCTCTCTTCCTTTTTCATCACTGGAAAATTCTCAGCCATTATCTCTTTGAATATTACTTCTGTCCAATTTTCCCTCTTTCTTCTCCTTTTTGGGACACCAAATATATGTATGTTGGACCTTCTGTGAGTATCCCGTATGTTATTTACGCTCTTAACCATTTTTCCCACTATTTTTTTCCTCTCTGAAATTCGGGTGCTATTAGTTTTTCCTCCAGTTCACTAATACTGTATTCTGCTGTGTCTGATCCACTGTTAAACCTATCCACTATTACCTAATATTTA,"[[39960288, ""T"", [""C""]], [39960537, ""C"", [""T""]]]",yes,yes,C->T,2
chr12,111974188,111974642,TGATTAAGGATATTTATGAAAAATCTATCGCTAGCATTACACTTAAGGTGAAAGATGGAATGCTTTCCTTCTAAAATCAGGAAAAAGACAGGACTGTCCACTTTCACCACTTTTATTCAACATTGTACTGGAGGTTCTAGTCACTGCAATCAGGCAGGGGAAAGAAAGAAATAGGCCAGGAGCAGTGGCTCATGCCTGTAATTCTAACACTTTGGGAGGCCGGGGTGGGCGGATCATTTGAGGTTTGAGGTCAGGAGTTCGAGACCAGCCTGGCTAACATGGTAAAACCCTGTCTCTACTAAAAATACAAAAAAACAAAAATTAGCTGGGCGTGGTGGTGCACGCCTATAATCCCACCTACTAGGGAGGCTGAGGTGGGAGAATCACTTGAACCTAGAAGAAGGCTGCAGTGAGCCGAGATCGCACCGCTGCACTCCAGCCTAGGCGACAGAGTG,"[[111974216, ""G"", [""C""]], [111974462, ""C"", [""T""]]]",yes,yes,G->C,2
chr20,59349932,59350344,GGTCAGGTAGAGATAGAAGGTACAGAGAGAAACTGGAGAGGGAAGGGGAAGAGACCAAGGAAAGGTGAAGCTTCACCTGAGTCCCAGCTTCAGCCTGAGCCTGTGGGGAGCTCTGGATCATAAATCTTATCTTGAGGTTCGTCTTGCTCAAGACAAAGGAGCTGGGCTTCTGCATTTCTGCGTCAATCTACCCTCGGCTGTGACCTGCCCTGGGGGATGAGGGTTTGAGAAACCAGACTCCCAGGCACTCCTGGCCCTCAGTCCAAGTGAGCCATTCCAGTAGCACAGGCATCATCCTCTAAAGAAGACTGACACTGTGAGCTGTTAGAAGCAAACACACAGAAGCCGGGTGGTGGCGGGTGGGGAGGGGACACACATTAGGGAGATCAGAGGCATGCGGGTGGAGCACTGAT,"[[59350000, ""G"", [""A""]]]",yes,no,G->A,1
chr5,31698704,31698974,TATCATGATGTGTGTTATTATTTTCCTTATATTATAAATGAGGATGCCAAGGCCCAGGAATTAAGTAGGTGGCCCCAAGGTTACACGAGGAAGTACCTGCACAAGGAAGTACCTGCAGATTCGGGCGGCAGCCTGAGGTCATCTGCCTTCAGAGCCACCTGGTTTGTGACCCCATCCGTCTTCCCTGCTGTGGTTTGTGGCAGGGCTGGAATGGCAGGCAGAGGATGTGTCTTTGCCTAGAGTATTTTCTATTCCCTCAGCAGTGGAGAAG,"[[31698748, ""C"", [""T""]], [31698959, ""G"", [""C""]]]",yes,yes,C->T,2
chr20,7950517,7950762,TCTCTCCAGGTCTCTGAAGTCAGATGCTAAAGAGGCACACCACAGCAAAACAAGTTCAGGTCTTTTCAAGCTGCTAAATGTTACATTTGCACACTCATTGCCCCCACTATCCCCACAAGTTTGGGAATCAGAATGGTAAACATCAATGCAAATGGCATCTGCTGGGTTCAGGCCCCCTCCTTCACCGTGGCCAGAAGAATAGGCTTTGGTGTTTTTGTGTTTTCTTGCCACTGGACTTAATAAAAT,N,no,no,N,0
chr5,31219043,31219381,GGTGGATTTTGAGCAGATTAGCTTCCATAATGTAGGAGGGCCTCATCCAAGCAATTGAAGGCCGAATAGAACAAAGACTCAAACACACAAACACAGCAAGAAGGAATTCTGCCAGCAGATGGCCTTTGGACTCAAACTGCAATTCTCTTCTGAGTCTCCAGGTTACCTGTGTTTTAAAGTCCTACAAGATAAGCCATCAGATTTTTTTGACTCACCAAGCCTCCATCCACAATTGTGTAAGCTAGTTCCTTAAAGTCTCTCTCTCTAGATAGGTAGGTAGGTAGAGAGAGACAGAGAGATACACATACACACAGCCACACACATCACATCCTGTAGGTT,"[[31219057, ""G"", [""A""]], [31219195, ""T"", [""A""]], [31219280, ""C"", [""T""]]]",yes,yes,T->A,3
chr10,107496583,107496955,GTTCACCCAGGGCTTCAAAGCCCTCCCACCCTTTGTTGCAGCAAAATTGAATTCAGGTTGAGTTCTGCCTTCTTTGCCTATTGCAATAGATTTGAGTAAGGTTTTTCTTCCCTATTGAACTTTTTGTCCAGTAAATGTTTTGCTTTGACATTCTCCAATGGACATAGCAATGAACTATAGGCCACAGATATGTAAGTCCAGATTGGATCAGCTGAGCCTGACACATATCTGCAAATTTGCCCAGTCAACTTGTGGTTTCATAAGTAACAATAAGTGTTTTTTTGTTGTAAACCACTGAATTTTGGGGTGGTTTGTTATAAAGCAGCAATTAAGAGAAATTATGCAGCAGAAATTGGTAGCTATCTGTGAGGGT,"[[107496741, ""C"", [""T""]], [107496906, ""G"", [""A""]]]",yes,yes,G->A,2
chr9,87855037,87855399,GCAGAGCAACAAGAATAAGGTTTTAAGACACACAATCAGGAGAGAGAAGGGCCCATCAAAGTACATGGACAAGGGGAAGGGGGCACCTGTAAATAGCGGGCATCCTGCCAGTGCAAAGAATAGAAACCTGGCTGGGGGCTTGGGTCAGCCAGATGAACAGTCAAGCCAGGGAGGGCACAGCTGATGATGACACATGCTGGCTGCTGCTTCTGTCCAGAGGGAAATGTCTCAAATACATTGTGGTTCTGATTGGGCTCATCAGCCTCACACCCTCCAACACACACACACACATACTTTGAGGTTTTGGGCCTCTGGCTTCCGTAAGGAGAGAGCAGCTTAAATTTAACTTCGAGGGGCTGAGCC,"[[87855100, ""A"", [""C""]], [87855203, ""T"", [""C""]]]",yes,yes,T->C,2
chr3,34957741,34958189,TCTCTCCCGACCCCACAAAATAAGAAAGTAAAAAGACAAAAATAGTTGTCAAAGCCACAAGCTTCTTTTCCCTCAAAATGTAAGAAACCACAAGTTCCTGGGTGAAGATTAAGAATCATATGCCAAGTTCTTTCAAAGTTGTTCATATTTCACTCAACAACATTAGTCACTGAGCTATCAGCTCCAGTGGGCAACCAGAAAGAATTCATTTGAAATCACATCGCCTAGCTCCTGTGCATCTGTTCCTATTGCTGGGAAATCTACAATGTGGCTTTGACCTTTTCTGAGTAATTTCTCAAGTCAATCCAGTATGATATGGGAACATGACTCTTCAAATATATTCTTCCTTTACGAAGTCTTGTGTGAGGAATTTTAATGACATTATTCAAATTATTTATATTATACTAGCTCAGGTTTGGATAAGTTAACCAGGTTTGTATAAGTTTTGC,"[[34957749, ""C"", [""G""]], [34958137, ""G"", [""A""]]]",yes,yes,C->G,2
chr18,59380169,59380528,TGCTACAACCGGGATAAATCTTGAAAACATGCTAAGTGAAAGAAGCTAGACATGTTAGGCCACATATTACATGATTCCGTGTATATGCAATATTCAAAATAGGCAAATCCATAGAGACAGAATGCAGATGGTGGTTGCCAAAAGCAGCGGGGAGGAGAGAATGGAGAGACTGACTAATGGGTACAGGGTTTCCTTTAGAGGTGATGAAAACCCCAAACTAGATAGTGGTGATGGTTGCACAACACTGCCAATGTACTAAGTGTCACTAATGGTAAATTTTGTGTTATGTGTATTGTACCATAATTTTCAAAACAAGACTATAAAGAGCAAGGGCAAAAAACACACCAAATGGTAGTTCTC,"[[59380178, ""A"", [""C""]], [59380311, ""G"", [""A""]]]",yes,yes,G->A,2
chr4,80199224,80199593,CACAGTATTTCAGACTGGGGACACTTTAGGCCTGTCCTGTAACTGCTCACTTCATGAGCCACATGTGACTCAATCCACCCCCTTGTATAACAAGGTAACCGGGATTCACTCTCATCCATAAATAAGCACGTCCAGAAAAAAAAATTACCTCTGCTTGCTGCTTTTAATTAAAGCCTCAGAGGAACAGTGTTGGATTATGGTAATGAGCAGACATACGTCCCTTCTTGTAGGCTGCAGAGAAAGGTTAGCTGACACAGAATTAGTGGCCCTGACATTCCACTTGAAATCCATTCGCCATGCTCCGCTGTCTCCGCCTGCTCACTAACGCTGTTCCCCTCCTTGGAAGAAAAGAAAAAAATCAGCTCCCGGG,"[[80199265, ""C"", [""A""]]]",yes,no,C->A,1
chr1,171994281,171994659,TATTTATTTGGTTACTAGTTTTCATGAACCAATTCTGCAAGTCTATATTCTTTGTCGTGTGTGGCCACTTAAGTCTTTGCTCAGCATTTTTTTTTAGTGGTCAGGACAGGGATCTTCTTAAATACTAGAGTCAGTAAATCGCTAAACATTTACCAAAGCTCTCAATGTGCATTTTGGGGTATGGCTTCAATGCTCAGGCAGACAGTTTACAACTCTGCCTTAATCCTAACTTCCTGCTTATGCAGAGCTCAAGGTGAGCTAGAGGTGAGAATTTAGGATCTTCTGAGGTCTTTGCTGTGTTTGCACAAAACCCCAAACATGCATGTGGCTTTCTAGATTCTAGGTTGTACATATATACAAAATTTTCAATGGCCTTTGT,"[[171994298, ""A"", [""G""]]]",yes,no,A->G,1
chr2,150977360,150977670,TGTGTGAAGTTCTTAGTAAATATACTGCATGGTAGACGCACCTGACAGCAATAACTTGACTTAAGCACACTGAGAATGACCCTGCGTGGCTGACGCACCTGAATGTGTTCCCAGTCCTGAGCTAAGGAATCTGGGAAGGGCCAACCAGGAGATCCATTCCTTACCTATGAGGAACATCTGAGCCCCAGGCCCCTGCCCTAACCGTGGAATGTAGGCCATACTGGGGATCCAGGCCCTTTGTTTTGGGTTAAATGAAGGTTGCCAGGTGGAGGTTGTTTGAGGGAGGGTGTTAAGTGAAAATGCTATATAAA,"[[150977496, ""G"", [""A""]]]",yes,no,G->A,1
chr10,1274993,1275352,CGTGGTGGAGCCTGGCCACCCACTCTCCACACCCTGCAGGCCTGTACCCCTGCCCTAGGCTCCCACTATGAACCAAGCAGCGTGAGCCCTGGCCGCTCCCTTGTGGGGTCATTTGAGGAACAGCTGGGGTGGAATGAATCACATTTGGTTTGGGCCTCAGCATTTCCACAGATGAAGGCCTCCTTGACTCACTGGGGAGGGCTTGCATGGCCAGCAGATGCCAGGTGGAGAGTGATGCTCAGCTTTCTTCTAGAGTGACAAGGGCCCCTGGCTGGTAGAGATGGCCTTGAACTGACAGAGCAGAATGGAGATATTGCTGGCCGGACAGTTCCACCCACCCCAGCTGGAGGAGGTGGGAGG,"[[1275021, ""G"", [""A""]]]",yes,no,G->A,1
chr16,83015938,83016290,GAAAGCAGCACAAAAGCCTTCTGCTGCATTGGCTTTTACTTCTTAAGGAAATATGTGAGTGCTATTGTTGTCGAGTGGAGAAATCACAGAAAAATGAGATACCTTTAACAAGTGGCAAGGCACTCTTGGCAGGCATCCTTCATTCCCATGAGACTGGAGCTAGAGATGATGCCATATGGCCTAAGGGATGTAATAAAAATCACTTGGCCACTGGAGGATGAATAGGCATGGCCTACAGGGCTGATTATTTTCTTGCTTACACCAGAAAACCCACGTATGCACACAAGAATTAATTGTGCTTCATGTATTGTAAGCCAAATCATTGTCTTTTAATTTCCTGATAAAGTCTTGTC,"[[83015997, ""C"", [""T""]]]",yes,no,C->T,1
chr15,41247914,41248219,AGCCGAGATCACACCACCATACTCCAGCCTGGGCGACAGAGCAAGACTCCGTCTCAAATAAAAAAATAAATAAATAAATAAAATAAATAAATAAATAAGTATCTAAGTAAGATTTGCTCAATCTGTAAGTTACCATTTCACAGCCTGTGGAAAACCAGCAGACTAGCTCACTCATTTGGTAGGTATTTACTGACTATCTATGATGTGCCAGACACTGTTCTCCATGCTGGCAATATTTTTTTTTTTTTTGTAAGAGACAGGGTCGCACTCTGTCTCCTAGGCTGGAGTGTAATGGCACCATCACAG,"[[41247992, ""A"", [""T""]], [41247993, ""T"", [""A""]]]",yes,yes,T->A,2
chr8,75122110,75122476,CTTGCAATTAAGTAGAATAGCTGCCATTTTATAAAAACAGAAGCTAGGTTGATGACAACGTGGATGTGTGTTAGTCAGCAGAGATGACTTAGAAGGAAGTGTCAGAACAGGGGAAAACCACAAGAGTGTGATGCTCCAGAAGAGAGCTACTGTGCAATATGTAGTCTAAGATGTCTCAGAATAATCAGATAAAAATAGACCAATAGCATTTAGCAACACAGAGATCATTGGTGACCAGTGAGAAGATGTTCTCAGTGTGTGTTGGAAACAGAAGTCAGTAAGGAGTGTGTTGAGAAGTGAGGAGAAGAATAAAACTGGATATGGTGAGTAGGTATTTCAGGAAATTTGTCTATAGGAGGGAGAAAAC,"[[75122360, ""G"", [""C""]], [75122399, ""C"", [""T""]]]",yes,yes,C->T,2
chr15,94129282,94129523,GTTATACTAATTTCCCTTCCTACCAACAGCATATAAGTGTTCCCTTTTCTCCGCATCCTTGCCAACATCTGTTATTTTTTGACTTTTTAATAATAGCCATCTGATTTATGTAAGACGATTATCTCATTGTGGTTTTAATTTGCAATATGCAGATGATTAGTGAGGTTGAACATTTTCTTCATACTCATTTTGGCCACTTGTACATTTTGAGAAATTGTTCATGTCCTTTACCCACCTGTTAA,"[[94129312, ""G"", [""A""]]]",yes,no,G->A,1
chr4,31983312,31983583,ATATATGTATATAGATGTAAAATCACAGCTGAACAGGCAAAAAAAAATAGTTTAGATGCCATCTTGAAGTTACAGAAAGAATAGGGGATCAGAGTATAAGCAAAAACAGGTTATAGTGGTAAATCAGGTTATAGTGGTAAGACAGGTTATAAGAGAGAGAGAAGAGGAGTCCTGGCTAGCAAAGGTGATCTTGTTATGTAAAAGAAATCTCATAGGTAGCAGCCCTCAGAGAAGATAGATGGAAAATGTTTCTTTAGAGCTTTAAGGGGGTC,"[[31983328, ""A"", [""G""]], [31983334, ""G"", [""T""]]]",yes,yes,G->T,2
chr14,33983944,33984201,GCAGTGTTTGTGTCCCTGGGTACTTGAGATTAGGGAGTGGTGATGACTCTTAACGAGCATGCTGCCTTCAAGCATCTGTTTAACAAAGCACATCTTGCGCCGCCCTTAATCCATTTTACCCTGAGTGGACACAGCACATGTTTCAGAGAGCACCGGGTTGGGGGTAAGGTTATAGATTAACAGCATCCCAAGGCAGAAGAATTTTTCTTAGTACAGAACAAAATGGAGTCTCCCATGTCTACCTCTTTCTACACAGAC,N,no,no,N,0
chr19,45947956,45948272,CAAGGGACCTAACCTCTTTGAGACTCAGTTTTCTCATCTGTAAAACAAGGATATTCAGACCTCCTCATAGGACTATGATGAAGCTTAATTGAGCTTATGCATGTAATGGTGAGCTTGAAATCCAAGCATGACCACAAGTAGCTGGAACTGAGAGTGAGTGCCCTTCAGGTGACTCACAACTGCTACCATTGGCAGATTACACCTCAGTCCCTATGTTTCTGCTTGGCCCTGTGGGTGAAGTCATCACCTATTCATTCAAATAAGTGACATGTGCTGAGCACCTACTATGTGCCAAGCATAGGGCATCATGTATGTGT,N,no,no,N,0
chr2,215371836,215372309,GCTGGTCACTGCAGTTACCTAACTTATTCCTTTCTGTGCTGCCCCATGAGAAGTGAAGAGAACAATTAATTACCTGTAAGGGTTCTTCATCAGTGCCAACAGGATGACATGAAATGATGTACTCAGAAGTGTCCTGGAATGGGGCCCATGAGATGGTTGTCTGAGAGAGAGCTTCTTGTCCTGTAGAGGCATTTGGATTGAGTCCCGGACCGTGTGGGTACAGGTGATAGTCTACATCTTCCCTGGGGATGTGACCAATTTGGATTTCCTCACCTACATTCGGCGGGTATGGTCTTGGCCTATGCCTTATGGGGGTGGCCGTTGTGGGCGGTGTGGTCCGCCTAAAACCATGTTCCTCAAAGATCATTTGTTGCCCAACACTGGGTTGCTGACCAGAAGTGCCAGGAAGCTGAATACCATTTCCAGTGTCATACCCAGGGTGGGTGACGAAAGGGGTCTTTTGAACTGTGGAAG,"[[215371846, ""T"", [""G""]]]",yes,no,T->G,1
chr21,22795617,22795973,TAAATATAACACCTTAAACTATAAAAATTCTGGAAGGAAGCCTAGGGAAAACTTGTGGACATCAGCTTAGGCAAAGAATTTATGACTAAAATCTCAAAAGCAAATGCAGCAAAAACAAAAATGACAAATGAAACTTATTAAAATTAAAGAGCTTCTGCACAGGAAAAGAAACAGTCAACAGAGTAAACAGACAACCTAGGGCAATAGTGAAACTGGAAAAGTTCCCTTGTTCCCTTCGCAGGGCATGCAATGGGAGTGTGGCTTGCTGCTTCTTCAGTGCCCTGCTTCTCAAGCTCCTAGGGGGAGCATGCAGATGGGCAGGTTGTGGGGCTCTGACCCCACAGCAGTGTCTAGGGG,"[[22795626, ""G"", [""C""]], [22795903, ""G"", [""T""]], [22795917, ""C"", [""G""]]]",yes,yes,G->C,3
chr15,97349714,97349926,TACGTCTTATATGCAGCTGCCTTTTTCCTCTAAGAGTCCCTAAAGCAGATGTTTGTCATTCTAGGAAAAGCCTGTGTTCCCTCTGGGACTGGGATTTAGTGAGTGAAAATTCTGCAGTGCCTCCTAGCACTTTTTATTCTAGAGCATTGGTGCCACTAAGCATTACCTGGATGCTGGACTCCCTGCCCAGAAGGGGCTTTTCATTCTAAACTA,N,no,no,N,0
chr14,37644266,37644512,ATAAAAAGGTAATGCAATACCAATGTGGTGTTCCATAGGGCCAGGGATCCAGAATCCTGCCATTTGAGTGCTCCACTGACTCATCTGCATTCCCAGGGCCATCGTAAGGTCCAACATAGCTGCATCAGTTATCACCTCTGTATTCTGGCCAGCAGGAAAGTTTTACACAAGAAATGCATGTGTCTGAGATTGCACACCACTTCTGCTTATATTTAATCTGGCAGAATTTAGCTGCATGATAACATCC,N,no,no,N,0
chr1,48943380,48943809,CACTGAGCTTCTCAGATAAAAATGGTGGGTACATACAAAGGTTGAGATCTTTCAAGACTACAATGGCTATTTGAAGGTATTTCAGTTACATAATGAAGCAATTTGACTCTTATGGGTCCTTATACCCCCACATACACTCCCACTGAGGTATGCTCTAAGATATACTTAGTAACACTTGCTCAGAACATACTATGTTCCAGGCATTGTGCCATGTACAAAAGCTACAAAGATGAGTAAGACATAATTCCTGCCCTAATAAGACTTGGTCCTTACAGTTAATGGTCCAGTCAGGAAAACAGCTGATACAAGTAGGCAGCACCATGTAATTATAATTGGAATGAAGAGGGGCACAATGGGCTAATGGAGTCTGGGTGGTTGTTTGTTGTTGTTGTTGTTGTTGTTGTGGCTGGTGGTGGTGGTGTTGATGGTG,"[[48943452, ""A"", [""G""]], [48943528, ""C"", [""T""]], [48943741, ""C"", [""T""]]]",yes,yes,C->T,3
chr18,22486700,22487067,CAATGGGAAGACATAGAAACTATCAGTTTTAGAAGTTAGGCAATATTTGAATATGTTGTCTTAAAGACACTTTTTTCAACACATGAGAATGGTTTATTGAGAAGGAGTTAAGATGTGACTGAGTTGGGTGACAACTTTGGGTTGTTGCCCCAGAGCTCAAGGGTGTGCCTGTGAGAGTCCTCAACTGGCATGATGGAGAAAGCTTTGGCTGTCAGATGGAAGACATCAGTCTTGGCCCTAGAACTTGCTACTGATGAGACTCAGGACAAGGTCTGAGACTCTCTAGACTCCAGTCTCTTTCCTTACAAAATAATGCTTGATCTAGATTCTTTTCAATCTTCTCTCCAGCTCTAGCAGTCGACTATCTC,"[[22486791, ""A"", [""G""]]]",yes,no,A->G,1
chr3,150117116,150117414,AGCAAATCACTCTCCATGGCTACTGTATGGGCATATTTGCCTTTCTTCTTGCAGCATTCTTTCCAAGTTTAGGGCATTCTTCTCAAGGAGATGCCAGAGACTCACTTTACCAACATTCCCTGCAGCTTGAGTGTGGACATGTGACCTAGGTCCTGCTATTCAGACATCACAAAACTTCACTGTAATGAGGCAAAGACACAGGCCTGCACAGAATCCAAACTGGTGAGCGGACTGGAGATACTTCCAGCTTTCAGACACAGCAGTGGCAGTCATCCCTTGTTCTGGAAACTCTGCTGCTC,"[[150117143, ""G"", [""T""]], [150117282, ""C"", [""T""]]]",yes,yes,G->T,2
chr5,85278244,85278526,TCAATAGACTCAGAAAAGGCTTTCAACAAAATTCAACGTCACTTCCTGTTTTAAAAAACAACAAATTAGTCATCAAGGGAACACCTCAAAATAAGAGCCATCTATGACAAAGCCACAGTCATCATCATACTGAACAGACAAAAGGTGAAAGCATTCCCCTGAGGCCTGAAACAAGACAAAGATGCTCACTCTCACCACTCCTATTCAGTGTAGTACTGGAAGTCCTAGCCAGAGCAATCGCACAAGAGAAAAAAGTAAAAGGCACCCAAACAGGAAGAGAGAA,"[[85278281, ""A"", [""G""]]]",yes,no,A->G,1
chr7,88027724,88028106,TGTACTAACTTTGGATGTGGTTTGCTGTTGCTTTTCTAGTTGTGAAGATGCTTCATTAGGTTGTTTATTTGAGCTTTTCTACCTTTTTTTTTTTTTCTGAGACAGAGTCTTGCTCTGTTGCCCAGAGGCATTATCTTGGCTCACTGCAACCCTACCTCCCAGGTTCAAGTGATTCTCCTGCCTTGGCCTTCTGAGTAGCTGGGGTTACAGGCATGTGCCACCACATCCGGCTAATTTTGTATTTTTAGTAGAAGCAGGGTTTCACCATGTTGGCTGGCCTCGAACTCCTGACCTCAAGTGATCTGCCTGCCACAGCTTCCCAAAGTGGTGGGATTACAGGCATGAGCCACTGTGTCCAGCCTTTTTTCTACTTTTTTGATGTA,N,no,no,N,0
chr1,107211509,107211858,AAATATTTTTGCAGAGAAGAGGATTTCATATTTGTATCCATGAAGTCCCATTAGCACATTGCAGCATGAGGACAAGGTTGAGCTCATCCAGGGAATAAGCCCATCAGCTGACAGAAAGCAGGTGATGAGATCTCTCACCAGATTAAAAAGGGAAGGGCAGCAACTCATTAGGAAACACAGAGATGTCTGCTTAATTACTTGAAAAATGTCTGAGCCGGTACATTTTATGACACCTGGAGGGTATAAACATGCCCATAAATTTAATTAATTTTCTTTGTTCTTTCATTGCACCTGTATGGCATAAAGGAAAGGAAGTCTAATGAAAGTACAATCAAGCACTTCTGCCAGAC,"[[107211523, ""G"", [""A""]], [107211725, ""A"", [""G""]]]",yes,yes,G->A,2
chr1,191690945,191691299,GAAAGAGAAAGTTATTTTCCCTTTTACCTCTACAAATCAAATGAATTTTAATTATCAGATCTCTAGACTTTGGAGAAAATATATATGACATTTGGGTTTCTGCTTCAACCCACAACCAGGGGAACTCAACTCACACACTGCCTGCTTTGATTGAGGTACAAAGCAAAACAAGTTTTACTTGTTAGTCCAGGCTAGAGGATTCACAAGACTGCCACTTGGATTTTATGACCCTGCTGATGCTTGGCTTAAAGTTTCTAGGGAGGTTACAAATTCTACACATATTGGATAGATAACCACTATAATCTATCTATCTGTCTATATATCTATATCTATATATCTCCCTAATATATTTACT,N,no,no,N,0
chr20,8299921,8300337,CCTTATGTATCAGCTATCTCTTGTCACAATAATGTTGTGTAGCAACAACAAAACCTCACTGGCATAAAACACAACAGTAGGCATTTGTCACATTTGAGTGGGTGGGGTTCACCTTGATGACTCTACTGACCTTGGCTGAGCTCACTCACATGTCTGGGGATCATCGAGCTGCTGGCTGACTTAGGATGGCTTCAGCTAAGAAGACTGGGATGACTCAGTTCTGCTCCATGTGTCTCATCCTCCCATAGGCTAGCTAGGGAATGTTCTCGTGGGAATGACAGAGGCACAACAGCACAAGTAGAGATATCAAGTACGAGTATTTGTTCAATGCTCTGGTGTGTTACATCTTCTAATATTCCATTGGCGGAAACAAATCACATTTCTTAGCTTGTGATCAAGGGGCAGAGAATTAGACTT,N,no,no,N,0
chr14,92310256,92310575,TCTTCTTGCTCCTTGGCTGTATGTTACAGTGAATTCAGCTTCACCCGTCTCCATGGTGTTTGTCGGGGGTTGTTTGGTTAACTCTGCAGTGTGTAGTGATGCCCATTTTGCATCAACCATCTGGGGAGTCTATAATTTTCCAATGACTAGACTCTAGTGTCATAGATACTATGATTCCCATGGGAACCTCCACGTGCTGGCTGCAAAGGCGGATGCATGCATGCATCTCTGGCTTCCCCAAATTTGCTTTATGGCAGCATTTCCTATTATCACACAGTACCTTTTCCATGGAAAATTGGGACTGGATGAGGCAGTAGACC,"[[92310302, ""A"", [""G""]], [92310481, ""C"", [""T""]]]",yes,yes,C->T,2
chr17,60413177,60413488,CTCATGACTTATGTGCAGAGATGTGTTCTGTATCCCGCCAGTGGGGGAGGGAAAGACCTTATCCCTGTGTTATAGAACTGGGGTCCACTCACCTGGCCCAGCAAAAAGAATGCTGATGTCAGGATAGCAGTGAAAGAAAGTGAGGACTTTGTTGCAGGGTGCCAAACAAGGAGAGCTGGCAGCTCATACTTAAGACCTGACCTCCCAGATGGCTTACAGGTAAGGGTTTTTAAAGGCAGGGAGACAGATGTGCTAGGCTAAGTCATAAACCAGTACAGGGAGGCTATATATTATTTTGACTTAAAAAGGAAG,"[[60413212, ""T"", [""C""]]]",yes,no,T->C,1
chr3,176883303,176883559,CACCATCTCACACTAGTCAAGAATGGCTATTGTTAAAAAGTCAAAAATAACATATGATGGCAAGGTTGCAGAAAAAAGGGAACACTTATACACTGTTAGTAAAAGTGTAAATTAGTTCAACCATTGTGAAACGCAGCATGGTGATTCCTCAGAGAGCTGAAAATAGGATTACCATTTGTCTCAACAATCCTATTACTGAGTATATACCCAAATGAATATAAATCATTCTACCACAAAGACGTACACATGCATATGTC,"[[176883359, ""C"", [""A""]]]",yes,no,C->A,1
chr11,40304219,40304550,AGGTGCTGCTGACAAGTAATGCAATTAAATTAAGCTTCAAGTCATAGGAGGGTGCCTCTAAGTGCCTGTACAGTTAAATGCCACCGGATTTCAAATGAAAATGATGTGAATTAATTTCCTGGGAAGAACAAAAAGAAAAGGAAAGTCAAGAAGAAACACAGCTTCTGGTAACATAATACGTAGATTAATGGCACCCACTGATTGACTGAAGTGTCAAAAAACACATCTTTCAGATATAAATGAAGCTACTGAAAGAGTTTGGGGTTTTGCTCACTCTCTTTTATTCAAACGAAATATTAACTAATAAAGTCAAGGTAAAATTAGTTTTTCTT,N,no,no,N,0
chr12,14828940,14829243,AGAAAAGAAGCTCCCATTCTATTTCCAATTGCAATTCCACAAAAGTACCCTGATTGTATCTCACAGGCTCTGATTGGATCATTTTCTATTCCAGCATGAATCTTTGTGTCCATGAAGAAGAAATATACTGATTGGCTAAGGCCTGAGTTACAGGCCAATCACAGTCAGTGGGCTGAGCCAGCTCTGCATCAGTTGCTAGCTGGGCAGAGTGATTTCCCCAAGAGTACTTAGGGTGCCCAGATTGAAATAAGGCAAAGGGGTACAAGGAAAGGCATAAGAGAATTAGCAAAGAGGAGGCCATGCA,N,no,no,N,0
chr10,10247548,10248047,AACTGTTAAGGAGATGAAAAGACAAATCACATACTAAAAATCTTTGAAAACCACATATCTCTTAAAGGACTGGTATTCAAAATATGCAAAGAACTCATAAAATTCAACAATATGAAACCAAGTAACGCAACTGAAAAAAATTTGCAAAACATCTGCCCAGACACCACTCCAGAGAAGATACACAGATGGCAAACACGCATTTGAAAATATCCTCAATATCATATGTCATCATGAATACAAATTAATACAATGAAATATGACTACATACATATTAGAATGGCTAAAATCTAAAAGACAGACAACGCCCAATGCTCGTGACGATGTGAAGCAATAAAGCTCATTCATCACTGGTGAGAATGCAGAATGGTAAACCACATTGGAAGACATTTTGAAAGTTTCTTACACTAAACGTGTTTTCCATACAATCCAGTCTCATGCTCATTGGTATTTGCCCAAATGAGTTGAGAACATGTCTACACACGAGGATGCATACAAATGTT,"[[10247557, ""A"", [""G""]]]",yes,no,A->G,1
chr16,22514913,22515115,CAGAGTTTCACTCTGTCCCCCAGGCTGGAGTGCAATGGCACAATCTTGGCTCACTGCAACCTCTGTCTCCCGGGTTCAAGCAATTCCTCTGCCTCAGCCTCTGAGTAGCTGGGACTACAGGTGTGTGCCACCATGCCCAGCTAATTTTTGTATTCTTAGTAGAGATGGGGTTTCACCATATTGGCCAGGCTCGTGTCAACTCC,N,no,no,N,0
chr17,6244952,6245200,GGCTTGTTGGTTAAGAGTCAGAGCCTGGGGCCAAGTATCTCCAGAGCGGGGAAGGCTGAATAAGCTGGGCAGCTGCAAGACAGGTCTCACTGTCCTAGCTGTGTGCCCTCGGGCAAATCACACCCCCTCTGCAAGTCTCAGCATCTTCCTCTGTGAAATGCCAGTCTCCCTGGGCTCTGGAGAGATTCAAAAAAGATCTCCAAAGGGGGTAAAGAGGCTTTGTAGACTGTAAAGTTCTATGCACCAGTG,"[[6244988, ""C"", [""A""]]]",yes,no,C->A,1
chr22,33591199,33591562,CAAACAAACAAACAGAAAAGCTACCAAGCTGTTTTCTGAAGTGGTATACCATTTTTCACTTCCATCAGTGATGTCAGAGAGTTGCAGCTGTTCCACATCCTCACTGACACTTTGTATTGTGAGTCCTTTTAATCTTAGCCATTGTAGTGGGTGTGAAGTGGTATCTCAGGATGGTCTTTAATTTGCATTTCCCTGATGACTAATGATGTCATTATTGATTTGCATTTTTCAGGGATTCATTGGCCACTCCATCTCTCCTTGGCTGACATGTCTCTTAAAATATGTTGCTCATTTCTAAATTGGGTTGTTTTCTTATTATTGGTGTAAGACCTCTCCATATATCCCAGATACAAATCTTTCATCA,"[[33591213, ""A"", [""G""]]]",yes,no,A->G,1
chr2,107909130,107909457,CATCTCTACTAAAAATACAAAAAAATTAGCTGGGTGTGTGTTGGGGTGATCAGATCCAACACCAGGCCGTGAGGGCTACAAAGTCTTGTGGAGCCAAAGGAACAAGACAAGACAAGCGTACATAAAGTGGGACCAGGGGGCCAATGCTGGTATGGAGGCTGCGAAGGTCCTGAGCTCTGGAAGCCTGCGGTATTTATTGGTGATCAAACAAAGAAGCAGGTAGTGAGGATGTGGGGGTTGAAAGAAAGCAGTGCATCAAGTGCATAATCTACAGCTGTGACAGTTTAGCATTTTCTTTGAAGCATATGGAACATGTTCTGCTACTTGA,N,no,no,N,0
chr1,78668498,78668823,TGCTAATTTCGTATAACCAGAGTACCCAACTTTAAAAGAAAGCCATATTCCTTATGGTGAAATTGGTTGAGATTGGACAGATTAAGTATCAACACCATTTCCTTTCTATGGGAAACAGATGCTACTTAAAAGCCTTTATCAGTAAAACCTTATTCTGTAAAGGCTGGCATATGTTTTTCTCTCAGACCAGATGGTACTTGGAATTTACAGAGCAGTGGCCTCTGGTAACTACCCCAGTTACAGGAAAATATATAGCATGCAGAAAATGGAATATTTACTGGGATGGGTAGTAAAATGACACAGTAGTATTATTGATGTGTAGTGTG,"[[78668508, ""T"", [""G""]]]",yes,no,T->G,1
chr22,29824717,29824996,GATAGCAGTATTATTTTTAAAGTCAGGAAAAAAAAACCAGTAAAGATTTTTAAAAAGAGTACACAAGTTCCTTTAAGAAGTCAGAATCAATGTTTTTTCTCTCTGACGCACAAGTCAAGGCAGTCACGCGTCAGCTGGCAAAGGGCCCTCGGCTCTCTTTGATGGAAATACTGGGTGTAACACAGACCAACCCAGTGAATTAGAGGATAAGGGACGTGGCACAGATTTCTTCCCCAACAGTGGGAATAAAGATGGAAGAGAGACAAAGAGGAAACTCAAT,"[[29824753, ""A"", [""C""]]]",yes,no,A->C,1
chr7,12300544,12300788,AGATTGTGCTGTAAAAGAGAGTACCAACCTTGGGGTGTGTGGATGACAAGTCACCGATAAGAGTGAAAGTCACAACAGAAACAGGATTGGGTTCTGTAGGGAGGCCTCAGGTGTTTGACTAAGTCAGGCAGAAACTAGCAGTAAATGGCAATTACCGCCGGAAGTATGAACTTTGGCTTTTGAAAGTTTTCAGAAATGTGTTTTTTTCTTGCATGCTTAGGTAGAGAAAAATTATTAGCTATGTT,"[[12300586, ""T"", [""A""]]]",yes,no,T->A,1
chr9,32218084,32218488,TAAATCTTCCCTCAAATCATCTAACATGAAGCCAAATTATATAAGGAGTCCTCCCACCACACTCTTGTTGAGACATGCCACATGTGCTGATGGGATCAGTCTTCCTTCTTACATCAAGTAACCCAAATTCTTTTCACTACAAGTCTTTCTGGTAGTCTTTGAACAGTGAGCATTACCAGCAGTAAGGCACACCATCCTCTGAAACTTCACAGTTTACTCATCTACAAAAAGAGGAAATCAAACTAATAGCATTAGCCTGATTGTTTCCAAGGGACTTTCCAGTTCTGTCATGCCATAGCCATAAGAGTTTGCTATTTTTCTCCCTTTGATCTGATTTTATATACTTACCAAATCTCTGAGAAACTACAGTAATGATTGTTTCTACTTTTTATAAGAGAAGATTTA,"[[32218150, ""A"", [""G""]], [32218191, ""G"", [""C""]], [32218452, ""A"", [""G""]]]",yes,yes,A->G,3
chr12,17541006,17541281,GACTTCAACAAAAATGTTGAATAAGGCAAAAGAAATGAAGAGGATTTAGATGGGAATGACCAGAGCAAGTAGGATCTGGGTAATAGCAAACAAGCAAAGCAAGTAGGATCTGGGCAATAGCAAACAAGCAAAGCTGGTTTGCCCAGATCCAAAAACTGTGTGTGTGTCTGTGTGTGTGTCTGTGTGTGTGTGTGTGTGTGTGTGTGTATAAAATGAAACGAAACAGCAAGAAGTGAAGTCCCCTGATTTCCATCCTAGTGCTTCTCAATCACACCT,"[[17541161, ""G"", [""C""]], [17541240, ""A"", [""G""]]]",yes,yes,G->C,2
chr7,130376626,130376926,GACAGTTTTTAAAAAGGGGAGTTTCCCTGCACAAGCTCTCTCTCTTTGCCTGCTGCCATCCATGTAAGATGTGACTTGCTCCTCCTTGCCTTCTGCCATGATTGTGAGGCTTCTGCAGCCATGTGGAATTGTAAGTCTAATTAAACCTCTTTCATTTGTAAATTGCCCAGTCTCAGGTATATCTTTATCAGCAGTGTGAACATGGACCAAAACAGGTGCCTTTCTGCATTTTACATAAAGGCTCTGATAGGCTAGAATTGGTCCCCTTTTCTGAAAATACAAACACTTTAAAAGCTTAATA,"[[130376629, ""G"", [""A""]], [130376754, ""C"", [""T""]]]",yes,yes,G->A,2
chr12,1297234,1297671,AGCAAAGAAAAAGATCCTTTAAAAACTAGGATTAAATAAAGACAATTTCATATAAACAAATATAAAAAGAATTCATCTCTAGAAAGCACTCTAGAAGAAATGCTAATGAGTGTTCTTCAAGCTGAAGGGAAATGAATCCAGATGGGAGCATGAATCTACAGGAAGGAATGAAGAACACCAGACATGGGCCGGGCACTGTGGCTCATGCCTGTAATCTCAACGCTTTGAGAGGCCAAGATGGGAGGATCACTTGAGTCCAGGAGTCTGAGACCAGCCTAGACAACATGACGAAACCCTGTTTCTACAAAAAAAAAAAAAAAAAAAAAATTAGCTGAGGATGGTGGCTCATACTCCTGTTCCAATTACTTGGGAGGCTGAGACTGAGGATTCCTGGGCCCAGGACACGGAGGCTGTAGTAAGCCAAGATCACACCACTGC,"[[1297297, ""G"", [""A""]], [1297471, ""G"", [""A""]], [1297587, ""T"", [""C""]]]",yes,yes,G->A,3
chr1,51985636,51985839,TACTTCACGAGGTGCTGTGAATTTTAAATAAGAGAACGTATATAAGTATGTTTCATACACTGTGCTGAGAAAAATACATGTAGCCTCGTGTAGAATCAGTGAGAAATTTGCCTGCCTTTATTAGCTGTGACTGCCACAGATAGGAGACTAGGAAGTGATGGCAAGAGTAAAAAATTGTTTCAGTTCCTGATCTACCTCCGTTTA,N,no,no,N,0
chr2,71562376,71562854,TGGATGCCTCTGAACCCCAGGCCCAAGGAGGCTTCATTTTCAGTAACTCTGAGTTTTGCTGAATCTGATCAGAGAGAACCGGCTCTGGTTTGTCTTTGGGGAACTATTTCCCCACCTGCAGACCCTCCCCCTGAGGTCTCTGTGGCCAGATGCACCCACCCGGTTCTGTGGCAAATAGGCAGGTCCGGTATTTGTCTGGAATGAGAAGCGTCTGCTCATAAGTGTTGGGCAGACACAGCTGCTGCCTGCTCTGACCAGAGCCCTGTGGGACTCCCAGGGAGGAGGTAGGGGCTCTCCCCAGGAGTGTGAGAAGGGCAGGGCCAGGAGAGCGGTTGCTGGAGGAAGCTGTGGAAGGGGAGAGGGAGGCTGCTCAGGAAGGGATGTGGGTCCCTGGAGTCAGCAGGGCCTATAGGCACAGGCTGGTTCCCTGGTGGACACTGTGTCGCTCAGCTGTGGACCAACTCCTCACAGTGGCAGCA,N,no,no,N,0
chr7,142665524,142665814,CTAATAGAACTCAGCATCAAGAGTGTTTTAGGTCTATCCTTAATAAAGCTAAGCTTCATCTCAGTTGTATAAAACCCGGGCTGAAATAAAATAAACTATGAAGGAGGCTTTAATACTTCTGAAGACACAATAGCTAAGACCCAAACTGGGATTAGATACCCCACTAGGCTTAGCCCTAAACTCCAATAGTTAAATCAACAAAACTATTCCCCAGAACACTACAAGCAATAGCTTAAAACTCAAAGGACTTGGCAGTGCTTTATATCCCTCTAGAGGAGCCTGTTCTATAAT,"[[142665541, ""A"", [""C""]]]",yes,no,A->C,1
chr21,43552744,43552951,TTCAGACAACCTAAAAGAAAAAAAGGCAAGAGCTCTGAATAGGTTGTGACAAAAATGGATATCCAAATGGCCAGTAAACACAGGAAAAGGTGCTCCACTTCAGAACTCATAAAAACAATGCAAATTAAAACCACAATGAGCCAGCCCTCCATCCCCACAGAATGGCTACAATGAAGATCTCTGACAATACCAGGTGTTTCCAAGAAAG,N,no,no,N,0
chr12,114391122,114391397,ATAAAAATGGTGGCCCTTATTTTTCCAAATTGTCTTGGCAATTTAATCACATGCATTGCTTTTCTTTTCCCTGCTCATTTATCCAAGGCAAAACGCTAGACAAATAGTCCTTGAATTGATAACATGATCAGGGAATGAGCCAACTAAACCACAAAGACTAATATTTGCAGTTGTTTTTCAACCACAGGAATAAGAACTTATTTAAATTCCCAGTCTTTCAGATTCTAAACTAGCCAGGAAGTTAGAATGAGTAAACAAAGAGTTTTCCGAAGTCTG,"[[114391129, ""C"", [""T""]]]",yes,no,C->T,1
chr1,23220223,23220460,TGGTAAATGACACTGGAAAGCTGGCTGAAGGAAAAGGCTGGGTCTGCTGGAGAGGGTTCACTTCAGCGTCTGAGCCCTTACCCTGGGCCCGTGGATGTGTTAAGCACAGTCCCTGCCCTCAAGAAGCTCACAATCCCCAAGGAAAAACCCACACACACTTAAGCATAGCACAGTGGGGAAGACCAGGAGAGAGGTAGCAGGGGGCCCACGGGGCTCAGAGTGGAGCACCTGGGAGGTG,"[[23220365, ""G"", [""A""]], [23220380, ""G"", [""C""]]]",yes,yes,G->A,2
chr13,27203936,27204221,CCCCTCACTCCAGTCTCCTTGAATCTCCCCCTCCTTCATACCTTCAATGATGGGCACTGGCAATGGCTACCATTTTAGACTCGAGGTTAGACCATGACTGAATTGAAGTCATCATGCAATGGTACAGCAGTTAATAGGAATTTTGTGGGTGCCCTCTGCTGGGAACATAAGTATTTCACCTGGCAAAAGGATAAGGGTGAATGCTTGAGGGGATCCCATACTGGATAACTTCCATTTGCCCCATCTAGCTGTCTTCAGACCAGGGAGGCAGACCTGTATGGACCGC,"[[27204028, ""T"", [""C""]]]",yes,no,T->C,1
chr2,95928294,95928578,TTTTATCCAAGAGTTAGCTCCTTGAACAAGGAAGCCAATGTATTCATATGCAAATTCATCTCATTTTTATAAGTAAAGTCCAGAAAACATGTATCTCTGATGCCTAATAGTAACAAAGAGGAGTAATGAGTCACTGTGGTTTATCCCGATTCTAGCACTCTTTCCTGCTTCCAGTAGTTCTTGGAGCAGCCAAAATCAAATCTTCTTTTATGCAAATATTCTAAATGCATCTGAAATGAGTTCACTCAGGTTTCCTCAGCAGAAACTCCAAAATTACATAAATAC,"[[95928347, ""G"", [""A""]]]",yes,no,G->A,1
chr2,146173693,146174096,CAAACAAATGCCATTGCAGTTATTTTACTCACTGGTTTGCATATCTCTTCCTTAGAAACATTATTTTGCAAGGGTTTTTTTTTTTTGGTTGTTGTTTTTGATTTTATTTTTATAAATTACAATTCCAAATTAACACTACCCAATAATCAAGGGAATTTGGAGTAATCAAGAGAATCTGGAACAAGCTTAGGTTTCTTAAAGAACTTAAGAGCTATTGAATGATGCTGCAAGGTCTTCCCTGTTGCAGTCCTTCACAGAAACTGAGAATTGCCTCTAAGCACACATGGAAACACTTTTGTTTGTAGCTCCACTGACCAATATTATTCACTTTTACTTATACAAACTCTTCACTAAAAGAGAAACAGCATGTTTTGAACAGTGCATTTTCAGTGTAGCATACTGGA,"[[146173815, ""C"", [""T""]], [146173982, ""C"", [""A""]]]",yes,yes,C->T,2
chr12,83153248,83153542,TCAAGAGCTAAGAAAATGGAAGACCAACTCAGTTCATCACAGATACTCAAAACTGTGGAAGTAGAGAAAAGAAAACACTTATGGCAATGATTCTGAACTAATACTGAAACTGAAACATTACTTGATCTCAAATTACTTCTTTTAAGTCAACTTGGGAAATGACATAACCATATTTAATTCCTCTGAGAAGAACTGTACAGTTCCAACCATCTGCTAAATTAAGCAGCAGTGATTATAATGAACATTTACAACAGACCTGATACAAAAGGGGATAATAACTTTATACATAAAAGAA,"[[83153304, ""A"", [""G""]], [83153440, ""T"", [""C""]]]",yes,yes,T->C,2
chr12,66058626,66058937,GAAGGGCACACGAGCAAAGTGTTCAGCACTGAGACCCAGAGGCCACTGGTTTCTCTGCAAGGTTCTGTAATTACTGGTGAAGTCCTTGGGCCTGAGCTAGGCTGTCTCTGGTTTGCTTTGCATATACTGGGATGTGAATGGTAATGAAGCATATGGTTAAGGGCTGGCACTATTCTGCAGCCAGACTGCTTGTGTTCAAATACCCAGGTCCCCTACTTACTAGCTTGTGATCTTAAGTGGCCTATTTTAGTTATTTCTGCCTCTGTTGCCTTGCCTATGGATGAGGATAATATTAAAAATATCACTATATCA,"[[66058733, ""G"", [""C""]]]",yes,no,G->C,1
chr11,102792299,102792696,TGAGTACTCCCAGGAATATGGAGGGGGTTTTAAATACATAGTTTGTGCAGAAAATATTTTTGTAAATCTAAATTCATTAAAAAGGCCAGAACGTTCTATCTCCAGTCATTTGCCTTTTGTTTAAAATGACTCCAAAATGCGCTACGCACCGTTTAGTTAAGTTGATGGACTTTCATTGATTTGGTTGGTGAGACTGAGATTTTCAAAAGTCCCTGGAGAGAATGTAGCTAGTAACCTTATATCTCAGCCCCAAAGGGAATGAAAAATTGATTTATTAAAGCAGTGAAAAATAATTAGAAAGATTACCTTTGAAAAACCGGACTTCATCTCTGTCGGCAAATTCGTAAGCAGCTTCAAGCCCATTTGGCAGTTGTGGCCAGAAAACAGAAATGAAATTG,"[[102792369, ""G"", [""A""]]]",yes,no,G->A,1
chr12,22731992,22732337,CATGATGTTCTGTTTTGTAGAGATGAGAAACCTGATGCTTTGTGAAGCTAAGTTACTCTTGGTGACCAACCTGTAAATGGCAAAGGAGATCACTCTGTTCTAGGGCTGCTGAAGTAAACTTCATCCACTTTCTACTATGCCAGGCCACAGAGTTTACAGGGTAGGAGGAAAAAGACCTGGTCATTTTTAAAGATATGCCAATTATATCAAAGTAATGAAACTAAAACTGAGACAAAATAGGCAATCCAGAATTATTACCTTTTGCAATTTTTAAAGCCATTCTATAGCAGGTACAGCAGTATTTCCGTTTCTAGTTTTAGAAAGGACAGTAACTAAATAATATGTT,"[[22732073, ""G"", [""A""]]]",yes,no,G->A,1
chr2,132500880,132501226,TAGCCTTGAATAATCTTCTGTATTTCTGTGGTATCAGTTGTAATATCTCTTGTTTTATTTCTAATTGAGCTTATTTGGATCTTCTCTCTTCCTTTCTTGGCTATTCTTGCTAATGGTCTATTAATTTTACTTATCTTTTTAAAGAACCAAGTTTTTGTTTCATTTATCTTTTGTGTTTTTTTTTTTTTTTTTTTGGTTTCAGTTTCATTTAGTTCTACTCTGATCTTTGTTATTTCTTTTCTTCTGCTGGGTTTGGGTTTGGATTGTTCTTGTTTCTCCAGTTCTGTGAGGTGTGACTTAGATTGTCTATTTGTGCTCTTTCAGACTTTTTGATGTAGGCATTTAAT,N,no,no,N,0
chr1,3630101,3630549,TGTCATTAAAGTAGGTGCAACAACCAAGAAAGTGTCTCTTCCCTTTTTGAAAGCCTGCCCCATCTCTGCCGGCTCTGCACCTGTGGGCCTGTTCTGCCTGTACCATGCGGACTGCCTGTCACAGCAGTGCCGAGTATGGTTCTCTGCAGAAAGAGATCACGATATGCAACAACCTAGGTTTGCAACCCTGATCCCCCCACCCGTGGTGCCAACCAAGTCTGGCTGCCTGCCGAGCACCAGCTGGAGAGATTGATGGAATGGTTCTGGGTGGTTCTAGGCACTTCCTGCAAATAGCCAGGGTGGAGACCCACGCACACTGGTTCCGAAACCAGAGTAGACATGAGACTTCCTGAGGAACTGACTCAGCTGGTCGGGGACCTGCAGCTCCCATCCCGAGGGGACTGGACCTGGGGGTGGCGCTGCTCTCAGGTGCCAGGGCTCCCTGCCCA,"[[3630145, ""C"", [""T""]], [3630302, ""T"", [""C""]]]",yes,yes,T->C,2
chr4,82420236,82420472,CATTGAAAATATTTATAGACATGCATTTTTTTGGGTTTGAAGAGAATTCACTTTTGGTCAGACTCCCAAAAGGAGATTACCATTGGAAGAGTATGAGAAAAACTTGCCTGCAAGTAAAGTTTCTCACATTTTCTAGCTTGTGCTGGTCTTTAAGAAACCAAAATTAGCCTTTTTGGTTATTTGGATTTTAAGTGACAACATTATGTTGAATATACTTTTTTTTTTTTTTTCTTTTTT,N,no,no,N,0
chr3,41845298,41845608,TAAATTGTGATTCAACCACACCACAGAATACTTCACAGCAATAAAAATGAACAAACAACTGATACATCCAACAACCTAGATGAATTTCCAGAAAATTACACCAAATGAAAAAAGCCAACCACCAACCACAAAAGGTTACAAACCATATGACTATTTATACAACATTCTCAAAATGACAAAAATATATAAATGGAAAACAGATTGGCTTCGGGGGTGGAGGGCAGCACACACAGCAGGGTAAGAGGATAGGGTCATAAAAAGGGAATATGAGGGATCCTTGCAGTGATGAAACTCTTCTTTTCCTTAACTGT,"[[41845302, ""C"", [""T""]]]",yes,no,C->T,1
chr17,33019598,33019880,TGAGAGAAGGGCCTGATGGGACCTGATGGCTGAGGGTTTGCAAGCGGCACATGCTCTCATCACAGGAGGTCCAGATGGCAGCATGAGCTCCTCAGCCGGCTATTCTGGATGGGAACACGATCGATGCTGAACAAACTCATCCTCATATCTGACGCAGACATGACAAATTCAGAGCTCAGGCCCTTCTTGCTCTGTATGTCTCTCTCTCTCTCTCTCTCTCTGTGAAAGAGAGGGATCTGTGTGAGAGAGAGAGAGAGAGAAAGAAAGAGACGCACATAGAGCA,"[[33019649, ""C"", [""T""]]]",yes,no,C->T,1
chr2,184686567,184686998,GGAGCATTGAGTTGAATGATAGCTCTGTTTTAAGCTCTTTTGAAAATCTCTACACTGTTTTCCATGGTGTCTGAACTAATTTATGTTCCCACCAACAGTATATAAGTATTTCTTTTTCCCATCAGCCCTGACAGCATCTGTTGTTTTTGACTTTTTAATAATAGTCATCCTGACGTGTGAAAAGTTATCTCATTGTGGTTTTGATTTGCACTTCTCTGGTGATTAATGATGTGGAATGTTTTGTCATACATTTGTTGGCTGCTTGTATGTCTTCTTTTGAAAGGTTCCCATTCATGTTCTTTGTCCATTTCACAATTTTTTTCTTGCTTATTAATTTATGTCTCTTATAGATTCTGGAAATTAGACCTTGGTTAGATGCATATTTTGTGAATATTTTCTCTGATTCAGTAGGTTGTCTGTTTACTCTGTTGA,N,no,no,N,0
chr8,13499270,13499522,GCGGTCCTCTGTTTGTGCAAGGAATATCCAAGAACTCATCGTGTACTACATTGCAGGTGCTTCTTTCATTTTCATCTTTAGGGGGGTCAGGTTTCCTTCGTTGCTGAGCAATTACAGCAGAGTTAAGCAATTGTTTCTCAGGTGCAATATCTTTCACGTTCAAAGTATCCACTGCATTTACTTTGGGTGCATCTTTTATTTCACTTAAGCTTATTTCATTGCAAAGCTCCAGGCTTTTACTTATAGAGTCAGT,"[[13499272, ""A"", [""G""]], [13499293, ""G"", [""A""]], [13499309, ""T"", [""C""]], [13499310, ""T"", [""G""]]]",yes,yes,G->A,4
chr2,197372686,197372911,GGGATCTTTTCATCCAGGGTGTGGAGGGAGGGCTCTGAAGCTGGGTGCTGCCTCTCCCTCCACCACTTCCCCACCGTGGGACTTGGGCAAGATTTTGAATCACTCTGGGTCACAGTTTACTCATCCGAGGGGGGTTGGATTAAAGAATCTTGGAAGTTTTTCTAGTTCCTGAGTCAATAAGTTGCCTCAAAAAATTGAATGTAAAACCACTGGCCACTTTTAGAAA,N,no,no,N,0
chr6,167898648,167899078,TGACTTTGTCTTAAAATTGGAATTTCTCACTGGTTTTAAATTGTTTATATTTAAACTTTGTTTTTTAGCCAGTATACTAAAACAGTACCTTTTCTTTTGTGAAAAAAACATGGTGTTCTTTGTAATTATTCAGTGTAACTAAGATTATAAAATTTTTTGAAGTATTCTTTTCTGTGACTGATAATGAAACACATTAAGATCTCTTAAGGAATTCAGAATATTTTAGCTCCACCTAGTGCTTTTCTGAAGACTTGCATTGTGGGCTTAGTAAGGGAAAACAGAAAGCCTTTCTTAATGACTATCTAGTAAAATTTTTTTGTAGGTAGGGAATATGACTTCTCCTTTGGTTTTACTTTTTAAAACATCCTGTTAAGCCACTTCATTGTCTATTTTTCATGCTGCTTAAAACAACTGAAAACTCCCCTAGATTG,N,no,no,N,0
chrX,20920226,20920562,AACAGTGCTTTGCATAATAATCTGCTGTACTAACTCCATTGTGAGAGAGGTGACCTTGTAAGTTATGGAACCTTAGGGAATTATTGCCTTTTCCTTTTTACTGGGTTTGTTTGTATTGTCTCTGCCAAATAGTGTTTGTCCTCAAAGACCATGAGTAAGTGTATGTGTGTACACATAAGTATGTGTTCCAACACTTAACCATTGGGCAATCAGAAAAATTGACTTAGCTGCAACTTATACTGGTGGAAGAAGCTCTGATTAGAACATAAAAGCAGTGTCAATGCACACCTGGATATTTCGATAGGATGTAGAATGTCAAAGACTACTATGGACTGTC,N,no,no,N,0
chr15,94936912,94937179,CAGTACAATAACATGCTGAAAGGTTTGTAGCCTAGGAGCAACAGGCTATATCATAAAGCCTAGGTGTATATAGTAGGCTATACCACTAGGTTTGTGTAAGTACACTCTGTGATGTTTGCACAGTGATGAAATTGCCTAACAACACATTTCTCAGAACATATCCTGCAAAGGAGTAGCTCAGATGGATATAGGACAAGTTAAATTTCTTAATGAGGGTAGTTTTTGTTGTTGGGTTTAACAGATTATTTTTCTTCCAATTTTATGATAA,N,no,no,N,0
chr10,82241628,82242089,AAAATAATTAGCCTTTATTTACAGTGATCTTGTAATCTTTGTTCTTTTGTGGTGGTTACTAATTATGTCAGTGTCAAACTAATCATATTAAGTAATGGAGGTTAAATTCCCCCAGTGATTTAGAATACAAGAATGGAATATTTTGGCATTAAAGAATGACTTTTCTTTTGGAAGTACATCGCGAAGTCTTTGCAATATACATATTTGTCAATTACCATCTGTGTAAAGCAACAGACAGCTGCTCAGTAGCATTTCCTGGAGTGGACTGGAAGGATCTTTCTCACCATATGACTCTGAGACAGTTAGAGACCCACCAAATTGAAGATTACTTGATGTAAATTCACAGCACATACCTGGTTGATACAGTTTATATTAACATGTTTCTTCTAAGAAACAATAAGCTCTTTTTTTTCAATAAGGAAAATATTTTTATCTGGGAAAAACTGTACAACATTTATATAG,"[[82241637, ""G"", [""A""]]]",yes,no,G->A,1
chr1,5839836,5840276,TGCAAAACCAACTTCCTCAGCTTCCAGCATTCTAAGATTAAAGTATTTGATATAAAGCATGCATGCACACACACATTCACACAGACACACACGCACACACATGCACATACATGCATACAGGCACATGCCGGCCAGACACCTCCCGGCTGCCTCACAGTCCATGCAATTATATACATAGAGAATGAGAGAGAGAGAGAGACCCTGCTGGTTGGTTCTGTTTCTCTGGAGAACACTGAGTAACGCACTAGTTAACCACCACTCTATTTTCTGTCCCTGTGGATTTGCCTATTCTGGACATTTCATATGGCTGAAATCACACAATATGCAGTCTTTTGGTCTGGTCAGACACAGAGCTGTGCTGGGCCTGGCAGGGGGCAGAGCTGCCCAGGAGGGAGGGAGACTTGCTGGCTGGACAGTGTTCTCCTGGCCCCAGCATCAGTG,"[[5839920, ""G"", [""A""]], [5840072, ""C"", [""G""]]]",yes,yes,G->A,2
chr2,228431584,228431853,GGAAAATAAATAACTCAGAAAATGAAGCAGGATGGCAAGTCATCAGTGACGGCCTCCTGAAGGTTGGTTGTCATGATGCAAAAATGGGACCAGTTGCATGTCTCTCAGATAGCATCATCTCCACAGCTGAGAGGGCAGATGATAAATCAGTGGGCAGGCTATGGTTTTCCCTTCTCCTTCTTGATGAAAGTTCTGCTCAATGTCTGGAAGCTTATCATACTAGGGCCATCCATTTCTTGCCTCATTTTATTGCCATTTGCTGGACCATAG,"[[228431606, ""C"", [""T""]]]",yes,no,C->T,1
chr8,109116781,109117046,CACATAGTGCACTAAATCCCTGAGTGTAGGGAAATGAAGAAATTTTCCCATACCCTGAAGGAGTTTACTATTTATTTGAGAGATCAACAAATATAGGTCACTGCAATGAAATGTTTGGGAATGATGTCAAAGTATGCCTGGAGGCGCTGTGGAAATGCACAGGAGAGATACTAACCTTGAAACAGGTTGCTCTTCTCCAACACAGTGAAAGTTGCTCCCTTCACTGACATTCCGTGAAAAGAGGCAGGTAGGTATTACTTGTGGAT,"[[109116805, ""A"", [""T""]], [109116871, ""G"", [""A""]]]",yes,yes,A->T,2
chr6,9584003,9584266,TGTGAACCTACCAGTGATGTTGTATTGCCAGTTCAGAAGAACAGTTCATAGAAGGTATTTTTCCCCAAAAGACTAGGACAGAGATCAAAACCTAATGAACCCATGGTGCTTGCTTAATGAAATGACTCATCTGCATTGTTTATTTGCATAACACAATAATTACTCATACAGTTAATTATCATACATCTGATTATCTGACCTGAGGGGTTAGAGTTTTTATTGTCATAAACCCATAGAGGGCAGCCCTGGAAGTTGTTTCGGGTA,"[[9584024, ""T"", [""G""]]]",yes,no,T->G,1
chr18,75790831,75791273,AATACATGAAAAGATGATCAACATTGCATTAGGGAAACACAAATTAAAACCAAGGGATGAGACCATTTCACACCCACAAGAATGGCTACAATTTTTCTTAAAGACTTATAATTTCTTAAACATGTTGGCAAGGATGTGAAGAAATACTCCGCACACACATTGTTACTGGGAATTGCAGCCACAATGGGAAACAGTTTGGCAGTTTCTTCAAAAGTTAAATACAAATTTGTAATATTACTCATCAATTCCACTCTTAGTTATTTACCCCAGAGACATGAAAACACACATTCACACAAACTCACACATGAATGTTCTTTGCAGTAATCTATAGTAAAGTAGATTAGTATTTGCCTAGGGCAAGAAACAAGGATTAACAGTGAATGGGCATAAAGAATCCTATTAGAGTGGTGGAAATGATCTGAAACTAATTTATCAGCCGGGCG,"[[75790883, ""C"", [""A""]], [75790885, ""A"", [""G""]]]",yes,yes,A->G,2
chr20,14777655,14777960,AAACAACTAATGATTAGGTAACTAGTGGACCCAGGCATGAAATTTAGTAATATGGTGTTTAAACATAAAAGGCTAAGAAAAACTTGTTTGAAATTGTAGAAGTGTCTGACAGCTAGTGTAAGGAATGTGTGAGTTTCCACGCTGACATCCTCCCATACCAACAGCAGTTTCAGCTTATCAGGTGGCCTTCAATTTTAGCAATGAGGAGAAAAATGGGTAATAAATATGAGATCTTGTGTTAATTCAAACCATTCACAAATCTCTTTATTTTAGGGAAAGTCACGCTAAAACCACAAACCAGCAGGA,"[[14777709, ""C"", [""G""]], [14777827, ""A"", [""G""]]]",yes,yes,A->G,2
chr11,75041216,75041417,GGTCCCTTGTTTCAAAAGTATGGCACAAGGTAACCTGTAAGCCAGGGCACCCAGACCAGTTCCCATACATAGATACTTGGTTACAGCTTGTTTTAGACCCCCCTCAACCTCCCATAGTGGTTGAGAGAACAGCAGCGTAACCTGCTGGCAGAGGCAAGGAAAGACCAGCAGAGAGAGAGAGAGAGGAAAGAGACAGAGAGGA,"[[75041232, ""G"", [""A""]]]",yes,no,G->A,1
chr4,80948181,80948527,CAGATGTGGACTCATTAATTCTGAAGTATGTTTCCCATGAAAGGCAGTTGTTTGGGAATGGTAACAGTGGAAACAGAAACTTGTGCAGGTCTTACAACAAGTAATATGAGTTCATTGGTTAGGAAATTCCAAATGCAATAAGAGTTTGGTTGCATTGAAAACAGGACCACTGGCTTTAACTTCCCTGCAGCTGTATAACATCTGGAACAAATAAGCCAAGTTTCTATTTTTGAGTGAAGAATGCTTGTTTGAGTGATTCACACCCACCAAAATGTTTCCAGTGTATTATCTTTAGAAGAATTAAATGGAAGCACTTTGCACTCTGTCCAATATATTATTTGGACAAA,"[[80948217, ""G"", [""A""]]]",yes,no,G->A,1
chr16,49348469,49348703,TCCTGAATGCAGATTCATAGACTATCCTTTGGGGAACCCTCGTCCTCACGGGATGTATGTTCATGGTGGTGTCTTAGAGTTTGTGCCCTTGTGAAGCATTCTGGCAGCAAGCATCTGAACACTTCCAAAAGGGGGCGATATTTAGGAGAAATCGCTCAGCCTGAGTTAGAACAAATGCAGCTGCTGGTGTCTCTTGGTGCCTGGGAGCCCTAGAGTGTCAGAGGGAGGAGCGTGC,"[[49348544, ""C"", [""A""]]]",yes,no,C->A,1
chrX,76014365,76014625,CATTTCTCACTTGTCTCACAGGCATCCTTGGGGAGGGCTACCAGAGGAACTAGGAAAAGACCACAGGGACAAGAAAACCTTTAGTTGAACTTTCTAACAATTACAACCGGATGTGAAGCTTCCTGTCCAGAACTCGGGGAGGGTGTGAGTCTGGTGTGCAGACTCTACAGGTGAAGGAGGTGTGAAAGCCTTGCTTGCTTTCTCAGCTGGGAGGCTGCTAGACTAGGACAAGTTATCATCCTGCTCACTCACTACCTGGAA,N,no,no,N,0
chrX,49337264,49337578,TCTGAATTGAGATTTCATTGTCAGTAAGACAGTGAGCGGGCCCTCTGCTTCATCCTAGTTTTTCCGTGTGGAGAGCTGAATACGTAGTATAAGATCTTGTGAAATTGTGAATTCTCCCTCTTCTTGGTTTGTTTGTTTGTTTGCGACAGAGTCTCAGTGTGTCACCCAGGCTGGAGTGCAGTGATGCAATTTCAGCTCACTGCAACTTCTGGCTCCCAGGCTAAAGCCGTCCTCCCACCTCAGCCTCCCGAGTGGCTGGAACTACATGCACAAGCCACCGTGCCTGACTACATTTTTTTGTTTTCATTTTTGTAG,N,no,no,N,0
chr2,151107081,151107518,AGGTTTTCTCAGCATGGCCTCATGCAAATTCTAGGATGTGGAGGCAACTAACTAGCTAGGAGTGAGGCATTCTTGGACAGTAGTGTGGGAAGCTAGCAAAAAGACAAGAACAGTGACCTTTGGCCTAAAAAGTCCTAAATTATTGGCAATGGCTTTGTCTTTCATCTCAACTCTCACCACAACTCCACATCTGACTAGTTAGTCCTTCTGAGGGTTTGCAATCTATGACTCAGTTAATAGGGGCAATATGTGCCCAGGAGGACTTCTAATAGAAAATGCATCCATATGGAAATGCAATCCAAAAGCATCAAGGAGCACAGATGATGAATTATGATAACCTTAGCTCATTCAGTAAGTCAGCAAAAGTGTGTGTCACAGTAAATTAAAAATGACTAAACACTAGCCTTTTTGCCCATTTTAAGTAATATTCCTTAATGA,"[[151107143, ""C"", [""T""]], [151107208, ""G"", [""A""]]]",yes,yes,G->A,2
chr10,76735976,76736260,TGTACCAAGAAAACTAATGCCCATTTTTCCCCCCTAATGAATGCCAAAGTCATCACAGACTCAAGGCTCATGAATAATGTATATCTTCCAATTAAGCGCAAATGCTGTTCAGTTCTTACAACCGATATGTAATGCCTGCTCTGGCCTTAGAATGGGCAGAGGCTGGGGGTAGAAGGAGGGGTTGGGGAGGGTTGTGTGTGTGTGCATGTGTATGTGTGTGTGTATCTGACAGCTAAGCTCCCACAACCTGTAGCATGCTCATTACCTCCTGGGAGTTAAACTTCC,"[[76736099, ""C"", [""G""]]]",yes,no,C->G,1
chr5,37801499,37801877,AATATCAGGTATGTTTGAGTTAGAAATAAAGGAGACCTGCTATGTGATAACAGGTGAAAAGAACTGGGAAGAGCTCAGCTTGCATGAACTTGCAGTGTAAATGGGCCAGGCCAAAGGCAGTTTTGGCGGTAAGATTGTGATCAGGGAACCCTTACTTAGTGTTACAGACACAAGGCAGTGTCACCTCTGGATTATCTATTCCCAGAGGGCAGCTATTGTCTGCTCTTCTAACCAGTTTTACTTGCCCAATAGGGCTTTGCATACAAAGTATTTAGCCTTCAGTGTTGACTCTGTGCTTGACTATTTAGCCTCATGCTCAGGCCAGGAAGGTATTTGGAACCAGTGCCACCTTATTAAACATGTATCTGGATGACGGTTC,"[[37801503, ""A"", [""T""]]]",yes,no,A->T,1
chr8,10128620,10128962,CTTTGTTGTGTGTGCACTTCATGAGGGTGATGCTGCCCATGTGATATTCCAGATGTAGGTGAGTCTCCAGAACGGACAGCAGCTACAGTAGTGTATCTTTTAGAGAGCACGGAAGAGTTGCTTAAAACTTCTTTTCTATTCAACTCTTCATCAGAGGTACTCTTCATGACCTCATCTATTCATTCATGCAACAGATATTTACTAAATGTTTACGTTGCAATGGACATAGTAGAATGAATCATCAAAAGCTTGTTATTATATATTAGGTTGATTTTTTCCAGGAGAGGAGTTTAGGAAGACATTCAGTCTCCTTGGTAAACTTGTACATGCCTTTACTGTCAGC,N,no,no,N,0
chr13,100447881,100448172,CAGCTTGATTTCTAGAGGTTCACTCTGGGTTCTATTACTTCTGTGATCATAGAGATCAGAGTTGGTAAACCTCCACTTCTGTAAAAAGGAATGAAATTAGGATACATCTGTATCGTAATGCTCATGGCATGTAGTTGAGTGAAAGCCACTAATACTCTACATCTGGGAACTTAAAAAAATGATGCTGGCTTAGTTAGAACTGCTTTATTTGTGTGTGTAGTCTTTGAAGTCACTGAGCCCTCTCTGATTAGCCAGAAGAGGAAGAATTCTGAGGAATACGTTAGGATTAAGT,N,no,no,N,0
chr10,80324152,80324539,TAATGAATGAACCATAACATCAGAGGTAACTAAATTTCAAAATAGTACTGACACAAATAAATATCTAGTTGGTGTCCCTCCAGCCAGTGCGGCCACATGGGAGACACTCTGGGGCATGTAAGCATTTCCTGTGAGTCATAAAATCCCATCTGCCAACCACCATCAGCCTTAGCTACACTGGAAGTCACTCACTGCACACCCCCGACCTGGAAAATTCTCCTCTACTAACTTATACTTTAGAGTCCTCTGATTCAAAAGCTGCTTCCCTTTCTCCTTGAAGAGTTTAATCCCCAAATTGAAGAAACAAAAATAATGGCAAGGGTGTAGGTAAGTTGAGATGTTTAAACTGTGACAGGCTCGTTTTTAGCACTTAAAATTTCATTTCAGC,"[[80324269, ""A"", [""G""]], [80324355, ""C"", [""G""]]]",yes,yes,A->G,2
chr4,9796744,9797089,TTCCGATTTGCTTCACTTGGCTGTCATGAGAGGATCCAGGGAAGTAGCAGCAGTTATCTGAAGCATATTCATCTCATGCTGGAGGACAGGATCACCAGAGGCCATGCAGGAATGTTTAACGCCTCTGCTTGGATGTGGCATTCACTGAGTCACTCACATTCCATTAGCTGAAGCAAGTCACATGGCTAAGCCCAATGTCAGTGGGGTGGGGAAGTACACCACTTCCATGGAAAGGAGGGAAAACAGATGTTTGCTGAATAATAATACAATACTATGATCTACCACAATACTATGATCTACCATTATACTGTGATCTACCATTAACATTTCTTGAGTGCCTAATAGC,"[[9796748, ""T"", [""G""]], [9796988, ""G"", [""A""]]]",yes,yes,T->G,2
chr7,116976688,116976984,TACTGCAAAGTTATCTGGCAATGATGTGGATTAGAATTCTAGTACAGGGAGGGTGTGAAGAATTATGAATAATGATTCAGTTTACCACATGGTTGTACCATTATATACCTCACCAGTAATAGATGCAAACTCCTGTTTCTCAACATCTTCACTAGTCTTGATGTTACCCAACTTCAACATTCTTGCTAGTTTGATGAGTGTTAAATGACATTGTTATTTTAATTTTCATTTCCAATTATATAGGTCTTTCAAAATACTATCTATTCATTTTAAAAGATTAGTTTTAGCCTCCACTCT,N,no,no,N,0
chr21,31686357,31686716,TGAGCAATACAGCTTTAAGACAGGCTACTTGGCAATTTACACAATGGCTAAGATCACAGGTCCTGGAGCCAAATTGTCTGCTTCTCCCACCCGCTTTAGTTAGCTGTGTGACCTTGAGCAAGCTATTTAAATTCTCTAAAACGGCAAAGTGCCAACCACACATAATTATGCAGATTAAATGAGTTAATACATACTAAGTGCTGGTGCCTGGCACTTAAATACCCAACAAACGTTAGCTATTTTTTTTTTTAAGATAAATTTTAACAACCCCCCCAGCCACGGACCATTACCAGTCTATGGCCTGTTAGGAAACGGGCCACACAGCAGTGGGCAAGCAAGCACCACCTCCTGAGCTCTGCC,"[[31686358, ""C"", [""G""]], [31686364, ""C"", [""T""]], [31686430, ""C"", [""T""]]]",yes,yes,C->T,3
chr17,41043359,41043750,AATATGTTAAAGTTCTTTTAAGTATCTGGACCGGAGACTTATAATTGGAATAAGTCACATTTGCCTCCTAGTTGTTTTTTGTTTCCCACATTCAACTAAGTTAATATACTTTCTGGGTTTCTACATCTGCTATACTCATTGTGTCTTCTTTATTCCATGGGTATTATCTTAGTTGAGCTCTTATTGTAATCACTTGACCAAGGCAATATCTTCCTGATTAGTTTCTGTATAGTTCTGTACGACTCATTTCTCTGGCCTTTGACCTCTGTCTTTATAAGGAGCTATCATGAGAATTGTCCCAATGCCCTGCTCTTGTTATGCCATTTTCCTGCCCCAAAGCTTTCAACAACTCCTTACTGCTTATTGCATTAAGGGTGTACTCCGTTGGCTAG,"[[41043391, ""A"", [""G""]]]",yes,no,A->G,1
chr4,108821603,108821918,CAACAGAAAAATGTCATATGAATGTTACTGTGCCAGGCTATAGGAATCATTTTTCAGTAATATTTTAGTGAGCCTCAAGCTTTATGGGAAAGAAACATTACAGTATGAAGAATAACGTGCCAATGTTATTATTAGTCAGCATTGTTTTGTAATATGCACTGATTCCCCATGCAATACAAAACCATGTCATTGTGGGTATGAGTACATGAGAGCTCTTGATAACTTTTATTTCCCATGTCAAAGAATTATATACATGAATTATTCGCATTTAGAACCAATTTTTGTAAATTTAAAACTTCTAATCATGGAAGCTACA,"[[108821700, ""C"", [""T""]], [108821916, ""G"", [""A""]], [108821917, ""A"", [""C""]]]",yes,yes,A->C,3
chr1,160821683,160821886,TGGGTTCTGAGGTAGGATAACCCTGTGCTCAAACCCTAGCTCTCCTCCTTATGAATCCCTAAGCCTCAGTTTCCTTACCTTCAAAAATGAAGGTATCTATTTTCACTCAGTATTGAGCGAAAGAGAAAGAGGGGCCAGCCGGGAGGGGGCAGGATTGAGCAGCGGTTAAGAGCATCAGGGACAAGACTAGCTGTAGTCAAATCC,"[[160821765, ""C"", [""A""]]]",yes,no,C->A,1
chr7,30082680,30083097,ACCAAATAAGTAAAGTACATTTTTCTCCACTAAATTTGAAGTAAGGGAAAGAGGAGCCAAAGTAAGAGATTTTTTTTTAAGGAAACTTAATCTGATTGTGAAAATCATACATATGGAGAAACATCAGATCAGGCAATAGAGTCAGAGGGTCATGAGCAATAGACGATGATGCGAGGCATTTGGGGAGCTTCCTGGAGGAAAATTAAGTTTTTTTCCTAGCAAACTACCATGTCCTACAAGAACTTGGTTATATAATGGTGCGTCTCTGAATCACTGATTAAAACCAGTTGCTTCTGATTTTAGTCACAGGTTTTACAAGTATTCAGCTCTCCCTCATGTTTCATTTCTTTTTTTAAGATAATCTATCAACCTTTTTTAAATTTTAAAATTTTTAGATGTAGAGTTTATAAGTAAAATA,"[[30082722, ""G"", [""A""]]]",yes,no,G->A,1
chr10,29955285,29955697,CACACTTACCCCAAAATATGTGCATCTATTATGTATCAATAAAAATAAATAAATACATACATACATAAATAAAGGGGGGAATCAGAATACATCAAGGGTGTGTGATGAATGTTATGTCTGTGATTATGCAACAGGAGATGGGACTTTCCATCTTTCTAGCAGGCTTTCTCGACTCTCTCCCTTATTGACTTTGTTGATGTAAGCCTCCATGTGGTAAAGCCCTTGTGGCGGGAACTCAGGGCAGCCTCCGGCAACAGCCAGCAGGGAGCTGGGACTCAACAACCTGCCAGGAAGTGAATCCTGCCCAAACCACATGAGCTTGGAAGTAGATTGTTCCCCAGTGGAGCCTCAGATGAGACCCCAGCCTGGCAGACACATTGAATGCAGCCTCTTATGAGGTCCTGAAGCAGAGG,"[[29955316, ""C"", [""T""]]]",yes,no,C->T,1
chr11,67714846,67715116,TCCAGCCCCTGCTACAGACAGAGACACCGAGCCAGCCTCCGCCCTGCCAGCAGCAGGCATGACCTCGGCCACTCCACACCCCCAAGGATGACGTTCAAAACTGTTCACAGCTTCGGCCCATCAGAACAGACACTGACATGGATGCCCGGCAGGACTGCCCGTGTGTGCTAGCTGTGTGTCACTGTGTGTGCCCATCTGTGGTCAGGGAGCATCCTGGAGCTGAACATGGGCCCACCCGCTGCCTTCTGCAAACAGGGCCCTGTTCCCCAGC,"[[67714885, ""T"", [""C""]], [67715006, ""A"", [""G""]]]",yes,yes,T->C,2
chr4,148598818,148599064,TGCTCTCTTCAGAGCTGTCAGACAGGGACGTTTCAGAGTGTAGAAGTTTCTGCTGCCTTTTGTTCAGCTATGCCCTGCCCCAGAGGTGGAGTCTATAGAGGCAGACAGGCCTCACTGAGCTGCAGTGGGCTCCACCCAGTTTGAACTTCCTGGCCACTTTGTTTACCTACTCAAGCCTCAGCAATGGCGGATGCGCCTCCCCCAGACAGGCTGCCGCCTTGCAGTTCTATCTCAGACTGCTGCGCTA,N,no,no,N,0
chr11,112352954,112353282,CTCTATAATTTGCCACTGAAGTGTTTTTGTGTCTCAGTAGCACCTGCCTGTGATAGCTGTGCATTGATAAGTCCTCCATGTAGCCTGCATGCTCTGCTCTGCTGTCCTCAGCCCTCAGTCCCCTTCCCCAGCTGCCATGACCAACTTCCCTGTGCATAACAAGGTGTTAGTCATCAACTGGGTGCGGGGGTGAGGGAGGAAGAGTCAAATGGGATTGAATAGTGTTGAGTCGACTTGAGCAAAAGAGACACCATTAATGGAGGAAAAATGATATGTAAGATGGTATTACACATGGCTTTTTAAAGCATAGGGGACTGGTGGTCAGTAAA,N,no,no,N,0
chr5,51814493,51814743,CAAAACAACACTTAACTTCTCTAAGCTCCAATTTCAACACCTGCAAATAATACAATACTATTATTACTAGTATAGTAATATAGTATTATTACTAGTATAGTAATATACTAGTATTAATACTAGTATTATTACTAGTATAGTATTACTAGTAATATACTAGTAATAATACTAGTATAGTAATATACTAGTACTAATGCTACTATTATTACTAGCATAGTAATAATACTAGTATTATTACTAGTATATTACTC,"[[51814523, ""G"", [""A""]], [51814581, ""A"", [""T""]], [51814632, ""T"", [""G""]], [51814665, ""C"", [""T""]], [51814688, ""A"", [""G""]], [51814692, ""G"", [""C""]]]",yes,yes,C->T,6
chr16,82964166,82964615,GCTCTGTATTAATAAAACAATCTCAATGGTGGAGCTCCATAAAAGAGAGGCGTAGGCTGATGTAATTTCCTTGAAGTCCCCTGTAAAGCATTTTACTCTGTAATACAGCTACATTTATGAAGTGGTTTTATCTTGAAAGATCCCAAAGGGCTTACTAGACTGAAAAGGAAAATATCAAGTACACGACATCTCAAAACACCACCAATGTACTTCGGTGATAACAGTTGGGGATTCTGTGACAGCAGGTAGCCCTCTTAAAAAGCAGACAGCGGCTTAGCCCATTAAACCTCCAGGGAGAAGTAAAGAGAAAGAGGAGATAATTGTCCACATTGGATAAGGGCCACACAGGTTTTCTTTATTAATAAAGGCCATGGCTTGTTTCCATCCGCCACGTGGATTTAAGTGGGTGAGCTTTATCAACATCATTCTCCTTATTTGAAATAAAAGAAA,"[[82964217, ""A"", [""G""]]]",yes,no,A->G,1
chr8,71581931,71582204,AGCAAAAGGCACACTAGGAGATTATATCCTGCGCGTGGCTCGGAGGGTCCCACACCCACAGAGCCTTGCTCATTGCTGGCATAGCAGTCTGAGATCCGACTGCAAGGCAGCAGCAAGGCTGGGGGAGGGGTGCCTGCAATTGCCAAGGCTTGAGTAGGTAAACAAAGTGGCCAGGAAGCTCAAACTGGGTGGAGCCCACTGCAGCTCAAGAAGGCCTGCCTGCTTCTGTAGACTCCACCTCTGGGGGCAGGGCATAGCTGAACAAAAGGCAGCA,"[[71581945, ""C"", [""T""]]]",yes,no,C->T,1
chr12,51672413,51672700,ATATCTCTTTACTTCCTTGGCCTAATTTTCTTTTTATCTCAAATGTTTTCTTCTCTTTCATGTTCTCAACCTTTCCCTAAAATGTTTATATTCCCCCAGATTCAGTTCTTGGCCCATGTTCCTCTCAGTTGGCACATTCTCCCTGGATGATCTCATCCAGCCTCAGTTCGAGGACTCCTGACTCTAGCCTAGCCTAGAATGTTCCTTAAATATTCAACACCTTGCCAGTCATCTGTTTCTGGATTTTCCCACAGGTTACTCAGTATATTCAGAATTGAACTCATTTTC,"[[51672461, ""C"", [""T""]]]",yes,no,C->T,1
chr21,7665984,7666209,AATCTTGATTTTGGCATTTGGAGCCTCTAGTAAAGGACTAGCCTCCTCCCAGAGGTGTTCTTTGGGCTTTTGGACTCAGTGACACACTACTGGTTACACTGATTTGAAAGTCAGCTAAGAGCTTGCTGCAGAACTCCTGACAAACTCAGTTTCACCCATAGAGGGCTAGAGCATCCCCAGCTGGTTGAAATTTTATGCCTCCTTCTATCCTCTGAAGCAAAGATGC,N,no,no,N,0
chr3,168218408,168218683,CTTGGGGAGTGGGAGAAGATATTAAGTGGGAAATAAAAGTCTTTAGGGACATTTTCAAGGCCACGAAAAGGCCTGATAGACTTTTCAACTCCACAAATAAATCAACTCTCTAAAGAACAAAAATATGCATGCTTGTTGGTTTCATTCTCTCTCTCTCTCTTCCTATCCTCTCACTTCCCCTCTACCTCCACTCCACCTAGAGGGCTTTATATAGACGGTCAAATACTTGTTTCCAAAAAAGGTGCAAAATTCATTCAGTTAAGGTAACAAATTTTA,"[[168218427, ""C"", [""T""]]]",yes,no,C->T,1
chr15,22810978,22811278,TCCCTGTTCCCCTTCCTCCCAGGATGAGAGTGCAGAAGGACAAGTTAGGAGCTGGTGGAGGCCCCTGCTGCCCACGATTAGCCGTGAATTCAGTCCAGGCTGATCTGTCCTGGGCCCGAAGAAATTAAAACAGCTCCTGCTTACTCATGTAGTCGGGCTGTTGGCATTTGGTGAAATTCCATGTTAGGCTGCCTTGTTTTTCTCAGCACAGTTGGTTTAACAGAGAATTTCATGAGTCAAAGATCAGGTCATGTGCTATAATGTAAAGATAAATAATAATATTAGAGTTCAGAACTCTAAA,"[[22810984, ""C"", [""T""]]]",yes,no,C->T,1
chr20,4524848,4525100,CCAACTGGGACTGACCTCTTAAATCAGGGGTCAGTGAACTACAGTCCCCAGGCCAATTCCAGCCCACCAGCTATTTTTTCAAATAACATGGTTTTGGAATGCAGCTGTGCCTTCTGATTTACATATTGTCCATGACTACTTTCACACTCTAACAGCACAGTTGAGTAGTTGAAACAGAAACCATATGGCCTACAAACCTAAAATATTTACTATCTGGTTCTTTCAGAAAATACGGTTGCTGGTCCCTGCCTTC,"[[4524904, ""A"", [""T""]], [4525089, ""A"", [""G""]]]",yes,yes,A->G,2
chr11,130464280,130464688,TCCTGGAATTCTGTCTATGATCAGGCAAGATCTACCTCCTCAACCTCTTTTCTAAACAATCCCTTGGCCACCTTGTTTTAACTGAAACTTTCCAGGAAACCTTCATGGAGGTCATTGCCCTCACTGGCTGAGGTCAGATCATAAAGCATGTCTTACAAATCACTGCAGCTCCCACAGATCTGTTTCAGGAATCCCATTCTGACCACCAAGGCCCTGTCTTCCCAGATTACTCCCTCTGGGTTTTGGATTCCAACAATTCCTCAATCCCATCTGGGCCTACAATCTATTGCTACAACAACCTTCCCATCATGCCTCACCCTTCCCATCATGCCTTCCCATCATGCCTCACCCAGTGAGAAAAACATGCAATTGTGCTCACTGGTCTCAGTTTAAATTCATGATCTGAGCT,"[[130464281, ""T"", [""C""]], [130464389, ""A"", [""G""]]]",yes,yes,T->C,2
chr2,1989362,1989695,CTGCGTGCCAGGAGAAACCCAGCCCAGGAGCTGCAGCCCGGCAATCCCAGGACAGAAGCGAGAGTGCACCCTACATCTTCTCATTCTGCAGCCCTCAGCATGGCACTTGGCACAGGGCAGTGGCTGGATAAATATTTGCTGAGTTGTACTAAATACAAATAACAAGGTTTGATTAAGGATCGCATGAAGGTTGGACACACCTTCTTGACAATATGGAAATAATTTAGTTAAGAGTCACAGATGCTCTACGCAGGAAAGAAAATGAGTAAAATAAAGGGAAACGTTTCCTACCTATAGGGGGAAACATCATAAATATTAGGTAAGTAATGAACAT,"[[1989366, ""A"", [""G""]], [1989575, ""C"", [""T""]]]",yes,yes,A->G,2
chr5,174479387,174479634,GGAACCACAAAAGACTACCCATATCCAAAGCAATCTTGAGGGACAAAAAAAAAAAACAAAAAACAAAAAAACAAAAAAACACCAGAGGCATCACACTTCCTCATTTCAAAATATATTACAAAGCTATAGTAATCAAAACAATATGGTACTGGCATAAAAACAGACATGTAGACCAATGTAACAAAACAAAGAGACCAGAAATAAATCCATATATTTACAGCTAACTGATCTTTGACAAGGATGGCAAG,"[[174479438, ""G"", [""A""]]]",yes,no,G->A,1
chr17,49053488,49053868,CTGGTTGCACTTTGGGGAAGGAGAGGAAGTTTGGGGCTCCAGGTAGCTCCCTGTTGTGGGACTGCTCTGTCCCCTGCCCCTACTGCAGAGATAGCACTGCCGAGTTCCCTTCAGGCCTGGCAGACGGGCAGTGAGGAGGGGCCTCAGTTAGCTCTCAAGGGTGCCTTCCCCTCCTCCCAACCCAGACATACCCTCTGCCAAACTGGGAACCAGCAGTGCTAGTAACTACCTCACAGAGCCCCAGAGGGCCTGCTTGAGCCTTCTTGCTCCACAGGAGAAGCTGGTGCCTCTAGGCAACCCCTTCCTCCCACCTCTCATCAGGGGTGGGGGTTCTCCTTTCTTTCCCCTGAAGTGTTTATGGGGAGATCCTAGTGGCTTTGC,N,no,no,N,0
chr10,82827907,82828255,CACTGTTAATATTTCCATGTGTTTTCTTTGAACTTTTTTTAATTCTTTGCATGGGTTTTTAAAAGAGTGTTTTAGATTCTGTCATACCAGATGGAGAAACCTCTGCCCCTACTCTGAAGGGATATCCCCAAATGACATTCCTTGGAATTCTGCATCCCTTGAAAAAGGACGACTGGCTGTCTTCTGCATGAGCTGTTCCGAGACCCACTAAAATTGGCCAGGGTGACTGGTACAGTCATAGGAGGGTTCAGCCAAGCCATAGCATTGTCCAGAGCAAGGATGGCGTAAAGAAGGCTTTAACAAAATATATTTGATTATAAAAAAAACTTCTGCTAGGAATGTACAAAGT,N,no,no,N,0
chr1,118505001,118505278,TTGGATTGGGAGGGCAAAAATCCTGGGACTGTGGAACAAATAGTGCTTTTCCGACCTATAAACTATCACACACAAACGAAAACAAAACAAAACCCTAAGTACTCAGATAGTGCGAGGCCACAGTTCCTGGCATGATGCCTGACACCTGGCAGTCTCTGAACAAGTGTTAATCTTTCCTTGTCCCTTCTCTTGTACACTAGTATGCATGAGTATGTCTCCAAAAATAAATACGTGTAATGCATAAAATTCAAATTTATACAACAGATATATCAGATGCT,"[[118505013, ""A"", [""G""]]]",yes,no,A->G,1
chr7,147985179,147985405,TCCATTTATTCTCTCTGGTAATCCCCTCAACAGAATTCCTCTTCTCTCCACTCCCATAATCTATTTTTCCAGGACGGTAAATAAGCTTCTGAACCCCCACTGGGGGTGGGGGGTGGGGAGTGGTAATCCCTCTGGGGCTCTCCTTGGTTCTCCACATGTACATGTTAAATCAATATGTATGCCTTTTCTCCATTTAATCTGACTCTTGGGAGTTGATTTATGTTTTT,"[[147985253, ""T"", [""C""]]]",yes,no,T->C,1
chr15,43483357,43483644,CATGAGAAAAATTTTCATGTTTTTAAGCAAAACATCAGCAAACATACACTTTTACTTTCCACATGATGTCAACCATATAAATCAAATGAACAAAAAAAGAGAGAAAAGATGCCAAAATGTTTACAGCAATTAGCCTCTGGGTGGCAGGATTACAGATGACATCTTTGCTTCCTTGCATCTTTCTACACAACTAATATTTCATAAAAAGAGCATTAAGCGTAACCGTAATAAACACAAAAGAGGTGAAAATATAAATTTGCAAAGTTGGGAACCGTGACCCAAGCAAGT,"[[43483534, ""A"", [""T""]], [43483580, ""T"", [""C""]]]",yes,yes,A->T,2
chr8,68244304,68244563,GTATTTGACTTTGGTCCTTGGAGATGTATCACACAACTGTAGATTTCCATGTGATGTTAACATTGGTAGAGGCCATTATTTTGTGGGAAAATGGGTTTAAGGGTTTCAGTGCATATTTGGCAGAGTGACAATCCAAACATGAGTTTCATGTTTTATATGAGGCATCCTTCAAGAATAGAAAAGCAGGCTAGGCACGGTGGCTCATGCCTATAATCCCAGCACTTTGGGAGGCTGAGGTGGGTGGATCACCTGAGGTCAGG,"[[68244365, ""G"", [""A""]]]",yes,no,G->A,1
chr6,55674595,55675081,TAACCATACTTTTGCTGAAATTTCTGTCTTTATGAGTCTACACTTCCTAATTTGGGGCTCTACAAATGAGGGACAATGATAATGTTACTATAGGATTGCATCCAACAAAGTTAGCAAGGGTAATAGGACCTGTGAGGAAAAATTCAGGGCTTAGGGCTTTTAGAGGAACTGAAAAACAAAACGTTAAAGACAGACTTATTGTAAGAGCATGATGTCCAACAGCTGTTCTCTTTTTCCAGCAAACCAAAAGGAAGAGGAGACAGGCTTCAATTAAGGCAAGAGAAATTTAAATTAGACATCTGCTGAGTTGGCATAATGATCCCATGTTCTTTTGGAAGTGGAAAGAAATGAAGAAATCTATGAGTTTAATGTTTGAAAATATTATTTAAACAATTTCATAAAAGACAAAAATCCAGTCATACTGATACATGCTGGAAGAAGGAAAGAAAAACATTTACTTGTGCCTAAGAAGTATTTTGTTGCATCA,"[[55674636, ""G"", [""A""]]]",yes,no,G->A,1
chr17,74165745,74165994,CTTAATAAAATAGAAGAAAATAATAAATATATAGTAAAGGGGCACAAGGGGTAATAAACCAAACATTATTTAAAAAAAAAAAAAGGTCACTTGTGGATGAAGAAGTGCAACAAATATCTGGAAAGGGAAAAATGATGGAAGTGTGCAGATGGAGGAAGCTGCCACTAGAATATGCTCCCGGGAGGCTGGGTTGAGTCAGCCACTGAATTTGCATAAAGAACGCTAGAGAGATTGGGGCTTGCAGTTGTCA,"[[74165750, ""C"", [""T""]], [74165789, ""A"", [""C""]], [74165911, ""G"", [""A""]]]",yes,yes,A->C,3
chr17,80962042,80962250,CAAAAGGGCCAGGCCATCCCTCTCTTGGGCCACAGCCTGCCATCCAGGCTCTGTCTCCCGGGACTGCAGGCCCCGGTTGCATGAAATCTAATCTCTAGCTGGAAATGAAACCAGGAGCTCACAGCCTCCTCCCGCATCTGTGCTCATGGTCATTTCTCTAGGCCAGAAAGCTCCGCGCCTTTTCTGGCTCTGAGAGAGCTTGTGGGGGA,"[[80962067, ""C"", [""T""]]]",yes,no,C->T,1
chr1,163106403,163106763,TCTACAAAGTGCTAAACAGAGAGGATTAAATTTTTCTCTCCAAAATAGTTATAATCCCCACTAACATAATTAATGGATTATGAAATTTTTGTGGAGAATCAACCTGCCATTTGAGCCAAGAATTACAAAAGCAGAGATGAAATCGGCAGAGAAGTGTCATTTAGCCAGAAGCAACAGAGTTAGTAATTTCTCACTTTGGCTTGATAGCAATCCCACTGCAGAGAAAAAAATGCTACCCTTGAGTTAAGAAAGAACTTGGTGATTAAAGTCATCAGAATCTTTAAATAATAAGATGAACTGGAGTTAATTTAAGCCCTTATTATGTAGCTAGAAAAGTAATAAGCACTTTGGCAAGTATGTA,N,no,no,N,0
chr4,3909633,3910037,TAAGACTCCAAGTGCCTCTTGGCCTAGGCCTGCCTCCTGCTAAGTGAGACTCTTTAGGGTTAGTCTGCATCGACTCTGCTGAGATGCAGCCGCCAGAGCTGGGTAACATGGGCCATGTTTGGCAGGTCCCTGGGAAGGAGGCTTCCGAGTCATCTGGATCAACTAGTTTGAAGTTACAAACTCACCAGATGTTGGTCATCTGGAATCCTAGTGATGAGCTGGTCCAACCCCTCCTGTTGTAGTCAAGTCACTTGTGGAAAGCCACCACTTGGCTGGGACCCCAAGCTCAGGCCAGGGCTCTCTCCATGGTCCCAGGCTTTACACTAAGGGAATGTCAAGTGTTCTCCAGAATCACTTGGACTACTTTATACTTTTGTGTCTCCTTTTCCTATTCTGTATTCTGGA,"[[3909643, ""G"", [""A""]]]",yes,no,G->A,1
chr3,99703005,99703309,GGAAGCTGGTGAGGCTGGGGCTTAGTAAGCAAGGGGGAAGAATGGCAGAAGCTGAAGTCAAAGATGAATCCTCAATATGCAGGACCTCATAATGCATCAGCAAGACCTTGGTTTTCACACTAATGAAGATAAGGAACTAGTGAGGGTATTGAGCAGAAAAGTGATGTGATCTGAGTCATATTTTAAGAGAATCAGTCTGGCTGCTCTGTTTAGATTAGACTCCAAGGAAACATATGCACGTGCTGTATTAACTGATTTACGTCTCACAAGCTATGAGATTTGCGCTGTTTCCCATTTTACAGATG,"[[99703069, ""G"", [""T""]], [99703243, ""G"", [""C""]]]",yes,yes,G->C,2
chr20,36377805,36378213,CTCCCTGCGTTCCTCCAACCACACGGGCTGACATTTCCAGACAGACGCTGGAATCAGCTCTTCGGGGGATTGGCAGATAAATTTGGCCCAGGCTTTTGGGAAAATCTTCAGCCTTACTGAGGAAGCGGAGCCCAGGCTCAACGACTTCCGTCCACCCTGCTACTCCTCGGGCCTGGTCCTTCCAGGGGGCTGGAGCACTGTTCTACAGCCTTGCTGATTAGGGTAAGTCTTACCAGCCCAGCTGTCCCCCAGGAGAGCCCCTGGGGAAGTTGCTGCTTCCAGCCTTTCACTCAGAGGCAGCAGGAGTTGCAAGGGGAAGCTCCTCCCCCTACGCCAAGACACCTGGGTGTTACCCTACTCAACCTGGCAGAGGAGCAGGTTTGGGACGGTAGATACCGAGCTCCAGATC,"[[36377810, ""C"", [""T""]], [36378202, ""A"", [""G""]]]",yes,yes,C->T,2
chr6,63912001,63912225,CTCAGAAAGCCCAAGTTTTATTTATTTTTATTTTTATTAAGTTTTTCTGATATAGTTCATGCAGATCCTTGAAGCCCTAGATTTAGATCTGTCTCTCGGGATTTGCAAAGTTGTAGAGAGGAAGGGAGAGAGGAACAGTGCATAAGCAGGAGCTTTGCATTTTCTATTTCTTACCATTTTATACCTCTATTTCAATATCTTTATAGTGAAGCATCCTTTTTGTCG,"[[63912046, ""G"", [""T""]]]",yes,no,G->T,1
chr7,47078270,47078617,AATTTTTTGGCAAGTAAATTATGTCTCAACAAATCTATTTTTTAAATCAACTTATTACAGTTTTCTGTCAAAAGGTAGTACAATATCTTGAGGAAAAAGTGCCTTTTCTAATTCTCAGAAGGGTTGGATGAATCATTGGAATGTGAGGGTGAAAGAGTCAGTTAAGAACCAGATCACGAAGGGCCCTGTTGGCCACATTGTATCATATGGGCTTCCTTCTTCAGGCCATGGGAAACAATTCATGGTTTTTAGGCCAAGGATGGGCCTGATGAGAGCATTGATTTAAAAAACTAATTTGAGCATACATACAAACACGAAGGATGGATTCAAAGATAAATTTAGAAATGT,N,no,no,N,0
chr13,96576032,96576377,TGGGCAGATATTCAAGTCAGAAGAGCTTTTGCATTTTCTTCTGCCAGGAATGGGGGAGAGGGAGCGGGGGCACATGTGAGAAAGAACACGTGTACTGTTCTAGGCATCGCCGTCAAGTTTCTGGAAGGGAACGGGCGAGGGTGTGTTGGTTTGCTTGGCACTGTCCTGTGCTGCTTGAGAGGACCTGGGATGTGCAAGGGAAATGTGATGACAGGGTGCACAGGCCACAGCCCCCTCACTGCTGTACTGGGTTCCCGCAGCCTGCCACGTTTCCCTTGACAATGTAAATGAAGATGGAAGGATTGTTTTTATGACTTCCTGCTGCTGAGAATAAATGTCTTGTTAA,"[[96576071, ""C"", [""T""]]]",yes,no,C->T,1
chr1,118898799,118899082,TAGGAAGGGAGAGAGCATTTTGAGTGCCAGATGAAATGCTGCCTTTGGACCAGCTTGTTTACCCAAGTGGTGATGCTTTGGTTATTTACAGAGCTCCTGAGTTCTCTTCATTCCAGGAGAATTGGTATAACCCATATCTTGGCCTGAGGCCAGATGTGCTATATTCGGTTGAGCTCCCACTCTGTCCCTGGCCCTATCACTAAGCAGAGGCCTTGCTCCAGGGCTTTACCTTGCTGCTTCTGCATGGTGGTGAAGTCTTCGAAGGTGAGTGTGCGCACAGGAGG,N,no,no,N,0
chr7,41156368,41156598,TTGATAATCATACACATGTATATAAGCTGCAATGATTTTACAAGGCTTTTATCCAGTCTCCCACTTAGTCAGATGATAAGATCCTCTTGTGACTCATTCTTTTTCTCTATTTTTCAATTCTCTAACTTCCTGGAAGCTCCTCTGTTCTGGTGGTCGGGTAAGAGGGAAGCATTCACCCAGAAAATGAGCTCAAAAGATTCTCCCTTGAGTTCTTGGTTCACTGTTTTGTTT,"[[41156375, ""C"", [""T""]], [41156449, ""C"", [""T""]], [41156528, ""G"", [""A""]]]",yes,yes,C->T,3
chr19,40381391,40381662,CCAGTGCCCTTCAGCACCATGGGTGCAGCCCCTACCAGCAGCTAGCAGAAGGGCTGCCCGGAATCTCTAGTCCTCCCTGGAATCAAATCCAGGTCCCTCTTACTGCCACAGCTCCACACTTGATCCCAGGCCTCCTGGTGGTCAAACCCAGACCCTTCTTGCTATAGTAGTTTGTCACCCCCTGCTATTAAACTGCCATTGACTTTTAGTCTCACCTGTGGTCCCATCCAGACCCTTCTTGCTGTGAAATCAAGACCTATGACCTCAAACTC,"[[40381396, ""C"", [""G""]]]",yes,no,C->G,1
chr1,194369734,194369952,TATATGTTGTGCAAGATAAGTGTCTTCTTCCAGTCTTTGCAGATTGGCCTTGTGCCAAGACACATCTCCAACACCTAACAGTGGTTACACTGAAACTAGAGGTCAGTCAGTAGTGAAAACTCAAGTCTTCTCAAGTCTTATCTGTGCATGTGACTTGTCCTAGGTATATGTGCTGTCTTTCTAAATTTCCCTATACACATAGCTGTATTTGATGGTCCA,N,no,no,N,0
chr1,161601471,161601754,TGTTTTGGAACACAGGTTCTCAGAAAGGCAAACTTTAGGTGAGTCGTCAGTGGAGACTGCTGACTTCCTGCACTGCTATTTTCCCAGTGCAGTTACCAGAAGGATGTGACCTTCTCAGAGAAGTCATTCCAGGCAGATTAGAAACATGACCCACAGTCTCCTTGATGGTTTGGTGAGTGCCCTTAAAGAGCCTTCCATTTTCCTGGGACACAGCATCACTGTGCACAATTCTTGCATTTGAAAAGTAGCAGCTTTCTCTGTTGGATAGTTTACATCGATTTTTA,"[[161601485, ""A"", [""G""]], [161601513, ""A"", [""G""]]]",yes,yes,A->G,2
chr18,2935443,2935754,CTGAGCTCTTTAAAAGGTTACTATCACGGGTGTAGAGAGGGCATGAGGGTGTGGATGGGTGTAGGAGAGAGAGTTCTAAAATAAAAAAGATTACAAGAAACATAAAAATCAAATGCAACATGTGAAACCTGATGCAATTTTGGCTTGGGAAACAGGCCAGCTAAAAAAATATTCTTGGTACAATTAGGGAAATGTAAACATGAATTCTTCAAGATGACAATAGTACTGGGGCTATGCAGAGAATGTTCACATTCTTAGAAGGTATATCCTGGCATATCTAAGAGTGAAATGTCATGCCTGCAATTTGTTTTC,N,no,no,N,0
chr10,84543989,84544340,CCCTTTCTAAGAAACCCAGTAAAGGTGTCACTCCCTACCTGTGACTTAGATTGGGCCATGTGTTCATCTCTAAAACTGCATCAGTTGAGAAGCAATACTCTGACTGGCCAGGCCTGGGCCATGGAGTCTACCTGAGTCACGTGGTCTGCAGGCAATGGTCTTTCGTAAGCCATTGCCAGAAGTCCAGTGAATCATACTCATCTTCTTTTGGGCTCACATTTTTTTTTTTGTTTGTTTTTCCTTCTTGAATCATTGTTGTCTGAGAAACGAGGGACAGAGAAACTGCGCATACTGCTCCTCTCCCTGTCCCATAGGAAGAGGTCTTTAGCGTGGCCCAGAGCCTTCCTGGTTA,"[[84543998, ""G"", [""A""]]]",yes,no,G->A,1
chr4,94721335,94721625,AAAAATAGAGACATACATGACTGGGTAGTTCTGGGTTGGAATCTCCTGTAAGGTCGTAATCAAGATGTCACAGAGTCTGCAGTCACCTGAAGTCTTGTCAGAGGCTAAAGACTTGGCTGTCATGATTGGCTAGTTAATGTTGATTTTGGCAGAAGGCCGCAGTTCCTCCCCTCATAGATCTGCCCACAGGCTGTTTGAGTTTTCTTACAACACAGCAACTCACCTCCCCCCAGAGCAAGTGATGTGAGAGAGGGAAAGCCAGATACACAGATGCAAGCTGGGTTTTTTTTT,N,no,no,N,0
chr3,14463276,14463702,GGTGAGGCTGATGCCTGGCTCTTCTCAGTTGTCTGAGGATTAAATGAGTTAAAACTCAGGAAGCCCTTAGCTGAGTGCCCCGCACAAAATCCGCACTGCATAAGTGCTTGTTAAATAAACTAACTACGTGAAAACAAAGAAAGCCACCTCCACACCCCTGTCCCTGACACAAAGCCCTCTGGTCACAGACCACTGGGTTGCTTGGCCCAGTGGAGGCCTGGCTGGCTTTGAAGTGGCCGCCCTCTGGAGACCCCTGCGGGGCTGCTGTCAGCAGCTATTGTTCGCCAGCCCGGGTGTGGCCCACAAAGGGCCCCAGAGGTGGGAACTGGTCGGGGCGCCTGGCCGCCTGTCTGCCTGTCCTCAGGAAGGGAGAGGCAGGTTGGTTTTCTTTTTTCACTTCTTTCCCCCCTTCTGTGGCTTCCTGATG,"[[14463334, ""C"", [""G""]], [14463627, ""C"", [""T""]]]",yes,yes,C->T,2
chr13,78497308,78497595,TTCAGATAATAATCACCCTCGAACTTGAAAACATAACGCTCCTGTTTCATTGTGATCTCTTCATTGGTTTCTAGACCTCAAACTCCCCAGGGAATGTCACAAATTCACATGCTATCTCTGAAAAATAGATACAGCACTTGCAGCTCTGATTTACCTAAGAAGCGGTGTTAGAAAAAAAAAGAAAGAAAGAAAGAAAGAAAAACAACATATTCATGTAGCCAGACAGCTCCCTGTCACAGACACAGATAAGAAAGCTCAAACTGTTAAGTTATTCTAGGAAAAGGCTGA,N,no,no,N,0
chr14,106347387,106347646,CCTGACTGACCCACCCATGAGCTTTAATCCACTGCTCTGCAGCTGATGGGGCCATCTGGACCTTCATTCATAAGAGGTGTGTAATTTATTAGAGAAGACCTGAGATCAGCAGGCGCCTGAGTTCCTCAGAACACAGGTGTGTCCTGCAGTAGAGTGTGTGTGACTGAAATCACACGTGTGTATAACTTGTAGCCTCAGCCCATAAGGTGATGACACCTTCTGGCCATTCCTGGGCAACCTGATGTGGGGTGCCCACAGAA,N,no,no,N,0
chr7,85565248,85565551,CTATATGTGGACTTAAATGTATCAAGGAGAGTAATTTTTTTATTGGTAACTAGAAACAAAATGATGTAAGATGTGAAAAAAAAATTGTAGCTTCAGAAAACCAGGCTCATAGCAATATTGGACAAATAAAAGCATGCTTTGTGTTCCTGACACAGATGACCACCAACACAGTTATGTGACTGTCTTGAAGTCTTCCAATCTATGAGGCATGCAGGAAACAATGACAAAGTAGTTATTCCACTTCACTTTGAGCTGTTGATAATGAAAGCAAAGAAGTCATAGAAAAACTAAGAATTCAGATAAT,"[[85565256, ""A"", [""G""]], [85565257, ""T"", [""G""]]]",yes,yes,T->G,2
chr3,55534945,55535270,GGCAGCATCTGCACAAAGAATCCAGTGGCTGAAGTCTAGCAGCTGAAACAGCCAGGGACACAAGTCACTTGACCATCAACCATCAGTCACTGTGGCCATTTCCACCAGGGTTCCTGCTGTGGCCATGACTCATCCCAGGTGTATCCAGGATGTAGTATTTCATGGTGTGTGAGTTCAGTATGTTATTTCAGTGGCTCAGAGCTTCATTTCCCAACCAGCTTTCCAAGTGGGGCTGAAACATGTTCCCCTTCATCTTGCCTGACTTGTAGTTTCTTCAGCTCCTCTTCTAAGTGACAGGAGAAATATCCTCTGGAATATTGGAAAGC,"[[55535014, ""C"", [""T""]]]",yes,no,C->T,1
chr6,105300160,105300383,GTGCTGGGATTATAGGCGTGAGCCACCGCGCCCAGACTGTTTTTGTTATTTTCTTAAAAAGGAGACTCACTCAAACATTTCAAAAGCGATATTCCAGATACAAGAGGGGCTGCTGTTACTATTTTAGCAAAATGAGTCAGCTTAGAAAGATGATCCTTCTCCACACAGTCATTAGTGTTACCATCTTGAAGACAGATTATTAAAACAATAAAAATCCCACTATA,N,no,no,N,0
chrX,24702363,24702758,CCAGCATTTGTTAATTTTTAATAAGTATCTATGAGATTTTGCAAACCAGCCCACCAGAGTCTCATCTGGAAAGTCACTGGCCTTTCCCCATGGGCAGCTGCAGCAGTGGTGTGTATCTTTCATTTGTTGCTTTAGCTGTGCAGAGGTTGTCTGCTTTACTCATACCAGTAGCTCATAGTGTTCTGACCCTCTTGCAGTCAGGCAGCCAATATGATTGGAGGACCTGCCACTCTCTGGACTTGCCTTTCAAATAGCTCAGCGTTTAAGTCCTTGTGTGGTTTCAAGACCTGAGGATGGTGGAGTTTCAGTGGTAATACAAACAGGGTCACTCAAAAACTATTTCTGGTTTGCCTGTAGAATATGCAATATGTTTGTTTTGCTAATTTTTGGAAGGGG,N,no,no,N,0
chrX,139391098,139391393,TTATTTAATCAAGTTAAAGATTATTTTACTATACTACTGATAAACATGCCTGCTCACTTTTCTCCAGGGGTATGACATAGCCAGATGAATGTTGGTTTCACTTTCATTCATTTGAACAAAAGGGTGATTTGGTCCACAACATAATTAGCAAGAGTAGAATCAGTTGACTGGGGGGAAAATGGCTCAATTTTCACCTGGGGAAATGATAAATTACTAGGGGGCAATAGGCTGTGAAACCCAGAGTGCCGTGGAGATGAGAGCCAAACTCCTCCTGCTACTTCATGGGGTCCATGGTA,N,no,no,N,0
chr14,58787593,58787994,TCCTTATCTAGAGGATCCCTGGTTTGGAGCATGGTTTCTGGATCTTTATGGATTCTCAGTGAATCCACAAAGATCCTCATGAATTCCTATGAGAGTAAAAACAGATGTTTTGTCAGGAAAGCATCACCAGTCAGGGCCATGCACAGCACAGGAGATAGGGTTGGTTCATTTGAGCATAATATTGGGCAATGTAGGCTGGATAAAGTGGTTGGCAGGATTTGGTGATTAGAGCATCCCTCTACTTGGCAAAGGGAGGTCATGGCTGAGCTCCAGGCTCTGAGATAGTTGTGGGTGTGGCATCTCTTCTCTTCCCACTGTCTCTGTGCATCTCCTCTCTGCTGGGGTCTCTTTGGAGATCTGGAGGCCCCTGAGCTGGCTGCAGAGTCTTTCCTACTTCTCTCC,"[[58787737, ""G"", [""A""]], [58787899, ""C"", [""T""]]]",yes,yes,G->A,2
chr3,146845380,146845666,TAAGAGCTTCAAACGCAGTAATTCATTTAATAGTCATAGAAAATCTACAAGACAGTTATTATTATCTACATTTTATAGCTAAGGAAATTTGGACACAAAGAGTCTGAATTGCTTGGTCAAGGTACATAATTACAAAAGAGTCTAACTGAGATTTTTAATCCAAGCATTTAACCACTAATCCGTATAGTCTCGGTTGGTGTTCTATTACATTTAAGTACCTCCAGACACTCAGAAACCTCCCTCTATATTTTTACAAACTATGCCAACTCAGCTGCCAGTACTTGTCA,N,no,no,N,0
chr9,23702620,23702839,AAATTAATACTGTGTAAGGTCAATGACTAAGAATTTTCTAATGTAGACAAAGCATTTTTTCCACATACGCGTATCTAAGACAGCCCCTATCACTTTACCTTTTCTATTTAAAGAGCATGCATTGCACATTATTACCACCTGATGGCTGAATAAGAAAATTGCAGGGTTTCATTTTTCATTTCAGGTAAATTGAGTAAGTTCACTTTGAAAGCCTTAAGTA,"[[23702687, ""T"", [""C""]]]",yes,no,T->C,1
chr8,37974622,37975002,CCCTTCCTTCCCTAGAAGGGAAAGCTCAGACAAGGCTGGAACCTTTCTGCCTCCCAAAGAAGCTGGTACTAGAGCTAAAACACTCTCTGATCCCTTCCCTCCTACCAACCACATCTTTCCCCTGGGAAGCAAGTGCTGGGGAAAGAGCAGCTGGTGCTGGGAGGGAAAGAAGACAGGACACTGAGGATGGCTCCTCCCCAGTGGGGAAGCCAGTGCTGGGTTTTATCAAATGCCTTTAATTAAGAAAGGAGTGAGGAGCTTTCCTGGCTGCAAAGAGGAGGGAAGCGGAGCCCCCCATGCCCTGGCACATGGCTGAGGGCCCCTCAAGAAAGCATCAAGAGAATGGTCAGGATCCAGATGCCAGTGGGAGAGGGTGTGGTG,"[[37974637, ""G"", [""A""]]]",yes,no,G->A,1
chr14,65563802,65564070,TCTTTCTGCAAAATAATCTTTAGGTCTATTAAGTCACTTTCTTTATATTCTTATATGTTGAAATTAATTTCTCAACTACATTTAAATGTAGAGACTACTTTCAAGAGCTGAATCACCTAAGTCATGTGGTAATACCATGTAATTACAGTCTGAAAACAGACTAAGCAAATAGGCCCATGTTTATATAAGGGAATATAATTTCAGGAAAATAGTTTATAGTTATTTTCCCTCAACCTCATTGGGCCCTTTCATTGACTTTACTGCTGGGG,N,no,no,N,0
chr15,50289590,50289799,TGCTGACCCCCTGAACTAACTACTTGCTGAATGGCACCATCCACAGATTCTGCAGTAACTACTTCTTCTGTGGCCACTACTGGAAAAAAAAAAAAGAAAACTCAGCAAACATATGTAATGGTATGAATAGAAACCTATTTTTGCTTTGTCTGCTACTTTTGCTTTCTATGCTTCTTTCTTTTCTTTTTTCTTTTTTAAATAGAGATAGGG,"[[50289708, ""C"", [""T""]]]",yes,no,C->T,1
chr1,185353242,185353510,GGCTAGAACCTTGGACACTCAAAAATACTGCTTGAGGCCAGAGCCACAGCTGTTTCCTTGTGTCTCTCTCAAGTTTCAAAAGGCCAGGGGAGAGCATTGCCTGGCTGATTCCTCATTGCCTGCTCCTTGGCCGAGGTGAGTCAGGGGCCAGGGAGGATATGGTCCCTTCCATTTCCACGGAGACATGCATCTGTATTTACAGGACAGAACACTGCATAGGGGGTTTCCTTTCTCCAAAAGGAATTCCGGGTGCTATTAGAAAGAAAGAA,"[[185353256, ""G"", [""A""]], [185353357, ""C"", [""T""]]]",yes,yes,C->T,2
chr7,5750021,5750393,TTTCCTCCCAACAGGATCCCTCCAGAATTTGCAAACTATTCATGAGTATTCTTATTTTTATGGCAATATCATTATTTGCATATCTGTACTTTTAATAAAAGGACACAACTGGAAACTGGTTATGTTACCAAGGCTTTGACTGGAATGCCATATTTCAAAATGTGCAAACAATGCCTGGCTTTAAGCATTCCCTGTCTTACAGTGAGTAAATCTGTCTCTTCCTGGCAGGCTCAGGAACCTCCAGATGCTGGATACAGCACACAAAGACTAATGTCTGCCCTGGTTTGGTTTCCTAGCAGAGACATTTTTTAAAGACCAATTTGAGATTCCTCATCAAAATTTCCAGCAAAGCAAATTTAAATATGTGCTTTCA,"[[5750108, ""C"", [""A""]]]",yes,no,C->A,1
chr5,4058975,4059263,GGAGCTTCCAGGCCTGGAGGAACCAGGTGGGAACCCGCCCATGATGGCTCCAGACACAACAAAGAGTATCCAAGTGCGGGGCTCTTGGCAGTCAGGCACTGCTGGCCTGCCGATCACCAGCTGGCTTTAGTAAAATATGGGCAGTGACGCTATGGGTTGTGATTCACCCTCCAAGAACTGTGCTTGCAGTTCCCAACTGATCCAGCACGGAGCACAGTGCCTGTTAACAACCTGAGCAAGATAAGGATAATAGCACCCTGCAACTTCTCACCAAGGTTATTTCCCATCT,"[[4059002, ""C"", [""T""]]]",yes,no,C->T,1
chr4,89249996,89250225,GTGCTGGTCGATGCCGAGGTGAGGCAGCCTGTGGCTCTCCTAGATCGTCTTCTTTTCCGGAAGCTGCAATCAGGGAAGTTTTAGCTGATCTCAGAGGGTCAGGTACAGTCCCCATGGAATTTCTCTTCAGGAGCACTCCAGAGCTCTCTTGAGTACTGGTCCCACTGGTGGGGGAGGGGAGCGCAGTCAGAGCTCAGAGTGATGACACAGTCAGGGATGATTCCTCTGAA,"[[89249997, ""A"", [""T""]]]",yes,no,A->T,1
chr1,50017144,50017422,CAACCACATCTATAATTCTCATGACAGCTATCATTTCCAATAACCTGTCTTCTGGACAATGAACAATAATAAATACTATTAATCAATTTTCATCCTTAATAATAATAACGGCCCTAGTAATAAAACTAGGAATAGCCCCCTTTCACTTCTGAGTCCCAGAGAGGACCCAAGGAACTTCTCTAATATCTGGCATACTTCTCCTTACATGACAAAAACTAGCCCCTATCTCGATTATATTTCAAATTTTCCCATCAATAAACATGAACATCCGCCTATCTA,"[[50017168, ""T"", [""C""]]]",yes,no,T->C,1
chr20,21247719,21248113,ACTTGAGAGGCTGAGGCAGGAGAATTTGTTGAACCTGGGAGACGGAGGTTGTAGTGAGCCAAGATTGCACCATTGCACTCCAACCTGGGCGAACCCAGGAGACGGAGGTTGTGGTGAGTCAAGATTGCACCATTGCACTCCAACCTGGGCGACAAGAACGAGACTTGGTCTCAAAAAAAAGTAAACATAGGTGTAAGTTTCTCTCACCTTGGATTAGGCAACAGTTTCTTAGATATGACCGCAAAGCCTTAGATGTGGTTGCAAAAGATACCACCAGGAAAGTTAAGGCCAGGTGCAGTGGCTCATGCCTGTAATCCCAGCACTTTGGGTGGTCAAGGTGGGTGGATCATTTGAGATCAGGAGTTCGAGACCAGCTTGGCCAACATGGTGAAACC,"[[21247745, ""G"", [""T""]]]",yes,no,G->T,1
chr6,39103340,39103578,TAGACTTGAACACAAACGACTTCACTCGTGTATAAAGCTATCACAGTGACTGCATCTACCTCTGGGATTTCAAGTTCCCTGATGACAGAAGAATCCTTTAATGGAAGCTGCATGCTGGGTTAATGGTCAGGCTGTGAGTGGAAATTCTGAGATCAATAGGCCTAAATTCGGAAAATCAAGGCTGCACCTAAAACCTAATGGTCTGATCAGAGCACCAAATACTTATTGTTCTTTCTTCT,"[[39103348, ""G"", [""A""]]]",yes,no,G->A,1
chr3,105915497,105915938,GAATTATGGGGGCATTTTTTCCTGTGCTATTCTGATGGTAATGAGTGATCTCACAAGATCTGATGGTTTTATAAGGGGCTTCCCCCTTCGCTCAGCACTTCTTTCTCCAGCCACCATGTGAAGAAGGGCCTGTTTGCTTCCCCTTCTACCATGATTGTAGGTTTCCTGAGGACTTCCCAGCTATGCGGAAGTGTGAGTCAATTAAATCTCTTTCCTTTATAAATTACTCATTCTCAGGCAGTTCTTTATAGTAGTATGAGAACAGACTAATACAATACCATTTTACACAACAGTCAGGTTTGAATCATAAAGAAAACAGATGATCAAAAAACCTTTTACATGCAACTTTTATTTGTATACTTGCATACTCTATGTGGAAGTGGACTTCCATTTTTTTAATTGGACTTTTTTTCTTCCTATTGAGTTTTTTGTCCTTATATCT,N,no,no,N,0
chr13,97858171,97858554,ATGGAGAGTTTGGTGGGGAATTGAGAGTACAGACGATGTGTACAGTGAGAGGCATTATTTGACCAGCAGGCCTGGAAGGAGGAAGGGCTGCCATGGAATCAGGGGATTCAGTCCCCTGGAAGGTTTTGAAAGGCAGCTCAGAGCAGAGGCAGTAAACTAGTGGCCTGCAAGCCATATGTGGCCACAGCTGTGTTTTTGGTGAGCAAAGCACATTTTTAAATTGAATGAGTTGCCAACATTTTTAGATTTTTTTTTTAATCCAGATTTGTAACCCAGGCGGTGCTGGAACTTAACAACAATAAGCTGGAGTAGAGGAGCCCCATCCCCCTGGAGCTCTGCATCTCTAAAGTCACCATCCTGTCTAGTTTTATTAATTTAAGTTAG,"[[97858175, ""G"", [""A""]], [97858296, ""C"", [""T""]]]",yes,yes,C->T,2
chr1,182855861,182856329,TCCCTTGCTAAAACCTAAATTCATTTTTTAGACTCTGCTAGCAGTTTTAGATATAATGTTACAACATGTGTTTTGTTCTCCAGGACCTGATTTAAATAAATGTGATAAAAATAGGCTAAGTTTTTTGTCATCCAGGGCTGCTTCCAACTGCAGGCAGATGTGAGAACTCTGCCTCAGGAGCCACTGATATGCACAAAGTGTATGTGCATGTGTGAGTTTGCGTATATTAGCTTAATAGATCGCAGTCATTAATGGGTGGCCTATGCAAAGGAATCTTAAAATAATTATAACCATAATGTAAAACATTTGGGGCCTACCTTATTTCTTGGCTCCAAGCTAAGTGGAAAATTCCTTTTCATTGAATGTGTTCTAGCTCTTGAGACTCCAGCCTTTGGAATAAGAGTAAGTAAATATAAAATCTAATACCCTAACGTTTTCCTTTCATGAACAATTGGCTCATCAGCTTTGA,"[[182856153, ""G"", [""A""]], [182856178, ""T"", [""C""]], [182856323, ""A"", [""G""]]]",yes,yes,A->G,3
chr2,191909021,191909250,TATATACCATATATACCATATATACCATATATATAGCATATACCATATATACCATATATAGAGTATATACCATATATACCATATATATACCATATATACCATAGAGTATATATACCATATATATGGTATATATGGTATATATACTCTATATATAGTATATATGGTATATACTCTATATATATGGTATATATGGTATATACTATATATATATATTGTATTTATATATATGG,N,no,no,N,0
chr9,34369657,34370051,ATGGGGGGCGGGGGGAAGAGAAAATGGCTGAGATGAAAGACCTTCCCCTGTCTGTTTATTGGTAGTTGTCAGTGTGTGCATGTAGCCTGTGTTCAGAAGCACAGACCACCAGAGTAAGAACATCACTCCCTTCTAGGCCACACCCCAGGCACATGTGCAGGGGGTGAGGCAGCTGAGGAATCTTGAAAGGGCTATTTATTTCCTACGAGAGTCCTGGGGAAACCGCCTGGGAGGAGGCTGGCTCAGCAATCAGAGCCTCAAATTTGCTCCATGCCCCCTTCCTCCAGATCATCCAGCCTCAGAGAGGTTGTGTTCATTTCATAGATCAGGGACCCATGATGCGTGTTTCTCTCTCTCTCTCTCTCACACACACACACACGCACACTCTTCAGTTA,"[[34369658, ""G"", [""T""]], [34370022, ""T"", [""A""]]]",yes,yes,G->T,2
chr16,14032128,14032389,GGCTACAGACTAGGAGACAGCGTCAGGATGGGGGCTGGCTGCCATGGGAACCAATCATGTGATTAGATATTTGGAGCTTTCAGCCTCATCCCTGACCTCAGGGGAGGAGAGGATCCAGAGGTTGGGTTAATCACTAATGGCCAATGCTTTCGTCCATCATGCCTACATAATTAAGGCTTCATTAAAACCCCAAAGGACAGGGTTTTGGAGAGCGTCTGGGTTGGTTAACACATGCAAGGTGCTAGGAGAGTGATGTGTTCAG,"[[14032279, ""A"", [""G""]]]",yes,no,A->G,1
chr10,108755670,108756085,TGTTTCATGCATCACTATTTTAACTGGCAAGGTATTTTATTAAACTAGGGTAATGAGTAATGGGGATGTTTTTGAACTTCATCAGTTATAAATGATCTCTTGTGTAAAAGAACACACAATAGCTATCTCTTACCCGGTATCAGTTAGGTCAATGTCTCCATAAGGACTGGATTTCTGGGTTACTCTATGACCAAATTCCATCTTGCTGATCCAAGCTCCAATCTACTAAAAACCACAAATTCTTGTGCTTAGTCTTGACTCATTGAGGAGAGCAGATTCCCACAAGGTAGACCCTGACCTTCAGGAATCCCCTGGGAAAATTTTAAACCCTTGAGACCAATTTCTCTGGAAAAATCACAAGCAGAAAAAGAGACCTGCAGAGCTGTCTGAAAGATGGTGGCTAACTAGGAGTCCTA,"[[108755792, ""G"", [""C""]], [108755793, ""C"", [""T""]]]",yes,yes,C->T,2
chr7,2364839,2365085,TACCATTCATTTAATACTTCAATGTATTGCCATATTCTGATTTTGTTACTTGACCTAATAATGTTTTGTATAATACTTACTTTCCTTCAGTTCAGGATCTAGTCTAAGGTCACGTATTTTACAGATAATAAATTGTCCTTCCTCTATCACCCAGGCTTGGCGCCACCCAGTGGCACCATTGCAAGCTCATTGCAACCCCAGCCTCCCAGGTCAAGCGGTTCTCCCACCTCAGCCTTCCTGAGTAGCG,"[[2364904, ""C"", [""T""]], [2365022, ""G"", [""A""]]]",yes,yes,G->A,2
chr14,26996244,26996622,ACAGGACTTGGAAGAATGTTCCCTACATCCTGTCATGCAGGACAGGAGGTTTGACGTGCTTTAATTTTAAATTAGAGAGATTCTTTTAAAATAGAGGATATGTAAGGGGAAGCAGTTAGAATTGAGAATAGGCCATAAAGATGAGCTGTTGGCTTCTGGATGCAACATCTGGAGACTGTTAGTACTCAGGATTTGTGTAGCTCTCTGTTTAGAATTTGAGAAACAAACTTGGCCCACAGCAATCTTGGATGGGGTTGCTATCCAAGGCAGAAAGACAACGTTTGCTTATGTCTCTAGCATAATAAATATTAATTTATGTTATAGAAAAAAATAATCACTCATTCATTCAAAAAACATTTGTGAGGTTCCTACTCTGATT,"[[26996301, ""A"", [""G""]], [26996497, ""A"", [""G""]]]",yes,yes,A->G,2
chr21,33278668,33279125,TGTGCTCTTAGCAACTACCACCCAATATTGGAGATTTGCCTCTTGAAGTCTATGTATTTTAGTGATAGGAAAGTGTTTCCAGGCATCATGCATAACCTATTTATACTTGCTTTGGCAAAGTATTCCAACAAGTTTTCTTGTCTGGTTTTCAGACGAGCACTTTAGAATGATGGAAGCAGGTCCATTAACAGCCCTGAAAAAGTAACAGCAGCCAAAGAAGAATACAGGACATAACTCAAACACCATGATTGCCTGGAACCATTTATGAATCATTCTATAGTTATTATTGAGTACATCTGTGTAACAGCTGCATTCTGAGCACTGAAGCTACAACAATGAACGAGACAAAATACCTCATGGAGCATATATGTGCTAATCAGGAATACAGATAATAAATAAATAGATACATATTACATGACAGGTAGTGACTATGGTTCTTAAGAAGACTGAAGCAAGGC,"[[33278686, ""T"", [""C""]]]",yes,no,T->C,1
chr3,61420221,61420715,CAAAGATAAAGAAAACACAGTCTCTGCCATCCAGTAGCTCTCAGTTTGGTACCACTAGTCTCATGCAACAGCAAGTAAATGTGCATGACAGAACAGCCAGCTTGGACGTATAGACGTCAAAGGAAGCCAGGGAGTGCTGACTGTGTGTGTGTGTGTGTGTGTGTGTGTGTGTCTGTCTATCTGTCTGTCTGTCTGTCTCTCTTTCCCTTCTCTCTCCAAGTTTACAGGTTGACCTGAAAACTCAGAGTGAGGAGTCACAAATGTCTCAGTCTAGATACTGGCTAGACAAACTAGAAAGACGGAGATACATCTCAAATGAAAAGAGAGAGGTGAAAGGAAAAACTAAATTTCAGTTTCAGTTTAGGTGGCAAATAAGCCCATGAAAGATGTGTTCATGTGAAAGCGGTAAAGCAGACAGAATACCTGCTAAATCAGTCCCTCTGGACTGTACTGAAGCTATTTCTCATAATTTGAGAAGGAGTGGGGATACACATG,"[[61420243, ""C"", [""T""]], [61420671, ""T"", [""C""]]]",yes,yes,C->T,2
chr13,41855033,41855238,GTGTGCTAAACAGCATAATTTCAATATTATCTTGCAAACTGTGAGTCGTGATTAAAAAATGTGAAATAGGGGGAAAATTAGAAAGAACAAAAATCAGTATTGTAAGGATGGATTGGGCAGATCCCAAGCTGGAAATGAGTGGAAAGCTTAGAAAGCTAGTGTTGACAAATTCATTGAGAAGGGCTGACAACCAGAAATAAAGCTAC,"[[41855220, ""G"", [""C""]], [41855221, ""C"", [""A""]]]",yes,yes,C->A,2
chr8,37845678,37846133,TGTAATACCTGCATTTTGGGAGGATCAGGTGGGCAGATCGCTTGAGCCCATGAGTTCCAGGCTGCAGTGAGCTATGATGGTGCCACTGCACTCCAGGCTGGGTGAAAGAGACCCTGTCTTTAAAAAAACTAGAAAAGACTTAGCTTCTAAGCCCAGTTATGTCATTAACTAATATACTTTCAGCTTCCTCTGCAGATGATCCTGCTGAGACAGAGCTGGGCATTCAGCCACAAAGCCCATGGCACAGCACAACTCTAGGAACTGCCATGCACAGAGCACAAAACATGAGTGGTGCAACTCAGCAGCCCTGTGCCAAGACTCAGACCTATTTTCCCCAAGTCATTAGGTTGCTGTGAAGGCAAAGGGGTTTGAAAATTATAGCATTCTTTGGCGGGGTGCAGTGGCTCACACTTGTAATCCCAGCACTTTGGGAGGCTGAGGTGGGTAGAACGCTTG,N,no,no,N,0
chr16,12636941,12637408,ACTGAAACAGTAGCTTCAGCGGGAAGGCAGTGATTTGGAGCATGTGTGGGTGGAGCACAGGCCCGGCGTCGTATTTCTAGGTGATCCTAATGGGTCTTGACACCTTCACCTAATTAAAGTGCGCGAGCACAGAGGTGTCTGCTGGTTCTCGGAGTGCATCTGTCACCGGTCCCGCCACAGCGGGAGGCTAGCATGCTGAGCATGTGGAATGTGGAGCCTCGGCCCTGCAGCCTGGGCAGCTGGAGTTCAGACCGCGGGTTCCCAGATCAGCTCCCAGCTCACTAGGCTTCTTGCTATGACAGATACAGGGCAGCAGAGTGTTCAGCCTCCAGCTTCCAGGCAGCCCACCTGCCCTTTCTGTGCTGTAAATGCCTCCTCCCAGGTTCATGGAGTGGCTACCGTGCCTTGAAGCCCACCTGTGTCCAGTCTAATGTGATGGTCATGAGTGTAGGCTCAGAGGGCAGAGAG,"[[12637062, ""G"", [""C""]]]",yes,no,G->C,1
chr10,6791574,6791819,CTGTTAGGATGGGTTTCAGCTAACTGTACTTTAGTACAGTTAGTACCAGTGCTTTAATACACACAAGCTTACATTCACAACGAAGTCCAGAGCAAAGCAGTCTGTGATGATTATGGCAGTTTCATGCTGTCATCTCCTATGAGACAGCCCTGCCAGAAGGGCTGCTCACATCCTGACGGCTAGAACTGGTTACATGGCTGTGCTGGTTGCAACAAAAGCTGGAAAATGAAGTGTATTGATACTCCA,"[[6791647, ""C"", [""T""]], [6791750, ""T"", [""C""]]]",yes,yes,C->T,2
chr8,94681846,94682192,ATCGCTTGAACCTGGGAGGCGGTGGTTGCGGTGAGCCAAGATCATGCCACTGCACTCCAGTCTGTGTGACAGAGCGAGACTCAGTCTCAAAAAATAAAAATAAATGACGCTGTCACAACAGCATCTGGAAGAGCAGGTGAAATGAAAGCATATATGCCTCATGTGGTTTTGTTTTCTCTTTTTGGGCTTTTCACCTCCTTCTCTACCTCAGAAGAGGGTTTCAGTTATCCAGTGACTCATACCTTAGCTAGGGCAGAAAAGTATTTAGAAGGGCTTTCTATTTGGGTCCTCTCTGATTATCAGTGCAAAATCAGTTACCTCACATCTTTTCTCTTTCATTACATCAA,"[[94681875, ""A"", [""G""]], [94681910, ""G"", [""T""]], [94681953, ""T"", [""C""]], [94681997, ""G"", [""A""]], [94682041, ""C"", [""T""]], [94682072, ""T"", [""A""]]]",yes,yes,A->G,6
chr11,14791580,14791851,TCTTCTCCTTTATCACTGTGCCTATACTATTTGATGCTTTCATTACTACTTACTTGGGCTATTGAATTAGCCTCTTAATTCCAGTTTCCAGTATCCTTCTTGACTTTATTAATCTTCCACCTTACACTAGAAATCTTCCTTAAATAAAACTGTGATTGCAGTTGTCCCTGGTTATCCCTGGGGGATTGGTTCCAGGCCCCTCCCCTTCCCATGGGTACAAAAATCCATGGATGCTTGAGTCCTTTATATAAAATGGTGTAGTATTTACATAT,"[[14791612, ""T"", [""G""]]]",yes,no,T->G,1
chr19,11762985,11763352,TGGAAGAAGAAGAAAAAAAAAAGCACCAGGGTATACTGAGGAATTAAGCCCCATGCAGTCAAACGACAGAAAAACACATTTTCACAAAAGACCCAAGACCATCGTTTTCAGATGTGGCAGATCTTGAGGCTTGGTTAAACAGAAAGAGAAGGGTGAAGCAGAGCTTTAAGCAGCTGGGCTAAGGATTCGAGGAATTCTCCAGCTCAGATCCATCCACAGAGACTGACAGAGGTCAATTTTTTGCTTGTTTCATTTTCTCTTTTTCTTTCAGTTTCTGGCATTGTCAGAAAACTGGGTGAATATAAGCTAAAGGGACAGAGACCTCAGTGACTACACTGGACAGGGAATACAGTCTCTATAAATACGCT,"[[11762996, ""A"", [""G""]], [11763274, ""C"", [""A""]], [11763350, ""A"", [""G""]]]",yes,yes,C->A,3
chr15,88022752,88023042,ACCATGAAGTGAATGCTTATCCCTCAAGTACTTTTTTAAAGTCAATTACCTTGTATTTACAGTGAGCATAATTAGACCTAATTACTTAATTAGCATGACTGCATGCAGCTACTAACTTTGAGTATGTGATTATGGCAGTGAGGCACAGAGCAGATGAGGTCATGATAACCACAAGGATGGCAGGTGGTCTCGGCCCAGGGAGATGAATGCTAATCTGTCACTTTGAACTAGTTGGTTTTAGCTCCAAAGTGCATGCTAGGAAAGTCTAGTGTTTTCAATTAATTTCAGGGA,"[[88022793, ""C"", [""T""]]]",yes,no,C->T,1
chr10,88395838,88396059,GCAAGAAAGAAGTGACTCATTATGTTCCAGGGATTCTCAATAGGATTAGCAGCTGATTTCTCATTAGAAACTATGGTGGTCAGAATGCAGTGGCATGACATGCAAAAAGCTGAGAGAAAAAAACATCTACCAAGAATTCTACATTCAGCAAAACTATCCTTCAGAAATGAAGGAGAAATCAAGACACTTTCAAATAAGCAAAAAAACTGTGGTAACTCATTG,"[[88395902, ""C"", [""T""]]]",yes,no,C->T,1
chr6,143959874,143960302,TCTGAACTAAGCCAAGTGCTCTTTCAACCTACGCTTTGCCATCCCTTCTAGCCACACTGTCTACATGAGCAGTGAAGTTCAGCAACTGCTTTACAACAGCGTTTTCAAATAAAGCCTCAGGAAGTATGGCTGGAATGCCTCATGTGGCTGGGATGCGACCAGCATCTTTCCCAGGCTTATCTTTCAGTCGACATCTGCCACAAAGACAGGACAACCTCTTACACATCTTATGTACACAAGTTAGGAGTGTTGGCAGGGGCAGCTTTCTTCTTTTGAACTGACAGGGTTGTCAGCAGAAAATTCCATAGATCTATGTGTATTACTAGGCTGTGGATGTGGGACAGCAGAGGTCATGAAAAGTTGCTAACTGCATCATCCAATTCCCTGAAACACATGTGCACTGAGCTTTAAAAAATGAAAGGGCTAAAA,"[[143960008, ""T"", [""A""]]]",yes,no,T->A,1
chr3,185524592,185524912,GGCATGTGCCACCATGACCAGCTAACTTTTTGTGTTTTTAGTAGAGACGGGGTTTCACCATGTTGTCCAGGCTGGTCTTAAACTCCTGACCTCGCGATCTGCCCGCCTCGGCCTCCCAAAGCGCAGGTATTACAGGCATGAGCCATTGCGCCTGGCCCCATTTCTTCCTTATGTTTTGCTGCAACCCTTTAATTGCCTGGTGCTTCTGAGCCTCTATTTGCATTTGTATAACTAATAAATAGGATACAGGAAAAAATGAATGTTTACTTAGTAGATAAAATCTTTAAACATTTGAGAGCTAGGATGGTAAAAAGATTGGAA,"[[185524716, ""T"", [""A""]], [185524880, ""T"", [""C""]]]",yes,yes,T->C,2
chr2,184463458,184463737,GCCTTCTAAGAGCAGTGAATACGTTCTGTGTTTTGCATCTCTTATTTTGAAATAGCTAGTATGATTTCTGTTTCTCTAGGTGGACTTTGATACATAGCCTGTGAAGCACTTGCAGAGGAGAAGTTGGGGAAAGAGAGAGAGCCTTCCTCCAGGTGCATAAATGAAAGAGACAACTCACCACCTGGAGCACTGTTAACATACATGGGCAGAGACACTGTTTGCCAAACGGCCCAGAAGTAAGGTACAATAACAGTGAAATCTGATTTCCAGTGAGCAAACA,N,no,no,N,0
chr21,27418350,27418707,TTCATTTATTTTATAATAATAGATTTCAAAAAGGGCCAGAAGTCCCAGCTCTATTTTACCAAGGATAGCCAAAAGGATTTACCAATGGATATCCAAATTGGTTAAGTGGCTTGTCCAAGTTCAGCAAACATGCTGAAGTTCACTGCTTTTTAAGCTTCCCTAAAATGACCCAGCCCTCATAAATGCTTATAAAGCTTTAATCCAAAACATCTTTGGCATGTCTTCTAAGAAAGAGCTTTGAAAAAAATGTAAGTTTGCTGCAATAATGATGTACTCAGCTTTTTCTTTTCCCAGAAGTTTTAGTATATGACGGAAATGAGTTCTAATATCAGAATTATATTTTTATTTGAAAAGCTTT,"[[27418423, ""T"", [""A""]], [27418604, ""G"", [""T""]]]",yes,yes,T->A,2
chr11,94104780,94105109,GTTGAGATAAGCTCATAGGAATTCCTGTAAATGTAGGAGGCTCCCAGCATCCTTCTCTGAGCCTTTCCTCCTTCCCAGGGGCACCTGGACTGAAGAAAGTCCTCTAATGCTTTCCTTCAGACTGAACCAGCCTAGCCACTGATTGGCTGGCAGCAAAGTCATTGAGGCTTTGTACTAACTTGTAGGGACATGTATTTCTGAATCCTGGGATCTCTAAGCTCTAAGACTGTAAAGTAATTCTTTAAAAACAAATCATCATTTATTGTCATATTTTTATAAGAATATGCCATAACTTCTATTTGTTTAAATTTAAGGGCCAGGTTTAATTGT,N,no,no,N,0
chr18,49238380,49238868,TGTCTACATGCAGCAATGGATCTGGCTTGAATTAATTAGCTATGTATTAATATTATTATTTAATATAATAGTACATAATAATATTATTTCTTCACTCTTGATGTTAAGAAAGTTAATAGCCAGGATTAGACTATAAGGATATTAACTGTTGTATTAGTTCCCCTAAGCCTAGCACAGAGCCTGGTGCACCTTAGTGTCCAATAAAATGTTTGCTTAAAAAAATGAGCAACAAAAAAGATGTTTTCTTTGGAAGTTATAGTGCAACAGCACCACCAAGGGGGAGCTTTAGCTAAAGCATCTCCCTATCAAATTTCCTCCAGCTGAATCGCTTGAACCCAGGAGGCAGAGGTTGCAGTGAGCTGAGACCATGCCATTGCACTCCAGCCTGGGTGACAGAGTAAGACTCCGTCTCAAAAAAAAAAAAAAAGAAACACTCCTCCAGCCAGATTTCCAAGCCACTGTGAATACATAATCAAATTGGAGACACTG,"[[49238453, ""T"", [""C""]]]",yes,no,T->C,1
chr11,99432672,99433032,AAAAGTCTTTGCTGGAATGAAGATATTAGAATGAGTGAGCCAGAAAATAGAAGATGAAATTGGAGAGATGTGTCTGTAAAATTACTGTAATGAAAGGGATGAGATTGTGGGTGATGCCATGATGCTATATATATGGAGTGGCTGGCGGAAGTATGATGGGTGGCTGAATTATTAGCGTGAAGGCTGTTATGGAACTGAGATGCAAGAGTACTAGAATGTTTACCACATTGAAACTGATACCACCAAGAAAGTACACACTGTGAGAGGAAGGAGGCAGTAGCTATATGGTAAATACTGAAAGAATGAGCGTTGTGACTCCATGAATATAAATGATTACCAGGAAAAAAAAAAAAAAAGGTTT,"[[99432892, ""C"", [""T""]], [99432955, ""G"", [""T""]]]",yes,yes,C->T,2
chr3,50308875,50309363,TGCACACCACTACACCTGGCTAATTTTTGTATTTTTAGTAGAGACAGGGTTTCAGCATGTTGGTCAGGATGGTCTTGAACTCCTGACCTCGTGATCTGCCTGCCTCGGCCTCCCAAAATGCTGGGATTACAGGCGTGAGCCACCGTGCCTGGCCAACAGCTTTTAACAATTTAGTACAGTCCTATGAACAAAATTTGGAGCATATTTGTTTCTCTACCTGATTTCTCCAGAATTTGGAAACTATTTGTGAGTATTCTTAACTTATGGCAATACAGTTATTTGCATAAGTGCCATAAGAATCTGTTTTTGCCTGGCATGGTGGCTCACTCCTGTAATCCCAGCACTTTGGGAGGCCAAGGTGGGCAAATCACCTGAGGTTGTGAGTTCGAGACCAGCCTGGCCAACATGGCAAAACCCCATCTCTACTAAAAACACAAAAATTAGCTGGGCATGGTGGCACATGCCTGTAATCCCAGCTACTCCGGAGGC,"[[50308922, ""A"", [""G""]], [50309358, ""A"", [""G""]]]",yes,yes,A->G,2
chr9,98262066,98262536,CTATTTCATGATGATACTTAATATGAGATCTACTCTCAGCACATTTTTAAGTATACGCCATGGTATTGTGAACTCTAGACACCATGCTGTGCAGTGGATCTCTAGGACTTGTTCATCCCACATAACTGAAACTATATCCTTTGAACAACACCTCCCCATGTTCTCCCTCCCCGCAGCCCCCAGCAACCACCATTCTACTCTGCTCCTCTGAGTCCAACTATTTTAGATTCCTCACATAACTGGTATCACACAACATTTGCCCTTCTGTGTCTGGCTCATTTCACTTAGCATAATGTCCTCTAGGTTCATCCATGTTGTCCCAAATAGGCAGGATTTCCTTCTTTTTTAAGGAAAAAAATGTACTTATAAGTATACATCTGTTCCTGTATTTAAGTTGTTTTAAAGTTGAATATAATTCCTTACCTCAAGAATGGGGATCAGAAATCATTTCTCCCAGCTCCACTTCCATAA,"[[98262210, ""C"", [""A""]]]",yes,no,C->A,1
chr7,28827970,28828294,CACCTACCTCAGCTTCCTACAGTGCTGGGATTACAGGCATGAGCCACCACGCCCGGCCAAAGCAGCTGTATTTTAAAACCAGTACCAAGACATGTCACTGGACACATGGCAGTGGGAGATGATATTTGTAATCAGTACAGAAACAACTGGGGGAAATGATCGCTGTTCTAATGGCGATCCCATCTGTTACATTTACATTTAGACCACTCAGTATTCTCATAGTTCCCAGGAGAGTCTTTCTAATGCCCATTCCACACTCATTTGCAATTTCAAAAGCCATTACTATTGGTTAAAAAAATTGTTATGATCCTACATTTGTACTTCA,"[[28827974, ""C"", [""T""]]]",yes,no,C->T,1
chrX,49851617,49851828,TGATTAGGCAGCTGCTGAGCAGGCTGGGAGACATCCCTTTGGCACTTACAAACTGAAACATTCCACACACATAAAGATCAGCTCTCTCACTTTTGTTTTTCACGCCATGAGATGACTTTGTCAAAACCGAAGCTCTCAGGCCTGCCCTTCCCATCATGAAATAGCCTTTGCCTACAGTAGGGCCTAGGAGAGAACCCAACAGTTCCCAACCA,N,no,no,N,0
chr17,15626872,15627106,TTTCCAGAGGTCACAGGGACTAAAACTCAGACACTGTTAAGACATTTCTTCTAATCCTTGCTGTCCCCAAATAGAAAGGACTGCTGTGTGAGGCAGTGAGGCAGTGAGCTAGTGCAAGGCAGGATGGCTGAGTCAGATGTTGTGTGTGGATTTGCAAACTTCAAGAAGTTTCTCTGCTATGCATTTTATTGCCTTTTATACAATGTCCATGATCTAATAAGCAAGGTGGCCGGGT,"[[15627093, ""G"", [""C""]]]",yes,no,G->C,1
chr3,73373931,73374243,TGCCCGCTCTCAGATCTCAAGCTGCGTGCTGGGAGAACCACTACTCTCTTCAAAGCTGTCAGAGAGGGACATTTAAGTCTGCGGAGGTTACCGCTGTCTTTTTGTTTGTCTGTGCCCTGCCCCCAGAGGTGGAGCCTACAGAGGCAGGCAGGCCTCCTTGAGCTGTGGTGGGCTCCACCCAGTTCGAGCTTCCTGGCTGCTTTGTTTACTTAATCAAACAGCTAACTCGGCAATGGTGGGCACCCCTCCCCCAGCCTCGCTGCCGCCCTGCAGTTTGATCTCGGACTGCTGTGCTAGCAATGAGCGAGACTCC,"[[73373955, ""T"", [""C""]]]",yes,no,T->C,1
chr3,126798532,126798959,AGGCCTAGTCATGATGCGAGCATCCTCTCGGCTCCCCGATGGTACTCGTTCTGTTACTAGCAGGGTGCCCCCGCTCTGTGGCTTGGAGCTGCTCCGGAACCCTCCTGTCAGCCTGTGGGCTCCTCAAAGCAGCGGCTGGGCTGAGTCACCTTCTTGCCCTCCTGGACTCTTCTGGTCGGAGAGGACCTTTGACAGTCACAGATAGCCAGCTGCCCAGTCACCAAGACCAGATGTTGGTTGAATTTCGCAGGAATTGGAGCTCAGTCTGCCTTGCCTCTCACTCCATGTGGGCTCCAGTGCCTGATTCATCCAGGCTAAAAAGATTTGTAGTTGCTGAACATTCTAAGGCCTTTTGTGCCTTGGTCAGTTGCTCTTGTATCCTGGAATGTTCCGTTTTTCTTTCTTCCCCAGGTTAACAGGAGAAGTTT,N,no,no,N,0
chrX,149599670,149600050,AGCAGAATCTAAAGAAAGAGACATAGTCCCGGTTGATGCCAGCACCGAAAATGGGCAGAGGCGGAAGCCAGACTTCATTAGGCAGTTCCTCCCCACCACCCCACCCCCGCGTGAGCTCCCACAAGAGGGAACATCAGCACCGCCAGAAAAAGGCAGGAAACCACCTATCCCTGGGGAAAGCTCGAAATGAGCTTTTATGTCCCTCTTCAGAGCTCGGCAATAGCCTATCCACTTGAAAAGTTCCCAGTGCCAGCAGTTTTATGGCAAACTCCTCCGGGTGTTTGTTCTAAGGAGTCAACAGCTCCCATTCTAGAATTCTCCACGTGACTCCAATACACAAATCTGACATCCCACTCTGCTTTCCCCAGAGTGGAAACTGGA,N,no,no,N,0
chr4,122693125,122693381,CCCACAAAAGAGTTGTTCTTTTTAAAATAGGCTGCTAGAGTGTGAGCAAAGGTTTGGGTCTCAGATTTCCACAAAAGATATGATACAAAGAATCTCACTTGCTTTTATGTTGAATTCAAAACTCATCACCCAAGAATTTGAAAGCAGCTAATACCTACTAATGTCTCTCTGCAGAAAAATCTCACTTTTTCCTTTCATTGACTGTTTGCTTTAGTCACATGAGCTAAGATAAAGCTTTACTCAGTTCTGTGTCAAAT,"[[122693168, ""T"", [""G""]]]",yes,no,T->G,1
chr19,8095594,8095814,GACAGCATTGGCTTCAACTTGAGCACTCATGTATAGACTATGTATATTAGCCTTCTACCTATCTTATGAGGTAGTTGCTGATATTTTCTAATATAACCATGTAATGCTATGAATTTGCCTCTAAGTGCCCCCTTAGCTGCATCCTATGTATTTTCATATGTTATGCTTTCATTTTCATTTTCTTTTACTTCAAAATATTTTCTAATTTTCCTTATGATTTA,N,no,no,N,0
chr22,24076081,24076357,CTGAAAAGAGGAGACTGAGCCTCGCAGCCCCTGCAGGCACGCAGGTTCCCACACTAACTCTGTGTCTGTCGGCCTGGGCTTTCCCTAGGGATGTCAGAGACGCCCATGCTCCCATCCTCCCTCATGCTGCTGAACACAGCCCACGAGTATTTGGGCAGAAGGTCCTGGTGCTGCAATTCAGATGGGGCTCTGCTGCGATTCTATGTAAGTGCTTCCCCTTGGGCTGCAGACTGCCAGTGCGGGGCAGGGCTGGGGTGGGAGGTGGAATGGGAAGGGG,"[[24076082, ""C"", [""T""]]]",yes,no,C->T,1
chr4,9368610,9368892,TCAATGGAGAGAATGCCTATCATTGTGGTGTTTGTCTCCAGAGGGCGCCGGCCTCCAAGACGTTAACTTTACACACCTCTGCCAAGGTCCTCATCCTTGTATTGAAGAGATTCTCCGATGTCACAGGCAACAAGATTGCCAAGAATGTGCAATATCCTGAGTGCCTTGACATGCAGCCATACATGTCTCAGCAGAACACAGGACCTCTTGTCTATGTCCTCTATGCTGTGCTGGTCCACGCTGGGTGGAGTTGTCACAACGGACATTACTTCTCTTATGTCAA,N,no,no,N,0
chr12,75239960,75240355,CATATTTGCAACTATTTTCTATTTGGGAAATTTATTCTTTGTTTCCTCCTCATTTTTCAGCTTTCTCTGGTTTAACTGAGCTTTTTATAGAATGTCATTTTCTTTCCTTAGAATTATAGTTATTTTTAAAGTTCTCAGTGGTTACCTTAGAGTTTACAACATGTGTTTTGAACTAATGTAGGTATTTTTAACTAATCTAAGTCCACCTTTATGTAATACTATACCACTTCATATGTAATGCAGGTACCTTAACAAGAGTATTCTCAGTTCCCCTTTTCTGTTTCTGTGACATTGGTGTCATTTATTTAACTTAACCATATGCTGTTATTATTCAATACAATGTTACTGTCATTACTTTAAATAGATAAATTTTAGATCCATTAAGAACTTTAAAAA,"[[75239968, ""T"", [""C""]]]",yes,no,T->C,1
chr3,180294333,180294533,ATGCTGCTTTCAAGGTCACTATGCTCATTTGCATCAAGCCAGAAGGGAAAGGGACAATGAAAATTACCCGTGGGAGGCTTCATAAATTAATTATAAAGGGACTGCTTCACCTTTGCTCTCATTCTATTGGCAAAAGTTCAGTCACATGACACATCTAACTATAAAGGAGGCTGGAAAGTATAGTTTACCCAGGTATACAGA,"[[180294336, ""T"", [""C""]]]",yes,no,T->C,1
chr10,29291598,29291901,TTTTTGCTTGCTTAACCCTGAGAACACAGCATTGACTTGAAAGTTACTGTATGGAAAAGCATTAAGGAAACAGCCTTCAGTTGCCTTCCTTCACTGGACCGTAGAGTGGCTGGTTTTCCCTGATGGTGGCACTGAATGACCAAAGTGACAGGCAGCATCTAGGCAGGGCTGTGCACAGTCACCACCGCTGGATTTCAAAGTTCCTGAATCAAGATCATCTGACCTGTTCTCCGGCTCTTTGGCAGGTTCTGTCTCCGGCAGGCTTTGAGGATGAAGGCTGCGGGCATTCTGACCCTCATTGGCT,"[[29291690, ""C"", [""A""]], [29291708, ""C"", [""T""]], [29291806, ""C"", [""T""]], [29291814, ""G"", [""A""]]]",yes,yes,C->A,4
chr10,65550695,65551149,CCCCTGGGTTGGAACATAGTCCATCAATTAATCCCTGTTTCTGTTTTGCTTCCAGACCCTAGTAATACCTACTGTTCCTGGATTCGGAGTTTCTCAGATTCGATCTGTACAGAGAGTATGCTGCCAATCTTCTACTGGATTGGGGAAAAGTTCTTCTTTGCTGTGTGGGCGGATGAGAAGGCAGCTGGTAGGCTAAGTGCTTTCAAGTCCCCTGGCACTTGGAGGGCTATTTGGTGTGCATGCTTATTGAGTTATTCTTGGTTTTGCAGACAAGTAACCTTGTGACCAGGTGTTGCTCCACTCTCAGCTTTGGTTACAGATTCTGCTAAGTAAGCTGTCACTTTTCTATTGTCCTATCACCTCCTAAAATACTGCTGTTGTTGCCTCTCCTTTCCTTTTTACTTGGCATGTATTCCCTTTGAAAACGTCTTCACTGTTAATTTAAAAGGATTTAG,"[[65550702, ""A"", [""G""]]]",yes,no,A->G,1
chr5,181319142,181319410,AACCCTGAAAGCTCTGCAAACCCCTTTCAGGGTGTTTATGGAGGCTTTATTATGCAAGCATGATTGATAAAACCTTTGGCTGTTGGTGATTAAGTCAGTCTCCAGCCCCTCTTCCCCCTGGAGTTCAGTGCATGAGGCTGAAAGTTCCAAGCCTCTTACCATGTGGTTGCATGGTAATCAGCCCTCCTCTTGAAGAAATTTAGGAGCTTGCAGTCACCCAGTCATCTCAACAACATCCCCAAATGCATTCTTACCATGCTGGAGATCCC,N,no,no,N,0
chr16,30243654,30244102,GGAAAAGAGCCTTCAGTGGTGTACATTTCCATAGTTTGGGGCTGTTTCTTACCTACAGTGATACCTAGCCCATCCTAGCAGGCATGCACCATCTACTCCACACTCTGTGATGCAGACTAGCCTGCCGTCAGAACACGAACTGGTGGTCAGACACAGGTAGGTTTCAGTTCCAGCTCTGCCTCTTATTGACTGCAACCTCAGGCTTAACTTTCAGTCTCTGAGCCTCAGTTTCAACTCTGTAAAATGAGGTGGCTATACCATCTCAGGTTGCAGAGAGAATTAAATGAAATATAAGTGCATGTAGAGCATTGAACCCAGGGCCTGGCACACACAGTGAGTACACAATGTTAGCCAGGTAGCTTCATAATGCATACTGATTGTCAATATTCAGACAATGCAGTAAAGTGTTACCAAAAATAAAAGTAAACTTATTTGCATATGTATTCTTT,N,no,no,N,0
chr1,114790008,114790301,GAGGGGGATTTGGCAGGGTCATAGGACAATAGTGGAGGGAAGGTCAGCAGATAAACAAGTGAACAAAGGTCACTGGTTTTCCTAGGCAGAGGACCCTGCAGCCTTCCGCAGAGTTTGTGTCCCTGGGTACTTGAGATTAGGGAGTGGTGATGACTCTTAATGAGCATGCTGCCTTCAAGCATCTGTTTAACAAAGCACATCTTGCACCGCCCTTAATCCATTTAACTCTGAGTGGACACAGCACATGTTTCAGAGAGCACAGGGTTGGGGGTAAGGTCACAGATCAACAGGATC,N,no,no,N,0
chr13,66506996,66507312,CTTGCATATTTTTATTGTTATGATGGTATTGATTGTTAAGTCAACAGAAAGCTATCACAGGGGATTGCAAATTTCTATACCAATACTCTGTTCTGTAACATTAAAATGTCATTACTGAATCACCAACTTTTCCCCCTGCTGTAATATTATTCTCTGTTGATTGCCTGCCTGAGCTGAAATTTGAAACTGTCACCCTCAGACTTGCAGAAGTGATTCAACTTCTCTTATAAGGAAAGTGAAATTAAATATTCATTCACGGGCTGCATTTCAAGTTCAAACTGTCTGAAGCTCCTTAAGGCAAAATGTATTTAAGTGAA,"[[66507176, ""C"", [""T""]], [66507202, ""A"", [""G""]]]",yes,yes,C->T,2
chr3,193005544,193005828,TGAATGATCTTTTGTATTTCTGTGGTGTCAGTTGTAATATCTCCTGTTTTGTTTCTTAATGAGGTTATTTAGATTTTCTCTCTTCTTTTCTTGGTTAATCTTGCTAATGGTCTATCAATTTAATTTATCTTTTCAAAGAACGAGCTTTTGGTTTCATTTATCTTTTGTATTTTTTTTGTTTCAATTTCATTTAGTTCTGCTCTGATCTTGGTTATTTCCTTTCTTCTGCTGCCTTTGAGTTTGGTTTGTTCTTGTTTCTCTAGTTCCTTGAGGTATGACTTTAGA,N,no,no,N,0
chr7,108477680,108478088,GGAGACCCCATCTCTACAAAAAAAGGTCTGAAAAATTAGCTGGGTGCAATGGTATGCACCTGTAGTCCCAGCTACTCAGAAGACTAAGGTGGGAGGACTGGTTGAGCCCAGGAGTTTGAGGCTGCAGTGAGCTATCATTGTCACTGCGTTCCAGCCTGGGCAACAAAGTGAGATCCTGTTTCTAAGAAACACACACACACACAAACACCTCAAGGCCAAAACCTGAAATTCAACATACACTCACTGAATGCCTACTATATGCCAGGCACTGGAGTCAACAGCAAACTGGGTAAGTCAAAGTAAACTGGATAAATTCTTGCCTTGCATTCTTGTTGGACAGAAGGATAATAAGTAAACAATCAAATATGTAATATATAATTACAATGAGATAAATGCTGTAAGAGAAAAA,"[[108477759, ""G"", [""A""]]]",yes,no,G->A,1
chr6,159767035,159767353,GTGTGGGTGCAGGAATTCCCTACTCTGTTCCAGCATGGAGCTGCCAGATGATCTGTGGGTCAGGCCTAAAAGCTGTGTGCCTTGCAGTCCAGTCAATAGGGATAGGAGACTCCAGCATTGTGGTTGCAGGAGGCATGGAAAATATGAGCAAGGTAAGGCCTCTCTGATGAGGTGGCTTTCACTGACTTCACACTGAGAAACTCATGTCTATGCCAGAACAGAGTAAACAGATGCATAGCAGAGCTGGAACCAAACAGTGAACAAATAAACAGAAATGACAACCTTGATCCCTACTTGAATGTGAAGTATTCTTCAGTTT,"[[159767221, ""C"", [""T""]]]",yes,no,C->T,1
chr1,47215698,47216158,TGTTTTATTTTTGGAAAAGAATAAGCGTTGTATCATCTAAACCACATTTCCATTCCTGAGCCTCCAGGGAAGTCCTCCCAGATGATATGGAGCCTGCCACAGAGCCTCCACTCTCGACTTCCATTACCTTCAGACTTCATCTCTGAGTCCCCAATCCTTAAGAGCCAGGCATAAGAGCTGCAGCCGCCGCTGCAGCCGTTGAGTCATCAGGGAACCTGGGGCCCTCCTATGGTATGGCCTTAATCTGTCCTGAACCTAGGATACATACAACTGTCCCAGCCATGGAAGCTCACCCCAACACAAAGAGGGGATGTCTGCTGAGGCTTCCTGAGATACAAGCATGGGTGCATGAAGCCGAGGGGACAGGCCCCCTCTATGAGGCCTGTGGAGAGAAAGAATGGAAACCCTGTGGAGGAAGGCTGTCTCCTCCCCACCAGGCCTGCCTTCAGGGTTGAGGGTGG,"[[47215723, ""G"", [""C""]], [47216054, ""A"", [""G""]], [47216107, ""G"", [""T""]]]",yes,yes,G->C,3
chr1,70119280,70119607,CCTCTGAACTACTCCAGCACTTTATTTCCGTCTTCAGATATTAATTCAATTCAGCATATATGTACTGAGGGCTCATTCTATATGCGGCGTTTTATGTTATTTTTAGTTACGTGCATGACTTATTTCCCCTTCTGAATGGCTACTTTTTGATTGGAGCCTTCCTGTTTCATCTCTTTCTTAGTACCCATCCCCAGTGCCTAGCACAATGCCTACGGAAGTGAGTACAAAACAGACATTCTTTTAAAAAAAAAAATGCTTAAGTAATCACATTGAGAGCCGACTAACCTTCTTTGAAGATCTTTCATGATAAAAGTACCACTCAAAATTA,"[[70119360, ""C"", [""T""]], [70119368, ""A"", [""G""]], [70119460, ""C"", [""G""]], [70119492, ""T"", [""C""]], [70119521, ""A"", [""T""]]]",yes,yes,A->T,5
chr11,4578346,4578566,TAAAATGTGCTTGTATTTATTGGTTAACTTTTTAGCAATGGAAATTGTAGAGAAGGACACACGTAGAGAGCTGGAAGTGATAAATTCTCCTGGCAGGAGGCCAAAGACCTTAAGTAATTGATGTGTCTTGACCTGAACCTCAATCTCAAGAGACTCATTAAGCTGATCCATCTCTAAGGATATTCTGCTGTTTGAACAATTCTGTTGCATTCTCTGTAATA,N,no,no,N,0
chr13,94444867,94445207,AGATCCTAACTCCTTAAGGTCTAAGATAAGGACTTTTCACCTTTGAAGTCTCAGGTTTAGTATACAACCTGGACGGAGCCAATGTTTACTAACTATGTGTTTGCTGATGACAGTGTCATGCAGACACTTTGCATACAGTGCAAAGCTTAGCATACAACCTGGACAGAGTCAATATTTACTAAGTATGTGTTGGCTGATGACAGTGTCATGCATCTTTATTTACATAAACAGTTTGTGCAAATAAACAGTGTCTAGGGATATACAAAAATATATTTTCCAAAGAAGGCCACACAATGTTTGTTTCTTGACTAACATGCTTTTCTAGAATCTTGCCACTCCCT,"[[94444941, ""A"", [""G""]], [94444945, ""T"", [""C""]]]",yes,yes,A->G,2
chr19,32767971,32768374,AAGAATATTTTGTGACACATTAAAATTATATGAAATTGAAATCTCAGTAGTTACAAATAAAGTTTTACTGAACATAGCTGGACTCATTTTCTTACATATTGTATACAGCTGCTTTTGTACTGTCAGAGCTGAGTTGAGTGGCCGCGCCCCAGGCCACCTGTCCCACAATCCCACAAAGCCTGCAGTATTTACCAGCTGGTGCTTTGCAGAAGGAGTTTGCTGACCCTGATCTGGAGCAAGGACTGAATGATATTCCAGGATAACTAACAGACCCTGCCACACTCCCCAGCACAGAGACTTCAGATTTTGTGTGTCCCTGTAAATTTTAATTCTCTTTTAAAGAGATTTTTAAGATAAGAATATATGTTTTTATATTTCCCTTCATATTTATCATTTCTGGTGGT,"[[32768088, ""C"", [""T""]]]",yes,no,C->T,1
chr19,47402564,47402847,CGTAACCCGAGGTGCCATAGCTGTTGCATTCCAGAGGCGAGATTCAAACCCACGTCCGTCCGGAAGCCTTGGAAGTGAGGGTGTGCCTGCCTAACCTGCTCATTTCCCATGGGACAGAGGACGTGATTGGACAGCCACAGCTGGTGAAGTGACGCAGGCGTGGCCCTGAGTCTTCATTCTCCCCTGCACACACATCTCTTGCAGGAATTCTGCAGCTCCCTCTAGTTAAGAGGTGGAGTCTTGGCCAGGCCTGGTGGCTCGTTTGTAATCCCAGCACTCTGGGA,"[[47402591, ""G"", [""A""]]]",yes,no,G->A,1
chr21,30120390,30120822,TGTTTTTATCCAAGTCAGAACTGGTCAATAAGAAATAGTTGATTCTTCACTGGCAAAATTGTGATCAATAGGATGATTGGAGTTTCTTAAAAAAAAATGTGAAGTCCCTTTCCATATTTCTTTTCTTGATTTCAATCAGTGTAGAAAACAAACACTGGAAGACTCATTTCCCCAGGGCAACTAATTTATCCATTTAATGCACTCATTTTGGGATGAATCAATAAACTCTCCAAGTATTTATTGATCCCCTATTTTTGGCACAAGATGATGCTAAGTACTGAGAGTAAACAAGAAAAATATAAAGCATGATCTCTACCCTCTCAATCTGCAGTGTGCTCCTGTGTCAGTTAATCTGCCCTGATTTCATTGTCATTTCACTTTTGTATACTAGGAACAGTGTTGTGATGGTGTTAGTCGTTAACGGTATTAGTGA,"[[30120395, ""C"", [""T""]]]",yes,no,C->T,1
chr1,160121440,160121752,TGCATCCTAGCCCAAAGCTCTCTCCCTGTATACCCTAGAAGCCAGGACTCCCTATGACCCAGGCCCCAGAGGGCCTCCAGGCAGGGCCCTTCCCTATACCCCAAGCAACTTCAGTTGCACACAGCCTTCCACAGAGCTGACAGCTGATGCACATGGGCTGACAGCCCATTCCTGTGGTTACAGTGATTTGCTGGGCCCCTGCTACATATGTGACATTGTGATAGATGCGTTACATACATTTCTCTAATCTTTACAACAACCCTTTGAGATAGGTATTGCAGACCTGTTTATTAAACAAAGGAGACTCAGAGAG,N,no,no,N,0
chr22,11971327,11971591,TGTGGAGAGTTATTTAAGGACCTATGGTTAACTCAGTCCTCAAGATGTTCCAGGTTTCATCCATGAATCAAGGAGGACCTCCCAAAGGCTGTTTGGGACCACAATCTTTGAGCAAGGAGCATACATTACGATGGAAGCTGTGCTTTAGCGGCAGATGACCATTTCCACTGCACAACACGCCGTGCTTTAGCGGAAGATGACCGTTTCCACTGCACAACACTACAAGTGTTTACTGCCAGGCCGGTGTGAAATATGTTCCAGCACA,"[[11971378, ""G"", [""A""]]]",yes,no,G->A,1
chr12,108786003,108786263,TATTTTTAAAAATCACTCCAAGGAGACAAAGTCCTGGAGGGAGGATTTTTGCAAAAACTGTGCTCACTAGGTAAAATATGAACTAGCCTTGTTCCTGCAGATCCCTCCTGGGGTGCTTTCTAGAATAGCTTTGGGGAACACAGTTCTGGCCAATGTTAAGATGATGGCTCACTCACTCACTTTCAGAATTCAGCTGGTCCTTGAAGGCTTTCTGGTTTCACTGAGTTAATCTGGCGGACCCAGCTGAGGGCAAGATGGAAT,N,no,no,N,0
chr12,47541586,47541997,TAGAAATGTGTTTTCCAGGCTTGCAGCTCCTGTGATACAGGAGGAAATGTGGAAGGGGATGGAAATAGTTACCAGACGGTAAGTATAGTGAACAGAAAATATCCAGTACCTACAGATGATGTGACAGCTAGCCTCCAAGGTGGCCTTCAATGACATGTGCCTCCTGATATTCACATACTTGTAGTAGGTGAAACCCACAGTTTACCAAGGTTAATCCCTGTGACCAACAAAATGTGGCAGAAGTGATGATATATCACTTCTGAGGTTAGATTTTTTTTTAAAAAAACTGTGGTTTCTGTCTTGGGAGTGCTCTCTTTATCTCTCTCTCTCTCTCTCTCTCTCTCTCTCTCTCTCTCTCAGCTCTGGCTCTGAGAAAAGCACACTGCCATTTTGTAGAGAGAATCAATTACTT,"[[47541599, ""C"", [""T""]], [47541864, ""A"", [""T""]]]",yes,yes,A->T,2
chr14,55519541,55519801,CTCCACCTGCTAATTATAGATCCCTAGGGCCTTAAGCGAACATAGGCAATAGCCAGGTAGTAGTTACATTGAACCTTGGGTGAGATCCAGTGCTATGCAGGCTTCAGGTCTGATCCAGTGCAGTCCCAGTGGTGGCCACAGTGGTACTTGTGTCACCCCACTCTGAGCTCCAGGCAGCTCAGCACAGAAAAAGAGACTCCATTTGTTTGGGATAAAGTAAGGGCAGAGAACAAAAACCTCTGCCTAGTAATCCAGAGAATT,"[[55519552, ""G"", [""A""]]]",yes,no,G->A,1
chr1,120809148,120809596,TCCAGAGTTTCTCTCTCTCCATCTGCAAAGGCAGACAAATTGTCTCTTGCAAGGGTCTGAAGCATCCAAATATGGGAACACTTACGAATGCTTTTCAAAATGAGATGAAGCCCCTCTCCATGTGGTGTTGGAGAAGGCACTTGATGTGGGGTCATTTGGTGGTAGGAAGTGCTTCAGACTGGAGCACTCCCCATGGATAGAATGTCCCTGAATAACACAGCAGAAGCCACATGGAGGGCCTGTGCAGTCTCATGACGCATAGAGGACTGTGGGACAAGTTTGTCCTCTCCTAAGAGAAAGAATGAGGTTTGAAATGCGAACTGTGACAGGACACCAAGCCTGTTCCTGGGAATCAGATCTGTGGCAGGATGGGGGAGACAGCTGCCAAAGTCCAGAGAGAGGCTGCACAAGCCTCCAGTGATATGGGAAGCAAAAGGTCTTTTCAGTAT,N,no,no,N,0
chr9,130277009,130277391,TGGGTTCTGAGTGCCTGACTGCAGGCTTGACCGTGTCCACCGGGACACATGAAGCTGGGCGAGGAAGTGGGGCACCACGTGGGTGAGGGGTTAGGCCGTTCCACCCATGCGTGCTCCTCACATGTCTGAGACAGTTCATGGGGCTGGCCCCACACACTCCTCTTGCCCAGTGGGAAAAACCCCGCCTGTGGCTTGGTGGTTCCAGGCCAGGCTTCTGGGGCTCACATGCTGGAAGAGGGCTTGAGTGGAGCCAAGGTCACGGGTTTAATCATCCCTGCAGCCAGCAGGCCTGCTCGGAGGGACTGCACGCCACATCTGCCCAGCTGTTTGGCAAATGCCCACCCTCAGTCCTGAATCTCCCTCCCTCTGCAGGCACAGGACAA,"[[130277033, ""C"", [""G""]], [130277164, ""C"", [""A""]], [130277182, ""A"", [""G""]]]",yes,yes,C->G,3
chr5,89320289,89320716,TATCAAGATTTAAATTGTTAGGAGTTTAGTTCAACCTCTGCTGGGTCCCTAGGCTCTTATTGTAAAACTACTGTTGGCATTTGCAACCCATATAACATCTTGGAATCATGGGAATCAACTCTGAAATGCCAAGAATTGAAGATCAACTTTATTTTTGGAGGGAATTCTATTACGAGTTTTTTGGTAGCTCTGCAAGCTGTGTGAACGGAGGGAAAAATAACCTAAATTACACTAATTCACATTCCACTGTTAACCACATTACTTTGAGACTTTACTCTCAGTTTCACACCTTGTCCTGTTCCCAGATGAAGTTGACTTCTCAAGAAATGCACAAATTTTTCTGGTCTGCCCACTCCTTAAGGGGTAGATCATAAATTAAATCAGGCAGTGTGATATTTCTATTGCCCACTTCTAAAGGTTTCCACAGA,"[[89320296, ""G"", [""A""]]]",yes,no,G->A,1
chr4,20127674,20127991,TATTATAGCAGCCCAAAGTTTTCTAATACATCAACTTTCAAACAATTGAAGCATAAAGTCCACTAGCTAGATTTAAATCTGCTGCCTACAGATCTGAGCTACTTTGGGAGATAAACTAATGACTAAAGAAAATGTCATTACAAAGAGGCATTTGGTTGAAGAATTCCAGAGAAAGATTGCCTTATGATTCACATATGAAAATAATGCATTTTATTCACAAGGGAAAAAAACTGTTTTATGCTACTTTTGAAGATGACTTTGATTGTTCTTTTGTAAATGGATTGCTTTGTGGAAGGAAGGGAAGAAAAAAATAAGACA,N,no,no,N,0
chr13,61323872,61324177,TAGCAAACAGCACACCAGTAGATTATATCCTGCACCTGGCTTGGCAGGTCCCATGCCCGTGGAGCCTTGCTCACTGCTAGCACAGCAGTCTGAGGTCAAACTGCAAGGTGGCAGCGAGGCTGGGGGAGGGGCACCCGCCATTGCTGAGGCTTGAGTAGGTAAACAAACTGGCCAGGAAGCTCAAACTGGGTGGAGCCCACCTCAGCTCAAGGAGGCCTGCCTGCCTCTGTAGACTCCACCTCTGGGGGCAGGGCATAGGTGAACAAAAGGCAGCAGAAACTTCTGCAGACTTAAACGTCCCTGTCT,"[[61323902, ""C"", [""T""]], [61323925, ""C"", [""T""]]]",yes,yes,C->T,2
chr10,22797864,22798181,CTGGCAATGTGGTGAAACCCCATCTCTATAAAAAATGCAAAAATTTCCTGGGCATGGTGGTGCACACCTGTGGTCCCAGCTACTTGGGAGGCTGAGGTGGGAAGATGACTTGAGCTCAGGAGTTCAAGGCTGCAGTGAGTCATGATTGCACCACTGCACTCCAGCCTGCATGACAGAGTGAAACTGTCTTAGAAAAAAAAAAAAAACAGGCAAATACTTCCTGAGATCTTAGACTATATCTGAATAAACTGAGTGAAAATATTTTATATGTAAGGACAATATCTATCTACTTATCTGTCTATCTCTCTATCTCTCTAT,"[[22797910, ""G"", [""C""]]]",yes,no,G->C,1
chr8,18184886,18185102,TGCAAAATTCTACGACATTTTATCAAATGTACAGTGATATTTGACTAGTAAGCTTATCTCAAATTCCTGGAATAAATTCAACTTGGTTGTGGGCTGCTATCTTTTTTAGTTGTTGCTGGAAAATCTAAACATTGGTTAAACAAATGTTTAAATGTTATTTTTTTCAGGTTTCAGGAGTGCTTGTTTCGGTTTCAGGAGTGCTTGTTTCAGTTTCAGG,"[[18184898, ""T"", [""C""]], [18185005, ""C"", [""A""]]]",yes,yes,T->C,2
chr4,119699290,119699568,GTTTGGTTTTCTCTTCCTGTGTTAGTTTGCTGAGAATGATGGTTTCCAGCTTCATCCATGTCCCTGCAAAGGACATGAACTCATCCTTTTTTATGGCTGCATAGTATTCCGTGGTGTATATGTACCACATATGGGCATTTGGGTTGGTTCCAAGTCTTTGCTATTGTGAATAGTGCTGCAATAAACACACGTGTGCATGTGTCTTTATAGTAGAATGATTTATAATCCTTTGGGTATATACCCAGTAATGGGACTGCTGGGTCAAATGGAATTTCTGGT,"[[119699400, ""A"", [""G""]]]",yes,no,A->G,1
chr4,26548422,26548711,AATGCTTAGTTTGCTGGGGGTTTTTAGAATAAAGAGATGTTGAACTTTATTGAAAGCCATTTCTGTATCTGTTGAGGTAATCATAATCATGTGGTTTTTGTTTTTAGTCCGTTTATGTGATGAATCACATTTATTGATTTGCATATGTTGAAACAACCTTGCTCCCAGGGATAAAGCCTACTTGCTTGTGATGGATTAGCTTTTTGATGTGCTGCTGGATTTGGTTGACTAGTATTTTGTTAAGGATTTTTGCATCTGTGTTCATCAAGGATATTGGCCTGAAGTTTTCT,"[[26548466, ""T"", [""C""]], [26548480, ""C"", [""A""]]]",yes,yes,T->C,2
chr2,242062053,242062304,TCACTTCCCAGACGGGGCGGCTGGGCAGAGGTGCTCCTCACCTCCCAGACGGTGTGGCGGCCCGGCAGAGGGTGCAATCTCGGCACTTTGGGATGCCAAGGCAGGCGGCTGGGAGGTGGAGGTTGTAGTGACCCGAGATCACTCCACTGTGTGTGATGGAGTCTCACTCTGTCGCCCAGGCTGTAGTGCAATGGTGTGATTCTGCAACCTCTGCCTCCTGGGTTCAAGCAATTCTCCTGCCCCAGCCTCCTG,"[[242062074, ""C"", [""T""]], [242062124, ""C"", [""G""]], [242062249, ""C"", [""T""]]]",yes,yes,C->T,3
chr1,152126336,152126582,TAATTATTAAGTTTTTACAGGACACTGATTGTATTTCAAAGGGTTTTACCAACCTCTTTTTATTAGTTGTTCCCTATCCAGCCCAGTCTGACAGAAGGGCTACTTCCTCTGCTTTCAGGTGTGGAAATGGGGCCACTCTGAGGTTAAGTTGCCTGTCAGAGGTCACCTAGCGGCTGAGCTTTGGTTCTAACTTGCTGGATTGGACAGATCAGATCTGCTCCTTTAGGCCAATCAATTAGTTGATATA,"[[152126385, ""G"", [""C""]]]",yes,no,G->C,1
chr19,38820632,38821097,GGCCACCTTTTTCTTTCTCTAATTAGTAGTTCTACTCTATCACTGGGTCACTGCATGACCTGCCGTTTCTTCCTTCTGGCCTTCGGGGTCTTGCTGCTGAAAATAAGATAAGACGGCCACATTCAGCTGGAAGCTGAAAGATGAAGGACCTGGGCCCGGCACAGCCACAAAAAAGCCCCATTTTTCTGTTCTCAGACATGATCTCTATGAGAGCAAGGGGTCAGGAATCAGGGCTGCTTCCCGTTTCCACATCTGCAGCACCCAGGAGGGGGCTCTGGCACTGGACTGTGTCACTGAATGTTTGTCAAATGAATGAACAAATGAACAAGAGGAGGAACAGAGGGAGATGCAGAAAGAAAGCAGGAGGCTGGGTGCGGTGGCTCATGCCTGTGATCCCAGCACTTTGGGAGGCTGAGGCAGGAGGATCGCTTTAGATCAGGGGTTCGAGACCAGCCTGGGCAACATA,"[[38820762, ""G"", [""A""]], [38820861, ""G"", [""A""]]]",yes,yes,G->A,2
chr3,32097849,32098086,TTGTTACAGCAGCACAAACAGAGTAAGATATCTGTACTTTCTCAAGCCTCACTTCCCTACCTTCCATTTATTTATACCTCCACCCACCACACAATGAGTTTATGCTCTGCCCCAAAACTGAAAGTGACTTACTCTGACCAGATACAGAAAAAAACAGGCCTGTGGCTAGCCCATATATTGCTTTCATATGGACTGGAAAAACATTTCCCTTTTTCAAGACGCTTGCTTCCATCTATCA,"[[32097871, ""C"", [""G""]]]",yes,no,C->G,1
chrX,63856007,63856269,TAGCTGGAAACTGAGTCAGAGTAGGTGCTACCTCCTGGATGGTAGAGAGGGAGTGTCTCAGCATGGAGGAATGTGAGTTGAAAAGTGCTGGTTTTTCTAGGCATTTGAGAGACTGAGATGGGCTGACTCATTAGGCATTCTGCTTGCATCAGGCAGCATCAGTAATCTTAATGCAGGCTATTATATAAGTTACAAGACAAAGCAACTCTCCTCTGGTATTAACACTTACTTGGACAACAAGACTGCTGTAAAAGCATGATTTC,N,no,no,N,0
chrX,39384285,39384551,TGAACCACTAATGAATTTTCCAACTGTCACAAAACAATGCAAATAAGTAAGATCCACATCTGCTGAACACCATCATGAGGTCAAACTGTGGGTAAATAAATACTTGCTTCAAGGAGAGGGTAAATCCTAAGGTGAGGAGTGACAGGGCTTTGTTTGCATAAACCCAGCAAGGTATTATGGGTAGGATATTAATTAAATCATGCTCCTGGGCCTCACGGATCCCCAGCTCCACGGCTTCAGCTTGTTGACAAACCGAACACAGGGCCC,N,no,no,N,0
chr22,22635048,22635392,AGGCTGGAGTCAGCTTGCAGCACAGCCAGGGTCGAGGTCACTCCCTCCCTGAGGACTCTAGCATGGCACAGCCCCTCTGCCTCTCTCCTGGTGGTGGCGTTGAAACAGCACCCTCTGCTTCGGTCCTCTACAGGGTGGCAGAGAAGGAGGCAGTCAATAAGATGTCCCTGCACAACCTTGGCACGGTGTTTGGCCCCACGCTGCTCTGGCCCTCCGAGAAGGAGAGCAAGCTCCCTGCCAACCCCAGCCAGCCCATCACCATGACTGACAGCAGGTCCTTGGAGGTCATGTCCCAGGTATGGGAAGACAGCCTCCAGCCCATGCAACCCCAGCCTGACAGAGGTG,N,no,no,N,0
chr14,86450112,86450442,GCAGGCTGCAGTCTGTGACTAAAGCAACTTTCTACAATCTACTATGGGACAAATAAAGTTAAACTTGGTATTTTCATTCCTTGGTAATGAACGTGGCTGCTTAGCTCTCTAAGAACAGCCCTGGAATATCTCCATCCACATGGTAACTGCTGTCTTTTAAAAACAGTCGGAGTTAATAGCAACCATCTGGCTAGGGCTCTGATCCAGCAAAAGGGCTAGTACTGAGGTTCTAAGAAGACAAGTCCAGCTATACCAAAGGATGAAGAAGAGAGCTCAACTAAGAGTTATATGGCTTTCCCTTTTCTTCATTGAAGGAAACAGGGGTAGGCTC,"[[86450157, ""A"", [""G""]], [86450279, ""T"", [""C""]], [86450407, ""G"", [""T""]]]",yes,yes,T->C,3
chr1,85474312,85474559,TCTAAATCCTCCAGTAGCTTCCCAGTATCCTCAGAATGAAGTCCACATGTTTTACCATGGCCCACCCAACACCCCACCCCCATGATGTGGCCTCTGCCTACTTGCCATCCGCATTCTGATCTCATCCCTATTCTCTCTTACTTGGGCTTCTGTGCATGGTTTCCCATTTCCTGGAATGTGTGTGGCCCCATCCCTGCTTGGGTAATTCCTAATCCTCTTTAGACTCGTTGAAGTCATCACTCTATTCA,"[[85474422, ""T"", [""G""]]]",yes,no,T->G,1
chr12,128573838,128574323,TAAATGGTAAATCTACTATGCATATTTTACTACAATAAATTTATTTTACTTTTTTGCAATCAAAAAAAAAAAAGAGAGAGTGGTGAAAATAGGACTCCATTTGCAGAGCCCTTAGTACCAAAGAGGAGTGGAGAGGTTTCCCCAAGGAAAACTGGATGCTGTTATTGGAAAAACAGAATACATGCTTGATGGGCAGACTGAACAGATGTCCACTACCGAGGGCACTTTCCACACAGTCCAGAGGAGCCTGCCCCATTTGGAACCCACATGCTCTCCACAGCTGGGCCCTGGGCCAGAACGCCACTTCCTTGCTCCTGGCAGATCTGAGCTGGACACTTCTATTTCCCTGCTCCATTGTGCATTCTTCCTCACTCACTTTTATATCGCTCAGAGCATCCTGTCTATGCATGGTGCTAATCAATACTTATTAGTTATGGCTCATTCCAATGCTAATATTTGGAGCACCATTTGTATGATAATAGCTAA,"[[128573911, ""A"", [""G""]], [128574272, ""C"", [""T""]]]",yes,yes,A->G,2
chr3,96352719,96353071,AGTGAATAATTAGTATGTATATCAATTGTTTTTTAACTGCTAATTTGAATAATAAAAAAGTTCCTGATATGGTTTGCTTTGGCTCTGTGTCCCCACACAAATCTCATGTTGAATTGTAATCCCCAGTGTTGGGGGGAGGGACCTGGTGGAAGGTGATTGGTTCATGAGGGAGTGGGGGGGGCAGGCAGATATCCCCCTTGCTGTTCCCATGACAGTGAGTGAATTCTCATGAGATTTGGTTGTTTAAAAGTGTGTAGCACTTCTGCCTTCACTCTCTCTCCTGCTACATGTGAAGACATGCTTACTTTCCCTTTGCCCTTCTGCCATGATTATAAGTTTTCTCAGGCTTTCCC,"[[96352795, ""G"", [""C""]]]",yes,no,G->C,1
chr5,21810806,21811158,ACTTAAACTGAGGCATGTATGATTGGCTATGTAAAATATTCCAAATTTTATTATCATTTTGTTCTTAAGAGTTATTCAAAAATTAACCACATGATGGTGCTATGCTACCAAATCATGTGAACTCATTTGTCAAGCGTGAAAAAAGAAAAAGAGTTTTACTGATTTACGGGTAAGTATAAAATATATATATGCTCAGTGGGACCAACTGGCACCTTAGCCGATTTGTTAAAAGGCTCTTTGTGAAGAGTAATATCATTTATCTCATACGTTTTTAAGGAAAAAGAAAAATTCTGCTTTGGATTTAATGTGATCACACAGTTATGTTAATTTGAAATAAACTAATATTGCCAAGT,N,no,no,N,0
chr8,15697195,15697404,GGTCTATCAGTTTTATTTATATTTTCAAAGAACCAGCTTTTTGTTTCATTTATCTTTTGTATTTTGTTTTTGTTTCAATTTCATTTAGTTCTGCTCTGATCTTGGTTATTTCCTTTCTTCTGCTGAGTTTGGGTTTGGTTTGTTCTTGTTTCTCTAGTTCCTTGAGCTGTGACCTTAGATGGTCTGTTTATGCTCATTCAGACTTTTTGA,N,no,no,N,0
chr4,168945251,168945654,TAAGAACCACTGTCTTAGGAGGATCAGGTATCTTAATTCCCTCCCTGCTCAATTGATACTAAGGTCTGAATTTATCCACTGTATTCTCAAGAACCTCGAAGAATCTCTACAAAGTTAGTAATAAATAATCTTCCTTCAGGAAAGACAGTGGTATTTGCACATGGTTCTTTACAGTTACTTGGTGAGAACAACAGACCAAGACAGTCTGTTCTCTGCTAATGAGATTATCTTCAGGGGGCCTTAGGAACTTTGTTTTTCTTGATCTGCTGAATTGGTGGTTACTGCTTCAGCAGAGGCAGCCTCACTTGATTTGTTCAGGCTCCCAAGGATGCTGGATAATATCACTAGAATCCTTCCCCGTGTGAGAATGAGGATTATCTGATGGGAAAGGCAAAGCCTCTCTA,N,no,no,N,0
chr7,148212064,148212290,GAAGAGAAAGATGAAGAGCAATTGAATAATAGGAGTGAGTGTCAGCTGTTGTTTGCTTTTGGTTTCTGTTTTTTGTGGGGTTTTTTTTTTCTCCCACTGTAAGCCTCGGGGATTTGGTTAAACAAGGAGATAAATATCTTTATGTTATTATTCTGGAATGAATAATTGGTGGATTTTATGTCAAACATCTGCAAACTTCTTTTCCTCAATCAGGGATAATTTACATA,"[[148212105, ""C"", [""T""]], [148212143, ""T"", [""G""]]]",yes,yes,C->T,2
chr4,71204189,71204530,TCACTTGAAGTGTGGTTTCCTGAAAATTGATGATGATTTTTAGCACTTAGCTTCTTATCTTCAAAGCACTTTCCAAATGTTAAATAATTAATTGCCACAACCCCCATGTGGGTGTAGAATAGCAAGCATGTCTTTCTGTTTACCAGGAAGCCATTATGACAGAGTCTGGAAATGTTGATTTTTATTTTTAGAGGTGTCTTTGCTTTCCAAGGTGACCAGCATTTTAAATGATGTCCTGGTTTCCAATCACAGGGTCATGGGAAAAGTTACCAAGGATGTTGAGTACTTGAAAACTTTTTATTCTTCTTGTTTCCATACAGATTTCACTTTTCATCTTACTTT,"[[71204195, ""T"", [""G""]], [71204301, ""C"", [""T""]], [71204509, ""G"", [""A""]]]",yes,yes,C->T,3
chr1,48936491,48936762,GATTGGCAACTGCAATGGGCCCTTACAGTCCCCTCAGCTCCACACAGCTCAGAAGAACTGCACTCTGATGGTTGATTGTAACACTGAAGCAGCTTTGAGTTCTTGAGGAAGGCTTGAGTACTTGTTGGCATTGAAGTAGCCACCCCAATCTGGCTATGACATTTTCTTGGCTACATGGTGAGAATGAATCATCCCGGTCTTATTTGCAAATAATAGTAAAAGGGCATTTTACAGTTTGTTTGCAAAGATCTTTTTCCTTTATTTATTTCATA,"[[48936615, ""C"", [""T""]], [48936723, ""G"", [""A""]]]",yes,yes,G->A,2
chr14,28001021,28001294,CGTGCCAGTGGTTGGAACTTGAGTTCTAACAAACCTTGCCACCATGGCTAAAGGCTCTTGGGGTTCTAAATAAACTTGAAAGGCCGTTTAGGTCACGAGGACTGCAACTCCTAGACAAGCCCTAGTGTTGAGCTGGGCTCACAGTCAGTGCACCTGGGGGCACCTGACTTATTGAGACAGCAGTCTGGGTGGCTAAGGGACTGCCTATGCCACCTGTCTGCAAACCCCAAGCAGTACAGCTCTTGGCTTCAAAAGAGACTTCTTCCATTCCACG,"[[28001022, ""A"", [""G""]]]",yes,no,A->G,1
chr7,1400395,1400647,TCTATTGAGGTAGGAGGTGGGACTCGACTCAGAGGCTGGCTGGGCTCAGACTCCAGACCAAATTGAGGACTAGTTAAACGGACCGGGTGGAAGCAGCTTTCCATAAGACACGCCCACCAGTGTGCCATGTCAGTTTACCATTGCCGTGGCAACACCCAGAAGTTACCACCCCTTTCCATGGCAACAACCCAATGACCCGAAAGTTACCACGCTTTTCCCATAAATTTCTGCATAATCTGTCCCTAAATTTGCA,"[[1400468, ""C"", [""T""]]]",yes,no,C->T,1
chr10,100459993,100460210,TAGGACTGTAAACTAGTTCGACCATTGTGGAAGACAGTGTGGTGATTCCTCAAGGATCTAGAACTAGAAATACCATTTGACCCAGCCATCCCATTACTGGGCATATACTCAAAAGATTATTCTGCTATAAAGACTATTCACAACAGCAAAGACTTGGAACCAACCCAAATGTCCATCAATGATAGACTGGATTAAGAAAATGTGGCACATATACACCA,"[[100459994, ""G"", [""A""]]]",yes,no,G->A,1
chr5,150664940,150665372,CTTGTTCTGTTCATATATGAATGTCTTTATATAAACATACATACACATGGGCTAAATACTATATGCTATGTTCTTTGGCCTTTTTTTTTTTTCATTTAGCAGCATTCCATCCTAGTATGATTTATCTCACGCCTTCCTTCCCCGTGCTTACCAGCTTTCTGCTGTTTGGACACGTCATGTGTGTTTAACCATCCCCTGATGAGGGTTGTCTGGGGTGAGATCCTTCGGGGCAGAACAGAGGAGCCTTGTGCAAGTGACTTATTGAGAACGTGCTCTCGGAAGGGAAGGAGGAATGCAGCCTAGGGTGGGGTACTGCTGAGCGAGGATGTGGGCTCAGCGGCTGTCCAGTTCAGTGTGACCCCGCGGGGAGCTCTCGAGCATGAATTGCTCCACAGAATTCATCCCACCTGAGGCAAGGGCGCTGTGGAGCATC,"[[150665019, ""T"", [""C""]]]",yes,no,T->C,1
chr10,123398829,123399050,CAGGTCTGCTGTTTTAAGGTAAAAGGAGCCACAGACAATGCATCAAAGAATGGGCATGGCTGTACTCCTGTAAAACTATTTATAAACATGTAGCACTAGATTTGGCCCATAGCCCAGGTCAAGTTTGCCAACTCTTGATCTATGCTTTTGAGGTTATTTATGTCTGTAATATCCTTCTGGTGGAAATACTGTATAATGGTTGCTCCCCAACTCTGCCTTCCA,N,no,no,N,0
chr8,18415919,18416222,AAAACGCATGTTTTTCTGTATGCAAAATTCATTCACCTCATCTTAACAGCACCAAAAGTAGCTAAGACTTTCCAGCATCAACTCTAAGTCCCAAGTCTCACCTAAATATCATCTAAATTAGGTATGGGTGAGATTGGAGATATGATTCATCCCCCGGCAAAATTCCCCTTCAGCTGTAAACCTGTAAAACCAGACAAGTCATCTGCTTCCAAAATACAATGGTGAGACAGGCATAGAATAAACATTTCCATTCCAAAAGCGAAAAATCAGAAAGAAGAAAGAGGCCCCAACCAGGTCTAAAACC,"[[18415923, ""T"", [""C""]]]",yes,no,T->C,1
chr4,110769612,110769941,AACAGAGTAAGGACTGGCAGTATATGCAATGGGGAGTAGTGGCTGGAAGGTGAGTCTCCAGATGACATCCGGGATCTAGTGCCTTCATTTCTCTGATGAAGCCATGCAAATAACCATAAGAGAAAAAGTTAATTGAGGTGATGAGTGGATGAAGAGAGTGAGTCATGGTTACCAAGAATAAAAGTGCTGAGTTGTTGATGAGGTACAGAAATAATTAGTAACATATTTACAATTGCTGACATTTCCTAACTACTTTCAGCTGGTTCTTTGGTGTGGACTGTATGAAACTTAATAATTGGTACTCATTTAATCTTAAGTAGGGTCCAAAAT,"[[110769615, ""C"", [""A""]]]",yes,no,C->A,1
chr8,23429753,23430075,CCTCAGCCACCAGCAGCGTCTTCACTCCGCCCAGGTCAGAAAGCACTGCCTAAAGCCGGAGCTTAGGATGAACACGGGCAAAAAGCACTGGTATAGTTCCATGTGTTTCTCTTCTACTGTAATGTCCCCAGAGGGATTGTGAAATGTCTGAGAACATCCCCTGGAGGAGGTTTAAAAGTGAGAAGCCCATGATATGGCTATGGAACATAAGCACTTATTGCTGGCATGTTTCTACCAAGATTGAACACAATGCTTTTCTTTGATAAAGCTTTGGGCAAGTTCCTAGTCCAATTTCTTCTGCTACAAGTACACAGAATTTACTG,"[[23429827, ""T"", [""C""]], [23429846, ""C"", [""T""]]]",yes,yes,C->T,2
chr7,38105836,38106319,TATGGATGCACTACCGGACAGCCCTTCTGTAGCCACTTGGGTCATGAGAGTGAAATACAGTATGGCACCACTGTTTGTGATTAAAGATGTTAACGCTAATGGACTCCACTGGCATTCATGGCTAATTACTTAAGAAAAGATTAAAAGACAACCGTCACCATTTCATATTTCGCATTGGAATCATACATTGTAAAGCATTTGTTTCTTATTTGTCTCTTAATTACAATTCTTACCACTAGGTGGCATTCACCCAAAGTTGTATCTCCCTGGGAAAGTGATGCAGAGGCTGCAAATTGGCAGGGCCTGGACGTGGCTCACAAATATGCTTTGATTGGCCCATTGTGTTTTCAAACATTTGGATGACTGGTCAATATTTAAGATTAGAGAATTTTACCCTATAAAATTGTCTTTCTTGCTTTTCTTGACAAATAGAAGACTTGGCAATACTAGGTCTTTCTCCACCTGCCAACAATCACTTGATGGG,"[[38106003, ""C"", [""T""]]]",yes,no,C->T,1
chr13,67390462,67390804,ACATGTGACTAATTTCTGACTAGTGTGATGTTAAATGTAACTTAAAAAAATTTGTTAACCTTCAAGGTTGTGTGCTTAAAGAAAAATATGACCGAGTTATACATGCTTTTTCTCTTTTCCCCTTTCCCCTTCCCCAGTGGGTAGAGTGTACACATGGTGGTGAGTCATCTTAAACTCTGATGTCAGGTCATCCCAAGAGGAATGTTTTACAGCAAAACAGAAGGCACTAGCATCATAGACAGACTCATGTCAGAGTCTCCATATTAACCATGATTTACATTAGAGATAAATAATTGTCTATTTTCTTTAAATAACTGTTACTCTGGTTTGTTTGTTTGTTTTT,N,no,no,N,0
chr5,51983153,51983553,TCTACACCTAGCCTTCCTTCTGTGTATTAGTCAGTACAGGCTGCCATAGAAGATACTACAGACTAGTGGCTTAAACAACAGAAATTTATTTTCTCATAATTATTCAAATTAGAAGCCAAAAATGAAGTGCCAGCATGGTTTTTTTCTGGTGAATCTTTTCTTCCTGACTAGCAGACAGGTGCCTTTTCACTGTGTCATCAAAAGGCCTTTCCAGACAGGTGCCTTTTCACTGTGTCATCAAAAGGCCTTTCCTCTGTACATATGCAGAGACAGAACTCTGTTGTCTCTTCTTTTTTCCAATTGGTTTGATCTCCTGTTGGGTTAAGGTTCCACCTTTATGAGCTCATTTAACCTTATTTACCTCCTTAAAGGCCCTATTTCCAAATATAGTCACATAAAAG,"[[51983201, ""A"", [""G""]]]",yes,no,A->G,1
chr5,81395214,81395462,GCTTAAGAATAGAATGTGGAGAGATAGCAGTGTACCACCAGTCTTGCCTTTAGAAGCACCGTGTTTCTGTTCTCAGGAACATCTGACCTCTGCCATGAGGTCAAGTAGCTGCCTATTAGCATCTGGGTACCAGACTGAATTCACGTATTGCAGAGGCATCTCAGCCAGCCGGAGGACTCACAGCCTGAAGCAGAGCAACCCAGCAGACATGAAGACTCTTGAGTGAGACATAACTACTTATTGTTGTGT,"[[81395224, ""G"", [""A""]]]",yes,no,G->A,1
chr15,65633377,65633647,CAGCAGGGCACAGTGCCTCATGCCTGTAATTCCAGCACTTTGGGAGGCTGAGGTGGGTGGATCATCTGAGGTCAGGAGTTTGAGAGAAGCCTGGTCAACATGGTGAAACCTCGTCTCTACTAAAAATACAAAAATTAGCCGGATGTGGTGGCAGGCGCCTGTAATCCCAGCTACTCAGGAGGCTGAGGCAGGAGAATCGCTTAAACCCAGGAGGCAGAGGTTGTGGTGAGCCAAGATCTTGCCACTGCACTCCAGCCTGGGTGACAGAGTG,"[[65633493, ""G"", [""C""]], [65633533, ""A"", [""G""]]]",yes,yes,A->G,2
chr3,13261483,13261689,TCACACAAATCCCATCTTAGAGCCTGTTCCAGGAGAACTCAACCCCAGACAGCGAGCAAAGCCCCAAGTCTCCAGAATCATGTCCTCTGCAGTCTGTTCCCATCTCCCCCATCCCCCACCCCCGTCATCACATGTGCTGCAAGGAGCTGGTGACCAAGCATCTGTCCCCTGAGCTCCCAGGGCAGAGCCAGGGATGCATGGTCCCTG,"[[13261513, ""C"", [""A""]]]",yes,no,C->A,1
chr16,86481554,86481904,GCTCTGGATCAGAAGATGCATCGGCAAGAGTGGAATGAGTTTTCCATTTGTCAAAAGAGGAATTCAGGGTTGAGGCTAAGACTCCTGGGTGTGCGTCCTGCTCCCAGCTGTCAGCCCCAAGGTTGCCATGGGGACAGACAGTGACATCTGATCAAGAGAACAGAGTGTAGATAGAGCCAGAGGGCCTGTGTTCAAATCCTGACCCTCCCTGTTCTAGCCATGAAAACCTGAGCAAGTTGCCTGACCTTTGGAGGCCTTAGTTTCCTCATCTGTAAAATGGGTGTAACAATATCATAGTATCTAACTGTATAATTAAAGAAGTTAATACTCAGAAGCGGGTTATAGGCCCTT,"[[86481563, ""T"", [""C""]], [86481593, ""G"", [""T""]]]",yes,yes,G->T,2
chr4,137517883,137518218,GTTCAGTATATCCTTAATTTTTGAAGTCACTGAAGAAGTTACATTTATGAAAATCAGCTTAGTTTTTTTGTTTCGTTCTTGTGATGATACATTATCCAGATATACTGAAATGGAACAGAAATGTCAAAACATGTAAGACAGTCTTGGGACAGTTCTATTAGTTTCTGCCATGTTGAAAGCTGCCCTGTCAGACAATGCATTTTTCACCCATACAAGTAATCCAGTAAAATATTGCTTATTTTTAAAATAGATCTACAATCTTTAAATTTTAAAGTGTCAATGTTTCAAATTGATCTTTGAATATTTTCTGATCACCAGTATCAAAAGAATGAAACA,N,no,no,N,0
chr1,203823189,203823681,GTATTCAGAGTTGAGATTTATTGCAGCAATAGAGTAAAGACACTGTCAGATCATAAGAGAAAAAGACACTGGAGGAATCTGGAAGAATCTGTGTGCCTGTTTTTTTATGCCCACTCCCTTTAGGGGTGACACAGAGCACACTCTTTTCCTAGTCATGAAAATGCAGCAATGCATGTGTGGTATTCCTGCCCAGGGAAATCCATTAGAGACTCAGCATCCAGGATTTTCATTGGTGCTAGCCATATAAGCACTCTTTACCAAACATTTACCCAAATTCCAGACTCCCAGAAGGAAGGCAGATGTTCAGCATTAACCATATTGTTTGTACAAACAGTCTAGGCATACTGAGCCTTCTCCCTTCCCCACTTACCAATTAACTTGGAGCGTCTAAAAGCCAAGGTCCCAGATGCTAGCCAAGAGCAAGCCTTGCAAGCAGGCATTTCTAAGGACAGTAGTCTAAGAGCTGCTATGCTAACTCTTTTCTGCACTGAGG,"[[203823278, ""C"", [""T""]], [203823454, ""G"", [""T""]]]",yes,yes,G->T,2
chr19,32324667,32324943,CATACTGGATAACTAGTAAAAATTGTATACAATTTCAAATGACATTTCAGATAAGTTTTATTGACTTAATGCTCTGATAATAAAATTATAACAATCAGTATTATTCTGATTTATTGCAATTTTTACTTTCATTTTGTAATGGACTTGGTGCATTCCAGCATTGAATGTAATGTTGCTGCCATCTCAAGGTCACTCACTGAAAATGAGGTGGCTCACTCCAGTTTAGTGCACTAAAGCACATCAGTAACCGAGGGCTTTATGGATGAAAATACCACTT,N,no,no,N,0
chr2,211947002,211947255,TCTAAAAATAAGGTGATTGTGCAGAAAACTAAAGATTCATGGAAACAGATATAACAGCTTGGATATTACTAAGCTCTAATGATAGTTATCTCATTATTGCAAGGATTTGATGATATGGTCCACTGTTCACCTGAAACCACCAAACACAGCATGTTTCATATCTCAGTTTTCAGTCACAGAGCATTTCCAGAGTTTACTCCTGTTCAGCTGAGATACAGTATTATGGTATCCTTCACACTAAACTTACAAAATCT,"[[211947047, ""T"", [""C""]], [211947076, ""G"", [""T""]]]",yes,yes,T->C,2
chr8,141907058,141907539,GAGGGTGAGGTAGGAGGGAGTGGACCCTAGCTGTTGCTCCCCCAGCTCCTCCCCTCCAGCCCTGGGGGCTACCTCCTCCGTAGACTGAAGGCCACTGCGACTTCGGCCACTCCCGGGTCCAGTGCCTCCCTGAGGGTGGGTGTGGCTGGAGTAGCGTGGAGGAGGAGAGGGGAGGGCTGGGGACGGGATGAAGCCCAGGCGTCTGGAGGAAGGGCTTCTGTGGGAGGGAGAAGGGCCAGAGTGCGGGCAGATGGGAAATACTGGACATAGTGAGACGTTAGATTGTGAGATGCTGGGTTAGGGACTCTGCAGGCGGAAGCATCCGGGGAGATGACGAGGTAGGGGGCTTGGAATGGAGCCTGTAGGAGGGGGGACACATGCCCAGAGAGACGTACACAGCAGTGGAATTTCCCTGTGATGAGCATGGCTCGGTGCAGGGGCCTGCAGAAGGGGGACACACGCCCAGAGAGATGCATGAAGCA,"[[141907065, ""G"", [""A""]], [141907430, ""A"", [""G""]]]",yes,yes,A->G,2
chr15,20324462,20324922,GTTTACAGTCCCACCAACAGTGTGAAAGTGTTCCTATTTCTCCACATCCTCTCCAGCACCTGTTGTTTCCTGACCTTTTAATGATCACCATTCTAACTGGTGTGAGATGGTATCTCATTGTGGTTTTGATTTACATTTCTCTGATGGGTCTATTTCTTTAAAACAAAAGGAGGGGAGTCTCTCATTTACATTAGTTTTTTTCATAGCCTTTTGAACTTTGCAATTTCTATGTTTCAGAACCTATTTCTTACAGTTTTTCTATGCTAAACTCTGTCCTAGTCAGTTCTAGAGTGTATGAAGAACCAAATGATGTAATTGTATGCGACCTGGCTGTAGTGGAACAAATTTGACTCTAAAGTATGCAGGCTCTAATTTTCCTGTCTGGTTTTGGTAAGTATTCCTTACATAGGTTTTTTCTTTGAAAATCTGGGATTGAGAGGTTGATGAATGAAAATTAATCC,N,no,no,N,0
chr2,179938069,179938399,AAAGACATGGACAGGTACTTCTCAAAAGGAGACATTCAAGTGACCAACAAACATGAAAAAAATGCTCCATATCACAATCATCAGAGAAATGCAAATCAAAACCACAATGAGATACCATGTCATACCAGTTAGAATGGCTATTATTAAAAGTAAAAAAAAAACAACAGGTGCTGACGAGGCTGAGAAAACAGAACACTTACACACTGTTGGTGGGAACGTAAATTACTTCAGCCACTGTGGAAAGCAGTTTGGAGATTTCTCAGAGAACATAAAACAGAGCTATCATTTGGCCCAGCAATCCCATGACTGGGTATATATGCCCAAAATAATG,N,no,no,N,0
chr3,21056350,21056567,CATCTAGATTTCCCAGGTTCTCTTTGGCTTTTTAAGATTTTTAAAATGACTTTGGGACTCTGACTCTCTAAGAACAGAAAGTGAGTTGAGAATTTTGTGGTTCTAGAATAAACCACAAAATTCTAGAGATGAGCTACTCTACAAAGCCCAGTGCAGATCATGGTTAAGAAAGAAAATGAAAAATGAGGAGGGCAGAGCTAGGGGACAATAGACAAATA,N,no,no,N,0
chr2,70374607,70374979,CTGCAGAGACCCCAGAAAGCTCTCACCAGACACAGCTCCTCAACCTTGGACTTCTTAGCCTCCACAACTGCAAGAAATACATTTCTTTGCTTTGTAAATTACCCAGTTTCAGGTATTCTATTATAAGCAACAGAAAATGTACTAAGATACCCTGCTTTGACTCCCTAGGCACGTTCTCGTTGGCTGGCACCATCTGTGACAAATCCTGAACTGTATTGTTTACAGACACAGCTGCAGCCTGCATTGGCACCAAAGTCAATTACTGATGTTGTGCTCTTTGCAGCCCTGGCCCTTGCTAATTCTTCTTGGAAGGAAGAGATGTGAAGACAGGTTGCAAATGTAGGAGTGGTAAGAATAACCAATAGTTCATGTC,N,no,no,N,0
chr1,9573713,9574021,CCCCAGTTGAAGTGCTGTGGGTTCTCCTCCGGATGGTCTCCCTTTCAAAAGGGAAGACAGTACAGGCACAACACTGAGTGTCCTCAGACCTCAGAGGGCTAATTTTAGTCTCCAAAGGCCCTCAGCTGTAATAGGTTTCTACCCTCAAGCTCCAGCCAGGGGTTTGTAACATTTTGTGGGGCTCTGTGGATTCCTTTGGTAGTCTGGTGACACCTGCAGGCCCTTTTTAGAATAATGTTGTTTTTTGAGTTTTTTTGTTTTTTTGTTGTTGTTGTTGTTGTTTTGTTTTTTTGTTTTGAGATAGGGTCT,N,no,no,N,0
chr8,106935383,106935843,CAACCCAGATTCACTATAAAGCAGGCCTCAATTTCATACTCCTGTCCCTAAATGCTAATTATTGGAACATATGACTTAGGTAGGTTAAGTCTATAACAGACGCTCAGAGTAGGACTCTACAAGTGGATCAGAACATGGAAATGCTCAAAATACAAGCTTGACAGCAGACAGCCACACAGCTCAAAGCTTGCATGAGTCAGCAGACAACAGGTCAAAGGGCATGTTTGTAACAACAAATGATCCAGCTGGCAAGCCAAAGGCAAAAGAAGAAAGACCCAGGAAGTAGGAGTCATCATGTAGAACTTCCTGCTTGTAGCGCCAATTATACCTCTCAAAATTGGTTCAGATGCTGAGACTGATGATGCCACACATGCAGTAATGGGATAGGAAAAGTTTTTATACTCAAGCAATAGGATCATTTAAAATGGTTTGCAAAACAGAAGGAAAAATTGGCTTTGATT,"[[106935521, ""G"", [""A""]]]",yes,no,G->A,1
chr11,77866353,77866799,TCAATAGGAAGAAGAGCCTTAGTGATTTGCCCTGAGGGATTGGAAGCAGCACAGGAATTGCTAGTGGCAGGTTGAGGATGCCTCAATAATAGTCTCATGCTCCAATCCCATGGATCCACAGGCCCTTGCAGAGTTATCTTTCATTGCTTTGTACATGACACTGTGAGCCTGCAGTAAAGCAGCAGCAGCCCAGTTCATCACTTGAGTTCCATTGATCCAGCCACTCCAATGGGCTGTGGCTGTCTCCAGTCTAATCTCCAGAGGATTATGGGTTTGTAGTCTCCTATGACCTTACACTTGGATTTCCAGCAGTCAGTGGCCTCTTGTTTCATTTTACTAGAATGTGAGCTCTGGGTGAGAGAGTGAGACTCCATCTCGAAAAAAAAAATATTAAAAAAAATAAAACTGCACATGTAAATATGTAAGACATTATTATTACAGGATTTA,"[[77866450, ""A"", [""T""]]]",yes,no,A->T,1
chr3,157811376,157811797,AAACAATTGCAGAATTTCAAACCCTACTCTGCTGGCAACTGGCCCAGTCTTAATCACCAACTGTTAAACCTGCATTTGGTCACTAATGCACTAAAACATTGCTAATGACATGGAGGTATGACAAGATAAGGCCAGTCTCATAATGAATGACTCCACAAAAGCAAAGTGGCAAAAGCAATTATAGAATCACATGGGCCACTGGCCTTGAATTGTCATGGACATCCTATTTCATGTTGTTCAGCTAAAACAGCTCAGAGATAACCTTATGTTCAGTAGAAGCAGAGGTTGTATCACATATGTACTTCAACTGGCACATGCTTCTGTTTCAAGAACTAATTGTCCTATAGGAAAAGATCTTCAGTTCCTTTATTACCAAGATGAATTAAACAGTTTTCCACATTCAGACTGTATTCTTAGTATAC,N,no,no,N,0
chr11,6853440,6853756,AAGCAGGACAGGATGAACTGCATAAACTGAACTAATAGGAGACTGAAGTGATCTTTTTGACTTTTTGCTTAAAATGTTGCTAATCCTTTATTTTGCTTTTCAGAGTCAAGGGAACTTTTCTTTTTAGCTATTAACAGCTTTTAACAATTACGTAAATTATACTCCTATGAGCAAAATTTGGAGCATTTTTGTTTCTCTCTATCTGATTTCTCCAGAATTTGAAAACTATTTGTGAGTATTCTTAATTTATGGCAATATAGATATTTGCATAAGTGCAATAAGAATCTGTTTTCTTTTGTTACAGGACACAATTGGAG,"[[6853466, ""T"", [""C""]]]",yes,no,T->C,1
chr10,9667678,9668105,TATTATATATGACTTGAAAATAAATAAACATGTACACTGGGGGCATACTTAGAAATATTTACTGGTGAGAAATGCAAAGCGAAGAATTTGGAAACCACTGTAAATGATTCTTAAGTTACTGCTAAGAGCAAAGAGCATCTGAATGTGTAATTATCAACACATCCCCAGGGATTCATGTGATTGCTTGCTCTCTCATTTAAATACATACATCTACAGACACAGTACTTGTGCAGATGTGAATTGAGTGCATCCTGTCCATTATCTCACATACTACCTCAAGGACTTTTTTTCGTGGTTATTCTCACTATATTGATACCTCTTATTTGCAAGTTCTTCTGTGTCTCAATATCTTAGAAAGGTGTCAATTCCTAAGAGTTTCACTGGCGTGATAACGAGATTGTATGCGAGATAGGGGAAGGGGGTAAGTA,"[[9667715, ""G"", [""T""]]]",yes,no,G->T,1
chr11,70854991,70855355,TCATGACTGTCCATCAATCTAGGAGGTCTGGGCCTGGCCCGTAGTCCTGAAAATCTGGACACTCTCAGTGACCTGCTAATAAGAAGGGACAGCCATTTGGCTAGATGCCAGCATATGGCCCAGTGGCTCTGGCTGTTTGCACAGCAGGCTCGGCTGCCCCTCAATGACTTCATGATGAGGGATAATTAAAACAGCTTCCCTGCACGTTCTCCTCCCTCATCCAATTTGGTCACATGATGAACAAGCTCAGAGGAAATTAGCAAGGTATTCTAAGCCCTACAGGACAGACATTCTAGCAGGTGAGGAGTAAGCCAGGTTTCTGGAAGCTTCCCATATCTAGAATGTTGGGTTCTGGGCAAATTGCC,"[[70855025, ""C"", [""T""]]]",yes,no,C->T,1
chr3,55173480,55173818,TTGGTCAAAAATCCAGATTTCTGGACCTTTCATCTAGAATTTCTGCTTCAGTATTGCTAGATTGATCCCAGGAATCAGTTTTTTCACCATCAGGGAAGTTTGGGAAACTGCTGTACATTAGTGTTTGTAGAATCTGTCCCCTGTGATTGTAATAGTCCTTGCCAATGTTAGAGAGGCCACGGCACAGTGGTCTAAGATTGGGAAATGATTCATAACTGCATACTCTGCATTGAAGGCTCTGAGACTAGAAAAAGAACCCACTGATGCCCAAGCAATCATGTGGCTGGGCTCTCCAAGACTGGAACAACCTTGAAATCTTATTTGCTTTAGGGTGTTGAT,"[[55173506, ""A"", [""C""]]]",yes,no,A->C,1
chr5,17866023,17866335,TTGAGTTAATGCTGAAATGAGTTAAGACTTTAGGGAAATGTTGAGAAGGCATGACTGATGTTGAAATCTGAGGACATGAGATTTGGGAGGGGCCCGGGATGGAATGATGTGGTTTGGCTGTGTCCCCACCCAAATGTCATCTTGAATTCCCATGTATTGTGTGAAGGACCCAGTGGGAGGTAATTGAATCATGGGGGCAGGTCTTTCCTGTGCTGTTCTCATGATAGTGAATAAGTCTCACAAGATCTGATAGTTTTAAAAAGGGAAGTTTCCTTGCACAAGCTCTCTCTTTGCCTGCTTCCATCCTCACAAG,"[[17866121, ""G"", [""A""]], [17866288, ""G"", [""A""]]]",yes,yes,G->A,2
chr16,1778017,1778447,AGGTCCACATCCAACGTCCCGATGCCCACCATCTAGGAACAGGGGCCAGGCAGAGGGCGCGGGGCTGGGCTGCCGGAGCCAGGTTCCCCAGAAGCACCCTGGGCCGAAGCAACTTACCATGTCGGTGCCGTAGACGGGAGAGGTCATCTTGATCTCCCAGAAGTGCTGGCCCTCCCCCAGCTCCTTGGTGCCCCGGATGGCCGCTGTGCCGCAGCTGTACTCCATGTGGAAGCTGACCTTACGGTTATCACAGCTCAGCAGGGTGGCTGATGACTTATTTAAGTCATCCCAGACCCAGTCGAAATCTGCAAGAGAGGCCCAGGCTGGGGCAGCCCTGAGAGCTCCATGGGGCTCTGCCCTGCCCACCCCCAGGCCCGCCCGCAGTGCAGTCCCAGCAGGGGCTGGGCCCCACGCTCACACTCGTCTTCCTC,"[[1778029, ""G"", [""A""]], [1778263, ""G"", [""A""]]]",yes,yes,G->A,2
chr4,175562591,175562855,CTTTTTTACCTATTTCCTCTCGATCTATTCACTCTTTAGTAAATACGCTAAAAGGATGATGAGGCAAGAGATCAGGTGTGTCCATGTGCACCTGGAAACATTTTCTCTCTCTTGCTGGTGAAGGGAGTGCTGGCAGAAGCAGACCTGTCACTCAGGCAGAGGGAACAGATGGAGTGAGAAAATTTCTACATACAGGCAGCCCTGAGGAGCTGTGTGGAGAACATACGCAACAGGCATTTCATTTTCAATCTGCCTTCGCACTGTA,"[[175562592, ""A"", [""T""]]]",yes,no,A->T,1
chr1,155613308,155613802,CATTCTAATGATACTGTTCCCTCCCCACCCCTTGAAAAGGAAAAAAAAAAGGGCTTTGAATATCTTGATCCAGCTGATGGCCTGAGAACATAAGAATTCTGTTTCTTATTCATGCAGCCACAGACTAATGGTGGTTTTGGCTTTGTTCTGGCAGCCAGCTCACCCCAGGGACACCTCCACCCTCTGCCCTTCATGCATGTACCACTGGGGAAGAAATCTTGGCTCAGTATTTACAACAGCAGCAGCCTGGAGTCATGAGGTCAGTGTAACGGTTGCTCCTGCCCTTCTTGCCAACCGCAACCCTCCCTTGACTTCTTACGCACTTAATGGCTGTTCTCTGCCCCCACAGTTCTTCCCATCTGCTGCTGACTCCCTGCAGGGTGGCTCCTCCTTACCCCCACCTCTTCTCAAGCTGCAGTCCACCGGGTATGGTTCTGGATGGTTCCCCCAAGGGAGCAGGTATGTAGGAGGTGAAGAAAACTGAGATTTCAAGTA,"[[155613341, ""A"", [""G""]]]",yes,no,A->G,1
chrX,150232279,150232593,GTTTCTTCAGATGCATCAAGTCAAGGAAGATGCCTGTATCTCGGAGATCACCGGCTTTGGTCCTGGCCTGGCTGGCTTTGGCACTCTCATTGCCATGGGGGTTGTCTTCATTGGTGAAGAGCGTGATCTTCGTATGACTCATCTTGAATTGGACATCACTAAAGAGGTTGGCACAGACCCACAGCACTTCACTGAGTGAGTAGTCAGATCCATGGCCCATCAGGTCTTGGAAACGTTTTTGTCCCTGCTGCCCCTTAAACTGGTCAAGCTCTAGAATTCATTTTGCACCTGGATTATCCAGCTCCTATAAGACAT,N,no,no,N,0
chr3,14150514,14150846,TCTGAGAAGCCATTCACCCAGCACACTGTTCAGTAAACTTCCACTGGGATCTCCTGGAGACCAGGCCATGACCCAGTCATGAAGGAGGGATGGAGCGAGGACAGTCTTTGCTCTTAGGAGCTCAGGCTCCTGCAGGGGAAGAGACAGAGCTACGACTCAGCGTGATGAGTACAGGGTGGAACAGGAGCTCAGAGGCAAGCCATTGCCCAGCCCTGAGGACAGTGGAGGCAAGAAAGGCTGCTCAAAACAGGTCCCGCCTGAGCAGAGGCTTAAAGGGGCAAGGGGTTGCCCAAGAGAACAGGGCTGGACCCCACAGGGCACAGAGGTGGGAGA,N,no,no,N,0
chr4,159698332,159698823,TTTGTTTCAGCTCTAGGTAAGTTTAATTCTTTCTCCTGTGATCTGGATTTTCAGGTTCCCCTGTGAGGATGCGTGTTCGAAGGTGAACTGTCCCCTTCTCACACTTTCGGCAGTCACAGTTTTTTTTTTTCCAGCTGTTTCACAGAGTTTGCAGTGGCAAGCCACTTCTTTCAATGGGTCTGTGAATTCTTTTGGTTTTCCTAGTACATTCCTGTGGTGATTCTTGGAGCATAAATTTATGATGTGAGTCTCTACACACTGTTCTGTCTATCTGAGTGGGAGCTGCAAGTTAGTCTTGCCTCCTATTTGCTATTTTTTTTTCCAATCCTCAATACCATTTCTTGAAGAGATTGTTCTTTTCCCATTGTGTTCTTTGCAGCATTGTTGAAAATCAATTAGCTATAAGTGCATGGGTTTATTTCTGGGCTTTCTAACCTGTTTTATTGGTTGATGTGTCTGTTTTTATACACATAGCATTCTGGTTTGACTATA,N,no,no,N,0
chr6,162773995,162774440,TCTCCATCTTTAAGTGCTCAATTTTATTCATAAAACAATTGAAGTAATTTAATTTCAAACAATTTGGGTTTTGTCATATTTACTCCCACATTACATGCACGTGGTAGATATGGATGGAAAGCTTTTGACGAATGGTATTTTTTTCAATTGACTGACTAAATCTAGAAACAAGATCTCCTACTGCCCCAGTGCCAGATGGGCCCACCCCACTCTCTCCGACTCTGAAGTGATCAAATGCTGTATGCAGGAAGCTGTACAGCTTTGCCAATTAATAGCTGCAGACTCAATTATGAACAAAAGGGCAGCCAGCCTTTAGTAGGGAAAATCAACTTAGTAGGGAAAATCAAAATGTTTAGCCAAAAAGCATTTAATTGTGTTTCTTTAATAATGAAGTCCCCTTTAGATATGTTCATAAATCAGGAATAGTTAACAGGAAAAATGATAGA,"[[162774055, ""C"", [""A""]]]",yes,no,C->A,1
chr15,71736553,71736904,CACTGTCTCTCTTTCTTACTCTGTTTCTCTGTCTCTCTTGCTCTCTTGGTCTCTGTCTCTGTCTCTCTGTCTCTCTCTCACTTGCTCTCTCTCTCCCTTGCTCTCTGCCACTGTCTCTCTCTCCTCTCTCTCTTTCTCTCTCTCTCAAAATGTGCCCTCCTCCTCTCTCTGGGCTGGCCCCTCAGGGACATCCACTTTACCCTTAATGAAAGCCTAGGCTTTGCACTCTTGGAAGGGAAAGCTGTTGACTTCTAGCAGCTTTTGTTTTCTGTCCTGCACAAAAACAAAGCAATAACATCTAAGGACTTGGCTACTCTTTCAAACCGGAGGAGGAAGTGGAGGAATAAAGATA,"[[71736554, ""G"", [""A""]]]",yes,no,G->A,1
chr1,13921173,13921545,ATCAGTTTATCAATGTTTGAAATGATATCTAAATGTAATTTGATATTTTATTGATTCATGGCCAATTTGAGAATAGACATCTTTTCAGTATCAAATCTAGTGCAGAGGTCAGCAAACTTTTTCTCTAAAGATCCTGATAGTAAATATTTCCAGCTTTGCAGGCCAGATGGTATCTGTCACAGTACTCAACTCTGTCATTGCAGTGTGAAAGTAGCCACAGGCAATATGCAAGCAAATGAATGTGGCTGTGTTTCAATACAACTTTATTTACAAAAAGAGGCAGTGGGTCTGATTCAGCCACAGGTTATAGTTTACTGACATCTGTTCTAATCCATGAGCATGCCTTCCAAGTTCTTTCATATCTGTGAAATCA,"[[13921324, ""G"", [""A""]]]",yes,no,G->A,1
chr3,21703346,21703549,CCTCGCCCTGGGTCCCTCCTATAACATGTGGGAATTCTGGGAGATAGAATTCAGCTTGAGATTTGGGTGGGGACACAGCCAAACCATATTAGTGTAGCTCAAAGATAACCATTCTTCTCCTTGCCCAGGATATTGTGCAATCCCTTGGTTGCCTCAAACCCTTCCCAATCATTGTAAATAACCCCTCTATTAAAATGTTTTCCA,"[[21703350, ""C"", [""G""]]]",yes,no,C->G,1
chr11,104009655,104010023,GGTCAATTTGTACAACAGACCCTAAAATATGCAACTTGGATTAAATTGAATTTAATTAGATAATTTTCCATAAATTATCTCCTAACTTAAAAAGTACAGGGTTGGAGTCTCACCATGTGAACTGATAAAGGTGAAAATTAGACTCTAACAATGTTAGTTTAAAAATCAGCACGGAAGCTTTTTCAGCTTTTTCCCCCTAGTGTTTGCTAACGCACTGAAGCTTGCAATCAATGAGCTGAAGTCCTCCTGGGACTATTAATAGGACGGTCTTCACTAAGGAATTTTTGGTTAACACATGTTCCTAGTGAGAATTAGTCTTCCAATAGCTCACATTAGCTTTCCAAAAACAACATCCACCTGTGCTCAGTC,N,no,no,N,0
chr1,200442049,200442443,AAAGGCCATTCTCCTTGATGGGGGAAACATGGAAACAAAATAATAATAGGGTAGCAGCACAATTCTGATTTTTCTCTGTGACGTGAATAGAATCAGTTAAGATTGTCATAAAATGTTAATGCTAGAAAAATGCCTTGAATGTCATCTCCCAATGATTATAAAACAGTGCAGCCCTTTCATTTGACAGATGAAGTAAATCAGGCCCAGGCAGGTTCAGTGGTCTGCTCAGGCACACGGTGAATAGTGGCAATGAAGTCTGTATCTTACCCACATCTTGATGTGCAGTTGAGCACCTATGCTATAACAATATTCTCTTTGTTACATCTAAGAAAAATCATTTAAAACCACAGCTCATTTTGAAAACTTCATTATTATTCAGTAACTTTATACATCTT,"[[200442099, ""T"", [""G""]]]",yes,no,T->G,1
chr7,93203550,93203834,AGCACATAGCATGCCATTCTCCCCATTATTTAAACATGATGGACTCATGTGCCAAAGCCATAGTGCAAATGCTATTTGCCTCCTCCTTAGGCAAACAAATAAAATGGAATAACATGTTAAGTGCAAATATGGTCAAGAGGTGTGGTATCCATGGTATCGCAACCCTGCTGTTTGAGACTGCACTCAGTGGCAGGACAGCCATATGCTACCAGTCTGTGTATCCATTTCTACATCAAAATGAAGTCTTGAGATCTCTCTCATCCAATCTGTTCACTGATTATGGCA,N,no,no,N,0
chrX,53515820,53516098,AAAAGTCTTTTAGCACATGTACCACCCCTAGAATTTCCAGTAAACCAGCACCAGCCTGAAGATCACGTTCTCATCAAAGGGTGAAAAGAAAGGAAACTCGAGCCAGCCTAGGAAGGCCCCTACCTTGTGCTAACCACCGAGACTGCTGTTCGTACAGCTTAAAAAGGATGGACTCATCACACCTGTGTGAAGAAAGTGCCACCCCCTCCAGAGTCATGGGCCATAGTCCCAGGGGAAAAACCCTACCAAACTAAAGCTAAGAAAAATTTAACTCTTTCA,N,no,no,N,0
chr13,97892687,97893111,TTCTTAATTAAATCCTTTTCCAATCCACAACTTGAAATTACCTTCCAGAAGGAAAGAAACTAAGTTTTTTATTTATTCACATGCATAGATCCACCACTGATCAACAACTTGGAGCATACAATGATAATGACATTTAAACACTCAGGATGTGTAAAGCATCATGACAGATACAGGTCATGAGTCATCTCATTGAACCTCACAGGACTCATATGAGGCAGGTCCTAGTAACAGAACTCTTTGGTTGCAAGAAAGAAACACCAACAAGCATAAGCAGGAATGACGCTGCAAGACTGCTTCCCAGAACCCGGGAGAAGGAAACCAGCAGAGCCTCTGGAAACAGTGACAACCAGGAACTCGGAGAAACTCCCCAGCTCTAGTCTCCACTTCTCCAGAGAGGATAGGGGATGTGGGGAGGAAGTAAAGGC,"[[97892694, ""C"", [""T""]]]",yes,no,C->T,1
chr17,71055156,71055509,ACAGTGAAGAAGAGTGAATTTATCTACATATTGAAAGAGATTCAGTGAGTAATTTGTCCAGTCTCTTTCTTATCTAATTTAATCCAAACACCACCCATTGATGGGGAGTTTCAATTTTCAGTACTTTAGCCTAATGCTCAGGAAGGAATGCCAGTGAACATGGACTTGTGGCTTTAAGTGACTAATCATAGCAACTGCTATACAAACATGTAAGGAAAAGCCAACAGACTATGATGAATGAGAAACTTCCTTATATTTCATTCCTTTGGTGCTTTTTTTCCTTCTTCCTTTCTCTTCTCTAAACATTTTTTCTTTTTTTTTTTTTTGACAGAGTCTAATTCTGTCGCACAGGCT,"[[71055279, ""T"", [""C""]], [71055501, ""A"", [""G""]]]",yes,yes,T->C,2
chr1,212769840,212770110,CCTTACATATCAATAATAATAACCTTGAATGTAAATAGATTATCCACTTAAAAGACAAATAATAGCTTAATGGATAAAAAAGTATGGCCCAACTATATGCTGCCTACAAGAACCTCACTTCACTTGTAAAAACACATACAGAATAAAAGTGTAAAAATGGAAAAAGATACTCCACACAAATGGAAACCAAAAGTGAGGGGGAGTAGCTATACTTAGATCAAAGAGATTTTAAGTCAAGAACAGTAAAAAAGGACAAAGGAGGCCATTACAT,"[[212769982, ""C"", [""A""]], [212769991, ""A"", [""T""]]]",yes,yes,C->A,2
chr5,135337091,135337465,CAACTCCAAGGTCCCTACAGTGAGGTGCCCTCTTGCCTGTCTCAGCCTCACACGTGCACAGGGAGCTGGGCTGGGCTGAGGGCCTGTGGAGCTACTGCAAACAGCAGTTGTCAGGTGGCCCGATGTTCTGCCTAGCTGAGCTAGCCCTGGGGCAGGGCTTCTGTAGCTGCAGCCGGGCTGCATGCCCAGGCAGCTGTCTCCAACAACGGTTAGCTACATCCCACACAAGCTGGGTGAGATGTGGTATGATGCAGACACAGTGTAGCCTGGCCCATGCCCATGCCATGCCATGCTGACTGGGAGGTCCCAAGGGGTCTCCCTGGAACACACCAAAAGTGTGCCAGTCACTCCTGCCTGTGACCAGTGCTTTCTGAC,"[[135337093, ""G"", [""A""]]]",yes,no,G->A,1
chr11,110032150,110032377,TTTCCATTCATTCTCTTGTCTTTGATTCGTGCTCTATTTTGTGCCTTTCTGTTCCTTTTACAATATTCTTATCTTTTCTTTGTTTCTGATAGTTTCAGCTCCATTCCATTCATCAGCATTTTCGTATTCTTCTTCACTGACATCTGCTGCTATGGGTTTCTGTTTTTGTTCTCTGGATTCAATGCACGGCTTCCCTTCCATTTTCCTCCCTCTCTGTCCTCCATGCCT,"[[110032166, ""C"", [""T""]]]",yes,no,C->T,1
chr14,23197736,23198053,ATGTTGTTTTATCTACCTATTTCCCCCTTCTATGTCTTGTCTTCTTTTTTTTTTTTTTGAGCAGCATGGCTGTTTATTTCACCTGGGTGCAGGCGGGCTGAGTCCAAAAAGAGAGTCAGCGAAGGGAGATAGGGGTGGGGCCATTTCATAGGATTTGGGAAGGTAATGGAAAATTACAGTCAAAGGGGGTTGTTCTCTGGTGGGTAGGCGGGGATCTCACAAAGTACATTCTTAAGGGCGGGGGAGATTACAAAGTACATTGATCAGTTAGGGTGGGGCAGGAACAAATCACAATGGTGGAATGTCATCAGTTAAGGC,"[[23197799, ""A"", [""G""]], [23197940, ""C"", [""T""]]]",yes,yes,C->T,2
chr4,181612372,181612624,TGTTTCAGCCCAGGGGGGAAATCAAATGAGATACAGAACATGGTAAGTTCACACTACTCTGAGGTCATTAACACCTAATTAGAAACAGCTTAGAGATCCAAATGATTCTTTGGTTAAGATGTGTGTGTGTGTGTGTGTGTGTGTGTGTGTGTCAGAGAGAGAGAGAGCTGACAATATTTAACTTCTTCATTGCCAGTATGGTCTTTATCACCAACGGCTGGGGCAATACCTCATTGTGTTTTATCAAACCTTA,"[[181612402, ""G"", [""A""]]]",yes,no,G->A,1
chr6,91966021,91966227,TAGAAGTCAAGAATTGAAGTTTGGGGACCTCCTCCTAGATTTCAGATGGTGTACGGAAAACTCCTAGATGTCCAGGCAGAAGTCTGCTGCAGGGGTGGAGCCCTCATGGAGAAACTCTGCTAGGACAGTGAAGAAGGGAAACATGGGGTTGGAGACCCCACACAGAGTTCCCACTGTGGCACTGCCTAGGGGAGCTGTGAGAAGAGG,N,no,no,N,0
chr2,161381616,161381974,GTTGATATGAAAACACAAATTTTAAAATAAGTAGCATATTGGATGAACTGTATTCTACTCATGAAAGAAGCCAAAAAATTATGGTTTAAACTGAGTTTTAAGTAATAAACCAGATTCGTCATTAAAATGAAATGATAGATCCTTGACCCTTGGGCATGCTTGGAATAAATACGGAACTCAGTATTGTTTTTAAAACTATTTTGCTTTTATAATCTAAGACAGATGTACAAAAAACATGCAGTTTTTATTTTGTATTGGCAGCTTCCAAATATTTAGTATCTATTTCCAAGAGTTGCAATTAGTAAAGCAACCATGGTACTGAAATCTGCACATCCCACAAGCTAATTATATTTGCAAGG,"[[161381646, ""A"", [""G""]]]",yes,no,A->G,1
chr1,244603460,244603773,ACATTAAAGAACATTCATGAAGATAAGCCATGCTTATATAGACAAGTATTTTTTCAAATATATTCAATGATATAAATTAAACATCATTGTAAAAGATCTTTACAAACCCAGAAATTATGGGTCATGTAATTTACACTTATTGCCACTAGATGGCACTGTAGCATATTGCTCTTGCAAAAGATGCCAGCTCAGTTCAATTAAGATTTTTTTTTTTTTTTAATAAAACATATGGCTTGCAACTAGTTCTTAATAATGTAAGAATCTGGCCAGGCATGGTGGCTCACACCTGTAATCCCAGTGCTTTGGGAATCAGA,"[[244603481, ""A"", [""G""]]]",yes,no,A->G,1
chr5,9537250,9537561,ACCTTGCTTTCTTAATCCTTCTGTTTCAAAACTAAATACCTGCCCTGGTAACACAGACATTTTTCCAATCTTGTAACCAGCCAGTCTGTTTAACTGAATGGCTGATTAGTTATCCTTGAAATCTAGAGAACATTAGCTTGTTGAAAATGAAAGAAAACCAAACCACAAAAAGTACCTACCTAAACAGTATTTTATTGACTAACTGAAACCATCAAAAGTGGTATGAAAGATAAAAATGTCACCCACCCCACTGCCATCTAATCAGCAGAAGGAAATATTAGTGTATCCTCATAAATAACTCCTTACCACTCA,"[[9537353, ""A"", [""G""]]]",yes,no,A->G,1
chr5,40709630,40709975,TGCCATCCCCATCAAGCTACCAATGACTTTCTTCACAGAATTGGAAAAAACTACTTTAAAGTTCATATGGAACCAAAAAAGAGCCCACATTGCCAAGTCAATCCTAAGCCAAAAGAACAAAGCTGGAGGCATCATGCTACCTGACTTCAAACTATACTACAAGGCTACAGTAACCAAAACAGCATGGTACTGGTACCAAAACAGAGATACAGACCAATGGTGCTGGGAAAACTGGCTAGCCATATGTAGAAACCTGAAACTGGATCCCTTCCTTACACCTTATACAAAAATTAATTCAAGATGGATTAAAGACTTAAATGTTAGACCTAAAACCATAAAAACCCTA,"[[40709882, ""G"", [""C""]]]",yes,no,G->C,1
chr4,29304654,29304955,TATCTATTCAGTTATGAGCTGCATAATGTCATTTTATCAAACAAAGCACTGCATATATGACAATGTTCCCATTAGTTTATAATGGGGCTGAAAAATTCCTGTTGCCTAGTGTCACAGCCATCCCAACGTGGTATTGCAACACTTTACTCGCGTGTTTGTGGTGACGATGGTGTAAACAAACCCTTTGTACTGCCAGTCTTAAAGTACAGCAAGTATAATTATGTTCAGCACCAATACTTGATAAGGACAATAAATGACTATGTTACTTGTTTGTGTGTCTACCATACTACACTTTTTGTTAT,"[[29304739, ""A"", [""G""]], [29304818, ""T"", [""C""]]]",yes,yes,T->C,2
chr3,171531694,171532120,TCAGACATAATCTCCTTACCTCTATTGTGGAGTAGTACTCCAAAATCCTTCTTGGTAGTCAGGATTAATCACCCCAGCCAACACTGTAACTCCTTAACCTATTGATTCAGAGGCACAAGGAGCCCAACATGTGGGGCTGGCAGCCTTAACTTTCAGTTCAATGAAATCATTGCTGTCTTTTCTGTTGGGAACATTCTTCCCTCTGGAACTAGGTCATCAGAACATAAAGTCACCTCTAGGTCATCAGAACATAAAGTAGTGAGAACAGGAAGCAGAAATTCTGGCCGTGTGTCATAAGGGGTAACAGTGAGTGGTATTATTCCCATTTCCAGCCCTTGATTCCTGGACCTATGAATTCTGGCTAGAGGAGAAACAATACCATATATTGGATGCTGATTCAGAGCAACATAGTCTTCTGGAGAACCTT,"[[171531721, ""C"", [""T""]], [171532079, ""G"", [""T""]]]",yes,yes,G->T,2
chr12,26786142,26786355,TGTGACCTTATCCCCAACCCTGTGCTCTCTGAAACATGTGCTGTGTCCACTCAGGGTTAAATGGATTAAGTGCGGTGCAAGATGTGCTTTGTTAAACAGATGCTTGAAGGCAGCGTGCTCCTTAAGAGTCATCACCACTCCCTAATCTTAAGTACCCAGGGACACAAACACTGCGGAAGGCCGCAGGGTCCTCTGCCTAGGAAAACCAGAGACC,N,no,no,N,0
chr7,80600034,80600444,AACCAACTGGGGAAAAAAAAAAAGTCCTAAGTTTCAATGGACATTCTGTGATGAAATGTTCAGGTTTGAAGACAGTTGGTGAAGAAAACTTCTAGGGATTCCCTAAATGGAGGGAGTCAATGGTCTTGTCTCAGTGATTTACCACAGAGCCATCGTGCTTTTTAGCACAATCTACCACAACTTTTCCCTCTCCCTCACCACCTATCCCTATAAGCTCATGCCCAGCAGGGAGTAAACAATTTAATGATAATGCATATATGATTCGTGGAAAGGAAATACAGGATTTCCTGTTCTTATGGGACATAATCCATATTTGAAGATAACAGTGCTTACAATGTCAGAGGCAGTCTATGATATTTACTGTGTTCCTAGAAAATATGCATAGCTGTGTTCACTGAATTTTTAACATGC,"[[80600040, ""T"", [""C""]]]",yes,no,T->C,1
chr7,29873671,29873985,GGATTGAGGCACCTTGCTCTCCACTTTCTTGTTGACCATCATTCATAAGTCCCTCTCAGGGGTTCAAAAGCTTGTTTCCAGGCAGCAAGAATCAGACTTTGAAGCCTATGCCCTTCAAAACCTGCATAAGGTTCATAACCCACACAGTGGAGTCTGCCAGTGAAAATGTGGACTCAACACATTTTAGCCAAAACCGCAACTGCCTCTGCTTCTAGTCTGTGACACCAGAGAGCCCATGAGTTTCTAGTCAGCCAACCTGGTTTGTCCTTTTTTAAACAGAAAATGGCAATAGCAAGGATTGATAAATACTATTTA,"[[29873681, ""T"", [""A""]]]",yes,no,T->A,1
chr22,20292803,20293192,GCTCCAATGTCATGCTCACGGCTGAGGAGAAACAATTATCTCGCTGGGAATGAGTGCAAGTGAGAGAACGGGAGGAGTCCTGAGCACGGTTGACTGCATGTGCCCAGGGGCCCGGACAGGCAGCACAGCGGCCTCTCTACCCTCGAAGGTCTGTTTCTTGTCTGCTTCCTCCTTGAGAGTGGCAGGCCCTGGTAACTGGCCCAACCTCGGGGGCGCCCAGCAGCTGGGTCCCCACCACATGCCCAAGTCTGGCCCTCTCAGATCTGCCTGTCTCCTGAGCTGGAGAACGGAGCCCACCCCTCCATCCCCGACACTCATCTCCCATCCAGTTGATCTCCCTGAGGACCCCCCCACCGACAACTCCCACCTGGATCCCCTGGCCCTGGTGGG,"[[20292874, ""A"", [""G""]]]",yes,no,A->G,1
chr3,144394035,144394461,AAGTACCCTGTAAAATCTTCAAGTTCACAGATGACACTGAGCTTCTCTGGGTAATTAAATGTCAAGCTGATAAGAATAAACTGCAGAAAAATCTTTCCTGCTTGTTTGTGAGGTCAGGACACAGAAGATGAACAGCACTATGGGTGTGTGAATGTGGTAGAATAAGAAAAAAAACCATATTTATGTGATGATGACTCTTGAGCATCAGTGATGACACATAATAAGGATTTGTGAGTCATTATTATCTTCTCTTTCTGGAGAGCTCCACCTGAAGTCTATGGTGGCAAACATAGTTGCTATTATTCTGTGAATCATCAGAGATGCTGCTGCAAATGAAGCAGAAACATCAGTAGTAATTCAAATACCCATAGGTGCTATTTTCTTTAATTCTCAAAACAATACTGTAGGATAATTTCTAGTGCATTGT,"[[144394073, ""A"", [""G""]], [144394140, ""G"", [""T""]], [144394416, ""G"", [""C""]]]",yes,yes,G->T,3
chr3,9700999,9701477,AGTAGAGACAGGGTTTTGCCATGTTGGCCAAGCTAGTCTCGAACTCCTGACCTGCCTCGGCCTCCCAAAGTGCTGGTATTACAGCCAAGGCTGAGGACTTTCAACAGCTGCAGCGTGCTGCCAGATTTCAGGGGCCTCCTTACTGTTAGGTATAAGACTTCATGCCTCAGCTTGCTCTTCCTGAGGAGTGGAAGCAGAGAGCTGCTGGGGCAAATTCCCTCCTGCTTAGCTACCCTCCTTCCCAGTGATCGCAAAGATAGTTATTTTCACAACAGGTCAGGTCAGGCCAGGCACAGTTGCTCACGCCTGTAATCCCAGTACTGTGGGAGGCCAAGGCAGGCGGATCAGTTGAGTCCAGGAGTTTGAGACCAGCCTGGGCAACATGGTAAAACCCCATCATGGTGGCATGTGCCTGTAGTCCCAGCTACTTGAGGGGCTGAGGTGGGAGGATGGCTTGAGGCTACAGTGAGCGCTGATTG,"[[9701075, ""G"", [""T""]], [9701327, ""C"", [""G""]], [9701393, ""T"", [""C""]]]",yes,yes,T->C,3
chr2,198196608,198196935,CCCATGCCCACGGAGCCTTGCTCATTGCTAGCATAGCAGTCTGAGATCAAACTGCAAGGTGGCAGCGAGGCTGGGGGAGGGGCGCCTGCCATTGCTGAGGCTTGAGTAGGTAAACAAAGCGGCCAGAAAGCTGGAACTGGGTGGAGCCCACAGCAGCTCAAGGAGACCTGCCTGCCTCTATAGACTCCACCTCTGGGGGCAGGGCATAGCTGAACAAAAGGAAGCAGAAACCTCTGCAGACTTAAATGTCCCTGTCTGACAGCTTTGAAGAGAGTGGTGGTTCTCCCAGCATGGAGTTTGAGATCTGAGAACGGACAGACTGCCTCCT,"[[198196626, ""C"", [""T""]]]",yes,no,C->T,1
chr3,124172848,124173234,AAGTTGTGCTTTATGTAGATTTTTATAAATTGGGTCCTATTTCCTCATTGACCAATCTGACTATTAATCTCAGTGAAAGAGTTCATTGGAAAACAGATATGATAGGAATGAACAGAGCTGCTGCAATCAGCCTGCATCATCATTCTAGCCAGGAAATTAGGCTTCAGGAGATTAGATAATAACTGGCCTAAGGTCACACAACTAGTTAGTGAAAGAGCCAAGGAACCAGAATGTCTGGTTCAGATTGGTGATTGGGGGGTGGGGATGGTGGGAAGAAAAATTCACAGCAAGTAGACTAGAAGGAAGTAAATTAAAAATATGGTTAATATATGGAGAATGGGGTGGAATTGAGACATTAGGTCATTTTCTTTTCTATGCTGATTTTTC,"[[124172948, ""A"", [""G""]], [124173022, ""A"", [""G""]]]",yes,yes,A->G,2
chr18,24534318,24534652,AATCTGTTGCAGAGCCCCTATCCACTGGGCTGTCTAGAAATTCAATATTGGCCATTGCTGAGGCTGCCTGTGGGATCCTACCCCTGAATAGTGCAAAGGATTTGGGCATTAGAGCCTGAGCATCAGGGATGACCATCTGGTCATTGGCCACCAGCCTATTCCTGTGACCACAGAAATTCTTAGTGTCCCCGCCTTCAGATCGGGAGGCTCTGCTACTTGTGTGCCATGTCTTTGGGCCCAGGAATCCCGAAGGAGGCCGAGGCATCATTGTACTTAGGTCTGTCCTCTCTAGGTGTCTCCCAGAGCAACACCTTCAAGGTCTTATCACCTCCCTG,"[[24534343, ""C"", [""T""]]]",yes,no,C->T,1
chr9,94267396,94267783,TGGTAAAACAACCAGTTTTTCCAATTGTGTCCTGATACAAAAGAAAACAGATTCTTATTGCACTTATGCAAATAACTGTATTGCCATAAATTAAGAATACTCACAGATAGTTTCCAAATTCTAGAGGAACCAGGTAGAGAGGAACAAATATGCTCCAAATTTTGTTCATGGGCATACACTTAATTGTTAAAAGCTGTTAATAGCTCAGAAGAAAAGTTTCCTTGACACTGAAAAGCAAAACAAAGGATTAGCAATATTTTAAGCAAAAATGTCAAAAAGGTCATTCCAGTCTATTAGTTCAGTTCATGCAGTTAATTCCTGTTGTGCTTGATATTAATGAACATTTTAGCTCTTCACGAGTCCTGAACGTTTTTCCTCTATTCTGATG,"[[94267430, ""T"", [""A""]]]",yes,no,T->A,1
chr3,54014167,54014468,CCGGAAGGGATTCCCAGAGTGATGTTCCACATTTCCCTCCAAGCCTGGCTGGGGAGGGAGACTCTGAAATTAAGGAGGGGTGATGTGGTGGTTTCAGATTCGTGTCCCCAGAGTTTTAATGCCCTGTTTTGTGATGATTTTTTCTTCTCTGTAGCACTCCCTTGGGACTAGGCTTTTGGCTAAAAAAGGAAATGAAAGAGAGATGTCCTTCTGGAGGAAGTAGTGAAGAATGTCACAGGCCACTTCTGGGAGGCAAGGGATCAGAAAAGAGGTGCTCCACTGGGAGGTTATGAGGACTGGGG,N,no,no,N,0
chr10,69718863,69719355,ACTGTGTGTGTCAGCAGTTCATGGCTCTTTATCACTGAGTGGTGTTCCATTGTGTGGAAGGACCACAATTTGTATTTCCATTCGTCTGCTGATGGACGTTTGAGTTGTTCCCAGTTTTTGGCTATTACAAAGAAAGCTGCTATGAGCATTCATGCACACATGGGCAAATGCTTTCATTTTTCTTGGGTGGAAAGAAGTTGTTAAACTGTTTTCTGTAATGGAATGTCATCTTACATTCTCTGCAGCAGCGTGTGTGAGTTCCAGTTGCTCCATGTGCTGGCCAACACTCACTAAAGTTAGTCTTTTTAAGCTATTTTTAGCCACTCTAGTGGGTGTTCAATTTGCATTTTCCTAATGACTAATGGTATTGAGCATCTTTTCACATGCTTATTTGTTATCCACATATCTTCTTTGGTGAAATGTCAGTTCAAATATTTTGCCCACTTAAAAAATTGGGTTCGGCCAGGCGCAGTGGCTTACAACTGTAATCCCA,"[[69718946, ""A"", [""G""]], [69719340, ""C"", [""T""]]]",yes,yes,C->T,2
chr5,58818480,58818859,GAGAGAAAGCTTGAGGTATTTGTTTTGTTTTGTTTTGTTTTAGCTAAACGGCAAGTAAATAACAGGCTTTTTAGTAACTATGATCTGGCACTGGTAAGGTCTGAGTTAACTGCCATTTGCAGAGTAACCATGGTGACCAGCATATGGCTTCTGATTCCATTAATCTTGTTGAGATTAACAGTAAATCCCAAAGGATCTTTTGCAGTGATTCAGAAATAAATCATCTTTTCACATGTATACTGTTTGGTGACAGCCACTCGCTTTCAGTGTGTGTCTCTACCCAACAAAGAAATAAGACAGTCTCTCTCATGAGATGATTGGAAATGTGTCCCTCAAATAAGAAATTTCACAAAATACATCCAATGGTGAAAAGGTAAATA,"[[58818528, ""T"", [""C""]]]",yes,no,T->C,1
chr18,41772087,41772349,TCTAACTATCTGGGTTGTCTGCTAGGGCAGGTCCTGATTCATTAGCGGATGCACATGTACCCAGTAGCCTCTCACCCTGAAGTAATGAGCCATGTATCATCTAGATGTGAATGTAAACACATCTGTGACTGTCCAACCTGGGAACTACCCAGTGCAGTTCTAACTCCATTTCTTAACTATGCTTTCCTTCTCCTAGTAGACAGAGGATGCAGCAGCAGTAGCAGCTGGGCACTAGATTTAAAATCTAGGATTCCTCAAACTTT,N,no,no,N,0
chr6,64833893,64834193,CAATGTATGTTTCTCTTACTTCTGACAACTCTACCAAGTAACTGGAGATCAATGAAAAATTCTAATTTTAATTCTTCATTTGAATGGGCCCCAAACCAGGGCCTTGATGAAATTTAAGGATTTTGTTTATCCCCTCCAGGTTAGGCACAGACACATTCTGACATAAAGATTGATTTAGGTCCAATGAGTCAATCGAATGCATTCAAGAGAAACCCTTTGGGAAAACAAAGCAGACCCAGCAGTCACTAAGACCAAGCTGTGAGCCAGAACACTCAGAGTGGAAAATAAATGTTCTTTATCG,"[[64833911, ""T"", [""C""]], [64834025, ""T"", [""C""]], [64834062, ""C"", [""T""]], [64834144, ""T"", [""C""]]]",yes,yes,T->C,4
chr17,74685783,74686233,GCCTGGCCCAGGATAAACACCAAAGCAAAATCAATGCCAGTGGGAGATATTCATTCACAAAGTGGATTCAAGACCCTGCGTGCAGAGCTGCTCAGATGAAGCAGGCCCAAATGCAGTTAGTCACCGTTAATTGGGTCTCAGGAGTGGAGGAGCAAACAACAGCATCCCCTGGGGATTTGCCTCCATCAACCCAAGTGCAGGGTAAGAAGCCCAGGAAAGCAAGCCAAGCTTTGCAAGCACCAGCACTGCCCCTGGGCAGACTCTCCTTCACTCTATCTCCACGTTCTCTCCCATTTGCCCTCATATCTTGTTATATTTTTTTTTTCTTGAGATAGAGTCTCACTCTGTCACCCAGGCTGGAGTGCAGTAGTGCCATTTCGGCTTACCGTAACCTCTGCTTCCAGGTTCAAGCAATTCTCCTACCTCAGCATCCCAGGTAGCTGGGGTTACA,N,no,no,N,0
chr7,100649821,100650305,CGGGGAACCGAAAGGGGCCGCTGATCTGGCCACCCCAGAGTCGGAGGTGCTCAGTCCACTGGGCCTTCTGCACTAGTGGAGCAGAGGGAGGTGTCTGCCCATTGGGACACTGATCTTCAGAGAACCAGGCCTGACCCTCCAGCTCATCACAGCTGAGCTCAGCACAGACCCCACCCCAGCCCTCCACCCAGTCAGAGCAGCTCAGTCCAGAGGATACGCGGTGAGCACAGCCGTCTTGCATAAGAAGAAGGCAGGAATGTTGTACTGCTCGAACATCAGCTCTGTCAGCTTCTCCCGCTTGGCCCGTGTGTTCCACTGTGGAGAAAGTGCAGAGGGGGAGGATTCAGGAAGGGAGAGGCACAGACCCACATCCACGCACACGCAACCCACTCACTCACACATACACTCACGGTCACACACACACATCCAAACACTTGCACACACATACACAACCTAAACACTCACACATACACTCACGGTCATAC,"[[100649900, ""G"", [""A""]], [100649988, ""G"", [""A""]]]",yes,yes,G->A,2
chr16,2358131,2358360,CAGATTCTCATCTCTCCTCAGAAATTGCTATTGATACTTGTTGAAAACTGCAGTTGTCCATTTGTTTAGTGACTTTGCTAAAGACACTATATTTCTTGTTATGTGTGAGTACTGAAAGTCTCTGTTTCATTATCTCTGCGTTCAGCCAGTGACTTGACAGATTTTTTTTTTTTTTTTTGAGACGGAGTTTCGCCCTTGTTGCCCAGGCTGGAGTGCAATAGCGTGTCTCA,"[[2358160, ""G"", [""A""]]]",yes,no,G->A,1
chr22,41171971,41172362,TACAGACTTGTCTTCCTCAATTTAGTAGTTCAACTAAATGAAGAAGTTTTCCTAAGCAGCCCAGCAAATCATTCTGCAGCAGATACTATTTCCAGTATTTGTAGTTTTGGTCATTTTGAACAAAGCTGTCAGTAAAAGCTGCTGAAATTCCAAGGATGGGTGTGAGGAGGGCATGCTTCATACCACATATTCTGTGATAAGGAGTGGTAGGGGCCATGGCATGCATGATGGTGCTACCACCCTGACGTTGATCCTGGCAGGATAATTGCCACTTGGTTATATAAAGGCAGATAAGCTCCCTGTTTTTGTGGGTAGAAGAAATAGAAAACCGGAAATATTGACTTTAGGCCAGGCCTTTTCACTATTTATTTTTCTAAATACTCCCTGGCTTA,"[[41172010, ""A"", [""G""]]]",yes,no,A->G,1
chr2,71788239,71788545,TTGCTGGGATTCTTAGAAAGCATGCACAGACTTTGTGGCGGCGCAGCAGCGGGCCTGGGCAGAAGGGCCCCCCATCTGGAAGCCTTTAAAGTCTCCCTCCCCCTCTTCTCCAAATAGCTTGTTCCCAGAAAACAGGAGGAGAAGTTACCCAACAACATGCTGGAGCTTCCTGTGGGGCTGGCGGCCCCCTCCCTGGCCTCTGTTGTAGCACACCAGGCCCGCACCAGCAACTCAAGCACTAGCTCAGGAAGGCTCTGCCAGTTATATATTGCAGAGCTGACGTCCCTCCCCTCCTCCAGGATCTGGG,N,no,no,N,0
chr3,179240390,179240604,TACATATATGTATGAATGTATGTATGTATATGCAATAGGTAAGTAGACTTTTTTCCAAGTCGTTTGAAGATCAGAACCTAGAAATGAAGTTAGGCTAGAAGCAAACTGGTTTTGCTTTCAGTTCTCATAAACATTGCAAAAGGTAAGTGTGGGCTTTTCTTTGACCATTAATGCACATAGGCATTAACAACTTAGTATTTCTGAGCAATTAAGCA,N,no,no,N,0
chr2,45213359,45213607,GAGAGGAGGGAGCGAGCCAGGGCCAGCGAAGGGGGCTTGTCTTAAGGAACCTGCTCCCGCTGTGAGTGTCCTCAGCCAGCCCAGGAGGCTGGCAGGCCTGATCAGAAGCAGCCAGCCAGAGCCTTCCGCTGATTCCAATGACGGCTGCTAAGCAGGGGCAGGCAAGTCAGAGTTTCAGCATTTGTCCAACAGCTTTTTTTGAAAGGATTTTTTTTTGTTTTTGAAAACCTGAGTGAAAATGAACAAATA,"[[45213372, ""A"", [""G""]]]",yes,no,A->G,1
chr1,32899612,32899956,CAGAAGGATCTTCTGAGCCCAGGAAGTGGAGGCCACAGTGAGCTATAATCGTGCCATTGCACTCCAGCCTGGGCTACAGAGCCAGAGACCCCGTCTAAAAAAAATGAAATCTCTACACTGGACGCTCTGGGACATCTGTCTGAAGCTGTGCCAAGAGACAGTCCCCAGGGAGCAGGAAGGGATGGGGCTATTCAGTCACAGACTTGCTGTGTGACCATGCACCAGCCCCTCCCCTCTGGGCCCCAAGTTCCACATCTATAAAATGGGGAGGCATTGGTCCAGCCAGTGTCTGAGACCCCTGGAGACTGCAGGACCCTCTGGAGCTGAACCAGGTCTAGCAGAAGC,N,no,no,N,0
chr5,132680965,132681368,GGCGGCAAGGCAGGGCTGGAAGTTCAGCAGAAGATCAAGAGTTCAATTTTGTACATCGTACATGTAAGGTGGCTCTTGGATAGCCAAGTGAAGGTGTTGAGAAGATGGTTAGAAAAGTCTGGAACTTAGGGGAGAGGTCAGAACTTGCAATACAAAAAGGAGAGTCCTTAGATAGATACTGCTGAAAATCTGAATGACAGAAAGGGAGAGATCAAAGGACTGAGCCTGAGATCAACACATGGAGGTCAGGAGAGGAGGATCCAGCCAAGGGGCCTGAGGAGGAGTGACCAGTGAGGCAGGAGAACACTGGAGAGTGGGCGGTACCCCAGGAAGCCGTTGAGGACACTCAAGGAGGGAGGGTTGACTGTGTCAAATGTACTGAAAGGACAGGTCAGGTGAGGACC,"[[132680985, ""G"", [""A""]]]",yes,no,G->A,1
chr9,63388356,63388696,CCACCCCAGACCCCAGTTCCCGGCCAGCTTGGGCCAAAAGGAGAGGCTGGACTTTGGAGGGTGGGTGTGAGTGCCTTTGCTGAAACTGGCCCCTGCCACCCAGTGGCCGGCACGACAACTTGAGGCTCTAACGCTTCCACTCCTCACAACTTCCTCTAGGCTTTTCTGGCTTTGCCCGCCCAGCTGCTCCATGCCAGGAGGAGGAGGAGACACCTAGAGCCTGCAACACCACGGCTCACCTCGCTGCGGGTGGGTGGCAGTGACGGAGACTGCAGTGCGCCAGAGCGGTAGGAGAGTGGCCACGCTAGGAGGGCGGGCGGCTGCAGGCAGGGTTGGGAGTC,N,no,no,N,0
chr4,70077397,70077716,CGGAGTCCCGCTGATTGCTAGCACAGCAGTCTGAGATCGAACTGCAAGGCAGCAGTGAGGCTGGGGAAGGGGCGTCTGCCATTGCCCAGGCTTGCTTAGGTAAACAAAGCAGCTGGGAAGCTCCAACTGTGTGGAGCCCACCACAGCTCAAGGAGGCCTGCCTGCCTCTGTAGGCTCCACCTCTGGGGGCAGGGCACAGACAAACAAAAAGACAGCAGTAACCTCTGCAGACTTAAATGTCTCTGTCTGACAGCTTTGAAGAGAGCAGTGGTTCTACCAGCATGCAACTGGAGATCTGAGAATGGGTGGACTGCCTCCTC,"[[70077398, ""A"", [""G""]]]",yes,no,A->G,1
chr12,55441372,55441634,CCTTATCCTAATAGGCCTGGGAGCACTACTGGAGACCGGGGCTTATTTCATCCCTTATCTGCAACTGTGAAAGACAGATGTTCCCAGAGCGGCCATTTTAGAGACCTACCCCTGGGAATGCATTCTCTTTCTCAGGGCTGTTTCTTGCTGAGAAAGGGGAGTTCAGTGATATTTCTCCTATTTGCTTTTGAAAGAAGAGAAATATGGCTCTGTTCCACCCGGCTCTCAAGCAGCCAGACCTAACGGTTATCTCCCTTGTTCCC,"[[55441376, ""G"", [""A""]]]",yes,no,G->A,1
chr4,180483133,180483379,GATAGTTTATGGTTACAGAAACAGACAGGCTCATGTGAGTTGGCAAGCCCAGCATATGGATTTATCCAAGAATGGGCAGTAGGAATTCAGCACAAGGAGAAATATGCAACAGCTAGCAGATGGCTTGCATTAACAGCAGTGAGGAGAGACGAGGAGACTGTGTACCAACACCCCTTTCCCACTGTTACCATCCAAAAAGTCAAGTACCCTACTTTTCAAAATTCACACTTGCAATTCACAACTCTGA,"[[180483173, ""G"", [""T""]]]",yes,no,G->T,1
chr13,83220227,83220602,CTTAAGAGTCCAGAATCTCATGATTAGATATAGATGTATCTCTATGGAACTAACTCTATAATGAGAGAAAGAATATATCAAGCAGGAATCATGAAAGTATGAATTACCTACCACTCCCTTCCTTTCAGGCCTCAGTTTCAAATACCTTTGTGAAGTTTCTCTTTCTGTATATGCGAAGGTGGCAATGATAACAGGCTGAACATACAGTTGCACCACTCTGTGATCTAGCTGGGCTGAGTCACATTCAGTGGCTTATTTTGAGACAGGTTTCTAAATAGAAGCTTACAGAAATAAGATCCACTGTCCTAGCCCCCAGCTCTTTTCATCCCATTGGCTCTAAGTTTTCAGTTGATGTCAGAGATGGTATCAGAGACAA,N,no,no,N,0
chr8,9924969,9925347,CTGTGATGGGAGTAAAGCTAGAGGTAGAGATTTAGGCACGTTGTCCCAATTCTGCCTTTTAAGCAGCTGAATTCCAGGCTTAGGGATTGCTACAACCTTGAAGCTAAATCAGAGGCAGAGCATGGAGCAGCCTGGAAAGGTCCTTGATGCCTCTGCGTGTTCCAGGCATCAGGCTGTGCTGCTTCAGTACCGAAGACAGCGCCCAGAGGGTCCCCTTGGAGACAAAGCTGGGACCTCTGCCTGCCGCTGTTTAGACTGGGAAGTTCTGAATGTTTGATTCAATGTCCTCGGCAAGCTGTGCTGATGATTGAAACTCGGGGCCTTAAGGAAGGCTCAGCACCCAGAGGTGTAATTCAGATTCCTGTGGGTTTTCCTCCAG,"[[9924970, ""A"", [""T""]]]",yes,no,A->T,1
chrX,83411275,83411510,CCCTGTTTGCAGATGACATGATTGTATATTTAGAAAACCCCATCGTGTCAGCCCCAAATCGCCTTAAACTGATAAGCAACTTCAGCAAAGTCTCAGGATACAAAATCAATGTGCAAAAATCACAAGCATTCTTATACACCAATAACAGACAAACAGAGAGCCAAAAATTGCTTCGAAGAGAATAAAATACCTAGGAATCCAACTTACAAGGGATGTGAAGGACCTCTTCAAGGAGA,N,no,no,N,0
chr13,113196890,113197359,TATACTTACTACCTTACTAAAGGCAACAAAGCATTCTTCTTTTCAGCAGAGTAAGATCCTTCTTCCTAACCAGTGTTCTTCCTTACTAAGTACTGCACGAGTCTTCAGATCCATGCTAAATTTAAGTACCCAAGTGAAAGAGCTGAAACGAGCTTCTGTTCCAAAACACTGTCATTCCTTTCTAACTGCAGAAATGAGCAACTGGCCCAGTGTTTCCGGGTCTCAAGTCCCAAGTAATCCACTGCATGTGTTCTATGCGGGACAGCTGCCATGAACGACAAAGGATATTGGACTATCACGGTCTGGCACTTGTATGCCTCTATGAAGTCATGATTCCCCACTGCATAAGTGCACCTGGAGGAGAAACAGAAACATGCTGTCACACAATAAAAACCTAGCACTAGTTATGCAGCCCACACAGCTCACTTCATTGCACAGGTCCCAGTGGTCCTGGGATGAAAGGAGTGAAG,"[[113196931, ""C"", [""T""]]]",yes,no,C->T,1
chr1,221910285,221910624,AGCTGAAATTTTCTACTAGCACAGATAATAAGAATTATTTTGCTATGTGAGCCTGATCTGTTTCCACAGTACTTGAAACGTCACAATGTATGTAAATCCGAGGAGTTAGTTGTAAGTTAGAGCTGAAACCGAAAGGAAACAGAAGCAAAGAAAGCCCCTGTAACTGAGAGGGGCTGATTTCCGCCAATGGTCACTGAATTTGATTCTGAGTTTCTCAGTGGCCAAAGCCAAAGGGGCTCATGCTTTGTTACTGAGGCAGTGTTTTAAGGCTGCAAACCAATGATTTTTAAAACATATTGGTCCAAAAGTCAATTGCTTGGGGCTAAGAACCAAGAGAATA,"[[221910304, ""T"", [""C""]], [221910604, ""A"", [""G""]]]",yes,yes,A->G,2
chr1,14337689,14337972,TTCGAGACCAGCCTGGCCAGCATGGCAAAACACCGTCTCTACTAAAAATACAAAAATTAACTGGGCGTGGTGGCGCGCATCTGTAATCCCAGCTACTTGGGAGCCTGAGGCAGGATAATCGCTTGAACTCAGGAGGCGGAGGTTATGATGAGCCAAGATTGAATCACTGTACTCCAGCCTGGGTGACAGAGCAAGACTCTGTCTCAAAAAAAAAAAAAAAAAAAGAGCCTCCTCTGTTTGAGAAATTGATCTTAATACCATCTGCTGCTGTCACTCTTGATTTT,N,no,no,N,0
chr12,59151283,59151604,AATTGGCTATAGTAAATTTACTACTATTTCAAAATAAAACATAATCAGCATAATCACCCATTCAATTAATTCATTAGAAATTAACAAACCTAACTTGTGCAACTCTCAGATGAATAAGAAGTAAAAAAGCTCTTGGTTTCTTGTAGCTTACATTCCTTAGATTTGTAGATCCTGTTGGGTTGAGTCATTTCTAAGAATAGATTAATTTTTCCCCCTTTCTCCTATCACTCCAAACTTACTCCTCTCATGGCTCTTATGAATTCAGTTTTTTTTCTTGTTTATCATCCCAGTAATCCATATCTGTATGTCCTAGGTTATAGTA,N,no,no,N,0
chr2,215637724,215638048,ACCCTTATTATAGAAGTCAGAACAAAGTTGGGACTGCTATAGTGGCTGGAAATTAAGGGGAAAAAATCTCAGAGAAAAAAGAGTCATAGAAAGGGAATTCCAAAATCTACAGTATAAACTTCACTTAATCTTTGGCTGACTGCTGAACTATGCATATGAGAGGTGAGACTCCAGGAAACTTGGCAGGAAAAACAACTCTTAAAATGCTGAAGATCTAAGAAATATTTTAGTAGCTGCCCAATGCAGGAGAGACAGAGTTTGAGGTTAAAGGAGCTTGGTAAAAATTTTAAACTTTCAATAAAAAACAGAAGAGCCATGTCTTAGG,"[[215637832, ""G"", [""A""]], [215637835, ""A"", [""G""]]]",yes,yes,G->A,2
chr15,77720648,77721050,GCTGTCACAATCAGTCATAATTAAGTCAAGCAAGCTATTTTTTTTTTTCTTGAGCTCCCTTCCCCTCTCGGGCACCCGCTCCTCCTTGGGTCAGATCTCAGAGTGGAGACCAGGCAGACGTGACAACGTCCGCGTGCTCCTGTGCTCACACCCCAGCTGCCTCTTCAGCTGCCTTCCAGACAGGGAAGGCCCCAGGCCTGGGGCCCAGCACCATGACTCCCTCCACAGCTGGCTCAGCAAAGCCTCCCCGCCTCCCTCATCCCTCCACCCACGGCTGAAGGACCGTCCCTCCCAGACACCTTCCGGGACTCTCCTGGGTCAGCAGGCCTGGAGAGGATACAGGGGAACAACAGAGAGCCAGAGGGCAGCCTGACCAATACCATGGTCTGAGCCACCGCCCCTC,"[[77720739, ""T"", [""C""]], [77720931, ""T"", [""C""]]]",yes,yes,T->C,2
chr12,58996761,58996961,CCCCAAGAGGACACTCTGGGGACTATAAGGAAATATTCTGTTGAAAGGAAATAGTTAAAATTTTGCTTTAACATATCCTTAGCAAGAGCAAGCCATTTATTCTCTTAAACTCAAAGGATAGTGTCCCTTGGGGACAGGGCCAGTCAGATTTGCTCTCCAATCCAATTCTTAGTGAAGAGCTTAGACTGAGAAGGCTGAGTA,"[[58996798, ""T"", [""C""]], [58996906, ""G"", [""A""]]]",yes,yes,T->C,2
chr2,139583358,139583619,GCCATGTATGTAAAATCCATAAAAATGGTAATTTGAGAAAAGGTAGGATTTACTAAGTTATGGGAACAGAGACCTGCTCTCAAGGCATTATTATGTGTAATGAGAGTTTGTTCTCCCAAAGCAAGGCTTTTAACTAGCAGTTTCATTTGCCAAATGTGGCCTCCCACTGGAATACTCAGTTAATGCTCTGGTTCAGTACAATTGTACAGCTTTCAGGGAGATGAAAGTTGTTGCACAGAAGCAGACCCTTTTCTCTCTAGAT,N,no,no,N,0
chr3,107508392,107508605,GGCTTTATGCCCATTACCTTATTTTTCTCACACAGCTATTATTATTCTCATTTTACAGTTTATGAAACTGAGAGTAGATAACTTGTCTAAGTTCACTTAACTGGTGAGCAGTGAAGCCAGGATTCAAAACCCACATTTATTTGACTTCAAAGGCTATGTGTATAACTACTGCTCCGTAACAGACTATAAGGCCACCCCTGTGGCCCAGACAGTA,"[[107508566, ""T"", [""C""]]]",yes,no,T->C,1
chr8,101992468,101992918,TCTTTCCTCCATTTTGTGTCTGACAGGAAAGAGGTCAACTGTGCTGGTCCACACCACAATAATATGAATGGCTCACACCCCAGCTTTGCCACTTACCAGCTGGCTAAACTTGAGCAAAGCCATTAACATCTCTCTGTCCCAATTATAAACGGGAATAATAATAGGTTGTTGTAAGGCTGAAAGAGCGAACACATGTGAAGCACTCACAGCAGTTTCTGGAATGGGGTCATTGCATTGCACAACTCCAGAGTCACATTCACATCGTTGTCCATGTGAAAGGCACCCCTGGGAGCTGTGCAGTGTTCAGCCCATGCCCAGGCCTGGCACACAACAGGTGCTCACTCAACATTTACTATTCTTATCCTTTACTGAGCTCTTACTATGTGCTGAGCAATGTGCTGAGTGATTTTCCAGGATTTTTTTTTACTTAATCTTTCGAACAACCCTATAA,"[[101992630, ""G"", [""A""]]]",yes,no,G->A,1
chr10,106266020,106266389,TACCTAAGAGCTTTCCACTCCATCAGTACCCCCTGAAACATGGCAGCTTTCTGTACGATAGTTGCTTGGTTACTTTTCTGTAATAAAACGCCCTGTTCTCTACTGGCTGATGATTCGATTGAAAATTTTGAAGTGTAATTTAGCCCTTGTTATTTTCCATTTTAAACTTCTTCAGTTGGGCATTTATCTCATTCCTTGATACCACTGATTTGTTTCCATTAAGATTCCCCTTGTTCAAGCATCACAATTAGCTACTGTCATTATTGATTCCCATCCCCAGGGATTTGTTCATGGTCTCAAAGTTGACCATAGACAGTTTAGCACTAGTCCATTGAAACTAAATGAAAAGTGAAGGTAGCAGGACTCTTCT,N,no,no,N,0
chr6,41801537,41801770,TTTTATATTCCTATTCACCATTTTTTTGAAAATTACTGCAGCTCTGGCTAGGAATCCTGGCAGTGACTGCCACCTTCAGCAGAGGGAGTATGTGAGCTAAGATGAAGACAATATAGAGTCAGGCTTTGTTTCCCTAAAATGAAATTCACAAAGAAAAAGAAATTACTGATTCAACTGAGATTGATCAGTTCTGTCTCCATTTCATTAAGCTGGCCAGGAAGACAGGTAGAAGAC,N,no,no,N,0
chr16,64974460,64974833,TATGTCTAGTTTCTGGAAGAGACAATATTGGAAGCCAGATCTTCTAATCCCAGATCATGTTCTTTTCAGGAAAGAGGGACCCCCCACTGAGCAGCACTTCACAGTATACAAACATGAGCTCATTCATGATGTCACTTAACTTCACAGCTCCCCATAGGAATAGAATAATGAGTCCCCTTGCACAGTGACAAAACCAAAGATATTCATACACCTCCTCAATGTCAGGAGAGGCTCAGCAACTGAGCCCTCAGCAGATAACACTATGTGGAAAGGAGTCAAAAAAATAATCAAAGACTTTTTTTCCTTCCATGAAGGAGCTCACTATTTAGTTGACATGACAACACACATGTGGGAAGAAAGATCATTAATAATTC,"[[64974552, ""G"", [""A""]]]",yes,no,G->A,1
chr5,116229113,116229425,TATCTACTTTAAACATAATTATTTTTTATTATTTCCCTTTGCACTATTTTTAATCCTACTCATAGAATGAAAGATGAGGCATTGAACTTGTATCCAAGATTGATGATTTGTTTTGAGTCTGGGGCAGACAGACACAGTAATGGCTTAGTCTGATACAGGCATTTTGTGTTCAGTCTCTAGGGACAGGTATTCATATGTAATAAAACCACTTGAACTGGCATTGATTGCCATTGTTGATAATCCTAGCAGGATCAACATTGATTGAGTAAATAAAAAGATCGAATTTACCTTCTTCTGGCAAGGCAGGCAGAGA,"[[116229207, ""T"", [""C""]], [116229279, ""G"", [""T""]]]",yes,yes,T->C,2
chr6,30221440,30221858,CATCGGCCATCCTAGCTTTTCTTTTTATTTATTTATTTATTTATTTATTTTTTATTTTTTAGTGTTTATTGATCATTCTTGGGTGTTTCTCGGAAAGGGGGATGTGGCAGGGTCATAGGATAATAGTGGAGAGAAGGTCAGCAGATAAACACGTGAACAAAGGTCTCTGGCTTTCCTAGGCAGAGGTCCCTGCAGCCTTCCACAGTGTTTGTGTCCCTGGGTACTTGAGATTAGGGAGTGGTGATGACTCTTAACGAGCATGCTGCCTTCAAGCATCTGTTTAACAGCACATCTTGCACCGACCTTAATCCATTTAACCCTGAGTGGACACAGCACATGTTTCAGAGAGCGCGGGGCCGGGGGTAAGGTTATAGATTAACAGCATCCCAAGGCAGAAGAATTTTTCTCAGTACAGAACA,"[[30221442, ""C"", [""T""]], [30221792, ""A"", [""G""]]]",yes,yes,C->T,2
chr2,57308991,57309203,CCATGGAATACTATGCAGCCATAAAAAATGACGAGTTCATGTCCTTTGTAGGGACATGGATGAAACTGGAAACCATCATTCTCAGCAAACTATCGCAAGGACAAAAAACCAAACACCGCATGTTCTCATAGGTGGGAATTGAACAATGAGAACACATGGACACAGGAAGGGGAACATCACACTCTGGGGACTGTTGTGGGGTGGGGGGAGTGG,"[[57309022, ""G"", [""C""]], [57309100, ""G"", [""C""]]]",yes,yes,G->C,2
chr20,54013474,54013804,GCATTGCTGTTACAAGTATAAGCTAATTCAATCCTGATGGAGGGCAGAGTGGCATTGTGTACCAAAACTGTAAAAAGGATATATTCTTTTACCCTGTATTTCCATCTCTAAGAGTTGATGTAGAGGATAAACCTAAACTCACACGTGTGAAATAACAAATGTACAAGGTTATTCATTGCAGTGAGGTTAATAGCGAAAGTCTGGAAGCCAGCCAATGGGCATTAAATGGGGTCCTGGTTAAATAACTCATGGTACAACCATTCAACAGAATACTCTGCAGGCATTACAAGTGAGGAAGCTCCCTACAGATACAGAAAGTATTGTTAACTGA,"[[54013495, ""A"", [""G""]]]",yes,no,A->G,1
chr21,8315848,8316188,GTTTAATATCAAACCCAACAGTCATGCGTATCATTTTATACATATCTCATGAGATCCCTTGCAGCTGGATGCCACCATAATCCCCACTGTGCAGGCTGTGAGACTATGGAGCCCCTGAGAGGCACAATGACATACTTGGCATCACATAATTAATACATTAAACATAAAGACTTTAACTCAGCTTGTATCCTCAAACTTGTGGCTCTGGCTGCATTCCATTTCCTCCGGCACTGGTGCAGGAGGTGCTGTATTTGCATAATTGTGCACAAGTAATCAGATGACTTGGGAGAGAATGGTGAGCAGTCAGCAGTGCAGAAAAGCCTTTGAGTAGGTCTTATTGA,N,no,no,N,0
chr4,49181197,49181575,GTTGTGGTGACCTGTCATCTGCACCCACACACACTCAGCCGCAGTGAGGACTGAATCAGGTTGTGGTGACCTGTCATCTGACCCCCCCACACACAGCCACAGTGAGGACTGAATCAGGTTGTGGTGGCCTGTCGTCTGCCCCTGACACACTCAGCCACAGTGAGGACTGAATCAGGTTGTTATGACCTATCATCTGAGCCCACAAACTCAGCCGCAGTGAGGGGACTGGTGTGAAAACAGTCGGCATTTCCCTTTAGAAGCTGTTGGTGGGAGGCAAGAGGGAAGTGCTGCCCTGCAGGCCCCGTCTAACAGTTGGTCATTCCCATGGGGTGCCTGTTACAGTTCTGTGATTAGTGCCCAGTCCTGGTCCCTGAGAACG,N,no,no,N,0
chr2,218927369,218927811,CCTGAATTGCAGAGCAGCCAGGCATTCACATGATGCAGCCGTGGGGCTTTCTATGCAGAGATGCAATTTGGCAGGATTCAACCTGCCTGACTTCTTTTTTTGTAAATACAACCTCATCAGAGCAACAAGCTAAAAGCCTGGCAGAATCTATTTGCAGTCAGGGAGCAAGAGTGCAATGCAATGAATGTTAGAATCAAGCCTTATGAGGTGGAACTTGAACAACTCGCTCTGTCCACAGGAGGCCCTAGATAGCCCAGAGTCTCTACAGTGACTAAAAACAGATCTCTGGATCAAGCCATGTAGTCTGAGACTTTGTCCACATAGCTGAAATTGTCCTGTCAGTATCATCCAGACAATTTTAAGGAGTCTTTGTCCATTCATTCAAGAAAAACAAATATTTGTCCCCGGCACTCTGCTAGGTGCTAGGGATACAACAATGAGCA,"[[218927424, ""T"", [""C""]]]",yes,no,T->C,1
chrX,20863682,20863981,TGTCTTTTTACCTGCTTTGGACAATGGAATGCAACAGAAGTGTTCTGCATGTATGCTTTAAGAGGCCTTGCACATCTCCTTTTGCTCTCTTACAACACTGCTGCTGCCATGTAAACAAGCTCAGGCTAGCCTGCTGGAAGATAACAAGCATATGGCTCTGTTGCCCCAAACATCTGATAGGACAGCCAGCCAATCCCCCAGAGCATAACCAATTAGCTGACTGAAAGTTGATTGTAGAGCCAGCTAAGACCAGAAATGTCCAGTTAAGCTCAGTGTCTGTTGCCAACTCAAATTTTGAGA,N,no,no,N,0
chr4,53814023,53814360,ATAAGCTAACTTCACAGGACTGTCCCTAACATATTCATTTCTTTGCTGGAAATCATAGCAGAGAAACACCCTTTCTCTTTTCACCTGGCATCAATTAAATGTAAATGTCTTGAACGCTCACAGATGATATGGCATAGGATGAGCTCATGGTGATGTATAAGCTGGCGTAATACTCACTAGGTGCTAGAAACCGAGCCATTTTGGTCTGGCAGGAAAAATATGCCAGGACTGCAAGTGATTGTCACGAGGCCCTTTGCTGTTTGTCATTCTCTCCTCATTTTCATACTGCACATTTAGTCCTACCCAAAATAAATACTTTACAGTTGTCCTTTAGAAGC,"[[53814089, ""A"", [""C""]]]",yes,no,A->C,1
chr12,343150,343379,CCCATAGAGCCTTGCTCACTGCTAGCGCAGCAGTCTGAGATCAATCTGCTGAGGCAGCAGCCTGGCTGGGGGAGGGGCGTCCACCATTGCTGAGGCTTGAGTAGGTAGAAAAAGCACCCTGGAAGCTCAAACTGGGTGGAGCCCACGGCAGCTCAACAAGGCCTACTGCCTCTAGACTCCACCTCTCTGGGCAGGGCATGGCTGAACAAAAGGCAGCAGACAACTTCTGC,"[[343154, ""C"", [""T""]]]",yes,no,C->T,1
chrX,109940472,109940809,GCTGTTGACCAGAGACACCAGTTCCTTGCTGTGCGGGCCTTTCCATGGAACAGCTCACAACATGGCAGTTAGCTTCCTTCAGAGTGAGTCAACAAAAGAGTTAGAGAAGACATTCAAGATGGAAACCACAGTCTTTCCAACAATTTCTGAAGTGACATCCATCACCTCTCCTAATTCTATTTGTTAGAAGCGAGTCAGAGTCCAGCACACACTCATGGAGAGGGGATTATACAAGGACATAAATAACAGGAGGCAGGGATAATTAGGAGCCATCATAGAGGCTGCCTGACACACCTACTCTGTGCAGGGCATTATTCTAGGTGCTAGGGAGATAGCAG,N,no,no,N,0
chr5,66941473,66941696,TAGCTCTCGTAGAATTGAAGAGAATTAAAACTTTGCTCTAGATTAGGCTTTGGCTTAAGGAAATGTTGTGGCTGATATAATCCTCTATTCAGACCACCAAAACTTTCTTCATATCAGCAAGAAGGCTGTTTCACTTTCTTACCATTTGTGTGTTCACTGGAGTAGCACTTTCAATTTCCTTCAAGAACTTTTCCTTTGCATTTACAACTTCGCTACCTGTTTGG,"[[66941501, ""G"", [""A""]]]",yes,no,G->A,1
chr1,72739443,72739853,TTTTTACATAGTCCATGAAGCAATTATCACAATGTATCATAGTTTCCAGTACATAGTATGCTAATATTTCATTTGCACTTTTTTTTTCCACTCTTCACCTCTCTCTACCTTGCTCTGTGGCCAGGGAGGCTGATATGAACGGACTGCATCAGTGAGCATTTTTGCTTCTGGCTTGTGGTTGTGTTTCTAATAAAAGCCATCAACAGGAGATCAAAAGACAGAAAGATAGTACAAACAGGGCATTTAGTCTTTAGTTCCCTCCAGCTGGGCCATTTTGGTCTTTACCAAAGCCACAGCTCCTGTCAAGCTACATTATCGAGAAACTACAACTGTGATCACTGGGTGACAGTCATTTCTCCTTCCTCTTTCCCCTTCAGGCCTAGAGGAGGCAAGATCTCTTTTGCTGCAAGC,"[[72739470, ""A"", [""C""]]]",yes,no,A->C,1
chr2,95613039,95613437,GATCCCAATTTTAAGTAAATGGGGGCTATTTTTTACATCTACTTATCTAAATAGAGGAGGTAATCAAAAAAAAACGACTGTTACTTTCAACAACTGGATTTCATCTCTATTTGCAAGAAAGTGAAATTTGTTGCCATCTCCTGTTCAGCGAGAAAACTGAAAAAGCATCCTGAGCAAGAGGACCTGAATGTCAGGAAATGACGTGGTGCTTTCTACAATACTTCTGTTCCCATCCTCTTCCTTCAAGCTTAGGCATGCAGCACACTGAGCTGCCAGATGTATCTGGAAATGCTGAATACACATTAAATGTTTATTTTTATTTCCTTTATTTTATTTATTTTTATTTTATTTTATTTATTTTTTATTTTTGTTTTTATTTGCCAGAGACAAGGTCTTGCT,N,no,no,N,0
chr15,37819267,37819518,TGGCTCTTCAGAAATCATTCACCATTGAAGGGTAAATACAGTCTCTATAAGCTGTGACCACCAGAGCTTTCCATCCATGGCTCAACCAGAATAAAGAGCCCAGAGAGAATCACTGGCAATATCCCTGCATACCAGAAGCTCCCAGCACCAGATACCACTTGTCTTCTGTGAGTCAGCTAAAGATAGAGAGAAAGGGAGGGAGCTAAAGGAAGTATCTCAGAAAGCTCACTTAGAAACCTCTAGTTGTGTATA,"[[37819315, ""G"", [""A""]]]",yes,no,G->A,1
chr18,23893027,23893346,GGATGATGCTTTTATTTCATTTTTCTGACTTCCCCATATTTTCCATAATTAATTTATATTATTTTTTACAATTAAAAGTAAATGTGGTTTAAAATGTCTGTATATACACACAAAGTGTGGAATATTATCGGCTGGTGAGAATAACAGATGTGAAAGCCTCTTGTAGCTTGTCCAGGAAAATGTTAAGCATAGAGTTTTGCTGTTGTGAAGGTAGATAGTTTGTTCAGGGGGAAGTGAGAGGACATGTCAATGTCAGAATGCATGGCATGGGGAAAACAGTACATGTGGAAGGGGTCAAGAATGCCCAGGGTTGACCAGCA,"[[23893155, ""T"", [""C""]]]",yes,no,T->C,1
chr12,73683580,73683832,TAAATATCTAGTTATTTGAGTGCGATCATTTTTTAAAGAGGTTTTTAAAATACTTCAAATGAAACTCTTTCTGTGGAGGTGCTTTTGTAAAGTAGTGCAATTAAGTGGCTGATCACATAAGGAGGTACAATCATGGGTTTACTAAATGACAAGAAATGTGTCAGCTGCTTCCTGCTTGAAATTTATGGCTTTATAGGAGTGATGAAGTGAATAATGCAAGATAACATAAATGGAATGGTTATTTAAAATATCA,N,no,no,N,0
chr18,3578673,3578977,TATTCTCCATCAAAGAAGTAGTATAATGTGATCATGTTAGACACCAGGTACAATCTTGGCTCTGTCAACAAAAAGCAGGTGACCTTGGGCAAGTTTTCCAACCTCTCTGTGCTCTCATCTGTAGGGCAGAGATGATCCTAACACCTACGCCATAAGGTGGTTGGATGAGTCAAATGAGAGTCACATAAAGTACTCAGTACTTTGCTATAATTTACATAGCAGTGTACAATGATTAGAGGAAGAATAAGAACAATTTTTTTATTCACTAAAATATCCAACTATTTAAGACATGAGATAATGTCTCA,"[[3578717, ""T"", [""C""]]]",yes,no,T->C,1
chr18,49203546,49203789,ACCTTACCCCCAACCCTGTGCTCTCTGAAACATGTGCTGTGTCCACTCAGGGTTAAATGGTTTAAGGGCGGTGCAAGATGTGCTTTGTTAAACAGATGCTTGAAGGCAGCATGCTCGTTAAGAGTCATCACCAATCCCTAATCTCAAGTAATCAGGGACACAAACACTGCGGAAGGCCGCAGGGTCCTCTGCCTAGGAAAACCAGAGACCTTTGTTCACTTGTTTATCTGCTGACCTTCCCTCC,N,no,no,N,0
chr2,128184,128436,AGGAAATCACATCACAGGGGCAGCAGAGGCCCTGGGGGCTCCACAGAGGAGTGAGGCTAGACCTCAAGCCCATGTGCGATGTGGACAGGGGAGCAGAGGCAGACCACGGGCTCCTCAGGAGCAAGGAGGAGGGCTCAGTCTAGCAGTTCCAGAGTGGTAAACGCATTGGCGTGGATCCAGAAAGTGCATGCTGAGAATTAGAGAAAATCTGAATAATATTGATCGGGGTCACAAATTAGCATCCCAAAGGCTA,"[[128194, ""G"", [""A""]]]",yes,no,G->A,1
chr8,126408978,126409348,CGTAACAATTCAGAAATTGGGTCTTCCTATGCTCACTTTGCCAGATTTGGAAGCAATACAGGGAGAAGAGGATTGCTGCTTGTGTATCTGTAGACAGGTGGTTAAATGCCTGTGAAGTGCTTCATCTGGCTGAGACACCAGGGAGGCAGGCTGCATGGCCCCTCTCCAGGTGACAGCTGTCCATCTGTCAGGTGCACAGCCCATCTGGCTGCTGGAGAGTGATGTAGGAACATGACAATGGCAGGAGAGGCTTGTGAAATATAAAAAAGGCTACAATAGTTCTGCCAGTGAACGGGCCACAGTGGTTATCAAACTTCTATGCATCCAAACCATCCAAGAGGTACTAAATAGAGCTTTGCTTGCTTGCATTC,"[[126409004, ""A"", [""C""]]]",yes,no,A->C,1
chr1,66239868,66240128,ATCAATAAGTAAAATAATTTGCAAAATATATTTATCATCAAAAATTAAAGCTTTCTAACAAAGGAGCATTGAGAAGTACTTGTGGCATTTCCATCTCTCACCACATCAATACCAAAGAATGTGAATGATTTTTGCTGTGTGTGGTCATTGGGCCTCTCCTTTGGGCTTAGAGCCCTGTGGAAGGCATTCTAGCCCCTCCCTGCAGGTGGTATTTGGTAGCACATCCCCAGTTCTTCTTTATGGAGCTAACTTTTAGGGGTT,"[[66239933, ""A"", [""G""]]]",yes,no,A->G,1
chr12,55377077,55377479,TATGATATTTGCATAGGAGTACATTACCAGGACCAATGTAATCAGGAGTGTGACAGTGGCTAAAATAAAGCTTAACATTTCTATGACCTGTGTGTCTGTGCAGGAGAGTTTCAGAACAGGAGAATAGTCACAGAAAAAGTGGTCAATAATATTGGCATCACAGAATTCCAATCTCAGGCCCATGTAAGTCTAGGAAAGATCGTTAACAAACCAGCCCACCAAGAGGCAACAGCCATCTGGTTGCAGACTCTGTTGCTCATAATGGTTGCATAATGCAGGGGTTTGCAGATGGCCACATAACGGTCATAGGACATGGCAGCCAGCAGAAAAAACTCTGATACACCCAAAAAAAATGACAAAAAATAATTGTGTCACACAAGCATCATAGGAAATAGTTTTATCC,"[[55377089, ""G"", [""A""]], [55377278, ""A"", [""G""]], [55377341, ""A"", [""G""]], [55377342, ""A"", [""T""]]]",yes,yes,G->A,4
chr12,33826043,33826251,GGCACAGGGAGATTCTTCATATGAAATTATGCTGGCTTGCAGTGCTGGAGCAAAACAATCAGTATCAAAACACAGAAAGTATGTTACCAAAAGTGAAACCAGATGATTAATTTGTATCTTCATAGCACCAATAGTAAGGGCCTTGTGCTAGTCCTGGACCCAAACTAGGAACCCCACAACAAAGACTCTTCTTCTATTTGTGTTTTGCA,"[[33826050, ""A"", [""G""]]]",yes,no,A->G,1
chr13,24116115,24116547,CCATGAACTGAGTGGCTCATGAACAACAGAAATTTCCCACAGTTCTGTAGGCTGGGAAATCCAGGATCAAGGTGGCAGCAGGTTCAGCGTCTGCTAAGCTCCTGCTTTTCATGGATTGCATCTTCTCACTGTGTCCTCACGTGATGGACAGAGCAAATGAGCTCTCAGGCACTAGTCCCAGCCATGAGGACTCTGCTTTCATGACTCATCACTCCGCAAAGGCCCACCTCCATCAGAAGACAGCTGCTAACTGCAGCTGCCATCCTCCAAGACGGGAGACACAGAATTGGGGGACATATACATTGAGATCTGAAAGGCCTGGACAGCAGCAGGTGGGGATCGTGGGGGCATCTTGGAGGGTGGCTGCCGCAGTAGCATTTCCTGAGCCCATGCTTTCTGCCTTGCACTCATCTCCTGCACTTGATCTTCATTA,"[[24116178, ""A"", [""G""]]]",yes,no,A->G,1
chr11,85201728,85202019,ACCTCACCAAATGGACAAAGTAAGGCACTAGAGACCAACCCTAAAGTGATGGAGATGTGTGATCTCTCAGACAAAGAATTCAAAACAACTACTTCAAGGAAGCTCAATGAACTTCAAAGAATACAGAGGATGAATTCTGAAATTTGTCAGAGAAATGTAACAGATAAATCAAAATAATAAAAAAAATTCTAGAGCTTAAAAATACAATGAATGAAATGAAAAATGTAATAGAATCAACAACAGAAATAAAACAGAAGAATAAATGAGCTTAAAGACAAACTATTTAAAACAC,N,no,no,N,0
chr1,214401712,214402048,TCCATCCAAATGTTCAACTTCATTGATGTACATCAGTTCAGCTTCTGCTGGCAGGATTCCACTAAAATCAAAATAGCATCAAAGGAAGAAATGGTTAAGGGCAGCCAGTGGAAGATCCCACTCTCCTGATGGCAAATTCCAGAGCTGTGGTTTAGCTCTAGTTTCTGGGAAGAGCAATCATTACCCAACTGTGAGGGTAGGGTGCATTACTAAGTAATTCATTGACATCTTTCCCAGTAGCCTTTTACTTAACAGCGAATAATAAGAGGAAGGTAAAGTATTTAATTAAGAGCCACAGCCCTGTAAACATGAAATCATTATTCCAGACATCCCTTCG,"[[214401722, ""C"", [""T""]]]",yes,no,C->T,1
chr19,23709378,23709744,GTTCTACATACTATCTAAGGGTTAAAAAAAAAGTGGTTTTTAAGTTTCTATTTATTTCTACTATATTATAAAATTCAAAGCCGAAATGTTAGGTCAGGAATGAAAGCAAGAATTGGATATGACGGTGCTGGGCACAATGGTTAAGACTGAAACTTGGTATCAGGTGGTTCCTGATTGCATTTTGTCTGCCACTTGTGGGCTGTATGACCTGAATACATTTTCATGACCTCTCTGTGCTTGACTCTTCAGTTGCACAGTGAGGATAATAGTGCCTAAATTCTAGGGTTTTGTAAAATTAAGGCAACTAATGCTGATAATGATGCCATAGGTACACCAAGCACATAGCAAGTGTACAGAAAATTTATTC,"[[23709715, ""C"", [""G""]]]",yes,no,C->G,1
chr2,13353175,13353416,CAAGAATCCAGAAACAGAGGCTAGTATTATGGCCACAGTGAACAGAAACATATTTGACTTGGGCCATTTCAGCTGCCTGAGGTTCCCCAGAGTCCCAGATGGAGATGTGCAGCTGGCATTAACAGAGTCTGTGCAAGAGTGACCTTGCTGATTTCAAGATACTTAACTTTTGCTGTGCCACTTGCCTTTTATGCTTAAAGCATATACCATCATTCAGAAAGGATTTATGTAAGCTAACCATG,"[[13353237, ""C"", [""G""]]]",yes,no,C->G,1
chr2,120308896,120309184,TGTTCTTTGGGACCCAGGGGTGAGGGGAATTTGCTTGAGTTCACACCGCAGTAAACATTGTACTGGTAAAAACCTGTACGCTACTCATGAGATTCACTTTTTCTAGGTAAGCGGGTGGTTTGGGTAGTCTAAAGATTGACACTGGCATTCTTTGGATGCTGTCTCAGCTTTTCTCATGTTCCATCTCCTCAGAATGGGTAGTAACACATTTATTGATTTTTTTTTTTTTGAAATGGAGTTTCGCTCTTGTTGCCCGGGCTGGAGTGCAATGGCGCAACTCGGCCCACCA,"[[120308916, ""C"", [""T""]]]",yes,no,C->T,1
chr11,47028745,47028966,AGGCTTCCTCTGAATTTCACAAGGAAACAAAGAACAAATCCAGGGATTGTTAGGTCAGGAGACAAAATCATGCCATAGGAATATATATCTTTTTTTTTCTTCTTTTTTTTTGAGACAAGGTCTGGCTGTGTCATCCAGGCTGGAGTGCAGTGATGTAATCTTGGCTCACTGTAACCTCTCCCTCCCGGGCTCAAGCCGTCTTCCCATCTCAGCCTCCCAAGT,N,no,no,N,0
chr17,72496447,72496896,AAAACAGAGTCCATTTCATAGCAGACAGGGGTAAACCTCAAAAGGTATTTGCACGGGATCGAGAAAGGATTTCATCTCTATCCAAGGATTCCAATCTATCTTGTAGGAAGTAGCAATCCCTCATGGGTTGTGTGCAGGAGGGATGAAAGTGGTGTTTTCAGGAATGAACAGACTGCATAAGAGTGGGTGGGGGTGAGTGGTCAGTTAGAAGTTCTCTCAATAAATCCAGCATGAGTAAGAGTCTCCATGAGGTAGGAGCAACGGAAACAGCCACTGAGCCCTGCCAATTCCTTCTCAATACCCGTTTTTGTGTTCGATTGGATAGGAACCGTTTTGGGGGCCTGAGAAAAGCAGAAGGGTTGAACCTTACTTCATAATGTAGAGGTTGATAACCAGAAGAATGACAGCCCTACTGCTGATAAAATATTGAGGACAGGGAGTTTAACCACA,"[[72496510, ""G"", [""A""]]]",yes,no,G->A,1
chr12,131965963,131966252,TCATTTGGATAAATGCCTAGGAGTCAAAGAGTCTCTCTGAAAGTATTCTGGTTTGGGTGGCTGGCTGGCTGATTTCAAAAAAAAAAAAAAAGAAAAACTAGGAATCAGATTTCTGGGTATGTTGAACTTTATTAAGAACCTGTCCCGCCGGGTGCAGTGGCACACACCTGTAATCCCAGCACTTTGGGATGCTGAGGCGGGAGGATTGCTTGAGGCCAGAAATTTAAGACCAACCTGGGCCAGGCACTGTGGTTCACGCCTGAAATCCCAGCACTTTGGGAGGCCAAGGT,"[[131966103, ""C"", [""T""]], [131966108, ""G"", [""C""]]]",yes,yes,G->C,2
chr2,48485986,48486330,ATACAATTATATATAATATAATTAATACATATGTGTATATATGTATACCTCTTCTATGCTTTCCTAACCACAGGCCTTTATTGTACTATTCTTGGACTGGAGACAGTTGCATAGGAAGTCAGGCACTGGGGCGTCCAATCCGTATTTGGCTGTGCAGATACTTCTCATTGCTAGTTAGGGTGTGCACTAGGAAACTAGCTATAGCCCAGTAAGGACTGTGAGACAGTGTGGTTGTGTTGGCTATTCCTTTCCAGCCTGGTGGGTTGTTTATATAAATACAAGATAATTTCTCCTCAATGCCTGTTACACTATCAAAACAGTGGTTTTTAACTGGTAAATAGTGGT,N,no,no,N,0
chr9,39155892,39156123,TCATTATTAAAACTGGATTACAGGATTAATTTTAATGTTTTCAGTTTCACTTATTTGACTCTTAGTGATGCTATGTGTCATAGGAAACCATATGAACAGAAATATCCCAAGAAGTAAATTTGCTTAGAAAACAGAAAAGGGCTTATTAGTCTCTTTCAGTGCACTGCACAGCATTCAAGAAGAATTTGGGTCATGTGGTCTTTAAATTACTAAAACGAGTAATGAATACTAG,N,no,no,N,0
chr4,88078599,88078946,AGTTTCTCTGAAGACTCTTATTTCTTCATTTGTCAAATGCGAAAATCAATACTTGTCTCCCTCATAGGATTTTGCTTGTGCAGTAAGAATATATATGTATGAAAGCACTTTAAAGCTGAAATTTCCATTACAAATGGAAGGCGGTACTACAGTACCTAGCCCAGTGACTTGCTCAGCAAGTTACAATCTGTTGAATCAGCAAAAAGGAAAGGAATTCTTGACAACTGCAAATTTGAAAGGTAAATAAAGGAGAATGATGTTGCCAAATGATAACTCAATACTTACTTAAAAGTCTTCTGTGTTTGTATTTCAAAATTGGGCTATTATTTGTACAGTTTTGTGTACGGC,"[[88078638, ""G"", [""C""]]]",yes,no,G->C,1
chr10,82463639,82463874,TACTGATATGCTCTCACTACCTCTTCAGAACATGTCAAGGCTGGATAACCGGGCAAAGTCATGCAGCTACCGCATGGCAGAGAACCAACCCCTCAACTGCCTGAATCCAGAACCTATGCATTTGTACAAGCTTGTTTATCTGCACTCTCTTGTAGTGTATTTACTTAACAAGCCAAGTTAGATTGTAATCGAAAGCAGGTGCTGTCATATCACTGCATGAATCTTGAAAAGCATGG,"[[82463688, ""T"", [""C""]], [82463710, ""A"", [""G""]]]",yes,yes,A->G,2
chr12,109861654,109862118,AGGAAAATCGCCTGAACCTGGGAGGCAGAGGTTGCAATGAGCCGAGATTGTGCCACTGCACTCCAGCCTGGCGACAGAGCAAGACTCCACCTCAAAAAAAAATAAGGCACCAAACACATGTAGCAGAGTGCCCGGTGAGTGGTGAACACTCAGTACCTGAACTTCAATCATTTTTATGACCTCATATCATTACTAGGGTCATGTGCTGTGACCCAGCAAATGACATCATCGTGGAAGCCACAGGATTCCCCAGAACCTCCATCGAGTGGGACTCATCCTTGACCTGTGCCCCTGCTGCTTTCTCTGTGCTCCCCTGTGAGGCCCCGCTAGGGCTGGGGCTGCCACCTTGACCTGCTGCAAGCTCCGGGCATGCTGTCGTCATGCTAGGCCACGAGCAGTCTCCTCTCGGCAACTGAGCCTCTTTCCAACGTCTGCAGAGGCAAATCTCCCAGCAAGGGGCCATGC,N,no,no,N,0
chr15,75857920,75858125,TGGGTACGGGAAACTGTCAATAGTAGAACACAATTAAGAAAAATTGGCTTCTGTGTCAGGCTCTGTGATAATTGAGTATAAAAGACAAGGCATGTCCCTGTCCTCTGGGAACTGATAATCTAATGGAACTTCCATCTGATTACTGTCTTGTTTTGATCTTATCACCCTGCCTTGGTCTCCTCTGATCTCTTCTTCCTTGGCCTACT,"[[75857927, ""A"", [""G""]], [75858113, ""C"", [""T""]]]",yes,yes,A->G,2
chr22,18758185,18758539,TCCTCGCCTCCTTGCCCCTTCAAGGGCTCCTCACCACCCACCAGATCAGGTGCAAACTTCCAAGCCTTACTGGATCCCTTTCCACATTCTGAGCTCCGCCTGCCTTCCCATCGCTATCCTTCCCCACCTGCCTCCCTGGTAGAGAAAAGCAGAGTGTGTGATGCTGTCTGAATGCTGAGCACGGCCTTTTGCAGCCAGTCCACTGTGTACGCTGCCCCTATCGGAGACCTCCACCTTAACCCTTTCCAGCCTGTAGGCTCCTCCCAGGGCCCCACAACAGAAGTGACTTCCCTTGCCTTTGAATTTCTATAGCACAAGCCCTACTGCCCCCCGTTAAAACTGCAAAGTCCTTTTG,N,no,no,N,0
chr22,29349024,29349364,ACTCTCACGTGTCCCCGACGCGACTGTACTGCAGTGAGGAGGAAAAGGGGCGGTGTCCATTACGTGCACATCACTCATCTGTCTGTCAGGGCTGTTTACGAGGTAATAGGAAGGGAGGGTTTCATGGCAGTATGGGCCACAGTGGGGCTGAGCTGCCAGTCATGACTCACACCCTGGCCAGCTCGCTGGCTCACCTGTGTGCTCTCGTCATGGAAGCCCTCGAGGAAGCTCTCCAGCAGCTCATCTGCGTTGTCGATCCGTTCCGCGTACTCGCCCACAATCCAGATCATGGCAGCCCGGGCCTCAGGCTCATCCAGGGAGTCCAGATTCTCACACAGTGT,"[[29349043, ""T"", [""G""]], [29349088, ""C"", [""T""]]]",yes,yes,C->T,2
chr14,101254797,101255113,CCTTCCCCGCAAGTCCTTTGTTCTGGGAGGGCTGGGAGCTGTGGGTGAGCTGGCTGGGAGAGCCGGCCCTGGCTGATTAAGAGGTACGAGCTCTCAGCAAGACACATCCAGTGATAAACGGGGATACACTGCATATCAAGTGCATTAATCTGCCCTGAAATCAGCCAAGTATTCATCATGATGATGCCATTTTTCCAGGAAAATGAAATAATTGCAGCCCAGGTGGGAGGACCTTAGTCATCACCTCATTATTCTGCCCTTAATACATCCTTAAGGGCCCTCGCTCAGCTTAGCACCCCCAGGCGGGATGAATTCCA,"[[101254840, ""A"", [""G""]]]",yes,no,A->G,1
chr4,75834795,75835088,TGGAGGAGTTTATAAAGTTGCTATCCCCTAAGTACAGAGAAGGAAACTGTATTAAAAATGGCTCCAACAATGGGTCACTTCTCAAATCACAAGGCATCTCCTATTTCAGAAGTTTTGTTTCACAACTAAAAAGAATTGTTTTACCCCGGTTACTCATGTACTCTTGCTACATTGTTCTTCAAGCAAAAGCTCTGAATTAGAGGTTGCTGCCCTTGAGTGTCTTCTTTAGCCCAATGACTTATATTTACTGGGTAAATAAAATAGAATTTTAGGAATCTGTTCTTACGATATATC,"[[75834869, ""G"", [""T""]], [75834906, ""T"", [""G""]], [75835087, ""C"", [""T""]]]",yes,yes,T->G,3
chr15,67616375,67616744,CAATGATTTATTTGTCTTGTCTTGATCAAACTTTTTCATAATGAATCAGATCTCAGAGAGCTTTCTTTTCCTTTGTCTTTTTACCTCTGCCATGTCTCTGATGGACGTCCTATAAATCCCTAGGGCATTCAGAGAATAGAGAATCAGGGAATACAGGATATCTCACAAGCTGTGAAATCTTTGCATGGAAAACAAAGAACTGATGTTATTATTTGAGAGAGTGAACTATCTCTGCAATGAGCTAATAACAAATACATTTGTAACTTTTATTTATTTTAAAATAGCCTTTGTTCACCGTTTTTCTTGTCTTCTACCTGTTCTCTGAGAGACATAGGGAGCAAAATAACCATCACTTTCTTTCTTGCTTACC,"[[67616397, ""C"", [""T""]]]",yes,no,C->T,1
chr5,38997596,38998007,TGGCCATGTCAGAGATGAGAGGTTCTGACTGTCTTCCCAAAAACAACCAAGAAGATTTTAAAAAAAAAATACTTTACAGTATAAAACAACTGTTAAAAGGGCAATGAAGAATAATCCCTGAAAAAAGAAGCACAGGGAGCTCCACATTCAACCACATTTGTTCCCTGGGTGCATCTGTCAATGTCAATCCCTGGTCTTACGGGCAGAGTCCTAACAGAAAGCAGAAATCTGGCCGTACTGAAAAGACAGAGGTTTAACTTCAGGGCAGCCAAAGTAGCTGGGACTTGAGGGGTAAAATCCCTGAGAGAAGAAAACAGAAGAAAGTGAGCTAAAATCTGCATGCAGTGTTCTCTCCAAGACACTTGTCAACATCCACATTGTGCAAAAGCAGAATTACACTCTAAGAAACAAA,"[[38997654, ""A"", [""T""]]]",yes,no,A->T,1
chr15,69917883,69918085,CGAGAACGATTTCTCTTGACAGAAAATAGAGGTAAAAGGGCAAGGGAGTATTTCCAAATGGTTGATCTGACAGCTGCAAATTTCATTTTGTTGCGTATTGACCTCTAATTGTTTCCCAAGTAGCCTGGGACTGAGAGATCAATAAATCCCACAGATACTTAATATCCCCTCTGGCATCTTCGGCTTTAGTTAGAAAATAGTCA,"[[69917930, ""A"", [""G""]], [69917932, ""G"", [""A""]], [69917976, ""T"", [""C""]]]",yes,yes,A->G,3
chr2,204183693,204183952,ATTCTCCTCTTTTAGCCTTGGAAGCTCCATCCGCTCTCTCTCTCCATAGTTTTTCATGTGCAAAATTTGTGTTGGCTTCAGTGTGATTTTTTAGTGCCAAAACCATGATATGCTGACAAACAGGAATAACAGCATTTCTTAAATGTCCACAGTGCAAAGGGGAGAGGCATGGCGTGTTTCAAAAGATGGGTTCCTACTGTGGGAAGATGTGCTTTTTCTGAGGGGAACAGGGTAAACGCAATGATGAGGGAGTTCTGTCA,N,no,no,N,0
chr11,16943313,16943586,GCACATCTTAACCCAGACTAGCTGAATTTCAAGTGCTCCATAGCCACATGTGGTCAGTGGCTACCTTTCTGGACAACACAAATCTAAAGCTTTCAAGTCCCAATTTAAACACCTGCACAGTCTCTCCCTCCCCCGATACAGGAAAGTACACAGACAGGGCAGAATCAGAGGCTTTTTAGCAGTGAGAACTTGCTGTTGAGCCAAAGCACAGCCTCTTACTCCTTATTTTATATCAAATCCTGTCAAATCAACCACAGGCTTCAAAGATAAATGC,N,no,no,N,0
chr3,161253698,161254094,ATAAAAATAGTAAATCTAAGATTCTGTGTTGTATTAGGTTTTCATATCTCTTCAGTCTTCTTTAATCTGGACTAGTTCTGAGTGTAATGTTTTATGTAATTGACATTTTTGAAGAGTCCAAGCCAGTTGTTTTGTAGAGTGACCTCAGTTTGGGTTTGTCTGATGTTTTCTCAAGATTAATTTTAGGTTATGTCCTTTTGGCAGGACTATGCCAGGAGTGATGCCAAATTCTCAATGCATAGTATCAGGAAGCATGTGCTGTTGATTAGTCCAGATGTTCCCAAACTTGGTTATTTGTTGGTTTTCTGTTGTAAGGAAGAGCTATCTCTTTTTTCATATATTTGCTTATTCAGTTGTTTTTCATGTCATTGTGGACTCTTGAATTTTTACTTTAATA,"[[161253730, ""G"", [""A""]], [161253951, ""G"", [""A""]]]",yes,yes,G->A,2
chr14,43204794,43205167,GCATGAAAAATATAATTATTGCATTTATGAGAGTACAGACACCTTTAGTTTCAGTTACGACATGTAAAGAGCTTTGAAGTCATCACAAGATGAAAGCAGAAAGAGATGCAAAAGTTAGCCTCTCTGAGGCAGACTACTTAGGGAAATTCCAAGTCAATAGGGCAGAAGAAACCTAAACAGTGTAGGAATTTGAGCCAGTGACAACTACAGCTACACAAAGCACTAAGCAGAGTCAGATTCCTAGACAGATTAAGATAAAACTACACGGTAAAGACTTTGGTTCCTGTTACTCATTACAATATGCTTGGATTTCAACACAAAGTTACAGGAATGTCAAAAGGCAAGAAAAAACACAATCTGAAGAGACAAAGTAG,N,no,no,N,0
chr2,189293183,189293507,AGCATGGCACATGTATACATATGTAACTAACCTGCACATTGTGCACATGTACCCTAAAACTTAAAGTATAATAATAATAAAAGAAAAAAAAAGAGCCTGTGTGCACTGTGCAGAAGTCAGACCAGAAATGCTTGAGAATTAATACTCCCATGGGAGCAATTCTCAACCGGTGACTAATGGGAGTTGGTACATAAACATCCCAGTTAACTTTTCCCTCAGCTAGGATAAGTCTGAAGTATTCTACTGTATCCCCCAGAATTTTCCAGTAGGATAGAACAAGTGGTAACTGGTTTAATAATACACTATTATCTGACTGTCTGCGTCT,"[[189293282, ""C"", [""T""]]]",yes,no,C->T,1
chr2,226291318,226291608,TCTTGCAGAGAGCCTATAAACAGCCGTGCAAGTAGGAGAGATATTGCTAAATTCTTTTCCTAGCAAGGAATATTAATACCCTGGGAAAGGAATGCATTCCTGGGGGGAGGTCTATAAACAGCCGCTCTGGGAATGTCTGTCTTATGCAGTTGGGATAAGGACTGAGATATGCCCTGGTCTCCTGCAGTACCCTCAGTCTTAGTAGGGTGGGGAAAATCTCTGCCCTGGTAAGTTTGTGGTCAGACTGGTTCTCTGCTCTCAAACCCTGTTTTCTGTTGTTTAAGATGTTTA,"[[226291343, ""A"", [""G""]]]",yes,no,A->G,1
chr1,80542266,80542590,CTGTAAGGAAATAATGTTACCTACACTGCAAAAAGAAATGAAAACTTAGGCTGGTCACAGTAAAACTGCAACTAGGACCTGTACTTTCTAACTTGCTTACAAGTGTTCATTCATTCTACTCTATCTTAAATGACATTCCATGGAGCAGAGTGTAATCTTCTTTTCATAGTAGATGTATATATGAGTCACATCTTGGAACTCGCAAAGAAGTTCTAAATTTTGAGCACTGTGTAATACATATTTATTGTCCCACAATTGAATATGTGTTTGCATGGGAAATATGTTTCTTTGAAGGTATTCTTTGAATCCAGTTATTTCAAAGACA,"[[80542275, ""G"", [""A""]]]",yes,no,G->A,1
chr4,123661157,123661444,TTCTTGGAAATGAAAGGCTGGAAAATGAAGCATGGAGACATACTTCTTATTGAAAACACAGCAGGAGAGTGTCCTTCCCCCTAAAATCATTCAGACTGTCAGATTAAACATATATTATTTCTTAAAAAAATATTCCCAGAGGAAATCCAGCATCTATCTCCCCCTACTGGTGTCATATTAAGAGTGATGTCTGACTGTTTTCCCTTGAAATGAGGAATGTTCTAATTAAGATGAACATTTTAATTTGTTATTTGGACAAAAAAAACTTATATAAAACTTAAGCATTCT,"[[123661222, ""G"", [""A""]]]",yes,no,G->A,1
chr18,66249336,66249665,TATTATTCATAGTTTCTTTTTGGCTATTCTGATTCCTCTTCCTTTCCACATACATTTAAAAATGAACTCATCTGTTTCTTCAGGCCATCTGGTGCCTGGCTGTTTTCCTGGTAGTGGCAATAGATAGCCCAGCATAGATGAACAGGAGCCCCTGCTGTTGGGTCCATTTACAGCCACTCAGCTTACTTGTGGCCTCTGGAACTGCTTGCATCTAATTCCAGATGCATCACTTCCATTTTCCAGTGGGTCATGGTTGGGCTTGTTCAACCTTATGATTTAGTTCATGATAGGCCGTTTAGGCTGTATGATCACCTGATGCCCCATGGCTTA,"[[66249435, ""T"", [""C""]]]",yes,no,T->C,1
chr1,233216060,233216361,CAATAGAGGGAAAAATCAAGCTTTCTTTCATTGGGAGGGTTTTCCAGGGCTACAGGAGATTGCCACAACAAAGGAAAGACAGTTGCTTAGCGAGCTGGGGAGTCTACCTGGCGGTGAACTTGGTACAGAGGCATGTGGCTCAGATGCCTGCAAGGGGCACTGCCTGTCCCATAGCACCTACCCCGTAGGCCACCATGGATGAGCAAAGGGGCAGCAGGCTCAGAGGAAAGCACATGGGTGTGTTTCAGAGTTCACAAAATAATGCCAGGGCACCAACAGATCAGCATAGGTGAGCTCAGAGT,"[[233216180, ""C"", [""T""]], [233216238, ""C"", [""T""]]]",yes,yes,C->T,2
chr17,41451046,41451500,GATGTTTCTATACTAAATAAAATATGAAAATACTTATTGATCTTTCACTATCCACCAGATACTTTAGTGCACAATGAAAGACAGCAATTTGACAGAGCAGGAACATCGCCATCTTAGACAAACACCACCATTTTAAGTTTCCCTTGATTAAAAAAAAAGTAGCCTAAATCCAGCCCCAAAATATCAGTCTAATAGCTAATGTCAGCATAAACAGAAATATTCCAACCCTACGATAACCCCCCTCCAACCAGAAACATGCCAACCTCAAGATAGCTTCCCCTCTAACCAAAGACATTCCAACCCCACAATAAATTTTTCCTCACGTAGAAACATTCCAAACCTATGATAAGCTCCCAGCTTCCTAAACCCTTAAATATCCTTAGTCTGTAAGAGAGAACACTCCTAACTGAAATCAGCCAGAAGCCCCTCTCAGGTTTATTCTCCAAAATAAACCT,"[[41451148, ""G"", [""A""]], [41451228, ""G"", [""A""]], [41451310, ""C"", [""T""]], [41451471, ""T"", [""C""]]]",yes,yes,T->C,4
chr13,33224747,33225092,TCAGCCAGTTTGAATGGGTCTCTGTTCCTTCAGAAAACAACATCAGCAATATTGACTAGAACATAAATGAGATGTAAAACATCACCATCTTTGTACATTTTCCTCTCGTAACTATGCTTTTCTAAGCATAACCGACCTTTGATTCAGCAGTTGGACAGTTGCCTACATCATCCCGTTCTTTTCAGGAACAAATGACAGTAAAACCTGAATATTTCAGGAATGAGGTATTTCAGGATAACAGGATTTTGTGTGTGTGTGTGTACCTAAAAATATAACATTAGAATATCTGAACTTAAAAAAAAATAACTTTTTTGGATGACAATATTTTAAAAATAGATATATTTCT,"[[33224810, ""C"", [""T""]]]",yes,no,C->T,1
chr4,25800303,25800579,GCCATTAATTACACATTCTTAAGAAAATGAGCTATGACACAACTCTTCTAACTGTATAATTCCTATCTGTGATTCTTAATCAGGTGACTTTTCAGCTGCAAGACGGATCTTTTCTATTCATCTCCTCTGGTTCTGACCAATTAAATGTTTTCTTTCGCAATCATAACATTTCATATGCCAAATCTTCAAAAGAAAAGGAGCTTGTTAGCAACATATCATTTCCTGTTGCTAATTTATGCTGAATTTGAATTCTTAAAAGTATAACATATACATGTAG,"[[25800315, ""C"", [""A""]]]",yes,no,C->A,1
chr15,74294050,74294404,GCATGGACTTTCCTATAGAAGAACCACTTTAAAAGAGGCCCACCTGCATTCATTCCCTCTCTGGTTGTTCAGGGTCAAACACCTGGGCACCTCTAACTCTGAGCGCATCTGTACTGGTTGGCAGTGTGCCCATTGCTCTATTTATTTCTAGCACAAGACTCCAGACAGTGGAATAATTTGTCTGCTATGCAGCCAAGAGAGGATTCCAACAGCTGGTGCAGGGTGGAACTGGCTCACTTTTGAGGTCCCTGAAAATCCTAGGACTGCATGATTCTTTGAACAATGAGTATGTTTTAGAGATAACCATGAATTTCCAACAGGGCTTTAAAGTAACCCTTCCCCAAAGGGAGCACAG,"[[74294305, ""C"", [""T""]]]",yes,no,C->T,1
chr2,212213152,212213507,TTTGCAATCTACCCATTTGACAAAGGTCTAATATCCAGAATTTACAAGGAACTTAAACAAATTTACAAGAAAAAAACAACCCCATCAGAAAGTGGGAAAGGGATATGAACAGACACTTCAAAAAAGAAGACATTTACACAGCCAACAAACGTATGAAAGAAAGCTCAACATCACTGATCATCAGAGAAATGAAAAATCAAAATCACAATGAGAAGTTTCAGTTTCTATATATGAGGGTTTAGTGGTAAACTATTGTCTTAGAAATGAGTAGAAGTTTAACAGGAAGTTGTCTTAATTTTATGCTTGTAATGAAAGCACAGTTTTTAATGTAGATCTTATGCATTTATGGGGGAAGC,"[[212213179, ""G"", [""C""]], [212213504, ""C"", [""A""]]]",yes,yes,C->A,2
chr11,109933177,109933458,GGTTACATATTCAGTCTCTAATACTACTTTTCCAGCATCATCTCCTCCTGCTCCTTCATAGTGAACACTTGTTCAAGCCTCAGTGAACTTGAAAACTCCTATCCTTTCAGGGTTTTGCCAAAGTTTGCGCCTCCTCTGTGAGTCATAGCGTGGTATGTACTTACTTATCAGTGTATGAGTTTTGGAGCCAGACAGACTTCTGTTCCTTGCTCTACCACATCCTAGCTTTGGAAACTTAGGCACATTTTTTTGACCCCTTTAATCTTTAGTTTCCTCATCTTA,"[[109933204, ""C"", [""T""]]]",yes,no,C->T,1
chr21,28439259,28439587,AAACCATGACTGTGAAATAAAGGGAGAGGACTGGATACAATGTTTGTGACAAAAAATACAGACTCATAATGCACCAAAACACAGCACTTAGATTCTGAGTATTTTTATTTTACTCTGAGAATTAAAAGCAGGCTGTTGACGCACATAGTCAATAAATCAAACACATGAAATCTTGGGCTTTTTCCCCAGTGTCCACTTTACCAGGGTTTCTAATAAAAAGTCCCATATTTTGAATTCAGCTCATTCAGACCTCAAATCCAAACATAGTTTAACAATTGAACAATGGCTGTTGTTAAAAAATGTCACAACCAAACGTTAAAAAACAGTTG,"[[28439297, ""G"", [""A""]]]",yes,no,G->A,1
chr2,80551105,80551405,CATCAGAGCTCTTGGGTGACCAGGTGCATTTTCAATGAGCAATAACATTTTGAAAAGAATTATTTTTATTCTGAACAGTAGGTTTCAAGAGTGGACTTGAAATATTCAGTAAACCATGCTATAAACAGATGTGCTGTCTTCAGTCTTCGTTGTTCCATTTATAGAGCACAGGCAGAGTAGATTTAGCATAACTCTTAGGGCCCTGGGATTTTCAAAGTGGTAAATGAGCATTTGGTTCAACCTAAAAATCAACTGTATTAGCCACTAATAAGAGACTCAGCCTGTCCTTTGAAGCCAGCTA,N,no,no,N,0
chr11,112810977,112811346,AATCAAGATGTTATAGGTCTAGCTGTACTAACAAAGAAGCCAAAAAGGTCTGTAATTAATGCACACATTTTGTTATACTTCTCACTCATCCAGAGCCCACTATAGGTCAGGAGACTCTTGTAGGCAGCTGTCCTCCATGTGATGACTCAGGGATTCAGGCCAGTTTGATCTTGTGGTTCCATTACCAACACATGCCTTCATGCTCCTGGGCAACAGAGACAAAGAAAGCCTAGAGGCTTACAGGGCCCTTGCTGTGCCTTAGTCTGGATATGACACACAGCACTTCCAATCTCATTTCCGTCCACAGAACCAATCATATTTCCCACCCAACCTCAGCAGGGCTGGGTAGTATGAAGGAAGAAACATGAGG,"[[112810982, ""G"", [""A""]], [112811048, ""A"", [""G""]], [112811247, ""C"", [""T""]]]",yes,yes,G->A,3
chr13,34928725,34929032,TCCATTCTTGAGGATCCATGGTCACTGCAACTGTCTTTTCAGGTTTGCCCCAACTGTGGCTTGTGTGACCAGTTTTGATTCCTTGCTAATTGATTCCTGACCACTAGCTCTGGGCATGGAACCTGCCTGGCTCCTTTTAACGTCCCCACAACTTGTCACGCACTTTATCCAAACCAGTTCCCTGCTCTGAGTCTACAGCTGTGACTCACTACTGCCTGTATTTCCAGATTACTGGAATTACTGCTCCACTCCAGATTGCTGCCAGAATTAATGCTACTGCTTTCTCTGTAATACTTTGTACTTTTCAA,"[[34928811, ""C"", [""T""]], [34928866, ""A"", [""G""]]]",yes,yes,C->T,2
chr21,5508636,5508844,ACTGTTTGATTGCAGAGAAAGTGAGCTTCTAAAGCAGCTGACCACAAAACAGCCTCACCAAACCCCAGGCAGGCCAGGCAGTCTGAACACTACAAGGCCACGTGATGGTCACAGAGGATGACAGCTCCCGTGAGTATTGCAAGGCACTGTGTTAGCTTCTCACTCACAGTCTCAGAATACCCTGTGAGGGGAGGCCCCGTCTCACTAGA,N,no,no,N,0
chrX,135938067,135938368,TGAATTTTGTCAAAGGCCTTTTCTGCATCTATTGAGATAATCATGTGGTTTTTGTCTTTGGTTCTGTTTATATGATGGATTACGTTTATTGATTTGCATATGTTGAATCAGCCTTGCATCCCAGGGATGAAGCCAACTTGATCGTGGTGGATAAGCTTTTTGATGTGCTGCTGGATTCGGTTTGCCAGTATTTTATTGAGGATGATGCTGGCCTCATAAAATGAGTTAGGGAGGATTCCCTCTTTTTCTATTGATTGGAATAGTTTCAGAAGGAATGGTACCAGCTCCTCTTTGTACCTCTG,N,no,no,N,0
chrX,25019729,25020002,ATTATAGCAATTATAGTTCTACTTGTGGAAGAAAACCTTGCTGAGATCAGGCAAACAAACTGAAGCCTTGTGAGGATAACAAGCGTCGGGATTGACAGCCGGTGCTGGGAAGAGCCGGAGGGCACAAACAGAAATATTTGCTTCCCCCCACCCCCCCTTAACTCCAACCAGTCAAGGTTAACCTCCTCAAACGCTGCTTTCAGAGTCTTATCCACTTCAGGGTATGCATTTTATGCACAAATCGAGGTGTCTCCTCCTGGAAGTCTGGTAATAG,N,no,no,N,0
chr1,7315340,7315661,AACTTCACTTGGCATTTTCTTTTCTATGCAAAGGATTTGAGACCTAAGAGAGGGAAGAGATGAGGGAAGACCTTTTCGCCTTCTCCATTTCTTTCCCTGAATATAGACTGGTTCAGCAGCTCAGGGTGAAGCCTGGGAAACAGGCCTGGCTTTTACCGTGGTGAATCACTTATTGGCTGGGTCAACATGGACAACTCTTTAAACTTTCCTGAGCCTCAAATGCCAGATGTGGGGATTCTGTTCTGTAGGACCTTGTTTTTGTGTCCTGAGGCTGCCTTAACAAAGGATTGCAAACTGGGTAGCCAGAAACAACAGAAATTAT,"[[7315442, ""G"", [""A""]]]",yes,no,G->A,1
chr21,18722229,18722486,AGCTCATTAAGAGTAGAAATCCACTCTGAATGTGTACTCAGTAAGATATCCTGCATCAAGTAACTTGCCCCTCCAAATGGGAGGACTACAGTGTCTCCTGCTCAGTGCAGTGATGCTTTTCTTTAAGTGCATATAGAAATGTTCATATTTTACCTGAGTGGGCTGACAGTTCAACACATTGCCATCTTGTGTTGACAATGCATACTTCAATTTGGTATTAGAGACACATTTCCTTATACTTCTGGGTTTAAATTATGC,N,no,no,N,0
chr13,47826514,47826856,ATTTTTTTTAGAAGTATTTTCCTGGCAGCAAAGTGAAGGGACAGAGAGACTGATTAAGGGCCTAGAATGAGAGTCTAGTGAAGAAATAATAAAGGCCTGAAGTCTGGCAGTGACTTGGAGGTTGGGTAGGTGCCAAATTTTTTAAAAGTCTGAGCTTATGAGTATAAGATAAAAAATGGTATAAACATCTCCAGCATGTGAACGTGGAAGCTTGTGACATCATGGAATAAAACTGGACATACAGAAAGAGAAAGAGCAGACAAGGGGCTAATTGATGAACCCTTGTGATGGTAGGTTCTTTTTGCCTCAGAAACTAGTAACCCACTTTCTAACTCATAGGAAA,"[[47826618, ""C"", [""T""]], [47826751, ""A"", [""C""]]]",yes,yes,C->T,2
chr5,99105253,99105587,ACTAATGAGGTTGTTGCTATCTGAGATGCTTAGAAAATATTTCTGAGTTGCCAATCTTTCTCCTCCTCTTTCTTTTTGTCTTAACACTGAGACAGCATTGAAACTTCTCTTAAAAGGAAATACTCATTGGATGACCGCCAGAGAAACTTGAGCGTCTCTCTTGATAGAGCTTACTAGTTTACTGGTGTTGTGTTAGGGTTAATTGGCAATATGTGCAAGATATAAAAAACCCAATATTTCGTCAAACAAAGAAGTAAACATTTAAGACAATGGCCAAAGCTCAATCTCTTTGGGTCTTAGCTTCCCAATCTAAGTAATACTTTGAGGTTATTGTG,"[[99105280, ""A"", [""G""]], [99105320, ""G"", [""C""]]]",yes,yes,A->G,2
chr3,157859602,157859875,CAAGCAGCCCGGCCAAATTTATCTGGAACACAAAGAAGAAAACACAAAAATGATTATCTTTTTTTTTTGGAAATCATTCTCAACTTATGCCAAGGATTTTGCAGAGGCCCTGCAAGAGCAAAGTCATTCTTCCAGAACAGCTGCCAACTCAGAGAAGAAAAGGCTGAAGAATGAGTGAAGACATACAAGTCATTGGGAAAAACCCCTAAAGAGAAGGAAAACCTAGGGTGGTCAGAAATGTGAGCTCATTCCCATGACAGCAGAAGAGAGGGGC,"[[157859624, ""A"", [""C""]]]",yes,no,A->C,1
chr13,59754487,59754701,CTCTACCATTTAGCAGTAACCAACTTGTAGACAGAAGTTCTGAGTTTGTATCCTGACTCTGCCACTTAATAGCTATAATGATCTGCAAAAGCACCCTTTCCAGTTACAAATATAGCAAATTGAGAATGAAAATCGAAACTGTTTACTTACAGAAAAATAAGCTCTAGTTTGTAAAAATGGAAGATTCCACATTAGCTTAATTAGTCACTGAAGAA,"[[59754589, ""A"", [""G""]], [59754670, ""G"", [""A""]]]",yes,yes,A->G,2
chr7,16359283,16359560,TGGAAGTTTTTCATTTTAAATTTCATTTCTGCCCCCTAAATAATGGCATCATTACTAGTACACATGTAATTCACAGCGTGATCACAAGTACTGTCATCATTGAATTGCTTGGTAGTCAACAGTTGTCATCGTTGGAAGAATGTCAGAGCATTGCCTGGATACTGGTGTGCATAGCTCTTGCTATATACATGTAGCCAGCAGTTTTAACTGTCTGTTATGTCTAATTCTTTACTGTCCATCTGTGTCACTTCTCAACTTCGTTCTAACTTTTGTGCCCT,"[[16359378, ""G"", [""A""]], [16359556, ""C"", [""G""]]]",yes,yes,G->A,2
chr10,77209878,77210210,CAATAACAAGCTCTGAAATGGAATCAGTAATTTAAAAAAAACCTACCAACCAAAAAAAAAAAAAAAAGTCCTGGACCAGATGGGTTCACAACCAAATTCTACCAGATGTGCAAGGAACTGGTACCAATCCTACTGCAACTATGCCAAAACACTGAGGAGGAAGGGCTCCTCCCTGATGCATTCTATGAAGCCAGCATCATCTTTATACCAGAAGATGGCAGAGACACAACAAAAAAAGAAAAACATTAGGCCAATATCCCTGATGAACATAGATGCAAAAATCCTCAATAAAATACTGGCAAATCAAATCCAGTGGCACATCAAAAAGTTAAT,N,no,no,N,0
chr2,86056980,86057288,GGATAAAGGAGTTATTTAGACTTTCAAGCCTTATTATTTAAGAAATACATTTCATTAAGGCTGTAGCTGCCATAGATAGTGATTCTTCTGATGCATATGGGCAAAGTAAATGGAAAACCTTCTGGAAATGATTCACCATTCTAGATGTCATTAAAAAATTTGTGATTCATGGGAGGAACATCAATATTAACAGGAGTTTGGAACAAGTTGATTCCAACCCTTAAGTATGACTTTCAGAGGGTCAAGACTTCAGTGGAGGAAGTAATGGCAGCAGTAGTAGAAATAGAACTAGAATTAGAAGAATCTATA,"[[86056997, ""T"", [""A""]], [86057163, ""G"", [""A""]]]",yes,yes,T->A,2
chr11,24560384,24560665,GGGGCTAAACAATTCAATATGTGACATATCATGATTTATTCTGAGAGCAAAGAACCCCATTAAAAGAATAAAGAGGGTGACAAGGTGAGCTTTACATTATAAAAAACTCATTATGGTTGTGTAAAGAAAACCTGAGAGACAAGAAAAACAGGCAGCACGACAAGTCAGATTCAACTCTAGGTGCACTAAAGAACACATAGGTAGCTTGAAAAATACAGAGTTCTTTGCCCCATCCCCATAGACTCTTTTAAATCGTTTGGTATAGGGTTCTCTTTTAAATAA,"[[24560398, ""A"", [""C""]], [24560494, ""C"", [""T""]], [24560622, ""A"", [""T""]]]",yes,yes,A->T,3
chr20,13301012,13301421,AAATCAAAGCTCAGAAAACATAAAGACATTAGACCCATCTTTCATTTCCTAGCCTAGTATTCTCTCTACTGTAGCACATTTTTGAAGTCCTTATATTCCCGGTACCTTTGGCATTCCTAACCCCACCCTTAAGTTATCCTGACACAATTCTATTCTTATGGAAAACTTTTTACCAGTCATTTACACATTTTTTTTTTGAGACAGTCTCACTCTGTCCCCCAAGCTGGAGTGCAGTGACGTGATCTTGACTCACCACAACTTCCGCCTCCTGAGTTCAAGCGATTCTCGTGCCTCAGCCTCCCGAGTAGCTGGGATTACAGGCATGTGCCACCACGCCTGGCTAACTCTTGTATTTTTAGGAGAGATAAGGTTTCACCATGTTGGCCAGGCTGGTCTTGAACTCCTGGCCT,"[[13301042, ""G"", [""A""]]]",yes,no,G->A,1
chr2,15154281,15154672,TTCTGTCCCCAACTCACTGCTGGACTTGGAGCAAGGTTGCTGAGGCTCTTCATCGGGGGCCTCTGTGGGGAGAATGATGCTGTAGCGGGACAGAGTTGTTTTCCCCTCGGTTTCATAGACTGCATAGACATCGGTGGTTTGTGGTCTGCTTCTTAGCTGTGACTTCTAGCTCCATTGCCTCATTGTTCTGTAGAGAGCTCTGACTGAAAAATGTTGTTTCTGAGTATCTGGGGGCATGAATTCATTTCATTCGCACTTACTGTGTACCTTCTACATTCCTGCATGATTCAACTCAGCAAGAATTTGTGAACAACTATGCTAGGCAGCAAGCCTTTCATCTCTATTGAGAATAAGAGGTGGGCCCAGCCCTGCTCTGATATAGGAGCAGTACA,"[[15154285, ""A"", [""G""]], [15154559, ""T"", [""C""]]]",yes,yes,A->G,2
chr3,146004824,146005181,CCTCTGAACATTCTCTCCTTTGTAAAAGCTTTGAGCAACTGGCAAAAAATAGCTTTGTCAGAAATCTGGAAATTAACCAAAGACTTGCAGTAATCTGGAGAGTATTTGGTGAGAAATATGGTTTAATCTCAATAAAAAGAGCAAGCTTTGTGACATTTTGACTTGCCCTATTTTCACCCCACTCTCCAGATCCATGGTTGCCTCAAAAATCAATAGCCCACAATTGCAATGAACACCAGCAGTCACGCAGCCCTCAGAGGAGGCAGAATGGGATTGGAGATCTGTCAAAGCCTCATTCTCAAAGGACTGTGGTACATTGGAAGATCTGATTTGCAATGTTGGGTTTATTTGATCTGTC,"[[146004983, ""A"", [""G""]]]",yes,no,A->G,1
chr15,75371488,75371898,AATCAAATCCAGCTTTTTTTTCCTTTTGTGAGGAGGGGAGAGGAGCAGTGACCATGATAGTTCCAATCCATCTGAGTATTAAGTCCTTCTCCAGTCTGTTTTGTAAATGCATCTCCATCCAGTCAAAGTGTGAACAGCATCCGGTTCCCTCATTGAAAGTTAGGCCACAGGAGACTCCAGTCTTAGCTCTGCTGGTGTGTGCAAGCAAACTGCATGTCTTTGCTTGCATGGACTTCCTTCCCCTCCAGGGCAGGCTATACCCAAAACCCTTTGGGAAAAGTTCCAGCTTCAGCTTTGTAAGGTATTCATGTTCCTAACAGGTAGCCCACTTGGTGCCAGGCTGCACCAGCCACACACAGGTCAGGTGGCCATGTCCCAGAGAGGCCCAGTGAGGCTTGAAAGGCATCTTCC,"[[75371518, ""G"", [""A""]]]",yes,no,G->A,1
chr9,12351947,12352385,TACAATTTAATCAATCCACTTTAGCAAGCTCTGAATTGTCTTATGGTATTGATTGCAATATATCTAAACAAATCCCTTGGGAAGAGATAGAAAACCAACTGGGGCTTTTGTGTTATTCCTCTTGTAAAGGAGCTCTATTTTTCCAGCTTTGCTTTTTCAGTGAGGTTGGCAATGTTTCCCAGCTTACATCCTAAAATAAACTACAGCATGAACACAGAAACAGCATATTTTATTTATATACAGAAAACCTTCTTTATTTCATTATGCAGAGTTTTAAGCCATATTTTTCCTGGACCTGAGGAGGTGGGTTGTACCCTCCCAGGGGACAATTTTGCTCTGTACAGATAATGATTCTTAACTGACTACAAGGCCAACACCCCTGTTTGCACACTTCGTTGCCTTTGTAGTGCCACAGAAACTCACATTACTATAACCTCAC,"[[12351951, ""G"", [""A""]], [12352096, ""A"", [""T""]], [12352120, ""C"", [""G""]]]",yes,yes,A->T,3
chr1,198946918,198947234,AGATAACCAAACAGGAATGCTTCTCCAAAATTAACATGCACATGAAGTACTTGGAACCTTGTTAAAATACAGATTCTGATTCTGTAGGTCTGAAGCACTGTCTTCAATTCTGCATATCTAACAATCTCCTGGGAGATGCTGAATCTGCTGCTCTGCTGAGTACACTCATTAGCAAGGCACTAGGAACCATTTAGAAATCTTAGGGCATAATATCAGAGGCTAACTACTTAAAGGTAACTTAATAACGATCTCCAACAGGAGAGTTTCTCCCACCACACTCTTTCCCTTTTTCTTTTTATCCTCTGTGTCAATTCTTG,N,no,no,N,0
chr3,7729189,7729489,TCACAGTCATTCACAGGAATATACGGTGCACCAAACTATTTGAATCACCCAATGCACGCATTTGCAGCTGAGGTCAAAAAGGGTGATGCCCTACCTTCTGGTTTCAGTTCTCATATTTGAACGTGTCCTTTTCTCAGACTATTTAACACCTGTACTTTTGGTTGGTGGTTTTGCAGTTTAAAATAACTCCTATACATATTACTAAAGTGCTGTGTCATATTCCTAAGTGCAAGAAGGCTATGATGTGTCAGCCTTCAGGAGAAAGTACATGTGTTAGAGACGCTTTTTACAGGCATTTGTC,"[[7729213, ""A"", [""G""]], [7729296, ""C"", [""T""]]]",yes,yes,A->G,2
chr6,97431219,97431553,AATCACCTTAAATCTGGTGGCTTTAAACAACAGAAATTTATTCTCTTGCAGTTGTGGAGGCAAGAAGTCAAAAATCAGTTTCACTCAACTGAAATAATTGTATTGACAGATTAACACTCCCTGTGGAGGCTGTAATGAGAGGGTCTGTTTCTTGACCTTTCTAGCTTCTGGTGGCTGTCAGCTTTCTTTAGCTTATGGCTGCATCACTTCAATTTCTGCCATTTTGATCACCTTTATATTGGGAAATTTCTATTATTCCATCTTCTACTTTATTGAATCTTTTCTTTCTCCCTTACATTCATTCTGTCATGGAACCCACCCACTGAGCCTTTTTG,N,no,no,N,0
chr8,89988641,89988942,GTTTGATCCCTACTTCTACCATCTGCCATGGCAGCTGTGGCATTTTTACTTCTCTTAGCGTGGGCCACCACTTTTCCACAAACTTCTAAAAGCTGTCATAGAAGCATGATAGCAATGTTTCCCAGAGTCCTTGCTGGAATGTTCGATCCTCTCTCCCTGGAGACTGCTCTCAAATCAATAAACTCTCTCATACAAATTTACTTTCCACTCTCCTTTTGTTCAGCATCCTCAGAAGGCAGTCCCATCAGTACTGTCTTGTTCCAGCTGCTTCATGTTGGCAGGGTTCTACAGCTCCTTCTGGG,"[[89988734, ""C"", [""T""]]]",yes,no,C->T,1
chr14,21193270,21193507,TGGTCCAGCCACAGCCTCGCAGAGAGCCAGGGCCCTTGCCAGCACCCGGAGCTGCTGGCCCCACTGCAGCAGCTAGCATGTCTGACTGCAGCAGTGGCTGGACCCCATGCTTGCTCACACACCCCTCACCACTCCATGCCTGACTCACCCTTGGCAGATGTGGGATCCATGCTGGTAGTGTGAGCTGAGTGCAGCCTGCAAATCCAAGTGGGCAGAATGAGCCCAGCAGGCCTGAGCA,N,no,no,N,0
chr4,185080569,185080895,CGAAAACAGGTTAAAAAAGTCCTCCCAAACATAATAGAAAAGACTGTTCAAACCTAACAGTAACACAAGCCCTTTTTCTCAAGAGCCCGTCTTGGTGAGTGGCATATGGTTTAGTGGAGATAGCATGGCCTTCGGGTTAACTGGACCAACGTTTGAATCCCAGCTCTGTCATTTAGTAGCTGTGTGTGGCCTTGGGCAATTTCCTTAATTCCCTGAGCCTCAATTTTCATTTGTATAACAAGAAAGGCTATTTTGAAAATCAATTAAGTAAATAAATATGCACATATTCTCTTTAATGTAAAATGTATTTTCTTAACAGTGAAACTA,"[[185080588, ""G"", [""T""]]]",yes,no,G->T,1
chr4,134956312,134956811,TCTATATATACTATATATAGATATATATATCTACTATACTATATATAGACATACTATATATAGATATATATCTATATATACTATATATAGATATATAGATATATATCTATATATAGATATATAGATATATATCTATATATAGTATATAGATATATATACTATATATAGATATATAGATATATATACTATATATAGATATATAGATATATACTATATATAGATATATATAGAATACATATCTATATATAGATATACTATATATGGATATACTATATATAGATATATATAAAATATATATCTATATATAGATATATATAAAATATATATCTATATATAGATATACTATATATGGATATACTATATATAGATATATATAGAAATATATCTCAGATATATATATCTATATATAGGATATATCTATATATAGATATATATATATCTCAGATATATATATATCTATATATAGATATATCCTATATATAGATATATATATATCTCAG,"[[134956582, ""A"", [""T""]]]",yes,no,A->T,1
chr12,7168258,7168601,GTTTTCACCATGTTGGCCAGGCTAGTCTTTAACCCCTGACCTCAGGTGATCCACCCACCTTGGCCTCCCAAAGTAGAAAGTCTATTTTAAACAATTTTAATTACAGCTAGCTTAATCATACACAGAATTCCTTTCATAAATTCCCCTTCATGAACCTTATCATGACTTACAAAGACCATTTACAACATGCTTGGACTTTTTGACTTGTCTTTACTATCTCTTTCTTAAATAACTAGCCATTTTATTTTCAGTTCTTAAATGTGTGTTTTGCCTGCAGTGCTTTTTGCTTTGACTTTTTGTTAACTGTATTTGGGCAATTGTTTAAAGCAGGTCACTTGGTTGTG,"[[7168491, ""C"", [""T""]]]",yes,no,C->T,1
chr12,58361127,58361438,ACTTTAAATGGAATCAGCAAAACTGGACTGTAACTTGATTAATTATATTAACATATCTAAAAGAAGAACTGATCGTTCAAAACTGCAGTTGGCCAGCAGTGGAAGAACAGAAAATGGAAAGTCAGAGGCAGATGTTGGCAAGTGTCCTCCTAGGACTATCCAGGGAGAAGGAGCCTTAGCTCAAGGACTTGGAATTTTCCTTACCCATTGGCAAGACCATCCATCGCTGTGAAATGTCTCTCTCAGGCCCTCTCAGCCCAATGTAATTATACATTCAAAGCTATAACAAATTCATTTTGTATGGATTCTATA,"[[58361169, ""C"", [""T""]]]",yes,no,C->T,1
chr5,129749154,129749405,AAGAGTTAGTCAATTTAGAAACAGGAAGAAGCTTTTCATTACAGAACAGATGTGACTGACCTACAAACCCCTGCAAGTCATTAAATCCTTTGGAGTGGTTCAAATTCCCTGAACAGAAATTTGTTTTCTTTTAAGAACAGTTGCTACTCATGAGTCCTGGTGTAAAGTGACTCCTTTGTGGTAAGTTTGTGGGCTCCTTGGGACCTTTATCATGAGATCATTCAAAATCAAGTACACTCAAATGATTATGTA,"[[129749186, ""A"", [""T""]]]",yes,no,A->T,1
chr10,32505191,32505461,TATTTTTTAGTATTTATTGATCATTCTTGGGTGTTTCTCGGAGAGGGGGATGTGGCAGGGTCATAGGATAATAGTGGAGAGAAGGTCACCAGATAAACACGTGAACAAAGGTCTCTGGTTTTCCTAGGCAGAGGTCCCTGCGGCCTTCCACAGTGTCCCTGGGTACTTGAGGTTAGGGAGTGGTGATGACTCTTAACGAGCATGCTGCCTTCAAGCATCTGTTTAACAAAGCACATCTTGCACCACCCTTAATCCATTTAACCCTGAGTTG,"[[32505362, ""A"", [""G""]]]",yes,no,A->G,1
chr16,89691905,89692197,CTGGGGTGGGGGAATGGGCTTCATGGGCCCTTGTGGTGCACACTTATAACGAAACAGGGCACTTGGGGACTTGAAGAGCTGCTGCTGCCTCTGCCTCCACCTCCCAGTGTTTCAGCGAGCTTCAGTGAGGTGGAATTCCTGTGGTGGGGGCATCTGCTGGGAGCGGGCAGCCCCAGGGCCGAGAGCCTTATGAGGGCACTGGTTTCCTGGGCTGTTGGGAGCAGGCAGCCCCGGGGCTGAGAGCCTTCTGAGGGCACTGGTTTCCTGGGCTGCTGGGAGCGGGGAGCCCTGGG,"[[89691947, ""T"", [""C""]]]",yes,no,T->C,1
chr20,20235817,20236051,GGCATGAGGGCCCTCCAGTAGAGGTGACAGGTGGTCCTCATTGCTGGGGAGTGGGAAGACCGTGAGCCTCTGTGTGAGACCCAGAGCAGGCAAAGCCATCTATGCAGCAGATGGCTTCTGGAGACCAGGTTTCTCTCTAAGTGTACTTCTCTGAAGATAATGCCTTTCAAACAGATAATCCAACACTTACCAGTATAGTAAGACATAGGCTTGAAAAAAATGGTTTGAATTCTCC,"[[20235856, ""G"", [""A""]]]",yes,no,G->A,1
chr12,16766400,16766692,CAGCTTCTATAAAGCTTAGAAGCCCAGCTAAATCACAATCACTGGAGTTCCTTATACCACATGGTGTGAACCTAGATGGTATCAAAATGCCTGATTTGTGATGTGTGTGTTACTGTTCACTTAAAAGTGCTTTTACTACCTTTTCTTATCAACGGAAAACTTTCAAGATATTTAAAGGCAGAGCCTTTAAACCTTCTGGCTGCAATAAAGCAAAAATGGCAGGTGGCTATATGAAAGTGGTAGAATATATTTAAAGAAAATCACTCATAGGGAAAAAGTGCAACATTGCTTAG,N,no,no,N,0
chr3,33240283,33240620,ACTGAGGAAAGCCTCTATCCAATAGCCAGCCAGGAATTTAGGCCCTCAGTCCAAAACCCTACTAGGAAGCAAGAGAGTTTAGAAGTGGATCTTCCCCCAAGCAAGCTTTCAGATGATACTGCAACCCTGGCCAAAAGCCTAATTGCAACCTCATGAGATCTTAAACCAGAGACACTCAACTAAGTTGTGCCCAGATTTCTGACCTACAGAAACGGTAAATGTTTGTTATTTGAAGCCAGTTTTGGAGACAATTTGCTATTACCAACAGATAATTAATACAATATGCAAAACCAGATGGTTAATTTCAGCAGAGAGATGGAAACTGTGAGAAAGAACCA,N,no,no,N,0
chr5,65391765,65391975,CTTACTGTGTCACCCAGCTGGAATGCAGTAGCATGATCTTGGCTCATTGCAACATCTGCCTCCCGGATTCAAGCAATTCCCATGCCTCAGCCTCCCAAGTAGCTAGGATTACAGGCACCCACCACCACACCAAGCTAATTTTTGTATTTTTAGCAGCGATGGGATTTTGCCACATTGGCCAGGCTGGTCTCAAACTCCTGATCTCAAGTGA,"[[65391811, ""C"", [""T""]]]",yes,no,C->T,1
chr1,208442717,208442944,CAGTTTCATTTAGTTCTGCTTTGATTTTGGTTATTTCCTTTCTTCTGCTGGGTTTGGGTTTGGTTTGTTCTTGTTTCTCTAGTTCCTTGAGGTGTGACTATAGATTGTCTGTTTTTGCTCTTTCAGTCTTTCTGATGTAGGCGTGTAGGGCTATGAACTTTCCTCTTAGCACTGCTTTTGCTGCATCCCAGAGGTTTTGATAGGTTGTGTCACTATTGTCATTTACTT,"[[208442719, ""A"", [""G""]]]",yes,no,A->G,1
chr5,7943510,7943748,GTGTACAGCTCTGAAGTAACAATCGAGGAGCGTCCTCAAGGCCTTGTTGTGAAGTTGCCGTGGGGATCACGAGGGAGCCCCATGAGATAGAAATAATTGGCTCCTTTCCTGAAAAGGTAGGAGTTGAGCAAATCCTGAAGGGCAGATGTTGACAATCAATAGTTGTGCTTTTTATGCAAAGGAAAGAGTATTAGTGGATGAAAGGCAGTGAGATTGCATGTGTCATGTTGCAGTGGTTG,"[[7943612, ""A"", [""C""]]]",yes,no,A->C,1
chr2,3435893,3436168,TGTTTTAATTTGATCCTAAGGAAGGTCAGTGTGCATTTTGAGGCATTATAAAAATATAGTTGATATTACTTGATAACCTTTGAGTTAGCGAATTTTAATTTCACATCAGTAAGGTACTGTTTTAGAGCAGTGCTTCTCCATCTCAGCATGCACAGGAGTCACCCAGCCTCTTGTGGAGGGCAGGCCCTGATGCAGCAGGTCTGGGCAGGGCCTGAGACTCTGAAGTTCTAACAAGGGCACAGGTGATAAGACTGCAGCTGGTCAGAATGTACCTTT,"[[3435921, ""A"", [""G""]], [3435962, ""C"", [""T""]]]",yes,yes,A->G,2
chr3,193175841,193176154,TATTTTATATTATCTGTTTCCAATATAAACCAAATAGGCTTCTCTGAGTTTCCTTTCCTCTCATCCATCACCTCATTTGCATAATACACGTTCATCTTAGTGCAGGGGAGAGGGAAAGAGGTTATATAGCCTGTTACAAATGAGGCTGAGTTCTCAGATACAAAAATTTCCCTTTTATCTTACAATTGCATTATACTGAAAGTGAAACCTGTATCTCATTCTACTAAAGCAGAAAAACTTTAAATGACATTTTCAAATGTCTAGTATAAATGATATTTATGTTCAGTAGAATATAATTAGATTTTAATTCTCTG,"[[193175876, ""G"", [""A""]]]",yes,no,G->A,1
chr8,142982099,142982438,GGTAGCAGGATCCAAAAATTCAATCACAGAAAATGGGGGCAGGTGCCATTACTGTGAGGCCAGTGAAAAACAATGTTTTCAGCTACCAACCCAGCCATGTGTGACCACGGCCTGGGCTCGGCACTGCCCTGTGTGTTGGCCAGTGGCCCATGATGATCTAGTGAGGCTGGAAGGCTGGATGGAGCCAGGAAGCAGGTGCAGGCTGAGGTCGCGGGGCAGAGTCTGGTGCTGGGTGATGGGGAGAGAGAGGACGCTTCGGTCTCTGTACAGGGTGGGGAGCTGGTACCAGCTGCAGCCGACAGGTAACTGTTTCTTTCACTCTCCTGAGTTCTTGTTCAGG,"[[142982185, ""T"", [""C""]], [142982367, ""G"", [""A""]]]",yes,yes,G->A,2
chr4,73528172,73528439,CTAGCCTGGAAGGTGCAGTTGGCCATTTCATGGGCACTCAAGGAATGTCTGACCTACCTCACAGTGATCTGTTCATAGTAAACATTTAATGCAGGTAAATATAGTCCTAACTCATCTTCATCGTCATGAAATTCTAGAAGTTTCACGTCAACAAAACAATGACTCACAGGTTTTTAAGAAACAGTGTCAGCATATGTTCTTGAATTCCAAGTTATACAACTTTGTGTTTGTCAAATTACAGGTACAGTTATGAAACCTCTAGAAGTCA,"[[73528194, ""T"", [""C""]]]",yes,no,T->C,1
chr2,190777734,190777980,TCAGATCTCAAGCTGGGTGCTGGGAGAACCACTACTGTCTTCAAAGCTGTCAGACAGGGACATTTAAGTCTGCAGAGGTTTCTACTGCCTTTTGTTTGCCTATGCCTTGCCCCCAGAGGTAGAGTCTACAAAGGCAGGCAGGCCTCCTTGAGCTGTGGTGGGTTCCACCCAGTTCGAGCTTCCCAGCTGCTTTGTTTACCTACTCAAGCCTCAGCAATGGTGGGCGCCCCTCCCCCAGCCTCGCTGC,N,no,no,N,0
chr3,172660464,172660806,GATTTATAATCCTTTGGGTATATACGCAGTAATGGGATTGCTGGGTCAAATGGTATTTCTAGTTCTAGATCCTTGAGGAATTACCACACTGTCTTCCACAATGGTTGAACTAGTTTACACTTCCACCCACAGTGTAAAAGCATTCTTATTTCTCCACATCCTCTCCAGCACCTGTTGTTTCCTGACTTTGTGATGATTGCCATTCTAACTGGTGTGAGATGGTATCTCATTGTGGTTTTGATTTGCATTTCTCTGATGGCCAGTGATGATGAGCATTTTTTCCTGTGTCTGTTGGCTGCATAAATGTCTTACTGTGAGAAGTGTCTGTTGATATCCTTCACCC,"[[172660546, ""G"", [""A""]]]",yes,no,G->A,1
chr3,87756638,87757041,ATTTATGGTATAGAATGCTGAAAAGAGTATTATGCTCACTCTTACAACAACAACAAAAAGCTCAGACGATCTTTAAAATTATAACTTTACTGGGATACAATGGATAGCTGATGTCACAGAGCAAACAAAATCTCAGAATCCGGTCTATGCAAACACAAATAGAGCCAAGGACAAACAGGACCCAAGTACTTGTTTATCTGGAGCAGATGCCAGACACCAAACCCTAATAAGCAAATAAGAATTTAGTCAAAAATGTCAAGGAATATCTGAAAGCAGATTGTGGGGTAGCATAAGAGAACAGAACCCTTAGGAGCCACAGATACCAGGAAATTTATACTCACTTTGTCTCTTTTCTACACACCTTACCACATGCAGATGAAAAAGACTGGAGAAGGAAAGCCCTA,"[[87756705, ""A"", [""G""]], [87756778, ""T"", [""C""]]]",yes,yes,T->C,2
chr20,48573215,48573648,CTCTAGCCTGGCAACAGAGTGAGACTCCATCTCAAAAAAAAAAAAAAAAAAAAAAAGGCACCATTCCACAGTCTGCTTGCTTTTTGCCAACACAGCATTCAGGGCTGCTGACTACAGCAGGTGAATTATGCACAAGGTGACAGCTTCCCCTGCATTCTCGGAGAAGAGTCTGGCAGGTCGGGTAAACTGCCAGGCTTTGCTCCTTTTGCTTCTAAGGCAGAATCTGCAGACCCAGAGAAGACAAGTTCTCATCACCAACTGCCTCATCCTGGTTTGAAGACAGGTTCTCATCACCAACTGCCTCATCCTGGTTTGAGAAGAGCGGGCAAAGGATTGATTCTGCTTGGACTGGTCTGGATTCACGCATTCAACAAATATTTGCACCTTCTACGTGCCAGGCACTGTACTTCATCAAGACACCAAAGGGCTTTTGG,N,no,no,N,0
chr7,56358803,56359252,AATCTACATCTTTAATGTATGCATATAGCATAGCTAATGTTCTATCACTGGGTCCATTTATTCAATGAATAATTGCTGCTATGTGTCAGACATTTTTCTAGGCCTAGGAATGGATACATAAGTGAACAAAGCAAAGATTCTGGTTCTTGTAGAGTTTCCATTAAAACACCATTTAGTAAAACTTTTCTTCCCCCAAATTATAAAATCTGTAAGATGATTTAACAACACGTATAAAAGTCCTTGTGGGTCAGGCACGGTGGCTCATACCAGGTGTGGTGACTCACAGCACTCTGTCACACAGGCTGGCGTGCAGTGGCGCAATCTCTGCTCACTGCAACCTCTGCCTCCTGGGTACAAGCGATTCTCCTGCCTCAGCTTTCTGAGTAGCAAGGACTACAGGTGCACACCGTCACGCCTGGCTAATTTTTGTACTATTAGTACAAACGGAGT,"[[56359042, ""A"", [""C""]]]",yes,no,A->C,1
chr10,23111051,23111351,AGCTCTGTGCATCGCCCATTAGGCAGTGCTTCCTTCTGTCCTCTGGGCTTTGAGCAGTCTGGGCCTTCCTGCCCGGCTGGCTGCTAATGTGGGCTGCCTTAGGAAGCCGGACCCGCCTGCAAGGATGAGGAGCGATTAGCATCGATTTTCCTCCGTGCTCACAGATGGGCAGGCCTTTGCCCGGATGCATTCACGTTGGCATGGGGGAAACCAGAAGGAGGTTAATTTTTGCACAGTAAAATGTGGGACTCAGGTTTCTGAGACAATAGTTATTTCTTGACCTTTGGTTGTGTTAAAGAGG,"[[23111063, ""T"", [""C""]], [23111262, ""T"", [""C""]]]",yes,yes,T->C,2
chr14,45068508,45068708,CCTCTACTTAGAGACCACTTATCTCCTATAATCAACATGCTAATTCCAGCAATAGTGGATAACAATCTGAATTCCAAGAATCCAGGCATCTATGCGGCTGCTACAAATGTTGTTCAGGCACTGAGTCAGCACGTAGGTAAGAAATCTTACTTCGGCACTCAAATTATTTTCACTTTCTTTTCATGTTTTCTGATTCCATCC,"[[45068639, ""T"", [""C""]]]",yes,no,T->C,1
chr16,6682553,6682753,TGCTTTGCTGCGGAGAGTGTCCTGTGCATTGTGGGTGCTGAGCAGCAGTTCTGGCCTCCAACCGCCAGATGTCGAGAGAGCTTTTCCTTCTCCCATTGAGACAACCAAAAATGACTCTAGATGCCGCCATGTGTCCCCCGGCGCGCAAAATTGCCCCCTGTTTGACGATCATGGTGTGAGACGATGTTATCATTACCAGTA,N,no,no,N,0
chr11,77854829,77855264,TGCCCTCCATACTGCTATTGTAGATGTTTTCCATGAGGGCTACGCACCCCCAGCAGACTTCTGCCTGGACATCAGGCATTTCCATACATCCTCTAAAAACTAGGCAGAGGCTCCCAAGCCTCAATTGTCACACTCTGTGCACCCACTGGCTTAACACCTCATGGAAGCCACCAAGGCCTATGGCTTGCACCCTCTGAAGCATCAGCCTGAACTGTACCTTGGCCCCTTTTAACCATAGCTAGAGCTGGAGTGGCCGTGATGCAGGGTGCTATGACCTGAGGCTGCACAGAGCAGTGAGGCCTTGTACCTGTCCCACAAAACCATTATTTCCTCCTAGGCCTCCAGGCCTGTGATGGGAGGAGCTACTGTGAAGGTCTCTGAAATTCCTTCCAGGAATTTTCTCCATTATCTTGGTTATGAATATTTGGCTCCTCTT,"[[77854853, ""G"", [""T""]]]",yes,no,G->T,1
chr12,102596063,102596445,CTCTATGCGCCTTTGGCAGGAGGGGGTGGTGAGCAGGAAACTCTGGCCAGCTGGCCACATGGGGTCCCTGGCCCCCAAGACTGCCCTGGAGCCCTGGTGGCGGCGGTGGTTCTCTCCCACCGCCTGTGGCCATTGGGCGTGGCATGTGCATGCTGCAGATGTGCCCAAGTGCCCCAGCTGGGAGGGGAGGGCATGAAGATGGGAGCCACTGCGTGCCATGTGTGCCTGCAGCTGTTGGGGTTGGGGAGGGGACGGCATCTCCAAGAACAAATGGAAATCAGATTGTTCTGAATTGCATATCTGATTGCTGGAGCCAACGCTCATTCTACTTAATATTTCTGCAGTTTGCAGCAAAACACTTAACATTATGAAAGGATAGGAGC,"[[102596074, ""C"", [""T""]]]",yes,no,C->T,1
chr9,131199825,131200117,TAACTTGAAAATGGTTCATAATTTATTAGAAAGGAAACATTTTCCTTTCTTCAACAAATGTTTGTTACACTCCTCCTAAATTCAGCTCTAAGGACACGGTGTTGAAAAGACAGATATGGTTTTGAGACCTACCCAATGCCCTGTGAAGAGGCCAGAGGGCCGCTGAATGATGGGAAATGTGCTGACTTGGTCCAGAAAATGGGCAAGGAGAAGGCCCTATGAGTCTTAGAGGAGAACGTGTAACACAGTCCGTATCACTACCACACCATTTGCTCTGCAGTCAGAACCTGAGA,"[[131199912, ""A"", [""C""]], [131199985, ""T"", [""C""]]]",yes,yes,A->C,2
chr5,172288543,172288817,TGGACAATATTCCATTGTATGGATGTACCACATTTTGTTTATCCTTTCATCAGTTGGTGGTTATTTGGATTGTTTCCATTTTTTGGGTATTGGAATAAAGCTGCTATGAACATTCCTGTACAAGCTTTTGTGTAGCCATATGTTTTTAATTGTCTTGGATTTATACCTAGGAATGGAATTGCTTGGTCATATGGTAACCCTGTTTAACTTTCTGAAAAATTGGCAAATTGTTTCCAAAGTGGTTTTGACTTGATTTTCCTAATGGCTAATAATGT,N,no,no,N,0
chr15,69539298,69539691,GGATTAATGCACGTGATTAAACCAAAGGAGGTGAGGTTAGGAGAAAGCTTTTGTAGACAGTATTTTGCTTACTTAAGCCCTCAGCGATGTCTCTCCTTCAAAAATATACCTAGAACTCGACCCCTTCCACCAGCTCTATGGTGACCGGCCTGGGCCAGCAGCTGCTGTTACTGCTGACCTGGACAACTGCTGGCCTCTCCTTAGTGCTTCCCTCCCCGCAGTCTATTTCCAACCAGCAGCCTGTTAAACGTGAGAGTGCATCATCTGCGACCGCCTTCATCTCACTCAGAGTAAATGCCGAAGTTCTCGCCAAGGTCTGCAAGGAGCTAATGAACAGCCAGATCTCCTGGGGACCTTGAAAAATGCAGATTCCCATTCAGAAGCCCTGGGGTGG,"[[69539318, ""C"", [""A""]]]",yes,no,C->A,1
chr5,161138889,161139347,TGCACAGGTTGATAGTGATGACATTTACTGAGATGAGAAAGAACAAAGTGAAATCAATTTTAAAAGGACCTAAGCCTTTCATGTCAGAGAAATAGGATAGCAAATCCTTTCAGATAGTTGCTGTCGAGGCTAAAGAATAATGTATGGCACATTAGCACAGATTTTTAGCTCTAGGTCTCTTGCTGATTATATAAGTGATCCCAAGTATTCCCCTTAACCACACCCAAGAAAGTCTTATATTTTTTAATTCTTTATATAAGTGGACTAACTTGGGTTGTTTTGAAGGTTTCTTTCAGTTTTTCTCTTCTCTTATTTCCAGCAACACCTGCTTCTCCACAGTCCAACACTCACAAGTTTCTGTTGTCTCACAAAAAGAGAACTCTTTGTTTCCAGAATCGGAGCTGGGTATTCTGTTCCTTCCCCTCTCATTTTAACTTATTTTGCATTTTTCTGTTGACC,"[[161138942, ""C"", [""T""]]]",yes,no,C->T,1
chr2,34837511,34837822,CACAACAATAACAACAAAAAACTACAGGCCAATATCACTGATGAAGATAGATTCAAAAATCATCAAAAAATACTAGCAAACCAAATTCATTTAAAAAGATCACTCTCTATGATCAAGTTGGAATCATCCCAGGAATGCACGGATGGTTCAACATATGCAAATCAATAAACTTGATACATCACATTAACAGAACCAATAACAAAACCATATGATAAATTCAATAGATACTGAAAAAGCATTTAATATAATTCAACATCCCTTTATCAGGAAAACCCTTAACACACTGGGTAGAAGAAACTTTTCTCAAAATGA,N,no,no,N,0
chr3,87743498,87743723,AGCTGTTTACTCAACTGCCCAATGAGTCCTCATGTAGCTGAGATTTCCCAAAACACCTGACCTGATTTACTGGCACTGCTAAACTGAAAGCTGATGGTGTGCACAAGGCTTCTGCAGGTGTTCAACCTCACTGCCACCTGTTCCAAACTCAAAAGAGATGTGGTTGGTCAACTCAGTGAGCAGATCTGAAGCCATTCCCAGGATCAGTCAAATACTGCCCTTGATA,"[[87743551, ""T"", [""C""]]]",yes,no,T->C,1
chr11,63775182,63775640,TCTGTGTCTGGCTTAGTTCACTTAGCATAATTTCCTCAAGGTTCATCCATGTTGTCACATGTTGAAGAATTTCCTTCTATTTTAAGGCTGGATAAGATTCCATTGTATGTATACAAAGCATTTTCTTCATTCATCTGTTGGTGGACATTTAGTCTGTCTCCACATCTTGACTATTATGAATAAACATAGAAGTGCTAATATATCTCTGAGATCTTATTTGAAGTCTTCTGGATAAATGCCCAGAAGTGAGATTTACAGTGGCTATACCATTTCTCATTCCTAACCAACAGTGTGCAAGGGTTCCGATTTCCCCACATCCGTATGAACAGTGATTGCCCTGTACAGCGAAGCACTCTGAATGCCTCAGCTATGCAAACCATTTACTGGGGTGACTTGATCAATGAGAAAATACAGGATAGCCGGCTGGGAGTGGTAGCTCATGCCTGTAATCCCAGCACT,"[[63775188, ""A"", [""T""]], [63775221, ""A"", [""G""]]]",yes,yes,A->T,2
chr13,93079314,93079636,CAAATACTAAAAATTTTTACTGGAGAATAAGAGGCCTTAGCTCAAATACTAACTATACTAAGAAGTAAAATATTTTGTATTTCACAAATACTAAGATCAAATTGTGACCCTTCTATAGTCCTCTGTGCTGCACTATAGCTGTGAGTCATCACTTTTGGGAGGCTCTGTTCAGTAGGAGTTAAGAGCCCAGCCAACAGACTATAATTACATTATTCAATGATCTGCAGCCTGTGCCTCGAGCAACTTCTCACCACATTAGTAGTGGCAATGAAAGCTGGAAAACTATGTGTACAAATTAAAACAGAGAAAAATAAATCAGAAGT,"[[93079324, ""G"", [""A""]]]",yes,no,G->A,1
chr3,70621084,70621298,TAACATGTGCTGGTAAAGATATATACCAAAGTACTGTGAAAGCAAGAATGGGAAGCGTTAACTCTCCCCAGGGAGGTCAGAGAGCCGCACTGGATTTAGTAGGTAGCTGTTAGTTTTGCTTGCTCAGCATCCATTTCCTTTTTTTTTTTTTTTTTTTTCTGGTGACATTGACTCAATTTTAATTTGAGAAATATTTTAGTCTCAATAGGTTAGTA,"[[70621133, ""A"", [""G""]]]",yes,no,A->G,1
chr6,51057407,51057659,AATGGGTAGTAGAAGAAGGTAGTCATCAATACCAACTGCAACCACATGACCAGCTGCAGAAATGAGTACTGTAACGGTCATGAGTATTTCCTCCTTCTTGTGTTAAAAACGCGTTTGTACATGTATACACTTGTACTAACAAAGTATCTTCATTTATTTCCTTTTCCTTTATCATGTAACATAAGATTTATTGACTTGATATCAGCATTTAAGTATTTTTTTAAATGCAAAAAATATTTATGTAGTTAAAAAT,"[[51057469, ""C"", [""T""]]]",yes,no,C->T,1
chr1,119353774,119354263,TCTAAGAATTCATAGATGGATTCCCCAAACCAAGGCAGCAAAGATTACTGATTGTCAAAGCCTTTTATAAAATAGGTGGAGAGCAGGAATGGTTCTCATCATGTCCTGTCTCCACCATCTTGATTCATCTACAGTAAAGAGGGGGGAGGGTGTGGGTGTGGAAATAAGTTAGATGTGTGTGTTGATGTGTGTGTGTGTTTGTGTGCGTGTGTCTGTGTGTGTGTGTGTCTGTGTGCGTGTGTTTCAAATTGCATTTTTTGGCTACATCTCCAGTGAGATGATTAAAGAACTTTAGCTCCTCGCAACCAGCCCAGCCAAAAGTTTGACTAGGCTTCACTTTCCCAATATGGTTCTCATTTACTTTCAGCCTTATTCATTTATTATTTGTCTTTCAGAGAAAAAGGCAGCAAGAAAAATCAACCTTGAGGTTCGTTAATTAGGCCTGCATTCTTGTTGATATATTTCAGGAAAACAATTGGTAACTTTTGCC,"[[119353775, ""A"", [""C""]], [119353912, ""A"", [""G""]], [119354204, ""T"", [""C""]]]",yes,yes,A->C,3
chr12,3657590,3657807,CTGTGATTATCCTCATGTTAACCACATGAATGGCAGAGGTACGATCTGACCAGACAGCACCTGCTCCCAACATTTGCTTCCAGAGAATCAGCCCCAGGGAATTTGCCTCCTTCAGCTTGGCTGCTGCTCTCTGTGAAAAATGCTGGGAGCAGCGAGCGGCTCCAGAATCCCCATGATGATGTGGCTGTACCCACAATGGGCCTACAGAGCATCCTCAC,N,no,no,N,0
chr2,91588288,91588781,TGCAGAAACTTCCCAGACCTCCACTTAATGGCACCCAAGCAGGGCACCCTGGCAGACACAGTCTCCTTCCGGGAGCAGGCAGGTGCAAGGCAGGCACCGGGGCTTTGGAAGGGGCTGGTGGAGATGCTTGGGTGCCGGTAGCCCCAGGGCAGACCCTGGGGCCTCCCTCATTCCAGCTCCTCTGCGTCCAGAATGGCTGCCGCTCCTTTGGGGGAGGGTGCGGGATGGTCTCTTTTCTTAGAAAGTGGCTCAGGTCTTATTCTGCGCCTGGGCATCTCGCAGCCGACACACAGGCACACCAGATGGACAAACAGAAAAACCCACAGAAGGCGGCCCCTCCCCCAATTCAGAGAGCCAGTGACTGGCACTCCTCCACCCCTAACCAGACACACCCGAAAACAGACGGCCAGACACAGAGTGACCCGCACAGAGAAGACAATACAGAAATACGCAGGGACAAGGACAGACCATCGGACGCTCGGACACGGACCCAG,N,no,no,N,0
chr16,23407406,23407755,GTCCTCGAAGTTCTACTTAATCTGTCCTCCTAAGGGTTAGCAGAATGATCTTCCCAGAAGGCAAATCTGATTTTGGCTTTTTCCCAAAGATAGTGCTTCACAGGGGCATTAGAAAGGCTTGGTAGAGGAGAGGCCTTAAGGACCCCAGGAGGTTTCAGCCCTCTGCGCCATCAGCCAATGGCAGAGCTCCCAAAGGGCTCTTGCTTCTGTTCTGCATTTAACACATGCTGTCTCATTTCCCTCCAACTGGACGGTGAGGACAAAACACGGACTGTTCTTCATTTGTGAATTACTAGCACTAGCACAGTGCCTGGTACGTGGCAGGGGCTCCACAACTGTTGAAGGATGGG,N,no,no,N,0
chr18,60189031,60189318,CCCACAAAAAAACAATGACTATTTAGTCTTAGCTAGCCTGTTTACCCTCTGAGAAAATTGGCTAGAAATAAAGCTTCAGACTTCCCTAGAGGTCTCGAAGGAGTCATTAATATTGCATTTTCAGAGTTACATCCGTGCCAGGGGAAAGTATGCCAGGACACTTGGCTAGCTATGCTCTGGGCCAAGATCAGAGAATGAGAATGGGGTTAATCCTTCGTTTCCCAGACCAGTGAGGAGGATCTCTTTTTAAAGCACCCTATGCAGAAAGGGTATAGCTAAATTAGGAAA,"[[60189042, ""C"", [""A""]]]",yes,no,C->A,1
chr4,127416124,127416463,TTCTTCTTAACAGCTAGTCCTTTGGAAACAGAACAAATTAGCAGCTAAAAGCTTCTAGCCCCTCAGCGCAGTCTTGCATATGCTGCATCTGAGTTTCTTTGTGACTTTTATTCAGAGCATGAGGTAGCTGGAACGCAGCCGAACTCATCCTTCAACAGCCTTGCTCATCTGGTTTCAGGGGCCAGAGACAACACCCCAGCTGCCAGTTCCATGCCCAGTGACAGGGTGAATGATCTTTTCCACAGAAAGGCAAGGTTAATAAACAGTCTGGATCACAGACTTCTTATTCTCTCTTCTCTCCTCCCCTCTGCAGTGCCAAGGGACTTCCCTCCGTTTTTTA,"[[127416125, ""G"", [""T""]], [127416256, ""G"", [""A""]]]",yes,yes,G->A,2
chr21,8786577,8786831,GGTTTGAGATCTTTCTTCTTTTTAATTTAAGGATCTGCAGCTGTAAGCTTCCCTTTAGCATGGGTTTGAGATCTTTCTTCTTTTTAATTTAAGCATCTGCAGCTGTAAGCTTGCCTTTAGCACTGCCTTTGTTGCCTCCTCCAGAGTTTGAGTATGTCATGGTTTCGTTTTCATTTGCTAAAACATTTTTTGTCCTATTGTAATATAATTGTGTTGTTTTTAATAAAGGTAATTAATGAAACACATAATGAATTG,N,no,no,N,0
chr3,124108370,124108713,CATTTAACTAGTGACTAAATACTTTTCTGAGTCTCAGTTTCTTTATTCAGAGAATTAGGATAATATCTATCTGTGGTAGTCATTAGTACCATTCATTAAGTACTTCTAGCTGCCTACATGTTTGGGCACACAGTTAGATTGTACTTCTCTACATCCTTGGTCATGTGACCTGCTTTGGCCAATGAAACGTGAGCAGAAGTCAGGTATTTCATTTCCAAGTGGAAGCTTTAAAAGCCAATATACTGTTTACTTCCTTCCATTGTTTAATTGATTGTAGCTCTGTTGGGATAAATCCTTCATCAGCCTGGGACTGTGAGTGACTATGATGATCACAGCTCTCTACT,"[[124108439, ""C"", [""T""]]]",yes,no,C->T,1
chr13,74420665,74420924,AGAGAGAAAGAGAGAGAGAGAGAGAGTGTGTGTGTGTGTGTGAGAGAGAGAGAGAGAGAGAATGGTGGCTGGGAACACAATGGTTTCGATAGGTAAACACACAAGTTTCTCCCCTGCCCTGAGCCCCATTGCTGTCATAGAGGACATTCTCATACACGAAGTAAATTGCCCTGATGAATCATCCTACTGCTTGGCTTCTTAGTGTCAGAAACAACTATGAACAAAATGAAATCTCATTTTAACATTTTGCAGAAGATTTA,"[[74420683, ""C"", [""A""]]]",yes,no,C->A,1
chr10,100531797,100532204,TTTGGCTATTGTGAATAATGCTGCTATGAACATTCTTGTATAAGTTTTTGTCTGGATGTATGCTTTCTATTCTTTTGGTTATATGCCTAGGAGTAGAATTGCTGGGTCATAGGGTAACTCTGTGGTTTAACTTTTGAAGAACTGCCAAATTGTTTTTCAAAGCAGCTGTGACATGTTACATCCCCATTAGCAGTGTGTGAGAGGGTTCCAGTTTCTCCACATCTTTATCAACACTTGTTATTGTCTCTTTTTAGTATCACCATGCAAGTGCCTGTGAATGGTACTTCATTGCAGTTTTCATTTGCAGTACCCTGATGACTAATAATGCTGAGCATCTTTCCATGTGCTTATTGGCCATGGTATACCTTCTTTGGAGGAATATCTGTTCAAACCCTTTGTTCATTTTTA,"[[100531822, ""G"", [""A""]], [100532004, ""T"", [""C""]]]",yes,yes,T->C,2
chr4,42703926,42704275,TACTGGACAGGATGTACCCTGCACACTGGCTCCTAGCCAAGAAGAAAATGGGGCCAAACGGATTGCCAAGCCATGCACTGGGAGCAGTTGCTTCACGAGGATCAAGAGGCTTCTGCCCAGAGGGCCTTTCTATAATTTATGCAAAGAACACAAATGGGCTGTTAACCCTAGCCAAATCTACAACACTGATGCAATTTGGAGATATTCTCCATTAAGTGCTATTCCCACATGACTCAGGAAGAGAGGTGGCGAGTGGCAGATGAAGGCGATGCTCCTCCATTAAAATGACAGGTACTGGCAGGGCGCAGTGGCTCACACCTGTAATCCCAGCACTTTGGGAGGCCGAGGCA,"[[42704013, ""A"", [""T""]], [42704023, ""T"", [""A""]], [42704111, ""T"", [""C""]]]",yes,yes,T->A,3
chr8,16765394,16765689,TCTATAATCCCCAAAACAATCGTATTCTTCCCCCTTGGTACGGATGAAGAAATTGTGCCTTCACCACAGAAATAGCAGAGCTGGAATTTGTTCCAGGAAGTCAGACTCCAGAGGCCACGTTCTTAAGCTCTGAATGAAAACAGAAAAAAGCACAATAAAAAGTGAACGCACATTGAGAAATGTGCGTTCACTTTATATTGTGCTGTTTTTAAGGAGAAAGCGTATACTGTTCTAATTTATATTACTTATTTGCTAATTTTCAAGAAATTTCAAACTTCCCATTTCAGTGTTAGAAC,"[[16765415, ""C"", [""G""]]]",yes,no,C->G,1
chr4,100235360,100235584,AAAAAAAAAAAACTTTTGAAATATCATCTCCATATTTCAGCTAGGACAAAATGCTGCTATTTCAGAAGTACAGCTCTTGCTCTTTCAGTTTGGTCTGGCTGGCAAAAAGGGGCCTTGTTATATAAAGAAAGTACCTTTAGTGGTCAAAACCAAAAGCTTTCCTCTTTTTTGTTTCCTTTTGCTGGCCATTTTCCTCCGCCCACCATACCACCTTTTTTTTGTGGG,"[[100235557, ""C"", [""G""]]]",yes,no,C->G,1
chr4,128394797,128395233,TTCATGTTATTTAAAAGATATACTCCAAGTCTCCGTTTGGAGATTGGATGGTTTAATAGATCCTAACATGTACAGAGGGAAAACTACCCATCAGTACTTGGATACTCTTGTGAAGCTAGAGTCGTATCTGGGCACAGGGAGGATGAAGTCTCTGTGGCCAGTGCTGAGCGTGGTTGCTGGCAGGTTTTGGTAACAGTGATTCAGAGGCTGCTGTTGATCACTGGGAGATATCTAGAATTACCCCCAATGCCTGACTTCAGGGCTCTTGGATTGGAAAGACTCAGGCGCATCCAAAAAACTCACCCCACTGTACCCTCCTCCACCCACATTCCTTCATTGCACAAAAAAAGACATCATTTGAGACTTAGGCTGAAATTGAGATGTCATTTCTTCATTCATTAATTCATTCAAGAGATAGTTCTTAGATGTATATTGTA,"[[128394920, ""A"", [""G""]], [128395039, ""G"", [""C""]]]",yes,yes,G->C,2
chr10,16691415,16691884,TATTGTCTTATCAGCTAACAGTCCATATTTTGGGCTAGTATGTTTGACAAAGGGGTGACGACAGCTGCTACAGGAGAATGACAGAAGGACAAAAAAACTGAAATACACAAAGTAACCAACCTTCTTCTCCTTCCCAAGGAGGACAGAAGAGAACTCACAGCAGGCCCCTGTCCTAGCATAGCTCATGTACCTTGTGACCTCCCAGCAGAGCATCATGTAGATGCCCCTAAAAGCAGCTGTTATGGAACCAGCTGGTCCCCGTGGAAAGGAGGCAATGGCTCTCCGGTGCTTACTGAAGCTGCTGCTGCTTTTTTTTTTTTTTTTTTTTTTTTTTGTTTGAAACACAGTTTCACTATGTCACCCAGGCTGGAGTGCAGTGGCGCCATCTATCTCAACTCACTGCAACCTCCACCTCTCAGGTTCAAGCGATTCTCCTGCCTCAGCCTCCCAAGTAGCTGGGATTACAGGCA,"[[16691585, ""C"", [""T""]], [16691721, ""T"", [""G""]]]",yes,yes,T->G,2
chr12,51540868,51541145,CTTGGGGGTTTTGCAGAGTTCAGGGAGCAGCTGCTGACATGGAGGCTCTGGAAGATGCCCAGTGGATGGGCATTTGGGTAATCCCAACATCACAGACTCCCAAGGTTACCACAGAAGGAGATGGCATCATTGAGTCTCAGGGTTGGGAGGAATCTCAGAGGCCCTACCAGATGCAGAATAACTTCTCCATTCTAGAAAAGTGGTCAATGTCTGCTTGTCACTGCACACCCAAGTGGAAGGTGACTCATCTGGCATTCATTTATTTTGTGTACATCTCT,N,no,no,N,0
chr4,16663754,16664178,AACTACATAGATAGATTCTAATTTATCCCATTTTGACCTGATACACAGTCTAACCTTCCAAGACTGTCAAGTTGAAGGGAATAAATTCTCAGGCAATTCCAATGAGTAGAATCTGTCTTTTAAGATTGCACAATTTCCTCTAGTGACAGCTATCACCCTGGAAAAGACAGTCCAAGTAATGACCACACATTAACACAGACATTCTCAATTTCCTCCCAGCATACTTGGCAGACAGCTAGAGGGTGGAGGGGCAAAGCAATGTTAAGTTTCAATAAAAGAGAGAGAGAAAAAAAGGGAATTGGAAGAGATGTCTTCTATAGTCTGAAGGTCTGTGTCCCCCAAAATTCATATCCTAACTCCCAAGATGATGGTATTAGGAGGCTGGGTCTTTGGGATGTGATTAAGTCATGAAGCTAGAGTCTTCA,"[[16664053, ""A"", [""T""]]]",yes,no,A->T,1
chr11,109275986,109276265,CCCTTTTTGCCCCCTCACCCAGATTCTATCCAGGACACTGTGTTTGGTCGAAATTGTTACAAAGTTTAGCTGGAAGTTTACTTCTGCCTGTGGTATTTTCTCAGTTCCACTTGCAGCCCTCCCCAAGGACCCCTGCAAGACACAGCCATAGATCACAGATGGCTTCCCTGGGGACTGAGATTGCCCACAGGGCTTTTCCCACTGCTTCCTCTACCCCTATAATTCCCTTGGCCCTCTAAACTGATCTCAGCTCCAGTTAAGGTTAAATCTTTCTCCTGTG,"[[109276065, ""C"", [""A""]]]",yes,no,C->A,1
chr1,202513901,202514247,AACAGGGAAATGATCAGAGAAGAAGGAAAAGAGCCTGGAAAGGAGAGTTCTGCTTTTAGCTCTTGGAGGAATTGCCAACACTGCTTTACACAGTGAATACTCCCACCAATAGTGTATAAGCATTTCCTTTTTTCTGCAACCTTGCCAGCATCTGGTTTTTGTTTTGTTTTGTTTTGTTTTGTTTTTTCTTTTCTTTTCTTTTTTTAACTTTTTACTAATAGCCATTCTGACTGGTGTGAGATGGTATCTCATTGTGGTTTTGATTTGCATTTCTCTAATCATCAGTGATATTGAGCTTTTTTTCATATGCTTGTTGACTGCATGTATGTCTTCTTTTGAAAAGTCTC,N,no,no,N,0
chr1,43129537,43130030,CACAAGCTCTGCATTAGGCTGACGCTTCCCAGGAGGATATAAGAACTGCCAATTATACAGAGAGCTACGCTCTGTAATATCTTGACAGTCTCCACTCTCTCTCTTTCCTCCTCCTGCTATGAGGCTCCAAGTTTATTCCCCAGTTACTGGGGGCCACTCCTGGGTCCCTCTGCCTCGGAAGTCTTCCCTCCTGGCTGTGGCCCAATTAAGCCACAGTTGAGTTGCTCAGAAGTGAGAATTCCTGGGAGGCTTGTTAAGTTCAGTGCTTCAGGAAATGGAAGGAACATCATTAAGAACTTCAGCTTAATAGGCAGCTGGGCCAACACCAGCTGCAAAGCAGAAAAAGTGTAAGTGACTCAGTGTCCCTCAGAGGCATCAAAAAAAACTTGTTTTAACTTTTACCTAATTCTATCCCAAGTGTGTACACTAGCTACGAAGCACATACCCAAGACACCTTCACTTTCCCCACCACTATCACTCTGTTACTTTCATCA,"[[43129560, ""A"", [""G""]], [43130022, ""T"", [""C""]]]",yes,yes,A->G,2
chr2,16452180,16452471,CTTATCTTTATTGTGGTTACAGCTCAAATTACATCACAGCACTTCTCTGATCTGGAAACTTCTGCGGCTTCCCCTGGCTCATCAGTGAATGGCTTGTGACAGGACGAAGAATGGCGAGCTCCATGGCAGGGAAACCAGCCTAGCCGGAGTGGTGAGTAGTGGCTGCTGAATAAAGGAAGATGTTTGGAGAGGAGAGTTGAGGCCACTGTGAGGAGCTTTATTTAATTACAAAGCTAACTTCAGGTTGCTAGGTTTAGAAAGTAATTCTTGGGATTTTCATCTAGCTGGGATG,"[[16452211, ""G"", [""C""]]]",yes,no,G->C,1
chr6,129017300,129017771,ATAGTTTTTATGTAATAAATGTTACTGATATGGCTTCCTACTTAGAAAATGTTATTCATGAGAGTATATTGATTTTAGCAAAATTTACATATTTACATATGTACATCCACAGGTTTGCATATGTAAAAATATAGATTATTTACTTACTATTGAAAAAGTGTATTATGGAAGATAAAAGGTTTTCATCTCTGTCAGATACGACAGGTGAACTTTGGTAACATAAGGCCTAGCAAAGTTTTATTGATCTTACATATATATATATATAAAATGGTTTTTCATAATTTCATGGGATGCATCATCCAAGAGAATGATCACAGTGATACTAATTACTGCCATTGACTAGCCACCTGCCACATGCCAGACACATGGTGACATGGCTGATGATAACATGTGATAGGTGTTTCCCAAGAGAGTCCCTTTAAACAAGGTTTTTTTCCTGTCTTCATATTGATGAAGTGTTTTTTCTAACGCC,"[[129017334, ""C"", [""T""]]]",yes,no,C->T,1
chr3,17361022,17361377,TTTCCAAATATATATGTAACAGTCCTTTAGCTACAGTATATCAAGACCATACTGGAAATCATTGGTTTCTCAAACCTCATATGTCCATTATATTTAAAAGTTTCACAATCAAGTCTCTATGTAACTATTTACGTGACTGGAACGCTATTTCCTGTGTGTGAAAAGTACCAGTAAACAAAAACACGAAAGCAAAAGCTGAGTTGCCTAATTTTTTTTTTCAACTGTGCCATTTGCATTGGGTAAGAATACTGGATGTTTCATTATTAATCCCACATGTCTGGTCATTTTAAAGCAGATTTAGATTCAGAAATTTAAAAATTTATAATTATAGCTGGAGACAGAACAAGCAGACAGAA,"[[17361041, ""T"", [""C""]], [17361073, ""T"", [""C""]], [17361314, ""T"", [""C""]]]",yes,yes,T->C,3
chr4,9017465,9017708,CTCTGTCTGAAAACAGAAAAAAAAAAAAAAAAAAAAAAAAAAAGCAAAGTTAACACTTCCTCCATCTCTCCCCTAGGGGAGGCAATTTGTCAAAGATTGTTGTTGGATTTTACACACAGGGAAATCTAAAGAAGGTGTGGAAACCAGACCAGGACTCCAGATTGTGGTCTCCCTGTTTACAGGGTCTTAAATGGGGGAGCCACTTTGGGTTCTTTCCACAAGATTGCTTTGTAAAAAACCAAGA,"[[9017594, ""G"", [""A""]], [9017626, ""C"", [""T""]]]",yes,yes,G->A,2
chr3,105162549,105162768,GGGCACCTACCTAAAGAAATATTCTATTTTACATGACATTCAACATTCTCTCTTCTGTAGAACTCATATTGAAACTTGAAGACCGTTGTCAAGTTTCACCTGTTCCAGGAAGCCTGCCCCTTCCCTCCATGGGCTTTTATATGAAAGCATTTATCTGTTTCTATTACTGTACACATAGATCTATATTTGTTATTTCTGACTTCTCAGTTGTTGGTTGGTA,"[[105162727, ""T"", [""A""]]]",yes,no,T->A,1
chr9,110861668,110861908,CAGCTTGGGCCGTTGCTTTAAAGGGTGCAAGCCCCAAGCCTTGGCAGCTTCCACGTGGTGTTGGTCCTGCGGATGCACAGAAGTCAAGAATTGAGGTTTGGGAACCTCTGCCTATATTTCAGAGGATGTATGGAAATGCCTGGATGTCCAGGCAGAAGTTTGCTGCATGGGTGGAGCCCTCATGGAAAACCTCTGCTAGGGTGGTGAGGAAGGAAAATGTGGGGTCGAAGCCCTCACACAG,"[[110861679, ""A"", [""G""]], [110861704, ""G"", [""A""]]]",yes,yes,A->G,2
chr2,22110428,22110663,TAGACATTGCAGACAGGGACTTTGAAATGAGACCAGACATTAGGTCTGGATTCAATAATTACCAGAGTAAAGGAGGCCATTCTCTGCAGCAACCAGCAGGGTAATTGCATCCTAAAGGACAGCAGAATTTCTTGTCATGTCCTGTGATGGCAGTCTGAGTTGCATTGATTTGATTGGTTATTGTTGGATCACGTCCAATGTGTTGCGAGGAGTTAGCACATCACACTCCACACACA,"[[22110504, ""T"", [""C""]]]",yes,no,T->C,1
chr8,85737538,85737849,CCTCTGTCCTTCCACCAATCGCCTCCCGCAGCCCCGAGCCGCCACTCCCAGTCCCCCGAGTCCCTGCCGCGCGCCCTCGCGCCTGTCCACATCCCTCTGCCCATCCGAGACCTCTGTCCTTACACCACTAGCCACCCCACGTGGGACTTCCATGGCTTCTGAGTACAAGGCCAGCCCCCCGGCCCACCAGCTTTCGGAATGCCTGCTTACCTCTTTTTCTGTAGAGGCACCACAGGGAGGTGGGTGAAGCACTTCGGCTCTGGAGTTACAGATCTGGGTTCAAGGCCAAATTCCACCACTTACTAGGTTTGT,N,no,no,N,0
chr4,169826743,169827117,GCCAGCACTCCGGTAGGAGAGGAGCTCATACTCTCAGAGCACAAAGAGGGAGCAGAGCTGCAAATGTGAGGAAATACAGAGGAGCCATGTGGCTGAGCACAAGCCTGCCTATCAGCCATGACGCTTAAGCACCATTTACTGGATCACAGCCCAATTGCAATGCCAAAAATACTTTGCTAATATACCCACGTGAAACCAAGGACAAGAATTCAAATAAAGACCGTGAACAAAGCCTTGGGCCTCTGAAAACACCCAGAAACAAATGCAACTGACCACACACAAATTACACCACAGCTAGAGGAAAACCAGCCCACACAGATGAGAAAGAACCAGTGCAAGAACTCTGGCAACTCAAAAAACCAGAGCGTCTTTTTA,"[[169826753, ""A"", [""C""]]]",yes,no,A->C,1
chr10,2850738,2851155,CATCTACTCGTCTACTCACTGTGTCCTCACATGGTGGAAGCGGTGAGGGAGCTCTCCAGGGTCTCTTTACTGAGGGCACTAATCTCACTAATGGAAGCTCCATGCTCATGACCTAATCACCTTTGAAGTCCCCACTTCCTAAAACCATCACTTTGGGGGTGGGGTTTCAATTTATGAATTTGGGGAGACACAAATATTCAGACCATAGCAGTCCCCTGGATCTGTGGACCAGAGAATCAGCAACGATGGAGCAAGCACCTGACCGTTTCAGATGGGAAACACTTACTTGATAATTGCTCGAAGTTCCCCAAGGAAAGGATGGGCCTATTTGATGGATTGATTCTATCTCTTGTTCTTATATGTCCCCCATGGTCTAGTAAGTAGGGCCTTACACTTAAGAGATTATCAGTAAATGATC,N,no,no,N,0
chr1,196732592,196732848,TTATCAGACTGGCTTCATATAGGAGAAAGACCTCACTAATTTTTCCAGCCAGAGATTTTCATGTGCCTCTCAAGTCTTTGTGCAGACTGCTGTTTCTTATTTTTTGTGGCCCCCTGGAGGTTAGAATGTGCCACATCTTTTCAGGACCTGGGACCAACAAGTTAGGAGCCAGGAGGTCTAGATGTAGCTGAAAATATTGAAGACTTGGCTGTGTATTTACTTACTTCTATTTTCATAGTGAAAGTGAATGTGCGTGT,"[[196732675, ""G"", [""A""]], [196732685, ""C"", [""T""]]]",yes,yes,G->A,2
chr5,62797111,62797459,AACATCTTAACAGAAAACAGAGTTTGAGAGCAGAGAACTGGCCTGACCAAAAATTTACCAGGGCAAAGTTTTCCCAACCCTAGTAAGCCTCAGGGTTCTGCAGGAGACCAGGGTGTATCTCAGTCCTTATCTCAACTGCACAAGACAGACATTCCCAGAGCGGCCATTTATAGACCTCCCCCCAAGAATGCATTCCTTTCCCAGGGTATTAATATTAATATTCCTTGCTAGGAAAAGAATTTAGCGATCTCTCTCCTACTTGCACGTCTGTTTATAGGCTCTCTGGAAGAAGAAAAATATGGCTCTTTTTGCCTGACCCCGCAGGCAGTCAGACCTTATGGTTGTCTTC,"[[62797160, ""C"", [""A""]], [62797162, ""G"", [""A""]], [62797225, ""T"", [""G""]], [62797252, ""G"", [""A""]]]",yes,yes,G->A,4
chr3,182465291,182465761,TCTTGCTATCCAGGGAGATATGTGTATGCTAGTCCCCTCTGCTCCAAAAGCCATGAGATTAATGATACAGTCTTTTAGGTGGATGTGGTAAAAGTTGGGGTGCTTAGTATGGGTGCAAACTCCTTCCAGACTGGTGTCTGGAATTGGCTGTCTCTTTAACTCTACAATGCAAGTTAGCTTGAAGCCAGGCCACTTGCCTGCTTGGCAGTCACTGAAAGTGTTTTGTGGTGAGAGTAGGCAATAGAGGGCTGTGGTTTTTTTTAAAGCCTCTTCTGTGCACTGATACTAGGGGATGAAATACCTGGAGGTGAATGAAAATCCATATAAGACCACCACTTTATTTCCTATAGCCTGGGGGGACACGTGTGTGTCTAATCCCCGCTGTGTATAAAACAACAGGGAAGCATGAGGTCAAGGCCCTCTGTGTGAGGTCCAGACACTCTTCTCCATGGGGAGAAACTGGGTGTTGGA,"[[182465310, ""G"", [""A""]], [182465670, ""T"", [""C""]]]",yes,yes,G->A,2
chr17,61831780,61832053,CTGTTTTTAACTTTCAGAGTAATCAGGAACAAGGTTTTTCAGTTAAACATACAGAAAGGAAGAAAATTAGAATGGGCCCTCTGGTACTGGAATGGAACTGGATGTATTGGTATAAACACTCATAATTTTCAGTGTACAGACAGACAGATACAGAAAAAATATAGACATAAATGTATATGTCTATGAGTCTGGGTTTGTGTACACAATACATTGTGTATATTCTCTAGCTGTCTGCTGAAAGGGCCTGGAGCAGCAACTCCAACAGCAATGAGCA,"[[61831799, ""G"", [""T""]]]",yes,no,G->T,1
chr4,23670333,23670670,GAAATTTATTTCCCACTGTTATGGAGGCTAAAAAATCCAAGACTAAAGGCAGTGGCAGATTTCATGTCTCACGAGAACCTGCTTCCTGGTTCATAGATGGCTGTCTTTTCACTGTGTCTTCACGTGGCCGAATGGATGAGGGAGCTCTCTGGGGTGTCTTTCATAAGGGTACTAATTGCACTCATGATCACCTCCCAAAGGACCCACCTCCAAATATGTTCACGTGAGGGATTAGGTTTCAAGCTATGAATTTAGAGGGGACATAAGCATTCAATCTATCGCACTAAAAATACAGAAAAATATTTTAAAAGAATAAAGGCATTTGGTAAATTAAGGTA,"[[23670404, ""T"", [""C""]]]",yes,no,T->C,1
chr10,2145488,2145838,GATAAACGTATTTAATGATTTTACCAAAAGAATTTTACCTGGGAGTTTTCATAGGTCTTGGTGGGTTTATCCTTCTTTCTGAACCCAGGAGACATGAGTTACTTGACCTGCTACCAACGCAGAGAGGCAAATACATCCGGGCATCCTCACTGGGAGCTCATTAGGATGGAAGTGATTAATGCGGACGGAAACAGACAGAAAAAAGGAAGGGGAGGTGGACAGCAGGGGTTGACGGGGGAGGGGTGAGCTAGTAAGGCGTGGGGCTGCTCATTGCAGAAAGGAAATTTCATCTCGGTGACACAGTGTATGTCTATATCTGTATATCTATATACATAGATATAGATGTAGATA,"[[2145494, ""A"", [""C""]]]",yes,no,A->C,1
chr18,77560337,77560564,TGCACTTACAAGCAATTGTGCGATAATTAACCTTGTGGACATGTATTTAGGATTGTTAAATATTTCAGGTTAGATTCCTAGAAGGGGAAGGCAGGGTTAAAAGGTAAGTGCATATGTGGTTTTGTTAGATATTGTCAAATTCCTTTTCAAAGGTTGTGCTAATTTGCATTCCAACAAGCAGTATGAGTGTCTGTTTCAGTTTTACTGTGACAGCGTGGTCATATTTTA,"[[77560406, ""G"", [""T""]], [77560549, ""A"", [""G""]]]",yes,yes,A->G,2
chr4,84260613,84260826,AAAGTACTAGTTCAGAATTTTATATCCTGCCAAACTAAGCTTCATAAATGAAGAAATAAAATCTTTCCCAGACAAGCAAACACTAAGGGAATTTGTCACAACTAAACCAACCCTATAAGAAATGCTCAAAGGAGTTCTAAACACAGAAACCAAAGGACAATAATCACCATCAAGAAAGTGCTTCACCATCCTGTGAAGCAATTACACAATTGAG,"[[84260624, ""C"", [""T""]]]",yes,no,C->T,1
chr15,79721256,79721624,TCATGGCTATCATTGGGCAAGAGAAAACCCTAAAGAGCCCAGTGTGCCCTCATAAACAGCATGGGCTTTATCCGGTCAGGGTGAGGAGCTTCCAGAGGTTTTCTCACAGGGAAATGACATGGGCAGATCTGAGTTTTTTTTCTGCTGCTTCATCTCCAGTTTAGGCTACTCTGACATTCCCACTTCCTGCATATTACAACAGCCTCCTAATGTGTTATCCTTTTCTCAATGGTTGTGCAAGAAGAAATTAGGAGGAGGATAACAAATTAGGAGGTTGTTGTAATATGCAGGAAGTGGCAATGTCAGAGAAGCCTAAACTGGAGCAGAAGCAGAAGAAAGAAAAGGAGGAGAGATGCTCATAAGTATTTA,"[[79721530, ""C"", [""T""]], [79721553, ""A"", [""C""]]]",yes,yes,C->T,2
chr1,49197177,49197444,CAGTGGCAAAGAACTCTGTATAATTTCCTTGTTTATAAATAGCTTTACTGTGGTGGCTTTCCCAAATGCCAGTTTTATGAGTGTTGTATCATGCTCGTGGTTTACCATGAGCAGGCTCATGACCTCCTGAGTAGCTGGGGTTGTGTGAGCAACAGTGGTAGCAGAGGTCAAGAGAAACTTATCTCTTTCCCAACCATGGTAAGCTTTGTGTTGGCAGATGTTGTATTAGGCTGTGCAGGTCAACCTCCAGGCCAGTAGGTGGTTCTTG,"[[49197378, ""C"", [""A""]], [49197379, ""A"", [""G""]]]",yes,yes,A->G,2
chr12,73000814,73001232,TTGCAATTTTGAATTGTGCTGCTATCAACATGCATGTACAGGTATACTTTTCATATAGTAACTGTCAGGCCTCTGAGCCCAAGCCAAGCCATCGCATCCCCTGTGATCTGCACGTATATGCCCAGATGGCCTGAAGTAACTAAAGAATCACAAAAGAAGTGAATATGCCCTGCCCCACCTTAACTGATGACATTCCACCACAAAAGAAGTGTAAATGGCCGGTCCTTGCCTTAATTGATGACGTTACCTTGTGAAAATCCTTTTCCTGGCTCATCCTGGCTCAAAAAACACCCCCACTGAGCACCTTGTGACCCCCCACTCCTGCCCACTGAGCACCTTGCGACCCCCACTCCTACCCGCCAGAGAACAAACCCCCTTTGACTGTAATTTTCCTTTACCTACCCAAATCCTATAAAACG,"[[73000871, ""A"", [""G""]], [73001070, ""G"", [""A""]]]",yes,yes,G->A,2
chr17,54666565,54666901,TGAAGTGAGGTGAATGATGTAGTTATTGTGATGTAAGTGGGAAAATTCCAGAAAGAGCAATTCATAAGTTTTAAACGGGACATCATTCAGAGTAGCATGATGAAATCTCACGCCATCCTTCTCCATTCTGCCTGGATTGTCGTTAGTTACTTAGTAGCTGCCATCTCAGTTATCAAGTGGACTGTCTTGGTATTGCAGTACTTATGTTCAGGTAACCCTTATTTTGCTTAATAATGGCCCCAAAGAGCAAGAATAATGATGTAATACCTTCAGGCTGCGATTGACTATGGGTGACTTACATTGTGGAATGTGAGACTATGGTAAAAGGGGGACCACT,N,no,no,N,0
chr8,32162592,32163085,TCAGACCCCTTACCCCCATCCAGGGGAGATATTTGCCAGCCACTCCTATCTTCAGCAAAACTTGAGTTATGATGTAAACTCAAGACTCTTAAATTTGTGATTAATCCTGGGTGTCTTGAAAATTGGAGAGTGGGTTAGCAAATTCATAGTTCCCCAAATTTGTGCTATCTACTGCTGTTTTCTTGTGGATTATAAGCTTGAAGGAAATGTGCTGCCTAGAGATATGAGCTGTGTGTAATTACTCCCACCTGCTGGGTAAAATCTTTATTACATGGGCATTAGACTTCATTCCCATCGAGGGGTGAGGAGGGGTGCAATATGAACCAACCACACCACAAGGCTTGTGAACATCCTTCCTCTATGGTGTCTCCTGACACTTCTTTCCAGCTTCCAAATGTGATACAACTTTGACTGGAAACTGTGAACCAATGTGTATCCAATGAACCAAGGGAGATTTAGCTCCTTAAAAGAAAATTAAATGTAGAAAGATGTGG,"[[32162619, ""A"", [""G""]]]",yes,no,A->G,1
chr13,65638508,65639007,AGAATCAATCTGCTTATAAGGCCTGCACTGGTTTATTGCCCCCATCTACCTGCAACCATTTTTGTACCAGATGAGCAATACATCACCATTACAGATTAGGCACAAATTAAAGTACTACATGTTTGTTATGAAGAGGTGATCAGTACATGTCAAACTCGTAGCTTCTGCTGAATTTGAGTTGTTCATCTCTTAATAAGGAGGCCCCATAACATGGGGTATGAGCTGTGCTCCTTCACGGAAGATTGACTGCCTAAAACTTTGACTCCCTCTTGAGGCTGTCAGTGGTGTTACACCAATATTTTGAAACTTCAAGTTAGTGTTCTTTTTCCATTCTGATAAGTTAACTCCACCTTTATGGCCTTAATACTAAACTGTGTTATGTTTTTGATCTCCATTACCATTTCCAAACTGCCAATGGTGTGCCTTTTAACTCATAAGCACTCAAAATTATCAAAAGATTTGATGTTTTTTTCACAGGCTGCATCATTCACAATTATCTA,"[[65638526, ""G"", [""A""]], [65638966, ""C"", [""T""]], [65639005, ""T"", [""C""]]]",yes,yes,G->A,3
chr3,154015379,154015650,TAAAACAATTTTAAGAAACCAATGTGGTATAAATGTGTGAAAATACAAGTCAAATGTGAGCAAACATTTGAGAAATGACACAATCTAAAGCCTTTCCTGTCCCTTTTGCCAACATACTTTCCTGTAACTGGCTTGCCCTCAGGCTACTGGACAAGTAGCTCCGACTTTCAAAAACTGTACTAGTTCTTCAACCTGCCAGATGATTTAATAATGTTCTCTCCAAACGTGGTTAATGTACAATAAGACAAAGAGGTGATTTTCAGATCCTTTTG,"[[154015399, ""G"", [""A""]]]",yes,no,G->A,1
chr7,26413028,26413390,CCAGTGCTGCCTCTTATTTGCTTTGAGACCTTTGCCAGACTACTAAAGCTCGCTGTGTATTGGTTTCCTCAATTGCAAAAACAGGAGTAACAATAGAATTAACTTCATAATATGATCCTACAGAGAAAGGACTTGGCATATTGCCTGGTATGTATCAAGTGCTCAGTAAATAGAAGCTACCATTACTATGTCACTAAACATCATGCAAGCAGCAGTTTGTGGAAGGGTTCCTTTATTTGTTATTATTGCAAAACCCAAAGCTCTTGAGTGAAGCAGCATTCCCCTCTTTTTATCAGCCTATTTGTGATCCAGGAGCTGGTGTTTGTCTTCTACAGAGGTTGGGACCGCATCCCTTGCAGGGCA,"[[26413362, ""C"", [""G""]]]",yes,no,C->G,1
chr3,3635132,3635435,TAATGAACTGTCTGTCCTCTGACGAACTCTTCAGAGTCTCTCCAAGTCTGAAATAGATGTCCCATCCTGTTACAAAGTTGAAACATCTAAACTCTGGTGAGAAGATTAGAGAAAAAGAATAGAAACCAACGCCATTGTATTCATTCAACAAACATTTCCTGAATGCCTAGTCAGCATCAGATACTGTCTGATCTGAGAGTACCAGACCTCAAGAGTAAGACATGGCACAGGGCCCTCTCATGGAAGGCTTCCTGAAGGAGATAGCTCCTGAGAAGAGCCCAAGCTTGTTAGAAGGGACATGTGG,"[[3635155, ""A"", [""G""]]]",yes,no,A->G,1
chr17,60230363,60230674,GGTTAAATCTATATATATCACTGGCAAGAAAACAGGATAATAAAAATATTACCAGGCATTAAATTTGCTAGGCTAAATTTTATAATAATTTGTGAACAGGATGATTCTAATAACTTCTCAGAGATTGCAACATTTGCCTCTAGCAACTGCGGTTCTACCACATGCTTTTAACATGGTACAGTGAGTAATAACCTTTAGACTTGGAGAATATGGGCTTTTCTTTGCTTCTCTTCCAATGCTCCAAACAAACTAGACTGGTCTGTCTTCTCATTGTCTTCGGCTTTCTTTTCTATTACAGGAACCTGATGCTCT,N,no,no,N,0
chr12,9588725,9589115,CACCTCCTCTCATCAGGATGAGAAGTCTATTTATCCCACCCCTTGAATCTGAGCTGGACTTTTGACTTATTTGTCTAATAGGATGTGGGGGGTGATAGTGTTTAGTTGCAAGTGAAGGCCCCTCTACCTTTTGGAACTCTGCCCAGCCACCATGTGAACAGCCTGGGATAACCTGATGGAGAATTAGAAACACATGGATCTAGCAGCCAAGTGGACAGTGAACTAACTGTCCCAGATGTAACTGAGGTCATCGTAGACCAGCCAGCCCTCAGCTGGCCAGTCAGCTGCCCATAGACGCATGAGTAAGCCCAGAACAAATCAGATGAGCAAAGACCAGATCAATAGAAAGTTCCAGCTAACTTGTAATCTCCAGAGCAAAACTAAAGCCTTT,"[[9588782, ""C"", [""A""]]]",yes,no,C->A,1
chr6,146312562,146313026,AATGTCATTCTTCTGACATTTTCTGTAATTAGTGACTACCATATTGGACAGCATAGATGCAGAAAACTTCTACTATTGCAGAAAGATCTATTGAACAATGCTGCTCTAGACTGTGTTCTACTTTCCTAACTCCACAAATGCAAGTTTGATTGTTTCTGTAGTATTTGGATATAATTCACAAGTTAGTGATTTGAGACTGATCAACTTGTTGAATATCCTGACGAATTACAACAGCTGAAAGTTGACTCACTCTTTGGTATGAGCCAACGCTGCCAGCTTGCTTGGTAATTCCTACAGATCTGATGCCCAACATAGGGTGGACTGGTTCCCACACAGACCAGGCATGTCTTAAAGAGCCTAGTTAAGTTCTTTAATCCATGTCATTTTTAATATTGGATGGAATCAGAGAAACATGCACATGTTCTGTCATCCAAAAATTATAAAGATTGATGCAGGGGCATGAGT,"[[146312682, ""T"", [""C""]]]",yes,no,T->C,1
chr18,71973721,71973940,AGGTAGAAGAGGAACATTTTATCAGGAAGAAGACATTTGTACACAAAAGGGCTGATGATTTAGTGTGAAAGAGGCACAGAGAAAGTAACCTATAATGGGCATTTATTTGGGTAAGCAGGTGTGAAAAATACTCTAGGGAGCTGAGTGCCAGTGTTTAGAAACAGCTCAGGCTCTGAGCACTTGTAATTATGCAGGCTTTCCCTTTGGGCTTACTTGTTTA,N,no,no,N,0
chr5,3222062,3222265,GGCGTGATCTCAGCTCACTGAAAGCTCCGCCTCCCAGGTTCACGCCATTCTCCTGCCTCAGCCTCCCGAGCCCGCCACCAGGCCTGGCTAACTTTTTGTATTTTTAGTAGAGACGGGGTTTCACCATGTTAGCCAGGATGGTCTCGATCTCCTGACCTTGTGATCCGCCCGCCTCGGCCTCCCAAAGTGCTGGGATTACAGGCT,"[[3222082, ""C"", [""A""]]]",yes,no,C->A,1
chr7,154065263,154065561,TGAGGGCCCTGGGAGCAAGCAGGGACACCTCCCATCACTCTTTGAGGGCCCTGGGAGCAAGCAGGGACACCTCCCATCACTCTTTGAGGGCCCTGGGAGCAAGCAGGGACACCTCCCATCACTGGCTGCCATACAGGGTGAAAACAATACAGCCTGAGTGCCCACATTCCATTCCAGCATTCCCCCCAGTAAGAACAAAACAGGAAGGGCCCAAGGAAAACACAACCAGCAGTGAAGTGGAGCTCTGTCCTCTTTGCTGTCCTCACTGGCCGGGTGCACAGGCCAGGCCCTACTGAATA,N,no,no,N,0
chr4,123311609,123311836,GAACGAGACTCTGTCTCAAAAAAAAAAAAAAAAAAAAAAAAAAAAAAAGAGAGAGAAAATCTATAGAAGCAAATGTGAAGGAAAGTAAGTGATTCTGCAAAGAGGAATGCCCAGGGGAACTGACCCTAAGAACAGCCTTCTAGGCCCTAATGATATAACATTTCCCACTACCTACATTTATTTACTGTGCTGTATTAGGCTCCCTGAGGTTCCAGTGATTACAGGAGT,"[[123311739, ""G"", [""A""]]]",yes,no,G->A,1
chrX,124488435,124488838,GAACCTTTCTGAGATTTTACTAGTTGGGCCACAGGTCAAGGTTCACTGACTTTTCTGTTTCCTTTGCTCATCTCAAAAGGGTAGGTATCCTGTGGGTTGAAACAAAGGTGAACTGATAAGGATGAGGAGCTCTGATTAGAAACCTGGCCGCAGGCATTTACGCCTCTTTCAATTTGTTTGTCTCTAGAAACTTTCATTTGCACCTCTTTCAATTTCCTTGTCTCTAGACACTTGCCTGTTTTTGTGGCCTCTAAATTATAGAATGAGTGTGTTTGAGCCTAGCTGTAATCACTGTGGCATAGGTGCTCCTCCTGAAAGTTTAGTTGTGAAAGTACTAGAAGGATCTCATTAAAATATGGTTTCATCAGCAGCAGATTCTCATGGTACAGAACCATTTGTGTGGC,N,no,no,N,0
chr4,155944544,155944948,AGGAAGGCACTGAAAATGTAGGATGTTAAGAACGCACAGGAGAGAATGTGGCAGCCATGAGAATGTGCCTCCCAGCCTTCTTTCTATAGGGAGTTTAGCTGCTGCTAGTTGAAATCTCCATGATCACACCAAGGGAAGCCACAGTTCTTACGGGCTGCACCTAGCTCATGACTTAGTGCTAAGGCTTGCTATTTGGGAGACAAATGGGACTCCCCTGACAGCTGGTTTTTGATTAATGACTCCCTGATGGCCTTGCCAAACCAAAGTTTCCTTGGACTGTGAGACAGCATGGAACTCTTCCCCAGTCTTCCTTCCTTTTTTCCTTCACTCAGGGTCAGAATTACATTGCAATCAGATAGCTCTACCTGGACCTCTCCCTATTAGTTCACAGGAATTGCTCCTGTG,"[[155944576, ""T"", [""C""]]]",yes,no,T->C,1
chr13,67296520,67296865,TGTGTGAGGTTTCAGTTATCTGAGGTTAATTGTGGCTCAATAATATTAAATAAAAATTTTCAGAAATAAACAATTCATAAGTTTTTAATCGTATACTCTTCTGAGTAGTGTGACAAAATCTCATGCCCTCTTACTTTATCCCACTTGGGATGTGAATCATCCCATGGTCCAGCATATTTACACTGTATACGCCACATGCACCCCACCACACACACACCCAATTAGTCATTTAGTAGTCTTTTTGGTTGTCAGATTGACTGTTGTGGTATTGCAGGGCTTGTGTTCAAGTTAATCCTTATTTCACTTAATAATGGTCCCAAAGACCAAAAGTAGTGATGCTGGTCTT,"[[67296651, ""C"", [""T""]]]",yes,no,C->T,1
chr17,31663632,31663873,CAACTGAAATCAGGCAAACACGAGAGGAGATCTGCTTAAGAGCAGGTTGGGGATGACAGAAGGAAGAGTCAATGAACTTGAAAATATGTCAATAGAAAGTATCTGATATGAAGAACAAAAAGGATTGAATAAAAAGAAAAGAGGAAGAGCCTCAGGGACTTGTGAAAAAATATCAAAAGGTCTAACATATGTATAATTGGAGTCTGAGAAGGAAAAGAGAGAATGGGACAGAAAAAAGTTTA,"[[31663735, ""C"", [""T""]]]",yes,no,C->T,1
chr8,40495937,40496278,AGGGTCTCTGGTTTTCCTAGGCAGAGGACCCTGCCGCCTTCCGCAGTGTTTGTGTCCCTGGGAACTTGAGATTAGGGAGTGGTAATGACTCTTAACGAGCATGCTGTCTTCAAGCATCTGTTTAACAAAGCACATCTTGCACTGCCCTTAATCCATTTAACCCTGAGTGGACACAGCGCATGTTTCAGAGAGCACAGGGGTTGGGGGTAAGGTTATAGATTAACAGCATCCCAAGGCAGAAAAATTTTTCCTAGTACAGAACAAAATGGAGTCTCCCATGTCTACTTCTTTCTACACGGACACAGCAATAATCTGATTTATCTTTCTTTTCTCCACATTTCC,"[[40496020, ""G"", [""A""]], [40496043, ""C"", [""T""]]]",yes,yes,C->T,2
chr12,83161570,83161792,TAGGTATTCAGGAATCTGAGAACACCAGAAAGTATTCTACTATGGTTACTGTGGTCTGATTGACTCAGCAGCTTATTGACACACATTTGCTTTTCCCTATATTCAAAAGAACCAATGTTTTCTTTCTAAAAGTGACTTCATCTTCCATCATAAATGCCTCTACTCTAAGGCCTGGTGAGAGAATTCTTTGGAAACCAAAGACCATTTAGTCATGTAGTGTGTA,"[[83161596, ""G"", [""A""]]]",yes,no,G->A,1
chr14,33992690,33993003,TGAGGGTCTAGCCCAGAGCAATGACCTCGTAAGGAGAGCTAAGTAGACTTATTTGCTTTCTAGAAGGAAAAACAAAATGACAGACTTTAATGATTAATTGTATGTGGGAAATGTGTAAGAGGGAGGTTGCTAGGATGATGTCCAGGCTTCTTGTGTGGGCAATTGATGGATTGTGGTTTAAATCTTTGAGATAGGAAAGACTGGAGAAACAGCAAATTTGAACAGGGAGGAATATCAGGAATTTAGTTTTGGACATTGTGGTAGGCAGAATAATGAACCCCTCCCAAAGTTATTCACATCCTAATTCCTAGAAC,"[[33992716, ""G"", [""T""]], [33992753, ""G"", [""A""]]]",yes,yes,G->A,2
chr19,47653989,47654320,CACCCAGCCTTGGGCCAGTTGTTGTGTGGACATATGTTTTCGACTCTCTTGGGTCTATAAGTAGGAGTGGAATTGCTGGGCCACGTGGCAACTCTATGTTTAACTTTTGGAGGAACTGCCAGGCGGGTTTCCACAGCAGCTGCAACCTTTTACAGTCCTACCGACAGTGAGTGAGCATTCGTGTTCCGCCACACCCTCACGAACACTTGCCCTTGTCTGTCTCTTTGATTTGAGCTATCCTAATGGATGCGAAATGGTATCCTCTGGTTCTGATGTGCACTTCCCTGGTGGCTAATGATGTTGAGTATCTTGTCATGGCCATTTGTATACCT,"[[47654009, ""T"", [""G""]]]",yes,no,T->G,1
chr7,50678679,50678921,AATTACTACATTAAGATATGACTGAAATCACACTGAGTTCTTACAAGCATCCCTATGGCGTTTATTCTGTCAGCTGGTCTACCTCAGTAAGGACTCTGTGTGCCACCTCTGTGGGTGTGGTCAACTGCAAAATTCTTGTCTGGTCCCATGAATCCAAGTGGATCAATAATCACCCATTTGTGAAAGGCCTTCTGCCACGTAACAGAAGTGGGAGAAACAAGTAAACAAATGCTTCTCGCAGTG,"[[50678697, ""C"", [""T""]]]",yes,no,C->T,1
chr2,118305212,118305710,GTATATACATATATGTATATACGTATATAGATATACATATATATGTATTGTATATACATATATGTATATACATATATACATATATATTGATATACATATATATGTATTGTATATACATATACAATATATGTATATATACATATACATATACAATATATGTATATACATATATATGTATTGTATATACATATATATGTATTGTATATACATATATTGATATACATATATGTATATATACATATATGCATATATGTATATATACATATATGCATATATGTATATATACATATATACATATGTACATATATACATATATACATATATGTATATATACATATATACATATATACATATATACATATATACATATGTACATATATACATATATACATATGTACATATATACATATATAGATATATATACACATATATAGATATACTTATATGTATATATACATACATACATATGTACATATATACATATATACATATATATACA,"[[118305558, ""G"", [""A""]]]",yes,no,G->A,1
chr5,147209978,147210367,TCTGTTTCTCAGATCCTTCCTATCCACCAATCTGTTCCTTAGCAGAGCACAAAAATGTGAATTTGCAAACATTAAATACTCCCTTGGTATGGTTCCATTGTAGCATACTAATCAGACATCTTCAATCAATCACAACATGACTTTCATCCCATGAGACTCAGATTGGACTTCATAGTCCTATCCCAACACAATCCTCCAGGTAACCACTACCAGCTGACCAGGACAGATGCTCTGACATGCCATATGACATTTTTTAAACCACTTAGGTCCTTTATTTTTGAGCTTCAGTCACCTTTATGGCTAAAAAAAAAAAAAAAAAAAAAATACATTAGATGAGATACTCTCCAGACCTTTTTCTGAAATTCTGTGATTTTATTATCTTTTATAGCA,"[[147210089, ""G"", [""T""]], [147210178, ""C"", [""T""]]]",yes,yes,C->T,2
chr2,52413322,52413631,GCTGATAAGCTCATTAACAAAAGACATTCTGTTAAATTATTTGTGATTTCTAGCTTTTTAAAAAAAAAAAACACCTCTGTGTTAGGTTTACCTCTCTCTGCCTATATTACCCATCTGTTCTTGAATGTTGTCCTCTTTTTCATTAGGTTACTAATTAGTCATTTTAAATCTCCTGAGAATTCCAGCACCTGTGTCATAACTGAGTCTGGTGGTGATGCTTGCTTTGTCTCTTCAGACTGTGTTTTTTCCTTGCCTTATGGCATGCCTGGCAATTTTTTGTTGAAAGCCAGACATAATTTATCAGATAATA,"[[52413332, ""C"", [""T""]], [52413356, ""C"", [""A""]]]",yes,yes,C->T,2
chr4,140000305,140000752,TCCATAACCTCTATTCCCCTATCCCCGAAGAAAAAAAAAAACAACACAGCACTTCCTATGGCATGATTCAACCTGGGAATAAAAAGAGCTTTGCCATCATCAACTAAAACTCACCACAGCTGGTGAAGTTAAAAATCAATACTAGCTCCTTAAAGGCACATAAACGTACTTGCCTGAGATGATGTAACAAATTGGTTCAACAACCAGAAAAATGGCCCAGAATGACCTTTAATCACCACAGCCCAGTCTCCCTCTACTTACATCAAAACCAAACTATAGGGCCAGTTACCCAAACCTTTATCCCAGCCCACTTCTTGAGAATTTTCTTCCTAAAGGAGAAGAAGAATGGCGGTGGGGAACGGGACAAAGATTGGCTCAATGATCTAGCTGTGTTAATAACACCCTCAATTGAAAAAGAACAAAGACTTAAGATTTGGCCTTGGCTGGG,"[[140000330, ""T"", [""C""]]]",yes,no,T->C,1
chr13,58257554,58257764,GGTGCACCTCTCTTAACTCCTACTTCTTTATTATGGCTCAATGTGTTAAGCTATCAGGAAAGCTTCTAATCTGCTGTCAGATGCAACAAGCCAGACAACCAATCTTGCGAAATCAATAAACTTAACTATGCATGCAGTTCTGAGTCAGTAGTTTCCCATCTGAGTGAGGTCAATTAAAGTGAGCAAACTTTAGGACAGGTACTTGATAAGC,"[[58257569, ""T"", [""A""]], [58257588, ""A"", [""G""]]]",yes,yes,T->A,2
chr7,38831246,38831569,GTAAGCTGCCTCAAATTATAATTTAGTAAGTGTGTGCAGCCTAGGTTTCCTGTCCAATATGGTACTGTCCACATGCAGCCTTTAAAACTGAAAGTTAAATTAAAATTCGATAAATCAGATCCTCTGCTGCACTAACACATGCCAAGTGTTCAACGACTACATGTGACTAGTACTGGAAAGCATACAGATCACAGAACATCATCACTGCAGTAAGTTCTACTGGAGAGCGTTGTTCTGTGCTCAGAAAACTGAGATCCAATAATGAAAGTAACTAAGACATCAAGCCTTCTTTACAAAGCTCTTCTTTACTGCAAGTTACACTTA,N,no,no,N,0
chr12,32616108,32616528,TCTTTGCCTTTTAGTTGCTAGGATCATTTTCCTTTCTCCTCTTCCTCATTAATGTGACAGCCTCTGCAGTTAAACTCTGAGCTCTGGGTCTAACCAATTGCCTCGGCCTAATTTTCACTTCTGGGAGTTGTTTTGGAAAGAGGTTTCTGTTGAATATCTTGAGGCAGAGCTGAATTAAACAGCTCTTTGGAGTCCAGGTGGCAAAGAACCTTGGGGAAAGTGGCAGTCAGTGACTGAGGAAAAGACCCCTCCTGTTCCAGTTACTTTAAGCCATCAAACATATGCCGTTGCCTCCCAGGAGAATGAGGTCACATGGCAGGAATTTTAGGAGAGCCACATTTATTCTTTGAAGACCATCTTAGAAACATTTCCAGTGTCATGTTGGTTCTTTTCATCCACCCTCTCCAGTGCTGTGCTTGTC,"[[32616119, ""C"", [""T""]]]",yes,no,C->T,1
chr10,37436314,37436669,AATTAGAATTTTTCATATATGTTGGTTTGCAAAATACTACTGAATAAGCATTAGGTATTTTTGCAAAGACATTGAAGAGGAAATTTGTACTGCTTTATGAGCCTCCAGTCTCTCTGAAGATAGCAACTTTCCAAACCACACTGGTCAGGATGAAAAAATGACTTTCTGCAATTGCTCTACAGTCAGAACTTTGCAATCACAGTGACTGAAGTGAAAGTGCTGACTAAGGGCTCTATAGGAAGGTGACGTGCAGAATTATAATAAGAAGGTGGCAATGATTCAACCATGGGTCATTTGGCAACTCTCATTAGCAGGTGACAGGGCTGTGGTGAAGGGCAAAGGAGAATCATTCCAAT,"[[37436360, ""C"", [""A""]]]",yes,no,C->A,1
chr15,97893954,97894314,TTCTTTCCCTGCCTAAGCTCCTCCAAGAGGGGACTGGTGAGAGAGCAATGCTGAAATCCTCAATTGGAGGCTTTAGTTAAATGACGTTGTGGCTGTATTGAACTATCAGGTGTCAGAACCTATCATTTATACAGAAAAGGAGTACAAATAGGATGACTCACTAAAGCTTTCCAAAATGCTGATTCATTCATTCAAAAGCATGTGTAGCACCTATTGTGAACCATAAATGGTTTCAACACCAGGAGGAAGTAAAGTGTCTATTCATCATTTTTATGATCGTGCCAGTTCCAGATGCCGTAGAAACTCGTGTTCCCTACAGTGCAAGACTTATAGTACATATTCAATTAACTCTAGTTCAATT,"[[97894098, ""A"", [""C""]], [97894245, ""G"", [""A""]]]",yes,yes,A->C,2
chr20,4441201,4441438,AAGCTGATATTGAACTCCTGAGATCAAGCAATCCTCCCGCCTCAGCCTCCCAAAGTGCTGGGATTACAGGTAGGAGCCACCATGCCCAGCCAAGAGTTGCTCTTTTATGGATTCCAAGCTGTACAGGATGAGAGACATGATAGGAATGTCCTCAAATGCCTTGACTGCGGCACAAGCCAGTTTAGTTTTAGAGTCCCTGAAAACCCTAGGGGTGGATTATTTAGCCTCAGAAGAGGCA,"[[4441209, ""T"", [""A""]]]",yes,no,T->A,1
chr18,63823991,63824303,AATGATTCTTCCCCCAAAACATTCAGAGATTGAGCCAAATGCTTAGAATTGCAGGCTTAATAATTGCACTTTTCTTTTGATGATGGCGGTAATGGAGATGATGATAATGAGGATGATGATGGAAGCAACACCAGGGGGCGCCATTCATGCATTCCCTAGATTATGGAGCAGCGTTGTGTCTTCTAACACGAGCCTTTCAAAAACATTCAGACAGCTCTAAAGGTTAGAAAGTTGTTCCTCACATTGAGCTGGAGTCTACCTCTCTATAATCATTGCTCCATTATAATTTTCTTGCTCTTCAAAGCACATGCAC,"[[63824087, ""A"", [""G""]]]",yes,no,A->G,1
chr10,20085923,20086256,TCCTACAGCTGCCTATAAATGGTAAAAGGAAAAACTAAGTCACTACTCATCCCTCAATAGAATCTAATTACTTTCTTGTAATGGTTTGCTTGACAAATTCAGATTTAGACTGCAAAGCAGGATATTGTTCTTACAAGGCTCAATGTCACCTCTGTTTTATTTCTGTCATCCTGAGTTTTTCTTTGGGGACACATACTTGTTATTTTCACTGGTTTGTGGTCTGATGGTATTTAAAGAGAGCTAGTGCTTGTTGACGAGACAGGGTTTCACCCTGTCTCCGAGGCTGGAGTGCAGTGGGGTGGTCACAGCTCACTGCAGCCTCGACCTCCTGGAC,"[[20085962, ""C"", [""T""]]]",yes,no,C->T,1
chr17,56765556,56765758,AAAATGCCAGCATGTCTAGTCAAGTACACGGTAATGCACTACCCCGTTCATTCATTAATCTCTCCATTCACAAATATCTGTTTTCTGTCCACTGCAGTGTGAGGGCTTTCAGGTCTAGAAGTTTCATTCAGAACTGAAAAAGGATAACCAGTGGTGGTCAGAGTGGTTAGAATAAGGGAAAGTGCCTTCAGTCTAGACAATGT,"[[56765648, ""C"", [""T""]]]",yes,no,C->T,1
chr15,88215635,88215879,TGCTAGCAACACAATTGCATAACAAAGAGGGGCAAACTGCAAATTAAATGCAAAATTGGTCACCTCTGGTGAGAGAATTGCAAGTCCATTCTCTTGAGGGAGAGAATTGACACTGGGCAAAGCAGTACCAGGGTAACATCTATATATACTTTTAAAATATGGAACCACAGGAAGTTTCATATGCAAAGAATATGAAATTGAAAAATGCAAACATGAATGCAAAGATTTATAACTCTCTGTGCTGT,N,no,no,N,0
chr5,128350776,128351092,TCTTCACTAATGAACTGCGTAGTGAAAGAGGTGTCCTAGTGGCAGGAGAAGTTTCCAAGGAGAAGCCCAGAAGCTCCCAATAAGGCTCCTACCTAGTTCACACCGCTCACAGGGGCTCCCCCAGGCGGCTCCGAGGGTGGCACAGCATTCAGATTTCAGAGTGGCTCCATTAATATTCACCTCACAGCGGCTGTCCTGGATGTTGAGCCAACAGGTCCCCTTCAGGCTGTCTGAAAAGGAACAGGAAAGGTTGGGGAGCTCTTACCTCTGAAGAAAATAGAATTCAGCTGTGTACACAAAAGGCATTTGTTACAGTA,"[[128350786, ""G"", [""T""]]]",yes,no,G->T,1
chr9,136168937,136169320,GATGCTCCCAGGATGCCTTCATGCAAAAGGCTTTTCTCGCCCTCAGACTGATGACAATTGCCTTAGCACCATGAGGGTCGGGCAGCTTGTCCTCTCTGCCTCCTTCTGCAGTGTCTGAGCCACGTAGGCCAGATGGCTGGCGTGAATTGACCCCAGAAGTGCAACTGGAAGGTCGGCAGGTCTCAACACTTTGAAGGCCCTTGTCCCATGTGACCCTGCTGCTTTCTGGCTCTCGTGGAACAGCCCTCATGTCCAGCTGGACTCCTGTGGCCAAGGAGGGGGCAAGGAGAGGAGGGGACGCTGGCAGTGACCAGCCCTTGCTGGTCTCCACCTCAATGAAGCCCAGGAAGAGGGGCTGGAAGCTCTCCCCTCCACGTCCTCTTC,"[[136168958, ""C"", [""T""]]]",yes,no,C->T,1
chr12,29447470,29447849,TGCAAAAAACAAACTCAGCAAAAATTCACGAAAAAGAAAACGGTCCGAGTCCCTAGGTGTTGACCTCATTTGGAAGTATACAGAAGGGAACAGAGAGAAAGGTCTCTGCTCTCATGAAGCTTTCATTTTAGTCAGGTAAATGAAGATGGTTTCATAGAGAGGTCAAAGTTACTGATGAAATGAAAGCCAATGTAACAGACAATGACTGTGGGAAGGAATGGATGCTGCTGCTTTCATTTTAGTCAGGTAAATGAAGATGGTTTCATAGAGAGATCAAAGCTACTAATGAAATGAAAGCCAATGTAATAGACAATGACTGTGGGAAGGAATGGATGATGCTGCTTTAGACTGAGAGGCCCTCTTTCAGGAGGTGACTATTC,"[[29447498, ""T"", [""C""]], [29447694, ""A"", [""C""]]]",yes,yes,T->C,2
chr15,54548970,54549215,TAAATAACATTTGTTCAGAATAGCTAATTTTCCTTCCTGTGACAATATTTCAAGCTGTAATGAACTTGGCCAAATTTAGTACTTTTCCAGTCACATACACCAACAGACATGCCTCTAGTTTTTCATTCTAGTAAAGCATTGGATAGTTTATTCCAGTGTTTTTCAAATTCATTTCCCCAGGGCCTTGGGGTTCTAGAGAAAGCCTCTGGCTGAGGGAGGGGTTAAGAGGGTAGTCGCTAATAGACT,"[[54548972, ""G"", [""A""]], [54549026, ""C"", [""G""]]]",yes,yes,C->G,2
chr3,127881630,127882118,CCTTCAATTTTGCTGAGGCTGGGCTTTACGACATGTCTATTTCAATGTTTCCCTTAGTCATCAGGCACAGCCCTTACTTCTATAGCATGGTTCTTACTCTTAATGAAATGACCTTTCTGGGGTTTTAATTAAATGCCAGAGATGCCCACCAAGGTCTATGGCTTGACTGGCTGAAATTCTTCAATGATGAGTTATCATTGAAATCTCTGATCAACTCTCTGTTCCTAGGAGCTGTTCTCTATTAGGCATCATAGTGTCTTGCCCCGGACATGTTCAGTTTAAGATTTAGCCAAGGACCTTAAGGGAGGCCTTATACAAAGTTAAGGAATTGTCTCTCATCTGGTACCCTGACACACAAATTGCCACTGTCACAGAAGCCACAAGCAATGTTTCCAGATTCCCTGCCCAGCTTCCCTTCCCTGCTGCTCTCTTTGCTTGACTAAATTATCCCCCACTGTGGTTTAGAAATCAACTTCAAGCAGAAAGCCA,"[[127881657, ""T"", [""A""]], [127882098, ""C"", [""T""]]]",yes,yes,T->A,2
chr6,57352609,57352914,CTTTGATTAGAGTGGGGTAAATGAAGGGTGATGATACTCACACTGAATCTTGAATTTGACACATTTCTTCCAATGAAAATGGGCTGCAAGGAACCCAGTTGTATCTGGCACCGTTTTTTAGTTTTTTTTTCTCTGACACAGGATTACTGTGCTGTAGAAGTGTCATTTGGGGGAGCCAAAGCACTGTACTATAATATATATACCAGTCCATTCAGTGTAGAAGGGGAAAAAAAATAGTGTCATGAATTGAAGTTCATGCTTTTCAGGTGTTTGTATGTTTCTTCCTTCTGCTTTAATAGTAAATGG,N,no,no,N,0
chr6,68235506,68235902,GCATTGTCTTCCCAGAAAAACCTCAACATTGGCAAATTTTCAATGCCTCAGACAATTAGCACATCAATGAGTTTACACAAAAAGGAAGTTGCCTACCAAAACAGTGCTGTTCCAGAAATGGAAATCCTCCAATAATCTCAGATGCAGCCATGGAGGAAAACGTCCAGGGCATGTCCTGCAAGAGGGCAGAGAGAGGCAGTTTGGTCAAGACATTGACTCATCTGCCACTGAACCACAGCCACTGGTTTCTGTCCAGCAGAACTAATATGTGCTCTAGCTCAAAGGCCACTGTATGCTACTTACTATTCTCTTGTTTTTCATGTGAAAATGTTTATTCTATGTGTTTATTCTAGTCTTAGTGCTTAATTTTGGACTTGATATGTTGGGGCTTTTTTGA,"[[68235511, ""A"", [""G""]]]",yes,no,A->G,1
chr4,181701989,181702211,GAAGCAGCCTAGGTCCGTGCCATCCACCCACCCCAGCAGCCAGCCTATACTCAATGGGCACTATGCAAATGTTGCTAGGCACACGACAAAGCCACTGAACAGTGCACACTATGGTCTTGTTAACTCAACACTGTAGGTTGTGACGGCAAATAGAAGTGAGTTTCAGATATGCAGATAGAGTAGGAACTGAAACTGAGGCTGTGGACAACGTTCTGAGGCTTCT,"[[181702042, ""G"", [""A""]], [181702189, ""A"", [""G""]]]",yes,yes,G->A,2
chr3,111465231,111465697,TGAATATTATTCCTGTTCAATCAGATCTTTTGTGACCAGGAATAATTTAATTAAGTTCTACTATAAGAGATAGTGCAGCGGCAATTTATGTTTTTGAATCAAATGGAAGAGATTAATGTAAATTTCTTGGCTTGCACTTTCTAAATATATTTTCTAGTTTATCTAGTCTGAAATATGTTACCAACATTGTTGAGCTCTGGACAGCTGGCTAAATGCAAGCTATTTTCCCCCGAGAGCCATATGCTCCGGGAATCACTCTGCTGATAGATTTATAACCCTTTGCTGTGATCAGGAGAAAGTAGGTTTGTCTAACATATACTATACACAATCCAGGCACAACTAGGAAAAGCAACAATTTATTGCCACTTTTTTGATCTTATGAATACAAAAAGGACAGAAAGTAGATTGTCAAGGTGGAAAAAGACAGACTATATAGTGCTGTTTTTAGGAGATCACATTTTTTCTGA,"[[111465293, ""C"", [""A""]], [111465309, ""T"", [""C""]]]",yes,yes,C->A,2
chr2,238326809,238327183,AGGTGCATAGTGGTATCAGGCCGACTCCTAGGAGGCCCTCCCAGTGCAGGTCCAGCATGCAAACTTAGAGACTTGGAAGCAGATCTTGCCAGTACACTGGCCTCTGTCCCTAGGCTCCCCAGCTCCCCTTCCCGGGTCCTTTATGTTTCTCATCTTTCTAAAAAGCACATCTGGCTCCTGTCTCCTCTGCTGAATCATCTCCGGCTTCCAGTAGCCTCGGGTCTGGGCCAGCTCCATGGCACAGCTTGTGAGGCTCCTAGAGACCTGCTGCTACTTCTCTCCCTTCAGATCCTTCTCTCGTTTCCCATATCTGAGCCCTCCATTCCAGTCGCCACGCACCCCTGCATTCGGCCCTGGCCGGCTGTCTCCCGTCGG,"[[238326847, ""C"", [""T""]]]",yes,no,C->T,1
chr2,80140378,80140720,TCAGCTGGGTTCAAGTCTGACTTACAGCCCAGCTGTGAAGCATAAGCTTCAGGGTTTCAGGCCACCTTTTGGATCCAACATGGTCTTAAGTCCATGGTGACAGAAGCTGCGTCCCATCCCTTCCCACCCATCCCTCATTTCTCATGTGAGAGGTGCTTGTACGTCCCACATTTGAAACAGATGCTCCAACCCCACCAGGAGGTCAGGAGTTTATAATTACATGCAGTCATAAATGTCTGTCATTCCTGTGAAAAACCTTGTAGTTCATTTTAATAAATCAAAACATTCACATAATCTCATGCCATCCAACACAAGGAAAACACATCCACCTCCCTTTTAACAG,"[[80140486, ""C"", [""G""]], [80140487, ""T"", [""C""]], [80140492, ""T"", [""C""]]]",yes,yes,C->G,3
chr4,188069553,188069862,GCAAAAGGCTGTCAGTTTGATTTCCTCGCACAGTGCTTCTGGAAAGGATAGCAGTGTTGTAGACCTGCTGCATCTGATATGGTCACTGCTAGCCACAGGTGGCTACTGGGTACTTAAATGTGCTCAGCTGGCTGAAGAACTGACGTTTTCATTTCATTTTGTTTTAATCAGTTTGAATTTAGTTAAGCACATGTGGCTAGTGGCTAGTGTGTTGGTCGGTACAGTTCTAGAAGGAAAGCTCTGAGCTGGGCCCCTCTCTCCAGGTGGAATTAGATTTTATATATTCACTGACTCAGGCCTGAGCAGGACT,"[[188069602, ""G"", [""A""]], [188069801, ""T"", [""G""]]]",yes,yes,G->A,2
chr3,10524883,10525284,CATTTCTTCCATCCTTCATTTTTTCACTTACCTATCCATCCAACACTCAACCAACACCTTGTGCTCATGCCACCCCTGTGCTGGGCATGGGAGGCTCAGAGATACCTGCATCGAGACTGGCAGGAGTGGAACGGTGACATCCTGCTCTCAGAACAGGAGCTACCTATGAACACTCCCTCTGGGGCCAAGGCCAGTGGGAGAACTGGTTTTCAACAAACAGCCCTGGACAGTTCAGGAGGAGGCAGCAGAGGGGAAGCTGTGTAGCCAGCTTCCTGCAGAGGTGAGTCTGCTGTAAGGCACTTACAGATTCAAGAAGACCTCAGCACCCCTGACACCCTCATCCCCTAACTCCACCCTTGGCAGCTAAAGCACCGACCAGCCTTTTGGTTGTAGTTAGTCCAC,N,no,no,N,0
chr15,85857409,85857716,AATGTGGTGAAACCCCATCTCTACTAAAAATACAAAATTTAGCTGGGTGTGGCAGTGGGCACCTGTAATCCCAGCTGTTTGGAAGGCTGAGGCAGGAGAATCGCTTGAAACTGGGAGGTGGAGTTTGCAGTGAGCCAAGATCGCGCCACTGCACTGCAGCCTGTGTGACAAAAGTGAAACTCCACCTCAAAAAAACAAACAAACAAGCAAAAAAAAGGAGATAAATGTAGAGACAGGGCAGAGGGTTGGGAGCTGTTTTGCACTGGGACTTCCCTGTACATCTTGGGTCTGCAATTTTTAGGATGCCC,"[[85857411, ""C"", [""T""]]]",yes,no,C->T,1
chr3,182369081,182369487,CCTGCCAAGAAGGCCCAAACAGCGAAAAAATGTCTTTAAAAATATAGATTTAATTGAAGAAGTATCTGATAACACCACTCACTTTAAATACTCATCAATAGGCTGTTTTTGTTTTACAATAATGTGTCTGAAGATAGTGACAGGAAAAGAGACATCACTGTGCAAACATTAATATCTCACACAACTGCATCAAAGAGAAAAAATGGAACACTAGCTTTCATTTTCATTCAGTGATATTAACCTAAAATAACTTACTGTAGTTTTGCTTGAACTCACCAGGCAAAGTTTTAGTATGTGGTAATGACTACGAAGGAACATTCAAAGTATTACACCTATTTGTGTTGACACACTCTGTGAGAAATGTTGTTTGAAATATGCATTGAAATAAAGCGTCTCCAACTAACTCG,"[[182369102, ""C"", [""G""]]]",yes,no,C->G,1
chr2,185804126,185804358,TTTTATTGTGAACTCATCTGTCTTTTTGGAGGAAGTAATTTCTGAGCTCTTATGCAAAATTCTTTATGCATTTTCACATAATGTGTTGGTTACTGAAAATCCAGATAGAGTGAAACTGAAACTTACCAGGATTGTTACAACATTGGTAAATTCAATTGTTCTGGAGTTCACCACATCAGAGATTTTAGTTGCAGATAACTTTGATAAAAATTTGTGTTTCTCAGAAAGATACA,"[[185804207, ""C"", [""T""]], [185804208, ""A"", [""G""]]]",yes,yes,C->T,2
chr5,160516555,160516819,TAAAGAACCCTGTACTTCTCCCTCACAGTGCTTAGAACAAGTATAATTATTTATTTGCATGATTGATTTAATGTCTATCTCCCCTGATGCAGTAAGTACTTGATGCATATTGAATGAGTGAATGAGGAGACAGCTGGCCTGGCCTGAGGGAGTTAGCAGTACTGGTGTGAGAGACAGTGGATATGGGGTGTGGCTAGGGCCAGGCATGGAGAATGGGGTACGACAAGTCCCAGAACACAGCCATTCCCTCTCCATTGACTTTTCG,"[[160516557, ""G"", [""A""]]]",yes,no,G->A,1
chr10,116711058,116711375,TAAGCTAACGGACAACAGGAGAGAATTGATGTATGGAATGCCCTATACATACCAAGTGTAGGCTGTGTGTCCTGGCTGTCAATTATACACAGGCCATTATCTATAGTAAGGAATCCCAAATGCCATTAAGTGTGGCCCTGCCTCCACTGCTTCTATAAAGCTAATACAACAACATCTCCCTTGGGACTACTCTCACCCAGGGGATAGTCCAGTTCAGTCCCCACAGGTTGACTTGGACACACTAGGAACAGAAGAGAAAGGCTAAGTCAACACCTCGACACAAATAGAGTTTCCTATAGTCGAGGCTTGAGAGAAAGA,"[[116711066, ""T"", [""C""]], [116711147, ""G"", [""C""]], [116711239, ""C"", [""T""]]]",yes,yes,C->T,3
chr1,237764243,237764457,TGTCCAAGGTCGCACAGCTAAGCGGCAAGGCTGAGACTGAAATGCAGGCATTCTGCCTCCCACTGTTTAATTTACAGATCCCACGAGTGAAGTCACTTCCCTCCCATCTGTTCATATTCTTCAGGGGCTTACTTCATGTCTACCATTGCCTTAGGTAGCATTTTTTTTTTTTTTTTTTTTTTTTTTTGCCCCTTGACTTACGGTTTGTTTATTTA,"[[237764254, ""A"", [""G""]], [237764444, ""T"", [""G""]]]",yes,yes,T->G,2
chr4,24179467,24179820,GCACTCTTCCATGTTCTCTCTCTCTCTCTTAGGATCCTACCCTTGCTGGTAGGACAAGCCCATGCTAGCCTGCTAGATAATGAGAGACATGTAGTTCAGCTACCCTCTTTAGCCCAGGTGACAGCCTGACGAGCCCCCAATACAAAACTGCCTAGCTAACCACAGGCTCACTGCAAAAGCATGCATGAACCCAGATGAGACAAGCCCAAATTGCAAAACCACAGAATCATGAGCTACATAAGTGGTTGCTATTTTAACCACTAAATTTTGAGGTGATTTTTTACAGTGCCGATACAGTGCCACTGCTAAAAATGTACTTCAGATAGTCAAGGCTGTCTCAACTGATATGTTTTT,"[[24179519, ""A"", [""G""]]]",yes,no,A->G,1
chr1,29473085,29473555,TGCTCATTAAAAAAATTGGATTATTTTCTTTTTATTGAGCTTAAGAGTTCTGTATAGATTCTCGAAATAAGTCCTTTGTCAGATATAAGATTTGCAGATATTTTCTTCTAGTCTGCGGCTTGTCTTTTTCAATCTTTTACCAGTGCTTTTTGAAGCTTAAAAGTTTTCAGATTTAATGAGGCTACACTTCCGACCTTGCTGCCCATTATGATAATTATGCTGCTCATTTCTGATGGTTAAGTGCCGTCTGCTGTTGGGATCTTATCTTTCCCCACAGCTGCCAGGGAACACTGTTCTAGAACAGTCTCCTAACACCAGCTCTCGCTCACAGAGCTAAGCCACCACTAAGCTTCTCAGTGTTGCTGGTGCCCCTATTACCAGAACTTTCCAGGGCCCCTGAGGAACAGAACCCACTAGCTTTCTGGTTTGCATAATATAACTTTTCTCTCATGCCTGTGCCTCTGAGCCTCC,N,no,no,N,0
chr4,166169114,166169430,GTAAATTACCAATTCCTCATATTTTTCCCACATATCTTTTTATTGAATGAATCTGCATCTATAAATTAATTCCAAGACTCTTCTGTAGACTCATAATAATCCAAATAAAATTCATTCAGAATGTATAGGATGAAAATGTATTGCTGTTTCTATCCTCATACCCTGTTTCACTTTCATGTTCCTCCTCCTTGGGGCGCTGTAGTTCACTCTGGTGAGTGTTCAGCCTCGTGTACACTATTGGAAGCTGGAGAGACTTAGTTGCAAAATGAAAGAGACAGGGAAGTGTGGGATTATTTTTTTCAACTTTTTTTTTTTTT,"[[166169128, ""T"", [""C""]]]",yes,no,T->C,1
chr14,87934178,87934512,TCAAAAGTATCATCTTAAAAAGGAAAATAAAAAAATACTTTTTAGAGCATAAAGCATAACAGGTTGAAGTGGTTTTCAAAAAGCTACTTCTAGTGTTCTTCAGCTTTCTATTATGGCAGCATCATCTTGTGATGAAGACACTGGCTCACTTGGACACACGGTCAGCATGCATAAATACATCTCAGTGATGATCAAGTTACTGCCATCTACAGGACCGCTTGCAAATAAGATGAAGAGAGCTACCTCAGTGTTAGCAGCAAGGCTTCGAGGTCTGTACTACTCAAACCACTCCTAAGGGTATGGCCAATGCACAGTTTGAATGTTAGGGAACACAC,N,no,no,N,0
chr5,4246447,4246824,ATACTGTCGGTGCACTGCTTTATCTCTTCTGCTGAATAAAATACCTGTGGGATTTTGTACAATAGATATTAACATCAACCTGAAGCCCAAATGTATAAGTAGGTACAGAGAGAGAGTTGGAAGTAGCTTGAAAGTGTTCATGGCACAGGTCACAGGTGAGTCAGCAACCAGCAGGTAAGCAGGTTGGCCCAGGTCCATTCATTTTGTTGAGGAGCCAGGAGACATACTTTTCGTTGACTGTCATTAGTAAGGAAACTGCCTAATTAGTTATAGGATTTGTGTATCAGCTTCTTCCCCTGTATTTCCCAATAAGCCACAAGCTACAGCCAAGAGCTCAAAAAGCTTCAGATCAGATATATTTGTCAGTAACACTTTACC,"[[4246552, ""G"", [""C""]], [4246577, ""T"", [""A""]], [4246804, ""T"", [""A""]]]",yes,yes,G->C,3
chr16,10408860,10409064,CATCTTTGTTTTTGTTGCATTTGCTTTTGGGTTTTTGGTCATGAAATCCTTGCCTAAGTCAATGTCTATGTTGGAGATAAATGCTCGGTTCGCAAAGTGAAACCAGCACTCGGGCAAAAGTTTTCCCAGCAAGGCAATTTACTTCTGCAGAAGGGTGCTGCTCGTGTCATTCACGATCACAAGAGCACACTGAACAAAGGAGAGA,"[[10409023, ""A"", [""G""]]]",yes,no,A->G,1
chr10,78326480,78326699,TAGGGCTTCCTTAAGCATTTCTTATAGGCCTGGTCTAGTGGTGATAAATTCCCTCAGTTTTTCTTGTCTAGGAAAGATTTTATTGCTCCTTCATGTTTGAAGGATAGCTTTGCTTGTTAAAGTATTCTTGGCTGGCAGTTTTTTTTTTTCTTTCAGCTCTTTGAATATGTCATTTTATTCTCTCCCGTTCTGTAAGGTTTTGGCTAAGAAATCCACTGTT,"[[78326492, ""G"", [""A""]], [78326564, ""T"", [""G""]]]",yes,yes,G->A,2
chr18,68446128,68446352,TCAGCTTTTGGACTCTTGGACCTACAGTAGTGGTTTGCCAGGGACTCTCAGGTCTATGGCCACATGCTGAAAACTGCACTGTCAGCTTCCCTACTTTTGAGGTTTTGAGACTCGGATTAGCCTCCTTCCCCTTCAGCTTGCAGATGGCCTACTGTGGGATTTCACCTTGTGATCGTGTGAGTCAATACTTCTTAATATACCCTCCTTTATATAGACATCTATCCT,"[[68446206, ""T"", [""C""]]]",yes,no,T->C,1
chr22,25873114,25873371,TAACTCAAACCTCCAGGACTCCCTGCCTTAATCTTTTGCTGACAGTCAGTCCTGGGGTCCTAGCTTCCCTCATTCCTGTTCCCTGCAGTCTACTAGAAGGTGGCTTTGTGGGGTGCCGAGGAGGCATTGATCAGAGTGCTGCAGAGGCCATCATCCATTATTGATGAGTTACGGTCTGGAAATCGTGTACCGAGAGCTGTTTTCTGCTAGATCCCTCAGCACCTCTGTGGGTGGCACCAGCCCAGCCCCATCCTCTCC,"[[25873135, ""T"", [""C""]]]",yes,no,T->C,1
chr6,106586807,106587275,AGGTAAAGTAGAGAGCAGATGCTCAAGCTCTGCTATTAGTCTTGTAACTGAGGCTCATCTGCCCTAGTCTCCAAGGCCCGCCACTCACCGATGTGTGCAATTTGGGTGAGATGTATTCAGTTTTGAGCTCCATACAGCCCTGGTAAAAGTGGCCCTGTTTCTGAGTCAGGCTGACTAACCAAGTCCCAGAAACTCCCATCATGCCATTAATAGCTGGAGTTTCAAATTTACACGGAATACACAGTGTTAGAACAAGTTGATACAATCCCAGCAGAGGCATGAGTGGAGGCTTACTCAAGTAAAAGTACAACTTGTTTTACTCATAGACCTCTAAATGTCTGAAAGCCCCAGTCTGGGAATCACTGGTCTATCCCAATACAATGAAAACAGCAGCTGTAAGTTTTCATCTTTATATACAAGAGACTTTAAGTGTTAAGACATGAAACAGAGAGAGGGTCATCAGGTAGAG,"[[106586826, ""C"", [""T""]]]",yes,no,C->T,1
chr7,156313935,156314161,AATATTTGCTTTCTGTATTTAGGTGCTCCAATGTTGGGTGCATTACAATTGTTATATAGTATTCCCCCCTTATCAGTGGTTTCACTTTCAGTGGTTTCTGTTACCCACAGTACAGTACAATAAGATATTTTGAGAGACAGAAACCATATACACATAACTTTTATTACAGTATATTGTTATAATTGTTCTGTTTTTTTTTTATTGTTGTTAATCTCTTACTGTGCCTA,"[[156314129, ""A"", [""T""]], [156314132, ""A"", [""T""]]]",yes,yes,A->T,2
chr4,129146676,129146907,ATATCATGGTATTTGATCTCCTGTCTCATTTTGGTAGTTGGAATATAAAACTACCACAACATGGAACAGTACACCAGTGATACACAGGCCTGTAACTCTCACATTTAAACCTGGGGCTTGAGGCTTACTAATGGAAGTGAATGCTCCAATTTTCAATGATCCCCCAGCACCATCAGGGGGCACCAGGGCAACCTTTTAATGAACTCTAGAAGTATGAAGGTTAGAGATTTTG,N,no,no,N,0
chr4,141411922,141412313,AGTGAGAGCCGAGTACAGCTGCCTTTTGTATTCTATTGATATGTTCTTATTCTTCTTTGGGCAACTCCTTGCTTTTTGACACAAGATATTCCAGGTCATCTTGTATGTTTCCCTGTCCCAGCCCTGGAATCAGGAATTTCTCCAAGAAGTCCTGGTTCCTTCTAGTGAAGAATAATATTTAGAATCCATGATCTGGAAGCCAGATGTGTTTATTACTATTGGGATGTTTCTGCTGCTCTCTGGCACTCTCATCTGAGGAATTAGGCAGTTAGGGAGTTAGAGAGTTAGGGAGTTAGGGAAATAGGGACTTGGGAAATTAGGGTGCTCTCTCTCCACAAATTCACACCAACGCCTCCAATTCCATTATTAGATCACAGGGTTCATCAGAGTTT,"[[141411932, ""C"", [""G""]], [141412132, ""G"", [""T""]], [141412291, ""C"", [""G""]]]",yes,yes,G->T,3
chr3,159161143,159161348,CACCAACAGTGTAAAAGTGTTCCTATTTCTCCACATCCTCTCCAGCACCTGTTTCCTGACTTTTTAATGATTGCCATTGTAACTGGTGTGAGATGGTATGTCATTGTGGTTTTGATTTGCATTTCTCTGATGGCCAGTGATGGTGGAGCACTTTTTCATGTGTTTTTTGGCTGCATAAATGCCTTCTTTTGAGAAGTGTCTGTTCA,N,no,no,N,0
chr1,109840313,109840646,CAACACTACAATGGAGTACCACATCACACCCATTAGGGTGGCTATGATAAAAAAGATAGATAATCTTAAGTGTTGGTGAGGATGTGGAGAAATTGGAAACCTCATGCATTGCTGGTGGGAATGTGAAGTGGTGCAGCTGCTGTGGAAAACAGTCTGGCAGTTCTTCAACAGGATAAACATAGAGTTTCCGTATGACCCAGCAATTCCATTCCTGGGTGTATACCCAACAGCTTGTACATGAATGCTCATAGCAGCGTTATTTATAATAGCCCCAAAGTGGAAACAACCCAAATGTCCATCAACTGATGGATGGATAAACAAAATATGGTATATC,"[[109840483, ""A"", [""G""]]]",yes,no,A->G,1
chr1,155296722,155296945,CTCTTAATCTCCTGGTTTCCCCTCAGTCCCAGTATTTGCTCTCACTTGCAGCAAAACTCATCGCAAGAGTTATCTGTACTTGCTACCTCTAGTTCCCCTCCCCCATTCTCCCTTGAACCCACCCCACTCAGGCGTTGGCCTCCATCTCTCCACTGCATCTGTTCTTGTCAAGGTCACCAAGAACCTCTGTGTTTTTGCTCCATGTAATGCTCAATGCTCAGTCC,N,no,no,N,0
chr13,65889473,65889713,GAAGTTGTATATTTAGTTCTTAAGGAAACAAATATGTTGTTTTCCAGAATGGCTAAGCAAGTATGCATTCCCACCAGCAAGATATGAGTCATCCCTTTCTCCAAATTCTTTGTGACTGTTCAGTCTTCTATCATCAATGTTGATAGCACAGTGGGGAGAATCTGTAATTTAAAAATAAAATGCAGCACTGGCTTAATGGGTAGACAGTGTGAGAAAGTGGATATCAGTGATTGGAAAGTTA,"[[65889557, ""C"", [""T""]]]",yes,no,C->T,1
chr1,215118086,215118458,CCTAGGCTCCACAAGTGCAGTCTGTGAAATTCTGAGCCTGTAAGAGTAAGGGCCATGTTGAGATACTCTCTGGTTTTAATAGCAGGACCATTCAAAACAGCTCACATCATCTGGAATAAGGTAATCATAGTGTTGACACATAGCCAGAGGTTAAGAATGAGATGCATGAGGATCCTGTAGCCTTTGGCAACAATACTCACACATGACTGTGTATTATTGATGGGTGATGATTATTTTTGTGCTGCAACCATAAATCGTAATGATACCCACTATTATCTCCCCACAAAGTCTTTTGGCAATGAGAGCATCATTTATTATTTTACTTTCCTCATCCCACATTCTTCAAGTTTTTAAAAATAATCTTGCTTACATG,"[[215118098, ""C"", [""A""]]]",yes,no,C->A,1
chr1,7521819,7522180,TTACAGGCGTGAGCCACTGCGGTCACTCCACAGTTCCTTCCTTTTTATTTCTGAGGAGTTATTCCATGTTATGGATGAACCACTATTGTTTGAACCATTTACTCATTGAAGGACGTCCGGATGTTTCCATTTTTTGACAATGACAAATGAAGCTGCTGTGAACATCACATGTGCGTTGTTATGTGAACTTCTGGGATAAATGCCCAAGAGTGCAATTGCTGGGTCCTGTGGTAGCTGCAGATTTAGCCTGCCAAACCGTGTGCCAGAACAACTGTACCATCTCACATCCCCACTAACGGGGTATGACGGATCCGGTTTTTTCACGGCCTCACCAGCATTTGATGTTGTCACTATTTTTTATT,"[[7521840, ""C"", [""G""]]]",yes,no,C->G,1
chr19,23409466,23409746,AGTGAGCCATCATTGAACTCCTCTGCTGGACTGAAGCTGTACTGTCCCGGTGAGAGCCATCTGGTCCACCGTAAACATTTCCAGCTGGCAACCAAGTCCTACGCTCGTGGCCCACATCCTGTACACCTGGCAGCCAGAAAGAGAAGCCAGCTGGTGGTGGAGGCAGAAGCAGAAGCCCACTGTGTCTACCGTACAGGCCACATGTGGCACTCGCGGCCTGAAGCTGTCCCTGTTGGAACCTTATTTCCCCCAAGGCGGCCCACCTCCGCAGCCAGCCTCTA,"[[23409497, ""C"", [""T""]]]",yes,no,C->T,1
chr3,175383827,175384242,TGTTTATATGCAGCAAACTAGAAAAGATACATAGTGGGCTCTACTATTCTCTAGTTCTTTCTCAGTAATCAACTGGTAATAATTTTTACCACTGTGACTAAGACAATAATTCTGATTCTGTCAGATTTTTACCGTGTGGTTCATATAATTCTTGTTTCATGCAACCCTGTTTTCATTAGGATGCTTACTTCTTGCCTCAAGGCTCTTACAATAAATTAGATATTCTTATCATTTGCCTATTTATTTTTGTAATAGCTGAGTAATGTTGAATCTCTCTTTTCTCCCCTGCCTTATTGCTCTATTTCTATATTTATCCTCTCTCTGAGAACTTGCCTCTAGTGAAGAAATTTTCTATTTGGGTTTACGAGCTGCATAATTCTTTTTAGTATAATGGTAAATATTCCTATTGTCTGCAT,"[[175383857, ""G"", [""A""]]]",yes,no,G->A,1
chr1,57955141,57955369,GTCTGTTCTATTTTTACCTCCATCTTGAACTCTGGCACTCAATGTTTCTGCTTTTAGCCTCTCTGATGTGCCATGAACCTTGAGGCTCATGGCAGGTCTCCTCCCTCCTGATTAAACCTCTCTTTCTTCACCTCAACCATCTCATAAACTTCCTGTGAAAAGTCTTAGTGGCATTGCTTAATATGACCTTGACTCCAGCCCCAGAAGGACACGTAGCTGAGGGAAATCT,"[[57955188, ""T"", [""C""]]]",yes,no,T->C,1
chr3,133434579,133434912,TGCATGTACATGCCCAGATGGCCTGAAGTAACTGAAGAATCACAAAAGAAGTGAATATGCCCTGCCCCGCCTTAACTGATGATATTCCACCACAAAACAAGTGTAAATGGCCGGTCCTTGCCTTAAGTGATGACATTACCTTGTGAAAGTCCTTTTCCTGGCTCATCCTGGCTCAAAAAGCTACCCCACTGAGCACCTTGTGACCCCCACTCCTGCCCACCAGAGAACAAACCCCCTTTGACTGTAATTTTCCTTTACCTGCCCAAATCTTATAAAACGGCCCCACCCCTATCTCCCTTCGCTGACTCTTTTCGGACTCAGCCCACCTGCACCC,"[[133434587, ""T"", [""C""]], [133434647, ""A"", [""G""]]]",yes,yes,A->G,2
chr22,27197716,27197979,CCACCTTCCTGAACTGGTACATCCCTTGCTTAGTAACCCACCAAGAGAAAAAAAATCTCAGGGAAGATTCTCATTGGTCCAGAATGGGTCATGTGCTTCTCCCTGAAACAATCACATGACCTGGGGAAAAGATGGCTTTGATTGGCCAGGTCTGGGTCACATGTGGCTCCTGTGGCTGGCAGTGAGATCAGCTACATCAGGAAGCAGTAAAGGAAGCAAAAGGAAGCAGTGGTTGTATTTCTGGAAAATGAGGAGGAGTGTGAG,N,no,no,N,0
chr5,154320815,154321091,AGGGAGAGAGGCTGACTTTTCCATCAGAACTGGACTACTGGAATCAGGGGAGTCCTGTTCACACAGCTGGAATGAGCTCTCTGCCAGATGCAACGGTTAAGTCAGGGCAAGGACATATCTTCCCTCCCACAGTTTCCCTTGGTGCCTCTAGCAGAGGTACAATTTGAAACTAAGAAGTCTCTGGACTCTGACCTGTTTTTTCCCTCAGCATTTCTTTCTAAAAATTATCAGACATACAGAAAAATTGAAAGAATTATACAGCGAACACCCATGTTCC,N,no,no,N,0
chr3,142450938,142451241,CCTCAGAAAAGAAAAACCCTTTGCAGAATCTGACACTCAAAATCAGAACAACAAGCTGTGAACTACACCATCAATTCCGTCTTAAGAGACACCAGTGAATATGAATCATCCCTGGAGCTCCAGGAAAATGGCCTGGCTGGTTTGTCTACCTGGTCAATTGTGAAACAGCCCCTGCTGCTCAGGTGTAATTCCCTCCTAGAGGAGAATTTCACATCCACTGAGGAATCTTCCAAAGAAAACTTCAACTTGTTGGGGATCGAGGTGCAGTACCACCTGATGCTGCACATCCAGATGCAGGTGTGCA,N,no,no,N,0
chr5,56203952,56204253,ACAGTGTAAAAGTGTTCCTATTTCTCCACATCCTCTCCAGCACCTGTTGTGTTTTTTTAATGATTGCTGTTCTAACTGGTGTGAGATGGTATCTCATTGTGGTTTTGATTTGCATTTCTCTGATGGCCAGTGATGATGAGCATTTTTTCATGTTTTTTGACTGCATAAATGTCTTCTTTTGAGAAGTGTCTGTTCATATCTTTTGCCCACTTTTTGGTGGGGTTGCTTTTTTCTTGTAAATTTGTTTGAGTTCATTGTAGATTCTGGATATTAGCCCTTTGTCAGATGAGTAGATTGCAAAA,N,no,no,N,0
chr20,5310050,5310290,CTTCATCTGTGAAGTGGGGATAATTAATAAGATCACTGACAACCTCTAAGGCTTTTTGTCATGTCCTGAGAAGGTAAACATACATAAGGGATGTTGAAAGCTATTGCACATTGTTTAAGCTAATCATTTCCTATGACTCATTCATTTGCAAGAGGGACACCGGCAAGGTCTTTGTTTTCATCTGTCTGCTTGGATGTGTTTCTTTGGGCCAATCCTTTCCTTCTAGGGTCTCTATGACTTG,"[[5310114, ""T"", [""C""]]]",yes,no,T->C,1
chr8,112201155,112201361,TGAAATTCCTTCTCCTGGCTCATCCTGGCTCAAAAGCTCCCCTACTGAGCACCTTGTGACCTCCACTCCTGCTTGTCAGAGAACAACCCCCCTTTTTCCTTTACCTACCCAAATCCTATAAAATGGTTCCACCCCTATCTCCCTTCGCTGACTCTTTTTGGACTCAGCCCACCTGCACCCAGGTGAAATAAACAGCTTTATTGCTCA,"[[112201216, ""C"", [""T""]], [112201313, ""C"", [""T""]]]",yes,yes,C->T,2
chr10,111446996,111447331,GGAAAGAGGACCCAGGAGCTCTTGATTTAGGCTTGGCCTTTCATTTGTTTAACATTTATGAAGCTCTCACTTGTGTGCAAAGTTGTTCTGGGCCTCTGAAGAGGAACTAGACATAGCTCTGGCACAAGAAGTGTTGTTAGCATGACCCCTACATGACCAAACATAAGCTTGGAGAGTGAGACATCAAATGAGAAGCACATGGGAAAGCTGCTGGAAGGGAAGTGTCATCTCTGGTAGTCTTTGAGTTGGATGTAGTACCATGGAGGAGACATAAGATTTGAAAAGAAAGTGATGGAGGAGGAAGAATACTTCTGGCAGAGAGAACAGTATAATTAA,"[[111447014, ""T"", [""C""]], [111447265, ""T"", [""C""]]]",yes,yes,T->C,2
chr6,71211866,71212152,CAGAATAAATAAAAACCAACCTTAACTCAGTCACAATGTAATTAAAGTGAAAATCACAGCGACAAGAGAAGATTAAAAGCATCTGGTTAAAACAGACAATGTACTTTCAAAGGAATGCAACTTAGAGTGATGTCACAGCAGCAAAAATGATAACCCGGAAAACATCTTTAGTGTGCTGGGAGAAAATAAAAGTTAATCTAAAACTGTAAACCTAGTTAAACTATCTCTCAAGAATGAAAATACAGATTTTCAGGCAAACACAAATTGGGGGAGTTAATCTCTCACTG,"[[71211901, ""T"", [""A""]]]",yes,no,T->A,1
chr18,25539164,25539462,GATGATCTCAGGTAAGGGAAATTTTAGGCTGAATGTCAAGAAAAAAATTCCTGACTGTAAGAACTATTGGATTACAAAGTGGTCTCTCAAGGGAAGGAGCAGAAACACCATCTGCACTGCTCTGGGAATAGGTTTGTTAGTTAAATTGTACTCCTTTTCTTAGTTGACTGCTTGACATTTCAGCAACAGAGCCAAATAATTCATGGGTCAACTAAGAAGAGTGCTTATTATAATCATCTTTTAAAATCTCCACCAACAGCAGTGAATAGGAAAAAAAATATAGTTGCTATTTTATTCTA,"[[25539431, ""T"", [""A""]], [25539432, ""A"", [""G""]]]",yes,yes,A->G,2
chr17,46307293,46307617,ACTCTTCTACCATAATTGCAAAAATTCTATGATTTCTCTGTATAACATACCCATCAAATCAGAGTGGGTATATTCAGTGGCCTGAAGGGGACTCAAGGTGAAGATTCTCCTCTACATCTGACTTTAGAAAAGACTTTCCACCTGCCTTGTGGTTCAGAAATCTAGTTTCACACAGTTCATTTCAAGTTAGAGGGAGGCATTCAGGATGTGTCTGGACTAGAGCAGCAGTTTCTGCACATGCTCCCCTCTGTCCTCATTAATTTGCTGATGCATAACTTAGGAAAAGTACACTAAAGGTCTGTTTTTCTTTTGCCCTCACACCAGA,N,no,no,N,0
chr16,49469930,49470311,GCTGGTCTGGACACACAGCTCTATGCGCGAGTGTTTGCCACCATTGCCGCATTGGTTCCAGGTGGACGTGGGAGGATTCAGTACAATCAGAAAGTATTCCTGTGGCCTTTGCAGAGAGACACCCCAGCAGAGGGGCTAGACAGCAACCTCCCAGATGTCCTGGCCCAGCAGCTGGGCTCCCTTAGACTCAGTATTGACTCCTGCTTGTCATGGGGCACGTGGCCTCTTCCCTGAGCAGCACCATGTGGCGGGGATGGGCAGGCCTCGCAGGTGGAATTGATTTTGAAATCTTGTCTCTTACACAGGAAAAGGTCATGTTTGCAGGAGGGTGTCCCGAGGCCTCTTTCCAGCAGGGCGCCCTGTCTGAGCCACGGGACTTCCA,"[[49469995, ""G"", [""A""]]]",yes,no,G->A,1
chr9,76932774,76933176,AGAGACCATCATTCACCTTGTACAAAGTTCGCTTCAGGAGGTGCTGGTGTCTTTTAACTCAACAGGAATAGGAATTTCTGGAGTTATATAATGCCAAGCCCTACACTCCATGCCTAATGTCAGGACAATGAAAATGCATGAGTGGCTAGATGCCTGTTATGCATTCCTATCCAGGCTCTCATATGGGAGGAGAATTTAGCTAAGTGTTCCTGAAACAGGAGATGAGGCTGAAATTGGTGTGTGTTGAAAGAGGAGAAGTTGCCCAAGCTTATCAGGGGCTCCAGGGACTTGAAGAAAGGAATGTGGAGGAGATAGGCTTAAAAAGCATCAGTGTCCTGCATGGAAGTGCCTAATGTTACAGCAGGACTTCTGATGGGTACGCTGGAGTAGTTGCTGGAGGACA,N,no,no,N,0
chr5,124474870,124475196,CATATGAGTGTACCAAAATCTTTTAATCTGTTTACCTGTTTTTTCCAGTTTTGGGGCAGTAAAGCCTCTATGAATATTTGTGTTGAGGGACATATGTTTCCATTTCTCTTAACTAAATACCCGTGAAAGGAATAGCTAGGTCATATGGTATGTGTTTGTTCACCACTTAAAACACTGCCAAGCAGATTTCGAAAATGGTTCTACTGTTTCACATTCTACCCAGAAGTCTATGAAGATTCCACATCCCATGTAACTTTTTAATTTAGGTTTCTGGTGAACTACAGTAGATTCTGTCAGTATTCAGCCAAGAAAGGGGACTATGAGGTA,"[[124475116, ""A"", [""C""]], [124475189, ""G"", [""A""]]]",yes,yes,G->A,2
chr1,217718832,217719320,TACTGGCTGCCAAACAAACAAACAAACAAACAAAACAAAACAAACAAAAAAACAGCAACAGAGCTTAGAAGCCAGCATCTAAGACCATAAATTCTAGAAAACTGTCTAGACCAGATTCTTGGTTGTGGTCACTTGCTCATGAAACTGACCACGAACAAAGAAGCCAGAAGCCTGCAATATCATTGAAAGTTCCTGTTACTAAAGAAATCCCAACTTGGCCAGCTGTGACCTGCCCTCAGGCAATCATAAAACTACTGAACTTGGACCAATAGGCCCCTAGTGGGCCGCTAGAACAATGCATTCTCCAGAAATATTGTCCTCTGCAGTGGCCACCTCATATGTGGTCATGGAAGATAACAGACATGGAATATTCTGTTTGTCTACCCAAGAAAACACCTCTTGAACAGGAACTTTTCACTATACCCGTGTAGCAGGATTTATTGTTTGCTGTGAATTAGTAACTATTTCTTTCTCATTTTCTATTTTTCC,"[[217719117, ""T"", [""C""]], [217719118, ""A"", [""G""]]]",yes,yes,A->G,2
chr1,44615849,44616227,CTCAGTTTATGTGGTCATCAATTCAGGAACAGCTTAGCTGGATGGTTGTGGGTAGTAGTGGCTACTGGCTGGGAGTCTCTCATGAAGCTGCAGTCAAGATGTCAACCAAGGCAACGGTCATCTGAAGATCTGACTGGGACTGCAGGATCTGCTTCCAAGATGCTCACTCACATGGCTGTTGGCAGGAGGCCTCAGTTCCCCCACATGTGGGTCTCTGCATAGGACAGCTTGAATTTCCCTATGACATGGCAGCTGACTTCCCACAGAGCATGCAGTCCAAGAGAAGACTAAGGAGGGTGCCACAGTGCTTCTTATGATCTAGTCTGGGAAGTCACACACTGTTGCTTCTACTCTATTCTATTCTATTCTGTTCACTAGG,"[[44615857, ""C"", [""A""]]]",yes,no,C->A,1
chr6,147711640,147712029,TGGAAGATAGTGGTTTGCATTCTTCAAAGGGGTCATTGCTGAATTTGTAATCAGATTGTAATGAATTTCAGCCGAAGTATTAAGTTTGTGGTATCCAGAAACCGGGAAATATGTTTGTGTTGTGAGTTCCTTACATCATGGAGTGTCATGTGCGTAAGTACACTTAATTAGATACTCTGATGACATTAGTAACAGTGTCAAATGTCATGAATGGCTAATTGCTTGCCAATCGAAAGCCCTATTTACATAAACACCAGGGGCCCACTCAGAGGTCTGCACCAACCATCTTTTAAGCTAAGATGTATCTTCAGTACCTTGGGACAAAGAAATGAGCATTTTCTTACAGAAATCCAAGAGACATTACAGGGGAGATAAAGAAATTTTTGAAGA,"[[147711645, ""A"", [""G""]], [147711712, ""T"", [""C""]]]",yes,yes,T->C,2
chr3,153577376,153577629,ACCTAAAACAGAATCAAAAAGTCAGAGGAAAAAAACCCTCAGGGTCCAAAACATTGCTCCAAAAATGTAATTATCTGAAAGCCTGGCAGCTAAAACTGTCTGCTATAAACTGAAACCAGTTTTATCTAATTGCTACTGAAACCACTTGCTGCAACTTTAAGGCCCGTTTTACCTAATGTTGTCACTCACCAATTAGAGCTTGCCAGCTCCCCAAACCTTACTAGTACTCACGAGCTTTTTCAAAGAGCAATGTG,"[[153577540, ""A"", [""C""]]]",yes,no,A->C,1
chr11,77776485,77776796,ACTATGTCATCTTATAGTTTCCTGAGATTTTGTCATAAAGCAGAACGAAATGAGCTCATTATAGTTTCTAGTTATTTCAATAAATTAGAAAATGTATATGATGTACTTTATATATCATAAAGCAATACCCAAGCCAAAGTTATCACTATTCACCAGCAGATGGTGATCATGTCTTACTTAAAGAAAAATTCTGACACCTTATTTGAGGGCTAGCCAGCCAATTGCTAAAAATGATCAATAAGCAAACTAGAGTATCTGAATAAAATGTTGGTGATTTTTAAGTACAATCAAATGGAACACCAGCAAACACAA,N,no,no,N,0
chr16,48182199,48182588,CACACATGCACTCTAGTACATACATGTGCTCCTGCACATACATGCACTCCTACACATACATGCATTCTTGGACATACACGCACATGCCTGTGTGTGCAGAGCCTTCTGCAGACACATGGACATTCAGAGAGCTATGTGGTCCTCACCCTCAGACGCCTGGGAGTGCAATAACAGCTGGGCTGACTGGGAGCTTCCACTGAGCTGGTGCAATGCCAGGCACTGGCCGTGCTCTCTTCCAGGCATTCAGTGCTCACCACACTGCATGAGATGAGCAAAGTGGTTAAGAACATGTAGTTTGGGGCGGGGCGCGGTGGCTCACACCTGTAATCCCAGCACTTTGAGAGGCCAAAGTGGGTGGATCACGAGGTCAGGAGATCGAGACCATCCTGG,"[[48182212, ""C"", [""T""]]]",yes,no,C->T,1
chr15,58193672,58194043,CTTAGCAAATGGCTCACCAGGAAATTATATCCCACAACTGGCTCAGAGGATCCCACACCCACGGAGCTTTGCTCACTTCTAGCACAGGAGTCTAAGATGGAACTGCAAGGCTGCAGGGAGGCTGGGGGAGGGGCATCCGCCATTGCCGAGGCTTGAGTAGGTAAACAAAGCAGCCCCAAAGCTCGAACTGGAAGCTCGAACTGGAAGCTCGAACTGGAAGCTCGAACTGGGTGGAGCGCACCGCAGCTCAAGGATGGCTGCCTGCCTCTGTAGACTCCACCTCTGGGGGCAGGGCATACCTGAACAAAAGGCAGCAGAAACTTCTGTAGACTTAAACTTCCCTGTCTGACAGCTTTGAAGAGAGTAGTGGTT,"[[58193685, ""A"", [""T""]], [58193770, ""C"", [""G""]], [58193869, ""A"", [""G""]], [58193928, ""C"", [""G""]]]",yes,yes,C->G,4
chr4,89452882,89453265,CCCCTTGTCAGAATCGGTTGACAGAGGACCCATAGGAAGACTGGAAAGCTGAAAAAGGGGGAAGGGACTTTCTCACGTGTTTGCTCTCTGATCCTGCTCAGCTTCGTCACAGCAAAGGCTCTTCATGTTGGCAGCTGGTAGATCAATTCTGATAGCAGCATTTGATTCTTATTTAGTTTTTTCCCACACTCCCAGAACCAGACTCATTGACCAATCAGAGATATCTGCACCACCCAATCAATGTCCCATCTGTCTGACTCCCAGCTGTGCAATCTTGTCTCCCCAGCATCCCCTGGTCCCTTACTTACTAAGGTCCCGGGAACCACAGTAGGATTTCTAGCAAGCACTAAGGACTTTCTTATCAGTTGTCACACATATATCATG,"[[89452897, ""T"", [""G""]]]",yes,no,T->G,1
chr3,125220246,125220488,TTTCTGGTCTTACGGCAGTTATCCAGAGCCTCAAACTCCCTGCGAGTGATTCTCCTGCCGGACCGGCAAGCTTCTCTTTCCATCCTTGGATATAACTCAGGGGCCTGCATTCCCTCCTTCAACCACATTCACCAAACATCTGTTGCTCACCGACTGTGGCCAACACAGAACACAGAGTGGGAAGCAAGACCGCTCCAGGCAGGCGGGCAAGACAGACTTTCATCAAATGCTCACACATTACAA,"[[125220299, ""T"", [""C""]], [125220356, ""C"", [""T""]]]",yes,yes,T->C,2
chr3,18832872,18833240,TGGGTAAGGGACCAGTGAATCAGGAGTTCTGACTGATCAGATGGGAGATGAAGTCATAGGAAGTTAAAGCTGCCATCTTGTGCTGAGTCAGTTCCTGGATGGGGGCCAGAAGACCAGATGAGCCAGTTTATTGATCTGGGCGATGCCAGCTGATCCATCAAGTGCAGGGTCTGCAAAATATCTCAAGCCCTGATATTAGATTTTGCAATAGTGATGTCATCCCCAGGAGCAATTCGGGGAGGTTTAGAATCTTGCGGCCTTCAGCTTCATGACTCCTAAAACATAATTTCTAATCTTGTGGTTAATTTGTTAGTCCTGCAAAGGCAGTATAGTCCCCAGGTAGGAAGGGGGCTTATTTGGGGAAAGGGC,"[[18833031, ""G"", [""A""]], [18833138, ""G"", [""T""]]]",yes,yes,G->A,2
chr15,65489090,65489443,AGCTGCGACTACAGGTGCGTACCACCACACCCAGCTAATTTTTTGTATTTTAGTAGAGATGGGGTTTCACCATGTTGGCCAGGATAGTCTCGATCTCCTGACCTCATGATCCGCCCGCCTTGGCCTCCCAAAGTGCTGAGATTACATGCGTGAGTCACTGCGCCCAGCCAAGGTGTGGTATTTTTTATTTTGCCACCAATGCTGCCAGCATTACCAAGACCAGCCTCTAGGAGAAAAACTGGCAAAGAGAATTGAGGGGCCAGAGGCATTAAACCACAATACAATGGTTTTTACTAGACTTCATTATGATGAAATATAATCTACTTTTTTTTTTTTTTTTTTGAGACAGAGTCT,"[[65489095, ""G"", [""C""]], [65489108, ""A"", [""G""]]]",yes,yes,A->G,2
chr9,26369159,26369429,TCTCACAAAACTGAACAGGACTTAAGAAACCCATATGTTATGCAGGAGGAACTTAATTTCAGTGAGAGGACATGATTACACAAAGTCACGCAATAGGCTAGGGGAAAAAAAAATATGTGGCTGAAGTCACCTAGCTCCAGGCCAAGTGTTACTTTCATTCTACCATATGGGTGAATTTTTTTGCTTTCCTGCATACCAAATGCACCACAAAATATTTGAGTTTGTTTTAACCTATCATTAGAGTGGATCTTTGAAATCCTGAGTAGAACTA,"[[26369174, ""A"", [""C""]], [26369222, ""C"", [""G""]]]",yes,yes,A->C,2
chrX,105666396,105666812,TGAGGGATTTAGTGTCATTTGATTATGAGGTGAGATGGTCACATGGGGATGAAGTAATTCTTTAACATAACATCTGTATGCAGAAGTACAGTATACAGAGAAAGGAATTTACAATATAGTGTGTGCATCGGTAATTTCTAACAGAGCCGTAAAACAGAAACACAGTCTTTCCATAACCTATTATTAGCAAGATATTAATCAGCAGTAACAGTTGCAGCAAAAGCTGGTTACAAACAATCCATAGAAACAGGACTTGAAGCTAGACAACCAGTTAGACCAGAAATTCTCAGAAGGCAGTATGCCTTAACCCTAAAGAAGCCTAGAAGAGCCGTGGCAAGATGAGGGCATTTATAGTCCTATCTTATCCATATGGACAGGCGCCCCTCATGTGTCCATTTATAGGCTCTCCACAAGGGT,N,no,no,N,0
chr18,75824603,75824856,TGCAGCTCTGTCTCAACATTAGGTAAAATTGACAATTGTTCCCAACCATCTACACCCCTGCTGCGAGGATTAATGAAATGAGACCTGTGCTGCACAGATTGTTGGTAGAAAACCTCTCTATAAATACAAAATATGCTAAGTGCCTCCTTATAGGTTCTGTAGGATTTCAGCAACCCTCTGGAGACAGTGAAACATATTGCTGTGCATTTGAATAGGCTGCCCCTGAGTGCCCCTGAGGCCAGGAAGGCACAGCA,"[[75824714, ""G"", [""A""]]]",yes,no,G->A,1
chr2,4176143,4176396,TTTTAACTGACTGATGGATGTCTGTTATTGATTTGATTTGATTCTAAAATGGAGCCCGAGAGCCCCAAAATGAAAGGACAAAGTTGGAGTCCATGCCTCTACTCACCGTTTTGATGAATGTTGTACCTTGGTATCCTGGATGAGCCCCCAGTATGAAGCAGCTACATTATCTGGGGTATACACCTGGGGTTCTTCATCTTGCACCAGAAATTTAGGAAATGGACACACATGAGGAGTTTAGGAGCAGAGGTTTA,"[[4176163, ""C"", [""T""]]]",yes,no,C->T,1
chr15,37981724,37982220,CAGACCTGGGAAGGTAACATTTTTATGTAGCATGAGGTTACAGCCTGACTAGAAACTATTGTAGGGGAGATAAACGGCTGTTGGCTGGCTGGCTTGCTTCTCCTGATGAATATTTACAGAAGAGACTGGCTATAGATGCCAGCAGCTGGCCTTCCCAACAGTGTCTTAATCATTACAGACAACGGAGCAGCCTGCATTGGCCTTTGAAGCAGTGTATTCCCTTATGATTTGACCACAGTAGCCTGTTTCCCTCATGAACAGTAGAGGCCACTATTCCATGACACTTGCAAGATCTCTTCAGAAGCTAGTCATTCATGTAAGTAAATTATATTCCTGCTAGATGCGGAACAGATGGACCAAGGTCCAAGATAACAGCAAACTTGTCCCATTTTTCACAGGTACATAGGCTGTAGCCAGATTTGAGCTTCAAGAGAATAGATGTGGAAAACAGATAGATGTGGATGATAAAGTATTTGAGTATCAATCCCAAGGGCTGA,N,no,no,N,0
chr3,157370880,157371283,ATTAGTGATGCTATAAAACTCTTAAGGACTCTAAGTTTTATTTTTGTTATATAAAAATAGGATTGATATTACATCATCAGATTGCTGAAAGCATTGTATAAGATACTGGATTTGACAGTGTTGCTCACATAGAATGGGCATGAAAAATTCAAGGCATGGTAAAACCCTGAGTGGCTGCTGCTTAATGTGGACATTTGACACTGAAAGAAGGAGGTTTGCGCAAGTGTTACCAATCCTAGAAGATATGCTTTTCCTGCTCAAAGCCAGGGAGGACTATAAAATCCCTCCTCTTACTGCAGTATCTTAAACAGTGTGTACTAAAAGAGAGGGACTCTCCTACTCCATGAGCATACAAGAACTGGGATATAGAAATGGCCAATTAAAAATAAATCCCTGTACTTGAA,"[[157370938, ""G"", [""A""]], [157371193, ""C"", [""T""]]]",yes,yes,G->A,2
chrX,55237222,55237489,TGCATATCCTTTGTATGCTTCTTCTGTCAGATTGCTCTAGCTAGTACTTCCAGTACTATGTTGAATAACAATGGTGACAGTGGGCATTCTCATCATGTTCTAGATATTAGATGAAACGACTTCAGGTTTCAGTTTTTCCCCATTCAGTATGATACTAGCTGTTGGTCTGCTGTATATTTTTTTTAAATATAGGTCAATAGCTTTTCAGGAACAGGTGGTTTTTGGTTACAGGGGTTTCCCCTTAGTGGTGATTTCTGAGATGTTGGTG,N,no,no,N,0
chrX,113387818,113388184,TTGCATCTATGTTCATCAAAAATATTGGCCTGGAGTTTTCTTTTCTGGTTATGTCTCTGCAAGGTTTTGGTATCAAGATGACACTGGCCTCATAGAATGAGTTAGGGAGGAGTTCCTCCTCAATTCTTTGGAATAGTTTCAGTAGGAATGTTACCAGCTCTTCTTTATACATCTGTTAGAATTCAGCTGTAAATTCATCTGGTTCTGGGCTTTATCTGGTTAGTAGGCTTTTCATTACTGATGCAATTTTGGAACTTGTTATTGGTCTGTTCTGGGATTCAATTACTTCCTGGTTCAATCTTGGGAGATTGTATGCTTCTGGGAATTTATTCATTGCTTTTAGGCTTTCATGCTTGTGTGCATAAAG,N,no,no,N,0
chr12,115481100,115481510,GTTGAACTAATTTACACTCCCATCCACTCTCTCAGATTATTTAAACAAGCAGAGACTTGGCTTTTTAACCTGGCTGCAGGTAGTAGCTGTGAAGCCTTGAGTAAGGAAGTTAACCACCTGAGCGTGGTGAATGCCATGTGCCCTCCCAGCCCCCAGCTCCCTGAGTCTTATGTTTCTATTTCACTTTCCTATTTCAGTGCAAGTAGTCAGACTTACAGCTGTCAGCACCTGGACTCTTCAGCCTGAGGTTTTTTTCTGCCTGTGCACAGGCCATGGAAGAAGTGGCCTGAATCAGTGCTTCCACCCAGTGGCCCTCAATCATTGACGGACAGGAACTGGCCTCTTCTCTGCAGTGCCTGCTCTGCACTGACTCTCAGTGTTCCTGGGGAGGATTGAGCCCCTGTTTCCTGC,"[[115481151, ""A"", [""G""]]]",yes,no,A->G,1
chr4,80263514,80263807,GTGAGCTCAAGAAGAGGGGGTGGGGACCTAAGCCGAAGCCCGCGCACTCACTGCCTGGCGCCTAGGTGACTGGTGGAATCTGCTAATCTGTTGGGTAGTTTTTCCGTCGTCTGTCAGGTGGCGATGAGTGGAAACTAATCTTCGGGGCCGTTTGTTTTACCTCTGCAGGAAGCAGGGCGCTTGCGCCTTCTCCCAACCTTGCTTTCCTGGCTGGGAGAACGCAGGAATTGGAGAACTGAGCTGTGGGCTCGAATCCGCGCATGACCTGGAGATCTGGACCAAGCTCCGAGGCTT,"[[80263515, ""A"", [""T""]]]",yes,no,A->T,1
chr8,78186291,78186538,TTGTATTTCAGCTAACCAAGCACGTAACCCATTAGAACATTTTTTAACTCCCTGAACTGCAACATTAAATGCAGAGTCCCTACTTAGTGAGCCCAAATCAATAAATTAAGCCTGATCCAATTATATGTTCCTTCCACCATTATCCCACACCCTTAATATGCATTCCCATGCCTGTTCTACAGATCTCTGTTTATATAAATTAGAAAACTAAAGCAGTTCTTTTCAAGTGTAGCACACCTCCTTATGGG,"[[78186314, ""A"", [""G""]]]",yes,no,A->G,1
chr13,79703846,79704092,TAAACATTCAGTCTATAACAGAGGAATTGGACAAAGTCACAAATTCTTTCTATAAATATTGCCCTGGGTAGCTACTGTCAACTAACCAAAGTTAACTCTCAAACCGGAACTCATTTGCCTTCACTATACTAGACCACAATTTAAGACTAACCACCATGCTGGACCACATATGTGTAAATGGAGGAGTAGTTTTGCTTTAGTTATTCTAAGTTAAGAGCCAGAACAAATGAAGAAGTTACAAAAAGGT,"[[79703907, ""T"", [""C""]], [79704014, ""C"", [""T""]]]",yes,yes,C->T,2
chr5,168058027,168058301,TCCCAACCAAGCACAAGCTCACATGAGTGGTTACCTAATGCGCCTCACATGGCATAATTACATAATGAGCGGAATTGTGCGCCTGTGCTCCAAACTTGCTGAGTTATGCGTGACAGGATGTCTCCCTCGGCCTAGACCGCAGCACATCCATTTTCCTTACACATGTAGATTTTCAAAGTAAATCTTTGTTAAGGCTCTCACTTTACCCTGTCATCACAGGGGTTTTGTTACAATACCCCACCAGATGGATTTGTAGAGTTTGATCCAGTTCAATA,"[[168058032, ""G"", [""A""]], [168058100, ""G"", [""A""]]]",yes,yes,G->A,2
chr5,83243624,83243948,AAAGAAATTTCTTACCAACAGAAGAGGCGCTCTACAGCATGCGGTTACCTTGGAAAGGATTGTGGATCAGTTTAGTGAGAATGAGAGCTAGGAAAAAGATACCAGAAGGGAGGCTATTGATCCTGAAACCAGTGTCAGCTGGATAAAGGAAGCAAGAAATTGGAAAATTGGAAGCACATTTTAATGTTGTGGAGAAGGGAAGGACAAAACAGGAAGGTGTGTGTTAGGTTTGTTGACCTACCCGGCATTCCTAATTACAAGCAGAAAGTTGATGTTCAGGGTTCTGCAAAACTTAGAATCCCTGCTGCATGCCTGTCCCTGAGAA,"[[83243652, ""A"", [""G""]], [83243781, ""G"", [""A""]]]",yes,yes,A->G,2
chr2,74357630,74357977,TGGTCATCTGCCTGGCTATCCATTCTCCACAATCCCCATGAATGGATGCTACCCAGGACACACAGTGAGCATGAGCTGCTGTCTCCCCTTTCTTGCCACCACAACCCAGTTTGTTTCCTCTATTCCATGGAGACTGCCCTGGCCAGCTCATCAGGCATCTCTGAATCACAATGGCCACTTCCCAGAACTTGATTGCCCTCTGAGCTGCTCAATCTCTCTCCTCCCTTGGCTCTGTGACAATGCTTTCTACAGGGGCCCTATGCTTGCAGTGGATGCCCCTTCAGGCTGCAGGCTCTTTAACTCTCAGGGCTTCCCAGGGCTCTACCTTCCCTTCCCTCTGAATACTCT,N,no,no,N,0
chr6,35206385,35206698,CACATTTTTTAGGGTGTCAACTGATAACTAAACTTTTAACTGGCAAAGGCCGTCACCCTCTCTCACAGGAATATTTGTATTTAGGGCCAAAGAACATAAGGTTTAGCTCAAAGGAGTGATTCTCCAATAATGGAATGTTAAGCATCAGTCAGAAAGATCTTTGATGAGGTGGCAGAGAATCCCCCAGGGACTTTCAAGTGGCCTCACCTAGGGTTCTCCTTCCTGGACTTGCCTCCCAGAGTTCATATGAGAGCTGCCTATAGACCCCTTTCATCTGTTCTGGCCCCAGACCTCTGACCACTCAGGCTGCTTCT,"[[35206417, ""G"", [""C""]]]",yes,no,G->C,1
chrX,104636287,104636669,GTCAGGGACCCACTTGAGGAGGCAGTCTGTCCATTCTTAGATCTCCAGCTGCGTGCTGGGAGAACCACTACTCTCTTCAAAGCTGCCAGACAGGGACATTTAAGTCTGCAGAGGTTTCTGCTGCATTTTGTTTTGCAGTGCCCTGCCCCCAGAGGTGGAGTCTACAGATGCAGGCAGGTCTCCTTGAGCTGCGGTGGACTCCACCCAGTTCAAGCTTCCTGGCCACTTTGTTTGCCTACTCAAGCCTTGGCAATGGCGGGCACCCCTCCCCCAGCCTTGCTGCCACCTTGCAGTTTGATTTCAGACTGGTGTTCTAGCAGTGAGTGAGGCTTCGTGGGCGTAGGACCCTCCAAGCCATGCATGGGATATAATCTCCTGGTGTG,N,no,no,N,0
chr9,100108576,100108863,CTAAATATATGCTGTTTCTCTTTTCTAAACTAGTGACATAGTACTACAGATGAATTTTTTTTCTTGAATCCTTGTTCACCAACTGCTCAGTGAATTCATTCACTTTAGCATTTTCTGTTTTCCCCTCTCTGTTTCCATGGAGAAGTATGTCAGTGATGTGTTTGACTCCATGGAAACAGATGAGTGTCTCTTTCTACATACACAACGAATTAAATCGAACACTTTCTGTGCTGCCCATTGTCCTGGAGGAGGACTGGAGAGGCCTTCTCTGAATGAAACATCATTTCA,"[[100108589, ""A"", [""G""]]]",yes,no,A->G,1
chr6,129801909,129802224,GGAGTTGGAACACCCTGGTCATGCTTACCCTGCCTTTGCATGTGGGTCGGGGTATGTGATCTCCAGGGACATCATCAGCTGGCTGGCAGGCAACTCCAGGAGGTTATAGACCTGTATGTCTATGTATGCGTAAGCACTTGGATGGCAGCCACAGGACCTAACAGTTACCAGCACAGCATGTGACTGTGTGAGAAGACTTGTCAGACAGGAATATTGTCTTCCCCACAGTATTCTCCGCAGGAGCTGACAGAACTGTGGAAACTGAAGGAATTCTGTGGTGATCCTTGTCAATCTGAAGCAAGATAACAGGATTTGA,"[[129801918, ""G"", [""A""]], [129801986, ""A"", [""G""]]]",yes,yes,G->A,2
chr6,74000237,74000512,TACTGGTTATTGGATTGTGGGTTTATCTCAGACAGTTAATTGGAAACGAAACGGGACCAAGACAATGATAGCATCTCTGCTCAGTAATCATTAATCCTAATGCTCTGTGATACCCTCTAGGGACTCACATCATGGGTATTCTGGGCTCATTATTGACTTTTTCTTAGAAATGGGCAGTCTGGGGAACCTTGAGTACATTTTGATTTTGTTTTTGGTGTTAGGCTTAAGAATGTTCAAATGGCACCAGAACACAGGACCTGCATGGTTCTACAGATT,"[[74000289, ""T"", [""G""]]]",yes,no,T->G,1
chr3,77465761,77466228,CGCAGTATCTGTTGTTTGATATCAGTTTGTCTTTAGGAATGTAAGAAACTGTGCTTTTCATAAGTAAACAAACATCTTCAAGCACATTGTTCTCCAATCACTGTCAATGGTGTAATATGAGTTTTCTGAGATAATTTAAATTTGGTATTTAGGATATTTGCATGTATAAAAAGTACTTGGATATGCTCCTTGCTTCCTCTTCTCCTGCTGAACTGTCAGAAGATGGTGATGCTTTTGAAGATTTATGGTAGATGGGTAATGAGATTGCTGAATGTTAACTACTGCATTTGGAATTCATTTAGTAGCAAAAGAAAAGAAGGTTACTGGGATTGGGATAGAGTAGAAAAGTGATAGAGCTATTTTTAATCAGTGAATTTAAAAATCAATATGATACGTTCTGAATTAGGATACATTTCAAGTCTCTTGTCATGTAGTAATCAAGTAGAACATTTCTTGAAGAATATAGGA,"[[77465762, ""T"", [""G""]]]",yes,no,T->G,1
chr5,55222518,55222810,CCCTTACTTCTAAACGCCTGATTACGAGGCCCTTCCTGATAGCCTGTACATACACAGCAGGTATCCAACATATGCCTGTTAAGTTTACCTGAATTCAATCAAGAACACTTCCCTGGGCCTGCACGTCACACAGGCCTTCGATACCCTGCACACTCGTCACTCAACCTCCCCTGCCACACCACAGCATAGGGCTCCCTCTCCCAGAACTCACACCGATCCCAGATAAAGCGCTATGTAGATCCAGCGGTTCGACTTCTCCACGGGGGAGAGAAATGTCCTAAATATGGAAAAGG,"[[55222526, ""C"", [""T""]]]",yes,no,C->T,1
chr16,10465850,10466165,TTTACACATGGATTTCTCAAGATAAGCATTAACAGCTTTATATACAGACATAATTTTTAAAATATAGTTGACATGTAATATCTACTAAAAGCTACATGAACAGTATGTTAGCCTGATGAATTTTCACAAAGTGACAGATGACCCAGATTAAGAAACACCAATGGCATCCAGCCTGCCTCATGCCTGTTCTCCTAGTCATCAGTCTTCTAACACCATAAATTGTTTTTGCTTTATTTTTGCCTTTATAGAAATGGAATCATACTCAGCGAGCTCTTTTATGTCTTCTTTCATCCCACATTATGTGTCATGATACCCA,"[[10465856, ""A"", [""C""]], [10465978, ""G"", [""A""]], [10466116, ""T"", [""C""]]]",yes,yes,A->C,3
chr8,12393695,12393994,TGCTTACTCCAGTGGCAAAAAATGCCAGTGTCTTCTGCCAGAGTGGGTTACTGAGGGCCTTGGTGGTTCCACCTTGTGGCTGATACAGATAGTCCCTTTCTGTTTTTGTTTCTAGCCAAAAAAGATGTTTCTGGCATCTCAGGTATGCTGATTTCAGCAGCTGTTTTTTCTATATGGCTAGTTTTTTTTCTTTCACTCTCTCTTTCTCTCTTTTTTTTTTTTTTTTTTTTTTGTCTTCACTGTGTTGTCATAGTTTCTTAAATGGTCCCTTGAACCCTGCCAGGGCCAGTTTGGTTTGTA,"[[12393981, ""T"", [""C""]]]",yes,no,T->C,1
chr5,115649606,115649884,GAATACAAAAGATAATATACAGCTCAAAAAACTATAAGATGTTATTAGGGATGGCATGATACTATAAGAGGATTGTAGTATTTGGAATCAGACATACAAGAGTTGGTATCTCATTTCAGCCACTTTCTAACTATGTGATCTTGAGGAAGTTTCTTAATAATATCTTCTTCATAGAATCACAATGAGTCACAAAAATAATACAAAGTCCTATCTATTTGTGGGGCCTGGAGATCTACATATCATATTTATAAATAGTTAAAAGTTTAAATCAAGTTAGTT,"[[115649671, ""G"", [""A""]], [115649884, ""G"", [""T""]]]",yes,yes,G->T,2
chr2,1980709,1980994,TTTTGGAGTAAGGACCAAAAATCACATGTCTGTCTTTGTTTCCACTAAGCCTCAGGAGCATGCTGTTGCGTGGTAAATATATACGAGTATGTTTGTTCACCAAACATTCCCACAATATGGGAAGTGTTTGCACATGGCAAACTGGATAGCAGGAGAACTCTACTCAAGACGATGGGGGAGCTAAGAAGAGATGAGCAATAGAAGCTGGCCAAAGCCCCATTGAATGGCCTCTACACCGGCTCACAGGGCACACCAAAGCCACTTCCTCCATGGTTTAGAGGAAGAA,"[[1980823, ""G"", [""A""]], [1980881, ""C"", [""T""]]]",yes,yes,G->A,2
chr7,81186678,81187091,AAGAGACAAAACAGAAAAACATTTTTTACCTCCTTGACTATTAGTAACTTAGTAAAACTGGCTGTTGCTGAAGGTCTTGAACCTTGTAACATGGCTCACAGTTAAGTTAGGTTTTTGAATTCCTATTATCTGATTCTGTCTTTGGGGGCTGGCTGCAGGAGTTGCCTCAGAAGAAGTCGAAGAGAAAATGACCTCTGAGGAAAGGTCTCTCGCTTAGCTCAGAAAATCTCCACCCTTCTTTAATGAGTCAGGATTCCTGGGTGGATCTTTGGCAAATCAATCCAGGGCCATCTGTTAAAAAGAAGTGAAAAAATAACCTGTCTCTTTTCTAGATTATTATGTCTCAGCTAAAGCAATAGGAGAAAAGTTGGACAAAACAAAGTATATCAGAAGAAGAATTAAGAAATAGATGTT,"[[81186680, ""A"", [""G""]], [81186982, ""A"", [""G""]]]",yes,yes,A->G,2
chr11,110613602,110613887,TGAATGTAACCAACTGCCACAACTGAATCAAAGCAGACAGAAAAAAACAGTGTTTTTGTTTTGTTTTGTTTTACATTGCTACAGGAGATCTCTGTAGTCTCATACTATAAAAATTTGAGTATTTCCCTCAAGCAGTGACATCTGGCATTCAGGAGTTGGTCAGAACATTTGCATAACTTTTGCTTTTGCCCAAAACATAACTATTTTGCACTACATATTTTTCCACACACAAATAAAACTATTCTGTGTGATCTAGAGCTGCTGTGAAGTATGACAGTTAATAGTA,N,no,no,N,0
chr15,21111870,21112115,TGGGTGGCTTCGCTGGCTTGGCTGGCTAGGTGGCTTGGCTGGCTTGGCTGTCTGGGTGGCTTGGCTGGCTTGGCTGGCTAGGTGGCTTGGCTGGCTTGGCTGGCTTGGGTGGCTTGGCTAGCTTGCCTGGCTTCGCTGGCTTGGCTGTCTGGGTGGCTTGGCTGGCTTGGCTGTCTGGGTGGCTTGGCTGGCTTGGCTGGCTGGCTTCCTTGGCTGGCTTGGCTGGCTGGGTGGCTTGGCTGGCTT,"[[21111989, ""G"", [""A""]]]",yes,no,G->A,1
chr7,123968228,123968505,TACACCCACTTATAATTATATGCAAACTGAGAGCAGGTTATTCAGAAATTTCTAGAAAAGGGGTGGTAACTTCTGAGCTATTGGCATGGAAAGAGAAGGCAACTTCCAGGTGTTGCCATGGCAATTGAAAACTGTCATGACGCTGGCAGGCGTGTCTTATGGAGAATTGCCTTTGGTGCCTCTTTCATGTTTCAGCCAATCTTCAGTCTGGTCTGGAGTAAAGTCTTGCCTCCTAACCTCAATCTGACACTAAGTTCCTTGTTAGGACAATGTCATCG,"[[123968248, ""C"", [""T""]], [123968298, ""G"", [""T""]], [123968398, ""T"", [""C""]]]",yes,yes,T->C,3
chr4,27149988,27150246,TTAGGAACACTATTTTATACTTCACAAGAATGAAAAATAAACATATCTTGTGTAAAGTCACTGAGATTACAGGCCTTTTTTTTTTTTTTTAGAGTAGCTTGTGTTGCTCTATTAAAATGGTGAGTGGGAAAATGACTCATTCAGGAAACTTGAGTGAATTACTTTTAAGGAACACTGTTGTGGGTTGCATTTTAAGCCAGTTACTTAGAATTTACTCATTGTACTTTCTTCTTTTCCCCTCTATTGAGGAAAATTAAAA,N,no,no,N,0
chr2,185161808,185162021,CTCATATAAATGTACTTCAGCAACAGTAACATCAACACCCCCACAGCCATCACCACTACCACCACCAACTATAGGGCACACAAAGAGAATAGAAGCCAGGAAATTGTGCAACCATCTTATGTTGAAATTGGAGGTCATTTGAAAATCATTCCTAAAATGCTAAGAGATTTAAAGGAAAGGGTGAGTATGAAATTGAAATGTCCAGGAAGAAAAG,"[[185161814, ""C"", [""T""]]]",yes,no,C->T,1
chr2,104606157,104606386,TTATGTACCTTCTTTTAGACATACTGCTGTTGCACACTTAATAGACTAAGGTATGCTTAGACACAACTTTTCTGTGCTCTGGGAAACCAAACATTTCTTCTGACTCATTTCATTGCAATACTCACTTTTTTTTGTGGTTTGGAATTGAATCTCTAGTATCTCTGAGGTATGCTGTACACTCAAAAACACTATAAATAAATCAAAATGGAAATCTGAAAGTATTCAAGTAA,"[[104606168, ""T"", [""C""]]]",yes,no,T->C,1
chr2,44279893,44280219,TTCTTTCTTTTTCTACAGGGTCTTCAAAATCCAATACATGTTGTTCCCTTACAGCACATCTCAATTCCAACCAGCCACCCTGCAAGTGCTCAGTAGCCACATGTGGCTCTTAGACAGAACAGTGCAGTGTAGACCACATGACCGACAGGGGCCATGCGTTACTCTGCTCTGTTCCTTGACACTTAGCCCAGCAGCTGGCATAGATTAGCTGCTCAAAAACCATGTGTAGAATAAATGAACAATACCACAGTCTTGGTTTTAAATATAAAATATGAGTAAGTCACAGAGATTTTTTTTAATGCTATGTTAAATGTCATCGATTACTGA,"[[44279905, ""G"", [""C""]]]",yes,no,G->C,1
chr8,116307664,116308146,TATTCTCCTATAATTTACTTCCATGCAGCACCCTGAGAGACGTTTAAATATGTAAATTAATTTATGTCACTCTCCTGCTTAAAACCTTTCAGTGACTTTCCATTGCATATATTATACTAGCCAAACTCCTTATTACCAAATACTTGTCCTGCAATCTAGATGCTGCCTAGCTCATAGACTCATCTCATATCTCCTCAAAGCACCCCCATTGCTCACATGCTGTTGTTACACTGGCCTTGTTCTCATGCTTAAGTGCTCTACTACCCCAGTGAAAATTATGCAACAGTGTTTCAGGAACAATAAAGCACTATATCCACGTGAACTATGACTATTATCAGAGTCAGGAATAGAATGCCTGTGACTAAAATGGCTGAGGAAGAAAAGTTGTAGATTTTGATTCTTGCCAAAGTTTCTTACTACTATAAACACTGTTCTGAACCTCCACAAATGGAACTGCTGAAAATACAGGTCCAAGTCTTACAG,"[[116307778, ""C"", [""T""]]]",yes,no,C->T,1
chr10,106127804,106128025,CATTCATATATCTGCTCTCTGACAGCATTTCTCCTAAGCACATCCAAGACTCTTCATCACGACTTGCAGCCTGATGCCCTGCTCCCTCCCCAGGGAGGTGGAGTTCAAGTCCAGCAGGCATTGGGAGGGCAGGCATCTGTAATTCCAGGTCATCTTTCAATCCTCAGTGCAGCAGAGGAATTGCTCTCAGGAATTAGTACAGCCCCAATGGTCCTTAATGCT,"[[106127857, ""C"", [""T""]]]",yes,no,C->T,1
chr5,140231237,140231515,ACTTTTTTAAAATGTTGCATTTATTACTTGGTGGAAATAATTTATTCATTCCATTGGGATCACACATTAGAAAATTTTAGCCCATCTTTGTCACACCATTCCCTTGGGGGCAGTTCAGCTGTGAGGGGAGCAGTTCTTCAGTCTGTCCTATGCATGCTCCAGGGAAACCACCAGGGTTCTACAGAGACAATCATGGATTCCGTAAACGTAGCTCCAGAGTGTCAGGTGACAGACCACACAGAACAAACCCCCAATCCCTGCTTTTGCAGGGCTTATACT,"[[140231253, ""A"", [""G""]]]",yes,no,A->G,1
chr6,162750857,162751073,CCTATAAACCAGACCTTTAGGGATTTTATAGGATTCTAATCTTTTTCTTGATGCTTTAGCCACTAGCGGTCGTGAGTTACGCGCTCAGGAAGGCATGTGAATGCTTATGAGTGAGTAAGGTACTATTCATGTTTGTCTAATGACTTCATTGGCCTTTACCTTCGTTTACAAATGCACTTAATTCAATAAGGAAGAGTCCTTCTCCTGAAGGTTTTAC,"[[162750923, ""T"", [""C""]], [162750938, ""T"", [""C""]]]",yes,yes,T->C,2
chr4,48499717,48500097,AGGCAATAGTTAAGACTAACTCAATTTAAGTTAAATACCTGTAACAACAACATTTCCTTGTGAATAACCTGATCTGTTTTAATATTTGAGCAAATATTACTCAAAGTACCACCTGAATTCACTTTCAAAGTACCATCTGAAAGTGAAAAGAAATCTAAAATTGGTATCATTTCAGTGGCAACTGTTAAAAATACTCATGTTTTTCTTTCACAAAGACATGATATGGAAACAGCAAATTGAAAATGAAAACCTAGTATTACTAAACTTCCTGTCTAATTTAAAGGCATCACCTTTAAATCCCGTCACGTTTTACCTGAAAGCTTTGACTTGTGCTACAGCTGATATAAATTCTTTATTTTTCAAAGTTTCAATTAAAGAATG,"[[48499785, ""A"", [""C""]]]",yes,no,A->C,1
chr11,88015243,88015453,TCTATGGTTCTCGAACGTGCTGAGTAAACTAAGTGAGCAGTCTTACAGGTGGAGACTTAGTTCCTCAGATACTCTTTTTATTTTTAGTTCATTAGGTAATGTAGTGTGGAGTCAGATTGTTTACTTTTAGTCTCAGATCCACTGACTACTCATTGTAACCTTGGGCAAGTTTTCTGAATCTGTCTTGGTCACTACAATATGGTTTGCTATA,"[[88015255, ""A"", [""G""]]]",yes,no,A->G,1
chr1,152832463,152832719,GTGCTGTATTCAGGAAACCCATCTCACATGCAGAGACACACATAGGCTCAAAATAAAGGGATGGAGGAAGATCTACCAAGCAAATGGAAAACCAAAAAAAAGGCAGGGGTTGCAATCAGACCTTAAACCAATAAAGATCAAAAGAGACAAAGAAGGCCATTACATAATGGTAAAGGGATCAATTCAACAAGAAGAGCTAACTATCCTAAATATTTATGCACCCAATACAGGAGCACCCAGATTCATAAAGCAAGTCC,"[[152832490, ""G"", [""A""]]]",yes,no,G->A,1
chr3,79041537,79041988,GTTATATTTTTGAATTATTTTCTCTTCTCAAAGCACTGATGCTGTGACAGAAAGTGGAAGATATAAGTAAAAACTGTAATTAAGCTAGCATAGTTTGGCTAAATTCTGCAAGGACAGATCTGCTTTTTCCAAAAGGAGATGCTCTGTGTGGGTTCATGTGGTTATCCCACACAGATAGCCCTTAATACTTTATTTTCCACAAATGGGAGGAAACAATGCTGTTAACCTCTCTGTGGTCTCTGAGCAGATGGCATACATGCCACCAGCCTCTGGACTGGGATTGGAAATGTGAAGCCCTATCATGGCCAAATATTTGGCCACATATTCATGGCTATTGTGGTGGTGGAAATAAAGAAAGACATAATTTTGCTCTTAGTTCTTTATTCATATTAGTGACAGAAGTAAACAACTCTGGCAGGTGAGACTATAGCATGACCAATTCCTCTTTCCCT,"[[79041588, ""G"", [""A""]]]",yes,no,G->A,1
chr3,51511004,51511347,AGAGACAGGGTCCCACTATATTGCTCTGATTACAGGTGTGAGCCACCCTACCCAGCCTACTGGGGCTTCTAAAGCAGCAAGCAGGGATTTAAAAATACCTTTAGGCTATCTTATCTGAGATGCCTGATTGATCCTTGAAGTAGAAGGTGTGTTCAGCCAGTCTGACCACTTGGCTCCAGTCCCCTTTGATGTTCCTGATACAGAGAAGAAGGTTCATTACCTCAGTGGCAAGGGTGTGGCCATCCCAAGGCTGATGATTACATAAGAAGATGCCACTCTGCCTGGGCTGAGGTTAGGAAGTGGGTAGGGTAGGTAGGGAAGAGAGATGCTGGGTTTTCCATATA,"[[51511021, ""G"", [""A""]]]",yes,no,G->A,1
chr7,82694690,82694975,CGAAGGACCAAAATTATGAGCATTATTTGGGAGCTTGTTTGAAATACAAAATCTCAGGTGACATTCAAGACCTTGTGGATGACAATCTGCACTTTAACAAGATCTCCAGGTAGATCATATGCACGTTAAACTGAGAAGCACTGTTCTAAACTTGTCAGGGTCGCACAGGTGCGAGTCTCACCTTTACAGTCTCTCACTTTCAAACCACAAGGATTTTCTAAGTACCATTTAACCCTCCCACTAAAATAAATGAGTCCTAGATTCCCTTCTGTGATTCAAAAAATTC,N,no,no,N,0
chr6,168115766,168116180,TGTCATTTATCATCTATCTCTTATATGTCATCTGTCTGTCTAACCATGTATAATATGCCATTTATCTATCTATCAATCATATGCCACCTGTCTATCATACACTGTTTTTAAAATCTATCTGTCTATCATATACCATCTGTCTATCATATGCCATCTGTCTATCATATACCATCTATTATATACCATCTGTCTATCGTATACCATCTGTCTATCATATGCCACCTATCATATACCATTTTAAAAATCTGTCTATCATATACCATCTGTCTATCATATGCCATCTGTCTATCATACACCATCTGTCTATCATACGCCATGTGTCTATCATCTGTCTCTTTGTCTGGGAATTCATGTAGGATCTATCCCTTTGGATCTAACATAATCCACAGGATTCTGGAGTTCATGTGGGTCTCCA,"[[168115813, ""C"", [""G""]], [168116017, ""G"", [""A""]]]",yes,yes,G->A,2
chr2,137031765,137032154,GTTGCCTCATCACATTCCCTTATCCATGTCTTAAATCACTGGCCAACCATGGCATGCTTTTCTTTCCTTTTTTTTTTTTTTTTAGCTGGGGGTAGGGGATAAGGTTTTGCTCTGTCACCCAGACTGGCATGCAGTGACATGCTCACCGCTCACTACAGCCTCAACCTCCTGGGTTTAAACAATCCTCCCACCTCAGCTTCAACTAGCTGGGACTACAGGCATGCTCCAACATGCCCAGCTGATTTTTGTATTTTTTTGTGGTGACGAGATTTCGCCATGTTACCCAGACTGGTCTCAAACTCCTAAGCTCAAGAGATCCACCTACCTCGGCCTCCCAAAATGCTGAGATTACAGGAGTGAGCCACCACACCCAACCCATGGCATGCTTTT,N,no,no,N,0
chr4,80903068,80903375,TACTGGCAAAGACGTAGATCTTTGGTGAGATAATATTGAAAACTTTCCTACCTTTTTGGATAGGGAGACTATGGAGTGTTACAAAGCATCTTTTATTTTGATGACTGTTGCTGCACTGGGCCACTCTGACCTCAGAAGCTGAATCACATGTCTGCCTGGAAATGAGCTGTTGTTCTTACCCATATCATTAGATGGTCTCAGGAGAGATTTTTCCTGTTGGCTCAAAAAGAGCCTAAAATTCCAGATAAATTGGGGAAGGATAAAGGGAAAGGTTTACATCTATTTATTATCAAGAAAAACAAATTTCT,"[[80903081, ""C"", [""G""]]]",yes,no,C->G,1
chr22,24526215,24526601,GGTCAGATGGTCTTTGGATGTGTCAGCTTAGCTAGGCCACAGTCACCAGTAATTCAATCAGACACTAATCTAGGTATTTCTGTGAAGGTATTTTGTAGATGTGACAGAAGTCCATTCCCAATTGACTAAGTAAGTGAGATTATCTCAGATAATCTGGGTCAGCCTGACCTGATTAGTCAGAAGGCCTAAAGAACAGAGCTAAGGGTTTCCCTGAGGAAGAAATTCTGCCTGAGGACAGCAGCCCAGTGCTTGGCGAGAGTTCCTGACAGTCTGCCCTTCTGATAGCCTGCCTCACAGAGTTTAGACATGACTAGCCAGCTCCTACAATCACTGAAGTCAATTCCTTGCAATAAATCTCAATATATCCCCTACTGGTTCTGCTTCTCT,"[[24526219, ""G"", [""A""]]]",yes,no,G->A,1
chrX,75116093,75116372,TAAGTCTTTTCTGGAAAGCCTGACACCTTTTAAGGTCTGATAAGAGACATTCACCATCTTTATCTCTGAAGCTTGCGACCTGAAAGCTTCATCTACATGAGAAGAACCTTGGATTCCACAAGCCCCTGTTCAAACTCAAGCATTTCTTTAAGCTGAATTCAACTCTTCAGGCAGGGCTTAACTCTTTCAACCTATGACCTGGAAGTCGCACCACCCCAAGCCCCCCGCCCCCATTGTATAAACACAAGCTATAACCAAACCAACTTGGACACATGTTCTC,N,no,no,N,0
chr2,205161203,205161449,TTTAATATGTATATCCATGTTTGTGTAAGTGAGCATCTCCTTACCTAAGCAGTTTCTAACAGTCCTGTTTCTTGCAGAAAGATTTCACTTTCCATTTATGTAAATTTCTTTCCTGACACTGGTCTGCTGAGTCAGACAATCACACCATTAAAAACCACTGGACAGCATATTTATAGCTGATCTTAAACAGTAAGAGGCATCAGTCATGAACTTAGCCTTCTTGTGAATGTTTAGTATCCATTTGTCT,N,no,no,N,0
chr9,61826216,61826586,ACTAGTACTTTGCTGCAGGTACTGCAGTTTGCTATCCCCAGCACAGTGGACTCCAAATCTCGAGGAGCCACAGTGTAAGAGATCGATCAGGTTGTTGTGGGAATCAGGAGACTGGAGAGATTGGTAGGTGAAACAGAAGGATTTTTATTGAGTGCACTCAGAACCAGCAGATTAATATCCAAAGACTGGACCCTGAACAAAGACAGCACTTGCCTTTTACGCACACTTCTAAAAGGGGGTGGTCTAACTTGAAACAAGCTTACAGTGGTGCAAAGTATAATGATTCAAAAGCAAGGATACAGAAGAAGAACAAAGGCAGTCAATCATACTACGACAAGTTCACAACTCAGGCTTACATATGACTCTTGCTA,N,no,no,N,0
chr1,11566406,11566808,AGTTACTTAACATTCCCAAGCCTCAGTGCCTTCACTTACAAATCGGAGAGAACATCAGAAACTACCAGTGGGGTTGTCTTGAGGATTTGAGATCTCGTGTCAAGCTGTGCACCAGGGAGCCTCCCCAGATTAGGGACACCCTCTGTACCCCATCTGCTCTCAAGCAGTCCTGCAATGGCAGACAGGAGCCCAGCCTCCCTCCGCCAGCACAGTGCAGACACTTGCAGCTTCCAGCAGGCCACGGCAGCACCAGCTCTAACAGCAACCACAAATTAGACTTGTAAATTAGGGTTTGGCTAATTGTGACTTTATGGACTAGTAGTAGATATTCCTTTAAAAACCCTGTCTGTAAACACACAGCGGCCCTGCTGAGCGAGTGCCTAGTTGTATAAAATCTCTTTTA,"[[11566433, ""T"", [""G""]], [11566801, ""T"", [""C""]]]",yes,yes,T->C,2
chr9,28253613,28253822,TCTCAGATTTGAATGACGAGGTTAAGATGGTAGGAGTTAAAACCTCAGGGTCTGGAAACAGGCTCACCTGGGGCAAATGCCATTACCACCACCTTAACCTGCGGCCTGGGGCAACCTAACTTCCCTTCCTGGTCTCAGGTCTCAGTTTCATTTGTAAAATGGGGATCACAATAGTCTAGCCTCATAATGAGACAGCTAAGTGTAAGCGGG,N,no,no,N,0
chr3,76547939,76548394,TGTTACAGTCCTGGTAAGATTGAATTATTTGTTTTAATGTCATGTGAAACTAGTCACATGATAAAGATCAGTATCTTTTTAATAGCATGCCATATTCCTAAATCAATCACCTTTTCACTTGCACAGAATGGTGCATATATAAAACTCACTACTTTATTTTTGGTAAGGTAAATTCATCATGATGTTTGGATATTCAGAATATTTCTTTTAATTGGTATTGATTTTTCTATCTCCCAAGAGGAAAGACACAGTGGTTAAAAGGAGAGTGCTTATTCACATTCAATTCATTCAACAAACAGTCATTGAAAGCTTACTATGGGTCTGGCATTTTCCATATGCTGACAAAAAAATGAAATTTTGTAGTAAATATTTGCTTTGCCTTGTTTTTCCCAGTTGAATCTGGACACACATAGATTCCAGCCCTGGAAATAGTATAAAATATGAGGCTTGAGTGGG,"[[76547989, ""A"", [""T""]], [76548378, ""C"", [""T""]]]",yes,yes,C->T,2
chrX,133258455,133258841,TGAAAAATAGAACGACTATATGAACCAGCAATCCTACTTCTGGGTATACATCTAAAATAATTCAAAACAGTATCTCAAAGAGATATCTGCACACTCATGTTCATTGCAGTGTTATTCACAATAGCCAAGAGGTGGAAACAACCCAAGTGTCCACTGACAGATGAATGGATAAAGAAAATGTGGTATATACACACAATGAAACATTACTCAGCCTTAAAACATTACTAAGCCTTAAAAGCCTTAAAACATTACTCAGCCTAAAAAGCCTTAAGCCTTAAAAGCCTTAAAAGGAAAGGACTTCTAACACATACTACAGTGTGGATAAACCCTGAAGACATTATGTAAGTGAAAAAAGCCAGTCACAGAAGACAAATAATGCATAATTCC,N,no,no,N,0
chr4,141755073,141755309,GCTAAGTTTTAGTTCTGCCTACAGAGTGTTCTGATGTCTGACGAGGCCTATGGCTGCCTTCTGGAGTAGTGTATCCCCATGAGAATAGCTCCCCAAATGCTTAACTACTCAGTGATAATTGAATAAATCTGCATTACACCGGACCTGATGTATTGGCAGCTACAGACAAGAAAGTACAACAGAATTAAAGTCATTGATAGGACTTCAAAACGACATTTTGAAGAACAAATCTCTAGG,N,no,no,N,0
chr5,107719202,107719623,TGCTACCCCACCCAGGAAACCACACTCTGTACACAGATCTGTGCATCCTGAGTATCACGAGATCCCCCTCATGAGCCACACCACCAGAGCCTTGGGTCCCAAGCACAGAGCTGTGCAGATTCTTGGCAGCCACTCAGCTGGAGACTGCCTAAGATGACCGAGTTCGGGTGGTGGGGGGTGGCCACTTTCCCTGCAGCTGCCTGCTGCCTAAGATGACTATGCTCCCAGAGGGAGGGGTGGCAGCCATCACAGCAGCTGCTGGCTGCCTAACATAACCAAGTTCCCAGGTGGAGGGGCAACCATTATCACTGCAGCTGCCTGCTGCCTAAGAAGACTGAGCACCTGGCGAGGGGGGCATCAGCTATCACTGCAGCTCCAGTCTGTCAGTTTTCCCTTGCCAGTGCCAGGGAGACTGGGCACTT,"[[107719236, ""G"", [""A""]], [107719380, ""C"", [""T""]]]",yes,yes,G->A,2
chr2,191234408,191234795,AAGATATTCCTCTTTCTTATTGGCACCACATGAGATAAAGTTCGGTGACTGGGGCAGAGATTTATGAAGTGTTATTGTTGAATATATGTGTATGTTGCTTTCCTGTGGTGAAAGACCCATAACCCAAGACTTCCATTTTGGGATTGATTTGGGGCCTAGTGTAACATGTATGCTGTAATAAGCCATGGCAGATGCTGTCTATTTACTTCCTGCTGTCCCATGTGGGTTTCAGAGTGGATAATTTTGCTCATTCTTTTGGCCTTTGCTGTGGCTTGTCAAAAACTGGACTCATGTTCATAACTCTGAGAAGTGCTCAGCTGTGAAATAAGTACTGAAAAGATGAAATACAATTGATCCTGAGTCATTGTGATCATTCAAGCCCATGTAA,N,no,no,N,0
chr5,27620078,27620314,TCCAGTGTCTGGTCTAAAGTAGCAGTCCCCAACCCCCAGGCCACAGGAACCAGGTGGCACAGCAGAAGGCTGAGTGACAGGCAAGTGAGCAAAACCTCATCTGTATTTACAGCTGCTCCTCATCCCTGGCATTACCAACTGAGCTTCACCTCCTGTCAGATCAGAGGCTGCATTAGATTCTCAGAGGAGCATGAAGCCTATCGTGAACTGTGCATGTGCAGGATCTAGGGTGTGTTT,"[[27620100, ""G"", [""C""]]]",yes,no,G->C,1
chr1,11376970,11377276,GCAGCCTCCACTTCCCAGGTCCATCTGTGCACTTGAACCCCTGGATTTCAGGCCCGGTGTTCCTCAGAGATGGCTGCTCCTTATGTGCCCTGGGCCTGGGCTGATAAACCAGAACCCATGGGCACCTCCCAACTCACTCCCTTTTGCTGCCAACTAAATTAGCTCCTGTGGGCATTCCTCCACCCCCAGCCCAAGAACAAACAGCAAATTAATGAAACAGATGGGCTCTGTCTGCTCTGCTGGCTCTCAGCACTCCCATATTCAGGGCAGGGCTGAGACTGGACTAAATCATTTCTCCTTTGCTCCT,"[[11376981, ""C"", [""T""]], [11377092, ""T"", [""C""]]]",yes,yes,T->C,2
chr21,34498699,34498970,GTCACATGGACAGATTCAAGACCTCTGGTTAGCCAGGATGTTGCAGGCAGTGGAATTAGCTGTTGTTTTCTCTTTCCTTGAAGCAGGGTTATTCCGTCATGAGTTGTTGTAATGTCCTGAGCTGCTTGGCCTCCAGCCAAGAGATGGTGCTTTCAAGAGAACACCAGCTGCAGTAGTAGTAGAGGGATCTAAGCTTGCCCGAATTTGGCCAGGATTAGTATTTGGGTTTCTCAGGTGATGGGTGGGGCCATAAAGCTCCCCAAAATTTATGT,N,no,no,N,0
chr17,76039213,76039602,CTGGGAGGTGAAGGGGAATAAGACTGACCGTAATTCTGGGGTGACGTTGCCAGTTTCATAGTCATAGATAAACTTCTCAAGGGCTCCTGGATGCTCACAGCAAGGATGAGTTCATTTCAAATCCATGGTACTGAAGAAGCATGACAAAGCGTTTCAAGGCCCCATCTGTGCCTGGTGTGGACTCCTGAACGCATTACTGACCAAAGGCAATCAATCACAGCTCACAGGGCACCAGACAGCAGCGGCCCCTTTCCCAGGAGGTACAGGAGACAGGATGACCCTGCACACATTTACCAGAAGACAACAGGGTGCTCTCCTGACACGCTGCTTAAGAACGTGTACAGACACAAGATGTAGGAATGCAGGGCCGAAGATGTTAAACTCTTGCCC,"[[76039235, ""G"", [""A""]]]",yes,no,G->A,1
chr9,129535354,129535804,AACAAACAAAAAAACAGATTAATAAGAGAAGAACATAACAGAGGGCCAGGCGCGGTGGCTCACACCTGTAATCCCAGTACTTTCGGAGGCCGAGGCGGGCAGATCAGAGGTCAGGGGATCGAGACATCCTGGCCAACATGGTGAAACCCTGTCTCTACTAAAAATACAAAAATCAGCTGGGCGTGGTGGTACATGCCTGTAGTCCCAGCTACTTGGGAGGCTGAGGCAGGAGAATGGCTTGAACCAGGGAGTTGGAGGTTGCAGTGAGCAGAGGTCGCACCACTGCATTCCAGCCTGGTGACAGAGTGAGACTCCTTCTCAAAAAAAAAAAAAAAAAAAAAAGCCGGGCGCAGTGGCTAATGCCTGTAATCCCAGCACTTTGGGAGGCCGAGGTGGGTGGATTACCTGAGGTCAGGTGTTCAAAACCAGCCTGGTCAACAGGGCGAAACCC,"[[129535367, ""C"", [""A""]]]",yes,no,C->A,1
chr12,119644902,119645315,AGAGAGACCCCTGAGAAGGTGGCAGTAGTCTAGTGGGGGGAACAGACACACACAAACAATGAGAAGGAAACATGAGAGTTCCCAGACAGAGGCATAAACAAAGTATTGTGCCATCACTTTGCAGGAGAACACACTGGCTGTACTAAAGGGAAGGAAGACAGTCCCTGTCCTACCATTCTTCGCAGTGCTGAGGCCAATAGGGCTACAGCTCTTGAAGTTGCCCTGTCTCTGCCCACAAGTTATGGGCAGAAACAGATGCAGATATAAAATCGCTGGCCTCAGCTCCTGGATCAGCAAATTACCTTTGGCCTACAGCAGGACAGCTGCATTCAGCAAAACAGCATGATGCACATATCTTGATACGTAACCCTAGATTCAGGCTTCTAAATATAAGAGACAGTTCTGGGCCACCAA,"[[119644981, ""G"", [""T""]]]",yes,no,G->T,1
chr21,29827323,29827549,AGAACAGATTAATGGAAAATGAGAGTTTTATGAATTCAAATATATTTCATAATATTTTTAAATGCTCAGGCCATGATGAGTCAACGGCAAGTCATAGTAAGTTGCAAAAGCATGAAAAATGTTAGGTGCTTCAATGTTTATGAAGCTGTATGGCACTCATAAGTCCAGATTTGATATAATGTTCAGCCATTGCAGCAAGTAGGGTGGACATCTCAGGTTTCCCCAAA,N,no,no,N,0
chr17,36171719,36172124,GCTGCTCCCTGGGCCGGGAGAGCTCTTGGCAGCTGTGTCATCCCTCCTGGGTGACCCTGGCTTCTGCTCCGGGGAAGCCCCCATCCCTCTCATTCACCCCATCTCTGCTGGGACCCTGTGGCTCCCGTAGGCTTACTTGGTTCCGTATCGATCCCTGAAGAACATATGCTTCCTTAATGTCCCGCTTATGTCCCGGTCGATGCGCTGGATGTGCTCAGATGACCTCTTGCCCTTCTCCTTCATGATCTGTAGGGCAGGGCCAAGCGGAGGAAGCAGTCTCAGAACAGATGGAAGACTCCCTGCCCCCAGTGGCAGTCAGCCCACAGTCAGCACTTCGGGAAGGAAGGACAGAAGGAAGGTTTCCTTCTGCAGAAAGCTGCATTTTGGCTTGTTACTGAAGCCAGGG,N,no,no,N,0
chr8,144182748,144182982,TGGACAGAGATGGGAGGTCAAGAGATGACGCAAAGGCATGCCCTAGTGGCCGGGTGCAGTGGCTCATGCCTGTAATCCCAGCACTTTGGAAAGCCGAAGCGGGCTGATCACTTGAGGTCAGGAGTTCAAGACCAGTCTGGCCAACATGGCAAAACCCCGTCTCTACTAAAAATACAAAAAAATTAGCCGGGTGTGGTGGCGCATGTCTGTAATCCCTGATACTGTGGATGAGACA,"[[144182805, ""G"", [""A""]]]",yes,no,G->A,1
chr12,114862184,114862473,CTCCTCCTTGATGAACAATCAGACACAAATGTCAATAACAATTGGATTGTCTGTAAGCTACAGTCACTTAGGGCTCCCGGAGCCTGTCCACAGAGCCTGGATTGAAAACCTCAGCCTTGTGAACTCCAAATCAGGTTTGGCATTGGGAATGAAATGCCATCAGCAGTAATAGTATTATGAGGCTGTTGGTCGAAGAAGTGCAAAGGGCTCTGAATAATGCTTGGGCTCCCATGTGTCACAGGGTAGAGAAAGGCTGCATGGAAGAGAGGAGATGAGAGGGAAAACAAGGT,"[[114862201, ""G"", [""A""]]]",yes,no,G->A,1
chr1,64426722,64427066,ACTCTATGTCATGTAAATTATTGATTAGCTTTAATCTAGATACACACGTCGATTCATATTTGTAATCATTGTGCACATATTTTTCTTTCCAGTTATATGTGCATATCCATGTGTCATCATGTTTAATGACTGTCTATTGCCAAACTTTGTTGGAAGACAGAAAATCTTTTATTAACTGTGAAAGGCTACACTGTTACCAGCCTAGAGACCAAACACCAACTAGATTGCTTCCAAATGTGTTTACTTATCACATTCCAATTTTTCAACATTTTGTTCATTTCCAATTTTTCATTTATTTAGGGGCCTGTTGAATATACTTTTATACAAATTGTCCCTCATTTAGAT,N,no,no,N,0
chr8,82035390,82035833,TTTTATGCTATTTCCAGGGTTTATAGTTATACTAAGTGGGGAGGAGTGGGAGAAATGAGTCTCTGGCATCTTGTCTAGACCTCAGTTTGTCATCTGCCATGTCATATCGAAAAAAGAAGGGAATTTGAGGTCAAACCAGCTTGGAATGCTGGTTCATCCACAATCTATATGACTTATAATAAATTTATGTAACTTCTTTGAGCCTCCTTTTCCTCATCTGTAAAATAGAGTTAACTTATTTATTCATTCACTCTTTATGATTCAGTAAAATATCTGTCATTGAGACCTTACTCAAGACTGGGCACTGTTCCAGGTACTGGGAATGAAGTGGAGTACAAGACAAGTAAGGTCCTTGCTTTTCTGACCCTTCATTCTTTACACAGATAATCAACAGGCAATCAAAAAATAATTCTGCAAGGCAGTGATAAGTTCTATGAAAAAATG,"[[82035556, ""G"", [""A""]], [82035715, ""C"", [""A""]]]",yes,yes,C->A,2
chr12,118922435,118922738,TGATAATAAAGTGATAAGAGTTTTGAGAGCATAGTTTCCTGGGGAAAAAAAGAGGGGAGTCAGAACAGAGGAGGCAGGAGAAGAAAAGGGGAGTTTTGTGACTTTTTTGGAGTGAGATGAAGCTCTCTCCAAAAAAGTTCAGTGCCCTACCTTCTGCTAAGCACTCTCCAGGGTGCTGAAACACCTCAGCTGGGCTCTTTTTCATCTTCCCCTCCTATTGGAGCTCAGTGTAAGAATCTCAGTATAATCTCAGACCTGAGACCTGCAATAAGCACTTTTGGCAGATCCATGTGTTTAAAGACAA,"[[118922478, ""A"", [""G""]]]",yes,no,A->G,1
chr8,22021112,22021423,TGACAAAGTCACCAAGAACATACACTGGGAAAAGGACATCTTCTTTAATAAATGGTGCTGGGAAAACTGGATATTGATAAGAAGAAGAAAAGTAGACCCCATCTGTCATCACATACAAAAATCAATTCAAAATGGATTAAAGACTTAAACATAAGGCCTGAAACTATAAAACTACTAGAAGAAATCCTAGGGGAAATGCTTCAGGACATGGGTCTAGGCAAAGATTTTATGGCTAAGACTTCAAAAGCACAGGCAACAAAAACAAAAATAGACAAATAAGACTATATTAAACCAAAAACGTCTGCACCGCAA,"[[22021120, ""G"", [""T""]]]",yes,no,G->T,1
chr10,68212746,68213218,TGCCCAGCTTAAAGAGCACTTTCTAACTCCAGCACTGCTCCTAGATTGTACACCAGACCTCCCCATCACAGCTACTTCTGTAAACCCTAGATAGTTCTCCCATGAAAGGATGTTCTTCATCTCTGTGTTTTAGCTTTCTGAACAGAAAACTAAGATAAATATTACATTTGGCAACTAGGTGGCGTTGTCTCACCCCAAACATTAACAGGCCTAAAAATTACTGAAATTTGAGCTATTAGATTATGTTAAAGCGGGGTTTCCCAACCTCAATACTACCGACACTTTGGACTGGATAATTCTCTGTTATGGAGGACTGTCCTGTGCATTGTAGAATGTTTAGCAACATCCCTGGCCTCTATCCACTAGTTGTTCTTCCCCAAGTTGTGGCAGCCCAAAATGTCTTCAGACATGGCCGTATGTTCCCTGAAAGGCAGAATCCCCCTTTGTTGAGAACCACTGTGTCAAACAAATCA,"[[68212778, ""G"", [""C""]], [68212943, ""G"", [""A""]]]",yes,yes,G->A,2
chr8,136290962,136291252,AAGGTCCCTGTCTCTAAGCTCATCCACACCCCCAGCTGAAATTATCCTGCTCACTGGGGCACAGGTGCTGATTTCCCTCCCTGATTTGGTCATTAAACACTTCTTACTGCTTCAATACATTTTCCCCCAAGGCCCCTGTCAAGGATGCTGCTTCTCCTATGATTACAACACAGCCAGTTGGGCCTCTGAACCTATTACTTCCCTTTTCCTAACGACCTTATAATGGCTGCTGGACTTATTCATGCCACCTGACAGATAACGATGTCAATTATTCAAACCTCAAATAGTGTC,"[[136290966, ""A"", [""T""]]]",yes,no,A->T,1
chr3,16817417,16817644,AACATATAAGGTGGGGTGACCCTGAATGCTAAATTTCCAATTAAGACATGCAAATAAACAATCGCATCATGTTTCACAATACCAGCCATCTGTTCCCAAAGCCTGTAGGTTCTCCCTCACTGTAAGAAACAGTTAAGTAAAAGAGAGGGTCAGACATCAGCTTTTATAGCCAGTATAGATTAGAAATCATACCACATATATTTTAATGAATATAATTTTATTACTTTA,"[[16817477, ""G"", [""A""]], [16817571, ""T"", [""C""]], [16817611, ""T"", [""C""]]]",yes,yes,T->C,3
chr7,149666518,149666979,CAAGGCTGCTTACACACCTGGTAGGTATTCAATGGTTGCTTATGGCTGGCATTCATTCTGATTGGTCAGTGTCTCTGCTGTAGCTGTTGTTAAATATTTCAAGTGTCACTTCTTCTTGGAATAAAGTTCCCACTGGAGGACAAAACTTTTAGAGACCAGCTGTTGTTACATAGCAGTAAAAAGGGCCCAGCCAAGTCTGACAGCATTAGGAAGCTCAAAGACATACAATGGAAAGCTCAGATGTCTACGCCTTCTCCAGACACAGATGGAATGTGCAGATGTCCCCACAACTACACCAAAACACTCAGCTCTTGATGCTGAATAACTGAGATTGCTGAAAAATGAAAAGGCAGAATTGCCAATCTGCAATTCTTGTTGATTTCACATTTCCCCATCTCTTGTGTTATGAATTGCTACTTCAGTGATAGCTGCAGGGAATTTTTGGAAGATGTCAGGAGAACT,"[[149666531, ""T"", [""A""]]]",yes,no,T->A,1
chr8,94359564,94359939,TTTATAAAGGGTATGGATTGTTAGCAAGTGATAGAAAAATTTATTGATCTCAATCCCATCTCAATACACAGGCACCAGAGCCTTCTTTATTGCCCGTTATGTTTTTTAAGGCTCTAGTTCTGCACAATCAATGGTGGTTCACAGCGTGTGGGAAACAAATGGACAGCAATGCTCTTTGGCATTTGGTCAACCCTCTGAATCATGTAGCTCTTTCCCATCTTTTAAGGGTGTAACCCCTTCTAAGAATTTTATTGCCAAAGACAATATGACAATATATCTAACTGATCTCAAAGCCACTTTTTAGTGCCTCCACTACAGAGAAAGTGTTTGTACTCATCCAGTGGTCTTTTCCTGTCCCACATTTCCCTTTGTTTCC,N,no,no,N,0
chr10,123523038,123523279,CCCGTGACTCTCGAGTACCTCAAATCCATGGAAGCAAAAGGTTCTGAGGGCCTCCTGGCTCTACACTTCCTGCACAGCTGAAGCCAGCTGGCGAGGTGGCAGCTCTCTCTCACCTGTCAGAATTTCAGAACCTCATTATGACAAGCACCACTTCCACCCCACGTGCTCCTGGTGTCTGCTGGAACTGCTCACTGACAGTGCTTAGGTCCAGAAGAACTCGAAAATGCTTAATTGGTTAAACG,N,no,no,N,0
chr22,38716851,38717239,GACAGCCACGGCGGCAGCCTGGAGTGGACCAAGATCTGTGAGAAGTCCACGAAAGTCATTACCTTCATCGACTTGGCTGGTCATGAGAAGTACCTGAAAACCACTGTCTTCGGCATGACAGGCCATCTGCCTGACTTCTGTATGCTCATGGTGAGTGGGAGGCGCCCCAAGGAGGGGAGGCGTCAGCAGGGCTGCTTGGGTCTGGTTATGTGCAAGTCTGAAACTGTTCTGAGACTGAGGCCTGTTGGTTTGGGGCTTTGACATCGGGTGAGGCTGGCGAGTTTTGCAGGGGTGCCCAGTCCTCTGAGTAATGGTCTTCTCAAGGCTTGAACCTTGATCTCTCCCTTACATTAGACTAGGGAAGGTATCCTCTTGGTAAAAACCAGGTA,"[[38716991, ""C"", [""T""]]]",yes,no,C->T,1
chr6,94027418,94027803,CAAAACAGCTTCAAGTCTGATGATCTTCATATTTAATTCTGTGTCATGCACAGGCACACAAAAATCATTTTTCCCCTTCTAGGTCATGCTCAGCAGAGGAATTCCTCTGAAAGTGCTGTTATCGTATGTCCAACCACATCACAGAACTGTTTCTATTCTCAGGTGTTGCCATCTCTCTGTGGCATAACTAATTTTAGCTGTCAGAATCAGATGCTTAGTTGGGATTTTTGCTGTCTCCCTGTTCTCTGCTTAGAAGAAAGGCATGGGGCCCCTGTTTCCACTGACCCAGTGACTACACTGATCACTTCTGCTTTGTCATATTCTCCTCAAATCCCTTGGAATTTAGTTTTTCCCCTGGTAAAGTTGTGGAATCCTCAAATACTTTA,"[[94027440, ""G"", [""A""]]]",yes,no,G->A,1
chr8,144226318,144226546,GTAGGTTGACAAATTGCCTTGCATCTTCGTCGAAAATCAGGCAACTGTATGGATTCTCTCTAACGCTCCAGCTCCACTCATCTGCGGCATCTGTCATCATCTGTCAGCAGTACCACACTGTCTTTCCATGGCTTTACGTTGTTCTTTTTTTTTGAGACGGAGTCTTGCTCTATTACTCAGGCTGGAGTAAAATGGTGCCATGCTGGCTCACTGCAGCCTCCACCTCCCA,"[[144226321, ""C"", [""G""]]]",yes,no,C->G,1
chr3,22445369,22445654,TAATACTTTTGTGAAATTAAATATTTGATAAAGTTTTATTATCATTTGCTGACTTAAAATTTGTCAATGCACAAATAGTCATAATAGGAGGATTTAGTTCTCCAGCTACGCTGCAGGTTTAAGTAAATGTTTTAGAGGCTTTGATCTGGGGAGGCCTGGCCACAGGCTATTGAGAGCACAGTAAAAGATGACTGAGAAATCCAAATCAAAAGTGAAACCCTAGTTCTTTTAATTGTGATGTTAGGGTGTCAATTTTAGATCTTTCCTGCTTTCTCTTGTTGGCATT,"[[22445408, ""C"", [""T""]]]",yes,no,C->T,1
chr16,52051332,52051634,GAAAGCATTTATAATACGTTCGTTGAAATATACCCAATAATTTACTTTCTGTGTAACTTCTATTGATCATGAAAACTCTTATGTGATCTGTTTGTTAGGTCTGGGCTTCCTTGATGATATTGATCAAGTAGATTCCTTTGTGAAAACCTACATTGATTAGTTTCCTGACAAGCTGTTAAGGCCACTTGCAAAGCTGTCACTGGTGATACTTGCAGTCGGAAGAGTGGGGCTCACCCATAATGTCTTTCTGAAGGAAGATTGAATGGAAGATAGATGAATGCAGACAACATTCTCTGTGCTGGG,"[[52051333, ""G"", [""A""]]]",yes,no,G->A,1
chr20,1010692,1010967,CATTTCTGTAGCTTGAGGATCCGGGACGCATCTTGATTCTTCTCACACACTGAAAGCAGGTCAGAGCCCTCCTGATCCTGCATCGCACACTGAAGCTTGAACCTCATCCTAGACCACAACATAACCCTGGTCTCAGGTGGGGCTCTGACCCCATGCTTGACCACAGACTGAAGCCCAGATTAAGCCTCAGTATCGGTTTGAGTCAGAACTCTGAATCTCGCTTCACACTAGGCCCTGACTCCAGCCTCAGACTGATTCCTGATCTTTGTTATAGGC,"[[1010733, ""G"", [""C""]]]",yes,no,G->C,1
chr2,86077569,86077818,TGGAACACCCTGCAGTCAGCTCCCTGGTGCTGACTTGTTGGTAGGAGGTGTCTGTAAGCCTAGCAAGGAGTGACAGCAATGCCATCATGCAGCTTCCAGTCACCTCCTCGTGGGCTGTCCAGGAAGAGGCAGAAGCTAGTTCCGCCCAAGCCAGAATAATCTGCTGCACATCCTGTCCCCAGTCCTCTGCGGCATTCTCATCTGCCACCCACGGGGAGCAAATGAGCCCTGCACGCGCGCGCGCACACAC,"[[86077677, ""T"", [""C""]]]",yes,no,T->C,1
chr14,53412835,53413323,AGCATGTCCAATAATACCTTTTTAAAAGCATGTCTAAGCACAGGTTAAGCTTAAGCTATCCTTCCTCCTTCCCTGCCGTCATCAGTTCCTATGATGTTTTAGGAAAAGATTCAATGAGTAGAAAACAGGATCAACAAGCCTAGACCTGCAAATTGCACAGGAAGACAGTTTCACAGTCTTGGAAACTTAGACACCACTCTTAGCCCCCAGCAGAGGGCAGGCTCTCTTTCTGTCTTTGAGTGTCAGGGGTGTCTAGCACCATCCTCTGCTCCAGGGACCATTGCCTGGGGACTGTTTTTTTTTGGACCCTCTCTGATGCACACTCTATAGATTTAAGTCCTCAGAGCAGATGGTCTAGCCCATCCCATGAGCCCTTAGCCTCTCCTGCAAATCTATCATTGCTCAGGGACACAGAGAAAATGCACTCCTCTGGGTACACTTCCATTCTGTTTGGTTCTTAATGTATCATGGTGATAACCTTATTATCTT,"[[53412896, ""C"", [""T""]], [53412920, ""C"", [""T""]]]",yes,yes,C->T,2
chr19,81949,82173,CATCTCCCTGCCTTCACTTCCTAGCACACTGCCCTGACTCCCTCTGCCGCAGCCACGCTGGCCCTCTGCTGTTCTTCGAAGCCACCAGGGCTGCATTGGCTCCCAGCCTTTGCTCTCACTGCTTTCTCCTCCTAGAGAGCCCTTCCTGCATGTATATGTTTGACTCACTCCCTTGCCTCCTTCAGACTTGTACTTAAAAATCTCAGTAAGCATTTCCCTGGCTAC,N,no,no,N,0
chr20,8159275,8159525,TGCGCTTTCTGAAGCCATGGCCCATGTTCTATATTGGCCCCTTTCAGACACAGCTAGAGTGGCAGGGATGTAGGGCACCAAGTCCCTAGGCTACACACAGCACAGGGACCCTTGTTCCAACCCACAAAACCATTTTTTCCTCCTAGGCCTCTGGGCCTATGATGGGAGGGGCTGCCATGAAGACATCTGACATGCCCTGGAGCCATTTTCCCCATTGTCTTGAGGATTAACATTTGGCTTCTTGTTACTTA,"[[8159278, ""A"", [""G""]]]",yes,no,A->G,1
chr7,71972582,71972869,TAAATGATGTCAGACAAAGCTGTCAGATGAGATTTAGATGGTGTGCAGAGAGACAGCAATCAATTTCCAACCTAGGAAATTTAATGGATTTTAATGAGCCACTCTCTGTTGATTACCATGCAGCTTTCAGCTTCGTGCGTGCTTCATTCACACGTGTGCTTGGCAGTGATTGATGGGCCGTTAAGCTCCCCTCATTTGATTCCTGTATAGCAATCAAGGCTGTCTCAGCTGTAACCAGGAGAGGCTGATGTTGAGACCTGCAAGGCGTGTGGGCAGAGTGTGATCTCT,"[[71972653, ""T"", [""C""]]]",yes,no,T->C,1
chr1,224867692,224867971,CTCTTGAGGTATCTTGGAAAGAAGATGAGTAAATTTTGTGGAGAGAAATGAATATTTGTGTCCAAGAAGGTAGATTGAGCAGACAATATCATTTAGTAATTATTCATTAGAATGCATTGGGACAGATTCTTTAAAGGCATTTTTGTGGTTTGGCTCTGCTCTCTTGATCTTCTGTTCTCCATCATAAGAATGACATGTCCCAGATAGTGACTAATACTCCAACCTAGGTCTCTGAATGGAAAGACACATGAAAGTTGGCTAAATTCAGTAGATCTCAGTC,"[[224867771, ""T"", [""C""]]]",yes,no,T->C,1
chr16,65497574,65497957,CCAATATCATTTTTGAAAACTCAGATGGTAATAAAATGAACTTTCCCATGTTGTCCCTTGGTCACATTGTCTACTGAACTCTGCAGGCTGGATGAGAATAATAATGAAACCACTCACAGAATTCCTTGTTCCTGCGCCAGCATCTCTTTTGCTTATGCAGTGACGGCACTCTCCCCACAGTTGGGTGCACCGGTCCGTCTTGTTTGTTTATAGTTCATTCAGCAGAGATTGTTGGGCACCTACGACATGGCAGATGTCTGAGCTGAGATTTGCTCTGCTCTCAAGATATTCTAGTGAAGTGAAAAGTTCCCACACAGAGACTATAATAGATGTAGCGAGAAACCATCAGAGGACTACAGGCAACCAGGGAGGGGGCAAATCCTC,"[[65497599, ""A"", [""T""]]]",yes,no,A->T,1
chr10,45435731,45436089,GCAATAAACATATGTGTGCCTATGTCCTTTTGGTAAAACAATTTCTTTTCCTTTGGGTAGGTACACAGTAATGGGGTTGTTAGGTCAACTGGTAATTCTATTTGCAGTTCTTTGCAAAATCTCCAAACTGCTTTCCACAGGGATGGAAGTAATTTACACTGCCACCAACAGTGTGTAAGCATTCCCTTTTGTCTGCATCCTGCCAACATCTGTCATTTTTTTACTTTTTAATAATAGCCATTCTGACTGGTATCCCTTTGTGGTTTTAATTTGCATTTCTCTGATGATTAGTGATGTTGGGCATTTTTTCATATGTTTGTTGGCCACTTGTATGTCTTCTTTTGAGAAGTGTCTGTTCC,"[[45435812, ""G"", [""A""]]]",yes,no,G->A,1
chr18,71878262,71878573,TTGTTCCAGTGTAAAATGTTGAGTCTTCTGTATTATTTTGTCCTCTTCTTCCTCTGCTCTGTGATGGCATCAGGATGTGGGTTATGGTATGACACTAACCAAACAATGAGGTTACCAGGGAGCAGAGGCACAAAGCTGCTTGTTGTCTCCCGGACTCTTGTTGGTTTCCACTGTGTGCAGCATGTTCTGGTTTCTGGACTTTCACTGGGGTGCTGCTGTTCCCTTCTGGCCTCTTCAGCCATGTGGTTTTTGCATCGTGGTTGAACATGGCATTCAGTCATTGCCCCTAGTTACCAATCTCCTGCTCACTGG,"[[71878282, ""C"", [""G""]]]",yes,no,C->G,1
chr4,182901344,182901771,TCTAGTTCTAGTTCTGAACTCTCCAGGTTGCTTAAAAATCCCTCATTTTTAGTGACACAGGATTTTCCTTAAAGAAAACGATGTCCTTAGACCTGCGGGTTGTTCTGCCAAAGCTGACCTGAACAGGTGGCAGCCTGGTGTGGTGGCTCCCGCTAGGACCAGGGTCAGAAGGCCAGGCATGGAGTGCCTGCTGCCACTGAGAACAGACCTGCAACGCCTTCTGCCGCCACCCCAGGCTGAGCCGTTCAGAGCACGGACAGTTCTGTTCACTGACAAGACAAGGGTCAGGACTCGAGCTAAGAAGCGTCTGCTCATGGCCTTCTGGAATGAAAAGGTGGGAAGCATCACCCTCTATTATTTCTACTGGGTTCCCACCCTGCAATTAACAAGTGACATGAAATGGCATACCCAAGTTCAAGGTTGACCTG,"[[182901439, ""A"", [""C""]], [182901504, ""G"", [""A""]]]",yes,yes,A->C,2
chr13,95406645,95406943,CTGACTGAGAGCAGCTTGGGGTTGGGGGCGAGGAGGGAAGGGAGTGGGCAGGGGGTGCTGATGATGGTGGACTCATCAAAGAGGGGAGGAAAAGGGAGAAGAGAACACAGTCATCCTTAGGTTGCGAACCAGGGCAAAGACAAACTTCTGCCTAAATCACAACTCTGACTCATGGAGGTCCTGCTAAGCATCTGGCAAATTTTATAAAGAAAAATGTTCTGGGCCTCCCAACTACAGGTTTAAAAATCTACATTTTCTCTAAGGCTAGTAAAATATGTGTTTCTCATCTCAAAGAGACG,"[[95406648, ""C"", [""A""]]]",yes,no,C->A,1
chr5,27996732,27996949,TGTGATTGAGGAAAAATAAGAAGTAGCACTGAGAGCAGTGCTGTCACTGGGGAAAGCATGTGTTTGGCATGTTTCAGTCTCTTGCTGTCTTCTTGGGTCAGGCTCTCAGTTGCCTTCTGCCTCCACCTCAGCTCAGTCACTGTTACCACATCCAGCCCCTGGAGGGGGCCTGGGTACAAGCACAGGAAAGTCGGCATTAGGCATGTGGTGTCCCACAC,N,no,no,N,0
chr8,19796270,19796649,TAACAAAAATTATATTTGTGAGCATATTCTAGCCAACAAGTGAAAGAGAAGTGATAGAATTTGACGAGCAACATTTCATAATCCCCAGTGAATTATTAAATCTAGGCACAAAGCATTCGCAGCTGTTAACATCACCATCAGAGAGACCGTCAGACATCACGTGCCTCTTGATAAAACCATCTACAGTCTTGCCAAATACATCAAACCTAGTCTGACCCAGTCTCTGAATACAGCTGCCAATTTGCAGAAATTAGATGACATTTAAAATTTCACCATAAGTATGCATTTAATAAAACCCAAATCGTGAGAAGCTCTACAGATCAAATAGTCTGGTTTCTTCAATAAATACATTGTTAAGAAAACAAAGAAATGGGGTGGGA,"[[19796287, ""A"", [""G""]], [19796530, ""C"", [""T""]], [19796617, ""G"", [""A""]]]",yes,yes,G->A,3
chr18,647281,647729,TCCTGCTAAAGTGGTCCCCTCCCACTGTGGGGCCTTTGAGTTTCCCTGTGCCAGGGTGCCTGCCCTCTGTGAGTTTGAGTTCTTTCTTTGGTTGCAAGCAACCAAGACCAGCTCAGCTAAAAGAAATGGATGGATACCGACTCATGAGTCAGAGGGGAAGCTGGACGTCTATGCCCAGAGCCAGGCAGAAACGGGTCAGGTCTAGAGTCTGGGAGGAGGAAACCGATGGACAGCTGCTTCAGGGCCCAGCGCTCAGGGTGAAGCAGCTGCAGTTGTTTTTAGTCCTCAGATCACTCTGCTCAAGATGTGACTTGCCAGGAGGAATCTGGCTGGCCCAGCTGGGACATGTGTGTCTACCTCTAGACCAGGAGAGAGGAGAGTCTTGGTTGACAGTCCCCATGTAGTACCCCTTTGTTTAGGTTACTGAGTCATCAACAGATCTCAGTTCA,"[[647338, ""A"", [""G""]]]",yes,no,A->G,1
chr18,62009605,62009891,GGACACCCAGCAAGAGCACGATCTCAGGCAAAATCCCAGAGGGCAGTTTCTTTCCGATCCACAGGGAAACTCAGCCGTGTAGGTTACACTTCAGAACTGCACTGACTCAAGGCAAGGGATCTAGGTTTTAGCATGCCTGTACTTTTCAGTGATTGCTCAAGAGTTTCTGCAGAGGTGGGCACTGTTCAGCACTAGCAGCTCTGTGTATGTCTGGAGCAGGTTGCACAAAACAGTAATGAGAGATCAGAAGGGTCAGAGTGGAGCTTCCAGATCATCTGCATATGAGG,"[[62009623, ""T"", [""C""]]]",yes,no,T->C,1
chrX,73263046,73263315,TAGCATTCTCTGCCCTTGCCCCCCTATACCCCTTAGGGGGCTTATTAGTTGAAGACCTCAGCCCTCCAGATGGAGGCTTGGGCCTTCTTAAGAATGATCTAGGCCCCTTATCATCTCTGGCCCCTTGGAAGCCCTGCTTAGAGATATATGGATTTGGAGCCATCTGCTGGAAGGTAGGTAACATAAGTTTTGTCTTTTGTTTTTGTTTTTCCTCATCTCTTCTGACATATACCGTTTGAGCCTCCCTAAGCAGTTCACTCAGGGGACGGT,N,no,no,N,0
chr16,31284271,31284505,TAAGTCTGCAGAAGTTTCTGCTGCCTTTTGTTCAGCTATGCCTTGCCCCCAGAGGTGGAGTCTACAGAGGCAGGCAGGCTTCCTTGAGCTGCAGTGGGCTCCACCCAGTTCGAACTTCCTGGCCGCTTTGTTTACCTACTCAAGCCTCAGCAATGGTGGACGCCCCTCCCCCAGCCTCACTGCCACCTTGCAGCTTGATCTCAAACTGCTGTGCTAGCGTGAGCAAGGCTCCATG,N,no,no,N,0
chr19,28516206,28516663,TGGCTCATTGCAACCTCTGCTTTCCGGGTTCAAGCGATTCTCCTGCCTCAGCCTCCTGAGTAGCTGGGATTACAGACACATGCCACCATGCCCGGCTAATATTTGTATTTTTAGTAGAGATGGGCTTCTGCCATGTTGGCCAGGCTGGCTCCTGACCTCAGGTGACCCTCCCACCTCGGCCTCCCAAAGTGCTGGGATTACAGGTGTGAGCCACTGCACCCAGCCAAGATCAGTTTTAAGATGAGTAAGCTCCAGAGATCTGCTATACAATGCAGCCCCTGTGGTTAAAAATAATTTAAAGGGTAGATTTCATATTAAGCGTTCTTACCACAAAAGTGGGTGGAAACACAAGGCAACTCTGAGAAGTGATGGAGATGTTTATTACCTTGACTGTGGTGAGGGTAGCATGATATAGACACATGTCCAAACTCACTGAAGTGTATGCATTAATTATGTGC,"[[28516213, ""C"", [""T""]], [28516267, ""T"", [""A""]]]",yes,yes,T->A,2
chr18,59223071,59223378,CAACACTTTCATCTATGTCTTATTCATTTCTGTTTCAAACCTTCCCTTTAGTAGTATCTTTAAATGATTAATAAAAAGAACAAAAGCTCTTTTTTTCTCTGATCAAGGTTTTATTTTTTCAAGTGCCTGTCCTTTGTCTATGGTGAGGTTTCCATTATTATGATATGGGCACTTGACAGATGATGTTGGGAGAAGAGGTGGAAGTGGGCGTATCATCCATGTTGCCATGGAGATGACGATTTGGTTGACAGTCACTAGCTCAAAAGCAAAACTGGACCCAGGGAATGTGTACTTCCCTGGGATGTTAC,"[[59223202, ""T"", [""C""]]]",yes,no,T->C,1
chrX,144791399,144791633,CTTCAGCTCCGCCTAATTTATTGGTTTACAAGCTCTTTGTTCTTAGGGCAAATGGGAGGGGTAGGAAGGAATGAGGAAAAGGATTAAAAGGATTAATCAGGAGAACCTGTGAGTCACTCAATAAGATGTATAGCAGTGGTGGTTTCTGAATTTCCTTGAGCAAAGGCGTGTGGCTAAACTACTTAAGATCTTTAACTTATTGGGACTGAAATGGGTGGGAGTGGCTTTCAGGAGA,N,no,no,N,0
chr19,56748531,56748802,CAAATAAATAGTGACACAGCCATTTTCAGGATCTCATTTTTTTCCTGTTTCTTCTCACATGAGGCAATGGTAATGCTACTGTAAAGTGCCTTTGCCATCACTAGGTGGCACTCTTGAAGCAATAGAAAGTATACAGACGTTTAACACTTTTTATCTTTTCATTTTTAATTGTGGCAAAATACACAGAACATAAACTTTACCGTATAATCCATTTTTTACTAATATTAATTGAAAAACAAAGGCTGGCAAGTTTAATTTTTTTTTTTGAGACC,N,no,no,N,0
chr12,22726007,22726261,TCCATTATTAAAGGGAAGAAGAAATCATTCCAATATTGAGTCTTCTGATATGTGAACAAGATATAGCTCTCCAGTTATTAGGGTTTTCTGTAATTCTCTCAGCAATGTTTTGTGGTTTTCGGGTACAAGTCTTTCACATCTTTTATCAGATTTATTTTTAAGTATTTCATAGTTTCGGTGGTATTACATGTGGTATTTTTAATTTTTGAGTGTTTCTTACACATATAGAAATACAATTCAATTGTCATTCTCTTC,"[[22726055, ""C"", [""T""]]]",yes,no,C->T,1
chr14,75695005,75695273,GGCTAACAGTGATGTTCATGGAACAAGGGAGATAACCATTAGGTCTGACTGCCTGAGAGCTGGGTGGAACAGAGCCATATTTCTCTTCTTACAAAAGCGAATAGGAGAAATATTGCTGAATTCTTTTTCTCAGCAAGGAACAGCCCTGAGAAAGAGAATGCATTCCTAGGGGAAGGTCCCTAAAATGGCCACTCTAGGAATGTCTGTCTTAGACGGTTGAAGATAAGGGATAAAATAAGCCCTGGTCTCCCGTCGCGCTCCCAGGCCTA,"[[75695007, ""A"", [""C""]]]",yes,no,A->C,1
chr4,3129025,3129384,GTATTTGTTTTACTTAGCATAATGTCCCCAAAGCTCATGCATGTTGTAGCCTGTGTTAGAACTTCCTAATGTTTCAGGCCAAATACTATTCCATTGTATGGATAGGCCACATTTTGCTTTTCCATTCCTCTGTCCATGGACACTTGTATTGCTTCATGTTTTAGCCATTGTGAATCATGCTGTTATGAACGTGGGTGTACAGATAGCTCCTGGAGACTCTGCTTTCCATTTTTTTGGCTAAATACCCAGAAATGGAGTTGCTTTTACATTCCAATTTTAATTTAAAACATTCATATCATTGAGTGTTTTACTTAATAGTATAGTAGTTAACAAACTTAATAAAATAGTATTTTGGTAATA,"[[3129077, ""A"", [""G""]]]",yes,no,A->G,1
chr22,29257694,29258108,AAACCACTTTCCAGTCCTGGTCATGGTAAACACATGTATCACAAGGGTGTGAAAATGGGACTATTATGCCCACGTTCCAGATGACGCTCAGAGGTTCTATGACTTGCCCAAGGCCACATAACTGGCAGAGTGGGACCAAGCCATGATCCCAGCTGGCATTGGGGCCAGTGCTCTGTGCCACTCCCCTCCCACGCTCCCTAAGGCATGGAATGTCCCTTTCAGTGACCACACATGCCTGTCTGCTCCGGGAGCCCTCAACTCAGCCCAGAGGTGCAGGGCAGGCTGGGCCACACAGGGTCGGGGCACTGGCAGTCATGATTATGACGGACAGCCCACTCCATGGCAGTGCCCTCAGTGGGAACCTGGTGTTTACCAGAACCCAAGTATCTGTCCTATGGAGGCTTAGCCAAGTCCT,"[[29257717, ""C"", [""T""]], [29258015, ""C"", [""T""]]]",yes,yes,C->T,2
chr14,90049429,90049880,CTCCATACTTGGAGGCCAAGATTCCCCCGTGGCACTAGGATCCCATCTTTCTTCCAGCTCCTTATTCCAGAGAAAATACTCAGCAACCCCAGGAAAAGTCCCTGGACGCATGGGATTGGCCATCTTGAGTCACAAGTCCTTTCCTGATCCAATTACTCCAGATCCTGGGGCTGCCCCTGATGGGGAGGGAGGGAGGGAGCAGATGGGAAGTTCTCCAAAGGGAGATGGAAAATGCCTGATGTCTCCTCCACAGTGAGAAGCGTCCCTAGGTGACCTATTAATATTGCACCACAGAAACCTATGCCTCTTAAATAATTTGTGCAAACTTGTAGAATATATTGAAAAGCAAAAGGAAACCAAGTAGAGAAATATTTTTTAGTTTCTTGAAAAAGTCACATAAATTAGTGAACCCTTGTGTCCTACAACAGTGATTTTTTAAACTATGGGTCACA,"[[90049511, ""A"", [""G""]]]",yes,no,A->G,1
chr3,173599681,173600034,ACAACCCACAGACCTATAAGTGCAAAACATTATTTGTCTAGTTAGTACAGTTGATCTTCATTATTCCTGGTTTCTGTATTTGCAAACTTGTCTGTTCACTAAAATGTATTTGTAATCCTAAAATCAACACTTACAGCACGTTTACCATCATTCCACAGACATGAGCAAAGCAGCAAAACTTTGTCACCCTATGAGCATCTTGCCAGCTGAAGTCAAACAAGGCATTGCTCTGCCTTCTTGTTTCTACTTTATGAACACAGATTGGAGATAGTAGAGGCCGTGCAGTGCAGTGCAAGATGCTTCATCTTTGGGATCAATTGGGGGGCATTTTAATCCCAACTCTAGCACCTGTTA,N,no,no,N,0
chr2,236932988,236933217,CTATGTGACCAAGGCGATGTTGATCCCACAGCACATAATGGCAGGACTCTTGCACCAGGGAGACTTAGAGTCATGAGTAATGGAAAGTGTGTTCCAGTTGTCAAAATAAATGAGTAAAATGTATTTTATGGGGTGTTATTTTTAGTTTTATAAGGCCAGATGTTCCAGCTGTACATTGCCTTACGCGCCTGTATTTCCTGGAAGCGACAGTGTCTCCATTTTCCTGACAG,"[[236933062, ""A"", [""G""]]]",yes,no,A->G,1
chr18,43651033,43651407,TCTTCTTGTTTCAAATGTCAACCTTTAATGAGATTCAGAAAATATAATTAGGTATAGAGCTTATTTGAGAGCAGAATTTGAGAATAACCATCCAGGAAACATCAATTCTAAATGAATGGGGTTAGCATTCCAAAGTGGAGAAGTGAAAGTTTCACTTATATAGGCAGAGACAGAGAAACTTTTGCAGAATTACAACATTTTCTAGACGAGATCAGTGCATACATTACAGCAATTTGATTAGTTACAGATTGCTGCATTCCAAGGAAGATTACTTTATTGTTATCTGAGTAGAGGCAGTGATCTATGGGGCTCTTATCTCTGGTGTTGTTTGGTCTTCCTAATTATTTATAGAGAAAAAAACGTGGAAGTTGTGGT,"[[43651239, ""T"", [""C""]], [43651396, ""A"", [""G""]]]",yes,yes,T->C,2
chr2,133062129,133062592,TCCTGTAAGAAATTATAATGGACATGGTAAAACCTTTAAAACAAATTAAATGTTCAACTTCAGCCTCCATGGTAAAGACAAAAAAGCCAAATATTTACGCTTGGAATTTTGATCTCTGGTTAAAAAGGAAATATAGAACAAACAAACAAAAACCAAAAAGTTAACGTATCACTATATGAGGCTTGGCCTTGTGTCTCCTGTTAGATAAGAGATGAAGCAACACTCTTTGGCGACATATGGTGAGTCATTTAAGTGTATTATGCAGATTTGGAGTAGAGATATTAAACAGCATTTTCAAAAGAATAATACAAGGACTATGACTGAAGAACCATTGACAAAACACAAAAGCACAGCTTGAAATGTGAAGACTCAGCATCATCTTAAAGAAATAAATACTTCTATATTCTTCAATTGAGCTACTCAATAGTTGTGAGAACAAAGAAAATCCTGGAGGTAAAAATCCA,"[[133062138, ""G"", [""A""]]]",yes,no,G->A,1
chr5,120382851,120383168,ATGGCTCATCTTATGATTTTTCAACATTGCAATGGTGTGAAAATGATACACATTCAGTAGAAGCCATACTTTGAATTTTGAATTTTGATCTTTTATAGTACTAGTGGTATGTGGCAGAATACTCTTTTGAAATTCTGGGCAGTAGCAGCAAACCACAGCTCCCAGTCAGCCACAGGATCACAAGGCTCAACAATGATATTCAAAAATGTACTGGGTTGCCCAAGATATTTGAATATTGTGTTTAAATGTTCATCATGTCTACAAAATGCCCATTCATCATGTCTACAAAATGCCTATTTTTGACTTACGATATTTTCA,"[[120382852, ""C"", [""T""]]]",yes,no,C->T,1
chr14,19947653,19947934,CTCAGCGGTCTATTTCAGTTCATTTATATGCAAATTATCCGGCATTAAAATTCAATTTAAAAAATTAGCTCAGCTCCTATTGTGCCACCAGGATGATTTAAATTCTGTCTTTTCTTAAAAGAAAAGGAGCAGAACATCTCTAAATCTTTGTGTTTCAAATATTTGGTTTCGGTTTTGGGTCTGGTTCTCAACACTGACCACTAGTGTTAACATACAGTTTATTACAGGAAACTTGTGTGAAATGTTCTATAACAATTGTCATAACAACACATAATGAAAAGA,"[[19947655, ""G"", [""C""]], [19947787, ""T"", [""C""]]]",yes,yes,T->C,2
chr17,41153899,41154201,AGCCTCATGCATTTCAAGGAAATCACTTCTCTTCTAACTACAAGCAGCCAGAAACAGCAGAGAGTAAAACACAGATAAGATAGCTCTGGCACAGAGGGAAGCAGGGGGAAAGTCTCTTGGGTAACTGCCAAACTTCACCCTCGTACAATGGGCCCCAGTAAAAGAGTGGGCCTTAATAAGCACTTTCCTTTCCCTTCATGTGCACTAAGATAGGGAAGTTAAAAGCAGACTCGGGCTATGCCTGCAAGGGAATAGACACACAACTCTCCCTCCCAGATAAGCACAACAAAGAGACACAGAAGC,"[[41153960, ""C"", [""G""]]]",yes,no,C->G,1
chr7,52648862,52649315,CCTCCTAAATGTACATTTATTATGGTAAAATATACATAACCCACAATTTAACATTTTAACCATTTTAAAGGTATGATTCAGTGGCATTAAGTATGTTCACAATGTTGTGAATCTATCACCACTATCCATTTCCAGATTTATTCATCATTTCAAACAGAAACTCTGTATTCATTCAACAAGAGATGATTAACATCCTAGTCATGAGGAAAATGCAAATCAAACCCACAGTGAGATACTACTTCATACTTATTATTAATAGCATGGCTACATAAAAACAAAACAAAATGAAAAAGAGAATAATAAGTACTGGCTATGACGTCAAAGAATCAGAACCCTGGTATATTACTGGTTAGAATATAAAATAGTGCATCCACTGTGAAATACAGTTTATCAGTCTCTTGAAAAGTTAAAGATAGAATTACCATATGATGCAGTAATTCCACTGTATGTATAT,"[[52648866, ""T"", [""C""]]]",yes,no,T->C,1
chr10,866003,866226,AACAATTTTTAAAAGGCAGAATAAATCCACATTGGCTCAGGTGATGGGGCTGGTAGTAAAAAACATGAAACTATTTCTGAAACTGAGAGAAGGCAGCTGATGTGGTTTGTTCGTTCCTGCTCCCCCAGTCACTGGAGCACCAATGAGCACCATGCCCATAAAACCAGGTGTTTAAATGAGTATCTATCTGGAATTCTTTTTAGTTTTTGTTTTAAGTACTGGTG,"[[866018, ""A"", [""G""]]]",yes,no,A->G,1
chr21,30718205,30718624,TGACAATTAAATAACTCAAGTTTTATGTAGAGTAGAAAAGATAAAGAGAAAAAGAGTTATTGAAAGTTAAGAAGAAATTTCTAAGAAGCTAAGGATCAACTAATCTACATAGTGGTCTGGCTTTCAAGGGGGTAAAACATGCCCCAAATTGGTGTTGACTCATACACGCACACAAAGAGCATTTTATATTTTTCAAAATTTCAAAATAGTCATATTTTCCATCTCTCAGTGAAACCACATTATGTCTATGACTAACAGGTACTTTGAAGACAAATGGAGTTTTCACCAGATGAGTCATTTTTCTCTAACGGAGAACTATCAGGATTGAAGGTGATTAAAGCAGAACAGATCTTTGAGAAACTAAATAAGAAACAATGCTCAATGGCATTTCTTAGAAGCAAAAAATATCAGATCATCTAT,"[[30718367, ""C"", [""T""]]]",yes,no,C->T,1
chr2,197359031,197359304,GAAGATGAATCTGTGTTGCATTTTGCTACTGAGAAGTGTGCACAAGGATTGCCCATCCTGGCAACTGAAGGCAGAGGAAATTGCTGAGCACTTCAGAATAGATGAAAGGAATTTCAAAGCAACAAGATGCTGGTGTGAGTGATTCATATAAGACACATCACTATCATTGTGTCGTGGTTTCAGTAGTAGTATTTTCATTCCTGGTCCATAAAATAATGGTGCATCTGGCAGTCAATTATGTCTTAGATCAAATGAAATTCCCCCAAATTGCAAA,"[[197359120, ""C"", [""A""]]]",yes,no,C->A,1
chr9,120850518,120850823,CTGAGGCCCAAGTCCTCATGTTCCTTCTGTCTAGAAAGTGAAGAGAACTTGCACTGTGTGACAAGGGCCAGGCGAAAGACACAGGAGAGGAAGATAGATTCCTGTAGACCTTGTTTGTCAGGGAAGATCCCTTGGGAAAGGTCAGTGGTTGAATTGGACCTTGAGGGACAGAGAAGTTTTTTTTTTTTTAAGCAAGAATAGGCTTTTGATTGATCAGCAGGAGCAGGTGGAATCTAGGTGGGCAAAAGAATACAGAGATACTGGGGGAGGGGGGATTGTTTTGGGAAGTGATGTGTATAGGATAAT,"[[120850545, ""A"", [""T""]]]",yes,no,A->T,1
chr1,30714560,30714939,AGGAGAGCATCCCTGTACCTGCTGCATGAAGAACACTAGTAGGGGCCCCTATGTCACCTCAGTGAGTTCACCTCAGCCCTTTGGGTTTGAAGTCATTAATCCCATCTTACAGGTGAAGAATCCAAGAAGTGAAAAAACTTGCCCATGGCCAACAGCGTCAGAGCAAAGACACAGGCCCAGGCACGTCTGGCTCTGAAACCCACACTCCTTACCACTAAGAACCAGCTGGTGAGGTCACCAGAGAGGACCAGAGAGGCAGTAGGGTTCAAATCTTGGCTCTCCCAGCTATTAACAGTTGTTCCACCCCTTTGGCCTTGTTTATCCCATCTATAAAATGGGGTTAATGACATTCTTACCAAATAGGATCGGATGATGTAATA,N,no,no,N,0
chr7,115461333,115461754,TATCCGTTGATTTGTCACATCCTCAATACACAATTATTTCAAATGATCAATGCCCAACTGAGGCATTAGCTCAAACATTAGTCAAAGTACCTTGTTTCTAGAGATCCATATCAGAATAGCACAAAATCCAGTACATGTGCAGTGGGATCCATGTGTCCCCAGATCTCCTTGGGGATTGCAGGGGCCAGATGTCTAATGTTTTTCTAGTCAACATTGGCTCCAAATTCCTGCTCTGTCATAGTATTTCCATGTATTGACATTTTCATTCATTAACTCACATATGGATCCCAGGCTTTTTTGTTTGTTTAACACATGTCAACACCATCACCACTTAAAGAAGGCATTGGATTTGCTATGTGGACTTCACAGGAAATTTAGGAAGATGGAAGGACATTCACAAGATGATAAGAAAAGATTGGAAT,"[[115461453, ""G"", [""A""]]]",yes,no,G->A,1
chr4,3283982,3284452,AGGAGTGCCAGGCTAAGCAGGAAGCCGTACGGGACTGTACTGGCTGATGGCATCCACCTGGGTTTGGGAATTGGGTTGTTGGCTTGAGCCCCAGGGGCGGCATGAGCAATCTGCTGGGCTGGCTGAAGCCCAGCTCACCCTGGCCAATGGGAAGCGCCAGCAGGATGCCCTGGAGGGGAGGGCTGAAGGGCGGGTGTGGGGGTGAATCTGTGTGTGCTGGCTGCTCAGCTGCTCCCTAAACTACCCCACCGCCCCGCTGGGCGACATTAAGAAACATCCGGCGGGGCGCATGGCTCATGCCTGTAATCCCAGCGCTTTGGGAGGCTGAGGCTAGGAGTTCAAGATCAGCCTGGCCAACATGGTGAAACCCCTCTCTACTGAAAATCACAAAAATTAGCCGAGCATGGTGGCAGGTGCCTGTAGTCCCAGCTATTTGGGAGGCTGAGGCAGGAGAATCACTTGAACCTGGGA,"[[3284019, ""C"", [""T""]]]",yes,no,C->T,1
chr7,27462992,27463191,AAATGGCTGGGAGATTTCCCAAGCCCTCAAAGGGATGAGGTTGGGGGAGTTGCCCAGAGGAATTCGTGTTCCAGTTTATTTTTATTAGCAACACTTCCTGTGAGTCTTTTGGAGTATAATGTGTAAGACGTCCATTGGGCCGCCTTCGCCTGTCGGTCACTGTGCAACACTCTGCTTCCCAATAAAGTGTGCTTTTTCTT,"[[27463109, ""G"", [""A""]]]",yes,no,G->A,1
chrX,57874747,57875041,TGAAACTGGTCTTTAATGAAAACTTAACTCAATGGATAAAAGCCTTAGATGTAAGACCTGAAACTCTAAAAATACTAAAAGAAAACTTAGGAAATACCCTTCTCAACATCGACCTTAGCAGAGAATTTTTGGCTAAGTCCCCAAAAGCAATTGCAACACAACCCAAAAATAGACAAGTGGGACCTAATTAAATGAAAGAGCTTCTGCACAGAAAGAGAAACTACCACTAGAGTAAACAGATAACCTACAGAATGGGAGAAAATATTCACAAACTATGCAGCCAACAAAGGCCTAA,N,no,no,N,0
chr13,74689607,74689868,AGGCATCACTGAGGAGGATAGGAAGCCAAAATGGTTTCTGCCAATATCTGGGGAATGATTCTTTGAGAAGGCTGCACATTTGCCACTGAGCTCCTCGGAACCCCTGGGATTTAGAGAGCAGATGTAACAAGGCGTAGCATTCTACAACCTGTAATAAAGGAAAACCCAAGTCTTTTTAATATATTTTAAACAGGATGTTACTTTCCTAGATTGAGCATACCATTTACCTTGAGAGGTACACTGTTCCCTCCTGAAAACAGAC,"[[74689609, ""A"", [""G""]]]",yes,no,A->G,1
chr8,51938314,51938517,TCTGTAAAGCAGGCATTCTCCAAATAGAGAAGAGATGCAATGATTTAGTTCATCATAGGAAGTGTGGCACCACCAAAGGTTAACCTGACACCTGTCTGAAGATTTGTTTTCAAGTCCCTGCTCAGCATGGTTCCCTTTGTGACCTCCAGAAAGTCACTCAGATTCTTTGGACCTTATTTTTTTCATCTCTAACCTCTCATTTCA,"[[51938344, ""G"", [""A""]]]",yes,no,G->A,1
chr2,212348522,212348781,CTCAAATTCGTAACACATCGTCACACTCTGAGAAGCAAGGAACATCTGTTATAGAATGTGAAAAAATTATTTCTAAAAATAAAAATGTAAAAATAGAAGAAAGTAAACATCTAAATTCAGTGGACAGACTTGGTCAGAAATAGTTTCAATGCCTAGGGCCACCGTGTACTGCAGGAACTGGTGGCATTACTGACAGTCTATGTTTTCCTTCAGTGTGCACAGTCTGCCATTTCAATCACACAATATTCAGTTCTGTCCTA,"[[212348547, ""T"", [""C""]]]",yes,no,T->C,1
chr7,27689071,27689556,TATTATAAATTTCGTGACATAAAAGATATACAGCGTACGATTTACAAATAATAATAAAATATACAATACTTTTATTGTGACTTCATGTAGCCAATGGATTTGTGAAGAATGCATTTGTTAATTTTTGCCAAACTTTTGTTTCTGTAGCCAACATATGGTTACAATTGAGCAATGATTTGACAAATGGAGTTGCATCTCAATCTGCTAACTCTTTCCCCAGTAAATCTTTTGTCATTAAATCTGACATGTGTACTTTATTTTTCATGATGGCTTCATTTAACAACCAGCTTGCAAAATTCCTGAAAATTTAATACTCAGCTCTCACAATCTGGTACAAGCCAACTCCAGCACACCGTCACTTACAACTCCACTTCACTTACAAACTCCATGCAGAGAAGTTTACACTCCTTCCAAACTCCACTTACCAACTCCACTTCTCTGACTTGAAGGACAAAATGAGGAGCCATCTATTTTTGTTATCCAAAT,"[[27689101, ""G"", [""C""]]]",yes,no,G->C,1
chr7,16786295,16786613,TTTACATAGAGAATATAATACTAATACAAAGGAAGAAAGAGTTCAGCTATAATTTCTAAAATCTGAGCTTGTTGTAGCTTAAATTCATCTCAGATACTCTGTTATCTAAGCAACAATGTGTTTGGTATGAAAACCAGTTTCGCATGTTCAACCTAAGTTACATGCTGCTGAATGGAACCTTTCATAGAAGGAAAGGAAACCAGAAGTGTGGCTTTTAGTTCTTCGTTTCCTTGAGCCAAAACCTCCTCCTACAATTTTTCTAAATATTTGTTTAACTCTGTTAAAGTTTATTCATTATTTTGCAAATACACTAAATACG,"[[16786299, ""T"", [""C""]]]",yes,no,T->C,1
chr22,18990410,18990701,CGCATTGTTTATCCACTCACCTGTTGATGCATGCCTGGGTCGTTTCCACCTTTCGGCCTGTGTGAATGGTGCTGCTCTGAACAGGGGTGAAGACGTATCTGGGCGTCTGCTTTCAGTTCTTTTGGGTGTATACCCAGAAGTGGGCTTGCTGGGTCACGTGGTAAATCCTGTGGTTGATTTTTTGAGGACGCACCATACTGTTTTCGGTGGGACATCTGTTGGGTTTTGAGAAGCACCTGCTGGCACTGAGAGCTGTCTTGGGGAACACAGGTGCTCCTGCCGGAGTCCTCAC,"[[18990437, ""C"", [""T""]]]",yes,no,C->T,1
chr6,84243784,84244150,TAATTAATTTTTTTTTTATTGATCATTCTGGGTGTTTCTCGCAGAGGGGGATTTGGCAGGGTCATAGGACAATAGTGGAGGGAAGGTCAGCAGATAAACAAGTGAACAAAGGTCTCTGGTTTTCCTAGGCAGAGTGTGTGTGTCCCTGGGTACTTGAGATTAGGGAATGGTGATGACTCTTAACGAGCATGCTGCCTTCAAGCATCTGTTTAACAAAGCACATCTTGCACCGCCCTTAATCCATTTAACCCTGAGTGGACACAGCACATGTTTCAGAGAGCACAGGGTTGGGGGTAAGGTCATAGATCAACAGGATCCCAAGGCAGAAGAATTTTTCTTAGTACAGAACAAAATGAAAAGTCTCCCA,"[[84243789, ""T"", [""A""]]]",yes,no,T->A,1
chr6,55777451,55777908,TCTTCTTTTAGAGTAGTTTCTAGTTTAAAAACATACATAAAGATGAAGCATTGAATATACAGTGGAAATGAAAATGGGGGTGAGGTAACAAAAAGAACATTAAAATAAAGTATGGTAAGGATACCAGCTTGAGCCCAAGCTTAGTCACCTTAGGATTCAGACACATCCAGGCATAGCTAGAACAGTGATAGATTTGATTCGCCAGGCATATATTTAAAGAAGATTGAGCAATTTTGTGGGCAATAAGTCATCTTAAGAAAAAGATGAGCTGCAGTGATATTTTTTTAAGTCTATAACTCAGAGTTACTTCTGGCACAGCTTCAATAGATGCATGTTTAACTCCTAGAAAGAAAGGGAATCAAAGAAAATCTAATACATCCCTTTTACCCAAAGTCTCTAAAATACTGGGAAGACAAGGTAGCACTACTTTGGAACTTAGTTAACAGACTGGCAGAAGT,"[[55777455, ""G"", [""C""]], [55777694, ""G"", [""T""]]]",yes,yes,G->T,2
chr5,34460557,34460833,TAAGAAATCTGTGACAGTCATCATTTAAAGTGATGAAACTCACCATTGCAAAGTTATAACTGAGACCATGAGAAAGATATGACCTAAATGTCTCCATCTTGCTTCTAACTTCCAAGCTGTCCTTGCTCATTCCTGGGCATAAGCCCAACTAACTTTGGGAGGAATTTAGTTTGTAGTTTAGCTTTGAAACAAAAATAACACTCCCTTCCCAAAACAAACCTCCTTACTGCCTGTGGACTAGGCTGCCTAAAGCCATAAGACTAGAAGTTACAGTAAT,"[[34460588, ""T"", [""G""]]]",yes,no,T->G,1
chr3,100506429,100506785,TAAAGTGGAAACACACCACTCTCCCTGACTGTCCTGGAGGTGAACTTCCATGCACATTTTTGTACCCTTAAAGAGTCCAGCAGTTTAAACCTTCAGTGTAACATTTTATACATAACAATCTAGAGACTGCCAAACCATGGTCTGTGTTGATATTTATCTTGGCTTCTGAGATAGCACTTCCTCTTTCATGTCTATGAGTGTTTCAAAAAATATTTTTTCTGTGTTTGACACCTTCAACCTTGCCATTGCATTATGGTAAGGTAGATTCAGCTAAGATATTGGCTAATTACATTGTGCATCCTAAGAGGTTGGAGCTAAGAGTCGTAGGTAATGGTGATGGTTGGGTGAGATGGGACA,"[[100506508, ""A"", [""G""]], [100506634, ""G"", [""A""]]]",yes,yes,G->A,2
chr2,44962166,44962544,TAGGCACAGGGGTGTCTCTGGGTTGGAAATTCTTCAAGGTGACACCTTGTGTCAGGGAGAAATGCAGGCCTTGTAACCTTGGTCCTGTCATTTCAGCAATCTGAGCTCTGGTCTTGCTCCTCTGTGAACTGGTGGTAACAACAGCTGGGCACTGGTTGTGATGACCAGATTGGATGTGGGGCTGGAAACATATCACCAAGTTTAGAAATGTGGTCTGCCCCTGGTGTCTGGCCCTTGTCCTTGGCAGCTGCTCATTTCACTGTGGCCACCCCAGGACTCCCTATCCCATCTGTCTTCTCACAGGTGCTGCCCTCCCTGCCAGCCCCGGCCGCAGTGGGGCTCTTCGACTCTTGCAGGTAAACTCTTGAGAAGATGGCCA,"[[44962302, ""G"", [""A""]]]",yes,no,G->A,1
chr7,42967473,42967798,CTCATAGGCACTAGAGAAGCTTTAGAGATTTGGCCAGCTCTGATTGGTGAGAGATTGTGGTAGTAAAACCAGTCAGAGTCACAGCACATGGTTTCAGCAGCTGGGCTTGTGGAAAATTTAATTATTGGAGCAGGTGTCATGTGCCGTGAGTGCTTTTTTCCCTGGTCCCTCGACTCTGATTTGCTTGGGTTTGACAAGAATGACTCAATTTGTATAATTAACATTCACATCTTCCTTTAGATCATCACCATCCTTCAAGTCATGCAAGTTAAAGTCCCATAAAATCATATAAAATCCTCTGAATTCTTCTCTACCATGTCATATCC,"[[42967502, ""C"", [""T""]], [42967758, ""A"", [""C""]]]",yes,yes,A->C,2
chr1,165781286,165781539,ATTTTGTTATGTACCCAGTAGTCATTCAGGAGCAGGTTGTTCAGTTTCCATGTAGTTGAGTGGTTTTGAGTGAGTTTCTTAATCCTGAGTTCTAGTTTGATTGCACTGTGGTCTGAGAGACAGTTTTTTATAATTTCTGTTCTTTTACATTTGCTGAGGAATAAGTATGGTGTGATGCTGAAAAGAATGTATATTCTGTTGATTTGGGGTGGAGAGTTCTGTAGATGTCTATTAGGTCTGCTTGGTGCAGAGCT,N,no,no,N,0
chr1,238627441,238627676,TATTTTATATATAGTTTTTATATATGTATATACATATACTATATATAGTATATATATATATATATATACTATATATAGTATATATATATATATATATACTATATATAGTATATATAGTATATATATATATACTATATATAGTATATATACTATATAAAAAATATATATTTATATATATATATATAATATATATATTTATATATACATATACATATATACATAGACTATATATAGTA,"[[238627598, ""T"", [""A""]]]",yes,no,T->A,1
chr8,135221581,135221847,TGGCAGGGCTGCACCTTGAGGAGGAAGCAGGAGTCTACCCAGAGAGTGGAAAATGGTTCTCCAGGCACAAGGATTAGCTGGGACAAATGTGTGGAGGAGGACAGAGTAGGTGGACTTGGCCATGATACAATACTGGCTTGAGTTCTGAGTCATTTCTTAGGGTCTGGGAATCACACCAGGAAAACAAGAGGATTAGAGTATTTGGATTAAGGTAGGCTCTTCCAGTGGTGGTTTGTATGTTGTGTTTCACTTCTATCCGTAATCCTC,"[[135221741, ""T"", [""G""]]]",yes,no,T->G,1
chr16,83117848,83118216,GGGCGAGTGTTGTGGTACTTCCAGACAGCGTGATACTTGCTTCCCCTGAGATTGGGAAACAGGGAGGAAAGCAAATGAGGTTTTAACCTCAAATGCCCTAAGACAGGAAGATGAAGACCTTGCTTAGCTGCATGAAACCGGAGATCTTTGTGTAGGGATGACAGTCCTCCTCTAATAGAATCCAGCATGCGTGAGGCTCCCTGAAGACACAACACTGCCCCTGTGATGGAAGCAAGGCTGGATGAGGCTGCAGCAGGCCTCGGATGACCTAGGCTAAAGATGCTGCGGATCACTGTCCGGAGACTGCTGTGGGGGGAATCCCACAAGTCACACATGGTCTGGTGTTGGTGGCGGCCCCAGAACCTCACT,"[[83117864, ""G"", [""A""]]]",yes,no,G->A,1
chr1,55484241,55484519,AGGATATAAGCCCAGGTTGGTTTGATGCAGAGTCTGAAATCTTAAACATTCCCTAGCACTGCCTCCTATAGAATCACACTGGCATTTATTTCTTACAGGTTAGCTCTGGGGATACAGAGATGGATGACAGGGAGTGCCTGGAATGCATCAAGTGCTCATAACTGGTGCAGGAAGAAAGAGGTAGTCAATAGAGATTTTCTAGGAATGCATCTCCCCATTTTTAGCTTGTTAGCCACAGGGAAAGGCACAGGGCTGAACTGAATTGAACTCCTCTGCTAT,"[[55484247, ""C"", [""T""]], [55484317, ""T"", [""C""]]]",yes,yes,C->T,2
chr18,49682830,49683145,TGACTGCAGAGAAGGATGTGGTTTGGGTGGGAGTGATTTCAGGGACATAGGGAAAAATATACCCCCCAGTATGGGTGTCCTGTGAGCCTTGATACGCTTTGGAAATGTTCACTTACAAATGCAATTCTTAACTCCATTAAAGCTTAAATCCCTTTGGAAGTTGTGACCCCGAATGCTAGTGTGAGTCACATACATTTCAACATTAGTGAGTATATTAGTTCATTTTCATACTGCTATAAAGAACTGCCCAAGACTGGGTAATTTATAAAGGAAAGAGGTTTAATTGACTCACAGTTCAGCATGGCTGGGGAGGCCT,"[[49682851, ""G"", [""T""]]]",yes,no,G->T,1
chr11,37612322,37612580,CAAGAGAAGACTTTGTCTCAAAAAAAAAAAAAAAAAAAGAAAGAAAGAACTGCTTGAGTCCTCTGGGTCAGAAACAGAAGACAGTTTATTACTCACAGCACCAGCCCTAGCTATTATGTGACACATGTTCCTCAAGTTCCAAATTCCCAAAGGGCAATATCATGAAAACAACATGTTGCCAGCATAAGTAGTGGGGGTAATTTACAGAACTGGAGCCCTGACACTAGAAAGTGCCAGTTTTAAATAGGGGCTGCTGGCA,"[[37612360, ""A"", [""G""]]]",yes,no,A->G,1
chr6,144913409,144913797,AACTTATAATACTCAGGAGACTACTTCTCTGCAGAAGCTTTAAGCCAAGGATACTGGGTTTGTGTATGTGATGAAATGTACTTTTCTCTGGAAAAGGCTGAGTAGATGGGTACTTCAAAATAACATCAGGCCTACAGGCTACTGAAAATGTACCTACTCATGGATTCTGTGTAGGCCTTTAATGCTTTGAATGTGAACTGCATACTTAGTCATTCATTTGGAGCCTTCTCTCAAGCTTTTGTTCTGAAGTCACCAAACTGAGATTGAGTTTCCTAATGCTGTTTTCTTCCTTAAATGATCCCTTTCAGTTGCTTCTAATAGAAGATTGCCTTTTCCAAAATGACTTACTCTCAAAAAGGGATACTTCAAGGGAGTTGAGTTTTGCTACA,"[[144913474, ""T"", [""A""]]]",yes,no,T->A,1
chrX,116867616,116867853,ATATGTAAATTTGATCCTGTCATCATGATGCTAGCTGGTTATTTTGAAACTTAAGTGGTTGCTTCATAGTGTTATTGGTCTGTATACTTCAGTGTATTGTTGCAGTGGCTGGTAACAGTTTTTGCTTTCCATATTAATGCTTCCTTCAGGAGCTCTTGCAAGGCAGGCCTGGTGGTGACAAATTCCCTCGGCATTTGCTTGTCTGAAAAGGCTGAGTTGACTGAACCACAGAGACATC,N,no,no,N,0
chr8,95992939,95993363,ACAGAAAGATATGGAAGATGAAGAACAGAAATCCAAAATGCAAACTATAAAAGTACCTGAAGGGGGCCGGGCGCGGTTGCTCACGCTTGTAATCCCAGCACTTTGGGAGGCCTATGCGGGCGGATCACGAGGTCAGGAGATAGAGTCCACGGTGAAAGCCCGTCTCTACTAAAAACACAAAAAATTAGCCGGGCGTGGTGGCGGGCGCCTGTAGTCCCAGGTACTCGGAGAGGCTGAGGCAAGAAAATGGCGTGAACCCAGAAGGCGGAGCTTGCAGTGAGCGGAGATTGCGCCACCGCACTCCAGCCTGGTCGACAGAGAGACTCCGCCTCAAAAAAAAAAAAAAAAAAGTACCTGAAGGGCAAAATTAAAATTAATAATCAAGATATAATTTTTTAAGATCCAGAATTTAAAAAAAATTATTA,"[[95992945, ""G"", [""A""]], [95993205, ""A"", [""G""]], [95993251, ""T"", [""C""]]]",yes,yes,T->C,3
chr10,9103277,9103649,TATGTTATGTGATCCATTTCCGAAATGATAATCTGTCCTGAAAACCTTTTTCCTCAATTACGGCAGAAGCTGGCATTCTTTTGCAGTAAAGTCAGCAAATGGGAGAGATTCTGAGAGCCAATCTCTTGGGAACGTGAATTTGGGATTATGTCACCACTTAGCAGAATAACAACACTGATGGGCTGAAATGAATCCCTCTCCTGACAGACTGAACTTTTTAGCCTCTCCATATCAGCCATCTCCCTGTTGTTAGTATACGGTTTCAGTAAAGTAAGAGCAAGTCCAAGTTCAGAAAAAGACCAGACCACAACAACAACAAAAACTTGATAATGAATAATACCAAGTCGTACTTGGCTCCTTTATCAACTAGTGG,N,no,no,N,0
chr2,118293050,118293349,TTGTTACCTTGTCTTTGCTATTGTGAGTGATGCTGCAAGGAACGTGGGAGAGAAGGCAGCTTTTGGACATACTGATTTCAATGTACTTTATTTTCCTTTTTTTTTTTTTTTTTTTTTTAACCAAACACTGACTCAAACCAGATGATTTCAAATTCTTTGGCTATATACCCAGAAGTGGGACTGCTGAATCATACGGTAATTCTTTTTTTAGTTTTTTGAGGAGGCTTCACAGTCTTTTCTAAAATGGCTGTACTAATTTACATTCCCACCAACAGTGTACAGGGTTCCCTTTACTTCACA,"[[118293105, ""A"", [""G""]], [118293273, ""C"", [""G""]]]",yes,yes,A->G,2
chr6,141248491,141248717,GTCATATTTTTTGTCTCTCTCTCTCTCTGCCCCTTCTTTGGATATGTGGAAGGTTAAAAGCATACATAAGCCTACCACAGAGAGTGGAGAATAAAACCAAAAGCAAAACCAATAGGCACTGGTTCAGTTTTTCAAATGAGGCTACACAATTACATGGGAACCAAGAGTGCTGGTTCATTGAGGTCAGCATGTGTTTGAAGCTACTCTACTAATCTTTAGCATTCCTG,N,no,no,N,0
chr7,90193351,90193756,TAGCCTTTGGTAGATATATGCTTCTAATAATTGAAGAATTTCAGCCCCATGTTTTATGGGGCAATGCCTGCTGGTTAGTAATTCTTTTTCTTTCCAGACTGTGGCATGAACATGAACCACAAGGAATGTATATTTGGAAACTGAAAAAATGTTGAGCTTTTTCTCTTTTTCTAATATTAGAGTCCAAGTAAGAGCAATGGTCTCAGCTTTTTATGCTGATGTGCCTGGAGGCAGCAGCTGGACCTCAATATGTGTTGTAATTTACTATTGCATACCCAGCCTAGCATTCTCCATTTGACACAAAATTACTGCCGTCTGTGAACCAGCCATCTTCAGGATCTGGGAGAGGCTGATCTTTTAGATCAGGCCAGCTCATATATGTGTGTACAAATATCTGCTTGCAGGA,"[[90193412, ""G"", [""C""]]]",yes,no,G->C,1
chr2,228853226,228853524,AAAGCAGGCTTGGAAAATGAGCAGGAACAAAGGAAGACTAGGCAGACAAAGCACCGCCACATTCATGCCACAGAACCAGCCTGTGAGTCACAATTGCTATCACCCCGAGCCAGGAATGTCTTCATCACCTTGCTGTAGGCACTGGTCATGGACTCTCGTCCTATCAGCACCATTGCCACCAGTGATCCCACGTTAAGAATGTTGCTGCCGCTGCTGCTCCCGCAGGTCTGTGTGTTTACTTCACTGGCTTCTAATGCAAAGTTCTGGGTGGGAGACTCAAATGGACTGAATCTAGATCA,"[[228853307, ""C"", [""T""]]]",yes,no,C->T,1
chr19,46251359,46251843,CTTTGCATGCATATCTCTAATAATTTAGGGTGAATTTGGGTTGGGCAAATACCCAGGAGAGTGACCAATGGCAAGACAAGACAATGAGAGAGGTAAGCATGAGTCCTATGGGATGCATAGAGTGAGTCCTTAATTCTCTATCAGTGAGGGAAGTTGGAAGCAGGGTGGGAAGGTTGGGAGAAAGAGAAACCCTGAAGGGAACTAAGTTACTGGGAGCAGGTGCTGGTAGGTGAGTCATGCTGTGGAAGCCTGTTTGCACTGTTTCAAGGAGTGACTCTTTGGTTGGATGAAAAAGGGACGCCGTGGGTGTAGGTAGAGAAGGTGCTGGAGGGGAAGGCAGGCCCAGGTAGCAAAGGGCCTTGTGGGACAAGCTGGGAGCCTGGGTTTCATCCTAGCGGTGGTGGGGAGTCGTTCAATAATTTTTTTGGTTTTTTCTTTTCTTTTCTTTTCTTTTTTTTTTTTTTGAGACAGAGTTTTGCTCTTGT,"[[46251457, ""G"", [""A""]]]",yes,no,G->A,1
chr8,9499596,9499854,AAATCTCAAAAGAGGATTTTGACTAAAAGTCACCCAGCTTTAAAAGAGGAAACAGTCACCATTATGGCAGAGCAGGACAATGAAGCTGACACCTAAGTCAGTCATTTCAGAAGGACCAGAAAGGCAGGTTTTCTGTGGCTTTCCTCCACCTGTGGTCGCTGGCTTATGGTGGCTGTGTGTTGGGTTACTGAGTGGACGCACTCTGTACACAGTGGGGAAACCAGCAAAGCAGACGCAGAAAAGAAAATGGGAGAATTTG,N,no,no,N,0
chr2,31314749,31315128,AGGTGGGATCTGGTCATCTCCTAGGGCCTGTGACCCTGAGTCCTGCAGTCCTGAGCTGCCAGGGTAGGGGAGGTGGAGATCAACCCATGGTCCCACAGTGAAGTGTGTCCCAGCTTTAGCAAACCAAGGTATCCTCCCACTGTGCATTCCTCTCCTCCCCAAGCCTGCTCCTCCAGCAGCTCCCCACTCCCCTCCTTTTGACTCATCTGAGCCAAGCCCTGTCCCTAACTAGAAACTCAGAGGTGATGAAAACAAAGTTTTTTCCTCGCTTTACTTACTTCCTGTGAACTCGCTTAATTGTTCCCAGATTACTAGGTCACCAGGAGGATTTGGTACCTTGGATTTTTTTTTCTTCTTCTTCCTTATGCTTTCTGGAGACA,"[[31314952, ""T"", [""C""]]]",yes,no,T->C,1
chr6,92809342,92809550,TGAGAGGTCATTTACCTTATCGTACAAAATCAGGAACAAGCTAGTTGTAGCAGCAGTTGGAAACTTTTAAGGAAATGCTACTTGTGCATGTCAGGTGTACAGCTGACATTATTTCTATTATCAGAGACTAAGCAAAACTCTGTGATTGCTATTAATACTGAAATGTTAAAAAAAAAAAAAAGGTGAGGTCTTTGTTTCATAGTTGCTAG,"[[92809400, ""C"", [""G""]], [92809431, ""A"", [""G""]], [92809492, ""G"", [""A""]], [92809501, ""A"", [""G""]]]",yes,yes,A->G,4
chr16,20707622,20707903,CCATTGTGGACCCAGCAGCAGTCATGTTACCTGGCTCCAAAAGCATTTGGCTACAATCCCATAGGCAAACTCATTTGCCTGGGAACTTGTACTGCCTGGGAACTGTTAAGGGAACTTAACAGAACACAAACCTGCCAAAACCAGTTTCTAAGGCCTGGAAGAAGTATTTGCTCTTTCAAATGAAAAGGTTACTTGAATAACAAGAAATCAGACAAACATGAAACCACCAAAGAAAATTAACAAAGCCCTAGCAACCTACCACAAAAAATTGGATATCTATGA,N,no,no,N,0
chr16,20788987,20789387,TACTTATTCTCCATGCAGGCCACACCTCAGGTTTGAAGGTATCTGGAGAATATATATAAAAGCAGAATTTTGATACTTAGAAACAGCTAAAAGTCATTTAGAGCAAAATCTGATGTATAAAATCAGCAATCAACTTGAGAAATGCTAATCTGATTTTTTTAATTGGATTAAACTCTCTAGAGGCATTGCACAGAGGAGTGTAATGATTAAAAGCATATGATCTGGAGTGTAAGTGGTGAGATTTGGATTCCAGCTCAATCATGCACAGTGTTAAACTCTCTACACCTCAGTTTCCTCATGTGTCAAATGGGCATAAAAATTCTAACCACATAGGGCTACAGTGAGGAATAGGTACATGTCAAGTACTTAAAGGTTTAGCATTAATTACTTAGCATGTATTA,N,no,no,N,0
chr18,5281905,5282261,ATGATAGACTGGATTAAGAAAATGTGGCACATATACACCATGGAATACTATGCAGCCATAAAAAAGGATGAGTTCATGTCCTTTGTAGGGACATGGATGAAATTGGAAATCATCATTCTCAGTAAACTATTGCAAGAACAAAAAACCAAACACCGCATATTCTCACTCATAGGTGGGAATTGAACAATGAGAACACATGGACACAGGAAGGGAAACATCACACTCTGGGGATAGCATTGGGAGATATACCTAATGCTAGATGACGAGTTAGTGGGTGCAGCACACCAGCATGTCACATGTATACATAGTAACTAACCTGCACATTGTGCACATGTACCCTAAAACTTAAAGTATAAT,"[[5282115, ""A"", [""G""]], [5282117, ""G"", [""A""]]]",yes,yes,G->A,2
chr8,8017313,8017671,TGATGAACCAGCACACTGGGGCGTTTTCTCATGTAGCCCAAGTGACCCCATGGTCTTCTCGAGCTTTGGAACCAGTCGCGTCCCCTTTGACACTGCACCCGGCTCCCAGTCACTCAATCTTGTTGGCCCTCCGGCGATCTCCCGTTGGATGAATTGCTCCTGCGGAAACTCGAGTCCCCTTTGATTTGCGCTTCATTAATTATTCATGATTCAGGTTGGAAGGCCTGCTGAAGACCCCCTGTGGCCGTTCTCTGAGCTTTCCTGTCACATCGTTTCCTTCCACGCTCTTTGGTTCCTTATGGTCCTGCTCCTTCTGCTGTCAGAGGAGCAGAGAGTTGATCTTATTCATTCTGGATACG,N,no,no,N,0
chr9,5435007,5435266,TATAACCTTACCCCCAACCCCCTGCTCTCTGAAACATGTGCTGTGTCAACTCAGGGTTAAATGGATTAAGGGTGGTGCAAGATGTGCTTTGTTAAACAGATGCTTGAAGACAACATGCTCGTTAAGAGTCACCACCACTCCCTAATCTCAAGTACCCAGGGACACAAACAGGGCCAAAGGCCGCAGGGACCTCTGCCTAGGAAAACCAGAGACCTTTGTTCTTGTGTTTATCTGCTGACCTTCTCTCCACTATTATCCTA,"[[5435119, ""G"", [""A""]]]",yes,no,G->A,1
chr4,148495094,148495392,TGTTTTTTTGAGACAGAGTCTCTGTTTTCCAGACTGGTGTGCAGTGGTGTCATCAAAACTCACTGCAGCCTCAACTTCCCCAGCTCAAGTAATCCTCCTGCCCTAGCCTCTCAAGTAACTGGGATTACAGGAGCACACCACCATCCCAGGCTAATTTTTGTATTTTTTTGTAGAGACGGGGTTTTGTCATGTTGCCCAGGTCTCAAAATCCTGGGCTCGGGCAATCTGCCTGCTTCTGCCTCCCAAAGTACTAGGATCACAGGCATGAACCATTGTGCCCAGCCTATACCTGTTTTTTA,"[[148495144, ""G"", [""C""]]]",yes,no,G->C,1
chr4,21113530,21113823,TCTCTGGGACTTAATCTAGACTAAGGATTCCAAAAATCACAATTTGGTCTGCTGTTGGGGGAGAGATTGTTCCCCATGTCTTCCTTAAGCACCAAAAACAATTACACAGCTCCAGCCCATGTGTAAGCATTAGCAACTATTCTGGGATTGAATCCAAATTCGAGCATGTGTAATAGATGAGGATTTTCCACAATGTGGAATATTTGAACAGATAACATCAGAACTAACAGTTAATTTATTTTTTAAGTAAAGAAGAAACAAACCATAAAAACACAAGGCGTTTCTTGCTAAGGT,"[[21113550, ""A"", [""C""]], [21113653, ""C"", [""T""]], [21113690, ""T"", [""C""]]]",yes,yes,T->C,3
chr1,69191415,69191793,AGGATTAGACCATAACAGATTATTTAGCAATGTGGATTAGTCATACAAATCTTTTTGAATCAGTTCCATAAAGATGATAAGTGGCTAAAGCCATGGTGCCAAAGAAAAGAACAATGTACAATCTGTGAACAAAAATGCAGGCCATTTGGCTTCACTATAGCAGTATCCCAGTGTTTTGCCAGAGAAGAGGAAGGGCTTGGAAGGTAAATGAGTCCAGAGATTCAAGCCCCATCTGTTCAGACAGGCTGAAGCTTGCTGGGTTGACAGTGCTTATGCTGGGCATTGATTGATATCATCTCAATTGGCTCTTGACATGAGAGGCAGTTGAGGATGTCTGAATTAGAAATTGGTCCTAGGATCCTGAACATGAGCCAAGAGT,N,no,no,N,0
chrX,34569360,34569617,CCTGTGACCTGCATATATACGCCCGGATGGCCTGAAGTAACTGAAGAATCACAAAAGAAGTGAAAATGGCCTGTTCCTGCCTTAACTGATGACATTCCACCACAAAAGTGAAAATGGCCAGTCCTTGCCTTAACTGATGACATTACCTTGTGAAATTCCTTTTCCTGGCTCATCTTGGCTCAAAAAGCTCCCCCACTGAGCACCTCGTGACCCCCACTCCTGCCTGCCAGAGAACAACCCCCCTTTGGCTGTGATTTT,N,no,no,N,0
chr19,6847364,6847847,GATTGGCGTGTTCTGGGCATTTCCTATGAATGGAGATCACACAGTGTGTGGCCGTTTGTGCCTGGCTTCTCTCACTGAGTGTGATGTTTTAAGGCTCATCTCCATTGTAGCCCATGTCAGTGCTGCTTCCCTTTTGATGGCTGACTTTATTCATTTTGATTTCTAAGAATATTGTATTAGAATACTGTTTGTTTTACTTATTGTCATTTACCTTGATGACTAGGTTTTTTGGCTCTCACTTACATTTTGCACCTGAGGCTCGTGACTCATTCTCCTTCCCCTACTTCTGTCCGGGTGACCACAGAGATGGGCACACAGTGAGCCTTCAGGAAATGCCTGGTGAAGCCATCGCCAAATTCCAGACACCCAGCCAGACCCAAAGGGCTGAGCCATCCCCCCGAATCCATGTGTCAAACCTTAGTGGTGACCTGTAGAAGTGGAAGCCCGCTCCCCATGTCTGGGCTCCGGCCCCTGCCTCCACGGG,"[[6847398, ""A"", [""G""]]]",yes,no,A->G,1
chr18,38497314,38497606,TTAATATCTGTGTAGGATAAGGAACAGCTGGTAGAGTGGCAAGGTCACTTGATTTAATGTCAGAAGACCTTGATATTATATGCAGTAGCTAACTTGGGTGTGGTCTTAGATAAAACAGGGGAGGCTTTCTGTGCCAGTCTCTTGGCTGGAAAATGAGATGATTCATTCTAAAAAGAACATATGAATATCATCAGGCAGGCACATGCAACAGAAAGCTGTGCGGTGGGGGAGGTGACACAAAAAAGAAAAGGGTTACTGGCAAGAAGAAGGTGTCTTTCAGTATCTACTGAAAA,"[[38497323, ""T"", [""G""]]]",yes,no,T->G,1
chr1,221919322,221919677,AAAGTCATATTATCCAAATTATTCTTTATCATTCATAAAGACAATTCTCAGCCTCCAGCTCTGTCTGCATTAGCAGAGGCTGCTCCTAGGGACAGGTGTAGAAGAACAGGGTCTCTGCAAAGGCATGGGCATCTCAGGAGAGGATTTTTGAGGTGCTGGTGGCTATAGCTTGACATTAAATTAGCAAATGGCCTAAGTACACATGTGTGACCCATGCAGAGACTGAGCAGATGCTGGCAGGCCACAGAGTCCTTAGTAAGCACAGCTGTGGTAAGGATTCTATTATAGAAAAAATAAAATTTTCTTTCTGCCATTGTTTTAGACTTCAGGGAAGGTACAATATTTGCTGTTTTTAA,"[[221919664, ""C"", [""T""]]]",yes,no,C->T,1
chr8,107742551,107742894,AAAATGCAAATGTTTTGAATGAAAAATTGCCTGTTTTTTAAGCCAAGATGTAATTCATAGCATTTGAGAATTTACACTAGAAATATTCTTTGCTCAGTCTTAAAATAATGTCAAAGAGTGATTAGTGCTGTTCACCAAATGTTTCTAATTCTCTGCCTTCTGACTCATAATAGGATTGCACTTCCTACTTTACTTGTTTTAGGACCATGTGACTAGTTTTGACCAAGGAGATGTGAGTCGAAATCATCTTCTAGTCTGAGTATTTAATTGCTGGTGAGAGAGACCCTCCTTGAGGTCTTCTCTTTCAGCAAGGTGACCCATAAAGTTGGAGATGGTGGCTTCTC,"[[107742676, ""C"", [""T""]], [107742781, ""C"", [""A""]]]",yes,yes,C->T,2
chr3,121451804,121452052,CTCTTCAAAGCTGTCTGATGGGACATTTAAGTCTGCAGAGGTTTCTGCTGCCTTTTGTTTGGCTATGCCCTGCCCCCAGAGGTGGAGTCTACAGAGGCAGGCAGGCGTCCTTGAGCTGTGGTGGGCTCCACCCAGTTCGAGCTTCCTGGCCTCTTTGTTTACCTACTCAAGCCTCAGCACTGGCGGGCGCCCCTCCCCCAGCCTTGCTGCTGCCTTGCAGTTCGATCTCAGACTGCTGTGCTAGCAATG,"[[121451819, ""C"", [""T""]]]",yes,no,C->T,1
chr15,34821866,34822343,CCCCTGTCTCCAGGTCCTCAGTCCAGTTTTAGCAATGCCCTTAGCCCTTATGCATTTTTAATTTGGTCTATTTATATAGTGTCACTTTTCCATTTGTGTTCGCATGCACATAATAGCTATTTACATCTTCCCTTGAATCTTCAAGAACAGAGGCTATGACTTTTTTTTCCCTTTTCCTCTCTGCTTTGAGCCGGGTACGGAGCTCTACATAGGTCACCTCAGGGGAACAGCATTCATAAATGTCAATCAGTGCCATCTGGTGTCTCATTGTCCCTGTTGCTTTCTAAGTCCTTCCCTGTCTTGACCCTCTTTTCTCTGTGCTATGTACTTCTCTTTCTTCCTCTCCAGTGTGTGTCATTGAAAAAGCCAGCAACTGTGGGTAAACCCAATCCATCCCGCTTCAGCATGTGAGGCAGAAGAGTGTTAAGAGCCCAGAATTTGGGTCCTTTGAGAAAGTCCTGAATGAGTTCAAATCCCA,"[[34821886, ""A"", [""G""]]]",yes,no,A->G,1
chr17,7225577,7225923,TAAAAGAGGAAATGCCTATTAAAAAAGTCCCAAAAATGTAAGAAACTCTATTTTAACCCCCAAAAAGGCTTATAAAAAAACAAAGCTAAAAATAATCAAAGGTCCCTTGTCTACCCCTGAGGGAAGGGGGAGGAACCAGGCACTGCTGGTGAGAGTCACAGTGGCCACAATCTCCTGTATGGCAGCAGCTGGTAGGCTGAGCCCAGGCACTGTAAGAGCAAGCACATGACGGCCAGGACACCCAGTCACACACCAGGAGCGCCCGGCCCAGCCTGGCCCCACAGTGGGCTACATAACATCCACAAAGAACTCGCTGGGATTGCCCATGGCCATGTGGAAGCTTTGGC,N,no,no,N,0
chr3,65216497,65216913,TGTTCTGAAGGTTATTTTTTAGATGCGATTAACATAGAAATCAATAGACTTTGGGAAAAACAGATTACTCTCCATAATGGAGGTGGCCCTCATCCAATCAGTTGAAGGCTTTAAGAGAAAAAGACTGAAGTCCCTTGAGGAAAAAGGAATCCTGCCTCCAGACTGCCTTCACACTCAAGCACATCTCTTCCCTGGGTCTCTAGCCTGCCGGCCTGCCCTGCACATTTCAGGAGCCAATTTAGGAAACTGGCTCCTATACACACACACACATACACACACACACACACACACACACACACACACACACACACACGCTATTGATTCTGTTTCCTTGGAGAACCCAGACTAATACAGTACATAACCTTTCTATGCCTCATGTGTATTTTCTGTGAAATGAAGAAAATAATGGCACTTACA,"[[65216501, ""G"", [""C""]], [65216662, ""T"", [""C""]]]",yes,yes,T->C,2
chr12,72503609,72504106,TGATGTGTAGTATTAACTTTCAGAATAGTTGAATTACGTATTTACAGTATCATCAGAAATCTACCTTTCTTCAGTTTATTGAATCTCTTTCTCTATCTGACTTAATTTCTAGATGATCCTTAAGATATGCTAAGACTCATCTCATACGGGCCTCAATCTTGTGACCCTAATGAGCTCAGAGAAGGAGTAAATTGACTCCCATCCAATAGAAGCTATATCTGTTTCCCCAAAGGGCTATGATTTGTTTTGATTAGGAAATAGATTATTACTGGCCAATCCTTGTGTCCACAGGGATGGGGTATTCTGACTGGTCAGTGAAGGTCATGAGCTCATCCTCTGTGATGTGAGACAAAAGTCCCAGAGTGGGTAGGCCCCCTGGGATCACTCAAAGTAGAGGAGGAGCAATTTCTGAAAGAAAATGATCAGTAGAAAAAAGTAATGGATGCCACCTCAGAATCTAAGGAGTTATGACAGAAATATATACAAGATACAGTCACG,"[[72503613, ""A"", [""G""]]]",yes,no,A->G,1
chr1,103326626,103326853,TGGAATTGGGGACCACAAGAGCCCACTTGGTGCTCTAATCTCCTGTGGCCATGCTGGTACCTAACATGCAAGACAAAGTTATCTTTGCTTTTCCCTTTGTTTACTCAAGCAGAAGAAGTTTTGCCCTGTAGCCACAATAGCTGATAATGTGCTGAGTCTCACTTGAAGCAAGCAAGTCTCAGAGGCTTACCCAAGGAACTCAGTGTAGTACCTGGGTATTGCCATTGG,"[[103326743, ""A"", [""G""]], [103326763, ""C"", [""T""]]]",yes,yes,C->T,2
chr6,145886556,145886942,CAGAACAATAAACAAATTCATTCAACTAGGAACAGTGTTACTGTTATCTACTGGGTTTTTAAAACTTGTAACTTTGCTCTACAGCTATGCAAGTTTATTAATACACTAAAGTCCATGGAATGAATCAAGTGTAGTTCATTCAAGCTCTTCAGTTTCTTTGGTAAATAGGTCTGCCAGGTCAGCCACAGTCAAGACAGAGGCCTCTGAATGCTTTGCTGATGAGTTCGTGTGACTGCAAGGTTTCCCAAATGAGCACAGTCAGAAAGAAACCCCAAGCCATCAGCGATTATATTTGTAGTAATACGAACTAGACACATATTTTTTCTTAAGTTTTTGTAATTGGGATATAAGAAACTCCCAGAGGAAAGCAAGTGATAAAATCTTTGT,"[[145886645, ""A"", [""C""]]]",yes,no,A->C,1
chr9,106486731,106487053,ATTGAGGGTTAGATTTCATCATCAGAATTTGAGGTAGTGGGGACACAGACATTCAGTACCTAACACTGCTTTGGGTATGTTAATCCCGGGGAAGGGCTCGGGTTGGCCTGCTTGACACATGAATGCCTCCAGGACTAACTCCTGCTCACCACTGTGGAGTACATGCTTGAGCAGGCCTGGGTAACGTGACTAAGGTAAGGCTCTAGGATTGCTGATCTCTCCAAAACCACACAGTCAGAGTCAAGGAGTAGTTCCTCAAAGGAAGATGAATTGCTGTTACCAGAAGATGGGAAATGGTTTTGGACGAACAAAACTGTAGATGT,N,no,no,N,0
chr8,64998302,64998698,CAACTAATGCAACCCCATTAAAAGTCCTCTTTTAGTGGGTACACAACCAATAGTGCATATGCTGATAGCATTTTCACATACAAATCTGATAGGCACGCCATTACCCAATTTACACATGCAAATGCAGTAATTGTGTGTACTGGGTGCTGGGGAAACCTGGCACACACCCAAAATGGAGGCCTTTTCAAAGCGTGGCCAACCCACCAAATTCCTCTTCCTCAGCAACTCATGGTGCTGTCTTACCTCTGCCTCTATTATACACAATTCTGTGGGATTCTGGGAGGAAAGATATGTGCTTTGTGAACTTCCCTGAATGACTAAAACTTTGTATCTCTGTTTGATTTGGACATGTTTTAGGTTCTCTTTTTCTCTGATTAATTGATGATAAGACTTTCTC,"[[64998341, ""C"", [""T""]], [64998464, ""T"", [""C""]]]",yes,yes,C->T,2
chr20,9677248,9677711,TAATGTAACTCAGCATTCTAATAGGATGCATCACATTCAGACCCTGGCTTCTGCACTCCAGCCTCGGCATAACGCTCTGTCCTTACTAGAGGGAGTAGAAGAGCTAAGGCTGAGCAGCTCAGGCTTGTAGACTCTCAGATATATTGGTCTCTTCTTTCTTTTTCTACTTTGATTTTCTAGGAGCAGGGCCTGCACCATAGGCTGCAACAGGTGGCCTTAGACATGAAACCCTGGGTGTGACCACACTTAAGTTTAGAAAAAAATGTTGATTCCAGCAACCCCTCCATTGTAAACACTCACTAGTTTCCATTTACTTGTAGATAAAAGTCTGAACTCTTGGAACATCAGCCAATTTCTCACCTGTGTGTTCTTAACCTCATCCAGAATGGCTATGACCATTTGGATTTCAGTTTGACCAGAAAACTGTTAACTTTATCTTTTTTAACTGTGAATGGAAACTGATA,"[[9677254, ""G"", [""A""]], [9677292, ""C"", [""T""]]]",yes,yes,C->T,2
chr19,3314275,3314580,GGAGAAGCCACGCTCCTTCCGCGGGGCGGGAGGGGGGATTTTCCAATCAGAGTTTGAGCTTCATTCACAAATCCATGGCCCCGTCTGATTGCACCAACGGCTGCTGCACACACACACACACACACACACACACACACACACACACGGCCTGTGACAGCCTCGCCGGGCTGTGGGTGGTCACTTAGTTGAGAGTGGCCTGGTGTGTCTCACATTAACGCATCCCAAGCCCTCCTGCCTCTCTCTCTTCTCTCTTCTCTCCTCTCTCTCTGTCTCTCTTTCTCTCTCTCTCTCTCTCTCTCACTCTCT,"[[3314296, ""G"", [""C""]]]",yes,no,G->C,1
chr6,145883434,145883712,ATGTGATACTATCTGTTTTGTAACTCAGAGGCAACACCACATACCTAGCATAAGGCTTGAACTCCCTTTGGGGTTATCAATTACTTACATAGCCTTCCTCTAAGGGAAGGCTTGCAAGTGGTTCATATTCGACCCTTCCATGTGATAAGCATTCATGTGGGCTTCACAATGTAACAGAGGTACACAGAGATTCTTGTAAACAGAAAATTTTATAAAACTGTTAACTGATCTCACTTTGAAGAAGTCTTACTGACTAGATGTCATTTATCAGAGTAGACA,N,no,no,N,0
chr5,2861739,2861985,GCTCTGTGGTTTAGATGAATGGCTGGTCCGGAAACCCGGCCCCTCCCATCTGAAGTTGAAACACCAGTCGCTCTGCTGGGAACAGTGTTAGTCATTCTGCTCCTGTCTCCGTGGGACACTTCATAGAGTTACGGGAGTATTACAAACTTAGAATGTTATCTGGGCTATTAGGATGAAATCTCCCCAGGAAATGAAATACAAATAATCCTTTTCAAGTTAAGTGGAATCGCTTCTGTGACAATATTTC,N,no,no,N,0
chr1,41167693,41167970,TCCATGTTGTCAGTTGTAATATCTCCTCTTTCAGTGAGTTTTATACTTTCATGTTTTCACGTTGCTGATTAACGTTCTCTTCCGAATTCCCTTTAGCATTTCTTGTAAGGCTGGTCTAGTGGGGATAAATTCTGTTTTTATTTGAGAAAGTCTTGATCATCCCTTTGTTTTTTGAAAGACAGGATTGCTGGGTATAGTATGCTTTGCTGGCAGTGTTTTTTTTTTTTTTTTTTTTTCCTTTCAGGGTTTTGAATGTATCATCCTACTCTCTTCTGATC,"[[41167695, ""T"", [""C""]], [41167912, ""G"", [""T""]]]",yes,yes,T->C,2
chr12,44523350,44523613,TAACTTTTCCATCATGGATGCAGTCCCCTGTGCAATTCTTTCCATGAGGACATCGACAATCATATCCTCCATCCAAATTGAAGCAAATGGTATCATTGGCACAGCTGTGCCTCCCGGTCCCACACTCATCAATATCTATAGACAAGAAAAAGCAGCACTCAATGTGCTTAGAATATGTGCAGTTTCAAACAACTGCAATCAGGCCAGTTGTCTCCTGACATAAGGTATTCAACTGTAAATTAATTTTCATCTTACTGGCTTGCA,"[[44523417, ""G"", [""T""]]]",yes,no,G->T,1
chr10,4790066,4790508,TAAAAATTGCAGCATATTCATATAACTGAGAGCTACTTAGCAATGAGAAAGGACTAACACACAACCTGAATGAATCTCAAAAACATGCTGAGTAAGAGAAGCCAGAAATAAAAAAAACGCAACAGCGTGCATCCATCTATTTGACGTTGTGGAGCAGCTGAACTGAGCAATTGTGATAGAAAGATGAGTGAGTGGGGTTGGAGGAAACCTGGGATGACTCTTATGGACAATGATGATGCTCCTGTCAGCACACACTTAAAATGTTTCCTTTTTGTTGTATGTAAATTATACCTCAATATAGATGACAAAAAAAAATAAAATAGAGTATTCCATTTTAAATGACAGCACCATGAACATGGTGAACACTCAGTTTTTGAGCTGTTTTACGACCAATGAGCTCATTTTACTCTACAGGAAGTTTCAGTTGTGTGACTATAAGCAAT,"[[4790134, ""G"", [""A""]], [4790391, ""C"", [""T""]], [4790505, ""G"", [""C""]]]",yes,yes,G->A,3
chr1,159755072,159755295,TATACACACACATTGTACATATACATATACTATATATATTATACATTGTATATATTGTATATATGTATACAATGTATATATGTATATATACATATATATGTATATGTATGTATATATTGTGTATATATACAATGTATATATATGTGTATATGTATACAATGTGTATATATGTATACAGTATATGTATATATACATTGTATATATTGTATATATGTATACAATGT,"[[159755076, ""T"", [""C""]]]",yes,no,T->C,1
chr9,130479316,130479605,TGTGTGCTTGAGCCCAGCCACACCTCGGCCAGGCGGCCCCCGGGTGACTGGTGGGACAGAAGGTGCTCCCGGCGTAAGACAATGGTGGAGCGTGAAATTCAATTAGTTCAGGGCCTGGTTCCAATTTCACAGCCCCTAAATGCAAAAGGGGCAAAGAGAATGGGAGGGTGGGGGAGAGCGTTTTTATTGCATTTTCTCTTTCATTCTGGGGGGCTTTCTCGCCCCTTCTCTCCCTGCAGCAGGCCTCAACCTGCACAGGGCTTTTGAAGGAGTCATTTGGAGTCCATATC,N,no,no,N,0
chr4,60604630,60604917,TAAGAATATAACATCTCTTGGAAACTAGCAACATGAAGCAATCAAAGGTTAAGGTTAAGAGCTTGCATATGGGGGCTTGCTTTATTGCTGTTATAGTAATTCTAAAACCATTCATACAAATAGACGGGTCTAGGCTCTCAGGCTTCCTAGCCTTCCTAACTGAAGCCACCATAAACGAGTCAGTCCTAAATGACAAATCAGCTAGCCAAAGACACTCAGGCAAGCTCAGGCAAGATCAGTCAAACTTGGCCTAGATCAGAGAAAAATGCCCATGTGAATTCAATACAA,N,no,no,N,0
chr7,147405604,147405940,GTAATAACATGGTTTAATTAAGTACTAAGTACATTTTCAAATGAGCAGAGACAGAAATAAGTTTCTAGTAAAATCAAATGTAAAAGTTTTAGAAAGACAAGTGGCTCAAAACAAACACAAAACCATAAGTTTATGTGTGGGCCTAGGCAACTGTAAACATTTGCAGAGATTCATAAAGCCCAAGGTGAACTCACTGAAATTCATTGGCGATTTTGGTTTTCGCTGCACTTGAAACCAAAACTGAAAAATGAAGGTGATACTATATGGAAGTGGTTTGATAGAAAGGCCGGTGGATTGAACTACAGACTTCAAATAAGTCTTCAAAAAAGTCTTTGGG,"[[147405661, ""A"", [""T""]], [147405670, ""G"", [""A""]], [147405750, ""A"", [""G""]], [147405818, ""A"", [""G""]], [147405873, ""A"", [""G""]], [147405884, ""A"", [""G""]]]",yes,yes,A->G,6
chr11,12015295,12015520,ACCCAGCTTCAGGTATGTCTTTATTATCAGTGTGAGAACAGACTAATGTATAGTTCAACTCCTGTGGAAAACAGTATGAAGATTTCTGAAAGAACTGAAAATAGAACTACGATTCAACTCAGCAATCTCACTACTGGGTATACACCCAAAGGAAAAGAAATAATTTTACCAAAAAGACACCTGCACTCAGCAGTTTCACAATAGCAAAGTCATAGGATCAATCTAA,"[[12015358, ""A"", [""G""]], [12015493, ""G"", [""C""]]]",yes,yes,G->C,2
chr18,32568987,32569425,CATTTTCTGCTGCTATAACAGAATACACAGACTGGGTGATTTATAAAGGACAGAATTTTATTTGGCTCATGGTTCTGGAGGCTGGGAAGTCGAAGAGCATGGTGCCAGCATCTGGCAAGGGTCATCTGTGGTAGAAAGCAGAAGTCAGTGCGGGAGACAGAAGGACAAATTGGGGGTCAAACTCCTATGATGACTAACCCACTCTTGTGATAATGGAATTAATTCATTCATGATGGCAGAGCCCTCATGGCCTGATTACCTCCTAAAAGCCCCATCTCTCAGTACTGTTACAATGGTAATTATTGTCAGGCCTCTGAGCCCAAGCTAAGCCGTCATATCCCCAGTGACCTGCACGTATACATCCAGATGGCCTGAAGCAACTGAAGATCCACAGAAGTGAAAATAGCTTAACTGATGACATTTCACTATTGTGATTTGT,"[[32569246, ""T"", [""C""]], [32569266, ""T"", [""C""]]]",yes,yes,T->C,2
chr10,30730317,30730666,TGTTTTCCATCTCTCTGCTTACATTACCCATGTATTCTTGCATGTTGTCTACTTTTTCCATTAGAGACCTTAACACATTAATCGTAGTTACTTTAAGTGTCCTGCTTGATAATTTTTAACATCTGTGTTATAGCTGAGTCTGGTTTAGATCATTGCTTTCTCTCTTATGACTTCTTTCTTGATTTTGGTGGAACTTGTACGTTTTTGTTGAAAGCTGGACAAGTTGTATTAGGTAATGGGAACTGAGGTAAATAGACCTCTTATGTAAGGATTTATGAGAATCTGGCTAGAAGTTGGTCTTTTTGTTTAGTGTTTTCTGTAAAAACTAAAGGTGCCAGAGCCTTTTAATT,N,no,no,N,0
chr9,133819960,133820319,AACTTAGTAATTAAGATAAAAACCTACCAGATGTAATGGGTTTAACCAGTATTTCTCCCACGACCGATTCTGCATCAGAAATATGTTGGGTCCTTGGGACACAGGGGACAATGGCCATCTGTCCCAATGACCTCACAGTCCAAGTGGGGAGACTGACTAGGCAGCAGCTGCATCTGAATCCTGGCACCAGGAAATCTCCCAGGTACGGAACAGATCCTAGAGGCAGACACTACTGTGGTGTCACTTGGGGAAACAAGCTCTGCTCCCTAATAGCTCCTTTCCTTTGGCCATCACCGACGTGGAAATGCCACTGCTACCTGGCTTCTTGGCAAAGATGCCATCTCCATAAACAAGTTTCTT,"[[133820018, ""T"", [""C""]], [133820020, ""T"", [""C""]]]",yes,yes,T->C,2
chr5,26872935,26873231,TAATCAAATAACCATTTTAGACATCGGTAACTTTGCAAAGGCTGATGGACCTTCACTTACAGTTTGGTATGGACATTGACACTAACGATGCCCCCCACACATCAAGAGGTTATGGAAAGGTTGATCATTTATGTAACTGAGGTCTCTGGGGAGAGCAGGAAGGACTCTCAGGAAGATCCTAAATGGCTAGAGAGAGGAAGGAAAGAGACTTGCCTAGGTTTTTATTGTATAAGCTGGTGAGATCTTGCTCATGTAGCGAGGATTTATGAGATTTGAATTTCTTGCCTGCACCAAAGG,N,no,no,N,0
chr10,5906683,5907062,TGCTTAATGCACGCTTATAATCAGAGGATCCTTTCAGAAATGGTTTCCATTTGCCTTCAGAAGACATTCAGACTCCTTAGAGGCATTTAAGGCCTTCCGTGTCTGCCCCACCCTATGACTCTAGCCTCTTTGTTCACTTCCACTCAACACAGCTTCCCTGAGTTCTGTCTACAGCTCATCTGCTGTGCCCTGACCACAGACTGCACGTTCCTTCCCCTCCCTGGGTTGCTCTCATCCTCCCACCTTCCCCACCTGGAGGGTTCCTCATATCTCCCTTGACTTCTTTTTTTTTTTTTTTGAGACAGAGTTTCCCACTGTTGCCCAGGCTGGAGTGCAGTGGCACGATCCTGACTCACTGCAACCTCTGCCTCCCAGGTTCA,"[[5906713, ""T"", [""C""]], [5906889, ""A"", [""G""]]]",yes,yes,T->C,2
chr16,505768,506074,TGCCAGGTGGTCATCTGAGCCTACCCAATGGGCTGCAGGCAGGCGACCTGAGGCTCTGACTGGTGCTCTCATGGAACCCTAGACACACAGAGGGCCAGAGGAGGGCACTGCCTCCCTCTCGGGAGCGCTGAGACCTGACCCACACAGAGGAGGAACTGACTGCGAACCCACGCAGTGCTCAGCCTCACCAGCAGGCCTGGAGGTGCAGCTCTCCCACCACTCTGGTCCATACGGGGTTTGCCCGTCCTGGAAGAATGCAGGTTAGAGAAGTCGCTCAGCAGCAGAAAGCGAAATGAGCAGTGACTGC,"[[505795, ""G"", [""A""]], [505816, ""C"", [""T""]]]",yes,yes,G->A,2
chrX,48583692,48584019,CTATATTCACACTGTCAATATTCACACTATAAGATCAATTAATGCCCCTACTATAAGCTTGTTTAGCAAATCTTTTCTTTTACTTTTTTTTTTTTTTTGAGATGACATCTTGCTCTGTCATCCAGGCTGGAATGCAGTGGCATGATCACAGCTCACTCTAGCCTCGACCTCCCAGGCTTAAGCAATCCCCCCACCTCAGCCTCCAGAGTAGCTGGAATTACAGGGATGCATCACCCATGCCCAATAATCTTTTTTGGTTTTTGTAGAGACAGGGTCTCACTATATTTATGTTGTCCAGGATGGTCTCAAACTTCTGGACTCAAGCAAT,N,no,no,N,0
chr22,50411877,50412110,CTACTAAAAATACAAAAAATTGGCTGGACGTAGTGATGGGTGCCTGTAGTCCCAGCTACTCGGGAGCCTGAGGCAGGAGAATGGCATGAACCCAGGAGGCGGAGCTTGCAGTGAGCCGAGATTGCGCCACTGCACTCCAGCCTGGGCCAGAGTGAGACTGCATCTCAAAAAAACAAACAAAATCCTTGTATGCTTTGACATGTTTCCTCCAATGGTGACATTTTCTAAAACACT,N,no,no,N,0
chr3,10730503,10730818,CCATCATATCCCCTGTGACCTGCACGTACACATCCAGATGGCCGGTTCCTGCCTTAACTGATGACATTCCACCACAAAAGAAGTGAAAATGGCCTGTTCCTGCCTTAACTGATGACATTACCTTGTGAAATTCCTTCTCCTGGCTCATCCTGGCTCAAAAGCTCCCCCGCTGAGCACCTTGTGACCCCCAGCCCTGCTCGCCAGAGAACAATCCCCCTTTGACCGTAATTTTCCTTTACCTACCCAAATCTTATAAAATGGCCCCGCCCCTATCTCCCTTCGCTGACTCTTTTCGGACTCAACCCGCCTGCACCCA,N,no,no,N,0
chr1,195096965,195097171,GACCTGGATGCTCATTGGGATGACCTGTCTGTGGAAAGGAGCTGCCCTCTATGGGTCTCCTGAGAGCTGTTCTGTGTCTCAATAAGCTCCTCTTCACCTTGCTCACCCTGCAATTTTTTGCATGCCTTATTCTTCTTGGGCACAAGACAAGAACTCAGGACTTGATGAATGGCAGCACTGAAAAAGCTGTAACACAAACACTACTGA,N,no,no,N,0
chr5,171763060,171763336,GTGTGCCCTGTCGCCCATAACAGGAAGTGTGTCAGAGCCGGGTGGGCACAGGGTGGGTGGGGCAGGCCCACGGGGCTCAGTTCCACCGAGCGGAAAATCATCTGACGTGTCCTCGGTGTATGTGTCTGGAGCAGAAGCAGGTCAGATGTCGCCCTGGCCTCCAAGTCTCAACACGCCTCTCTGGTCTGCCCCGTTGGCCTTCAGAGGCGGCACATGGCATAACAGGAGGCTTTTTCAAAGTGCAGGCCACAGGAAATCACATTTGAAGTGCCTGGCA,"[[171763109, ""G"", [""A""]]]",yes,no,G->A,1
chr3,132973438,132973677,AAAGTACAGTGGGAAGTCTCATTATCATATCAGTGAACATGAGATGCTTAGTCCCTCTATTCCTCCATCTTATCACCAACTTTCTATATAGTCTTGGGAAAATGGATACAGAAGTGGAATGTGTTATACTCAGGAACCACGTGAATGACATCCCAGTTGAGAACATGGTGTCTTCTGTGGAGCGGCATCTGTGCATGATTACAAATAGTCCGGAACTTCTAGGAATGAGTAAGGCTGAGC,N,no,no,N,0
chr18,14501810,14502236,CAGGAGCCGGTGGAGCAGACTCTAAACTCACTCGCTGCCGGTTGGGGCACATCAGTTCTTCTCCCATAGAGGTTGGGCCCCAGTGCCATCTGCTTTTCCTCAGGCCTCTGCTCCATCAGTCTCCAGGTGGCAGCCAGTCAGACTGTTGGAACCTGGCCATCTGTGCTTCCTTGTGTGGGTCAGTTTGATGGCTGCTACATCTGCTCCAGGCACACCCTTGCGGAGGTGGCTGGTTGCTCTTTGAGACAGCTTGGCCTTGCCTGGCATGCACAGGCTCCAGCTACTGACACGCTGCTCTGAGTGAGCTTGTCGTGCATTAGGCCAAATTCTAAGTCCAGTCAGGGCCACAGAAGGCAGAATCCCCTGGGTGGTAATCCTGGCTGCTTTCTGCACTTGAACATAAAGTCCTCCTCAAGATGGCCTGTGG,"[[14501818, ""A"", [""G""]], [14501830, ""A"", [""T""]]]",yes,yes,A->T,2
chr20,42652221,42652665,ATCAGGATACTTGGAGAGATTCCTTTAAGGGGAATTATCTGCTCTGAATCCACATTGCCATTTGCATGCTTAGACCATGTAGCCCTTCATTCATTTAACAGAACCTCCTTGAGTACTTACTTGCTCAATGCTGGACCATGCTGGGCACTGAGGTACCAGAGCTTAGAAGACACTGTGATCACTACCCTGAGGAATGTGCTGAGGGATGGTGCACGAAGCAGGGTGTTGTAACTTTCCAGCCTGTATCTGGTTATGATTGCTGTGGCTCTCTGGATTCTTTCTGCCACTGGTTGCTGATTTCCTGTTTCCCTCTCAGAGCATCCCCCTCCCCTTCACTCATGAGTCCCAGAGCTCCTAGAAACTCCAATCTGTGCTGTCAGAACCAATCCTACTCATCACATTCCTTTCTTTGCTGCTGGGAGGCTACTGAAGACATTGATGCCTA,"[[42652298, ""C"", [""T""]], [42652464, ""C"", [""T""]]]",yes,yes,C->T,2
chr7,3630160,3630366,TGTGTAGTTGGAATCCCCCAAGGAGGCAGTCAGAGGAAAAATATTTGAAGAAATAATTTTTTCAAATTTGCAAATCCCAATTACTGGAGTTACCAGCCAGTGCAATAAGGCAAGAAAAAGAAATAAAAGGCATCCAGATTGTAAAGAAAGAAGTAAAACTGTATTTTCAAGTTACATGATCATTTATGTAGAAAATATATACTTTTA,N,no,no,N,0
chr18,64191207,64191457,TGATGCTAAGAGTACTCCTCCAGACTCTGCCCACAGGGCCGGTTTCCCCTCGCCAGTGTGGTTCAGAGTTACCAGTGGACTTGTAGTTTCACAACTCTCCACTATTGGTCTGATACAGTATTTCAAGCTCACCCTTCTGTGAATAAGGTTCAGAGTGCTTTTCCTCTTTCTATCAGATAGCTGTAGGACACTCTCCCCTCCCCCACCTTCCTGTTGTTTTTTTTTTTTTTTTTTCCACCTGAGGCCATTGA,N,no,no,N,0
chr5,26121360,26121693,TGTGTTCTTTTTAGAAATTTGCTACTGTACCGTCAAATGGTAGAATATGTATACCTCTCCCTTGACCTGTGGCAGAAGTGCTAAAACATGATTTCTGGAGCTAAAAACAATATAGCGCTTCCTGACTCTCTTAGGAAGCTTGCTTTTGGAACTCAGCCAACATGCTTTGAAGAAGCCATGTAGCCACACGGAGGCGTTCTTCTGACAGCCCTTTAGTGAGTTCTCAGCTGAGGGACCCCAGCAATCCATTAGACATGTAAGTGAGCAAGCAAACAAGTCTATCTTTCAGCTGTCCTTTGCGACACCCCAAGTGATGTCACATAAAGCAGAAATA,"[[26121410, ""G"", [""A""]], [26121425, ""A"", [""C""]]]",yes,yes,A->C,2
chr17,54856792,54857211,TAGAACAAACCTCTGAGTTAAGCCATTCACTTGATATTGTAACTTGAGATAAGTCTCTGGGACTTGAGATGATGCCTCTACTTCTTCCCTCCCTCCTCCAAGCCCCATCAATTATTAGTCCTCCCAACATTGCATCACTTGGTCACCACAAGTGCAATGAGTGACTGAAAGCTGCTGGATGCATTTCACAGAGAACGTTTAATTCCCTGAACAATAGAATAGAAAGTAAAGAAAGTCATCCTATGCCAGATTCAAAAAGACCAACTATTCATCACGTTTTATGATGCCCATGACAGCAGCTGCCTTTCACCGCTGCAGTGCAGGATGAGGGGAAATATGCTCCTGAGAATGACAGGAGGAGATGAGAGAGGTATTTACTCTAGGAAAGCCTTCTAAATGAAATAACCAAACCAAACAGGA,"[[54856805, ""A"", [""T""]]]",yes,no,A->T,1
chr6,16819774,16820126,GAGTTATGATGTTATTTATAGCCAAATACCAATCATCTATAACTGCGCACCTGCTTGTGGTGGTTTGAATCTTCTCATTTTAAAAGTTTAGATAAATTGATAAACCATTATCAAGCTGCACAAAGGGCTTAGGAGCCTCTGTTGTCAAAGTGCCACCTACTGGATGCAAGCTAATATTTGGCTGATCCTAAAAAGCAGAGAGCTTTCAGCAAGCCTGAGCCGCCTCCAGTTTATCATCAACTTAAAAAATGATCATTTTGGCCAGGTGCACTTTGGCTGGGATTCTCAACTGTAATCCCAGCACTTTGGGAGGCTGACGCAGGAGGATCTCTTGAGCCCAGGAATTTGAGACC,N,no,no,N,0
chr9,126647648,126648104,ACCCAGCAGTTCCTTCCAGGAAGCCACGCAGGGAGGACCCTTGGAACTGATGGCTCCTGCACAGGGCAGTGTGGAGCCCTGGCCCAAGCATGAGGTTACTAGCTTCTTGGAGAAGCCCAGGGATGTTAGCGCAACCCCAGGCCCAACTCCGCAAGCCCACACTGTGTCCTTTGGGAAATGAGAAGCCTCGAGCAGCCAGCCTGAGGCAGTTCCAGGCATGGACTGGGTGAGTTCACAGGGACACAGACCTCTCTCCCCAGAGATCCGACATCTGCCTCCAACCCTCCATCCTCCTGTCCCCAGGGAGCTGCCGTCTGTGCCCTCCCACTCTGCTCTCCTGACCCTGGCAGCTCCCTGGGTGATGGGAAAGGCAGCTTTCCAGCTGGTGGCCCTGACTCTATGCACAATGCATTTTTATTTTTTCAGCACGTTGTGAAATTCATAACTCCCAGTAATG,"[[126647758, ""G"", [""A""]], [126647783, ""A"", [""C""]]]",yes,yes,G->A,2
chr1,214815626,214815889,GTAAGGCTTTTACTAATATGATACAGGAACTGATGGGTAATGGATATGTTTGTTTTCCATCCTCCTCCCTCAACTCTTTCTAACAGGCAGTCTTGAGATCCATTTTATCTGACTTCTCAGAGACTGATTCAGAAAGATGCAGCAATTTGTCATGTTTTACTGTGGCCAGCTTGACAATGCATCACCATTTCCTTCCCTGCCTTACTCCCCTAGTCCCTCACTCTTGCTTCTTTTCACTCCCTAGAAAGTAGTAGCAAGTAGACC,N,no,no,N,0
chr16,24575225,24575502,CCTCACTTCCTAGACAGGATGGCGGCCGGGAAGAGGCGCTCCTCACTTCCCAGACTGGGCAGCTGGACAGAGGGGCTCCTCACATCCCAGAGGATGGGTGGCCAGGCAGAGACGCTCCTCACTTCCCAGACAGGGTGGCGGCCGGGCACAGGCTGCAATCTCGGCACTTTGGGAGGCCAAGGCAGGCGGCTGGGAGGTGGAGGTTGTAGCTAGCTGAGATCACACCACTGCACTCCAGCCTGGGCAACATTGAGCACTGAGTGAACGAGACTCCGTCT,N,no,no,N,0
chr3,108724053,108724538,ACACTCTTGCTGTGAAGCAGTTTCACTGTGCCCTTGTTATCACTTCAGCTCTAATATGGTTTTGTTCTGTGTCTCCACCCAAATCTCTTGTGGAATTGTCTTCTCCAGCGTTGGAGGAGGGGCCTGGTAGGAGGTGATTGAATCATGGGGGCGGACTTCCCCCTTGCTGTTCTCCTGATGGTTAGTGAGTTCTCAAGAGATCTGGTTGTTTAAAAGTGTGTGGCACTTCCCCCTTCTCTCTCTCTCTCTCCTGATCTGCCGTGTAAAGATGTGCCTCTTTCCCTTTCAGTTCCCGCCATGATTATATGTTTCCTGAGGCCTTCTCAGCCATGCTTCCTGTACAGCCTGTGGGACTGTGAATCAATTAAACCTCTTTTCTTCATAAATTACCCAGTCTCAGGCAGTTCTTGATAGCAATATGAGAACAAATGAATATAAGCCCGCTGCATCTTGGGCTGCAATTTCCATTTACTTGATAAGTCCAGT,"[[108724161, ""T"", [""C""]]]",yes,no,T->C,1
chr1,50114956,50115325,TTCCCTTGCACATTAATTAAGAAATAACTTATGCAGTGTCAGGGCTCTTAATAGGCTGGTGACTTTCTCTCTCTTTCTCTGTCTCTGTCTCCGTCTCTCTGTCTCTCTCTCTCTCTCTGTCTCTCACTCTAGCTCCAGCTGTCTCTTTCTCTCCACCCCACCCTTGAGACTGTCTTTGCTCAGAACATTTTAAGACCAACCAATTTTGCTTTAGGGGAGCTCATATTCAGATCCTTGTTGTATCTAATACCAAAGGTATTTCTCCCCTCAATAAAGATCCCCCTCTACAAGGATCAAGAAATGCTGAGAGCCCTAAAGGAATCCTTAAATAAATTTTGGTTGAGAAAGCAGTAGAAGTGTTGAGGAAATA,"[[50114987, ""C"", [""T""]]]",yes,no,C->T,1
chr13,34541355,34541686,CCCCCCTGCCCGGCCAGCCGCCCCGTCCGGGAGGTGAGGGGCGCCTCTGCCCGGCCGCCCCTACTGGGAAGTGAGGAGCCCCTCTGCCCGGCCACCACCCTGTCTGGGAGGTGTGCCCAACAGCTCATTGAGAACGGGCCAGGATGACAATGGCGGCTTTGTGGAATAGAAAGGTGGGGAAAAGATTGAGAAATCGGATGGTTGCCGTGTCTGTGTAGAAAGAAGTAGACATGGGAGACTTTTCATTTTGTTCTGCACTAAGAAAAATTCTTCTGCCTTGGGATCCTGTTGATCTGTGACCTTACCCCCAACCCTGTGCTCTCTGAAACATG,"[[34541455, ""C"", [""T""]], [34541522, ""G"", [""A""]]]",yes,yes,G->A,2
chr5,9428295,9428665,TTCTGAGCTTGGCTCACCCCACAACCTGACAGTCATGCTGTGCTGCGCTATTTTTATGTTTAATATGTACTCCTTGAAGATGATACTATGAAATTCCACTGTAACACTGATAGTGTTCAAATGCTCACTTTAAGAAAGGTTAGATGCCAGGAAGGAAGTGATACCGAATCCTACAGTGCAGGAAAGCAGCTACATTGGTTTCGGTCTTGGTGCTATTTGAATACCTCACCTTCCTTTTCTGTTCTCTTCTACATCTCATAGATAACCATTAATAAGAAACGGACTTTAGAAGGATCTCACAGTCTTTCCTGTCTTTGGTACACTGTAAGTGATGTTCAATTACACTGGAAAACAGTGAAGACTATTTGAGA,N,no,no,N,0
chr16,46765001,46765436,AAAACTAGGTATGTATCATTAATATCCTTGTTTTACAGATAAGGAAACTGAGGCCTAGAGAGACCACACAGTCACTGTATTAGTTTCTTATGCCTGCTCTAATTACCACAAACTTAGTGGCTCAAAAGAAATTTATTCCTTCATAGTTCAGGAATTATGCTGACTAATGCGTGCTCTAGAGGCCTCGGAGGAGAGCCCATTCCTTGTATCTTCCAGTTGCTGGCAGCCACTGGCTTTCGTGGTTTGTGGCTGCATCGTTCCGGTCTCTGCCTCCAGGACCACACATCCTCCTCTGTGTATGTCACACCTCCCTGTGCCTCCCTTTCATATTAATACACGTGATTGCATCGAGGCCCCCCTGGCTAATCCAGGACAGTCTCCCAATCTCAAGATCCTGAACTTAATCACATCTGCAAGGTCCTTTTTTTGATTTGTA,"[[46765155, ""C"", [""T""]]]",yes,no,C->T,1
chr19,30640266,30640632,TTGGTTATATACACACAAATATGCACCACTGTTTTTTTCATGCAGCTTTTCTAGTTGTGCTCAATAAGACAGTTGATTTGTTACAGGCTCTTTTACTATAGCCAGAAGTAGAAGTAAAATAACGTCTTAAATAACTAAAACCAGATTTTCCTCCCCTGTTTGGCAATCAGCACTGTTTCAGCCTTTGAGAGAAAACTTATTTCTTTACTTCTGACTCAGCACACCAAAATCTCTGGGGAAGAAGATTATCTCCCCAGTTCTAAGGACTGGCAAATTGAGGTATCGTAAGATTGTGCCTCGCAAGAGTCAGGCCCAAGATCCTCCAGGCTTCTCCCTGCACCGTCTTACCAGCCTGCAAGGCAGGGAG,"[[30640287, ""C"", [""T""]]]",yes,no,C->T,1
chr3,158963825,158964274,TATATTGAGAAGGGAAATGAAATTTACATTTGTAATCCTCATGTTTTGATCTTTAAAAACAAACTTGTCATTGGCTATGTTATGTTCCTTAGTAGCTATCATGCAGATCTTGAGACAGATAGAATATATTAACCGCCACACATTCATTTTGCGGAGCTATGTCAAGAGAAGTATGGAGAAACCGGTTGCACTTTATAATAAAAGCAAGTCTACTTGGCATTGTGTGACAGAGATGTTGGTTAGATTTCTCAGATTGTAGGATATAAAGGGCAATTAGAGTGGAAATCTCTATTTACCTCTCCAGAGTGGAAGGGAGATCATTAAGAGTCATTCATATTGGGAGGTGGAGCTTGCAGTGAGCCGAGATCATGCCACTGCACTCTAGCCTGGGGGACAGAGTGAGACTCGGTCTCAAAAAAAAAAAAAAGAGTCGTTCATATTAGAAACTTT,"[[158963875, ""T"", [""C""]]]",yes,no,T->C,1
chr11,112880323,112880581,GAAAGTCCAGAAAAGACTAGAAAAGTACCAGGAACCCAAGGCACAGTCACACCAGCTCAGCTGTTCAAATCCCATTAAAAATAAATGATCTAAGAAGTACTCTCTGGGGGACCCCTACTCAAACAGAGGGGGAAAGAGAGCAGGGAGTACAGGAATATCTCTGTGAATAAATGACAAACATCATCACCTTCCTATGCTTCTGCAGGAGTGCTGACCAGAAGAGAAGAGAGAGGTGGGAACAGGAAACCTTCTTTCTAGT,N,no,no,N,0
chr8,8709706,8709991,CCCAAAGTGCTGGGATTACATGCTTGAGCCACAGTACCCAGCCTTGTTTCTTGACTTTTTAATCATCACCATTCTGACTGGCATGAGACGGTATCTCACTGTGGTTTTGATTTGCATTTCTCTAATGATCAGTGACGCTGAGCTATTTTTCATGTGTTGTTGACCACATATATGCCTTTTTTTGAGAAGTGTCTGTTCATATCCTTTAAATTCGCTGGGTGTGGTGGCTCACACCTGTAGTCCCAACTACTCAGGAGGCTGAGGGGCAATTTGACGGCAAATTACT,"[[8709726, ""G"", [""T""]]]",yes,no,G->T,1
chr8,32317711,32318097,AAAATAGATAAAAATATCTCCCCACCCTAATTGTGCTCTTTTAAAGGAATGCTATTGAAATGACAAATGAAGGAGATTTCTACCTGTTGTTATATAGCTGGGCAGAGTGATATTTTTGGCTGTATTCTAGTGTTGAGCAGTTGCAAAGCTTTCTTTCCCCCTGAGGCAGTAGAGGGTGCTATGTGGATATAATTGAAGAGATGCTAAGTTTCTATATGACGCCAGGGCTTAGGGACTGCCCTCTCTTTTCAAGCCACTTGCTTTTCCCAAAATAACTAAGAAAAGGGAGAAAAAAAATGAGTACAGAGGCCATGCTAGAAGACATAGATAAAATATTAAGTCTTAAGAAAGGTAGGAAATAATCAGATTCTAAAGTTCTCACAAGGT,"[[32317821, ""C"", [""T""]], [32317875, ""A"", [""G""]]]",yes,yes,C->T,2
chr8,49217057,49217504,TTATATTTCCTCAAGGTCTCCATTCTTTGTTCTTTCTAACTACATAGTTTTTTCTCTCAAGGCTTCTAGAAATTATGTTGCACAAACTCAGGATAAAAGTGGCTGCACAAGTCAGATCTCCTCTTGAAGTTTGTTTCCTCTCTCCAGCTTCCTCTGTCTCAGCAGCTCTCTATTGATTTTGAACAGATGATGTCATACTTTACTGGCTGTCCTGTGTGTGCTTCATAAGAGTGGTGGTTTCCTACTAACTACTCTGTCCTAGCATGGATGTGCAAGCACAGATTTATTTTATGATCATTATGTTTGCACCATGCCCTTATAGGTATTCATTTAATAATGTTCAATCAGGCAAATTCTACTTGAGTTTGGCAGATAGTTGGCCAGAAGCCATTACCAGTTTACTAGCAAGAGAATTTCATTTTACATAATCTACAATTAGGTTACTGTT,N,no,no,N,0
chr22,33350976,33351314,TTCATGAGTGCTAGTCACTCTTTCATTAGCCTTAGATTTCTTTATGTTTTCATTGCACGTTTTGCCTGAAATGACAATTGATCATTTGTTTTCTTGTGTGATAGCTGTATTCTGCACTAGAATGTAAGTTCAAGAAGAGCAAAGGCCTGCACTGTCTTGTTCACTATTGTGTAACCAGTGTCTAGCTCATAGCAAGTGTGCAATTAATATCTGTTGAATGACTAAGCTCTACCTACTGGCTGGAGGCCTCAGGAAGCCACCCTGCCATAACAGAGAAAAGCAAAGGCAGAGAGGGAGAGAGGGGAGAGGCTAAGTCATGTGAGCACCCATATGTAGCTG,"[[33350998, ""C"", [""T""]]]",yes,no,C->T,1
chr1,71311452,71311926,TTTTAAGTATTAAGCATCACTTTGAAAATATGGCATATTGACCCTCTTTGTATCTAGAGATGCAATTAAAAATAATGGCCTAAATATTCAAGTAGTAGAGAATGTTGGCAACATGACTCTGAGGCTATTCATTTGACCTTCTTTTGTGGCTTTCAGGCATGCAATTTGTTTCCAAATAGATGGCATGCTGAATATCTGCAGTCATGTAATTTTTTCCCTGACAATTAACAAGATATAGAAGGAGAAAACTTTTATTAAGAGAGATTCCAACTAGGCTACTATCCAAAGATCAATAACATCGAGTGTTTCTACAATGTAAATATGCTCTAAGCCCATCTCTAGGGACTGGGGAGAGATCAGCTTTATATAAACAGGTTTTTTTATTTGACGAGTAGAGAATAGATGAAAAAATGTGCTATAGTTCTTTACAGAGTGTTTCTGGGGTTTGGGAATGACGTGCAGATATAATCAATTA,"[[71311460, ""G"", [""A""]]]",yes,no,G->A,1
chr5,129176511,129176761,CCCTCACAATTTGCCCATGGGATATTCCTTGTGGAAAAAGGACAGAGAACTCAGTTATCCCTCTGCTCCCCTGAGACAAATGCATCTCTGATTGCTTCCTCTGCCCTTCTGTTTCACTAAGCCAGACTAAGGCATAAGTGACTATTTTTCTACCTCTCACATGTGAATTGTGTATTCAGTGAAAGGGTAATCAGAGGCTCAAAAGAATGCAACCAATTGTCTTTTATCTACTTATGACCTGGAAGCCCTCT,"[[129176632, ""A"", [""C""]], [129176708, ""A"", [""C""]], [129176716, ""G"", [""A""]]]",yes,yes,A->C,3
chr5,98804170,98804396,TATAGCCTGTTTTGTGTGTAAACATCTGTATAAACACATATGCATATGTATAATGTCAATAAAACCTTATGTAAGCTTCAGCATTACTAATCACTACATTAAAATGTGCTGAAACTTGTCCACTCATCAGAACCACATTCTTTGGCAATCACAGGATAGTATTATGAATTCAGTTTATAAAATAACTACCTGCAATAGAATAGAGATTTTAGTGAGTAGAAAAATTG,"[[98804186, ""C"", [""T""]]]",yes,no,C->T,1
chr4,109357785,109358048,TACCTATAGCACCTAAATGCAAACCAAAATACATGTGGTTCTTAACGAGAAACACTGATCTTTTCTAAAGCTAGAGGGGAAACTGAAAATTAACTTGTGTAAAAAAAAAAGAGGTCAGGCACAGTGGCTCACACCTGTAATCTCAGCACTTTGGGAGGAGGAGTTGGGCGGATCCCTTGAGGTCAGGAGTTGGAGACCAGCCTGGCCAACACGGTGAAACCCTGTCTTTACTAAAAATACAAAAATTAGCTGGGCATGGTGGTA,"[[109357795, ""C"", [""A""]], [109357959, ""T"", [""C""]]]",yes,yes,C->A,2
chr2,111770956,111771238,TGTAGACTAAAAATTGCGGGGGCTCTGGGTATGTTTTCTTTCTCCTATGAAGGTTACATTTTCTTCTGTCAGGTGGGGAGAAAGCACACAGATCACCTTAGTTCTGCTCTAGGCTAATTGTAGGTCAAGTCTGCTTGGAGTGAAACTGAAGCAGACCAGATCTAAAATTAGGCTAGAGCAGGCTTAGGGCTTGGCCATGTATTAATTCACCTGAGGAGCTGGGATGCTGATCAGAGCCACTTCACTTTAACAAGCGTTGAATTCCACCCTTTGTCTCCTCAGT,N,no,no,N,0
chr2,195861850,195862213,TACACATGTCGATACAGCCATCTCGTATTTCCTCTGACATTTCAATTTCTTCCAAGAATCGTGAGGCAACTGCCTGGAGTGCATCTTCAGGCCATGACTAAATGTAAGATAAATGCTTTAGCATTTTATTAAGATTACGAATCTGGATCTGCTACTACTGCAGCCCTTTACAACTTATGGATGTTGGGGGTGAAGGGGAATAGTGTGAGGGATGGTGTGGGAGAGACAATTTCATAAGAAACTTTCCCGAGGACTTGCATACTTAGGGGAGGGAGCCAGGAGCTAGTTAGTGCATATAACATTCACTGTGTGTGGTTTGTTCTGAGATTAGAGAAATTGTTCATGAGTGTTGCAGGAGAAAGGA,N,no,no,N,0
chr10,117437304,117437753,TGGGAGGCTGAGGCAGGGGAATTGCTTGAACCTGGGAGGTGGAGGTTGCAGTGAGCCGAGATCGCACCACTGCACTCCAGCCTGGGTGACAGAGCAAGGCTCTGTCTCAAAAAAAAAAAAAAAAAAAAAAAGTGTACCTTCCAAATTCCTAACAAGCTGCATGGCAAGTAGGATGAGTGTCAGGGGAATCTGTGGGTAGGTGATGACTGTGGAGGCGGATGGTGGTCAGCCCATGTGGCTTTCATTCATCCAGACATGCAAGCTTTGGCTTGCCTCACCTTGAGCTGGAGTTTTCTCAGAGGAAAATATGTCAAGGTAGACAGATTCTCTCCTTTATGAGATGTCATATGACTATTTTTGCATGTAGTTATTTCTTTTCTTTTCTTTTTTTTTTGAGACGGAGTCTTGCTCTGTCCCCCAGGCTGGAGTGTAGTGGCACGATCTCAGCTC,"[[117437355, ""C"", [""T""]], [117437436, ""C"", [""T""]], [117437566, ""T"", [""C""]], [117437668, ""C"", [""T""]]]",yes,yes,C->T,4
chr7,106257745,106258182,CACCCAACTTGAACTCCGTTCAACTTGCCTGAACGATCCAACAGCTGACTGCTGGAACAAGGAAAGGTAGGCACAGCAACAGGCAGGCTAATGGGATTTCTGAAACAGATACAGTACCCTGCCATGTTCTTTCACCTGCAAGGGGGAGGGGTGTGTGTGTGTGTCTGTGTATACACGTAAGTGCTAAAGTGCCTGAAAGGCACCTGGGAACAGTACTTAACTGACACCAAGGTAAGAGACTGTCAGTTCAGCTGAGCTAAGGGGAAAACGGCAATTAGGTGTGTCAGCTGAGATTGCTATGTGTAAGGTCCTCCCCCTTCTCCCTGCAGACTTTTCTTCTATTTCTTTTTTCCTTTCCACATGAAAGCCCCTATGTCCCAACACCAAATGTCTTAGCTGAAGGAATTCCCACTTCTCTTAAGCAAGGCAGTTTGGAAG,"[[106257779, ""A"", [""G""]]]",yes,no,A->G,1
chr9,129013848,129014123,TGCGTCCCATTGACCCAGCCAGGCTGAACAGGCCTCAGTGAGCTGGGAGTGAAGGGGGCGCCAGATGGCCCAGGCCCTATCCAATCTCATGGGACCCCTCGGACACGGCCCTGAGCAAGCGGGCGGTCCAGCTCCCAGGTTTTCCACACCATCGTGGGGGCGCCTGAGCACAGGGACCCTCGGCCTGACGTTCAAGCAGCAAGTAGTAGAGTTAGTAAGAAGGTGCCATGCCCGGGCAGAGCCGGGGACAGAGCCGAGCATCTAGGAGGGCAGGGC,N,no,no,N,0
chr11,101498932,101499319,AATACACATTTCTGCTGAAGATGAAGCTTAATGATGGAAATGCAGCACCTTGGCTCATGTTGGGATGTTCTGATTTCAGATGGACAGTGCAGGGTGGAGACAGAAACAAGGGCCATTTTTTATGACTTTGCCTCTTCATTTGCCAACAATTGTCAAAGAATGAACGCTTCTTGAGTGAGAGTCCAGAAAAAGTTAAGCAAAGACAGCATCAGCAGGGAATACTGAATACCAAACAATGCTTTGTCATGTATTGAAATGTAAATGATTCCTTATATTATTCTTAATATCTTTCAGATGTATCATTCACTAGAAAAGTATCTCAAACAGGCAAGGCAGAAAAGCTTAGTGAGAGTGATTCTTCTAAATGTGACTTGGAATGGTTTGCAGA,"[[101498967, ""A"", [""G""]], [101499292, ""T"", [""C""]]]",yes,yes,A->G,2
chr6,112927689,112927936,CATTAGACTCTATCTTAATGTTGTTAAAGACTGGAGAGAGAACGATATGCAGAAAGTATCCTACTACATTGTAGAGAGAATTTTCAAATACGAATTAGTTATCCAAAGATTTCCAGCGGTAGTGAATTATTCATCACTGTGAGTATTCATGCCTGACTCAGACAATCCCTACAGGGATGTAGCATAAAAACATCTAGTCTAACAGATGGCTAGTTGGACTGGACATTCTTTCTTTGCCATATTGAAAT,N,no,no,N,0
chr6,115876747,115877040,TCTAAAACTATTAAACTGGAATGCTCGTTAAAGATATTGAACCGTAGAAAGATGAGCCACCTACAGAATCAATAACAACATTTTAGTTAGGACCTTGAGGGTGTTTGCCAGCCTTATTGACTGTGGCCAGTTCCATTCTGTTTAACCTATGACAGCTGATGAAACTAGACCCTGGGGTGGAATTACTGCCCAATTCATCAGTGATGATTATTGAGCTGTTACCAGCGAGATCTTGGAAAAATCTTAATGCCAAGCTATTCAGATGAGGGAATTGGTAAATATATTTCTTTTACA,"[[115876772, ""A"", [""C""]]]",yes,no,A->C,1
chr18,45089447,45089703,AAGAATAAAGACAGTAGTCCCTTCAAACATTGCTGAGACAGCACTGGCTTATGCAGCATTGCCTAGTAGGTGTCCCATGAGAATTTGCAGAATGAATTAAGAGTCCATGGGTCTAGCCAGTTAAAAAGGGCAGGGAAGAACTAGGGAGGATAGCGGTAAAGAAACTGTATGGTAGATCTAATGCAGAGCCAAAAATACTTGTCCAGGGAAGGAAATCAAACAAAGTCAAAAAGTCTAAACTCATAGAAGTCACTATA,"[[45089460, ""C"", [""G""]], [45089661, ""C"", [""A""]]]",yes,yes,C->A,2
chr3,162729699,162730091,CATGTGAAATAAAGATCTATATCTACAATATGACCTGAACAGAAACATTTATTTCATAATGTCTAAAACATCATTTGATAATGACTAAAAGCTAGACAACACCCACATATTCATTAACCAGGAGAATGGATAGCTAGGTCATGGTATAGTCATACAAAGAACAGTATTTTGCGATAAAAAGAATAAACTAATGATGCGACAGCAAGGATGAATCACAAACGTATATTGAGCAAAAGAAGGATGACACAAAAGGATGACATTTACTGTGTGATTCATTTTATATAACATTCAAAATAAGCAAAACTAGTGTAGGAAGATAGAAATCAAAACACTGAATGACCATGAGAGAGGACATTGACTGAAAGGAAATAGGTGAAAACTTTCTGGTGTGCT,"[[162729771, ""C"", [""A""]], [162730030, ""T"", [""C""]]]",yes,yes,T->C,2
chr12,118746273,118746535,TGCTTCCTCACTAAATCCTATGTGGTAGAAGTGATGATTGTATGTCTCCATTTAAAGAGGCAGAATCCAAACCTTAGAGAGGTTAAACAAGTGACCCAAGGTCACGTAGCCAGGAAGGGGCAAGGCTGCCGTACCCACACAGGTCTGCTGAGGGCAAAGCAGGTGTGCTTTCTCTTTTGCTAGACAGACGAGAATAACTGACAGTTCCTTTTATTCTCTAACTCTCTCAGGATGAAGTACAAAACTCTTCAGAAAAAGCTTAG,N,no,no,N,0
chrX,130691643,130691946,AGATTAGATTGTGTGCCAACAAAACAATCCCATCTATTTTTCCTCTTCTACTGAAATGTTTGTCTTCCTTCTATTGTTCTGCCTGCCTCCTTGTTATTCGTATAGCTCTGTCACTCACAACTCTACCTTACCACAGATTACAGAAACATCAGCTCATTAAACAAGTTCTGCCACTTTGGCTGAGAAGGAAATGTCTGTCTCCATTTACTGTCTACTAATAAATGGAGACAAACAAAAAACAAATATACAGGATAAATATAACTCCTGACTGATGTACTTACCACTCTGCTGTTTCGTATAATTA,N,no,no,N,0
chr3,149765782,149766112,AATTTTTGGTGATCTCTTTTTATACATTCTAGTCAGAGATATCTCACAAATTACAAAGATTGAGACTATTAAGCTATTAAGTGTCTTCCTCTATTGTCAACCTCACTCTGTTGGATATTGAATTTTGAGTTTTACAGCCCAAATTACTCTCACCACAAGGTGGCAACAACCTAACTGAAATAAAGTTGAGCTGAGCTAAAGACCAGTACAGAAAAGCAAGTAGAACAATCTAGCCTTGTTTTTTCTTTACTTCTCATTATATTGAGTAAAGGGAAAAGTCGCTTGTAAATCTATATTTCTAACTGTAAAATTTGCATCAAATAATACCTCA,N,no,no,N,0
chr3,2823070,2823444,AAATCCTTCCAATTTCTCAAAAGCCTCCAATGCAACTGAATGGCAGTGATTCTCTCACTGTTTTTCCGGGCTGTGTGTCACCCTAAAGCTAGAAGAATCACTGTGAGCTGCTGGACATACTGAGCATTTTAGACCCAGCATATGGTCTCCTGGTTTCCATTGTAACAGATCATGCAGAGGAAGGGAAATGAGTCAGCCTTTTATTATATCAGTGGGGTACTGAGTAATGGCATGAAATCCATTGTAAGGGATGCTGCATGTCCTATTTCGAAAGCTGTGCGGTGTCAGACCTTCTTAGGGTAGCAGAGAAATGAGCAGCAATTAATCTGTTTTGAAAAGCATTTCAGTCAGCAGGTATTTCCAGCACTCTACCAA,"[[2823110, ""C"", [""T""]], [2823159, ""G"", [""T""]]]",yes,yes,C->T,2
chr5,103408436,103408672,ATTTCTTTGTCATATGATATGACATGTCACACTATCTGGCATGGACATCTTTGGGAGCCCTTATGCTGCCTACCACTGCTGGAGAGCAGAGGCTTCAGAAGAACCTGACATGAAACACATGGCATTTTAAATGGAAGATTTATAAGCAGTCAGGCAGAGAATGGACTGTGAGAGGCTGCTAATCTAATAGAAACTGAAACCGTAAGGGTCTAGATGAGAGCAATGACAGTAAGAAGA,N,no,no,N,0
chr1,61472900,61473269,CTGGTAAAGCTGTGTCTTATCTCCTGTTGCAGTTCTTCAAAGATGTGCTTCAGAGCCTTCATCCCACTTGTTTAAAATTTCCATTGAAAGCTCTGCTCTTGTCTGCAGCTGATCTGGGCACAAGGGTTTTGGCACCCATTGAATGGAATGGGTGACTCAACTTTAATTTTTCACTCGGAGAATTGTGTAAGCTGAACCAGTTGAGATGTCTGTGAGGTCGGCTATTTTTGTGCTGTTAATCATTGGTCCTCCTCATTTAGAGCATGAACTGGGTTAATTTTTTTCCTCAGAAATTGATGTGGACAGTCAGCCACTGTGGGCTTCATCTTCAACATCGTTTCTTTCCTTCTTAAAATGAGTTATCCATTTG,"[[61472954, ""A"", [""G""]]]",yes,no,A->G,1
chr8,90465114,90465592,ACTAAGGTAAGAAAAACAATTCAGAAAAGCTTCAGTGAAGGGTCTGACAGTGCTGAGAGATGAGACTGCAGAAGTAAGCAAGTTCCACGTCGGGAAAAGCCTTATAAACCATGCTGTTAGGCAGGCTGCTGCTACCAGCACCAGTCTTTGAAGGACTTTATACAAGGATGTATGATTCAGTCAGATTTTCATGGAGACCTTGTAAGATTCATCTAGAAAAGTGTGGAGAACAGGTTGGAACAGGGCTGGATGGGGAAATGTAGGAAGATATTAAGAGGATTTTGCAATAAATACCTGCAAAATGATGAGGGCATTTTACATGGTTTGGCTATGACCCCACCCAAATGTCATCTTGAATTGTAGCTCCCATAATTCCCACATGTTGTGGGAGGGGCCTAGTGGGAGATAATTTAATCATTGGGGCAGTTTCTGCCATCTTGTTCTTGTGGTAGTGAATAAGTCACAAGATCTGATGGTTT,"[[90465187, ""T"", [""G""]]]",yes,no,T->G,1
chr18,11658883,11659350,TTTGTATCCTCTTATGTATTCATAACATTTCTCCAACTGTGTGATTGCAACTACCCCATTGTAATTAAGTAATTACTTGTTTAAAGTGACATCTGCCTTTCTAAATGACCAGCTCCGTGATTTGTACATGGCTGGGCCTGTACATGGCTGGGCTCACCATTGCTTCCCTCCACCCTAGAGCAGGTCCTAACACTCTCAAGCCAGTAAATATTTGCCGAATGAGTTAATGAACCCTCAGCTCCAGCTATTGTGTGAGCAAGAGTTGCATCACACCTTCTCATGCACCTCTTCAGAGCCTCAAGGCCTCATGAATCCTTAGTCCAGCTCTTCATGGGCTCAGGAGGATGGTTGCAAGTCCCAGTCTGCCCAGGAAGCACTCCCAGTCACCCTTGTTGCCCTGGCATAATTATTGCGACGCCCCCCCACCCCGGTTCACTCTCAAAGTGCCCTGGTTTGAACTATAAAAAA,"[[11658939, ""A"", [""C""]]]",yes,no,A->C,1
chr1,200448590,200448838,AGCCAAACTCATTACCCCAGTTCCTCTTGTGTATCCAGAGAAATCCATTGCCTTGGGCCCCAGCTGGATAGACAACCATCTCAGAATGCAAAATACTAAAAAAAAAGTACCTGAAATAACATCTTTCAGAACCTCTGTGGTGAAACTTGCTTGAACTTTCTAAAACGCATAAGAAAAAGATTGATTAACTTAGTAAAGTTGAATTTTATTTATTTCTTTGAGACAGGAGTCTTGCTTTGTCACCCAGGC,"[[200448676, ""C"", [""T""]]]",yes,no,C->T,1
chr10,97434054,97434459,TATTGTTACCAACTTGTAAGATGATCTCAAAAAGTGACTTAGTGCAGTGGAAAGGAGTATAATTACATTATAAACACAATTGCCTTCTCCTTTGAAAAGTTCACTGGACTACAAGAAATCCCATAAAGCTGGAGAAAGAACATTCCCTTTCCCTTCTGGTAGGAACAAGTAACACCCTCCATCTGTTGAGCTCCTAATGAAGCTCCTCTGTGCCACCCACTGGATGAGGGATATTACATATGTTAGCTCTCATCTTAACCCATGAAAGGGCTGGTAACTCCTGTTTACAGAAGAGGAAACAGTCCCAAAGAAACATGTAAAAAGCACCAAATATCACACCACTTGGTACTGGGGCTGGGATGGATATTGCTAGTGCAAACAAATGAAGGTTCTTACCCAAAGATTT,N,no,no,N,0
chr11,97573800,97574299,GTCTGCTTTATGCAGAAGAAACATGCCCTGGTCTCCTGCAGCGCCCTCAGGCTTGCTAGGATTAGGAAATTCCAACCTGGCAAATTCTAGTCAGACCAGTTCTCTACTCTTGAACCCTATTTCCTGTTAAGATGTTTATCAATGACAGCGCTTGCACAGTGGTACATGAAACTTCATCAGCAATTCTAGTTTCACCCTGGCCTTGTGACCTTGCCCTGCCCATTTGCCTTGTGATATTTTATTGCCTTTGAAGCAGGTGATCTCTGTGAACCACACCCTATTCGTACACTCCCTCCTCTTTGAAAATCGCTCATAAAAACTTGCTGGTTTTGCGGCTCAGGGGGCATCATGGAACCTGCTGACATGTCATGTCTACCCCAGACACCCAGCTTTTTTTTTTTAGTAGAGACGGAGTTTCACTTTGTTAGCCAGGATGGTCTTGATCTCCTGACCTTGTGATCCGCCTGCCTCGGCCTCCCAAAGTGCTGGGATTACAGGCA,"[[97573905, ""G"", [""A""]], [97574167, ""G"", [""C""]]]",yes,yes,G->C,2
chr1,79100417,79100893,GGCCCTAAACTCCTACTTTTTAAACAAGGGGACCCACATTTTTATTTTTATTGAACCCCCACAAATTCCGTAGCCGGCCCTGACATTTTGAAATCCTGATGACGTCATGATCTTAAAACAGTAGAGCCTCTTTCAGTGTGAAAACCTGGAGGCAGATTCAACTCTCTCAATCATTCCAGCTGAGCTTAGCACTTGTTGACCCTGAAGTTGAATGCAGCTGCATGAGTAAGCCGAGTTGAAACCAGCATTAAAATGACTCAGGCAACCAACACAATTGTGAGAAATAATAAATTAAGGTTGTGGTAAGCCACTACATTTTGGAGTTGTTTGTTGCAAAGCAATAATTGTAAGAAACTCAAATAAAGCAGGATCATCAGTAACTTAAGAAAAAGCAGGTTCAAATGAAAATATGAAGAGACTAGTTCACTATATTAAACCTTGAGAATCTGTTTTGCTAATTAATATCATTAATTATGA,"[[79100429, ""T"", [""C""]]]",yes,no,T->C,1
chr1,66457564,66457940,TAAAACATCCAGCCAAACACTCCCCTAAAACACTCAGCCATGGCAACAACTTTATTGGCATGACGTTGCTCATATATCCCCTTGTTATCTTTTAATTACTGTGGACTATGTAGTGATTTCACTGCTCTCATCCCCAGTATTGATTATTTTTGGCTTCCCTCTCTGATCAGCATAACTAGAGATTCATCAGTGTTATTGATCTCAAAGAGCAAGCTTTTGATTTCATTGATTTTCTCTGTTGTTACTCTGTTTTCTATTCCACTGATTTTTGCACAGATCTTTATGATTTCTTGCTTTCTGCTTTGGGTTTAATATGTTCTTCTCTTTCTAGTTCCTTAAGATGAAAACCCATATTACTGATGAGAGGTCTTTCTTCT,"[[66457603, ""G"", [""A""]]]",yes,no,G->A,1
chr2,232280456,232280851,GCCAAACACAGGACTTTGCCAATTACATGTGAACACCCATGTCAGTGACTCACCCAATCATGCTTTAATCTCATAACTGAGAGGCTTTAAAAAATTATAGTCAGCAAGGCAGCTTGCTAGTTATGACTGCCATTGGAATGGAGTTTTCCTCAGAACAGCTGGAGTGTAATGTGGTGGGAAGAAAGCCTGGTGTGGGTGAGAGACCAAGGATTGCTTGCCTGGGAAGGATGTGCAGCTAATGTTTGATGGAAATCTGTGAGATGACCAACCTCAGCCAAGCTACATAGAGGCCCTCCATACACTGCAGCCGAAGTGCTCAGAAAACAACAATGATAATTGGCACTGTATCACCGCAAGAGAGATAAAACACAGCTCTGTCTTCAAGAAATGCATGGT,"[[232280476, ""G"", [""A""]], [232280559, ""A"", [""G""]]]",yes,yes,G->A,2
chr5,134823175,134823460,TTTTTGACATGGAGTCTTGCTCTGTCGCCAGGCTGGAGTGCAATGGTGCAATCTTGGCTCACTAAAACCTCTGCCTCCTGGCAGCCTCCCAAGTAGCTGGGATTATAGGAACATGCCACCATACCCAGCTAATTTTTGTATTTTTAGTAGAGATGGGGTTTCACCATTGTTGGCCAGGATGGTCTCGATCTCCTGACCTCGTGATCCTCCTGCCTTGGCCTCCCAAAGTGTTGGGATTACAGGCGAGAGCCACCACGCCCGGCAAATACAGCTGTTATGTTTTCCG,"[[134823192, ""C"", [""T""]]]",yes,no,C->T,1
chr13,100535486,100535853,AAACTGAAGTCACAGTAGCAGCCTGCCTCAGAGACCGCGGTGGGTACCAACACACGTGGTCCTGTGTGATCTGCTGACATGTAGCGTGTGCCGCTGCTGTCATCACTGTAGAAGCCTGACCCTTGGCTCTCCTACCACATCCCGCCATCCTCCCAACAGACTCATCATAGTTTTGGGTCAGACCCAGATCTATTTCGGCATTAGAACCATGCAAACACGGCTCTTGGCTAAGACACAGAGCATACTATGATTACATTTCCTTTCTTGGACAACTTTATGTTTTCCTTGAAATTAAAAATTGCTTCAAGTTTGTTTTTTTTGTTTGTTTTGCATTTCGCTTAGTTTCTAGGATTGTAATTCAGCCTCGC,N,no,no,N,0
chrX,153441360,153441691,TTACTGTTGCTGTGTGTTGACACCTGTCAGATGTGTGTGGTGGAAATCCTGGAATCTCTTCCCAAGGTCACCTTCAGTGACTTCCTGTTGGTAGCTTAAGACTGGCCAAGTGGAAGTATTATACCGCAGAGCTCGGCATGCCACGGCATGCCAGGGCTTGATGTATTACTGCTTTGTTGATTGCCTAGACTTTAGAAAGAGGTGAAGAAAATGCTAATATTGCAGATTAAACTGAAGAATGCTGGGTCTGCGGCCATTACATTATAAATAGCAAAAAAATAAATAAAAATAAACATTTTCGGTATTTGAAAACTATCATCCAATTAAGCAAA,N,no,no,N,0
chr1,99636730,99637213,AACTTTCAGTTGGCATCTTTCAAAATACTTATTTCCAAAAATCTTCAAGCTAGAATTACAATTGTCTGGAACCCAATCTGTTGGTAAATGAAACCTCAGAGCCTTCACTCTTAATAGTGAAATGGACTGAAAGGCAGACACACTGACAGCTGGCTCATTTCTTGCTTTGCCATGTAAATCTACTTTAACATAACTGGCTTGCACCCTAGCCTTCAGAGTGATGGCTCTGCCTAGAAACCAATCTAATTGGATAATCTTATACGATATTTCCATAATGACAAAGAATCAGACCTCAGACCGAGCCCTCCAAGATTTCCATAGGGAATCTAATGGGAAGACAAGGAGTGTTATTATTTAATGAATTGGCTCCTTGCCCAAATCAGTCAGTCCATCTATGCCTCAGTTTTCTCATACTGGAAATGAAGATATCTGGTAGCTTCTTGGTTCGTGGGGAAGAATGAGACTCTGGTCTTTCTCCCAAACA,"[[99636910, ""C"", [""T""]]]",yes,no,C->T,1
chr12,41436165,41436491,TTTTTCACACACATTGTTCCCAATTATGATGCCACTTTCATGTAGGTCTCTCAGCTTGGCTTTCATCCAGGCTGTTAGGTGAAATTAGGCCCAGAAAATCGGATTATTACATCCCAAGGGAAACAACTGATAAGCAGCAGATGATTGTTCATCTCCTTGCTACTTGCTGGTGTTGAGGTGTTGCTAGTTGCAAAGCCAATTTGTTAACAATTAGTGCTCATTAGAATCATTTCCTGTTATCGATTCTAAATATGTGACAAAGCACTTTTAGGAAACTGGACCCCAAAACGTAGCTATTCGTCAGTGATAAGCAATTAAAAATCTCAA,"[[41436178, ""C"", [""T""]], [41436415, ""C"", [""T""]]]",yes,yes,C->T,2
chr3,153884586,153884922,TAGGGCTCTTCGGGTCATGAGGACTCTGCTCTCATGAATGGCTTAATCCACTAATGGATTAATGGATTAATGGGTTATCATGGGAGTAAGACTGCTGACTTTATGCAAAGATAAAGAGAGACTTGAGCTAACATGCTCACCGTCCTCACCATGTGATACCCTGAGCCTCTTTGGGACTCTTTAGAGAGTCCCCACCATCAAAAAGGCTCTCACCAAATACAGCCCCTCAACCTTGGACTTCCTAGTCTCCATAACTGTGTGAAATAAATTTCTTTTCTTTGTAAATTGCCCAGTTTCAGGTATTCTATTATGTGCAACAAAATACAGACTAAGACGC,"[[153884596, ""T"", [""C""]]]",yes,no,T->C,1
chr19,37221165,37221414,AAATTCCTACCGACAGCTTATAAACATTATAGTCATCTTGTATTCTAACACATGGTCATTTGGTATTCTAATCTTTAATGAATCTGCTGATACCATGATATATCATGTTGTTTTAAAAGTATAACATACATTCTGGGGCCAGGCATGGTGACTCATGCCTGTAATCCCAGCACTTTGGGAGGCCTACTGGGCAGATTGCTTGAGCCCAGGAGTTTGAGACAAGCCTGGGCAAGATGGTGAAACCCCATCT,N,no,no,N,0
chr3,180700972,180701293,TAGTTTAAGAGAAAAAAACAAAACAGAGATTATGGGTTGGCACTGTTGGAACATGGCCTGGAACACCCAGACTCTCTTAGTCTCTGACTCCTTAGCCTATCTCTCTGATTCTCCTTAGTCACGAAGCATGTTGGCCTCATTTTCTCCTACTGCATGTGAGCTTTCTCCTTCTGTTTGCTGGCAGAACATGTTTACTGGCAGCTTTGGGCTAACATAATTCCAAATTAATGACTCAGAAGGAAAGAGTAACTCTCGCCTAACTTCAATATAGGAAGGACTCCACTTGGCACATTTGGTTACTTACTTATCCTTGGACCAATCA,N,no,no,N,0
chr11,92485610,92485906,TATATATTATGTGAATGAAAATATTTGTCTGCATCTTTCTCATCACACACACAAACAAATACAGTTACAAATTCATATACACTAAATACCATAAGTCCCATGGGAATTATATCAGCTGCTAGAACAAACCAGAAAGGCATGGAAACAGTGCTCAATTGCAAAGAATGAAACACCAGCTTTTATGCAGCCTAAGAATTGTAGTATGTTAAAACAACCCCTAATGATTTGATGACAGGACTTCTGATTGGGCAACTGGGTAATTTGCAACCTTATCAAAACTCTGTGAATCTTTTTCTA,"[[92485614, ""C"", [""T""]]]",yes,no,C->T,1
chr4,171049425,171049660,GGTTTACATGTTTCATGCAACTTTCTATATTTGCATCATCTTAATTAAAAACATGTTAAAAAGGAGATAATTTTCTTCATCTATCTTCCTTCATGTTGGCTGTCTATAAAGAGATGTGTCTGTGACTTAAATAGCTATATGAAACCACCAGGTGTTATACCAAGCTTAGAAAAATAGCAAGATATCTGCATCCCTTATCTGCCTATGTTATGACTCCTTGAGGACAGACAGAATTA,"[[171049434, ""A"", [""G""]]]",yes,no,A->G,1
chr10,95355220,95355604,TGTAAAGTGTCCCTACAAAGAGGCGTGCAGGACCTTATAGGGACAAGGCACACACTCACACACAAATAGGGCCATTGAGAGAGGCTGCCTCTCAAAAAACCATGGGGTATGTTGGGGATTGGTGCAAACAGCAAGGGGTTCAAGAGTTCAAATGAACACATTTCTCAGTTGAGCTAAACGGCCAATTTTTCTTTCGAAACACAGTTTGGTGGTTAGTCTAAATGACATGGGGGCTTTGTTTTTAAAGAAGTGCAGCCACTACGAGCCATGATTAATTGCCAAGCAAAACAAACAGAAAACAAAGGACAGACCAGAAAATGAGCACCAAGGGCACAGAGGAGGACGGGATAATGCAAGCAAAGTGGAGGGACGGGCAGGTGAGACT,"[[95355284, ""T"", [""A""]]]",yes,no,T->A,1
chr7,29268487,29268718,TGGAAATGCATGGATGCTTCTGCACCAATTCTCAGGGAAGGCTTTTCCAGATGTGGAATGCACGGATGCTTCTGCACCAATTCCCAGGGAAGGCTTTTCCAGATGTGGAATGCCATGGGGAGTCTGTCTGGCTTGGATAATTGACAGCTGCCAGCTTGTAATGATCTGTGCTAAATGGAGCTGGAGCCACAGAAGGCAACACAACAGCTGGGCTGCTGGGAGCCAAGGCCCT,"[[29268497, ""C"", [""T""]]]",yes,no,C->T,1
chr22,19232747,19233007,AATATCCAATTAAATGAATTGATTTAATGTACATGGAAGGCACAATTAACTATACAAAGAGCCCAGACCACAAAGAAGTTTCCTGATCTGTGTGCAAACACAGCCTGCCAGTAAGCACACAGGGATAAGATCTGGGAGTCTGCCAAAATATCAAATTAACATACAGAAGGAAGAGAGGGAGAGAAAAAACAAGATAAAGCTCCCAAATAAAACGAAGATGGAAGGACTGGAAAACTAAGGATAATAAAAAGCTGAAGAGAA,N,no,no,N,0
chr2,19790239,19790727,CCCATTAATTGTAGCTCCTTCTAAGCCCAATCAGCTGCAGGTAGGGTGACCAACCATCCCAATTTGCCTGGGAGTCTCCAGTTTTAGCACCAAAAGTCACACACCGCAGGAAAGTCCTCAATCCCAAGCGAATGTGAACAGCTGGTCACCCTAGCTGCAGAAGAGCTCTCTCATGTCCAGACAGGAGCAACCCTGAGGAGTTTCCTGGTTTGTGTTCCCAGCTGCTGTGGGAACACAGGCAGACAGCCAGCAGAGGCACTGCCCCGGGGCCGCCGAGTCTCCCCACCACAGACTCAGGCCCTCCGTAGCCTCTTCAGAGGCTACAATGCCCTGTCCTTTGCCTCCACCCCCTGTGAGATTAAGCCCATCCTCAGAGGCCCGCCAGAAGGCTGGGCACACAACATGTGCTCTGTAAGGAATGGTCAATTGTCTTAGGAAGTCTGTCCCTCTGCCTCTCCGATCTTCGCTTTTCTCCTCTCAGGGAAAGGC,"[[19790410, ""G"", [""C""]], [19790443, ""T"", [""C""]]]",yes,yes,T->C,2
chr16,2854764,2855035,TTATGTAATCTAGTTTGAGTTTTGAGATGATGTTTTCCAAACCTCCAGTGGTGGTTTGAAAATTATATTTTACAATTAAGGTGGCTACATTTTCTCCCGAGAATTTTGCCCGCAATTGTGGCATGCTACCACCAGGGGGTGCCTGTTCCCACTCTGGAATCAGGCCTCTTTATATTCACCCTGTATTCAGCTTAGTCCCACACACACCCCCTTTCAGCCATTCCTGTATTGATGAATTGAATAGCTTCACGGGTCTGGCTGTTGCCTCAAAA,"[[2854850, ""G"", [""A""]]]",yes,no,G->A,1
chr7,61039920,61040195,TAATGGAATAATTGAGTGGACTCGAATGGAATCATTGAATGGAGTCAAATGGAATCATCATCGAATGAAATCGAATGGAATCATCAAATAGCATCGAATGGAATCATCATCGAATGGAATTGAAAGGAATCATCAAATGGACTTGAATGAAATCATTGAATGGATTAGAATGGAATCATCATCTAATGGAATCAAACGGAATAATAGAATCAACACAAATGGTATCATCATCAAATGGAATTGAATGGAATCAATCAAAGGAATCGAATGGAATCA,"[[61039925, ""A"", [""G""]], [61039935, ""A"", [""G""]], [61040161, ""C"", [""T""]]]",yes,yes,C->T,3
chr3,166924219,166924422,CGCAGGAAAAGAGAGAGGGAGGAGGTGCTACACAGTTTTAAAGAAAGACCTCATGGGAATTTTATCACAAAAACAGCACTAGGGGGATGGTACTAAATCATTCATGAGAAACTGCCCCTGTGATCCAATCACCTCCCACCAGGCCCCACCTCCAACACTGGGGATTATAACTGAACATTAGATTTGGATGGGGACACAGATTCA,N,no,no,N,0
chr2,68942468,68942680,TACTGTGTAATTTCCTATAGTGTCGTTGGGCTGTGTGCTTAAGTGAGTGTTTGTGGTAGCAGGTGTTATTCTTTTGAGTCCATATTCAGCACTCCCTTAGGACCTCTTGTTAGGCTGGTCTAGTTGAATTCCTTCAGCATTTGCTTGTCTGAGAAGGTTTTTATTTCTCCTTCACTTAGGAAGCTTAGTTTGGCAGTGTATGAGACTCTTGGT,"[[68942480, ""G"", [""T""]]]",yes,no,G->T,1
chr1,107019163,107019391,TGTCAACCATTAGAGTCTTCCTCAGAAATATTAACATCTTTGGCTCCCCCTTGCAGGCTGAGAACTCTCCACCTTCCCAAGAAACATCTCAAGCGAAGAGTTGTAGGTGTTTACTGTAGGAAGTTCTTCGGTGAGGTATGCAAGTTCAGGAACCATATGTGTCCAATGGATATAAACAGGATACTGAGTTCATCAGCTCCAGCACACTAAGGTGACTAATATATCCCTT,N,no,no,N,0
chr11,55748862,55749118,GAGAAAAAAGAATAAAAAGAAATGAGCAAAGCCTCCAAGAAATATGGGACTATATGAAAAGACCAAATCTACGTCTGATTGGTGTACCTGAAAGTGACGGGGAGAATGGAACCGAGTTGGAAAACACTCTGCAGGGTGTTATCCAGGAGAAGTTCCCCAATCTAGAGAATGCCACAAAGATACTCCTCGAGAAGAGCAACTCCAAGACACATAATTGTCAGATTCACCAAAGTTGAAATGAAGGAAAAAATGTTAAG,"[[55748915, ""G"", [""A""]], [55749049, ""T"", [""C""]]]",yes,yes,G->A,2
chr4,115969810,115970072,AAAAGAAAGCTCTCAGCAAATAAGAGGGGGCCCAGCCAACAGGCTCCCACCTTACAGATTGAATAGCAGGTCACCACACAGGAGCTAAAGAGGCCCAGCTCCTCCCCCTGCATTAGGCGTGAATTCCTGGTGGCTCCACCCCATTCTCCCAGTGCACATTCAGGCCCCCAGTCCCTTGTGGGCATGCCCAGGCAAGACCCTGTGCAGGTTCCCTTATCTGCCTCCTGCATCTATCAGAACTATATTTAATCATTATTTTAGTC,N,no,no,N,0
chr3,119427683,119428043,TATTTGTATGTTTGAGTTTCGTGCATGTTTTATGTTATTAATTAGTAGCTTTTTGTTTCAGTTTAAATAACTCCATTTAGCAATTCCTGCAAGGCAGGTCCAGTGATGATGAATTCCTTTAGCTTTTGTTTGTCTGGGAAAACACACTTTTCTTTTTTCTTTTCTTTTTTTTTTTTTTTTTTTTTTTACTTCTCCCTCATTTATGAAAGACAGCTTTGCTGGATAAAGTATTGTTGGTTGGCAGTTGTTCTCTTGAGCACTTTGAATTTATCCTACTCTCTCCTGACCTGAGGGTTTATGCTGAGAACTCTGCTGATGATTGTATGGCACTCCTTTTTATGTGTTATGTTTCTTGCCTCTT,"[[119427688, ""A"", [""G""]]]",yes,no,A->G,1
chr21,31248602,31249004,TTAGGGAAAAAAAATCTCTATCCCACAGTTCCAACATGTTCTGCTTTTTATTTCCCAATATTCAAGCATTGCTAAGAAAAAGTCAGCTGCAAGTCTTGCTTTTGAGCAGCAAGGACAAAGCCCTGAGGATGTCAACAAATCCTGGGAACCCATCAGGATGAAGCAAAGAACTCGGTGGCTCCATGTTCTGGGCCTGAATTCCAACAGGCTGTGTCACTCAGCTCTGCGTCACCAAGAAAGTAAAGACTCCCTTCCCTAAAGGGCCTGTGGGCTGTGCTCCTGGACACCTGCACCCTGACTTCCTGTGTCATTTACTCTCTGAGGGAATGGCAGAAACAAAATAAACCCCTCTGATATGTCCCAAGTAAAAAAAAGCCAACTAATCATTTTTATTTTATGCCAC,N,no,no,N,0
chr10,59743867,59744114,TGTTGGCCGGGCTGGTCTCCAGCTCCTCACCATGAGTGATCTGCCAGCCTCCGCCTCTCAGGTGCCGGGATTGTAGACGGAGTCTGGCTCACTCAGTGCTCAATGTTGCCCAGGCTGGAGTGCAGTGGCGTGATCTCGGCTCGCTACAACCGCCACCTCCCAGCCGCCTGCCTTGGCCTCCCAAAGTGCCGAGATTGCAGCCTCTGCCCGGCCGCCACCCCGTCTAGGAAGTGAGGAGTGCCTCTGCC,"[[59743894, ""G"", [""C""]]]",yes,no,G->C,1
chr6,74431839,74432238,TCTTTTTATGGCCCTCTGGTGACTCTTTTTGCCCTTTTACTCCATTTTAAGTGCTCATAATACTCTGCCTTTCGAATGGGACTCTAACTTGCACATGGTTGAGATTTGCTTCATATCAATTCAGTTGAATAACTATAAAAGTACCAGACCTTTCTTAATCACATTGTTTTCTTTCATAGGTTTATGTTGGGTTATTCAAATGAGATACTGAATCAGCTTGGAGTCATGAGCACATTCACATTAATATACTTCAAATTTTGTGAATTTCCTCTGACTCACTTTTCTCTTGTCTTCATTCTACTCTTCCCCCCACTGCGTGTATTTTTTCTTTTCAATTCCCTTATAACTTGTCTTTCTTCATTAATTTATCTTGATGTTTAACTTTAGATTTAATGTTAAA,N,no,no,N,0
chr12,25301882,25302157,TCCTGGACTTCTTAGCTCTATACTGTTATGCCTTCATTATCTATTATTGTGCAACAAAGATTCCATCATTTAGCAGCTTGAAACAACAAACATTTGTTACCTCACAGTTTCTAAGGGTCAGGAATCTGAAGTGATCTAGCTGGATGGTATGGCTCAGGGTCTTGCATGAGGCACCGTCACAATAACAGCCAGGATTGGCTAGGCATGGTGGCTCATGCCTGGAATCCCAGCACTTTGGGAGGCTGACGCAGGTGGACTTGAGTCCAGGAGTTCAAG,N,no,no,N,0
chr3,140495001,140495350,ATTGTATTTCTGCCTCTAGATTTTTGCAGAACGGCCACACTGTCTTCCACAATGGTTGAACTAAATTACACTCCCACCAACTGTATAAAAGTGCTTCGTTTTCTCTGTAAACTCATCAGCATCTGGTGTTTCTGGACTTCTTATTTTTAGCCATTCTGACTGGCATGAGATGGTATCTCATTGTGGTTTTGACTTGCATTTCTCTAATGACCAATCAGTGATGTTGAGCTTTCTGTAAATATGTTTGTTGGCTGCAAGAATGTCTTCTTTTCAGAAGTATCTGTTGATGTCCTTTGCCTACTTTTTAATGTTTTTTTTTCCTTGTACATTTGTTTAAGTTTCTTGTAGGC,"[[140495033, ""C"", [""G""]]]",yes,no,C->G,1
chr10,49781274,49781632,TCTGCTATGCATGGTGGCAGATACATGGTGGCTTTTCCTTTGATGAATTATGTTTTCTTTGCCATTTCTGAGATTATTATAGCTTAGCTGTGTCTGAACACTGACATCAAATTACAACATGCATGAGTCATCATGGAAGAGACCCAAGGGAAAAAAGCAGGGCCTAATAAACTAGCCTCTGGGTCACAGCCTAACAGCATCCTTCTCCAAAGGGATGAGCTAAGCCTGCAGCCAGACATTGTCAGTGACTATTAAGGAGATCTGAATGCAAAATGTGAATGTCACCTGAGTCAGGATTAGTGGATGCATGAGACTCTCCTTTTCCTAGCAAGTAGATTCTTACCTTACTGAGTTCTACT,"[[49781391, ""G"", [""C""]]]",yes,no,G->C,1
chr11,3085179,3085471,CACATCTGGAATCAAACGCTCCTGGAGCATGAAATCCATCACAGTCTGGCATCTGCAGTAAGCCCTGCAGCTGAGATACCAACACGGTTGGAGGCATGGAGGATTTTCTTCTGATGAGCTGGAAGCTCTCACTGCGCCCTCTTCAATATAATCAGTGCAGCCTGGGCTTTCGATTTCAGATGAGTTGATTTCCCCCGAACCTTGACAGCCTCTATGGCATATTCATTTGATGAATCCTGCCCCAGGAGCTCCAAAGAGTGACATCTGGAGCTCTCCAAATAGTGACACTGGCT,"[[3085204, ""C"", [""A""]], [3085374, ""T"", [""C""]]]",yes,yes,T->C,2
chr2,181589898,181590188,CACTGCAGCCTTGACCTCCCCAGGCTCATGTGACCAGCCTGAGTAACTGGGACTACTGGTGCATGCTACCACACCCAGCTAATTTTTTTTTTTTTCTTTTTTGGTAGAGAGAGGTTTTTCCCATGTTGCCCAGGCTGGTCTGTCCAGTTCCTGGGCGCAAATGATTCAACCACCTTGACCTCCCATAGTGCTGAGATTACAGGAATGAGCCACTGCACCTGGCCCATAATGGTTTTGTTTATATATTTATTTAATTTTGAGACAGAGTCTCACTCTGTTGCCCACTCTGGA,"[[181589937, ""C"", [""T""]]]",yes,no,C->T,1
chr10,130788195,130788519,CTCTGCTTGCACCTGTGTTTCTGCTTTCTCTTTTAGGGAGTCCCGGGTCGTACTCCCTCTGAGCCCAGGTGCCTTCTTGGCTGAGCCACTGTCTGTACCTGTGCCGTTACTGAGACAAAAGGAAAAGTGAAAACAGCGATGATGTTTTCAGACCTTTTGAGCATCACAAGCCTTGCAGCGCTCAATCTGTGTGGGGAGAAGTCTCAGTCTGTATGTGGGGAGAAGTCTCAGTCTACATGTGGGGGAGAAGTCTCTGTATGTGGGGAGGTCTCAGTTTGTATGTGGGGAGGAGTCTCAGTCTGTATGTGGGGAGGAGTCTCAGTCT,"[[130788226, ""C"", [""T""]], [130788463, ""G"", [""T""]]]",yes,yes,C->T,2
chr1,158685023,158685487,CATTAACATTAACATAAAGAAAAACCTATTTCCTTCTCCAGAGATCTTAGGGTCTGCTCTGAGGCAATCAAGAGAACTGAGTGACCTGTATATTAGTTGGGTCTTCATAGCTCTTATCGGTTAAGATATTGACTTTCTCCATGATCCACTTCCCCAGATCATCTGCATCTCGCTTGAAAACTTGTAAGTGATAGGAATCCTCAAGCTTCTGACCCCTCTCAGCGACCCGCTCCTTGAAACTTTGATACCGAGTCAACACTTCCTGACGCCTCTCCTGGATCTCTTCTGCTGTTTCCAAAACCTTTGGCCCACTGCTCTCCACAACCTGCAAGTTAAAAAGATTCTGTTACTTGCTAGTTCTCAAATATTTAACATGTTGCCCCGCTTATATGTGTCAAGGTGTTTACTCATGTTGGACCTATATTCAGATATCCTGAAGTTTCTAGGGACTATTGTCAGAAGAGC,"[[158685061, ""T"", [""C""]]]",yes,no,T->C,1
chr14,85867508,85867837,TTGGACCTCCAAGCTTTTGATATATAACTTTATGGGTGTTGGGCTTTGAAAAGTGAGTAGTATCTGACAGATGTTAGTGGGTAGGACTACAAAGGAGAAATGGTGCCATAGCTCATGAATGAATTTTGTGTTACCACCAGGGGGTGAACTAGCAGAAGGCGTCCATGTGGGACTCCACATTGCACTGACGGGAATGGCCAAAGTGTTTCCGCAGTTGGCTGTTCTCATACTTAAATATAGGTATAGAAACATGGATCATGTTTGTAACAAGAGTACAGTAAACCTTTTTAGCTATTGAAGAATTTGGGTTTTCTGTAGGAAAGGCGAACC,"[[85867669, ""C"", [""T""]], [85867719, ""T"", [""C""]]]",yes,yes,C->T,2
chr3,45319888,45320372,TGAAAATATTTGTTCTGTTTATTTCATTCTGGTCCCACATAACAGACCTGGAGGCAACAATGAGCTCTAGGCTACAGACAGGCTGCCTTGTGGAAGGAGCCAGCTGGTTGCTGAAGGACTGTGGCTGCCTCTCAGATGGACTTGTTTGTCTTACAAAGCCCAGTCCGATTGTCCCCAGTGCAGATGGCAGCTGGCATGAGACCCTAATTGGAAGAGGATCCTGTGACCTCCAAACCATGGAAGAGGATCCTGTGACCTCCAAACCAATTAAATGATTTCTCAGGAGCTGGGAACAGCTGCATGAGGAAAGCGCTTGTGATTGCTTTGAGAAATGGGTGATTTTTTTTTTCTCCCATGGAAGTCGCTTTAGTGATCTTAAAAGGTGTTGGCTGTGGGTGCTATTCAGGTCCAGAAAATTGGTCTCGGGAGAAGGAAGAAAAGTGACATTAGCAACCTGGCTTTTTCAACACAGGCTCTAACGAGGC,"[[45319946, ""G"", [""A""]]]",yes,no,G->A,1
chr17,30146522,30146869,CCCCTCCTAGACTTTATGAGGTAATTTTTTACCCCATTAATGTCCTGTGCCTTATCTGCAGTTTAATTTCTAGATACTTCCTACATTTTGTAGCTATTGTGAGTGGTACCATATTTTCAGGAATATATATATTTTTAAGAGTCTTGCTCTGTCCCCCAGGCTGGAGTACAGTGGCGCAATCTTGGCTCACTGCCACCTCTGCCTCCCGAGTAGCTGGGATTTAGAGGCGTGCAGCACCATGCCCAGCTAATTTTTGTATTTTTAGTAGAGATGGAGTTTTGCCCTGTTGGCCAGGCTGGCCTCAAGCAGTCTGCCCACCTGGGCCTCACAAGGTGTTGGGATTACAGG,N,no,no,N,0
chr15,68396117,68396387,TGAAACAAAACAGATACAAATACCCCAACAGAAACAAAATTCCTGAGAATATACACATGGGAGAATACGTGGTGACCAAATGAGGTTTATCCCAGGAATGCAAGTTGGTTTAATAGTTAAAGAAAATATCAATCCAATCAATCAATCAATCAATCAATCAATCAATGTAATTAACCATATTAACAGAATGAAGGAGAACCTTATGTCAGGTGTTGCAGAAAAATCATCTGATAAAATTCAGCACCTGTTCATAATTTTTAAAAAAACCAAC,"[[68396170, ""T"", [""C""]]]",yes,no,T->C,1
chr13,104903126,104903411,AGCTATTATACATGCACAGTAGAAGGTCCCAAATTAGCTAATGTAATCTGAGACCAGAAACTTGACTGATGAAAAGACAATTGGTTTTATATTTGGAAAGGACGTAGTATCTCTTTCAAAAGATTTTAACAGGAAGTTTAACCTGAAAATTAGGTTTTAAAATACTTAGGAGTTTTGTGTCAAATCTCTATTGCTTTGATGAGAACATGCAAAAATTTATTTAGAGAATTAAAAAGAACAGAGGAGTGAGGAGTAAATTATTTCTCTTTCAGGCCAGTAGTAAACC,"[[104903150, ""A"", [""G""]]]",yes,no,A->G,1
chr16,6852929,6853140,CAACGAGGATGCTGGGACTGTGTTGATGACATCAAGAGACCATGTGAGCCCAGCACCCTATGGATGGACAATCTCACTGGCAGAATTGGAACAGCTGGTCCCAGCTGGCTTATTGCCAGGCAACCCAGAGACAGCCTCTGGTGTTACCCTTTACACAGTTCTATCCCTCCCTCCATATATACTACCTAATGATTGTGTGAACTTGGGAAAGC,"[[6852932, ""G"", [""C""]], [6853080, ""C"", [""T""]], [6853126, ""C"", [""T""]]]",yes,yes,G->C,3
chr4,30006028,30006398,TGAAAATGAGTTTGTATTCTTTTTTTTCTGAAGGAGAAAGATTTTATTGGCACAGACATGTATTATTAACTTGACAGAGTTAAGCAGTAATATTTTTTAAAAAAGTAAAAGCTGGTTCCTCTGAAACTAGTTTCAATGTGGTCAGCAAGTCAGCAGGTCAGAAGCAGATTATAACCACTCAGTTTCGCTTTAAGCCACGACATTAGGAGGCAATCTGTAAAACTAGTATAGTTTCTTCAACTATTACACTTATTCATTCACATGATTGGCTGAGGTGCACAAAAATAAAACTCCTATTAAAAAAGAATCATGCCAGGGACAAGACCAGAGATAGTTTCTGATATTGCAAAGCTCGATAGTTGCAGGGGCCC,"[[30006119, ""T"", [""A""]]]",yes,no,T->A,1
chr11,106316707,106317089,CATTCTTGGGTGTTTCTCGCAGAGGGGGATTTGGCAGGGTCATAGGACAATAGTGGAGGGAAGGTCAGCAGACAAACAAGTGAACAAAGGTCTCTGGCCTTCCTAGGCAGAGGACCCTGCAGCCTTCCTCAGTGTTTGTGTCCCTGGGTACTTGAGATTAGGGAGTGGTGATGATTCTTAATGAGCATGCTGCCTTCAAGCATATGTTTAACAAAGCACATCTTGCACCACCCTTAATCCATTTAACCGTGAGTGGACACAGCACATGTTTCAGAGAGCACAGGGTTGGGGGCAAGGTCACAGATCAACAGGATCCCAAGGCAAAAGAATTTTTCTTAGTACAGAACAAAATGAAAAGTCTCCCATGTCTACTTCTTTCTACA,"[[106316835, ""G"", [""T""]], [106316992, ""C"", [""T""]], [106317007, ""T"", [""C""]]]",yes,yes,C->T,3
chr7,82138673,82138932,CCTGACCTCGTGATCCGCCCGCCTCAGCCTCCCAAAGTGCTGGGATTACAGGCGTGAGCCACCGCACCCGACCTTATAGCATTATTTTTATAAAAAAGCAGAGCTCATCACATGTGCAAAGCAAGACAATCTTCTGAATCCACCTGAGACCCAAACCTAATTACTAGTTTATTGATCCTGCTTGTACCTCTGCAGTTTATACTTAGGAGACGACTTTCAATTTAAAATGTGGATTCTACGAAAAGTTAAAGCACTGAATA,"[[82138738, ""G"", [""A""]], [82138886, ""T"", [""C""]]]",yes,yes,T->C,2
chr16,50073258,50073501,TATTGGGCTGGGGAACCACTGGGGACCCTCAGCTCAGTGGCAGGAGGCAGAAGTCAGAGCATAGGCAACTCAGCAGAATTCTGGGTGGGAGTGGAGAAACAATTGAGGGAGAGCATTTCTTTTCTACCGATCATTACTGCGGGCATCCAGCTGTCCCTTTGTGGAACTGCATTTCTCCTGGGGAGGAAGAAGTGTATTCCCCTGACTGCTGTTTCTCTTGACTCTAATGGATATTTTTAAGAGA,"[[50073472, ""T"", [""C""]]]",yes,no,T->C,1
chr18,6039114,6039415,GTCTACAAGCCCAGAGAAGAGGCCCCAGAATCAAACCTACCCTCCCCAAACTGTGATCTTGACCTTCTAGCCTCCACAACTGTGAAAAGTAAATTTCTGTTGATAAAGCCACCCAGACTGTGGTATTCTGTCTTGGCAGCCTGAGCTGACTAATACAGTTGCTATCTAGGATTGCCTGTGATTAAAACACTGAAGGAAAAATAAGAAAATTTTCTCTGCTTTTAAAAAGAAAATACGCTGCTCCACCCACATTTTAATGCTAGAGTCGGCTCTTTATCTTCCCACATATTCTCTAAGGACTA,"[[6039125, ""A"", [""C""]]]",yes,no,A->C,1
chr3,170790621,170791069,GGTTCTTGCTATGAAAATGCTTCCATATCCATCTCTCTTTGACCTATTATCATAGTTAATGAAGCACATTTTCCTAAAACAATGAGTTGCTTCCAGGGAAATTCACAGGGCTCTTTGTAAGCTCTATTTATGCCTTCAAAATCCCAGGGTAGCATTTAGTAATTTTCTGCATCAGGACACTAAATGGAAACTTAGAAGAATCAGTAAAACTATAAACAGATGTTCTTCCTTTGTCATTTTTTTTTAAGGCATAGCCAAAGTAAGCTAGCTCCTCAATAAAAAGTTTAGCTGTAAACACTACAGCTAGAGATTAATTCAGCCCATAAAGTATGTGAATCATAGTTACTGTCATCATTCATATTTAATAATAGCATAAGTGAGTCTTAAAGACGCTAATTAAATTAGAAATAACTATTTTGATCCACTATAATGTTATGTGTAAGTTCTCA,"[[170790623, ""C"", [""T""]]]",yes,no,C->T,1
chr12,96861644,96862012,TACTTTGGAGAATTACCTTAAATTCTGTAAGCTTTTATTTCTTCATCTGTAAAATGGGGATGTTGGTATCTATCTCATAGGATTGCTGTGTGTATTAATTAGGTGAGTTGAATTAATAAGGTGCTTAGCACAATGCCTGATGTAATAATAGAGTGCTGGGAGCATTGTTTCCCTGCCAAATTGGAAAAGGACCGTGCATTTCTGACTCATTTTGTCTAGTGTCTAAAAATGCCACATGTGAATACTTCCCAGATGCTAGTCAGTGAATGAATACTCATGGTTTAAAAAAATAACAACACAAATGTGTTTTTCTAAAGCTAAATTGGTTTAATGTATCATCCTCTATTCTGAATTTCCTACTAGTATTAA,"[[96861659, ""A"", [""C""]]]",yes,no,A->C,1
chr2,233191037,233191388,GGGAAAGGGTCTGTATTAGTCTGTTCTCATGTTGCTGTAAGGACATACTTAAGACGGGTAATTTATAAAGGAAAGAGGTGTAATTGACTCACAGTTCTGCAGGGCTGGGGAGGCCTCAGGAAACTTACAATCATGGCAGAAGAGGAAGCAAACACATCCTTTTCACATGATGGCAGGAAGGAGAAGTGGGTGCCCATTGATAGGGGAAGCTCCTTATAAAACCATCAGATCTCTTGAGAACTCACTCACCATCACCATCACTATCACTATTGAGAAAAGGATGGGGGAAACCACCCCCATGATTCAATTATCTCCACCTGGTCCCTCCAATGACACATGGGGATTGTGGGAA,N,no,no,N,0
chr12,5462083,5462301,ACTGTGCTGCCATTCTCACATCTTTTCCTACAGTAGGCATCACTAATCAATTACAACATTCTTTTCCAATGTCATGCCTTTGCCTACAGCAGACATCACTAATCAATCACAGCACTCTCTCTCATTGAGTTTCAAAGGTTTTTTAATCCTCCACATAGGTCTCTAAGTAGCTATATACCAATTACTTTGATTTAGAACTTGGATTACCAATTTGCCATC,"[[5462151, ""C"", [""A""]]]",yes,no,C->A,1
chr2,1091898,1092233,TACTTCAGATGGCAAATCCAGGCTCCCTCAGCCTATTTAGGAAATTTTATTTGAGTGAATTACTTTTAAAAAGTGGAGAGAGATTCAATGCCCCATTCTGAAAAATGCCTTATAGAGTGTTTGCTAAAGCAAAGGGAATGTCCAACTCTGTGGAAGAAACAATGCCTCCTGACTCAACAGCCCCCTCACATAGCCCCAGGGCGAAGTCTGTTAGCACATTGTTTTCTGAAATAAAACTCTATGAGTATTTTTGAAAGTATCTTTCATGTGTGGGTGTGAAATAGAATACTTCAGAATTGTTTTTCTATAAATTTCTAATTTTTAAAATTTAACTTT,N,no,no,N,0
chr11,23807943,23808372,GCCACATGATAATTTCCATCAGTATTTCTACACTTGTCAGTTTGAATTCTAATATGAATAGGGCTGTTTCTTTACCTCATTTATTTATCCATTTATTTATGTCATATAGTCTTACTAATGTTTATTTTAGTTAATGACTTTTAATCTATTACTATACTTATTTATTTAGTTCCAGTTGTCCCAGATTTGAACCCTGGCTTCTGTGTAATTTCAACATGACTTCATCATTTTTAAAGCACTTTCTTACCTTCTGGCACCACAAGATATTTAAGACTCATATTGTATTTGCCCTGCCCCACTCCTGGAATCTGCCTATTTCTCCCAGGAGTTCTCATTTCTGTTATGTAATAGTGACACTAACAAGCGAACGCTGTAAGTGCCATCATGGCTACCCAGGTGTCACTTTTTCTGAATCCCCTCACTGGACATA,"[[23808052, ""A"", [""T""]]]",yes,no,A->T,1
chr1,174397247,174397574,TGGAGTTCTAGCTGTGATTTACTTTCTGCCAGTGAAGATTGCGGGGAGGCAAAAGCCATATTTTCTCTGGCAGTGTGGTTGGCAGATACCTGGGCTTCACCAGTTGTGAGGTTTTTGCATCTGCCTCTGGGCATTTCATTCTCAATCACTTGCCTTCTCTCTGGGGTTACTGTTTCCTGTGGTTTCCTATCCTGAGTGGCCACAGCAGCCTTCTCATTCTCTGGACTGTAGCTGTGGTGACACACCTAAAGAGCTGGAAGGGCAAAAGACTGCTACAGCAGGATGTTCAGTCTTCAGTCTTTTGCCCTTTCAGCTCTTTCAGTGTTTA,"[[174397404, ""A"", [""T""]], [174397461, ""G"", [""C""]]]",yes,yes,A->T,2
chr14,30058415,30058632,CTCTCAAATCCCTAAAATTATTTCTTTAGCAAGAGGCAAATCATTGATTTCCATTATGTTTTTGTACTTGCCTAGGTAGAGTTTATTTCCTTCTTGTTGTTAGTAAGAGAATGACTCAAAAGCAGCTCATGTCACTTATCTCCTGGCTCAGTATTCATTTGCAATTTCTGTGATGTGGACAAGAGAATGCTGACTAATTTAAAAACATAGAATATATA,N,no,no,N,0
chr9,116957442,116957786,TAATCTATACATTTCTTCAAGTGTTCCACTAATGTTTTTACAGCAAGAGAAAGTCCCAGCCCATGTGTTGCACTCAGTTGTCATGGTCTCTTGGGATCTTTGAATTTGGACAGCTTTCAGCCTGCTTTGCTTTTATAAGCTTGATGTTCCCAAGGATATAGGTCAGTTATTTTGTACGGTGCCTCTCAATCTGGGTCTGTTTCATGTTTCCTCATGATTAGATTCAGATTATGTTTTTGTTTTTGTTTTTGAGACGGAGTCTCGCTCTGTTGCTCTGTCACCAGGCTAGAGTGCAGTGGTGTGATTTCGGCTCACTGCAACCTCCGCCTCCCAGGTTGAAGCGAT,N,no,no,N,0
chr21,22679147,22679399,GTCACGCTTTCTCTTTGCCCTCGCTGGTGGAAGGCAGCCGCCTCATGTGAAAAGGCAGAGGGCCCACTGATCTGTTAACATGTAAGCCATCTGCAGACAGCAGAGCTAAAAGCAGTGTAACACTCCCTCTGGGACTTCAGGGGTCACAGGCACCACCCCAGATGCTGCCGTGGGGCCTGCATAGAGTTTGCTCCTGCCAGCACCTAAAAGTGCTCACCCTGGCTCCTGCACCCACTCACCTGCATGCTCCCCG,"[[22679192, ""C"", [""T""]], [22679210, ""T"", [""C""]], [22679211, ""T"", [""C""]], [22679244, ""G"", [""C""]], [22679337, ""T"", [""C""]], [22679373, ""C"", [""T""]]]",yes,yes,T->C,6
chr5,171745660,171745989,AACGCAAGTTATAAGAGCCACCAATATTTCAAAAACAATTTCACATCTGCACTGAAACTCCTCTACTTACAAACATTCACAGATAAGAACAAAGCCATGCACTAAAGGAAAAGTAGGCCAGCTCCGCCTGCTTCCCCACAGATGGTGAGCAGCAGTCATGCGCATCCATTTTAGTCTTGGCCATCACGTTAGTCATTAGTGTTGGCCCATGAGCTGTTTAAAGAAGTGTCTTCTTACCATGAAAAGAAGAAAGTCAAAGTAAAAACATCTTTGGATACATTTCTGAATCGCTGAAAAGCACCAAGTAGAGCCAGAATCAATGCCAGCACA,"[[171745663, ""A"", [""G""]]]",yes,no,A->G,1
chr1,114063694,114063906,CAGTTGCAAACTCCTGGAATAGATTCCTCATTGTCTTCCTATCAGCTTCAGCATCTCCTGTCTCAAATGTCACTACTCATAGCACATTTTTCTTTAGAACATGCTCATTCTTGTGATTTCTTTTCTGACAGAGATAGATACCTGCTGCCCAGCTGTGTTGCTTATGGATTTCCCCAATAGGAGTCAGTACTAGACACTTGCCAACAGGCAAGT,N,no,no,N,0
chr5,142593676,142594074,AGATAAGTGAGTAGCTTATACATTGTATCCTATCACTATCATTCTCAGTGCCTGAATACTAATCAGTTTAACTGCTTTCAAGCTATATATTTTTAAATGCAATTAAAACATACAGTCTCACAGTAAATTTCAATGACTTATTAAAGGCCTTTACATGGCATCAGTATCATATGTTAGAGATGAATGGTGTTTCTAATTTGCTAGCCACCTGGGTCAAGTTTAAGCAGGAAGTGTATTTATACAAGTAATGGTAATACAAATGGTCTCCTGGGAAAAGCTGTTGGTAAGGGTTTAACATTTTTGAAGTATGTTTTTGTATATCTTCGAAATGGGCATTTTATAGGCATTGGGCCAAAGCCTCTTAAAATCATGCTCCTTAGTACAGGCATAACTATTGTC,"[[142593709, ""T"", [""C""]]]",yes,no,T->C,1
chr7,123494111,123494600,TAGCACCTTTTTTTCCAAGTAATAGCCCTAGTGACAATTCAGAACGATAAAAGAGATCACCCTCAACATACTGCTATAAAAAGACATGAAAATCAAATATTATTGCCTGGAGATAGCCTCCTCTTTGACATATTACCTTATACAGCTAAGTTTATTTTCTTAAATTAATATCATTTTGCTTTTATTACTGAAGAACAGACTACCTCGAGGAAAAGTTAAGTTTCATATTATGAATTATAGCTCAAAGTATACAATTATCATTATGAGCCACAAGAGGGCAGCAGCTCCAAGGAATGGAGTTATGAATATGAAATGAAGAAAATTACAGAAGAGCAATATAAATTATTGAGCTTGTAAACCACAGATTTTTTAACAGAACTTAAAAATTATTATTCCAAGGCTTTTAATTTGGAATTTTAGAACTAGAAAAACCCGAAAGATGTCTCTTTTATATAAGAAACTTCATGGATTTCATTTTCCTCCATATATA,"[[123494134, ""G"", [""A""]]]",yes,no,G->A,1
chr7,140765921,140766259,ACCATTTGACCCAGCCATCCCATTACTGGGTATACACCCAAAGGATTATAAATCATGCTGCTATAAAGACACATGCACACGTATGTTTATTGCGGCACTATTCACAATAGCAAAGACTTGGAACCAACCCAAATGTCCAACAATGATAGACTGGATTAAGAAAATGTGGCACATATACACCATGCAGCCATAAAAAATGATGAGTTCATGTCCTTTGTAGGGACATGGATGAAATTGGAAATCATCATTCTCAGTAAACTATCGCAAGGACAAAAAACCAAACACCGCATGTTCTCACTCATAGATGGGAATTGAACAATGAGAACACATGGACACAGG,N,no,no,N,0
chr11,9496198,9496543,ACAACAAAATCATTTAGCAGTATGGGAAAAAGTAGTTCTGTGTTGCAACCATCTTCCTGAGGAATACGTAAAGGAAATAGAATCATGCCTGCATTTTAATCACAGGTCCATGAGAGGTCACACACAGGAGATCGGCCTTATCAGTGTGAGCATGCAGGCTGTGGGAAGGCATTTGCAACAGGTAAAAGTATGAATTTTGTTTTTTTCTTGGTTCCAATTAGGGGTCAAGTAGAGACAGGCTAGTGGAAGGAACTGACCCCTTGGCTGTGTCTGAATCTGCAGAAGCACATGATCAGTTTTTCAGTCTCTCTCATAACTGCCTTTCGTCCTGCTTGCTCCAGACCCC,"[[9496219, ""G"", [""A""]]]",yes,no,G->A,1
chr3,196063441,196063882,AGGTTACATGTATCACACTGCCCTCCATCCCTCCCACTTCCCTCACTGTATCTTTTTCTCCATTAATGTACTCTGTATTAAAGTTAAGCACTGCAGTTTGCCCTAAGACCCAAAGATTCAAGAATGTGACGTGATTTTGAATGTGTGGGTGGGTAGGAGTGTGAAAGAGTGGAAAGTAGGACAGAAAGGCTCAAAAATAAACAAAAGAGGCAGGGCACGGTGGCTCACTAGCAGCATTTTGGGAGGCTGAGGCGGGTGAATCACTTGAGGTCAGGAGACTAGCCTGGCCAACATGGCGAAACCCTGTCTCTAGTAAAAATACAAAAATTGGCCGGGTGTGGTTGTGGGTGCCTGTAATCCCAGCTACTCAGGAGGCTGAAGCAGGAGAATTGCTTGAAGTCGGGAGGCAGAGGTTGCAGTGAGCTAAGTGAGATCACACCAC,"[[196063531, ""T"", [""C""]], [196063820, ""G"", [""A""]]]",yes,yes,T->C,2
chr10,2759105,2759457,TAAGTTCTCCCATCCAAAGCAAATATTTCCACACAGAGGAAATGTGTGTGTGCAAAAAGAATAGAGATGAAACTAGCATGGCTCTGTAGCAATTTCCTGGGTAAACAGAGCAAAAATGATAGTGTGGTCCTCAGGTTTTTTGTTTGGTTCCCCTACAACATTGTCAGTAATATTTGAGTAAGTCCCATAAAAGGAATATCAGCTGAGGAATCTCTTTCACCCAAGCTAGGGACGTCATCTTAATCAGCTAATCACAGGACAGAAAGTCCACCTCACTCATATAGAAAAAGGAAGACCAGGCGGTTTTCTTCATGCTGTTCTTGTGGTAGTGAATAAGTCTCACAAGTTCTGAC,N,no,no,N,0
chr12,6033641,6034001,CATGCCCTGTGTCCCCAGCACACTGCCTGCCTCTGTGGGCCAGCCCGGGTGTGAGGTGGGGACTGAGGAGGCTGCTGTTGGCTCCGCCCCATGCCCAGCATGCTCTACACGAGTGGTCGGTCCACAGTCACCCACGCTGCCTGACTCACCAGCTCCTGCAACTCAGCCTCTGGGGCTGGGGCTCCTATGGGTTTGTGGTCTTCCATTCAGACCACACCAAGCTCCCGCCCCTCCTCCTCCTGGGAATGGAGACAGAGGGACCATATTTGTTCAAAGCTTCACAGAGTACAGTGCCTCAGCTCTGGTGAGAAAAGCACTCATACTTCCTTGCTTACACAGTTGATGTCAACCAGAAAGAGAA,"[[6033675, ""C"", [""G""]]]",yes,no,C->G,1
chr2,53941864,53942122,TCACATACGACCCTGCTATACCAATATACTTTCGCATAATGTCATAAACGATTCTAGAAAGCAAGTCATAAAAGGCTGCAAAGCTACATGTTTTCTTCAGTTCCCTTCACGCTTCAGAAGAATAGGAAGTTAATTATAACACTTGATAGAGTCACTTCACTTATTAGAGGATTAGGGTATGTGGGAATGCAATTTAGTTACTCTAAATAAAGTCAATTTCAACCCCTTCTTAAATATAAGGCCTGTACCATTGGATTTA,"[[53941876, ""T"", [""C""]]]",yes,no,T->C,1
chr1,107525889,107526352,GCTGTAACAATGAGGAACACATAAATCAACATTTTTCTGAATTCCATCTGCCAAGCCTGGCAACACCCAAAGCCACTCACAGATGACTGAAGGATATTTCTGGTCTCATTGCCCTTCATCAGTACGATGGGAAGCAGACATTGTTCACCACCGCATCCTTAATGAAGTATAGAGATTAAATCCAAACACACAGTCATATAAAACCCCTTTAGCTTCAATGACTAAATCACCTCTTTTCTTTGTTCTAGAAAGGCCATGTTTGCTATAGATGTTAGGCAGTGAGCTCAGGTTTACATTTCAGTTTTGTTTGTTTTCACAGCCCCCAAGCCCTAATCATTTTCTACCATACCCATACTACCACATTTCTCTGTTGTCATTACACTGAGCTAAATTAATTTACCTCCCTGTCCAAATTGTAAGCCTACAGAGTTAGAATCTACCCAGGAAAATATGACCAAGTAGAG,"[[107525904, ""G"", [""A""]]]",yes,no,G->A,1
chr1,148585423,148585912,TGGCCAAATATTGAAAAGACCTTTTGCTTCCCATATCACTGGAGGCTTGTGCAGCCTCTCTCTGGACGTTGGCAGCTGTCTCCCCCATCCTGCCAGATCTGATTCCCAGGCACAGGCTTGGTGTCCTGTCACGGTTTGCATTTCAAACCTCATTCTTTCTCTTAGAAGCAGACAAACTTGTCCCACAGTCCTCTATGCATCAGAAGATTTCAAGCCTCCAAGTGGCTTCTGCTGTATTCTTCAGGGACATTCTATCCATGGGGAGTGCTCCAGTCTGAAGCACTTCCTACCACAAAACGCCCCCACATAAAGTGCCTTCTCCAACATCACACGGCAAGGGCCTTCATCTCATTTTGGAAAGCAGTTGTAAGTGTTCCCACATTTGAATGCTTCAGACCCTTGCAAGAGACAATTTGTCTGCCACGGAGAGAGAGAAACTCAGGAAGGACAAGTCATTCACTCTCTGACAGTTACTAAGAACATTGCCGAA,N,no,no,N,0
chr15,32350009,32350265,ATGCCCCAATGTCCTGTGTCGTCCTCCTGCTGTGCACTGGCCGCAGGCTCCAGGAGTTTGCATGCTCTGGTCTTCATCATGGGACCTGGAGAAAGGAAGAGCTCAGCCACAAAGGCCAAAGGCCAAGCAAGCATGAGTCTGAGAGGAGTGTGGCTGACAAAAGGCTCCTGATGATGAAGGAACACGAGCCAGCGGCATGGCATCCCTCCATTCAAGGTTAGTCATGAGGAAAGGCTGTGAGATGCTGCCTTGGAGAA,N,no,no,N,0
chr3,184486670,184487010,CTGAGAAACCTCCACACTGCTTTCCACAGTGGCTGAACTAATTTACATTCCCACCAGCAGAGTATAAGCATTCCCTGTTCTCTGCAGCTTTGCTGGCATCTGTTGTTTTTTGATTTTTTAACAAGCCATTTAATAATTGCCATCTGGTGTGAGATGGTATCTCATTGTGGTTTTGACTTGCATTTCTCTGATGATCAGGGATGCAGAGCATTATTTCACATGCTTGTTGGCTGCTTGTATGTCCTCTTTTGAGAAGGGTCTGTTCATGTCTTTTGCCCACTTTTTAATGGGGTTTATTTTTTATTTGTTGAACCATTTAAGTTCCTTATAGATTCCCTCCC,N,no,no,N,0
chr3,23870844,23871139,CCCTGGGTACTTGAGATTAGGGAGTGGTGATGATTCTTAACGAGCATGCTGCCTTCAAGCATCTGTTTAACAAAGCACATCTTGCACCGCCCTTAATCCATTTAACCCTGAGTGGACACAGCACATGTTTCAGAGGGCACAGGGTTGGGGGTAAGGTCACAGATCAACAGGATCCCAAGGCAGAAGAATTTTTCTTAGTACAGAACAAAATGAAAAGTGTCCCATGTCTACCTCTTTCTACACAGACACGGCAACCATCCGATTTCTCAATCTTTTCCCCGCCTTTCCCCTCTTTC,N,no,no,N,0
chr5,100516268,100516623,AATTAAATTAGGATCACTTTTGGTTTGTGTTACTACTTGAGATATTTGAAGACATTTAAAAATACTCCAAAATTGTAGTTGTCATCTAAGAGCAATGAATGAAAAATGAAAGTAACTTTTTGAAACTCTCTGTAGAAGATGGCAGATTGTAGGCATAGTTAGAATGCATCACTCACTTGGAAAGACAAAATAGCATGTAGAGATTCACACTGAAAACTTTTTCCCATGAAGCAACACAAGAACTTAACAGAAAAGTTTCATTTAAAACCACAGACCCTTTGAAAGCAGTGGCAGGCAGCAGCCTACACCACTAACTAAGATGGCAAACTGAGTCTCCAGAGCATAATATTAGGGAG,"[[100516284, ""T"", [""C""]]]",yes,no,T->C,1
chr11,111443764,111444113,GGCAACAGGACGAGGACCTGGGTGCAACAAGTGTACGGCAGCAATCAGAAAGCGTGGTCTTTAGGTATGGGCATAGATGAAGCAGGAAGCCTCACTTAGAAGCCTCCAGCTCGAGGACGCTTAGCAACACAGGTGAGTATTTAAAACAGTGCAGAGTGGGGAGTAAGAAACCAGGGTGAGACAGCACAACCACCTCTGCAAGCATTTAAAACGGACATGTGCCTAAACGATGCCTGCTTTGCAGGAACTCACAGACACACATTTGGTTTAACAGAATTATTTTTTATGGGGAGATGGAAATAAGAATAAATGGAGAAAAATAAATGAACAAAATAGGAGAAGTTTCCTGC,"[[111443799, ""G"", [""C""]]]",yes,no,G->C,1
chr3,6644034,6644399,TAGAAAAATTAGGACAATCTACTGTAATACAAGTTATGTGAATGTGGTCTCTCTCTGTTTCTCTCTTTCTCAAAATATCTTAATATTTTTGAACTGCAATTGACCACAGGTAACTGACACCATGAAAAAGCAAAACCACAATAAGAATGGACTACCGTATTTCTAAACTAGACTTAACACACTGCAAGACGCTCACACTGACAGAGGCTCCCAGAAACATACCCACTGTAGGCACAGCTAATTCATGTCCCCCTGTTCACTGTTCATGACCCTTCGGGTTATATTCATTTCAGGAAAGGGAAGAGAGAGTCACTCAAGACACTAATATTGTTTCTCTTCTTCTCTTTTTGATTCCCCAGATGTCTA,N,no,no,N,0
chr1,185139362,185139564,GGTACCTTGCCACTGCAGCTACAACAATTCTGGCTGCTAGTTCCTTGTAATATTCAGTTCGGACAATGTTACATCCGTAGTGACGCCGGGCAACATGCTGTGCCTTGGCATATAAAGAACTGATATCTGTAGAAGTCACTGACACTATGCCAAGGTTTCTTATATTTCTGAATGCAGAATCTAGATAATTCACTGATGTTCCA,N,no,no,N,0
chr18,4994002,4994328,TCTTTTGTGAATGATGATTTCTCCAGAACTAGGTAGATATAAGAGTGTTAATCCCTCCAGAGCAAACTTCAGCCATTGGAAGATGGGAGTCGGAGGGTAAGTGGAAGCCTCTCTGTCCCCAGAGAGATAACTGTGAGCCATGCTCCATATGGTGTCTCAGAACATCCCAAATAGGATTAAGCTCCAGTTGCCTAAAGCAAAATCAGTTCATTACACACAATTTATTGGCATTTTTTTCTTTCCTTGTCTCTCTTTCTCATTTGTGCTTCCTGGAATCACTTCCCAAATCAACTGCTTGCGGTTATATTCTTGCCTAGAAGCAAGTGG,"[[4994016, ""C"", [""T""]]]",yes,no,C->T,1
chr17,67566688,67567038,CTGATTTGGGTTTGTTTGAAGCAAGGCACGTCTATCATATGACAGATTCACACACACATATTTTCTCTGCTGTTAGTGGCCACAGCACATACTGAGAAGCAAAGCCTGTGCTTTCAACCTCTGCTTCCCTGGAAGCACTTCCATGATTTCCTGATACTTAAGAATCAGCATGAGATCACAAGCATGCATGTCAGAGCTAGACAGCCTGGCTTGAATCCCATCTCCTCTATGCATTTGTTGTGTGACTTACAGCACACTGTTGGACCTTTCCGTGCCTTTGTTTCTTCATCTGTAAAATGGGGATGTATGAGGGTTAATGAGTTAATAGATGAACTAATATATATCAAATAC,N,no,no,N,0
chr8,79350954,79351308,TCTAAGTATTTCATCTTTCATGATGATTTCTTTAACTCAAGCCAAGAGAATTGGACCAAGTTATTAAGAATACAAAAATGAGTTTTTCATTTCTCACTTCCTAAGCTCAGCTTTAAACACCTTTAGTGTGAGATACTTACAGAAGTTAAGTACAGTAATGTGTCACTTAACAATAGAGAATCCTCTTGAGAAATGTGTTGTTAGGTGACTTCATCATTGCGCAAACATTACAGAGTGTACTTACATAGACCTAGATGGTGTAACCTATTACACACCTAGGCTATATTGTCTAGCCTACTGTTCCTGGCTACAAACCTGGGCAGCACGTTACTGGACTGAATACTGCAGCCACCTA,"[[79351026, ""T"", [""C""]]]",yes,no,T->C,1
chr19,10043308,10043680,TGGTGGCTGATTCCATATGGATTGATGTGAATGACAGACGCATAGGGATGGTAAGCCAAACTCCTTGTAGTTGTGCATCACCATCATAAAGCCCCAGAAAGGGGCTGTACAAGTTTAGGCATTCCCAAACTAGAAGCCAGGGAAGAGAAGGAGAATATGTGGCCTTAAGAGCTCAACACAAGGTGTGGCGGTGATGCAAGTAAATAAATATACGGAGTTGGGATTAGCCTAGTGGAGTTCCCAGATGCTCCACCAGAGCAGTAGGGAACGTAAGCCTGAAAGTGTAGTTGTGTGGTCTATGATTCCCTTTTTCTGACATCTCTCTTTTTCTTGGCTCAGCTGAAAGTTGGCTTGAAGAATGATAGATTCTTCC,"[[10043346, ""T"", [""C""]]]",yes,no,T->C,1
chr22,36597643,36597947,TTCTTGATTGCCCTTAGCTGGGAAGACTCTTTCCTCTCCTACGCTCCTATGCAGTGCTTTTCAGCATTTTAATGGGCATGGGAAGCCCCTGGGGATCACGTTAAGCCAGGTTCAGATTCGGTGACTCTCAGTGGCCTGAGACTCTGTATTTCTCATGAGCTTGCAGGAAGTGCCCACGCTGCCAGGCCCCAGTGGCGGGGGCCACACTTTGGGTTGGGTAGCGAGGCTGTCAAGCACCTTTTAGCTGCTTTGGTCATATTCTCTTTGTGTATTGTTGTTTGGGAACAAAGAGCTGCAAGTCTGTA,N,no,no,N,0
chr8,94995196,94995419,TGCTAAGTGATAAAAATTCATAAAAGGACAAATACTGTGGCTCCACTCATATGAGGTATCTAAAGGAGTTAAAATGATAGAAACAGAAAGTAGAGAGGTAGTTGCTAAAGGCTGGGAGGAAGGAGGGGCAATTAGTGTTTAATGGGCATACAGTTTCAGTTTTGCAAAATGAAAAAATTCTAAAAATCTCTTGCACAATAACATTCATATACTTAACATTCCTG,N,no,no,N,0
chr12,62007119,62007349,TGCTCCAGCCACACTGACTGCTTCCTATTCCTGGAGCATGCTGAGCATGTCATCTCCCAGGGGCTTTTGCATTTTCTGACCCCTATGATTGTAATGTTCTTTACACACATAGACACACAGCCTCGTCTTACAGCTCATTTAGGGCATAAATGTTCCAACATCAAAAAGACCTTCCTTTATTACCCTATACGAAATCACCACATCCTCTTACCCTGATCTTCATTATATATA,"[[62007137, ""C"", [""T""]], [62007342, ""A"", [""T""]]]",yes,yes,C->T,2
chr4,94383056,94383339,TACAGGATTTGGGTAAAGGAAAATTACAGTCAAAGGGGATTTGTTCTCTGGCGGGCAGGAGTGGGGATTGAAAGGTTCTCAGTAGGGGAGCTTTTGAGCCAGGATGAGCCAGGAGAAGGAATTTCACAAGACAGTGTCATCAGTTAAGGCAGGAACAGGCCATTTTCACTTCTTTTGTGATTCTTCAGTTACTTCAGGCCATCTGGGCATATAGGTGCAAGTCACTGGGGATGCGATGGCTTGGCTTGGGCTCAGAGGCCTGACATTCCTGCCTTCTTATATTA,"[[94383058, ""T"", [""C""]]]",yes,no,T->C,1
chr16,86794413,86794877,GGAGCTCTGGCCTGAGTACCCAGAGCATGACCTAGAGGTGAAGGTGCAGGTCCAGATGGGCGGTCTCCTCGTATTTGGCTCCTGGCTTCCCCGTGACCTGTAGCACCATGACATGGTGAACGGCTTCCATGTTGTCTGCCTGGCACACCCTTCATGCTCTCGTCATGGGTGGAATCCCGATCTGTCTCTCATCGCTGACCACAAGGGCATAGCAGTCTTTTCGGTCTGGGCTGCCTTTTCATTCTTGACTATTTCAGTCCTAGCACACTGACTTTCCCTGCCCCCCACCTAAGCCTTTAAGCCTGAGTCAGAATGACTTTTGCTATTCTTCTCAAATCGGTCTCATTCTTCTGTCTCCACTTGTCTAACTACCTCTTACTCTACCGAAAGGCCTCTTAGTTCCTCTGAGTTAGGGTTTCCATTTCCTAATGTTTTTAAGTTCAGGACTTATTCTATGTCATGAAA,"[[86794427, ""G"", [""A""]]]",yes,no,G->A,1
chr18,6763532,6763815,CAGACTAGTCTTGTTACTGTGTCATAGCAGTCATCCTACTTTACTGCAGACACTTGTTTAATTTTCTTCTCTGCTAGTCTCAAAACTCCGGGAGCACAAAGCCTACGTCTGGAATTTTTTTCACTGACCTATCAGCCAGTGTCCAGCACAGTGTGTGTCCCACAAATATGTGCTGGGTGCTCCCAGCTCCAGTGCTGAGACAAGTGAGCTGCCAGTAGTCTCGCCTGGCCCATAGATGGGGAAGGAGAACAGCAATGCTCTTTAGGTAGGGAGGATACAGGAGC,"[[6763540, ""C"", [""T""]]]",yes,no,C->T,1
chr9,91558975,91559231,TTCCCATCAGAAACAGAGGAGGATTCCAATTCACGGATCTTGTTAACACTGTTATTGTCTGTCTTTTTTATTGTAGCCATCTAGTGGGTAAGAAATGGTATCTCATTGTTATTTTGATTTGCGTTTCCCTAAGGACTAAAAATGTTGAGCAACTTTTCATGTGTTTATCAGTCATTTGCATATTTCTTTGGAGAAATATCTGCTGAAGTCATTTGTACTTTTGAACATTGGGTTGTCTTTTTATTATTAAGTTGTAA,"[[91559009, ""C"", [""G""]], [91559223, ""G"", [""A""]]]",yes,yes,G->A,2
chr11,74912325,74912612,TGGCGCTAAGATTTGAAAAAAGAAGGAAATCCAAAGGGGTTCATGCAACACTTTTCCCCTAGGACTGTCTGCTGACTCCAGAAGTGGCTGAGAGGCTGAGAAGTTGAGCAGAGATTCTGACAACCCTGCTGGGCCAGGGGCGAAAATTGGAATCCAAGGCATGCCACAGAATAGAAGCCTGACTACTCATGCTCTAAGTTAGGTCATTAGAAAACCAAACCCTCGGAGGACGTATACACTAGAAATAGTATGGACGTTGCAGAGACTGAAGACTAGCTTCAAATAATT,N,no,no,N,0
chr9,122984275,122984691,TACTTTTTCATGAAAAACTATGTAATTGAGAGAGCAGCTGCACCCTTATTTGTTGCAGTTCTTGATTTATTCTATTTTTAAAAAAAACATTCAGAAGATATCTTTGTATCAAAAGAAATGCTAATGATTTTCTTTAGAATGTGAACCCATTTTAATCAATACTGGCCAATCTTTGTCACTTTGCTGATTGCATGTATTTGTGACCCTTAGATTGTAGGGAATGGAAGTGAACAGCAGCTGCAAAAAGAGCTAGCAGATGTACTGATGGATCCTCCAATGGACGACCAGCCAGGGGAAAAGGAGCTTGTGAAAAGGTCACAACTGGATGGTGAAGGAGATGGGCCTCTTTCTAATCAGCTCTCCGCTTCATCCACCATTAACCCTGTGCCATTAGTAGGGCTCCAAAAACCAGAGATG,"[[122984333, ""A"", [""T""]]]",yes,no,A->T,1
chr16,17939908,17940120,TGGCTCTTCTGCAGGCTTCAACCGCAGCAGCTCCATCTGACATGCTTTAAATATTTCAGTTTTGCATATGTCATGTGATACATTCGGACATTTTCTATTTTCTTTCTTTTTTGAGACAGGGTCTCACTCTGGTCACCCAGGCTGGAGTGCAGTGGTACAATCATAGCTCACTGCAGCCTCAGTTTCCTGGGACTTAAGTGATTCTCCCATCTC,N,no,no,N,0
chr3,76152076,76152354,TAACTTCTTTGGTGGCCAGTGTTGTTGGTAAAGGCCATGTGCGGTGTTTAGCAACATCCTTAATGCACTTCCAGGTTTATGATGCCCCAGGGCTGAACTGAGGGAGCTAAGCCATCAAGCTATCTCCCTAGTGATAGGTCCTGCACTTTGACCCTCTCTGGGTAAATGGCAGCTGCATTCATTTCATTAACTTGTGGGTTATAAGTTAATTTAGGGGGAAAATGCTATTATAGATTTGGATGAGTTCCATTAAACTCCATTAAAACTTTGACTGTAGGA,"[[76152151, ""G"", [""T""]], [76152193, ""G"", [""A""]]]",yes,yes,G->A,2
chr16,89184301,89184725,GCTGTCCCAGGGGGAAGTCACAGCCAGCCAGGAGCTGCTCCCCAGGGTGGCCCAAAGCCCGTCCTTCCCACCCCACCTCGGTGGCTAAGTCCACCTGAGCTGCCAGAGGGGTCAGGCCTAAATCTCAGGAGAGGGAAATGGGGGGAGGTGAAACCTGGTCCTGCCATATGTGGTCCCTCTAGCGGCACCTTCGTGAGTACCGCTTCCCACAGCAGGTGGGGCGGGGGCTCTGGCCTACACAGTCACAGTGCGCGTCCTCTGCTCGGCTGTCGTGTGTCCTGCACCCAGCCTGCCCGCGCATCCTCTGTTTTATCCTGCCCTTGCATCCTCTGTCTTATCCTGTCCGTGCGTCCTCTGTTTTATCCTTCCCCTGCGTCCTCTGCCCAGCCTGCCCGTGCGTCCTCTGTCTTATCCTGCCCGTGTGT,"[[89184309, ""G"", [""A""]]]",yes,no,G->A,1
chr4,110787142,110787461,GGTAATTTAATTTGTTAAATTAAATAATTAGATTTATTCCTCATGTTGCCTTGGGGTGATGAGGAGGACTTAAGGACATGGAGAAAAAAGGGCACAGTAAATTTTGGTGGTTATTTTTAAGTCTGATTAATGATGTTTTAACTGCAGGTCATAGATTTAGCCGATGGACTTTCGCAATTCAGGAAAACTGTCAGAGAAGACTCATTCTCACTGAAGGTTCATTTAGGTTGTCAGTAGCAAAGAAAAAGATATTGTACGAAGCTGCCTTGGAGGCACTCGCATAAAAATTATGTTACCATTTATCTATAGTTGCATTGAGT,"[[110787210, ""G"", [""C""]]]",yes,no,G->C,1
chr13,40762787,40763265,TGTGTGTGTGTGTGTGTGTGTGTGTGTGTGTGTGTGTGTGTGTGTGTGTGTGTGTTGTACATGTATCTCCTCTCCTACATCCCTCCCCCCATTTTAATGTAGGAAGCAGAGACTTTGTTTTGTTCAATGTCCAATCTCTAGCACTTTGGATGGTGTGTGAAATATAATGGCAAGGGAAAGTTGCTGAATGAATAAACAAACATAGCATCATTTCATACTAGTGAAACACCAGAGATAATCTAAATTTCCAGCAGGGATCAATTAAGTGAGTAATAGTTAGCTGATGCCTTCCAAATGAATCAGGTTAAGAGGAAGTTAAAGCAGATGCTAGAAATTTTGGTTACTGCTGCATCACCAGGGATATTCTTAGGTTCCACTAAACATTCAGACCCAAAGGACCACTACAGGTGACACCTGGCCCAGTCCATTCGGGAAGATGAAAGACAGAACCACAGCAGGCTGGCAGGGCAGCCTTGGGT,"[[40762849, ""A"", [""G""]]]",yes,no,A->G,1
chr3,71868967,71869370,CAAGATAAAAACACTGCAGACTAACATTCCTCACGAACATATGATATGGTTTGGCTATGTCCCCACTCACATCTCATCTTGAATTGTAGTTCCCGTAATCCTCATGTGTCCTGGGAGGGACCCTGTGGGAGGTAATTGAATTATGGGGGTGGTTAACCCCATGCTGCTGTTCTCATGATAGTGAGTGAGTTCTCATGAGATCTGATGGTTTAATAAGTTGCTTTTCCCCCTTTTGCTTGTCACTTCTTCCTGCCATCATGTGTTTGCTTCCCCTTCCACCATGATTAAAAGTTTCCTGAGGCCTCTCCAGCCATGCGGAACTGTGAGTTAATTAAACCTCTTTCCTTTATAAACTCTCAGTCTTGGGCAGTCCTTTATAGCCATGTGAGAACGGACTAATATAT,"[[71869033, ""C"", [""T""]]]",yes,no,C->T,1
chr20,63517978,63518375,CCCCACACGCTGGGGTTAACACATTCTTAACATATGTATGTTAACCCAACCATAACAAGGTGCCACCATCGTCCCGTCCACAAGGGAGGAGACAGTGGCTACAGGGTGGCAGGCAGCCCTTACAAGTGGGACTGGAAGCCTTTCCCTCCCGCCCTGTGGGAAGCCTGTGGCCGTCCCCGCCCTCGTCCAGCTGTGCCCTGTCCTCTCCAGCTGACCGTCCCCGTCAATCTCATCCCTGCCAATGATCACATCCTAGCAGCAACCGGGCCTGAACCGGCCTGCTATAGCTTGCGCACAATGCATCTTCCGTCCGCTTAGCTTTTCTGCCCCCATTTCCTACAGCCGGGGAGGCTCGGGTGCAGTGTCTCTCCTCGCTCCTGCTTCCTGACCCAGAGCCC,"[[63517998, ""G"", [""A""]]]",yes,no,G->A,1
chr6,93794167,93794483,GCTTTTTGAGAGCATTTTGATAGACAATTGTATTCTCCACTCTTCATCTGCTTCTCTTAACATGAGATGAACAAACTGAAGTTTTTACTTTTTAAAGCAAGGCCACTATGATTTATCAGTATACTAAAGGCTATATCCAGTGCAGCTGATTCAGGATCTACAGTTTTCAGTACAGAAGTTTGTCATACTTCCTCCTTGAAGTCAGTGTACAAGACTTAAAAGAATAAATAAGATTAGCCATAAACTCCTCATCTCCACTCAATGATTCATGAGCCCATTGGTTATGTCCAGTATTGTGGTATCAACCTTAAACTATT,"[[93794272, ""G"", [""C""]]]",yes,no,G->C,1
chr18,10063542,10063915,GTTTCTTATTTATCCTTCGAGAAATTTTCATTGCATTTGAAAGCGTAGACTTGAATCTATATTTGTTTTTGTTAAAGAAGAATGGGCTGATTTCAGTGCCCATCTGTCGTTCTGCTTCCTGATGCTCCTTTGGGGTCTTTGCCTGTCGTTGCACACTGAACTATACTCGTTCATTTTCTCGGATGCACGGCGCACACGTGCTTACTGTGTCTCATTCAACCAATCCCTTACTGTGGGAAGTTTAGATTTTTTGCCTTCTATATTTTTGTTGTTGTTGTAACAGTGTTCTTATTGGTATATCTTTATGTTGTACTGCTCTTAAAATGCTTTCTTGTTTGTGGGAGTGGACTGCATTCATTTTTTTCTATTCTTTA,"[[10063560, ""C"", [""G""]], [10063676, ""A"", [""G""]]]",yes,yes,C->G,2
chr14,25861521,25861842,TTGAGTTGAAGAGGGTAGGGAGGTGACTTTGCTGTACAGAATATGAATCAATTACAAACACACTCTCTCCTTCCAGGTCTGGGAGCCCAGAAGCCCCTTCACACCAGACTAAGGATGCCAGGAAAAATCAATAAGCTATTGAATTGGGTTCTCTGGGGGAAAACAGTGTATTTTGTAATTTCAAAATAGCTCTTTTATTAGAGAGCTGAAGAGGGTATAGCAGACATTACATTTCTATAAAATATAAGCCTGGCAACATTCAGATCTGTTTTAAAATTAATAGAGCTTCAATCTTTTTTATTTTGGCAGTAAATTGAGTTGT,"[[25861534, ""T"", [""G""]]]",yes,no,T->G,1
chr8,95980671,95980916,TCTTTTAAGTTCTTTAAGAAATCACCGAACTGCTTTCCACAGTGGTGGAACTAATTTACATTCCCACCAGCATTGTAAGCATTCTCTTTCTATACAACCTTGCCAACATCTGTTGTTTTTTGACTTTTTAATAATAGCCATTCTGACTGGTGTGAGATGGTATCTCATTGTGGTTTTGATTTGCATTTCTCTAATGATTAATGATGTTGAGCATTTTTTATGTGCTTGTTGGTCAAGTCATTTGCA,"[[95980755, ""C"", [""T""]]]",yes,no,C->T,1
chr22,41673251,41673459,GCATTTAACAATGTCCGGAAACATTTTTTGGTTGTGGGGGGGTGCTGCTATTGCCACCTAGCGGGTAGAAGCCAGTGATGCTACTAAACATACAACACACAGGGCAGTCCTCACAACAAATTAACCAGCCCCAAATGTCAACAGCATGGAGGTTGAGAAAGCCAGTTCCAGTGATAGCAATGCTCCAGTTGAGTGTGTATAAGACGACA,"[[41673397, ""C"", [""T""]]]",yes,no,C->T,1
chr6,168359153,168359413,TGGTCTCCTAGCTAACAAATACCACTTTACTGGTGCAGCAGGGTTCTTGCTTGCACTATTGATTATCTAACACACAGAATCACTTGCATGCAGAGGTGGAAGAGACATCTTTGAGCAGCTGGCGGAACCGGCACGTTTGAGAGCTGAGCATTTGGGAAGCTTTTGCGATCTGTTAAATCAAGTGTAGCCTAAAGCTACACTGTCTGCATATTTTAAATTCAACCTACAGGTTCTCTGTAGAGGTGTAAACGGACCATAGCC,"[[168359155, ""T"", [""G""]], [168359235, ""T"", [""C""]], [168359324, ""C"", [""G""]]]",yes,yes,C->G,3
chr4,6742580,6742800,CTTTAACTTGTGGTACAATAAATCACTTTTTTTTCTTTTCACCTCTTTTATTAAACATCTTCACTACCACAAAGCCATCCAACTCTTAAAATCAGGAAAGAAAGTAGGTTATTTTTATGCTTAGGCAAATCGAAACTTCATCAAAACATAAGTCCTTGTGTTAAGGTGAGAATAGAGGTGTTTTTTCTTTCTGTTTCTATTTTTTAAATTTTTATTTGCTT,"[[6742601, ""G"", [""A""]], [6742636, ""G"", [""A""]]]",yes,yes,G->A,2
chr22,44300737,44301059,CACCAGAGGGGTGCCAGTAAGGTGGAGGACAAAAGGCAAGCCTCTGTGTGCCCCCAGAACCCCAGATGGGCCAGCACGAGTCTCAGGAAGAGCCCACACCCCCACGTGCCGCCCCCGCCCCCAGCATCCACGGAGGTTTTACCTGCAGAAAACAGCAATGAGAAGAGGACGGCGAGCACGTTCAAGGACTGCTGGCCACAACTGGTCATCGTCTGGCTTGCATTGATCCGTCCAGAGCTGCCTGTTCAATGAGAGCCACGAGAGGCTGGGTGTGGGCTGTCTCGCCTGACACTGGCTTTCCTGCCCACAGCGGGGGACGGGCA,"[[44300816, ""A"", [""G""]]]",yes,no,A->G,1
chr22,38676187,38676432,CAGCTACTCAGGAGGCAGTGGTGGGAGGATTGCTTGAGTCCAAGAAGCAGAGGTTGCAGTGAGGTGAGATCGTGCCATTGCACTCCAGCCTGCTGACAGAGTCAGACCCCGTATCAATCAATCAATCAATAAAAATAAAAGGATCCTTCTGGTGGCTTTGTGGTGAGAACAGACTGAAGGAGGCCAGGCCCATCCCAGGGAGGCCACAGTAGATGAGGTGAGGTGGTCTGATTCTGGATAACACTT,N,no,no,N,0
chr16,64094700,64095003,GACCTGCCTGAATACATTAACTACAAAACACTGTTGGGATTGACCTACTGACCTGATTAGTGGCTTGGCTCAACATTATCCATCTGGAAGCTGAAGCGTGTCTGCCAAACACAATGGTCAGAGTGTTGGCAGGGCTGAAATTGAGCTGTTCTTCCTAATGGTGCCTTGCTAACAGGTTCATTTACCTGCTAGGACCATTACTTGAATATTACAGTTATGTCATGCTTGGTGGGGTGGAAAATACAAAGGATCTGAAGCTAAACACACTAGAGTGTGAATTGATTTGACTGCTTAATAGTTTGTC,"[[64094887, ""C"", [""G""]], [64094897, ""C"", [""T""]]]",yes,yes,C->G,2
chr5,137306854,137307284,AGAAGGCCACTATGTCATACAAGCTTTAGGCCCCACAAAATCTGGGTGCACCCATGTTTGAACAACTGCAATCTCTGAGTTTACTGCTCTCTCTGGAAAATCCAGTGGTCTTAGAATGCACTAAGCACACACAGAACCCTCCGGTAGGCCCATCCTGATGTCAGACTCCACCCTTACCCAACTCTAGTCCTTGCTAGTTGCTAGTTGTTTATCTAACCTATTTGAGCCTCAATGCTCTTGCCTGTAAAATGAGGATTGTTTATATGGTAGTGTACATATCCAACGCCCAGTAAATATTTGTTAAGTTTCCACACACTAGGAGATAAAGATACAATTATGTACAAAAGCAAGACATGATCCTTATTCTCACAGGACAAAGCTGGAGGCAGGCCTTTGCTGATGGAAGAGCCCAGCCACTTAACTGCCGTCTC,"[[137306965, ""C"", [""T""]]]",yes,no,C->T,1
chr10,26292112,26292611,CTGCAGGAAGAGAGTAGCTCAGCCCTCCTGTTATTAATGACTTCCATGATTACTCCTATGAATAGCAGAGGCACATTTTCCTCTTGAGTAGTCAAACTAATTGCCTGGGGAATGGAGGCTCTGGAAGAAAAGGAGTTCCGTGTAGAAAGCAGTAATGAAAGGGAACAAAAGCACCTGACGGGGAGAGCATTGAAGAGAAAATAGCGCTGAAAAAGCCTTTGGAAACAGCCTTGTGTTGAGAAAGTGCCAGACGGGGCTAAGACAGAGACGGCAGGATGACGGTCAGTCTCCAGGGAAATCGCTTCCTCCGCACTCTTAGCCTGCTTAATGAGCTGTGTCCTTCTCTTACCTAGGGGACTACCGGGTTTGAAGCGCATGTTGATAAATGTTTGGAGTTGGCAGAGTATTTATACAACATCATAAAAAACCGAGAAGGATATGAGATGGTGTTTGATGGGAAGGTATGTATTTGGATTTCTACAATCTCAGAAAGTTTAGTC,"[[26292164, ""T"", [""C""]]]",yes,no,T->C,1
chr5,42628866,42629252,TCCAACCTGCCTTCCCATTGTGGCCAGGAACCTTTCTCTGGAGTCCCCTTGGCCAAGAAGGGGTCCATTCGGTTGGTTTGGGAAGCTGAGGATTTTGTTTTTAGTTTACACAGGGTCATATCAGATTGTTTTGATGGGGATGACTAATGGTTTTCTTCTCTTTCTGTTTCAGCCACAGCAGCTATCCTTAGCAGAGCACCCTGGAGTCTGCAAAGTGTTAATCCAGGCCTAAAGACAAGTAAGAATTTCAGTCCTTTTTCTTCCTTCAATGATATTTTCCATGTTTTAGTGTAATTAAGCTACTATCCTTTCTCTATTTTATTTGGGATGGTAGTAACTGGAATAGTGACTGAGTTGAAATTTTATAGGCAAGCAAAACATTTTTTA,N,no,no,N,0
chr21,39807739,39808148,TGTGAGAATTATTGCCCCATCAATGTCTTCAGACTGAGACGTTCATGCTCTGCCTTCTAAGAATACTGGGTTGACGCAGTGGGAAATTGATAAGGTTCCAGGAAACTCTATGGAGAAATGTAGTACAGAATGTATTGATTCTGTTTCTCTTCAGAAACCTTAAGAATGTATGCACAGGGAAGTCAGTTTTGGAACAGGAATGTTTACCCAAGGCCTGTACCAACATTGTACCTTGGAAGTAAATAACTTATCTTTGATTTTACAAGCTCATGGGTGGAAGGCACTTGCCTTGAGTCTCAAATGAGACTTTGGGCTTTTGAGTTAATGCTGGAATGAGTTTAGACTTTGGGGGACTACTGAAAAGGGATGACTGTGTTTTGCAATGTAAGGACATAGCTTTGGGGGGCCAG,"[[39807783, ""G"", [""A""]]]",yes,no,G->A,1
chr4,12108670,12108884,TATCGTATATGTGATATATATCATGTGTATCATATCATATCATATATATCATATATATCATGTGTATCATATATCATATATATGATATATATCATGTGTATCATATATTATATCATATATATGATATATATCATGTGTATCATATGTATCATATATATGATATATATCATGTACATCATATATATGATATATATCATGTATATCATATATTATAT,"[[12108680, ""A"", [""G""]]]",yes,no,A->G,1
chr5,128097803,128098021,TCATTTATATTCATTCTTTTTTGTTTATCAGATTGCTTCCCTTCCTTGGGCACTTCTTGTAATGGAGGTCAGTTGGCAACAAGTTCTCTTAGTTTTTTTTTATCTAAACATGTCTTTATTTTACTGGAGTTTTGAAGGATAGTTTTGCTGGATATAGAATTCTTAGTTGACAGCTTTCTTCTTTCAGCCTTTTCAGTATGCCATTTCAATGTCTTCTGG,N,no,no,N,0
chr10,32166414,32166857,TGATCTGCACCTCTTGGCCTCCCAAAGTTCTGGGATTACAGGCATGAGCCACCACACCTGGCCAACAGGCAGTATGTTTGTATATATGTAACCCCTGGATATATGAGAGCTAAAGAAAGAGGGAATTTCCTGAGGCCTCACAGGAACAGGTGCAAAGAGCAGCTGCTGGGAGAGGTCTCCACTGGGAGCTTTTGTGGAGGGAGGGAGGACAGGTCAGATGGTGTCAGCTCTTCCAGAGCCTGAGTCCCAGAGTATGTTCTGCAACACTTGGATCATTAGAAATGTGCTAACATTGTCACATCACTGAAACCAATCTTTGGGCAGGAAAAGACAAGCTCCTGTCCTCTGATTCACAAATTTCCCAAGACTTTCATTTCCTATTAAACATTTAGAGCCTCTTAGCAGATGGGGTAGACTGTGTATAAGAATGATCAATATGGTCGG,N,no,no,N,0
chr8,98325525,98325984,CAGCAAAACGGGGAAGGGGCTAATGATTTTTAAGGCTGCCTAGCCAAAGACAGCACATCATAAAACAAGGATGCTTTCTGGTGATACAGTACAAGAATGCTCTGTACACAGTATGAGGCATCTTTAAATGTGAATAAATTGGAAGAAGTTCCAGGAACAATAGATATGCTTAAGTGAATGGGAGGACTGAGCTGTAGCAAGGCCTTTGATTTACATAGCATGATTACTTCAAGGCGTGCACAGCTCTTCTTCAGGGCTGGGATGGATTTTCTTCCCAGCGTCTACAGAAGATGTTGAATTGACATCACAAGCAATTGTCAGCAGAAAAGAGAGACTGATTGCCAGGCTACAGGAGGGAGTTGGAGAGAGGAATTCGGCTCCTTACACCTTGTTCATCATGTCATTCACTCCCTCCTTCAAAAATCTTCAGCGACTTCTTATTACTTAAAGGATTAAAGTC,"[[98325539, ""G"", [""A""]]]",yes,no,G->A,1
chr17,54888371,54888766,ACTCTATCCATTCAGCGACTAGGCAGAAAGTATAAAACAAATGATGGAGAAATCTCCCAACATAGCCAATATTTGCTGATAAATATTTGACACACACCTCTGGTTCCCAACCTACAGAAAGAAGAGAATGTCACCTAGGCTCTTCGGAGTTGTCAGAAATAGATATTCATCGAGGTTACCTCTAGCAATGGAAAATCAGCTGTGAGGCTACATGTGGAAATAGGAAAAACATAACTCCTCCAGGAACCCAGCGATGGCTAGACTGAAGGTGGAATGCAGATTAATCATGGTAAGATTATTTTAGGACACACAATTCCCAAGACCCACAACCCCCACCAATGTGAATCTTCTCCAATTCTCTAGTCTCGATCCTATTAACTAACTACCCCACCCTCT,"[[54888375, ""A"", [""T""]], [54888432, ""G"", [""A""]], [54888717, ""T"", [""C""]]]",yes,yes,T->C,3
chr14,87883844,87884098,AGTCATAAATCTATAAATTTAAGACTCTAAATTTTTACCATTCAAATTCCTTTTAGCTTAATCATCATTTTATGATGTTTCTCTGAAATATCTCTATCAACATCTGCTTGGTACTGGCTTAAATGCTAGACTACAAAATCCGCTAATTGCTTACTTGTGGAATCATTCACACATGTGTTGCTCACCCCAGGATGTGACTTCTGTACCAAGTCAACATGAACTTCTCTTGCTTTCTTTGTCCTTTCTTTCCTCTTA,N,no,no,N,0
chr9,135749483,135749876,AAGGGGAGCGGCACTGGCTGGAGGGGCCCCACAGCTGGCCTGCGAGGTGGGTGCAGGGATGACCACTTCCCACCAGCCCATCTTCCCTGACAGCCCTTGAGGCTGCAGTGGCCCATAGCCTTGGAGCACAGCCACCGGCGGCCTCCAGACAGAGCAGCTGACCATCAGCTGTGGACAGCCTGTATGACGCAGGTCCTACGGCATGTTCTGAGCACTTGCGGTGTCCTGAGCACCATCCCCAGGGCCATATGGGCAACTTTACCTCCTGGCAGGTGCCCTGCACCCACGGAGGCTTGGGCGAGGGTGTCTGGAGTGAGTGCCACACCCTGAGCCCCAACAGGGCGGCCTGGAGGGCCCAGACTCACAGCAGCGAGTGCCCAGGGCTGCGGGGAGG,"[[135749619, ""A"", [""G""]], [135749790, ""G"", [""C""]], [135749804, ""G"", [""A""]]]",yes,yes,G->A,3
chr5,4375773,4375983,TCTCAGAGAAGCCTTTCTTGCCCACCCCATCGACGGAAACCACCCAAGCTTGGTGCCCTTTTCCTGTGCTCTACCCACTGACATTTGCTACTTTCACTTTAGGTTGGTATTTCTGAATTGGGCTATTTCCTTTCTCCTCCCCTAGAGGGAAAGGTTGGTGAGAGCTCAGGCCTTCTCTGTCTTTTCACTGGGCAGCTGTTGTGTCTACAAA,"[[4375788, ""C"", [""T""]]]",yes,no,C->T,1
chr16,8823091,8823570,TCCTAGTCCTAAGACTAGATCAGTTCAGTTAAACAGCTGTTTCCATTATCAAGAGATGGCACTGGAGATGGGCTAGGCATCTTTAGTTATAGAGGAGGAAGGCAGTGGCAATTTGACATGTTTTTGTCATCTGTATTACAAAGAATAAGCTTCAGCTTGCAGGGCCTCAGGAAAAAGGTAGTAGCAATTTAATTGAGTCCAAGTCAGAAAAGTGGGAAAAAAAAATTGAAAGCATTAGTTTGGGAATTGTAGCCCACAGAGAATTCAGGATTTAGTCCAAATTGCAGGAAATAATAAAAACTCAAGAACAAAGGACAAGACTAGAATCTAACAGCAGGGTGTATCATAGTTTTTTGAAACACTTTTTTCCCTCTCCCATCCTTATTTTTATTAAAGACAAACCGTAGTAGGACAAGTTTACTTGCAAAATAAGTCATAGTCTTATTAAGCTTGGCCTGATTATTTGTATAAAGTAAAGCA,N,no,no,N,0
chr7,26898914,26899376,AGATCCTTAGCTCATTACTGCAGATTACAAAAACTGCATGTAAACCACAAAGAAGAAGCTGCAGCTGAAACAGGGCTCTGAGACCCATGTTAGCTGAACTGTCCTGAGAAGTGAAGCTATGAAAGTATCACATGATGAGCAGCCCAACCCAGGCTCAACACTTGCGAGTCAGCTAGAAATATAATGGCAGTGTGAGCTGATTTCCACACATTGGCAAAAGTTTTGTCTAAGCCACAGCATCCCAGCCCTCCAAGCATTACAACTACGATATTTATTAAGCAATAACAATTGCTAGATGCAATTCAGAATGTTGAATTGGGCATCATCTTTACCCAAGAGACTTGTAATTTAAATTCTACAGGCATACAGAAACTTAAGGAGGAAAGAAAGAAGGCAACGGCTTTCTCTCCTCTATCTCCCACCCGCTATGTGTAAACAATGCAATATTCCTCCGGCAATTCAA,"[[26898953, ""A"", [""G""]], [26899190, ""G"", [""A""]]]",yes,yes,G->A,2
chrX,129427296,129427580,ATGGGTTCCAGCTGTGGTTATAGCATCATGTTGGGTGGGCCTGTCCTCAGGCCCCTAGGAGGAGTGCTCAGATGCCAATGATGGTGGATCAGGTAGGGCGATCCTCAAGCCTATAGATGGCATGCTTGTGCACCAGGGGAAGTGAAGCCAGGCTGAGTGGACATGTCCTCAGGCCCCCTACTGGTGCATACAGGTGCTGGCTGTGATAGGCAGGAGCAGGGAGATCCCCATGCTCCCAGCAGAATGCTCAGGTTGGGGTGGCAGCTGCTGGGGAGGGTGGTGTTA,N,no,no,N,0
chr2,145203907,145204346,TGAGCCAAAAGCATAAATAGTGGGTTTCTAATAAATCAATGGAGTCTGGCCTTTGGAGACCTGGAAGACATATGGACAGCAATAGAGTATCTCAGGTTGTCTCATGAGTGATTCCATCTGGATGAAGTCTTGGTGTTATTCACAGCCTACTTCTCCCCTAAAACACCTTCAATCTTATCCACAGCCTCCATCTCAAATGTCAGACCACCTGGGATATGCAGCTGTCAGGCTGAAAGGGGAGCTGCCTGGGACTGGCCCCAGCCTGCTCATCAAGGAGACGCTGTCACTAGCCAGCAGGCAATGCTAGGTGCACAGGGGTGACAGCACTACCAAAAGCCAGGACATGCGCCAGGCTCTGGATCTAAGATTTTAAGGAAAATATAAAGAACTTAGCTGGAACTATGAATATCTCCACAATAGACCTGCCTCTGATGTGATAT,"[[145203986, ""T"", [""C""]]]",yes,no,T->C,1
chr19,2863738,2864196,TGCTGGGATTATAGGCGTGAGCCACTGCACCTTGCCTCTTTATGCACTCTTAACCTGTCTCTTCTCATTCCTTCGTCACCACTGGACTTTGGGTACCCTACGGGTGATGTTAAGGCTGGTCCCCAACAATTGTTATTTGTGAAAACTTTCCAGTACCCACGTATAGCCAGCAGCCCCTTTAAGGGAACATAACTCTCCCTGGCTGGCCAACAAATAGCCCGGAGCCAAGCAGTCATCAGCTGTCGAGTCTGCCAGGGAGCGTTGTCCTTCACGGAAAGCATCTAAAGCATTAGCTCTCTGCTGCGTGTGGTTAGAGTGTGCTGAACGTTTTCCGATGGCTTCATGGTTTGAGTTGACAGGATGACATCATGTGTGCCTAAGGCAGTGCCCGTGGTGGCCCAAAAAGTATGTGCAATGAGCAGAAAATTAGCACACTTGTCTCAAGAGGAGGTTTGGGAG,"[[2863879, ""G"", [""A""]]]",yes,no,G->A,1
chr4,57674619,57674821,CAAAAAGCATCTCTTTCCTAAGAGTGAAACATGTGCATTCATCTGGCTTTGATCATGAGTTCACCCCCGAACCAATGACTTCAATTATTGTGTCCAGTGGGATGAAATATTGATTAGCTGGGCTGGTTTATGCTACTGCTGTTGAAGCTGAGGATTCAGTGAGCCACATCCAAGCCAGGTTGGTTGATTTGGAGAGTAGCGAT,"[[57674627, ""T"", [""A""]]]",yes,no,T->A,1
chr10,123916355,123916689,AGGCTCTGGATTGTTCTGGGCTTCTGTGTTCAGGTCTGCAAGACTGAGAAAACCAGAGCCATCAAGTCACTTAGCTAAGCACTCCCACCCCACCCCCATTCACTCTGTGCTCCTTTCCATGGAGCCCCATGGGAGTTCCTATTCACTGCCATTGACCAGTCGTCTCTGACTGCATTAAGCCCACTCCTTTGAGTGGTGACTGAAGTCCCTAACTGCTCAGCTTTCCATGCGTGCATCTGGCCTCCCTAACTCAGGCTCCTCCAGGGCAGGGACACTGTGTTCCTCTCTCTTCCTCAGCTCAGAACCTGGCAAACATCAGGCATCAAATTAATGTT,"[[123916384, ""C"", [""T""]]]",yes,no,C->T,1
chr8,79463176,79463582,AGAGGATGATTTAAAGGATGTAAATAGGATGCTGCATCACTGGTCATCTTGTCACAATGTCATGATCTACAAGCCACATTTGTCAGGTCAGTAGGATTGGCTAGTGCTGGATGACGCAGGGATGTCTCTGAGTGGAAGTCAGAAGATAGGAATGAAGGCAGCATGCATTGAGCAAGTACTAAGTGCCAGCCACTGTGAGAAGCATTTTTCCTACTGTCAACTCTTTAGTTCTTCACTTCTACCCTAATAGGAAAGTATAACTATCCTCTTTTCATAGTTAATGAAAATGAAACTAAAGCTCAGAGAGACTCTTCTAGGTCACACCATTAGTAATTGGTTTCTGGTATTTTAAATCCCAAAGCTCATGGTCTTTCCTTTATCTCACATTAGCAAAATGTACTCAAGCA,"[[79463182, ""C"", [""T""]]]",yes,no,C->T,1
chr4,299338,299547,TATGAGTATATATACACATATATACACACATGTGTATATATATACACACATATGTACACATATGTGTATATATATATACACATATATACACACATGTGTATATATATATATATACACATATGTGTATATATATATACACATATATACACATATGTGTGTATATATACACACATATACGTATATATGTGTATATATACATAAATACACATA,"[[299366, ""T"", [""C""]], [299382, ""T"", [""C""]], [299430, ""T"", [""C""]], [299538, ""T"", [""A""]]]",yes,yes,T->A,4
chr2,80205567,80205919,TCTTTAGTAGGAATATATTTCAATCAGCAAATGACCACACACATTTAACACTGTGTCATCCTGAGGTTGATATTGGATGCTCATGAGTTTCTTTTTTGTTTGCTTTTGGTGTTAACTTACTGCCTCTCTTGCGGTTTTCCAGATTGCTAAACCTTCTCTATTGAAACTCTTCTGTATGTCTTAAGGTACTCCTCAAATAGAAGGTGACTGCGATTGTTTCAAAAGAGAAAATTGTTTCTCATGTCAGCAGTATTTTATTTCTTTGTAATCCAAGAAAAAAGAGATACTTGTTTAAAAATCCAAAGTTCTGACATCTTGAATATAACAACTGACACTAAAAGTTTTTTAAATTG,"[[80205574, ""C"", [""T""]]]",yes,no,C->T,1
chr11,37794275,37794633,AAAGACACGTGAACAAAAGATAAGTGAGTTTATGCCTCAGTTACTGAGATAAGTTATTTCAATTACATTTTCCCTGCACAACCAGATAATTTAGGGGAAAATAAAAATGGTTAAATGCATATTTTTGTGAACTTAACACTTGACTTTTTATTACTTGTCTTTTCAAATATGACTATATAATCTAATTATTGCTTTCCCCTAGGGGAAAAGGCTCAAAACATGATTTGAATTTGTTAGATTTTTTCCTGCTTAAAGAGTGCATTACTTGAAAAATGCTTGTGTGCTGTAATACACTGACGAAGTCAAGTCAATAACTTGGCATAATCTGGTTATTCTGCCTGGCAATTACTTAACCTTTA,"[[37794464, ""G"", [""T""]], [37794465, ""A"", [""G""]]]",yes,yes,A->G,2
chr1,245522265,245522660,CAACTTATTTCCAGTGCATTAAAGAAAATGATACTGCCTATGCTCAATTTAGATGTGGGCCAGCTGTGTTAGTTAGCTTAACACAGCATTTTGTTTTGCATATGTATTGATTTTGCGCACATGCTCTCTAAGTGCCTCAGAACACTGCCTACAGCATCCTGGTGAGGTTGACAATCAGTTGTCCTGTCCCTGTTCATCTGGCATGGGGACACACTGTCAGAGGAGGAACTACCAAGTAAGTAATTGCCTCCAGCACACAAAAACTGCAGACACATGGTTGACATAAGAATCTAGTTTCAGCTGGTGGTTTTCAGGGCAAAGCAACTGCACTAACAGGAGATTTCCCTGACAGCTGATTTAAGGCTGTGGAAGACCCCAGTTTATCAGCTCAAATTG,"[[245522308, ""C"", [""T""]]]",yes,no,C->T,1
chrX,130874866,130875140,CACAAACATAGGCATGTGTGCTCACTCCAGGATGGGTCTGAGTAAAAAGAAACCATCTCTGACCTAGCTAATTTTCTTCTTCAACTTGTTGTTCTTGGCTTCTTCACTCAGGAATAATCCCAATCAAATGCAAGAAGTGTGTGAGTCACTAAACAGGGCACTTAATTTTGGTTGTCTTATATTACATATTTATACCATGGAGATTCTGGCTACTTTTTAAAAAGTAGTTTTAAAAGGTATAGGTTTGGTTCTGAAGTGGTGTTACTGGTGAGAAA,N,no,no,N,0
chr17,53472636,53472923,GGAAAGAAGTAAGTAACCTTAAAGCTCTCTTAACTTTACTTTAACAGATATCTAAAAGTCATATTAATTCATTGAACTTTGCCTTCAGGCTTCTAAGTTGTGTATTTCTAACTTTAACATAGTTGACATTCCAGGACTGGGAGTCACAGTTGATAGTACCTCTCATTGGTGGAGGCTGCCTTCTTCTTCTTAGATTGCATGATGATCTCAACTTTACATACTAGTCAAAACTTTGTATTGTTATTCTCATATTAGGCTTCAGGTTATTGTCTTGCATTTCTTGATCAG,"[[53472644, ""A"", [""G""]]]",yes,no,A->G,1
chr20,43884361,43884580,TGGAAGGATCATGTTTCTTTCTGGAGGTTCTAGGGCTAATCTGTTTCCTTGCCTTTTTCAGCTTTTAGAGACCAGTCACATTTCTTAACTCATAGCCTGTTTCCTCACATCTCTCTGTCTCTTTTCTAGTTGCCACATCTCCCTCTGACCATGGCAAAGAAAAGTTCTTGGCTTTTAAGGACACATGTGATTTGACTGGGCTCACTAGGATAATCCAGGA,N,no,no,N,0
chr1,32458815,32459129,CCATAAGGTCTGACTGCCTGTGGGGTTGGGCAGAATAGAGCCATATTTTTCTTCTTGCAGAGAGCCTATAAATGGACATGCAAATAGGAGAGGTATCGCTGAATTCTTTTCCCAGCAAGGAATACCCTGGGGAAGGAATGCTTTCCTGGGGGGAGGTCTATAAATGGCCGCTCTGGGAGTGTCTGTCTTATGTGGTTGAGGTAAGGACTGAAATACGCCCTGATCTCCTGAGTACCCTGAGGCTTACTAGGACTAGGAAATTCCAGCATGGTAAATTTTGCTCAGACTCGTTCTCTGCTCTCGAACCCTGTTTTC,"[[32458956, ""A"", [""T""]], [32459036, ""A"", [""G""]]]",yes,yes,A->T,2
chr15,47303174,47303397,ACAGACCTTCATCACCGCCTTGTTCCCCAAAAGTCTAAGACAACTGGTGAACTTGTGGAAATATTGAAAGCACATTTCTTGACAAAACAATCTGATATTATGCATAGGTTTCACTTTCGAGGTAGGTGTTGGTGCCTGTATGGCAACGACTTGGATGCTACATTTCTAAAGGTTTCTCATGATCTCTGCATTTACTGTTCCAGTTTCTGGAATGTTCTTTCCCA,N,no,no,N,0
chr1,20540300,20540640,GACACTCATGTGTCATCTCACAGTTCCTATGGGTTAGGAAGTCAGAAGCAACATAGCTGCATGCCCTGGCTCAGTGTCTTTCAGGAGGCTGCAGTCTACATATGAGCTGGGGCTGTGGTCATCTGAAGGTTGAACTGGGGCCAGAGGGTCCACTTCCAAGATGCTTACTCACAGGGATGCTGACTTGGTGCTGGCTGTTGGCAGGAGGCCTAATTTCCTTGCCATGTGGACTTCTCCATAGGACAGCTTGAGTATCCTCATGACATGGCCACTGGTTTCTGCCATAGCAAGTAATCCAAGAGAGAACAAAGCAAAAGCCACAGGATCCTTCATGTCCTAGC,"[[20540513, ""G"", [""T""]], [20540544, ""G"", [""A""]]]",yes,yes,G->A,2
chr16,51971147,51971510,TAGGGAGTAACCAAAGAATGGCCAATGACTCTCACTTTAAAGACACATGGGATTGCAGAGGTGAAGGAGAGGAGAGAAGCTCCCCAGAAAACTTCATTCGCCATAACTACAGTTTTGACTTGGGAGGTTCCTGACCTAGAGAAATGATGAGCAGCTGTGCTCCTGCATCTGCGATTGGGTGCCAGGCTGATTCTCTGCTTCAGCGCCATCTGGAGGTTTCCTCCAGACACTCCAAGCTGGTGAATCATAATTCTTTAATAATAATAACAGTAAATAACAGCTAACTAACATCTATTGAATACTTGCTATAGGTCAGACCCTATCCTGAGAGCCTTATACTTTTCATTGCATTTTATGTTCTCAG,N,no,no,N,0
chr9,11702123,11702410,AAGTAAAATCAAGCAAATGCAAAAAAAAAGGAGAAAGATTTTTCACTTAAAAAAATCCAGTGTCTTAAAATGGAAACTTTATTCATTATTTTATGCTACTGGAGTGCCGTCTGTCTTTTAATGTTATTACGTGCATTTAATTGGACCCTAGGGATTTACGACTTATGTTCCCACTTACGTTCCTTAATAAAGAAAGGACAGAACCTTGTTTTTATTTTAAAGTGGATTTTTTAAAATTTTAAAGCAGCTTTGCTTTCTCTATTATTTCAAATATTAGATTGTTTTAAA,"[[11702141, ""A"", [""G""]]]",yes,no,A->G,1
chr2,154874176,154874396,TGGCCTGAAGTAACAGAAGAACCACAAAAGAAGTGAATATGCCCTGCCCCACCTTAACTGATGACATTCCACCACAAAAAAAGTGAAAATGGCCTGTTCTTGCCTTAACTGATGACATTGTCTTGTGAAATTCCTTCTCCTGGCTCATCCTGTCTCAAAAGCTCCCCCACTGAGCACCTTGTGACCCCCCACTCTGCCCGCCAGAGAACAACTCCCCTTCA,"[[154874190, ""T"", [""A""]], [154874396, ""G"", [""A""]]]",yes,yes,T->A,2
chr8,141876081,141876338,CCCAAACTCTCAATGTGAAATTAAAGCTGCGCAACATCAGCAGTAACCAGGGAAATGCAAGTTAAAGCGACGGGGAGGTTTGTATTTTATTTTACCCAATCATGTGGGAAACATAGCAGGTTGATACAATCAGTCCAGCGAGGGCACCGCCTACTCTCAGGGAGAACATGAATGAGCGCAGCCTCTCGAGAGGCGTTCACAGAATCTGTCCCAATGGAATCAGCCAGCAATTCCCATCCCAAAGAAGTGCCCGTGAGA,"[[141876113, ""G"", [""A""]]]",yes,no,G->A,1
chr10,32251270,32251526,CCCAAGACTGGAAAACACCTGTTCCCAGCAGACTTTCTATTGAATTTTATATGGCTTTCAAAAATAGCCCACTTCTTAGCTGACTGGCAAGATTTAGTTATGTTTGGTTGTCTTCCACAATTTTATCTAAGCTCTAGCAATCACACAACATTTTATTTATTTTTTTAGCAGGGAAATGGGTATACAAAATTACTGTCGTAGCTTTCCTAGATCAACTTGTAGTTTTGATAAATCCGGAAGCTTATGACAGCAAAGCA,"[[32251278, ""C"", [""T""]]]",yes,no,C->T,1
chr11,50270720,50271208,TCAAAATGGATCAAGGATGTAAACATAAAATGTAAAAGTATAAAACTTTTGGGAAGAAAACATGGATGAAAATCTTTTGGATCTAGGGCAAGGCAAAAAATTTTACAGTTGGCATGGAAACATGATCCAGAGATCTTGTAAAGCTGGTTCTTCTCTTCCTCCTTCTCTCTCCTGCTGTATCATTTGCTTTGAGTGATGCTGAGGCTGGAAACAGGAAATGCAAATAGGAGAGCATTAAAGGCAACTAATTGGGTCGTGTCTTTAGTTTTTTTTTTTTTTTTTTTTTTTTTTTTTTTTTGAGACGGAGTTTCTTCCCTCTTGTTTGCCCAGGTTGGAATGCAATGACACAATGTTGGCTCACTGCAACCTCCACCTCCTGAGTTTAAGCAATTCTCCTGCCTCAGCCTCCCAAGTAGCTGGGATTACATGCATGTGACACCACGCCCAGCTAATTATTTGTATTTAGTAGAGACAGGGTTTCACCTTGTT,"[[50270775, ""A"", [""G""]], [50270817, ""G"", [""A""]]]",yes,yes,G->A,2
chr17,35944747,35945082,GCCAAGGACCACATGCTTGGAAATTTGATCTCTGAAACTTAAGATCTGAGAGAGGATGGTCTCCCAAGGAAGTCACATGAGCCTCAGTTTAATCCTGTTGGTTTGCAGAAGTTTCCACTCCCTCTGGAGGCTGGGTTGGGACCTCCTGCTGGGCTGCAGAATATTTAGTCTCTTTGATAGGCTCTGAAGTTATGGTCATTCAAAGGGGGTCCAGAGGGACCCTCCACCTCCAGCCCCCTAGCTGTGGCAAACATGGGTAGATTCCTACCCATTCAAACAACTGGAAAACCCAAGCTGGGACCCATGAGTCAAGTCAGCTCAGGGCAAGAGGACAGA,N,no,no,N,0
chr6,8325781,8326181,TATGTACTAAAGTCGTTGTAATATCAAAATTAACATGCGTTTCACCAAGATTTTTTCCCTCCTTTAGGCCAATCTAGAAAATACTGTATACGAGCTATGATTTTTCTCGAGAATATCATTGCCATGACACAGTTGAAGTCCTGCATCCCATGAGTCATACACATCTGTTGTGAATACTGATCTTGTCCTTGAGCTCCCCTGGGATTCCAAATTGGAACATAAAGAGAAGCAAGAAAATGGACATTTAGCACTTATAGGATAATTCTATTGTATTCCTGCTGAGAGAAAGAATTTCATACACCGAGTGCTTCTTCTGCTTGAAGCCCCTCTGCTTTGAAGTGGTGCGATCTCCCCTTTTAACCTCAGCAGTGGGGCCACCTCAACCCATAACAGCACTGAGA,"[[8325809, ""G"", [""A""]]]",yes,no,G->A,1
chr7,90430709,90430940,GGAAGTGCAGATACAAGCACAGGAGGCACAACCAAAGGAATAGGCAGGCAGGGAGGGCAAGGCCTAAGAGCCCTACTTGCTTTCTCAGCAGGGAGGCTTGTAGCCTGGGGCAAGATCTCAGCCCTGCTTGCTAACTGCCTGGATATAAATTCAGTGCTGTTGGCCGGGCACGATGGGAGTGGGACTGGCCTTGCTGGTTGTGTGGAAGTTGGGTGAGGTCTGTCACTACCGG,N,no,no,N,0
chr5,42779101,42779393,TAAATCTCGTCTCAAGTAGCTTCTCTTCTCTAAATGCTTTCCTGACTTCAAGCTGCCCTAGGTTTTCTTTTTACAGGTTCCTGTAGTATTTCAGATATACTGCCATTAAAGAGCAATTATCATAGCATATTATAACTACTAACACATTTGACTCAGCACTAGGCTGTAAGTTCTTTGAAGAGCAGTAACTCTTTTCACTTTGATATTCTCAGTGTCTAGCATGGTGCCTGAAGTGTAGCAGCTGCTGGATGCATGTTTGTTGAATGCATACATAATGGAAGCTAAAATGTTGA,"[[42779136, ""C"", [""G""]], [42779302, ""C"", [""G""]]]",yes,yes,C->G,2
chr4,121050248,121050653,TAAACAAATGAAAATTCATTCTTGTTAAGCATAAACCTTAAATTGCTTTATAAGAACAGACTTTTTTTCTAAGATTACAAAAGTGCCCTCTAATGGCATAACTTTTCCTCTCATTTCTTTTTGTTACTTCTAGGTAGGCAGAGCTTATCTAGATTTAAACTTTACATTAAATAACATCAATCAGAGTTTCACTTTAAGCACTTTCTTTTTTCATGGCCATCTGGTGGATGATGTAGGAAATGTGTTTGCACAGCAACAACTCTTGCTATCTTTCTACAATTGAGGCTTTAGTTCAAACATAAGCTGAAAGTTGCTAGGATAATTCCAAATATTTTTATTTTGCTTGGCAGATCAACTTGGTTGCACAGTATCCACAACCCAGAAGAACTTGGTAGTGTTACTCTGA,"[[121050282, ""G"", [""A""]], [121050507, ""A"", [""C""]], [121050629, ""A"", [""G""]]]",yes,yes,G->A,3
chr1,60078630,60079000,TTATAAACAGGAAGCAAAAAAGAACTGCTCTTTTGAACAGTCTAATCATAGATCTATAAAAATGAGGCATTTTGCAGTGAAGTCTCTTGTCCAAATAGAGGAGAGGCAAATACTGACGTTAAACTGAGATGTATAACAAAGATATGGGGGTGTTACATTTGTTTTTTCTCCAAGAGACATGCAGGACCCAAGCTACTAATCTTTATGACTAATGGGGGACTTCAGGTAAAAAGACAAGCAAAGGCAGGCCGACTTTAAATAGAATGCAAATATGGTCAAGTTTCTTTTCTCCTTAAAATGCTCTCTTGGCTCTGGAAAAACAAGACTGTGTAGCATACTGATTAGATGGGCCAACTTTGGGCCCTGTGGTA,"[[60078746, ""T"", [""C""]], [60078764, ""T"", [""A""]]]",yes,yes,T->C,2
chr1,23795158,23795445,TGCCTCCACTCAGCTGCTTCTCAGTCATGAATGTGGCCATGGCCCCGGGGTCCCCTTGCTGCTGTGGGCTCCCTGTCCCTGGGCAGGAGTGCTGGTGAGGAGGTGGAGCCTTTTGAGGGGGGCCTTCCCTCAGCTGTTTCCCCACACTGGGGGGCTGGGCCCTGCCTCCCCGTTACCCTCCTTCCCTGCAGGCCTGGAGCCTGTAGGGCTGGACTGAGGTTCAGGTCTCCCCCCAGCTGTCTCACCCCCACTTTGTCCCCACTCTAGAGCAGGGAGGCAGTGGGGGAG,N,no,no,N,0
chr4,5333106,5333514,CCACCAACAGTGTAAAAGTGTTCCTATTTCTCCACATCCTCTCCAGCACCTGTTGTTTCCTGACTTTTTAATGATTGCCATTCTAACTGGTGTCAGATGGTATCTCATTGTGGTTTTGATTTGCATTTCTCTGATGGCCAGTGATGGTGAGCATTTGGCTGCATAAATGTCTTCTTTTGAGAAGTGTCTGTTCATGTCCTTTGCCCACTTTTTGATGGGGTTGTTTTTTTCTTGTAAATTTGTTTGAGTTCATTGTAGATTCTGGATATTAGCCCTTTGTCAGATGAGTAGGTTGGGAAAATGTTCTCCCATTTTGTAGGTTGCCTGTTCACTCTGATGGTAGTTTCTTTGCTGTGCAGAAGCTCTTTAGTTTAATGAGATCCCATTTGTCAATTTTGGCTTTTGTTGC,"[[5333199, ""G"", [""C""]]]",yes,no,G->C,1
chr10,119794091,119794433,CAATAGTGGAGGGAAGGTCAGCAGATAAACAAGTGAACAAAGGTCTCTGGTTTTCCTAGGCAGAGGACCCTGCGGCCTTCCGCAGTGTTTGTGTCCCTGGGTACTTGAGATTAGGGAGTGGTGATGACTCTTAAAGAGCATGCTGTCTTCAAGCATCTGTTTAACAAAGCACATCTTGCACCGCCCTTAATCCATTCAACCCTGAGTGGATACAGCACATGTTTCAGAGAGCACAGGGTTGGGGGGTAAGGTCACAGATCAACAGGATCCCAAGGCAGAAGAATTTTTCTTAGTGCAGAACAAAATGAAAAGTCTCCCACGTCTACCTCTTTCTACACAGACA,"[[119794236, ""C"", [""T""]]]",yes,no,C->T,1
chr1,28011009,28011323,TCATGTTTTTCCTAGACTGATCATCAGTATCTTTACTTGGTGTAGTCTGGGACAAAGATGGACTTGTAGAAGGGTCTCCTGGAAAGAAAAAGTGAAACATATGTTGTCAGGAGTCACAGGCTATAAGAATCAGGGCAGGAAGAGGGTTAGTGGACTCTCTGCCCTTGTGAGTCATAATGCAGGGATAAAGGTTGGAAAGCTAAACCTTATGTAAGCAATTATGAAGTGTACATCTAGGCATTGAGCATCAGCACTGGCTAACATCAGAAAAGTTATAACCAGACTTTATATGCTTACCCCATGATAGAAGAAAAT,"[[28011022, ""G"", [""A""]]]",yes,no,G->A,1
chr11,20443618,20443903,CACCATGGGGGATTGGGAATATTGTTTTAGAAACTGTTTTTGTGGGTCTGGAATAAGACCCACACGTGCCTTGGGAAAGATTTTTAGAGATTCACTTTTTCCTTTGATAGACTTGCTTATTGGGCGGTTTTCTGCAGTCTGAGGAATAGGGCCAATTTGACTGTCAGTCTTTTGTTGATTAAGTGAGAGTGCCATCCAGTGGGAGAAAAAGCTAATACAAGTTTTTTAAACTTTAGAATATGCAGAGGAAATTATTTCTTGTGCTAAGTTATGTTCTCCAGAAGTC,N,no,no,N,0
chr6,44833335,44833690,TCTTATTCTGTAAATCACTGTGTGCTTGGTGGTACAACAGGACACTAAGATAAATAGACAGTCCCTGGCTTCACTAAACTTCCAGTTTCATATTCAAGTTTTAACCACCACAAGTAAAATGCACTGAGAGGTCATTCTCAAAGTGAGAAAGGAGGGAGAAAACAAAGCAGGCTTTTGTTTTTTTGCTTCTAATCACAATATTTAATTTGAACTTACTTACACTTTCGAAAGGCATGAGATTTGTCTATTTCTCAAAGTAGGGAGGGGCAAAGATTAAAAAATGCTGAGATACATGGTTTTATGGTTTATGAAATATTTTCATGTCTGTATCTAATTTGAGCCTTACCACAATTAGT,"[[44833425, ""C"", [""T""]]]",yes,no,C->T,1
chr7,45162491,45162780,CAATGGTGACATACCACCTGGAGACAGCTCTGTGGGCAGGTGGCCTGGCTTTGAACCTTGACTCCCCTGCCTTGTCTAAGTGAGGAAGCAGCTGACCCACCCTGCCACAGGGTTTCAGTCTTTAAGTACCTGCCCTGTCTGGCTGTTGTAGGGCTTGGTGGGTTGGGCCACACTTAGAACAGGGCATTCAGGGAGCACTGGTCAGTACTGAGGGGGGTGGAGAGCCTGGCTGAAGGGAAAGAGAAATGGGGCAAGGGTCTGCCAGGTAGGTGCCACTGGTTCTGTTTCTG,"[[45162503, ""G"", [""A""]], [45162649, ""C"", [""T""]]]",yes,yes,C->T,2
chr18,47127908,47128321,TAAAATCCAATGTTTATTGTCATTATCAGCCTAAACAGTAATTTAACTAATCGGTGGTTCATTTAAGATGTCTGTATTTGCCACATACAATCCATACAGCTGCAGTCATTGGTTGGAAGGCAGTCCCTGTGGAAACATCAATATGCAAAAAGGGAAGACCTAAAATCCTTCTGTTAACTCTCCATCCAGCTGTTAAGTGCATTTGTGAAATTAGAGTTGACCTATAAGTGCACTGTAATGTTTTAAGTTTATAAAAAATCAATATGGTTAGGAAAGTGTACTAATTAGACAGCATCCGAGCAATTACAAAGTCAGTATTATGTCAACATACATTTTTATTTCCCTGAGTCTAGTATTCATTAAGACAGAGACCTCCCAATTTCCTATTAAATATGTCCTTCCCAAATTGCCAGC,N,no,no,N,0
chr11,16412879,16413088,GGGTTGGATAGCATGTTTATTTCTGAACCAATCACTGTTGCCAGGAGTATGAAATGCCCACTCCCTATGACGTGGGAGGAAAAAGGCAGTTCCACCTCAACCACAGGTACCAAAAGTGAAAGAAGGGTTGTTCCCCAAAAGAAAACCAGAACAAATGCTGCATAGTGAAAACAGTAAACAGCAAAAGAGTTTCTTTTGACAGTAATTATT,"[[16412881, ""C"", [""G""]]]",yes,no,C->G,1
chr14,102043593,102044028,GTTCTATTTTGTGCCACATTCACCTTTTCTGACATTCTTAGAAACTCTGTCTTCTCTAGATTTCTTACTGGCTGAATAAATTCTGATGGTCTCATTGGATGACACGTCTATTAATAGAAAAGTTGGCATACTTTTCTCCTAGCAGCAGTACTCATGTGAATCTGCTGCCATCGTCAGGATGTGGAGAGCTCTTTGTAAAGCTTTGACTGACCTGGCATCTGCACTGTTCTTGGCGAAGTGCTGTTTTCTAATGACTCTGTGCTTGGTCACTTTACTCACCAGTCTCCCAACGAGCGTGCCCGCTTGTACTTCCTGCTGGCCTGGTTTCATGCGATCATCCAAGAACGCTTACGATACGCACCACTGGGGTGGTCAAAGAAGTATGAATTTGGAGAGTCTGACCTGCGGTCAGCTTGCGATACGGTGGACACGTGGC,"[[102043616, ""G"", [""C""]], [102043866, ""C"", [""A""]]]",yes,yes,G->C,2
chr8,87207963,87208329,TATGACCTTTGTAGATTTCTTTGTTCATCCAGTTTAGTAAAAAGGCCCAACTAGGTGTCTGTCTCTCTCCTTTTTCTTTATTCATGTATGTGTTTCCCTCCCTCTGCTATTATTTAAACTATTCCTTCTAGTAGCCCCTCATCACCAGGCTGCTGACTTTCAATCTGCTGCTGGGGCTTCCATTTCTCTGGTGCAATTCCACACAGCTGTTTGTACCTTCTGGTCTCTTTTCTGGCCACTAGTTCTTAAAGCCTCATTATTTAATAAAGCTTCCTAAACTTACCATTATTCACTAAGCCTCTTGATCATTCAGGTTTTATAAATAATCGAACAGTAATAGGAAAACAATATTATATTTCTAAGTAGT,N,no,no,N,0
chr3,127070149,127070418,AGAACCCTGTAGCCCTGACACTGCCACCCCTAAGCATGGAGGTGGCAGAAGTCCCCACCCACAGCCACCCCCAGGCTGTCCTGGTTACGGAGGGCAGAGGCTCTTAGACCTAAGCCTGCACAGAGCCTCAGGTCTGGGCTTGCTCCAGGGTGGGGCCCCAGCGCACAGGGCTGGGTAGCTCCAACAAGTCCCCAGGTGACAAGCACGCCACTGGCTAGGACCATACTTTGAGTATGTTGGGAGTTGCTACTCAGGAAAGGAAACCTTAAA,"[[127070179, ""C"", [""T""]], [127070382, ""G"", [""A""]]]",yes,yes,C->T,2
chr9,24513192,24513400,TGTGCATGGTACATTTAGCAGTTGGGGAAGAATGTAACTTTAAATAGAAGTCAATCTTGGCAGTTTCACTTTTAACTTTGTACTAGGATTTTGTATTGTCTTTTCTAAAAATGAACTGTGAGTGCTGAGAGAGAAATTCTAGAACATCTTTGATCTGAATAGCAATGCAAATCAAATTCTAGTAAACTTATTTACTTACACTTAAAATG,"[[24513196, ""T"", [""C""]]]",yes,no,T->C,1
chr3,123827334,123827613,TCCTCACTAAGGCACATTATAATCAAATTGTCAAAAGTCAAAGACAAAGAAAGAATTTTGAAAGCATCAAGAGAAAAGCACCAAGTTACATATAAGGGAATCTCTATTAGACTAACAGGAGATTTCTCAAAAGGAATCTTGCAGGCCAGGAAAGAATAGAATTTAAACTATTGAAAGAAAGAAGGGAAAAACTCTGTCAGCCAAGAATACTATACCCAGCAAAGCTAACCTTCAGAAATGAAGAAGAAATAAAATATTTCACAGACAAGCAAAAAGTAAA,"[[123827474, ""A"", [""G""]]]",yes,no,A->G,1
chr4,162075775,162076029,CACTTTCCTTAGGGACAGCCACAAGTGGTGATCGGTTAAAAACTGAGTTACAAAGGCTGTCACAACTGTGTCAGTTGAGTCATTCTGGAAAGATCATCCCAGCTTCAGAAGTCCCTGTGTGGGTGGCTGGAATCTCTGTTGCAACTGCATTGTAACTTAATTCCTTCCTCTGCACACTCCTGCTTCTCTCATTATATAAAAGTGATTTCCTCAGAGTATTCCCAATAAGACATCTGAATCCAAATCTCTTTCTTA,N,no,no,N,0
chr18,25354621,25354903,ACTTTCCATGCTTCGTATATAAACAGACACCAAAAATGTAAACTGTCCAATTCACCTGATAGAGGCTAAACAGATGCTAAAGAAGGAAAACTAAGATTTGTCTTTCTTTGGACGATGCGAAAAAGCATAATTAGCCACTGCAGAAAGGTAAACATGCCTAACTGATAAACATTTTTTCATGCTTAACAAAATTCATTTTGGGAATAGTAAACTACTATATATTCAGTTATTTATCTCCCAACTTTTAAATGTATTATTCTCATTCTTAAAACTGGAAACCAGC,"[[25354689, ""C"", [""A""]], [25354856, ""C"", [""T""]]]",yes,yes,C->A,2
chr1,48182436,48182793,CATGAATTTCAACAGTGCTTCAGCAGTTTTCTTGTAGCTAAGGTAGGATGTGCCAGAGTGAGATGGGGATCAGGCAAACTGCCTATCAAAGCCCTTTCCTCTGCTGTCAAACTCAGGGAATCTGATTCTGCCAGCCTGATTCTTATGTTCCAGTCCAAGGGAAATTCCCAGGGGACTGGCTGCTTCAACCTGTGGGTAGAACTCTTTGTTCAGCTTCAGTGATCACAGCTGGCAGTATGAAAGTACTAACATGACACGCCTCACTCTGAAGGAAAGCAAGATGTAACCTGATGTACATATTTCATGTAATTGGTGCTGAACAAAATGGCTGCGATGAGTTTATTTTGAATGCTGAACC,"[[48182479, ""C"", [""T""]]]",yes,no,C->T,1
chr2,26591896,26592307,GCCAACAACGTGGGCAAGCTCATGAGCACATTCCCCCAGTCAAGCGCCCTCCAGGTGAGAAGGCACCCCGGCCAGAACCTTGATGGCAGCTTGCAAAACCCTAAGAGGAGGACCCAACTAAGTGATGCCTGGACTCCTAACCCACAGAAACTGTGAGGTTACTAATGTATGTAATCTAAAGCCTCTAAGCTTGTGGTAATTTCTTACACAATGGAAAACTCATCTAGTGCTGGTTCTTATCAGTGGCATTTACATAGGTAAGTTTCTGTGGTTTGCAACCGAAAGACTCTTGGCTAAGACAGAAACAGCAAGCCTGGGCTGGCATCTTCCCAGAGGAGCGACCCCAGCCAGAGAGCACTGATGGGGGCTTGAGCCAGCACGGCTGCCACCTGTGGGAGGCCTGGCCGAGAGG,"[[26591924, ""G"", [""C""]]]",yes,no,G->C,1
chr2,139805465,139805845,TCTTGTTTGTTTTCTTGCAAAAAAAAGTGGAAAGGAATTAGGTAGTAATAAGGGAAGTTGTGGTACAGTCATCAATCACCCTCTTGGAACTGCTCCAAAACCTCCATCTGCATCAACTCGAGAAAGAATGCTGAGATCTTTTTTGTCCATTTACCATATGGTCTGGTCTATCTAACGACACCCATGTGGTTTAAACAAAGGAATGATCATTGTAATTCCTCCCATGATATCAACGTGACCACTTATTCTGGCATATGGCTATAGATCCTATACTTGGTATAAGCTTAACAGGAGAGTCATCTTCCTCCATTAGCCCTGACACTTTCATTTCCATGTGTAGAATTGGTTCAATTCAGTCACTGAACTTAAGCAATTATTAAT,"[[139805520, ""G"", [""A""]], [139805649, ""C"", [""T""]]]",yes,yes,G->A,2
chr15,93932377,93932722,ACTTGGTGAAATTAATAGGTCCTTCACTCCAAAAGGGAGATTTGGCTGGGGTACGACCAGATCCATCCTGCAGTCACATCTAGTCATGATACATTCTCTGAGATAGCTAGAGTGGATGTATTCATCCATTTTACTGATAAAGAGATTTAAAAAGTTCATTGACTTGCCCGAATGCTCACAGTTTATAAGTAGCAGAGCTGAAACTGAAACTTATCTCTTCTGATTTTCAGTTTCTATTTATACATTATCGTTTTAAAATTGCAGAGGTGGATGGAGATATAGTTATGGCTATACATGTTTATAAGTCTGAATGTATTTTATGTCAATAAATAAGATGCATTCATTT,"[[93932497, ""C"", [""T""]], [93932706, ""G"", [""A""]]]",yes,yes,C->T,2
chr14,38623727,38624027,AATAGAATTGAATCAGTAACAAGAAATTTTCTAACAACAAAAAAATCCCAGGGCCAAATGGATTCACAGCTGAATTTTACTACACATACAAAGAAGAGCTGGTACTAATCTTGCTGAAATTATTCCAAAACATTGAAGAGGAGGAATTCCTCGCTGACTCATTCTGTAAAGCCAGTATCACACTGACACCAAAGCCAGGCAAGGACACAACAGAAACAAAACTACAGGCCAAATCCCTGATGAACATAGGTACAAAAATCCTCTGAAAAATACTAGCAAACTGAATCTAGCAGCATATCAA,"[[38623746, ""T"", [""C""]], [38623860, ""C"", [""T""]]]",yes,yes,T->C,2
chr12,42609728,42609931,AAAACAAATTTTTATTTTTATTTTAGTAACAGAGTCTCGCTGTATCACCAGGCTGGAATGCAGTGGCGCAATCACGACTCACCGTAGCCTCGACCTCCTGGGCTCAAGGGATTCTCCTGCCTTGGCCTCCTGAGTAGCTGAGACTACAGGTGTACATTACGTTGCCCAGCTAATTCTGAATTTTTTTTGTAGAGACAAGGCTTT,"[[42609760, ""G"", [""A""]], [42609887, ""T"", [""C""]]]",yes,yes,G->A,2
chr14,78618444,78618774,GCACAGAACACGGGCCTGAAGTGTGCTGGAAGTTAGCTGAAGGGCAATGTCAGCGCACCAGCTTTGAAATTACATGCAGCGCAGTCACCGTCCCTCTGGAAAACTGTGCATTCTGTGAATGCTGACTCTGGAAGTGCACACGCTGAGCATCAGGGCTGGAAAACAGCTGAGAGAGAATGTTCTCCCAGGAGAACAAACCTTAGCGAGCTTCCTCCATGTGTTCTGTACATCTGCATCATCTCATTTCATCTTCAAACAATCCATGAAGTAATGCAGTCTTCTTTATATGGTAGGAAAACTGAGGATCAGAAAAATTAACTGATTTTATTCA,"[[78618455, ""A"", [""G""]]]",yes,no,A->G,1
chr5,168604447,168604796,CAAAAAAAAAAAAAACAAAACACAACAACAACAAACAACAAACAAACAAAAAGAGACCAAGGAGAGGAGGTTAAAGAGGAGCAGATTCTAAGGATGTTACTTCCAATAGTAATTGCTGGAGTAAAGATGGGATTTCCAAGTCTGGGAGGTTACTAGAGCTGTCTGAGAGGAGCTGGACTGATGTAGCCAGAAGTGTGACAACACTGGGAGGGGCACATTTGGACTGACTTTGAGCTCCCTTTCTATTTTGGGAGTTTCTGGTGGAATGCAAAAATGTTTGACAATATCATTAAGCCTGGAATATGTGTAAATAAGCCAATATTTCACTAATACAAGGTCCCTTTGTAAGG,"[[168604462, ""A"", [""C""]], [168604591, ""A"", [""G""]]]",yes,yes,A->G,2
chr1,18142866,18143348,CCTGTGGCCTGGGCAGCCCCCAGTGGCCATTGCCTGGCAGCTGAAGGGTCCAATCATGACCTGAGTGTTTGGATGGGGAACCAGAGGCTGTGGTCACATGTTCCCCAAGTCCCTACCCAAAGGGTCTGGCCTCTCCAATTTGGGGGACCCCAGGATGCCCAGAGCCTTCCCTGGGCCTTGTCTCAGGGACAGGACTCATGAGCCTGACCCCACACAGGCCTAGTAACAGCAGATGTCTGCGGTTCAGCTTCCAAGGCTCCCGCAGATGAGTGGGCATCTGTAGAGGAGGACCCTGGGCCTGCGTCCTTGAGCTCAGCCAGGCAGCTGCTTGGAGTGCAGCCGTGATTTAATCTCATTGGGCCCTTCTGTCGGGCCTGGGCTCAGGATGCGGAGCTTCAGGACTTCTGTGTGCCATCCCCCACCCCCTCGTCTGTCCCCTTTCAGGCCGGGACCCTCATCTCTAGGCTGGATGACACAACAGCC,"[[18143045, ""C"", [""G""]], [18143278, ""T"", [""C""]], [18143295, ""G"", [""T""]]]",yes,yes,C->G,3
chr14,104051428,104051809,TTTTTGGTAGAACAATTTGTTTTCTTTTGGACATATACTCAAGTAATGGAATTGCTGGATCAAATGGTAGTTCTGTTTTAAGACCTTTGAGAAATCTCCAAACTGCTTTCCACAGTGGCTGAACTAAGTTGTATTCCCACCAATGGTGTATAAGCATTCTCTTTTCTCTGCAGCCTTGCCAACATCTGTTGTTTTTTTGACTTTTTAATAATAGCTATTCTGACTGGTGTGAGATGGTATTTTGTGGTTTTGATTTGCAGTTCTCTGATGATTACTGATGTGTGGAGCATTTTTAAATGTTTTTGGCCCTTCAGTGTCTTCTTTTGAGAAGCGTTCATGTCTTTTGTCCATCTTTAATGGGGTTATTTAAACATGAAATTAA,"[[104051501, ""C"", [""T""]], [104051687, ""C"", [""G""]]]",yes,yes,C->G,2
chr12,69158183,69158434,TACTGGCTCCTTCCACTCGGCTCTTACAGCTTGCTGTATAGACCTTTCTGTCTTTGTTTCTGTTGTTTAAATGTCTACTTCTCTCACCAGACTGTTAATGCCTCAACAGGAATTGTGTTTTATTGATTTTTGTTTGCCCACATTGTAATCTAATAAGTGTTTCTTAAAAGCTTAATGGAAGGATGAACGAGCAGGAAGGCAAGAAGAAATAAAAATATAAATGTACTTGGAAACCTACACCTCCCAGTCACA,"[[69158185, ""G"", [""C""]]]",yes,no,G->C,1
chr13,19507654,19508111,CACAGTGTGTAAACTAACAGCATAATTATGAATAGAATATACACTTGTAACAGATAGCTGTGTCTCAGTCAATTACAGCAGCTGAGCTTCAGTCAATTGCGGGTGGCTGACTGATTCAAATAAGACGAAACATCCAGCTGTACCCAGTTGTAACCAACAAAGCTGTTTCTGGACCTCACTTCCGTTTTCTGTCCATAATGCTGTCTGGCCACATTGCCAGCTTTTGCCAGCTTGCAGTTCTCAGAACTTGTTCTCGTTCTAAAAGCTTCCCAACTCACGAATCATTCTTGCACTATTAAACTCTGTTAAATTTACCTTGTCTAAAGTTTTTCCTTTTCACAACCCAGAGGAGTTGCCTGGTCAGTGTTTCATGGTTCCTGAGACTCTCTACCCTGGGGCACATCACTTCTCTTCATTTTAAACTTACTGACAATGACACGGCTTACGTCCTAGATTTC,"[[19507655, ""C"", [""A""]], [19507677, ""G"", [""A""]]]",yes,yes,C->A,2
chr4,23912112,23912369,AGAGAATTCCCAGTGAAGAGATGGCATTTTCAAGAGTAGGTTCTAGAAAATTCCCAATGAAGAGATGGCATTTTCAAGAGCAGGTTCTAGATTGGGCTTTCTAGGTCAGACCAAGAGACAGCTTGTTGCAGAGTAGGACTTAACACCCCTGGCTTCTGACAGTGACCTCAGCTCACAGCTCTATGGCCTAAGGAAAGGTACCAAGGCTTTCTGTGTCTCAGTTTCTTCACGTATAAAGTAGGAATCACCATGCCTATA,"[[23912132, ""G"", [""A""]]]",yes,no,G->A,1
chr9,33809523,33809850,ACCAGGGTGACAGTAAGAATTGAGAGGAGAGACAGCTTTGAGAAACAGCAGAAAAAATTAGCACAACTTGTGATGGACTAGCTATGTGGAAGATAGCCAAAGCAATCCTACACAAAAAGAATGAAGCTGATGGCGTCACACTATCCTACTTAAACCATCTACAAGGCTACAGTGAACAAAGCAGCATGGCCCTGGTATGAAAACAGACACACAGGCCAATGGAACAGGTCAGAGAACCCAGAAGTAAAGCTGCACAGCTACAACCATCTGATCTTCAACAAAGCCAACAAAAACAAGCAATGGAGAAAGGACTCCCTACTCAACAAAT,"[[33809558, ""G"", [""C""]]]",yes,no,G->C,1
chr2,44983023,44983283,AATTGCTCACCCAATGCAGGCATCCTTCTTGCAATTTGACAACTTGATAGCAGCAGGGTCCCTTCCAGTTTGCAGATGATGTTCATAGCTCTTTAATGCTCACTGCAACCCTGTGAGGAACACTGGTGAAGTGACTCACCCAAGGACTCCTAGCTACTAAGTGGCAGGATTTATTAGTGTCATCTGACTTCAAGGTCAGCAGTCTGTGCAACACAGCTACCTCCCCATCATGCTTGGTAAATGTTTCTCCACTTCTTTTCT,"[[44983030, ""T"", [""C""]], [44983051, ""C"", [""T""]], [44983224, ""C"", [""G""]]]",yes,yes,T->C,3
chr2,140931011,140931239,AGAGATCCTCAGCAGACAGATGCTTATTAAAAGCCACCTCCCAGACTTTGGGCTAACTGGTTTGTGTTGGGATTGGTGATTGTCCTGCTCTTTTCTATGTAATGTGGGATAAACTCCCTAGGGGATGCTGCCTACCTAATGTAGTATGATCTCTGCTGTGAACTAACAATGCAGTCAAGCCTAAGTCTTTCTTCTTAAATCAACTAGTCCTTATCCCATTGGACCTTCA,N,no,no,N,0
chr7,68828654,68828925,ACAGTAGCCTTGGACAGCAGCAGGAAGCTGCAGCCACAGTGACTGTGACCAGGAACAGAGGCCACGTCAGCTGGACTTAACAGCCAGAAGGGCTCAGCTGCACAGAGCAGAGCTTCCCGGCTCCGCAGCTTACCCGCATACACTGGCACGCCGGAAATCAAGCTGACAGAACTTAAAAGGCACAGATTTTGAAGTCAGTAGCATTTTGCTATGGGCAAGCCACTTACCGCTTTGAGCTCTGGACGCTTCGTTTACGAAATGCTGGGCAAACA,"[[68828784, ""C"", [""T""]]]",yes,no,C->T,1
chr15,79214938,79215275,AATTTTTAACAAGGGGACCTGCATTTTCATTTTGCACCAATTATGTAGCCTATCCTCCCTCTCAGGGAGGCCTCTTCACTGGATCTTTCATCTGAATCAGCTTCGTGGTTTCCTTATGCTAACCACATATTTGTTTTGTATCCAGCCTGGCTGTATTTGCAGAGGCTGAGCCCAGAGGATGGCCATGGAGAATGCCTGGGCACTAGGAATAGCACTAGGGTGGAGGCTTTGCCTGTGAGAAGGGATGCTGGTGAGGAAACTGGGGCTTCAAGTTTAAGACGAAACCACCTGTGTGCTTCTGTAGCTGATCCAGGTACTGAGCCAGGTACAAGAGCTAC,"[[79215083, ""G"", [""C""]]]",yes,no,G->C,1
chr8,118804036,118804309,TTTCACATATGCTGGAAAGAGATCCACTTAATACTCTTGGCTCAGATTTATTCCCAATCTTTCTTCATGCTCATAGTTAATGTCACATTATAGAAAAGCATGTCATGCTAATTACAAAATCATTTAGGTTGCCCAATATTATGGATTTTTCCATTTCCTGATAATAGAGCCTTTCAGAGGAGGTCAGGTCATGTTGGGGAATATTGCTGAATACAGATAGTGGTGAATAATTCAAACAGCAGTCATGAATCCATTGAGAGGAAAGTTCGGAGTA,N,no,no,N,0
chr8,53592425,53592766,ACGAGGACTCCAATAAATGTCTCCAAGTTGTATTGCTGGTAATGAGAAGCTATTTCTCACTCCACTAAGAATGAAGATAGAGATGCGAAAAGAAATAAGAACTGAGATGAAGAGGGAGAGAGGACTGAATGGAGCCATATGTCTGTGTCTGTTAGAGTGGTTTTAAAGTTGGCTGCTACAGTGATTTGGAAACTATTGCCCTGGTTTCAGGAGTGAAGGAGGTCAAGCTCCAGGGCATGCTATTCTCACTTAGACTCAGAGCCAGCCCTGCCTCAGTAGCTCAGCACCCAAGGCCTTCTGGAATCTGTCAGCTGAATTCGTCCTGCTGCTCCACGCTATGCA,"[[53592753, ""T"", [""C""]]]",yes,no,T->C,1
chr6,162878478,162878792,GAATAGACTGAATCTTTTTCTCATCTGTGCCTGCCTATCTCTGTGTATAATGAGATTGTTACTTGGATTCAAAGAGTGACATCAGCAAGATGGCCAACTAGAGCCACCTGATGCTCATTCCCCCAACAAAAGGAGACCAAAACAACAGATGGTTACCCATGTTATACATTAAGCTTTTAAAAAATAGTACTAGGGAAATTTGAGATTGTTCTAGGCCTTTGAGTTTGGAAATAGAGCTGACACATAAGGGACAAATTTAAAAATCCTCTGATTTCCCCAATATGTTGTTTCTAGCGGTAGTTTACCGTGATTTGT,N,no,no,N,0
chr15,73852662,73852864,TCACCAAGCCTGGAGAACACCATCCCCGGCCACCTCCCCACTGGCAGCATTGTCATGGGTGCCGTGCTGCACCACCCATATGCCCCCTTCAGAACTAAAGGGCTTACTCTCCCAGCTGCCAGGAAAACGATTTTTTGACGCTTCTCATTTCTCAGCCCCTCTGGGAATTGTCTCAGCTGAAGAAAGCATCCATGCCTAAGGTA,"[[73852713, ""A"", [""G""]]]",yes,no,A->G,1
chrX,89549624,89549939,AGGTCACGGCAACAGGAAGCAAAGTGGATCATTAGGGGTAATAGCTAATCGTGCCACTACCAATTCCACTCCTTGAATGCTGGACACAGAAATCCTAGCTATGGGAGAAACAGCACCAAATTAGATGCTGATTCAGAGCATAAACATTGTCCTGAAGAATCTTACCCCAGCCTTTCAAGATAGTAACCCTAGTTGGCATAGTAACTGAGTCATCAAAAGGCCATTCCACTGTTCTATTAAGCCTGCTGCTTTATAATGGTGAGAAACATAGTAAGACCAATAAATTCCATAAGCATAGGCCCATTGCCACACCTTA,N,no,no,N,0
chr12,9351644,9351971,TCAAGGACTCAACCTTTCCATTTCCTCCCAGGACCCGCGCTGAGTCCCCTTAGCCTCTTCACTTGCTTCTGCATGGCCCGTCCTGTCAGTTATTTCAGCAATCCCTCATCCCCTTGACCTCACCGCCTGCCCCTGGGGACAATCACAAGAGGACTCCATTTGACTCAGTCCAGCTGCCGCCTTCTCTGTCCTGCCTGAAGCAGCTGAGCGCTGTTGAGACCACACGGCCTCATGGATCTAGACGGGCATGAGCTCCCGGCCTCTGCTTCATCCTTGGTGCTGCCCGTAAGTCCTGTGGTCTCTGGCCAGCTTTATGTCCTACTCCCCC,"[[9351680, ""T"", [""G""]]]",yes,no,T->G,1
chr5,55558434,55558844,ATGCTACTGATTTTCTCTAGTTAATGTATATTAAATTTTCATTTTTCTGGCCTTTCTAAGTTTTCTAATTATAAAATTTATAGAAGTGGAAAGAAAAAACAATCCCGTTAAAAAGTGGTCAAAAGACATTTCTCAAAAGAAGACATACAAGTGGCCAATGAACATATGAAAAGAATGCTCAACATCAGTAATTATTAGAGAAATGCAAATCAAAACCACAGTGAGATACCATCTCACACCAGTCAGAATGGCCATTATTAGAAAGTCAGAAAACCACAGATGCTGGTGAGGCTGTAGAGAAAAGGGAACACTTACATACTGTTGATGGAAGTGTAAATTAGTTTAGCCACCGTGGAAAGCAGTTTGGAGATTTCTTAAAGAACTTAAAATGGAACTACCATTAGATCCAGC,"[[55558540, ""A"", [""G""]]]",yes,no,A->G,1
chr4,108690773,108691054,TTCCTCTGTAACAATCTTGATGTGACAGTTTCAACAGGCTGTAAATGAAGTGACCCTGACACTCCTCTCTCAGGACACATCAATGTGGGACATGTTCTTTATTGTTTGTGAAGAACTGATGGTTCATCTTTTGGAAAAACACAAACCAGCTGTCAAAAGGCCTTTATTTGTGCAATAGTTCAGATTACAGCACCATTGGGCAACCCCTGTGAAGGATCATCCACTTTAACTTTCTGAGATGCTGGTATTTCATCACTTTTGCTGAGGTTCCAGGTGGTTTGG,"[[108690782, ""G"", [""A""]]]",yes,no,G->A,1
chr10,8600239,8600561,ATTGCTTGAAATACACTTAGAATAAAAGCATCAGCATATTTACAACATGAACTATAACTCTTCCTCCAAAGCACGTTAATTCATAGCTGATAATTTCAGGTCCTGGACTTTGCAGACACCTTTTCAGCCTCCATCTTTGACTCATCCTTTTGTCATCTCAAGACCTCATTTGCTCAGAATTCACTCGCAACGGGCTGGTTGAGTCATCTAATTGAATGGCAGAAAACCACTGTTTCCACACCCTCAAATTTATTTTATTAAGTACAAATACATATCAAATTCATTACAAATGAACTTTTAGAATTTGCAAACAGCCTCATGAG,"[[8600252, ""T"", [""C""]]]",yes,no,T->C,1
chr8,77308095,77308448,CAATATGAAATAGCCCTTGAGAGAATGAACCAGTTAAGAAAATGACGGCTACATAGTACGAAGTTTCCATCTGAAATTGGAGGTCATGCACTTAAAATAACGTTAATCAGCACAGTTGGACTTTTTCTCTTATCACAATTAGAGATATAGGAGTATGTTCAAGTAGGAACTGAATTAGATTTGACCAGGTGTTAATCTAGGTGTGACTTTGCCCAAGAAGTGGGCAGGGAGGAGGACAGAAACTGAGAACATTACAGTAAGTGAAAAAAGTCAGCCACAGAAAGACAAATACTGCATGATCTGGTTGATGTGGAAATTTAAGAAGTCAGTCTCATAAAAGCAGAGTGGAATGGT,"[[77308154, ""C"", [""G""]], [77308224, ""C"", [""T""]]]",yes,yes,C->T,2
chr12,96438354,96438699,ACGTATGCCAAATAACATTTATAAGAAAATTTAAGTTCAGTTGAGAACTGCAAATAAAAAGCTTTTAGTTAAAAAGAAAAAAGCTTTTAGTTAAAAAGAAAAAAGCTTTTAGTTAAAAGGTGACCTCATCTCTCATTCTGCCCATCTTTCATACCCCTTTCCTGTGTATACACACACGTGCCCTCCCTGCTCTCTGGCCACCCTGGATTCATCATCATTCAGAGGAAAAAGATCTCTGACCTGCATGCCTTTGCTTATTTTATTCCCTTTGCATATGGGGCCATCTCCACCTCTCTGCCTAGTTATTCCGTCTTATCCTTCAAGGCCCAGTTCAAAAGCCATCTCA,"[[96438355, ""T"", [""C""]]]",yes,no,T->C,1
chr18,52676604,52677100,TCCTTAACTTAGAAATCTGTCTTCCTATGAGAGGTCATAGTTCCCAGTGGGTGCACAAGAAAAGGGTCAAGTTGGAACCAGACATCACCCTGTCCCAAGTGCAACGTGAGATCAGCAGGAGCTTGATTATTGATTTTTGTTTCCTTCTTCTCTTGGGTTTGCTTTCTTTTAGGAGCCAGTGGACCTTAATTCACACAGCTTAGGAGGTAAAGCCAGCTCTGCTTTACTTACCCAATGATCTTTTCCTGGAGATCATGTTCCTTTTGTCCTTTTGTCTTGAATTGAAATCACTTGGGGGTTATAAATTTTATCTTTTTAACCAGATAGCAAATGCCTTAAGGATAGAGCAGCATTTTTGATATCTTTGTTTTTTTTCCCCCAAACTACTTCCTGTAGAAACTTGAACATAATAAATCCTCTAATAGTTTTTTAATGTAGCTCAAAGAGCTCTGAGAAATAGTGAAATTCAACAGCAAATACATTCAGCCAACATTTTG,"[[52676621, ""A"", [""T""]]]",yes,no,A->T,1
chr2,151119395,151119707,TTAAAAAAGTTTTGAACATATAAAAAAATCTTTTGGTGCTTAAAAACTTACACTTGCCTAAGTCATCTATTCCACAGCTCTGGCAGTAAAGATTAATAAATGTCATTCTTCTTAATGCCACATCAGAAAATGTGGCCTTTCAACATGCACATTTGTGCAATTCAAAACCATGGGGGGTCTCCTTAAATGACTTTTCCTGAATACATTCAGGGATACACATTACTATGCATGATGAAAGAGATCAGTAATGTTTCTCATTTTTATAAGACATTATTTCCATTTTTTACATTACTGTAATAAAGAGGATATAGCA,"[[151119396, ""A"", [""T""]]]",yes,no,A->T,1
chr15,27826419,27826784,CATGGCCCTCAACCACTACACTCCCACAGCCAACTGTGCCATGTCAGGGATGCAACTGGTGCTCTGTGTAGACGGAACCCAGGCCTGGACACTGCCTCCCCCTCCTTTCCCCAGCTCCCTGCGCTGCTGACCTATCCTTTCTCAGCATGTGGTGACTCTTAGCACACTGACTCCTGCGTTCATGCCTCCTCTGTGGCTGGATCCAGATTCTTCAGGCCCAGCTCCACATTCCCAGGAAAGAAACTCAGGCTGGCCCACAACTCTGTAGATATTACCTTGCAAATGGGGGTGGCAAGGCCAGTGGGCAGATGAGGCCATCCAGATGAACCCCAGCGGCCTAAGTTATTGAGACTCCCCACTGCATGA,"[[27826421, ""C"", [""T""]], [27826541, ""A"", [""G""]], [27826586, ""C"", [""T""]], [27826761, ""G"", [""T""]], [27826762, ""C"", [""T""]], [27826765, ""C"", [""T""]]]",yes,yes,G->T,6
chrX,3403786,3404135,ATTCTGCCTGGAAGAGCATCGGCACATCACCCATACCCATGAACAAATGGATATGAGCACCACAACTGCTGAGCTATCTACAGACTTAGCAGCTAGGAAGCTTGTCTTGGATGAGAATGTTAAATAGGAAACTCTATCCCTCAGGAGTTTCCATTCTGGCTTCTCCTACTGATTCTGAAAAGCAAAGCATGTGCTTGAGTGACTCACACAGCACAGTGCATGAATATGTCTGAAGAGGTTCCTTATGTAGCTCATGGGACCATGTTTAATTGAATAATGTTCTACTACTCAGGTTTTTATCACTTCTGTACACTGAAAGTCTGAGAGTAAATGATTCTTCTCAATGCATT,N,no,no,N,0
chr7,155018139,155018393,CAACAGGTGTTCACTAACTAATGAGCCTCTTGACCCCCGTACAGCACTCTCCCTGCTTCACTGTGATAACTCTGCGGTCTCAGGAGGTCTGTCTGAATGCTTGACCATCAGGCAAACAAGGGAATTAGGGCTAATTAATTAGTCAAGACTTTGAAATCCACTGAGAAATGGGGCCTCATATTAAGTGCAAACTATCATCCTAAGTAATATATTTGTGACACTTTCATTAAATTTTCTCTCAAATCTTGAAAAATA,N,no,no,N,0
chr4,630852,631154,CAGTGCTGGAACCAAGGGTGTATCTGGCACAGGCCTGGAAGGACCAGGGAGTGAATGGGGCCAGTGGTGAAGGAGAGAAGCTGTCGGCATAAGGATGGTAACGGCAGCCCACCTCAGCTGGGACAGCTGAAATGGAGCCAGGTGCCTGCTGAGACCAGTGACGCAGCCAGGAAGGCAGGGGACCCAGGAGCAGCTGTGAAGGAGAAAAGACGGCAGACGAACGGGCTGAGAGAGCATTTTACAGAGTCCTGAGTGCGCTTAAATCCCAGGATGGGGAGAGACTATGAAGAAGAGAAGGTGACA,"[[630861, ""G"", [""A""]]]",yes,no,G->A,1
chr12,23540570,23540984,TTGTCATCTCCGTGGGGTCTGTAGTGAATTTGCACATTTTACTCCAACTAAACTATTGTATATCTAATCAGAAAAAGATGTCCCTCTTCCCCTGATCTAGCGCCAAGCAGTAAAAGGTGATTCCTTATGTTAACAATTTCAGCAGAATGGCTTATTAAAACCAGATTTTAGGGTATTATAAAATGCTTAGAAGCCCTTTAAAATGTCAACTAGGATCCCCAGAGACTACGTAAAATGTCAACCCAGCTCAAGCGCCTGTTTTAAGCAGAATGAATTAGCGGCATGCTGTCGGAGGCTGTTATCCAAAACAATCAGCAAAGAGGAAAACATCAAGCTTTCTTTGTACTTTTGTATGAAATGGGTCATTTAGAATGATCTTGTGGATATTTGAAGATCACTTATTTATTTAAAGCTG,"[[23540625, ""C"", [""T""]], [23540782, ""C"", [""G""]]]",yes,yes,C->G,2
chr12,7396001,7396346,CACTTGGTCATAAATGTACTGACTAAGAAGAAAGAAGGTATGTTAGAGAACCCAGGCAGTTTCTTTTAAGGAAGCCCTGGTTTGGGTATCTTACCAGAACAGATCACTCCAACATCTTCACTGTGACTGCAGTCATTATTTCCCCACCCACTGTTCCTGCATGACCAGAGATCTGACTCATCTCCATCACAGGAAACATCATCGAGCCAAATTTTTCCATATCCTGTAGAAGCGTTTCCCAGACCCATGCCAATGATAGAAGATGGGCAGTCCAGCTGGCTACACACCACAGCTGCAGCTTTACTGTTCCAGCCGTCATCACACACTGTGCCCCACCGTCCTTGAA,"[[7396005, ""C"", [""T""]]]",yes,no,C->T,1
chrX,107253939,107254190,TGTTTTAAAAAGCAGTGAGATGGCAGTGTAGGACTCTCCATTAATCATCCCCCCCACAGAAACATCAATTTGAACACATGAAAAAAATCTTTACAAGAGCTAAGGAAACCAGGTGCAAGATCACACCACCTAATTTTAGCATAATAAGACACACTGAAGGGGATGGAAAGGGCCGTTTTACATTACTCACTTCACCCCTCCCCCAACCCCAGGCTGCATGGCTATGAGTAAGTTTAACCAGGGAGGTGAAAG,N,no,no,N,0
chr6,85353043,85353344,AGAATACTTTTATAGCTGGTCCCTTTGCTATTAATTAAGCTAAGAATATTTTTAACCTTACAATCATATAAATTCAAAAAGACACTGAGCACTACACTTCTGTACTCTGGGTAAATGATACAACAGATTTCAAGGCAATGTAGCCAATGCTGGGCACCTGGGGGTTTCGGTTCTACTTCTGGATGTGTGAGTTGGGGCAGATGGCTTAGCCTATCTTGATCGTAGTGTCCTCGCAAGTAGAATCCTGTGGAGTGGATTAGAATAACTTCTTAAATAATATTAAGACATATTTCCATATAGCA,"[[85353097, ""T"", [""A""]], [85353328, ""A"", [""C""]]]",yes,yes,A->C,2
chr2,179588761,179589124,CACTGCCCTTTGTGTATGTGGATGATGTTTCTGACCCACAATCAATGGTGGTGAGTCTGAAAAGGAAAATGTGATGATACAATAGGGCTGAGCTTTAGCGGCTATACACAGAAGGCAAATGTCACAAAAAACAAGAACTCTTGCAAAATGCTGCCCAGCACTGTAGAGAGAGCTCTGCAACAGTCTACATGTTAGGATTTCAGAAACCTGCTTCCACCTGACCTGAAACCTCTTGCCTCTGTGGTATTTTTCACATTTTGGTCTTAGTTTTCAGGCCAATTTCTATTATCTGAAACTGTTTCATGAGTTAACTGGTACCCCATATCTTTTCAGTGACAAAGAAGCATTAAATAATAATCATACC,"[[179588800, ""C"", [""A""]]]",yes,no,C->A,1
chr18,54094428,54094894,TATTGGCAAATCATATTTAAACTGTCATATCCAATTTCGGTGAAAGCTGCACTTTAGTGGTGTTTGGTATGAGTGCAAACAAAATACAATGACATTTTAGAGCTGAGGGAACATCCTCATTTTACAGATGAGAAAGCCACTATCCACAGGGTAAAGGAGCTCAGGCAAGGAGTGTGGTACAGAACTAGAAATGAAACTTTGGTTTATGCTCCACTTACCCACAAGCCTCTGACACCATTACAGGCTGGCTCCACCTGTTCTCAGGTTAGGCCCACCACCTGCTAGTGGAGATGTTGCTCAGCCTCTTAAGCAACTCCACGTACCCTGAAGCGCATGCTGAGAGCCACAGACTAGGGTCGCTCTCTCTCTCTCCATTTCACTTAGTCATGTTTCCTTAAGACTATAGATGAGCCTCTGAGCTGAGAGTTTCAAGAAGGGGCATCCTTGATCTCAGCCCTCACACCTCA,"[[54094438, ""G"", [""T""]], [54094531, ""G"", [""T""]]]",yes,yes,G->T,2
chr17,52155242,52155619,CCAAGATGCTAAAGAGGTGCTTTGTTTTTAATTTTTTTAATTTAAGATTTAGTAGATTCTATGATCACAGGGTTATGTTCCTTTCAATAGAGCTCAGTCATGAGTAAATTAAAACTGCAAATCATGGAGACAGAAATGAAAGATCCACTAAACTCTCTCAAAGCCACAAATATTCAACCTTAGTGCATTGCATTTCCTATACATCCTAAGGCTGCCAGATGGAAAAAGAATGGAGTCTGAGTCTCCCAAACTGTAGCAATTGTGAGTCATAATCATATTACTAATAATAATTCTCACATACATGGGCATTACTGAATGAGTGGCTCTGCTTACAGGAGGATGAGGCCACCCTGACCATGGAGAAGAAATGGCCTTTTA,"[[52155274, ""A"", [""T""]]]",yes,no,A->T,1
chr4,31415636,31416039,CATTCAAACACCATTTATGGACCATTTATGGTCAAAATACATCGGGCGTTACAGAGAAGAGAGCTTTTCTACTCCCAAAGAGCTCAAGATTAAAGTACCTAAGCCTGCTTCACAATGGACTGAGTTTAACAAGTATTTGTTGAAGGGCCAGTGTGTACAAAGAAACATATTGAGTATTGTAGTAAAGATATAAAGATTAAAACAATAGAATGCTTCCTTCTAAGAGCCTTGTGTAATTGCTGGGTACATGACCTATAAGTAAACAATACATCCAAGACAGTACATTCCAATAACAGTGACAGTGCTAACATTGTAGAGCACTTAGATTGCACCAAACATGCTTCTAGGTATGTATGTGTATTATCAATTTAATTATCTTACGTATTGTCTGTATGAGATATTGT,"[[31415654, ""T"", [""G""]]]",yes,no,T->G,1
chrX,82811424,82811867,GTGCTATAAGTTTCCTTCCAAACACTGCTTTAGCTGTGTCCCAGAGATTCTGGTACATTGTGTCTTTGTTCTCACTGGTTTCAAATGACTTATTTATTTTTGCCTTGATTTCCTCATTTACCTACTAGTCATTTAGGAGCAGGTTGTTCAGTTACCTTTTAGTTGTGTGGTTTTGAGTTGAGTTTGTTAATCCTGAGTTTCAATTTGGTTGAACTGTGGTCTGAGACATTGTTTGTTATGATTTCCGGTCTTTTTCATTTGCTGAGGAGTGTTTCACTTCCAATTATGTGGTCAATTTTAGAATAAGTGTTATGTGGTGCTGAGAAGTATGTATATTCGGTTGGTTTGGGGTGGTGAGTTCTGTAGATATCTATTAGGTCCACTTGATCCAGAGCTGAGTTCAAGTCCTGAATATCTTTGTTAATTTTCTGTCTCATTGATCTG,N,no,no,N,0
chr4,9715244,9715634,GCCATTTATCTAACAAGGCTGTAAGGGTCTTGAACTCAGGGTAAGCAAGCCTTAAAGCAGAAGAGAAGAAAGAAAGGCTTTGGAACCTGGAGCTTTGGCAAAGGGCGCAGGTGTGGGGAACGCACCACCAAACTTGCTCCTGGCATTAGGATGAAGAGGAAGGAGAACATTCTATCTAGAAGGGGTTTGGGGTTAGCCAGAGGGGTGTGGGAGAGTCAGAGTCTGCCAACTTGTGGTTTTGCTGAGGGCTACACTGTGGTAGACAGGTGTTTCATTTCTGCTCTTGAAAATTTTGTTTCACAATCCTTCATCTAAAACAGAGCAATTCCCTTTTTCTAAGTTTTGGCCCACTTTGCTTCATCTGTCTTCTGTTCTCTTATTTTTAGAGACA,N,no,no,N,0
chr15,71191303,71191664,AAATTGGCCCTGTCTCTGGACTCCCCTATTTTTCTTCTGAGCACCAGTGTTTATGCTGATCTCCTAGACCTGGGCTGTTGGTCGCATTAAACTCTGTTATCCGGTTCATGTCTGGTTTGCCTTTCCTTTGTGCTGCCTCTCACATTGGCCATTCGTGCCTTTGCCCATCTGTTAATTATTTGCTGCGTGCCAGGCATAGTGCTAAGTACATCTGTTATTCTACTTAAACTTCACAGCAACCTTATGAATCAGTAGGCAGGATTATTATCATCCCTGTTTTATCTCTGAGGAGACAGCCTTTGAGATGGATAGGAACCTTGGCTGACTAGTGGTGGAACAGAAATTCAAGCTCATACTGAGCC,"[[71191342, ""G"", [""A""]]]",yes,no,G->A,1
chr2,180472144,180472532,CACAAAACTGGGTTTTGACTACTCCTCTGAAGTCATGCATGTTTAGCTGTACCTAAATTCGAATGTGATTTTTATTATTTTGAGGCTTCAGCCCCAAAATGGAGAGAAACAGTCCAATTCAACATTCTGTCACATCTGGTTTTCATTAGAGATTATAGTTTAGCTTCTTGTGTAAATAGCCAACAGATTCTGGGAACTATGTTTTACTTTTACTTTATTGTTTATGAAAGCCAAGGAGGAGTAGCTTAGCTCACCCCATCAGCACCATTCTAAAGACACTACAGTTATCTTTGGTGTTATCAGCCTTTGTTTTCTGGGGCTTGTCTTACTATTTCAGATATTATCATCCTTGTTTTTATGTTTTTCTCTTTAGAAATCTTTTGCCTATT,"[[180472170, ""T"", [""C""]], [180472390, ""C"", [""T""]]]",yes,yes,C->T,2
chr18,69725027,69725362,TTCTCACTTATGTACATGATTCATTCATTTCTACCATGAGCCCCTGAATTCTCCTGAAGGTGTTAATAACTGAAACTATTTTTGGAAATATGAAATAACTTCATTTGGGTCCAGTCATGGAGATGTGGTGATCTGGAGGTGGTAGACAGAGGATAAACTACTCCAAACAAGCGTCAGAATCTTACTCATTCGGGCAGCTTTCCCGATCACCACCCGTCAGCCTGCAGTCACATACTTGGCTGGGCAGAGCGCCTTGCATGCAACGAGGGATGGATAAGCGTTTGTTGAATGAGAACAAGCTAATGAGACTCGGGTTCTGTAAGGAGGCTTTCTGTA,"[[69725033, ""G"", [""C""]]]",yes,no,G->C,1
chr2,215253424,215253738,CCGAGGCTTGAGTAAGTAAATAAAGTGACAGGGAAGCTCGAACTGGGTGGAGCCCACCACACCTCAAGGAGGCCTGCCTGCCTCTGTAGACTCCACCTCTAGGGGCAGGGCACAGCCAAACAAAAGGCAGCAGAATCCTCTGAAGACTTAAATGTCCCTGTCTGACAGCCTTGAAGAGAGTAGTGGTTCTCCCAGCACACAGCTTGAGATCTGAGAACGGGCAGACTGCCTCCTCAAGTGGGTCCCTGACCCCCTGAGTAGCCTAACTGGGAGGCACCCCCCAGTAGGGGCAGACTGACACCTCACACGGCCGGG,"[[215253692, ""T"", [""G""]]]",yes,no,T->G,1
chrX,38661593,38661816,GGTCCTTCACCAGGCCAGTCATGTAGTTTATCCACGGTCTCCTATCTCTCTCCTCCCCGAACCACAGCGTTGGCTGCTTGCTGGTCAATTCTTCTGAGAAAGAAGCAAAACCTCCATGAGAAAGGTAACATATGCTGATGATTGATTTAGGGATTTGAGGTCTCTGAGGAGCTCAGACACACAATTGCTTTGGTGAACTCCGAACTTACTCATTGCACCTCACA,N,no,no,N,0
chr8,59927163,59927444,TCACCTCTCTAAGCTCAAACAAAAGAAATAAGTGTCATTGAAAATCTTTGAAGATTAAAAGAAAATACATGGTTATAATTATGACACACAAGAATGCTGTAAATACAGATGCAGGAGGATCGTGAGAAGCTTTTCAGAGTCAGCCAACACTGTAACCAGATTATGAGTCTCAGGATGAGGCTTAGTGGTGATTCAGGATGACTAAGTCAGACAGCCCAAGTTTAATCCTGACTCCATCACTTGCTGTCGGAACTTGAACAGGTTATTTACCCTATCTGTGCC,"[[59927270, ""A"", [""G""]], [59927283, ""T"", [""C""]], [59927347, ""C"", [""G""]]]",yes,yes,T->C,3
chr1,179008609,179008880,ATAGGCCTTTTTGTATTTTTAGTAGAGACAGAGTTTCACTATGTTGGCCATGCTGGTCTCAAACTTCTGACCCCAAATGATTCACTCACCTCAGCCTCCCAAAGTGCTGGGATTACAGGCGTGAGCCACTGCGCCCAGCCAAAAAGGAATGCTATATTCTTGCTAAACAAATGAACATGCCCAGAATTTCTGAAACAGGATGCACAGAGCATCCACCTCTAAGAGAGGATGGTTCACTCCAACACTCCCCTCTCTGGCCAGCAACTCGCAAC,N,no,no,N,0
chr21,25288179,25288490,GTCTCTAAACCCTTTACTACTATGCATAATTATAGCAAGTACTAAGTACATTATCAAGCTAAACTAATGCACTTGTAACTATGACTGAAACCGTTTCAGAAGTTGTTATCATGAGTTAAATGCATTCATTCATTCATTTATTCAACACATATTGAATAATCAATATGTATTGATTATTCAATCCATAGATCAATAGAAAAACAAATGGCATTATTCTTGCTCTCTAAGAACAAGAAGTCACGAGAGAAAGTCAGAGGAGTAAAGAAACAATCAGTATTCCTTTAAGCAGTGAGTGCTGCAACTGTAGAAACA,"[[25288220, ""T"", [""C""]]]",yes,no,T->C,1
chr2,151423028,151423455,AAACTACTTGGAAGGGTAAGTGCCCAGTTAATGAACAGTCAACAGTTTTTACATGCTGGACTCTTTATTTTCTTACCTTTTCTTTGTACAGTTGATGCTCATTTTTTCCTTTGTACAGCTGATGCTCATTATTTCATGCCTACTCACTAAAATTTATTTGTAAATCTGAAACCAGTACTTGCATTGCTTTTGCTTTCATTTGTAGACACCCAAAGTGGCAAAGAATTGGAGTCACACAACGTGCATGTTTCCAGCTGAGGTCAAGCAAGGTTACGCTCTGCCTTTTTGTTTTAGTTCTCATACCTTAAACAGGTGTCCTTTTTATAATCCATGTAATGCCACATTTTTCACTTTTCTGTGCTTTTCCTGGTGGTTTCACTGTTTAAATTTGGAACCTAAAGCTTGGGTCCAGGTGCTTTCTAGTTTGT,"[[151423131, ""A"", [""T""]]]",yes,no,A->T,1
chr4,19913737,19913976,CTTTCTCCTTACTGCTGTGAGACACATAATAAATTTGAGGCATCTCCCTGAAAGTCCTAGTCTAAGCATAAGAGAGAACAAAGACTGTGGTGAGTAAATAACCTTGCCCCGCCCTACACATTGGTGCAGATGTAATCAGTAACTTACTTCCATCTCAAACCTGTTCCATTTGAAAATGCTGGAGGGTGGTGAATGTGTAAGTGGGCGAGATAACTTACTCACTAGAAAATCCTGCCTAAA,"[[19913798, ""G"", [""C""]]]",yes,no,G->C,1
chr3,137864646,137864954,CCTTGTAATTCACAGAGAGGGGAACACCAGTGGCCTTGCTTAGAAACCCACAGCTAAGAGAAGGGAGAGCAGCTTGAAATAAAATTATTGATTTCCTTGGAATGAGGCCAGTATGACATCCTCTTGTAAGGCTTGGCTGGATTCTTACAGGATCACTTTGAACAATGAAATCTAATGAATATGCAAAAACAAAAGCCAAGGCACATCTGGTTGCACCAACAAGATGTAGAGTAGTTTGCTTTTTAAAACAAAACACCCTGTTTTCCTTCCTTTTATACACTTTGTAATATTTTCCCTAATGAAAAAAGA,"[[137864658, ""T"", [""C""]]]",yes,no,T->C,1
chr18,22678498,22678774,TTACTTGTCTTGCTAGAAGACTCTCTGAAGACTCTTTCCTGGCTTCATGAAGCACTCATTTCAGGAAAGCCCCTGAGGTAAGGAACTGAGGCTGCATCTAGGATCTGCAGGCAACTAATAGCAGCCAAGGGTGGCCTCCAGCCAACAGCTAGCAAGAAGCTGGAGCCTTCAGTCTTACAACCACAAGGAAATGAATTCTTCCAGTAAATGGTGTGAGCTAAGAAACAGGTTCTCCCTTAATAGAGCCCTTACATGAGAATGCAACTGGGACAACACC,"[[22678519, ""A"", [""T""]], [22678701, ""A"", [""G""]]]",yes,yes,A->T,2
chr10,47034342,47034784,TGAATTGCAAATATGAAAATAAATAAGCTTTAAAAAAAGCCCTAAAGTTGACTGTACTTGTTTTTGAAGAGAAACGTTGGAAATTAACTCACAGTTTCTGAGGTCTCCAAGTTGCCTTCCAATTCCTGTTGAAAACTTGGACAGGGGACTTGTAACATCCTTGTCGACTGTCCTTATTAACTCCACATTTTATTTCAATTGTGCTTAGCACCTGCCTCCAATTACTCGGCTCTGGCAGAGAGCAGAGCTCTGATTAAACGCTGGGCTCTGTGTTAGTACAGCATTACCCAGGCACAGGCCATCATCCATCTTCATCAAGCCTGCGGCCTCAGTGGCCTGACAGCCATTCCAGGAAGGACCAAGGATGGTTAGCACCCAGAGGCTGCATCACCCAAGATAGGCTCTGTGGTGCCCAGAGAATGATTTGTATTCATTACTGTTCT,"[[47034393, ""T"", [""C""]]]",yes,no,T->C,1
chr2,95757443,95757881,CCATTAGGGCTCAGAGCCCAGGGTGTCTGGTTGAGAAGGAGGCACTGATGTCCTTGGTTGCTCCCAGCACCTCCCTTTGAGTCCTCACTCTGTTCCTAGGAAGCAGCAGCAAAGCTGTGTCTGAGCTGCAGCCCTTGAGGTTCAGGCTGAGGATGGATCAGCGATGCAGGCAGCAGGGCCAGAGCAACAGCCTCATGGATTCTGGCCTTTCCTGAGTCCCCAGGGAGAGGCCCCTGCACTGGCAGCACTTTGCAGCAGCCTGGAGGAGTAGAGCTGGCCTTGTGCTCTGTGGAGTGCCACGCGCAGGCCCTGAGCAGGTGTGCTGCACAGATGACCTCATCGAATCCTCAAAGTGACCACCTCCTAGAGTGGACACTATCACTACACCCACATCACAGACAAGGCAACTGAGGCCCAGCAAGGCTCCACACACAGCTGA,N,no,no,N,0
chr2,15923663,15923978,CCCCAGAGCTGAATGAGAAACCCCTAACGTGAACACATCAGCCCAGCTTGGGAGGTGACTGGGAGGACCTCACGCAGACTGACTTTAAGGAAAAGCACAGAACATCCTTTGTCTGATTATGATCGACACAGACACCTGGAGGGCATATCTCAGCTCAGAGTTCCCTAGGTGTGCTGGGCTGTCAGAAGTCAGCAGGAGGGGCTGGCAAGAGTTTGTCTTGAATCTTGAAATCTGGGAGGCAGATGAATAAGAAACTGCATTTTCCAAACCCTGAAGCAATACTTACTTTTCTTTCACATCTACTTCTCTAAGGGTA,"[[15923954, ""C"", [""T""]], [15923975, ""T"", [""G""]]]",yes,yes,C->T,2
chr12,88706273,88706627,AGTTTTCTTTTTGCAGGTGTCCTTGCCTGATTTTGGTATCAGGGAGATACTGGTTTCATAGAATGAGTTAGGTAAGAATGCCTCTTCCTCATTTTTTTTTTTTTTTTTTTGGAATAGTTTCAACAAGATTGGCACCAGCTTTTCTTTGTACATCTGGTAAAATTTGGCTGTGAATCCATCTGGTCCTGGGCTTTGTCATTGTTGTTGGAAGGTTTGTTATTGCAGACTCAATACCATTACTCATTATTGCTCCATTCAGGATTTCTATTTCTTTCTGATTCAATCTTGGGAAGTTGTATGTTTCCAAGAATTTATCCATTTCCCCTAGGTTTGATAGTTTTTGCACATGTAGGTG,N,no,no,N,0
chr9,134251606,134252022,GCAGGCTGCTGGGTAGGTTCTGGATTTTTAGGTTTGATAATCACAGATCTGTGCACGATGGGGCTGCTGCAGAGGCTGCATTTGGGGTCCTTCCCGTGTCTGCAACCCAGGCACGGATAGACAGCGATGACTTTGCCCAGGCACGGATAGACAGCGATGACTTTGCCCAGGCACGGATAGACAGCGATGACTTCAGGCTCGGCGTCTTCCAACAGCAAATACATAAATTGACGAGAGTCACAGCTCTCAGGAGGCTGGTGCAGATTATATTTGTGCACTGGGTGGAAGAGATTCCTCTAAGTTTAATTATAATTTAAGTGTAAAATATGCAGCTTCTGCAGGAGTCTCCCGCCTTGTGCATAATTACTGCACTGCTCTCTCCCGGCCACAGTTACGACGCCTCTGTGTGCAGCGAGC,"[[134251646, ""C"", [""T""]], [134251769, ""C"", [""T""]]]",yes,yes,C->T,2
chr6,122894836,122895095,CAAGAGTTTATTTAAGTAGAAAGTAACAGTGTTCTTTTTTCCCATAAATCTCACCCCACCCAGATGGACATTCACTGGTGTAGTGCACTTTCTTTTATGGTCTCTAAGGTTAGGCTGGCACTGTGTTCAGGTTACTATGTGTCTATAAAATCTCATGAAACTGAAATCTGATAACCTCAGGAGACTGTCTCAATGAAGATTTAAAAAAAGAGAGAAACCTGATATTTCTGATGTGGTAAGGTTCTGTTAGGCTTTTGTTC,"[[122894849, ""G"", [""A""]]]",yes,no,G->A,1
chr12,100767372,100767755,ACAAAATATTTTTTCATCTTTTCCTTTAAAGGAAGTACTTTATGGCTTCTCTTTGGCATATGCAAATTGCTAGCATCTCATTTGTGTATTTTGGGGCCATTATTAAGTCAAATAAGGGTTACCTGAACACAAGAACTGTGATACCATGATGGTTAATCTGATAATTTAGACAGCTACTAAGTGACTAATGGGCAGGTGGTGTATACAGTAGTATGAATATACTGGATAAAGGGATGATTCATTTTCCCAGGTGTGACAAAGTGTAACAGCACAAGATTTTATCATACATTCAGAATGGCATGCAATTTAAAACCTATGAATTGTTTATTTCTGGAATTTTTCATTTAATAATTTTGGACCATATTAGACCATGGATTACTGAAA,"[[100767505, ""C"", [""A""]]]",yes,no,C->A,1
chr13,74767030,74767424,TTCAGGCCAGAAGTTTGAGACCAGCCTGGGCACCACAGTGAGACCTCATCTCTACAAATAATAAAAATAATTAGCCAGGCCTGGTGGTGCATGCCTGTGGTCCCAGCTGCTCAGGAGGCTGAGGTGGGAGGATCACTTTAGCTCAGGAGCTCAGGAAGTTGAGGCTGCAGCAAGCCATGATTGCATCACTGCACTCCAGCCTGGATGACAGAGTGAGATACTGTCTCAAAAAAAAAAAAGGCATTATTTTGCAATTCTAGTGTGACTAAGAAGGCCATATGCCAAACTAACATTTCCATCATAACTGGCAATTTAAATGTTGTATATAAATGAGGTAGATGATCCCATTTCAACTAAATGGGATGTATTGGTGCATGATGCTATAGAACTAGCCT,N,no,no,N,0
chr2,211209922,211210188,CGGAGTCTCGCTCTGTCGCCCAGGCTGGACTGAGGACTGCAGTGGCGCAATCTTGGCTCACTGCAAGCTCCGCTTCCTGGGTTCACGCCATTCTCCTGCCTCAGCCTCCCGAGTAGCTGGGACTACAGGCGCCCGGCTAATTTTTTGTATTTTTAGTAGAGACGGGGTTTCACCTTGTTAGCCAGGATGGTCTCGATCTCCTGACCTCATGATCCACCCGCCTCGGCCTCCCAAAGTGTTGAGATTACAGGCGTGAGCCACCGCGCC,"[[211209954, ""C"", [""A""]], [211209999, ""C"", [""T""]], [211210160, ""C"", [""T""]]]",yes,yes,C->T,3
chr11,77704077,77704422,TGAGCTCAGGAGTTTGAGACCAGCCTGGGCAGCATGGTGAAACTCTGTCTCTACAAAAAATACAAAAAGTAGCCGGGGCATGGTGGTGTGTGCTTGTAGTTCCAGCTACTGGGTAGGCTGAGGTGGAAGGATCACTGGAGCCCAGGAGTTCAAGGTTAACCCTGATCCCTGATCATGCCACCACATTCCAGCCTGGATACATTCCAGCCTGGGTGACAGAGTGAGATCCTGTCTCAAAAAATAGAAACAAACAAACAAAACAAAAAAACCTTCAACCCAATACTAAGTGTGGCTAAACACAAGTTAATATTTTTTATCCCTATTCTATGGTTCAGAAAGTATCTAA,"[[77704105, ""A"", [""G""]]]",yes,no,A->G,1
chr1,64811050,64811484,CAAACCTATTATTAAAAAGTTAAAATTTAGCAAAACTAACATACATACTTACAGACCGTACATGGCACCATTCACAGTCAAAAGAAACGTAAACCAAAATAAAGATGCAGTATTAAATCATAACTGCATAAAATTAACTGTAGTGTGTACCGTACTACTGTGATAATTTTGTAGCTACTTCCTGTTGCTATTGCGGTGAGCTCAAGTGTTGAGAGGATCCACTTAAAATGCTGTATGTTGCTAATCATCTCCATGTGAGCCATTCATCTCTCCAGTAAATTGCTTATTGCAGTAAAAAGTGATGTCTCGTCATGCTTGCATATTTTTCATCATGTTTAGTGCAATACCATAAACCTTGAATAACATCCTGTAATCCATAAAAATGCCACTAGCGATACTAGAAGTGCTCTCAAGAAACAATGTCATGACATTGTA,"[[64811419, ""A"", [""G""]], [64811420, ""C"", [""T""]]]",yes,yes,A->G,2
chr11,25163439,25163756,TTGAAGGACTATAAAACAAACTATAAATTGCAGTAAAATCACAGCAATGTTATTAGAACAATTTTCCTCTCCATCCAAGTTTTGCTTTGACTTTGAATCAGTGTGAACCACATTGTTGTTATTGGCTTGCATTATCTTCATGAAGACTCTAATACAGCTGTGCACATAGCAATTGCTTGGAAATTTTGGTTTTGTTATCTTTGGAACTGCTTTTTTTAAGTATTTCTTCATAGCTTTCCTCATATGAAAAATATGTGAATGTATGAATATCAATGATATTGCATACTGTATTAGTATGGCTTGCAGAAATTCCTGTCC,"[[25163451, ""G"", [""A""]], [25163453, ""G"", [""A""]], [25163464, ""G"", [""A""]], [25163662, ""C"", [""T""]], [25163701, ""G"", [""A""]]]",yes,yes,G->A,5
chr13,84962363,84962737,GCAACAGTGCCTGGGCTCGGCCACAACTTTGCTCTGCCCCACAGCAGGCACCAGGATTGAGGAGAGGCCAGGGAGCAGAATTGGCACTTTCAAGCCTGCAGTGGCAGGGGATTTCCTGGGCCCCAAGTGCACCTGGATGCCCAGGTGTGGAGCCGCGGCTGGGTGGCTGCAGCTACACCCAGGAGTGTGGGACTCCCACCTGTTCCTGGCCTCTGCCGGCTCCTCAGAGCATGCAGCCCCAGTGGCACCTCCCTCGCCAAAGCTGGCTTCCCCAGAGCAGCTGCTCCAGATGGGCTGCTGCCACCAAAAGAACTTTTAACCTTTTTTTGCCTTACGATCTTGAAACATCCTGCCAACTCAAAGCTGAGAAATGTT,"[[84962509, ""C"", [""G""]], [84962622, ""C"", [""A""]]]",yes,yes,C->A,2
chr10,121323383,121323818,GAAACATCTGCTATGCTGATGACTCCTTTTGTAACTTTTCTCTCCCTGAAAAAATTCTGGATGTTTTGAGATGCCCATTTTATTCCACAAATATTTTTGAGGTCTTGCCATGAAGGCAGGATGGCATCCGATGAATTATTTATATATTGATTCTTCCATAACAGCTTAGTCATGATAGTACCATGTTTTGTAATTTCAAAGCTGTGACGGTTATTAGGGCTGTTCACAAGAACCCTGAGTCACCTCCTTCCAGGTACATGGTGAGATTGTTTTTTCATGGTCTCTTGAAGTTAGGCATAGCCTTGTGGCTTGGTTTGACCAATGAAAAGTGTGCAGTCTGATGACTGTCCCTTCCAGAAAGATATAATCATGAGTGTAAGATACTGCAGCACTCACTTTTCTCTGCTATAAAGATTGTTGAATAACATGAAAGACA,"[[121323490, ""T"", [""C""]], [121323590, ""T"", [""C""]]]",yes,yes,T->C,2
chr16,84493433,84493877,CGATCCAATATCAAGCAAGCAAGAAGTTAATTGCGTGGAGCGAACTAACAGATGACCGAAATAATCTTTTATGACATTTTGTTTACAACATTAGCTGTTTTTTTTCCAGAGTCAAGAAAACTTTCTCTTTTAAGCTATTTACAGCTTTTAACAATTAAAATATACTCTAGTGAGCAAAATTTAAAACATAATCCCTTTCTGTCTACCTAATTTCTCTAAAATTTGGAAACTATTTGTGAGTATTCTTAATTTATGGCAATATAATTATTTGCATACATTCAATAAGAATCTGTTTTCTTTTATAACAGGACATAATTGGAAACACTGGTTATTTCATGAAGGCTTTGACTGGAACAGCATTTTCAGATTACCTTGAGAAAATGAAGCTGACCTGTAGAGCTGATAAAAGCCACTGGACAAACTGGCCTCACACTGTCCTTTACAG,"[[84493472, ""C"", [""G""]]]",yes,no,C->G,1
chr11,26348690,26349095,ACTCATTTATTTTATTTACTCATTCAACAAATTTTACAAGGCACTGTGGAAGGTACAAGGGTTGTGGTAAAAAACATCAGAAATGTTATTTGCTCTCCCAAGACGTCACATTCTTATGGTGAAACTGTTGGGGAAACATACATTAACAGTGGAGTGTAATAAGGACACTGACGGGGTGTACACCAGGTAACACAGTCATGTGGGAAAGAAGAACCCTTGCCTAAGATGAGGAAATGGTTTTTTGGGAAAAGGTTGTGGTTGATGTTGTGAAATTGTTGAGTTTTTGCTTGTTTGGCTTCATTTCGAAACTTGTTACCAGGGAGGACTTATGATTGTTCACGTAAGCACAGAGGTTTATGAGACTCTTTGAAAGAAAATGTCATGGGCTTCTTATTACTACATGGAT,"[[26348880, ""T"", [""C""]]]",yes,no,T->C,1
chr1,197224247,197224572,TCAAATAGAGTGAGATATATATTCATTCTGTATATTCAGGTCATAAAACACAATTACATTTAAAAGAATTTTAGACAGAAGCGACTTTGAATATATTACAGCTGCAATGCAGAAACACATTAAAGTTTTATGGATAAACATTTTTTCCACTGGAGGGTGCAATTTGTCAGTATATCAAAATAGTCACAGTTCCTTTAATGAGTATACTTTATAAATAATATCAGAGAGCTGATTATTTCCAAGACACTAACATAGAATGCTGAGCAGATTTCATGAAACTTTAAATAAATGAAATTTCACCAATAGGAATATGGGCTTTATTCCAC,N,no,no,N,0
chr5,73468883,73469117,CATTTGGGTTGGTTCCAAGTCTTTGCTATTGTGAATAGTGCTGCAGTAAACATACGTGTGCATGTGTCTTTTTAGCAGCATGATTTATAGTCCTTTGGGATGGCTGGGTCAAATGGTATTTCTAGTTCTAGATCCCTGAGAAATCGCCACACTGACTTCCACAATGGTTGAACTAGTTTACAGTCCCACCAACCGTGTAAAAGTGTTCCTATTTCTCCACATCCTCTCCAGCACC,"[[73468954, ""A"", [""T""]]]",yes,no,A->T,1
chr22,48021827,48022249,GGTTTCCAAGTAAAGTGTTGATGGTGCAGTCGTTTTTGTTTGTTTTTTTTTCTTGCTACTTACACTAAAATGTGAAAGGAAAAAGGATTGATTGAAGCAAGGGCTGTTAAGCAAAAAGGAACAAAGACTTGCTGTTTTGCGGACTTCTCAGGCTACTGAGATTGCAAATCGTGCTTAAATTAAGAGATTCAGGAAATGTCAGAACAGCCCTCTCTGCCAAGAGCCACAGGTGTGGCTGAATAAAATTTGTGCTAGTGGCTTTCAGGAATCAAAGGTCAGAGTATTTGGTTACACTGGAGGCTCTTCGAAGAGATTAGGCATGTGACTCCCGGATTCCCCTCAGCCATCTCAGCCAAAGCCAGAAATAGAGATGATTATCTGGGGAAGATCTGCAGAGGAGCCCATTGTCTAATGGAGTTAATC,"[[48021949, ""C"", [""A""]]]",yes,no,C->A,1
chr2,96698201,96698692,CTTCTGTCCCTGGAAAACGAATAAAAGCCCTGGCTCTATATGCTCATTGTGAAGATGGAGCAGGGCTTGAGAACGTTCTGGGAGTGGAGGAGCAGAGATTCGCCTCCACAGGAACTCGGGGAGCGCTCCCCTTCTCCTCCCCACCCTGGCCTATGCTGGCCTCCCAAGGCTGCAAAGCCACAGAGAACAAGCCCGAACCTGAAGGGATAGATGGGGTGGAATGAGTCCACAGCGGCACAGATGGGGAACTCACCTACTGACTGCGGTTCCTTTGCCAACACCCTGTTTCAACATAGTGGGCCCTGCTGAACACCTTCTGTACCTGCCTCCACTGTCCTCATGGCCTTCTATCCCTGCCACCCTCAGCCCAACCCTCTCTCTCCTGAACATGGGCTGGGGCACCTCCCAGAGGGCTTTACAGAGCTGGCCAGCACTGCCAGGCTGGGCCCCCAACACCCTCCCCCCGCCAGGGCCTTTTCCGCATCTACCCCT,"[[96698335, ""C"", [""T""]], [96698442, ""C"", [""T""]]]",yes,yes,C->T,2
chr12,20415030,20415371,CTTTCCAAAAAAGCTTTTATTTAAAGACTTTCTTTTTTAACCACAGAATGTCAAGATAGTTATGTTCTATTTATTGCTGATTTCTCCCTTTCTATTCTTTTCCTTTCTTTTTGTATCATGCCCATAGCAGCTGTTTCCCTAACCCTTACCCCAACCCACAGGCTTTCCCACGCTCCTTTTTTGGCTCTCATTTGGCATCGATCCTGAGTTTGACAGATAAAACATGTGTCTGAATTGTAGTTACAGCCAAACTACAATCTATCAGCTTTTCCCTCAGGGTAATTATGCTTATTTTACCCCAAAACAAGGTAATTGTTTTGTGATAAAGTATTCAGTTCACTC,"[[20415126, ""T"", [""C""]]]",yes,no,T->C,1
chr14,100612996,100613379,GCTGAGTCCTTGAGATGTGGCGAGTGCCACTGAGAATGGAATTGTACATTTTATTAAATTAATTTGACTTTACATAGCCACATGTGGCTGGCAGCTGCCGTATTGGACAGTGTGGCTCTAGAGGAGCACATGGACAGGAAAAGCTGTCACAGCCAGTTGGAAAGTACGATCTGTGGTCCTCAGTAGTAAGGGGTGGAGCCCGAAGTGACCCTGAGGCTGCAGACTCCAAGGTCCCCCCACCCCCGCCACCCTGTTCACTGTGGCGGAGGCCCTGAGTCAGATCAGCCCCTGGCTCCATCTGGAAGCTTTGGATTGGGAGATAGCTCTGCAGCAGAGCATTTGACTGCAGAAGCTTCCGATGCCCCAGTACAGGCCAGGGGCAGG,"[[100613247, ""C"", [""T""]], [100613327, ""T"", [""C""]]]",yes,yes,T->C,2
chr19,56611332,56611623,TGCAAGGATGAGGACTCGGGCTCTGGAGACAGCCCATGAGGTTCAAAGCCTGGCTGTCCCACGCAGTAGCTGTGTGCTTTGGTCCAGGAACCTACCCTGTCTGTGCCTTGGTTTCTTTTATCTCTACCTTCCAGCCTCCCTCCAGTGCCCCCTATTGACAGAGCTTCACAGGGAGTAGCTGCTAAGGCAGAAACATCACGGGATCGCAGAGTCAAAGCCCGCAGATCTCTGTGCAGAGTGTGGAAGGGGGGCTTTTGGGGATGAAAGACAATCACTTAATCACTTTTAAACA,N,no,no,N,0
chrX,19388717,19389213,GGGCCAGGATTTGAACCAACGATGTTTGCAGCCAGACGAGAACAGACTTCCTGTCCCGAGTTCTCCCTCTAGGTATCTACCCAAGAAGGCTGAAAACACATGTTCACACACGCTTTGTATGTGAATGTTCACAGCATCATTATTCGCAGTGGCCAAAAAGTAGAAACAATCCCAAATGACTGTTAACTGGTAAACGGATGAACAAAATGTGGTTCTCCACACAATGGAATGCCATTCAGCCATGAACAACAACGAAGTACCCATACACACCACTGCATGGAGGAACTGCAAAAACAGGACTCAACGTGCAAGAAGCTACATGCAAAACCCCACATATTGTATTCATTCCAAGCATATGAATATCCACAACGGGCAAAGCCACACAAACACAACAAAGCAGATGAGTGATGAGCTGGGGCTGGAGTGGGAATGGGGATGAGTACCAAGGGGCACGGGGTCTGCTAGGTCCAGACACTGGATCGTGGTGATGGCTGAGC,N,no,no,N,0
chr8,105911677,105912097,TAAATGCCCATGTATTAGTTCATTCTCACACTGCTATGAAGAAATACCCAAGATTGGGTAATTTATAAATGAAAGAGGTTTAATTGACTCACGGTTCTGCATTGCTGGGGAGGCCTCCACAAACTTACAATCATGACAGAAGGCAAAAGAGAAACAGGCACCTCTTCACAGGGTGGCAGGATGGAGTGAGTGCAAGTAGGGGAAATGCCAGATGCTTACAAAACCATCAGATCCCATGAGACTTACTCACTATCATGAGAACAGCATGGGGGAAACCACCCCCATGATCTGATTACTTCCACCTCATCCTGCCCTTGACATGTGGGGGTTATGGGAATTAAAATTCAAGAGGAGATTTTGGGTGGAGACACAGCCAAGCCATATCAGCTAAAGTTTTTAAAAAAGTTATTGATATTCATGG,"[[105911698, ""G"", [""A""]]]",yes,no,G->A,1
chr2,28917689,28918130,TCTCTTTTCTCAAGCAACCATGTTATATGGTAGTGACATGGATGCTTCCGTTGTTTTGATCTTTAGTCACTTTACTAGTTTTCAAAAGATGACAAAGCTATTGGGAATCTCATGTGCTGATCTCCATGCCTCCTTAGGTGTTTGCCTTTTTAGGAAAAAAATTAAATCTGTCTTGCTATCTAACTTGCTGGTTTTGTTATCTAGGCAGGTCCGATCAGAAAACAAAGAAAAGAGTGCAGTGATGTCATTTACAGTTACCGATGAACCTGTCTATATTGACTTAACTTTGTCAGAAAACAAAGAAGAGGTAAATGGCTCGATTTTTGAGAATTTGTTTTTGGGTTTCACAGATGTTATTTTTACAGTCAAGGTTTTGATGATTTAAGGACTTGAGAAATAGAGAGGACCTGAGGGAGTAACAACAAACTGTAACAAATTTTAG,"[[28917845, ""G"", [""A""]], [28918074, ""T"", [""G""]]]",yes,yes,T->G,2
chr12,112671670,112671895,CCAGAGCTTTATGAATAATTGCCAGTCAATGAACTAAAGACCAGACCTGCAGCATGGGAATTAGAGGCACTATTCAGCTTACAAATTACAGAGTAGCAGAGAGTACATGAGTAGCCTCTGGAGGCCAACAGACTGGGGCTTTGTATTAGTCAGCGTTCTCCAGAAAAACAGAACCAATAGGATCTATCTATCTATCTATCTACACACACACACACACACACACCCC,"[[112671702, ""G"", [""A""]]]",yes,no,G->A,1
chr7,110528878,110529181,TATGTTTTGATCCCTGTGGTCCAGCGCCCTCAAAATCCAGTCCCGTGGGTTCTCCAGCAGCTTCTTCTAGTACATACTGGCTAATTCTTGCAGTCCTTTGGAGTATAGCTCCATTCTCCTCTTATGAGACCCAGCATGTCCCTAGCTGGGCTATGCCGCAACTTAACCCCAGCTATTGATTGGGCAGCCAGGAAAAAAAAGTAGGAGCAGATGTCAAGAGGGATTCTTGCAGCCTAGAGGGGCAGAGTGTCTTTCCCTGGGAGAGTGGGTTTGGTTCCAGTTGGTTTTCTGTTTTCCTGTAGCA,"[[110528903, ""A"", [""G""]]]",yes,no,A->G,1
chr7,27816859,27817208,TCACTCTACCTTTCCAAAAACTTTATTACAGATGGAGCAGATGGTGCTTTTTACCCAGATGAAATACAAAGGCCACCTGTCAGAGTCCCCTCTTGGGGACTGGAAGACAATGTTGTCTGCAGCCAGCCTGCTCGAAACTTTAGTCGGCCTGATGGCTTAGAGGACTCTGAGGATAGCAAAGTAAATTGAATTTTCATTGTGTGAGCCTGTCCCTTTTTTATTTTTTAGCTTATGTAGAGAGTTAAGGGTATGTGTGCATATGTGTATCTTTGTGCGTGCATGCGTGTGTGTGAAAGGAGAGTGTGTGCTTGTGCCTGCACACAATTGCCTACTTGATTTTTTGAAAACTG,"[[27816879, ""T"", [""C""]], [27817151, ""G"", [""A""]]]",yes,yes,T->C,2
chr4,89172882,89173167,TGTCTTTCCTCTGAGAGGAGGCATTGCTGTGTGAGGAAAGACACATTTTGCTACTGAAATCCCCTCCTTTTTAATTGTCCTAATATGTTATTTAAGTACATTCTACTTGAGGCAGAATCAACGTGTTCTGCAGTTTTGGAATCAAAGAGTTGTATACTCAAATCACTCCCTCGCATGGTACCTGTGTGACACTGCAAGCAAAAGACTGTCTTTGGGCCATAGTTCTTCGTCAGTAAAATGGACTACCTACCTCACGGTGTTGTGAGGATTAAGGGAGATAATATAC,"[[89172907, ""A"", [""G""]]]",yes,no,A->G,1
chr6,113901613,113901962,TTAAACCTGAAAAACCAGGAAATAAGCCTATAGTCATAAAAATACATAAATTCAATCACGGCACCTCAGTCAGGAAAAACATCAGGCCTCCTGAGCCAAGCAAGCTTAGCCTCAATCATTGCTCAGGCACACCCCCACAGAAGGACCTGATACAGAAAATTTAAAGCCAAACTGAAATGAGTCACTTACTTAGCTCTTGGAGAGCAGGAGCAAGAGGAATTATTGGTGGACTGTGGAGAGTTTAAATTACAAGAGAAAACCCTCTTGCAGATACGAATCCCAGTGAGATGGCTGCAGAGGATCTTAGTTTTCAAACAAATTTCCTACTTGAAATAAAAGAGCAGAAAAAC,"[[113901643, ""C"", [""T""]]]",yes,no,C->T,1
chr2,79125622,79125973,GTATCTATCAAGCACAATAAAATGACGTATACTTGTATTCACATAAACCCAGTTCAAGTTACAGAAGTGATTGTTAATGGTCTACAGATGGCTGAAGTATTTGATATTCATGAGAAATTTGTATAGTTAAGGTATGAGGATGTCGCATCTTTGCTCCATATGCAAATTGAAGCCACAACGGAAATGGGTAATTTAAGGAAAATTTTCAGATCTAGAGAGTGCTGAATGCATAGTGGAATAACCTAGAGACTTGGAATCCAGCAACAGTTGTTACATGGCTCTCCTTGAATACATAATAAATCAGTAAATAGTTAAAATATCCAGGCATACTTAGTTACCTCCTTGAAGATTA,"[[79125637, ""G"", [""A""]], [79125751, ""C"", [""A""]]]",yes,yes,G->A,2
chr7,64842743,64842946,TTATTTTGTAAAACATAATACTTGGAAGTATATATACATTGTCAAATGCTTAATTCTAGGTAGTTACCTCACATAGTTAACATTTTTGTGGCAAGAGCATGTGACATTGTCAGCATTTTTCAAAACTACAAATACATTATTTTGATCTATAGTCACTATGCTGTACAAAACAATCTCTTGAACTTATTCTATTAACTATAATTA,N,no,no,N,0
chr4,24349162,24349610,CCCTCAGCCGTGGATACCGGTGCCTGTTCTGGTGGAGGTAGCAGAGGGTGCAATGGACTCCATGAGGGTCCTTAGCTTTGGTGGTTTGATGCTCTATTTTTGTGCTGGTTGGCCTCCTGCCAGGAGGTGAAGCTTTCCAGAAAGCATCAGCTGCAGTAGTAGTGTGGAGAGGGACCAGCAGTGGGCGGGGCCCTAGAACTCCCAGGATTATGTGCCCTTTGTCTTCTGCTACCAGGGTGGATAGGGAAGGGCCATCAGGTGGGGGCATGACTAGGCGTGTCTGAGCTCAAACTCTCCTTGGGCAGATTTTGCTGCAGCTGCTGTGGGGAATGGGGATGAGATTACCAGGTCACTGGAGTTGTGTACCTAGGAGGATTATGGCTGCCTCTGCTGAGTCATGCAGGTTGTCAGGGAAGTGGGGAAAAGCGGGTAGTCACAGGCCTCACCCA,"[[24349291, ""G"", [""A""]], [24349292, ""C"", [""A""]]]",yes,yes,G->A,2
chrX,39479924,39480211,AAGACAGAGTGCCCACATTTCTCCCCTTGGCACCTGGCTTGTGGAAAAGCACTGGGCCACTGGGAGATACCACAGAGGGGGCAGACATGTTTGTGCTTGAAAAGAAATAGTTATAAGAGAGCAATGCAATCACATCCTGACGGATGATTGTGAAAATGCAGGTGTGTGCATGTGTATGTTTAGTGACGAACTGGCTCATGGGAGCAGAAGGTGCCCTGTGAGCTGGGAGGTGAGATCCCAAGGCAGCTTGGGTGGGAGATCCTGGGTGTGAAGCCCGAGGCAGAGGAA,N,no,no,N,0
chr8,81574844,81575238,TTCTTGGTTAATATTGCTAATGGTCTATCAATTTTATTTATCTTTTAAAGAACCAGCTTTTTGTTTCATTTATCTTTTGTATTTTTTTTTTTGTTTCAATTTCATTTAGTTCTGCTCTGATCTTGGTTATTTCTTTTTTTCTGCTGGGTTTGGGTTTGGTTTGTTGTTCCTGTTTCTCTATTTCCTTGAGGTGTAACCTTAGAATGTCAGTTTGTGCACTTTCAGTCTTTTTGATGTAGGTATGTAGGGCTATGAACTTTCATCTTAGTACTGCCTTTGCTATATCCCAGAGGTTTTGATAGGTTGTGTCATTATTGTCATTCAGTTCAAAGAATTTTTTAATTTCGATCTTGGTTTCGTTTTCAACCCCATGCTCATTCAAGAGCAGGTAATTT,"[[81575112, ""C"", [""T""]], [81575238, ""G"", [""T""]]]",yes,yes,G->T,2
chr4,88442688,88442940,CCCTGGCACTGAAGAGTCTGAACACTGGCCTGTGATTGGTCCATTCCAGGACCTTCATTTGCATAAGGTATCAAACCACATCAGCCTCTGATTGGCCATGGGCCAGACCTGCACTCTGGCCAATGACTGGTTCATTCCAGGACATTCATTTGCATAAGGAGTCAAACCACACCAGTCTTGGATTGGCTGTGAGCCAATTCACCTCAGTCTCTAATTGGCTGTGAGTCAGTCTTTCATTTACATAGGGTGTAAC,"[[88442814, ""T"", [""C""]]]",yes,no,T->C,1
chr7,152887600,152888073,CGATGCTCTTTCCTTCTGGTGCCAGATGCAGCTTCAGTATCATCTGCAAGTTGGGGGGACCGTGATGATTGGAGTCAGCACTTGAGAGGAAACGTGCTTGCTGTTCCAATTCTAGTGGATACTCTTCGTGGATGTTGACTAATAAAACAAATGGACATTCTCCTGTTAGGTACCGTCTAATTAATTTTTCAACAAATATTTGTGGGCTTCTGATGCCCAAGTGCTGTGTTTAGTGTTACGGTGGATATCAGGAGGGATGAGACACAGAGCAGCAGAGATCTGGGCGGAGCATTTCTTTCCACACCCTCAGTGGGAGCTCCTGGAGGCCAGGGTGCGGTAAGCGGGCCGAGGCGGGGTGGAGTCCGACTAGTTTCCCACGACCTCGCCATCATGACAGCTTTCCAGGAACTGTAGAGAGAGAGAGGCAAGGACGGCACCCCTTGCAGGGAGGTCGGAAGCTGGGAGTGGACCTGC,"[[152887721, ""T"", [""C""]], [152887762, ""A"", [""C""]]]",yes,yes,T->C,2
chr4,126757239,126757639,TACATATGATCATGTGTACTTTGGGGGGTGAGACTTAACATTAAAATGTATTAAAATTAGGCTCTCTATGTCAAAAAGTGAAACAGATCACAAAGGCACTTTGTACACAATCTCTGCAAACTGGATACAACCATTTTGTGGTCAGTGGTCAGTTATCAGGAAGGAATGCTTTATAAAGCTGGTCAGCTGTCATGGTGAACCCACTAAAAGGGATGTGAGTCTGGCCTCAGTGTCAGGTGGTCTGTTGAAGTCAGTGGAGGGATCTTTCAAGTGTTTGTTTCTCACATGCTGGTTTCTGTTTATCTTTTAGAATAGAAAGTCAGTTAGCCAAAGGGAGGATGGGTACTGAGGTGTGTCTAACCTCCTGTCTCCTGAAATCCAGGAAACTTACTTAAAGTTTT,"[[126757254, ""A"", [""G""]]]",yes,no,A->G,1
chr14,23950433,23950724,AAAGAGTATTTTGGAAGAAGGGGTCAGGAGCCTCCTTGCTTCTAGTGAAGAAGGGCCCTGAGCTTCTATAGCCCTTTGTATTTATTGAGTAAAGGAGATAGGGAGAAGGGGGTAATTGTCAGTCAGCTGCTTGGCTTAGTGCAGGCTTGCATGACTGCATTCTTTGAACAGTAGTCTCCAGATGTTCCTGTAGATAATCTCAAGGAGCACAGCACCAGGGAGTCATTGCCCTCAGCAAACCTTCTGGTAGCAGGCGCAGAAGTGAGTTTGCCCACATTCTGCATTCATGATA,"[[23950463, ""G"", [""C""]], [23950547, ""G"", [""A""]], [23950630, ""C"", [""T""]]]",yes,yes,G->A,3
chr10,87440470,87440862,TGTATTAAGTGGGAAATAGTTAATAATTTGGCCTCTCTGGTTTGCTGCTGTGTCGCCAGGTCCTGGCTCCCATTAAGATGACATCTAGCCTATAGGCCATTGAATAGAAAAAAGACATTCCTTCCTCAAGCACTTAACTTCCATTCAGCCAAAGCTTATGTGTATTGATTTTGTTGCAAGACACGGTACTGCCGTCTGCTAGAAAATGGTGTAGCAATAAAATCCAAATGTAAAATTTCTACATTGTGAATAGTACTTCCCAGATGTGGTGCACAGTCTGCACAAGCATAGGCACTGGCCCTACATCTAAATAGATTTTTCTGGAATGAAAGAATGAATGTATTCTATTGATCCTGGTTATGCTTTGAAGCTGTAATCTGTCAGTACCCTCTG,N,no,no,N,0
chr20,61576471,61576782,CATCTCACCAGGATCTAGGACAGCACCTGGCTTGGAGTAGAAGTAGGCTGGCAAAAATATGTCTGTACCACTGCATCCCCTCCCTGACCGGAGGCAGACATCACTAATCGATCCCACTCTCTTCTATCCCTCACGTGAGGCAGACATCACTTATCAACCCTGCTGTTCTCTCCTCTGGGCCAGATGGAGCCTTGTGAGTTATCTCAGCTCTGAGCTCTTAATGGCCACTGCTGCCACTCAGCACCCAGGAGAAGCGTGTTCACCCCTCTAATGCTGGGTGCTCAGAAATGTCAGGCGAATGAAGTAAGAGGG,"[[61576511, ""G"", [""A""]]]",yes,no,G->A,1
chr5,79787457,79787706,AGATATTAATCAGAAATTACATTCTCAATCATAGGACATGGTTTTTCATTAATTAACTGAAGCCTAATTAGTTGTCAGTGGACGTGGGACTCAGTGTCATTGATCCAGTCTGAGTGTATCTAAGGACAGTCCTCTCCTGAGGGCCTGGTCAGGTGATCAGTTCTAAAATAACAACCAATATGATTCAAGGAGTTTGCACTGACCTTTTCCAGACATTGGCACTAAACAGCAGTTACACAAGCAGGTCCAG,"[[79787465, ""G"", [""A""]]]",yes,no,G->A,1
chr20,62907362,62907762,GCAGAACAAAACAGATGACTTCAAACAACGTACTTGCCAATTTTAAGCAGTTAAGTGTGTGTTTTGTAAAATCACCATTTATAGTACCAAGGCCACAGTTTCAAAATGAGATACTAACAGTACTTTTAATATGAATAAACATTTTGTTGATTCAAGCTATGAAAAAGCCAGGTAAGGCATTCACACTGTCACTGCCCGTCATGCCCTGCAGGGGGCAGGAGTGTGAGGAGACCCCTGGACTGCCGCCCTCTGCTCTGTGCACCCCTCTCGAGGGTGGGCGGGGCCCACGGGACCTCACATCCACGATGAGGCTCCGCTAGAGGACCCACATGCAGGGCTTCTTCAGATGTAATTAAGGATCTAACTGGGATGACTGCAAGTCAAATGGGTCCGGCTAAATC,"[[62907390, ""T"", [""C""]]]",yes,no,T->C,1
chr3,193448827,193449176,TTAATTAAGCAAAAGCTTTGCTTTAACCTTTGCAGAAAATGAGCTGAAAGCCTGTAAGGGTCTCCTCCATCTGTTGTGGCTAGCCTGATTTTCATTGCCTCACCTGTTACCCACAAAGGGGAGTTTTAGTTCTGGCACAAAGCATGAAAAAAAACGGAGGTGCAAAGAAAAATAAAATAAAATGCCAGTTTCTCCAGCAGGCAAGTCTATAATCAATATTATTTTAGCCCCAGGAGATATGAGGTCATAATCTCAACAAACAGGCCTCTCTATTCAGGTAAAGCTCATCCCTTTCTTTCTCCACCAGCTGGTAGCAATGATCTTCTGTATCAAGCGTGAATGTTTCTGCA,"[[193448829, ""C"", [""A""]]]",yes,no,C->A,1
chrX,113114084,113114522,TCAGTGAAGGGAGATAGGGGTGGGGCCGTTTTATAGGATTTGGGTAGGTAAAGGAAAAAGGGGCGTTGTTCTCTGGCAGGCAGAAGTGGGAGTCACAAGGTACTGAGTGGGGGAGCTTTTTGAGCCAGGATGAGCCAGGAAAAGGACTTTCACAAGGTAATGTCATCACTTAAGGCAAGGACCGGCCATTTTCATTTCTTTTGTGGTGGAATGTCATCAGTTAAGGCGGGGCAGGGCATTTTCACTTCTTTTGTGATTCTTCAGTTACTTCAGGCCATCTGGGCGTATATGTGCAAGTCACAGGGGATGCGATGACTTGGCTTGGGCTCAGAGGCCTGACAAGGACCTATTATAAAACTGTAGTTAAAAACTGTACTGATTAAACTAAGTATAAGAATGGATAAACTATCAAATGGAACAGAATTCAGTGAAAAACAAC,N,no,no,N,0
chr1,113742585,113742863,CACTCCAGCCTAGGCGACAAGAGTGAAACTCTGTCTCAATAAAGAAAAAAAAAAGATAAAAAATGGTACACCTGTATAGGGCACTTATCATGAATAATGCTCTCAGGATTGGGAGTTGCTCTGAGTGAGTCAGTGAGTGAGTGGTAAATGAAAGTGAAAGCCTAGGACACTGCTGTAGTACACTATTGTAGACTTTATAAACACCATAAACATAGGCTACACATTTTTTAAAACCTTCCTTTCTACAATAATAACTTTTTTTTCTCTGGGACAGAGTCT,"[[113742681, ""G"", [""A""]]]",yes,no,G->A,1
chr7,136947428,136947704,GTTTTTCTACTTTGATGACAAAGGTTAATGTAGACATGTAATAAAGTAATTATTATGGATTTTTATCAATCTAACTATCAGCACAATCTTTCCTTGGAAAGCTTATTAGAGCTCTTTCAACATTGCTGGTTTGGCCATCTGCCCAGGAGGCCTCTTTATGTTGTAGACCTAATAACCTGCTAGGAATTCTTCCTGTCTTGGATTTCTGCTAAGAAACCTGCTTCTTTAGAGAAAATGATTACTCCTAATTTTATTATTATTAATGTTTATAATTTAC,"[[136947468, ""G"", [""A""]]]",yes,no,G->A,1
chr5,73928434,73928908,AAAAATTAAAAATTAAAAAGAATTGGTTGCCAATTTTTAAGAAGTCTGGTAATAACATAATTATTAAGAAGCAGGTAGAACTAATTAGCTTGGGTGTGTTAGGTTTAATTGCTTGCCTTCTTCTCTGGCTCAAAGAAAAACATTGCATCTTGTATGCTTAAGAATTTTAACAGCTGTTTTTCCCTCTACTGAACCAGTAAGAAGTAAATGCAGCATTAAAATTCCTAGGTTGATTTCCTGCCTTACTCAGCTGGCAGAGAAATGAATTTGATTTTTCTTCTCTCAGCAAAATGAGAGGCATAACTCTTTTAGTGTGGGTAGAGTTGTGAGGCAGGCCGCTCCCCAGAAAGTTGGCTTTTTTGCCAAGGTACTTAGAAGTCCCTGGTCTCTAGAGCCTTAAGAGGAATTCAGAGTCATGAGAATACTACCCCATTCTTGAGGTTGATGACCTGTATGTCATTTAATTCAGCGCGCT,"[[73928755, ""G"", [""A""]]]",yes,no,G->A,1
chr10,115879402,115879664,GGATTTGAACCCAGACAGTCCAGCTGTCAAGTCAATGCTCAAAGCATGATGCTATGTAGCCATAGGAGAGCCCTATATGCAGGTAGAGGAAAGATTTCTTTATAAACCAAAAGATGGGTGTAGACTCAGTGAGTCTGTATAACGGGGTAAAGGGAGTTGTGAGAAAGGGAACCGAGAATTTTGAAAGGAATAGAGGGCTGAACTGAAGCTGAACTGGGGAAGCCCCTGACTGTGGTAAATAAACAGAAAATAAAAACAATAGT,N,no,no,N,0
chr12,73651365,73651801,CAAAAAGTGAAAGATATTTCATATTCATGGACCAGAAGAATTGATGTGTTTAAAATAGCCATACTACTGAAAGCAACCTACAGGTTCAATGCAATCCCCATAAAAATAACAATGACATTCTTCACAGAAATAAAGAAAAAAGTTCTAAAATTGACATGAAACCACAAAATACCCAGAATAGCAAAAGCCATCCTAAGCAAAAAAGAACAAAACTGGAAGAATCACATTACCTGACTTCAAATTACGCTACAGAGGTATAGGGATGAAAATAGCATGGTACTGACATAAGCACAGCCACATAGACCAATGGAACAGAATAGATAACCCAGAAATAGATCCACACACCTACAGTGAACACATGTGTGACACAGTGGCAAAGAATATACATTGGAGAAAGACAGCCTCTTCATTAAGTGGTTCTGGGCAAACTGGATATC,"[[73651432, ""C"", [""T""]]]",yes,no,C->T,1
chr4,85756931,85757347,TCTGGGTATTTATTGGAGCCCCGAGTAATCTTAACTGTGTTTCAAAACTGTTTTTTCATCTTTATTTTTGTTTTCTGACCAGAGTAGCACAGTGTCTGGTTTCTGGAGCACAGTATTTCTCTAGAGGCCAGATAATCTTTCTGAGCCTGTAATGAGTCAATTATAGCACATTTGGGCCAGGCCATCTCCGTCTTTACCCAAGTCTACTTTCATCCTGATTGGAACACTGGGGGATATACCAGACACTCACTAGAGGGCATCAAGGGGTCAATGCAACCAATTCTTTTTTTTTTTTTTTTTAATTAAACTAAGTTCTAGGGTACATGTGCAGAACATGCAGGTTTGTTACATATGTATGCATGTGCCATGTTGGTGTGCTGCACCCATTAACTCGTCATTTACATTAGGTATTTCTCC,"[[85757190, ""G"", [""T""]]]",yes,no,G->T,1
chr4,20299031,20299253,TGTATATTGCAAAAATGCAATTTGACAATGTAATTTGACATTTATCTCAGACTGTATGACTTTTTACAATATGTTTTCCCCAATATTTTATATATATAAGCAAGCAGGGCCTGTATGATTTTCTTTGCTCTTGCCACACCAGTTGTATTCAAGCCAAAGACAATCCACCCAGTGGGTGATTTATAACATAGCTATTTTTTAAAGAGATATAAAGCACTGTATT,N,no,no,N,0
chrX,7618061,7618349,TAGTTTTCCCTCCTATCAGTGGGCTCTAGGTCTGTGAGCTGCCTTAGCTTTGCAAACTGATTAAGGGGCTCGGCACTGATGCAGCTGATAGAGTTTTCTGTTTGCTAGTTCTAGTTTCTTTTTATGAAAGCAATAGAGAAACACCACTGAAACCACAGGTTCCCCAGGCATCAGACATCCTGACTGTTACCCTGGGTCGACGCTAGTTACAGGAATTAGATCCACCTTGCATCTGATGGCTAACTGCTGGCATTTCCTCCACCAGAATTCAGTCATGTCATTGGTATTA,N,no,no,N,0
chr22,39209763,39210110,GCAGACAAGGAGACAAAGCTAGCAAACAGCAGAGCTGGCACCTAGACCCAAACCTGGGTTCCTCACCACTCTGCCGCCTGCAGGTCACCAGAGACCTCAAATGCACGGGGCTGCTGCCGGGTGTCAGTTACATCCGCCTCACCTGCACCTGCCGTCTCTTGGCTCTGAGTGTGCAGGTCAGGGTACTTGAGTGCCCAGGTACTGACAGGTGACTGCACCATGCAGAGCTCCATGTGGCCGCTGTGCACTGGAGAGCTTTGCCCAGAGCTATGGGCTGAGCCCCTGCCATTGGTTCCTTCATCCATCCAGCGTCTGCAGGCCCCAGGCACCAAGGCAGGCCTTAGGAGG,"[[39209856, ""G"", [""A""]], [39210066, ""G"", [""A""]]]",yes,yes,G->A,2
chr5,77863148,77863521,CATCTTCCAAATTAATACAAATGAGAGACAGAATCAAATTAAGCTCAGAGCCCTTATTCTCTTTCCTTCTGCCTTATTTTCTTTTTCTTCCTCTCTTACACTCTTTCCTCCCTGCCTTGTTCCAAAAAGTTGCAAGGCTGCTCTCTAGGGCATTATACTACAAAACTCCTAAGATGACACATATTCAAATCAGCTCATTTCCAGAGAGCCATGCAACTAGTTATGAATCCAACCAAGGTCCTGGCATCACACACATTGTTTCTGTCATGCCTACAGGATACTGTACGAGGCAATCCTCCCTAATTCCAGATTTATTAGGCCTATGATAATTCTGTCTTTTGTTTGTTGTGGCTTGTCCTGAAGACCTTGAGGCC,"[[77863171, ""C"", [""A""]]]",yes,no,C->A,1
chr5,33665087,33665336,AAGACAAGGAAATACTGCCATTTGTGACAACATGGATGAACTTTGAAGACATAAGTGAAATAAGCCAGGCACAGGAAGACAAATACCACATGATCTCACTTATGTGGAATCTATAAAAGTAAAACTGAGAAGCAGAGATCAGGGGCTGGGGGAGGAGCTGGGAGAGGTTTGTCAAAGGATTCAAAATTTCAGTTTAGATAGAAGGAATAAGTTCAAGAGATCTATTGTACAACATGGTGACTGTCATTAA,N,no,no,N,0
chr17,83177887,83178286,CACTTTTGGGGCAGCTGGCAGCCTTTTAGCCTCAGCTTCTCTGTGGGGACAGAGCCAAGACTGATCGCAAGGCCAAGACCTAGGAGTCCAGGGGAGGCCCTCGGCTCTGTCCTTCCTGCCGGCCCGGCTCCTGCTCATTCCACTAACAGGCATCTCCCTGATGAAATCCTCGAGAGGTTAGTCCTGTCTCGGCGGCAGCTGCTCAGAGCACCGGGCTGTCCTCTGGCCCCTCCGAAAGCATGGCCCTGAATCACTGGGGGAGCCTCACCAGGCAGAGATGGCTCATCCCCATGGACCTGGGCCCCCGGGTCCCGGCCCCCCTGGCCTGGCCAGCACCTGACGCTGCTGTGAGGAGCATATGGTCAAATCTGCACCTGCTGCCGGCCACAAGGGAGGAGCA,"[[83177924, ""C"", [""T""]]]",yes,no,C->T,1
chr1,220672444,220672910,ACCCCAACAGTAATTTATATAGAGTATTATTCTTTATGTCTAGATTAATTGATAATAAGTGCCCAAGAATCAAAATATAGATTGAAAGAGCTCTTATGATGCTGGCTGTAAATTAAGCTGTCTCTCCAAACTAGTCATGCTACTGCTGCTTCAGGAGTAACAAAGACAAGGCCAGCCTGCCCTAAATATTGCCAAGGGCAGGCACAAGAGCACAAAGAAAACCAAAGAAGTCCCAAAGGAAACCCCTCTTCCCCACTCCCATCCCTCCAGCTCAGTCCTCCACTGGGAGGGGCATGAAGCACAAGCGTGTGGACAGTTTCCTGATCTGCATTTATTTCACTCGGCCAGTTACAAGTCTTACTAAATCTATGATCATTCAACTTGCTCTTCCCCATTTTGATTTTTCCAGATACATAGCTGAAATCTAGGCATACTTTCCATTACATTTAATAATAATAATAACAAGA,"[[220672576, ""G"", [""A""]], [220672858, ""A"", [""T""]]]",yes,yes,G->A,2
chr11,34903208,34903465,TAGTACAGACCTATGCAGCAAAGGAAGATACTGGGGAAACTTCCCTAGAGAACTCAGACTGGACCCTCTCCACAGATGGGAGCTCTTTTGTAGAACAAGGAGTATGCATATGCAATGGTCACTCTAAATGACGTCACCAAAAGTGCATCTCTCCCTCCAGGCACAAGTGCTCAATTAGCTGAGCTAATAGCTCTTACAAAAGCAATCACATTAAGCAAAGGAAAGAGAGCTAACATTTACACTGACTCCAAGTATGCT,"[[34903229, ""G"", [""A""]]]",yes,no,G->A,1
chr19,5652190,5652589,TAAAAAAAGAAAAAAAAAAAGGATAAAACTAATTATGTCATCATTACGGACATAACTAAGGGCTTCTTGAGCCTCAGTGATACAAGGTGTGTGGCTGGCAACACCTGCGCCAAGTCTCCCCTACTAGACCCCCTTTCCTGACTCCATGGCGTCCCCCAGCGGGTGGGTGTGCTCAGTGGGGAAGTGTTGCCCTGGAGACTGTAGTGTCTTGAGCGCAGCAGGCCTGATGTGGGTTAATTAGAGGACCGGGCCTCTCTGAGAATGTCCTCTGGGACTAGGATTCCATGTGGCATGATGAGCATGATTACCAGCCTCGGCCACTGGCTGCTGCAGGGCTTTTCCTGAGCCATGGTGTCTTCTGCCGTCAAAGGGCGACCCTAACTGCATCCTGCTGGAGTCG,"[[5652231, ""T"", [""C""]]]",yes,no,T->C,1
chr10,118276262,118276648,GGGGAGGAGGAGAAAGGCCATCTGGCCCCAACCTCTATCCACACAGAATGAGAAAAAGTTGCCCAGGTGTTACCTGTCTTCTCATCATTTATCTGAGATCCTGCAAGAGTCAGCTGTGAGCCACATGTGCAATCATCTCCTGAGCCAAAAGGAGAGAAAGCAAAGCAGGGTTCTGAAGCCAGACCAGCCCAAATGGCAGCTCTCCCACTCACTGTCCTCTCCAGGCCCTTCCCTCCACACTTGCTCCCTGCTCTGAGTCACACTTTGTATTTCTTTGTGACAAGCCCATTTGGTTTTCTCCTCAAAGGTTGGTAATGCAGCATCTTCTGAGACACCAAAACCTGAGCAAGGTCCCAGGAAGAGGTGGCCTGACCTTGTAGGTGACCT,"[[118276275, ""G"", [""A""]]]",yes,no,G->A,1
chr5,144656343,144656640,TATATGAGCCCTGTGCAGGACTATGAGACTACTGCAAAGGGTTCCTACAAAGTTATCATCAAGGCTTTCTGATTTTCCACTTGAGTTATGAGCCGTGAGGTTAAAAACTCCAATTTGTGCTTTCTCTGGGGTCTATCAGCTCTCCAGGGCTGTCAGAAAGAGCTAACTAACCCCAACACATTCTGATCAATACTATCACCATAGAAACCACGTGCCAAAATCACTTGATCTCCTGATACTGTGCTTTTCATTTGCACTTCATCCCAGGACATCTTCAGTGATAACTTGTGTAATTATA,"[[144656360, ""T"", [""G""]], [144656537, ""G"", [""A""]]]",yes,yes,T->G,2
chr5,42337747,42338058,CCACTACCATACTGGGGCCCAGGGACAGGCCCACCTGTCATCTCCATCTCCAGCAAAAGTTCAATACGGCTTCTACTAAAAACAGCACACTAAGACACTGAGGAAACCACAGACACCACCAGTGCTCTTTACAGCCAAATAAAGCATACGAAATAATGCCTGTACTACTGAATGCACCCAAAACCACAGCGAAAGTACCCTACCCAACCAACATGATAGATACCTTTTCAGCAAAAAGACCTCTCCCACAAAAGCAAATTCAAAACAACTGTTACACCACATATGCAGATATCAACATAAGGACATCAGAGA,"[[42337768, ""A"", [""G""]]]",yes,no,A->G,1
chr16,23620047,23620307,TGGGATTATAGGCATGAGCCACCCGTGCCCGGCCCTGATTTTTTTGGTTGTAAGTTTGTCTGTCCTAGTAAACAGTTAACTTGGCTGAACTTGAACTCCAAATGCCGAAACTGAAATTCGTTCTTTCAGTCTTACCTGAGCTGCTTTCAGTCTTACCAGACTCCAAGCAGTCTGACCTATGAATATGCAGTTTAAAGGGTCAATCAAATATTTAGGTAAACATTATAGCTAGAATTTAGGGTTCTTTTTTTTATTTTTTGC,N,no,no,N,0
chr18,58608240,58608574,TGAAGAGTTTGGAATGTAGGCTTCCCAGACTGATGCTATGCATATGTTACTGATATCATCACAGAAATTGACCTACACTTTCTCTCTTAGAAAAGATTCATCCTTCCCTGGTGTTCAATAATGGGACGTGATGTTAGTGGGCTAATCCGGTAAAACCTCCGGGAATTTCATCCACCCCTTGGGATTTTTCCCTCTTGTTACAGAGCAGGAAGGTTTCCATTGTGTTCCAAAGAGCTTTCTCATTAGCCTTCATGTCACTGAAAATATGTCAAAATGTGCCATATGCACAGGAAGGAAAGCCTGGTATTTGGAAACAATACACCATTCTTAATCTG,"[[58608376, ""A"", [""G""]]]",yes,no,A->G,1
chr4,108461428,108461670,TACACTCCCACTCTCTCTTTGCCTCATATTATCTTATATGAAAATGTATGTTTTGAGGTATTACCACAGACTTCTCTGAGCTTTATCCAAACCCACAGGCCTCAATATTGAGCTAAAAATCTAGCAAAATTAGGTAGTCTTGGTGGATTTCTAAAGCTTTCAGTTTTCAATCAGGCTAGAAATAGCATCAGGGAAAATACTTTTGTGTTATATGATTTGTGGCCAGCCCTAAGTCACCCTTTA,"[[108461479, ""C"", [""T""]]]",yes,no,C->T,1
chr5,12246121,12246485,AAATAATCAGAAAGAAAGTCAGGAATTTAGTTCTATAAAGACTAGCAGAAGAAACAGAAAATGTGATCAACCTCCACACGAGGAAAGTGGTCACTTCTGGCAAATGAGTAAACAATGGGTAATGACGAGGCTCCAACATTGTCCATTAGTTTCGTTGTCATGGCATTCATGTTTATGCCTGGGTAAAGCTCTCCAGCATAATGGCAAGGGAACGGAGACACAGTGAAGATTCCTGATCAATAAATGTGTGGTGACAAAGTGGAAACAGCAGCTACTCTAGACGACTCTTGCAAAAAGTTGAAAATAGAAGAAATACCTGGAGGAGTATGTGGGATTAATAGAAAAATTTTTTTTTTCACATGAGA,"[[12246124, ""G"", [""T""]], [12246466, ""T"", [""A""]]]",yes,yes,G->T,2
chr5,114411613,114411857,GGAGTCTGAAGTCTAAGGACAGGAGAGGAAGAATGTCCCAGCTCCAGGAGAGAGACAGAGGGGGCGGGAGAGAGAGGAACTCACCTTTTCTCTACCTTTTTTGTCCTGTCCTAGCCCCCAGCCAGGATGGTGCTCACCCACGTTGAGGGTGGATCTTCCTCACTCAGTTCGCTGACTCACACACCAGTCTCCTTTGGAAACACCCTCACAGACACTCAGAAATAATGCTTTACCAGTTCTCTAGG,"[[114411668, ""G"", [""C""]]]",yes,no,G->C,1
chr3,4385244,4385521,ACACAACCACCAGCAATGGATAAATGATCCAGTTTCTCTGTATCCTAGCCAGTCACTACTTTTTAATTTTAGCCATTCTGATACGTGTGTAGTTGTATCTCCTTATGGTTTTAATTTGTATTTCTCCAGTGCTAATGACGTTGAGCATCTTTTCATGTGCTTCCATGCCATCTGTGTATCTTCTTCTGTGGTGTCTCTTCATGTCTTCTGCACGTGTTCTAATTGGATTGTTCGGTTTTTTACTGCTGAGTGTTGAGTTTTTTATATATTGTAAATAT,"[[4385509, ""G"", [""A""]]]",yes,no,G->A,1
chr14,78612660,78613149,CTCTTCAGGGCTTAGATTTTTGAACTAGTCTAGTACTCAGTTGAGATTTGCTATTCTGTATTGTTTCTTTTCTGTCTGTAATGCTTTGTTCTCATTCCTGCATACTGAAACTCTTCCTGCAGGTTTTTCTCTCTGGCAGCCATCCCCAGTTTTAGCTGTGGAAACTCAAGTAGGCCTCTAACAAAATGTTCTGTGGTGGTGAGAAAGCTAAGGAAAACCAGCTGCTAAAATTACAGCAAGTCTCTGGTTGCTGTTGCTTGGTTTCTTTCCCTGTATAGTTATTTCCCGTGCATGGTTCCTCAAAGTGAAATGAACCTTAGTGTCATATCACATAATCATGGAATGTTAGAACTGGCAGGAACCAGAGATGATTCCATTTCTGTGGTCTGCCAGTTCAAATCCTTGCTGTGTAGAAAGCAAGTCCTTGACCAAAGGCCTGCCTTGCCAATCAGCCTCCTTGCTATTAATATATTGTCCCTCTGACTCCTTT,"[[78612691, ""G"", [""A""]]]",yes,no,G->A,1
chr12,25629297,25629792,TATCTCCTTACTGCAGAAACTCTACTTTAGATAAGTGCAAACAAGAGGTCTGGGGCTTCTGTTCTTCACCAAGCCCCTAACTCGTAAAGTGGAAGTTTTACCTCAGGCTTGATAAGACAAGACTACTGAGTCCTAATCAGCCCGAATCCAAATTGCTTTTAGGATGAAAAGTTTCATACCAAGAGAAACAATCCAAGAGGACCAGTGGCTACCACCCTCACTAAGTGCCCTATTCATAGACTCTGGTGTTAATCCAAGGGAGTTCCAAATCAATAATGCAGAGGTCATGCCTCTGGGGATTAGGCAGACTGTAAAAACAAAGAGCTCTGTATCTCTCTCTAAGGGGATTGATTTTATTTGGAACGGAGTGTGAGGAATTTCAAGCCTAAGTGCACTATTGAAAATAATGGAAATTTTGATAGTGAACAATTAAGTTTATTGCTATCATGGCTATTAATTCCATGATAGCAGTAAACAAAATGGCAGACCAGGTAGA,"[[25629413, ""T"", [""A""]], [25629722, ""G"", [""A""]]]",yes,yes,G->A,2
chr15,38912088,38912454,ACGCATCCATCATGCCAGAAAAATATTTTGTATTCTTTGTATCCTTTGAAACTAGTTTATGATTGGTTAAATTAGTCTCCATGGCCTATTTTGTTTAAATTACATTGTTTACACTAGACCATATGGTCTATTTTGGTGAATGATCCTAGCACTCCTGAAAAGAATGTATTTTCTGCATTGTTGAGTGTTCTGCAAAGGTCAGTCAGGTCAAACTGGTTGGCAGTGTTGTTCAAGGCTTCTATAATCCTTACTGATTTTTTTTTTTTTTTAGATGGAGTCTTGTTCTGTCACCCAGGCTGGAGTGCAGTGGCGCAATCTCGGCTCAGTGCAAGCTCCGCCTCCCAGGTTCATGCCATTCTCCTGCCTC,"[[38912322, ""T"", [""G""]]]",yes,no,T->G,1
chr5,81433190,81433572,GAGAAATCGGATGGTTGCTGTGTCTGTGTGGAAAGAAGTAGACATGGGAGACTTTTCATTTTGTTCTATACTAAGAAAAATTCTTCTGCCTTGGGATCCTGTTGATCTATGACCTTACCCCCAACCCTGTGCTCTCTGAAACATGTGCGGTGTCCACTCAGGGTTAAATGGATTAAGGGCGGTGCAAGATGTGCTCTGTTAAACAGATGCTTGAAGGCAGCATGCTCGTTAAGAGTCATCACCACTCCTTAATCTCAAGTACCCAGGGACACAAACACTCTGCCTAGGAAAACCAGAGACCTTTGTTCACTTGTTTATCTGCTGACCTTCCCTCCTTCCCTCCACTATTGTCCTATGACCCTGCCAAATCCCCCTCCGCGAGA,"[[81433385, ""T"", [""C""]]]",yes,no,T->C,1
chr6,70234927,70235282,CCAGGATTACCTGCCTGGAACACAATTGCACATTATCAAACCAGGGCTAAGCATAAAGAATGTGCCTGCTTCATACTCATATAAACACTTATATGAAATTTGCAGTTTCCTGCACTCTGCATCCTAACAGGTGTTCTTTCAGAGGTTACAAAACCTTCACTGCAAGGTGAAGACACATAATGCTACACAACTTACTCATCTTTTAGAAATCTAGTTCAAGTTAACTTTCAATATATCTTTCTTTTGGCTGGGTGTGGTGGCTTACACCTATAATCCCAGCGCTTGTAGGAGGCCCATGTGGGTGGATCATGAGGTCAAGAGTTTGAGACCAGGCTGGCCAATATGGTGAAACCCTG,"[[70234959, ""C"", [""T""]], [70235030, ""G"", [""A""]], [70235122, ""C"", [""T""]]]",yes,yes,G->A,3
chrX,122572489,122572847,AGTTGACCGAACCAACCTTCTGTCACAATCAAACCACCAAGGACATCAAAGAAGATAAAAGCAAAGGAAAAAAAAAAACATCTAAAGAACAGCAACTTCAAAGATTAAAGGAACATCAGCCAACACAAATGAGAACCAGCACGAGAACTCTGGCAACTCAAAATGCCAGCGTGTCTTCATACTTTGAAATGACTGCATTAGTTCCCAAGCAATGAGTCATAACCAGGCTGAAATGAAATACAATAAAACGATACAATACATGGAATATGAAATGGCCATTTGAAGAAAGAAACAAACTGAGTTGATAATGTTGAAAAAACTCACTAAAAGAATTTCAGAATACAACTGCAATTATTAAC,N,no,no,N,0
chr7,85516708,85517011,AGCCAAGTGAAAACAAAAAGGTCATTTCAAGCCATATTTATCTAAGAAGGTTTCTGTTGAACAGCAAAGACTTTAGCATTAGAGGCCGTAGTTCTGCTAGGGACAGAAAGTGAGTAGTTTCAAGAACTGAGCCAAGGAATGACACATCCATGTTAGAAAAGACAGCAGTGAGGAAATCCTTGATGGCCTTATAAGGACCTAAACATTTACTATATAAGAGTTAGTATTTGGACACTTCTTTTAGTAGAACACAGAGTAGCTAGGTAATGTTAACTAGGAGACCAGAGCAGCATAAGTAAAAATA,"[[85516770, ""T"", [""A""]]]",yes,no,T->A,1
chr11,64352629,64352957,GGGGACCTAGGCTTAGGAGGTGACAGACCCCCCCGCCCCGGGTCCAGATAGTCCAGCCAGCTGCTTGTGGTGGCCATAGGTTCACACAGCCCTCTTAGCCCCTTGTCCATCCCAGGCACGAGCAGCTGCAGGCCCAGCGGGCCAGCGTGGAGGCACAGGAGGTGGCCCTGCTGGCAGAGCGTGAACGCCTGATGCAAGATGGGCATCGGCAGCGGGGCCTGGAGGAGGAGCTGCGGAGGCTTCAGAGCGAGCACGACAGGTGCCGCCCCTGCCACAGCCTCTAGCAGCTCTCAGTGGCCCCATCCTGAAAGTGGGTTGGGGGTGTGGGG,N,no,no,N,0
chr6,162974057,162974323,TGCAAGTAACGTAATAATTACAAAATAGAAGAAAAGGGCCCTGCTGACTTGCCAGAGCTTGAAGCAAAAGAGAAAGTTGCCTGCATTGACGGGGCTCGCTCAAGTATTTCAGTTTCAACACAGCTGTCCTTTCTCATTGCAGATGGAGGGCGGCTGCCACCATATGCCACCTCTGTAATAAACAAAAGTAGTGCAACAATATAATTAATAGCAAGCCATTTTCATTTTTAAAATTCCAAAAAGGAATATGCTTTTCACGAAAATTCA,"[[162974077, ""T"", [""C""]]]",yes,no,T->C,1
chr21,23664310,23664565,TCAATGTCTTCTATGAAAAATGTCTAAGCAGATCATATACTGCAAAAAGAAACTGAAAATGTTTCAAGTGCCTCATTTTGCTCATAAGATTGACACAAAGCAGGTTCAATTGCTTAAGAAGAAAAGAAACCAGGGGAGAAAAGGAAGTGGAAAACCCGGGAGACTTTAGAGCACTGAATGACTGAATCCAGAGCCTCAAGTGTTTCAACAAGGAGAGTTTAAATAGTGGTTTGAGCTTGAGAGACTGTGAATGCTA,"[[23664320, ""T"", [""C""]]]",yes,no,T->C,1
chr16,46464868,46465312,AAAAGAAATCATCATTGAATGGAATCGAATGGTATCATTGAATGGATTCGAATGGAAACTTCATGCTATGGAATCAGATGGAGCCATTGACTGGCATCGAATTGAATCATCAGTGAATGGAATCTAAGGGAATAATCGAATGGAACAGAATGGAATCATCGAATGGACTCGAGGGGAATCATCATCGAATGGAATCATCGAATGGACACGAATGGAATCATCTTCGAATGGAATCGAATGGAATCATCGAATGGACTCGAATGGAATCATCATCAAATGCAATCTAATGGAATCATCGAATGGACTCGAATGGAATCATCATCAAATGGAATAGAAAGGAATCATTGAATGGAATCGAATGGAATCATCATTGAATGGAATGGAATCGAATCATTGAATGGACTTGAATGGAATCATCACCGAAAGCAATTGAATGGAATCTTCG,"[[46464893, ""T"", [""C""]]]",yes,no,T->C,1
chr2,131126362,131126703,CTAAAAATACAAAAAAATTAGCCAGGTGTGGTGGCAGGTGCCTGTAATCTGGCTACTCAGGAGGCTGAGGTAGAGAATTGCTTGAACCCGGGAGTCAGAGGTTGCAGTGAGCCGAATATATTTTGTGGACGTCATCTTGGCAGCTGGTCTTGTCAGTCAGCCTAGCTATGTTCTTTCTGCATTCTTGGAAAGGCAGAGGGTTCTTTCATAGATGTAGCACTTGATTTATTGTCTAGTCCTTTGCTTCTCTGAGCTGGTAGTTCTTAGAAAATGTAAGAAGAAATCCTGAAAAAAGTTCCTTTATTCTGCTTATTTTTCATAGATACTCAGCCCCCGGATGGA,N,no,no,N,0
chr18,77307341,77307749,TCTTCCAATTATCCTATAATGTATGAATTTATTTTGCTTAAAAATGGAACTGTCTCCCTTTCTATTTCCATCTAGTGGGGAATTCCCCTGCACTGTGCACTGTGCGAGGTGCCAGGTATAATGCAGTGAACCACAAAACAAGAATAAACCCTGGTATTTTGAATTGTCCTTCAACCGCATCACTCCCTGTGCTGTTGCTGTGGCCTCTGAGATACCATCTTTCTCGATATTGCACTAAACAGTGCTCCTTAAAAGCTTAACTGGGTCAATTCGTGCCTCGTGGTTATTTCAAAACACCAACCTTCATGGGTCACCATCAAAGTCAGGAGACTCAGAGGATCCGTCATCAAAGTCAGGAGACTCAAAGGGATCTTGGGTTAAAATGCAAACAAGGCTTTTTGAAAAGACC,"[[77307561, ""G"", [""T""]]]",yes,no,G->T,1
chr8,51371959,51372296,AAGACATCAGCCTGCACTTGCTGAATGCTGACACCATTGTCACAAAGCACCCGGCTCAGGGACGCCTGCTTCAGCTGAGTGAGTTGTGCCGGGGTAAATACTCCAGGGTTTTCATACCAGAACCTGGTAGTCAACCAAAAAAAAAACATTGTCGTGGGTCTGTGGCCTGAGAACTCAGCTGCATGTCAAACAGCCACAATGCACCAAGAAGAGCTCAACATAAAAGACGCATACTGAAAGAATTATGCTTGTTCTCCAACTGAGTATCCTTTTAATTCTCTCCAATATTTACAACATTCTTAAATCACATTCTTCTGAACTATCACTTTCTACTCAAG,"[[51371989, ""T"", [""A""]]]",yes,no,T->A,1
chr1,165254938,165255288,TAATTCCCTCACCTGTAAAATGGGAATAATAGTATCTACCTCCTGAAAAAGCATCCATGGCAGTACTAGTTGCAGAGACTAAGCACTCAGTGCTGTTCCTCTATTGATCACTCTCTGTGGGGAAGGCTCTGGGGATGCCGTGATAAATAAGGCTGTCCCTCTCCTTAGGGAGTTCACATTCTCTGGAAGGCAGCAGACTCTAAATAAATGACCTCAGTAGGATGTGTTTGGGATATGCAGAGAGAAATAGCTGGGAATAGCACAAAGAAGAGACCTATGCGCTTAGCTTAGGCTAAAGGTCACAGAATCTTTTGTCTCACACTTTATCTTCTTTTCTTCTTTCTCCCTGCA,"[[165254983, ""G"", [""A""]], [165255262, ""C"", [""T""]]]",yes,yes,C->T,2
chr6,102895599,102895988,CAGGTGATCCACCCACCTCGGCCTCCCAAAGTGCTGGGATTAAAGGCATGAGCCACTGCACCCAGCCAAGATTCTATTTTTAAAGGGGTTAAGAAAGCAAGAGTTTGTTTGCTTGCTTTTGGTGGAATTAGAGAACGGACCTGGCAGGGAGCCATTGTACCAGGTCCTGTATTTAGCTGCTTCTTTGAGTGATTTTGAAGTTCTGGTCACAGGGTTCACTCAAATCTTTTTCGGGTATTTGTTTTTAACGAAAAACATTTATTCACTCATCAGGGGCTTTGTATTAGCTGTTTCCTTTACCTCAGCAAGCCACATTTTCTCTAGTTCTTTTTTTGTGGTTAACTCCTTTTCATTCGTTAGGTTTCAGGTCATGTCATTTTCTTAGGGAGG,N,no,no,N,0
chr15,36954545,36954849,TAACTTTTTTATACAATGAGATATTCTCTTGCATTGTGGTAACTCTTTCATGGACATTTTTTAAAGCAAGACATCTCCAAGATCAGTTCTGCCTCTTAAGTTACCTTCCTACCCTGTAAGTCTGACTCACTTGCTGGTCTACAAAGCTGACCAGATGAGTGCTGACTGAACAATGCACAATTTGTCAAGTTACTTCTGTGATAGTGTAATACAATCATTTAGATAATGGTCAAGTAACTTGTTGGGTAGAGTCTTAGTTTGAGTACATGCGTGGAAACTGATCATTATGCATGGAAAGTGATCAT,N,no,no,N,0
chr14,43026303,43026530,CGTGATAAATGGTATAGTGCCGTCCCCTTGGTGATGAGTGAGTCAATGCAAGATCTGGCTATTTAAAAGCGTGTGGCACCTCCCCCTTCCCACTCTTGCTTCCTCTCTTGCCATGTGAAACACTTGCTCCTCTTTTGCCTTCCATCATAATTGTAGGCTTCCTGCAGCCTCCTCAGAAGCAGATGCTGGAGCCATGCTTGCACAGCCTGCAAAACCGTGAGTCAACTA,"[[43026304, ""C"", [""G""]], [43026363, ""G"", [""A""]]]",yes,yes,G->A,2
chr16,76867017,76867409,ACCCTTGCCAATTGACTGGGCTACACACACCTTATATAATGAGTCTTAGAGACAATCAGAAAAGTATTCCCACATAAATCAAGAAAATGGATAGCATCAAAGCATAATGTTGTTGTCATTACTGGAAGTCCAGGGCCAAAGTTACATGTAAGTTGGCAAACAAGGCAAAATCAATGCAAGTGACTTGCAGGTTTCAGTCTGAAAACCTGGCTGAGAGAGAAAGCTGAATATCCCACGTGGATGAGGGTGGCCTCAGATGGAAATGAGTGGTTTTAATTTAAGCAGCTTGCTGTTGACAGAAGGGACTATCTGCCATGCTCATCACTTATTAGCAGTGCTGATGGCTTCACACTTGAAGAAAGTAGAGAGTTAAATTTATTCAGGTCATCTTTA,"[[76867168, ""A"", [""G""]], [76867181, ""A"", [""G""]], [76867211, ""G"", [""C""]], [76867407, ""G"", [""T""]]]",yes,yes,G->T,4
chr6,32273890,32274101,TGAAGAAATGCTCAGCATCGCTAAGGATCAGGGAAATGCAAATCAAAACCACAATGTGATACCACCTTACTCCTGCTTCTCTGAATCAGGGTTTTTCTAAAGAAATCTTTCAGAATCAGCAAAAGTGGGGATGACCCAGGCATCTTGATTTGCAAAGTCACAAAACTAAGTTGTCAATTATCACTGTAGATGAGCAACTCATCTTTTTAAAG,"[[32273909, ""A"", [""G""]], [32273943, ""G"", [""A""]]]",yes,yes,A->G,2
chr8,127774107,127774325,TACTAGGCATTTTCTTACCATGTTAATCTCTCTCATATACGTGATCTCATGAATTCTTCACAAGAACCTGAGAGATGGCTACTATGACAATTCATTTAATTTCATGTGTCAACTTGACAGGGTCAGGGGATCTCCAGAGAGCTGGCTAAGCATTGTTTCTGGGTGTGTGGGTGAAAGTGTTCCTGGAGGTGATTTGTATCTGAATTGGTAGACTGGGTA,N,no,no,N,0
chr5,60916715,60916974,AGTATATTAAATTTACATTTAGATACACAACACTGTTTTGTTTTGCTCACTAGAATCATAATATACTTCATGATTTTATTACTTTTTAGTATGTGGCCAGTTACATACATTGTTAGTCATCCCTAAAGCATTTACTCAGCAGTTACTGTACATAGCACTGAATTTAGTAATGTATAAGACATAGTACTTTCTTTGGGGAAGTAACAATCTAGAACAACAAATAAGACAAACAAGTATGAAAATGATATTATAAAGTAGTA,"[[60916736, ""T"", [""G""]]]",yes,no,T->G,1
chr13,60680252,60680680,CGTGTCTCTGTTGATATCTCCTTTTGGGCAAGTGGGGTATGGGGAGATTTGAAGACACTTTTCTCCACTCTGACTCAGTACTACAGTACCCAGTACTTTTCCATACTTCATCATTGCCCTCCTTTAGCTCTGAGTCCATAAAGCTGCAGGAGCCTTTTTTTGGGGGCTTCCTCTGTGCTGATCCACGTTGCTCTACTGACACTGTTCCATGGAAGGAAATGAGCCAGGAGGAGCCAATGTTTTCTCTGGCTTAGTCCCTTTGCAGGAAGTAATTAAAAGCTTCACTGTAACTTTCATTTTGGCTTATTGTTTTCATTGGCTACCCTGACATCTGGCAGCTGAGCTGAGCTCCTGACAATGTTAAAATGTCTACATATATGTAAATTTATTGCAGCTTTTCTGTCTTTTTAGTGATAGTTCATATCTTTT,"[[60680404, ""A"", [""C""]]]",yes,no,A->C,1
chr9,131061040,131061355,TGTGTCTGCAGCCACCATACCAAGGGCCCATCCTGTGAACGCTGTTTGCCAGGTTTCTATGGCAACCCTTTCGCGGGCCAAGCCGACGACTGCCAGCCCTGTCCCTGCCCTGGCCAGTCGGCCTGTACGACCATCCCAGAGAGCCGGGAGGTGGTGTGTACCCACTGCCCCCCGGGCCAGAGAGGTAAGTGACTCCTGCCCCGGAGCCCTGCCCCGCAGAGGGCCAAGCCCCGGCACTGTGACTATGCCCTGGGCTCCAGGGTTAGGGCCCTGGGTTTAGGGTGTGGCAGGTGAGGGAGAGCCCAGCTTACGGGCA,"[[131061061, ""G"", [""A""]]]",yes,no,G->A,1
chr6,76026101,76026489,AGCAGGGACTCTGTGTGGGAAGCACTCTAGCAGGGACTCTGCACTAGCAAGAGTCCCTATTTTCCCCTTTTCTTCCTTTTCACCCAATAAAACCCTGCTTTACTCACCCTTCAAACCATCTGCAAGCCTAAATTGTCATGGCTGTGGGACAGACAAGGACCTTGTCTTTAGCTGAACTAAGGATAAGTCCTGCAACATTTTTTGGCGCCCAACGTGGGGCTCGAGAAGTGGTGAGTGAAATGGGGACTCAAATCCTCTCGCTGTTGCTTCTAAGCCTTTTCATCCTTGGACTTCTCAGGGTGGGGGAAACCATGCCCCCATACCCCATTGCTCCTGGGCCTTTTCATGGCCCTTTCCTTCCATTCTCAGGGTCAAAAAAGGAGCAGTGA,"[[76026116, ""C"", [""T""]], [76026143, ""G"", [""A""]]]",yes,yes,C->T,2
chr5,72221205,72221475,CAAAGAGGAAAAACTAGCCCTGAGTGACTGACTTTAGATTTGAACAAAAGTTTGCTGACTCGTAGTTTAGTCCTCATTCTAGTGGCCCAGAATGAAGTCACCTGCAAAATAACCACACATTTTGCTGGTAGAAAAAAACCATTTTGTTGGGAAATGGTCATGCTGCCTTTCATTCAGGTGCTGTTAGCTGTGGTTATTTTTTTCAGCTCAGCAATTTTGCTAAGATGCACCACATGTGATTTCTCCCCTTTCACTCAAAAACAGTAAATGG,N,no,no,N,0
chr13,94272044,94272347,TCATTTTGGTTTACCTGGCACTGAGCAATAAAATAATAAAATATATATATCTTTTCAATAATACCAGTACGCACAGAAGTAGGAAAAAAGGGCTCCCATTGCTTACTGAATTGCTCACTAATCACACTGTTTGAATTCAATGGGGAATTCCACAACACACCCGACTTTTCATTTATTTATTTTTTATTGGTTCTGGGAGAGGTTTATGATTCATTCCATGTAGGTTGCAAGCCCTTGTACTACAGGAACAAATGGTCTCTGGGGCGATTTGGTTTATTAACTTTTAGGGCAAAGGAGGAGAAAT,"[[94272113, ""T"", [""C""]], [94272249, ""G"", [""A""]]]",yes,yes,T->C,2
chr3,146594920,146595194,CTAATTCTATTCTACACATTTAACTTTCTCATTTATAACATATTTAGATACAAAGAAACTTCTGAAAACTAAAATATTTTCAATAGTTTTAATAAATATGTAATATATATAATGCACTTACTTCCAAGCAGCTCCACCTGCTGGTGTATAATTATCAGGTCTAACTGTAAAGGATGACATAAAAGGAAATAAAAAGTATTAACATCACACAGAAAACCTTTGGAGATACTACTATTACCCTATTTACTATATTACATAAAATTAGTGATTTTCAT,"[[146594969, ""G"", [""A""]], [146595130, ""G"", [""A""]], [146595154, ""G"", [""T""]]]",yes,yes,G->A,3
chr11,72561735,72562132,ATTGCCAGTAATAAATGAAATAAACACAAGAAAGCACCCAAAATAGGCTTAGCTGATAGCCTGGCTCAGCCCAGGTTGAGGCCCCCTCCCTCCCTCCTGCCCACACTTGAGGCTTCACCATCGTGACCCTGGCTCAGGACACCTGCGATGATGCCTATGTGGGCTGTGGGAGGCCTGGAAGCACTCATGCTGAGGAACTCACCAGACCTATCCCCTCTCTGCCCTTCCCCTCCCAACCACACAACATTCCATCCCATCCACCCTGCTCCACCCCAGCTTACAAGCCCAGTCCTGGCCAACATCAACTTGTCCAACGCCCTGAACTGAGAGCTGAGCCAGGCCTTGTGGATAGGCAGAGGCTCCCGAGAGCTCTACATGAGGCACTTTCCCTTCGAGGC,"[[72561763, ""G"", [""A""]], [72561881, ""A"", [""G""]], [72562128, ""A"", [""G""]]]",yes,yes,A->G,3
chr2,87297799,87298039,ATTTTCACACTGCTGATAAAGACATACCTGAGACTGGGAAGAAAAAAAGGTTTAATTGGACTTACAATTCCACATGGCTTGGGAGGCCTCAGAATCAAGGCAAAATGCACTTCTTACATGGCAGCGGCAAGAGAAAATGAGGAAGATACAAAAGCAGAAGCTCCTGAGAAACCTGTCAGATCTTGTGAGACTTACTATCATGAGAATAGCATGGGAAAGACCAGCCCCCATGATTCAATTA,N,no,no,N,0
chr10,23192832,23193180,GCTGCGAGACGGGGGCGCCCCCAGGCGGCTTCCCCTACTCGCCCGGCTCGCCGCCCTCGTGCCTGGCCTACCCGTGCGCCGGGGTGGCAGTACTGTCTCCCGGGGCGCGGCTGCGCGGCCTGAGCGGAGCGGCGGCTGCGGCGGCGCGGCGCCGGCGGCGGGTGCGCTCCGAGGCGGAGCTGCAGCAGCTGCGGCAGGCGGCCAACGTGCGCGAGCGGCGGCGCATGCAGTCCATCAACGACGCCTTCGAGGGGCTGCGCTCGCACATCCCCACGCTGCCCTACGAGAAGCGCCTCTCCAAGGTGGACACGCTGCGCCTGGCCATCGGCTACATCAACTTCCTCAGCGA,"[[23192916, ""C"", [""T""]]]",yes,no,C->T,1
chr7,130865815,130866178,TATAAAATATAGCGGAAATTTCTGGCTAAAATTTATAGATTTGGATGCTCCCATTTCCTGAACGCCATCTACATAGGAGTAGTTCTTTGAATTGTCAGAAAACAACCTGGCCCCAAAGTAAACTCAAGGCAGGCCAAGCACAATATTTTTGCCATTTATGGCGAATGATAAGAGGTATGTCACAGTTCCTAAGACAACCACAAGGGCTTCTGCTCAGTGTGGGTTTTGCTGACTTCACCGGAGTCAGCAGCAGTGGGCTGCTTCATTGCTGACATTCAGCAAATGTGGGTTTATATAAAGCTCTGTCATAGGCTGATCCTCCATAATCCCACAGAATCTGCAGGGAATAGTACTTTCCATGCTA,"[[130865856, ""C"", [""T""]], [130866053, ""T"", [""C""]]]",yes,yes,C->T,2
chr22,22668767,22669049,TGAGGCTGACAATTACTGTTACTCTGCGGCTGACAACAATCTCACAGTGACACAGGCAGATGGAGAAATGAGACACAAACCCCTTGCCATCTGTGTCACCTTCTTCCTCCAGCCCCAGGAGGACTGTGGACAAAGCCACGAACAGGTCTGGCCCAGTACACCCAGATCAGAGACTCTGAGGCCTCCTTCCTTCCAGATCTCTACGGAGGCCCTACAGAAGGTGGATCAATAATAAATTCGGGGTTGGCAGGTCCAGTAGGTCCTGGTGTTTTCTGGGCTGGAG,"[[22668777, ""T"", [""A""]]]",yes,no,T->A,1
chr17,55563446,55563650,TATCTGTAAAATGAGTTATCAATTTATCTGTAAAATGGGGGTGGGAATAACACCACTCTTGCAGTCTAGTTATTTAGAGAAGTAACTTGTCTAGGGCCTTATGAAGATACTGGTGAAACTGAAACTCAAACACAAATTTATCTAATGCTAAAATTCTTATTCATGAAACCATATGGTCACCCAGTAAACATTACTGTTGATGCCA,N,no,no,N,0
chr1,146678120,146678473,GGAAGAGAGCTCAAAAGAAAGCATCAAAAATGAAGCACAGAAAACAACAAACAGAAAATGCAGATGAGGCTCAGAAACAGAGACAGGTTGAGAAATACAAATACTACTGTGTTATAGTTGCCTACAGTATTCAGTACAGAAACATGCTGCACGGGTTTTCAGCCTAGGAGCAACAGGTTATACCGTATAGCCTAGGTGTGTAGTAGACTCCACTGTCTCGCTCTACAATGTTTGCACAGCAACGAAATCACCTAATGACACATTTCTTAGAATGTTTCCCTGTCATTAAGTAACACATGTCTGTATTTCAAAATAAGTTTGCAATTTTAGCTAATGAAATTCTGATGAGGCTAA,N,no,no,N,0
chr5,125181263,125181522,ATGGTTGCTTATTAACCCCTGTACAGATGAATCAGAATTTATTTAACCAGTCACTCTGCCCTTCAAGCTTGCTCACCCTGCACATGTTGCATCTTCTGCCTTAAGAAACTTAATTTGCCTATTTGGCAATCTTCCTGGGCTCAAGAATGAGGTTAAATGTAAGTTTCTCTGTGAAACCTGCCCTTCACTCTCTGGGTAAAATTTACTCTGCTCTCATTTACTTTATATATAATTCCACTATGGCCCTTTAAGAGTCTGGA,"[[125181264, ""C"", [""T""]]]",yes,no,C->T,1
chr1,194776757,194776972,CAAGACAGAAAGTCCAGGTAGCTGATTATACAATTATTGGCTGGGCTAGTGAAGTTTATGTTATGTAGGCACCACTAAGTTTTGGTTTTAATTTCACAAGACCACAGCTAGCATGAAGAAACCAGGATGCTACTTCTGTCATCCAGAGTTCAGTTTGCAGTTTTTGTCTCTTGTAACAGTGCTTCCACAGCCATCATTTTCTTGGAGCATGAGGCT,N,no,no,N,0
chr19,435821,436114,CATGTTCTGCGGTGAGACGGAGGCCGTTTTCTGCCCATTGCGGGAGCCGGCCGCGCGTCTGGAGGAGGGATATTGGTTGTAGCAGCAGGGCTGACAGCCTCAGGCACACCGGGGAGTCAGCTTGCTTAGTCCTCCCCAATCCTGGGGGGCAGGCGGGGATGCGTTTACTCGGGTGTTAACAGCCGAGGAAACAGCATCCTCTGGCTGAGCCATATTCTCACGGGACAGGGAGAGAGGGACAAGGGCAGGACGGAGGCTGAGGCCTGCAGGAGGTGGAGCAGGCTCTGCACCTGG,"[[436015, ""G"", [""C""]], [436053, ""G"", [""A""]]]",yes,yes,G->A,2
chr21,25507549,25507904,CCTTTCTGAACTCCAGTAGGAACTATAGTCCTACTGTAGGACTATTGACTATAGTCTTAGTTCCACCACAAGATTGATGAGAACATTGCAAACAGAGCACTAATAAGTTCCTATTTCTTTGAAAAGGTAGCTGTAAACCTTCAGCACACATGCTAGATGCCAAATACTCCCTACTGGCCAAGTCATCAATTGCAACATTGAGTGCCCCCAGTGCAAAAAACAACATGGTATCATCCAAGATCAGTAAAAGCATACATAGTTAATGTAGCTAGCACTTATATAGCACTTTCTTTGTGCCAGGTATTATTATAAATGCTTTACATAAACTGATTCACCTAATCCCCACAAATAACCCT,N,no,no,N,0
chr11,21072568,21072920,TATAGGGATAGGAGAAATAAGACATGACAGTCTAAAGATAGGTGGTTAAGTTGTAACAAAACCCAGCATATAAAGCTTGGCAAAGATTTATACAGAGAAGCAAAACTACTGTTCATGCCAGAGAAATCAGTAAAGAGGAACTGAAAAAGAAGTGAAGAACGTATGCTTCAAAGCTATAATGAGACTTGGCTGCCTCAGGCAGTATCAGTAAGGAATAACATGCCCTAATTTTGTTGTCTTAGAAGCAAAACATTTCTTTTTCTGTTGATTATTCAGAATATGTGCCATTAGCCATATGTGTACATTTTAGTCAGCAATACAGCTGTAGCCCATATTTCATTAACATGTGTTCT,"[[21072598, ""A"", [""T""]]]",yes,no,A->T,1
chr3,141181236,141181546,CTATTGCTCTAGTTTCTTGATGCAATTTTTTTTCTCACTGCAAAGGAGACCCCTCTTCTTGTGTGCCTGTGCTTGACATCAGGATTTAAATACAACTGCTTGCCTTTGGTATTGTGGCCTCACATTCCAGGCTTCCCTCGTGTCTGATTTCAAAACTGTATCCACTCCAACCACTGAAATGGATTTGCACTTCCACCACAACATTCAAGAGCGAGAAACATTGCATTACTTTCTTTTTTCCTAATTCAAATTCCATCTGGCTCTCAGTCCCTACTTCCCTGGGCAGTGAAACGCCCAACATAACTCACTAC,"[[141181259, ""T"", [""A""]]]",yes,no,T->A,1
chr5,139120683,139121112,GCACTGAGCCGAGCAGCAGAGCCCAAAATAGCATTTGCAGAGCGAGGCACATGTCACTGCCTCTCTGGTGCTTCAGAAGTGCAGGGAAAGAAAGTTTTCAATCACTTGCTCAGAAACCACGGCCACCCACCACCTGCCTTCCTTCCAGGGCACTAAGATGCTGCAATCTCTGTTCTGCTGGAAAACGAAGGTCCCTGAGCCCTGCAGCAGCAGCTACCACTCTGACGGACCATGCTGTTTCCCTCCCGCAGGCCAGAGAAGAGCAGCCTGAAGGAGCAGCCCTCTGGGGACAAAGGACATATGCAGTTTGAATTCAAAGTGTGTTTTGTGGGGACAGGGCTGGGCCTGATACCTGGCCGAAGGGCCTGCCACTCATGCGTCGGGTGGAACACCTCCAGGACTTCGGCATCCAGCTCCTCCTCGGCTTTGG,"[[139120726, ""A"", [""G""]], [139121040, ""T"", [""C""]]]",yes,yes,T->C,2
chr5,43152201,43152565,CCACGTTGGCCAGGCTGGTCTCGAACTCCCGACCTCAAGTGATCTGCCTGCTTCAGCATCCCAAAGTGCTGGGATTACAGGTGTGAGCCACCACTCCCAGCCGAGTCTGTCCTATTTATCACAAGCTCCTGAATGCCAGCTGACTTGAGTAGTAACTGTCCACCTCATGGACTGATCTCAGCTATGAGAATGGTAGTGGAGCATGGTGTTTTGCCTGCGACACACAGGAGTCATCCCCAGCTGTTTTTAGAAGATATGTTGGTAAAGTTAAGGGAAACCACTTGGCAGGGAATGGCAAACACAGCAGTCAGTTTAAAAATGCTTATAGCCATTGGAGAGACCTGCAACTGAGCATTTTTCTTAAT,"[[43152245, ""C"", [""T""]]]",yes,no,C->T,1
chr4,166432847,166433234,GGGTTAGTAAACTTCTAGTAAAGAACAAAGTATTTTAGATTTTGTGGGCCATATGGTTTCTGTTGCATCTGACTTTTTTCTTTTAAACAATGCTTAAAAGGTAAACATTATTTTCAGAATGTGATCCACATCAAAATAGTCCATTGGCTTCATTTTACCCTCTGACCAGACTTGGCCAACTTCTGCTTTAGAGTAATTGATAGATGGATTACATCAATTTTTGAATATTGAGTCAGCTTTGCCATCCTGTGACTAACCTCATTTGGTTGTAGTGGAGTTTTACTTTATATATACCCAGATTTTATTTGCTAATATTTTGTTGAAATTTACTTTTTCACCTCTTTTCATGAAAGATATCAGTTTGTAGTCTTTTTGTTTTACTCTGTTA,"[[166432873, ""C"", [""A""]]]",yes,no,C->A,1
chr8,25962557,25963040,AATCCTGCAAGTGTGTGACATCAACATGTCTTCCTCAGCTAACAGGCTTCTCTATTCACCAGCAGCCAAAAATTTTAAGTGGCTCTTAAACAAAGACAGTCCAAGCGAAGAATAATGATGTCAAACCCAAGCCATAGTTGTGGTGTGAACACAAAATCTACAGGACCCAAGTTAAAAATGATTTACAGACAGTTTGATCAGAGTCAGATGTGACATGGTGTCTTACTGGAGACAAGCCAGTGGCTATCAATCCAAATCCCCTACAACAAGTTATGTCATTAGTCAGAATCAATACATTATGGAGACAATTTTCTCTTTTGTCTCTTGGCCCAGGGAATTTTCCAAGTTGAGTTTCATCACCAGATTGCAAGGTCCTCGCATTACAAAGTGGCTGACAGGAATCACAACCACTAACTCCCTCATGTGCTCTTCTGGAGGGGCAGGGGAAAAGTTTAAGGAATAAATCCAATTAGACATGGGAGTC,"[[25962586, ""T"", [""C""]]]",yes,no,T->C,1
chr13,85864949,85865289,TCCCTTGTAAGTTGGATTCCTAGGTATTTTATTCTCTTTGAAGCAATTGTGAATGGGAGTTCACTCATGATTTGTCTCTCTGTTTGTCTGTTATTGGTGTATAAGAATGCTTGTGATTTTTGCACATTGATTTTGTATCTTTAAAGAAGACTGAAAGCTGTAGCCGAAGAAACTCTCCTGTTGACCTCATAGAAGCCAGCTGCCCTCTTGTGGAGAGAACTATGTTGCAGGAAAGAGCTTGTATTCAAGGATGTGGACAACTCTGAACCCTCATATGCAGCTGATGGGAATATAAAATGGTTTTGGTCACTTTGAAAGACAGGCTGGCACTTCTTCATTAG,"[[85865042, ""A"", [""T""]]]",yes,no,A->T,1
chr9,70285275,70285623,TCTAGAAGAAACCAGGCACAAGCTTCCAAGGGTCCTTCCCCAGAGAAATCACACAGAATGTGCTTAATTCTTCCATCATCAAATTATGACAACATTTTTAAAGTCCTGTCTACAAGGGAAGTGCATTACAGACTCAGCACCCAAGGTTTTTATGGGCGTTAGGCAACTAGGCCTTCTAGCAGCATGTTGTTAACTTCCAGAATGCAAGAAGGAAAGCAGATGTTCTGCATCAGCCACATTGTTTGTACAAACACGCACAGTGAGCCACTCTTATCAGTTAGGAAATGGTAGAAACACTCCCAAAATCCAAATTTCCAGACAACAACCAAGGACCGACCTTGCAAACAAG,"[[70285311, ""C"", [""T""]], [70285373, ""A"", [""T""]]]",yes,yes,C->T,2
chr6,160695048,160695461,ATATAGCCACAGAAAATGGTAAAAGAATGGGTGTGGCCATGTTCCAATAAACTTGATTTATAAAAATAAGCCTGCTTCATGGGCTATAATTTGCCAACTCCTGTTCTAAACCAGAATATTCAACTCCCTTCTGGAAATTTCCACTTGGGTTTTCTCAAGTTCCTAAACATAACATTGTCCCCAGGCAATTTCATCTTATTCCCTCCTATGTGTTCCTTCTTAATGAATGATCCACTATCCACCAGATGTCCAAGACAGAAATTCAGGCAGCATACTTGATTTCATTCCCCACATTCAGTCAGTCACAAAATCATGTCAATTCTACTTTCTCAACATTCCCCTAATCCATTCTTTTTTCTCTTTCTCCACTGCCTTCTTTCACCCCTTCTCATCTCTCACCTCCTATGACCTCCT,"[[160695384, ""C"", [""T""]], [160695433, ""C"", [""T""]]]",yes,yes,C->T,2
chr18,12943190,12943526,TGTATATATTAATACGACCCTTTCACAGAACACAACTGATTGCAGATGTTAATCCCATCTACAAGATACCTTTATAGCAACATCTAGACTAGTGTTTGAGCAAAGAACTGGGCTTCATAGCCTAACCATGGTGACACATAAAATTAATCATCACACCAACCTATGCTGTTAGGAAGGAGGTCGGTAGTTACTGCTTGGGGAGGGGTGTAAAGACCAGAAGGGACCACAGGAGAGCTTTAAGGGTGTGAGTCATGCTCCCTTTTTCGAGGTGATGATGGCTGCACAGATGTGTTCAGTTTGTGAAAATCCAGTGAGCTGTGTACACTTGTGATACGTG,"[[12943216, ""G"", [""A""]]]",yes,no,G->A,1
chr11,127138545,127138813,GTTGAAATGCCCACTTGGACTAAGCTCCTCTTTGAGATACATTAATTATTCCAATAACATCGCATTAGGAGAGCGGACAGAAAGCCTAGACAACACTGTAGTCCCCTGATAATTGTTGCTGGCTGAGGAGGACTGTGGCTACCACTGACTTTGTTGTCTTTGCTCAAAATGTCACTGTGCTTGTCCAAGGTAGCATAAAATAAAACACTTCTGTTTCCACCCAGTTTATCTCCAGCCTTACTATCCTGTCACTGACTCCCTTTCGCAAG,"[[127138573, ""A"", [""T""]]]",yes,no,A->T,1
chr6,157280210,157280605,GTTATTTCAATAAAAAATATTTGAAAGAGAAAAAGAAGAATCAATGAAGGCAGAGACTAAAACAACAACAACAGCAAAACCAGCGCAGCCTTGCGGTGCTGGGTGGAGCCGCGGCTGAGGGAGGAGAAAGGGCGGAGCCCGGGACGGCCGCTCTCCCCGCATTGTGTCCTGGTGGGCCTCTGAGGAGTCTGAGAATTCCAAATGTGAACCTGGCGGTCCAGGCTGCCATGAAGCTGTCTGTCAGGGAAGGAGACCGAGCGCATTTTACTCCCCAGGTTACGAGCTTGGTGGGTGACTGTTGCGCGTAACTTTTACGAAGGTGGCCAGGACCTGGGCCTGCATTCAGTCTTGCCCCGGGCCCAGCAAATGCTCAATTTCAGGCTACAGTCGTCTTTC,"[[157280244, ""A"", [""G""]], [157280535, ""G"", [""A""]]]",yes,yes,G->A,2
chr22,49084320,49084640,GCTCTCCCTAGTCGAATTCTTCCCTCCAGGCCTGTCCTGGGGCTATCGGGCTTGCCTCCTCTCCGCAGTATAGACAGCTGGTTCCGTGCTGCTCACACCTGCTGGGCCCTCCTTGGTGGTGGCTCTCTGCACCTGCTGAGTCATCCTTGGCGGTGGCTCTCTGCACCTGCTGAGTCATCCTTCATGGTGGCGCTCTGCACCTGCGGAGTCATCCTTGGTAGTGGCTCTCTGCTCCTACTGGGTCCTCCTTGGTGGTGCCTGTCTGCACCAACGGCATGGCTTCAGTCATGCCAGCTCTGCCTTTCTTCAAGTGCTAGAGAC,"[[49084331, ""C"", [""T""]]]",yes,no,C->T,1
chr12,14482930,14483251,AATACTTCAATGTTGGTAGGAAGTCAATAAATCTTATGTTACGTGATGAAGGAAAAGGAAATAAAGATATTTTCTTGTACAAGTGTATACATGCACAAACATGTTTTTAGCAAAAGAAGGAGGAAATACTCATGACAATTACAGTCTCTGAGTTGGCAACTGGTCACATGGTCCTGGCTGGTATTGATGACTACCTTCTTCTACTACCCATTCTGTGTTCTCTTTGCCTTCAGCAAGCACCTCAGCTGGTCGTGGTTTATTCCTGGTGGAATGACCCAAACCTTCATTCTTGAGTATTTTTATTGCTGCCTAAATTGAGCTA,"[[14482937, ""A"", [""C""]]]",yes,no,A->C,1
chrX,121832514,121832809,AAAGTTTCTGTGGAAAAGGACATATATTATAAGGAATGCACAGAAACCGCAGATACTCAACATTTGGTATGAGTTCTACTAATATCAACTGGGGCTAGATAACATTTATGAGTTTTGAGGAAAACAGATTGTGTAACATTATGTTTTCAGAATGGCATGAAAATAATGCAACAGTGTCTAGTATGGCCAAGTCTCTGTTACTTAAGGATTTTTCATCACTTAATCACAAAGCAGACATAAAGAAACTTGTTTTAGTGTATCATCAATGACAATTTTTCATCAAAACTTTTAATAAA,N,no,no,N,0
chrX,108173487,108173808,TGTGTGTGTGTGCACGCACACACCAAGTTCTCTCCATCAGATGGACTGACACTTTTGAAGTTCAGGGACTTTGCCTGCAAGGAGCCCAGGTGTTCTGTGATTCAATTCATTGAGACCATTTGATACATCTGCTATTTATGCAGAGCCGGCTATGTGCCAGACACAATGTTAAGAGCTTTACATGAGTCATGTCACTTAACCCTCCCTACTGTCTGAAGGCTATTTAAATATTATTCCCAATTTTTACAGATGAGGAAAGTGAGGTTTAGGTAAGGTAAACAGTGTGCACAAGATCACAGAGCTAATGAGCAATGGAGCTGAG,N,no,no,N,0
chr2,227648982,227649324,CTGTTTACACTTGACAGGATTTCCAGAACAATCTAGGGCTGCTCAGATACTGTTGCTTACTAGCATGTAACAAAATAGTTCATTCTTCTTCACAGTGAGAACCAAAAGGTCAAAAAGGATGTTTCAGTACTGGAAAAACCTGACCGCCTTCTTTCCCTTTGATATCCATCAGTACAAAACTGAGGAGCCCATTGCGTTACCATCTCGGTGATCAGGAAAATATGGAACAAATGACCAGTTTGAGATTGAATGTCAGAGGAAGAAATGTGTGTGTTTATCTTCTACTCTTCCGTTTTCTTCACTTTACTTTTTTGGGCTGCCCTGGAGGAACCATAAGAAACTA,"[[227649062, ""T"", [""C""]], [227649067, ""C"", [""T""]]]",yes,yes,T->C,2
chr8,90850345,90850651,ATGGTCCTGTGCATAAAGGAGCACATTTTCCCACTAGGATATTGAGTAAGGAATCAGTAAAATTAATGAACAACAGAAAGAAGATTTAGGCTTGAAAAGATCTGGTGTAATGTCAGAGAGGCCTGGGGAACCAGCAGTCTGGAACAAATAGCAAACCCTGGAGAGGGAGGGAAGATGAATCATGTAAAGTATTGTTTGTCATAAATACAGCGAGCTGATAAATGTGTAGCATGTGATACAAGAACACCATGCAAATCAGAATGTATGCGCTATTGGACAGCTGAGAGGAAAGAGTACTGGATTAGTC,N,no,no,N,0
chr21,44740810,44741204,TAAAGGAAACAGGCCCCCACCCTTGCCACTCCCAGAGGTCAAGAATGTCGGCCTCGGTCCGACCCAGACTTTCTATGGCATTTTCCTTCATTGTTTGGGACAGATGGGCAAGCGGCAACTCCCCGCCCGCCTGGCCTCCCCTCCCAGCTGGGGCTGGGGTGCATAGCTCAAAGGCTGCATGTGGCAGGCTGGCCAGCATTCCCCACCATATGTCCATGGTGTCTCCTCATTCCATGACTGAGGAGTCCAGCTCCATTCAAGCCCTAGGGAAGAAACAGCAGTAAGTTTCTCTCCCTGTTGGAGGAAACTATTTGTATAAGAATAAGAGGTTCTTTCCCAAGGCATCTTTCCAACCCTGCACTTTAAGCTTTTTTTCTTTTCTCCACCAGGTCAGG,"[[44740845, ""G"", [""A""]]]",yes,no,G->A,1
chr3,88019038,88019446,TAATATAGAATATTTTTCTTGCAGGAAAAGCCTTGAAAATTTTTGGAGTACATATAGTAAGAATGCACTTCACTGCAGCAAAAGTAAGTGTGGCTTTGAACAAAAGTTTGCTTCAGTATAGCTGTTATGTGACACCTAGTAGCTCTGTGGTTTTTGTGGACACGTAAAATCTGCTGAACTCTGAAAAGCATTTCCACAGTAGTCTATTTTACATAAGTACACTGGTGCCAGACATTTAACGCTAACCACAGAGTGAAAAAGGCAGCATGCATATAAATATATAAATAAAAATTGATATGTGAATAATCATAATCACATCACTACAAACCACATGTTTTTCATAAAATATCTTAATTTTCAAATTGGCAGGCTGATCACTTATAATTGGAGAAAGCCTTCAAACTAAATA,"[[88019338, ""A"", [""G""]], [88019418, ""G"", [""A""]]]",yes,yes,G->A,2
chr18,52582559,52582968,CTAAAGCTTCAAATCAGAGAAAAGGGCTTGTGCTTGGAATAGTGCCTCTTTACATTTTTACTTTCTTATTCTCCATCACTTTGTGCGAACTAGATAAAAGATGACTAGGGACAGGGCCATTACTTTCTTTGATGGCTTCAATATATCAGAAGGGGGCAGCCTTTCGTGTAAAGTTCCTCAAATGGGAATACTCTCTTTTATAGCTAGCCACCAGCTGTGAAATTGAGACTAGTCAGGAAATCAGTGAAGAAGAGGAAAATTTAGGCATGGCCCTGGGAAAAGAGGGAAGAGAAGAAAATGACAACTTTTTTTTCTGGTGTCTTTGACAGTTTAATAACATCTCTTTCATGGTGGAACACATGAGCTATCTGTGCCATGGCTCCAGGAAATATAGTCAAGTCCAACACACG,"[[52582644, ""G"", [""C""]], [52582965, ""T"", [""C""]]]",yes,yes,T->C,2
chr9,115174764,115175093,AATAAGGGTGGGGCCGTTTTATAGGATTTGGGTAGATAAAGGAAAATTACAGTCAAAGGGGGGTTGTTCTCTGGTGGGCAGAGTGGGGGTCACAAGGTGCTCAGTAGGGGAGCTTTTGAGCCAGGATGAGCCAGGAGAAGGAATTTCACAAGACAATGTCATCAGTTAAGGCAGGAACAGGCCATTTTCACTTCTTTTGTGGTAGAATGTCATCAGTTAAGGCAGGAACCGGCCATCTGGATGTGTACATGAAGGTCACAGGGGATATGATGGCTTAGCTTGGGCTCAGAGGCCTGACATTCCTGTCTTCTTATATTAATAAGACAAATA,"[[115174994, ""A"", [""G""]]]",yes,no,A->G,1
chr7,25361406,25361752,GACACAGCAAGCATTCAAGAAAGCTTTGTGGAATCAACAGATAATGAATGAGTGAATGATCACAACCCAGCTTGTGTCATCTCAGCTCCTGGGTGGAATCAGGCATTCCCTCTTCTGATCATGCAGTCATGACAGTGCTCCTCACGTGCTCCTGTTGGCTTCTAGTTCTGTGGAATGAATGTATGAATGAGTGTCCACTTCAGGATGGGAGCCAACATTTCTCAAGGGCGTGCTCTCCTGTTTTGCAGTGTACACATCCACGTGCACATGCACACAGCAAATAATTCAACAGAAGAGTAACAAAGGAAAGAAGTATATTCTCATGAGACCATATCTAGCCCTGAGGA,"[[25361493, ""A"", [""C""]], [25361554, ""G"", [""C""]]]",yes,yes,G->C,2
chr5,61827576,61827945,TGGTTAGATGTTGAATGTAACTTCATAAACTCCATACTCCCAGGTTTCACCTTCTCTGCCTGATTCTAGGAGACAGCCATTTTTTCACTAGGGAGCTAGACCCATGAAGCCACGAGACCTGGTAACTGAGGGTTGCATGACGCACAAAGCCCTGTCAGTTACCCTGATAAGTATCAGACATCATTTTGGAAGTTTCTCTAAGGCAGAATCCTCCACCCCACTTTGGGCTGCCCTCCAACTAACTGGAAAACTGCTTCATTTTGCTAATGATGACCTGGGTTTGGGTTTCTTATCATTTTTGTTTCCTGGAGGCCAGTAGCCACAGATATGAATCAAACAAGAAAAGAGGGCAAGTCAGGGTGGAATTTTC,"[[61827599, ""G"", [""C""]]]",yes,no,G->C,1
chr8,122392537,122392894,CATGCTGTATAGACCATACCCAAGGACAGGGCCAGGGATGGCCATGTGAGTAGCAGTAGTAAAATGACCCCTGGTGGACACAAGAACTGAGGAAGTGAAAGAAATCCAGAGAAGGTAGATCTTGGAAATAAGAACTCACGTGGAGAAAAATCAAGGCTCTTAATACTGTTTCAGTTTCAGTTTCTATCAGCTGCACAAAAAGCAGACAGATGGCTTTTGGCAGTTGGGTGTCCCAACTGAGTTTAGGCCAGCACTTAGAGTGTGATGTACTGGAAAGGATGGTCTCCTATTTCTTTAAGATGGAGATGATAAATGGGTCACATTGAGGGGAGTTGCTCTCCAGGTACTTCTCCAAATA,"[[122392720, ""G"", [""C""]], [122392869, ""A"", [""T""]]]",yes,yes,A->T,2
chr17,67795415,67795794,GGCGACATGAGACTCTGTCTCAAAAAAAAAAAAAAAAAAAAAAAAAAAAAGACTCTGATAGAGCTGCCTAGGTCCTATGCCCATTCCTGAGCAACCTCATGTTCAAGGATGAAGTACTCTAACTGGCAAAGACAATGCCATGTGTAGACCAGAGGGTTTCATTTCTTCCTGGCTTGGGAGAAACTACATTCCCCAGGCACTCTCACATCTGGTGGAAGCATGTGACTAGTTCTGAACAATGAATGTGGCACAAGAGAGGCTTACGGCTTCTGAGCTGGATCCTAAAATGCACCCCGTTTCCCCCATCTTCCATGCTCTCTCTTTGCTTGTTCATGGTGGATGCATTCTCAGGTCTAATCAAGGGCTCCTAGGAAGCCCTA,"[[67795589, ""C"", [""T""]]]",yes,no,C->T,1
chr4,34870310,34870538,AAGGGGTTAATATGTTCAGTCTGCCTTCAAATTGTCCCTTTTGACGAATCACCAGTTTTCTACTTTTTCAACTGAAATAAACTAATTTCTAGAAATCTTGACATTTCACATATGTAGATAGGTGCTGACATTTCAGTTTCAGGATGCTCAATACAGCTACCTTGAAGGCCACAGAAGATATCGAAATAAGATGCTGAAATAAATACTTAAATTTGACAGACAGTTGCCC,"[[34870333, ""T"", [""C""]]]",yes,no,T->C,1
chr7,46428296,46428600,AAAGTAGAAATCAATAACAAACATAAAATAGATTTTCTGATAATTAAAAACAATACATTTTCATACAGTTCACAGGTCAAAAAAGAAGTCTGAAAGGATGCAATTGAGTAAAAATGAAAATACAATTTGTCAGTGATTGTGAGTCACAGCTGAAGCAGTACTGGGGAGGAAATTTATAGCACTGAATGTATGCATTTTGAAGAGAGGAAAGAGTCTTACTCTAGTCTCCTTCCAAGAACCTAGAAAAAGAAGAGCAAAATCAATCCAATGCAAGCAGAAGGAAGTAAGTAATAAAAATAAGAACA,"[[46428336, ""C"", [""T""]]]",yes,no,C->T,1
chr15,27893422,27893667,ACAACCTTAAGGTCTGACTGCCTGTGGGGTCAGGCAAAAAGAGCCATATTTTTCTTCTTGCAGAGAGCCAATAAATGGACGTGCAAGTAGGAAATATATCACTAAATTCTTTTCCTAGCAAGGAATATTAATATTAATACCCTGGGAAAGGAATGCATTCCTGGGGGGAGGTCTATAAACGGCCACTCTGGGAATGTCTGTATTATGCAGTTGAGATAAGGACTGAGATATGCCCTGGTCTCTTGC,N,no,no,N,0
chr3,91485949,91486318,AGGAGGGCTCCAACAAGGGCAAAACTTGAGCACCACAGAAGCACTGTGACAGGGAGCCTGGGAAAGCCCAGTATATTATCACTACACCAAAATGAGTCCTCGGCTCCAGTCCACTGGATTATTCACTATCCCATGACCACACAGTCATGCTCTGTAGCTTCTCAATTTTCTCACTCTGCTAGCCCTGCCTGGCGCACCCTTCTCATGCACATGCCATGTAGCCAAAGCCAAGTCATCATTCAAGACCCAACTCAATTTCTATTTCTTTTGGCACATTCCTTGATTACTTCTTATTCATTCAATCAACAAATATTTATTTAACACTTACTATGTGTACAGCCCTGGGGAACCAGTAGTGAACAAAGAAGTC,N,no,no,N,0
chr2,31446839,31447276,TGGGTATTGTGGAAAATGCTGCCATAAGTCACTAAGTTTTATTTACTATAAATTTGACTCTGGCCCTATTCAAGAAGTTTAAAAAACTTAGTCCAAAACTTTCCTTTTACCCACAAAATCCTTTCTGATGAATAAGAATTTTTGGCTCTGACTAAGGCACTTAAAAGCTTTAGACAGCCTGGTATCATGATTTTTTACAGGCACTCTGTCTCACTCTTTCAAGGGAAGCATTTGGCAGCCTCGTAGAACTTTCCAGAGAGCACACATAGCTGTCTGACTATTTCCACTCCTCATGCTCAGCTTTGTCCTCTTCTGTAACAAGAAATCATTTCTACCACAGGACTTCACTCACATGAGTCCGTAGAAGCTCTCATGTGGGCACCAGGCAAGAAGCTACGTGACTCAACCTTAAGAATCTGTTTGTTTTTTTCTAATTGG,"[[31447036, ""T"", [""C""]], [31447242, ""T"", [""C""]]]",yes,yes,T->C,2
chr6,149981031,149981495,CAAAAATTGGCAAATGGGATCTCAGTAAACTAAAGAACTTCTGCACAGCAAAAGAAACTAGCAACACAGTAAACAGCCTATAGAGTAGGAGAAATATCTGCAAACTATGCATCTCACAAATGTCTAATATGCAGAATCTACAAGGAGTTTAAACAACTCAACAAGCAAGAAGAAAAAACCCAATTAAAAAGTAAGCAAAGAACATGAACAGACGCTTTTCAAAGAAGACCTGCAAGTGGCCGACAAACATGAAAAAATGCTCAATATGAATCATCATCAGAGAAATGCAGATCAAAACCACAGTGAGCTACCATCTCATACCAGTCAAAACGGCAATTCTTTATTTATTTTTTATTTTTATTTTTTTTTGAGACGGAGTCTCGCTGTCTCCCAGGCTGGAGTGCATTGGCGCAATCTCGGCTCACTGCAAGCTCCGCCTCCCGGGTTCACGCCATTCTCCTGCCT,"[[149981055, ""T"", [""G""]], [149981212, ""T"", [""A""]], [149981271, ""G"", [""C""]], [149981284, ""C"", [""A""]], [149981448, ""T"", [""C""]]]",yes,yes,C->A,5
chrX,57677243,57677451,AGGTTTCAAACAGCATCTTTACTCCACTAGACCCCAAGGGATTCTGGCTCAGGTCCAGAACGACGAGGCTGTGGTTGCAGCTGAGCACAGAGCAGAGGTCCTCACAACTGAACAGAGGGATGGAACACCCCCACAACCACAGACATCTCAAGTTACACAGTGGTTTCTTCAAAGCCTCACATAGGAGCTTCACTCCAGTAACTCCTATG,N,no,no,N,0
chr8,70967525,70967790,AGTGTCACTGGTCTGTGCACTTCAGTGTGCTTTTCTAGTGGCTGGTACCAGTTTTTCCTTTTTATATTTAGTGCTTCCTTCAGGAGCTCTTACAAGGCAGGCCTGGTGGTGATGAATTCCCTCAGCATTTGCTTGTCTGTAAAGGAACTTATTTCTCTTTCACTTATGAAACTTGGTTTGGCCGGATGTGAAATTCTGGGTTGCAATTTTTTTTTTTTAAGAATGTTGAATATTGGCTCCCAATCTCTTCTGGCTTGTAGGGTTTC,N,no,no,N,0
chr1,215555683,215555890,CACTGGGTTATTTCAAAAGACCTTCAAGTTCAAAGATTCTTCCTTCAGCTGCATCTAGTCTATTGCTGAATATTTCAAATATATTTTGTATTTCATTCAATAAATTCTTCAGTTCTAGTTCCAGAATTTCCGTTTGGTTCTTTTTAATGGTTACTTTCTCATTCATATCCATAATTGTGTTTCTGATTTTTTTGGTATCTCTTTTCAG,"[[215555814, ""A"", [""G""]]]",yes,no,A->G,1
chr3,120811011,120811504,TGTTATGTATTTGTATTATTTCAAGTGCTCTTGTATTCTTTTAATTTCCTATTGAATTCTTTTTTTCTGTTTTAAGACTCCCTGGAGAAGGAAGGCATTTGGGCCAGCCTACTTAAAGTGAGACATATGCCCAATGTGCAAATTAGGCCAAAAGGCCACAAAATGTGTTTAGGAAACAAACCAGGGCATGTGAAATTGCACTTGCATAAACATGTTGTGTGTGTGTAATATTGATCTCCATCTCACAGGGGAGCAATAATGAGCTGGCAAAGGCTCCTGGGAGGGAAAATTAGAGGATGAGAAAGCTACTCCATGAAAGTTATTGAACAGCAGGTGGCACGTTTGGAGGCCTGTGGTAGAAAGACCTGGGTTCTAGGCCTTTTCCCACTCTTCCCCTTAAACAGCTGCACATGATCCTGGGGAAATTCACCTATTTAGTCTTGGATTTTTAACCTATAAACTGGGAAAAGAGAATAAGAAGATAATTAAAATCC,"[[120811038, ""T"", [""C""]]]",yes,no,T->C,1
chr11,116675641,116675972,TCCAAATTCTTTCTAGGAGGCCAGTATTACCCTCATACAAAAACCAGACAAGGAAACAATGAAAAAAAAACTGCAGGCTAATGTATCTGATGAATGTAGATGCAAAAAATCTCAACAAAATGCTAGCAAACTGAATTCAACAACATTTGAAGATCATTCAACATAATCAAGTGGGATTCACCCCAGAGATGCAAGGATGGTTCAACCTACACAAATCAATAAATGTGACACATCACATTAACAGAACCAAGAACAAAAGCCATATGATTATTTCACCAGATGCCTAAAAAGCATTTGGTAAAATTCAACATCCCTTTAGAATTTTACACCCT,"[[116675674, ""G"", [""C""]]]",yes,no,G->C,1
chr11,76776496,76776792,TGGTAAACTCTTTCAGCTTTTGTTTATCTGGGAATGTCTTAATTTCTTCCTCACTTTTAAAGGATGGTTTTGCCAAATACAGGATTCTTGATTGACAGTTTTTTTCTTTTTCTTTTAACACTTTATCATCCCACTGCCTTCTGGCCTCCAAAGTTTCTGATGAGAAATCTGCTGACAGTCTTATTGAGGATCCCTTGTATACGATAAGTCACTTCTCTCTTGCTGCTTTCGAGATTCTGTGTCTTTGGCTTTTGACAGTTTGATTATAATGAGTCTCAGTGTGGGTCTGAGTTTATC,"[[76776575, ""T"", [""C""]]]",yes,no,T->C,1
chr10,35236739,35237169,GATTAAAATTTATCTGTCTCACATAGCTGAAGCCCTTACTGAGATAATAATAAGAGATAATAATCTCTAATTATCAGATTTCAACCAGGAAAAACAGCCAATATTTTTGGGCTTTGAACCTTTTAACCAAAAGGAAGTGGCTCCCTAATTGGGAATCAAATCCAGTCCACAGTGGTGAAAGCACAGAATTTTAACTCCTAGGCCACAAGGTGGAGTGGCCGCCACTACAAATCCTGCAGGGACTCCAAAGCAGGCAGTTTAAGCGTACAAAGGATTTTAACTTTGTTTTCCGTCAGATTTTTGTTCTGAAACTTTTGTTAGGAAAATGTCTAAGGCTAGCCATGATACTATTAGTGCCTTTCTTTTAATTTGATCTTTCCCTAAACACAAATAAGGCACTTGTTTGGAATGAGAGGTCTCTAAAATAGTTT,"[[35236746, ""G"", [""A""]]]",yes,no,G->A,1
chr3,159935945,159936220,GCTGCCCAGGCTAAAGTGCAGTGGTGTGATCTCAGCTCACTGCAACCTCAGCCTCCCAGATTCAAGCAATTATCCTGCCTCAGCCTCCTGAGTAGCTGGGATCACAGGCATGCACCACCACGCTTGGCTAATGTTTTTGGTATTTTTAGGAGAGACAGGATTTCACCATGTTGGTCAGGCTGGTCTTGAACTCCTGACCTTGTAATCTGCGTGCCTCAGACTCCCAAAGTGCTGGGATTACAGGCGTGAGCCACTGTGCCCGGCACCAATTTACTT,"[[159935946, ""T"", [""C""]]]",yes,no,T->C,1
chr10,76868069,76868488,CTGGTGAATGGTCCACTTTGATTTTTGCTACAGGGAGATTTTAGTACAAATTCACATATATTGTTTTCTCAACAAATGGAAAATTATGTTCCACATTCATTGTGCTGGGTTTGCCGAGCCTGCTCTTTTGAAACTCACTGTCTCATCTCTTATATTTGCCTTCTCTGTCACTGTCGATGTTTTCCTAATACTTCATCCTTTACGCAGACTCCTTCCTTGGAGCTGAATTTGGCAGTGGAGTTTGCCTAACTAATGGGGACCATATGCTCTGCAATTACATTCCCCAACAACATTCAGATTTGTTAGCAAATATTGGAGAAGGCAAGTTGAGAAACTGGAGTGCAAAGGACAGTCAGGAACTGGCACATTCTGACAGGTAAACCTGCATTTGCTGACCACTGGAAATAAGTTCCAGTTAGG,"[[76868082, ""T"", [""C""]]]",yes,no,T->C,1
chr7,9230011,9230310,TCCCTTCACATTTTAACTAAAGGCTGCACTCAGTAATGAATTTCCAAATTCTGAAATTTACAGTCTTTTAAAATTGGCCCATACAGAAAAAAGCACTGTAGTTCCTCAGCCGTAACCAAACACCAATAATCAATAGTAAATTTGAAGACTTGGTCTCTGAGGAGCCCTGCGCTGGGAGTATGCTTGAAGGATGGGTATCCACCTCTAAGAAATTATGGAAGTTACAAGGTAATTAATACCTGAGATCCAGTGAGTCTGGGTTTGGAGTGAATGGCTGAAAAATCTTGAAACAAATGATTA,"[[9230200, ""A"", [""G""]], [9230265, ""C"", [""T""]]]",yes,yes,C->T,2
chr11,27627504,27627843,AAATTGGAACCCCTGAAATCTGTTTTTTTGTTTTCTGTTTTTTTGTTTGGTTTGTTTTTTTTTTTGTTTTGACAAGGTCTCACTCTCTCACCTACTCCAGAGTGAAGTGGCACACTCTTGGCTCACTGCAGCCTCAATCTCCTGGGCCCAAGTGATCCTCCCACCTTAGCTTCCTGAGTAGCTGGCACTACAGACACATGCCACCATGTGTGGCTCATTTTGTGTATATTTTGTAGAGGTGGGGTTTTGCCATGTTGCCCAGGCTGGTCTTGAACTCTGGGCTCAAGCGATCCACCTGCCTTGGCCTCAGAAAGTGCTGAGATTACAGACAGGGGCCACC,"[[27627552, ""T"", [""G""]]]",yes,no,T->G,1
chr3,115398540,115398956,TCCCTATCTTTTCATCAGGACCTGTCATCTGACTTTGCAAAAGCCCACTGATGAAGGCTAATGTGCTCCATTTGGACTGATTCAACGGTATGAATTTCCTTTGGTTGCATTGTAACTCCTGGACTGGAACACTCGTGATCGTCTTTGGCTCCTGTGGCTGCATTTAATTGCAGTGATCTTCCTGAACTGATCAATGGTGACAGTAGACAGATGTCCTGAGACTCCTTATTTCCCAGGATGAACTGTCATGGTGGACAGGCTCTCCATTGTTCATAGAATCTGGTTTGGATACCAGAAGCACAGGTCTAAAATAGAATTCTGAACTTTCCATTATCATGAAACTAATGCCATAGAATAAATTGGCAAATCTGGTTCCTAAACTTACCTAGTTTTTCTCACTAATTAATGTGACAATTA,"[[115398568, ""T"", [""C""]]]",yes,no,T->C,1
chr18,57892074,57892277,CTATTTTATTAGCAGTAGTGGTGTTAATATTATCCTTGTTAGGTTTCATTTCCCTGGTTTCAGCAGCTTTGCTCATTGAGGTTATTTTGAGTACCAATTCTGTTTCTCTCTCTCTCTCCCCACCCCCCTCTCTCCTCCCAGCCTCCAGCTAGGCTCCAGTTTGACCAGGGTGCTATCTGAGTCTATCTTGGGGCTTAACTTAAT,"[[57892096, ""A"", [""G""]]]",yes,no,A->G,1
chr5,88746521,88747009,CTCGCTACTTGGCCTCAAGAGTTTCAAACTTTATCTGAAACCTTGAATTTCAATGACAATATGCAAAATTTGGAAGCTATATTTTGGCCTTTTTGCTTTGGTTTTCTTCTCTGAAAATGTAGCAACATTCTGGCTGGCCTTGTTTTCCTCTGGTGTTATGTGATTCTCTGACATCAGCACGGATATATTCAGCCTGACATATGATACTGGTTGGCATGAGAAAGAAGGGGAAGATGGCTGAGTTTATGAGTAGGACATGACAGCTAAGCTTGAGACTAAGTGGCATCTGCAACAGGTGTTCCTTGGGACCAGAGTTAGAAAGGGCTTCTTCCTCTATTTTTAAAATATGGGTAACACTTTCACAGCTATATAGAAACTGTGAAAACTACATGCTCGTAGCTATAATATGCAATCAAGATATAATATTTATTATCACCAGGGTGGAGTAATTCAGTATCTTTCTTTTGGTTTTCTTCTATTTCTGAATTA,"[[88746526, ""C"", [""T""]]]",yes,no,C->T,1
chr15,82031935,82032347,TCAAAAAAAGACTAAATAAACAGTGTCAATAGGTCTATAAACTCACAACGAAAATTTTCACATCATCCAATTGTGTATTCATTGGCCGGAAACAATCATGTAAAAACCACAGCCCTGGAGCTGGGTAGCATAGAAACAAGAAGATTCAGCATTTCATGGTTGGTGACCTCAAATCTCTAAAGGGTTGTCAGGTTAAAAAAAAAAAAAAGAAAAGAAAAGAATAGAAATTTGACCTGATCTATAAAAATGAAAGTCGCTGGGCAAAGTTTTGGCTTTTCACTCCTGACAAAGATGAGCTCTCTCATAGGTAGACCAAGGCACACGAGTGATGACTTTCGTGGCCCCAAAATTCTTCAAGAAAATAGTAGATTGAGGAAGCGATCTGCGCATTGATAGAGGTGCTGTTTGAACTG,"[[82031966, ""T"", [""G""]], [82031995, ""G"", [""C""]]]",yes,yes,T->G,2
chr3,143720496,143720856,ACAAATGAGCAGGTGCAGAGTTTTATTTTTTCATTCCATCCAGGTGTACTGAGGTGTCAGGAAACCAAGCTTTCTTCCCAGTATAAGCCTCCTTGAAATGTCTCCTAGGCCTGTGGTGTCCTGACACACCCTTTATAATTGCAAAGAGCCAGTATCCCTCCCCCTCTCCACCTTCTGTTACTTCCAGCAATCTCTCTCAGCTGCCCCTCCTAACCTCCCCAGCCACCTGTCCTTAAGGAGTGCCTGTAGTCTTCAGCTGAAACAATGGACAGAGTGCTGGAAAGTGCCTGTCTTAGGTTCTCACATTCAAATCGCTTTTCTGGGTCCAGCCCATATTGGCTGTCTAGGGATGGGAATAACC,"[[143720545, ""C"", [""T""]]]",yes,no,C->T,1
chr6,106860824,106861308,TATTAATCAGGTTCCTGATGTTATGGGATCTTTGGGGTGTTGCTTCTCTGGCTGGAAAAAAATGCTAGTGGCACTTTTGCCAAAGTTCTTTTCCCGTGTCCAGGAAGAATGAGGTATGCAGACAAGTGGAGGGCGAACAAGACAAAGAGGAGCTTTATTGAGCATTACAACAGCTCAGGGGAAACCTGCAGTAGGGTAGTCTTCTCTGCAGCAGGTCAACCTGATGAGTATTCAGCTCTCAGCAGAGAAGGTAGCTCCTCTCTGCAGCTGCTTATCCTGTTGTCTACAGCTCTCAGCAGAAAGGAGGCCCTGGAGAGGGTAGCTCCTTTCTGCAGCTGGTCATCCTGACATCTCCTGCTTTCAGCAGAGGGGAGGCCCTGAAGAGGATAGCTCCTCTCTGCAGCTGGTCATCCTGACGTCTCGCCTGCTCTGGCTGAGTCCAGGGTTTTTATGGTCTTCAAAACCATGCTGATTGGTCCCGTGGG,"[[106860885, ""G"", [""A""]], [106861166, ""A"", [""T""]], [106861229, ""A"", [""G""]]]",yes,yes,A->G,3
chr7,153847765,153848164,TCCATCTATCGCCTTCTATAGGGCTGTTTGGTGTTTTTTGCATGCGTCTGCAGTTCAGTTTAACTAAATATTTATGGGGACTTTATATGCAGACTTTTGTCCCCTCCCATTTCTGGGATTTCCCATCTCAATTCACAGCCACGTTGGCAATGTCACACTCTCTTCTCTGTTACCTAAAGCCAACAGGCCTGTGGTTTTCTACTTTCTCAGTAGCTGCCTGCCTCACGTGTACTGGGAACCTTGCCAGGCCCAACCCGCAGACACTGGTCAAGCGACGGATGAAAAAATGTACGCAGACACAGGTTTTTTGCCTGGTCGGGCGGATAGGGGACCGGGCCACTCAGACATCAAGGATGCCATAAAGAGTCACAGCGGCTGAGGCCCTGACAAGCTAGCGCTG,N,no,no,N,0
chr16,49116808,49117230,TGAGCTCCATCCCCCACACCACACACATACACATTAGAAAATATGAGTGGTCCATGAAATCCCAAGCACTGGCCACTCATGGTCTAACGATGTGTCAAGATGCCCATGTTCAGATGGAGAAGCTGAGATTCTGAGACTTAAAACAGGTCCAGGAAGGCGGGTGGAAAACTGTCATCCCACAGCCTTGCTGCTTTTCCCCAGCCCCCACAACACCGTGGTGACTTAACAGTGGGGGGAGGAGGCAGGGAGCCTGGGAGCACCCTGCAGACTTCTGCCGGGGCATGCCTCCTCCAAGTGAGTCACCCCGGCCTGGCACTCTGGGAGTAGCATAACAGAAATGCCATCACCCATGTTAGAATCAGGCTGTGGCCCCTCCAGCTCTCTTCTTCCTTGACTTCCACGGGATTCAGATGGCATCCACAT,"[[49116823, ""G"", [""A""]], [49116944, ""T"", [""C""]], [49117228, ""T"", [""C""]]]",yes,yes,G->A,3
chr1,223979580,223979937,CAGAACTCTCAAGAGATGAATCTTTTTAAGAGTGAGGCAGAACTATATAGCAGTTTTAGGAGATCTGTTGGTGCCCAGCAAAAGCTCCAAACGGGCTATATGCAGGGATGCAGGCTGTAGTCTCAGGAGAGGAGGTTCACAAAAGTCATTCAGTCCAAGACCTCAAACTGTGTTCTCTACTAAAAGGAATCAAGGTTCCCTAGAGAAATGGCTGACTCCATGTATGGTGCAGTATATTGATCCTGGAACATCTTTTTTGCCAGAAAGCAAGGAAGCCATCAAAGTCCAACAGGATCACGTCAAAAAGACATGAAAGTCAACTTGAAGAGATAATTATTAACCTAGATGAGACAATGTA,N,no,no,N,0
chr7,9475501,9475890,AGGTAAATAGTTTGGCTTGCAATGAATAAAAGGCAACTTAATGAAAGTATTTCCTAGACACTTGATTTTGTTTAATTCCTCTAACCTAACACTCAGTCAAGCAAAAGCACTACTAATCAACATCAATTTATGTATGTCTTCTTCTCTTCCCTTTCCCTTTCTGTTCTCCTCTCTCCCCTTGTGTTTCAACTCAGGAAGAGACAGCATTGCTGCAAAAGAATCATGTGATTTCTGGCAATTGGAAAGATGCCACAGATGGTAAATGTAATTCCATACTCAAGAGAGTAAAATGATCAATATTGTCTACGTACATAGTTTCTTCTTTCTCCTTTGTGCTCACATTAATTACAATACTTTATTACTTCCTATATTCTTTTTTTTTTTCTTTCT,"[[9475509, ""C"", [""A""]]]",yes,no,C->A,1
chr4,174787414,174787825,GCGGATTCACAGGAATACTGCTTTCCCTCAATTTGGAAAAGATCATTATAATACTGAAATTTCTCATTTTCATTTGTATATTGTACCCTGTAAGCTGTACTATTTTTGTTTCTCATTTTCATTTGTATATTGTACCCTGTAAGCTGTACTATTTTTGTTTCTCATTTTCATTTGTATATTGTACCCTGTAAGCTGTACTATTTTTGTTTCTCATTTTCATTTGTATATTGTACCCTGTAAGCTGTACTATTTTTGTTTCTCATTTTCATTTGTATATTGTACCCTGTAAGCTGTGCTATTTTTGCACAACTTGTACTCAGTGCTTTCCTCCTGAAGTTGAAAATATTTATGGTTGAAAGCTTAAAAACAAATCAAGACATGTGATCCACAATTTAAATATTAAACTCATTTT,N,no,no,N,0
chr20,57032928,57033194,AGCCTCCAGCAACCTTTCAGCAAATACTTACTGAGCATCTGTTACATCCCAGGCATTGTCTTAGGCCTGGAGGACACAGGTGCTGTCCTGCTGTCATGCAATCAAAGAACACGTGTCGAATGCCTGTGTGGGCAGAGCACTAGGTGGCCCTGGGGGAAGCTTTGAGGCTAGAGGGGAGGAGAAGTGCGCCGGCCGAGAAGGTGAGAACTGTGAGCTTAGACTGGGCTAGTGGTTCTCAAACAGGGGCAGCTTTGTCTTCCCACCCCC,"[[57032988, ""C"", [""T""]]]",yes,no,C->T,1
chr3,88509581,88509920,TGACTGGTACTCTATTGTAAAGTATAGTTACCGGAGCTGATGTTTGGGTATCTTTGGTTGTGTTCCTTGAATAAAAGGAAACTCTCACATGCTGATCACAGCACATGATGAGAATGTGCACTGCTCCACTGCATGCCATTCTCTCATCCCTGCCACCTGCCTAATTCCTTTCCTTCCTGCTCACGTAGCACAGAGTCTGATCTGATAAGCCATTGCCTAAGCAAACATCCAACTGGGAAATGAAAGCAACTCTACAGCTTTAAAGGCATCCCTATTCCCTGTACTATTCCTCTTGGAGTTTCCTTCTCATTTGGCAAAATGAAGATTAAAGCACATAGAA,"[[88509599, ""G"", [""A""]]]",yes,no,G->A,1
chr2,52269754,52270040,TTAAAAATACCTTAAGACTAGGTGCAGTGGTTCACATCTGTAATCCAAACATTTCTGGAGGCTGAGGCGGAGGAATTGCTTGAGCCCAGGAGATCAAGACCACATGCCTGTGGTCCCAGCTACTCAGGAAGCTGACGTGGGCGGATCTCTTGAGGCCAGGAGGTCAAGGCTGCAGTGAGCTGTTTTTGTACCACTGCACTCCAGCCTGCAAAACAGAGAAAGATCCTGTCTCAATAAAAATAAAAATACTTTATTGCTAAAACATGCTAGCAACCTCTACAGCCTTC,"[[52269822, ""A"", [""G""]]]",yes,no,A->G,1
chr11,65197764,65198190,TGTAATGCCAGCTACTAGGGAGACTGAGGCAGGAGAATCACCTGAACCTGGGAGGTGGAGGTTGCAGTGAGCCAAGATTGTGCCATTGCACTCCAGCCTGGGTGAAAAGAGCAAAACTCTATCTGAAAAAAAAAAAAAAAAAAAAAGACAAAGGAATATTTTGTCCTTTGACTAGAGAGTTTAGTTCATTTACACTCACAGTGATTAATGCTGTATTTATTTCAGCTGACTTACTGTGTTTACTTATTTTCTGCTTGTCTTCCTGTCATGCTGCCTTTTGTGTTGAGTTCCTGCTTTTCTCTCTACTAATTTTTTTCTCTGTGAGTTTGAAAGACATAAGAGTTTGCTTAATACATACTAAAGTTAGTTAATCAGTGTCTTTTTTTTTTTTCTCTGAGACAGGGTCTGGCTCTGTCACCCAGGCTGG,"[[65197805, ""T"", [""C""]]]",yes,no,T->C,1
chr8,97528554,97528881,CTCTCTTCAAAGCTGTCAGACAGGGACGATTAAGTCTGCAGAAGTTTCTGCTGCCTTTTATTCAGCTATGCCCTGCCCTCAGAGGTGGAGTCTACAGAGGCAGGCAAGCCTCCTTGAGCTGCAGTGGGCTCCACCCAGTTTGAGCTTCCAGGCTGCTTTGTTTACCTACTCAAGCCTCAGCAATGGTAGACGCCCCTCCCCCAGCCTTGCTGCCACCTTGCAGTTCGCTCTCAGACTGCTGTACTAGCAGTGAGCAAGGCTCCTTGGGCGTGGGACCCTCCGAGACAGGTGCGGGATATATTCTCCTGGTGTGCCATTTGCTAAGACC,N,no,no,N,0
chr5,129112409,129112654,CAGGCAGCCCTCATTTGAGTCAATGAATGAGTAAGACATGAAGCACAAACCTGCCAGGAGTGTTCAGGAAATAGCAGCAACTAAATGTCCAGATGTTCAGTGATGGGCACGTAGTAACAACCATTCCTTTTCTCTCTCTCATCTCATGTTTTACAGTCATTTGCCTTGATGACTTTCCTGTTCTGGGCACATATATGTCATAACTTTGGCTACCTGTTCCCTTTTACTCGTTCTACTCCATTTTAC,"[[129112411, ""A"", [""G""]]]",yes,no,A->G,1
chr15,43908788,43909049,CTTACTTATTAGCCTGTTAGGAAATGTGCTTGTTACTTGGAAACACTTTCAACTTTGAGCACACTGAACTAAAAGGTCTCTGAAATAGATACTAGAATTCTAAGATGCTTCATATCTTGGAGATTTGCGTGAGAGGATGGGGAAAAAATCAAGTCTGATTACACTCCAGAGTCTCAGGGACTTTATCAACCAGGGGCCCAGGACAAATCCCTAAAACAGAGTCAGAATGACTTTAAGGGGCTGGTAGTAAGATCTCAGGCGC,"[[43908916, ""C"", [""G""]]]",yes,no,C->G,1
chr1,95382084,95382382,AAACCAGGGAGGAATTGTGTATATTAGCAGATACAGGAGTTTGGGGTTTAAGGGTATCACTCTAAAGTCGCAATTCACACACAAAGAATCAGTTTTATGTGGTGTTTGGGGCTGTCAGGTGGGCTGGTTAACCAGCTTCCCCGGGGGTGACTTTTCCTTATTTGGTCATATTTGCATCAAAGATAAGAGTCAGGCACCATCTGGTGTTCAGGCAGTTTATTCTGGAGCACTCTTATGGTGGCATGGACCAGATATAGTCAGGGGTCAGATGACCCCCTGAAGGGGAGGTTTTCCTTTGG,"[[95382100, ""A"", [""G""]]]",yes,no,A->G,1
chr1,106573011,106573340,TATTATACCACCACCACCACCACCACCACCACCACCATCATCATCTTTAAACAAATGAGGAAATAATGGCATACCACAGTTTGTTTGCTGTGGATTTGACAAACAATTGTGATTGGATGTCTCCGTTCCATGCTGCAGGTTGGATTCAGGATATCTCCAAGTGTTTCTTTATTCTCCTAGGAACAGTTGTTACCCAAACCCTATGCTTCTCATGGTGAATCATGAGAACACAAGAGGAAAAGTCACACCTCAATAGCACATTTAAAGCCTGCTTGTGTCCCACCCCATCATCAAGACAAATATCAAACAGTGAGAAAATAAACTCTGATC,"[[106573045, ""T"", [""C""]], [106573056, ""C"", [""T""]]]",yes,yes,T->C,2
chr6,107079476,107079701,GTAACATATGCCTACTGGGGCTTCAGGAGCTGTAAACATCCACCCCTAGACACTGCCATGGGGTCAGAGCCCCACAGCCTGACTGGTCTGTATGCCCCCTAGAGGTTTGAGCAGTGGGGCACTGAAGAAGCAAGCCACACCCCCATCGCATGCCCTGCAAGGGGACAACGGAACTTTTCCCGTTTCAGTAGGATGACTCAGAGAAAGTGACAGTGTCTTCCCAATC,"[[107079488, ""C"", [""T""]]]",yes,no,C->T,1
chr4,156710854,156711185,AGTCAGTCCCTTTTTCCAGTAATCCTGTAAAGCTCGGGTATTTCTCTCTTTGCAATGCACAGTTACATAAGTTAGTGTTTATAAATCACTTTAGGGAAGACTGGGGAATTACTACTGAATACTCTTGCTGCAGTGTTGCAAGGTCCCTGCTCATAGGAATCCAGCTTCTCCTTCAGTTAATGGATTCCAGCTCTGAATGTTGGCTCAGGTACAGAAACTGGGGAAGGAATCATGACTTTTTACTGGGGTGGTTACCTGCAGTCTTCTGCTTATTCATCCTTGATTTCTTTTCATTATATAAATGAAGTGGTCAACTTGTTGACTGCCCTTCA,"[[156710860, ""A"", [""T""]]]",yes,no,A->T,1
chr4,180314894,180315362,TACATATTCAGCTTATAAGAATAGGAAACTACTCTCACAAACCCTCAAAAGAGAGTTTTTCACATTTTTCATATTTAAAGTGCATGAAGTCAGTAAATTCACAAGTAAACACAGAGCTTGTTCTTTTGAGAGCAGCATCTCGGGGTTTAGTCTACCAAATCACACTACATATGCAAATGTTGTTTGAACGCAATTTAGCTGCATGCTAAGCAGTACAGAAATCTCAAGGGTCAAAGATTTGAAAATGTTTTCAGCACGAAAATCGTAGAGGCAAATGTTTGATGTACAGATGTGTGTACTAAAATAGGTTACGGTTAGATAGTTTCATCTATTTTAGTCAATCCCTTATTTGGAAGTGCTTACTGGGATTTTTTTAGAGTGTATGATTTTGGTTTCAGTTCTATGATGAATTCAAAATGGTGTTTCATAGTCAATATTAGCCCAAAATATAATGTATGTTTACTATGTG,"[[180314938, ""C"", [""T""]]]",yes,no,C->T,1
chr19,51953164,51953550,AGAACGGGCCATGATGACAATGGCGGTTTTGTGGAATAGAAAGGGGGGAAAGGTGGGGAAAAGATTGAGAAATCGGATGGTTGCGGTGTCTGTGTAGAAAGAGGTAGACATGGGAGACTTTTCATTTTGCTCTGTACTAAGAAAAATTCTTATCCTGTTGATCTGTGACCTTACCCCCAACCCTGTGCTCTCTGAAACATGTGCTGTGTCCACTCAGGGTTAAATGGATTAAGGGCGGTGCAAGATGTGCTTTGTTGAACAGATGCTTGAAGGCAGCATGCTCGTTAAGAGTCATCACCACTCCCTAATCTCAAGTACCCAGGGACACAAACACTGCAGAAGGCCGCAGGGTCCTCTGCCTAGGAAAACCAGAGACCTTTGTTCACT,N,no,no,N,0
chr8,99819743,99820007,TCTAGATCATAATTGCATGAAAAGTTGCTTTCTCCTGCATGCAAATTTAGCATTGAAAGATTCTGGTATGAGGAGGTATCATGCAGGAGCATGGTGTGTTTGGAATCTTTAAACATATTTCACAAATATTAAAGTTATCATATTTCATTGAGTCTCTTGGATGTGGTTTTTGGAACAGGAATGAACAGCTAAGTCAGTGGGATAGCCCAATGCGAGTGAAGCTGTCAATCTGGAAGCCATATGTTAGAACTTTGTTGATAGAACT,N,no,no,N,0
chr7,143356703,143357035,AGGTGCCAATGGCCTCTTCTCCTCCTCAGCAGGGCCCCTTGCCAGGTCCACTGCGCCTACCTCCGGAGCCCAGTCAGTGTCTCCCCCCAGCAAAGGTGGAGGCTCCAGAGCAGAGTATCCTGAAGCTGGTTGGGAAGGTCCCATTTCATGCAAGCTGGGTTGTGAGTCATCAAATGCAGGCCCAAGATAGGATCCTGTGGCTGGAGAGGCAATGAGGGACTGATCGCTGGCTTCCCAGGCATCTGACGACCCCAGACAGTACATACCCTGGGACACGTAAGAGTGAGGCCATCCATCCATGGGTGCTTGAGCCAGGGCATCTGGAAAAAGAAT,"[[143356764, ""C"", [""T""]], [143356904, ""C"", [""T""]]]",yes,yes,C->T,2
chr4,41921583,41921829,TACTCATGTGGTCCTAAGACTATCCTTTGATCATCTGTGGTGCATAACTGCTCTCTACTTGGGAGGTTGGCAATGTTAATTACCCTCTAGTGGTGTTTACTCAAGACCTTTGTCATTTAATCTGTACTAAATAAATGCGAACTTCTCTGGCTAATTGAGGCCATGGCTGCTGACTCTTCACAGCACCCTCCTCAGGGTCTGTGAGTGGCCCCGTCCCCTAGCCCGCTCCTTCATTGGATATCTGTGT,"[[41921650, ""C"", [""T""]]]",yes,no,C->T,1
chr21,44756466,44756754,AGGGCTGCTTGATTGATCACAGGTTCACATTATTGCTCACAGGCTTCAGATGTGCCTCATCACAAGAAACACTGCGCTTGACGCGTAACTGCCCTCAGCATTTCTTCGGGGCAGCAGACGCAGTTTGTCAGTTTGCCAGCATTCTGCATTTATGAGAACAGTTTGCTGTCTACTCATACAGCCTCCAGTGATATACTGAGTGGATCACGACCCTCACTCTTTCGGCCTGCAACACTTGTCTAGTCTTAGCATGTGATGGGGCCTCTGCTTCCCTGCTCCCCTCAACAGC,"[[44756538, ""C"", [""T""]], [44756656, ""G"", [""A""]]]",yes,yes,C->T,2
chr9,35994004,35994303,TGTATGAAAGCCAGTGACCCAGAAGATCTCTTGTCTGCATCCCACCAAATAGGTTCTGCTAGGCATACCCTACCCAGACCAGATCTTTAAAGGGTCATAAGTGAAACTGGTCATGGCTTCTACCAGAGAGTTTCAGAGGCAAGGCAGCTGTGGACTTAAAAAAGAGCAGTTGATCATGGAAGTGGTATCCTGTTGCAAACAGCTCAGTCTTTTCCTGTGTGTGTGTGCATGAGTATACTATATCTGTGCGTTTGTGAGAGCATCGCTGATTTACCACTGGGATCTGGTAACCTCCACTTC,"[[35994087, ""C"", [""T""]], [35994109, ""T"", [""A""]], [35994169, ""A"", [""G""]], [35994180, ""C"", [""T""]], [35994190, ""G"", [""A""]], [35994200, ""G"", [""A""]], [35994253, ""A"", [""G""]]]",yes,yes,C->T,7
chrX,27607363,27607773,GACTTATTTTCAAGTAGCTATTTCTTGAATCATTTCCTGTATAGGATATCCAATTTCCTCTGAGATTTGCTCTTACATTTTCGAGAACAGAGCTTCAGTAGTCTCAGTGGTTGTCATTATTTTTCATAGAGTCTTCTAAGACGGGCTGAGTCTCTTAAACAAGATCTATGACTATTTAACAGAGAATTATTTAATCTCCAACTGTGTTTCATGGCATTTTCACTTTGAATACTAACCTACCATGACACAGATGCAAGATTCAGCACTCTTGCTGCACGCAAACCATGGTTTTTAACTCAGTGGACGTTATCTTCTGCACATATTTTCACAAATAACCATGATTTTCTTTGTTACACTGAATTTAATTTTCTTCTGAAATTCTTTCCAGTACTTCTTTCACTGTATTATTTT,N,no,no,N,0
chr9,1173992,1174409,AAGGAATTTCAGCTGGGCAACGTCCGGCTGGGGTGCAAGGATTGGGTTTCTTCTTTATTTGTTGTCAGCAAGTGCTCCTGATCTTTCCTACCTTGCCATCTCATTAAGCATATGCTTGAACGTGGGGATACTGACAACGCAGCTGTATTTCATTTGTAGATAATTGATGCAATAAATGTAATAACCAAACGAGATATGTTGACTCATGAGCTAATTTGGGTGTAGATGTTACAGCACTTGTGCAGCTGGAAATGTTTCCATCACACAATCTGTTTCAGATAAATGTTCCTCGTTCCTGTCTTCACTAAGACAGGAAAAAAAAAAAAAAAAACAAACCACCAAATCATACTGTATATCTAAAAGTACATGTTCATAAGTCATAGCCGGTCTAAGCACTGCTTAAAAGAATACCAATATA,"[[1174129, ""T"", [""C""]]]",yes,no,T->C,1
chr6,101140573,101140786,GGCTCTCAGGCAGCCAGAAAGTCACTGAAGTTCATTCAACTGAAATAGAAACCTCTCTGGGAAGTCACTGCTCCTGACATTCAATTAGGTCATTCAGGGTGACCCCCAGCAAAGGGAAGCTTTGTATTGCTTCTGTGTAAAACAGAAAAAGTAAATGAAAGCGAGTCTGCTTGAGGATTCTGAGGTTTTTAATCAAAGACCAAAATTGGTCTCT,"[[101140576, ""C"", [""T""]]]",yes,no,C->T,1
chr7,29696557,29696964,CATTTGTTTAGGTGTTTGTCTTGGCATGCATATATCCCAAAGCCTGGGATGCCAGGATCATGTGCCAGGATCATACTGCAGGGCTGGACTATGGATCTAGTTGGTCAGTCTCAGAATTCTCACAACTCTTATACGTACAATCTTGTTTGTCCCTTGGGTTTCATTTTGCTCGGTCTGATATATCTGTTGCTGGTTTCTGGACATGGTAGTTAATTGCTCTCTACTTAATGGCCTCATGCGTTAAGAGAGCTTCAAAAACTGAGAAGCTATGCCAGACACTCAGAAATGGGATCTAGTGAGCCTAGTATTGAAATTACGAAAAAAAACTCACCCCTGGTTTTTAAATATGTTTGTTGTAGTAAACATGATGTAAAGTGGGCATTTTGTTGATTTCAGGTCACTCGTGTG,"[[29696650, ""T"", [""G""]]]",yes,no,T->G,1
chr19,38915037,38915313,CAGAGGGTGACTCTGTTCTGGCTTGTCCCAGAGGAAAGGGAGAGAATTCAGCATCCTCTCAGCAACCCTGGTGGCCCCAGGCCAGCCTCCATGTGCACTGGGGGGTGGCTAGGCACTTCCAGCCATGGTCTTTGCAGCCACAGACCCTTTGAGGATAGTGCCTCCAAGCGGCTGCTCAGCAGCTCCTAGAGAGCCAGGCATCTCCCTTGTTCACAGATCCACAGAGGCCTTTGTCCTGACCATTTATTGGGGACTTTTTGCTCAGCACTGTAGGAGG,"[[38915073, ""G"", [""A""]]]",yes,no,G->A,1
chr6,84785691,84786066,GAGGCAAATTTCATAGAAACTAAGGTCAATGACTTTGGAATTAAGAGTTTGACAGTGATCATTGAGAGAGCAATTTCTATAGAGTGGTGATTCTTACACTTTAGAATCATCTGGAGGGCTTGTTTAACACAGAATACTGGACCACACCCACCCTCTATCCTCCTATTCTGATTCAGTAAGCCTGGGAAATTTGCATTCTTAACAAGTTACCAGGCAATCCTGCTGTCGCTGATCCAGGACTATACTTGAAGAATCACTGCTATAGAGCACCAAGGATAGAAGAGTTGTTGGACAAAAAAGAAGAAGAAGAAGGAAAGAAAAGCCCACTCTACTCACTAATTAAGACTTCATCACCTACTCCTGATGCAAGCAACAG,N,no,no,N,0
chr7,51394224,51394443,CCAAAACCTTGTCAGTTTACATCAAGGGTAATGAGAATGTCCATTCACCATGACTCACAGTAATCTTACTTCTGGGGAGACAATTCAATCTAAACAAAAGGTCATCTGTACAAACAGTAAAAATCTGGGAGTAACTGAAGACAGAGTTGGTAAGTGAAATAAGAAACAGTTATAAGAAATTAAACTATGGTATCAATAGGCACCAGGTAAAAGGTCAGTT,"[[51394238, ""A"", [""G""]], [51394428, ""T"", [""A""]]]",yes,yes,A->G,2
chr2,24031291,24031601,GATTTTACAGAGAATGGGGTATTGGGAAGACTGGGTATTACGTAGGGTCAGGTAGGAGAAAAAGGGGAAAAAATGAAATGATATTTGATGTTCAATGTGGTGGCTACTGTTACAAGAATGAGGCATAAGAAAACAACCATGCTCCACATCTGATGAATCTGGCATGACTCAGTCCCTTGCCACTTAGGAATATCCTTTGAACATCCATGTTTACTCCATATTAGAATGGCAACTCCTCAAAGAAATATTCTGTAGGCCGGGCGCAGTGGCTCACGCCTATAATCCCACCACTTTGGGAGGCCGAGGCGGGC,"[[24031332, ""T"", [""G""]]]",yes,no,T->G,1
chr5,159346844,159347053,TCTAGTGGATCTCATCCTTGGCTGCATGATGCTATTTCCTGGGGAGAGCTTTAACAAATTACTTATGCCTAATTGCTTCCTCCCCATAGGAATTCCAGTTTAATAGCTCTAAGGTCTGGCTTGGGCATTAGGATTTTTAGAAGCTCTCCAGACAACGGTTTCTAATTAGAATTGTTTTGTATTATATTTATTAACCTTCTATTAATGGCA,"[[159346930, ""G"", [""T""]]]",yes,no,G->T,1
chr3,73444382,73444673,CAGGTGAATGTTATGCTAAGTGTCTAGGACAGAATGGTGACCGTGGCCAGCCTCTTCCTTCTAAGAGGAAAGCAACAAGTTCTTGAAGACAAAAACCCCACCGTGGTTTATGACCAATAAATAGCTTCATTACCGTGATTAATCAACAAGCAAGTACTTATTGAGCATCTGTGCTACACATCGTCCCAGCTCAGGGAATACAGAAAAATTGTAAAGCCTGTCTCTATACTCAAGCAGCTGATGATGTCTCCTGGGAAACAAGACTAAACCATAAAGGGGGAGAGAAGTCAGC,"[[73444423, ""T"", [""C""]]]",yes,no,T->C,1
chr1,63009519,63009768,TCTCCTAATGAGATGCTTTCCTTTAGGCTGAGAACGTGTGGAACATTAGCAATGGCCTCTGTAGTGTATTGCTGAATGTTCAATACGAACCAGTGGAGGTTAAATAACATGATGAATCAAACAGTCCCAAAGGAATGTGGTGATGTGCTGAGCCCATTAGGGCCCTGCAGACCCTTAACACTTTCTGTGTGAGGCTTCTGTTCTCCAAACAGTTGCTTTGCCCCGGATGATGCACTGCTTGCAAAATGTA,"[[63009549, ""G"", [""A""]], [63009553, ""T"", [""C""]]]",yes,yes,G->A,2
chr16,12390087,12390358,GTCTGTTGATATAGAGAGGATGGCAGAGAGTTTGGCATGTTACCCCGTGCGTGCAATTGAGGGGTGTGTGTGTGTGTGTGTGTGTGTGTGTGTGTATGTATATGTATATGCGTGCACGCACAGCCTCTTGGCAGTTTGCCTCTTGCCTCCCATCTCTGCTCTGCAGCCAGAGTGACTGAAGTGTGAGCTGGACCAGCCTCTCTCTTGCTTAAATCCCTCATAGGTTTCCCCCGTCGGAGCACAGACCAAAGCCATGCTCATCTCCCTTATGC,"[[12390100, ""A"", [""G""]], [12390197, ""T"", [""C""]], [12390340, ""G"", [""A""]]]",yes,yes,A->G,3
chr19,8753931,8754183,CTTGAACCCAGGAGTTCGAGACAAGCCGGAAGAGCATGGCGAGACCCTCGTCTCTACAAAAATGTAAAAATCAGCCAAGTGTGCTGGTAGGTGCCTGTAGTCTCAGCTCCTTAGGAGGCTGAAGTGTTAGGATCGCTTTCGCCCGGGATGTAATGGCTACAGGGAGTCGAGATCTTGCCACTGAACTTCAGCCTGGGCAACAGAGCAAGACTCTCTCTCAAAAATAAAATGCTTTTTCCTTTAGGCTTAAATT,N,no,no,N,0
chr1,211876810,211877291,ATTTACTGGATGCAATTTCTTAAAATGAAAGTTTTATTCAGAAATAGCAGAGCCATGTTCAGGTAAGAGCTCTAAAAAAAAATCCTTTGGCCCACTAGATTATAAATAATTGTAATTGTTGCTGCCATCACCAGCTCTAGAGCCATAATGGGCTGTATGGCAATGTACCTTTCACAGATGGCTGTCTCTAATTGAAAGCCATGCCAAACAGCTGTCAGAAATGCTGACTACCAGACTGGGGAAAGTACTGCCAAATGGGAAGAATGCAGACAAGGACTGTGGCAAAATGGTAGAAATATGTAACCGAAGATGACTCTCTCTTTATTCACTGTTATAAAATGCTCAAGCGAAAAAGGAAAGTGCACCAGTACACTTGAACTTCTTAGTTCAGGTCCACAAAACTGAGAATAAGAGGACAGTTTCAGCCTTCAGTGGAGGGGACGTGGTGGGGATAAGACAAAGACACAAGCATTTCTGAAATG,"[[211876893, ""A"", [""C""]]]",yes,no,A->C,1
chrX,6149582,6149902,CCCCATGGAAGTACAGCGTCCAAATGTCAGTTTAACTCCTTGAATCACATTCAGACCTGGACTTTATGAGATAATTGAGAGGTCTGTCACCATAACGACAAGGGCAATATGCCAGAAACCACTAATATAATGAAGCAGAATCCTTTAATTTCTTTCTCTGGGCTGTTCTTTGTAATCTCAATGACAATTTGTAACCTCAGTGACACACAACCCTGGTATGGTTTTTCATGACACTCTACTTAAACTATCTGGCATTTATATGGAGAAAGAGTAATCTGATAGATGCAAAACAATTTTGGAGATCAGTGGATTAACGTCGTT,N,no,no,N,0
chr8,131610869,131611107,AATATTTTTATTGTAGCAAAATGCTCATAACATAAAATTTGCCATTTAGCCATTTTAAACTGCAAAATTCAATGGCATTTTCATACAGTCAGAACATGTGAAACTATTACCACGGTCTAGTTTCAGAACATTTTCATTAGTTTAAAAGGAAACCCTGGAGGGTGGTGGGTTTGCAAAAACATTGCTTTTTTGAAAAAAATGAAACCCTATAACCATTAAACAGTGACTCCCTCTTTCCA,"[[131610960, ""C"", [""G""]], [131611068, ""G"", [""T""]]]",yes,yes,G->T,2
chr1,6762104,6762580,AGGAGCTGCATTTTTAACAAGTTCTCAGATAACGCTGATGCAGCTAATCCAGGGACCCCCACTTTGAGAACTACTGACCTAGAGACATATCCCACCAGAAAGGGGTGTGCACTGCATTACTCACTTAGGGACACTCCGACTCCTGACACATCTGATTTCTCAATGTTCTGGAGGTAGACAGGTATTTATGAAACTGTCCACATTTCGCAACAACAAAAACCTTGAAATCACCGCTTCACTCTCTCCTTCTGGCACCAAAGCCACATTGCCATTGATCCTGAAAGTGTCAGGGCATGTTTCGGCTGCCTTCTAGCTCTCTAACAGAAGTCAGTGGCTACCAAATTATCAACCAGGTCTATTCTTGACCTTCCAATGGCAGAGAAAATGGAAAGTACACTCTTGATTAGCAGCCTTCTGACACAGTGAAGCAGCTCCAAGTTCACGTTTGTCCTGAGTGAAGAGGGAAGAACCATGTTG,"[[6762175, ""C"", [""T""]], [6762567, ""C"", [""G""]]]",yes,yes,C->T,2
chr18,79573065,79573433,CACTCATGGGCACTGACCAATGGCCAAAGCCCAGTCCCACAGCCCACTGCAGAGGAGGCTTGCGCACCTGCCCACAGGCCCAGCAACACTGGGATTTCTATAAAAGATGTCTCAAGGCAACTGGAGGACGTTGGGCCTTGGATGCTATTAAGGGATGACTGCTAGTTTAGCTGGGTATGATAGCAATATTGTGGTGATACCGGTAAAAGCCCTTACCCGTAAGAAATATAAACAAAAGTGTTGATGGATGAGATGACACGGTGCCTGAGGTCTGCTTCAGAATATCCCACATGTATTTAGGTATTACTCGTGTGATTAAGAAGTAAATTTTTTAAAAGATCAAAGAATTTCTCCTGCCACATCTAGAAG,N,no,no,N,0
chr5,180704507,180704821,AAAAACATGTGCCCTCCAAGGAAATGCTGAGCTGGTGATCACTGATTAGGCTGAGATTCTTTCTGTAACAAAGGTTTACATGCTACATCATGGTGACTGCTACAACTCTATCTTCCCTAGAGAGCTGGCTTTTTGCCCAGAAATGAGGGATGCTTTTAACATTAGTAGGACAGAAGTACCTAACTTACTGTCATGTTATGTTGACATATTGATCTGTTCTATTGATTTAATTATAAACCTGTGTTTTTCTTATCAATAGTCACTCACTATAATTAGTAAGATTATCTAGGACAGAGCTGCCCAGTGGAAACAATG,"[[180704510, ""T"", [""A""]], [180704514, ""C"", [""T""]]]",yes,yes,C->T,2
chr1,27964787,27965208,GTGGCCAAGCTAAAGAGGGCCCCTACTCACATCCGACTCAGGGTCCAAGCCTTCCCCTTTGCCTTTCTCCACCGCTGCCATAAATGCCACAGCCTCTCAAGAAACCAGTCCTCACTCTACCGTCACTCGCTGTGTGACCTGGAGAGCCTTCCTGTGGAAGATGGAGGTTGGACTCGATCTCCAAGGGCCCTTTCGTCTTGCTAGTCTGAGTCTATATATTGATTGAAAAAACAATAATAGCGGCTGTCACAATCGAGTGCCAGCTATTAGCCAGGCCCTGTGGGAAGCACTTACAGTCATCATTGCTCATGTTCACAGCAGCCCTGTAGGTTTGTGCTATATTGATCTTCATTTTTAAAGAGGTGCAGAAAGGTGAGTGACTTGCCCTGGGTTACTGGGCACTCACTGGGCACACGTCTTTG,"[[27964810, ""C"", [""T""]], [27964852, ""C"", [""T""]]]",yes,yes,C->T,2
chr20,54739788,54740131,TTCTCCTTCTGTTTCCCTGGACAGTTTTGTGCCATAAGTCTTTCCCTACTTTGTATATTTCCTTGTAAATAGACATGTGTTTTTGCCTTTTACTATACCTTCACATCTTGAGGGCAGTATCCTTGTCCAGTACATCTGTCTGTATGGACCAACACCTGGAATAGAGATTTAGGCATAGGAGATACTAAACAGACATTTGTGGAACCAGTACATTCATATGTGAATGAATAAAGGCAGTTGAATTACCTACTTGATTCATCAGGCACTTCACCCTTTTGCAATGACTACATCTCAACTTCAGGAACATTCAAAATTAGCTTTTTAGGGTACAAAATAAGCAAATA,"[[54739931, ""G"", [""A""]], [54739995, ""A"", [""G""]], [54740103, ""T"", [""A""]]]",yes,yes,G->A,3
chr5,17425460,17425824,AAGAAAACAAGAATTTAGCAATATGTTACTAAGTGACAGATTTAGAAAGTTCTTTGTCATTTGATCTTCAGGCTTTTTTCTCCTCTTGTTTTTTATACAAAGCGTGGGTAATAAAAATAGTTCTGTTGGTTTTCATTTCGAGTCTGGTTTCACGTCTGTCTTTTATGTGGTGGTAGCTGTAGTATGCTTGAATTCATAGAAAATACCTCACGGAATGCTTACATCTACTCTTAGGATATTTTCTAGATTTTTGTTTAATAAAATGTATGTACATATGGCCTGATTCATATTAAAGTGGATTTTTGCTGAACATTTCAGCCTCGGAAAACCTAGGTATGAATCTTGACTGTAATATCTCCCAGCCA,N,no,no,N,0
chr6,66772766,66773222,TAAAATTTACACTCCTGAGACTTCATTCAAAGTTTACTTTTCCCTAACAATTTTAAAGAAAGAATATTATAACTACTTGTTTTAGTTTTCTATTGCTGCTATAACAAATTATCACAAATTTAGCAGCTTAAAACAACATTCATTTAGCATCTCACAGTTTCTATGAGTCACAGTCTGGCAGAGCACGGCTCAGCTGCCTCCTTATCTCTGGATTTGAGACCTAAATCAAGATGTTGGCAGGGCTCTGTTCCTCTCTGGAGATTATGGAGATGAATCTCCTCCCAAGCTCATTCAAGTTGTTGGCAATATTTAGTTTCTTGCAGTTTTAGGACTGAGGTCTTTGTTTCCTTTCGGCTGTCAGTCATGGTGTGTTTGCTCTGAGAGGGTGCACACTTTACTTCTCAGGCTTTCCCTGTGGCCTGCTTCTCTCAGACATCTCTCTGATGGATTCTTCTGC,"[[66772774, ""G"", [""A""]]]",yes,no,G->A,1
chr6,83520892,83521125,CCTTTCACAAGTGTATTGCTCCTCAGATCATTAATACCAAGCGTTAAGATATACCAAATGAGATACTTTGTGTCTCTTGACGTGGATATTTGGCTGACTTTCAAGCTTTGATGTAATCATATATTAAGTACACAGTGGACAGCTGTTGTCATAAAGAGCTAAATGAAAAAGCAATTAAGAAAAAAGTTTCCCACACCAAAACAACTCCCTTGATTGAAATTTTGCTGAGAATCA,"[[83520925, ""G"", [""A""]], [83520934, ""A"", [""G""]]]",yes,yes,G->A,2
chr2,240975562,240975776,CCTTCTCTGTGCAGCCAGCAGGACGCTTAACGAGGCCTTTGTCCCTTCTGCTCCTGTTCAGATATTTCCCAGCCTTCGCTCCCAGCCTTCCATGCAAGCCCTTCATTTGTAACAGCTTCCCTGGGGGCATCTCAGAATCCAGCATCCGACCAGCCTGCTTTTTTTTTTTTTTTTTTTTTTTTTTTGAGACAGAGTTTTGCTCTCGTTGCCCAGGC,"[[240975578, ""G"", [""A""]], [240975709, ""A"", [""G""]]]",yes,yes,A->G,2
chrX,119459244,119459525,TCAGGATAATAGGGACAAGTCTAGAGTGTGGGGAAGAGTGATGACTGGAGATAGGAATTTGGGTGTCATCAGCAGATAGATGGCAAGGGACTGAGTAAGAGCAGCAAAGGAGTGGATGGGAAGAAACTTCTGGGGGAGTTGGAAGCAACAAAAACTGACACTCAGGATGGTGGCCAAAGAAAGGCCTCAAGGGACGTGAGGCCGGGCATGGTGACTCATGCCTATAATCCCCGCACTTTGGGAGGCCGAGGTGGGTGAATCTCTTGAGGTCAGGAGTTTGAG,N,no,no,N,0
chr9,121328463,121328769,GGCTGCACATGGACAGAGCAGGTATAGTGGAAAGAGTATAGGTATTAGAATCAGACAAGATTTGTATCCTGGTCTTAACACTTACCATCTGTGTGACCTTGAGTGAGTTGCTTAACCTCTCCGAGCCACAACTGCCTCATTAGCTGAGTGGAGCTAATGGTCCTCATCCCGCAATGCTGTCGTCAGCCTCAAGCCAATAGTGGTCCTGGCTGTGTGACTACTGCCAAGTCTGCCCTCTCTGGGCCTCTATTTCGTCACCTTCCAATTCCCTCAGGCCTCTTCCCTCTGGATCTCCTGGGATTTTTAG,"[[121328506, ""G"", [""A""]]]",yes,no,G->A,1
chr15,39610787,39611046,GAATCCCTGCAAGCCATAAAAGGGTGGGATAATATAATCAAAGTGTAGAAGAAAAACAAAACTGGCAACCAAGAATACTTAACTCAGCAAAGCTAATCCTCAGAAATAAGGGATAAATAAAAACTTTCCCAAACAAACAAAAACTAAGTAAGTTTATCACCACTAGGCCTGCCTAACAGGAAATGCTAAAGGGAGCTAAGCTGAAATAAAAGTCTCCTAATTGATACATAAAACTTATAAAAGCAAAAAGCACTAAATGG,"[[39610882, ""T"", [""A""]], [39610999, ""G"", [""T""]]]",yes,yes,T->A,2
chr4,2371711,2371920,AGCAGGCAAATAATTAAACCTCTTCAGTGTCTTTAAGGGCTAAAGCCAAACTGGAAAAGACACAGTCTGGCCACTAAGGCTGGCCTGGGAAGGCCACGCTGCGGGTTCAGTCCTAACCCAGCAAACAGCTGGCAGCCCGCCCCCCACCCAGCGTGAGAAGCCGGCCTCGGCGGCAACAGGATGAAGGTTGGGCTCCAGGGCCGTGAGCTG,N,no,no,N,0
chr4,15317278,15317579,ATAAATTATTTTCATTAAGTAAATAACTGAGTCTCTGTCATTATGCATAGAATAGTTGCCCCAACTGCTCTATACACCTAACTGAATCAAGAAAAGATGTTTGGATTGTTGGACAATTTGGTGCCTGAGTCATTCAAACAATTGGCTGTGCTTCTCCACTTCCCTCTGACAGTTAAGACAACCTACTGAAGGATAAAGAAGGCATCCGCACAGCTGAGTACTGACTCCTTTCACTTGTGCCATCTTGTTTACTTCCTCAAGCCCTATTACAAACCGGCATTTTTTCTTACTTATTTGCCGTA,"[[15317325, ""C"", [""T""]]]",yes,no,C->T,1
chr4,95732103,95732499,ATATTGAACAATAACTTCTAATTTGGTTAAAAATCTGGTTTCTACTGCTGATTATCAGAACAGTTTAGAGAAGCAAGATTGATTTCTTTTGTGGAATAGTCAAGAGAATACCACAATGGCCTAAGGCACCAAATGATTGCAAACCATCTTCCTGCAATTAAAATGGCCAGAGCTGACCTGCTCTTTATTAAACATTAATCTTTGGCTTCTTCTGAATGCATCAGTGAGTTCAAGGTCTGGATATGTATGACTCATGCAAGCTCTGTGCCATTAAGCTGTTTTATAGGAGAAAAGTATTCTTCATTGCACTGAGCCTGACACTTGAGTTTCTTTGTATAATTTGAAATTTGGCAGCTCAGTGTATACTTAAATGAAAAATGCTTTTTTCTAACCATCA,"[[95732172, ""A"", [""G""]], [95732211, ""C"", [""T""]]]",yes,yes,C->T,2
chr15,97932108,97932509,AAACCCAGGTCTTGGAGCATAGAAGAGGATGAATACAAATTTTTAGAAAAGCTGAAGTTGTTATTTTCTTTATGGATTATACATACTGATGAAATAGAAAGTAGAAGCTGAAAAATGCTTATCAAGATTTAGGGCTATCTTTGAGGGAGGAACAGCAACTGAAAGAACAATAGGAAGTCTCCTAGGGTACTGATTACATAGTGTGCTCACTTTCTAAAAATTCCTCATGCTATATACTTTTGATGTGAGCAATTTTCTTTAAGTATGTTCTACTTCAATTTAAAACTTCTTAAATATGATCGCAGTGACTGGAAACAAGATTAGAAATTCTAAATTGTTGTAGATAAAAGAGAACAAACAAAATTTTGTCAACCAATCAAAAGTGGAGAAAGAATTTAAATA,"[[97932148, ""G"", [""T""]]]",yes,no,G->T,1
chr13,55227592,55227861,CTGATTCAATCAGTTAAATGACCTTAAAAGTAGAGCTGAGGCTTCGTCTATGAAAAAGAAACTTTGTTGATGAATAAGGACTTTAGCCCTGTTGATGAATAAGGACTTTAGCCCGTGCCCAGGAATTTTGGAATGCCCTTCCTGTTGGTCTGCCCTATGAATATGGGGCTTGCCTAATCAGCCCCTATACTCACATAAGCTAATTCTTTACAATAAACATTTTAATATATCTCCCCTGCTAGTTTTGTTTTTTTTCTGATTGAACACTTG,"[[55227640, ""G"", [""T""]]]",yes,no,G->T,1
chr8,130577311,130577549,TGTTTTGAAGATTAGTGAGTTAATAAATGTAAATATGTAGTGACTCCATAAACTATGTTGGTTACAACTGTTGCCCAGGGTGACGAGGAAGCTGGTAGAAAAGCAGTGCTAGTTCAGATAGAATATTCTGACTCATGCATTTACAATTACCATAGGCAGCCAGAGACGGGGAGAGTCAATACTAGTCAGAATTAGAGAGCAGCATCTTGGCAGAAGTGGGATTTGAAGTTGGAATTAAA,"[[130577335, ""G"", [""A""]]]",yes,no,G->A,1
chr9,20087554,20087830,TCTACCATGAAAGCCTGTCTTGTTCCACAGGAGGCAAAAATTATATAAAATTAACATCTATTATTTGGAGGTTCTAGAGCTGGCCTTTCTTTTTTCCTACTTGATTTTAGCAAGATCAAAACAGATGTGTTGGAGGCTGGCCAAGATGGCTGACTAGAAGCAGCTAGTGTGCACTGCTCTCATGGAGAGAAATGGAAGGAGTGAGTAAGTACAACACCTTCAGCTGAAACATCCAGGTACATGCACTGGCATTCATCAAGAAAACAACCCAACCCAC,"[[20087623, ""T"", [""G""]]]",yes,no,T->G,1
chr11,68649679,68649882,TCTCTGCTAAAGCGGACTAGGGTCATTGTAAGCTTTCTTTTCTGAAATCTATGCGTGGGAGGTAAAATGACTGGCATTAGAGCTCAGCCGAGACATTAAGCCCATTAAGGGAGGCAATGCAGAAAAGCCTTCAAATCTGAGCTTTTATTCAACTCACCCCGGGGCCGGGAAAGGGCCGGCGAGGACAGCCCCACCCCACCATAC,N,no,no,N,0
chr1,106194287,106194574,GTATGGAATTATTATGTAAAGAGGCCAAATCTGTAAATCATAGGCATCCCTGAAAGGGAGGAGAAGAAAGCAAAAAACTTGGAAATCTTATTTTGGGATATTACCAAGAAAAACTTCCCAAACTTGCCAGAGAGGGCACCAGTCAAATTCAGGAAATGCAGAGAACTCCTGCAAGATTCTACAGAAGGAGAGCACCCCTGAGACACTTAATTGTCAGATTTTCCATGGCCAAAATGAAAGAAAGAATGTTAAAGTCATCTAGAGAGAAAGGCAGGACACCTAAAAAGG,"[[106194374, ""A"", [""T""]], [106194562, ""T"", [""A""]]]",yes,yes,T->A,2
chr4,170651834,170652157,GATTTTCTTAAAGAGGCATTGATTTATTGGCAGTGCTGAGAATACAGTCTAGGTTTTTCTGCCTTCATGTTTAGAGTTTTACTATCAGGCAGTATGGTTTCCCAGTGGGCAGTGATAATCATGCCTCAAAGGACCATAACCTTGCTACCATCTCTCCATCATGAATCTATTCTGACTCAGCTACTGGCATCAGTGACTGAACTTCTCAGTATATACATGAGTGAGCCTATAAATATGCATGGTCGAGGGAAGTAGAAAACATCCTTGGTCTTTGGAATAAAAGAAGACTTAAACTTGATTCTGGATGTCAATATTTACTAACTA,"[[170651914, ""G"", [""A""]]]",yes,no,G->A,1
chr5,163653688,163653946,GCCAGTCTTCTCTGTCTTCATGAGATCTACTTTTCATCTGTCGCTCTGTCTTTTGATTGGAGTATTTAATCCATTTACATTTAATGCAATTACTGCTAAGTAGAATTACATTTCATGCAATTACTCCTAAGCAGGAATTAAGTCTGCAAGTTTGTTATTTATATCCATATGTCTTTTGCCCTTTCTGTTTCTCTATTTCTCCATTACTGCTATCTTTGTATTAATTAGATATTTTCTAATATGCCATTTGAAGTCCATA,"[[163653701, ""A"", [""G""]], [163653897, ""T"", [""C""]]]",yes,yes,A->G,2
chr13,46992514,46992715,TGTGAGTTACCTGCCCGTGGTCACAAAGCTACTAATGTGCAGAGCTGGGATTTGCATTTACATGTTTCTGACTCCAGGGGGCCAGCCTGTTTCCCCTGTGCTACAATGCCTCAAGAAGACTGGCTATTGTAGCCATTGCACAGTGCTATAAAATGGATCCTCTAAGGGCTTCTGAAATGTGTGAGGCTTGGCTTCCTTTCCA,"[[46992523, ""T"", [""C""]]]",yes,no,T->C,1
chr19,51006434,51006775,AGAGAGTTCTGGGCCAGGTCATACCCTTGGGGCTGGACACGGCCCCCCAGCCTGAGATGAGACACTGCATGCCTGGGGAGACACAGGTCTGGCTGAGGTTGAGGGGCTGCACAGCAGGACTCAGACGTGCCTGCCTGGGCAGGCGGATCAGCATGATGTCATCATTGTGGTCATTGGCGCTGAGGTCCTTGTTGAAGCCAGGGTGGGGGAAGAAGTCCGTAACCCGGAACAGCTGCTCCGGACCCTCCCATTTCCAGAGGTGGTGCTCTCCAAGGCGGACCCACAGATACCTGCTGGGACAGGCCTCAGAGGTCAAGCTGGGGGAAAGGTAAAAGTCCTTTC,N,no,no,N,0
chrX,71902528,71902837,TGAGGAGGCAGTCTGCCTGTTCTCAGATCTCAAGCTTCATGCTGGGAGAACCACTACTCTCTTCAAAGCTGTCAGACAGGGACATTTAAGTCTGCAGAGGTTACTGCTGTCTTTTTGTTTGTCTGTGCCCTGCCCCCAGAGGTGGAGCCTACAGAGGCAGGCAGGCCTCCTTGAGCTGGGCTCCACCCAGTTCGAACTTCCTGGCCGCTTTGTTTACCTAATCAAGTCTCGGCAATGGTGGACACCCCTCCCCCAGCCTCGCTGCCACCTTGCAGTTTGATCTCAGACTGCTGTGCTAGCAATGGTCGAG,N,no,no,N,0
chr10,50059860,50060247,TTTTAAAATGCTTTGGTATTTTCTTCTCTACCAATGTCAGGACTTTTTTGGGGATTGATACAATCTGAGCTGTGACTCCAATGGAAGAGCATGCTGACCGTCATCAAGCCACAGCAGTGGGTCAGCTGGGGGACACCAAGGGAGGAGGTGAGCACAGCAGAGGCAGGGACAGCATGACCAGGGCTCCCCCAAACAATTCCGCCTTTATCCATTCCAGTTGGATGAGAATGAACGAGTGAAAAAGAACCGCAAAAACATGTGAGTCATCAGTAAAAAATAGAGACATAAGAGCAAAGGGGGAAACCAAGCAAGTCACTGATGCCAAAACGTGGACAGCAGAAAGCAGAGGAGAGCCAGGCTAGCAGCCCGCACAGCAGGCACAAGGAGC,"[[50060067, ""C"", [""T""]], [50060139, ""A"", [""G""]], [50060192, ""G"", [""A""]], [50060236, ""C"", [""G""]]]",yes,yes,G->A,4
chr1,194959888,194960116,TTACACATGATAGATGGTACAGTCTTTGGATATTCTGCAGAAAGTATTTAATGTTTATTTAGCTAACCCACATGCTGTAAGATACAGCTTTCTCTCAGTCCTCCATGCCTCTGCCACACCACAGCTAATGTTGTAACCAGAAAACACGTGTCTCAGTATCAGTTTTATTTCATTGAACTTGCCTTTTAGCTGGGATCTTGACACACTATATCATAGCTTATTTGGTTTA,"[[194959921, ""C"", [""T""]]]",yes,no,C->T,1
chr14,90879306,90879510,TCTTCCTTAACTCACACTATGGCCTCACTGAAGGAGGTTCCCTATGATCAACTGATAAGCCTGGTTGGCAAATGGTTCACTTAAGTGCAGCTGGCCTGTAGAACATGGCAGACTCAGCAAAGATACCACCTGGCTCAGGATAATACCTTGTGGGGTCGGGGTGCTGTCTCTGAGAGCTGTGCTGAACCAATGGCTGATGGGTCCA,"[[90879376, ""G"", [""A""]]]",yes,no,G->A,1
chr7,29333069,29333539,TCACAGCTCAGGGAGAGGCATGCTTCTGTCTCCGACAGTGGTAGTCTGTGGAGCTAGGAAGTAGGAAGTAGAGAGTAAGTGAAGGATGCTAGGTTCCCAGCAGAACAGAGCTGGGCTGGGGTGTACAGAGCAGCAATGGTAACAGGGGAGGCACATCTAGTTCTGTATCCCATCCTCCACGGCTGTCCCACACCAGGCGTCAGTGGAGGACTATGCCACCATACCCTGACCCGCCCTTTTCTGAGCCAACAGCTGCTAAAGCTTCATGCCGGGGCTGCTGTTGAAAGATGTCTCAGAGCCCTGCTCAGAGTCTTGTTCTCAGAAAATGACCATGCTTTGGAGAGGAGATGACACAGTGAGTGGGAGAGGTACATGCAGCTAAGAGCATTTCAGGAAGAAATTGGGGTCTCTTGAGGAAAAAGGATCCAAAAAAGAACTACAGATGAAATTGATTGCTTTAAGTTAGCCCAT,"[[29333124, ""G"", [""A""]], [29333208, ""G"", [""T""]]]",yes,yes,G->T,2
chr11,33244167,33244560,CAGATTGTTACTGTGTCTGTGCAGAAAGAAGTAGACATAGGAGACTCCATTTTGTTCTGTACTAAGAAAAATTCTTCTGCCTTGGGATGCTGTTAATCTATAACCTTACCCCCAACCCCCTGCTCTCTGAAACATGTGCTGTGTCCACTCAGGGTTAAATGGATTAAGGGTGGTGCAAGATGTGCTTTCTTAAACAGATGCTTGAAGGCAGCATGCTCGTTAAGAGTCATCACCACTCCCTAATCTCAAGTACCCAGGGACACAAACACTTCGGAAGGCCGCTGGGTCCTCTGCCTAGGAAAACCAGAGACCCTTGTTCACATGTTTATCTGCTGACCTTCCCTCCACTATTGTCCTATGACCCTGCCAAATCCCCCTCTCTGAGAAACACCCA,"[[33244548, ""C"", [""T""]]]",yes,no,C->T,1
chr2,238890357,238890582,TGGGTGAAAGTCCGGCACCTCCCCATCAGATCCTCACTTAGGAGACGGCCACTGAGAGCCCGTGATTGCACAAGCCTTGTAAAAAAGAGGGAACGCATTCTAAAGCCACACGATCCAGGTGATCCTTCCCCACTTAGGGTTTTTGTTCCAGAGGTATGACCAGAAATGTGTGTGCATGTGTGGCCAACTCTCATTCATGTCATTTTCTAGTTCTGGAAAAAAATTC,N,no,no,N,0
chr1,112458752,112459042,TCTTGAGACCAGGTGTTCAAGACCAGCCTCATCAACATAGTGAGACCCCATCTCTATTAAAAAAATAAATAGGCAGAGCTAAACTAACCCCAGTGTCACAAAACTCAACTGGTCATATAAATGAGTGAAACAGGCCTCTCACACAAGCGATGTAAAACAGCTGGGAGCAGTGGGAGCTGTGGCAAACTAAAGTGCCCAAGCCGCATTTAAAAAGGGCATCTGTTCAGCTCCATCTGCTTGCTGCGGTGCAAGAATGCTAAACCAGGATTACCAGTTCTTCACATTTTTTGA,N,no,no,N,0
chr2,220102017,220102507,TGTCTAAACCGAGGCCTTTTCCTTTTTTTTTTTTTTAATGCATGCCCAGCTGTCACTGTTGCCTGCTAAAGTGATTTTTCTCTATTATGTTGTCACTTTACACTCCCATAGGGTCCAATCCTGCAAGCCGTACATGCATGGAACTTGCATTAAAGTCATGGGAAGCTTTAACATGTGAGAATGTGTGTTCGGGGCCCAGAGAAAGGGCCTGGCTATTGTGAAACCTCAGCTCTGGAGTCCCGACCCGCACTGCAGTCAGCATGCTGGGGTTCAGGCTTATCTCTTATCTCCCTAGGGACCTTGTGACGCTGATACAGCCAATGGCCAGGAGATTTGAGGGGCAGATTCTGCATCTATCCAAAGGGTAAGCTTTCTAGAGTTTCATATTCCAAAGTGTATCCTCTCCGTCCTGATTCACTATTTGAAGTTGATATCCAAAGCAGAAAAGTGAAGGGACCACAAGGGAGGTGAGGACATATTATATTAGATTC,N,no,no,N,0
chr14,22261065,22261338,GCTGGGAGAACCGCTATTCTCTTCAAAGCTGTCAGACAGGGACATTTAAGTCTGCAGATGTTTCTGCTGCCTTTTGTTCAGCTAGGCCCTGCCTCCCAAGGTGGAGTCTACAGAGGCAGGCAGGCCTCCTTGACCTTCGGTGGGCTCCACCCAGTTCGAGCTTCCCGGCTACTTTGTTTACCTACTCAAGCCTCAGCAATGGTGGGTGCCCTTCCCCCAGCCTCGCTGCCGCCTTGCAGTTCCATCTCAGACTGCTGTGCTGGCAATGAGCGAG,"[[22261077, ""A"", [""G""]], [22261123, ""G"", [""T""]]]",yes,yes,A->G,2
chr9,136787013,136787216,AGCATAGCTTTATGCATAGCCCCTCCAATTCCATCATAGGCTTTTACATACTCTGAGACTACATCTGACCCTGCTGGGACATTCCCTTTTAATGGCTTAATGGCTGATTGACACTCAGGATTGTCGTTTTCGTATGCCATCAACTCCACTATGACCTTACGGGCATTCTCATTGGCCATTGACTTTTGAGCAGCATCTTGGAGC,N,no,no,N,0
chr1,185111659,185111972,CAAGACTTAAGACCTGAAACTATAAAACTGAACTGAACTACCTGAAACTGTAAAACTAGTAAAAATAAAACAGGGAAAAGTTTCTTGACATTGCTCTGGGCAATGATTTTTTTTTATATGACCTCAAAAGCACAGGCAACAAAAGTGAAAATAGACAAATGGGATTGCATCAAACTAAAATGCTTCTGATACAGCAAAGGAAACAATCCACAGAGTGAAAAGACAACCTAAAGAATGGGAGAAAATATCTGCAAACCACACATCTAATAAGGAGTTAATATCCAAAACATATAAGGAATTCAAAAAACTCAACA,N,no,no,N,0
chr11,126777431,126777734,GCCAGGCAGAGAAGGATCTTGGACACCGAATGACAAGGTTTTACTCAAAAAAAACCCCAAAGCATTCCGGGGTTAGTTAAAAGGCCAGAGCAGAGCTGACTCCCAGCACAGGGCTCTTTCCATCCTATCATTTGGCCTCTTTCCCCACCATGTGTTAGACAAGACAAGAATGATTCATGGAGAACAGAACTAGCAGCCCAAAGCAAGTCACTTTTTACCACCTACAGGATAAAATCAGACCCCTTTGTGAACACATAAAACCACGTAGATATTTCTATCACTGGTTTACCATCTGCATCTTTGA,"[[126777458, ""A"", [""G""]]]",yes,no,A->G,1
chr3,197100731,197101001,ATCTGAGATTCAACAGATGCAGGAAAAAAGCCTTCTCGGAGTTTCTCTAATCTGACTAAAAGGTGCAGCTTCCGAGAAATGAAGTTACCATAAATACCCTCTGAGGAGTCTGATGGCCCCGAAGAATGGAAAGACCAGTCATACCAGTTTAGACAAATGTCATCACAAACTTTATCCCCCATCTCTTCTCCTAAAAACTTGTCTTTCCTGAAGAAATGTACGTTTTTCTAATAAAAGCTGTTTCTCCCTCCTTCCTTTCCCTACTAGATTA,N,no,no,N,0
chr1,17676488,17676771,CCACCATTCAATATCATGCAGGCGAGGCCTGCAGGCTCCATGTGGCTCCCCTATGCAGAGCTCAGAGCAGAGCAGGGCAGCCACAGCCAGTGCCTGGGGACGCTTTCTGGGCCTCATGCTGAGGCTTGACTGCTATGAGGCAGACGTGATAGAACAAAGCTCCTATCACATCTGACCCTGCATCAGAACTATCCAGGTTGCCTGTGGCCCAAAGTCAAGGCCCCCCAGGCTGCACTTGGTCGATATCCCCTGGGTTCCCCTTCTCCAGCCACTGGACAGGTCCC,N,no,no,N,0
chr14,40330507,40330838,ACAAGGGATGTGAAGGACCTCTTCAAGGAGAACTACAAACCGCTGCTCAAAGAAATAAAAGAGGATACAAACAAATGGAAGAACATTCCATGCTCATGGGTAGGAAGAATCAATATCGTGAAAATGGCCATACTGCCCAAGGTAATTTACAGATTCAATGCCATCCCCATCAAGCTACCAATGACTTTCTTCACAGAATTGGAAAAAAGTTCATATGGAACCAAAAAAGAGCCTGCATCGCCAAGTCAATCCTAAGCCAAAAGAACAAAGCTGGAGGCATCACACTACCTGACTTCAAACTATACTACAAGGCTACAGTAACCAAAACAGCA,"[[40330613, ""A"", [""G""]]]",yes,no,A->G,1
chr13,103928982,103929276,TTTTGTTCGGCTGCTTTTTCTTCAAGGTTATGGTTTTGGGGAGAAAGCGGCCACAATTCCCAAGCTTAGGCAATTTCTGGGGCAGTATCTAGTTCCTGGAAAATCCCTGAAATATGTGTTAAATCAATGCCTAGCACTTAATTGCCGCCATCACGTGGGGTCAGTTGGACCTTTCTCATGAAATTCCCCTGGGTCTCTAGTTTAGGACTTGCCTCCTTCCTTTGTTGACTCATGCGTGGTTTGTACTGTATATTCCTTTCTCACAATTATTGGGTGAAGTTGTTATGTACTTTCT,"[[103929008, ""A"", [""G""]]]",yes,no,A->G,1
chr20,62282872,62283278,GTAGACCAGAAATGCACCCGTTTGAACAGCCTATAAAATAAAATGGCCAGGCTTATGACTGACCATTTCTCCCATAAAACATGTGAGGATCAACATGTGGACCTAGAAGGGACAGCAGTCTTACAACAGGGTAGCAGTCATCAGTGCCTTGACACCTCTCCCCCTTGGAACTCAGCCCAGGGAGCAGCTGGCTGTCTGTTTCCAGAAATAGGCGGGGGCGCCGAGGCCAACACTCGCTGACCCTCAGTGAGTGCATGTAAAACATGTTTTTCCAGAACCGGGCAGGGACCCCGAGGCCAGACTCGCTGACCTTCAGTGAGTGCATGTAAAGTGTGTTTTGGTTGTCTGGTTTTCCATCCTAAATTTAAGGGTGCTCTGTCCTTGGAGACAGAGTTGTCCCCAGGCTG,N,no,no,N,0
chr7,43232375,43232677,TTAATTCAGAAGAAGAGTAGAAATGGAGGCTGGCTGTGCAACTGCATTAGCTTGCTTTTGCTGGTTATGCTGTGAAATAAATACCCATACAATCTCAGTGGCTTCCACAACAAAAGCTTATTTCTCACTCACATCACATTTGGCTGTGGGTCAGCTGCAGCTTTCCTTCCTCTTGTGGTTTGGGCTCAGATGTGCTTCTGAAGTGTAGGCTGAAGGCATAGCCCAATCTAGAACTGAACATGATGTTCTTGCGGGAAAAGGGGCAGTAGCAAGAGGGATGGTGAAACTCATGATACCTCTTAA,N,no,no,N,0
chr22,33588964,33589207,CAGACCTCAAATGCAGAATTTAATTCAAAGTGATTAGGACTGACAGGGCCTCAGGCAACTGGCCGCAATAAATGCAAATCTGCTTCCAGGCAAACACAACATTACACCTCCAGGCTTTCATAAATCTGCATGGAATTTCCCATAGAGTTCAACTGTAGTAAGTGAGGAGGAAAGGCTAGGGCCCACGGCTAGGCTGCAGGGCTCAATTCTTGTTTCCACCACTCCACAGCTAAGAAGTCTTGGT,"[[33589024, ""A"", [""G""]]]",yes,no,A->G,1
chr2,80074191,80074658,ATAGATTGGTTTTAGTCAAAAAACAACTGTGCTCATCAAATAAGCCCATTATGCAAAGCACACTCCATCATATTGGGTCCCTGAAGAATCCTAGTTTTGAGGTAAAGAACAGACCCCCATCTGGCTACATGTTACCCATCTGCAACAAATCACCATGACACAAAACATTTAAAGAGGCAGTAGTTGTATTAGGAATGGCATTTCCCCATTTTGAAAGATGTAAGTAAAAACACTGTTTAACATCTGAAGTTCATTTGCAAGAAGAGTAGATGAGCTAGAGAAGGTGGCAGAATGACAGTGTGACTCCCACTTTCTTCATTGTGTGTCTGTATGCGTGTGTGGGGTGAAATAGAGGGCTTATACATGGCAAGATATGCTGCAGGAACAACACCTGATCAAACAACCTGAGTCCTGTACTCTCAATGCAGTTGCAGTGGTGATTCTCAGAGCTCTTCCCCCTCAGTGACC,"[[80074345, ""G"", [""A""]]]",yes,no,G->A,1
chr5,112289552,112289832,TGGTCATGCACAGTGACCATGCTCCTTCTGGTATCCTTCCTTCCCTTTGCCCTCTGGATGTTTTCCCTTGCGAGGAAGCCAAGCAACAACACAGAGAGTCCACAAGTAGGTGCTCCATCCCCAGTTGAAGCCCCAGCCAATGCCAACATCAACCAGCACACACATGACTGAGACTTCAGATGACTCCAGCCTCCAGCCTTCATGCTGCTCCAGCAGACACTAAGTAGAACAGACATGAGCGGGCCCTCCCAAGCCCTGCCAAAGTCGCAGATCCACGAGCA,"[[112289592, ""C"", [""T""]]]",yes,no,C->T,1
chr4,71604804,71605132,TAATTTTTTGGTTGCTTTCTTAATAGCAGGTTGTTGGTGATTACTTCCTGTGTTTGCATTGTGTCTGCATCTTACAGTACTACTCATCTCTGTCTATTTTTCTGGTGAGGAACTGAAACATGGCCCTGATGAAAACCAGACCGCAATATTCTCTCCCATCACAACGTTGTGTTCTTAACATTCTCATAAACAATGCTAAGAACAAGGCATAGACAAGACTGCTACGTGACCAGAGAAATGACTAAATACCCACCTCTTTTGACTAACATGAATGATTGCTGCTTTTTTACCAGTGGCAACTCTAGATTCGCTTTATTCTTCTTATCTCT,"[[71604987, ""G"", [""T""]]]",yes,no,G->T,1
chr13,48069671,48069883,CTGGGATAAAGGAAAAATGTACAGGAGTCATGAAGAGCTGAAATGTTCATGAATATCAAGCAAAACAAGAGTTAACTGAATGGAGTGAACTAGTAGAAAACTGAAGTAATCTTTTTGACTTTTGCTTGGAATATTGCTGGTCCTTGTTTTTTTTTGTTTGTTTTTCAGAGTCAAGGAAACTTATTTTGAGCTATTTATAGCCTTTAATAATTG,N,no,no,N,0
chr2,146830970,146831351,AGCCTTGACATTTTAAAACACTGGTCCATCATGTAGCCTCCTAATTAAAGAATGCATGTCAAACTCTTAGTAATCTCCCTAAGATCCCTTTTACTTGGCTTCAGATCAGAGTGAAAACTCCCAACAAATATCCCCAGGAGGTAAAAGGAGGAAATGCGTAGTCATGAATATTCTCTTCAAAGAATTCACGCCTTTAATGTCTAAACCCTCTGGTGCAATCCTTAGCCTCCATTTCTATAGCCTAAAGGTGGGTGATGCTTGAGAACTGCTAAACTTATACAAAGTCAGTTTTTTGAATTGTCCTCCCAAGGTCATCTGGTGCTTCACTTTCACTTTGCAATGGTGGGTACTTATCTATTATATTAGGTAAGTGCTAATCTTA,"[[146830999, ""T"", [""C""]]]",yes,no,T->C,1
chr8,63419587,63419935,GAAATAATTGGAAAGTATTGCTGTCTCTAAGAAGTTTCTTCCAGAAAAAGTTAATGAACTGATTTTGGAAACACAGTTAAGAACATCTGGTTGAGGGTAAATTGAGAAGGAAACAGATGTGATGTCACTACTGTGGATGACTGGACAGTGAGAGGAGGGAAGGATGCATTCCTCATACAGATTATAAAACAGGTGCAGGAATATGATCTGGTTGTGATAGGAAACTTGAACTATCCAGACATCTGCTGGAAGCCTTATTTTGCTAAAAGCAGGGCTTTGATAAATGCTTCAATTGCCTTGATGAGACTTTGTTCTCCAAGAAGAGAGAAGTTGTAATATGTAGAACATT,N,no,no,N,0
chr11,113436846,113437328,GATCAAGTTCTCTTATTGTGAACACTGGCTTCCTTTTCTGCCAGTCTGGCTGCCAGACTCTCCCTCTGTTTTGATCACTCCATTGCCCTGTCCAGGACAGATGGAGCCCTGGGGACGAGCCCTGGCAACCCTTTCTATGGCCTGGGATCCTTTCTCATGACATAACAGCTTTGGCCTAATAAGTCATGTCCTCTCTTTCACAGCAGGTGGCGGCTCAGCTGGTAGGGATGGAGGTGGGAGGGTAAAGCCCACTTTAATGACAAATAGAACAGCTACTGAGCACCTATTGCAGGCCAGGCACCACGTGAAGTGCTGGGCACCTACTATTTCATTTACTCCGCATAGCAGCCCTGTGAGATTAGATATGATCCCCATGCTACAGACAAAGAAACAGGCAGTGGGTTGTGAACATCAGTGGATCTGCCTGCAGAACCCAGACTCTTCCTTACACCAGGAGTTGAGTATGGATCTAGGGTACGAAGA,"[[113436863, ""A"", [""G""]]]",yes,no,A->G,1
chr17,27969807,27970159,TATGATCTTATCATCTGCTCTGACCTCTCCTCGCCCCCAACTGCATCTCCTCCTGTCTCCTATTCAGTGAATGGTTCCACCATCTGCCACTGGCTCAAGTCACAAATATGGGGGTTATCTGGGACTTACCCATTTCCCTCATCACCACCCCCATGCCGTATTCAATCAGTCTCTTAAGCTCTGTCACCCTCTTTTCTCCAGCTTCACTGCCATCACTTTTGTTCAGACCACCATCTTCTTTCCCCTGGTTGAACAAGAGCCTAAGTATCTCCCTTGCTTTTAGTCTTGCTCCCCTCTGTCTATTCTCCACACTACAGTGCCACAATGACCTTTCTGAAAAACAAATAGAATCA,"[[27970039, ""G"", [""A""]], [27970073, ""G"", [""A""]], [27970122, ""G"", [""A""]]]",yes,yes,G->A,3
chr11,18409042,18409335,CGTTCTGTGGATTTTTAGTGTATTCACATAGTTGGCAACCATCACCAGTATCTAATCTTAGAATATAGGCTGGGTGCAGTGGCTTCAAATTCCCAGCACTTTAGGAGGCCAAGGTGGGTAGATTGCTTGAGCCCAGGAGTTCCAGACCAGTCTGGGCAACATGGCAAAAGCCTGTCTCTACAAAAAAGAAATTAGCTAGGCGTGGTGGCAGGTGCCTGTAGTCCTAGCTGCACAGGAGGCTCAGGTGGGAGGATCCCTTGAACCCGGGAGATAAAGGTTGCAGTGAGCCAAGAT,N,no,no,N,0
chr4,71992596,71992940,TGGAGAAATCACTTATTTGTATCAATGTTACAAAGAAAAACTACTTCTAACATCCAGCAACTGGCTTGGCACTCATAGCTAAGTCATAGTATTCTCATGTTGGTCATGTGCTATTTCCCAGAACACTGACATCAAACAAGGCTGTAGCCACGAAGGATCAAGACAAAAACAAAATCACTGTGTAATCATATCTGAACACAGACAAAAGCATGAATATTGTCCAGACCACAAAAATGTTCAGACATCTCCATATCCTGGCTAATATGCATGACTGCTGCTTCTGCACCAGTCAGGCTTTAGCTTCATTTCAGTTTGCTCATCTTCTAGATTAGATTTATCATGATA,"[[71992623, ""C"", [""T""]]]",yes,no,C->T,1
chr6,31239972,31240276,CCAAGGGTGCCAGGTGCTTGTCACTGCTCCACCACTCAACGGCTGTGACCTCAGGAGAATCTCTCCAAGTCCTGGTGCTTGTTAATTCATCTGTGAGTCATGGATAAACACATCCATTCTAGTGAGAATAAATGAAAACACATTTCATCCTTACTGAGATGCAGTGAGTGTTGCCCCAGTACTAAGGGGTAAATGCAGAGAGAAACATTAGTTTAGGATTTTTTTTTTTTTTTGAGATGGAGTTTCACTCTTGTTGCCCAGGCTGGAATGCAATTGCACGATCTCTGCTTACTGCAACCTCTCCC,"[[31240143, ""C"", [""T""]]]",yes,no,C->T,1
chr4,136707148,136707429,GCGTATTTAACCACTACCCAGAACTCCATGAATTACTTGCTCGTGCAAAAATTATTGTGGTTTTGCTATTGAAAGTAATGGCAAAAACCGCAATTACTTTTGTACCAACCTAACGTTTCTGTTGGCAAAGTTAATCACGGTTGAAGAGGAAAAGAAGGCAACTCTAGTAATCCATCAAGCATGCGACAAATAATGAAGTCCACACTCCAAACTCAGGAGTAGACTGGGACAGTCAGTGAGGTAACAGAGTTGGGGAATCGAAATCTCAACAAGAAAATCCAG,"[[136707187, ""T"", [""C""]], [136707261, ""T"", [""C""]], [136707399, ""T"", [""G""]]]",yes,yes,T->C,3
chr4,7055152,7055468,AAACAAATTGAGTTCCTTTTTTTAAGATAGAAATTCTTTTCATGGTCCTCTGAAAGAAGCAATAGTAACAATCTTATATTGGATCATGGGGGAAGCAAATGTGTGTATTTTAAGTGAGATCCTGCGAGTCATACACTGCGATGATGCTCCGCCTTTACCCGTTCAGTTGGGAGCTTATTGTGAGATTGGATCATTTCCTTTTGAGTGTTCTTCTCTTTGGTACAAAAGCTATTGTGGGTGACAGGAGCAGTGTTTTCCTGCTGGACCCGCAAGCCACCAGCTATTTCCTGGTGACACAAGCTCTTCTCAGGCGGGGC,"[[7055270, ""T"", [""A""]]]",yes,no,T->A,1
chr5,163812534,163812917,TACACACATATACACACACATATAGAAATCCTACAGCTTCCATTATTTAACAGTCAATATTCCAATTAATTTAACAATATCCAGCTGTAGGATTTTGGGAGGATCTACGACCTCTCTGAAATTGTATGTAAAACATGTACATGTTTAAATGTCCATTCCCCTGGGGAGAGAGTCTACCTAACAGATTGTACATGTTTAAATGTCCATTCCCCTGGGGAGAGGGTCTACATAACAGACTGTCAAATTTATCCATGACCTCAAAAAAAATCTCAGATATACATTGCATGTTCCTATTTGAATCCATAGCACCAAGCACAGTGCTTAGCAAACAGCAAGTTTTAGTAAATATTTGTTGGATAAATGAATGCTTTCAAGTTGTGTCAG,N,no,no,N,0
chr5,107092627,107093100,TGCTGCTTATGGTTGGGTCTTCTATAGGCATGGCTCTTCCTGAAGTTTTAAAGGGCAACACTAAGTAATATGCAGTGGAGTGGATTCATTAAGGTTCTCATTTTGAAGAGAGAGCAGGACATTCAGTACCACAGACATGTGCAAACTTCCTGAGGTCTTACACCAACCAGAACTTCAGGGAGCCTCCCAAAATTCCATGAGGACATATTCATACTACTTACCACTGATAAACTCATAATCCCAGGATATTTTTACAACTGATGACTCAAGAGTTCCTGTGCTTCATTTAGGGAGTAGGTATTTTTCATAGGCTAGGAGCCCATATGCCTGGCATCTGGCCTCCTGGATGTTCCTATCTGAGTACTGTCAACTGATCACATGCTACAACATACCAGAGGATAGACTGGTATCCTCCTTTTAATTTAAGGGAATGTCAATGTCTTCTACATTTTCATCTTTGCCAGTGGACTAATA,"[[107092684, ""C"", [""A""]]]",yes,no,C->A,1
chr15,58275007,58275228,AGGAATCTAATAGGAGGTCCTCTTACACATGAAGCTGGTACTGAAAGACCACGCCCCCAGGGTAAGGTAAACCATAAGTAAATCTGCCCCAACCCAACCCCAGGACACTGCAGTCCGGGTTGCCTCAGTGCCAAGTGCAGCTGGTGTTCAGCTAGCCTCTCCAGTTTCTACCGTTCCTTAAATTCTGGCCTGCTAGCTCTTTATGACCTTGTAGGTTCTATA,"[[58275024, ""C"", [""T""]], [58275168, ""T"", [""C""]]]",yes,yes,T->C,2
chr19,48218936,48219369,GGTTCCTTCATTTGCCCAGCATAGAATTTTGAGAAGTGCTGAATTTCTCCAGGGCTCCTGTAGGACAATTTCAACTCCTAGAGGAAACACATCAGTTGACTTGAAGCAGTGGAGGGTGGAAAGGCCCGGCTCCCTACAGTGAACTGGCCAATGGAACTTAACCCGTTTCCTGTGCAATGTCATGGCTGGTTGAGTGGGAAACAGAGGGAGAGAGGTAAACAGCTCTTTACATTTACAATGTTAGGAAATGCTTTTATACCAGGAAGGGAAGAATAACCTAGCTGTCAACACCACATGAGTCAGAGAAAAACTATCTGAGCTACCAACTGAATACAAACGTCTTAGATTTTGAGGGTTTTGAGGCCCCTCATTAATGATGCGACCAGCTCAGAATCCGAGATTCTATAGAGAAGCAAGAAAGCTTCCAAAGCAGC,"[[48218947, ""C"", [""T""]]]",yes,no,C->T,1
chr3,109697001,109697270,TTCCTTGAAAAATAAGTTTTATAAAACCTCTCTCTTTTCTTAAATATAGAACTGGCATATTTCATGTTTAGTTAATCCTGGGTATCTTATGGGTTTTGTTGCTATTGTCAATGTGCTGTTGTTTTTTCCTTCACCCTCTAGTGGTTTTTGCTGGTATAAAGAACAGCTATTGCCTTTTGTATGAACCATTTACTGATCTCTATAACATCTTAATAGTTTTTTCTTTGGGATTTGCCAGATAGAGCTTACTGGAACTTTATTTTCATGAAA,"[[109697026, ""T"", [""A""]]]",yes,no,T->A,1
chr5,44260890,44261265,TGACTTGAAAGTTTTGCCAGATACTGCATTTGTTTGAGAGATACTGCATGGCTTGAGGGTTTTGCTTCCATCACAGCACAGTTGTTGGACTGTGCTGAAGGCATCAGTTGGCCTGAATCCAGCCTGGAACTTATTGATTAATTCATCTCATGTGTTTTTAAAACCTCCCATGTGGCAGGCACTGTGATGTCACTGAAAAGACATTGGCATAATGAAAAGGACTTAATCCTACTTCCCTTCAAGTTTATAATAGTTGATGTGTCAAGCTGATAAGTAAAGAGGCAATCACAATGCAATGTATTAAATATTGTGATAATCTGTTTAATCAGTACTCTTAGTCATGGGTCAGACGATGTGTGGTAGTGACATTGACCCA,"[[44260906, ""T"", [""C""]]]",yes,no,T->C,1
chr2,128666151,128666475,GCATCCACGTCTGGTTTGGATGGCTGCTGCAGCTTCAAGCCTGGGCTGCTGGATGACAATGGCGATGGTCGTTCTTCCTCCTCCTCTTCTTTCTCCTCCTCCTCATTCTCTTCCCCCTTCTTCTCCTGCACTTCTTACTCCTCTTTTTCTCCTCCTCCATCCTCTTCCATCTATTTATTGTGCGAATTATGAACAGCTTTCTGTGTGGCAGATGCTGATGAAGACCCTGGGGATTGCACTGGGAATAGAACAGATGCGGTTTCTGACCCCACGGAGAATTCTGCTGTGGGAGCAAGATCCTGGTGGAGTCAGATTGGCACACACA,"[[128666344, ""G"", [""C""]], [128666437, ""G"", [""T""]]]",yes,yes,G->C,2
chr17,12660757,12661065,TTTCTTTTTCTTTCTTTCTTTCTTTCTTTTTTTTTTTTTTTTTTGAGACAAGGTCTCACTCTGTCACCCAGGCTGGAGTGCAGTGACACAATCATGGCTCACTGCAGCCTCAACTTCCTGGGCTCAGGTGATCAGGTGATTCTCCCACCTCAGCTTCCTGTGTAGCTGGGACTACAGGCATGTGCCACCATGCCTGACTTTTGTGTGTGTGCGTGTGTGTGTGTGTGTGTGTGTGTGTGTGTGTGTGTATTTTTAGCAGAGACGGGGTTTCATCATATTTCCCAGGCTGGTCTCAAACTCCTGGACTCA,"[[12660782, ""T"", [""C""]]]",yes,no,T->C,1
chr3,101134449,101134780,TCACTGTGAGCTTGAGTTGGGTAAACTCACTAATCCAGGGATGCTAGCGCTATGATTCTGAAGTGCTCACCCACCCGCATAACCACATCCATCCACTCAAGACGCCCCTAAGGCTACGTACGGATCAGTCCCACTGACCAAGTTTCCTTTCTGAGTTTCCACAGGTGACATCTTCAGTTTCAAATCAAACAAGGTCATCTGGTAGCACATTTCTTAGGGGGGATTAATTTGTCAGACTGCAATTTCCTTGAGGACTTGCCTCACTGTTCAGATAATATCTGGTAAGCATGTCACTGTCTTCAGAGGAAGAGTGCAATATAAACACCAAACTT,"[[101134473, ""G"", [""A""]]]",yes,no,G->A,1
chr1,81119297,81119707,CTAAACTACAATCCCAATTGCCCTTTGTAGTTGGGAATGGTCAGGTGATTAGATTAAGTTTTGGCCAATTGAATAAAAATAGACATAATATGTGCCTCTTCCAGATCTGCTCATAAAAATTCATCCCATGTGATCCTCAGCATTCTTTTACCTTCCAGGATGATCTTGTTAAAAGCATTAAAAATTATAGGTCAGCAAGATGGAACAAGACTGAGCACCTGAATCATCATTTGGAGGCAAACCACACATGGATCGGGAATACCAATTTGGTAGATTATGTGAATAATTTCCATTGCCTTAAACCACTGAAATTTGGGAACTTGTTTGCACAGCAACTAGAGTTATCCTTACTAATGCAGAAGTCACTAAGGTCAGAAAGATACATCAGTAATAAAGTTTCTACATTTTTCT,N,no,no,N,0
chr18,56283394,56283704,GAAATTCTGAAATAAAGAAATCTACTAAAATATGATTAATCCAGTATTTCCCAAACATTTCTAATCCTGGAAACTTTTCTTCATGTAACATCTTGTAAAACTAATGCTCAAAGGAATGCACTTTGGGAAATGCTGTCTTGGAAATCAAGTTTCAGCTACTGGCTCTAGATTCCAATGCCTTCCTCCATTTAGTCCAGGGGTTTTCCACTTTCAACCCCACTGGCCAATTTAGATATGAAGTAACTCATTACTTCAAGCCAGTTTGGATGAAACAGATAGACTGAGCAGTCTTCCAAAATATTGGAGTTTTT,"[[56283586, ""C"", [""T""]]]",yes,no,C->T,1
chr2,142704309,142704530,AGTTAAGTAACGATCCTAGGGACATACAGCTAGTCAGCAGCCAACCTGGGATTTGAACAGAGACGTTATGACTGTGAATCCACTGGGAGCCACTGTCCCTTGTCATCCCATACCACATTGTCTCTGGGGACAAAGCTGAACTGCTCACATCTGTGGAATAGAGGCTAAGCATCATATCTGGAAAGATAGCAGTCTACTGGCAACGGCAAGAGAACTCACAGA,N,no,no,N,0
chr13,112425756,112426156,GCTCTGGGGGACACATTGTCTCTGCAAATCTCTGAGGTCTGGGAGATGCAAAGCACCGTCTGCCTCCCCACCCTCCATGGCACTGGAGGCTGGGCCCACATCACGGGTCCTAGAGTGGACAGCACCAGAGTTCCATCTGCCAGGTCTGGGATCCCCAGGGAACTGATTTGATTTCAGCATTGTATCCTTAACAAACAGTAGCCCCATGCAGGCACATGTCACTGTGTTCATATGTTTAGTCACTACTGGTTCCCTAGGGCTGCCATACAAAGTACTTAAATGGAAATGTATAGCATTAAATGCTTGTATTGAGTTAATTTGCATATATGGTGTGAGGTTATTGTTGTTTTGGTTTGATTTGTTTTGGTTTGGATTTTTGCATATTCATGTCCAATTGTTCC,"[[112425813, ""C"", [""G""]]]",yes,no,C->G,1
chr5,22473903,22474297,TAGAATAAAACCCTCTAAATTTGAAGAGAAAAATGCCCTGAGACATAGATAATTTGAATAACTGGCCCAATGTGATACAACCATTAAATGATGAAACAATAGATGATGAAATACATGATGAAGCAAAAGCTCATCTTCTTACATAACACAGAGTATTGCCAGAGAGTTGGTCCATTTAACTAAGAATTTAGTAATGAGTCACAAGGTATGATGTGATACTACAGAGGATTACTTATTTTCTTTCACGAATATTTCCTGAAAAACAGAGAAGGATGTAATAATGCTGATGACTTCGTCAGAGAGTGAAGTGGCTGCAGGTTAGTGACAAAGAAATGAATTATGACTGCAGCTGGGTCCCAAAGGAAAAGCCAAGAACTGTATTTTCAAATAATTGT,"[[22474123, ""G"", [""A""]], [22474226, ""T"", [""G""]], [22474241, ""G"", [""T""]]]",yes,yes,G->A,3
chr14,59058405,59058639,TCTCTGGTTTTCCTAGGCAGAGGACCCTGCGGCCTTCCGCAGTGTTTGTGTCCCTGGGTACTTGAGATTAGGGAGTGGTGATGACTCTTAACGAGCATGCTGCCTTCAAGCATCTGTTTAGCAAAGCACCTCTTGCACCGCCCTTAATCCATTTAACCCTGAGTGGACACAGCACATGTTTCAGAGAGCACAGGGTTGGGGGTAAGGTCATAGATCAACAGGATCCCAAGGCAGA,N,no,no,N,0
chr10,103750810,103751181,AAAATCTGTATATAGCAAAATGCGACACAGCCAATTGTTTGTCTGCTTAAGAGCTTGCTTTGCTTTGCTTTGCCTGTGAACAATTTTGTCAGCACTACCCACAATGAGGGCCTAATGCTAAGAAGGGCAGGGCAGTGCTAGGCCACGCAGAGAGGCTGGCACTGCCGCAGAACACCACAGCGGGAAACGGACTTTTTCTACCACTGAGCTGTCTCAGCTCCAGGCATTTCCCCCAGACCAATAGAATGCAGAGTATGCAAGGCAGAGAAGATGAATGAGGATAATAAGGGAGTGTACCTTTAACCCTTGTCAAACTGTCACCCTAGTAGGTAAGATTAATATTCCCACTTTCATTTGTATAGAACTTTGTGG,N,no,no,N,0
chr15,97730936,97731271,CCCCCAGCACCCCCACCAACCACACACACAGCGGGTCATCTCTGGTAACTTCCCCAGCCTTCACTCCACCCTCCAATTATGAAATCAGCAAAATTCTCAGGGGAAGAAGACCCAGAAAGAACAAATGTGGCAGCAAGAGACAGAAGGATCAATACCTTCAGAGTCTGAGAATGTAATGGGCCCTGTAGGTCTGTTAATTATCCAACAAAAATTCTGTTTCAAGAAAGGGAAAAACGCATTTTAATAGCAGCTCTATAATTAGCCATTTCTGTTCTTGGTTTCTTAGTAGTTTTTATGTTTGTCTGCCTCCACCTTTATTTCCTTTAACAATGTTCA,N,no,no,N,0
chr13,19519105,19519314,TACACAAGGAAAAGGGAAAAGCAACCATTTCAAAATATACCGTAATTGGAGGATAGAGAGAGTGAGTGGGTATAGCAACCATTTTGAAATATGCCCAGAGCATTCTATTCTCTGTGTGAAAGACCTGCTCTAAAGAAAAACTGCTGTATCAGGGCCTTGTCTGACATAGGGGAAAACCAGTGAGACAACTCTAAACCCCTCTAGCTTTCC,"[[19519114, ""C"", [""A""]], [19519146, ""C"", [""G""]]]",yes,yes,C->G,2
chr22,25277075,25277465,GCTGATAACCTGGTCAATATTTATCGAGTGCTTTCTGTGTGCCAGGCACAGTTCTTTCATTTATTTATTTATTTTTTTATTGATCATTCTTGGGTGTTTCTCGCAGAGGGGGATTTGGCAGGGTCACAGGACAATAGTGAAGGGAAGGTCAGCAGATAAACAAGTGAACAAAGGTCTCTGGTTTTCCTAGGCAGAGGACCCTGCGGCCTTCCGCACTGTTTGTGTCCCTGGGTACTTGAGATTAGGGAGTGGTGATGACTCTCAAGGAGCATGCTGCCTTCAAGCATCTGTTTAACAAAGCACATCTTGCACCGCCCTTAATCCATTTAACCCTGAGTGGACACAGCACATGTTTCAGAGAGCACAGGGTTGGGGGTAAGGTCACAGATCA,"[[25277120, ""A"", [""G""]], [25277132, ""T"", [""C""]], [25277360, ""G"", [""A""]]]",yes,yes,T->C,3
chr7,80521043,80521366,GGTATTCTTATGGGATTATGCTCCATAGGGGAGTCAGTTAATTTTTGTTGCTGGAAGGTAGAACATTTGGCAGAGGCAGTAATTATGTCAGCCTTGGTAAGTGGGAGGTCATGCTGTCAGGCTCATGCATAGCCTCCATCCCTGTCTCCACGGCTACTTCATTCCTAAGCCCATTAGTGTAGCACTGGGGATCTTTGTGTCTGCCTATTGGTTACTCCAAGCCTCTTCCATGCTGGATGCTCATTACTGGGTGTTAACATGCCATACAAACCTTCAGCAGGTTCATTCACTCTCTTCCTCAGACCTCTTTGTCCCTCATCTTCT,"[[80521060, ""G"", [""A""]], [80521278, ""A"", [""G""]]]",yes,yes,A->G,2
chr3,94522587,94522798,CAACTGGCATTTTCTAGAATAGAAAATCTTTAAAAAAAATATTGGTAAATTAGTGGTGGGAAATGTGCTATGCCAGAGTTTCTCCTGCAGAGGATAGAGTGCTGCAGCAGCATAGTTACAAGGGAGGTCCACTCACCTGCTACCCTCATACAGGATCTTGCATTTGAACTTTCAGAGACAGGAGCTAAAATTTCTGGTCTTACAGTGGCAAC,"[[94522680, ""G"", [""A""]], [94522681, ""G"", [""T""]]]",yes,yes,G->A,2
chr22,16621821,16622201,TAAAGGTTTGAGCTGTTGATCAGAGTCCAAAATTAGTTTGTGTAGGGGAACTTTTCTTAAAGACATAAAAAGATACCATTTAATATATTGTTTCCAAAATATGTTTCTCACATATTTCCACTGTGAGAAAGAGGTTCTGTGGTCAAATAAGAAACCTCAGCACACTCTTAGAGAATCCCAGTTGTTGTCAGCAGCAAAAAAATGTATGTGATCAGTTTCTTAAACTTATTTAAATGTTTGAAAAGTTAGAAAATTGTGGCGAAGAGCATTCTTGAGTCTTGGGAGTGTATTACCTTGATGAGAATGTTTGTGTATTTGAAACTAAAAATGTGTATCAGTTTATATTGCCACATACTGATTTTTATGACATGATACATGGTG,"[[16621835, ""A"", [""G""]]]",yes,no,A->G,1
chrX,48613806,48614094,TCACACTCCAATCTGTGTGACCCATAAGTGTCCAAATTCCTGTCTGTGTGACCCCAGAAGTGTTCATATCACAGTCGATATGAGTATCTATACCTAGTCTGTCTGACCCCAGCATTTCCAAACTGCAGTCTGTGTGACTCATGGGGTTCACATCCCAGTCTGTTATCCCAAGTATGCCTACACCCAGCCTGTGTGACTCTCAGAGCATCGAAACCCGTTTGTGTGATCTCAGAAGAGTTCACATCCTATTCACAAAGGAGAGAATAGATATTCTTTCATTTCTGCTGCT,N,no,no,N,0
chrX,89546534,89546811,GCCAAGAGGTTAGCTCTGGGGAATAAGGTCGGGGGAAGGGGGGCGTGTAGTGGAGGGTAATGAGAATCTCAGCTGGGACTTAATGAGCAAACCCATACCTGATGGAGCAAGCTGCCTGAACTGCCTATTGCTGAGTCACCACCAGAGATCCAGGGGCCAACCCATCCCCTGCATCACACCAGTATGCAGCCGTGGGTGTGATGCAGGGGATGGGTCTACAGCCACAGTGGCAGCAGTAGAACTTTAGTGCAATGAAAATTAGTAGTGACAAAGAGGAG,N,no,no,N,0
chr11,95723376,95723797,ACAATACAGAAAAGGACAAAACCAAATAACTTCCCAGTGGAGAAGCCTGACAGATACTACCAAGCCAGATCAAGGTTAACATCAACAGTGATAAATCATATTGATACTGTGTACCATTGATATGTTGTAATGAGAATGGCATTTTACCTCTGTGGTCATCCTTTCCAAAACACATCACCCAGTCTAACCGCGGGGAAAAAAACCAGACAAACCTCAATTGTGGGATATTCAGCAAAATATCTGACTTATTCGTTTTTGTTGCTGCAACAGAATGCCTGAGACTGGGTAATTTATAATGAACAGAAATTTATTGGCTCACAGTTCTGGAGGCTAGGAAGTCCAAGATCGAGGGGCTGGCATCTGGCCAGGGCCTTCTTGCTGCATCTTCCCCTGGTGGAATAGTGAAGGTCAAGAGAGGGCAA,"[[95723428, ""A"", [""G""]], [95723565, ""A"", [""G""]]]",yes,yes,A->G,2
chr3,144275054,144275507,GATTGACACATATTCTATATGTTCCCCCAAATTTGCATGGATTCTGTCTTCTATGACAAAAGTGTCCACTTTTCTAATGCTTCCTGTGCCACCAGACCTAGAAGATATGGTAAGAAATAAGATCATGTGAATTTTCACCAGCAAAGACAAAATAAACCAAAACAGAAAATCAAAACCACAGATAAAAGAAAAAAAGAGAAACCACAAGAATCTTGTTCACATCTATTTGAAGAGGGTGGAGGCTACAATAACAACACATTTAAAATGCTTTTCAGGCACTTTTTCTGATTTCTCATTGTTTATGCTATTTGACTTCCCATGAGATTATCCTAATTTTTTCTGTCATAAGAATATCAAACAAGGTTGTTTCTGTTTTTGGTGTCACTTACCTGTTTTTTGCATTGAGTGACTCTGAGATATTTGCATCTAACCCACATTGTATTTTTAAATACAT,"[[144275075, ""A"", [""T""]]]",yes,no,A->T,1
chr8,94502703,94503059,TGGCTGGAACAGGGAAAATACAAGCTGATCCTGGAACACCTTGTAGTACTAGCAATAGGAAGTACTTAAAAAAATTTTTTTTAAGTCAGAGCTATGTAACAAACCGGAACGTTCTGCACATGTATCCCAGAACTTAAAGTAAAATTTTACAAATATATAAATTAAAAAAGTCAAGAGCATATGAAAAGGGCACAGAAGCCAACCTGAAAGATCCCTAGTGGCCAGAGTTGGAATAAGATGAACAACAAAATAAGTAAGGATAGTATTGAATTATATACAATGAAAAAAATTAATGTCTATGAATTCACACTGATATAAATATCTGGATAAACCAATGCAGGAGAAGCAACAACTCTT,"[[94502776, ""T"", [""A""]]]",yes,no,T->A,1
chr10,5043710,5043976,GGTCAGGTGTCAGAAATTTTATTAGCCCATTAAGCCACTTTACCCTGATTATCTGCACTCCTAAAACCTCCAGTTCTTTTATGAGAACTGGATCTGAGTGGAATGTACAGCAGAAGAAGAAGTTGAGCAATTCAATCTCCTGCTGAAGCTTGGCAAGGAACTGCAGAACTAACAGTAATGTGTATTTCCCCAGAGTAATCAGAGTCAATTACACCATTATGTACCTGAACACCTTTTAAATTTAAGCTTGAGTGACTGAGCAATAAA,"[[5043739, ""G"", [""T""]]]",yes,no,G->T,1
chr1,214012393,214012775,ATATTCTAGATCCACACAAAGCAGCATAGAGAATTCCCAGAAAGCAATATCCATTCAACAATGAAAGATGTGTGGCTATGAGTAAGGCATTTCTTTATGGGCTAATGTGGTGCCTCAGCAAACAGTTTTCATCACAACGTGATGACTCTCTGTGAGACAACACTAGCAAATCTCCCAGTACTCACAAAGGCATTTTGCTGAGCCCTGCTGGCTGAGGCAACAGTAGTTGGAGGTGGGAACATGGCAAGAATTCTGCAGGCTGAACTCCCTGATGATGAGATCAGACAGGCTGTGGCTTGACAAAGTTGGTCCATTTCTTGTATTATCTTGGCTAGATGCTGTGCCATCTTGAGGGTAGGAATTTTTTCTCCAACATCTGTGTG,"[[214012447, ""G"", [""T""]], [214012767, ""G"", [""A""]]]",yes,yes,G->A,2
chr14,86915514,86915754,CCAGATTTTTGTTTGGCAGCAAATGGAATTTTGACTTGGCAGAAAACTTGTGGTTAGCAAATATTTGGCATTCTGTAGAAGCCTCTTCAAATCAGCGAGAAAATAGAAAGCCAAAGAAGAGATTAGAAGTGGAGAGAGGCCTACCATTGTTTGACACTGGTTCTGAATTCATTTACATCATCAGTATGCATCCATTCCTCACTTGCTGAGTGACCATCGGCCTGTGAATTATCCAAGCCCA,"[[86915588, ""A"", [""G""]]]",yes,no,A->G,1
chr6,85269726,85269981,TCGTTTTGAAATTCTTATGAAAGGACCACTTTTTTAATGCCACTGAGAAGGGCTTGTAAACAATGAATGATCAGATGCAGAGTCTTCTGAGTCATCTGAACTCTTACCTAAAGAATTTCTATGCCTACAAACTCAACCCCAGGAGCATTTGCTGAACTTCCTCAAACTTATGATAACTAATCTCTGTCATCTTAAAACCCATGAACTTCAAGATAAATTCAATGTGTGTTTTTGATTAACTATCACTTAGCTTATC,"[[85269727, ""T"", [""C""]], [85269737, ""C"", [""T""]]]",yes,yes,C->T,2
chr19,4445328,4445621,GGCTCTGCCACGGGGCCCAATTCCACAGCTCCACGGCTGGCGCCCCTCCCGTGCCCATGGGGCAGAGCCAAGTATTTCCAGAGGTGGCTTGGAGGCCCTGGGGTGGCGGGGAGAGGAACAGGGAGAGCATGAGACAGACCCACAGGGCTGAGGCCAACCCTGCTTTTATTTCACAAGAGCTTCTCGATGGCTGACAGGAGCTCGGGTTTCAGGATGCAGTCCGGCTCGGCCCCCGCGGCCTTGATGTCCTCCAGCACACCCATGTCCCACGAGAAGGTCAGGAGGGCAGAGGGC,"[[4445544, ""G"", [""C""]], [4445586, ""G"", [""C""]]]",yes,yes,G->C,2
chr6,71904260,71904595,TGGAGATTATTGTGCAAGACGCTTATTAGGGAGTACTTTCAGGATCAACACCTGTGTGGGAAGGGAAGTCAACAGATTGGAAAGTAGGAGAAAGTGGGCTATAATACAAATACAGTAAGGCCTCAATGAGTCCCTTGGGAGTTCTGAGACTAGCTGGAATATCTTGCTTTGACCAGTCACTGGATTTAGGCTGCCTGGGGAAGAGGATCTAGCCTTAGGAGAGGTGGCTGGCTTCAGCAGAGGGCAATTTCAAAGGGAAGTCTGATAGCTAATAGCATCCTGACATCTGGAGGAGTAAGACCCCAGCCTCGCAATGGACATCTGGGCTTAGTGCAG,N,no,no,N,0
chr6,169144392,169144700,CTTTGGGATTAAAACACCTTAAGCAGAGTAAATGACAGAGCTGCACACATCTGCTGTTCCTGATTTATCTCAGTGCAGTGGGTACCTCCACATGGTTGAGATGCAGAATTCTTTACCAAGAGGTCATGCTGTCAAAGACAACATATGTTGTGCAGCTCTGCAAATAATTCTTCCAGCATTTGCTATTCACCAGGCAGAGGAGGCCAGTGATCTAGAAAGCATTTCCTACTAACTTCCTCAGCCTCATCCCTGCTCACCCATGCACATAAGCCCAGCCTTCCCTTCTCTATGGGTCCAGGTATTCAGGAA,"[[169144655, ""C"", [""A""]]]",yes,no,C->A,1
chr12,94401445,94401717,CTCAACAGACCAACCTGAAGAATACGTGCAGCATCATCTCTACTGATTAACCAGGAACACATGCAATTCCCTGGAGTGTTCTCATCCTGCTTCCTAACAGTACTCTATGAAAGCTGCTGGCATTCTGAATACCCAAGAAGAAACTCAGGCCACAAAGCAGAAAGATACAGGAGACACTAACAGGAAATTCGATAACAAGGAAAGCATGTCTCCTAAAATACCCAGCTCACCATAAATCTTTAGTTCAAAGATTTCTAAGCCAGTTTGTAAACC,"[[94401491, ""C"", [""T""]], [94401581, ""C"", [""G""]]]",yes,yes,C->T,2
chr7,35419148,35419517,GCTCTGTACAAGCCCCTCCCAGCCATCACAGACCCCGCAGGGCTCCCTGCACACCCACCATCACCTCCCGACCCCCGCCCACCCCCACGGTTGCCTTCTCCTCAAATGGACCTGGTCTTTGTTGTTCTAATTAGATTATCTCTGCCTTAGGGACCTAAAGGACCGTCTCTAGCAGCCCTGGCTGGAAAGGCAGGTCACATAATCCCTGTTATCAAGAGGCTTGTCATTTAGCATGTAGATCAACTAATTCTTTCAATACCAGGGGAATAATTGTGCATCTTAATATTGATTTTTTTGGAGATACAATCGCCTGCATTCCTGAATCAGACTCACTTACTGAAGCTAAAAGGTTCCACTCACTATATTATGA,"[[35419324, ""T"", [""C""]]]",yes,no,T->C,1
chr6,26902238,26902541,AAATTCATATGATAGGCCGGGCGCGGTGGCTCATGCCTATAATCCCAGCACTTTGGGAGGCCGAGGCGGGTGGATCACGAGGTCAGGAGATCGAGATCATCCCGGCTAACATGGTAAAACCCCGTCTCTACTAAAAATACAAAAAATTAGCCGGGCGCAGTGGCGGGCGCTTTAGTCCCAGCTACTCAGGAGGCTGACGCAGGAGAATGGCGTGAACCCAGGAGGCGGAGCTTGTAGAGAGCCGAGATTGTGCCACTGCACTCCAGCCTGGGTGACAGACAGAGCGAGACTCTGTCTCAAAAAA,"[[26902340, ""T"", [""C""]]]",yes,no,T->C,1
chr11,104529934,104530262,AATCAAAACCAATGAGTTAAAGTCCCTGAATGGTACCATTCCTTTATTTGGCAGGCACCTGGTAGCAGGTTGATTGTATTAGACCCCTCAATCTTACCTCTTGGAACTGTGCATTCTGCATTTGGATTGCCTGTCCCTGTTTGAAATCTTCTGCCAGCACTGACATCTGTGCACTTACACAATGCCTGACTTGCCATCATGCTATCACTCAGAATATAGCTTCTGACTCAGGAACACATGTCCAATAGTAAAAGTAAATGGAAAATTACAACAATCAAAAGAAAAGAAAGGTTACCATAATGGTTAATTTTATGTGTCAACTTGCCTTC,N,no,no,N,0
chr1,149300110,149300423,CAAGGACAGTGTGGTTACCTTCATTCATTTAATTAAACAAACACAGAGCATGTGCTAGGCATTGCTAAAATCTAGTGTAGAAATCCAGTGTTAAAATCTAGTGTGGAAAGCCAGGCAAGCATTCATCAAACCATAATACAAACCAGATCGGGTAAAGTGCTACACCAAGCAGAACATGAAGGAGGGAGTGATTAATTAAATTCCACCAGAAAAGTTTTTCTAAAGAAGGTAGCATCTGAGTAGAGTACTGAAGTATGCTAGCAATATAAAATTTTATCATACATTGGGATTGCAAAATACAGTGCTTTTATTTA,N,no,no,N,0
chr6,29892693,29893113,GGTGGCACTGCCATTAGAGAGCTGAAGGATGGGGGGTGGTGTTGGGATTGCCTATTATCTCCATATAATTCAGCAGTCTGTCCCTGAAGAAGCCTGATAAAGAATGAATGGAATTACTCCAGACTTGACCAAGTAGGAGTCCTGATTGCAGCTGCCATGCTGGCTGGATATCACTGCTTGGGGAGATTAATAAGGCCTCAGGCACATGGCAAACAGCCATGCATTTGGTGAGTGCATTCTTTCCCATTCCATTTAGAAAATGGATATGGAATGATTCACATTCACATGGGATTTATAATACATTTATTGATAGCTTGCCTCAGGGCTACTTTAACTCCTCAACCTTCTATAAATATCACCTTAAGAGATCTGGACAAATCAGACATCTCACAGAATACTAAATCTCTTCATTTCATTGGCA,"[[29892772, ""A"", [""G""]]]",yes,no,A->G,1
chr3,107849171,107849589,GGGGAAATTGTGAGGGCTTTGAGGAAAAACAAAATATTTGGGAAGAAGAATATTATAAGGGAAGCAAGGCTCCTCTGAGGACTGGAAGGGATTTCCCAGACTAGATGAGGAGGCCAAAGAGCAGAGGACAGGTGTTTCCTTCCTGTTAATACCTAGCTAGCCCTAGAGATGATCTTAGAATGAAGTGACAGATGAGAAAAGCTGACTGAGCCCAGGGACAGGAAGACCCCAGAGAGGGACTTCAGAGAGAATATAGGAAGAGGGGCTGTAGATAGCCTCACAGGAGCCTGTGCACCTCCAAGGAGGCATAGACACAGCAGGGAGATGGTGGGGCCTAAACGTGCCATTTGGACAGAAAGAAAGGATGTCACTTGCAGCCTGTTGTGGATCAACAACTGAGGGCAAGTGGATGCCCCAGC,"[[107849219, ""G"", [""A""]], [107849495, ""G"", [""A""]]]",yes,yes,G->A,2
chr4,71639345,71639629,AGGAGCTATGTGGAAAAATTTCAAGAATGGATTTAAGGGAGATTACAGTGTTACTATGACAGCAGAAAAACTTAGAACTTTGTGTGAAGTAGACTGGCCAGCATTAGAGATGGGTTGGCCATCAGAAGGAAGCCTGGACAGGTCCCTTGTTTCAGAGGTATGGCACAAGGTAACCTGTAAGCCAGGGCACCCAGACCAGTTCCCCTACATAGACGCTTGGTTACAGCTGGTTTTAGACGCCCCCCTACAGTGGTTGAGAGAACAGCAGCATAAGTGGCTGACAGA,"[[71639410, ""G"", [""A""]]]",yes,no,G->A,1
chr7,157224726,157224963,TCCTTTGAAGCTGTTCATGTGCCTTTACTAAACCCTCCCTGCACGTGCGTACACACACACACACACACTCTCTCTCTCTCTCTCTCTCCCACTCACTCACTCACTCACTCACATAATTCCTGAGCTCCCTCTACTGGATTTTTAACATCAAAAAATTATTTGAATTTTGTCAGAGATATTTCTACTAGTGTTAGTATACAGCTTTTTACAAAGCTGTTCTTTCCTCACTACCTAAGTT,"[[157224728, ""T"", [""C""]], [157224746, ""C"", [""G""]]]",yes,yes,T->C,2
chr11,133726280,133726657,TGTATTGACAAGCCAGAGTATTTGTTCTCAGTGTAAGAGCTGCCCTGCAACCACATTCAGAACTGTTTTCAGAGCCTGTGTCCTTAAATGTTCACAGTATTTTTATCGAACATTAGGAAAGCCCTTGGTAATTTGCAGCAATTTAGTATGCTTGCTTTGCTTTTAGAAAATCCACAGCAATTCAATAAACACCCAGTCACTGTGGCTGTTAACACACACACACTGTCTCTCTACAGCTGCCTGCCAGCTGTCACTCCAGGAAAGCGAGCCATCAGAGCCTCCCCTAACTCTGTGACCCTCACTGTATCCTCTCTTCTATCTAATGTGAAGAGCATCCCCAGAAAGCCATGTCTCCACACACACAGTCCCCATTCCCCT,"[[133726313, ""C"", [""T""]]]",yes,no,C->T,1
chr22,49497272,49497721,CACAGGAATGTGAACATTAAATACAAATAATAACATAATTTCAAAAATATTTTTAAGAACTGAAAGGATTACAGGGAAAATTTGGAAGATTCACAATCACCATGGGAGGGTCTTTGTAGCACAGTTCTTTCAGGAAATACAATCATATATTGCGTAACAATAGGAAGAGGGAGGGAGAAATGTGTCATTAGGTGATTCTGTCATTGTTTGCTCATCGTAGAGTATACTGACTCAAACCTAGATGGCATAGTCTCCTGTACGCCCAGGCTGTGTGGCAGATCCTATTGTTCCTAACCTACACACCTGTACAGCATGTACAGGTACTATAAGGGATACTGTAAGCAACTGTAACACAATGGTAAGTGTCTGTATATCTAAACATTTCTAAACATAGAAAAAGTACAGTCAAAATACGGTATTATAATCTTATGGGACCACCGTCACGTATGT,"[[49497400, ""G"", [""T""]], [49497531, ""G"", [""C""]]]",yes,yes,G->T,2
chr7,28595070,28595481,TGTGTTTTCCTCTATGCCTGCTACATAGTAATACAAGACCTTCACTTCTTAAAGCTAGGGTGAGCTTAATGTGGTATGGTGATTTTCCTCAACTTGCAATATTTCTCAGAAAAATCTTCCCTAGCCTTCCTAACAAAGTCATGCCCTGCTACTAGATAGTCTCATAGCAGCATGGATTTGTTCTTTGGTGGGTTGTGGTTTTATAAGTATGCGTGTAAATATTCAGTTAATGCCCATCACCCTCACTATGCCAGATGTTCCATCAGCTCAGGGATTGTGTCTGTTTTTTTTCCCTCCATTGTTTTTATAGAGCTCCGCATAGTGCCTGACATATAGTAGGTTCTTCATATATAAATGATGAATGATCAGTCAATGATCGAATTTGAAATGAAGTTTTAAATAGCTCAACATT,"[[28595353, ""G"", [""T""]], [28595369, ""C"", [""T""]]]",yes,yes,C->T,2
chr1,28340340,28340619,TAGCTATGAGCATGCTCACATTTGCCAACTATTGCAGGTTACTTTTCAGAATGTCTATAACATTTACTTTCCTATTGCTAGTGAACAAGAACTCATAGCCACATCCTCACCAGTTGGTGTGATGTGGCATGACCCGTCTTTCTAGTTTTTTCCAGTTTGATGGATGTAAAATGGCAGCTCTTGGTTGTTTTGATTTGCTTGTCTCTGGTTATAATTACATTTGAATCTTTTCATTTCTTTCTTTGTATGTAACAGTATATAGACTTTTTTAGTATGTGAA,"[[28340396, ""G"", [""A""]]]",yes,no,G->A,1
chr3,14042768,14043037,TCTAAAGGTATTGACTACTCCAAAGGCATATTTGGAGTCAGTGTAGATAGTTCCTTCTTGGTTATGTAGACATTTTAAAGCCTGATTTAGTACAAATAGCTCACATGTTTGAGCAGACCAGTCATTTGGCAATCTTCCTGATTCTGTTTCTGCCAGAGTTTTCCCATCAACTACTGAGTACCCGTTATGCCTCTTTCCTTCAACTACCCAAGAAGGACCATTTATGAAAAGATGCCTCCCTGTTTGGAAAGGAGTTTCACCTAATTTTTG,"[[14042831, ""T"", [""A""]]]",yes,no,T->A,1
chr17,48462981,48463240,GCACTCCAGCCTGGGGGATCAGAGTGAGACCCTGCCTCACAAAAAGAAAGAATAGAAAGAAAGAAATTCAGGACTACACCTTCAGAGAGAAGTCAGAACAGAAAACCGCTTGTGGTCATTGGACTCATGGAGGTGACAGGTATAGGAAGAGAAAAGCCAGAGACTGAAGCCAGCTTGGCACACTGCCTAGTTAGCAAGGGCAGGTGGGGGAAGCCGTGGCTGGTGAAAGGGATAGAGAAACAAAATCAGCAGAGGGTCTC,N,no,no,N,0
chr3,180836777,180837115,AACATCAGTTTTCACAGAATTCTGAAAAACTATTCTAAAATTCATATGAAACAAAATAAAAGAGGCCAAATAACCAAAGCAATACTAAGCAAAAAGAACAAAACCGGAGGCATCACATTACCTGACTTCATACTACAGTTTGAAGATGATAGTAACCAAAAACAACATAGTACTAGTACAAAAATAGACACATAGACCAATGGAACAGAATAGAAACCCCAGAAATAAAACCACATGCCTGCAACCAACTGATCTTTGACAAAGTTGACAATAACAAGCAATGGGGAAAAGACTCCCTATTCAATAAATGGTACTGAAAAATCTGGTTAACCATATGCA,"[[180836829, ""C"", [""A""]]]",yes,no,C->A,1
chr8,116011739,116012038,GTGCAGTGATTTGAAAATTATATTTATTGTTATTAATCAATCATCAACATAGTTCTGTATACAGCGAAAGTTACTTTTAATAATTTGCCTCTCAATGTTTTTCTAGTCCTTTGTCTCCCCTCCTGACGTCAATAGTAAAATGATCAGTCAGGCTGTTCAAATCAGTGGAGATTTAAAGCAATGTAGAAGAAACCCTGAAAAGGAAACTAAAACCTCCACACTCGCCCACCTGTGTTTCAGCTGCAAAGCTTCCAAGAAAAAAAATAGCAGAGAAAAAGAGACTAAGAGAGAGCACAGTGG,N,no,no,N,0
chr5,153081415,153081781,ATATACCATGAATAAATGAAATTCTTCCTTGTTTATGTCAAAGAAAAGAAAGAAATGTTGCTCTAATATATACATAGCTCAAAGATCCACTCTTAGGATTCTTCACCAGTGTACTTTCCCTGGGAAGAGGGCAACTATTGCGAAAGAACAAGAGATGTTGACATGAATCATCCTCAGCCCTGTTCGCAATGAATGTTCCCACTCCCCGTCATTACCCTATGTCAACCTGACAATGAAGCCATGGCAGCAGCACCTGACATTTTTATCATCCTCCCCGTTTATCCCAGCTGTTTTACAAACACCATCTCAGATCCTCATAACACCTGGCAAGGAGACAAGGAGTATTTATCTCTACTTGATCACCTCA,N,no,no,N,0
chr2,111997437,111997814,CCTTGGCCATCAGAAAAAGAGTCCAGGAGACAAAGTTTGGGTAAGTCTCCCAGCTAAAAATGTTTGCCCACTGGTATTGACAAGGTTGTTATACCAAGTGATTATGCCTTTCCTGTTGGGCCAGCTGCTTACATTGCTCCCAGATGGCTGCCCTGCCTTATGCATACCCTGGGCTCAGGCAGCTTCCTGACTTACACCATGGTCTACAGAAGCAGCTGCCAGCAAAAGCCAGGCCTGAAAAGGGTTCCTTTACAGAGAAGAGTATCAGTAGGCCTTTGCTACTCAAACTGGATTGCTGTTAAGTGAGGACTTTTATTAGAAGCCTTAAAAATAGGCCGAGTGCGGTGGCTCACACCTGTAATCCCAGCACTTTGGGAG,"[[111997632, ""G"", [""A""]]]",yes,no,G->A,1
chr3,193292409,193292836,CAGTAACTGTGGTAGACTGAATTGCTGGCTTCAGAGTGGTGGGGTGTACTTTGTCATCCCTTAATTTTGGGCTTCCCTGTGTGACTTTCTCTGGCCAAAGAGATGTTAGCATAGACTTCAAGCATGCTTGCGCAGCCGGGCTTGCCCTGTGGCTCTGCTTTCTGTGACTCACAATGAGAAAATACCAAATCTGTCCGTTCAACCTGGCCTCAGAATGAAAAATGTGGAGTAGACCTGAATCAAATCCAAAAGCATTAACCAAGATCAACTGATCTACATACTAGAGCAGACTGGCTCAGCTGAGCTGACCTAGATCAGCTAAATGACAATCAACTTACAAACCCATGAATGGGGAGAATAACTGCCTGATGGTATAAATGCTGAGTTTTGGGGGTGGGTTGTTATGCAGCATTATTGAGGCAATACCT,"[[193292457, ""T"", [""C""]], [193292540, ""A"", [""G""]], [193292570, ""T"", [""C""]], [193292696, ""G"", [""A""]]]",yes,yes,A->G,4
chr4,41784134,41784612,CATTTACTAGCAACGTCTTTGGAAGGCCTTTCAGCCCATTGTGTTATACAATACCCTATTGTGCATATGTAACCCAAACTAGTTTCAGGCTATTTTTACCATACACGCTTACATTGGTTTGAGCATTTTAATTGAATCAGACAAGCAACCAATAGCTAACTTGGTCAGTAACCAGTCATTCACTGAAAACAGTCGAACAGATTGTGTCTGTAGACACAGCCTCAATCTTTTTGTTAGCACAGCCATTTTGGTTTTCTCCACTTAATCTCATTAAGGGTACCCCCCTCCCTCCACCTGACATATGACTTTCTAGGTTTCCCTGGCTCAATGAATGTTTAAGTTTCCAATTACACGTCCCCAGATGCATTTGTTCTGCCTTAATTCTTTTTGTTCTTCCCCATCAATGTACTTAATATACTTTGATCCATTGTATTTTTCATTTGTCATAACTTGTTTTTATTTGGGTTTCCAGTTTAGGG,"[[41784147, ""T"", [""C""]], [41784197, ""T"", [""C""]]]",yes,yes,T->C,2
chr6,42461016,42461272,TGTAACCATTCTGACTACTGAATTCGTCAGCACATTATTAGACTATCCAGTTCACTTTCAAAAAAACAGCGTGGCTCTGATTCATTTGGATTCCACTCATAGTTCCTAGCTCAGAAATGGGCAGAGCTAGATTCACTCTTTATGATTTCCCTGAAAAATAAAGATTTTTCTACAAACATAAACAAGATTCCAGAGACACAACCTTCTTTTTCAAATTGAGGTAAAATATACAGAACACAAACTTAGCCATTTTAAAG,"[[42461041, ""C"", [""G""]]]",yes,no,C->G,1
chrX,96576399,96576746,TTATGTAACTATTCCCATATTGTTGTTGAACATTTAGCTTTTCTCTCTATCATAAACAATATTAAAAAGAATATTCTCATAGTTATTTTTGGGACACATCCTTGATTGTTTCCATAAGTTTCAAGAAATGGAAGTGCGACTCAGCTGTTGCCGTGCAGAGCAAGTCTGAGTCATTTCCAGTCCTTTGGACACTGGCATTGGTATTGAAAGCCCCTTTCTGTAGGAGTCAGTGCCAAAGCCTGGTTTGTCCTCCTGATCCTGGACCCACACTTTCACTGTTCTCTTTTTCTAATGACTCAAAAAAGGGTCAAGAAAATTAGTAGTGGAAGTTATGCAGGTTATGATACT,N,no,no,N,0
chr6,168593397,168593613,GCATCTTTCTAGAGGATCTCCGAGCTCCTCCTCCTTCCTGAGGCCTCACGGGCATCTTTCTAGAGGATGGCCGAGCTCCTCCTCCTTCCTGAGGCCTCACGGGCATCTTTCTAGAGGATCTCCGAGCTCCTCCTCCTTCCTGAGGCCTCACGGGCATCTTTCTAGAGGATCTCCGAGCTCCTCCTCCTTCCTGAGGCCTCACGGGCATCTTTCTAGA,N,no,no,N,0
chr3,152144198,152144693,CCATTTTAGCAACAAATTGTCCAACTGCCTATTCTAATTCCCTATTAAACTGCTACTCAGAAGATTATATCTCTCGGCCTATTGTTGGACATTATGAGCTGTAAAATGTGTTCCTTGGTCTGAAGAAATGTAACTTAGCAGTCCAAATTGGTGCAGTATCTTCTGTTCCAGTCCTTTTACAGTATTTTGAGCATTTGCACCTACCACTGAGCATGCAAAGCCTAGCCAGAGTGTCTATTCCTGTCAGGGCTCATTTGTAGTCTCCAGGGGCTACCAGCATCAGTCCTACTTGCCAGCTATGTGCAGGAGCTTCCCCCTGGGGACTCTGACCCAAAGCTGTTAACAGTCTCTGTCTTTCTTGTTGGCAGACTGGACAGTTCTTATTGTCAATTTCTTCCTCAGAGTATATAAAAGGAATATGTCTAAGATTTGGCAGATCTCTGCATTGCTGCAGCTCCACTGTCCACACATTTCATGGATCCAGGTGGCCTCCTCG,"[[152144377, ""T"", [""C""]]]",yes,no,T->C,1
chr22,50749294,50749664,CTTAGCAAATTTACAGTGGAAATGTGAAAAAATGAAAACGGTTCATCTTTAATATGTAGAAAACTGACCAAGAAACAGAAGTTAGCTTAATGGAGTTTACTCCAGAAACTCTATTCTTGGTAAAGAATCATCAGTGATCTAATTCTGGACACTACACATGGGTTTTTGCATGGGCATGTGCTTTCATGTCTCTCGGGTAAATACTTAGGGGTGGAATGACTGGATCATACGGTGGGTGTAAGTTTTGACATACAAATGCATCCCTGAAGCAATCACCACAACCCAGAGAGTGAACACGTCCGTCACTCCCTAAAGTTTCCTTGTGGCACTTTGCAATCCCTCCAGCCTGTCCCCTCTCCTGCCCCAGGCAA,"[[50749309, ""A"", [""G""]]]",yes,no,A->G,1
chr15,34603095,34603528,AAAAGATACTTAACATATTTAACATCTAATTTAGTTATTAGCAAGCAGATTCTTGAAAGATGAAATTAAGAGCTCTACATCTGCCTCTATGATCAGAGTCAGCAGTTTGAATGAGTTTCAGCCACAGTTGACGTAGACGGAGTGCTTTTTCTGCTAGGTGAGCATCCCGAAACACAAGGAAAACTGTGATGGTGAGGCAGAGCAGGCGTCATGCTGACAGCTGAGATGCTTGTGATACGTTCGCTGGCCCTGTGGTCTTGTTATTTGGTTATGTTGACATCAAAAGAGCACCCGTGAGATTCATCAGATTGACAGCGTGGTTGACACACAGCTACAGCTTTTATAAATATTTATATTAGGGCTCAAGGAAAAGGATAAATAAGTGCACATTGTTGGGTGCCGAGTAAATAGGAAGGTGCAGTTTAGGGAGATTA,"[[34603129, ""A"", [""T""]]]",yes,no,A->T,1
chr11,133828848,133829337,TATAGACAGTGAGAAGAACTTAATCTTGGTGGAGAGCCGGAGGCCAGGAAAAAAGAGGACACATTTCACAGAGGATGTGGCATTTGAGTTGACTGAGAAAAGGCATGTGGAATGGCATTCCCGCCTGAACAGCTGAAGACTTGGAGCCTAGGAAGAAGAAGGAGGCCACGGGGCAGGACCCACAGACTGTTTCAGAAGCATAGGCCTCATCTGTCTGGGATGGATTAGGTGAACTCAGAGATGTCATCTCGTCATCTAAAATAACTCTATGGAGTATGGCCTGAAGAGAATTCCATGCATCCAATCCCTGCACATTGGTGGCTTACTGAGGACAGGAGTATGTTTGTATTCCAAACCCAACTTACCCGTGCAAACCCTTGAGGCTCCTGGGGTTGGAACTGGGAGGGGTCTCAGATTCAGAGGCTTGGCAGGGAGGCAGCTGCTGCCTGCACTGTCACTTTCCCTCTCCTGTTGCGGAAAGGAAATGATA,"[[133828885, ""T"", [""C""]], [133829084, ""G"", [""A""]]]",yes,yes,G->A,2
chr2,151312379,151312871,GGTTAGGTACTTCCGCGTTTGGATACCTAGTTTTACCATCCTGACTGAACCATTATATAAACTCAGAAAAGCAAACCTAGTTGACCACACAGATCCTAAATCCTTTCCCCACTCCCCTTTCCATTCCTTAAAAAACAGCCCTAAAAGTTGCTCCCACACTGGCTCTCCCTAACTCATCACTCCGTTTTCATTACACACAGCTGAAGTGCAGGGCTGTGCGGTCGGAGTTCTTACACAAGAGCCAGGACCGCTCCCTGTAGGCTTTCTGTCCAAACAACTTGACCTTACTGTTTTAGCCTAGCCCTCATGTCTGCGTGTGGCAGCTGCCACTGCCTTAATACTTTTGGAGGCCCTCCAAATCACAAACCGTGCTCAACTCACTCTCTACAGCTCTCATAACTTTCAAAATCTATTTTCTTCCTCACACCTGACACATATACTTTCTGCTCCCCAATTCCTTCAGCTATACTCACTCTTTGTTGAGTCTCCCACA,"[[151312444, ""C"", [""G""]]]",yes,no,C->G,1
chr11,47716786,47716994,TGTTGTATTTACTGCCACATACTTGAGGGGAAATTCTCAAAATCAAGGATATGAACACCTGCTGCTGCCTGTATGCCACCTAGTGTGCGAAACGACCAAACTACCAGTTCTAGAACTTATGAGAACTACTCTAAAGAGTGTGGCCATCTATCAGCACGAGGTAAACCACTTAGACCTCAGCACTTCAGGGGTGGCCGACTAGAGAAAAG,"[[47716883, ""G"", [""A""]], [47716885, ""G"", [""A""]]]",yes,yes,G->A,2
chr19,18608460,18608810,TAGCACAGCACTGGAGGATATCCTGGAGCAGAGGTGACCCCCAGCCCTGCTTGTCCCCTCTGAAACATGGAGCCATAGTCCCACCTGCCAGGGGACCCAGAGGGTTAAGTGGAGGTGGCAGTCCTTGGCTGGAATTGAGTTTTTAGGATACTCACCACTACTCCCCCATGGCTCCTGTCTGCAGATGCTCTCTGTGTGGATAGAGACGCCTCACTCCCTCCTGGGAGGACTTCAGGCTTCTGGAGCAAAACCTTGATTTTTTCCTCCCTTCATTTCTGCTTCTCTTCCAATCATTTTGGTTTTGGGAAAGGGCTCTCCCATCCATCCAGGTGCTCAGGCCAGAGACCTGGA,"[[18608729, ""C"", [""T""]], [18608749, ""G"", [""A""]]]",yes,yes,G->A,2
chr12,110796970,110797345,GAAATGGAGACTCTCTATTCTGGACGTGGCAGGTTTGCTATGGCCATTGTACCTTCCAGCTGACATGTCAGTTAGCAGGTGGATAATGGTCAGGGGCTTAAGGTGAAGGCAGGGGAGGAGACTGATGAGTCATCCTATGAGTGATCCTTAAAGTCTCAAGACTGAGGAGATTGGGCAGGGAGTGAGTGAAGACAGTCCCCTTCCGGAGACAGGAGAGTGATGAAGATGGTTGTCACTCAGGGTGGAGGGCTGGCTTCCAGAATGGTGACTCGGTCGTCCGGGCGAAGAGGCTTAGGCCTGTAATCCTAGCAGTTCAGGAGGCTGAGGCAGGCAGATCACCTGAGGTCAGGACTTTGAGACCAGCCTGGCCAACATG,"[[110797027, ""G"", [""A""]], [110797065, ""A"", [""G""]], [110797306, ""T"", [""C""]]]",yes,yes,G->A,3
chr10,84743586,84743794,CACAGTCCAGCCCACCTTCTGTGGACTGCAGTCCCAAAGTTAATTCAGTTTTCAGAGTCTTTGCAATGTTATTTTTAGTTGTCCTGTGTGTGTGCCACCCAGTGGCCACTCTGAGACCTGGGCAATAATCTGTGAGTTCCATCCTTAAATTCTTTGCTGTATTGATTAAATCAGATCTACCCATGGTCAACTTTGGGGTGAGAACAGAA,N,no,no,N,0
chr3,127356604,127356846,CAAGTTCATAGTGCAAGCTGTTGGTGGATCTACCATTCTGGGGGCTGGAAGACAGTGGCCCTCTTCTCACAGCTCCACTAGGCAATGCTCCAGTGGGGACTCTGTGTTGGGGATCCAACCCCATATTTCCCTTCTGCACTGACCTAGCAGAGGTTTTTCATGAGGGCTACATCCCTGCAGCAAACTTCTGCCCGGACATCCAGGCATTTCCATACATCCTTTGAAATCTAGAGGGAAGTTCCC,"[[127356613, ""G"", [""A""]], [127356716, ""C"", [""A""]]]",yes,yes,G->A,2
chr3,80068435,80068776,GTATTTCTGTTTCTATTCTTTACAGATGCTTTATATTTTTTCTTCAGAAGGCAAGTTTAACCATGTGGAATAATGCTTACCTTCAGTTAGATTCTACCAGGTAGAAGATACTCTTGCTATTCAAAATACATACATTCTCAAATGGGGAAAAACTCCCAATACAACACAAACAAGAGATTCTTACCTCTTTCAATGTTTCTGTTTCTTTTTCAGTTCTATCATTAGCTTTTCCTTAAGTGCCATGATAATACGTGTAGGTTAACACATAAATACCTCATTATAGAAAACGAAACAGTATGCAAAAGGCATCAAAGCAAATCATCACCATCAATATAAGACAGA,"[[80068468, ""C"", [""T""]], [80068477, ""C"", [""T""]]]",yes,yes,C->T,2
chr13,42331040,42331328,GAGAACTTCAGCAAGGAAGGATTTACCTTGCTTCTTGGTGATTTTGAATCAGATTTATATAGTTATAATCATTACTATTATTATTTATTTGATGCAGTAAGTTGAGTATTGCAAAAAGAAGATGACTCAGCAATGCCCAGATGATAGAGGTCACCAAGGGATGAGCCACATTTCATGATGAAATGGTTTGCAAGGTAAGTTAAGGAAAAGCACAATAAAGCAGCTCATTTACTGACTTCATCTGTACTCATATGGCAGAATGAGCCACTCTGACCAACCCACCCATGGG,"[[42331048, ""T"", [""C""]]]",yes,no,T->C,1
chr8,140161878,140162370,CCCAGCGCAGCGGCATGGTGCAGAGACACACACAAAGAGGCCTGGTTGCAGGCAGACGGGCAGCCTCCCGCAGCCAAGCCCGAGTGTCCGGCAGAGAGGAGCCCTGAGCTGTCTTTCCCTGAAGGTGCCTCTGTGGACACAGCTGCCCGCAGCAGCCCCAGCAGACCGGTTAGGACACTAGTCCTGAGCTGTGACGCTATCTGTCTGCCTTGAGTTTCCGGCTTACCACTCTATTTCTGTAAATTATACTGAGCTGTACCGAGAGAATCCAGGCGAAACTGAGAATGAGTGAAATACTGAGGTTTCTCTTTCAAGAATGAGTGATTCAGGGGACAGCCACAGCCTGCCACCCTGCTTCTTCCCTCCCCTCCTGCCACTCCCTGAACTCACACTCAGCCTCATGCCTAGGCTCCGGCCCTACTGAACTGCTCGTGTTTGCCCCAAACCAGCACGTGGTGTCAGCCCCCTGCTTCTCCACATGCTGCTTGCGTGG,"[[140161883, ""A"", [""C""]]]",yes,no,A->C,1
chr4,171277031,171277343,CAAAGTAATCTCTAAAGCACCTTCTGGTTGAAGATTTTCATTCTATGAGACAATAACTAAGCATGTGAGTGATTCATTAATTATTTATTCTCGCTTGCTCTCATTCTCCCTCTCTTTCTCAGCCAAGCCATAATTCCTATGTAAAAGGCATATAATCTACAATGATTCACTAATTCAAGTCTGTCTGTCTGTCTGTTTCAAGGGTCATTATACTCTTCATTATTTAGAAGAAAAGTTGACTTTCCTTAAGTCTTTTGCTAAACCTGTCCTCTCTATAATAGGTTCTCAGCCAATTACATCTTTGCCTACAACA,"[[171277065, ""A"", [""T""]]]",yes,no,A->T,1
chr3,167772983,167773237,TATATATATTTCTCTGAAGTTTATCTGACACAACTAACTTTAACTTTTGGTAGTGCTTAAGACAAGAAGCAAATCAGAAGTTAAAAAACAAAAAGACTCCAACGTATTTGCCTGCATTTCATCATGACTGTTCTGAGAACTTTCAGTGGTTACCTAAGGAGAGGGACACATCCTAACTATACCAGGGCAGTGAATGCTATTGCTCACAATGTAAGATCCATTAATTACACTCCCCATTCTACCTGTCCAATGATG,"[[167773086, ""A"", [""G""]], [167773112, ""A"", [""G""]]]",yes,yes,A->G,2
chr11,3519801,3520030,GACTTCCTGCAGGGTTGGGCAAAAAGAGCCATATGTTTCTCCTTGCACAGAGTCTATAAATGAACGTGCAAGTAGGACAGATATTGCTAAATTCTTTTCCTAGCAAGGAATATTAATATTAATACCCTGGGAAAGGAATGCATTCCTGGGGGGAGGTCTATAAATGGCCGCTCTGGGAATGTCTGTCTTATTCAGTTGAGATAAGGACAGAGATACGCCCTGGTCTCCTG,N,no,no,N,0
chr3,161142533,161142911,ACAATTTCTGACTTCCTGTCTTGAATTTCCCTTTTTCTGAGCTACCTTTGGAGATTCTAGATCTTGTAAAAACTGCTTACCACCTCTCGGAAAATACTTCATACACCCATGATTAAGTCATAACCTTACTTAAGGCTTGTTGGCTTCATCTGGCAACTTATAAAGTTCAGAAGCCAGAAATATTGGCTGTTTGTCTTGGCTGGAGTCTGGTACTAAGATATTTGGTTAAAAGTCAGCTTAATTAAAAGCAGATATCCAAGCTGCATACATATTCAAATGGCTTTTTTTTTTTCTTCTCTTCTTGGATCTTGTTTTTCTGGAAAAAAGTTTTTTTCTTCTCAGTCGACTGAATTATTTTTCTCCACTTTGTCTTCTTGTC,"[[161142661, ""G"", [""C""]], [161142877, ""A"", [""G""]]]",yes,yes,A->G,2
chr2,142049157,142049361,TAGTACTAAGTGCATGAACAATCAATCCAGAGAAGACAGATCGTCAACAAAGCATTTCACAGAAAACCTTGTACTTTCCATATGTTGTTATATGCAATGCATGAAGTTTTCTGCTAGCACAGAGATTAAAAAATAAAAGCACACATCATATTTGTCTGAATTTTTCTTTTCTTTCCACTACTCTTATGTCTTGCTTACATCCACT,"[[142049198, ""G"", [""C""]], [142049344, ""A"", [""G""]]]",yes,yes,G->C,2
chr10,82092183,82092470,CATGGCATCTCAGGGTCAACAAGTATCTTGGCTTATGTTGCACAGCTTGTAAGTGGCAGAAACCTGATGCAAATTAGTTCTGCCTGACTTCAAAGCATTTGGCTGTTAACTGCTATGCCATGTTGTCTAATGCGTGGCTTGTTGCCTAATAGCCTGTCAATATATGTTAAAAATACATTATCCCCACCCTCAACTGAACCCACACACACACACGCACACACACATGCACATGCACATTCCTCAACTTTCAAGCACCATTTTCATCCTAGTATAAAATGATACCCACCC,"[[82092357, ""C"", [""A""]]]",yes,no,C->A,1
chr11,17578995,17579363,AAAACTGTGTCATTCCCAGGTCCCCAGAACCCTGCCATTAAAGCCGTGAGAGCTGCGTGAGTCAGGCTCTGTGGGCATGCCTTGTGTGGGCTCTGTACACCGACGTGGCCCAGGGCCTGACACCCAGCTCTGCCCATTCTCATTCCCAGGTCTGGGCTGAGAAGACAGCTGGCACCTTATCCCATGGCTTGGCAACAGCCGGCTGTGCCCTTCAGCTTATGCAGAGATTAGTGGTCACCCGGGAGTCGTGGCCCAGGCGTGAAAGCCAAGGAAAATGACATGGGGGTCAGGGCTTCTAGGGTAGGAAGGGGAGGGGACAGTCAGTTGGAGCTTTACTGCTTCTAAGACACTTTCATGTTATTACCTCCT,"[[17579003, ""C"", [""G""]], [17579262, ""T"", [""A""]], [17579266, ""G"", [""A""]]]",yes,yes,C->G,3
chr3,150936803,150937010,CACTACCCAGCACCTAGCCACATTGGCCTTCTTTCGGTTCCTACAACAAGCAGACCTCTTTCCCTAGAGTCTTCAGTGTGCTTTCTCTTCTACTTGGGACGTTCTGTGAAGGTTCTCAGTTCCTTCTTAGCTTTAGAACTCAGCTATTGGAGCAGTCTTCCCTGACCACCATCTCAAAGCCAGATCTCTGCTATCTTTCTCTTTCATA,N,no,no,N,0
chr7,120337367,120337650,TAAGATGTATGTAAAAACATCAGGGCCTAGCAAAGATTTTGTTTAGTGAGCCTCTGTCAGCTCAGAGAGTATATAGTGGAGCAGTGTGGAATATTAGAACATTGCCACTAGGGGCAGGAGACCTGGGTTCTGTTAATGAGTAGGTATTTTTAAGACTTTCACTTCTATTTCTCCATTATCAAAACCAGGAGATTGTAATAGACTACAGTAAATTCTCTTCCCATTCTAAAGTCATATATCTGTAACTTTAACTTTCTAGATCAAGAAACTAATAGGTGTATGTG,N,no,no,N,0
chr4,130850049,130850533,CAGCTGCAGCATTCCCACCCACAGAAAAACACACCAATAGATTGTCTCAAAGAGATTAATCTACAACCCAGCCATTGTTGAAATGGTGCCAACCCACCCTCCAGGCAGACAACTCAGGATAGCCACTGAGACAAGACATATAGGCCCCCTACCTTGTACCGCCCCCTCATGCTCTCGTGCCAAGTTTCCCTTCTTAAATCCCTTCACCCAGCCTAAAATTTGAGATGGCTTATGGGAGGCATCAGCCCCACGATTTCTTCGCTTGCTGGCATTTGTTCAATAAAGCTGCTTTCCTTTCACTGTACCTTTCACACACTTCTTGTATGGCTTCCAAGTAGCAAGCAGCCAAACTTGGATCAGTTACAAGTTTGCTGCCCCATGTGAGGAGCTGTGTGTTTCAAATGTTTTAGCCTGTCCTCCTGGTTTCCAACCAGCAGAGGAATTGGCCATAGCAGCATGTCAGGGCTTACCTGCTCAAGATACCA,"[[130850146, ""A"", [""C""]], [130850428, ""C"", [""T""]], [130850476, ""T"", [""C""]]]",yes,yes,A->C,3
chr10,9158679,9159079,CTTAAGGAACTCTGTTTATTTTTAAAAGAAACGGGAAAATACCACTGCCCACTGTGCACAATTGAAGAGCCATTTAGATAACTGATTCAGAAGTACAGAAAAGCTTATGGAATGACAAAGACATCAGAGGACGGAAATTTGGGAGCCCTTGATAGCCTGCCAAGTTTGAATTGTAGCTACTCTGCTTACTAGCTGGGGAATCATGTGAAGTTTTCACCCTCACCACACCTTAGGTGAGTCATCCATAACATGGGAATAATATTGAATCATCTGTCTTATAGGGTTGCTGTATTAAAAGAGGTGACATATGTTAAAAAAAAAAAGAGCAATAAATATAGAGTAATTCTCAATGAACACTAGATGACTATCGTATACTTGTAAACTGCTAGGGGAGTAGATTG,"[[9158705, ""G"", [""A""]]]",yes,no,G->A,1
chr11,78737865,78738307,CCATATCTTCTAACCCTCAAAACCAATCTGTGAGATAAACAGCATTAGGACCATTTAACAGCTGAAGCCAAGACACAGAGAGGTAAGGAGAATTATCCTAGGACACACAGCAGGTGGGAGAGCTAGGGCCATTAAGGAAGTTTTATTTCATTCTGCTGATGGTTCTTGGAGGAATTCAAAGGTCAGAATTCTGTCATCACCCAAATGGCTTGCATAGATCTAAGCAGCTGCAGGATGGAAACCACATAACAGGAATGGCTGAGATTTCTCAAGCTGTCTGTTCTGCAGAAAGTGGTTCGCATGACTGTTTTATATCATAAGTCATGGAGCAGGATATGTATAAGGTACCCTCTCCTTACTCTGAGAACCAAATGAGAAGAAACTGCTAAATCTAGAGTCAAAGGGACATAGGCCAGAGTTAGGTACAAGGTCATACAATTAGT,"[[78737926, ""A"", [""C""]], [78738076, ""A"", [""G""]]]",yes,yes,A->C,2
chr11,106234877,106235215,AAGTGCTTCTGTGTTCTGAGTTCATTATTTGCTTTTTCCTGTGCTACTTTTTTTCACAGGTGCTCAGTGATTGTTATTTGTAGTTTATCTTCACAGAAAGGTTTCTTCAGCACATGTCCAAGAACCCAGAAATGGTCTCAGGAGGGCTTAGCATTTAACACATGGGGCGTGACTTCAACTAAGCTTGGGTAAGTTTCTAACTTGAGGTTTCTGACCCTTAAAAAGTGTAAGTTTTTAAGGACAGGTGATTTCCTTGAACTTGGCTCACATTCTTTCATTGCTGGGTGGTAATTCGCTTGACCTGGCTTCACCCAGTTGGTACCATCTTTGCCATCTGGG,"[[106234900, ""G"", [""A""]]]",yes,no,G->A,1
chr12,75906027,75906300,CTAATCACAGAAACTCTACAACTAGACTCTGGCTAAACAGAACATAAATTATACTGAAATCAATAAAGACAGGGTGAGCAAAAAGCCTTTGTCATGATTAAGAGTGTATGCACTTTCAGTTACATATCTGGGTTAAATGCCAACTCCTCCATTTGCTGTCTATATAACCCTAGGCAACTACTTCCACATGTCTAAGCTTTTCACACATAAAACAGATTTATAGGCCAGACACAGTGGCTCACACTTGTAATCCCAACACTTTGGGAGGCTGAGG,"[[75906142, ""G"", [""T""]]]",yes,no,G->T,1
chr12,113189326,113189825,ATTGCCAGTTCTGTAGACAAGGCAGGGTCAGGTGGAGATTAGCAACACTGATACCTACAACATGGCTGAAAACACTGAGGTAAAGATAGGCTGCATTAGGAAGTATGGTGTCCATGAAAAGGGAGGTGACAACTCCTTGCTCACCTGGAGGGTGGAATTTTCTTCTGGATGCCAACAGGTAGAGGGTGTCAAGCGAGGGGTTGCATAAGAGGTAGAGAAGTTATTGAGCAAAAACCTTGGCACCAGACATATACAGGCATTAGCCAATGTGGTTTGAGCAGCTAAACCAAGTGGCAAAAGCTTGCCCTTTCAAAGACTTGCAGTTTGGGGATAGAAGCACTTTCAGTCCTGGCCAAAAAAACTATGGGCGTGGAATCTTGCAGGTATGCCGTGAATATCTGTTGAATAAAAAAAAAAAAAAAAAAAAAGGCCAGACAGGCTGACTCAGGCCTGTAGTCCCAGCACTTTGGGAGGCTGAGGTGGGAGGATCGCTTGAGCTC,"[[113189519, ""T"", [""C""]]]",yes,no,T->C,1
chr7,148368809,148369028,CAGACTGAGACAGAACAGACCAGGAATTTTCACAGTGTCTTTCTATACAATGTCTGGAGTCTATAGATAACATCAGTTGCTAGGTCAGGGGTCGAATTTTAACTACCAGGCTTAGGTCAGGCGGGCCCAGGCCTGGTTTCGGGTCTGGTTCCTAGGCACTGGGCTACCTGCCTTTAGTTTCGCTTCTCTTTCCTTTTCTGATTATAGAACAATATAAAAC,"[[148368835, ""G"", [""T""]]]",yes,no,G->T,1
chr9,23058321,23058605,GAAGTGGAAGAAGTCACACATAAAAGGCCACATATTGTATGATTCTATTGACATGAAATGTCCAAGTGACACAAATCCCTAGGGATGGAATGTAGATTATTGGTTTTCAGGAAACTGTTGCAAAAGAAAGGTGGAATAACTGCTATTTGGCAGGAGGTTTCATTTTTAGGTGTTGAAATTTCTTAGAATTTTTAGTAGTAAAAGTTGCATAACTCTGTGAATTTACTAAAAACACTGAATTGAATAAAGAGATAAATTTTATGGCCTGTTAAATATATTTCAACG,"[[23058327, ""A"", [""G""]]]",yes,no,A->G,1
chr9,28841847,28842133,ACAACCTAGATAAGAACAAAGGACACCATACTAATATCTTGAGAGCTAATAAAAACCGCCTTCCTCATTTAGATAATCTGTTGTATAAATGAGGTTTGGGGGTAGGAGGGCATTCTATTGAATCATGTGTCTTGTGGTTTAACTATACTGAAAACACTTCCTACTTCTCATGATATTCTAGGACACTTCTTGTAGGCACTCCCTATGTGGACATATGAAACTGAACTAAGACAAATGAAACTGAACTAAGAAAGTAAATGGTGGTCCAGACCAACTGACAGTTTGAC,"[[28841869, ""G"", [""A""]]]",yes,no,G->A,1
chr6,2056008,2056284,TGTCATAAATGAATGTAAGACATCATCAATGTAAGATAAGATTTTATTTTATGCACCACACAGAAAGAAAGAATGTTGCCAACTGAACCCAAACATTCTATTGCTTGTATGTCACCAAATAAGAAACATATGTCTCCTGATTCCAGAGGTAATAACAAGTACATCTTATTAAATAAGACACATATAACTCCTTCAATTATCACAAATTAAGCTCTACAAGATAGATACTATTATCCCTAATTTTCAAGTGAAGAAATTGAGGTCCACAAAGTTAAGT,"[[2056097, ""A"", [""C""]], [2056108, ""C"", [""T""]]]",yes,yes,C->T,2
chr6,131615219,131615657,CAATTTCAAGCCCCGACCATACACGTATTCTCTAAATGGAATCAGTGGCTACAAAGCGGCCAGCGTATCGTTAGTCACAATACAACAGTAAGGTTGTGAACATACCTGAGCAATGTTCAAGGTCTAGAGCATTGGAGGATGGGCAGGACAAGACAGGACAGAACAAAAATAAAGGAAGAAAAAAAGAAAAGACAAAACAGTGACTATGAGGCCAGCCTCAAGGAACCCAGAGTCAGCACAAACCCTCCCACATGTTAAACCACCAAAAACAAGCAAACACACACCAAAAAAAAAAAAAAAAAAAAAAAAAAAAAAAATCAGCAAGAAGGCCACGCTGAAGATACCAAGGGTTATATAAAAATAGACACCCAAACAACAAAAAAAGTCAAAAATTATGGTTGAGTCATGTGTAGGTTTCTCTGGCAAAAGGTATACTTGA,N,no,no,N,0
chr5,166240751,166241179,TTTGCTACAGCATGGATGAACCTTAAGGACATTATGCTAAGGAAAATAAGTCAGTCACAAAAAGACACTGTATGATTCCACTTATACGAGATACTTAGAATAGTCAAAATCATACAGATAGAAAGTAGAATGGTGGTTTGCAGGGTCTGTGGGAGAATGGATTGAGAAGCTCTTGTTTAATGGGTATAGAGTTTCAGTTTTGCAAGATGAAAAGTGTTCTGTACACAGATGATGCTGATGCTTGCACATTCATGTGAATGTACTTAATGCTATTGAACAGCACACTTAAAAATGGTTGATGGTAAACTTTATATATATTTTACTACAATTTTAAAAATTTAAAAAAAAGGAAAGCACAAATGTTGTATCTATTTTTATAAAAGAAACTAAGTCTTTAAGGAGGCAGAGGAATTACTTATATCATACGGT,"[[166240760, ""A"", [""G""]]]",yes,no,A->G,1
chr18,44038357,44038556,CCATTAACTGTTAGAAATCCCCTAGAATCCATGACCACAGTTCCCATTGACATGATGCCGTAACCTGACCCAGGCCTTAGGAGAGAGGGCATAGTGTATTTGTACCACCTCCCCAGAGACCAAATGAATGGCTCAGTGTCTATTAAGATGTGGAGTAGCTAAAGGAAACTGGAAGGGAAATCAGAAGCTGAGCTGATGGG,"[[44038407, ""T"", [""C""]]]",yes,no,T->C,1
chr8,132362717,132362955,TGAGAAAGCAGAAATCAAATGAGTGCAAAGACAGGCAGGCTTGAAGGGCATGTGGTCTTTAGAGGCAAGGAAGAGTCACAGCTGGTAGGAAAGCAGATGTATTGAGCTGGGAAATGACAAGAGGCCAGAGGATTTGTGACCATGTGAATAAGTCTTGTAATGGGGCGAGGGCGGCGTGGGTTGTAAACAGGGAGCAACACAGTGTACATCTGAGTTCCTAAGGCTAGCGGGAAGGAGAG,"[[132362750, ""A"", [""G""]], [132362944, ""A"", [""C""]]]",yes,yes,A->G,2
chr7,152860392,152860655,TGTCTAAGGCTGCCGCCTGCCTGTGTCTGCTGTGCCGCCAGCCAGAGGCCGGTGGAGCAATCACCCTGCAGAATCCTTGAAGATGTGCCTGTGTTTTATGGCAGTCGTAGCTCATTCCACAGCTTTACTCATATGAATAATGAGCTCTCGTGTGACTGAAGTGCAGATCGTTCGGTGATTAATTCGTTCTTTATGATCCCTCCTTTATATCTCATTTGTAGAAATTACGATTGTGCCAGAGAGGCTTGTGGGGTTAATCAAGTG,"[[152860415, ""C"", [""T""]], [152860632, ""C"", [""G""]]]",yes,yes,C->T,2
chr18,23515426,23515755,AGCTGTAATAAGTACAAGTGAGAATGTTCATTTCACTTAGTGGGTTTCTTCTGCTTTTTATTCTCAGAGCGCACTGTAAGGATCTTCTGACAGTTTGCTGTTATTGATTTATTTATTAATTGAGACTGAATCTCGCTCTGTCACTCACGCTGGAGTGTGATGGTGCAATCTTGACTCACTGCAACCTCTGCCTCCTGGGTTCATTCAAGCAATTCTTGTGCCTCAGCCTTCTGAGTAGCTGGAATTACAGGCATGTGCCACCACGCCTGGCTAATTTTTGTATTTTTAGTAGAGATGGGGTTTTACCATTTTGTCCAGGCTGGTCTCGAA,N,no,no,N,0
chr12,132118958,132119227,GCTGCCCCAGCCGGGGTCCGCGCTACAGCGTCTTTGCAGGTCTCCCAGCAGCAGGCGACAGAGCCACAAGCACAGCCCTCAGTCCAGGGAAGGACCCAGCAGCCAATCGCAGCGCCGCCACCTTTCCTGCCAGGCCGGCGCTCGCCACCAGGCAGGCTGTTTAGCTTGCGCTCCACCTCCCCACCCAGGAGCAGGCAGCTCCCCAGGCCCGCCAGCCTCTGCCTGCGGCACCATCCCAGGTACCCAAAGGGGCTGCCCTCCAAACCCGGG,"[[132118982, ""G"", [""A""]], [132119034, ""T"", [""C""]]]",yes,yes,T->C,2
chr1,211781179,211781666,TCTAAACAGGTAGAATGAAAAGCTTTCAGGTAGGATTAAAAAATAAACTACTCTGCTTTAGTTATAAACTAGTTCTCTGTAAAAGAAAACAACCATTTTTCTTCACTATTATGCAGTCAGTATAACAACTGCCCCTACAGTTGAGATCTAGACCACTACAGGGTATTGACTGGGTGGAACTATTTTAAAACAGCAGTCTTTATTAGTGCAACTAATCCTGTTTGGAAGACATTTGCCTTCAAGCTTTGGCTCGGCTGCCATTGCCACAGTGTCTCTCCAGTAGTGAAACTATTCTGAACTTTCCTTTTCTATTAAAAGACTCTTTCAATTTGTCTTTTTAATAGATGATGAAAGATTAAGAGAGCTGACTGCCAAGCAGCTGCTTGGGAAAAACAAATAAAAGGAAAACTCAGTTAAATCTGAGTTAAATCACAGACATTATTTCTACGTCTGGTCCTGATTGCCACTTAAAAACACATTGTTTCTGA,"[[211781318, ""T"", [""G""]], [211781366, ""G"", [""A""]]]",yes,yes,G->A,2
chr7,145831754,145831996,CTTTAAGTCTGTGAGGCAGAAGGGAAAAGAAATGTAAAGTGGCCATCAGCAAGGACAACCTGGAAGCCACCTGCACCAGCTGAAACTCACAAGGGGTAACTGAAACGCCTCTCAGTTTTCAAAGCCTCTAACTTTGATGATGTGAATGATCTGCAGAAGAAGCTGGAACCCTTCCTTCATCAAGGAGCTAAACATGCACCTCGCCCAAGCATCAGAGCGGCTGACTGGGGATCCAGGGAAAGG,N,no,no,N,0
chr6,64476065,64476389,ACAAGTGTAAGCCACTGTTCCCAGGTTTGTTCTGACTTTTCTATTTTTTAAAAAAGAAAATCATTAGGCCATTCAGCCCAGGGAGCTTTTAATTAGCAATCCTGGACAACAATAGTTAATTCCTCCTCACTGCCATCTGTGCATGCTGCCCTCCTGTCCCTGGTGCCTTTACTTGTAGTTAACTATTCGCATGTCTGTCTTTATATTGCATGCTTCTATAGCATGAGTCACATTTCAGATGCTCCCTGAAGGTCTGCTACATTAACATGTGAATAAATAACATAAAAAGAAGTGATGTATTAATATTATTTTTTGAAGTAAGCTA,"[[64476068, ""G"", [""A""]], [64476113, ""A"", [""T""]]]",yes,yes,A->T,2
chr16,17766011,17766371,TACTTTGGGAGAAAACACATTATTCTGAAACGACCTCAATCAATGCTAGCTTTGGATGTTTATAGAGGTTCCATGACAGAATCAGTAAACAAAGAAGCAGGTAAATTTAACACATTTAGTAATTATTCCTGGGAGTATGGCCTTACCACTGCAAGTGTTGGTTACCATGATAAATGAAACCTGTAAAGCTACTTGAAAATGAAACAGACTAAGAGCTTGTATTTTGTAGTCAATAAGCAGATGTACACAGAACAGATGTTTTTTTAAAAAGCTGTTCATCATATGAAAAAAAGCTCATCATCACTGGTCATTAGAGAAATGCAAATCAAAACCACAATGAAATACCACCTCATGCCAGTTA,"[[17766080, ""C"", [""T""]], [17766084, ""C"", [""T""]]]",yes,yes,C->T,2
chr5,125080757,125081087,CAAGACCCTTGAAAAAACAGAGGAAACTTTCCTCTTGAAAGCTAGAACTGACACCTCTATGGCAGCATAGAGAATGCTTGCCTCTTTGAGCTTTTGCTGTCCTGCGTGCTGCTATCAGTATGTATTGATTGCAAAAATTGATAATTCTCTAGGGAGAACTTGGACCAAAAGAAAGGAATTAGTTTCCAGCTCTGAGGTTTAGTTTAAAGAGAAAAACCCAAGCAAACTAATAAAGAACAAAACTCTTATTCCCTTTGGTTGCCCCAAAGGAATTGACCAGAAGTACATACATTTGGGCATTATTTGAAGTTTTCTGTGTAATTATTTCACA,"[[125080837, ""T"", [""C""]]]",yes,no,T->C,1
chr16,87274813,87275136,CTGTGTGTGTAAAGAGAGAGAGACAGATTTTTAGGAACTCCTCATATAACTGTGGAGGCTGGTAAGTCTGAAATGTGCAGGGCAAGCCGGCAGGCTGGAAACCCAGGCAGGAGCTGATGCTATGGTCTTGAGGCAGAATTCCTCCCTCCCAGAAATACCTCGGAGTTTGCTCATAAGGTCCTCCCCTGATTGGATAAGGCCCACCCACACTGTCAAGGGTAATCTGCTTCCCTTGAGGTCAGCTGATGGGAGAGGCTGACCACATCCACCAGCACCTTCTCAGCAGCACCCAGATGGGTGTCTGACTGGACCATTGGGCACGGG,"[[87274850, ""T"", [""C""]]]",yes,no,T->C,1
chr21,9018169,9018413,CATCTTGATTTCATTGGCCCATCTGTGGGCTGGGAGGCCAGCTGGCGGTGTGGCCAGCTGGGAGGTAGGAGGACTCTTGGGGAAGGGAGAGTCACCTGCATGAACTCAGGGCTAGAGGGCTGTGGCTCTGGGACACACAGGGTGGCCAGGGGGAGGCTGCAGCGCCCTCTGCTGTTGGGAATGAAAGGTGTCTGCCTTGAAATGAAAGGGTCCCTGTTCAGTTCTGGGTTCCTGTGGGACCCTCA,"[[9018370, ""G"", [""A""]]]",yes,no,G->A,1
chr2,30971292,30971717,CAAATACGTTGATAATTTATTAAAGATGCAGTGTTTTACTGGAAGAAGAGCCAGTGAGCGGGAAAGATTGGGGGCGGGGTGTGGGGGACACCGAAGAGTCTCCATGAGCCAGGAGGAGACTCTGGTCTCAGCCTCACCTCCTGGGGAAACAGAATCCCGGGATCTCTATACGTGATGGCCACAGCAGCTCATGAGGAAGGCATGCTTTTCTAAGCTGATCGCTGACATGCTGTTTCTTTCTCTTCCATTTTTAATGAATGACTCAGTGAAGACTCTCAATTTTCCCCAACTTGAACTGGGGCTCCAAGGGCTTCCTGCACTGCCAGGCTCTGGAGCATTCAGTGCCACTTACTGTCCGAAAATGCTTCCAGGAAAGTGCTCTGAGATGCTAACCCCAGGGTCTGGGGAGGAGTGGCCCCTCTTTCC,"[[30971295, ""G"", [""A""]]]",yes,no,G->A,1
chr18,45275610,45275904,AGTATATGTAAAGAACTTAAAATTTTGCATGCTTATTTAAGGTGCTCCAAAAAAGTGACTTCCCCTGAAAGTACTATGCCTGCAGTTCTGTTCTCTACCACTAGGTGGAAGTAGTCTCATTAAAGAGAGTAATAGATTTCATCTCTTTTTTTACTAATAAAGTGATCAGTTGTTTACTATTTGGAGATCAAAATCCCTGTCTTCACTGAGCTTACATTTCAATGAGGGAGATAGATAACTTTTTTAAAAAATAAATCAATGCAAAATATGCAGGTCATTGAGAAATGCTAAGAAG,"[[45275634, ""G"", [""T""]]]",yes,no,G->T,1
chr7,82345874,82346267,TATATATTCAGATAATAATACATACAAGTGAAGACTGCTCTTGTCCTCCACTACTGGTTCTGTCCCCTTCCATTGTGACAGAATTTTAGTGGGGCACATGGCTGCTCAGAAAAAGGCTCCACTTCTTTGACACTTTTTGAGTTAGATGTGACTAAGTTCTAACCACTGGAATGTGAGCAAAATGTCTTACTCTTAAATGACTGGATATCTTCTCTCCAAATCTCTTTCCCTTTACATGACAGCTGGGAAAGAAGAGCAACTGGAAGAATCATTTTGCACCCAGGCATGGAAGCCCCATGCTAAGGATGGCAGAGTCACCCTGCCAGTCCTAGATGGCTTACCTCTCAACTGCTATGTGGCAGAAAAATACATGTTTAGCTTGTATCTTTGTCAT,"[[82345927, ""T"", [""C""]]]",yes,no,T->C,1
chr6,75546390,75546787,TCCCTTCCAATGTGGCAGCAAATGCAATTTAACCTAAAAATATCACAGGAAGACTAAAAGAACATTTGCTCTCCTTAGTTACTTCATGCAGAACATAGTTATGTACTAAGAAATTATTTAAACAAAGAGTAAAATGCTTAAAGCTCACAGATAACTCCCACGAGATTTCCCAAGTGCACTAATATATTCAAATAGTACAACTCTGACACCAAGTGGTAAAAAAAAGTATAAGCTCTTTGAATAAACAATACTGCAGATGGTATTATTATGGGTAGACCAAAAATTTTACAGCCTTTCAATCAGTGATATTGTCTTAGCTCATTTTTTGTTGCTTATAACAGAATGCCTGAAACTGGTATTCTAAACACCATATGATTTATAGAGAAGAGGAATTTCCT,"[[75546475, ""G"", [""A""]]]",yes,no,G->A,1
chr12,17564593,17564863,TGGGAGAACCACTACTCTCTTCAAGGCTGTCAGACAGAGACATATAAGTCTGCAGAGATTTCTCCTGCCTTTTGTTTGGCTATTCCCTGCCCCCCAGAGGTGGAGTCTACAGAGGCAGGCAGGCCTCCTTGAGCTGTGGTGGGCTCCACCCAGTTCGAGCTTCCCAGACGCTTTGTTTACCTACTCAAGCCTTGGCAATGGTGGGCGCCCCTCTACCAGCCTTGCTGCCTCCTTGCAGTTTGATCTCAGACTGCTGTGCTAGCAGTGAGCA,"[[17564630, ""G"", [""A""]], [17564806, ""C"", [""T""]]]",yes,yes,C->T,2
chr8,60069908,60070180,AAGAATATTCCCCAAGTGTTTCCTCTGCCCACCTCTTTTTTCTATTTTTTTGCAACTCCAATTGTACATATGTTAGACCACGTAATATTATCCTACAGGTACCTGAGAATCCATTTTTTTCCGTCTTTTTTTCTCTGTGTGCTTCCTTTTAGATTCTGCTTCTGTGGATTAGGTTCACTAATCTGTTCTTTAGCAAAACAGGACCTGTTTGCTTTTCATACTATCCAATTTACTATACTTACTTTGTGCTGTACTCACTACAAGTCTATACAC,"[[60069925, ""A"", [""G""]]]",yes,no,A->G,1
chr4,101753632,101754066,TATCTTAATATCTCTTTTCTGGGGTTCTGTATCCATTCATTGTACTTTTAATATATAAGGGAGATATTAGGTGTCTGGAATATTAATGACAAGATATCTGGTTTCAATTTTCATTTTTTCCATGGCAATATTTTTCTAATGAGTGTTTGCCATCTGTCTTGCTTTCTGGTTCTTTCCTCCTTTTTTTCTCTTAATATTTTGTACTTACTCAGCTTCACATGACATGATTTTTCCCGTTTAAATATTTGAAGAATTTCACTTGAGGAGTGACTATAAATTCAGAAGTTTTCCACTTGCGCAATTCCCTAGAAGTTGAAGGAAACACTACTCAACATACTACTGGAAAATCTATCTAATATGTTATTAAAATCAATCCTTCTATGTGTTTTTGGCTTCCTCAGACATGCTGAATGTTGACAGAAGGACCACAAGATA,"[[101753678, ""C"", [""T""]]]",yes,no,C->T,1
chr14,77284539,77284906,GATCAGAGCTGTGGCAGTCACTTTCTATAAAAGCATTGGCTGGATATGTGGGGGGGCGGGGGAGCGACTCTACACTGAGGCATAAAGGGAAAGTAGCAGCTTGCTCCAAGCCTGGAGGCTGGGGAGGTGCCCATGGTGCAGGGGAGAGAGGAGCCCAGAGGAAGACGAGACAGATGGATCTGCAGATGGCCACTGGCCACTTTAGGGAGAGGAGTTTACGGAGGGAGTGGATGAGAAGGAAAAGGAGTATGCTATGTAGGTACAGACAACTCATAGAAAGAGAGTGTTAACAAGGAACAAACAGCAGCAAGTTGAAGGGATAGCACAGTTTACAAACGCTTACTTTTCTAAGATAAGGGTTTCTTATA,"[[77284545, ""G"", [""A""]]]",yes,no,G->A,1
chr14,21274438,21274783,GATAATTTTATTATCCCCATTTTAAAGATGTAGAAATGAAAGCACAGAAAGGTTAAGTAATTTGCCTAAGGTCACACAACTAGTTTTTGGTGGTGCAAGATTCTGACACTATAGCTAGACACTCGGAAGCCTGTAATCCCAGCTACTCAGGAGGCTGAGGCAGGAGGATCCCTGGAGACCAGGATTTAGCTACCAGCAGCAAGACCGTGTCTCAAAAAGAGAAAAAAAAAAGATTCTAATGCTAGGAGGTCTAGTTCTAGAGGATATGCAAATAACCATTACACTATTATTAATAATGTAATGTATGCCAAGGTGGGAAAATCCTACCCATTCACTCAACAATACT,N,no,no,N,0
chr11,63546261,63546587,GCCACAAAATCCTGTGTTAGAAGCAGCTGTGGGGGTCCCAGTGGAGATGAGCCTCCCCAATGCCTCCAGCAGCCTGACCCTCGTGCCCTGTCTCAGGCGTTCTCTAGATCCTTTCCTCTGTTTCCCTCTCTCGCTGGCAAAAGTATGATCTAATTGAAACAAGACTGAAGGATCAATAAACAGCCATCTGCCCCTTCAGAAAGGACTTCTACCATGTTTTTATAGACTTCTGAATCACAAAGGAGGAAGGTAACATTGAGTGAACACTCACTGGGTAGTTCCAGCAATTTCTAGCCGGGTGACTTTAGAGAAGGCTCTTGATTCTCA,"[[63546319, ""C"", [""A""]]]",yes,no,C->A,1
chrX,11397850,11398058,CTCCAGCCTGGGCAACAGAGCAAGACTCTGTCTCAAAACAAAAATGAAAACAAAAACGAAAACAAAAACAAAACCTGCAGCCAAGTTGCCTCTGAAACCTAGAATGATGTCAGACCAACAGATTCCCCACATTGATAGTAACTAATTAAATCACTGCTTTCTTTGAGATAAAGACTAGAACAGGCACTCTTTACTCTGGGGCAGGCCTA,N,no,no,N,0
chr10,85402505,85402825,AAGTCTAATTCTAATTCATTTAGAAAAAAAGCAGCATGTTGGGACAGAACATGGTTTCTACCTCCAGCGACATGCCCCCCAGGGTTCCCCAGGCTATGAAGATGAAAAAGGCTGAGAGGCACATGGCACAGAGCAGAGGGTGTCAAAATCAGGGCTGAGGTCTCCTTGAGGCTTCATGGAGACAAAGAGGCAAAAGAGGAAACAATGACTCAGTCAGAACAATTTAGAACATGTTGCACTGACAAACAACCCCCAAATCTCAGAGGCTTCAAATACCAAAGTTCATGTCTTATTTATTGTATGCACCCAAGGGTGTCCTTG,"[[85402548, ""G"", [""A""]], [85402572, ""T"", [""C""]], [85402586, ""A"", [""G""]], [85402718, ""C"", [""T""]], [85402745, ""A"", [""G""]], [85402747, ""A"", [""C""]]]",yes,yes,A->C,6
chr21,30963602,30963969,ACAAGTGACAGCAAACCTGTGACAGCTAGGGAGAAGACCAAAGAGCATAAAATGCAGATAAGCACACTGACACATCAAGTGAGGCATACAAGGACGAGCTGCCCTTCACGAATCAATAAGTCCTGAGGCATTCTGCATTTCAGCAGAGCCTAGAAAACAGCTGTGCCTACTAATGGCCTTGGTGTATCAGGAAAAGATGACGCAGGCCCAGTCTATTCTATGTAAGCAGCAAAGTGAAGGTAAAATACAATTTAAAGGTCTTCTATCTAAAGAGTTATGCTGTTAGAGAGCTCTGAATCTGAAGTCAACATATTTTCCAGGTCAAAATCTCGGGTATCTAACTATTATTTCTTTTAAGCTCTATTATA,"[[30963618, ""T"", [""C""]], [30963802, ""T"", [""C""]], [30963899, ""C"", [""T""]]]",yes,yes,C->T,3
chr9,18071738,18071994,GCTGAAGCACGTGCCCATACTTCAGAGTACAGCCGGTGAATTATTTGATGCGTTGTGTGTTCCAGGATGACTCAATCTGGGGAGCTTGGAAGTCACTGCTGGAGAGATATTGTGAAGGGTGCTGAATGATGATATTCATCAGCCGCACTTCCTGTGTGTCCCTTGCTAGAACATGATCCTCAGTTTCATCTCCATTAGAGAGAAAATACTCTGAGTTCTGTTTTAATATAGAACAAGCTTAATGGTTCCAAGCTCTT,"[[18071758, ""C"", [""T""]]]",yes,no,C->T,1
chr1,49680968,49681272,CACTGACACTTTCCTTTGTCCTCCCCATTCTATTGAGCACATTCACTGAGTTTTTCTTTCATTTACTGTATTTTCCAGTTCTAAAATTTCCACGTGGTTGTTCTTTGTATCTTCTATTTCATTACTGAAACTGTGTTTTGCATTTGTTTTAAATGTGTAATAGTTTGTAAAAGAATTTTTATGATGGCTGCTTTAAAAACCTCAGCAGATACTTCTAACTGTGTCATCTTAATGTTGGTGTCTGTTGGTTATCTTTTGTGTTTCAAGTTGAGATTTCCCCAGTTCTTGCTATGACAGATTACTTT,"[[49681033, ""T"", [""C""]]]",yes,no,T->C,1
chrX,46634638,46634942,TCTGCAATTTAGCTGGTATCAAAGTCAGTCTCCAAAAATGAACATGTGTGTGTAGAAAAAAGTGTGATTTCAGTGAGCTTAAATACTTAAAGTAATTTCATGTGAGTCATTACAGTACACATACGGGGCCTAGTGATATCCCAAGACCCATGTCCCACTGCTTTCACCACTGCCCTCAAGGAAGTGAGATATTCTCACAGTGCCGAGAACAGAGTTGAAGCCTATTTTGCATTTGATTTATCTATCAGCACCGAGAATCAGATCAGGAAGAAAACATGCCAATTAGAGAAACAGAAAGGAAAGAA,N,no,no,N,0
chrX,23403924,23404126,TCTCTAATGCCTAAAATATGCATTTAAATCATCCCACACCTACACAGAAACAAAATCAGCAGGGAAAACCATCCCACTGATGATTGGCAATTCCACCGTTCCTCTCCATCTGACCAGCTTTCACCAGAGGGCGATCTTTCATGCTTGCACATCGAGTTTATACAATGTAGAAGCCCCCAAGTCACCTGGGAAATGGCTCATGC,N,no,no,N,0
chr12,44728145,44728560,TGTGATTACCTGAAAATAAGTCAAAGTGACCATCACAATGCTGCTCAATGAGCTCAGGAAACTGATACATGAACAAAGTTGGAATATCAATAGACAGTAATTTTTTTAAATGACCAAACAGATATTTAGAATATCAATAGACAGTAATTTTTTTAAATGACCAAACAGATATTTAGAATGTAAGAATACAATAACTGAATTGAAAAATCCACTAGAGGAGTTCAACAGTAGATTTGATTAAGCAGAAGAATCAGCAAACTCAAAGACAGTGCATCTGAAATGCAGTCAGAGGAGCAAAAAGGAAAACAAATAAAAAAGAATAAAGAAAGCCTAAAGGACTTATGGGATAACATCAAGTGAACCAACTTATGCATTTGGGGGTCCAGAAAGAAGAAGATAGAAAAAGGCAGAATGCT,"[[44728298, ""A"", [""T""]]]",yes,no,A->T,1
chr18,51552787,51553211,AGTAACTTATTTTGCTACCTGTTTTCTGGTTGTTTTGTAACTCCTCTTTTTTTCTTCCTTTCTTACCATCTTCCTTTGTGGGTAAGTGATTATTTTCTGGTAGTATGTTTTAATTCATTGCTTTTATTTTTAGTGTATCTACTACAGGTTTTGCTTTGTGGTTACCATGTTGCTTACAAAAACCATAGATAGAACAAGTTATTTTAAACAGATGATGACTTGTCTCAGGTCACAAAGAAAATAAACCAACATAGGAAAATCTAAAAATAACCTCTACACTTTAACTTCATCCCCTCACATTTTGACTTTTTGTTATCTCAATTTATATCTTTACATATTAACAAGTTGCTTAGTTATTATTTTTTGTAGTTTTCCCATTTAGTCTTCATACTAGAGCTGTGAGTGTCCTACATACCACAATTACA,"[[51552956, ""A"", [""T""]], [51553160, ""G"", [""C""]]]",yes,yes,G->C,2
chr14,48786553,48786934,TACTTCATCCTAGATACAGAGGAATAAAAGGAAATTGTTCTATAAAATAGTTATGGCACATTCTCAAGAGAATGGTGTTGACGGTTCTATAATTACACAGTATGAAGTAGTTCCCAAAAGACTATTAAATATACAGAGTCTGACAGAGAATCCATAATACCGTTTCCTGTCTACTCCCAAAAATGTTGATCTACAGGGCTATCTCATTGAAGTGTGTTCAGCTATGGAGTTTGTTAGCTCTTATTTTACAATAAGATTTTGCAATAAATACACACTGATAACATCTATAAATTAAAAAGACCAAATAATATTAGGTACTGGTCACCTCTGTATCTGTACTTGTGTGTGTGTGTGTGTCTCTGTGTGTGTGTGTGTATGTGTG,"[[48786597, ""G"", [""A""]], [48786912, ""G"", [""C""]]]",yes,yes,G->C,2
chr2,9359580,9359851,GCTGGATGTTGACAGTAAACAGTAAGTAGATAGTGATTGGCATTGATTTTAATGTTGAATTTAAAAGTTTACGTGTAGGGAATTTAACGTCAAGAGCAATAGTCTTGACAGAAAATCAATAGTTGTGGACCATGTTCCTCTCAAGGGGCCATCAGTCTTATTGATGACTTCGAATCCAGTGTGTCTGAACTTCGAATGCATTTTGAACTCTCTTGTCAAACCTTTCCAGTCTTTCTAGGAATTCCTTTATGGTCTTGAAAGACAGAGTTGGG,"[[9359652, ""A"", [""G""]]]",yes,no,A->G,1
chr10,95646231,95646500,TTAGGAACACAGGCAGTGGCATGCATGTCTGTCCAGGTGATCAAATGGTAGAAGCCAATCAGAATCCAGCAGCCAGGCTAGCATGAAGGAGGCTAACCCACAGTCTGTATCAGGAGAAGAGGGTGGGTCGCATGGTTCAGTGCCAGGTAGTCAAGGGTCATTCTGGCTGGAGACAATAGGGTAACAGCAGTAGATAAGGCCTGTTAGGGTTCAAGAGGAGGTCACCACTAACAACAAGGTTTCATGCAGTTGACTCAGTCAAATCCAGTA,"[[95646232, ""C"", [""T""]]]",yes,no,C->T,1
chr16,52976877,52977093,TAGCCAATGATAAGCAAAGGAAAATACACTGCAGGACTTCAGGGAAAGGGTTTCCCTTCTAGAAGAGATACCTGAGAAGAAGCAGTTTCTTCTCCTGCCTCTGGATGTCACTGTATGAGAACATGATGCTGGGAACCACTGTAGCCATCTCATGACCATGAGGAGACAAGCTAGAATGGCAGAGCTGAAAGATGTATCCTAGAATATGTCAATGGAG,N,no,no,N,0
chr5,167229666,167230120,CAGCATCCCCATGTTCCTGGATGGGTGCTCAGGGACTAGGGTCATGTAGAGCCAGGCCAGACTGAGCTTGCAGGTTCACTGGTGGTGTGTATAGATCCTGGCTGTGGTATGCTAAGATGGGGTGAGCCCCAGGCTGTCAGGGAATGCTCACGTGTAAGTGATAGCAAATGTGCTGAGGCCCTGCTACAAGGGAGGGCAGGATTGGTTTCCCTGGGAACAGCTTTAGGAAGACAGCTTCTAGGACATTGGGTTCACTTTTGCCTTGGCCCACAGCATTCCACAGCTGTAGCAGTCATGGACACTGAAATTTGTCCTCAGGGCATATGGGAATGTGTAGCAGCCTCTGTTTGGTAGGATGGGCAGGATTGCTTCTTGTGGCTCCTGCCTCAGCCCAGTTGCAGGGCAGAATGCAGTCTGGTGTGAGCTGAGCTCTTAAAGTGGCACTGTGCTGCCAC,"[[167229778, ""C"", [""T""]]]",yes,no,C->T,1
chr8,75694726,75695068,CCCCTCAAAGTTAAAATTAGGAAAATTTTAAAATTCTTTGCTCAACAATGCAACAATTTTGCATATATCTTTATGAAAGAAAACTGGATGTCAGAAAAGAAAGTGGATTGGCCTAATCTCCAAAACTACTAAGTGGCAGAGTCAGCATTTGCTACCATCTGCTCTATTGTATATTAGAACTCACATTCATCAAGAAGTGGTATTGCGCCAGGCACTGTGGCTCACACCTGTAATCCTAGCACTTTGGAAGACCGAGGTGGGTAGATTGCCTGAGCTCAGGAGTTCAAGACAAGTCTGGACAACATGGTGAAACCCTGTCTCTAAAATTATCTGGGTGTAATGG,"[[75694931, ""G"", [""C""]]]",yes,no,G->C,1
chrX,92999174,92999648,CAAATTCTACAATTACTTTGAAAAAATAATAAAGAAAGCAAATGCTATGTAATTTTATGTGCTTGAATTTGAAAATAAACTGTATAAAATACCAGACAAACAGATTTGTGGTAGTAAGCTGACAAGAGTAACTAGTGAGTTTCTGCATTTTTCAAATGCTTGAAGTAAATACATCTATAGGCTGAATGTCTGTGTCTCTGCTCCGAAATTTATGTTGAAATCCTAACCCACAATGTGATAGTATTAGGAGTTATGGCCTTCTGTAGGTGATTAGCTTATGACATCAGATCTCTCATGAATTGCATTAGTGTCCTTATAAAAGAGAGCTTAGAGAGCTTCCTTCTCCCTTGCCTCCCCAATTAAGTGAAGTCACACTGAGAAGACAGCTGTCTCTGAATCAGGAAGCAGGCCCTAACCAGACATTAAATTTGATAGTGCCTTGATCTTGGACCTCTCAGTCTCCAAAACTGTGAGC,N,no,no,N,0
chr4,35163219,35163585,TCTCCATTGATTTAAATGAGTAGCTGATAATATTGCTCTTCAAGCTGCCAGTTTCAAATGACCATTATCATAATTCATTAAATTGTGTCCTCTAGAGATTTTTCAGATGAGTGGTTTCCAAACTGAGCCCCACTCAGCTCTGGGCTCCATAGAAGTCGCTAATGAGTCTCTGCTGTAGGGAATGAAAGGAATGCTGAGTAGTCAGGGTTGTTGACTTCCCAGTTTTAATTCAACTAGTGTAGCTTTTCTTTGTTTTGGGAAATATTGACTCAAAAATATTCTGCTGATAAAATATTTGAAAGTTACTCCTCAACCATGTGATTACCAAAACTGTACAGTTACCAAGAAAGGTTTAACTGAAAGTGAA,"[[35163221, ""C"", [""T""]]]",yes,no,C->T,1
chr6,146872144,146872513,GGGAGTCAGTCAAGTGGTTTATAAGAAAAGAAACTATAAAAAGAGTGCCCTTCAGATTCTTCCCCTGCTATAATCCAGTCAGGTCATATTTTATTGGTGCTCATTATTCAGGCAGACAGTGATAACTGTGGAAACCATGGAAACATATTATGGCCAAATTGATGCTGCTTCGAAACGCCAGTGACTCACGCTGTGGAACACTAACCATGATCCATTAAGGCGCTTCTTGGACTTTTGTCAAGAGGGCCCTCCACGTGTGCATTCTAGGTGCAAGTGCAGCCACAACTCACTTGGAGAGTGAGGGGGCTCTCCAATATAAAAGGCAACTCATCAGACTTTTCCCAGAATGAATAAAAAGATATCACAAGTT,"[[146872192, ""T"", [""C""]]]",yes,no,T->C,1
chr11,2084088,2084299,TCTTGGTTTATAGTTTTCATTAAGTTTGGAAATGTTTCAGTCATTATTTCTTCAAACATTTTTCTTTCTCCCTCCTGCCCCAAACATACACACATCTCTCCTTCAAGGAAGCCAATTATCCATATATTGGGCCACCTGGAGTTACACCAGAACTCATCGATGCAGTTAAAAACATTTCTTTTGTCTCTCTGTATTTTATTTTGAATGGTTTC,N,no,no,N,0
chr18,863566,863824,AAAGCCCAAGGTCACTTTCAACATGAGGCATCATCCAGTAACTGCTGGCAAGTGTCTGGAAGAGTCATCTACACATAGAAAGTGGGAGAGACTCAGACTGCAGCAGGGTTGTTTGCTCTCATGGTTTTTGTTTTTTTAAACCCAGACACGACTTGTTGGATTTCTTTCTTATGAATGAGTTCTTCTTAAGGCACTGACTCAAGCAGTTCTATTTTTTTTCCTGCTTGAAATTACCAAATTCACTCTTATGCTAATCAAA,N,no,no,N,0
chr3,185853724,185854122,CTCCCGAGTAGCTGGGACCACAGGTGCATGCCACCACACCCAGCTAATTTTTGTATTTGTAGTGGAGAGGGGGTTTCACCATTTTGGCTAGGCTGATCTTGAACTCCTGGCCTCAAGCGATCCACCCGCCTTGGCCTTCCAAAGCTCTGGGTTTACAGGCATGAGCCACTGTGCCCAGCCTGTTTTTTTTATTTGTTTTGTTTTTTGTTTTTATTGGAGACAGAGTCTCACTCTGTAGCACAGGCTGGAATGCACTGGCATGATCTCAGCTCACTGCAACCTCCGCCTCCCAGATTTAAGCAATTCTCATGCCTTAGCCTCCCAAGTAGCTGGAACTACAGGCATGCACCACAACACCCAGCTAATTTTTTGTATTTTAGTAAAGATGGGGTTTCATTA,"[[185853787, ""A"", [""G""]]]",yes,no,A->G,1
chr19,23845498,23845745,TAATTTTCTTTTTGAGATGAGTTTTACTCTGTCACCTGGGCTGGAGTGCAGTGGAACAATCTTGGCTCACTGCAACCTCTGCCTTCCAGGCTCAAGTGATCTTTTTATCTCAGCCTCCTGAGTAGCTAGTATCATAGGTGCGCAGCACCACACCTAGCTATTTTTAAATTTTTTTTGTAGCAATGCGGTTTTTGCATGTTGCTCAGGCCGTCTCAAACTGCTGACCTCAGGCGATCCACCTGCCTCAG,"[[23845586, ""T"", [""G""]]]",yes,no,T->G,1
chr12,46571123,46571386,TATCCTTTTTGCCCACATTCACAACTATTTCTGTACTTGGCTAAAAGTTCTAAGAACTATGCTCAGACTCTTGTCTTGCTTACAAAAATGCTAGATAAATATATGCAAATGACAGTGTGTTTTCCACTTTCAGGATATATTTGGCATTAAACTCGGGACAAAAGAAGACACAAACTTTATCTTGTGGTTTGGGTCCTCCAATCCTCATAAAAGTGTGGTTTCACCTGTTACCTCATAAAGGTGCCATTGCTGTATGCACAAATG,"[[46571383, ""T"", [""A""]], [46571384, ""C"", [""A""]]]",yes,yes,C->A,2
chrX,56000189,56000545,AACCCACTTAATCATGGTGAATTATTTTTTTAATGTGATACTGGATTTGGTTTGCTAGCATTCTGTTGAGGATTTTTGCAACTATCTTCATCAGGCATATTAGTCTGTAGTTTTTGTGTGTGTGTGTCCTTTCCTGGCTTGGTTTTAACGTGGTACTTGCTTCATAGTATGAGTCAGAGAGGATTCTCTCCTTGACCTTTTGGAATTGTTTCAGTAGAATTGGCACCAGTTCTTTGAACATCTGGTAGAATTCAGCTGTGGATACATCTGTTCCTGTGCTTTTTCTTGGGGGGGGGGGGAGGGATTTTTTTTTATTACTGATTCAATCTCATTACTTATTATTGGTCTATGCAAGAT,N,no,no,N,0
chr14,27152011,27152218,CCTGAATTTCTGCCTGGAGATTGGAGAGATAGGATCCCAGTGCACCACAATCTCAGGGAAGCAGGCTTGGACACCCGGAAATGGCACACAGAGACAAGTTTCAGGTCACTAAGCTGGTTGCTAGTCTTGGTGCACAGGAGAAACTGCAGCTGTAGCACTTCTCCTCTCATCCCAGGCCTGTGACAGGGGAGAACACAAATCCAGCACC,"[[27152045, ""C"", [""T""]], [27152069, ""G"", [""A""]]]",yes,yes,G->A,2
chrX,17260645,17260918,AACTCAAACAACTCAATAGGAAAACAAACAAACAAAAAACCAAATAATCTGATTTAAAAATCGACAAACGTTCTGAATAGACATTTCTCAAAAGAGGACATACAAATGGCTAACAGGTATATGAAAAATTGCTCAATATCACTAGTCATCAGGGAAATGCAAATAAAAACCACAATGAAGTTTCATCTCACCCCAAGTACTGGTGAGGAAGTAGAGAAAGGGAAATTCTTATGCACTCTTGATGGGAATGTAAATTGGTACAGCCTTTATGGAA,N,no,no,N,0
chr5,139286231,139286507,AAACTGTCCCAGTAGATTTCTGAGGTGTCAACTCTGCTGCAGACAGCATAACATTCAAAGGCTCTGCATTTGTCTCTAGCTGCAAGATCATAGGCAATCTTCTTTTTAAAAGCTATTTATTTATTATAAAATAGAAATGGGGTCTCACTGTGTTGATCAGGCTGGTCTCGAACTGCCCTCAAGTAATCCTCCCACCTCGGCCTCCCAAAGTGCTATGATTACAGGTGTGAGCCACTGTGCCTGGACTTTTTAATTTTATTATTTATTTCTGTAGACC,N,no,no,N,0
chr3,129835283,129835482,TTTCCAAACATAAAAAAAATTCAGTCACGGTTTCTCTCACTCTTTCATATATATATATATATATTTTAATGACAGGCTTTTCCCATCTGTTAGCATATGCTTAGTTTTTCCTAATTATCTAGCTGAACCATCACCACCTAGCAACCCATCACCAAGGAGACAGATACTCTGTTTTAGAATCCAGAAAGAGAGATATATCA,"[[129835413, ""G"", [""T""]], [129835415, ""C"", [""A""]]]",yes,yes,C->A,2
chr15,71538220,71538511,TTTACAGTTTTCATACTTCCATTGTTTGCATAAAACCTATAATCCACCTGCAATTTATTTTGTCATTGATATAAATTAGAGAAATAACTTTACTCCTCAAGTGGCTGGCCACATTCCCAACCCTTTGCCTTCCTTTCCTTGATGATTTGAAGTGACTCATTGATTGCACACGAAATCCCTCTACATGTTTAGTCAGGTAAATGATCTGTCTCTTCTGTCGCTGGTTGTTTTTGCCACTGTTTTCATTATTACGGCTTCGTGCTATGTTTTAGTATCTGACAGTTACCTTTTG,"[[71538240, ""G"", [""A""]]]",yes,no,G->A,1
chr16,51161855,51162070,TCCAAATGTATTGTGGATCAATGTTTTGGGGAATACATTAGAAAAATATTACTTGAAAAAAAGTGAAATAGAAAACAGGGTCACAGAAAACATTAGTCCAAAATTGTATGATGGATTTAGCAACCAAGAAATTATTCTGGCAAAATGCCAAAGTAAGTTCTCAATGCTTACTTTCAGTTTCTGTAGTTATGGTGTTGCAGATGGATTACAAACTCA,"[[51161872, ""C"", [""T""]]]",yes,no,C->T,1
chr17,74978213,74978598,TATGTGTTCTAGGTACCATTGCTGCATAACAACCTTTCCACCAAACTTGGTGTAAAACTATAACCATTTTATTATGTTCGCAAATTCCATGGGTCAGGAATTCAGACAGGACTCAGCTGCGGTGGCTGGTCTGTGCTTCACAATGTCTGCGGTCTCAGCTGAGAAGACCAGAATGGCTGGTGCTGGGGTTAACTTGGAACAGCTGGGGGGCTGAAATTACCAGGTGGCTTTACTCATACATCTGATGCCTGAGCTGGCAGGACCCAAAGACTGGGTTCAGCTGGGGCTGAAGACAGACACACCAACGTGTGACCTCTCCATGTGGCTTGGGCCTCTCTCAGCAAGGACACTGGGCTCTGTGAGGGAACACCCAAAAGATGCATATG,"[[74978292, ""A"", [""G""]]]",yes,no,A->G,1
chrX,71677226,71677491,TATAACCTTACCCCCAACCCGGTGCTCTCTGAAACATGTGCTGTGTCCACTCAGGGTTAAATGGATTAAGGGCGGTGCAAGATGTGCTTTGTTAAACAGATGCTTGAAGGCAGCATGCTCGTTAAGAGTCATCACCACTCCCTAATCTCAAGTACCCAGGGACACAAACAGGGCCAAAGGCCACAGGGACCTCTGCCTAGGAAAACCAGAGACCTTTGTTCTCGTGTTTATCTGCTGACCTTCTCTCCACTATTATCCTATGACCC,N,no,no,N,0
chr9,107648355,107648774,AGTAACTGTGGCGGCAGCTTCCTGGATTGCTGAGGCGGAGAGGACACCGATCAAGGCTTCATCCCACCCTCTCTCTCTGTCAGTGCTGGGGGAAAAACAATATTTAGTTAGTTAAACACCCGGCTGCGGTTTCATTTGAAAAGCTGGATTTGATTAGGAGACTGCAGGGATTGATTTATGAGGACAGCTGAAAAAAAGAACAAGCATAAATATGGAGAACTCACCCAAATGATGACTAAGAGAGGACGAATATACAGAGTCCTCACAAGTGGAGACGGAAAGGACTTATTAAGGTTTTTGGTCCCATATCGGGTTTATGTAGTCACAGTTCCTGACGGTATTTTTCAAGATCTCAGCCTAGACCTGTTTTAAGTCAAGGGGTACATTAGGTGTGGAGGTGCCCACTTTTCCTAGGAGATT,"[[107648363, ""C"", [""T""]]]",yes,no,C->T,1
chr16,767218,767555,CCCACGCCTGGGGGTCAGGCGGCCAGGCAAACCCAGGCCCTGGAATCCCTAAGGAAAAAGGGAAGCCCTGTAAGGCAAGTGGGCTTCCTGCAGCCTGTGGTCAAGGGCCTGGGGGTGTGAGTTGAGGCCTCAGCTCGGGCCCCTCTCCCGGCGGGCAGGTGGGGCCCCCACGGAGGATTTGAAGGCGCTCAGTCAGCAGAATGTGAGCATGGACTTGGCCACGTTCATGAAGCTGCGGACGGATGCGGTGCTGGTATGGCGAGCGGGAGGAGGGGCGTGTGGAGGAGGGGCCCGTGGAGGAGGGGCGAGTGGGAGGAGGGGCGCGTGGAGGGGGGGCG,"[[767241, ""T"", [""C""]], [767339, ""G"", [""T""]]]",yes,yes,T->C,2
chr2,12217260,12217541,GTCACTTCGTCTTGGTTGATCTTTCATATACTGACTAGACCTGGAGAAGAAAACAAACAGATTGCTAAGTCCCAAGATACCATGGAAGTCATAAATGAGTATATTTGGAACAACATAAGATTAACTGAAGCCATCTGGCATGTTGACTGCTGACTGTTGAAAGCACAACAGGTCAAAATGAACCCAGATTTGAAATTGGCAGGGTTAAAACATTTTGCTTCACTCAGAAACTATTTCTAGATTCCAAGAAATTAAGAAAAACTAATTTCTCACCTCTAGAGT,"[[12217319, ""A"", [""G""]]]",yes,no,A->G,1
chr8,91757848,91758137,TTCCCCTACCATCTCCTTACTTCTTCCAACTTTGCATATACTTCACCCCGTTTGCATTTCTTACAAATCTGTTTCTCTGTGCCCTCCTCACATTCCATCTGTTTCTTGTCCCCAGGTTCACCTCTTCCCCTGCCTCTGACTGGTCTGGCCTGCTTTTTGTCTGCCTAGGAGCACAAAGGCAGCTGCTTTTTTTTTTTTTTTTTTTTTTCCTCCTAACATCCTCTTCATCCCGAGCCTCAGCTCTGCACAGTAAATTGGCAATGGCAGGAGGAAAAATTTACATTAACTCT,"[[91757909, ""C"", [""T""]], [91758079, ""A"", [""G""]]]",yes,yes,A->G,2
chr18,46478747,46479226,CAATGGCGCGATCATAGCTCACTATAACCTCGAACTCCTGGGCTCAAGTCATCCTCCTGCCTCAGCCTCCTGAGAAGCTGGAACTATGAGCATGCACTATCATGTCCAGCTAATTTAAAAAAATATATTTTTGTAGAGATAGGGTCTCCCCATGCTTCCCAGGCTAATCTTAAATTTCTGGCCTCAAGCAATTCTCCTGCGCTGGCCTCCCAAAGCACTAGGATTACAGGTGTGAGTCACTGCACACAGCTGTGCTTTCCTTTCTCACCTGTCACCTGCTCTTTTCCAAGCTCACTCCCATCTGCAGATACTCTTGCTCCCTTAAAGGGACTGGTTAATTTTTGTACCTGGTGTTGTCACCTTTAGAGGGAGTTGCTGAATCCAGAGTGACAATTTTAGGCAAAACCAAGTGGAAATATGACTATTAAATGTACGCTCCCAGATCCCTTACACTTGGCTGAGTTGAACAAAGAGTTTGTA,"[[46478895, ""A"", [""C""]]]",yes,no,A->C,1
chr2,143991100,143991416,AAAAAAAGCTTAAAAATATGATAATAAGAAATATCCAGATCCAGATTCCAAAAGGAGAGAAGAGAGAGAATGAGGCAGAGGAAATACCTGAAGATATTATGGTAAATGTTTTCCAGGATGGATGAAAGATCCAACTTAAAGATTTAAGAAGTCTGACAAATTCCAAGTAAGATTAAAAGAAGTGGATTTCTAAACATTATCACAGTGAAGGTGAAGAACACCAAAGACAAAGACAAGATCTTTAAAGTAGCTAGAGAGAAAACCCTTTTTAAATAACTTCTCGGTGGGGGGTCAGCCCCCCACCCGGCCAGCTGCCC,"[[143991166, ""C"", [""A""]], [143991401, ""G"", [""A""]]]",yes,yes,G->A,2
chr10,22976529,22976792,TTCAAATTACCAGATCAGCCTTCACCTTTACCACTTTCCTCAGCTTATTTCAACCTAAACTTGCCTTCTGTTTTATGTCTTGTTCTCTTGAAAATCTCCCTGAGCACTCTTACTTATGACTAATGTTTCAGCTGCCTCCTTATTTGCTTATGAATCCCAAATCTGTTTCTAATTCTGACCTGTCTTCTGAATTCCTGCCTGTATTTCTGACAGCTTCCAAGCACATCCAACTATACTGCCCACACTCCACTTTGGGGAGTGTTA,"[[22976543, ""C"", [""T""]]]",yes,no,C->T,1
chr1,71036964,71037164,GAGTCCATGTACTCACTCTGGCAGTGTTTGTGCTCGGAGAATTGCAGCTGAGCATTACAGCTGGAGTCACAGGTGTGAATTAATGTGCTCCCTAATTATGGAGTCCAAGCACAGACCCAGTACAGTTGGGGCCAAGCGTGTTCCATTAGGGCCATCATGCTGCACTGGACCAGCCGTGTCCTGCCCACATGAGGCCAATCT,N,no,no,N,0
chr1,104134669,104134945,CAAAACAAAAAAACTGGTGATCAGCAACTTCCTAATAAGATCTCAGGAGTTGGGTGACTAAGCTTATGCGTGAAGGGGTGGCCTGCCCCTCCATACCTGTGGGTGTTTCTCATCAGGTGAAACGAGAGACTTGAGAAAAGAAAGAGACACAGAGACAAAGTATAGAGAAAGAAAAGTGGGCCCAGGGGACCGGTGCTCAGCATACGGAGGACCCATGCTGGCACCAGTCTCTGAGTTCCCTCAGTGTTTATTGATCATTATCTCTACCATCTCAGAG,N,no,no,N,0
chrX,17948212,17948416,TATGGGACGGGCATGAGAGGTAAATACACGAGCTTCTTCGCCTCCTGATTAAGTAGGACAGGACTCCAAGGCATACTCTATTGCATCTCCCAGAGTCCCCTCGTGGGACTGAGCCCCAGTTGCTCACAGAGACAATCTGCTCCATAATGTACTCTTCCCTGCCATGCTTCCCTGCTCCCCCGATAGAGTTTCGGATCGCCTCTCA,N,no,no,N,0
chr17,80362744,80363113,AGCTTTGCTTCGAAAAATAAGAAATAGTTTAATTGTCCGGAAATACAGGATGGGCAAATTAAAGTATGGCCGTATGATGGGTTATTGAGCAGCCATTAAAACCATGTTTTTCAAGTATACTCAGTCATAGGGAAAGTTCATGATGTCATGTTCAGTGGCAAAAAGCCCAGACGACACGGTGACCTTAACGTGGGAGGAGAGGCAGATAGAAAACTGGACAGAAGCAAACGGGACAGAATAGCACACATGGTTTCTAATTTCCTCTTTTATGGTTTTCCAATAGTTCGGATTTCCCACGGGGAAAACATACCATTTTTGTAATTTAAAAATATATTCTAAAAGCTTTTTTGAATCCCAGTTTCTGCAGATG,N,no,no,N,0
chr13,77874473,77874808,TTATCCAAAATCAGAATACATACAAACTTGAGAGGAAAAGAGCAAATATCATTTTATTGTGAAGTGGATATTGCAAGGAAATGTGTGTTTACCTCGTTTTCAGCAGCATTGCCTAGTGAGTCACTGCCATGAGCAGCCTGCCAACTCTTTCCTCTGGTATCATTCTTCTTTTTATATTTTATATTTAATGCAGGCTAGTCAAACAGATTACAGTTTTCTTTCTTTAAATGAAAGCTGTTCTGACAACTTAGTCATGCTAAGTAATAGGATATGAATTCTTAAACCAATGACATTGATATTTATCATTGCATATACCAAGTCGAAAAACATACATTG,"[[77874496, ""G"", [""A""]]]",yes,no,G->A,1
chr11,15035375,15035644,TGCCCAGGAGGGCAGGGATCCTGCCTGCTCCCAACCCTCCAAGAGTACAGGAAGCTCGGATCCACAGTCGCAATTTGGGCAGCCGCAGCCCCGCCCAGGAGGGCGGGGCTCCTGCCTGCTCCATGGTGCAGGCTGGGTCTGCAGGCGCGGTTTGGGCACCTGCGGAGCTCCCGCTCCCACTCAGAAGGGGTGGGGCTCCCACCTGCTCCATGAAATCTGCAGTCCCAGCTGTTCCTCCCTGCTGCAGCTGGCATGATGGCAGCGGCAAGC,"[[15035420, ""C"", [""T""]]]",yes,no,C->T,1
chr12,56165422,56165882,TGTTCAGAAGGGCCCACACTTCCTGGAGGGGCCCCACTGCCAGCAGGAGCAGGGACTACAGAGGCTGGAGCCACAGCCAAGCCATGGACTGCGGGTGGCCCAGCAGCCCCTGTTGGGGGGATAGGCTGGGAGCCTGGGGGCAGGGCTGGTGGTGGCTGCTGCTGCTGTTGGTGCATCTGTTGGAAGTGCTGCTGCCGAGCCCTCATCTCCGCATACTTCAGCTGCTCCATGTGGAAGGCTTGTCTGTCGGCCAGGAGCTGCTGCCTCTGATACTCCAGCTGCCAGTGCCAATTGAGTATTGTTATCCAATTTTCAGCAGATCCCAAAGGCAAATGCCTCAACCCCTGCTTTGTCTTCTTCTGAAAGAGCCTGCCTCTCAATCAGAAGGTTCCCAAAATCTACATCTTGTGCTTGTGCTCCCTCTGTCCTCCCCACCCGACTTCGTGCAAATTCCCATGACC,"[[56165438, ""A"", [""C""]]]",yes,no,A->C,1
chr5,137767954,137768178,AGGTTTGGCTGCCTGAGAGCCGGGTGGAACAGAGCCATATTTCTCTTCTTTCAAAAGCGAATAGGAGAAATATCACTGAATTCTTTTTCTCAGCAAGGAACAGCCCTGAGAAAGAGAATGTGTTCCTAGGGGGAGGTCTCTGAAATGGCCACTCGGGGAATGTCTGGCTTATACAGTTGTAGATAAGGGATGAAATAAGCCCCAGTCTCCCATAGCACTCCCAGG,"[[137767958, ""C"", [""T""]]]",yes,no,C->T,1
chr1,115275238,115275590,TAGAAGCCCCAGGTTGGCCCAGTCCTTCTTAAACTCACAATTATCTGATAGTTGAGAGGATTGATCAATATGTTGGAATACTGGATTGAGATTCAGAAATAATGCAACATCAGTGATCATTTAAGTACTGAACATCTCTTATTAGTCCCATACTCTAACCTCTAGGGGGAGCTCAAGGATTCCCCCCTCCTCACAAAATGCCCCAAATTGAAGTGGTAGAGTTCTTGGTGGGAAGGACAGGCAAATAGACATGGAGCTGGACTGAGCAAACAGTATTTTATTCATCCCCTGTTTTAGATTTGCTTTTTTCCTTTCCTCTTCCTTCCCTGTTGAGTTTGCCATCATATAGGCTT,"[[115275259, ""A"", [""G""]]]",yes,no,A->G,1
chr7,137661716,137662048,TCCCTTTTAGACCACAAAGCCTGGTCCACAGCAGCATCTTGGAGATGGGTAGGAAGGAGGCGCCATGCAGCCCAGGCAGGACTGTCCTCTCCTCCTCTTCAATGGCGGGGCTAATGGAATGCTTAGGAAAGTGGAGGGGAGGAACCTTCCTAAGCTCTTAGAATGTCAGGAATCTGGTGTCCTCTCAGTAGGCATTGTCTCTCTGGCAACATACACAACAAGATTGTTGCTGTATAATCCAAGGTAAATGAAAACAAGAGTTCTTTGATTTATTTAAAAACCTAATTAGAAGAAATGACAAGCATATTTGGCAAATTCTACTTCTCTGGGGAG,"[[137661737, ""C"", [""T""]]]",yes,no,C->T,1
chr7,43479905,43480162,CCCACTAAACACCCCAGAGCTGTCTTCAGTTACCTTTTCTGCCTTGCCTTTTGTCCCACACAATCACCACTACTAAAAACCTGTCTAGTTGAAAGGAAACTGAAAATGCACTGTCAGGAGATCCCTACACTTATGGCTGGAGCTGTGCCTCCTGAGGCCTGTCATGTGTGAATACATGGAACTGCCATGGTATGTCTGACTAACTTTAAACTTCTACCTCTCCAAAACATCCTAGAAAATACTTCAATAATGTATCCA,"[[43479911, ""T"", [""A""]]]",yes,no,T->A,1
chr12,91367222,91367582,GGGAATCTTAAAATGTTGAAAGCATTCCTATTGCATTTATCACAGATCAATAATGGGATAAAACAGAAATTTGCCACATAAAACAGCCCATTAAGTTTCTCAATGTTATTAATAACGCCATTAGGGAAAAATATTTTCCCCACCTCTATACCCACCCATGCTTTTCAGCCTCTTGTTTTTTCTGTTTCCAAAGTTTAGAGAGAACAATGGTGACCTCCAGTGGCCAATAAGGCAATTTTTGGTCAAAACTCCCAAATTAAGTCACAGAGATACTGCACCCTAATGTTCATAGATTTTTTTTATAGTTTGCACAGTGTGTTAACCTCTATTGATATACTGTTAAAGATTTTAGAACTCAAAT,N,no,no,N,0
chr7,42461592,42461868,CTGAGGTGGATATTTGTTTGGTGGAGCCTCCCCGCACCCTGTGTGCTGGGCTTCCTTTCCCAGGGACTTGAAGCTTCTCTCTTGCCTGAGGACTTTGAGAAAAGCTGTGGCTTGGGGAAGGATTGTGAGCTTTGATTTCAGGCCAGCCTGGGTTCACACTGTGGCTTGGACACACCCTGGTGTACAGTGATTGAACCAATTACTTAGCTCCCAAAGGCTCAGTTTCTTCATTTCAAAAACTGGAATTTTTGGTATGAATTGAAAAGAAAGTAATATG,"[[42461632, ""A"", [""G""]]]",yes,no,A->G,1
chr2,101033540,101033815,TCACCTGGCAGTATCCAATCTTGGGGTTCCGGTGGGCATAGGCCGTCAAGACTCTCCTCAAAGCAGCAATTCCCGTTTCGTTCTGGAAGGCGGGGTGCTCTGGCAGGGAGCGGTGCAGGTCTCGTTCTATCTCCTCGGTTACCAGGCAGCATTTCCCCAGGGACTCCTCCACCAGATTCCCGTAGTAACCAGGGTGTGAGGCAAGATCCGTCACCGCATCTGAGTTTTAAAAGCAATGTTTCAAGGGGGAATGATTACTAGGATGGTGTCATGATG,N,no,no,N,0
chr4,153198733,153199048,TTTGTATGTTGGCAAATCAGGGACTTGATAATGAGTGCAGTACTGGATATTGAGCTAAGTCAGTTAATTGGGCTTTGGCTCTTTAGAAGGGTTTGGTGAAGCTCTGCTTATGGGTAATTGAGGCTTCAGGTTGCCAAGAGTTGGGTGACTAAGAGGTAGCTGTTTTGGATCAAGGGTAAAATTTTAATTAGATGATGAGCATTCTCAAAGGGCATGTAGCAATTTTCTGAACTGCATAATCTAATGGTTCGAAATTTAGAAAGTAGTGATGTCATCTCTCCATCTTTTCAAAGAACACACATCTGCCTCTGTAATC,N,no,no,N,0
chr7,107816013,107816257,TATTTTCCTAGTTCTTGATGCAACATGTGATACGTCTCACTTCCTGGACTCTCCTCTTTTGCCTTCTGTAATCTTAAGTTTCTCCGAATTTTCCTAGGCCTTATAGTTTCCTTATAGCTGATTCATCTTCTTCTTTCTGTCATCACTTCTCATCCCCAGAGCTTAGTTTTGTTCCTCTGCTCTTTTCACTGTACACTTACTCTTTTAGAACACTTTAGTTTTTCATGGGCATGATTCCAAAATCA,"[[107816043, ""C"", [""T""]]]",yes,no,C->T,1
chr6,117928876,117929093,CCAGTTGTCCCATAGAATTGATATTTATAGTTTCTATTGAATAAACATAGAAATTGACCCTCCTAGTCTTAAAAACTTGAGAAACCACATTTGCCTTATCTGAGTTCCTTTTTCAGGAAACCAATCATCAGGCCTCCCAGATAGTATGAAGGAACTGAAACTTACGAGATCACCACATCCGGACAATGAGATGCAAGAACCCTCACCCATCATGATTG,"[[117929011, ""T"", [""C""]]]",yes,no,T->C,1
chr8,129800269,129800734,GCTCCCCTCTGTTAGGTTCAGAGATCTCATCCAACAGCCAAGACCTGTACTTAGGGACGTAAAGAGCCTGCTTGGTGCTCTTCTCCACTGCAGCCAAGCTGGTATCTAAGCTCAAGACAAAGTCACCTTTACTCTTCTTTTTGCTTTTCTCAAGCAGAAGGGGGTTTCTCCTCATAGCTACCACAACTGTAAATGTACTGAGTCACACCTGAACCTAGCACATCTCAGAGTCTCACCCAAGGCCCACAGCGTGTACTAACTGGTTACTGCTGCTGATTATATTATTCAGGACCCAAGGGATCTTTAGTCATCTAGTGATAAATCTTGACAGGACTGGGTCCTTCCTTTCAAGGCAGCAGTTTCCCTTCTGTGCCAGGGTGTGTTTAGAAATGTTGTCCGTGAGCTAGGGTCTTGAATGGGGGCCTCACAACTCTGCCCGGTGCCCTATCCTTCTGTGGCTGAGGTG,"[[129800596, ""C"", [""A""]], [129800692, ""T"", [""C""]]]",yes,yes,C->A,2
chr7,114310418,114310663,GACCCTACCCTCAAATGGGAATGTCAGGACTGAGGGTCACAAGAGTCCTCCATATGTCAAGTGTTAAGAGAGCATAGTAGCAGATTAGCTGTATTTTTTTTTTTTTTAAGTGGGTGTACAGTGGCTGTATCAGGCAGGTGGCACTATTTTACTGGAAATGGTCTTTCTGAGTACTCTGGCAGGCATCAGAGTTTCTAGTTGAAGCTGTGGTTTTCCTTTCTCCTCTTTAGATTCTGTGTTTGTTGT,"[[114310484, ""G"", [""A""]], [114310510, ""C"", [""A""]]]",yes,yes,G->A,2
chr6,46579295,46579516,ATAAAATTCCACATTCCTTCATGTTAAAAACCCTCAACAAACTAGGCATAGGAGGAACATACCTCAAAATAATGAGAGCCATCTACAATAAACTCATAACTGACATCATGCTGAATGGGCAAAAATCGGAACCCTTCCCCTTGAAAACCGAAAGAAGACAAGAATGCCCAACTCTCATACTCCAATTCAACCTAGTACTAGAAGTCCAAGCCAGAGTAATCA,N,no,no,N,0
chr15,65553724,65554095,ATTGTCACAGAGAATAATTGCTACCTGTAGCGAATATTAGGCAGGTTATTAGTCTACATATGATCAGATAAGGAAAGAGAGTCCCAGAAGGGAACCAAATGGTAAATGAATCAGAGAGGAGAGTGGAAGGGTGGTTCAGCAGCAGCTGCTGGGTCCAGCAGTCACTGGCATCTAGGCATGGTGCCAGCTAGAATTGGGGAAAGGAGCCATGTCAAGGCATAGGGATGGGGCATTGGCCAACTCAGGTACTTCCCTCCTAGTTCCACCTGTCCTTCATAAGCTGCGAAAGATTGTATTTCTTTTTCCTTGTTCCATTTGGGATGTGCTAAAGGAGGAGTCAGCTTCTGCCTTCATTCTCTCTCCCTGGTTGGG,"[[65553726, ""C"", [""T""]]]",yes,no,C->T,1
chr9,72845085,72845383,GGAGGCACCAGGGAAAGGTGAAGTCCAACTTAAAGAAATTTAAAAAAAATACAGGATATGAATGGAAAAATCTCCAGTGAAATAGATAGCATAAATAAAAAACAATCACAACTTCTGGAAATGAAAAACACACTTATAGAAATGCAAAATGCACTGGAAAGTCTCAGCAATAGAATTGAGCAAGTAGAAGAAAGAACTTCAGAGCTCAAAGATCGGCTTTTTAATTAACCCAATGTGACAAAAGACGAAGAAAAAGGATTAAAAATGACAAAGCCTCCAAGAAGTTTGGGATTATGTTA,"[[72845125, ""A"", [""T""]]]",yes,no,A->T,1
chr1,81140081,81140336,ATGATCAATAGTGCAGTGAGTAATTAACAGTTCTGATATATTTTGAAGCACTGTTTTCAAACATTTGCACAGAGCAGTGTTGAAAATGTAGTATTCCTTATTCTCAAAACTCTTCTGATAAAATGTGGATTTAGTTTTGTTATAGTGTCAGCAATACCAGAATTCGAAAGTGAAACTCCCAACTACCTCTTCCATTTTTATCTCTTGTGTTATACATTCTCCACTTTGGTTTTTGTAAGATGATACTTATTAAACG,N,no,no,N,0
chr19,30182808,30183040,TGAATACAAATGCAAAAGTCCTCAACAAAATATTAGCAAATCAAATCCAGCAACATGTAAAAAGACTTTACCATGAGCAAGTATGATTCATCCCAGGAATGCAAGGTTGGTTTAATATCCAAAAATCAATTAATGTAATGTACCATATTAATAGAATAAAAAGGGAAAACCACATTATTTTCTTAATAGATACCAAAAAAAATTTCTACCAAATCCAACACCTTACATTAAAA,"[[30182891, ""A"", [""T""]], [30182928, ""C"", [""A""]]]",yes,yes,C->A,2
chr4,154331369,154331775,TATTTTAAAGAAAAAAACAAGTGAAATAGAAGATCTTGAAAACTAGCCATATGGAAGTAAAGTGCAAGCAGGGTCATCCCATATAGCTGTATGGTTTGTGCCCTTGCAGCAGGAGTCTCAGTTTAGGGAGTGAATGAGAGTGGAAAGGCAGCTTGCAACCTTCTTGGCAAGCCATGTGCCCTGTGAAAACCCTCCATCTGCTGTGAAAGGTCACCTTCTCCTAATTCACAGAACAGAGACTTGAGAACAAAGGCTTGAAGTTCATCAGAACTGAATGCAAAGTCTGTCCCACTAAAGGCAGCAGCACCATCTGCCCAGGTTATGACATAGATGGTGCCTGCTGGACCTGCACAAAAAGGGAGCTTCTTCTCATCTTACCAGCTCCATGACTTTGGGTGTACTACTCG,"[[154331402, ""C"", [""T""]]]",yes,no,C->T,1
chr18,3510895,3511251,ATGCAACCACACAAGTTGGGGCTAAGTCAGATGTCTTCTCAAAAGTAAAACAAGGGATATCTTTCTTCATTCAGCATGGCCTGGCAAGAGCCCTGGCAAAGTATCTGGGGTGGAGTTGTGGCCCTTCTCTTTCCCGGGCTTTTGCCGTCATGTTCCTTGCATGGAAATTCCCTACTGGCTCCAGGATACTTGCAATTCCTGTGTCCAGGAGATGACCGTTCCTAGGCCCAGGGTGGGGAGATGACTGCTTGGGCCTAGAATGAGATCATGAAACAGGGAGGCTTGGGAGAAGCAGATGACAACTCATATTTCCTTGTCCTCCACACTTTCTTTTCCGGAGAACTAAAAACTCACTTT,N,no,no,N,0
chr22,45859592,45860062,CATGAGGTGCGTCCTGAGCCCTCCTCCAGCCCTCCCTCTCTGGCAGGTGACCATGCAGCAGCCGCAAAGCACTTGGCGGTCTCTTCTGGCTCGAGGCTGACGCCCACGCGAGCCCCCACCTAGAACCTCCCCAACCTGTGTCCACCGGGTGTGCCCCCAGAAATCTTCTCCAGGAAGACTTCCTGAACAGCCCTCTGCTCCTGTGACGGCTCTGGGCCCTTTCACATTTGCCTCCCTGCATTGCACTGAGCTAACCCAGGGCTGGGGCGAAAGCGCTTATTGATTCAACCTTCAGCAAACACTGAGCACTAACTATGCACTTGTATTAGTCAGCTCAGGCTGCCGTCACAAAATACCACTGACTGGTGACTAGGCAATAGAAATGAATTTTCTCACAGTCTGGGTGCTGGAAGTCCCAGGTCCAGGTGTCGACAGGGCTGGTTTCTTCCGGGGCCTGTCTCCTTGGCTTGC,"[[45859606, ""C"", [""T""]]]",yes,no,C->T,1
chr17,5523311,5523610,ACAAAAAACCAGAAAGAAAGAAAAAGAGCCCAGTGGCTCCTGGGCAGGAGGGTCCTACAGTAGCTGTCTCCATATTTTCTGCCGCCTGTCTCCGTATTTTCCTGATGTGACCTTGGCTCTGCCCTTGGTTTCTCTGAGTCATTGGGTCACTATCTTCCCCCCCGCTTAGATTTGTTGCATAACCTTTTGCTAAGTCTATGAGTTAGTCAATAACCTTTCAATGTATCCCTTTTCTGCTTAAATCAGCCAGAATTGGTACCTTTGATTGCAGTCTCTGACCAGCGCCAGGCAAGGACATTG,"[[5523317, ""T"", [""A""]], [5523382, ""G"", [""A""]]]",yes,yes,G->A,2
chr3,770567,770774,TACTCCAATACCCTATCATGATGGTGTCAGAGAAGGCAGAGTAGGAACATAGGTCTCTCACTCCTTTCAGACAATAAGCTCCCTTCTTCCACTGCAGAATCAATAGAGACAACATATGGAGCCTGGACTTCCACTCCAATCATGCATTAATGATATTCTCCTCCCTGTTTCAACTGGGTGCTATCAGAGCAGACTCAGTAGAAAGTCA,"[[770664, ""G"", [""A""]]]",yes,no,G->A,1
chr3,133440661,133441041,AGGGAAAGAGGAGCCTAAAACACTTTGTCCTCAGCATGACAGACTTCTAGGGGCCAAGGTGATCCTGTTTGCCCAACAACGGCAAATAAACCCCGGCCAGCAGTTCTAGCTTCTCACTGCATGCTCATCTGGCCCCTCTACAATGACGTTCCTTCCCAGCCACAGCATAGTCTGATGAAGTCAGGGTTTATTTACAGTACAGGCTCAGAAGTGTATTGTGGCTTCCAGAGTGAAATCCAACCTTAGCCCTCAGATGTCTCTCATTCTCCTTGGACACCCAGTGGCTGTGACTGTGCTTGTGAGTGAACTGTCTCAAGAGATGGCTAGACTTCTCCATTACTTGAAGACATTTCCCCTAAATTCACTTTCAGATGCAATCTT,"[[133440740, ""T"", [""C""]]]",yes,no,T->C,1
chr5,86875609,86875808,TATCAGTCACATTTCTTGGAATACAATTTTTTAAAATTACAAGTTGTTTAAAGTATTGCTCTAATAAATAACCACACAATGAGTCAAAATCTTCGGCCAGGTGCAAGTGGCTCATGCCGGTAGTTTCAGCACTTTGGGAGGCTAAGGCAGGAGGGTTGCTTGAGCCCAGTAGTTTCAGATCACCCTGGGCAACATGATGA,"[[86875645, ""C"", [""T""]], [86875702, ""T"", [""C""]]]",yes,yes,T->C,2
chr17,60827900,60828316,GAGTTCAGAGTTGTTTTTTCTTCTGCTCTACAACTTAACCAAAAAGTAAAGCTTTCCATCTAGAACCAGTTCATAAAACAACTAAAAGGCTTGCAGTTTCTCTGTGTAATCATTTCAAAACAATAGTTTTTTTTCAGCCACCAAGAAGGATGCAGTCTTGACATATAAATAGAAAACAGATTGAGTTTTTGGCTGATATTGCTATACTGGTTTAAATGTTGGTCCAGTCAACTTCAGGCTTAGATTACAAGATTTGCAAATTAGAGGAAAACCAAAAGGGAAAGAACATCTGCATAGATTCTGACTTTGTGGAATTCCATACAGGCATGCTTACTCTACTTCTGGTGGAACAGGCCATGTGCATAGTGAATAAGCCTGAAAAGAGATCACTGTTGTGTTGTGATTATGTTAAAGACA,"[[60827907, ""A"", [""G""]]]",yes,no,A->G,1
chr8,120917317,120917617,TGTGTGTATGTATGTGTGTATGTATGTGTGTGGACATGTGGAGGTGTTATGGAGTCTATAATGTTGTTTACTAATTCTGCCAGTCAGTTTTTTTCTGGGCCACAAGGAAGTGACATGCACAGATGGTTGACAAAGATAGGAGTTTATTGCAAGAACATAGATGGTGAGATAGAGGAAGAAAAGGTCACATTAGCAGTCAAGTCACTTAGGAGAGCCTAAGATGGTATGTGAGGCACATTTCTTATGAAACTAGACGACTCCCTCCATTGTCATTTGGTGAAGCCATTGGACTTGAGTGAAT,"[[120917351, ""T"", [""C""]]]",yes,no,T->C,1
chr20,20923695,20924010,CGCATTAAACCCTAAGCCATAGAGTAAGCTGGGACAGCTGAGAGGAGCAGGCTGCAGTTTTTAACGAGCACGTATGAGACACCCCCTGGGAAACTCCAGAATTAACTAACCTTGGCACAGAGCATTGCAATTAAAGAGATGGGGGCTAATGAGTGCTAATTTGTTGCTAATGTCAGTATGACCTCATTTGGTACCTACAGCCCTGTGAGACCTAGGGGCATCCATGTTATAACTAATTATGAATTGAGGGTGATGTTTTACATCATAAATACCAAAACAGCTTGGCAATGCATACCAGTAAGAGGGTAAGACTATG,"[[20923759, ""T"", [""C""]], [20923934, ""A"", [""T""]], [20924002, ""G"", [""A""]]]",yes,yes,T->C,3
chr16,68126309,68126775,TACTAAATGAAGTTTTATTTTGTAATACGTTGTTTCAAAGATCAAAGGAAGAAATGTTGGTGCTGGCAAAGAAGCCATTTGAATCATTGCTTGGCAATAATAGCATGGTGACATGCATCTTTGTGTGTTTTGTTTGTAGCACATCTTCATTACCTCCACTAGACTGGCCTTTACCAGCTCATTTTGGACAATGTGAACTGAAAATAGAAGTGCAACCTAAAACTCATCATCGAGCCCATTATGAAACTGAAGGTAGCCGAGGGGCAGTAAAAGCATCTACTGGGGGACATCCTGTTGTGAAGGTATGAGACTTTTGGGGCTTGTTTTGCAGATACCATACACCTAGTGATGATTAGACAAGTCTATTCAGTTAGGTACTAGAGAGTGCAAAGAGCATAAACTCAAAACTAGAGAGCCTCTGTTGTTTTGGGGGCTTGTTGATGTGACTACACTTGTGCATTGAGTTA,"[[68126337, ""A"", [""G""]]]",yes,no,A->G,1
chr6,118696380,118696616,TAGACAGCCAATAAATTAACCTGCCTCCCTGTGGCTGAATGTCCTCCTGGGATAGGATATCATGTCAGAGGTTCAAGATTTATTTCTGCTGCTAGCAAGTTGGGCAATCAGCAGTGACAGCCAGCATTGGTGATGAAAGGTCCATATTGTTGAGCTTGTGCATACTCTGCATCCAAGTTGCTGTAGACACTTTGTTCATGAGCCCGTTGAGTGAGCCCCAGGATCAATGGGGAAGAA,"[[118696434, ""T"", [""G""]]]",yes,no,T->G,1
chr6,55495312,55495626,CATAACATTTTATGAAAATTGTAACAATACAGCTTTCAGTATGTTTATATTACAGATAAAGATGAACACCCTATGCACACACATAACACACAAAGAGTACAAAATACCTGAAAGGCCGTAAGGATATTTGCTAAGGCTTGTCCGTATGTGTCATGACAGTGAACAGCAAGAGCACCTGGTGGGATTTCTTTCATCACACTTTCCAACATTCTTTTCATACTTCCTGGAGTTCCCACTCCAATTGTGTCTCCTAGAGAGATCTCATAACAACCCATGCCGTACAATCTCTTAGACACCTGTTGATAAAGGTGAAGT,"[[55495424, ""G"", [""A""]]]",yes,no,G->A,1
chr5,77008505,77008706,TGTAACTTCCAAAATTCCCATGTGTCGTGGGAGGAACCCAGTTGTAGGTAATTGAATCATGGGGAGGTGATTGAATCATGGGGCAGGTAATTGAATCATGGGGCAGGTAATTGAATCATGGGGAGGTAATTGAATCATGGGGCAGGTAATTGAATCATGGGCAGATCTTTCTCGTGCTGTTCTTGCAATAGTGAATACATCT,"[[77008547, ""G"", [""T""]]]",yes,no,G->T,1
chr2,170113202,170113522,GAAAAAGCATTAAATAAAATGGAGCTGCTAGCCCATTTATGAAAGGAATGATTGAAGCCATGGCAGACAACTTCTGTATGACCCCATGGACTGATCAGTGCTAGCTAAAACGACTTTGGAGCCCAGCCAATACATTCTCTGGAGAGCAGAATATGATGAGTTGTGTCAACAGTAAGCCAACCAGAACCAGGTTGCCAGGCAAGACATAACAGCTGCTATGCTCCAGGGGTGGGGCCCCCATGTCGATGTACAACAACAACTAACTTTTGATCCCCAGGTCTATGCACAAGTGTTTTTGTGCACTGTCAGGGCTTGGGACTG,"[[170113295, ""G"", [""A""]]]",yes,no,G->A,1
chr2,29580197,29580656,ACTGCTGCCCTGCCAGTCAAACCCATTTATCTCACCCAGCATGGATTGCTCATGTCAACCCGTGATTACCGTGCACTACCTTGATAACAGCCTGCTAATTATCCCAACATCTGAAAAGCTGCCTTTTGTAAATTACATTGCCACTAATGAAGCCCAGATGCACTCGCTTCGGTGTCCTCTCCCGCTCCCCCTTTCTCTGTAATGCACAGGAGCCAAACCGCAAGGCCACCGCTGGCATCTGAGCAACCTTATAACCAAAGTGTAGGATTTCAGGCCCAGCCACAGCACACGTCTCCGGTTGACATAACCCCCATTTGATTCAATCTGCTTTCTCCCAGTTTGACTGGGTGTCAGATTAGAGCCCCGTTATTACAGTCCATGCAGAAAACCCAGATACCAGGCAACACTTTAATTTGGGATAATAAGGAAGATGAGCAACATGTGGCACCGATCATGTAGG,"[[29580199, ""C"", [""T""]], [29580457, ""C"", [""T""]]]",yes,yes,C->T,2
chr9,63440876,63441180,AGAGGAACCTCCCTGGCCTCCTCTAGGAAAATCTCCCGATGACTTTCCAAACCTGACTGAGTTTGAGAACTTCCCTCAGCAGATAGAGGCACCAGAAGGAGCATTGGGGCAGCCCAGCCTCACACATCTGCTTCCTTGGGGTTTATGTTATGACTTGTAACACTGTGGGAGGGTTACTGTCACTCTGTTGACAGTAATAAGTTGCAAAATCTTCAGGCTGCAGGCTGCTGATGGTGAGAGTGTAATCTGTCCCAGATCCACTGTCACTGAACCGAGAGGGAATCCCACTTTGCAGACTGGATGCA,N,no,no,N,0
chr10,126879219,126879563,TAGGCAAGCTTCAAGATGCCAAAGAAGGCTTTCAAGCAAGGGGAAGAGAGAAACCAGAGCACAAGGCTCAAGCTGTCAGGTCACAAGCGGGGTGTCTGCAGAGGCAAGTGAGTTCACGTGGGCCCACAGCCCATGCTACAACTGGGAATTCTCAGATCTCTTGGGCCACACATTTACAATGAGCTAAATTGCTCTAAAAATGGAGAACTGTCTGATAATTGATTCTTTTTTTAATTCCCAGGAGGAGTCATCTCCTAATGACCTCTGCTGAGGCCCCCAGCTCACGATCACTTGGCACTCCACCAAAGAATTCAACCCCAAGAATTAAAATCATATTCTATGAAA,"[[126879288, ""G"", [""A""]]]",yes,no,G->A,1
chr12,16789487,16789737,AGAAAGTCTTTTCATGGACTGTCAAGGACCTTTCCTCCACAATGCTGAAGAAATGTAGTCAAATCAGGCTTTCTCTATCATTTCAGCACTTTCGGTGCTGGTCAGCACCCACAAACCCAAAACCAGGTTAATTTTAAGCTGCTGTGGCCCTGGGCCTTTCCAAATCACAGAACTTTTTTGACCAGAAGAGAGCTAAAGATACCAGAGAACTCATTCTTCCATGTATACATGAATTGTATAAAAACCTGCCC,"[[16789641, ""A"", [""C""]]]",yes,no,A->C,1
chr10,70080785,70081165,TGAGGCAGAAGAATCACTTTAACCCGGGAGGTGGAGGTTGCAGTGAGCCAAGATCACACTATTGCACTCCAGCCTGGGGAACAACAGTGAAACTCCATCTCAAAAAAAAAAAAAAAAAAAAAAAAAAAACCTAACTGGGTGTGGTGGCATGTTCTGAATAGTCCCAGTTGCTAGGGAGGCTGATGTGGGAGGATTCCTTGAGCCCAGGAATTTGAGGCAGCAGTGAGCTATGATTCTACCACTGCACTCCTCAGCCTGGGTGACCAAGCAAGGCCCTGTCTCTCAAAAAAAAAAAAAAAAAAAAAAAAGATGTCCAGAAGAGCAGAGTGGATAGAAATGCTGGATCCAGCCAGGCCTGAACCTAGATGCTGGTTCTGCCAC,"[[70080844, ""C"", [""T""]]]",yes,no,C->T,1
chr2,29387459,29387810,CCTACAGGCTAGAAGAGATATGTAGAAAAGCCACTGAATTGGGAGCTGAGTCCTGGATTCCGGTCGTGGATTTGCGTGGGCCTGGGCAAGTCCCTGCACCTCTTTGGGTTTTAGTTTCCTCATTAGCAAAATGCAGGCATTGAATTAAAAGTTCCCTAAGGGCCCTTATTGATCTGATATCTATACTTCCCTAGCTGATTGCAGGAGTCCTAGTAACAAAACATTTTATGAAAGCCCTGAAATCTCCAATGGACAAATAATATCCCACAGAGGTGGGAGGAGAATGATTAATCACAGAATCGCAGATTTATTTCTGCAAAAAGACTCAGTTTCACCCTCCTTGGAGAAGTGA,"[[29387540, ""T"", [""C""]]]",yes,no,T->C,1
chr2,91827987,91828278,CAGGAGGCTGAGGGAGGAGAACTATTTGAACCCTAGAAGCAGAGGGAGCCAGATTACACCACCACTGCACTCCAGCCTGGACGGAGAGTGAGACTCTGTCAAAAAAAAAAAAGTCCCTTTTCTTCACGTCTTTGTCAGCATTTGTTATTTTTGTCTCTTCTATAATAGCCATCCTAACTGGAGTAAGATGATGCCTCACTGTGGCTTTGATTAGCATTTCCTTGCTGATTAGTGGTGTTGAACATTTTTTCATATACTTGTTGGTCATTTGTATGTCTTCTTTTGAGAAATG,N,no,no,N,0
chr11,104409493,104409985,TCTTAGTATAATCTGAGTTGATTTAGTGTGGCATTTACACATCTCTCTTTCAGTGAATAATCCAATATCAACTGTGAAAAGGCAAGAGCCATATTGTATTCAAAGCTAACCTCAAGACATTTAGAAACTTTTTATAGAGAAAAAAATTATTCAGTTTTTTAATTACCTACCCTAGCTCTGCTCTTCCAATGTTGGTATTGCTCCCACTGAAATTAATGATCTGGTAAAGATTTGCACTTATGAAACTAACAGTCTGGATGAATAAATGAAAAAACAAACTTTGGATCAAACTGTCATTAATCATAGTCAAATATGCCACTGGCAGCAAAGAATCTGTGGTGAAAGTCAAAGGCTGATGAAATTCTCCTGCATAATCATCATGAGGAATACTAAAAGCTCGTGGCTGAAGAAAGCTAAATGCCCTGTAAACAATGGAAATATGGATACAGTAAAAAAAAAAAAAAAAAAAAAAAAAAAAAAAAATATATATATA,N,no,no,N,0
chr14,28805102,28805369,TTGCAAAGATAGGCAAGTCCCTACTTACCTTTCTGACTTTGTGTTCATTTACTCTGTCTCTTCATTGCTCTGTCTGGCCACTTTTGCCTCCTTTTCTCAAGGATACGCAAACCGTTCATGCCTCAGGAAACTTGCATTTCCTGTTCTCTCTGCTGGGAACACGTCCCCTTCCACAGGCATACTAACATACACACGCTCCTCCTTTCCTTTATGCAGATACAAATGCATCATTCCCTAACCCACTATCAAATATTCAACCACTCCTTCG,"[[28805214, ""T"", [""C""]]]",yes,no,T->C,1
chr5,19837706,19838114,TGTGATCCTGTACTGCCTACACGTTAGGGAAGCGCCACGGCTTAGATGGAATACTATTTTTTTTAGTACTAACAGTGCTAAAGTGAGAATAAATCATCAATCGGGGGATAGAAGCCACTGAGCCTGCAGTCACGGATATTCTACTGCTGTGCTTGCTGTTTCTCCCATAGGTTTTGAACAAACTGAAGTGTGGCTACTTCCAAAAACCAGTAATTAATCAGAAGAAGGCCTCTCCAATTCCCACTTCGTTCTCAATCCTAGAGCCTAGATGACACATGCTTAAACTCTCCCATGTTACTGACCACAAAATTTCCTGAACAGTTTGATCAGCCATTAAGTTTTCGTGTCTGCATTTTTGAGAGAAAGGGAACTTGACCTGAAATAACTGATCATTTTGTTAACTTCATTC,"[[19837728, ""A"", [""G""]]]",yes,no,A->G,1
chr11,11786289,11786610,TGTCTCTGTGTCCAAATTTCTCCTTTTTATAAAAACACCAGTCATATTGGATTAGGCTCCACCAGAATGACCTCATTTTAACTTGATTACCTCTATAAAGATCCTATCTCCAAATAAAGTCACTCTCTAAGTAGGGCACTGGGGATGAGGACTTCAACATACGAATTGTCAGGTGATGCAGTTCAACCCACAACAATGACTAATGAAAATTGTTACCATTCATTAGGCAGCTAACACATGTCAAGTATATAACTATGACTTTTTAGCACCCACAGCATATCTTCGGGTTATCTACTAAGAAAGTGGAGGTTCAGAGCATTTA,"[[11786469, ""A"", [""G""]], [11786534, ""G"", [""T""]]]",yes,yes,G->T,2
chr5,89034566,89034959,CTTTTACCATATAAAATGAACTTGAGGTAACACTGACCTCACAAGACGTCTTCAGAGCCAATACAATTGACCTAAATCAGAATTAAAACAACATATTTAAAGAAATAAATATGTCATTCAGAAAAAGAGAGTTGGTCAGCCCTGGAACAGAGCAGAAATGAGTCACCGTGGTGACCATCAGCTGACAGCCTCAGCACTCTCTGGGTACCCTGCAGGCCCATGCAGTCAGCTCCACCCTTTGGCAGGTCTTTCCATCTCCTGGAGACAGACATATCACAAGCCACTTAACTTCCCTATGATTCAGTTTATTTGTTTGTGAAATAGGGATATCATATAGTTCTCAAATATTTGACATGAGAAAGCATAAAAGAATGTCCTTGCTATGGACTGTTTG,"[[89034603, ""T"", [""C""]]]",yes,no,T->C,1
chr2,28558502,28558816,AGAGGTCATTTTAAAGTTCTCCTGCACAGCCTGATGGACACGCGCTAATGTGTGCAGCTGGCTTTGTGATTTGCTATTGTTCTTCTAACCACATGGTGTAGCTGTGGATGGCTGGGAAGAGCCAAGCAGGCTGTAATCATGTGGAAGGGTGCATGTGTGCATGGTGCATATGTGCATGGTGCGTGTGTTCATGGTGTGTGTGTATGTGTGTGTGTGTGTGTAAGGATGGATTCAAGGCATGGCGGTGGGGAGGAGAAAGAACACTGAAGAAGGATAGTCAGCAGCTCTTGAATCTAAGAGGCAGAGTTGTCATCA,"[[28558684, ""A"", [""G""]], [28558727, ""G"", [""A""]]]",yes,yes,A->G,2
chr2,30120309,30120654,TGTAACCCTAACTAGTCTAGCGGTAACCCAAGTAAATATTTTGAAATATTTTCTTCCAAATCCTTTTTAAAACTGAAATTGCATATGACAGTCTCATTTTGTACAGAGGACAAAGTGAATGTGCTGTATTGCTACATGATAATGGCTCTGTTAAGCCAGCTGAGACCCTGCTGAACAGGATACAGATGGCACTGGATGGTGGGAAAAGCACAAGAGTTTGGTTCCGACCCTGCTTCTTAGTAACTTGTAGGCTTTGGGCAAGTGATTTAACCTCTCTGAGCCTCTGTTTTCTCATATGCAAAATGAGCAATAATAATTCCTACCACATAGAGTGTTTATGAGCACT,"[[30120329, ""A"", [""C""]]]",yes,no,A->C,1
chr8,14449975,14450190,TGGTGCATATATTTAATATAATGCAATGTAATATGATCCAGAACCCTTTTACAGAAGAGAAAAAAACTGTGAAAGTGAAAATGAAAACAAAACTACATATTCAACATATTCATTAAACCAGAAAGAAAACAAAAATCTGCCAATCCTTTTAGACAGAGATGCCATCGTGAATGTCCCATAAGGCCACGGCTGTGTGATGAAGCCAGGCTACACAGA,"[[14450019, ""T"", [""C""]], [14450161, ""T"", [""C""]]]",yes,yes,T->C,2
chr14,93159384,93159595,ATATATAAATATATAATATATAATATATAAATATATAATATATAAATATATAATATATAAATATATTATATATTTATATAATATATAATATATAAATATATTATATATTTATATAATATATAATATATTTATATATTATATAATATATAATTTATAATATATTTATATATTATATAATATATAATATATAATATATAAATATATAATATATA,N,no,no,N,0
chr1,118479348,118479696,AATTATCTTCATGTGAAGACAATATGATTGTTTACCTGGAAAACCCAAAATAACAATATTTAAAAAATTATAAGCGGTAAGATATATCAGGAAGATAGTAGACGCTCCTTAGCCCAGTCATTTCCCAGCCACAAGGGTGGCCCTGGCGTGAGACCAGCAGAACTGCCCAGCTGCATCCAGTCCAAATTGTTGACCCACAGGACTATGAGCAAATAAAATGGTATTGTGTTAAGCTAGTAAATATTTGACTGCTTTATTACCCAGCAATAGATAACTGAAACACAGTATATGACAAACATGGCATGTCAAATCAGTGAAGAAAATATTCATTACTTAGTAAATGTATTTG,N,no,no,N,0
chr14,33040607,33041087,CACATATGACTTTGTTTATTACTTCATTTCATGAGTTGAGTGGAATCATGGAGGGAAGCAATGTTAAAGCCCCAAGGTTGTGTTCTTAACCCACCCACCTCTAACAGGTATGTGGCTTTATACCTAAGTCTTCTAACCTGTCACTTTGCTTTTCTTACATGCAAAATGTGGTTAGTGAATGACATTTAACATCTTTTTCCCTTTGCAGACTTAGGTAATTAAAACACTAATAATAACCCTTCATATTTGCATAGAACTTGCATTTCACAGTGATGTTTTTCCCCCAAGCACCCGAACTTCTCAATGACCCTGTCAGACAGATGGCTTGTTACTGTTCCCAATTTCTTGAACAGGAAACCACAACACAGAGTAGTTAAGTGAGTTTGTCAAGGCTGCACTGTACTACGTGGCAGAACTAAAACTAAAACTGAGTCTACTGACTGCTGGTCCAGAGCTTATTGGTGTGGAAGTAGGAGGTGAG,"[[33040850, ""C"", [""T""]]]",yes,no,C->T,1
chr10,103431917,103432237,GCTTGTTCATAAGTAGATGAATGAAACGGAAAAGATTAGCCTCGGGCCAGTATTGTGGACATTCCCCTTTGAGGAGAGAAACGGCCTTGGAGGGTGAGTATGAGTAGGGGAGTCCCGTACAGTCAATCCGTGGCCACTTGGGAGAGATGGTTTCAAACTGGAAGTCTTATCCAGAGATGGGTTTACTGTTTACATTTCCTTTCTGCAAACAGTGAGCTGGAGGATGGCCACACTGCTCTTAACACTCACTCTGTTAGCCCCATGGAGAAGATTAAACAGTACCAGGCCGGCCAGACTGTTACTTGCTTCTTAAAGAAAGTA,N,no,no,N,0
chr9,121239148,121239513,TGTATAAGTGTAACCTGTGAAGCCTCATCAACCAGTAATCTCTTCTCTGGCTGTAGAAACCTCTTGAAGTGCTTCAGTAGATGAACTCATATCTGTTAGGATAACCAATACATGTTTCTCATATTGGTATGCCAGAAATTCGGCTGTGGTTAGAACCGGGTGAGGGATGGCAATCCACCCAATAGTTGGGTCATTAGCCAAGTTCAAAAACAGGCAGATGTTGTCCATTGAGCCATTTTCTTCAAAACCAGATTTGAAGAACCAGGCAGTTTCCATGTTTACATCCTTAGCAGCAAATACAATTGGAAAATTTTCCTCAGTGTAGTCTACGTCTTTGGATTCATTTAGCAAACCAGTCTGGTGGCA,"[[121239183, ""G"", [""T""]]]",yes,no,G->T,1
chr14,35439323,35439745,TGGGTTTCTGTGTGCTATCAGGTAGTGCTTTGCCCCAGAAGCAGCAGCAATGACCTCTGGGGCTAGATTGAGTTATTAATGAAGCCCCGTGGGATCCTTTGCAAAAGAAGAGTTGTTATAAATGGGAAGTGTGTCCTATATGGGTCTCAGGGGAGCTGAAAACAAACCAAGGATAAAAAAATGATGCCACAGCTGCTACCACCTGTGAGTAATGTGAGGGTGAAATGTTGACAACACACAGATTCCCCAGAGGAAGCTTGGGGTTGACAGAGTCACAATACTGCCATGCTTTTTTTCATGGTCTTAGCATTGATTTTCAAATTACACATTCACTTAAAGCCTAACCTGACCACTCGGGTGTGGGACTGGGTGGCTATGCAAGGCCCACAGCAGCTTTATTTTCTCCACTACCAAGCATCAGTG,"[[35439450, ""G"", [""A""]]]",yes,no,G->A,1
chr2,158946832,158947187,GCCCCATTATGGTGATTTTAAAATACGTCGACAAATATGTTCCTACTTCTCTCTCCAAAAGGTGGGGCTTGATTTCACTTCCCTAAATATGAACTGGACTGAGTGGTGTGTGTGTGTGTGTGTGTGTGTGTGTGTGTGTGTGATTTATTAGATTCAACCATAAAAGTCATTTGGCCTCTTTCTTGCTCTATCTTTTGGATTGCTCACCCTGGGGAAAGCTAGCTTCCATGTTATGAAGACATCCACACATCCACACAGTGCTATGTCATGGCCCATGTGGTGAAGAAGTGAGGCCTCCTGCCCACAACCAGCATCACTCAGCAGGCTTACTTTGGCAGTGGGTCTTGCAGCCACAG,"[[158946861, ""C"", [""G""]]]",yes,no,C->G,1
chr10,90850996,90851426,AATACACAAATTTTAAAAATCATTAGGAACCCCAAACAGGGTTAACAGTAAATAAACGACAATAACAACAAAAAAATCAATAAAGCCAGACCTACAGACATCACAGAAAAACTGATAAAAATTAAAGGCAAAGACAAAACCCTAAAAGTCAGGGTAAAAAAGACACATTACCTTCCATGGAGTGATAATAATGTTGGCTAATGGCTGATTTTTCAACAGAAATGATGGCAGTCAGAAGACAATGGAACAATGTTTTAAAGTTCTGGGGAAAAAAACTAGAAATATAAAATTCCATACTCAGTGAAAATATCATTCAAAAATGAAGCTGAGGCTGGGTGCGTTGGCTCACACCTGCAATCCCAGCACTTTGGGAGGCCAAGGCGGGCGGATCATGAGGTCAGGAGATCAAGACCATCCTGGCTAACAAGGTG,"[[90851090, ""G"", [""C""]]]",yes,no,G->C,1
chr13,38697988,38698275,TATATCACTTTTGTCTTACTATTTGTAAAGCACTAAAGACAGAGATCTGTATAAATAGGATCTCCATGTCTAGTTGTTCAGATTACACCCTGCATGAGTTTGCCTACTTGAGTCAGTAAGAGGATGTTGGAATTCAGCTGCAGTTCCACTCATAGCCATGTGCTCACTGAGGTGTAGCTGCCCAAAGGAGCTGCTTTTTCCTGATTTGCTCATGGGTTCTGTGTGGACTAATACTGATGGAAAATGTGTTGCATTCACCAAGAAATCAGTAGTAAATTAATGTCTGTT,"[[38698027, ""G"", [""C""]]]",yes,no,G->C,1
chr6,39128128,39128466,GCATCCTCTATTGCAACCCTTATCAGCTGTATTACAATGGTCGGTTTACTAGTTGATAGGATATTGTTTCATGTTTCTGAATAGAGACCAAAAATAATAATGAACAAAATAGAAATGTGTGTCTTCCCAGCAGGCATCACATGAGAGTGTTATGGGGCCATGACTCAGGCCCATTCACTCTTGTTGCTCTGCCTCCCTAGGGGGTTGACAACATGGTGCAATTTGGCTCCAAGCTACACCAGAATTCCAACCTGTCCTAATTCCAAAGCCAGCCATCCACAAGCTATGCTGCCTGTGTTAGTGAAGTGTAGCTCATTGCAGATTAGGGAGGAAGATGCG,N,no,no,N,0
chr14,21049178,21049423,ACATTTCCAACTTCCCCTCCTGAGATATTTAAATTAGTCCTTAGAAAGGCTTACTATCCCCTCACTTCCATCGTGGAAGCCTCTTATAGTTTTCCCACCCTCTGATTCAGCTCCATTTTCTGGTTCATTTTTCATCACTCAAAACCTCCACCAACGCCTGTGACTCATGTCCAGTGGATTGGTTATAGCAGAAAAACATTGTGGTCATTACTTTCTATGGTTTTTTCATAGAAACTTAGTTGAACT,"[[21049222, ""G"", [""A""]], [21049266, ""T"", [""G""]]]",yes,yes,G->A,2
chr4,53522354,53522698,AATATTGAAGTGATTACTAAAGTCTACTAAATGTAAGGCACCAGGCTTGGTGCTCCTATGACTCTATACCAGTTAGCAATCCAACACAGAAATAAAGCAGACAGGCAAACAAGTCCAATATGTCTATACTTGCTTAGTGCTGGGACCTTAGGGTTTTATTACATATTGACACAGAGAGTTGCATGGATGTTGGTTGAGCCTGTTTTACTAGACTGCAAACTTCCTAAGGCCATGTCTCCTGTCTTTTGTATCCTCCACTGTACATACAGGGTTGAAGACACAACAGACATTCATGAAATACTTCTTTACTTTTATTAGGATCAAATAGGAATTGCTCTTTTTCTG,"[[53522358, ""C"", [""T""]]]",yes,no,C->T,1
chrX,54325771,54326033,CATCATAGAGCAAAAACTGGTTGTATTTCCATGTGTAAAAGCTAAGTGATGTTAATTTTCAAATTGTTAGTGGAGGAAGAAACTATTACAAACTCCTGTGACTGATTCTTTCTGAGAGTTGCTAAACTGGTCTTTCAGTAACATGTGACCAAGTCTTTCAACATCATAAACTAAAATATAGTCTTCTAAATAGCACTTACGACTTATAGCCCTCACTCACAGTAATTTACTAATTTACCAAGTAATCACCAAGTAATTTACCA,N,no,no,N,0
chr11,19320761,19321222,GGCGCATGAAACTTGTGAGCAACGAAACCAATGATGCATATCTATGGTCTGATGCAGAAGTAGAGAGAGCCAATTATGGAGAAAGACAGCCAGGGCTCCAATCCTTACTCTGGTTCTGTTGTGGTTGGAGATGTTTGGTCCCTTGTGATGGTTAAAAAACCAGGCAATGGCTAGATCCTGACCTCTTCTCATGCAATTGAGGACACATGTGCTACTCAGAAACAGAAGAAAGGGAATCAAAGCATAACCGTATTAATACTTGTACATGTGCTTGGCACAAGACAGGGCCTTTGGCAAAAGCTGAATTGTAGAGTCTGGCTTAGATTCAGGAGTGGGGTTTTTCCACTTCTCCAGTTTAAATCAAAATCTTGGGAATAGCAAGTTCAGCTGTGCTGAAAGTTGGAGAGCGTTCTCTGTCTCTCTGTCTCAATCTGCAGAATAGATCATGTCCCTTTTTTTTTT,"[[19320763, ""T"", [""C""]], [19321168, ""A"", [""C""]]]",yes,yes,A->C,2
chr20,10895507,10895711,GATCATGTTCCTTCATCTGAACAAATCACTGAAGCCAAAGGAATGTCAACTTTGATTGACAGGTCATACGGTCATCCCTGGAACTGGTGAAGTGAGCTCCACTTAAATTCCATGGACATTTCCCCAAGGAGATACTGGATAGCTGTGTTGGAAGCTTAGTCAATTACTCCCAGGTCCTGACACCCTCCCTGCAGTAGAAATTACA,"[[10895529, ""C"", [""A""]], [10895622, ""G"", [""A""]]]",yes,yes,G->A,2
chr12,81252327,81252534,CTGAAAGCATCTTGAAGCAATACGCTATTTTTGATCACCCCTGAACCCAGCGAATGTTTGCAACACAGGAGTCATTTAGCAAATATTCATTGAATGAATGAATAGAAGAAAGAACAAGGACTGCCAGATGTGCTGTTGGTTAAAAGTTTGCTCACTGTTTTCTCTAGCTATTAGAGCTAGAGAGTCACTGAAATAATGATTATTGGGG,N,no,no,N,0
chr1,232130840,232131185,TCTTTTCTCTTAAAAACAACAATAAGAAAAACATTGGAAATTCCATGTCCTAGTGAAAGGAGTTAGCCAGCTTGCTTTAGGCAAACAGTAGGGAAGGGGCCCCAGAGAACCTCTTACCCGCCCCACAAGTGCTTACATCAGATGTTTTGTTCAGATAAGGAAACTTGCACAGGGTGCTTGCCTAAACATGCCTGCAGTGGAAAGTTGAATTCTTGAACACATGCACAGTAAGGGAATTAAATCAATATAGAGAAGTTTAGTCTAAGGGCCTGCATGTTCACTAGAAGGATGGGGTGGAGCCGCCAGGAATTCGTGCCTTAAGCCCAGGTATTAAACCGTGAGGGGG,"[[232131052, ""C"", [""T""]]]",yes,no,C->T,1
chr16,22556833,22557163,CTTTCTTCAGGTTGCCATGGAGTCGTGGCCCCCTCTTCTGATGACATCTTCAAGTTGGCCGAAGCCAACGCCTGCTGGGCCCTGGAGGACCTGCGGTGCATGGAGGAAGACACATTCATCAGGACCGTGGAACTGCTGGGAGCTGTCCAGGGTTTCAGCCGGCCTCAGCTGATGACCCTGAAGGAGAAAGCAATACAGGTGAAGCCCACCTCAGGGAGGAAACATTAAACAGAGGAAAAAAGAAAAACACCAAAACCAGTTCAGCATTTCTGCACATAGAACCCTCCTCGAGCAGTTTTCCCATACATCATCTTGAAATTTTACTGCATCA,N,no,no,N,0
chr3,95833326,95833527,ATTTTATTTCAGCTTATGAAAAAAAGCATCACAATAAATAAAGATGTTGCTTTGTTAATGCTGGAAAATGCAATATGAAAAGAACAATCTGAAGCAAAAGTGAAACAAAATCTATCAGTGTTTTGTTTTGCTTTTTTATAATGTAAGGAAACCGTTGTGTTACTACATGCAATAAATAAAGTACATCTTTTGATTTCAGTTG,"[[95833349, ""T"", [""A""]]]",yes,no,T->A,1
chr4,162485336,162485805,GATTATTTTCATATTTCCTGTTCACATGAATTATCAGCAATGGCACAGACTCTCTTTCAGAGAAAAAAAAAAAAAAACCCAAGACTAATCCACTGTTTATAACTACTTAAGAGGCTTAAATTGGTTTATGCTGTTTCTAGAACTTGGGCTGTATCATTTACTATGTGAGCCGAAGTAATGGATGGACAAGTTATAGATGACCACTTCAAATCCTCCAACACTTATAGAATCATTATCCTTAGAAGTTTGTTTCACTCAGTGATACCCATAGTTTAGACAGGGTGATAGTCTTTCAGACCCTTAGTAATGAGACATTATCTACTCAGGGTAGAGGAAAGTCATTCACTTAGAATAGTCCTGCTAGTCACATAAAATAATTAGCCATGGGTCTGAGTCATCATTGAGTCATTGAAAAGCTTTATTTTTTTTTTTATTTTTTTAGACGGAGTCTTGCTTTGTCACCAGGCTCG,"[[162485398, ""G"", [""A""]], [162485760, ""A"", [""T""]]]",yes,yes,A->T,2
chr11,129237481,129237728,GCTTTAGCGTGTTAAAGGAATGAAGAATGCTCAGGACTGCTGCTTTAGATAACGCTTTCAGAGAACTCCTTCCTCTGTGAGGTGGGGACATGAACAGAGGCCTAAATGAACTGAGTGCATTACGTGGATCTAGGCAGATGGGTGCACAGCTGCAAAGGCCTCGGGGTAAGAGCACACTTGTGTCCAGTGTGGTGCAACAGTACGGTGAGGGCAACAAAGTGATAGGAGAAAAGGCTCCAGAAATAGGG,"[[129237533, ""G"", [""C""]]]",yes,no,G->C,1
chr17,73692,74091,TCTAAAGCTCTTACAAAGACCTCAGTGATAGATGTGACAGGAGCATCTTTTGTTTTAATATTTGGTCTTGGTCCCAGGTTTCTAACACAAGAGCCTCTAAGAACTTTGGGATCTCCAGCATGGTAAGAATGCATTTGGGGATGTTGTTGAGATGACTGGGTGACTGCAAGCTCCTAAATTTCTTCAAGAGGAGGGCTGATTACCATGCAACCACATGGTAAGAGGCTTGGAACTTTCAGCCTCATGCACTGAACTCCAGGGGGAAGAGGGGCTGGAGACTGACTTAATCACCAACAGCCAAAGGTTTTATCAATCATGCTTGCATAATAAAGCCTCCATAAACACCCTGAAAGGGGTTTGCAGAGCTTTCAGGGTTGCTGGACACAGGAGATGCTGGGAG,N,no,no,N,0
chr1,19223458,19223771,AGTGAATGATACGCCCAGTGACGCCATCCATGAGGAAGATGCCAATAAAGGTGCGCTCATGGTGCGCGTCTGTGCTCTCTGTCACCACGGCCAGCAGGTTGGGGTTCAGGCTCTGGAGAGAGAGAGAAAACCTCCCTTAGAACCACGACGACTCATCACACACTCCATTCCTGTGCTGTGAGACCAACCTGGAGCTCTCCAGCCTGGCAGAGGAATCAGGGTTTCTGGTGAAAAGAGCTTCCTGTTTGGAATTTCTCATCACTGCACTTGTTTTATGTGCATTGGGTACTGGGTGCCATGCCAGGTACCTTGTA,"[[19223486, ""A"", [""C""]]]",yes,no,A->C,1
chr2,200122713,200123038,CATGGTTCCTTGCCATCATACTTTCTCCTGTAGGTGTTGGTGCATTTTTGTCCATTCTCTGAGAACCAGCTCTGCCACCAGCAGAGGTGGGCCCAGAAGCCTTATTTGTGCTGCATAATCCCATACTCTTGACCATAGATAACTTGGCCATGACTGGACATCTGCCTCCAGTTAGGCAATGCCAGTTTTCTCTTTCACAATCAGAATAGGGACCTGGAAAAGCAAATGAGTTTCTGTTGGTTCTCAAACTTAAAAGGTATTTAGAATCAAAAGACACTATCAAGACTGAAAAGACAACCCACAGTATGAAAGCAAATAGCTTCAAG,N,no,no,N,0
chr1,164051795,164052187,ACATTGTTTAGGAAGGGTCAATAGTCTGAGACTTTATCTGTTTGACCCAAGCAAGAGATTGTCAGATCAGAAAAAACAGCCACAGCCCCTTGTCACTGCTCTGGTCATAAGTTTATAGTTCAGGCTTCTCTTTGCAAAGGATCATCAACATCAACATGTTGTTTCCAGGGTCATAAATTTGCAATGTGATGAGACATAACCAGATGTTGCCAAACGTGAATTGACTCATAAAGCAGCCTCTCTCCTGCTCTGTCTTTCTTCCCAACTCAGAGAAGCTGGTGGTCCATTTAATTCTTCATATCTAGCTTGGGGGGCTTGATGGTCCAGAATGAAGTCAATCATTTTCAGTACCAATTATATTTTTCAAGCTGAATACTGGTGTGGTCATTAGCA,"[[164051815, ""G"", [""A""]]]",yes,no,G->A,1
chr3,44529794,44530228,GGAAGGCTAGCAGGTGATGAGGGAAAGCCAAGACAGGAACTCTCACAGTAGGGAACTGTACAGGGAGGAAAACTCTGTTTTCTCTTCCTGATGAGAAAGCTTACTTTGACAACTGCCCTTCCCACCCCCTTTCTAAAGTTCCCCAGCAAAAGAGAGGCCGTTGCTAATTGGATGAGTCAGAGTCCCAGACATTAGCTGGCCAACCTTATTTAGTGGACATGATAAATGTTTCTTTTAAAGCTGGGACCTTCATTGCCCTCTCTTTTTGTGACTTTGTTCTTCTGCTATGGGACAGGGCAGAGGGTAATAGCCTGAGATTTGGTTGCAGCCTCCAGAGGGCAGTAGAAGTCTTGCTTGAGTCTGATCTAAAAAGCAGGACAGCATATACTGATCTTCATGGTTTCTTGGTATGATTATTAATGGCAGACCCTTTCT,"[[44529845, ""A"", [""G""]]]",yes,no,A->G,1
chr15,47609876,47610157,GCCACTGCCCCTGTGGCTTCAGCAGCCCTGCTGCCTTTTGCAGCATCCATTAGGTGCTGCATGTGTGCTCTGTTCTGCCTAATGACCCTGTCTTTCTTCCTGCTCGATCCAGCCTGGTCATTATCTCCTGGTGGCTGCTTTGAGGATATCCAGACTGTCCAGCAGCCTGCAATAGAGTGAGGAGAATTGATTTCTTCTGTGGTTAAAGAGGGGTCTTACTAAGGAAGTATTTCTTGACTCTCAGTGAGTTAGACAGTTTAACACAAAGGTTCTATTTTTGCT,N,no,no,N,0
chr7,117285828,117286217,CCCTGACTTCCTTTTGCTTTATATTTGTGAAGTATTCCCAGGATGTGTGGCCTGCCTGAGTCCAGAGCCCAACTCCCAGACACAGAAGGTTGCAGACTCGAAACTTCTTGTCATCTTTATACCAAACAATTGTGAGATCATCGTCCTAAACCCAGTGTCTATAAGATCCAGGCAAAGTCGTTAAGGTTTGGCAATGTCTGTGCTGTGGGAAGGAGCTGCTTCCAGCCAGATGGACCTTTTGCTTGCCCATATGTGTTGTCATCCTGACTCGCACAAGAGCTCACAAATGCATAAGATTAAAAAAAAGGACAAAGAATTGGAGTTTCTAAATCACATAAGTTTGGGACCATGTAACACTTTTGGTGGAGCAATGCCGAGGGAACTTGATGG,N,no,no,N,0
chr11,41461132,41461403,CATATTAAAATACCTTTTCATTAGTTCAGAACACTCACTATATTCTTTAAGTTGAATTAAATTGCTATTATCTGGAAAAGTATTGGACAGTTGGAGAAGGTAGATAAAGGTGAGTTATAGTGCAGTGTAATACCAGGTATTGCCAGCAGATGTCACAAAAGAAAACACAGGTAAAATAATTCTTCCAAGAACGGCAAGAATTTAATCTTATTTAGTAAACACAGATCTTAATAAAATTGATGGGACTAATATGAAAAAATTGAATTTTTACA,N,no,no,N,0
chr15,42600986,42601269,CTGGTTTTCCTAGGCAGAGGGCCCTGCCGCCTTCAGCAGTGTTTGTGTCCCTGGGTACTTGAGATTAGGGAGTGGTGATGACTCTTAAGGAGTATGCTGCCTTCAAGCATCTGTTTAACAAAGCACATCTTGCACTGCCCTTAATCCATTTAACCCTTAGTGGACACAGCACATGTTTCAGAGAGCACGGGTTGGGGGTAAGGTTATAGATTAACAGCATCCCAAGGCAGAAGAATTTTTCTTAGTACAGAACAAAATGGAGTCTCCTATGTCTACTTCTTTCT,"[[42600994, ""A"", [""C""]], [42601005, ""A"", [""G""]], [42601074, ""C"", [""G""]]]",yes,yes,A->G,3
chr6,63868411,63868695,TCTAGAACTAAAAGGACTCCTGCATGTATTAACTTAAAAAAATAAATAACTCTTCTTGCACTCTTTGTATCTAACAGATCATTAGCCGATTTCAAAGTTGGCCACCCACAGTGTCAAGAGAGGGAGGTTCTCAGCAGGAAAGAGTGCAGAAATGAATCCTTATGAATAATGTCTCCAGATAGTTCTGAAAAATAAAATTGCTACTGGCGGAAATAACCCATCTCTATGTATCGGCTCTGATAGCACCACAGCCCAGGCTTTAGGAGGTATGCAAATGAGATCCCA,N,no,no,N,0
chr4,173571643,173572012,TGGCTGCCACTTCATGGCTTGATACTAACTAGTCCTTTTCATCTTCAAAGTACCTGTGAGGCATTAACATGACTAATATTTATAATGCCACTCTGAGGTAGGCACTAGACGTCTGGAAGTGTTGTATTCTTTTTGAAGATATGAAAACAAAAGAATTGAAAGTGGTGTCTACTTGAATGCTGATGATGAACATTTGGCTTTCTAGTTCTGAGTTTGCAGATGTCTAAGCTGGCACTTTGTCTTCCTAAGATATTGCTAATTCATTCTGCATAACAGGGGACTCCTTCAAACTCATCACCATAATCCCCATCATCAAAAAAATGTAGAAAAATTAGAGAGAAACGGACTAGTGATTGCCCCTGGGTTGTGA,N,no,no,N,0
chr3,159600256,159600622,TCTGACCAAATGTAAGTTTTCATCTATTTCATATTGTCTAATCCTTTAATTTGCTGTTTTCAGGGATACTGATAACTTGTATATTCAGATGCTTTACATTGTCCAACTTGTCATGCAGGCTTTGCTCATACTTTTTCATCATTTTTTGTCCAGATGGGTTGTTTTCAAAAGACCTGTCTTCAAGTTCTGAGATTCTTTCTTCTACATGGTCTAGCATATTGTTGAAGCTTTCAAATGTATTTTGCATTTCCTTCAATGAATTCTTCAGTTCTAAAAACTCTGGTTTATTTAACAAAATATTTATCACTTTAGTAAATTTCTCATATCCCCAATTTTTTGTATTTTTTTCAGAATTCTTTTGTATCTC,N,no,no,N,0
chr5,147661646,147662005,TATATTACTTTGTTCAGATGAATATTTGATGTTCTGGGGCCTTACTATGCAATGTGTGGTCTGCAGACAAGCAGCCTCGGTATCACCCAGGAAGCATGTTAGAAGCACAGAATCCCTGGCTTAGCCCCAGATCTATGACTCAGAATTTGCACCTTAACAAATCCCCATGTGATTGGTATACGCCTTAAAATTAGAAAGTATCGCTATCATGGTTTTTCCCTTTACGGGGAGGACTGCAAAACAGATCGCCTGGAGAGCTTTTTAGACTACACAACCCTAGCTAGATCCAAACTGATAAATGTGTGTCTGAGAATAGCTCACAGTTTGATATTGTGATAAGGCTAATAAATTAGTGCCTCA,"[[147661797, ""T"", [""C""]], [147661954, ""T"", [""G""]]]",yes,yes,T->G,2
chr11,49169533,49169926,ACCATACTGTAGTTTATCTTTCAAAAAGTTGTCTTAGCAAACATGAATGACCTAAGAGACTTTTCAGTGAAAATCTTCCTATAAACATCTCATTATTTAAGCAGAGAATCTTGTCTGATTCATATGGAATGAAGGTATTTTAAGTGTATGAAATTTTAAGTTAAATTTCATGTTACGAAAAATAAGTGAACTTAAATCATCTCCTGACCAGAAGTCAGGCTCTCCTGTAGGATGGTACCATCTCCTGGTCAATATTGATAATTGCACACTTTTAGAACAAAGCGTAGCAAAGTTTTTTTGAGATATCAATGTGAATTCTGAGTCTCTAAAATACATAATTTCCTAAGCATTCTGACTATAAGATAAAAAATGAAAAAAATACAACTGTAAGTGA,N,no,no,N,0
chr4,35079893,35080240,GAAATATGCCCTCTAAACAAGCCCCTCGGCTCACTGCTCTGTGGGAGACGAGAAGGAGAAAAGAGCTGTGGCCCTTCTGGAAGCCCAGACATTGGGGCTCCCCAGGCCAGGGCTGTGACACCCTTGTTGGGTCTCTGTGGTTTCTGGCATCTCCAAGCTTTCAGGCTCCACCGCACTCCCCCTGTCCAGAAGCTGATGCCTGCAGCAGAAGCCACTTGTGGTATGTGTGGTCTAGCTGCAGCCTTGCATGGAGCCAGCACCTGTGCCGACACCTGGAGCTGCCCACCCCCCCCCCCCATAGCAGCTGGTGTGCCTGGCTGTGCACAGTGGCCGGACACTGCACTTGCT,"[[35079897, ""C"", [""T""]]]",yes,no,C->T,1
chrX,16205867,16206201,TTCTGTTGGGTAAACATGTACCAATTCTTTCCTCTGTTAATGAACATTTGAATTTCATTCAGTTTGTGCTTATTACTAATATTGCAACTATGAACATTCTTCTGTGCCTTTTGCTGAGCCAATTTCTGTTGGAAATATATCAAGGATTGAAATTTCGTAAGACAGGCAAATAATCGCTTTTATAATACTGCCAAACCGTTTTCCAAAGTGGTTTTGTCAATTTGCATTCCCACCAGCAGTGTATGAGAGTTCCAGTTGCACTAAATCCTTGCCAACATTTGTTATGTTCTGTCTTTTAAAATTTTTAGCCAATGTGATGTGCATATAGTAGTCTA,N,no,no,N,0
chr7,114981849,114982283,TCTGACTTTCAGTTTTGAAGTTATGTTTATTCTCTGGCAATGTACTGTAATAAAAACCAAAACCAAAACAAAACAAAAAATCCGTTGAACTGGTAGATGGCAAATTAAAAGGAAAAACATTCTCAATTCTGCCACCAGCTTGCTGGGGTACTTGAGTTTCTATGGGCCTGCTTTTTCTGTGGAATGAAGGGTTTGGATTAGATAATTTTAAAAATTAAGTTCGGTTCCAAGATTCTGTGAGTCTCTTTTTACAGCACCTGCTTGACTCTCAGGATAGATCTCTTGCTCTATAGAATATGTGATCTCTTGTTGAGGAAACACCTAAAACCTGATGTGCAGAATGGGGCAGGGGCAGAAACAGTTGTGGTGAACAGAAATAGCACCTGAATTTCAGGAGGCCCATATGTCAGAACAGTAGGCCTTGAATAGGCAGCA,N,no,no,N,0
chr20,46077924,46078195,GGATTTGTTTATGTTCTTCAGGATACTCACACATACACACAAATCAACCAACAGAGTATTTACCTGCAAGCTGCAAGCATTCTTTAGAGAGAACAGACAGAATACCAATTTACATGCCCACTTCCGCAGTGAAACCAACGAATGGCCAGGGAATCCACACGACAGCTGTGGTATATACCTGTAGCTATGGTATTGGATTCAACTCTGCTGCACAGGCAGAGTGGACAAAGACTCCAACTGAATGAAACCAGCAGCATTACTTGCCCTTAGGG,"[[46078101, ""G"", [""C""]]]",yes,no,G->C,1
chr1,106178772,106179091,TAAGCAAATCTCTCCATTTATAGTAGGCCTGCAAAAAATACAAACCAACTCAAATTTCCACCGTAATTAATGTTGTTACAGTTTGTTAGAGTTCATGATTTTTTTAATAACTGTCATAACATTAGGCATGGTAGAAGGGAAATGCCTAGATATGTTGCTTTCAGCCCAAATGCTGGCTCTTTCTCAGCTGTCATTGCAACATGAGACTGCTTTTTTATTCTTGGGTGAAGGCCAAGGGAACATCATGCCAGTCTCAATGCAGTTGGAAAAGGGCAATGGTGAGCTAATGCTCCTGCTCAAAAGTAGCATTTGCCTCTTCC,"[[106178834, ""A"", [""G""]], [106178859, ""G"", [""A""]], [106178862, ""T"", [""G""]], [106179007, ""A"", [""G""]]]",yes,yes,G->A,4
chr5,131984982,131985304,TGGAGGTAGGACTCAAACCAAGGCTCTCAGACGCCAAACCTCACACTCTTTCCCTAGTCTCCAACACAAAGGCCAGGCAGGGGCAGAAAGCAGGGGAGTGAGAGCTGTTTACCAGAGAGAAATGATGCCAGTGAGAAAGGACCTTCCCTCAGCACATGATCCAGCTGCCCATGACTCTGCTGACTCAGCTCTGGGAGGTGCCAAGCCCTCACACTGGACCTCCCAATGCACACTATCCATCTGCATCTGGCCACTCTTATGCAGGGCACTGGGAGGTGCAGGAGGTCACCCAGTGTCTGGAGCCAGGAACAAGACAAGGCTCA,"[[131985036, ""C"", [""T""]]]",yes,no,C->T,1
chr12,50747863,50748247,GATCCTAGGAATTCAGTGAGACCCTGGGAAGGACCAGCATGCTAATCAGTGTCAGTGAATCCACAGTCTTTACTTCCTGCCTCATAAAGGGCCAGGTCTCCCCAGTACCAAGTCCTTTCCTCATGAAGTTGTGTTGCCTCAGGCTGTTTAGGGACCATTGCCTGTCTTGGTCACATGAGTCTGTCTCCTTACTTTAGTCCCTGGGCAATCCTTGCTTAATGCTTTTGTTGACTCAACGAGGGCCCGAGGCCTTAGGTTTTCTATTAAGGTCTCTGCCCCAGGCATGGTGCTCTATATCTTGGCCAAATAAATTACTTTCCTTGAATATCCAGGAATCTTTTAGTCTAAAGCAATGAGGAGTTATCACCTCATCCTCAAACTCCAA,"[[50748100, ""A"", [""G""]]]",yes,no,A->G,1
chr22,49264257,49264505,TGGCTGCCTGGCTATTGGATCTGCAGAGCTGTGGCCTTATTTTGGATTGTTTCTTCGTCTTTCTCCCTCAACCCTCCCTCACCAAATTCTCTCAAAATATTCTGCTGAGTGATGTAGTTCAACCACAGAGTTCCCTTCCTGTTCTAATTTCTGGTTTTAAATTAGATCGACTGTTTCAGGTTTCATTTTATTAACAGAATGAGGTAAAAGAGTCACCTTGTTTAAGTCTTTAATTTGTGGGAAAATGTG,"[[49264283, ""G"", [""A""]]]",yes,no,G->A,1
chr1,247220210,247220426,CCAGCTCCTAACCGCGAGTGATCCGCCAGCCTCGGCCTCCCGGAGGTGCCGGGATTGCAGACGGAGTCTCGTTCACTCAGTGGTCAATGGTGCCCAGGCTGGAGTGCAGTGGCGTGATCTCGGCTCGCTACAACCTCCACCTCCCAGCCGCCTGCCTTGGACTCCCAAAGTGCCGAGATTGCAGCCTCTGCCCGGCCGCCACCCTGTCTGGGAAGTG,N,no,no,N,0
chr15,80212034,80212396,TACCCTGGGGTGGCCCATAGCTAATGGCTAACTTGTGCAGGAGTATGAAAGTCCAGCTCACTAGTCCTGAGGGAGGAAAGACTCTGTTGTGTAATTTACACTACAGAGCACCACAGGATCAGGCTGAGACTTGCCCTTCATCTGAAATTGCACCCTTGCTGGGCTTCTTTCCCTTCTAGCCCTGCTTCCTCCAGTCCCGTGTCAGTTTCTCCTAGGAGCCCTTCCCAAATAAATCCTTGCACATGAATCACTGCCTCAGAGTCTGCTTTGGGGTAACCTGATCCAAGGTAGATGAATATCAGTTTTCTGTATTTATTCCATACTTTTAAATTCAAGATATCAAACTTCCACTGAAAGCCACAA,"[[80212087, ""T"", [""C""]], [80212113, ""A"", [""G""]]]",yes,yes,A->G,2
chr5,57710152,57710418,TGGCTTTTCAGGCCAAAGTTCTGCTGTACCATATCAGCCTTTACTCCTTCCTGTACTAATTAGTATTGAGTTCTCTCTATCAGAGAAGTCTGTGGAGCTGACTGTGCAGTTCCTCCCATAGCATATCATCACTGTTGCCAGTTTTCACCAGATGATTTTTCTTCAGCTCAGTAATTAGTTCTCTGTGTTTGTAGAAAATGGTTTGGGGATGGTGGAATCAGAGAGATGACCTTTGTCTGTGTTGTGGAGAGACTGCCTTCCTGGTGG,"[[57710171, ""G"", [""T""]]]",yes,no,G->T,1
chr16,26514099,26514445,ACAGGTTTGAGCCACTGCACCTGTCCAACAGATTCTATTAAAGTGGCTTTTAATGAATTCACATATAAGCATGTCTCTGAACCGAGGAAAATGTAACTCAGAATAGAAAATCGAAACCAGGGATTAACACAGAATGCATAAGCAGCCCATGAGGGCTAATGAATGTGCTCTACTAGTGTTCAACTCTGAACTTCCGGATCATCATGTTGACTTGACAAAATACACTGTCATCATCCACCTATTTCTGCCGCTAAAACCTTAGCATAAATTATCTAGATCAAGGACTTTCAAAATTCTTATGTTGTCACCCATAATACACTCACTCCCGCACCACCTACAGTTATGCC,"[[26514122, ""G"", [""T""]], [26514428, ""C"", [""A""]]]",yes,yes,C->A,2
chr16,88824651,88825105,GGGTGGAGTTCCTGCCTGTATCACCCTCCTGTGCCTCCCCCAGGACGGTGCTCAGGGGCCACGTCTGGATAGAGATGGGGGCAGCTCCGCCTGCGCCCACGTCCCGAGCCCTGTACCTGTCTGAAGTTCTCCCAGGAGTTGGTCCAGGTCCAGAAGTGAGCCTTGTGCTGCCCGAGGGTGGCCGCCATCAGCGTGTCGCCACGGTAATAGAAGATAGGCCTGTGGGATGGGAGGGGAGGACCATGTAATGACAGGAAGGACACGCTGGGGCCACCTGGAGGCTCTGGGCTGCGTCTGTCATCAGTGGCTCATGCCTCCACGTGAGGTCTTGGTTGATACTTTACAAAGATGATTGAAAAGTAAAAAGGCCCGCAAGGTGGCTGGGGCTGGGGTGCCTGGGCGGCCGGGGCTGGAGCTCCTGGGTGGCCAGGGCTGGGGTGACTGGGTATCTGGGG,"[[88824670, ""C"", [""A""]]]",yes,no,C->A,1
chr4,44996356,44996618,GATCACCTGGTATTAAACTGTCTCTCTAAAATAAAAACTGGTCGCAGCCAGCAGCACCAGGGAAAGGCAGTCTTCCAACGGATAAAAAGACCTGAAACTCTTGATCAGCAGCTTCTCGATAAGATCTCAAGAGTTGGGTGAGTCAGCTCAATTCAAGCTTGTGCATTAACATGAAAAATGGTGGACTTTTACTGGTATATAACCTTCCAGGGACATTTGATTAGTAAGGGAAGAATGCCTCAAGTGAGCATGCTTACAACTCC,"[[44996362, ""A"", [""C""]], [44996539, ""A"", [""G""]]]",yes,yes,A->C,2
chr12,98990669,98991045,AAAGAGTCATGAGAAAGAAAAATATAGGATAGCTCTTTTTAAGTCAAAGACATGAACTGTTTACTCCAAATTAGGGCAGTGAAGACCTGAGTTGCAGACTGTCTGGTGATATCTTGCCTTTCTGTTAGGTAAGCACTAGGGTGGCTGAGCTGAGCTGCTGCAAATGTGACATAACCGGTTTGGGACTATGGTGTGCACCTGCTTGCGCTATATGCATGGCATGACCCAATTGAGATTATGGTGTCTTTAGTTGGCTTGTCCTAGTGGCAGCAGGTGAGGTATCCAGATCTGCACCTGAACCGAGGTATTTGAATAAGTGATAGAGGAGCAATTCAAAAGGCTTTTCTGAAAGTAAGTCAGTGAGACTGGTTGTGTGA,"[[98990675, ""G"", [""T""]]]",yes,no,G->T,1
chr4,10205327,10205648,GAGGTACATACAGAATAGTCAGTGGCACTTGGAACATAATAGCTGACTGTTCTGGCAAATATGAGATGGCTGTGTGCTCACACGGACCTGACAGTTGACCTTTCATCTTATAAAATGTATGACTCACAGTCCATCATTGGTCATTTGGACAGTCACACTTGCAAAAAGGTTCTGGGTACTTATTGCCATGACTGTGTCATTGTTGGCAGGTGTATGGGGTCAACTTGAAGGCTTCTGGCCTACCCATGAGTAAGATGAAGTACATCCTTAGGGGGAGGCATCTGGACTACCCTTTGGAGTGGAAACCAATTATTACCCTAGT,"[[10205377, ""A"", [""T""]]]",yes,no,A->T,1
chr9,42409580,42409852,TGAGAAATCTTCAATTGCTTTCCACAGTGGCTGAACCAGTTTACATTCCCCTCAACAGTTTATAAGCATTCCCTTTTATGCACACACAGCCTCACCAGCATCTGTTGTTTTTTGACCTTTTCATAATAGCCATTCTGACTGGGGTGAGATGGTATCTTATTGTGGTTTTGATTTGCATTGCTCTGATGATAGTGATGTTGGACATTTTTTCATATGTTTGTTGGCCGCTTGTATGCCTTCTTTTGAGAAGTATCTGTCCATGTCCTTTGCCCA,N,no,no,N,0
chr1,27996411,27996695,GGAAAAAAAACAACTGGGGTTCAGAGCAGAATATAAACTCTTCAGACCAGACTTTTCCCTGAAAAGAACAGTAAAGTGTCATAAGAATTGTGCCCTCCATGACCATGTGACACCACAACATGTACAACTGGATGCTGTACCTGAAAGAGAAACCTTCCAATATTCTCAGCTCTACCTGACTAGGTCCTTATTAAGGTGGTATGTCCAGTTCTACTCCGTATTTGAGAACTGGTGGATAGAACACTGAATTTTGGGGTAGTTACTGGGAAGAACATTTTACTTATA,"[[27996558, ""T"", [""A""]]]",yes,no,T->A,1
chr18,37989730,37990181,TGTATTCACTAAGCAATTAATGCCTCTAGTCTGTGCTGGCTATTGTTGGGTATACAGCTCTGGCTTTTAAGGAGCTTATATGATCTTTTAGGGTGATAAGACTCAAACTGTAATCAATGACAGTACTACAGTTTACTAGACCCCAAGGGCTGTGGACAACCAGGGAAGAGAGAGGCTCTGCAGGTTAGAATAGCTAGGAAAATCTTACTGAAGGAATTACCGTTCTGCTTGACCTTGAGAGATGGATGCTGGAGGAATGGAGTGTGTTTTAGACCAGGGAGGTCAGCCGAGGTACTAAGTGGATTTCAGAGGGCAGCTAGGAGTGCAGCCATCCTGCAGCAGAGATTATGGAGACCCATGGGAGTCTATGCATTGTTGAGCTGCTGTGAGCATGGACCCAGCCCCATTATATACACAGAAATTACTGTTTCCCTCCCTACTATGAGGGTCTG,"[[37989741, ""G"", [""A""]], [37989994, ""C"", [""T""]]]",yes,yes,C->T,2
chr1,227816733,227817025,AGGGCACAGCCAGGTCCCACAAAAGTGAGGCTGCTCCTCAAGTGCACAGCCAGGTCCTCATAAGCAAGGCTGGTCTCTAAGCACCTGGCCTTCCCGATTGCTCCTCCAACAGCCCCATTCACCACAGCTGCCCCGCACAGCAGGCACGCCTCTCCTGTGGCCATCTGGCCTCCAGAGGGATGTGTGCAACCAGGTTGTCAGTAAGAGTCAGAGCAGGTCTCACATGCATGGGCTGCTGGCCTGTACAGCTGGTGGTCGTGTACAGACTTGGGTCCCCAGAGCCTCCATGGGCC,"[[227816735, ""T"", [""G""]]]",yes,no,T->G,1
chr3,114239705,114239952,TGCTCACATTAGCAAACACCTGGAGAGAGTTCAGGAAAGAGGATGGCCGCTACACAGAATACAACATTGTTCAGCCGCCTGGGACTGCTGCCCTCCAGTACTTCTCCCAGGGGAGCCAGGGAAGCATCACAGTTTATGTTGCAGAATCCTCAAAAATGAAGGGTGTAACAGCACCAAATCGCTCTGGAGCTGGTGAGGAGTGGAAGCCATCATATGGAGATTGGTGGCAGTGGCTTGAGCTTTGAGCA,"[[114239797, ""G"", [""C""]]]",yes,no,G->C,1
chr2,174075974,174076337,AGTTGGTATAAGGAAAATTATAATCAGTTGTTGTGTAAGATTCTGAACTACTTCCTTGTAGTTTTTAAAATTTAGTCTTGACAATGTGTATACATAGAAGTATGTACTAGAATTCATCATACGGTTTCCTGACTAATGGCCCTAGTTACAAGGAGACTCTAACAGGTTGCAGTTGCAAAGACAGATATTTCTTCCACTTGTAAATTAGTCAGCAAAGCAACTGATTCCACCTGCTGGTATGCAGATCCAGACATGCAATCTGCTGGTAATTTTAATAGAAGCAAGCAGCAGTTCCAGAAAACCAGGTTTAGTCCATGGCATGAACTTTACTTTACCATAAGTAAAACAGGCTCTGCAGCACCCA,"[[174075995, ""G"", [""A""]]]",yes,no,G->A,1
chr5,141938247,141938539,GAAATGAGATGACACTAAGGGACTTAGCACAGCCTGACAGCACAGTAGGTATTGAACAAATGGTAGCTGCTCTGATGATTTTGTAGGAGAGGCAATATCCCAAGGTTGCCTGAATTACCCTTCTAGGGCTCTAAGAGCCCTGCTCACTCATGAGTCACTGGGGTTGGGAGTTAACAATGCCTGGGGAACCAAGCCCTTGAAGAAGTGCTGGCTCCAAAGTGGGAGTCCAAGAATATACAGCAAGAGTAAGAGTTGCTCTCACCTCTTCTTGTAGCCCCGGGGCCCAGCGACCT,"[[141938338, ""A"", [""G""]], [141938467, ""A"", [""G""]]]",yes,yes,A->G,2
chr20,60903632,60903900,CCTGGAGAATGAGTGACCCAAGGGTGGAATGTCCCGACCAAGCATATTATTCTTCCCCAGAGCTCCTCAGCTTGGCTGTAGAACTGAGTGTGGGGTGGGGGTGGGGAGACCGCAGCCAAGCGAGAAGCAGGTGACCTCAGCACAGGCAATTTGCTCAGCTCTCATAAACTGCTATGCCACCAGGTCACTCACATCAGCATCGCTCGTCTGCAAACAGCCCCAGCTGTCACAAGTAATAGGGCGAGGGTGAGACCTCCGTGTGTTTTCTG,N,no,no,N,0
chr1,15305395,15305748,GCTGATTCCTAGAGCCACGTGGAAAGAACTGGAAGCAGGCAACTAAAGCCTGGATTTGGATCGTAACTCTACCACCGACTGATCCGTGCAATCCCAAGCAAGCAACCTCACCCCTCTGAGTCTTGATTTCCTCACTTGCAAAATGGGAGCTGATGTGGTTTGACTGCATCCCCACCAAATCTCAACTTGAATTGTATCCCAGAAATCCCACATGTTGTGGGAGGGACCCAGCAGGAGGTAATTGAATCATGGGGGCCAGTATTTCCTGTGCTGTTCTCGTTATAGTGAATAAGTCTCATGAGATCTGATGGTTTTATCAGGGGTTTCCGCTTTTGCTTCTTCCGCATTTTCTCT,"[[15305399, ""G"", [""A""]]]",yes,no,G->A,1
chr10,99406190,99406620,AGTAGCGATAGGACCGAATGTCTTTAAAACCAGCAGCGGAAAACACAGCATTGTGATTCTCTGCATGCAAAGAAGTAAAAAGTTAAGCACTTTACAAACACTAGGAGGCATGAGTGGAAAGGATGCAAGTCAGCTTCCAGGGCCCTCCCAGGCTCAATGTCCACTGGGCATCATCCAGGCTGGGGGTTAAGATGTAGAGGAATGATTGTAACCAAGAACAAGTTCAACCAGTCACATTAATGCCAGACTTATATTCTACTACAATGATACTTCCTGCATCTACATTCTATGCCTCCTCTGGGGAGTTTCAACATAGCCTTGGTAGATACAAGTCTACTAAGAGTCTTGAGAAAGAGTATTCTTAACTTGATTTTGAGCAGCAGGTTTCTCATGCACTGCCATAACCCACTGTTCAAGCCATTCCCAACAGT,N,no,no,N,0
chr8,11295303,11295590,GTAAGTATTTTGGAAGCAAAATCTAATGAAACATAATTTTATATCATGACTCAGTGTAGCTCTTCCATTTCTTCATTAGATAATTTAGTCATGTTCTCTGACTCAAATACTGAAGACTGATAGGAAAAGCCTCACCCTGGTTCATTGTCATATGAGTGTAATGGAACTTTCTTGACTTCCAGCAGTGTCTGGTGTTACTCACGTTATATGAGTAGCTCAATTCCATGAGTTGCTTGGAATTCCATTTCCAATGGCTTTGTGGAATTTCCATGAGTTCATATTGGTTAA,"[[11295347, ""T"", [""C""]], [11295448, ""C"", [""T""]]]",yes,yes,C->T,2
chr1,81118455,81118914,GTAAGTGTATGTTTTACATTTTAAGAAATTGACAAATATTTTTCCAAAGTAGTTGTGCCATTTTACACCACCAGCTGGGTGAGAGATCCAGTTTCTCCACTTCTTCACCAGCACTTGGGAGGGTCAGACTTTTAAATTTTAGCCATTCTAAAAGGTGAGCAGTGGATCCCTTCATGGTTCAGTTTGCATTTCCACAATGACTAACAGTGTTGAGAATTTTTCTGTGTTTATTTGTCATCCATATATCATGAGCTGTTAACAAATCACTCAAAATATGCTTGTTAGCAAAATTTTAATGTTATATTCATAATGAAAATCTGTGGTTCTGTATGACAATTCCCTAGGGCTTTTTTTTCTTTAGAGGTCAGGGGAGTTCAAAATGTGGTTTTTTTTTTAATTCCTTATCATCAGTGGTACATGCCTCTGCACTGAATAGTTGAAAACCTAGTGCCCCTTTCTG,"[[81118486, ""C"", [""A""]], [81118839, ""T"", [""G""]]]",yes,yes,T->G,2
chr11,127521475,127521913,TATGTGGGAGACTTAGAGGTTGTTTCACAGTTCAGGGTGTTTACACTTTTTGCCACATGATCAACCAGCAACTCATAGTTTTAAATTCTTTCTCTACTCACTTCTGAAGTGGCACAACATAACACAGTCACGTAATTCCCCACTGCCAAGAGTAAGTGTCATTTTATGTTTATGCCTGGCTTCCTAGGAATCTCCTCTGAGTCAGAGTAGCTTACTGTCCAGTGAGTGTTTGGTCAGGAGCTGTGTTTAGACTTCTTATGCTAGTTAAGCATCCACTCCATGTAAGTCTGCCCCATCTCCTCTGATTGCTTCTGAGTGAATTCAGCCTTCCTGAATCTCAGAGTTGACTAAAATTCCAAGGGCTCTTCTTGATTATCTTTTTCCACGGTCCTCCTTAATAAACTCCTGGATGCTTTGCCATTTTGTTTAAGTGATACCA,N,no,no,N,0
chr12,54818098,54818414,AGCTGTCAGACAGGGACATTTAAGTCTGCAGAGGATTCTGCTGCCTTTTGTTTGGCAATGCCCTGCCCCCAGAGGTGGACTCTAGAGAGGCATGCAGGCTTCCTTGAGCTGCGGTGGGCTCCACCCAGTTCTAGCTTCCAGGCCACTTTATTTACCTACTCAAGCCTGGGCAATGTTCGGTGCCCCTCCCCCAGCCTCGCTGCCGCCTTGCAATTTGGTCTCAGACTGCTATGCTAGCAATGAGCGAGGCTCCGTGGCCATATGACCCTCTGAGCCAGGTGCAGGATATAATCTCCTGGTGTGCCGTTTGCTAAGAC,"[[54818210, ""A"", [""G""]]]",yes,no,A->G,1
chr2,56566514,56566965,CATTTAAAGATGAGTGGGTCTGCAATTTGTAATATAATTATTATTTTCTTCTAAATTTAATGTTAAAAATTTAGACAACATTATCTGGTTTTCTATATTGGAAATTAGAGTTGATTTCTCTAGATCTCCCTATAGTCATTGTTTGTAAACCATAATGTGTGGCCATCTGCCTGTTCGACTGAAGGTCCCGGGGGTATTTAAGAGGACCTATCTCTCCTGTTTGCCCTCATCCTTTTTATTTCCCAGAAAGAACATGGTCAGCACTCAGTTTTGAAGAAATTCAAGCATTCTTAGTTCAGAGACGGGTAGATATGATGGAAAAGGAAGGGAGAAAAGAAAGTTCAGAAGCCATGCAGATGTTTTAAACACACCTTATATCAAATCTCCATACCTATTTTCCATCAAGCATAAAATGTAGATGTAAACTCATGTGATTCTAACTGCTCATCACC,"[[56566542, ""A"", [""G""]], [56566608, ""G"", [""A""]], [56566665, ""G"", [""A""]], [56566847, ""G"", [""A""]]]",yes,yes,G->A,4
chr1,239903500,239903706,TGCTGATATTCACAAAGACAGAACACCTTTTAGTTGCAGGTGACAGAAAGTATCTCTGGTAGCCCAGGCAACAAAGGAAAGGCAAGGTCAAGGAGGTGGTGTTCACCTCAGGAGTGGCTAAATTCAGGTTTCAAAGGACATCATCATCATGCTGTCTCTGTTTCCCATACTCCCTCCCATCTCTCTCCTTCCTTCATGCCTTTCCTC,"[[239903510, ""G"", [""C""]]]",yes,no,G->C,1
chr15,80527952,80528356,TTGTAGCCTTCCCTGCACTGAAGGTTTTAAATTATTCTTCTGGAAGTTGGATTGAAGGGAGAGGAGGGACAGGAATAGGCCTGAAAGCAAAGGGACCATAAAGAGGAGTACTTATGCAATAACCCATGGAGAAGCTGTGAGGCCGAACTAGGGCAGCAGCCGTGCACATGGGGAGGGGTGTGGAGAGTTTATGAGAGCTGGGAGATGTGTGATGACTGGGATGAAGTAGGCCACAGGCGGGGGTGGCAAGGACCACAGCTGGCGGGTGGGGACGCTGGGATCCACACTCAGGGAGGCTGATTCCAGAGTCTGAATGCTTAAGCATTACCCTTGCTGCCTCCTTCACTCTGCCAATGGAGCTGAAAGTCATCTGAGGCTTTGCATCCAGAATTTAGATTTTAGATA,"[[80527966, ""A"", [""G""]]]",yes,no,A->G,1
chr9,77651936,77652220,TGCCCTGTTTCTAATTCAGAATGCCAAGGAAATGTGCAAATAGAGGGCTGGAAAGATGCAGTTCACTTTCACAAGTGTATTGTCTCTGAACTTAACAAGTAACATAGAGTAAAAATAGGACCTTGAGGAATTTCACAAAGCACTAATACTAATGTAACTTTGCTGCTCTATGTCAGCATTTTTCAAACTGCAGTTGTGACACATTCCTAGGGTGTGGCCAATATTTTTTCTTAAGAATAAAATATAAAGAGCCAATATCAAGGTTGCTGTATGTATTATTATTTA,"[[77652066, ""G"", [""T""]], [77652092, ""C"", [""A""]]]",yes,yes,C->A,2
chr6,120659113,120659313,CCACATTTCCACTCTGCACTTCCTTAGTAGAGATTCTCCATCAGGGCTCCACCCCTGCAGCAGACTTCTGCCTGGACATCCAGGTGTTTCCATACAGCTTCTGAAATCTAGGCAGAAGCTCCCAAACCTCAGCTCTTGCCTTCTGTGCACCTGCAGCCAACACCATGTGGAAGCCACCAAGGCTTGGGGCTTGTACCCTCT,N,no,no,N,0
chr21,40003409,40003615,GTAAATCCTCATTAGGTTATAAACCCTGAAAGGATTTTGTCATCAAAGATAGTGCTAAAATTAGATGCTTCCTGGCTGAGCCCATTCTGCTTGCTTGAAGAAGTCAAATTACTTCCCCCTCTGTGAATTCAAAGCCCTGACGGATTCGCCTCTCCCTCCAGGCTGTCAATCCAGTTGAAAAAGTCATTTGCTGAGTACCTGGGTATC,"[[40003512, ""C"", [""T""]]]",yes,no,C->T,1
chr18,65429657,65430082,CCCCTCACTCTCTCTTCCCCCTGCTCTGGCCATATGATGTGTCCACTCCTTCTTTGCCTTCGTCTATGATTGTAGGGATTCCGATGCCTCCCCAGAAGCAGGTGCTGCCATGCTTCCTGTACAGCCTGCAGAACCGTGAGCCAGTTAAGCTTCTTTTGTTTTTAAATTACCCAGTCTCAGGTATTTATTTTTAGCAATATGAGAACAGACTAATACAACCAGTTTCTCACATTCAGGTTACAAACACATTTCAAATGCTTTTCTTAAAACTGCAGCTTCTAAGACTTAGCAAGAAAATCATAGAAAGCAAAGAAGAAATATCTGCGATTATGAAATCCATCTCTCCTGGAAAAAGAAAAATTAATTTCTGACTTAGGGTTTTATTTGCCCTTTAAGACACTCAAGCATTGTTTGTTTTAAGAAAGC,N,no,no,N,0
chr5,121628850,121629094,CCAAAATTAGGGCATCAGTGGGGAAATGTTCTCTCTGAGACTCTAGGTCTAATATTTCTTGCCTCTTTCTAGCTTCTGGTGGTGGCTGTCAAACTTTGGCACTCATCCATCTGCAGTTGCATCACACCATTCTCTGCCTCTTTTGTCAGATGACATTCTCTCTGTCTCTTCTCACAAAGCTGCCAGTCAGATTGGATTAAGGATCCACCTTACTTCAGTATGAACTGATCTTAACTAATTACACC,"[[121628998, ""C"", [""G""]]]",yes,no,C->G,1
chr4,176763042,176763290,CTTTGGGATATAATCAGGAGAAAGCTCTCATCCTAGTTGTGGTCTGAAGTAACACTATCTGTGTGGTTCGAGCAGACTTAAGCCAAAAATACCTTTGAAAGTGGTCTCTATTTATAGTGTCCACAGGTGCGGAGCACAAGCAAACAAAAAGCTGCTCTAGAGAAATTCATCTTCAACTAATTCCCAAACACAATTCCAAGGAAAAAGGACCAAAAGTGAAAGATCAAAAAGCACGCCATTTCTATTAAT,"[[176763043, ""C"", [""T""]], [176763230, ""T"", [""C""]]]",yes,yes,C->T,2
chr21,17925870,17926303,TAGTAATGTAGTGATTATAAGTTTCTTTGAGATGTTTATTCTTTTTCTTTGTTTACTCATGAGGATATAATTTGAGATGTTTAATAGACAATTAGTATTTCAAAACTTATTTTAATTTGTGGTTTAATTAATAGTAATTTAATTAGTTCCAATAAGCATAATGAGAACATAAAAACTCTAAATTAGTAGGTGTAATGATTCTTGTCTTTCCTCAAGAGGGCAGCAAAACCGCACTGCTCAGTTCTCAAAGATCAGGATGAAAATCTTAAAAAGCTGATACACAGACAGCTTTCATATTAGTCCAACTAATTAAACATAACATGTGTTGATATTTGTATTGCCATTTTACAAAAGTTTAGCTTTTCCTTTATGAAATGAAAAAAAAATTTAATTCTTTGTTTTAGGTTAGACAACAGAATTATACTTGCCTAGGG,N,no,no,N,0
chr18,64409597,64409878,TGTTTGTGTTATTTGTCATGGCATCTTTATGGAACTAGCATACCCCTTCTCTTAACTTTCAAACTAATTGAGGCCTTCTGTCAGCTGAAGGAAAGCCTTTAGAGTTCAAAGATGGGGCCCTCTGGTGGTGAAATTTAAGAGACTCTCTAGGGCAGGATTTTTTTTTTTTTTTTTAATTTAAGTTTTAGGGTACATGTGCACAATGTGCAGGTTAGTTACATATGTATACATGTGTCTAGGGCAGGATTTTATACTTGGTTCTATTCAGGGATGTGGTCCCTG,N,no,no,N,0
chr1,23986567,23986905,CTTGGGTGTTTCTCACAGAGGGGGATTTGGCAGGGTCATAGGACAATAGTGGAGGGAAGGTCAGCAGATAAACAAGTGAACAAAGATCTCTGGTTTTCCTAGGCAGAGGACCCTGTGGCCTTCCACAGTGTTTGTGTCCCTGGGTACTTGAGATTAGGGAGTGATGATGACTCTTAACGAGCATGCTGCCTTCAAGCATCTATTTAACAAAGCACATCTTGCACCGCCCTTAATCCATTTAACCCTGAGTGGACACCGCACATGCCCCAGAGAGCACAGGGCTGGGGGCAAGGTCACAGATCAACAGCATCCCAAGGCAGAAGAACCCCTCCCAGTACA,"[[23986682, ""C"", [""T""]]]",yes,no,C->T,1
chr15,38704697,38704998,CATAAATCAAATTTTTAGATCCATCAGGCTTGTTGTCGGATAGGGCATTCCTAAGTATGAACTTATAATGAGATTATTTTGAAATGAATGACTTAAAATTATCTTTTAATGTAAGTACCTGAAACGTCTATTTATACTGTCCTGTTTTGACTGCATCACACAGGAAGTTTGTGTGGTGTGTTTGACTCACTGTTAATTTCATAAGTCCGTGTCTCAGTTACAGGTAAAGGCCCTTTGGAATCGAATCAGCTTACCTGCTTTTTTTTTTTTTTTTTTTTTTTTTTTTTTTTTTTAAGCTGTGG,N,no,no,N,0
chr14,52464249,52464556,TATTACATATGACGATAGACGGCAAAAATTTCATCTTTTTGTTTCTAGTTGCTACCAGATTGCTTAGGGCTAAGTTTTATGACAAACGACAGTGTTTTCTAGACTTTCTACATAATTACCCCCTACTGTTTTATTGCTGAGTTTTTACACTGTTTTCAATGATTTTATCCTATTTGTGCTTTTTATGATCTGAAGACTTAAATTCTTCTTGGAAGGAGGCCTAGTGTGAATAATAAATGAGAAGGTTAGGGCACCAGGCACCTGAGGTACAGAGAGGACACTGTCAACCGTTGGAGCAAAAACATTCA,N,no,no,N,0
chr13,108096150,108096632,CATGTTAGCCAGGATGGTCTCAAACTCCTGACCTCAGGCAATCCTCCTGCCTCAGCCTTCCAAAGTGCTGGGATTACAGGAGTGAGCCACCACGCCCGGCTGAAAACAATGTTTTCATGGGGTGGGAAAGGTTGGTTATAATCGGATTCATGCTACAACTTCTTCTCATAGCTAATATTTACTTTTGTGATTAAACATAGTTTTCTTCTATATAAAAGCCTATAGGTGTTATCAATCCAAATCAAATTACAGAGTGACTGATGTTGAAACAATTTTCTGTCTCTTATGCAAAATCAGTTGCTCAAACTAAGACACAGTCCCTTTCCAATGAAGGAAAAGTCAGGCTGTGCATAAAAAGTGAGACCTTGTTAAGTTGACTCTCACTGTTGACTTAAGCCCAGTGGCTTCCTGCTCCATCTCTTCACTTCTTAACCGAACCTTGCTCCAAGCTTGGTTTCCCTTCGAGAGTCTTTGTAAAACATG,"[[108096171, ""G"", [""A""]], [108096304, ""G"", [""A""]]]",yes,yes,G->A,2
chr7,156558217,156558565,GAAACGGGGTCTCAACATGTTGGCCAGGCTGGCCTCGAACTTCTGACTTTGTGATCTGCCCACCTCAGCCTCCCAGGTTCCTATTATTCTTTTGTGCCCACAATGATGAACACACCTGGTGATTCAGACCTCAGGAACCCTGGCCTCATCCCATGCTCTGATCTCATCCACACTGGCCTGTTGCCTGGTTAATGAGCTGTGATATCATAGCTTGTGAGGATGCATACTTGAGCAGGGATGAGACGCTAGGCAATGTTAGAGTCAACGCAAAGAAAAGAAATAAATACATTCCAAGCAGTACAGAAGGAAAAAAAATCTTAGGTATAATGGTTTTTTTCATAAAAGCATT,"[[156558231, ""C"", [""A""]]]",yes,no,C->A,1
chr3,76084000,76084416,TGGAACTGAGACTGCTGGATATTGTGTGGGGGAAAAAAATCCATGCAGAACCAATGATATGTAGGAATTAATGGAATTCCTAGGAAAAAGCAGACACTTTTGTGCTCTTTCGTGAGGGAATATGAGAAACAGCTGCTGCCATGTTGTAATCATAAAAGCAAACCATAAGTAGAAGCCAAATATGTAGAAGAATGCAAATCTGAGAAACAAAGAAGCAAAAAGAAAATAGTTGTGTACGCTCTTCATATGACTCATGTAGACTCTTTAGTCATATGAAGTAAGAAATGGCTGTTACTTAAGGTGGAGTTGCTTAGTCTTTTCTTCTCCACAGCCACCGGAGTCCTAATTAGTCATTTATCATGTGCCATTAATTAATTGTGCTACATATTTTATGAACCTTATGTCATTATATCATTT,"[[76084027, ""T"", [""G""]]]",yes,no,T->G,1
chr8,104492174,104492555,TATATCATTACTCAATGGTATCGACATTTAGATTCCTTCTTAATCTTTAAAGTTTTATTTTCTATAGTTTAGTATTAAGTATAAATATATCATTCTTTGAAAACTAGTTAGCTGTAATTAGTGTACATGAAAGGTTGTCCAACTGAATAAAAAATCTATTCTTTTTTCTAGATGAACGAGTTTAGAGTTTGTTTTTAAAAGCACATAGCATTATATAAGATAGTCTTTAAGCTCCATCTAGTGGTTATAAAAAGAAGTATTCAAACTTGAAACAGCTTTCACCAACCTGGCATTTAGTATTTAAAAATTGTATTTCCAGGCAACAATCTTAAGTTGATATACTCTCCTTCAGTTGATGATACCATCTCCTGCCAAAACTCAC,"[[104492377, ""T"", [""C""]], [104492494, ""A"", [""C""]]]",yes,yes,T->C,2
chr12,98212452,98212723,AGAGCCCTGTGCACAGCATCAGCAGGGCAGTTATACCTTCTACAGACAATAGTGGCATAGAGCCAAGTATGAGCTTACACAAACAGATTATATAACAAGTGGAGTATGCGTCTGTGCCCTAAACTCACTGAGTCACTCTGGCCGGGATGTCTGCCTCGGCCTATCCTTGACCAAAGCATATCCATGTAGCTTACACTGTGTGATAAACCTTCTCTAAATTTGAAGGCATGCATTGCAGGGCTACTCTGATGCTCTTAGGAGCTGGGGCCTGA,"[[98212469, ""G"", [""A""]]]",yes,no,G->A,1
chr2,145109265,145109642,AGAAAAAAAAGGCAATATAATGTACTTAGTGAAACCAGCAAATTTGCCATTTTTGCTGCTTTAGCAAAAATGTTAATACTTCAAATTTGTTAGGGATGCCTTGGAAATTCTGCTTATTTTTCCCTCTTTGGAGAGTTTAATGTGTACCTTAATGCCCCCTTTCATTATCGGCCTGGCCTTCTTCCTAGCTCTTCCCTGCTGACTCCGGACCTATCCTGGTTATTTTGTGGTTGTGGCTGGCTCTTGGTCATTCAGACATGTTTGTGGCTTATAATGTATCAAATTAGATGCTACAGTCTCCTAGGTCTCCTCCCTATTCCCTGACAAAATTTGTCTTGCTCACAAATCTCCACTGGCCTCCCTGTACTCCTTAATCGA,N,no,no,N,0
chr3,104943993,104944259,ACTTTTAAGATAATATGAGCATTTTATAGAATTTGTGTTGACCACCCTGAGTTTGACAGCTCCTCAAAACTTAAAGACTTCCAGATAAGATCAATAGTGACATTAACAAAGATTGTTAATATTGCATCATGAAGTGAGTCAACGTTTGTAAGATCTACATGACCCTATGGACCAATATTTCCCAAATGACTACTTCATGATCCTACAAAACCATACTTAGGTAAAACAACTCTTCAGAATAGGCAATAGACTTAGGGTGAGCTTTAT,"[[104944161, ""T"", [""G""]]]",yes,no,T->G,1
chr7,25112474,25112914,AGTCCCTTTTGCTATACAAGGTACCATTCACAGGTTCCAGGGATTAGGGCATGGACACGTTTGAGCCCTTATTTAGCCTTCCACAGTGTCCGTGGGAGAGCTCAGATAAATATGTCTAAAAGACAGTTGAGTGTATAGCCGTTGAGCTCAAGACAGATTTGCACTGTGGATATGAAGTCATTGGTGTTCTTAAGGCATGCGTGTGGATATTGCCAGGGGAAAAAAATATACAGAAAAATTTTTGAAGGCATAACTTTATGAGTCACTATTACATAAGGAGTGAGTGTATCAGAATTAGTGGCCGGGAGTGGTAGTTCACGCCTGTAATCCCAGCACTTTGGGAGGCCGAGGTGGGTGGATCATGAGGTCAGGAGTTCAAGACCAGCCTGGCCAAGATGGTGAAACCCCATCTTTACTAAAAATACAAAAATTAGCCGGGTG,"[[25112486, ""C"", [""T""]], [25112882, ""C"", [""A""]]]",yes,yes,C->T,2
chr4,20905032,20905371,TAAAAGGAAAAACGTTCTGCTTGCTGAAATGACATTTTGCATATAGGAAGTGTGTTACGTTGCTAGGGCTGCTCTAATAAAATACCACAGACCAGGTGGCTTAAACAACAGAAATTTATCTCACAGTTCTGGAGGCTGGACATCCAAGATGTAGGTGTCAGCAGGTTTAGTTACTTTCAAGGCCTCTCTTTTTGTCTTGTATCGATGAGCACCTTCTCACTGACCTCACATGCCCTTTTCTCTGTGCTAGTGTCTCCCTGGTGTCTTTTTCTCTTTTTATAAGGAAACCAGCCATACTGAATTAGGGTTTCACCCTAATGACCTTATTTTAACTTTAATG,"[[20905200, ""G"", [""A""]]]",yes,no,G->A,1
chr4,9063586,9063955,TAAGAGAGAGAACCTTAAACTCTGACTGCTGGCGAGCCGGGCAGAACAGAACCATATTTCTCTTCTTTCAAAAGCAAATGGGAGAAATATCGCTGAATTCCTTTTCTCAGCATGGAACGTCCCTGAGAAAGAGAATGCACACCTAGGGGTAGGTCTCTGAACTGGCCCCCCAGGGCGTACCTGTCTCTTATGGTCGAGATTGCAGAGGTGAAATAAACTCCAGTCTCCCATAGCACTCCCAGGCTTATTAGGAAGAGAAAATTCCCACCTAATAAATTTTGTTCAGACAAGTTGATCTCAAAACCCTGTCTCCTGATAAGATGTTATCAATGACAATGGTGCCAAAACTTCATTAGCAATTTTAATTTCA,"[[9063618, ""T"", [""C""]]]",yes,no,T->C,1
chr7,10362254,10362680,TGTGCTCATCAAAGCACTCTGTTTTATGTGTTCACAAAGAGATGGTTTGGAATTGGAACATATGTTTAAAGAGGAAGCAGAGCATAAAGGGTTAGAAAATATGCAGCCTGATGATGTGATAGAAAAGAAAAACCCATTATCAGAGGAGAAATTCAAGCTGGCTGCAGAAATTTGCATAAGTAACGAGGAACCATATGTTATCCAAGATAATGGGGAAAATGCCTCTAGGGCATGTCAGAGGTCTTCATGTGACCCCTCCCAGCAAAGACCCAGATGCCTAGAAGAAAAAAATGGTTTCGTGGGCCAGGCCCAGGGCCCTGCTGCTTTGTGCAGTCTTGGGTATTGGTGCCCTATGTGCCAGCTGTGGCTAAAAGGGGCCAACGTACAACTCAGGCTGTTGCTTCAGAGGGCACAATCCTCAAGCCTT,"[[10362282, ""C"", [""T""]]]",yes,no,C->T,1
chrX,153526822,153527110,GCCTCCCAGATCCTTTTATTGGCCTCTGACCTTGACACCAATGCATCCCCCCAGCCTGTACTCCCAAGGACTTTGGCCTGCTTCCAGAAACCAGGATGCCCTCTCTACTGCCCCTGCCAGGATTCCTAATGGGGCCCCATGGGACTCGTTCCCTAGGAGGACACGTGTATGTGTCCTGGTAGCTCCTTATTTAGTCACTGCCTGTCCAAGCTGGAAGGACTTAGCCCAGGGCCCACAGCCCCATGGCCTCCAGCTGCCTGTAATTTCCTTAATTACCTATTTAGGCCCC,N,no,no,N,0
chr2,180507068,180507390,TGCAATACAATGGTAAGCATTTCTGTACCAAAACATATCTAAACATGGAAAAGGTACAGTAAAAATATGCTATAAAAATTTTAAAATGGTACACCTATATAGAGCACTTACCATGGATGGAGCTTGCAGAACTGGATGTTGTTCTGGGTGACTCAGTGAGTGAGTTATGAGTAAATGTGAAGGCCGAGGACAATGCTGTTACTGCAGACTTTATAAACACTGTGTACTTAGGATACACTACATGTATTTACAAATTCTTTCTTCAATAATAAACTTGGCTTACTGTAACTTTTTTACTTAATAAACTTTTAAATTTTTAAACT,N,no,no,N,0
chr20,16864039,16864499,GCCGAGCACCATGAAGACTGAATCGGTATTTAACTTCTCCCTCTGCCCATCACTGCTTCCCTTACTCTCTGGTGGCTTTAAGATCTGTCCGTACATTCTTTTGTGCTCCTTCCCAGTAGAGATGCAGTTTCATTTCTCTCCTCTTGTGTGTGGGCTGAACTTAGTGACTCATTTTAGTGAATAGATTACGGCAGGCATTGCAAGATGTCACTTCCTAGTGGCTTCGGTCTTGGTGTACTCCCTCCCTCACTCTGTCTTGTCACTCATTCTGGGGAGAGCCAGCTGCCATGTCACGTGAACACTGTTAAACGGCCAGTGTGGTGAAGAACTGAGTGCTGCCAACACCATGCCCTGAGTTCAGGAGTGGATTGTCCCTTGACTGACAGTGTGACTGCATCCTCATGAGGAACCTAGAGCCAGAACCAGACAGCTAAGCTGCTCCTGGATTCCTGACCCCCAGA,"[[16864049, ""G"", [""A""]], [16864347, ""G"", [""A""]]]",yes,yes,G->A,2
chr4,122754405,122754690,AAGAACTACTTTCCTATGTTAAAGATGGACCATTCAAACATTAGAGCACCCTCTGGATTTCAAAGCCATGAAGTTTAGGTGCAGTTCTTGGCTCATGAGTTCATGCCATTGTTCTACTCTAAAAGGCTCAATTTAGTGAGGGAAAGGGAATGGTGGGTCAAAGGAGTCAAGGGTCCCACAGGGTGGCAGTGCTTAGACACTGGTGTCCCCTGGCAAGTTTCCTGTGATCATAGCTTTATCTGAATAGCAGAAGATAATCATCATCAGAACTAACTCATGTTAACCA,N,no,no,N,0
chr8,67207913,67208380,CAGCTCACAGTGGCAGGAAAGCAGAGCCCTTGCCCCAGGAAAAAGCAGCCAAGTGCACACTTTCCACTATGTGAAGACCAAGTCCTGCCCTCACAAAGCTAAGTGTGTTTAAATTCAGTCTTGAGGCTGAGAGTGAGAAAAGCCACTCGCTATTCTTTCCTCTTGGCCTTTCTTGGTGCAGACTGAAGCTGCAAAGGATTCCTACATGAACCATTCTGTTCTTTGGAGAACAGAAATGAAAAATGAAACTCGGCCACTCACTACCACCTATTTCCTCTTTAAGAAATTAGCAAAATACAGTGACTGAAGATAGAAGGTCCTTTCAAGTAGGATATGAAGAACTGTAAGCATCTAGGATTAAAAAATTCCCTGAAAAAAATTAAATCAAAATGGATCAACGACCTAAATCAAAGAGCTAGAAGAATAAAACTTCATAGGCCAGGCACAGTGGCTCACGCCTTTAATCCC,"[[67207958, ""T"", [""C""]]]",yes,no,T->C,1
chr6,22546256,22546683,CTACTTGTTAGATAATTTACAGTAAACACACATCCTCTTAATCACATCACAGAAGCTTAAATGGATTTGTAAAACCATTAAAAAATCAATACTTAGCTTTTAGGTGATGAGTTAATTAATAGAGTGTGAATGCTTGAAGTCTGCATTACCCAGAATGCACTAGGGCTTTTCATAACATCACTGTCAATGGGAACAGTATACGAAGTAATGTATGTGATGTAACTAGTTGGGAAGTGCTGATAAAAATCTATCAATCCCTGCTTCCCAGTGAGAATATTCCGGTAAAACCTGTTTTCTGGTAGGAAAAATAATGGAGTTATTTTTCATTTACATATAGTGATGAGAGAAAACAGTGTTGCTGATAAATAAAACACAGAGAAAAGATAATCAGAGGGTATGTCACCTCTTTCTCATTGGCCAGGCATTGT,"[[22546366, ""A"", [""G""]], [22546457, ""A"", [""G""]]]",yes,yes,A->G,2
chr3,108415608,108416080,AAATTTCTAATAGCAGTAAAACAAACACAGCAGATAAACACGATCTAGAATGTTTGGCTCCTTCTCATCTTCCCTCTAAGACCTCGGTGAAGGGCCTTTAAGCAACGGGAAGGGCAGTTATAAAAGTCCTAAGGCAGGAGTGATGGTGCCTGGTTTAAGAGGCAGAAGGGAAGCCAGGGCAGCTGGAGGGGAGTAAATGAGGGAAGCAGATGTAGGAAGTAGGTCACAGAAGGAGGCTGGAGCCAGATCAGGGGGGCTTGTAGGCCAATTGGAAGTCACTGGGAAGGCAGCCAGAGAGATCTTCTAAAATATAACTCATTTCACTATGCGTTTAAGTTCCTTCACAGTACATCACTAGGTGTATGACCTTGGACATGATATTTTTCTTCTCAGAGCCTTGGTTTTTTCATATATAAGGATGCAATTCTATCTGCTTCATTTGACTGATATGAAGATTGAGATAACATGACAGA,"[[108415677, ""A"", [""T""]], [108415690, ""T"", [""C""]]]",yes,yes,A->T,2
chr5,110807095,110807549,CTTTACTGTGGAGCAGAGTACGTAGAATACTAAGATATATATGTATTTAGTGATATTGATATAGATTTAGATATACATATGGACGATATATAGATATATGGTATTTAGTAAGAACAACAATCTTACTCTTACATCCGACCTCTGAGGTCACTTACGATAGTGTAGTGAAGAGGGCTGAGACTACTGACAGTTCTTTCTTTTCCCAAAGTGGATTCCCAGCAGCTTTTTTTTGTCAATTTCTCTTGGCAGTGGCTTCTGGCACAGGCTCCCAACAGCTGCTCCCATCTGTAATGGCTCTTCTCTCAAATAGCTCCCGTTGTCAGTGAGTCTCATTGCTACAATTCTAGGACAACAGTAGTGCTTCCTATTTTGAGGCCCTCTTGCCTCCTTTATTCTTCCTTTGGTAATTGGTTCCTGCTTTCTTTGCACCATTTCTGGGTGGGTAGTTTACAACA,"[[110807116, ""A"", [""G""]], [110807468, ""A"", [""G""]]]",yes,yes,A->G,2
chr9,126053438,126053800,TCTTCCCTCCTTATCCCCTGGGCGGGGCATGGGAGTTCAACAATCCAGAAGGCAGACCTGTCTAGGTCCCTATCCTTAGAGACCTTACAGCCGGGGGACATGCCTCAGAGCCAGCTGTGTCACTCCAGCAGATGGGTGACCTGTGGCAAGTCATCGGACTCCTGGAGACTTCAGTTACTTTTCTGGACAGTGGGTCTGGAAAATGCCTGGCAACACCTGCCCTTGGGGAGCAGGACCAAGCCCAGTGTTTGGCTGGGACCAGCTTGCTGAATGCCCTTGACATCCCCATGAGGAGGCATTAATACTGTCCTCATTTTGCCTCTGAAGCAGATGAGGCACAGAGAGGCAAAGGAACATATCAAA,"[[126053461, ""A"", [""G""]], [126053621, ""C"", [""T""]]]",yes,yes,C->T,2
chr1,21179989,21180231,TATAATATATATAATATATATTGTATATTATATAATATATAATATATGTAATATATTATGTAATATATTATATAATATATATTATATATTATATATAATATATATTATATATTATATATATTACATAATATATTACATATATTACGTAATATATGTTATATATTACATATAATATATAACATATATTACGTAATATATGTAATATATTATATGTAATATATACATTATATGTAATATATATGT,"[[21180101, ""A"", [""T""]], [21180198, ""C"", [""T""]], [21180201, ""A"", [""G""]]]",yes,yes,A->T,3
chr8,114916983,114917199,GGAGAAATACGTTATTGGGTGGCTAGAGTAACTTTAGTGTTAACTGTGGCTAAATCTTTCCTGCAGTTATGAGTTCTTTCACAACTTCCACAGACCATCTACAACATGCTTTAACTTTCTGACTTGTCATAAACCTTCCTCTTTTCAATCAATCAGTTATTCTCTTTAGGACCCAAATTTACTATATGAGATCCTTTCTTATATAAAATCTCTTCTT,"[[114917027, ""C"", [""T""]]]",yes,no,C->T,1
chr6,85792153,85792631,AGCAGCATGGGTGGCTTGACTGGGTATACTTATTTTTTGATCATAGTGGTGGATTATTCATGAGTTTTCCAGGAAAAGTGTGGGTAATTCCTAGAACTGAGGGTTCCTCTTCTTTTTAGACCATAAAGGTTAACTTCCTGACATTTCCATGGAATTTGTAAACTGTCATAGTGTGGGTGGGAGTGTCTTTTAGCATGCTAATGCATTATAATTAGCATATAATGAGTAGTGAGGATGACTAGGTCACTTTCATTGACATCTTAGTTTTGGCGGGTTTTGGCAGGCTTCTTTACTACATCCTGTTTTGTCAGCAAAGTCTTTGTGACTTATATCTTGTACTGACCTCCTATTTCATTCTGTGACTAAGAATGCCTAACCTCCTGGGAATGCAGCCCAGTAGGTCTCAGGCTTATTTTATCCAGACTAATGTGGTTTGGCTCTGTATCCCCACCCAAATTTCATGTCAAATTGTAATTTTC,"[[85792164, ""C"", [""T""]], [85792581, ""A"", [""G""]]]",yes,yes,A->G,2
chrX,64571182,64571413,CCCATGTCTGGGCTCTTTCTGCTGCTCTGAGGGAGGTAATTACATTAAAGAGGCTCTGTTTCTGTGTGGTGCTAACCTTAGTTGCTGAAAGGAACTGAGAAAAGAAAAGAACTCTTGTCTGAGGAATGCAAGTCCTTTCAGATTATCGGGCCCAGAGAGACATTCAAATGAGACAGCAATCATGTCCTACTCCTCCGTTTGAGCTATGTATTCATCTCTTAAAACTGCTCAC,N,no,no,N,0
chr1,57232603,57232861,ACTGAGACCCAGAAGTCAAACAGCTAGTAAATGGTAATTTCCCTCCCATCTCTCAATCCAAAGCTCTTTCCAATACACCAGATGGCGCCCATCTGAAGAGCAACATGTGAGCTGACATTTATTAGGCACCATGAAAGCAGAGACATTTCAAAAGGCCTGGCATTTGGGGAATGGAGACTTTTAGACCTCAATTCCATTGTCAGCAGCTCCACCACAAGCAATGGAAACTAATTTGACAGTGTAGTAAAATTTCTTTGGA,"[[57232605, ""C"", [""T""]]]",yes,no,C->T,1
chr20,33526773,33527191,TCTTAAGCTATATTTCCATGTGTTCTATGAAGACAACTCTGAGAGGAAGTTAGCAGTTTGTGTAGTTGGAAGCCTCAGAAAGTTCTCCTACTTCTATCTCTTACTCACCTGGCTTGCATTGCAATATTTAGGGTAAGAGTCACAAGCATACTCGGGTGCATTTGAATGATGGTCTAAGCAGATCTCTACACCTGTCGTTATCTGGGTTTGTGATCATTCCAGTGTTTCCTAAGTTTATAGGATGAATTGGCAGTAAGTGACTTTTGTTCCAGTCCTCAGCTGCATTATAAAGACAATACAAGACTATGCTGAAATAGCCATTTGGTAAAGTTTTGTAAACCCAGAAGCCTTTTTAAAAAGTATTGTTCTTCTTAATCTCTTAATTATAGTTTTTTAAAATCACATATCACTTAATTTTG,"[[33526836, ""G"", [""A""]], [33527091, ""T"", [""C""]]]",yes,yes,T->C,2
chr2,40642308,40642554,CACTGGGAATCATAATTGTGTGCGCATTTCCAAGAAGAACTAGGAAGCAACAGAGCACTGCACTGGCTTGATTGCTTTTTTTTTTGTCTCTTTTATGTCCTTTGCATTGCTTATTTGGTAATTCAATTGTAATTGAGTCCAGAGTTACCATTCTACTGTTCTCACATAACCTGATTTGGCAAACTGCCTAACGCAGCTCAGTAAAATAAACTGGAAACATATTTTCTAAAACTACTAGGCTAATATA,"[[40642330, ""T"", [""C""]], [40642489, ""G"", [""A""]]]",yes,yes,T->C,2
chr3,4228320,4228753,CCCTTTGTATATACACATCTCTTGCTGCATTCAGCTAACTCTGGGCCCCAATTCCCCTTATCCTAGATTAGAAAAAAAAGCACACATCCTCTGGTAGCAGATGGCAAGTGACAGAATACTCAGGGTAGCACTGCTGTTCCAATAACTAAGTTTATGGAAAGCAGCCCCCGTGGGGCCAATTAGAACCAACTCTGACTAATAGCAGCCACATTCTCTGATCTGCCCTCACCTTTATGCGGCTCTGCTTCACTGCTTCCCTAGGTCTGATGTATGGGGAATTTAAGGGTGATAGAAAATGTGGTTACTGAGAAGTTCAAACACCTGCTCTCTTTAAATAAAAGGACATTCAATATTCTTTCCTCCAGCTTTCCAAGGTCCCAAATCCTAAAAACCACACTGTAAATTCTTAGAACCCTGACATATCAATTCTTTTA,"[[4228378, ""C"", [""T""]]]",yes,no,C->T,1
chr18,65787570,65787926,AGGACAAATTTAGAGCTGCTTTGATTTTAAATTCTACACAAGGGAAGACTGGATGGGCTTTCCAGATATATAAAGGCAGGAACTGCAAAGTCATAAGGCAGAGCTGTGATTACTCATTTAGTGGTCTGCTCTTCTCTCGGGTGAGAGAGGAGCTGCTCTCAGTTTTGCATTCTCAGCACCTAGCAGATGATCTGATGTGTGTGTTTTTAAAATACATTTCACAGGTGAACATAGCTACAATACTACAATTTTTAAGTAGTCTGAGCCTAACAGGACTATTCAGTCAGTAGATATATGAGTAATATATTTCCTGAAAAAGTTGGTGAAATTTAAGAGAAAGCGAGTAACCAGTTAGTG,"[[65787613, ""A"", [""G""]]]",yes,no,A->G,1
chr8,9918368,9918622,CTCCAGCCCTATCAACAGCCCACTTGACTCTGCTGGGAAGAATTGGTGGTGCCGTATACACTTTGTTTGCAACGTGACCTGGAGAATAACCTCGGGGGAGGAGGTAGCCATTAGGATGGAGCACTTTATAGCAAACACGTGCTGCTGTTTTGCTGCGGCACCCCAGGTTGCAGTTAGTCAGAAATGGCTTCCCATGTTTACTGGAAACATCGAGACCTGTCTCAGTGACACTAATGCTGCAAATGCAGGTTTCAG,"[[9918413, ""C"", [""G""]], [9918584, ""G"", [""C""]]]",yes,yes,G->C,2
chr10,59047957,59048179,GCCCTCCCCTCCTGTCCCCCCACCTAGTAGTCCCCAGTGTCTATTGTTTCTGTTTTTATCTCCATGTGAACCCAATGTTTAGCTCCCACTTATAAATGAGAACATGCAATATTTGGTTTTCGGTTCCTGTTTTAGAATAATGACCTCCAGTTGCACCCATATTGCTACAAAGGACATACTTTCATTCTGTTTCATGGCTGAATAGCACTCCATAGTGTATTTG,"[[59047971, ""A"", [""T""]]]",yes,no,A->T,1
chr13,18431170,18431466,ACGACCCCCTCCTAGTCCCTACCACCAACTCTATCCTTAGTCATTCTTAGTCACCTGTTCTCTCCTTAGTCATCCTTAGTCACCCACTCTGTAACCATCCTTCCTGCAGAAACTACCCACCCCGCCACTCTGGCTTGCACCCCTGTCCTCTTTGAAGTAGCCAGTCAAAATTAGCTTAGAGTGTGCCGTCCAACCCTAGCCAACAGGGGAGAGACACAAAAGTAGGGAGTAGTTGCATTAGGAATAAGAACCCTTTCCCCTCTCTTATCCAGTGTGCTCTTGCCATTGCTCCATCCG,"[[18431196, ""T"", [""A""]]]",yes,no,T->A,1
chr16,66798160,66798564,TGTACAAGTATATTATTTTTGCCTTTTTTTTTTTTTAAGAGATAGGGTCTCAATCTGTCACCCAGGCTGTAGTGCAGTGGCATGATCTTGGCTCACTGCAGCTTCAAACTCCTGGGCTCAAGTGATCCTCCTGCCTCAGCATTCCGAGTAGCTGAGTCTACAGGCACACATCACCACACTGGGCTAATTTTTTAATATTTTTGTAGAGACAGGGATTTTGCTATGTTGCCCAGACTGGTCTTGAATTCCTGGCTTCAAGTGATCCTCCCGTCTTGGCCTCCCAAAGGGCTGAGATTAGAGGCATGAGTCACCATGCCTGGCCCATTTTTTAACCTAAATATTACATTACAATAGAAGTAGGTATGTTATAAGTCCACAGGATTGGATATTATTACAAGAATATTC,N,no,no,N,0
chr9,119910377,119910869,CATAATAAATCCTTAATAAATGTTACTTCTTTTATCTCAACCCTGTTCAATCTCTTCCTATATTAGGAGTGAAAGAGAGATCAGATCTTTCATTTGCTCAACTGTTTCGATAGATGCCCCCATGTTCTAATAGCATCAGCCTGTCAGGTTGCATCTACGATGTTTGTAATTCAGGTAGCAAATTGATTTTTGAAAGCACTCTGGGCCTGCTCTGTCCATGTCAGAGAAGCTCCAATCATTAATTATGCACCAATATTGATGTTTTTGTCTGACAAGGTCTAATGTCACCATATTCAAATCTGGCTGCTTCCTTGTTAGAAAACCCTTCGAAATGTGGCCTTGGAAGAGACAGCATGTGTCACCTACAATATTTGAAATGTCCCAGGATTGAAGCCCTCAATTAGAATTAAAGACAATGTGCATCCTTGTCCTGGGTCCCGAAGAGAATGAGCTGGTGCTATTCATGAAAGCAGCTTAAGGTACGGCTACATCA,"[[119910440, ""C"", [""T""]]]",yes,no,C->T,1
chr12,72491487,72491752,TCATTAAGTTCATTTTGTGTTCTATCTTAGCATTTTCCCTTAGCCGCATCACATCTTGGATAAAATGAGACATGACGCATTCAGCTTGGATGTTAAAAACAAAACATGAGGCAATTGAAGGGTTTAGTCATGGAACAGACCCACAATTTAACCCACTTTCTCTGTGTTCATCATGTCCGAGAGTATAGCAGCTCATAAAAACTGTGCAGAGGGTTATCTGGGATTATGAAAGGCACAAAATCACCTGAGATATTCTTATAAAATAT,"[[72491600, ""G"", [""A""]], [72491601, ""C"", [""T""]]]",yes,yes,G->A,2
chr1,7450884,7451152,TCTTACTGTTAAGAACTGATTCCTCCCTTCCACCCCCAGGAGGATCATCCTAGAGGCTGCAGGACAATCTGTTATTTCCCCGGGGAGGTCGGCGAAGGTGTTAGCTCGGGAGAAGCAGGTGTAATTACAGAGGCCCAGGCAGGGCACTGCATTAATAGATGTAGGCTCTTCAGCTAGAGACTTATGTACATGTTGCTGAGGCCCCAGACCCTGCTGAGGCTCCAGGTCCAGAGAGCAAACCTCCTGCCTGGTCCCATTAAAGCACTGAG,N,no,no,N,0
chr13,34276712,34277127,TTTTTAATTGAAGAAAAAGAGTGACTATCCCAGAATTAAAAAGGCCTTGAAAGAGCCTAGCCAAACCTGAACTGTCAGAATAGTTCTCAAGCAGACTTTGTTTAATTTATAAGTTTGTAAATTATATCACTGCCCCTGCCTTTTCTTTCAAGGCCACAGTCAATGCCTATAAGATAAGAATCATAAGTTCCCACAGAGAATCACAAGCAACCAGAGACCTTTGGGGATCTCTTTCCTTTCTGAGGCCAGAGTCTCTGTGTGCTTAAGGGAGGGGACAGGACGGGTTTGTGGAGCCGCCAGAGGTAGCCTCTTGCTTGCTATATTTCACCTGACATGTTGTAGATGTAAAACCATAACTGTTCCTCCTCCAGTAAGACAGTCCATTTGCTCAGTTTCTAACAAATATATTTTCCCAC,"[[34276840, ""G"", [""A""]]]",yes,no,G->A,1
chr10,19319492,19319944,TGTTCTTGTTCTAATTCCACTCTGTCTTAATGTTTTAGCCCATTCAGGCTGCTGTAACAAAAAATCTCATAAACAAAGAGACTTATAAATAAAACACATTTATTTATCACAGTTCTGGAGGCTTGGATCATGGTGCTGGCGGAATTGGTATCTGGTGAGGGCCTATTTCCTCCTTCATGGATGGTGCCTGCTTGCTGTTTCCTCACGCGGTAGAAGGGACTTGCTAGCTCTCTGGGGTCTCCTTTGTAAGAGCACTAATCTCATTAAGGTCACTTAATCGACTCCCCAAAGGCCCTGCGTAATAAGATGATCACCTTTGTATTTAGGAGTTCAACATGTGAATTTGGGGGGAACACAAATGTTCACACCATAGCACCTGATAACTATACCTTTATAATGAGTCTTTTTTTTTAAACTTAAAGCATTTATTGCATTTAAAACATTTAATGCATT,N,no,no,N,0
chr4,120085730,120086179,TAGTAAACATTTGTACAAAGCGTTGCAACAATTAACTGATTATAAGAACTCTGTAAAAATGCCTTTTCTTTCAAAATTGAGGTCTGGTTATTTCCTCTACCAGACCTCTTTTTTGAATGACAAAAACAATGATGTCATTCTTTACTCATAGGTCAAATAGCAGTACTAGAGGCTGTGGCTATCTAGTACATTCAACATCCCAAGGAAACCATCCTTTGCCTTCTGCTACTGTCCCAGAAGAGATCAGGTTCCCCTATTGTGCATTCTCATCTCTGCCACATTGGATTTCCCCTTGTTGCACTCAGTTTGGTTTATAATTATTTATTTGCACAATCAACTGACTAATGTCTGCCTCCCTCATTACACTGTAAACTCTAAGAAGGAAGGGTTTGAGCCTGCTCTTTTCACCATCATATATCCAGGACCTAGGACAGTATTTGACACATAATA,"[[120085750, ""T"", [""C""]]]",yes,no,T->C,1
chr4,130188597,130188910,AATTCCAGCTCAGATAACAACTTCAACAAGGAATAGTAAACATTTAGAGCGACAAGGCAATGGAAAAGGTCTTTGAATCTCTAAGGGTGGTACCTTGGGGGGAAGGCAAATCACTGGCAGATAAAGGCTAGTTCCTAAAGCTTGTTAATGTAGACACGCCAGTGCCATATCCAGGCCCCTGGTGCCACCTCCAGGCCCATAAACATTTAACGTTGTCTTAAGTGTTTAACCGTTATTCTCCACGGTAAGAAGTGGGGGGGTGGTATACCTTTTGTCGTTGTAAATTTATGTCCTGCTTTTAGATAAACAGATAT,"[[130188616, ""T"", [""A""]]]",yes,no,T->A,1
chr7,18081624,18081979,CCTTCTTGAAATGGTATAATTCAAATGTTTTCTCTTTTGATGCTTTCCCATAAATTCTGTAAGCTTTCTTCATTCCTTCAATTTTTTTTCTGTTTTCTCCTCTTATTTACATATTCTCCTCTTATATATTTGCAAATAACCTGTCTTCCAGTTCACAGATTCTTTTTCTTCATCAATTTTACTATTGATGCTCTCTATTGTATTTTTTATTTCATTCACTATGTTTTTCAGCTCTAGGATTTGATTTTTAAAGATAATTTTAATCTCTATTAAATTTCTCATTTCATCATTTATTGTTTTCTTGATTTCATTGAATTATTTCTCTGTATTTCCTTCAAGTTTGCCAAGTTTCCTTA,"[[18081650, ""A"", [""G""]]]",yes,no,A->G,1
chr11,23772152,23772441,TTTAGCTAGATTGGAAAAGCTCTATTTTTATTTCTGAGTAAAGCTGGATGTTTACATTTTGACTCTTGGCCAAGATAAGACAGTTGAATTTAAGATAAACTGTTTAAAATCAGAAATACTCTGGAGACTCTTTGGGTCAATTTTGTTTTTACTAATGATTTCCAACTAGCCTAACTCGTTTGACAAGCTTAGCATGATCACTTAAGAGAGCTTCTCTTTGAGTTTTGCCAAAACCAAGATTCCTTGTATATATCTTGGTTGGTGGTTCAAGCCAGAGATCTACAAAAGAG,"[[23772162, ""C"", [""T""]]]",yes,no,C->T,1
chr17,72285051,72285383,TCTGAGTGGAGCAGAAGGTGACCACAGTGATGAGGGACTGGGTTATCTGCAGGGGGATTAACTAAATAAGTAAATGGACTAAAGATAACAAAAGACAAATTCCTCACTGTGGGGAAAGGAGTACCACCTGTAGGAAGGGAGAAAATGAGAATGAAACCCAGGTGCTGGACTGAAAATGAAGATAATGTAAATGTGAGCTTTTCAATACACATAGATAAATACAGAAATAAATATAGATGTAAATGTCAGTATGTGTATGTTCGTGTGTGTGTGTGTGTGTGTGTGTGTGTGTGGCATACACTTCCACATAGGTCTATGCCCACGATTCTGCAG,"[[72285053, ""C"", [""T""]]]",yes,no,C->T,1
chr14,35506989,35507325,CTGAAGCCCAGAATTAGACATACTTACCCATCCTGTCTCAGGAAGAACAGGATAACTACTGGCCTCATCTCTCATAAGCAAACAATTATTTCTAAGCTTATGTAAGGCCAAGAGCAGACCAGGTCTATCAGACAGAGGAGGGAGGAAGGAAGTGGCTGAGGCTGAGTCAAGCATACCAAGTTCCTGCTCCCTAACTCATTAGTTAAAATAAGCAATTCCTCTACAACTGGGAAGAAATGATGAGTGAAGGGATGGAAAGAGTCCAGGACCATTGCTCTAATGGATGTCCCTTGACAAGAAAGGAAACAACTGGAGTGGAGAGTGATGCACCCCCATG,"[[35507070, ""C"", [""A""]], [35507312, ""A"", [""G""]]]",yes,yes,C->A,2
chr5,38330267,38330565,GACAGGGAAGGCCGGAGTGAGGTGGAAGCCATTTTCCTGCTGCTATTTCTCCAGCCAAGCAAGGCCATCAAAACATGAGAACTCATCATTCCAGGACCCATCGCCAGTCTTGCGGGTGTCTGGAAGCAGTTGTGGCAGCAGTAATGCCAGTAGTGGGGGTGAAGGCAGAGGCTTCCTGGTTCTGAATCATCACTATAGCATTCTCTCATTCATTCTCTCTCTCCCTGTCTCTCTCTAATAGAGCCATTGGAGACTCCTGAATTAATTTCTTCAGTCTTTCTACCAATTTCCATAACCCC,"[[38330293, ""G"", [""A""]]]",yes,no,G->A,1
chr16,59656320,59656633,TCTCTGGAACCAAAACAAGGTGGACACAAAGACAAGTTCAGAGTACTAGATGTCATTAGCTTAGGCTCTAGATCTTTCTTTCACACTTCTGGAAATGTACATCTCCTCTGGGACTGCAAGCTGAGCCCTCTGCAGATGGTGAACAGGACAGCAGGATGCAGACAGGTACAAAAGGCACCACGTAGTCCAGCTGACATAGCCTGGCTTGAGAGTGCAGCAGACCTTGAGAACAATAAAAATAAACTTAATAATATCAGTTTTTAGTTGTTATAATTATGACTGATTAAGCAAAATTCATCAATAGAAGTTAAAAA,"[[59656500, ""T"", [""C""]]]",yes,no,T->C,1
chr11,105265895,105266203,TTTCAGAATTTATCAGAAGGGACAGTTTGTAAATGAAAGCTTTTGTCATAAGGCAATTTTTGTTCTTTCATTAAAATTTGGCACAGGATACCTTAGCTAGAGAATGATGTAATTCATTGTCAGTTCTGGGTGGCCACAATAGCTATAAGGAAAGGAGTGCCCTAGATTAGTCAGAGCTTTGTACAGTGGCGTGGAGAAGTATACATAGGGACTACCAAGAACAGTAGTAACCCCACTTAGAAGTTACTGTGAAGTCATATTGCCATGTGCATTTATATTGTATTTGCAGTATGAAAATTATTTTATATA,"[[105265917, ""G"", [""C""]]]",yes,no,G->C,1
chr2,141417317,141417528,CAGCAGATCTCTAAAACTGTTTCTTCTGGCATGATTATTTCTGTATCCACTCAATGGCAACTTCCTATTTCTCTGTCCTCCCATCCCCTGGCAACCACCTTTCTACTTTCTGTTTCAATGAGACAACAGCATTAGATACACCATATAAGTAGAATCATGCAAAAATTTTTCTTCTGTGACTGGCTTAACATTCTTTCACTTAGCATAACATC,"[[141417372, ""A"", [""G""]], [141417456, ""C"", [""A""]]]",yes,yes,A->G,2
chr17,72087554,72087760,TATGTAATATAATATATAACATAATATGGAATATATACATTATATTCCATATTATGTTATATAGCAAATTATAAATTATTATAAGTATTTATACATAAATTTACATGTATTTATAATTTATAATTTGGCACATAACATAATATAGAATATATAATGTAATAGAAATTTTATTAGAAATAGCATATAATTATTATATTATATAAAGGT,"[[72087636, ""T"", [""A""]], [72087737, ""G"", [""A""]]]",yes,yes,T->A,2
chr2,162403969,162404233,CCCTTTTCATTGGCCTCAGCTATATTGCCTTCTTGGCTTCCTGTTCATTGCACTTTTTTGTTTCTTTGTTTTCAGGGTTGGTTCCCTTGTTAAACTCTCTGACATAGGACCTCCTCATTTATGACTCAGATACTGGCATTTTACCAGTCCTGGCAGATCTGGCTACAAAGAGTTGCTATGTCAGGACGCATGCTGATTTGGTGATTGTTATACCTATTTCCACTATACTATACACAGCCTTCTTGACTGTCCATGCTTGAAGTTT,"[[162404181, ""T"", [""C""]], [162404207, ""T"", [""C""]]]",yes,yes,T->C,2
chr3,848117,848432,TTGCTCCAAACTGTTATCCAGACCCACAAACCCCACCTGGGCTGATTGCCACCAGTTGCTCATATGCCTCTTTAACACAGATGAAAGGAGGAGAGTGCTCCAAGCAGCAACGAAGTGGCTTTAGAACATGTTCCAGCTGATTACCAAAACCCCCAAGAGTATATGAGGATCCAATTACCAGGAACAGATGCCGAGTGGGACCCAAATGAAAGACAGGGTATGCAAAGGCTAAACCGGTACAGGAAAGCCCTTCTGGAAGCGTTAAAGAAGGGAGCTCAGAAGGTCACAAATGTTAACAAAGTCTCTGAGGCCATTC,"[[848169, ""T"", [""C""]], [848376, ""G"", [""C""]]]",yes,yes,T->C,2
chr9,90898250,90898515,GGTGAAAATCGTTGCATGCATGTTTTCATCTGAGAGTGTCCTTCTCCCATACTCCCTATCAGCCAGCCCTGCCTGTAGCTGCTGTATGGTGATTGCACTTGGACATCAGTCCAATGACTGCAAGTCGGCCTGGATTTTCACTTGCAGAGGCTACAGCTGCATTGTCAGGTCTCCCAGCCCTGCAGAGAGCTCCCTCCACTGGTTAGCAGTGTGTTGTGTTTTCCATTCATTTCAGAAGAGCTACATTGTGTCACTGGACATTTTTA,"[[90898284, ""C"", [""A""]]]",yes,no,C->A,1
chr14,86847224,86847509,CCCACGAGGTGTTAGTGAATGGAGTATTAGCAATGTAAAGCAGTCAGCAACTCAAGAGGTCAATCTCCGCGGCAATCTTCAACAGTTGTGCTTGCTCTCTGTTCCCTAGGATAGCCTGAAAGAGGATAAAAATCGTTTGGGAGACAGATGAGTCACCCCTGCCAAGGCCATCTTAGGACCATTAAGAGACAGATGATTCCCTAGATATGTATGTGAGTGCAGCTATGGCCAGAGATCAGAAGAACTGCACATTTAAGTTCAGCACAAATCACTAAACTTGCAGATT,"[[86847228, ""T"", [""C""]]]",yes,no,T->C,1
chr5,57470471,57470745,TAAGCAGGAAAAAATATTTTTGAAGGAATAATGAATAGCTCACAGATTCCATTCTTGGGAAATGGACAGAAACCAAAAAGAAAATTAGCTTAAGTTGTGCCAAAGCAATAGTCTGGTTAGGACTCTATTATGGGACCATGCCATCGTCACTGATGAGTTCCTGTGTCACAAAATGCATGAGTAATTTCTCAACAGTTCCTGCAAATTTGCATCACTTTGTCAGATTCTAAGTATTGAAAATCTCAGAATAGAGTATCTGATAGGCTGAGCCTAAG,N,no,no,N,0
chr2,213199889,213200281,ACACTAACTGTCCATTCATACATGGCCTCCTAAATCCTGCTAATACTATTAGTTAGTTCTTGCAATTCCATGCTATTTAAAGTATTTCTTCCAAGAGCAGAGACTGCACATAGTAATTATTCAGAGATTTGACCTTGGTCATTGGCCTGGAGGCAATGAGGTATTTCAAGGGTAAGTCTTGCATCATCTTGCAAGGCACTAGCCTCAGATGAGGTCATTGCAAGTTCTCCATGCAAGGGAACCTCCTCTCTTCTGGCAAAGAGCCTACTTCAGCAAAATGAAAGATTCAGGAGAATGTTGGAGTTTGTGATTCTTGGGCTTGTCCACCCTAAAGTCCTCATTTCAGTTCTCAAGTCCAACCCTTTACCTATATGGCATCTGACTCTGATCTAG,"[[213199969, ""G"", [""A""]]]",yes,no,G->A,1
chr10,132048275,132048687,TGAGACTGCGCAGGGCCTGCTTCTTGGGCCTGGTTCTTGAGTCTCTGCTCCTGGCCTTGGCACCGGGTGCTCTCGGGCTCCCAGGCACTGGCCTGTCGTGCTTTTCCACTCCCTGCGATTTGCTGTAAGGAAAGGCTGTTCCTTCTCCCCATTTGTCTGTTTGTTTATGTCAGTAGGGACACGTGGATACTTATTCCATGGGCTAAAATCCGGTAATGACAATATTTGCTTTGTTAAACAAATTACTCCAGCTTTGAGCTTCAGGAGCTCCTGGCTGGCTGCTGTGTTCTGTTGACCAGCTCATCATGGTTTTGCGGTGTGTGTGTGTGTTTTGTTAAGTATTTCCTTACTTTCTGGAACCATCAGAAATTCCAGGCTTGACTGTTTCTTTTCTTTTTTTTTTTTTTTGAGAT,"[[132048283, ""T"", [""C""]], [132048503, ""T"", [""C""]], [132048518, ""C"", [""T""]]]",yes,yes,T->C,3
chr2,181679411,181679857,ATACTGAAAAGCAAATGCAGAAAGGAGGAAAAATAGTTTCCACCAAATTGTTTCACCATCATTGTAACATTTGGCAACAAAAGTGGACAGGGTCTTCCACCCCTCCCTCGCCTTTCTTTTCTTGCCTTCCATCTCTGGCCCACCGCTAAATTTCCACCTTGTACAAAAGCGCTAGCTGCAGGGCGAGGGCTGGGGGCGCGGCGCAGAGCGCTCTCCCACGCGCCGGGGATCAGGTGCGGAAGGCTCCTCTCTAATAAACAGCCCATTGAAAGGGCCGCCCGCTCTTTATTGGGGCTTTTCAAAGTTCGCCTCAAACCTCCCTTTAAAAGATTGAGTAATTATAATGGTCAGCGATTGGCAACCGCGAAGTTGCCGCTTCTAGTAAGGAAAATAAAAAGCCTTTAGTAAAACAACTGAATTTCTGGCTCCAGTAGTGGCTGCTGGGGA,"[[181679472, ""A"", [""T""]]]",yes,no,A->T,1
chr1,163022222,163022429,AACGCTCTCAGCTTTTGTTTGTCAGGAAATGTCTTTAACTCTCCTTTCTGAAGGATAATTTTGCTAGGTACAGTATTCTGGGTTGGCAGGTTTTTTGGCTTTTGTTTTGTTTTGCTTTGCTTTTCCCTTCAACCCATTGAGTATATCATCCCATTCTCTCCTGTCCTGTAAAGCATCTGCTGATAAATTGGCTGCTAGCCTTATTGGA,"[[163022225, ""T"", [""G""]]]",yes,no,T->G,1
chr5,106545382,106545682,TTTTTTTCAGGTCTGTAGAAGGCCAAACTAGTCTTAGTTCTCAGACAAGAGGGCCAGTGCCAAGATCCAGGGGTGCTTAATGAATCACTGAGGGACAGAGCTTGGCAAGGCTGCCACACTGACTCAGATAGGTTCATATCCTGACAGGATACTGGCTGGGTAGAACTGCTTCCAGACCACAGCTTTGGGGGGGCTGAAACCAAGCTTCAAAGATAAGTCAGAATCTGCCACGGGACTCATGTTGGCAAGCTAACTCAGTGGCAACTGCCAACGAGACACCCAGCAGTTCCCTGTATGAGCA,"[[106545388, ""C"", [""T""]]]",yes,no,C->T,1
chr6,98467908,98468229,TACAGGTGATGAAAGAAAATTGATCAGGAACATGGAAGAAGGAAATAAGAAATGCACCAACAGGGATACATTTGTGAAGGGGAGTCAGAGGCTGAGTGAATTTGCACACGTTTTAAATGGCTAAGAATTGAACCACCCGTATTTAACTAAGTATCTTGACTATCAGGAAGTAAACACATTGTCAGCTTGAACACAGTGCCAACTTGAAACTGAAAACCAGGAAATTATAATGTCAGTAATCTGCATGGTAGTGGTTTTCCCTCCAGCTGCTCTCAGAACTATGTTTTTTCAACATATAATGGTTCTGGGCAATTTCTTTACC,N,no,no,N,0
chr14,45267121,45267535,CAAGAGGTCTTGAGGGGCTTGAAGACAGTAATAATTAATCAAATAGAACTGGAAGGTTTAGAGATAGCCATGTGACATATTAGAGTATAAATGATTCAGAGATATGGCCCATTCCTAGACAGCTTGAAAGTTGATGAAATAGTTATTTATAGTTCAATTACATGTAAGCTGAGGTTGGGGTGATATGGGAGGCCTGGTGGTATTAATAGTAACTATGTCTGTAATGCCTATTATAACTAGTATTTTGGTTACAACTAAAAGTGAAGTGGGCTGGGGAGGTGGGGGCATCTATGATTTATATCATGTGACTTTATAAAGTGTATTGTGTTTTCCCATTTAAGTTCATACTAATAGGTACAAAAGGCATACTGAAGCTAGCTTGAATTCAAAGAAATGGAATTCTTTTATTAAAGAG,"[[45267286, ""G"", [""A""]]]",yes,no,G->A,1
chr1,18113731,18114024,CTAGAATGTCCCCCTTGCCCCTGGGACCCCCAGGAAACCGTCCTTTGTTGGTTTCCTGAGACTGATAATGATGGGACCTATCTCCCAGTGTACTGAGAGGGTGGAATCAGGCATTACAAGCAGAGCTCTTAGCTCAGTCCCGTGGGCTCTGATGCTTGTTACTAGTGTTAACCATGGTAACGATGAGTACCCGCTGAAGCAGCCCCAGTCCTTGCGTTACTCGACTTTTTCGTAGTGTTCTCATTGGTTACATTTTTTGGCTTGAGAGTCTAGTGTCAATTTCTGCTGCTTGCA,N,no,no,N,0
chr16,25585590,25585834,GGAGACAAAATTCAATTGTGCCAGGGAGGTCAATAGTTTCTCTTTGCGTTCTCCCATGATGCAGTTTTCTTTTTCAGATGGCTGGGAGTGAGGCTTCCACTTGGCTGGGAGGCCAGTCCCCAGACAGCAAGCTACTGTGTACTCCTTCCTCCTTGCTGTCACATACCACCACTTCCTCTCTAGAGTGGCCTCAGGCTTTGGTAAATGGTTAGGCTGCTGACAAAGCTGCAGGTAGTTTCTGGGGA,N,no,no,N,0
chr3,190601632,190602099,GCTGCAAAAACGGTGCCTTGCAAAGAAGCACAAATTTAAATGACCAAACTTCATTTTATTTATTTCACTTGTATTTTTGCTTCTGAGTCTGTATCTTGTGCGGCTCAGCTCGTCCAGGCCGGACTTGCTCTTGTACCTTTGGTCAGTTGTGGAAAGCCAGATAGCCATACTTCTGGAGGTGGGCCAGCTGCCAGCTGGGGTGTCTCAGCTGTCCTCTCTGTGGTCTCTTATTTATTAATATGCTTTTCTGGACTTGTTCTCATAGTGACAACAGAGTTCCAAGAGAAAAAGCAAAATCTTTTAACTCTTAAGTTTAGATCGTCACACACCACACAATCACTTTTGCTGCATTTTGTTTGCCAGTAGAACTCACAAGGACAGCCCAGATTTGATGGCTGGTGAGATAGACTCTTGATTGGAAAACTTACAGTTTCAAATTGCAGAGGATGTGGAGATAGGGGAAAGGGA,"[[190601879, ""G"", [""C""]]]",yes,no,G->C,1
chr16,22619854,22620225,TGTACTCTTCATCCCCTATGTGCATTCTGACACCTTCAGAAGAAACATTTTCTTTTGGTGAGTCCCGTTGGAAACATCATGCCTGAAAAGTTTATTTTCTTCAGACACAACTTTAACTGGGAAAAATGTCTGGGTATGGATGACAGCATCTGGCATGCCTTACAACACATATGGCTTCCTTGTTTTAATGGAGACGCTGCGTGCTTCATTACTTTCTACACTGGCATGGGGACTCGGCCAAAATCCTGAAGGGAGCCTTGTCTCGTGCCCTAAAAGCTGGCCTTTTGAGGAGTTTTTGCTACCGAATGGATGCAGAATATCGTGTTCTTCCTGTTTACATACAAGTATGCTGCCTTTCCAGGAAACAATTCC,"[[22619868, ""A"", [""C""]]]",yes,no,A->C,1
chr12,2273251,2273676,TATAAATAATTCTTATGATGTACTGTTTTCATTTACTGGTATGATTTTTATTGTCATATTATTTTTATTAAAAATTTTCTTTTCAAATATTTTCTATCTGTGGCTGGTTGAATCACCAAGAATGCAAAGGGCCAACTGTATCAACAGCTCAAAGTGGAGAGCCCAGGGCCCAGGCACGGATCATTAGGGGAAGTACAGGGCTGGCAGAGAAGAAACTGGACTCCCAGAGCCGGCTCTTTCTGTGGGCTGGGAGCTCCTCCAGGCTGCTGGGTTAGGACCAGCAGGACGGCCAGAACCATGGAGACATGCTGCTGGTTTTGGAGATGGGGAGAGGCATGTGACCTTTTCTGGGAATCAAATCAGAGTGAAACCAGAAGAAGAATCTAGACTTCTTGGGGTAACTTGGCAAACAAAGCTCAGATAGAC,"[[2273259, ""G"", [""A""]]]",yes,no,G->A,1
chr3,106049023,106049264,TTGTAAGGTGGCTGGACCTGGGATGTTAGTAAAATCTGTTATAGGTTGAACTGGTGGGGGTGGAAGTCACTAGAATCCATCTGTTGTGTTCTGATGATAAATCTGTATTAGTCACGGTTCTCTAGAACTCTCACTCACTCCCTTTCCTCAGGCTTCTCAATTTCCTGAAACACAAAAATGTGGAAAATAGGCCAGTCTATAACTTCTCAATGGCCTCTAAATGTTCAAGTGAAAGGAAGAGC,"[[106049064, ""C"", [""T""]]]",yes,no,C->T,1
chr1,238406191,238406424,CCCATTGTCTTATAGGCCAGTGCACTACAGCTGTCTCATTTGTATAATTCAACAAATGTTCCAAGAGATAGAATTGTGAACACCATTGTTTCTAGCTGTAAATAGAAGCAAGTTGCTTGGTGTGTTTCTGGGTAATTTCATCTGTGGTTTCCATTCAGATACTCTTACAAATGGTCTTGTTTCAGAAACAATTTAGTTCCTCCCTCCTCAGCCCTATCTCACTAAAATGTATGT,"[[238406253, ""G"", [""A""]]]",yes,no,G->A,1
chr2,195779579,195779847,TCTACTTTTCCTATTAAAGTATCGTAGGGTTTTTTTTGTTTGTTTTTTGAGTCAGAGTCTTGCTCTGTCACCCAGGCTGGAGTACAGTGGTGTGATAAGGGCTCACTGTCTCCACCTCCAGGGTTAAAGAGATCCTCCTACCTCAGCCTCTCAAGTAGCTGAGACTACAGATATATGCCACCATGCCCGGCTAATTTTTGTATTTTATGTAATGGTGGGGTTTCACCATGTTGCCCAGGCTGGCCTCGAACTCCCAGGCTCAGGCAATC,"[[195779601, ""T"", [""C""]]]",yes,no,T->C,1
chr7,137417540,137417809,GTCTGGATGCGCTCAGACATCCACGTGCGGAAGGAAGAGATGGCTTCTGTCATGTGGAATCAGGAAAGGGAGAAGACAGCTGCTGTGATTTGTATGTTTGTATAAACCCTCCAAAATTCATGTTGAAACTTAATCCCCAGTGTGGTATTAAGAGGTGGGGCCTTTTAGGAAGTGATTAAGTCACGAAGGCTCCACCCTCATGAAGGAAATCAGTGCCCTTCTAAAAGAGCCTTGAGAAAGCTGCCTGTCCTTTCTATCTTTTCCACCATG,"[[137417549, ""T"", [""C""]], [137417563, ""T"", [""C""]], [137417752, ""A"", [""G""]]]",yes,yes,T->C,3
chr3,145716497,145716969,TCTGAGGTCACAAAGTGCCACTTTCATCACAGTATAACAGCCCGTCCAAATCCAAGGAAAAGGAACATGTACCAAGATTTTAAATAAATAAGTACCACATTTACCCTGTATTCAGATCATGTGGGATGGGAGATGTTTTGGCAGCCATTTTCAGAAAAGAGTATGTCACAGTTTATCTCCTGACCACAAAAATTTAGGTCCCTCCCATGTGTAGAATATATTCTCCTTTCCCATGAGGTCTATCCCATTACAACATCAGACTGAAGTCTACAATCTGTCATTTAATCAAGTACAGATGGGGATCAAGCTTTTGTGGACCTTTTACCCAGATACAGCTTTTCAAATACCATTTATCTTGACCTGAATAACAGAGAATTCAAAAAGATAAATTATTTACCCCACCACACATATACAGTGCCAGGATAGGCCTCAGGGATAGGATAACTGTTATAAGCTCTATATTCAAAGAGAAG,"[[145716502, ""A"", [""G""]]]",yes,no,A->G,1
chr1,145154355,145154568,CATTTCTCTGTCTGGGAAAAACTATTTCTCCTTCATTTATGAAGCTTAAATTGGCAGAGTATGAAACTTTGACAGGCAGTTTTTTTTTTCTTTTAGGTGGCTAAAAATAGGCCCCAGTTTCTTCTGACTTGTAAGATTTCCGTTGAAAAGTTTGCTGTTAGTCTGATGGGATTTCCTTTATAGATAATCTGGCCCTTTTCTTCAGCTGCCTTTA,N,no,no,N,0
chr6,145830128,145830336,GAGAGTAGCATGCTAAGCACTCCTGTACCATTACCCAGCTTCAATAATTATAACCTCGTGGATAATCTTGCTTCATCAGCACTCCTTGCTCTGCCCATCTAGATTACATAGAAGCCAATTCCAGGCATCATATCATTTCCTTATGTATCTCTAGAAGGTATAAACTATTTATGTAAATATACCAGTAATACTATCACAACACCTTGAAA,"[[145830147, ""T"", [""C""]]]",yes,no,T->C,1
chr1,164919978,164920254,TGTGCATATAAAGCGGCAGGGGTCTGGTGAGTGTGTGTATGTATGCACACATGTGTGTATATGTGTATGCATGTGCACAGGGGAAAGACAGGTTAAGCTGCGGTTTCACATCTTCTCCAGCTGCCTCCATCTGGAAAACTGGAAGATTCTCCGACTCTAATTCACAGAATTCTCTTGGGGGTGGATTGATTATAGTACTTAGAGATACTAATGATTTACAGGGACTGGGAGGTCTCCCGATTTGCCTTCAGGCCTTCAATGACCTTTGACAGCTTTC,"[[164919987, ""G"", [""A""]]]",yes,no,G->A,1
chr5,104666849,104667070,TACATACATACATGCATATATATAGGTATATATACATACATACATGTATATATATAGGTATATATACATACATACATGTATATATATAGGTATATATACATACATGTATACATATAGGTATATATACATACATGTATATATAGGTATATATACATACGTGTATATATGTATAGGTATATATACATACGTGTATATATGTATAGGTATATATACATACGTGTG,"[[104666956, ""G"", [""A""]], [104666980, ""G"", [""A""]], [104667005, ""T"", [""C""]], [104667066, ""A"", [""G""]]]",yes,yes,T->C,4
chr16,51884821,51885092,TATTATTTTTCAAATATGCCGCTGATATTTTAGAGTGTTGTAACTGTGCCCCTCTTTTCCCCATCGGACCTGCTGTTTTTGCTGTGTGATTTTGTAGAGTGCAGTGATCTTTAGGGGTTATCTGTTGAATCATAGCAGGCCTGACTGTACATAAATAATGCAATAGAGGACATAGGAAACCAGTATCCTGGGGAGGCAATTAGAGCTTAGCAATATGAGAGAAATGAGGTTTTCACTGTATTTTCTTTTGTAACGTGTTTTTTAAAAAAATG,"[[51884886, ""A"", [""G""]]]",yes,no,A->G,1
chr2,222313869,222314124,TGTTGAAATAAAATTGTTCTATTCTTGCAGTGATTAAACATGCTCTCTTCTGTTTATTTTGTGGTATGTTTTGTAAGATTAAAAGCTAAGGGAACTTTTTGCATATTTTCTCCACTCTCTTCCTACTTCAATATCCCCCACTCAACCCCATGGAGATGTGGTATTTCTAAACCAAAGATAATCCAATTTTACATGCAAAGGCAGCTTAAAAAAAAAAAAAAGGAAGTGTGCACATTCTTCCTCAGCTCCTAGGAAT,N,no,no,N,0
chrX,91639360,91639592,TAATCTCACTCTCCAACTGTCCTATTGAGAGTTTGGAAAAGCATGTGCTACAAAAGCTAGAAAAGCCTCTGAGGACACTACCAATACTCCCTCTACAGGCCGATATGAAAAAGGACTGGAGAGTGGGATAGTCATCAGTATGCACTACACTCTAGCTGGTTCTTTTCTTTGCATCCTCCTGGGCTTGGTAGTCATAACTCAAAGTTTTCATGTTATACAGCAACCTGAATATG,N,no,no,N,0
chr4,52704127,52704458,GGATAACTTGAATCTTTGCTCCTGGGTGGCCACCCTCAAACTTTGAGCTCAAATAAATTCTATACTTAAAAATATTTTTTGAATCTTGTTATTTAAAGTTGACAACACACACACATACACACACACACACACACACACTCACACATACACACGTATGTCTATGACTAAATGCTGAATCTTTGGCCAGGGAACTAACCCAAATTACCACATCTTTGTTATGGGACATGCCATCTGTTTTTAGCCATTGATTTTACTATTACAGCAGAGTGTAGCCTATCTGCTTCACAATCAGTTAAAAGTCCAATTTCTTCCCCAAGTTTCACCTGCATGAC,N,no,no,N,0
chr9,130887149,130887441,GGAGAAGCCACCTTCCTGCCCCTTCATACCGCCTCGTGCCAGCAGCCTCGCACAGGCCCTAGCTTTACGCTCATCACCTAAACTTGTACTTTATTTTTCTGATAGAAATGGTTTCCTCTGGATCGTTTTATGCGGTTCTTACAGCACATCACCTCTTTGCCCCCGACGGCTGTGACGCAGCCGGAGGGAGGCACTAGTCACCGACAGCGGCCTTGAAGACAGAGCAAAGCGCCCACCCAGGTCCCCCGACTGCCTGTCTCCATGAGGTACTGGTCCCTTCCTTTTGTTAACGT,"[[130887165, ""C"", [""T""]], [130887166, ""A"", [""G""]]]",yes,yes,A->G,2
chr12,82800289,82800575,TCTTGCAGATATTGGGAAACAGGCCTCTTCCAGGCCTGAGGGAAACATCTGGCTCGTTACCTTGCAGTGTGGCTCACCTCTGTCTGCTACAAGTCCTACGCTGTCATGATTCCTGCTCTATTCAGCTTGTGTGTCTGGACAGTTGTTCTCAGCACTCAGCACCCAGCTGGACACCAGACTGCTTTCTCCTCTTTCAAGCTGTTGCATTTATTGTGTTTTCAGAGCAGGACTCATATTTTTCTCATTAAAGCACATTATTGGAGGAAAGGGAGAAAAAGGTAAATGTC,"[[82800315, ""A"", [""C""]]]",yes,no,A->C,1
chr6,57869863,57870211,ATTGCACAGTTCAGCTCTCAGGCTCTTTTTAGGTAAGTTGTTCGGGATTAGAGCCACTTATTCACAGCTGGCAGGTGTGTCCACAAGCTCATGAACAACTTTATGGGTTTGCTTTCTACAGTATCTGTCCAGGCACATTCTAGTTACTTGACACATCTTGGTTTCAATCCTGTCACCAGAAAGCCGGGGCTGTATTTAACCAGGTGGCTCTGTCCTCCACTTTTCACAATTGTCTCACATTTAGGACCAAGCTGCAGGCAGAATCAGGGAGAAAAGAGCAGTTTTATATGTCCCTTGGTTTCACAGCTCCTTGAAGAAACAGCAAATGAATTACACAGTAGATCTACAC,"[[57869905, ""T"", [""C""]], [57870034, ""C"", [""G""]]]",yes,yes,T->C,2
chr2,95676658,95676936,TGTGTTCTTCCAACCCCAAGCTTGTTTTATGTGCCACTCAGTTTCTCCATCAGTTGTTTTCATTTCAACCAGAATAAGTTTGAGTCTATGTCACTTTGACTAATATGACACTGGGGTTACTAGTCAGCAATTTCGTTTCTAAGGCTGAACTTCCACTTGGCTTACCAGTAGTGTTGATCTCAGCAGGTCTCAGGTTTCATGCTATAAAATTGTGATGTTTTATTGACCAATTAACATAGGTTAATGATGATTGTTTTTATGAAAGTTGGTGGGTCACCC,N,no,no,N,0
chr1,106613032,106613413,TAAAACTTATTACGAAGACAAGTTTACTCTTCTAATATTAATGGCTTTTGAGATGCTCATATGATTGGGATATAAATAGAGTTTGTGAGATTGGTGAGATAACCAATAATAATACCTAGGAAACAAATTAGGAGTATAAATTGTTGACTAAAAATAACTGCTTCGTAGGGACCCAATCGCACAGTGAGTGGGAATGAGTAAGGCACAGCCTCCGGGGAATAAAGAACTTTCTGAGATGAATTACAAGCAATAAAAGAAGAAAACCACACTCTTAACTGATGAATAGAAATCCCTGAGGAGAAAAGTGTTCATTTGTACTTTCCTTCTTTAGTGTGGCTTATTTCTAAGACATTGATTTTATTGTGTGAGATGCTTCTTCTCT,"[[106613118, ""A"", [""G""]]]",yes,no,A->G,1
chr5,59999119,59999518,AAATAGATGAGAAAAGGCATTTCACGTCAACCATGACAGCCCTTCCTCCAAGCCAGCACAGCTTGGTGTCATCAGGAAAAATAAATCACACCTTATGACTTCTCCCTTAGGAGAGAAAGAGAAGAGTGGAATGTATGTCCAATGTTCTGGTTTTTCAGAGTGTTGTCTGAGAGACTGGTTTCTGTCTTGCCTGATTCAGAGCACTAATGGAATCTACATACTTTGGATGCCTGGGGTCTGCAGAGAGCAAAAGGTAACTCAGTGGCTTATTGCAATGCCACAGAACCTGCAGTGGTACAGACAGACACCAGACGGAGAAGGAGATTAAAAGCTCTTGGAAGAAAAAGAAGCAAATCACTCTAACTGGGAAAGAACACACACAAATTCAAAGAAGATGTAT,"[[59999122, ""C"", [""T""]]]",yes,no,C->T,1
chr19,23440207,23440506,AGAAAAAAGAACAAAGAAGATAAACAACAACAAGTCACTCTTAAGTATTGGGGAAACAAACTGGAAGTGTGTTTAGGAAAAAAACAGAGGAAGAAGGTCCGAGTAGTCCCAGGTACTGGTAGGCTGAGATGGGAAGATCACCTGGGTGGAACCAGGGAGATCAAGGACGCAGAGATTCACAATCGCATCCCTCTGCTGGACCTGAATGGTACTACCTCCAGCGACAGCCATCCAGTCGACCTTAGATATGGCAAAGCGAGAGTCATCTGGTCAGCCTTAAAGATGGTAAGCTGGAAGCTA,"[[23440257, ""T"", [""G""]]]",yes,no,T->G,1
chr10,7090486,7090827,ATAGCTATTTTATTTTAGAAGAGCCTAATAACATTCCTTGACTGGGACTAAAAAAAAAAAGAAAAAATGCTAGCAACGATTTCAGCCTCCTCCCTAAAAACAAATCAAGGGAAACTCAATGTTCCTTTTTTGTGCCTGGAAGGAGATGCTGTTTAGTTAAGCTCAGCTCTCAACCACGGACAAGGGTGAGCAATGGGCTGGCCATGATTCAATATAATCTGTCTTCCTCTAACCTAAGTGCTCTTATAAACAATACAAATTAATGTTCTACTTCATAAGATAGATGCCCGTAAAGTGCTTGTTATTATGGAAATGTTTCATGCGTGACCATCAGCAATGTCA,"[[7090531, ""A"", [""G""]]]",yes,no,A->G,1
chr10,64658600,64658881,CTTTGCTCTCCCATCTTGTTCCCTATGTTCCATGCCTCAGACTTCTCTTTAGCACTGTTGTGACTTCGTCTAAATTGAGCAGGTAGTGGCCCTGTAGCTTGTAAAAGCCTCGAATGCCTTTGTCTTGGCTCACATCCCCTAACCTCTCAGTCTTTGTAGTTCAAAGCCTGAATTTTTTCAAGGAGTTTCACTCTTACCTGCTGTGGGCCTCCCAAAATTGAGTGCTCAGAATGTCTTTAATGAATATTCTTGAACTCTCCTCTCCTGTAACCCCTTGCTTCT,"[[64658761, ""G"", [""C""]], [64658833, ""C"", [""T""]]]",yes,yes,G->C,2
chr9,136774672,136775026,TCTCCTGGAAACGCCATGTAAGTTAGGTGAGGCATGACACAGGAAAGCTCTCAAGCTGACTTCCCTCCTACCCTCAGGGCTGCGGAGCAGGTCCCTCATTATCTAAGATCAGTTGGACACCTGTACGCCTGCCATGGCCTGGAGCAAGTGCCAGGCACTGTGGATGATGAATATGAGAACAGCATCAACCCTGCCCTCCTGCAGGTGACTGGCCAGACCGTGGGATTCCTCCACAACCAACTCTGCACACACAGCTCACTCATGTCGAGCAGGAAGCGGAGCTTGGGATCACCTGACCCGCTCCCCTCACCTGGGAGCAGCTTATATAGAAGCACCTGTAGTTCACACACGGCTG,"[[136774710, ""C"", [""A""]], [136775005, ""G"", [""A""]], [136775021, ""G"", [""C""]]]",yes,yes,G->A,3
chr4,135448481,135448734,GCCTCTCCTCCTCCAAAGGAACGCAGTTCCTCACCAGCAACGGAACAAAGCTGGATGGAAAATGACTTTGATGAGCTGAGAGAAGAAGGCTTCAGACGATCAAATTACTCTGAGCTACGGGACATTCAAACCAAAGGCAAAGAAGTTGAAAACTTTGAAAAAAATTTAGAAGAATGTCTAACTAGAATAACCAATACAGAGAAGTGCTTAAAGGAGCTGATGGAGCTGAAAACCAAGGCTCGAGAACTACATGA,N,no,no,N,0
chr15,66030735,66030961,TGGAGCCCCTGCAGTGTCAAGATCCTCCTCAGGAAAAAATGCTCAATTCCTACCACAGAGGCCATGTCCCCCGTGCCAAGCTGCACAAGGACTTCAGCAAGGAACATCCATTACTGCTAACGAGCATTACATGCCTAATTAATTCCCAGGCTTGGTCTGAGGATTCAACCTGGGGCCTGATTTCCATTCAGGGAAAATAAAAGGGAAATGTAAGAGGGCTCATAAGC,"[[66030799, ""C"", [""T""]]]",yes,no,C->T,1
chr16,47540002,47540334,AAAAAAGCCAGATTTTACTTCTTGCAGAGAGCCTATAAACGGACGTGCAAGTAGGAGAGATATCACTAAATTCTTTTCCTAGCAAATAATATTAATATTAAGACCCTAGGAAAAGAATTGCATTCCTTGGGGAAGGTCTATAAACGGCCACTGTGGGAGTGTCTGTCTTATGTGGTTGAGATAAGGACTGAAATATGCCCTGGTCTCCTGCAGTACCCTCAGGTTTATTAGGGTGTGGAAAAACCTCCCTCCCCCCTCCCCGGTAAATTTGAGGTCAGACCAGTTCTCTGCTCTCGAACTCTGTTTTCTGTTGTTTAAAATGTTTATCAAGAC,"[[47540012, ""T"", [""G""]]]",yes,no,T->G,1
chr11,116145150,116145491,TCCCCTAGAGGTTTGAGCATCGGGACACTGAAGGGGTGAGCCACTCTCCCATGGCACACCCTGTGAGGCGACAAGGGAATTTTTCCCGTTTCAATTCCAGGCTAGTCCAGGAGCCTTTTTGCCCCTTTAACTGTTTTCAATCTTCTTTTTTTTTTTTTTTCTTTTTTCATTTTCTAAGTGAGAGGGCTCCCCCTCCCAGCTCTGTTTCTGATAGAGAAGTTAAGAGAGGAACAACCCCTGCTGGCTGAGAACTGCAAATTCAGCAGGGCACATTTGAGACACTCTAAACAGATACAAACGGCCTCTAAAATATCTTTTCGGCCCCAAACTCGATTCTAAGCT,"[[116145248, ""G"", [""A""]], [116145469, ""A"", [""G""]]]",yes,yes,G->A,2
chr13,36217404,36217810,AAGAATAGCACTTGCCATCACAACAGTGTAAGCACAGTTTATTGGTTTGGGAACTGCCCTGAATCTAGCTTCTGATCCTTCCCAGCTGCTAATTCACTTATTTGATTCTGAGCTCTGCCTGAAAAACATTTCCTGTCCCATTATCCCTGCATCAAAGAGGCTTCCACTTCTGCTGCGTGCATGCCTTCTTTCTGCCTCTCCCTCAGTCCTCCTAACCTGAAAGCACAGTTCTGACACCTGCGTTGTCTGAGGTTTAGCACACCTGCTTACCCCTGAATGTTATACTTGTGCTTGCTTGGGTTTCTCCCACACAACAGGCTGACTCACACTTTTGTTCTGTGGTTAGTCTGAGAAGACAACGAAAAATTTTCAAAGTAGTACTAATTCCATCTGCTAAAGATTTAATA,"[[36217472, ""G"", [""C""]]]",yes,no,G->C,1
chr17,32994408,32994681,AACCCGAACCTTGCTGCAAAGCCATGACCTCAACCACTTTGTCATCCTCAGGGGCATTCAAGGTCCCGTGGAGGTTGGAGACCAGGGACACCAATTGGCACAAACAAGAGTTTGTACAACTCTTTCACTTTTTGACTCTGTGAAGGTGGAGAGCAGGTGTGGAGGCGCAGAGGTCAAGAGAGGCATGGGAAGGCTTGTCAGAGGTGGTGGGCAGTGGGATAGGAGCTCACAGAGGTGGGGAAATGCGGGTGAGGACAAGAAGCAGGGATGACCA,"[[32994457, ""G"", [""A""]], [32994589, ""A"", [""G""]]]",yes,yes,G->A,2
chr3,163375858,163376329,TATCCCTCAGTTCATTTTAAAACCGATTACCAGCTACTCTGTGTGGAAATAACTAGCATGAAATTTAAATCCCTTCAGTTTTTTCTTTATTACCCATCTTGACTTGTTTTCAGTTCTTCAGTTCTGAACTTTTATTGTTTTCAGGGCTCATTTAGAAAACCTGCTCACTTATTCCTCCAGGTTTTCCCCTTTTGCCTGCTTTAAATCACAGGCTATTCTGCATGGATTAGTTTTGTCCTCCATCTGTTCCCATCTGCTTCATGTCTTCCAGACAGTGCTCAAAATTCTGCTTCATTGAAAACACCCTATGTCCAAATAATGCTAAAATTGTTTTAAAAAATATTTTCAAGTATCCTTTGAGAGGAAGGAGAAAATACATGTGCTAAGTTATCTTCTTTTAAATAAGATAATTGAATGTACTCATAATGTCCCAGCTTCTGTCTGTATTTGGCTTATTATCTCTTCTATTTTA,"[[163375876, ""T"", [""A""]]]",yes,no,T->A,1
chr11,21532087,21532378,TGTGATGTGAACCTGATTATTTCCAGTGAGTTTCTGGAATCGTCTGTGAAAAGTACAGTTGTCAGGCAAAATGGGCTTCTCCACTACTTTCTCATTTCCCATGCAAGCCAGGGATTCCCTAGTGTCCCTGGGGAAGTTGTAGATGTGTAACTGTCTGATTGTCTTCACTGCTTTTGAAAGACTCCTGTGCTATACAGATAACTTCTGCCCTGCTGAATCATGGAAACTCCTTATCGTTTCATTTTGGGAATAGAAATATCTGTGAATTGAAAAAGTATTTGCACATCATTCA,N,no,no,N,0
chrX,43953214,43953577,TGAAAGATAAGATCCTTAAGGGATGGAAGGAATAACCATCTGCTCTCCTGGTTTACTCTCAATACTTCACATTTTAGCTTCTGCCATGCCTTACTTGTGTTTCAGCACTTGAACATCTCCTGATCTCTTCCGGATCAGAGCTTCTCAGACTGGAATGTGCGTGTGAATCATCTAGGATCTTGTTAAAAGGCAAGTTCTGATTGAGTAGTTCTGGCCTAGAGCCTGAGATTCTGCATTTCCCATCAGATTCCAGTTGATGTCAGTCCTACTGGGCTGGTGCCCACACTTTGAGTAGCAGGTCTCTGGACCCATTCAAGTTTGAGGGCTGTGCTCTAGATGAATCACTAGATAACCATCATTTCGC,N,no,no,N,0
chr10,91626575,91626930,AATGGGTGTCCACTCATTGTCAAAAAGAGGGAAAAGTCAAGGCCAGGAGTCAGCAACGGTGCACATGGACTGCTCTGAGTTTGGGATCCTTCCCCACTAATGAGAGGGTTTGTTCAGATGACAGCTCCCAGTAGCTGCCAAAAAACTCTATGAGGAACCTAGAGATGAAAGCTGAGGAAGAGATTCTCCCTTTGCAGCTTGAAGGGTCACTCAAACTTGTGCAGAACTTTTGGATTCACATTGATAAAGATGCACAGTTCACTGCCACCCTAGAGTTTTCCAGCCTTTCAGTCTGGGGATGAACTAAAAGGAGAGCCATCAATGTAGAGAGAAAAAAAATAGTCCTTCCTTAAATA,N,no,no,N,0
chr3,174408344,174408634,TATCTCAGTGGAACGCCAATCAAAAGAGAAAATTTTAAACCAGAAAGGAAAGAGGTTGGGGGTAGAAAGAGGGAAGAAGCTGGGCCTCAGGCAGTAGAGCCAAATACTGGTAACAGAGCAGTGAGTGACTCACAAATGGAATGTTTTGGCAACAGAGGAAACCCTAGGACCTGGAGAGCTAACAAGAAGAGAGAGATCAGGCCGGAGCGGTGGCTCACGCCTGTAATCCCCACTCTTTGGGAGGCCGAGGTGGGCGGATCAACTGAAGTCGGAGTTCAAGACCAGCCTGAC,"[[174408390, ""C"", [""G""]]]",yes,no,C->G,1
chr7,101310640,101310934,TCCAAAAGAAATTCAAGAAATGTCATATAGAGAATTGTGGAAACTGATTTTAACCAAGATTAGAGGGATTCAAGAGACTTCTGAAAAAGAAAGTAAGGAAATGTCAACAGCAATTCTGGATATGGTTGAGGTATTTACCAACCAGATACAGAGTTTTCCAGAGCACATGGCAAATGTGGAACTGAAGAAATCACTGGATGAAATACAAAGTATACTCGAAAGCTTCAATGATAGACTAGATCAAGCAGAAAAAAAACTCTCAAAACTTAAAATCTGAAGGCTTTTACTCAATTCA,N,no,no,N,0
chr22,24781854,24782257,GGCAATAATGGAGACAATGATAAATAAAAAGACATACGATATATCAGAAACAAATAGAGAAAGGTAGAAGTATGAGTAATTACTCTAAATGTAAATAGAATAAAATTTCCAATTAAAAGGCAGAGATTGAGAGAGTGGATAACAAAACATTATCTACCTACATGCTGTCTCCAAGGGATTCAGTTTATATACAAAAACGCAAATAGACTGAAAGGGAAAAGATGGAAAAGATACTCCACACAAAAGAGATTATCAACATTGCATCACAAGTTCTAGTCTGCAATTATGCAACAAAAATAAATAAAAACCATCTGGGCCAGACATGGTAGCCCTAACCTGTAATCCCAGCACTTTGGGAGGCCAAGGCGGGTGGATCACCTGAGGTCAGGAGTTTGAGACCAGCC,N,no,no,N,0
chr21,27526420,27526748,ACTTTATCTCTCTGTTCTAAATTCTGAGATATTTCCATGTCTTTATTTCCAGTGCCCTCAGCTTGATTTTTGTTTAAGCAATAATATGGTTTGGCTGTGTCCCCATCTCATCTTGAATTGTAGCTCCCCTAATTCCCATGTGTCATGGGAGGGACCCTGGTGGGAGGTAATGAGGTAATTGAATCATGGTGGATGGTTTTTGCCGGGCTGTTCTGGTGATAGTGAGTAAGTCTCATGAGATATGCCAGTTGATAAAGGGGAGTTCCTCTGCACATGCTCTCTCTTGCCAGCTGCCGTGTAAGACCTGGCTTGCTTCCCCTTTGCTTTCT,"[[27526661, ""C"", [""A""]]]",yes,no,C->A,1
chr8,136244712,136244962,TTATATGCTCTCTAAACTTCCTCTTTAGTTCTCCCTGAAGTCAATATTCATTCCTTACTGTCCCAGCCTTTCTTTTTAAACTCCTGTGAAATGCTTGTGTGAGAGTATCAGTGCAGAAAATGATAAATAAGGCAAGGAACCATATGTCAAGGGTCTATTGGGGATTAGCAACAAGAGATGGAACTGGAGTAAATTTCAGAGTCTCTGGGCCCACCTGGAACCTCAAAACCTCTTCGAATTAGAAAGACATC,"[[136244756, ""C"", [""T""]]]",yes,no,C->T,1
chr5,70212659,70212963,CATAAAAGTTCAGAAAATTTGTAGCCTGATGATGCAACAGAAAAGAAAAATCTATTTTCTCAGGAGACTGGGTTGTAGAAATTTGCATAAGTAATGAGGAGCCAAATGTTAATCACCAAGACAATGGGGCAAATGTCTCCAGGGCATGTTAGAGACCCTCACAGCAGACCCTCCCATCACAGGCCAGGAGGCTTAGAAGGAAAAATGGTTTTGTGGGTCCAGAACCCCCTGCTGTGTGCAGCCTAGGAACTTGGGGCCCTGCATCCCAGCTGCTCCTGCCATAGGTAAAAGGGGCCAAGGTACAC,N,no,no,N,0
chr8,88548065,88548369,TAACATGGTGAGAAAACACAATAAATATCCTCAAAGATCAAATGCCACCTGCTGCGATTCTCTTGGCAGAAGACCCATTGGATAGTCATTGATCTCTTCCATGTGGTGTAAAAGAAATTCTAACCAAGGGCCATTTCCCCAGTGGCTATACAGCTTTTCCAATAAAGCTTTTTCTTTATAGCCACAGAGAGATAATGCATTTCCATTGGGAAGTGAGTGTATGAGAATATAAATCACCTGGGAATCTTTGAGCGAAGGATTTTTCTCTAAATTCATTACAGCCATCTTCACTTTTGTCACTTTCT,"[[88548119, ""T"", [""C""]], [88548331, ""T"", [""C""]], [88548340, ""C"", [""T""]]]",yes,yes,T->C,3
chr13,94286628,94286980,TCATTAAAAATGTCTAACAAAATGACATTGAGAAGGAAAGCAATTTTTTAGCTTGCAACTACTCAATCACGAAGAAATTATGGGCTGCCAAAAGGTTTCAGAGAGCCCCAAGTATGTTGACTAATCCCTCACATTTGTGAGCAATTTGGGGGGAATTTTCTTTTTAATGTTTGAAATGTCTGCACACCCTCGCCCTGTTCTCTGTCTAGCAACTTCTAATTATATCTTCAGCTGTGCAGACCAGGCACATGTTCTATATTTTCCATTGTAAATAATTAAACATCCCATCTGACTTCCTTTTAAGACTATGGTGTAACTTTCATTAACAAATCTTCAGGAGAAAATGCTCCTTT,"[[94286652, ""G"", [""A""]]]",yes,no,G->A,1
chr6,68958466,68958691,CCACAGTTCTTAACTGGTCTTTTAAAATTGTCTTTCGTCTGCACATATAGAGCCAAGATAGTACTGCTGCAATCAAATTTACAGAGATTGCCACCTGCTGTTTGAAAAACATTTTACAGATCTATTTATGAAAAAGATAGTGTACCTTATTTGCCGGGCTTGTTTGCTGGCTTTCATGACTTAAGGCAGGTTAAAAAAATATCACATAAAACTAAAAAAAAAATTA,"[[68958502, ""A"", [""G""]]]",yes,no,A->G,1
chr3,106248317,106248708,AAAGTTGGAATTATAAAAAGATGACTTAGTAAAACACTCTAACCATGACTAGTACTCATATGGCCTCAGACTGTTTTTAATAACAAGTCTTTTTTGAATATATAATGACATGAAACTGACTAGTAAAGGTTTGTGGAGGGAAGTGGCATTTCTATAAAGCTGTTTCAAATGACATCGCCTTTGGTGCAGATGCCAAAAGAGACAGTTATGAAACACTTGAGGCAGTGAGCACATTCTCTAATCATTAGCAGCCTGTTCAATCATTTCCATCTCAACTTATTTCAATTCCAGATCAAGGAGATTTTTGTGTGCCTATGATGTAAAATGTACCGGCATTGTTAACTTCACACCTTAAAAAAGGCAACATGTAAAAATGAAGTATAAGTGGTTAG,"[[106248395, ""C"", [""A""]], [106248596, ""C"", [""T""]]]",yes,yes,C->T,2
chr3,130012177,130012440,TGCCTGAAACTATCTAAGCAAAAACTGAGAAAGTTACACAGGACAGACAAAAATCCTATAAGAGTAAGAACTCTTTAGCACATGCTTAGAGTGTCAAAGACAATGCTGTGTTCACACCATTCCTCTTCCTGGACATGCAGAAAGACTACATTTCCCAGCCTCACTTGCAGTTAGTTTGGAACCATGTGACTGCATTTCCATGAATAGGAATGTAAGAAATCCCTTCTGGGCCAAGGCTATCAAAGGCAAGTGTGAGCTATGTTC,"[[130012229, ""C"", [""A""]]]",yes,no,C->A,1
chr19,51892868,51893271,CACCCCCTACATTTAAAGAATAAACTATGTTCTAACTGCCATGAGTGTTTTTTGTTTTGTTTTGTTTTGTTTCTTTTTCTGTAGCAGCTAAACAAACACTGGCCTTGGGACAAGCAATATTGAAACAATTGCAGCTCCCGGACCACCACATGCTGACTAACTGATGCCCCTCACCCCCAACAGCATTCCACAGGCCATAACTGCAGCTATGATTGGACAGGAGACTGATCTCAATATCCTTCTCCTGATAAACACCAGCTGTTTTGGTCAGCTGCCGGAGTCTGTGCAGACTTTTCTTATATCCTGTAAAAGACCTGCTAGCATACAGTCAAATTCCACCTCATTTTAATGTTAAAACTCCACTCCAAAATGAAAGTGGATTATATGTTACATATATGTTTGCT,"[[51892909, ""C"", [""T""]], [51893016, ""G"", [""C""]]]",yes,yes,C->T,2
chr8,43023571,43023834,TCCTCCCTAGTAGCTAGGATTACAGGCATCTGTCACCACGCCCAGCTAATTTTTGTATTTTTACAAAATACAAAGAGACGGGGTTTCACCATGTTGGCCAGGCTGGTCTCTAACTCCTGACCTCAGGTGATCCGTCCACCTTGGCCTCCCAAAGTGCTGGGATTACAGGCGTGTGTTACTGCCCCAGCCTCCTATTTCCTTTTCGAAAGTAGCAGTTTGGTTTATTCTCGTTTGCTAAGTAATTGTTTGAAATATTTTTCAGCC,"[[43023603, ""C"", [""T""]]]",yes,no,C->T,1
chr2,187166796,187167056,GCATACATAAATCCTTGTTGAAGTTTGGATGATTAGAAGAGTTAAGATTAAGAGTAATCTTCCACTAAATAGAGTACTAACTCTGTAGTGTCCTGAGACAAATGATATAGCTATAGTGACAATAATAATGTCAGTCATTTATTGGGCGCATGCTGTGTTTCTTAAATGCCCACAATGTTTTGTGAATCTGTATGATTTCCTCAATAACTTTGTGAATTTATGATAATTACACGTGAAAAAACTAAATGCTTTTAGAGGACA,"[[187166871, ""G"", [""A""]], [187167027, ""A"", [""C""]]]",yes,yes,G->A,2
chr8,122362320,122362714,ACATCGAGAGAGAGAGACAGAATCTTCAAGGATAAATTCAAAAATGTTGGCAATGTTGGGCAATGAGGTGTAGAGTATGATGTGAAAAGACCAAAGCTCAACATGTTGTTTTTCCAATCAGCTGTCCATTTTCTATGTGGTAGTGACACTGATTTCTGTGACCAATGCCCAAGTTTCTTGAGTGACTCAGGCTTGTGGCCTGAATATGCTGCCAAGAGCTAATTGCCTTTCATGCTGCTCTAACAGTAATGACAACCACCATTTATTGAGTGCATGGCATGCTCCAGGCAGTGAGATGGGTGGTGACCTTCCTTCAGTCAGTTCCCTGGACAATCATAGGAGCCAAGGAGTACACCATTTATGACTTCAAATTATTAACATTAAAATCAAATTTT,"[[122362337, ""G"", [""C""]], [122362440, ""A"", [""G""]]]",yes,yes,G->C,2
chr10,14247535,14247985,CTCTCTTTCTGTCTCTCTCTTCACTCCACAGTCAGTTTTCTGGAGTGTGGCCCAAAGATCCATATGTCAAAACCTGGCAGAGGAAGCTGATACCAAAACCACATTTATTCTTTTCCTTTAAAAATGGCTTGGGAAATTAGCCCCTACATTTAGGGAAGTCCGAGTGAAGAAGAGGGAAGAGAGGGGAAGGCCTTACGGGGCACAGGACCCGCTCTGATTGTTGGAAGTCTCAGCCTTGGCCCAAAGCCCAGCCTCTGTCCTCTGCTTAAATTGAGTGTGAGGGAACAGGATTATCTTGGTTGTAATTTTTAAAATGCTTCCAAGCATTGTATAAAAGTCAGAGAGCTCTGTTGGACCTTCACACGAAACAGCATTTTCGTAAGTTAAAAAAAAATTTGGAAACAAACGACTCTACATGGCCAAACCTCATCCTAAGCCAAATGACAAAATA,"[[14247536, ""G"", [""T""]], [14247929, ""A"", [""T""]]]",yes,yes,A->T,2
chr8,132173204,132173430,CTTGCCAGTGGATTAAGTGGCCAGAAACACACACTTTCCAAGCTGAAAGAGAACTTGAAGATCTTGCAACATTCCTATGGCCCTGACTCATCAATGAGAAAACTGAGATTTAAGAAGGTCATTTGCTCAAGGTCAAATAGCTTAGGAAAAAAACCGACAAGGTAGGGCTGCAAATAGAGAAAGAACATCACCAATGAAAGAATGGAAGAGGAAGTGGGTGGCAGGGA,N,no,no,N,0
chr4,187216800,187217128,TGAGGGTAACTAAACAGACATGACAACTGTATTAGTCCGATTGTACATGGCTATAAAAAACTCCCTGAGACTGGGTGATTTATAAAGAAAAGAGGTTGAATTGACTCACAGTTCTGCATGGCTGGGGAGGCCTCAAGAGACTTACAATCATGGCGGAGGGGGAAGGGGAAGCAGATGCCTTCATCACATGACAGCAGGAGAGAGAGAGTGAGGGAGGATCTGCCACACTTTTAAAGCTTCAGATCTCATGAGAACTCCCTCCTATCACGAGAACAGCATGAGGGAAACTGCCCCATGATCCAAACATCTCCCGCCAGGTCCTGACACAA,"[[187216999, ""A"", [""G""]]]",yes,no,A->G,1
chr5,92185584,92185908,TGCACTGTATATATATATATATATATAAATTTCACCCACTTCATAGGCCTATGAGTTTAGTAAGCATCATGACCTGCTAGCACAGAAATTTAGAGGCAATATAGCATATTGCATAAGAACATGGAGCCTGCAGTGAGGTCACTGGGGTTTGAAACCTGTTTGTGCTACTTGCTTACAATGTGGCCTTGGATACTTTACTGTATAGATACAGATATAAAGATAAGAACATTGTGTGTCAAATGCCATTACTTACACAAAGGGATTCATAACAACATCTATTTTATTGGGTCACTGTGTGGATTAAATGAGATAATACATGTAAAGC,"[[92185688, ""T"", [""C""]], [92185710, ""T"", [""C""]]]",yes,yes,T->C,2
chr1,29693187,29693524,CCAACTCTGATCCATTACCACATGGATCATTCTAGCTGCCGCCTCTTGTTTGCCTGTAACCTCCCACTTTGCTATGAGAATCTTGGCTCCCACCATCTGCCATCCTTGCACTTAATTGTTCACTCTTAGTCTACATGTATAGTGATTTCAGAATTGTTTCCCCCTGGGAAATGACTTATTAACTAAAGCACAGTGCTTATGTGCAGTTCTTAGTGATATAGGCTCCACTCATTTTCAGAGTTACACAGGTCAGCACCTGTTATCTCCCCTTCCTCAGTGATGTTGTTTCGTGCATTTGTGATACAATTAGATTCTATTGTGTCTGCATCACATCCTGG,"[[29693327, ""C"", [""A""]], [29693453, ""T"", [""C""]]]",yes,yes,C->A,2
chr13,113750071,113750421,CTGGGCCCAGATCAAGGTGGCTTTGAGCTCGTGAGGCTTCTCGCCACCATCGCCAGCAGCATTCGGCAGTGACGTTCCTTGTGATGGAGCTGGAGGTTTGCGCACAGTGCTTTGTGTGTGCCATGTGGGCGTCTGGCAGCCAAGCTGAACCAAGCTCCTTTATTCTTGCAACACCAGTTTCCATGGAACAAACAGCGAACAGCCCTGCATACCCAGGCTTGGGTGTTTTCCTGAAAACAACCAAGTAAGCCCATCCCTGTAAGGAAAACAGCTGGGAGTATCTGGCACCAATGATACAATGTTGAGCTTTCAAATGACAAGAGGAATTTTTGAAAACTTGTTTCTCGCATT,N,no,no,N,0
chr1,8489926,8490168,TGTAGTCCCAGCTACTCGGGAGGCTGAGGCAGAAGAATGGCGTGAATCCGGGAGGCAGAGCTCGCAGTAAGCGTAGATCGCACCACTCACTGCACTCTAGCCTGGGCGACAGAGCGAGACTCTGTCTCAAAAAAAAAAAAAAAACCTGTTTGACAGAACAGGCGCAGTGGCTCACGCCTGTAATCCCAGCACTTTGGGAGGCCAAGGCGGGCGGATCACGAGGTCAAGAGGTCAAGACCATCC,"[[8489972, ""C"", [""T""]]]",yes,no,C->T,1
chr2,221165105,221165357,GAAGAAATGTGAAAAGACTACAAATATATTCTGCTTAGCACAGCTTGGGTGCATACCACAGGGCAGTCATGCTGTCCTCCTCACCCTGCTGCTGGAAATAGTAACAAAGAGCTCCCAAGGGTCACAAATAATGCACAATATGGAAAATCTACATGGAGATAATTGAAAGTTGAACAAAATTTATTCTCTCAGCTTCTGTGAAAGTGAGACACCCTGAATATTGAATTACTCTTTCTGGCCACTGAATTATTGC,"[[221165108, ""A"", [""G""]], [221165157, ""G"", [""A""]]]",yes,yes,G->A,2
chr1,54968632,54969046,GCTTTATGCTTCTATGACTACCTGGACAGTTTCCAGAACACTTTCAAGCCTTACTAGGAATGATTTGTAATGGCGTTTGGGGGTATCAGAAGCAATTTGAATCTAGAAACTCAGCTTGGGTAGACTGGAATCAGGGACGTTTCCTGGAGGAGCTGATTCATGAACTGAGTTTTGCAGGATGAATTCCATGTGTGTGGTGCAGTGAAGAAACACAAGCAAAAATGTGGAGCAACTCTGTCCACATGTGGAGTCAGGCATGGCTAGAGAATAGGTGCTAAGGACAAGGGGCCGATGCAGAGTGATGGGCTCAGAGCATGCTAGGCTTTGGAAGCCAGGCAAAGACGTTGATTCCAAGGCAGGAGCTCTTCACTTGAGGACCATAGATTGGGCTTTAGACAGTCTACACGTCTCTTGT,"[[54968722, ""G"", [""A""]], [54968770, ""T"", [""G""]], [54968834, ""C"", [""T""]]]",yes,yes,T->G,3
chr11,19307462,19307833,GTGAAACTAGTCTGACTCCACGTGTATTTTCCTCTGCAAGAGAGAGATGCTTGCCCTACCTTGTGGTCACAGCATCCTGCGTTTTCTCTGTGCTTTCCTTGTGATTAGTCAGTTGCTCGCAGATGGGCTGTGTAAATGCAGTCCCATAGGTTTTATTTCCTGGAGAAGGGAAGAGCCACTCAGTCCCCCGGCTCCAGATGGATCTCTCTCCACGGTCCCCCATGCTTCATCTTCATCCACAAGGAGGCACCAGGGGAACTGAAAGTCTGTAGGATCTTGGGCACATATTTTATCTAAGACCCACCGAGTATCCTCAGAGTCAGGCTCTTGTGGGGATCTTCCGCTCTGAAGAGGATTGTGTTCTTCTGTTTA,"[[19307538, ""T"", [""C""]]]",yes,no,T->C,1
chr5,58317107,58317412,AACACTACTCTGGGAACACACGCAGGAAATGGGAGTGATAAATCAGAAAGGCAAAGGGAACATGATGGATGCTGGAAGCAGCTAGAGGAAGACAGGAGGATATCAAAGTGTTCAAAGGAGAACCAGAAAAACAAGACCATGTGGATGACATCAGTGGGAAGAAAATAACTTGGGACACACCAACAAAAGACACTCAAAGATGATTTGACAGCTTGGCAGTGCTATGAATAGGGTAGCAAGCTCTCCATATTTATTTGCTGGAAGATCTGCTGTTATGGCACATAGCAGTGCGTTCGAGGACAAATG,"[[58317198, ""G"", [""A""]]]",yes,no,G->A,1
chr8,135608835,135609196,TACTGAATACTGCAGGCAGTGGACACACAATGGTATTTCTGTATCTAAACATGTATAAACAGAAAAACTTCAGTAAAAATGTGGTATAAAAGATAAAAAGTGGTATAACCATACAGGTCACTTACCATGAATGCAGCTCGAAGGACTGGAAGTTGCTCTTGGGTGAGTCAGTGAGTGAGTGGTGAGTGAATGTGAAGGCCTAGGACATTACCGCGCACCACTGCAGGCTTTATAAACACTAAACGCTTAGGCTACACTCAATTTATTAAAAAGCCTTCTTCTTTCTTCAATAGTAAATTAACCTTAGCCCTCTGTAACTTCTTTACGTTATAAACTTGTAGTTTTTATTAATTTTTGACTCT,"[[135608942, ""C"", [""A""]]]",yes,no,C->A,1
chr2,216338475,216338744,CCCCATAAACCTTGACAGCCCTTCCTCAGTGGTCGCATTTCCCATCAACCCTGGATTCCCAGGTTCTAGTAACCTACCTCCTCCTTTTGTCCCTCCAGCTTAGGCACTGCCTTCCTACATTCCATCTCTGCTCCGCCTCAGCCTCTCCTGCGTGGACTTGCAGCTCCACTGCCACCTCTATAATTAGTTCCTGATGTTAAAATCCCCACATGAACCATCTAGCATGGCCTGTGTTCCTGAACAGATCCTGACCCATATAGTCACACAGCT,"[[216338512, ""G"", [""T""]]]",yes,no,G->T,1
chr15,98626242,98626510,TGTCCATGCCATCCGGCCTCCCTGTCCCCACTCCCAAGCCTGGCCCACATACTCATATAAAGCACAGAATTCCAATCTGGTGCATCAGCCGCCCCCACTCCCCATTCACTCCCAGCTTGCCTCCTCCCAGGTCCGAGCATCCTCACCCCTGGCCTCCTGCTTGTTTCAAATGATTTTGTGCCTTTGGCAATCCCCAGGCTCTCCTCAAAGCCTATTTTAGAAGGAGCTCACCACTCCTGCCCATTTGTGGGTTGACTTTGCACCTATGA,"[[98626256, ""T"", [""G""]]]",yes,no,T->G,1
chr21,33132163,33132471,TCTGGGGAAATACCCAAAAGAATAGAAAGCAAGGATTTGAAGAGATATTTGCACACCCATGTTCAGAGCAGCACTATTCACAATAGCCAAAAGGTGGCAGTAACCCAAGTGTCCATCAAAACAAAATGTAGGCCAGGTGCTGATCACCTGAGGTCAGGAGTTTGAGACCACCTGGTCAACATGGTGAAACACTGTCTCTACTAAAAATACAAAAATTAGCCAGGTGGGGTGGCTTACACCTGTAGCCCCAGCTACTTGGGAGGCTGAGGTACAAGAATCGTTTTAACCTTGGAGGTGGAAGTTGCAGTG,"[[33132169, ""T"", [""G""]]]",yes,no,T->G,1
chr13,41267180,41267431,TGTTGAAGAAACTGGATCCTTAGCCCTGAGGAGTTTCACACAGTTAAGATTTTTCTAGACTTGTGGTATATAATGTGTCCTTTGTTCCCTGTATCTCCTGTAAACTGGTCTAGAAACTTGATCAAATTCAGGTTTAAATTGTTTTTGGCAAAACTACTTCATAGCTGTGGTTATGCTCTGTGGTTATGTGTACTTTGCTTATGGGAGTCTCTTAAAAGTTATGTCTTTTAAAATATTAGAAGCTCTTCATTG,N,no,no,N,0
chr10,116972090,116972570,AAGGCCCAGGTAGACAAGCTCAGATTAGTAACAGGTCTCAACATCAGTTTTATTTCAACATGCAGGTAGCCCATTTCTATAGTCCAGCTATATGGGTTCACACTAATCCTATGGTTATCATCAGCAGATTCACAAGCTGTCTCCCATCCCCAGCTGTGTTCTATCAGGGGTCTTCATGTTGCTTTGCTTTCTATTTTCTGCAACCACATTATGCTAGAACTGGCAGCCACAGAATTTACCATCTGTTATGCTGAAAGGGGTGTGAGTTGGGGGTGGGGAGAGTCTACACATGCTGCAAATGCAGCTTACTTATTCTGAACCAGAACTGAGCAAAATATGGAGGATGTACGCATTTACTAAAAGCAGAAATCCAAACACCCACTTATTTCATCTTTTTAGGTGAACCCAGAAAAGAATCTTGCAAACTTTCTCTCATTCTATCAACAGAGGGAAGTCAGCCAGGATAACGGGCCTTTTTGGA,"[[116972144, ""C"", [""T""]]]",yes,no,C->T,1
chr5,112159497,112159811,CTAAGATTTCAGCATAAAATCCCAATACCTTGCCCTGTGTGACAAGACCCTAAGTGCCTTGCTCCTGCCTGGCTCTCCAGCTGCATCTTGTCACTCTACACTCCTTACTCGACTCCAGCCACACTGGCCAAGGCCTGCTGTCTCCAGATCTTGCATAACCGCCTTCACACATCTGCTCGGAGTTCACTTCCAGTCTTCCTATTCCTAGCCCCATGAGCTACTGAACACTTGAAATGTGTCTAGTCTGAACGGAAATGTGCTGGAAGTATAAAATATACACCGGATTTTTATGACTTAGTAGATATAAAAGAAATA,"[[112159522, ""C"", [""T""]]]",yes,no,C->T,1
chr14,40849686,40849924,CAAAAATAAATAAATAAAACAAGAGGAAATTGATTTTGTGGAGAGCATGGACACATTTGTTGTCCATAGGGAACTAACAGTAACTTCCAGTGACATCAGTTCAAGAAAAAAAAATAGCAGCAGGGAGTGAGAATGTCATCTGTCAACCCCGAAAATGATTTTGGTTAAAATAATGACAACAACAACAAAACTAAATATCAAATAGCGTCAAAAATGATATCACATATTCCATTTCTTCA,"[[40849765, ""A"", [""G""]]]",yes,no,A->G,1
chr1,221788524,221788789,CAAATCCCAGGTACATCAAAGTTATCTGTGTTGCCGACAATGGGCTTTCTTCCCGCCTGTCTCTTTCATTATGTTCCCAACAAAGGAGGTTCACTATTACTCTTGTCCTGGCAAAAGACAGTACTTCGGCCCTTGGAGCTCTGACAATTGTACTCAACCCATTTAATTACTTCCAGTACAGGCACACGCTTTATTAACAGAGCCAGGATCAGCAGGGGCTTCTTTGGGTCACGGAAAGGAGAGTTAATTGAGACTTATTTATAAGG,"[[221788539, ""C"", [""T""]]]",yes,no,C->T,1
chr15,60733240,60733530,TTGGGGTGATTTCTTTGAATTAGTAAAAACTACCGACTGTAGAGGCCAAAAATGAGGCACAATATTGAGATGGGAATAAGGACAGTGGAGGACACAAATGCCAATCTTACTTATGAGTATGACCAGTCTGTGTGGGTAAATCCCCAGGGCATGCAGTTTTTGCGTGGGCTGAGGCAACTCATGTCATGCCAGACTTCACTGAAGAGTGAGCAGTGTTACTGTGAGATACCAAGGAAATAACACACTTTGACGTGAGATCTTTAGATTTTAATTAAAATGCAAATATTAATG,N,no,no,N,0
chr2,7758142,7758550,AGTTAGTAACAGAACCTGAGCACCATCTTCCACATTAAAAGCAAAACAAGGTTTTGAAATCAATGTTCATGTAATGCAATTTTTTTTAGACTTTCATTGAAATATATGAGAAAGGAAACAAATAGTAAGAACCACATTGGATAGTCATTTCTACCCAGGACTCAGATTCTTAAATGACTCAGAGCTCTGAAATGACTATCCGTGAGACCTTCCACTTGCCAATTTTCAAATTAATTCCAAATTTAAAAAGGATCACAGTATTTATGCTGGGGTTTACCACAAATAGCAATCAATTAAAGTAGGTCTCCAAAACACTGCAGTTTAAGGAAGAAGTTTTCCAATACTCTCAACTCCTCTGTTGCTTCTTCTATTAATCATGAGGCTTCTGGCATGGCAAGGATGTTTGATT,"[[7758161, ""A"", [""G""]]]",yes,no,A->G,1
chr4,77833139,77833478,CTTTTTTGTCTTTCTGGAACAATTTTTTTTTCTGGAAACAGATAGGGCTGTTCCCCACTTCCTCCCCACCCCCCACCCCAGCCCCTTTTAAAGTAGAGATCTGTGCTAGATTTGGATCTGCTACAATTGATTCTAATTAATGTCCCTACCCTAAGGCTGTCTCTAAAAGAATGACTCAATATAACTGAGCACATTTCATTTTTAAAGGAACTTGAGAGTGTTTAACTTGAACCAACATGTCCAGGGAGTATACTCTTACCTGTTCATTGCCTTTTATTCCTCACCAGCCATTCACTTTTTAAATTACTAGATGGTTGCTTCCACTCCCACTGTTGTCATC,"[[77833183, ""A"", [""G""]]]",yes,no,A->G,1
chr3,78266491,78266970,TCATCATTTTGCATATATCATCCCATTTCTTCCTGGCCTGTAAGGTTTATGCTGAGAAATCCACTCTTAGTCTGATGGTGAGGGAAGAGAGAGACCCTCTCATATTGTTTTATATTGTTTTATACTCAGTACCTGTTTTAAGGAAAAAAACAAGGAAGTGAAACCAAAGGCAGGCAGCCTGGCGCCAGGCCCGAAACCAGGCCTGGGCCTGCCTGGCCTAAACCTACTAGTTAAAATTCAACTCATGACTTAGCAACTGATGTTATCCATAGATTCCAGACATTGTATGTAAGAACATTGTGAAACTCCCAGCTCTGTTCTGTTTCACTCTGACCACCAGTGCATGAAGCCCCTGTCACATACCCCCTAGATTGCTCAATCAATCACAACCCTTTCATGTGAAATCTTTAGTGTTGTGAGCCCTTAAAAGGGACAGAAATTTTGCACTCGGGGAGCTCAGATTTTAAGACAGTAGCTTGC,"[[78266507, ""G"", [""A""]], [78266591, ""T"", [""C""]]]",yes,yes,T->C,2
chr8,94055698,94055914,TTAATTAATTCCCTAAACCCATGTGAAGTATTTGGTGTTTAGTTCTGACCTAATGCTTATGTTTCTTGTTTCCCGTAGGCAGTGATTTAGGGAGACAGTTCTAAGGACTTGTCAGGGATATGTGATGTGCTCAGTGTGCTAACAGCAGGAAAACATCAGCCTACAGAGAAGAACTTGCTTCATAGACACATTGCTGGTATATGGTAGAATGCTATTA,"[[94055714, ""G"", [""A""]], [94055786, ""G"", [""A""]]]",yes,yes,G->A,2
chr18,8699902,8700373,TGTCACAGGGAGACTCCCCTGTTCTCCCAGCAGACTCTAGAGCACACCTTAGGTTGGGACTCTCTAGTTCAGATTTAAGTGAGCAAATGTCCATCACCCAGCATCTCACATGCATAGAGGTGGGTCATCCCGCACAGTATTGGAAGGAGTTTTGAACAGAAATAGGAAGAACGCACATGACAAGCCATGTGACACTTGGACCTGTGTAGAAACACTAACACATGTGTCTGTGGTCTCAGCTACTTGGCAAGCTGAGGTGGGAGGATCACTGGAGCCCAGGATTTGGAGTCTGCAGTGAGCTATGATTGCACACTCTGCTCCAGCCTGGGTGACCAAGCAAAACCTTGTCTTTTTAAAAAAAAAAAAAAAAAAAAAAGAAGGAAGAGAGAAAAAAGAAACACTAACACAGTGTTTTTCAATGGGAAGTAAGATAATTACTTGCATCAAAAGTATTTGTTAAAAATACAGCCTT,"[[8699990, ""A"", [""G""]]]",yes,no,A->G,1
chrX,115696134,115696428,GCTGCTGTCACTCCTTTGGCCCCGACACATTGCCGCCCACCTAGGCAGCATCGGCGCCACCAAGCAGCAGCCCTTAAGGTGCTGGCCCTCTAGCAGTTCCATGACAAAGAGTGAGAGGTGATAGGGCGCAGGCAGTGTCTGGTCTTGGGAACCTGCCTCTCACCTGGGGAGGGAGCAATTAAGGCATATGAATGATACAACAGGCAACATTATCATTTGAACATGTACTTATTTAAATTCTTTTTTACCTCTCAATAGGGTTGTGAATGACTCTTCTGTTTTGTTGTTAGGTCTC,N,no,no,N,0
chr6,113837213,113837494,GGACTCTTCACTAGAAGGAAGGAACAAATACTAAAAGTAGAAGGCAAATATATTCTGTGAGACCTCTATAAATAGTAACATAAAGATTTTACTAACATGTAAGACCTACTCAAGTCCTTCTCTTCACTTGTGGGAGACTCCACAGCTGGCATCTGCATACCAATGGATGTCAAAAAGGGTTCATATCCAACTGGCTCATTATCAAGTCAGGAGCCTACCACGAAAACAAGAGTGTCAGAATCCTCAGCTTTTATACTGCTTCAACCAGGACACCTAGACCTT,"[[113837224, ""C"", [""T""]]]",yes,no,C->T,1
chr8,123842408,123842656,GCTCTTCTGACTAGATAATTTTAAATGAAATGATTTGTCTTTGTGTTTATAGATTATTTCTTCTGCTTGATAAGGTTTGCTGTTGAAGTCCTCTAGTGAATCTTTCAGTTCAGTTATTACATTCTTCAGATCCAAAATTTCTTCTTGAGAATAGTTTCTCTTTGTTGATATTCTCATTTTTTCATATCATTTTCCTGATGTTATTTAGTTGTCTATCCATGTTTACTTATAACTCACTGAGTTTGCTTA,"[[123842442, ""C"", [""T""]]]",yes,no,C->T,1
chr9,72650259,72650561,TGTTTTTAAGGCAATACTTGGGCTTCATAAGAATGGAAAAAAATGATAGACTTGCCTGGTGTGGTTTGCATAATGTCACAGAATCATAACAATAGCTCCATTATTGAGTGTCTATTATGTGCCAGGTTCTGTACAATGTTCAGTGATGCGTCACTGTGATGACTAGAGGTAAAGGAAAGATAAGTGATGCCTTACTATGATGACTTCCAACAAGCTATGAAGGGACAGAACAAGCCTTTTTTTTTAACTTTTATTTTAGGCTTGGGAGTACGTATGAAAGTTTGTTACATAGGTAAACATGTG,"[[72650272, ""G"", [""A""]]]",yes,no,G->A,1
chr5,9821803,9822107,TGAGACAAAAACAACACTTTCACTTTGGCTCTTTCTCCGTTAATTTCTAGCCTTATGACCTGGGGAAAGATATTAAAATCACTCCACGTGTCAGTTTCACATGTATAAAATCTAAGACCTGAAAGTCTAGCAGCCATGCCCAGCCCTGGCAAATGTCACCTAAGGCTGGGGCTTGGAAGTCACCATCAAGAAGGGGAAGGAGCATTCCAGTTGACTCTGTGGTCATGACCACTGCTCTTGCTGTCAGTAACACCTGTAATCACACTACATTTTTGTGAGATTGGCTTCGTTCTTTTCCTTTAATA,N,no,no,N,0
chr14,94005328,94005700,CACCTGAAAATAAGCACACAAACATCAACTTGCACGCACGAAGATACAAACAGGTATGATCACACTTACACATATGAGAACGCTGGCAGCGGGCATTTCAGTGACTGAGGGAGCCTCTTGCACAGGGTCCTCACCTTAAACTTCACACTGTCAGTCCACTGGGCTTCTTTCCTCACCGCCCCCATCAGTCAGGATGCTGTTACTGCAGTAACAGAAAACGTGATCAGATTGGCTTTGATTGACAACACAGCATGTCTTTTTAAAATAATAACTTTATTGAGATATAATTCACATACCATAACATTTAGCCCTTACAATTATGCATGTCCGTGTTTTCAGTATAGTCAAAATTGCACAGCCATTACCCCTCTCT,"[[94005334, ""C"", [""A""]]]",yes,no,C->A,1
chr19,37882000,37882217,CATTTCATCTGTGTTGTCAAATGTATGGACATAGAGTTGTTCATAGCAGTCTCTTATCTTTGTAAATATCTGTAGGATCTGTAGTGATGGCTCCTCTTTCATGCCTCATATTTGTGATTTGTGCACTATCCTTTTTTTGACACAGACAAACAGAGGCCAAAAGGAGAAATGACTCAGGTCAAGACTGCAGAGCCAGCTGGGCTATCCTTAACTCCTGC,"[[37882011, ""C"", [""T""]]]",yes,no,C->T,1
chr15,77138169,77138382,ATCACCAGCGTGAAAATGGACTAACACACTACTTGTGTATCTAAATGTAGAAAAGGTACAGTAAAAATACAGTATAAAAGATAAAAAATGGTATGCTTGTATAGGGCACTTACCATGAAAGGAGCCTGCAGGACTGGAAGTAGCCCTGGGTGAGTCACCGAGTGAGTGGTGAGTGAATGTAAAGGCCTTGCATATTATTACCATACACTCCTGT,"[[77138173, ""G"", [""C""]]]",yes,no,G->C,1
chr16,78767343,78767766,CTGGCTGATCTTGAACTCCTGTGCTCCGGTCATCCACCCGCCTCGGCTTCCCAAAGCGCTGAGATGACTGCGCCACCACACCTGCCACAAAATTTCTTTGTTATGGCTGAATAATGTTTCTGTGTGAGTGTGTGTGTGTCTGTGTGTGTGTGTGTGTGTGTGTGTGTTTGAATAATACTCCTATGAACATTGTACCAATATCTATTCAGATCTCTGCTTTCGATTCTTCTGCATGTATACCTAGGAGTGAAATTGCTGCGTCGTTTCGTATCTGTGTGCTTAACCTTTTGAGAAACTGCCAAACTGTCTTCAACAGCAGCCGCATCATTTTACATTCCCACCAGCAGTGCATCAGGATTCTAGTTGCTCCACATCTACCCAATACTTATTTTACTTAAAAAAATAGAATAGCCATCTGAGTGAA,"[[78767386, ""G"", [""C""]]]",yes,no,G->C,1
chr3,45868222,45868465,AGAAAAAAAAAGAGGATTTTCCCCAGCTTTCTACTGAACCTGTGCAAGTGAAACTTGATTGAAACCACTCGCTTCGTAGAGTTGTGGTAGCAAACCATAAATCATTCTGGCTTCCCTGAGAAGTTTTTCAAACCTTAGAGAGCCAGATGACTCTTAACAAAGCTGTTTCATTAAACAGTTTTAGAGTGGATTTTTAGCCAAGTTCTGGTTCTAGATTCTCAGCATTTAGCAGAAATGTTTAGTG,"[[45868223, ""A"", [""G""]]]",yes,no,A->G,1
chr9,78363239,78363637,GTAATTCAGACATCAAAGCTCTAGGCCTCTCTGTATTAGTTTTCCGTTGCTATGTATCAGAAATGTAGCAGTTTACTGCAATAAAAATTTATGAGCTCACAATTTTTATAGGTCAGAAGAATAGGCATGGTGTGGCTGAATTTTCTGCTGTGCTCCGTGACTCACTGGGCTGATGTCAAGGTATTGGCCAGGGCTCTGGATCTCATCTGGGGCTTGGAATCTTCTTCCAAGCTCAGTAGCTGTTGGCAGAACTCATTTCCTTATGGTTGCAGGACTAGAAGCCGTTTCTTGCTGGCTGTCAGCTGGGGTGCTCTCAGTTCCTAGAAGCCACCCACCTTCCTTGCCCCACAGACCCCTTCATCTCTAAGCCAGCAATGGACACTCTCCCCTCTACTTTGG,N,no,no,N,0
chr16,72468757,72468964,AGGTTCTATATCTACCCCTGACTCATCATTGACCTTGAAAAAGTCAGTGTTCTCCACTGCTCCTCTATCAAGCAGGAGCAATAACTCTTGCCAGAAACCACATAGGAGGGTGGATAATGGGAGGATTGGTGTGATAATGCACAGAGCTTATAGAAATTTTACTGTGCTGTGTACACTTTTGGGAAAGATCATGTGTTTTTTTGCTACC,"[[72468865, ""T"", [""G""]], [72468868, ""T"", [""G""]]]",yes,yes,T->G,2
chr7,67055992,67056257,TAATTTGCACAGATTTTTAAATGATTCTTTAAAATGAGTTCAGCAAATTTTGATGTAGAACCTATATTCACCAACTCCAATTAAGATATAAGTTATTATCCCCACCCCAGTGAATTTATTGTGCCCATTTCTAGTCAATAACTCCCTTTCCCTAGGGAATTCTTGTTCTAATTGCTATTACTGTTATTTGGCTTTGCCTTTTTAGAATTTCATATGAGTGGCCAGATGCAGTGGCTCACGCCTGTAATCCTAGCACTTTCGGAGGC,N,no,no,N,0
chr2,153858288,153858556,GAAGCAGAGTAAGAAAGGGTCAGAGATAGGCCACTGAAAGGACTCTGATATTTACTCAGACTAAGATGTGGAGGTGTTCAGGGTTTTAAACAGAGTGGTAATAAGATCTAACTTGGGTTTAATAATAGATTCAAGGAGCGCAGGGAGAGAAACAGAAGGTGATTACAGTAGTCCCCTCTTATTTTTGGTTTCAGTTGCACATGCTTTCAGTTACCTCTGGTTCACTGCAGTCCAAAAGTAGGTGAGTTCAGTAAAATAAGACCATTCTG,"[[153858377, ""G"", [""A""]]]",yes,no,G->A,1
chr9,110738508,110738818,ATTTAAGTGTCTAGTCCTAAGTAATAACCAAAGCATCCAATGGCATTCACAGTTCCTCCCTTCTCAGGGATATTTCAGCTTAACTTTCATATAAGAAAAAATTGCAGTTGGCTTCTTACCTCATGCTCACTCATTCTTCCCCCATTTCCTAGCTGCTCTTTATGACCCCAGAAGGGGTGGGTGGGAGGTAGGGAGGAGCAATAACTGGTTTAAGAGAGCTCTAATTCAACTGATGCACTTGTAAGTTGGCTTTATACCTTCTGTGCCTGCCAGATATTTAAAACTGACTCTTACCCTCATAGACCTATTCA,"[[110738717, ""G"", [""T""]], [110738718, ""C"", [""T""]]]",yes,yes,C->T,2
chr7,105129819,105130066,CCAATGCTGAAGTATCCCGATTCTGAACAAATAAGATCACGTATTTGTTCTGTAATGTGACCAGTGCCGAAGAAGTCTGGTGAAGTTTGTTGGAATGGCTTTTCTTGTTTCTATGGCACTGACCAGGACTCACCATGGAGTTCATAAAAAGTCCTATCAGAGACTCTAATACATAAATGCAGAGAAACCAATGCTTCAGCCACAAAGAAGTTTCAGATTATATGTACTTACACTGGAAGGTGTAAAGC,"[[105129821, ""T"", [""A""]]]",yes,no,T->A,1
chrX,143601896,143602201,ATGATTCCACTTATATGAAGTATCTAAAATAGTCAAATTTATAGAAGCAGAGTAGAATGGTAGCTGTCAGGGGCTGAAGGTAGAGGAAAATGGGGAGTTTCTATTCAAGTGGTTTCAGTTTTGTCGCATGAATAAGTTCTAGAGATCTGATGTCCAGAATTGTTTCTGTACTTAAGAATAGTGAAATGTAAATGCAAAAAATCTGTTTTAGAAGAACTTTTGAGGGATGGGATTTTTACAGGCAGAAAACATGTGAGTCAAGGATGATGGAATGTTAGACACACACACACAAACACACACTCAATA,N,no,no,N,0
chr3,126706721,126706979,GTGTAGAGGCTTTTTCTGTTAGCAGAGTTACTTGAGGATTGAGGAATTCACCTTGTCTTTAGGCAAGTGAGTGAAAAAGATTGCCAGATCAACAAAACAGTTGCCAAAGGGAACAAATCAGTTCATTTAATGAGAAGCAGATGCCAAAGAAGATCTGCCCCAGCTTCTTTAGAGCAAGTTGAATATTCTTAATGACCATTTGTATTTAATTCCTGAGGCCTGGTCTTAGAAAGTGTTCTCGTCCCTGTAAGATTAAGTG,"[[126706758, ""G"", [""A""]]]",yes,no,G->A,1
chr16,9860916,9861282,CTGAATTCAATTCTGACTGTAGCATATCATCCATTTTTACTTACAATTCAGAGTTTAAAAAGGGAAGTCGCCTGTTTACTCATCTTCTCTCCTTGGAGACAAGACAATAGAAATTGCAAAACTAAAAATCAGACAGGAAATTTATTAAAACCAACAACAGAAGCAGAGTTCAGGCTGCCTGTGCTCTAGTCTGGCTGGACCCAGTTAGCTCATTGGGTGGTTTCATAACCATGGGGAAACAGGCTTTAAAACAAACACATTGAGCTTGCAAACCTTCGGAGTATGTTTCACTCCAGAAAATAAGCAGTGATTTACTCCCAAGCTGGAGAAAACATGAGTAATTAACTCTTCAGGAAGATGATGTTAA,"[[9860984, ""T"", [""C""]]]",yes,no,T->C,1
chr13,78785794,78786176,TGTTAAGTTTAAGTAATGGATCTAAGAGACCACTTTCAGGCCACAAAATAGTCCAAGTTGGCCCCAAACACAGGTGCTCCCAGTTTGAACATTGTGCCTGGCTTTTCTGCAGAGAAACTAAATGAAAGAGCAACTTCAAACACAGGTGCAAAATCCCGCATCTGTGAGGGACAGCCCGAAACCATGGCTTTCCCCTGACCGTTTTCGGCTTGTAAACCTCATCCTCCATGGAGCACCTGTGTCAGAACCAATCAGGGCTGTGTATAAATGTTATCAACACCTACACATCATTACTTATTCATCAACATCAGCACCAAATATTGATGCAAACATGGAAGGGTGTTTTTTTGTTTTTGTTTTTTCCTATGGAGCTGCTCTTGTCT,N,no,no,N,0
chr14,23030927,23031183,AAAATAAATAAATAAATAAATAAATAAATAGGTCCTCTGTATATTTGGGTTTCAAATTCTGGGAATGTGTATTTTCAATCAGAATTAGGTTGAAAAATACCTGCGTATAAGTGGACCTGAGTGATTCAAACCCATGTTGCTCAAGGGCCAACTGTAATATGAGGCAAGGGGCTGACTCACAATGAATGGGACAGGGTCATCAGGAAGGCCTCTTGAAGAAGGCACTGTTTAAATGATGCTCAGTCTCCCTGGATTTT,"[[23030956, ""T"", [""A""]]]",yes,no,T->A,1
chrX,39278615,39278944,TCTGTGTAGAAAGAGGTAGACATGGGAGACTTTTCATTTTGTTCTGTGCTAAGAAAAATTCTTCTGCCTTGTGATCCTGTTGATCTGTGACCTTACCCCCAACCCTGTGCTCTCTGAAACATGTGCTGTGTCCACTCAGGGTTAAATGGATTAAGGGCGGGGCAAGATGTGCTTTGTTAAACAGATGCTTGAAGGCAGCATGCTCGTTAAGAGACATCACCACTCCCTAATCTCAAGTACCCAGGGACACAAACACTGCCGAAGGCCGCGAGGTCCTCTGCCTAGGAAAACCAGAGACCTTTGTTCACTTGTTTATCTGCTGACCTTCCC,N,no,no,N,0
chr4,28514200,28514501,TATTTTTTATTTTTTTATTGATCATTCTTGGGTGTTTCTCGCAGAGGGGGATTTGGCAGGGTCATAGGACAATAGTGGAGGGAAGGTCAGCAGATAAACAAGTGAACAAAGGTCTCTGGTTTTCCTAGGCAGAGGACCCTGCGGGCCTTCCGCAGTGTTTGTGTCCCTGGGTACTTGAGATTAGGGAGTGGTGATGACTCTTAACCAGCATGCTGCCTTCAAGCATCTGTTTAACAAAGCACATCTTGCACCGCCCTTAATCCATTTAACCCTGAGTGGACACAGCACATGTTTCAGAGAGC,N,no,no,N,0
chr15,67700015,67700396,GACTATACACTAGCCTGAAGTTTTCTTGCCTACTTTGTTAATTTTCTAGGTAGCCTGAGTCTGAACAGAAATTCCTTTTTTGGAAGAGATAAGGGATATACCTTGGTATCTTCCTGCTTTTGACAAATATCGTTGTAAACAGACGGTTCTGGAGTTAGTTAACTAAATGTGTATTCTTGTCAAGGCTGAGTCACAGAGGGCATCTGGAGGGAGTATAGTGTGGGTGCCAGGAGGACTGCCCTTTAAGATCTTCCATAAATTCTACTTATTAGATCATCACTACTCTTTACTGTTCTTATTAAGAACAGGTCAGGGTTTTTTGTTTCATTTTGTTTGCTTGTCATTTAACCTCACTACAAAGATGTTTTAGACAAGAGTCATG,"[[67700186, ""G"", [""T""]], [67700245, ""A"", [""G""]]]",yes,yes,G->T,2
chr12,124213612,124213941,CTCTCCTTAGCACAAAAGACTAGAATTAAGAAAGGGATGTACATTGTTTTGCTGTGTGATCTCAGACAAGTCCTTTATGACGAGGATGTGAAAGTTGTGCAGATTCCAGTTGACCCGGAGGATAAATGGCTGCCTGCTTGATGGTCTGCGGGAGATGCTTTGTGGTTTTGTTCGGCACCAGCAGGGCTGTGGACATCTGCCCAGCTTAGGCTAAGGAGGACCACCTGGCGTGGAACCTTTGCTCTTAAGCACATTGTGATCACAAATCAGAACTGACAAACGGGCTTAGAAATCCTTCTACAAATTTTCCAAAACAGCCCAGCCCAGCGA,"[[124213639, ""G"", [""A""]]]",yes,no,G->A,1
chr1,154316883,154317137,TACTCCTGTGAACAACATTTGGAGTATATGCATCTCTCTACTTGATTTCTCCAGAATTTGGAAATTATTTGTGTGTATTCTTAATTTATGGCAATGCAGTTATTTGCATAAGGGTAATAAGAATCTGTTTTCTTTTGCAACAGGACACAATTGGAGAAATTGTTTATTTTATGAAGGGTTTGACTGGAATGGTGTGCTTTCCATTAAGGAATCAAACTTGACTTGTAAAGCCTATAAAAGCCACTTAGCGACCTG,"[[154316898, ""A"", [""C""]]]",yes,no,A->C,1
chrX,82752596,82752878,TAAAAATTAAAATCTGTTTATTGAAGTATCATTTCAGGTCCTCTAAACATTTTCAGGATTCCTTATTTTGTAAAATAGTAATGTGCACATAAGAACACATGAAAGAGTTAAATAGTCAAACCACAGTGAAACAGAAAATAAATAGAGTTTAACCTTAACTACTGAAAGCAGTGCAGAAATTGATAATACCACACAGGAAGTAAATGTCATGTAAAGATCTCTGAAAAATGCAAGAAAAATTCCTGATAGCATCCGTATTAGAGGTATGTTGTTTTTCACCAAA,N,no,no,N,0
chr17,82480277,82480769,TAGCCACCGCGCACACACACACACACACACACACACTCACTCAGGCCTCCTGCAATGGCTCCATGCTGGACCAGCAACAGCTCCACGCCGGCTGGACTTCCTCTTACTTGTTTTGTCCCCATGTGCACAGGTTCAGGAGGAAATGGGCTCAGCCTTCCCGGTTCTTCCAGGAGGCTCCACTGGCTGGGGGGCTTTGCAGATGTTTGGGAGGACCACACCCAGTCCTGAGGGAGGCAGCAGACAGACATGGATGGAGTGCTGGTGCTCGGTAGAGTTGAAGAGGGGATGGGAGCCAGATGTGGCTACAGCACTTTCATCTGTGGGGCCCGGCCTCAGACCCACAACAGTCCCAGCCCCAAGAAAGTGCTGCATGCAGCCAGGCTCGATGGCTCACGCCTGTAATTCTAGTACTTTGGAGGCCGAGGCGGGCAGATTGCCTGAGCTCAGGAGTTTGAGACCAGCCTGGGCAACACGGTGAAACCCCATCTCTACT,"[[82480283, ""G"", [""C""]], [82480289, ""G"", [""A""]]]",yes,yes,G->C,2
chr14,62679578,62679896,TAATCCTGCTGGTTTATATGCCATGGAGATCATATTTACAGATATTAACACAGCAAGGAAAACAACTCTCCCCCCCAGAGTATAGCACATTTTAAAATCACTGCTATTTTTAGAATGTGTCTTTTTGTGACAATGAAAAAGAGTTTCACATAGTAATTGGCCTTTACACCAAATTTGGATAAATAACTGAAACTTGGTTCAGGTTTCAACCATGTCACATTCAATCATCACATGAATGAATATTACGAAAGCAAAACTGAACTACTTTTTATTAGAAATGTTTTTCCCTGTGTATATTTTGTATTTCTTCCCATGTCTT,"[[62679678, ""T"", [""C""]]]",yes,no,T->C,1
chr1,233230056,233230364,AACCAAATGCTATATGTAATATATGTTGAAAACTGAAAACATAACAAGAGAGAGTTTCTGCCTTACAGGGGTTTAGAAATTTCTGGGAATAGGCAAGCAAACCAGTCATGATAACATCATCACACATGCATAAATGTATCCACATCTGTATCTATGTATGGAGAGAGAAGTGAGTCACGAGAGAGTGTAGGACTGACATCCTGGGAGAAGGCATGGAGTAAAGGGGTCTTGGGCATTCCCTGGAGTGCATCAACAATTAAGGGGCTTGCGTAAGTGAGGACCCTCAGTGGAGTCTGAGAAGGAGTTTCA,"[[233230115, ""A"", [""G""]]]",yes,no,A->G,1
chr2,27298743,27299005,AGCCACCAGAGTCTCTTGCCTCTCTCATGACAGGGCTTGGGACACAGCCAAGGAACCCATCAGAGCCAAAAGGGAGAGATTGAAACGGTCAACCTGCCTGTTCTGTCTAGAGACCATAGGACTGGATCCGGAGAGGGACTTGCCTCAGGCCTCCCAGAGAGGGCAGTCTCTGATTCCCTAGCCAGTACTTCACTCCTACCCTCTCCTCCTGGGAGAGGCTGGCAGTCCACCAGCAAGATCCTCGCTAACCCTCCAAGACTTCC,N,no,no,N,0
chr13,93173792,93174094,CTCTGAGCTGTCTGGGATTATGTAAAGAGACCAAATCTATGACTCATTGGCATTTCTGAAAGAGAGGGAATGAAAGCAAGAAACTTGGAAAACATATTTGAGAATATAATTAATGAAATTTCCCCAAACTCACTAGAGAGGCCACCATTCAAATCCAGGAAATGCAGAGAACTCTCCACAAGATACCATACAAAATGGTAATACCAAGACACATAGTCATCAGATTCTCCAAAATTGAAATAAAAGAAAAACGGTTAAAGACAGCTAGAAACAAGGGGAAGGTCACCTACAGAGGAAACCTCA,"[[93173799, ""G"", [""C""]]]",yes,no,G->C,1
chr5,122262119,122262566,ATAGATGTCTTTGTGTTCCATCACAGGCAATCCTGTAAACCCTAAATGAGGGGAAAGCTTGACATGCACATCCAGCAGTGACCAAAAATCCATTATGGAAAAACAGTTATACAGTGGCTGAGGCATTTTTCTAGGTTAATTGGGATGTGGCAATATAGCAGAATCCTCCCTCTGACTATACTCACTAGTTTCCAATGACTACAGCAAAAAAAATTTCACCTTGTGACCTAGGAAAACAGTATATCTCAGGAGAATAACCCTGGCTGTCTGCTAATTTCATCCATACCAGTGAGGCATTTGCTGATAAATGCCGGGGAAAAGCTTCTGTAGGCTGTCTAATGTGCAATTATCATAACCTCATTTGGAAAAATCTCCAGAACCACACCCATGGGGACCCTCCCAAGATAAAAACACCCCCACCTCAGCCCTCTCTCCTTTACTATTTCCC,"[[122262193, ""A"", [""G""]]]",yes,no,A->G,1
chr17,61520044,61520414,CTGCTTTTGGGGTATAATGAATAATATTGTTACAGACATTCAAGTGCAAACCAGATACAAATATTCGATAACAAGTATTGGGTTGTTTGAAGATGTGGAGAAATTAGAACCCTCACACACTGGTTTGGAATGTAAAATGGTGCAGCTGCTTTGGCAAAATGTCTAGAAGTTCCTCAGTCATCATAGTTAACAAATGGCCCAGCAATTCCACTCGTGGGTCTTTTTTGATTCTAGCCATCCTAGTAGAAGTAAAGTGATATCTCATTGTGGTTTTGATTTGCATTTCCCTGATGACTATTGATGTTGAGTATCTTTTCGTGTGCTTATTGGCCATTTGTATATCTTCTTTGTAGAAACATCTATTCAGATCT,"[[61520110, ""A"", [""G""]], [61520257, ""A"", [""G""]]]",yes,yes,A->G,2
chr1,86872147,86872468,AGTTTAGTGAGTATTAACCACATAAATGCAAATATTTATTCCGTATTTTCCTGATTTTGAAGGTAAATATAACCAAAATGAGCAATGTGCTTTGAATGCAACTAACTGCTCATTGACTATCATTCATGAAATGGGAACACAGCCAAGCTGTAAATACTGATTCCAGATTCCAAATACATTTCTAATAGGCTGTAACTTTTTACTCTGGCTCTTTTTTTGTTTTGTTTTGTTTTTTATTTGAGGCATAGTTTCGCTCTTGTTGCCCAGGCTGGAATGCAATTGCACGATCTTGGCTCACCGCAACCTCCGCCTCTCGGGTTCA,"[[86872173, ""C"", [""T""]], [86872270, ""G"", [""T""]]]",yes,yes,G->T,2
chr22,19492964,19493216,GGGTGTGGACTTGTCACCAACCAGCAGGGGTTGCAGTCTCAGTTCCCTCCTTGGCCTCTCTGATACCACCAGACAGAGGGCTTGGGGTGCCTTGCTACAGCTTCGCAAGGATGGGAGCCTAGGCTCCCACTGGGCCTTTGCTGGGGTGGATATGGATGTTCTTGGTGGTGTTGGCTAGAGTAGATGGGCTACTGCCTAAAAGCTTTCTGTCTTGGGAGGTTGCTCCTTCCCAGTCCTTTGACTAGACAGAGCA,N,no,no,N,0
chr7,111885330,111885747,TGCATTCTGAGGAATACTTGTAAAACCACAGTTTAGGGTTTCACATAGAGAATATTTTTTCTACCAAACCCAGTGAAGGCATGGAGCATGGCAATGTGGATATGAGAGTAAGAAGACACTGTCTTCTCTACTAGAGAACTCGTTTTCTTGTGGAAGACACAAGCACAGCTAAAGTGTTACCAGTGTTATGGCAGATGTATGCTGGCAGATGGATGAGGGAAGAATTAATGAAGCCATTTGTTTTTTCCAGGGGAAACAAGGCAATGTGACCCCGGCTTCTTGAAGCTGCTACTGGACTGGGGGAACAAAACGATGTCACTGTAATAGTGAAGGATAGTTCTCTGCATTTGCTATGTTGGAATCTGTGCAAGTTATCTTAAAATGGCATGGAGATAATTTACAAATTAGAGAGGAGAGA,"[[111885367, ""C"", [""G""]]]",yes,no,C->G,1
chr19,8767789,8768089,TGCCTTTTATATTTTCATGCAATAAAAATATGTTAATTTTCACGGTGGCTATCCTGGGGAATGCTATGTACATGAAATGAAGTGTCAAAGGAGCAGAAGCAGAAGGAAATTCACAAGCTTCTCTGAGCGTCTCTGCTTCAATTCCTGCCATGTTTCCTAAACATGTTGGCTTCTTTCTTCCTACCCAAGTAAGAAGGTGCTTCAGAAGTTCAATCTTAGGGCATTTGACAAACGCCGCTGAGAATTTCAGGATGACACGAAGGAACCTTTGATTGGATTTGTGGATGTGCCTGTGAAAGCG,N,no,no,N,0
chr22,23273498,23273793,CAAGTGAGAGAGACTGTGGTGACACTGAGAGAGCCGGCGCTCTGGGCTCCGTCCACACTTTGTGTCTGCACTTTGCACACAGTGGCAGGTGCCAGTGCTCCTCTGTGTCTAACTCAAGTCTTTCTTCCTGGGGCAGGACTTGCTGAAGCACACTCCTGCCAGCCACCCTGACCACCCCTTGCTGCAGGACGCCCTCCGCATCTCACAGAACTTCCTGTCCAGCATCAATGAGGAGATCACACCCCGACGGCAGTCCATGACGGTGAAGAAGGGAGAGGTGAGTGTGGCAGGGGATG,"[[23273527, ""G"", [""A""]]]",yes,no,G->A,1
chr6,85798118,85798330,TCACAGGCTTCCAAGGCTCTAGGGGAAAAATCCTTCCTTGTCTCTTCCATTTCTGGTGGCTTACAGCCAGTTCCTGCCTTCCTTGGCATGCGGCCACCTTACTCCGGTCTCTGCCCCTGTCTTCATATCACTGGTCCTCTGTCTGTCTTCTCCTTTTCTGCCTGTCTCTTCTGTGTGTCTCTCTTTTATAAGGACATTCAACATTGAATTTAG,"[[85798167, ""C"", [""T""]]]",yes,no,C->T,1
chr7,113993799,113994010,TAAGTATACACCCAAAAGAAAGGAAATCAATGTATTGAAGAGATACTTACACTCCCGTGTTTGTTGCAGCACTATTCACAATAGCCAACATCTGGGAGCAACCGTCTGTCCATTAACAGATGAATGGATAAAGAAAATGTGGTACATACACACAATAAAGTACTATTCAGCAATAAGAGTAAATGAGATCTTGTCATTTGCAACAACGTGGA,"[[113993830, ""A"", [""G""]]]",yes,no,A->G,1
chr8,58041569,58041977,GAGCCACAGTCAATGGAAATCATAACACATGGGGAGTCTTGTTGCCAGGTAGGGAAGGTAAGCACACTACCCTGCATGGTAAAATTCACTCACTACAGTGGTAATCAGCTGTCACCAACTTGTGACATTGATGCCTTGCATTGCACTGATTGGTGGAGGAAGAATAGGGGTCATCAGCACTTACTGGTGTTAACCATCTGCTAAGTAAGGACTGACTTAAAGCTAGTGCAGGTATTCCTATTCTCTGAATTTCAGCTGTAGGACTCACTAATCACTTAACTGGCAGATGGTTGACAGACAGCTGACTTCTGCTGTCAGTCAGGAAGCAGTGCTAGGAATTGAAATTATTTCCTTGAACTCTGATTTTTCTTAGATGAAATAAGCAGGGTTCTCGCTTCAGTTCTTAGTG,"[[58041782, ""T"", [""G""]]]",yes,no,T->G,1
chr5,33372888,33373118,CATAGCGGGATGGGAGTCAAGAAACACTACTCGGCCAAGTGTGGTGATTCATGTCTGTAGTCCCAGCACTTCGGGAGGCCAAGGCCAGCGGATCACTTGAGGTCACAAGTTCAAGACCAGCCTGGCCAACATGGTGAAACTCCATCTCTACTAAAAATACAAAAATTAGCCATGGCACATACCTGTAATCTGAGCTACTCAGGAGGCTGACACAGGAGAACTGCTTGAGCC,"[[33372893, ""T"", [""C""]]]",yes,no,T->C,1
chr5,96640610,96641082,AGGGAGGAATGGAAAAAAGGGGATCTGAGCTGGGATGCAGATCTGCTAGATGCCTCAGACAACCCTGCGGGGAGTTATGGAGATGGAATGCCCTTTAGAATTGTCCAGGGTTCAGGAGACAGGGGAGGCCTTTTTATACCTGCATCACCTAGTCACTGGGTATGCTTGATGGGGAAGAATCATGACGTTAGGAGAGGGAGGTGGCTCTCTGAAGCTGTAGCAATCCCCAAAGGGGGCAGACCTTTGCAGATGAGGTCTTTCTTCTGGCAGCACTCCCAGAAACTAAGGTAAAGTCTCTGTTATTCCTGAGGGGGATCCGGATGGCTTATCATGTCCATCACACTCCACAATGCTATATAATACCATAAAACTTTGCAAATAGAATGAAGGAGAAAATAAATATTGCAAAAGCATACTGTCAAATTTCTACATAACAGAATATTAGGTTTGAAAATATTACCCATTAGTTAAAT,"[[96640633, ""G"", [""T""]], [96640907, ""C"", [""T""]]]",yes,yes,G->T,2
chr17,2691978,2692240,GCCCCGCCCCCGCCCCCGCTGCGCACCTGCGTCTTGTAGATGGTGTAACCCTCCTTCTCGTGCTGCAGGGCCGACCGGAACTCAGCTTTGCTCTCGTAGACTCGGGCGACAAGGTGGTGGCTGCCGGGAGGCGCGGCGCGGGGCGAGGGAAGGGCATAAGTGGGCTGGGTGTGGGGGCCTGACTCGGGGGCCCGGGGTCTCCCGTAGATCCCTCCCTGGAAGCCACCGAGGGGAACAGCAAGTCCAGGGCTCAGGGAAGAGGG,"[[2691983, ""C"", [""G""]], [2691984, ""G"", [""C""]], [2691987, ""A"", [""C""]], [2691997, ""C"", [""T""]]]",yes,yes,C->T,4
chr18,22643780,22644242,GCCTGAAACTACCATTTTCCTCACAATGGCATGGTCCAGCTCATTGACAATAACAAATTGCTAACTGTAGAAAAATTTTTCTGGAATTTTATAGAATTCAAAGGAAACAACTGCATTTTTTCAGAAATTTACCACAACTGAAACAAGGCCAAGTTTATAAAAATTCCTCAACTGTAATCTCCTCCACAAAATCCCAATGCTGGAAAGAACCTTGAAGTCATCTAGTTCACACATATCCTTCAGAAAAGAAAAGATCAAAAGGACTTGAAATTAAAAAAAAATTTAAAAAACCACTCTGGATTCCTGTCCTATTTCAGCCACTAATTCATTTGACCCAGAACGCATTACATCATCTCCCTCAAATTCACTGTCTTCATATGTATGATGATAGCTTTAAACCAGATCATGTCTAAAGTTCCATCCAACTTGAAAATCCATGATTATATGAAACCAGACTACAAGT,N,no,no,N,0
chr2,110438529,110438799,TAAACATATGGATACATAATAAGTAAGAGTTACATCAGCGTTTCCCAAACCTGGCTGCCAGGTAGAATCATTTGCAGCACTTGTTTAAAATTTAGATGCCCAAATCCTGTCTCTGAAAATGCTGACTTAGGTCTGGTGTTGGGTCCCCTGCACTGTATTTTGAAACAAGTCCACAGGTGGTTTCCATTCCTGGTAGAGTAGGGGAGCCACTGATCTGCACTGCTAATTACAAACAATTCACCAGGGTTTTTGGGGGGCTTACAGTGGCTGT,N,no,no,N,0
chr2,182178858,182179220,AGGGGTCAGAGTCAGAAGGTGATACCAGCCAAAAACCAATGGGGGCTGTCTGTCTGGAAAGATGAGAGAGAGGCCAGAGGTCAAGCAAGAACCTGATGCTCATCTGAAATCCATTAATACCACAACATTAGTCCCCAGGGACTGCAATGCCATCTAAAGAAGGAGGAAAGAGAGGTCAGAAACCCTGGATTGACCAGGCTTACTCTGATTCAGTCAAAACACTTAAATGATAAGCTTATATTTTCTTCAAACAGGTAGCATGAGGACATAGCTAGAAACTATGTTTGGTCACAGAGAAATAATGAAGGGTATATTATTTATGCACCTGATTTGTGGCCTAAGGATATGATATGTACAGACTTA,N,no,no,N,0
chr2,170892363,170892790,GCATCTAGTTTATTGCCTTAGAGTCTTCCTCATGAAAGATGTCATCGAATCCCTGGAAAAGGAAGTTCTTTATAACATACCATTTTCTGGAGAGGACTTCACTTGCCAAATGGGAAAATACAGCTTGTCAGGTAGCTGGGCAAGGCATTCTTCACGCTCTGAGTGTTTTCTTTCAGCTGTTCAGTGGGCTATGGCCTGGGCTATTTTCAAGATCTACTGAGAGCCAGTGAATGGCTGTGCCCACACACCAGGCTGCATAAGCCACATAGAACTGCTGGCAACACTTCCGTGGTTGCCACTAAAAGAACCCTTTTAGTTCTTCAGAGGTGCCACGTTGCTTTAGAACAAGCAATGAACTGCTGATCTGGGTTCAAATGCTGACTCGTCCAATTAAGACATGGCCTAGGGTGACACCTCCAGGCACGTCA,"[[170892412, ""C"", [""T""]]]",yes,no,C->T,1
chr4,125481672,125482045,TAGGACCAGAAGCGAGAATGGCGTTTTAATCCATATCCAAGAAAGCAGCAATTACACTACTGTAAAGGTGAGATAAAAGCTAATGGTGACTTCATTTGATTAGACCGCCTGCCGTGTAGTGGTTTAAATCACTTCCCCCATAATTTCTGTCCTTTTCTTTACAACCCATTAGAGTTCCGACTAATGCTGGGCACTATTCCAATGTCATCTATCTTAACTATTCCCCAGGCATTGGCCAGAGTAACAAAGATCTGAATGGTTTGGTTTCTACACACTTTTGTGTTGCTTTAGAGTAGAGAACCCTGCCAGGTAGGCCAGCACACAAAGAATTAGTTGCAATCTATTTTTCTGGTAAGAATTTATATCACTTCTTT,"[[125481735, ""G"", [""A""]]]",yes,no,G->A,1
chr5,133450230,133450619,CTTTTACAGGCAGACCAGCTGTAGGGTCCATTCTCTTTATGACATGCATTATGGATCTCCCCAAGAGAAGAAGGCAGAGGAGGTCACCTGAGGGTGAACGTACTGAGCCCAGAGTGATGGGCCCCTCAGGAGCTGGGAGGCTCAGCCAGGACTGTGCCCTAATGGCTGGGGGAGGCTATGGGCTCCGGCCCTGCTGCTTCCTTTTAGCCATCTGCACACACACCGAGCACTCACGGCCCACAGGGCCCAGGGGAGCTCTGAGAACCACCACTGGTCTTGTCCATCTTTCATAATTCAGAAGAATCAGGGTTAAAAAAAGTGCATGAGCAATCGACATAATTTATATGTTGCAAGTGGACGAGCTGGCATCCTCTCACATCATAAAGTTTA,"[[133450329, ""C"", [""G""]]]",yes,no,C->G,1
chrX,50635779,50636250,CAAAAAAAAAAAAGGGGGAAGAAAGGGAAACAGGGAAGAAGATGGACATTGGGGTGCCTCAGGGGCTTAGTAAAATGGGACACAAGATGATATATGGAAAAAAGATGGGGAAACACCCCAAAGACTAAAAGTGGGAGAGCTCTATGGGGGTTATCCTCTATTTCCCTGACATTAGCAAGTCTGAAATTGCTTCTAGGCTGTCCCTGTCCCTAGGGAGTCAGCATGTGGCTCCCTGCCAAAAGAGACAATCACAGAATATCAGCATTAGAGAGGGGCCCTAAAGGGCTGATTCAGTTTTAGCCGGACCATTTTGTAAATAAATCAGTGATTCTCAAACTTGAGCATGTGCGTCAGAATCACATGCAGGGCTTGTTGAAACACGGGTCACTTGTCCTCATCCTAGAGCTTTAGGTCTCGGTGAATCCTGAGAATTTGTACTTCCAACAACTTCCCAGGTGCTGCTGGGGCTGCT,N,no,no,N,0
chr18,64686944,64687225,CTAAGCCATCATATCCCCTGTGACCTGCACGTACACATCCAGATGGCCGGTTCCTGCCTTAACTGATGACATTCCACCACAAAAGAAGTAAAAATGGCCTGTTCCTGCCTTAACTGATGACACTATCTTGTGAAATTCCTTCTCCTGGCTCATCCTGGCTCAAAAGCTCCTCCACTGAGTACCTTGTGACCCCCACTCCTGCCTGCCAGAGAACAACCCCCCTTTTTCCTTTACCTACCCAAATCCTGTAAAAGGGCCCCACCCCATCTCCCTTTGCTGACT,"[[64686953, ""T"", [""C""]]]",yes,no,T->C,1
chr12,26014185,26014434,ATGTGTTTTAACTAATAACGTTCATACTAGTGATGAAAACATATGTATGTGTTTCCTATGCCCATGGCAGACATAATTAGTTGATCATGGTATGTGTTCATGCTGAGCCTGATCATCCTTTTAAGCATCACATTCTTGGCATGTACAGTCAGACACTCAAGCTTAGTAGGCAAGATAAAACGTATGTGCTATCCTTGGCTCTAAATGTGTCTGTGTTAACTTTCTCCCAATATGTTTTGGGAAATAATAA,"[[26014215, ""C"", [""T""]]]",yes,no,C->T,1
chr11,36982978,36983383,AAGAAATACCTGAGACTGGGTAATTTTTAAAGGAAAGTGGTTTAAATTGACTCATGGTTCTGCATTGCCAGGGAGGCCTCAGCAAACTTACAATCATGGCAGAAGGCAAAGCAGGCACCTTTTTCACAGGGCAGCAGGATGAAGTGAGTGAGTGCAAGCAGGGGAAATGGCAGATGCTTATAAAACCATCAGATCTCATGAGACTCACTCATTATCATGAGAACAGCATGGGAGAAACCATTGCCATTATCCAATTACTTCCCTCAGGTCCCTCTCATGACATATGAGGATTATGGGAACTACAATTTAAGATGAAATTTAAGTGGGGACACAGCCAAACCATATCACAGACTTAGGTGTTTTCTTGTAGGCCTGAGTGGTGAAGATATAATATATGACTTGGAAT,"[[36983088, ""A"", [""G""]]]",yes,no,A->G,1
chr2,70904043,70904346,ACGGACCAGAGCTGCTGAGATGACAGGCCGGGCGCATAACAGGCACCCCGCACATCGCACCGCGGACGCAGCGATCCTCCCATTTGTACCCTAAGGCCTGAGAAGGCCGCTCCACACCTCCGCGTGCACAGTCCCTAGACCAGTGAGGGCGGGGACGGGGAAATCCTTTTGTTTTATATTGGAAACCTTACGCCAAAGGCAGGCAGGAAGCAACCAAAGGAACAACAGGCCGCCTGAGCCGTGGCTCAAACAGCACAGGGCAGTGGCCGAGCACCAGGCTTTTCGGTGGAGCTGGGATCCCAGC,"[[70904066, ""T"", [""C""]], [70904341, ""A"", [""C""]]]",yes,yes,A->C,2
chr8,20247679,20248089,TAGAGCCAGCCACAGAAAAGGTGACTCCGGCCTCAGCCCGCACTCAGGGAAGGGCTAGGACCCATGAGGGCGGGGGGCAAGGAGAGAAGCATCTCCCCACCCCTACCTCGGGGTCTCTAAGGGCCAGCGGTGAGCGAGGCAGAAATGGGGACTGGCCTTGGACTCGCAAGTTCCCAGACGCTCCCCTCCTCATCTCAGCAGGCAGCAGGCGCAGGCATGTGGGAAGGGATGCTGTCCTGAGAACAGCAGCTGTGGCTACAGTCAAAAATAGAACATGGAACAGCCTGCTAGGTCTGGCTTGCTTCTGAAAAGACAAGAAAGCAAAAAAGAAAAAGAAAGAAGAATAAAAGAAAAATCTGGCCAGGCACGGTGGCTCACATCTGCAATCTCAGCACTTTGGGAGGCCAAGGC,"[[20247706, ""T"", [""C""]]]",yes,no,T->C,1
chr4,141826323,141826639,TAGAGAGAGAAGAGAGTAGCTGAAGTCTCTGGTCCATAGAATAACTGCTGTTTGATTACAAAATGGGTACTTAACAACGGAAAAAAAAAAAGAAATAAATAGCCAGTGAATCAAACCAATGATATCACTGTTACAGAATTTCTCAGAAGAGATATGCTATCTGCTTACATTAGAAAAATGTTGCAGAAAAAAATGTCTATGTAAGCTAGCATTTGAATCACTTAATCTAAACAAGCTCCTAACCTTCCTGTGCTTAAGTTTCCTTCTCTGTAAAATGGTAATAAATGTATCATTTATCTGATACAAGTGTTAGGAGC,"[[141826338, ""C"", [""G""]]]",yes,no,C->G,1
chr6,52530346,52530782,TTAATCTTTTTAACTAGCTGATTATAATGCACAAAATCATAAATTTATAGCTGGTGTTGTGAGCTAAACTTGTGTCTCCCTCACCTCCACCAAAACTCTTGTTGATGTCCTAACTCCCAGCATCTCAGAATGTGACCTCATTTAGAAACAGGGTCTCTGCAGATGTAGTTAGTTAAGATGAGGTCACCGTGGAGTAGGTTGGGCCTCTAATCCAATACGACTGTGTCCTTATGAAAAAGAGAAATTTGGACACACAGACTGACACGCACACAGGGAGAAGTCCATGTGAAGACTGACACTTCACACGCGAAGGAACTACCAGAAGCCAGGAGGGAAGCCTGGACCAGATCCTTCCCAGAGCCTTCCGAGGAGCGCGGCCCCTCTGCTGGCCCCGTGGTCTCGGGATTCTAGAATCCAGAACGCTGGGATGGTAAATT,"[[52530360, ""C"", [""T""]], [52530629, ""G"", [""A""]], [52530690, ""T"", [""C""]], [52530712, ""A"", [""G""]]]",yes,yes,T->C,4
chr11,100984746,100984960,TAAGAGGCAGGATTTTCAAAGTCTTTTTCAAAGAGAGATTAGAATCTTCTGAAGAGAGATACAATAGGTGACAGTGTTATTTTCACATCCTCTTCAATACACCAAGACAGTAAAAGAGGAAGCGTTAGCACCTGAGGAAACTTCACTGTTACAGAGTCTACATTAAATCATCAAAGCTCTCTGCAGAGTTAACACCTGCAGTTACAGATCTCGGC,"[[100984766, ""A"", [""G""]]]",yes,no,A->G,1
chr4,107360957,107361305,TCTGAAGTGGTATAGTGTTATCTGAAAGAAAACTAGGATTACTTATAAATGGGCAGCTACTTTAAAAAGCACAACGACTGCATTGTCATAATGTAAAGCCTTTCCCTATCATCTCAAACTTTCAATGAAAACTCTAACATCTAAATATGTTATTAAACAATAGGGGGTCAGGGTTGGGAAATCAAGAAAACAGATTGAATTATACCCCCTGGAGAGCCCAGAGCTTAGAGAAGCCAATTGTCTCCGGATCTGATAAACGTATTAAGAGCAGGAGTTCCCCTAAAGCAGGAACTTCTTGTAGAGGTGATCATGGAAATGCAAGCTCCCAGGAATCTAGGATAACTGATGG,"[[107360978, ""T"", [""C""]], [107360998, ""G"", [""C""]]]",yes,yes,T->C,2
chr12,124961753,124962007,AAAGGACAAATAACCTAATTAAAAAATGAGCAAAAGATCTGAATAGGCAGTTCCCTAGAAAGATGCATAAAGGGCCAATAAGTACATGAAAAGAAGCCTTCATTAGTCATTAGGGAAACATAAACCGAATCCACAATATGATACCACTTCACATCCACTAGGAGAGCTAGGCTCAAAAATACTGAAGCTTTCATATTAAAAAAAAAGTGGGGGTGGGTGAGGTAAGGGCACCTGTTCTCAGGACCAGGGCAGGGC,"[[124961847, ""G"", [""A""]]]",yes,no,G->A,1
chr12,43639493,43639890,TAGAAATTAATAAAATAATCCTTAAAGTAATTAAACATTTTGGTAGTCGTTTTTAAATTTTGGCTTTTAGCAGTTAAAAGATTTTATCAAATAAATTGTATTGGCTTTCCCAAGTTTATAACACAAAAGCTGAGCATCTCTGTTTAAAATAGCCCTAAAAAGCCTGAATCCTACCCACTTCACCTCCCCAGAGACCTGCCTTTAAATCACCCATTAGTTCCAGAGGCAACTCTGTGACTAATAGATGAGAAAGACATGTTAGTAATACAATACAAAGCAGAAATCAAGAATATAGACAAAGGAAATATTAAGTTCTATTAGGGTATTTTGACAGACATCACAGAAGAATTGGCATTTGCATTGTACGTTGAAAAATCAGCAGTGTTTTGACAAAAATA,"[[43639516, ""C"", [""A""]], [43639654, ""A"", [""G""]], [43639806, ""C"", [""T""]]]",yes,yes,C->A,3
chr9,75190873,75191139,GTCTCTAAGCTGAGCACTTACTCTTTCTTACTTGCTTCTGTACTGCTAGTTCTAGGAGTCTACAAACTACATTTCCCAGGATCCTTTGCCAAGAGGCTGCCTTTTAGGTTCTGTCAGTAAGTGGCATTTATGAGAGTTCAGAAGTGGGAGGAAAGGGTAAGCTTTCTGATTCTGGCTTCCATAACAGTGGAAATTGTTGAGTTGCCAGAAATTGCTGGTGATTGTTGTGAGGATTGTGGGTTATGGCAACTACCAATTCCAGGTGTC,"[[75190926, ""G"", [""A""]]]",yes,no,G->A,1
chr2,56576428,56576775,TTCTAACCCTTTTAGTCTCTCTTCTCCCTTGGGAACACCAATAACAGGATTATTCAGTCTCTTTACGGTGTGTCAAATGTCATAAAGGCTTTGCTTATTCTTTTTTATTCCTTATTCTTTATTTGTTCCTGAGTTATTTCAAATAATCTGTATTCAAGTTACAAAACTCTTTTCTTTTTTTTTTGCTAGATCTTGTGTGTTTTCAAAGCTTTTAAATGTATTTTGTATTTTATTCAATGAATTCTTCAGTTCCAGAATTTGTTTCCTTTAAATAATATCTATATCTCTGATAAATTTCTCATTAATATTTTTAATTATTTTTCTGATATCTCTGTATTATTTTTCAGA,"[[56576493, ""T"", [""C""]], [56576755, ""T"", [""A""]]]",yes,yes,T->A,2
chr5,126099131,126099554,AGAACATCCTATGTCCAAAGATCTATTGGAGGAAGTGATGTGAACGGTTGATGTGCAAGTAAGTACTGTAATGCCTCATTCAGAGTCTCCTAGCCAAGCACTCCCAAAGCCAGAGAGAATGAGGCTGGGCAGACAGCTTTTCTCCTGATCTATGATCAATATCTCAGGCAGAGAGCAGCACTGCCCCTAAGTTAAGATACCGTCATCACTCAAGTGTGTTTGAGCGAAGCTCATTGAAAAGAAATGAGGGATGGCAGCAGCTTGCTGCCTTCTGCTTCCACACTAATTGCCCCAGGATCCTGCTGCTTTTTCTCCTCGATGTAATTTTCTTCTCCTGGACTGTGCACAGGCATTGCCATCTTTTAAGTTCCTGTCCCTGGGCACAGGAACTTATGAAGAGAATTAAGAGAGTTGTCCACACTCC,"[[126099146, ""A"", [""C""]]]",yes,no,A->C,1
chr19,1735068,1735374,GGAGAGAGTCTGAACCCCACCCGGGGAGGGGCAGGCAGGTGGCAGGGTTGGGAGAAGCCCCCTTCCCAGACCAGAGACCCTCCAGTCTGGCTTCAGCACCAAGAACAGCTCCCTGCCTCTTCCTCTCTGGAGCTCCAGAGGGACCCCCATTCGTCAGATGTCCCCCAGTCGTCGCCCAGATGGACCAGCTTCTTCCTGCCGAGGCCTTCAGGGCCTCCCAGGACCTCCCTGGGCTCTAGTATTTTCAATAAAATAGGAATCGTGCCGCAACCTCAGGGGGTGGGCACGCACAGACATCAATGTTGTT,"[[1735219, ""T"", [""C""]]]",yes,no,T->C,1
chr2,30355314,30355683,CTCCTTTCAAGGAAGTAGGGAAGGAGATGGAGAAAGGGCCTTACCGAATGCCAGCCGCTGTGCTTGGCCCTTTTCTCATATTGTCTCATTTCATTCTCCCAACAGTCCTGTGAGACAAGCATTATTTTTATCCTCATTTTATAGGTTAGGAAACAGAGGGGCACAGAGAGGTTAAGCCATCTGCCTGTAATCACTAAGTGAGTCATCTGAGATGTGAACCCACAGATTTTGGACCCTGACAACCTCTTGGGCAAGAGAACTTTTTAGTCTGGGTAAACAGATCTAGAGAGAGAAAAGAAAGTGGGGACTCGCAACATCCATACTCCTGGAAGGGACAGTCCTACTCTGGCCTGCCCATGTTTGGGCCCCC,"[[30355349, ""A"", [""G""]]]",yes,no,A->G,1
chr20,14559694,14560096,TAGTTACATACATAAATCATTTTAGGGCTGACCTCCAAATTTTTACAATAGACTCTCCATTCTATAAGTTGACTGGAATAATTTCTAACAACATGAATCATGCATGACTTGTACATACCCTTTGGGAAATACCAGGATTCTCAGAGGTTTTACTTGTGTCATTAAATGGAGACTGTAATGGCTGCTACCATTTCTCTTCTCTGTCTCTCCGGTGTGAAACAGGGCTCAGGGGTACACATAAGGCTGCAATCTGGTCCTTTTTCTTTTCTCTATCTATTCACATTTCTCTTTGTTTTGACCTCCTGAATGTGAAAATGTTTAATAGCATGTATATTTACATATTTAAGTATTCAAGCTCTACTGCTTAGTTCTTAATAGTATCTTACCTGTGCATTTTCACCAG,"[[14559700, ""T"", [""C""]]]",yes,no,T->C,1
chr8,129122553,129123009,AAAACATAATTTACAGTCTCCGTATGCAAGAATGCTGCCATTTCAACCCGGAGCAGGCTGCCTGGTAAAGCGTGGAGGATTTGTCTGAGGGTGGGTGGAAGAAACACACTATTTAAGCATGTCTGGGTAAAGGGTATGCAGGGAGGGATTTCTTGTGTCCAGAAGCTCTGCCATTTGTCCAGATAGTTCTGAGGATGCAAGACAGCTCCTCTATGTTTTACTTCTGTGGTTTCTGAGCTCACAGCTGGAGTGAGGCAGATGACCATGTAAAGAACAAAGCATGGGCTTGATAGTCCTGCTCAGGCCAGGGATCACAAACCAGTGGCCTGTGGCCAGTTCTAGCCCACAGACAGATGGCTTTTATTTTATCAGGACAGTGTGTGAAAAAAGGAAATGATTTAAGGCTTTTAAAAATCAGGAGATTTTGGCCAGGCATGATGGCTCATGCCTGTAATCC,"[[129122573, ""T"", [""C""]], [129122809, ""G"", [""A""]]]",yes,yes,G->A,2
chr1,244770672,244770968,TAGGCATGAGCCACCATGCCCGGCCAGCAGATTCACCTTTCAATCTCCCTTCCCATTTCCCTCCTAATCCCAAACACCCACATGTCAGTCTGAGTGCTTGGTTGTAACAGATGGTCTCCCTTTTCCCCTCCAGTTTATCCTGTACGCAGCTGTCAGACAATTTTTTCTGTGTGTCACTTTCTGCTCAAGGAACTTGCTGGGGAATCTCCATTATCACTGGTCCCACAGTCCACGTCTCTGTCTGGCTTTCAGGGCCCTTCATAATTTCACTCCATTCTCTCAACCAGGTTTATTTCT,"[[244770688, ""C"", [""T""]]]",yes,no,C->T,1
chr3,106957052,106957383,GGCCATCCACAAGGATCACATTGGAAGATCCTGAGCTGCTAGAAAGCCTTCAAACTTTAAGGAAGAAATATCTCCCTGTACCCATGGTCTTTTGAATAGTTCCACGCTGGACTCTGACATATCCCCCAACATTATCTGAATATCAAGTTACAGTGAGCTCAGCTCACTGCCAAGCGAGCACTTTCCTGAGGCAACTCTTAAAATATGCTAATAGAAATGTAAAAACACTAACTTTATTTTACATACATAAGACTCATACTGGATTACTCATCTTCAGCTGTGAATCCTATTTTAATGTTTAATGAAATCAAAGGCATCTGAATAAAAAGTTA,"[[106957054, ""G"", [""C""]]]",yes,no,G->C,1
chr17,78808169,78808511,ATGGTTCTGGCCTGAAGAGTTGCATCCCAGTTTTATCTTAAAGCTATTATCTCAAGCATTTTTATAGGCGATAACTCTCAATAAATATCTTTAAGACAGAGCCTTGCTCTGTTGCCCAGGCTGGAGTGCAGTGGCATGATGATGTCATCATAACTCACTGCAGCCTCAACCTTCTGGGCTCAAGAGATCCTCCCACTTCAGCTGCCCAACTGGCTAGGACTATAGGAGTAGACCACCACACCCGAATAATTATTACTATTTTGTAGAGATGGGGATCTTGCTATGTTGCCCCGGCTAGCCTTGAATTCCTGAGCTCAAGCAATCCTCCCACCCTGGCCTCTCA,"[[78808234, ""G"", [""A""]]]",yes,no,G->A,1
chr2,19274529,19274792,CCTAAAATAATGACCAGTGCATGGTGAGTACCCACTAAATGTTAGCTCTTATTCCACTATTGCAAGCACAGACTGCTGGTTTGGTGGTGGAGTTTGTAAATCTTGGAGCAGCCTGAGTCACTAGGCATGAATCTCAGGATCTTTCTCTCCTGCAAGCTTCACACAGTTGATAATGTAGGGGTTTAAACAATGTTCCATTTTTTCAAGTTCAGTTTCTAAACTATATCATGGGAACTTTCTTCTCATCTCTGAGTATTCATGGAG,"[[19274556, ""A"", [""G""]]]",yes,no,A->G,1
chr7,67593810,67594136,AATAAGAAGTGATTGATGTCATTGACAACATGACTTTACAGACAGTGCTGTTGGAGCCTGAAGGGCTGTGATTATCTATGCCGTTTCCTGCAAGCCAATACCTAGTGCTGCTGCCCTGTAGGTGCATCGAGGAGCTGGAGCCATGTTTGTTACCATATCATGTTACAGACAGCAGCATGGTCTGAGTCATTGGCTCCTGGAACGTGCACTTTGTTTGTACCTTCTCTCCCTGTAAGGATAGAGTGGATTTGCAAAGACCAGCATCCTTGCGTGACCCTATGCCTAGAGAAGCATGTCCCCCTCTTTCCTGCCTCCTTCTCGATTCTC,"[[67593815, ""A"", [""G""]], [67593986, ""G"", [""A""]]]",yes,yes,A->G,2
chr12,105378921,105379194,TATAAATGGCCATGAGTCATAGGAGGGAATTGAGTGTCATTAAAGTCAAATGATTGGGAATAAAAAATGAGAGACAGTTTTCACCCATCAAATGAAACTGCCCACTGCCCTCCTGTGGCTGTCAGCTGGACCGCGGGGGCTGCTGGTCCATGAGGACTTCTGTTCTTGGTCACTGTGACCGACATGATTCCTTGATGATTTCCACACCCACATGCAGGAACCATGCGGTGCCCTGGCCTCCCAGCTCTTTGACCTTTCCCTTCTCCAGTGAACT,"[[105379012, ""T"", [""A""]]]",yes,no,T->A,1
chr18,51867819,51868124,TAGATTTTAGAGAAATAATGTAGCAGTTTCTAAATAGGCATATAATTCCTCAGAATATCATTGAAATGACTTGCCTCAAAAACTATAAATTATTAATATAAAAATTAGAATAATAATGATCCATACTTCAGGCAAGATGCAGGTTTCAGCACCAAGGAGAGCTCCCAGTGAGTGAGTTAACTGAAATAGTCTGTATTTTATTTTTTTATTTTTTCAAATTTTATTTTAGATTCAGGAGCCACATATTCAGGTTTGTTACCTTGGGATATTGTATGATTGTGAGGTTTGGGGTATGAATGATCTTGC,"[[51867821, ""C"", [""G""]]]",yes,no,C->G,1
chr16,66623025,66623283,GACTGCATTCAAGAACCCTCCCTTCCCCAGGCAGATAAGGCTCTTAGACATCAAGGACTGTGTTGGAAACTAACCAAAGCAGGGGTTCTTGAACTTGAGAGCACATCTGTATCATCCAGAGGGTTACTTCAAATACATTTCTGACTCAGTAGCTCTGGAGCGGAGCCTAAGGATGTCTAACAGATGCCAAGGCTGCTGTTCTGGGGCCCATACTTTGAGAACCACAGCACTGAAGGGACTGGGACCCCCACTGGCCCAG,"[[66623095, ""G"", [""T""]]]",yes,no,G->T,1
chr16,22170641,22170988,GGAGACTCTTCCCTCCTGAACAGCTGTAGATTCTGGGAGAGTCCTGGGGGTCCAAGTTGTGTGTTGAAAACTTGGTAGAGATCTGCATGACACCTCCTCAGCCGACTCTATGCTCACTTGTGTCCCGTGTGTGTCTGTGTCTTTGCATGTGTGTGTGTGTTTATTTGTTGCTATGTGCACCTGCTGCTGCAGTCTGTGTTCGCCGGCGGGTTCCAAGGCTCATCTATACCAGCACTGTCAATGTTGCATTTGGAGGGAAGCCCATAGAGCAGGGCGATGAGGACTCTGTGCCATATTTCCCATTGGACGAGGTACCTGTCTTCCGGGAGAGGTGGGCAGGACCCGCGG,"[[22170680, ""G"", [""A""]]]",yes,no,G->A,1
chr15,45464118,45464503,TGCTTATTAGTTGCTTTTGCTGTTCTGATTAGGAGGAAAGCAAAGGTCCTGCTTCCGCAAATATGGGGATATAGGAAACTACAAGGACGCCCATAAAAGTACCAAGTGTGACTTTTGTGCTACAGTCCTTCTTTCTCGGGTTCTCTTTCTGGCAGCTGTGAAAATGGCCGCGGTGGCAACAGTGGAGGCAGATGGCTCCCCGGCAACTCAAATAGCTTGTACTTGATGAAAACATGCTCACTCCTTCTGCTACTGCTTCCCTAGGGGCCCTCGCCAGGAAGGTGTGAGCCTCCTCAGGCTGAGCATGGGGCATGAGAAGAAAGGACTGGGCTCTGGAGGGCTCCAGCATTTAAGGAGCAGGAGGAGGTTGGGGAGCCAGAGGAAGT,"[[45464230, ""C"", [""T""]]]",yes,no,C->T,1
chr13,44471011,44471360,TTAGTTTTCCATCAAAAAAGTTAAAATTTAAAAGTTCTGGCATATAAAGTGTGTAATAGCCAACTACCTGGAAAACTTAGATTTTAGATAACCAATGGTTTGCTGTTTATCAAAGCAAAAAGAATCTACAAAATACAATCCTGCCACCTTGTGGTACCTGTTCAAAAGTACTTCATACTTTACCATAAATTTTCTAATTTTAAAAAATGTGCTTATTTGAAAAAATATTAATCAAGATAAAGTTATTTTAAAATATTAAATACTCATGCTGACATTAGCTAAAATGCACTGAAATTTGTTTGAAATGAAATTATTTCTCAGGTCAAAACTAAATTATCTCTTCCAACATA,"[[44471077, ""T"", [""C""]], [44471118, ""C"", [""T""]]]",yes,yes,C->T,2
chr10,31971300,31971502,GATCTGTGACCTTATCCCCAACCCTGTGCTCTCTGAGACATGTGCTGTGTCCACTCAGGGTTAGATGGATTAAGGGCGGTGCAAGATGTGCTTTGTTGAACAGATGCTTGAGGGCAGCATGCTCGTTGAGAGTCATCACCACTCCCTAATCTTAAGTACCCAGGGACACAAACGCTGCGGAAGGCCGCAGGGTCCTCTGCCTA,N,no,no,N,0
chr9,111511617,111511911,ACCCTGGGGAAGGAATGCATTCCTGGGGGTAGGTCTATAGACGGCCACTCTGGGAGTGTCTGTCTTATGTAGTTGAGATAAGGACTGAAATATCCCTGGTCTCCTGCAGTACCCTCAGGCTTAGTAGGATTGGGAAATTCCAGCCAGGTAAATTCTAGTCAGATCGGTTCTCTGCTCTCGAACCTTGTTTCCTGTTAAGATGTTTATCAAGACAATGCGCACACAGCGGGACATAGGCCCTCATCAGTAATTCTAATTTTGCCTTGCCTTGTGATCTTTATTGCCCCTTGAAGCA,"[[111511762, ""G"", [""A""]], [111511844, ""A"", [""G""]]]",yes,yes,A->G,2
chr7,38950275,38950608,ATTTCTCTAGATCAAAGGTTGGCAACCTTTTTCTGTTACCGGCCAAATAGTAAATATTTTTGGCTTGAGAGCCATATGGTCTGTGTTGCAACTACTTGACTCTGCCTGTATACTGTGAAAGCAGCCGTAGACACTACATAAACAAATGGACATGTATATATTGCAATATAACAAGACTTGGGCTAGATTGAGCCCTCAGGGCACAGCTCATTGGCCCTCAGTCCAGATTATAAACCTAGGAGTAAAATGCTGAGTCATGTTTAGTGTATATCTACTTTCTACTTGAATAAATCATGCCAAGGGGTTTTCCAAAGTTGTATCAATTTATACTCCC,"[[38950314, ""T"", [""C""]], [38950605, ""C"", [""T""]]]",yes,yes,C->T,2
chr5,76022115,76022593,TCTCACTCTTTCTCTCTGGTGCCTAATGCCTCACAGCGGCATTAACTCACTGGTGTCATTGAGCACACTGAAGGATGATTTGCTTTTCTCAGCATGCCTGGTGCATCAACAGATGCCCTCTTGGCCTTAAAATGTCAAAGTATCTTCCCAAGTACCTGACTGCCCATGAGTGACAGATGCCAGGAGAACAGAACAGTGCACACTTCAGGATCATCAGGCTTAGCCTCTGACCCATGCTGCTCCGTATTTTCTTTTCCCCAGACTGCCTCATGCATTATAACAAATTGCATTAGCATTGAGGAGTGTTTTTCACTCTTTCACCTGCTAAGCCTATCCCATATTAATTCCTCTCTCTCTCCTTTATACCAGCTAAAATATAATCCTCCCCTGGGAAACTTCATCTTCCTTCAGAAGGCAAAGGCATGAAGTAATCAGCCATAGCAGGGTCATAAACACCCACAATGGCTGACCTTCTGTAC,"[[76022175, ""T"", [""G""]]]",yes,no,T->G,1
chr7,119750726,119751223,CAGTTTATGTAGAATACATGAATGGCTTAAAGAAAGAAAAAATCATTTTATATTAATGTTTATAAAGAAATACAAAATACCACTTTCATAATGAAATAACAAGATTACATTTATTGGAATAATGTTGATGGTAATTGTAGAAACAATTTTGTTAATGGGAGAGTGTTACATTGTTAGGATGATATTTAGACACATAAACATCATTAGCAATCGCTTACCATATTCCCTAGAGCCTCTTAGGATACTCTTTGACAGTTACTTAAAAGGAGAGACCTCAGTGTCTGTCAATTATCCTCAGTGGAAATGTAGACCACTAACACATTCAGATTTACTTGATTCCGTTAAAGGAAAAAAGGGACGGTACAACTTTTTCTTTGTCTGGAAATTTCAACTTAGTGAAGCCTTACAAAAATCATTTTTAAACAGGAATATACTGATAGAATTATTTATATAATACACAATACAATAAGACATTAAAGAAAATTGATAAATAATGCT,"[[119750740, ""C"", [""T""]]]",yes,no,C->T,1
chr12,117444853,117445080,GCACAGCTTCAGAGAGTTACTGGAGGATTAAGTATAAAGCCCCGTTGCACAGAGCAGGCGTTCAGCACCTGGTGCCTTATCCCCCTGGTGGGTGGGTCCTCAATGATTGTTTGTGGAGGTCCCCTTGAGGGTTCAGCTGACTGCTGATGGTGACTGAGAGGAAATTGCCCAAGGCTGGGGACACCATCTGAGGGGATTAGAGGAAACAGCCTCTCACACAGTCCTGGG,"[[117444896, ""A"", [""G""]], [117444898, ""A"", [""T""]]]",yes,yes,A->G,2
chr4,4217242,4217577,GGCTCAAAGACAGACATAGGAGATTGCTGTAGAAACAAAAATATACAAGTATAATATGGCATAAATTGAGGTGTGCACAAAATATCAGAGAGATGAGCTGGCAACAGACTTTTTCTGTGCGGCCTGGGAAACCAGAAGACAGTGGAGGAATGTGCTGCAAGGAAAGGACTGCACCTCAAAAACCTTACTCCCAGCTAAGATGTCGCCCGCGTGTCAGGGCAAAAGGCAGAATGATGTTTGAAGATACACAAAATGTAATTTTTTCAACAACTATTTATTGAGCAGAAACCATGGGCCAGGCATTGTCCCAGGCATTGAAGATATAAAGGTCAATAA,"[[4217299, ""T"", [""G""]]]",yes,no,T->G,1
chr7,36929692,36930118,CACTGTAACACCACAATGTGAAAATAGCTGGTGATGTATACTGAAATATTATATATTCAAGTCTATGATGGTCAAATCTATTGTACTGGCTTTCAAATGCACTTGAAAACCATTACTCCCAAGTGAGTCCCCTGGAAACAAGCCAGAGCTTGTCCGGTCCATGAGTTACTCCCAAAGTATAAGTAAAGAGGTTCATCAGCTCTGCATATCCCTTCGGGAGCAATTGAGAAAATGAATAGTCTGCTGCTCCATGAGATCCAAGTGGCCTAATGAAATAGTGCATCTCCACAAGGCCCTAAATTATGTTGAGAGATTATGTTGGTCATTAGGTAGCACCCCTACTGTGAGGAGCACTGGTCAACGCAAATCAAAGAGAGTTGGGAAACACATCCAGTCACTGAGGAGTCATGAGCTCATTGCCTATATA,"[[36929723, ""C"", [""T""]]]",yes,no,C->T,1
chr6,148195256,148195535,TTTTCTGCATGTCCTCCAGGCAGAGAGGAACATCTGTGCTCCAAGGAGCTGGGAGCTGATGTAGCAGCAGGCTCTGACTGGCTCCAGAGTCCTAAACCTATGGGGACTGGGCAGAGGCCGATGCTCAGGAAATACACAAAGGACTGAGACGTAGGCATTGGTCCTGTCCACCCAGAACTGCTCAAGGAGTTTTCCAAATCAGATAGTCACATGAGAGAACTATCGGACTTATAAGCAGCTACCATGCAAATTCAAGGTAGCCTCTTGTTTTGTTAAATCA,N,no,no,N,0
chr3,136334328,136334573,GCTTAAGATGTGGTCTGCTCAGCCAAAGAAGTCTGTAAAGGATACTCACCCACATGTGGAGTTGATGAATCAGCCCTCTTCACCTATTCAACAGATGTGACTGTTTTGTCTTTCTGGTTCCAAAGGATTTCTGGAGAGCTATGACTTTACCCTTTTAGAAGTATTGGTCCTCATACTCTGTGCACCTCTGATGTCAGCATGGGATTTCTACAATTCCAAGCAGGAGTTGCAGCCACTTGATAGGCA,"[[136334364, ""G"", [""A""]]]",yes,no,G->A,1
chr12,73589822,73590080,TCCCCCACCAGTTTCCTATTTGTATGTCTCTCAGAACACTTTTCAAATGTCTCCATAGATCTCCTAATTAGTGTAAGCACTAATGCATTTTAGAATTCTCTGGGGAATGCATGAGCACTGGGGAATTAGTTGAGACTTTTATTATCAGCCTATGTTCCTGGTCCAAGTCTTTAAAAACAAACTTAGGTTTGACAACGGCCCTTAAAAGTGTTTGCTCTGGACTCTGTTTCTCATTGTACAGCTCACTTGCCTTTTTATG,"[[73589825, ""T"", [""C""]]]",yes,no,T->C,1
chr15,70880806,70881135,CAAATGGGCATGTAACTTCATTATGGTTTGAATTAAGGAGATAGTCTATTTCAAAGCTCAAAGGGTACTTATTGATGGGATTTAGCTTCAGAAGATTTATGTGATTCATTTTAAAACATAATGCTCTCTTAAAACAGGCCAGGTCCAGTGACTCATGCCTGTAATCCCAGCACTCTGGGAGACCGAGGTGGCAGGATTGCTTGAGGCCAGGAGTTTGAGACCAGTCTGGGCAATGTAGTGAGACCCCATCTTTACAAAAAATTTAAAAAACAAATTAGCTGGGTATGGTGGCACACACCTATAGTCCTAGCTACTCAGGAGACTGAGGTG,"[[70880850, ""G"", [""T""]]]",yes,no,G->T,1
chr4,180680458,180680790,TAGCCAAACAGACAGGGTCCCAGGGCTCTAAATGCAGGGAGACTATAATTTTCCAAGCATTAGAGCCCATATCCTGTTGTCCTCAGTACTTCGAGGTCACCAGCACTTTACTCCGGTATTTACATTTCATTCTTTGCTACAAGGGAACCTGAGACCTTTAATGGATTCCCTCATATGCCCATTTAGTATTTTGCTGTGTCCCTTCCTTGCCTCTCCCAGGGTCCACCCAGGGGAATTAGAATTATCTGCCTGAGAGTAATGGGTAGCGGGGGCACCGGATGAAGACTGATTTGGATTCAGTGAAAAAGAATTGGGGTTTTAGTGATGGCATTC,"[[180680495, ""A"", [""G""]]]",yes,no,A->G,1
chr15,75504988,75505365,GGATGACAATGGCGGTTTTGTGGAATAGAAAGGGGGGAAAGGTGGGGAAAAGATTGAGAAATCGGATGGTTGCCGTGTCTGTGTAGAAAGTAGACATGGGAGACTTTTCATTTTGTTCTGTACTAAGATAAATTCTTCTGCCTTGGGATCCTGTTGATCGGTGACCTTACCCCCAACCCTGTGCTCTCTGAAACATGTGCTGTGTCCACTCAGGGTTAAATGGATTAAGGGCGGTGCAAGATGTGCTTTGTTAAACAGATGCTTGAAGGCAGCATGCTCGTTAAGAATCATCACCACTCCCTAATCTCAAGTACCCAGGGACACAAACACTGCGGAAGGCCGCAGGGTCCTCTGCCTAGGAAAACCAGAGACCTTTGT,N,no,no,N,0
chr4,17968799,17969090,TTTTTTAACCATTAAAAAATGTAAGAACCATTTTTAGTTCATAAGCCATTCAAAAACCGTCAACAAGCTGGATTTAGCCCACATGCTGTAACTTGCAAATCTCTGATACAAATAATGCCTTTGATATGTTGCCACACCTAGAGAAAAAACAGTAAGCATTTATCAGTTTCTACAGGCCTAATGCATTGAGGTTCATGCCACATACAATCTATTCATATTTTTGTAAATATACATAGTCAGGTATATAAAATCAGATGGCCCCAACCAGATGAAAGAAACTGGCCTACCAATA,"[[17968856, ""A"", [""C""]], [17969032, ""C"", [""T""]]]",yes,yes,C->T,2
chr5,37926748,37927210,GAGGTGGGTGTTATCCCCATTTTACAGAGGAAGAAACTGAACCTCCTTGCCCAAGTCAGCCAGCTGGCAGCTGAGGGATTAGGGATTTAATCTCCAATTCCGCCACTGCACCTTGGGGTTTATTAAACCACACAGAGAAGATAGTTTGGCTCCATCTGCTGCTTGAGGCAGCATTGAAGTTAAGGCCCTTGGAATATGAATGGCAGTAATTAGGTCTCTGAGTTTAGGACCAGGCTGAGCAAAGGAAAGGAAGTTCATGTCTGGGCTAGTGCTCACAGGCCCTGCACTTCCTTTATTCAGCTGGGTGTCAGCAGGAAAGGTTGACTTTTTTTTCTTAAGCTAAGCTTCCAATTTGGACATACATCAAAATCCAAGGCGAGGCCTGAAACCTTGGGTGTCTGTGAATTTAACATGTTTGTAGCTGCTTAAGACTGCTTGACAGGCCAATGTCAAGGTTATGGGG,"[[37927065, ""G"", [""A""]], [37927175, ""G"", [""A""]], [37927178, ""G"", [""A""]]]",yes,yes,G->A,3
chr5,125748445,125748728,TAATCTTTCTGTCATTTATTTGTTCCAGATGGCATGTTTTCTTTTTCTTTTTGCTTCCAGAAGGCATGTTTTCTTTAGTTTGTTTTATTTCACGTAGAAGCATCTGTCTCCAGTACTAAGCTAGGCAATGACATAATTCTGGCTGTATTCTGCCTTTTGAATCCCATATTTTTGCCCTTCCTTCTCCTGCAATATCTTTGCTGGGAACCCAATCATTTTTTAATGAGGAAAGTTTTTTCTGGTATAGCTATTTTCAACATCAGGGTGTTGAATAGGGCTTGAGT,"[[125748548, ""T"", [""C""]]]",yes,no,T->C,1
chr12,99522996,99523300,CACAGTAGTTGCCCAAAAGTACCAATAATGTAGTTTTCCAAATCAGAAATTAGGTGGCCTAGAGGCTTTTCTAGACTACTTTGATAGGGCATCTCACTGAATTTGCTTCCTAGCACAGCTCTATTCTTAGCCACATGGGAAAACTAAAGCATCTTAATTGACACTACAGGGGAATCACACATGATGCACTTGGCTTGGTGCTGGGGCTGACACTTGAGGAGAGGCAAAGACCAAATGGACCGTTTTCTGTGAACATAAGTGAGGAAAATGGTGAGTATTAAACCCCTGTCATGTGAGAAAAGATT,"[[99523033, ""T"", [""C""]]]",yes,no,T->C,1
chr13,35252611,35252820,AAGATTTGAGGATGATGGATATGTAACTGAACCGAGAAGGCAGGCCTCAGTTTTTCTAGCTGTCCCTGCACAGATGCAGCTGAAGAGAGGTGCTAACCAAGGTCAGAGAGGAAGTGGTCTGTGGTCTGTCTCTTACCCTAAGAGTGGTTCTCTCTAACAGTGTGACCAGCCAAAGCAGGTGTTTGTAAAGTGGGCATGGACTGAAGAATC,"[[35252636, ""G"", [""A""]], [35252665, ""A"", [""T""]]]",yes,yes,G->A,2
chr8,142348184,142348547,AAGCAAATGCTGCACGTATGGCTTTACTTCTTCCACGCACCACATTCGCCACAAATCACAGAACGTGCGCGGGTCACTCGAGAGCCTTCGACGATGTGATTTTAATGCCTGCGTCAAATTCTATCCCAGCTGTAACACATCGTCTCCCTAAAGCCAGATGCTTACAGTATTTCTGAGTCAGCACTCGCACAAATCACATGTGGTGAACACCTCTGCCCGTGTGTCTATCTCCTAAGACAGAGTCCAAGAGGAAGCACGGCTGGGCTAAGAGAAGGAACACTCCCGGCCGCCCCAAGCTGGCTGCTCCCGGCACCCCATGCCCACCCTCCCCTGGCCCCCGCTCCCGCCCCAGGCTGCCCCGAAG,"[[142348209, ""G"", [""A""]], [142348262, ""A"", [""C""]]]",yes,yes,G->A,2
chr14,72583946,72584281,TCACCACCAATCAAGCCAGTGGTGCAGGAGAAAACAAAATGAGAAAGAATCATCATCCAAGAGGTGAAATGAACTGGTGGCCAAGGAAGCAGGGGGTGCATCTGGATTTCCATAACATAAATGGTCATATTTCAGGCAGGCTTTTCTTTAGAGCAAGCCAGAAACTCAGAGACAGGAAATGTGGGTGTCAGATTTCATTCCAGTGGGTACACTGTCTGGGGTGTTCAATTTAATAAATTCAATCTAATAAAGACCCACAATAGCCAAATCACAGATTCACGTAGACAGTCATTCAATGTATATTGAACACCCATGTGCCAGGCATCACTCTGGGAG,"[[72584226, ""T"", [""G""]], [72584230, ""C"", [""A""]]]",yes,yes,C->A,2
chr16,24443145,24443465,GTACAAGAGCTTCCTGTAATTTCCTGAGTGACAGAACGTTAGGGGCATCTGTTGTTATTCATAGTAAGGTCCTTTCAACCACACCTGAGTATATGCTAATGGTATATGCAAATGACTCAAGGGGGGGTCCCCTAGATAGCTTCAGGCTTGGGGCTGGTTGCCAGAGGGAATCACATCCATGTGATTAGAAGTTTGGAACTTTCAGGCCAGGCGCGGTGGCTCATGCCTGTAATCCCAGCACTTTGGGAGGCTGAGGCAGGTGGATATCCTGAGGTCAGGCATTCCGGATCAGCCTGGCCTACATGGTGGAAACCCCGTCTC,"[[24443181, ""T"", [""C""]]]",yes,no,T->C,1
chr2,19159086,19159364,GCCTTCCCCCTTAACAAGTTCCACATTGCAGACAAACCTTTCTGCCATCTGCTCGAATGGAAACGTGTGGCATAACCCTGCATGGGAACACTTTGCCCTTGGTAAGGAAAGAGACCTTGGGGGATCATTTGGAAAACCACCCTCTTGGCACACAATCTGTGGCTAGAGTTTGCCCTTTGTCCCTTGTGTGCAATGATCTATTCTGATATGAATGTCGTTTTGAATGAATGTATATGAGATATATTTACATATGCTAACCACCAGGGTGGTTTCCAGTGG,N,no,no,N,0
chr2,75513697,75514180,TTCGGCCTTAACAAAGAAGGAGATACTGCCACTTGTGACAACATGGATAAAGCTGGAATATATTACATTGAGTAAAATAAGCCAGACAGAGAAAGAAAAAGACAGGCCTCTACATGTTTGTGCTAATGAGCCAATGTTAGCAACCACCTACCTCCAGACTTCTTACTATGTGGGTAAGATAACGTCTATGTGTTTAGGCCACCAAGTTGAGGTTTTCATTTTTTGCAGTTGAAAACAATCCTGACTCTTAAACCACACAAAATTGTTTGGATTTTATCCCAGAGATAATGAGAATCCACTAAGGGATGCTAAAAAATAAAAAGAATTGCATCATCACATCCGAATTTTGGAAACATCATTTTGCTACAAAATATAGACTGTGAAACAAGATCATGGAGGCAAGACCACAGCAAATACCATTATGATAAGGCAGGCGAAAACATGATGGGGCTTGGAGCCAGTCAATCAATGATGGTGGGACTAA,"[[75513764, ""C"", [""T""]]]",yes,no,C->T,1
chr3,178297218,178297588,AAGCTTCAAGATCATTTTAGTATTTAGAAACTCGAATGTACTGCCAGTTACTGTAAAAGGAGCAGATTTGAGAGTTTCCAAAACTTTAGAAACAATGTCTTCTCTATAAAATTAGTGATGAAAAGTAGTCTACCCAGATGTTTGGCTTCCAATGGCCATTTCAACACTTTGGATTAAGTCATTGTTGGCTGCCTACAATAGCCACAGAACAGGCCTGACTAGCAACCTGGATTCTGAAGCTGAGTAGGACTGGCAAAGGGGTAGATCCTGCAAGTTCTCAGTAAGCTTGTTGCCTCTGTTAATTAGACATCTAGTCTCTATAAATCAAGACTTTAAGAATAATCTCTGGTATCCTCAGTTGTGCTACACAT,N,no,no,N,0
chr19,41527178,41527527,AGAAACTGCAGGCCAATATCTCTGATGAATATTGATGCAAAAATCCTCAACAAAATACCAGCAAACGGAATTAAAGAATGCATTAAAAATTCATTTGTCATGATCAAGTGGAATTCATGCCCAGGATGCAAGGACAGTGCACCATATGGAAATCATCAACATGATGCATCATATCAAGAGAATGAAGGACAAAAAGCATATGATCGTTTCAACTGAAACTGAAAAACGTTTGATAAAGTTCAACATCACTTCATAACAAAAACCCTGAAAAAACTACATACACAGGGAACATACCCCAACATAATAAAAGCCATAAATGACAGATGCACAGCTAATATCATACTGAATGA,"[[41527250, ""C"", [""A""]], [41527343, ""A"", [""G""]]]",yes,yes,A->G,2
chr13,91119711,91119938,GAAATTCATTATTTAAAATGTTGGGTTTTATTTCTTTAAAGTGGTCCGAGAATATAAAGATACTAGCAAAGCAATCAGAATACAGAAACTAACAGCTGGTATTTTTTATCTCAGTCTTTCGCCTTCTTGCTCATACCTAGAGAGCCTTTTTTAGTAACTTACCATTATCAAGGCTTTTCATAGCATTCAACATGGTTTCATAGAAACAAAAATAACTGTATCAAGATA,"[[91119758, ""A"", [""G""]]]",yes,no,A->G,1
chr3,192947332,192947668,TTTTCCACCCCTTTGTATATCAAAAACCATATTATTAACATCCTCCAGGTGGTAAAAGAAAAGAGGACACTAGCTGATCTATCTGTGCCATATAGTTTTTTGGTTCAGAATATTAACTACTTGGAGAATTACACACACACTATCAGATTTAAAGACTTACTATAAAGCTACAGTAATCTCAGGACAGTATTGACCAGTGGAACAGAATCAAGAGCACAGAGACATCTGTAGAAATATGGTCAATTGATTTCTGGCAAGCTTCCAAAGACAATTAATGGAAGAGAGGATTTGTCTATTCAACAAAGGATGATGAAACAATTGGTCATCCATATGCAAA,"[[192947349, ""C"", [""T""]]]",yes,no,C->T,1
chr8,59353582,59353902,GGGCAAACCTTAAAAGCTTGTTTGTCAAAGATAACTCTCCCATTGTCTCTGGCATAATTTCTGGAATGCTGACATCATTAACCTTTGTTTATGCTGAGCTATTGGAAGCCCTTGATAGGGTTAACCTATTAAAAACCACTCTCTGCCATTTACACTTTATCTTGAACCATATTATTGGATTATACAGCTATTGATCCATCAGGGTACTTGAGGGAAAACAACAGAGAGCACATGAGTCTTAATGGAAAGGAGAAGTACACAACAGTGGAAATTAGAGAGCCTGGTTGGCGATATTACCAGGGTCTCTTAACAATTGTATTG,"[[59353606, ""C"", [""T""]]]",yes,no,C->T,1
chr17,51657239,51657644,TGTTCTCAGCTGTAAGAACACAGTTTGGGCATCAAAGATAACGGGGGACCTGTATCAGTTCATGCATGAACAGCAGGTCTTAACCATGAAAAAGTGCTGCTTCCTTTCTACTGCCTTCCAGGTCTTTGTTGGTGGTGATCACAGTTCCTGCAGCTGTTGCCTTTGCTCTTCCCTAGCCAGGCACAATAATGCTAACCCAATACCCACTAACCACTCACAATATGCATGGGTCCAGGTGGGTCTGGAGAAAAGCAGGGTTCACTGCTTCTCCTACCATGACTTTGGGCTTGGGGAGCAGCAATGTGCAAACCACATCCTGCTAGGGACAGAGTATCAGATTGGCAGATGGGTTCTGAAAGTGATGCCTGTGGATGGATTTCTTTTTGCCATGTATAGGTAACACTTT,"[[51657281, ""C"", [""G""]], [51657282, ""T"", [""G""]]]",yes,yes,C->G,2
chr22,38689475,38689756,CTGACCCCGCACTACCAGGGATGGAGAGCACTTTACATCACTGCCCCTGGAAGTTAGTTTCCCCACATTCAAGTGCAATTTCCCCAGCTTCTACCTAAGTATTTTGTAAGTGTTCCATGAAGGTGACTCACTTATGAAATCCCAGCCTCCTGCAGCCTTTCTGCTCTTCCTCCTGATACTGATTTTCCTGCCTCATGCAAGCCTTTTTTTTTTTTAACATTGGAAAATAGGATTCAATCTTTTCATTTGCATGGATAGTAACTGGTGTCACTCCTGCTTTCT,N,no,no,N,0
chr21,26826774,26827206,TCCCTTTGCCTCTTTCCTTATCTATAAGATAGAAATTATAATAATGAAGCTTTTTTAGGATTAAGTGAGTTGATTTATATAAAACACATTGTAAATTTCAAAGAATGTTGATTATCAGCTGGGCATGGTGACTCACATGTGTAATCCCAGCACTCTGGGAGGCCGAGGCTGGTAGATCACTTGAGGTCAGGATTCAAGACCAGACTGGCCAACATGGTGAAACCCCATCTCTACTAAAAATAGAAAAATGAGCTGGGCATGGTGGTGCATGCTTGTAAGCCCAGCTACTCCCAGGAGAGTCACTGGAACCCTGGAGGCAGAGGTTGCAGTGAGCCGAGATCATATCACTGCACTCCAGCCTGGGTGACACAGTGAGACTCCATCTCAATTAAAAAAAAAAAAAAGAATGTTGATTACCATCATTACTATCTGA,"[[26826911, ""C"", [""T""]], [26827115, ""G"", [""A""]]]",yes,yes,C->T,2
chr17,1501467,1501847,CTTCAGCTGTTAAGACGGGGTGATAACAGTACTTACTTCAAAGAGCAGTAATGAAATTAAAGGGCGTCAAGGGGGTGGTCACGAAGCGGTAACTTTGACTAACCCTGGTCTGCCTGTTGGCTCCTTGGGTCATTTCCAATCTTTCACTCTTCTAAGGAGTGTTCAGAGGGCACTGGAATGTGGTATTCCCATCCCAGAGACCACAGACACTGCGTCCCTGAATCTGCCTTGGACAGCAGGTGCCTAGCAATGCTTACAACTTGGTAATGGGGCTGGGCACGGTGGCTCACGCCTGTAATCCCAGCACTGTGGGAGGCTGAGGCGGGCGGATCACAAGGTCAGGAGTTCAAGACCAGCCTGGCCAACATGGTGAAACCCCGT,N,no,no,N,0
chr1,56838649,56839131,TCAGAGTGCTTGTCAATGCAATGGCCTTGCTGTATGGTATAGGCTCCTCAAATGTTAGGTTTTCCTCTCTTGTGGTTATCTATTGCTGTATAACCGTTTCAAAACATAATGGCTTAAAATAAAACAATCCCTCATTTTGCTCAGTTAAGGTTAAGGCTCAGTGAGGACATCTTGTTCCTTCTTTATGCAACATTGGCTGGGGTGGCTCATGTGGGAATCCTCTTTCAAGATGGATCATTTGCATGGCTAGCAAAGCTGCTTGTCATTTCCTTTTGAGACGGGATATTTCCCTTGACCCCTTTGTAGGACTTGTGAAGGGGTGACTCATTTACTCAGCCCGGAGCTCTGAACCCCTCACAGGAGGGTGAACACATAGGTGATTGGGTGCAGGAGCCCATGCAAATGAATGCTGGAACAGGCCGGTTGCTCCTCTCTGGTGGGAGCAGGCTCTGTGCAGCCCTGCAGCAGGGTTCAAGCACATTA,"[[56838744, ""A"", [""G""]]]",yes,no,A->G,1
chr11,125148815,125149014,GTGTTAGGGCCGGGATATCAAAATAAGATATGAAACCTACCAAGGAGACTGTGACAGACGGTATTAGTGTGCCCAATTGTTTGCTGCCTTGCCCTGTGAAAGGCTTATACTGATGTCAGACCTGGTCATGTGGCTTGCTTTGGCCAGTGAAATTTGAGCAGAAGCTTTCTCCTCAAAGCCTGAGCAGGAGGTTTCAGGGA,"[[125148826, ""A"", [""G""]]]",yes,no,A->G,1
chr4,67746782,67747116,TCAAAAGGGAAAGAAACCTTGGCCCTGTTAAATAAGTTAAAAAGTTGATTTTCAGTTTCAGAGCTTTTTTCATTTTCAAGGGGAAAAAATGATTTTAAATTCATCCACTAGAGGGCGTCTAATAATTTTACTATCACTCCAGTCAAGAAACCCCAACAAGTGCATTCAGCTAATTTTATCTTATGATTCAGACTTTTTTCCCACATTACAAAGTGAGACTTTTAGTTTTCTGTAATTCTTTGCAACCTGACCTTATTTAAAGTTCAGCTTTGAATTAGATCCAACAGAGGCTGTGAGTTAAAGTCTTTGGAAGGCTTACTTCACGTAGAACCTGA,N,no,no,N,0
chr11,120285273,120285649,CCAAGTCTCTGCCAAAACTCATCCTGGGTTTTCAGACTTGCTACCAGCCTGCTTCAGGACTGAGTGGGTTGAAATGCTAGACGCCATCACCTCTCTTGGTCACTCTGCCCGCTTCTGTTTCAGGGCCTGTGTCTGTCCCAATCACATGGCAGCCCTTTAATATTTGAGAAGAGTCATCACCCTGAAATCATCCCTTTTCTGTGTAAATATCCTGGATCTGTAAACGATTCCATATGTTATGCTGCTGAATGCCTTCCTTAAACCAGTTATATACTTAATACATGAATACTTTCCGGTTATAAAAAAATTTCATAATAAAGATTAAAAAGGAAGATTATTTTTATCCCTGTTCATGCTCAGTCCTCTTCCCAGAGGTA,"[[120285430, ""C"", [""T""]]]",yes,no,C->T,1
chr3,147807723,147808135,TAATCTGTGGTTCTTGGTTGCAGACAATAGAATCTACCATAATCAGTTTAAGTAGTAGGGAATTATTGAGAAATGTTAGAAATGTAGCAGAACTTTTGGAAAGCCTGAGGGAATAGATTCTAGGTTGAGGTTACAATAATAATTTCATTCATGACACTGCAGATATGCCACTGCCCACACCACAACCACAGTACTTTTACTGGAGTACTGTGGCTTGTTCAGGCTTTTTCTTTGCCAAGTACAGAATCATGCTTGGTTCCATGACAAGAAAACTGCCACAACAGCTGACAGTATCAGATGCATGCCCTCTCTGCCACTCCACGCCTGGTGCCCTGGCTCACTCTTTATGTCTTGCTTCTAAGTTAAAGTCCCATACAAATCCACCTGATGAGTGGAAATTGCACTCATCACAA,"[[147807728, ""C"", [""T""]]]",yes,no,C->T,1
chr5,35689485,35689684,TTTTTAGCCCTTGCACTCTCCCCATCTCCTCCCTCTAGTAGTCCCCAGTGTTCATTGTTCTCATCGTTATGTCCATGTATACTCAATGTTTAGCTCTCACTTGTAAGTGAGAATGCAGCATTGATTTTCTGCTTCTGCATTAGTTTGCTTAAGATAATGGCCTCCAGCTGCACCCATATTGCTGCTAAGGACAAGATATC,N,no,no,N,0
chr4,168071434,168071666,TAAAAATGCTAATGATTACCTGAGCCTTCAGTGAGTCATAATCTTTTGGCTGGTGGATGGTCTTGCCTCTATTTTAATGACTGCTGACTAATCAGGGTGGTGGTTGCTGAAGGCTGAGGTGACTGGGACAATTTCTTAAAATAAGACAATGATAATTTTTGCCACATTGATTGTGTCTTTCTTTCATGAAAGGTTTCTCTTAGCATGTGACGTTTGACAGCATCTTATTCACA,N,no,no,N,0
chr6,107707409,107707668,TCAAAATCATTATAATGCTATCAGCTCAGTGAAGGCTATCCGAGTCAGGAACCGTGCTGAACACCTTTTGTGCATTTTCTTATTTAATCCTCGAAGTGGTTTAGGAACAGGTGCTACTGCGGTTTGCCTGGCATGTCGTTGGTGTGCTGTGAATGTTTGTTGCATTCACAGACGGCTGGATGGGCAGGAAACAGGCACTCCTGACGAAGGCCAACATGAGAGAAGAGATGGGGCAAATATTCCTTTAAAAACAAATTAAG,"[[107707431, ""T"", [""A""]], [107707638, ""A"", [""G""]]]",yes,yes,A->G,2
chr14,93564645,93564966,TGCAGGCGGGCTGAGACTGGAAAGAGAGTCAGCGAAGGGAGATAGGGGTGGGGCCGTTTTATAGGATTTGGGTAGGTAGTGGAAAATTACAGTCAAAGGAGGTTGTTCTCTGGCTGGCAGGGGTGGGGGTCACAAGGTGCTCAGTGGGGGAGCTTTTGAGCCAGGATGAGCCAGGAGAAGGAATTTCACAAGGTAATGTCATCAGTTAAGGCAGGAGCCGGCCATTTTCACTTCTTTTTTAATTTTCAATTACTTCAGGCCATCTGGATGTACACGTGCAGGTCACAGGGGTTACGATGGCTTAGCTTAGGCTCAGAGGCTT,"[[93564660, ""T"", [""A""]], [93564890, ""C"", [""T""]]]",yes,yes,T->A,2
chr19,39016030,39016337,CCACTGCACTCTAGCCTGGGTGACAGAGTGAGACTCCATCTCAAAACAAATACAAAACGAAACAAACAAAAAGACCAGTGGTCCTCTGGGGTTGAGGGAGGGAGGAGTGAACTGGTAGGGCACAGAGGACTTTTAGGGCAGTGAAACTAGTCTGTGTGATACCGCAATGGTAGATACATGTCGTTACACATTTGTCCAAATCCAGAGAATGCACGACACCAAGTGTGACCCTAATACAAACTATGGAGTTTGGGTGATAAGGATGTGTCAACATAGGTTCATTGATTATAACATGTACCACTCTGGTG,"[[39016148, ""A"", [""G""]]]",yes,no,A->G,1
chr4,165124437,165124806,TCAGTCTTGAGCAGGTCGTGGATCAGGGAGACTGGCCGAACTTGTTCATCAGAAACCATGCCGGTCCACACACTCACAGGCAGCTGCAAAATGCCGACTCCCCATTTTGTCCTAATGGTAACCTTTCTCCAAGCACTTGAAAGTAACTGGGTAAGTGGCACCACTCACTATCACCCCTAGTGACCCACTGGCAAAATTTTTGCTTCCTGTGCCGGTGACATTACATTCTGCTTGCCTGGAGGTCTTAGGTCCAGAGGGAGGAACGCTGCCACCAGCAGACACAACAATGATTCCGTTATACAGGAAGTCAAGATTGCCACTGGACACTTCAGACTCCTCCTGCCTTTACGTCAACAGACTAAGAAGGGAG,"[[165124626, ""A"", [""G""]], [165124650, ""A"", [""G""]]]",yes,yes,A->G,2
chr22,20312897,20313192,AGCTGCGCTTGCATCCTACTGTACTTTGGACAGCTGCTAGGCATGTGTGACCAGATCAGCTTCCCGCTGGGTGAATGGGGCCCTCCCTGGTGCGATGGAGTGTGGTGCTGGGCCTGGGCCTCATGGCATTATCTGCCCCCATGCAGGCCAGGCTGGCTACCCTGTGTACAAGTATAGGGCTGTAGGTGCTGTCATACGTGTCCTGCCACGCCCTGGAGAACAGCAGCCTCGTGAAGGGTGCCCGTCGGGAGCGGCAGCTGCTGTGGCTGGAGCTCTTGAGGTGGCTCCGAACTGGC,N,no,no,N,0
chr7,93435870,93436145,TAAAAGATCGCGGGCTTTAGAGTTAAAATCAGCTAGCTGAATAAGCACAGTAGTTGAATAAATACACCTTTGGCTTCCTTACCTGGAAATGAATCAGAGAGTGCATCACGTAATCATATATCTTCCCAAGCATCTTGTTGGAAGGTCTCCAGGGAAAGACGACAAACTGGATTCCCAGCAGGGGCACAAGGATCATGGTGGCCTTCACAGCCTTCAGGTACATGTGGGATTCCGCCTCATGGGTTTCCCTCATTTTGGTCACAAGCACCCGGACAA,"[[93435879, ""A"", [""G""]], [93435880, ""T"", [""C""]]]",yes,yes,A->G,2
chr4,6877535,6877888,CCACAATAGGCCATCTGCAAGCTGAGGAGGAAGGAGAGCCAGTCCCAGTCCCAGTCCCAAAACTGAAGAACTTGGAGTCCAATGTTCGAGGGCAGGAAGCATCCAGCATGGGAGAAGATGTAGGCTGGGAGGCTAGGCCAGTCTAGTCTTTTCACATTTTTCTGCCTGCTTTATATTCTAGCCACGCTGGCAGCTGACTAGATGGTGCCCACCCAGATGAAGGGTGGGTCTGCCTTTCCCAGCCCACTGGATCAAATGTTAATCTCCTTTGGCAACACCCCCACAGACACACCCAGGATCAGTACTTTGCATCCTTTAATCCAATCAAGTTGACACTCAGTATTAACCATAACA,"[[6877615, ""G"", [""A""]]]",yes,no,G->A,1
chr9,105735312,105735684,GAAAGATTTATTTAGCACCATTACAGCACTGGGGTATTTTGAGTTTGATTTTGAAGTTACTGCTAGTGGTGAATTATATACTTTCACATACTTTCATGATAGTAATTATTGTCCCTTTGCTTTCAGTTGTGGCACTCTTAAGCATTTCTTGTAAGACTGGTCTAGTGGTGATGAATTCCCTCAGCTTTTGCTTATCTGGGAAGGTCTTTATGTAACCTTAATTTCTGAAGAATAGCTTTGCTGGGTATAGTATTTTTGGCTGCAGTTGTTTTCTTTCAGCTGTCTAAATGTATCATCCCATTTTCTCTTGGCCTGTAAGATTTCTGTTGAGAAGTCAACTAATGATCTAATGGAGATTCCCTTGTATGTGACA,"[[105735323, ""A"", [""T""]], [105735373, ""T"", [""G""]], [105735658, ""A"", [""C""]]]",yes,yes,T->G,3
chr1,216521444,216521650,TAAAATACAAAAAAAAAAAAATCATCTGGAAAGTTAGGAGCAAAAATGAATGGGTCTTTTCAATTTGCCTTAGTTTTCTTGTTCCTTTTCATGCTCCCAAGTCGCAGTTTCTCTGCAGCAGCAGATGGACAGAGCGTGTAGCCCGCAGCACCTTCCTGTGACAGCCCTATTCTCCCTCCCAGACACTGCTGTTAGTAAATAGATTTA,"[[216521452, ""C"", [""A""]]]",yes,no,C->A,1
chr6,160201067,160201552,TATCTTGTTGCGGTGCCTAGTGCAATGCTGGGGTTACTATTCCAACATCCAGGATTATTGAATAGAAAAGACCAACACCAACTCTTGCCACCATGCTGTGGTCGTAGTCTGATGTTCTAGTGACATTGCTCACACAGTGCAGTTCTGGTTACAGCAGTGTAATGTGTTGTGTTGGAATTGTGGTCTTATGAGACTGTGTGGCCCAGAAGGTCAACAGCTGTGCTTCACAGCTCCTGGTGTCTCTAAGCCTGACGTAAAAATAGTTACTGGACATCTGTTTTTTTGGGTAAATAGCTTATGATATTCCTGGAGATGAGAGATGGCTTAGAAAATGGGCAAGCAAAATATGAATATGGAATTTTTCAGAATTCTTCTTATCAAGATCTAAATAGGCATTTTAAACGTCTGCAGCAATATTCCAGTGAGAAATGGTGTTCACGGGAAACCCTCAGGACAGCTAAATGGCAATGTCTGGAGACGGGAAGA,"[[160201320, ""A"", [""G""]]]",yes,no,A->G,1
chr3,134772480,134772936,ATCTTCTCACCTCCCCTCCCTTCTTCCCCTCCCCTCTTCTCCTCCATTTTCTCTTCCCTTTCTCCTCTTCATTATCTCCCTCTTGGTCTAGAAATGCTCCATGTATCTAGGACTCAGACCCCTGTGGCTTTGGATCCAGTGTGCTCTCTCATTAGATATTCCCATTTGTCTCTGCCAACTGCACATGTGGGAGGAGCCTCTGCCACACCCCAGAGTAGGGGCCTCCCCACACATTCCCAGTGACATTCCAAGATGGCCTTCAGGCTTGCAGGACAAGCCTGCAAGCTTTTCCTTATGGAGTTTGACTGCTCCCAAGAGGAAGCAGAGAGCTTGGCTGCCACAGGAGCTGAAGGCGGGTTCCCAGGAGCTCAACTTGACTGTGATTCAGTTTATGCCACTTGCAGACCTTTGGGGCAAGGAGAAGGGAATTTGGCTTCTGGTAGGTTGGGAGAGCTAT,"[[134772500, ""C"", [""T""]]]",yes,no,C->T,1
chr4,133440539,133440820,ACTCCTGCTTCTGGATTCACTAAGCCCTAGGCTGCCTCCTATCCCACAGCCCACCCCTGCAACACACAGGCCAGCTCAGAACAGCCATGTGTATTCCCAGGGGAGTTTCCCTATCAGTGTGTGTGTTTGAGTCTGTGCATGTGTGGTTGTGATTTATTCAGATATAAGCTTCTTTTTGACTTCTGTAGTTTCTCCAGGGTAAATATAAAAATAATGATTTAACAGCCTAACTGATTGAATGCTATTATGTAATACTAGCTCTTTTTAATAATCTTTGTCAAG,"[[133440676, ""T"", [""C""]]]",yes,no,T->C,1
chr15,51904952,51905213,AGACTCCCAGTTACACTGTTTGATTCTGATCCAAACTAGATTTTCAAACGTGGGTCTCATGCATGAAATGACAATAAGCACATTCCTGGATAGGGCAATTACAGATAAAAGCTCAAATTTGAGAGCAAGCAAGTTATTTATATGCTGATGGCAGCCTGTGGATTTTAAGAACTGACTCATATCATGATGCTGGCTCCTGAATAAACTTTCAATGAGTACTTGTTGTTTAAAGCTAACATTTAAAAAGTGGTATCAGCAGATT,"[[51904973, ""C"", [""G""]]]",yes,no,C->G,1
chr10,36145479,36145723,GGAGGTTATTCTGTTGTCAGACATGCATGTTTCCACCTGCAGCATCTCTCCAAAAATGCGCAGGGCAATGCATTTAACTCTAGTTTTGAATAATGAAAGTAAAATGGGATAGCAGCTCAGCCAAACAGATGAAAAGAACAGCTCCTGCAAGATCTACAATGAGCCAGGTTTTGTTTTGTTTTATTTTTAATGTTTTACTCACCTGGTATAAACCATAATATTTTTTATTGTGAAAACAGAAAGGC,"[[36145511, ""T"", [""C""]]]",yes,no,T->C,1
chr12,48229725,48229943,AGATATATATACATATATATACGGATATATATATGTATATATATGTGTATATATATACGTATATATGTATATATATGTGTATATATATACGTATATATACTTATATATGTATGTATATGTGTATATATACGTATATATACTTATATATGTATGTATATGTGTATATATACATATATACGTATATATATACACATATACATATATATATATATATATATA,"[[48229748, ""T"", [""G""]]]",yes,no,T->G,1
chr11,23580347,23580683,AAATTCAAGAACATCATTGAGGCTTCTAATACTAGAGATATGTGATGAACTACAATTCTAGTCCTATATCAGCTTTCAGCATTGCCTGACGTAAAAACAGCCACCATCTTGACCTTTCCGTATATTGATTTGGGCAGTAGACCGTGCACAAAAGATAACACAGCCAGACAACTAATCACAGAAGCATTTTAACCAGAATTAATAGGTGTTTCATCAAGCAAATCCCAATTTCTAATGTGGTAAAAATGATAGCTAATATTAACAGGCGCCAAACAATAACAAAACAGGAGTTTAGACCTCATTAATACTGTGAAAATATCCTTGCTGCTCAGACAGC,"[[23580437, ""A"", [""G""]], [23580467, ""A"", [""T""]]]",yes,yes,A->G,2
chr1,163820796,163821091,TATTTGTGAGTCAATGGAACAATAGTAAAAGTCCCACCTTATCTATCACTGAACTCTTAGGTTTTGAAATACAGATACAACTTTTTTTTTTTTCTCCCACAAGGCTAAAGAGGTTTTACTTAAAGATGATATAAATTTATAGGTTTTATTTTTGGCCACTGGAGGGCTCTCATATTTTTCCACTAATGAAATAGAAGCATGACTAAAAACTGAAAATGTAAGATAAATGTTTAAAGTGAGTGATCTTATGGTTTGTGCCAAAAACTAGATGAGATGAAATTTAGGGACAAGCGACT,"[[163820820, ""A"", [""G""]], [163820891, ""T"", [""C""]]]",yes,yes,T->C,2
chr13,27987409,27987759,CCCTTCCTCCAGAGGGATGCCTTCAGATTCTCCTCCTTCCCCTCCATCCCTCAGGGAGTTGCTGATCTGAATGAATTCACTCTCCTCGGCCATCCAGTCCAAACTGGCCCTTTCTGGTACAAAAGTCAGCCGATTGCCCTTTCCCCTGGGCTCTGGAGATAGTCTGGTATCCAGCTGTCCTCTCTGTCACATACAGGACATTCCCAAGCCAGATGGGGTGGCTAAGACAGGGTGGGCCCTCAGCCTAGCCTTTAGCCTCCGAATCACTCTGATGTCTTTTGCTAGGTTCCTCCTTGTGACCTCAAAGCTCTAATATTTAACAGCCACTTTCCTTAGCCACCGCATTCTTCC,"[[27987522, ""G"", [""C""]]]",yes,no,G->C,1
chr12,31460107,31460393,TTTTGACAAAGACAATGCAATCTAACGAAAGTCGCCTTGACCTAAATCAGCAAACAGCAAATGCTTCATCATTCATTGTAGTTTTACCTCTTGAGGAAGTTCTAGTTTAGAACGGTCAGTTCCTTCTTTTGACTGAAGGCCCATCAGATAAGGGACAGGAGCATCAAGAAAATGTAGCAGAGAAGCAGGTAGAATGGGCACATAAACATGTTGCCATTGAAATGGGAACAAAAGTGTGGTGATGCCTTCTGCCACAGTCATCAGGCGTTGATAATCTGCACAGAACA,N,no,no,N,0
chr5,144247142,144247514,GACCAGCTACCCTAATATTCAAAGATAGGGATTATTTCTTCTCTGTGACTTGTGACTGCTTTGACCACAGAGTATGATGGAAATGATGACTATGACTTCCAAGACTGGGTAATGAAAGACATTGAAGCTTCTGCTTTGTTTACTGAAACACTTCCTCTGGGGGCCCTGAGCTGTCATGTAAGAAATCTGATCACCCTGAGGCAACTCAGGCACACAGAGAGACTACTGGGAGGCTCTGTCAACAGCTTCTGTTGAGATCCCAGCCACCAGCCTGCATTAGCTGCCAGTTGTGTGAGGGGAGAGACCTATAGATGATTTTAGTTCCCAGCAATCAAGTCTTTCCAGCTGTGGCTCCAAACATGGGAGCACAGAT,N,no,no,N,0
chr7,13159524,13159759,TCTTTGCTGTATTTATTCCTTGATATTGGCTATTACACATTGTAAATGAGATTCTAAGCAAACCGTGTTTATTCATCTGCAGATCTCTCATCTGAGCTCACATCAGCTGTTTTCTTGTTTCATTTTCTTAATTATTGATGCTGTCACTGAAGCAGGAGTTGTACATCTGGTACAATGGTGAAAGGGGGATGGGAAAACAGTAGGGGAGGAGGAGTAAGATGAGGAGGAACAGGCAA,"[[13159532, ""A"", [""G""]]]",yes,no,A->G,1
chrX,133337303,133337576,TATGGTTTAAGAAGAAAACAACAACAACAACAAAACACTACACATTGGAATCATAGTAGTGCTATAAAACCATGGGGAGCGAGAAGGGAAAAGAATAGCTAAACCAGTAGGCCCATAGGCAATGACTGTGGGCTCCCTGCCAGGAAGATACAAGTCTAACAAGAAATGAGGTGACTTGCAGTAGAAGGCCTTGGAACTTGGAAACAACTTTATCTCCACTACATTGTGCTGCCAACGGGAGAGTCATTTCTAAAGAGCAGATTTTTTTTTCCTT,N,no,no,N,0
chr19,49733256,49733505,GAGTTTGAAAACAGCCTGGGCAACATGTTGAGACCTTGTCTCTACAAAAGATAAAAAAATTAGCCAGGCATGGTGGCATGCACCTGTGGTCCCAACTACTCGGGAGGCTGAGGTGGACGAATCAGTTGAGCCCAGGAGGTTGAGGCTGCAGTGAGTCATCTTTGTGCCACTACACTCCAGCCTGGGCAAGAGAACCAGACCTTGTCTCAAACAAACAAACACAGAAGGCTGGACACAGTGGCTCACGCCT,"[[49733283, ""G"", [""T""]]]",yes,no,G->T,1
chr4,95957870,95958179,ATGAGAGCAAAACTGGATGAAAATTGGAATAACATTGGCCTTCTGGAGGGTTAGGGAGGCTTTCCTGCAGCAGGTTGGGAATTTGTCACATCAGCCCCTTCATGAACTATCAACCTCATTACCGCGGTTCACTGTACAGTTGCCCCTTGGGAATCTAATACTAATAGCATGTAGAGGGTGATGAGGCCTGTGGTCTCAACTACTTCATTATTGATTCACTTAAAAATATTCCACCTACATATTTGAATAAAATAGGTGATACATTAGAAGGGGAAAAACACCAAAAACATCTACAATCAATTGAAGTAGG,"[[95957948, ""C"", [""G""]]]",yes,no,C->G,1
chr9,39053595,39053960,CACCTCAACCTCTTTCCCAGAGCATATTAGGAGGACACAGATAAAAGGATTCAATAAACGCATTGGCAAATTATAATGTGAAAAGTCACCACTGTGGGGTATTATTTGCTATGTAGCTAATCCCTCTGGGGACTCTCTGAGACAGCCCATGGAACGTGTCTCAGAATCTTCCTGTCCGCTGATTGCTATCCCGCATTTGTTGGATGTCGCCTCCAGGGACATTGTCCCCTCTTCCTGCCACACACATGTAATTCTGGGTTGTTTTTGCATGTGTCCAATCTTCGATGCAAAACTCTTCCCTGGGAAGAGTGACAAGGCAGACTCTTGAGATGGAAATCTGTCAACCTTACTAGAACTTTCTGTTGA,"[[39053772, ""A"", [""G""]], [39053901, ""C"", [""G""]]]",yes,yes,A->G,2
chr19,47794551,47794823,CGAATCAGAGCTTCTTCACAGTCTGTTTGATCTGGTGCTCCTTGGCTTTAACATCTATAATGAAGGCAAGCGTGTTGTTGTCGTCTGTCTTCTTCATGGCGGACTCAGTGGTCGGCGGAAACGTGATGATCGCAGAGTGGCCAAGCTTGTTTCTCCAGGGGGCGCTCTTCTGAGGATATTTGGGCTCCCTCCGGAGTCGCGCTGTCTTGGGCCGCCTGAAGGTGGGTGACCTGCGGATCTTCTCTTCTGTGTGGCTGTGGACGGCTTTCAACA,"[[47794572, ""C"", [""T""]], [47794621, ""T"", [""C""]]]",yes,yes,T->C,2
chr4,12791436,12791899,CTTCTGAGAGACATGAGCCATACAGCAGCTTACCAGAAAAAGAATTTTTTAAAGAAGTCTCAACAGGAAGGCATGTTGAAAGAGACACAGGAGGTAGCAAAAATGTGGCTCAAAAGGAACTTAGAGCAATTAGCATGTTAATTCTTTGGTGAAAAAAATAAACAGATATTGCCCCTCTTTCCTGTTCTCATAGAATTTCAGTCTAGGAGAATAAGCAGACAGTATGTGTGTAATTACACAAATATGCTCTAAGATCCATGAGGACATCACTTTGTCTATTTTTGCTTACCATTGTGTCCCCCAAACTGGGAACTGTGCCAAGCACGCAGGAACTCAAGAACTATTTATAGACTCAGAGAAGGGAGAGAGGGAGAAGGAATAAAGATGACGCTTGACGATTACTAGGTCATATTTGAGAAGGGGCCCAGGAGGAAGATGAGATATTCACAGGAGCCTCTCATGGT,"[[12791489, ""A"", [""G""]], [12791704, ""G"", [""A""]]]",yes,yes,G->A,2
chr8,69469877,69470279,ACTAAAAATACAAAAATTAGCCAGGCACGGTGGTGGGCACCTGTAATCCCAGCTACTTGGGAGTCTGAGGCAGGAGAATTGCTTGAACCCGAAAGGCGGAGGTTGCAGTGAGCCGAGATCATGTCATTGCACTGCAGCCTGGGTGACAAGAGTGAAACTCCGTCTAAAAAACAAAAAAAACCATAAAGCAAGATTTCTGATACTGAGCTATATATAGTATTGAGATTTCCCCAACCATCGCCACATAGATGAGGCCAACCAAAGAGTCAGCTCAGGACATCCGGGTTTTTTTCCCCTGTGCAATATTTTTGTGTGGAGAACATAAAGTAAATTTAAGGGGATTAAAATTTTTAAAACCAGACTCTAAATAGATGGTCGCTTTTATCATTATTGACTTTGGGGA,"[[69469997, ""G"", [""A""]], [69470161, ""T"", [""G""]]]",yes,yes,T->G,2
chr2,164716940,164717418,TGACTAAGGCAAACATAGTTTCTGTGGCTCTTAAAAGAACAAGAAAATGCATTAAAAACTCAAAATGAATAAAATTGCTAATTATAAATCCCTTTGTCATGTGTTACTGACATTTATCCCTCTAGCTTTATTTACCCGCATGAATAAGCATTTTCTACTTCTCATGCAATGTAACTATTTCCAATATTTTCTTTCTGCTTTATTAAAATGTGCTTTGGAGAAAAAAAATGGAAAAATTAGAATACTGTACTTCTGTCAAACAGCGCACCCTTGTGGTTTATTTTGTATCCTGAACAATAAAAATTAAATAAAAGTGTCTAAAATTCACATACTTAGAACCAATTTGGTCATACATATTTTTCTTCCAAGTTATGTTTTCCTCAACATGCTATCATTTTCAATCACTAAAAATAGTGATATTTTACATTTTCAAATTGAAAACTAAATTGTTAAAATAGATACAAACGTTTATAGTGATA,"[[164717058, ""T"", [""C""]]]",yes,no,T->C,1
chr2,186113375,186113676,CCCATTTCTAAAGAACAGCTTTGTTGGGCACAGTTGGCAGGGTTTTTTTTGTCCTTCAGCACTTTGAATATATCATCCCACTCTCTTCTGTCCTGCAGGGTTTCTGCTGAGAAAATCACCGAAAGCTATATTGGGGCTTTGTTGAATGTGATATATTTCTTATCTCTGGTTTTACTTTCAGTATTCTTTCTCTATTTTTGGTTTTTGATACTTTGATTATAATGTTTCTTGTTGAACTCATCGTTGGATTGAAATTGGTGACTTTTGAGCTTCCTGTACTTGGCTATTGTCATTTTTTTCTA,N,no,no,N,0
chr10,114753094,114753585,ATGAAGTGAGGGGGAGTCAATATTCTTTTTTCTCTGGTATAGAAGTGGTCTCCCCCTTGGTAGAAACAAAGGAATCATCTATAATATTTTATAGTGCTGGAGAAATAAGCTGTTCCCAGCAAGGCAGAGACTACTTGGGAGCAAAACAGGAGATGGTACACGAAGAGAGCATAGGGCAAGACAGCCACAGAGGGGCGTTTGAGGAATTCTGTGCACCATGCTCTCTTTCCGTTATTTCTGAATCACCAGTAAAGCTCATTAAAAGTTACAGACTAATACTTTCGGCTATGCTCTAAAAACCTCAAGATATATACACAAAGACATTCAGTGCAGCATTGTCTATAAAAACAAATGAGCAAAGATTCTATCAATAAGGGACTATTAAATCAGGTATGCTACAGCCATATGATTGAACGTTATGCAGTCATAAAACATGAGCAATGTCTGTACATACTAATACAGAAAGATCTCAACATATATGTGAAAAGGCAA,"[[114753138, ""A"", [""G""]]]",yes,no,A->G,1
chr20,7003691,7003994,TGCATTTTCTGACCACGCAACTCATACTAGACAAATGGAATGACTCCAACTGTGACCCAGCACTTCCTGCAGACTTGACTTGCCATTTCCTTCACTTCAGGCTTCTTTGATTACATCACCTGGACTCCTTTACCCTGGGTGAATGGTACCTTATATGACTGTCCCTGTTTTGTATTACCTCACAGGTTATGCTCCCTTGATGTTTAGGTGATGTGACTCAGAGTATAGGATGAAAGGCCATTTTGTGGTTATAATGAGTGTCTTTACAGGGCTCTATGTTTTAAATATATATGGGCAGTACTAC,N,no,no,N,0
chr5,99417676,99418107,CATTCTTCAATCCTTAAATGAAAACTGGCTCTCTCTATTAAATGAAAACTGGCTCTCTCTATTTCTTTTATCAATGGAATGAGGTAGTCTAGCCAATAGGTGAATGGAAGAACAGGTTGAAAAAAAAAGAAACAGGGCACACCAGCCAGCAGCTGGTGCAAGCTGCCCGACATGAATAAGACCGTCTGGAGCCTTCCTGCTGAGCTGAGCTCCCAGCTGAATGCAGACACATACATGACCATAGGCAAACTCAGCAGAGAAACCTCCTAGCCAATCCTCAAAATACATGAAAAATAATATTGGCTATTTGTTATCCACTAAGGACTTGGGGGTGGTCAACATAAAGTGGTATTTAACCAGAAACAAAACACAATGTTCTATAAAAGAGCAAAAAATATATTTCATATAAGGAACGACAACATTTAGTTCAGG,"[[99417685, ""G"", [""A""]]]",yes,no,G->A,1
chr1,164442467,164442742,ATAGAAGAGAGTAGGTGGAGGATTCCAAAGGCAACCCTCACTTGCCACTCAATGTCACTAAGGAACTAAGTTGCTTGTTCTTGCCTCAAGGACTTGTGCACCAAGCATGCAAGCTCAACTCCCCACTGTGAATGAAAAACTATACTTTTTCTTTGACTTGACTGTTGACTCCACTGAAATCACAGCAAAAAATATTAAACAGAAAGCAAAACAAAACTGTCTAAAGAAGTTACGTAAGGTACTTGCTGCATAGCTTGGAACATAACCTCAGAATCC,"[[164442468, ""C"", [""T""]]]",yes,no,C->T,1
chr3,182523886,182524273,AATGCTCCCAAACTGGAACTATGAAGTTGAAAGAAAGCACTGGAAGGAGAGGAGGTAGACAAGAAACCAAGAATCCCTGCCTCATCATTATGCCTCCAGCCAGCACCAAATACCTGAACTGCAACTGATGGATGATTCAGCTATTTCTCCAGGTGTGTTGTCACATATTTACCCCACCCAGACTGAATGCTGTTTGGGATTCAGAGGGTGTGTAAGGGAATGTGCATGTGCCTTGGAAGAGAAAATGCTCCAAGTGTCTTAAACTTAATGATGAAGCTTAATCCCTCCCTCAACGCCCACAAAAAGCTTCTCTATTCTTTTTTTTTTTTTTTTTTTTTTTTTTTTTTAGACGGAATCTTGCTCTGTTGCCCAGGTTGGAGTGCAGTGG,"[[182523990, ""G"", [""A""]]]",yes,no,G->A,1
chr2,217568669,217569073,TGGTGAGGAACAAGGCTGACCTCTTCAATAAATCTTGAGATGCCTAGAAACTGAAATCCCACCCTGACTTCTATGGTTACTAAAGTCTGAGAGTAATCAAGGTCTGCATAGCAACAGCAAGCAGTTCTCTCATCAACACACTTTCCCTCTAGCACACACACTGCCACCACCTCCACCACCACAGCTAACTCTACAAATGTTTTGACTCCCTCCTGCTTGCAAACTCAGCTGAGAAATTTGGAGTAGAAAGCAAGAAAACAGATGTGGCATCCAAGCTGAGTTTCTCATGAGTAAATAGATTCCATATGGTAGAGGAATGTCAAGGAGAAAGAAATTTTTATGAGGACCAAAAAGAAAGGAATAGGTGTGGAGTGCCTCTCATCTTACCAAGATGGAGTATTCTGG,N,no,no,N,0
chr17,971280,971506,TCAAAAATGGAGAGTCAAGCTTTTCCCTATTTTTGAGCACAGAATCACACGGCAATCCAGTTGCACAAGAAGCTGCTGGGACTCACCCAGCTGTGACATCCATTTGCTCATTTAGTCCTCTTTAAAACACTCATTGAGAAACAAAAACAGACCGAGCGCGGTGGCTCACGCCTGTCATCCCAGCACTTTGGGAGGCCGAGGCAGGTGGATCATGAGGTCAGGAGTTC,"[[971304, ""T"", [""C""]]]",yes,no,T->C,1
chr2,77068177,77068391,AATTGTTTAAAATACTACTTTCCACTTCCTAAAAAAATCTGCCTATTGAAAAGGGAGAACATCTGCCAGCTAGAAACTTGTAAGTTGTTTCACTTGGTTCTTAATGCTTCCTGTTTTTTTTTAAATTGAGATACACATCACATACCATAAAAGTCACCTTTGTAAAGCATAAAACTAAGTGGTTTTTAGTCTCTTCACAGAGTTATACTATCATC,"[[77068200, ""G"", [""A""]], [77068390, ""C"", [""T""]]]",yes,yes,C->T,2
chr7,152038589,152038861,GCCAGATTTTGGGGCCTGTTCCCAACATGTCCCCCTTTGTTTTGCAAAGTGATAAAAGCAAAGGCAGGTTTGTCATGGTGAGCTACTTCTTGCAGGAGTCAGGATCCACATCTGCAGAGTACACAAAGACAACACAGATTAAAAGGACGATCATTGTTGAAATCACAGAGCTTCCAAGTGTTTTTCTCCATTTGAATAGGTTACTAGCTGCTAATCTGTCTGCAGCTCCTTCGAGCACTCTAGTTCCTGGCATTAAGGTCAAGTGTGGCTGTG,N,no,no,N,0
chrX,149370074,149370462,GGAAAGGAACCACCTCCAACACCGCCCCCCCACCCCCAATTTATGGCCATTCAATGTTTCTTTCATCTCCCTCAAGCAAATCTCTTACCTCTGCTCTAAGTCACAGTGAAACCAGGACTAAGAATGAAGTTCTAAGTAATCCTCTCTTTGAGCTGCAAAGCAAGCACTTGGATAGCTTACTCCTTTCACTCACAGCTGCTTAGATGGCCGCAGAGTACACACCAGAGGAATGTTAGGCTCTATATCGTAAAGAGCTCGGACCGACACAAAATTCCACTGAGACAAATCATCTTGCTAGCAAGACCCATTTATACAAGTCTGGAAATCAGTGAATAACCAGACAATTGCTATAAATGTGCCTTTCTTGAATGCGGTCTTAGAAAATGTCA,N,no,no,N,0
chr3,59641487,59641923,ATCTATAGCTCTTTGTCTTTCTCCCCTCCCCAGTACTGGCTTTGGAAACTCTTGGATAAAAATTACCCTAGAACCGAAGAGAAGAAGGAACCCATAGATAGGCAAAGATTCTTGGACATTCCCCTGAGAAATAAAAATGCTTTGCCAGCGAGCTCACTGTGCATATTTGCTGCTCCACGGATGCGTCCCAGTTGGGCCAACTTCTGTTCTTGGCTGTTTGAATATATCCTGGCAGCTCAGAGGTGTAATTTCTCCAAATGCCGCATTCCTGCTGAGCCCATGGGATGAATTGTGCAATTTCGGGTGAGCACTTTTTTAAACTCTAGCAGTGCTTGTAGTTTCCTTCCTCCTACTTTCTCTGCAGGCTCCACATGGAAGATTGAGGGCTGAGTGGTTGCTGGGGCCAGGGGTACAGAAGGTGGAGTGCTGGGATGAAG,"[[59641501, ""T"", [""G""]]]",yes,no,T->G,1
chr5,87997714,87998072,TTTTATAGAAGTAACATATGATATTGGCCTTGAAAAATGTATAGAGATTGTCCAGATAAGAGAAAGAGAAGAGGCCTTTCGAAAGCCAACAGAGCAAACAACATTTCAAGGACTCTGAATTGTGAAAGAGAAGGATGAATGGTTCTGTTCTATAGGAGCATAAAACACGAGTGAGTGCAGGAAGCAAAGGGAGGAGCAGAGACAGATGATGAAGCTGAGAAGGTAGACTGGGGAAAGATTGTGAAAGGATGTGCATGCTATGCTAAGACCTTCAGATCTGTCCCTACAGGCAATGGTAAACTACTAAAGGTCTTAAGTGGAAAGTTTCAGTGTCACATTTGCATTTTAAAGTTGAAATG,"[[87997753, ""A"", [""T""]], [87997854, ""C"", [""G""]]]",yes,yes,C->G,2
chr18,57331751,57332128,GATTCTAAAAAGACAAGCAAAAATCAAGTTGAAATGGTAAAATAACTAAGCAGAGATATCAGATGCCCACCCCAAGAGAGTGAGAGCTATCAAGTTGGGAAGTCTTGCTAAACACCTTGAGCTTTATACAGACACTCCCTCTTACTAAAGGCAAAACCATGCCTCCACATGTTCAAAGTGATGAGTCAGTGATTTAACTCCATGTTAGAATTCTTCAGAGGAGGGTCACAGAATTCAGAGTCACCACAACATATCATCGCAGTGTCCAACATGCTATCAAAAATCATTAAGCATGTGAAGACACAGGAAATGTGACTAATAGTAAAAAAAAAAAAAAATGTCAATAGAACAGACTCTCCCTCCAACCCCCAGCCCCAA,"[[57331811, ""G"", [""A""]]]",yes,no,G->A,1
chr1,147687018,147687339,AATATTATTAATTCTATACTGCCTGCTAGAATTTGAGTGTTTGTCTCCTCCAAATCTCATGTTGAAATTTAATCCCCAAAGATGGAGGTGGGGCCTAATGGGAGGTGTTTGGGTCATGAGGGTAGATCCCTCAGGAATAGATTAATGCCCTCCCTATGGGGATATAAGATCATGTTATAGGCAAACAGTGAGTGCATTCTCACTCTGTTAGTTCCCATAAGAGCTAATTGTGAAAAAGAGGCTGTCGCCTCCTGCCTCTCTCTCTTGCTTCCTCTCTTGCCATGTGATCTCTGCACACACTGGCTCCTCTTCACCTTCAACC,"[[147687048, ""G"", [""A""]], [147687306, ""G"", [""C""]]]",yes,yes,G->A,2
chr10,88753250,88753508,ATCATGCCACTGCACGTCATCTTAGCAGACTGGAGCAAAAGATTCTCCTTGTTAGCTTGATGGAATAAACAGATATGTTGAGAAAACTGACCTTACAAGGAACTGAGCATAGCTTTTGGAATCTGAGGGTGGCTTCCAGCTGATAAAACAGCAAAACACCAAGGCCTTCAGTCACATAACCTCAAGAAAATGAATTCTGCCCAAACCTGAATAAACTTGGAAGCCCATTCTTCCCTAGTAACCTCCCATTGAGAGAGCA,"[[88753279, ""T"", [""C""]]]",yes,no,T->C,1
chr22,39673682,39674146,CCATTCACACACTTCATAGACCTCAGTTTCCACGAGTATGCCCCGTCCTCGGGGGCTTTTCTACAGTGACACCCACGCCTTGTGTCCACATGTTTTTGTGCATGCCCCACTCACCCTGTGGCTGCACCCACATTCTTGTAATGTGGTATCTGAGAGCCAGACTCTGCTTGCACGTGCCTTCATGTTCTCTTCTCCCAAGTTTACACACGTGCACACATGCGTGCACACACACGTCCCCACCAGCCTGGGGCTGAGTGGGCAGGGCTGGGTCTCGCCCGCAGTGCTGAAGCTGTTGAAGATGGCCACAGGAATGCGGGCCCTGCTGGACACGGTGGTGCAAGCTTTGCCCCAGGTAAGAGCCACTCTTTCTGGCAGCCCTCCTAGGGGTCATTGGTGTCAGGCTGGGCCCTGGGGCATGAAGGCCCTGATTTCCCTTCTCCTCACATCTGCCAGAGCCAGGGCAGA,"[[39673714, ""T"", [""C""]], [39673923, ""G"", [""A""]]]",yes,yes,T->C,2
chrX,52082632,52082887,GAGAAATCTCCAAACTGCTTTCCATAGTTGCTGGACTAATTTACATTCCCACCAACAGTGTATAAGCATTTCCTTTTCTTTGCAGCCTCACCAGAATCTGTTGTTTTTTGACGTTTTGTTAATAGCCATTCTGCCTGGCATGAGATGGTATCTCATTGTGGTTTCGCTTCGCATTTCTCTGATGAGTAATGATGTGGAGCATTTTTTTCGTATGTTTGTTGGCCACATGTCTTCTTTTGAGAAGTATCTGTTCATG,N,no,no,N,0
chr4,144169292,144169599,TTGGGGAAAACAGGCTTTGCAGTTGGGGCTCTAGTCTTAACCTGTTATGCCAGCCCTGACTAACCGCTAAAAGCTCTAAAAGTGTTAATACTTCCTCCCCACTTCCATGGCATTTTCCTGCTTATAATCTAGTTAGCTGCCATAGAAGAAATCAGCAAATATCCAGATTCCCCCAGGGAAATGAAAGCTCCCCCATGTGACTGTGGAACTCCCTATTATCTCTCATGCCTGAATGTGATTATGATGCCAGTAACAGAATTTTCTGATGGTATTCTCACCCTTCTTCCAAATATGCCCCAGTTAGAGGA,"[[144169312, ""G"", [""A""]], [144169318, ""T"", [""G""]]]",yes,yes,G->A,2
chr12,42111521,42111839,CTGGCTCACTGCTAGCGCAGCAGTCCGAGATCAAACTGCAAGGCGACAGCCAGGCTGGAGGAGGGGCGCCTGCCATTGCCAAGTTAGTTGTTTGATTAGGTAAACAAAGTGGCCAGGAAGCTCGAACTGGGTGGAGCCCACCACAGCTCAAGGAGGCCTGCCTGCCTCTGTAGGCTCCACCTCTGGGGGCAGGGCACGGACAAACAAAAAGACAGCAGTAACCTCTGCAGACTTAAATGTCCCTCTCTGACCGCTTTGAAGAGAGTAGTGGTTCTCCCAGCACGCAGCTTCAGATGTGAGAACGGGCAGACTGCCTCCT,"[[42111537, ""A"", [""G""]], [42111582, ""C"", [""A""]]]",yes,yes,C->A,2
chr2,18605194,18605479,ACAATAGCCCTAAGAGGTACGTAGGGTTTAATTTTATAGATGAGGAAGCTGTCATTCACACTACCCTTGCCCAAGGTTCCTTTGAGTAATTCTAGTAAGTAGCAGCCCTGGGACTCAACTGCAGTTTCTGACTCTGGACCACATCCTTCCCCAGTACTGTGCTTAAGAGGCAGGTAGTCCTTTTAAGATGCAAAACCATATGCATCTTAAAATGACTACCTGCCCCTTAAGCACAGTTCTTTGATTTCTCTGAAGAGAAAGTAGCTTGACAGCACCATCTTAGTTT,"[[18605213, ""G"", [""C""]]]",yes,no,G->C,1
chrX,129661461,129661734,CAGTGCTGTTGCCCAAAGCAAATACTCAATAAATGTTTGTTGAATGAAAGAAGGAATTGTATATTCTTGTTAATAATTGCTCTAGGTTTATGATCCATATCAAGTGTCTCTATTTGGGCAAAATCATCACAACTTGTCCAACTGGTTCTTAGATGGGTCAACACTAACAGCTAACAGACATACACAAAGATGTGACCATCTTCCCTCTCCTCATTGTGTAGTAGTTGTTTTTACTGGATCAATGCAAAAAGTGGAGTGGGGAGAGGACATCTGA,N,no,no,N,0
chr16,85368226,85368504,TACTGCATTCCAGAAGCTCCATTCTCTCTCCAGGACCCAGGGTGGAGTCAACCATCTGGCCTCTCTGGGCAGAACTCTTTGTGCTGGGAGAGTTCTGAAGGTCACTGGAGCATCGGAGGAGAGCCTTGGCTCTCCTGCCGCCTGTTTCACAACTGATTAGATCAGCCCTAAATGCCTTCTCTAAAAGATACAATTCTGACCAGGCACGGTGGCTCCTGCCTGTAATCCCAGCTCTTTGGGAGGCTGAGGCAGGAGGATCGCTTGAGCCCAGGAGTTGTA,"[[85368244, ""T"", [""C""]]]",yes,no,T->C,1
chr1,186113501,186113794,TCTATTCCCATATGAACTCAATGATCAATAAAATGCATGCTCTGAGAATTACATGATTAATCACAGATGTGCTTTTTGTTAAAACAGCCCACTTTCTGTTCTTCATTTAAAGTGAAGCTGTTCCAGTGTTAGCATTCTCTGACCATTATTTGGCCAAAGAGAAATAAGAAATATCATCTTTAATTTGCATCAGACTAGAGCTGAGTTTCATTTAAGCCTCTCTCACAGTAAGCCAGATTTCATACACCATATTAGGGATTTAAAATTCCCCTCCCTATCTACCCTTTATTTTTA,N,no,no,N,0
chr11,13881336,13881728,CCAGCAAAGCCTTGAGAGTGCAGATCTGTCCCCAACAGGGGCCCAGCTGCGTCCTGCACCCCGCACCACAGTCACAGCAGCCCTTACACTTAGCCGGTGCAGGCAGGCAGATAATGCGCTCTGGTGTTCAAGGACAATCAGATTCAGCAAAGCGTGAAATCAGTTTTTTCCAACGAACTCACTGTGGGCCAAAGGAACAGTTTCTATCTTCAGAGAGAGGAGAAACCTGTCATTCCCTGAAGGAATTTACCTGTTTCAGTGGAAGCGGATGTTCTTTCAAAGAGCAGGGGGCATCTGTGCCTAACCAGGGACCACCCATGGGCTCATTTGGTGGAACAGACCACAAGGGCTAGGCTGACTTTCCTCTCTGCCTCGTGTCCAAGGGCTTGGGAT,"[[13881363, ""C"", [""G""]]]",yes,no,C->G,1
chr5,57358841,57359198,GATATATAAGTTCAGAGCTCAGGGGAGAGGTTAGATGTCATCTGAGTAAATGGCATGACCTAGAACTGGATAAGATCATCTATAGGGTTAGTCTCTGTTAGTTGGAGGGAGGGCCAAACAAGAAGTCCTGGGGAGTTCAAGGCTGCTGTGAACTGTGATTGCGCCACTACACTCCAGCTTGGGTAAGAAGAGCCAGATGCTGTCTCTAATAAATACATAAAATTTAAAATGAAGGAAAAAATAAGTCCTGGTGCATCATTCAGCACTAAAAGATGAGGAAGAGGAGAAAAATGTTCTGAGCTAGGAATAAACCTGGAGAGTAGGTTGGGTGTGGTGGCTCATGCCTGCAATCCCAACA,"[[57358876, ""C"", [""T""]]]",yes,no,C->T,1
chr2,148935263,148935614,TAAATCCATTGAAAGGGAAAGCATCTAGGAAAATAGATTTGAGTCAATTATAAATGATTTTTGGATTATCAATCGTTCTTCTCTGGCTGTGGGCTACTGAGGAGAAGCTAAAGGATTATCATGAATTATTAAAAAGCTCTGGAGGGCTTTGGTAGGGGAGGTCTTTTGATTGGCTGAGTGGAGTCATGACATTTGGCCAGATGGAAATGATGTTCTCACCATAGGTATTGTTTCTGCCAATGATCTCCATGGTTCAGAGCATGTGGAGGTCCATTGTCTAATTTGTTACACATTTATGATGGAATGTACAGTTTAAAAGTTATCAAGATTTGAGATTGTCAGTCATTTGGCA,N,no,no,N,0
chr11,119634336,119634767,GGACAGGAGAGGATGGGTACCAGTGTGGCCCTAAGATCTGCTGCAGCAACAGGGGCCACATCCCCAGGAAGGAAGGCACACTGAATCGAAGACGAGCTGCTCCCTGCCCCTGGATGGAAGAGCAGATCTCAGCACGCGGCAGACCGTGGCAGTGTGGACCCGGACAGCTGCGGAGCGTGGCTGGCTGCAGCCCCAGCTGCCACCCCGCTGGATCCACCCAGCATTTGTGCTGAGACCGCAATTCCCCTAGACCGCTCTCAGCCAACAACTAGACAGGCTGGGAATCCAGCGCAGGCCCTTTCCTGTGGGACGCAGGAGTCCTCTAATAGCAGCGATGGCCCAAGGATGGCACAGTGCTTGGCGACACTGCGCTGCCATCCTGAGACTTTCTTTTCAGCCCTCCTTCTTTCCCCATCCCCTTTCATGGGAGGT,"[[119634428, ""G"", [""C""]], [119634698, ""T"", [""G""]]]",yes,yes,T->G,2
chr1,78540033,78540527,CCAAATTACAGTGCCATAAACTTCACAAAAGTTTGTATCTCCCACATGGTTCCTGTCCACTCTGAAGGGGAGCTCTGCTGCTGTAATCACTCAGAGAACTCAGGTGAAAAAACAGCCACCATTATATGTGGCTGTTTCTCAAACTACAGAGCATGGTGAATCACACACAGGCTGTTAGAATATCCATCTGGAGGCAACACACATTTGCATACACTTCTCCAGCTAACATAAATAATGTGGCTTTACTAACTTCCCAGGGGGCAGCTAAGTGCAATACTATATGTTAGGAAAACGGAAACTAATTTGTAGACAGCACTAATGATTTCCACATTAGGTAAAAAAAATTTTCATTCTTGTCTTCCTAATAGCATTTAAACAGAAACGATTTTTAAAAGTTGTTTTAAACATTTAGAAACATCATGGCATAGAAACATTTAGGACTCACTCTTTGTAAGTACTGACAAGCATGGTCTTGTAATCTGTAAAGATAAGGTA,"[[78540044, ""C"", [""T""]], [78540113, ""T"", [""C""]]]",yes,yes,C->T,2
chr2,23465923,23466298,TGTGATGCGGCAGGTGCCAATCCCGCCACCTTCCCGCTGACTTTCATGTGTGTCTCAGAGGTGACGGTGTTCATCTCAGTCCTCAGTCTGGAGTGCAGACAAGAGACGTCGAGCAGGGTAAAGGATGGGTGGCCAGATAATGCCAAGAGTACACTCTTTAAGGGAAAAAAAAATCACAGAGAAACGCCTCCTTCCAAAGACCAATGTGAGTGCTGATGGATTACTTGCACCATTTCCGTCCACTGGGGTAATTGCAAGATGAGTGCATTGTGTTCCAAAGGAGAAATATTCTGTAGATGTGGTAATCTTTGCCATGCAGGCTCGTGACAGAGAGAACCACATCAACTTCTAAATTTTCTCAATGGAGTGCAATGTG,"[[23465930, ""G"", [""C""]], [23466164, ""G"", [""A""]]]",yes,yes,G->A,2
chr8,100758666,100759033,CTCTGATGAAGAAGTCACTATATACTTTCTACTTTGAGAGCACTTGGATTTTGAAAATCCCTCAGCGTGGCCCAAGGAATAGAAGAGGGTCATGCCCGTCCCTCCCACCCCAGCTGGCTGCCTGGGATTCCTTCCCTTCCTCACAATGCTTCAGGTTAATGTTTGTCAGGATATATTGGTTGTGTCAAGCTGTGCTGGACAATAGGAAAGATTTGAAGAATTTAATGAAGGAGAATGACATGTCAGATCAGTGGCTTAAAAGATAGCGTAAGCTGGCCTGGGCATGGTGGCATGCACCTGTAGTCCCAGCTAATCAGGAGGCTGAGGCAGGAGGATGGCTTGAGCCCAGGAGTTCAAGGCTATAGCTA,"[[100758667, ""C"", [""T""]]]",yes,no,C->T,1
chr1,114149089,114149410,CCACCTGCCCCATCTTCTTCCCTGGAAAGCTGACACTTCAGGTTGCCCACCAGCCACCAGGCAAGTAACCAGTGGCCTCTGGAAAAGGTGTACCTGAGGAATATCTGAGAGAGAGAGAGAGAGAGAGATTGTGTGTGTGTGTGTGTGTGTGTTGGGAGAACAGAGCTATTCTGTACTGAGGCTCAGACGTGGCCCATTAATAATTAATAATAAGCTCTGCCAGGGCTTGTAAGTTTATTAGGAGAACCGGTGTAATTAAAATTCAGGGCTTGGGGGAGGGGAGCAGAGGGCTTTTGCTTCCTTTGCTTCTTTCAGAGATCCA,"[[114149359, ""G"", [""T""]]]",yes,no,G->T,1
chr4,177759706,177760114,TTCTTTAAGAGCTAGGGTCTTTCTCTGCCTAGGCTGAAGTGCAGTGGCACACTCACAGCTCACCGAAATCTTGAATCTTGGGCCCAAGGTATCCTCCCACCACAACCTCCTGAGTAGTTGGAACTACAGGCATGCACCAGAATGCCCGGCTAATTTTTAAGTTTCTTGTAGAGACATGTCTTGCTATGTTGCTGCCTAGGCTGATTTCAAATGTTTGGCCTCATGTGATCCTCCCTCCACAACCTCCCAAAGTGCTGGGATTATAGGCGTGAATCACTTTGCCCAGCCTAACCACAATTCTAATCTAGTTAAGAATAATTTGGAGTCAGACTGTTGGAGTTTTTATCCTTGTGGTACCACTGAGGGCACTGGATAAGGTATTTTGTATTCCTGTTTCATAATTTCCTCA,"[[177759708, ""T"", [""C""]], [177759733, ""A"", [""C""]]]",yes,yes,T->C,2
chr2,85111704,85112104,AAGTTGAAGCCTTGGTAAGATACACATTTTCCAAAGAATGAGCAATAAATGATAAATCTTAGGAAGATTCTGGGTCCTACCAGATCCGTGACATGTTTAGGGATCCACTGAGATGGAAGCATGATACTCGTTAGCCTCTTTGGGTTCTGGAGATGGTATGTTTCATACTGGGGAAAACTACTCTGACTCATTTACTGAATCACATGGAAGGCTGACAACTTTGAGTGGTGTCCAGAGTAAGGAAAGGCTCTACAGCTGGTTCATGCTGCATTACAAGCAACCCTGCCACTTAGGCCAGGTGACCCAGGAGACTTTGTGATATTAGAGCTTTCTGGGGTGTAAAAACACCTGTAGGAATGTATGGGAAACCCCAGACAGCTACATGCCACTCAATAAATAGT,N,no,no,N,0
chr3,176758664,176758915,GAAAGAGAATGAACAGTCTATATTAAATTGACAAATCATCACCAAAAATCCCAGTGAGAGAAAAGAGGACATTGTTAGGGGTTGCTACACGTAGCATCTTTCAGGCAGAAATGGCAGCCGGACATATGGTTATAGATTTTCTTTCTTTTCTTCATCACTCCGCCCCAGCTGAGAAATCCTCTGTCAGTCTTCGCTTACCAGCTGGTTAAAATAAAAATCTTACCTCCTTTATGAACTCTTTCTAATCTTATA,"[[176758695, ""T"", [""C""]]]",yes,no,T->C,1
chr12,113881643,113881899,CCCATTTCATGGAAGACGAAACTACGGCCAGACAGGAAGGCAAAATGCTGCCATCTCTGCTAACAAACACTTTGGAGGATGGGTGTGAACAACTGTCCTGGCTCCCTGACTTAAGAGGAGGTCTCTTTCACAGGCTGGACAAAATCCTTCCTTGTGAAAACCACATGTTGCTTCCTTGCAACACCAACTCTTGGAAAGAACTGAGGCCTGGTAGTGTCTCTTCCGGAGGCCCAGTTATTCTGTGGGGTAGAAGCAAA,"[[113881688, ""C"", [""T""]]]",yes,no,C->T,1
chr19,29278726,29279062,ATGCATAGTTTACACATTTTAGAGACCCAGATTAGAACCACGTTCACAGCAAGGTTTGCTCAAGGAACAACGAATAGCTGATAAGCATATCTGCATAAAACTCAAGAGGTTCTACATAAGATTCAGACTGCCACCTGCCCTGGGAAAGCTGCAATGTGCTCAGTAGCACCTCAGCCCTGGCATTCCCCAAGCACCACCAGCAGCGGGCTGACAAGAGCTGTCTTGGAGCAGGACCTGCACACTCTGGTCTGCCTCAAGCTATTTCTTCACTGATTTCTCACTGGCCAGACCCAGCAGGCTTCTAAGTGTGTCAATGCCTTGAGGTTGATTACATTCA,N,no,no,N,0
chr2,239036446,239036679,GCAGAGGCTCACAGGCACCACAGTGGGGACAGGCGAAAACAGCGCAGCCACAGGAAGGATCCAGGGACTCAGGCCAGGCTGCTCAGGAGTCTCCAACCTGCTCTTGCCCTGCCCTGCTCTGCCCCGCCCCCTCCTGCTTCCTGCCTGGTGCGTCTGGCACGCAGGCCCGGGGAGGGTGCCCAGCCCTCCTCTGGGGGGCTTTCTCCTTGGCTTCCCTCTTGCCTTTGCACTCCA,"[[239036479, ""G"", [""C""]]]",yes,no,G->C,1
chr20,23570182,23570573,TATTTTTAGTAGAGATGGGGTTTTGCCATGTAGGCCAAGCTGGTCTCGAACTTTCCTGGCCTCAAGTGGTCCTCCCACCTCAGCCTCCTAATGTGCTGGGATTACAGGCATGAGCTACTGTGTCCAGCCCCTATTGCACTGTCGAAATGTCACTGGTCTTCTGGATCACACCCAGCTGACCCATTCTTCTCATATTTATTTAACCTTGGCAAACAAACAGCTCAACCACACAACTATTTGCAAAATTATTTGTGAGATCTACTGGGTTGTGAAAGATTTTCACATGAGAAAGATTTTCAATCAAACACAACTCAAAAGTCAAGGGATCCATGACACAAGATTCACACTTTCCTTTTCACTTGGCAAAGTCTTGCTTATAATTGTGAAGCAGA,"[[23570183, ""G"", [""A""]], [23570313, ""C"", [""T""]], [23570496, ""C"", [""A""]]]",yes,yes,G->A,3
chr7,107133387,107133749,CAGAACGAATCAATAAAGCTGATGTTCACCCTCTACCTGCCTTAAAAAAGTCAATATATAAATAGCAAGCAAAACAATATATTAGTAAATCATTTAATCAACCTTTAGAATTTTGATTGGTGACCATATGTTGCCTGAGTTGATGAACTCATTTGGGTAGAATGGTCCCTGTGGGGCCAATTAGCACTACATCACGAAAGGGCTGTTTCACTGCTACCTTGGCTTCATCTTCAACCTTGGCTGCTGTTCCACAAAAAGATGCCAGAGCTCACACAGGGACCCAAGGAGGGGACGAAAACTGCTTCCTGCAAACCCATCACCATCATTCTTCCAAAAGTTTTTCTTAGCCTATATGAAGATGTA,"[[107133393, ""T"", [""G""]]]",yes,no,T->G,1
chr5,89216536,89216907,TAAGCACTAAAAAAAAGTGGAATGGGGCTGAGAGTTGATTTTCATTTGGCAGCTGCTAGACATGATCTTGGACTCTCAAGGTATTCCTGGCCACCAGGTAAGACAAGTAAAGTTATGATGCAAGCCACAAATATGACAATCCCTCAAGATGCATTGTTCAGATGACACTTTCAATTTTAACTACAGTAGAGCCCAACCTCACATTTCTACGGAGGTTTCAGCATTTTCTTAACTCATTTTCTGTTGCATTGATACCACAATGTGTGCTCCATATGTGAAAGTAAAGTTAAATCAAAAGCTGCCTTTTCACTCCAGAAATCTGTACTTACTATATTGGGCTATAACTGTGATATCGGAAGGTAAAACTACATG,N,no,no,N,0
chr10,70632634,70632994,TCAGCCCCTAGATCAGGTGGCCATAAGAACCTTTAAGGCTCATTACACACCACACTCTATGGAATAAAGGATTGTCAATGTGATGGAAGAAAACCAAGACAGAGAGAATATCACGCATATCTGGGAGGATTACACCATTAAAGATGTCATCATTGCTACAGAAAAAGCTGTGAAAGCCATCAAGCCTGAATCAATAAATTCCTGCTGGAGAAAACTGTGTCCAGATATTGTGCATGACTTCGTAGGATTTATGACAGAGCCAATCAAAGAACTCAAAACAGAGATTGTGGTTATGGCAAAAAGGTCGGGGGATGGTGGTGAAGGGTTTCAAGATATGGATCTTGGAGAAATTCAAGAGCTA,"[[70632749, ""A"", [""C""]], [70632860, ""G"", [""A""]]]",yes,yes,G->A,2
chr9,4788827,4789081,GAGACAAGCATGGGCAACACAGTGAAATATCATCCCTACAAAAAAATTAAAAAATTAGCTGAGTGTGATGGAGCATGCCTGTACATGCCTGTAGTCCCAGCTACCAGGGAGGCTGAAGTGGGAGGATCACTTGGGCCTGGGGCGTTGAGGCTTCAGTGAGCCATGATCATGCCACTGCACTCCAGCCTGGGTGACCGAGTGAGATCCTGTCTCAAAAAAAAAAAAAAAAAAAAAGGCGGGGGGAAAGAAAAAAGA,"[[4788861, ""T"", [""C""]]]",yes,no,T->C,1
chr8,6113645,6113850,TCTGTAGACACTCTATACAGTATATATACTCTATAGACACTATATCCTATATATAGTGTACATAGAGTATATACACTATATACTATAATATATGTACACTATATCTCATATATAGTGTACATATACTATATACACTATATACTATATATACTATATGTACACTATATATAGTATATATACTATATATAGTATACATAGCATATATA,"[[6113648, ""A"", [""G""]], [6113732, ""C"", [""A""]], [6113770, ""G"", [""C""]], [6113843, ""T"", [""C""]]]",yes,yes,C->A,4
chr20,52590066,52590553,CTAGACTGGCTGAGTCTTCTGACCTCCATCTTCCTCTTATGCTGGATGCTTCCTGCCCTCGACATCAGACTCCAAGTTCTTCAGCTTTTGGACTCTCAGATCTACACCAGTGGTTTGCCAGGCACTCTCAGGCCTTTGGCCACAGATTGAAGGCTGTACTGTCAGCTTCACTACTTTGGAGGTTTTGGGACTTGGACTGGCTTCCTGGCTCCTCTGCTTGCAGGCAGCCTATTGTGGGACTTGACCTTGTGATTGTGTGAGTCAATATTCCCTAACATGCTCCCTTTTATATGTACAGCTGTCCTATTAGTCCTGTCCTTTTAGAGAACCCTGACTAATACACACCATTTTTAGATTCTCACTCATACCCGCTAGCCACCTGCCATTGTTTTATAGCCTCTCTCTTCTTCAGTTTCTTCATTTGTAAGGTGGAGGTACATTTAGAACACAACCTTAAGTCCATACCATGGCCTACCAGGTTCCCGCGA,"[[52590080, ""G"", [""T""]]]",yes,no,G->T,1
chr1,175687681,175687995,CAATAATGGGGACTGAATTCATGATGAAGTCCCCTGCTCCCCACACCGAGAAAACATGAGCCACAATGTGAGGCAGATGCCCTGTCAGGATCACATGCTTCAAGCAAGATGCATCCCATATGGCTCAGGCTGAAGACTGCCCAGCCCTCCCTATCTTCTGCTGCTAGCGCCCCCCACCACACCCTCCCCTCCCCCAGAATACGCTCCAATCTTCCAGCAAGCTGGGCGTGAATACACCAGCCATCTCAAACACCCAGGGATTTGGGGAAAGTGTTAAGAAGGAATGTAAACAATACATACTAATTGCTGCTGTGA,"[[175687844, ""T"", [""C""]]]",yes,no,T->C,1
chr10,82268041,82268242,GAGTATTTTTTAAGCTCTTCCTCTTAGAACCAAATTTGAACAAATTCTTCCCACACGTTCTTCTAGAGTTCACAAAATGGAAAGTGGAAAGTAGAAATGAAACCACACCTGTTTCCCTCCTGGAGTGAGCCCTCATTGAATCTCTGTAGTAGTGCCTATAAGAGTGCTTTTATTTTACCGGGGTACTATTATCATTTTCCTT,"[[82268219, ""A"", [""C""]]]",yes,no,A->C,1
chr1,145771167,145771407,CTTTAAGAGATGAATCTCCTGTGAGTGGATTAAATGCCTTTATCCTGGAAGTAGATTAGTTATTGTTGAGTGAGTTCCTAATAAAAGGATGAGTTTGGCACCTTTCTTTCTTGCTCATGCATGCTCTCTTGCCCTTCTGCCTTCCAACATGGAATGACACAGCAAGAAGGCCCTCGCCAGATGTGGATCCCTCAACCTTGGACTTCCCAGCCTCCAGAAATATAAGAAATGAATCTCTGTT,"[[145771219, ""G"", [""A""]], [145771261, ""G"", [""T""]]]",yes,yes,G->T,2
chr9,120544484,120544835,AGCCTGGGCCTGGCATCCTCCAGTCTGCTGAAAGCCAACAGCAGGCCAGCTTCCAGCTGCTGGACCCTGTGGCAATGAAGGGAATTATACTGGCCTGGCCCAGAGCAGTGCAGCCATGCCCTAAACCAAGAACTCCATGGTCCTGGCCTACCACACCCAGCAGGAACTCTATTGCCAGGACAAATGAAGCATTTCCACATAAGCTTCTGGCTAGGATCCTCGGTGAGGCAACCCTGGAAAGTCTTATTCCGCTGTCACAGAACAAAACTTAGCACACTTTGGTGTTGCCACTTTACCCACAACACCCTCCATCACTGTACCTTCCTGGCATGTTATTTTTCACAGGTGTGAT,"[[120544504, ""T"", [""C""]], [120544734, ""A"", [""G""]]]",yes,yes,T->C,2
chr7,129981332,129981725,CACTCCAGCCCAGGGGACAGAGCAAGATTCTGTCTTGAAAAAAAGAAAAAAGAAAAAAAGAAAGATGGAACTGTAAGGATGGAAGGAGCTTTATTTCTTTATTTTATTTTAAGTTTTGAGACAGGGTATCCCTCTATTGCCCAGGCTGAAGTACAGTGGTGTGATCATGGCTCACTGCAGCCAGCTTTAAGCAATCTTTCCACCTCAGCCTCCCGAGCAGCTGGGACTACAGGTGCACGTCATGACACCTGGCTAATTTTTTTTTTTTTTGAGACGCAGTTTCACTCTTGTCACCCAGGCTGAAGTACAATGGCGTGATCTCGGCTCACTGCAACCTCTGCCTCCCAGGTTCAAGCAATTCTCCTGCCTCAGCCTCCCGAGTAGTTGGGATCAC,"[[129981343, ""G"", [""A""]], [129981459, ""C"", [""A""]]]",yes,yes,G->A,2
chr6,396973,397425,TCTTATCTCAGCCTCTCCTGCACTCCTTTACCCCCGTCTCGATGCCAGTGCTTCCTATCTCAGCCTCTCCTGCACTCCTTTACCCCCGTCTCGATGCCAGTGCTTCCTATCTCAGCCTCTCCTGCACTCCTTTAGCAGGTTCACAACTACATGATGCCACCCCTCGACCGAAGCTGGAGGGACTACGTCCCGGATCAGCCACACCCGGAAATCCCGTACCAATGTCCCATGACGTTTGGACCCCGCGGCCACCACTGGCAAGGCCCAGCTTGTGAAAATGGTAAGGAGGATACCAGTGCAGGAAATAGAAGAGCTAATTGCTAATGTGGCCATGGGCCATGGCGAATCCTGGTCTGTCCTGGGCAGCACCAAAGCTCTTTCCCCTTCTTAGAGGCTGCGTGTGCAGCTCGGGGAGAGGGGGGTTTTCTCACTCCTGTGGGATGGTGGCATCCC,"[[397065, ""A"", [""G""]], [397079, ""T"", [""C""]]]",yes,yes,T->C,2
chr5,52668865,52669139,CTTCTGAGAACGGGACTTTGTGCTTCAGGGAACATCTGATGGCTGAGATTTGTTTGCACGGCAGCTGCGGGACAAACCGTTGATGCTGAATCGGCAGAAATTGTCACAGAGGGCAGCAGGGACAGGACTGGCAAGGACTTGCAGCCTGGAGACCCCGTCTGGCCCCAGCTGGCCCCAAGCTGATCAAGTGATGGGCAAGTCATGTGACCTTCACCAGGCTCTGCTTCCGAATCAGCAAAAGGGAGGCAGAGGCTGCCAGGCTGGGCGACAGAGCA,"[[52668882, ""C"", [""T""]], [52669056, ""C"", [""T""]], [52669082, ""A"", [""G""]]]",yes,yes,A->G,3
chr5,167970026,167970321,CAATGTTAGTTTGGTCACAGCCCAGCTCATATTGCCTGATTGTAATGATTTTCTCCTCCAGGCAGACACAGTCCCGGCCAGGGTGGGGAAATTGCAGGACATTGAGTTATCTCACTTGCCAGAGCACAGAAGGGGGTTTACAGCTGATTCCAATAAGAAGTCGAAAAAATTAAGTTTCACTGACTAACTTCTGCCCCCTTCTGACTCATCACCCTCTCTGGTTGACTTCTCAAATGTCCCACGACTTTACTTTTGAGTTCACTGTGGCCACTTAATGCATTTTAACTTTTATTAGT,"[[167970034, ""A"", [""G""]], [167970260, ""C"", [""T""]]]",yes,yes,C->T,2
chr8,35909726,35909934,TGAGCAGTCCAAGATCAAGGTGCTGGCAGATTCAGTTCCTGGTGACGTTGCCCTTCCTGTCTTGTGGTTGCTGCTTTATTACTGTGTCCTAATATGGCAGAAAGAGACTGCTTTGATCTCTGGCTCATCCTTTGAGGGTATCAATCCTATCAGAGACCGCACTCTTATGACCTCATTTAACCTAATAACTTCCTAAAATCCTGTCTCTC,"[[35909775, ""T"", [""G""]]]",yes,no,T->G,1
chr6,13164274,13164692,TGATGAACGGCAAATGGCAAAGAGACTTTCTTTTTTTAAGTTGTTCATTTCAAGGATAAATCTCATAGATTCGGAGCAATCATTCCATATTGCCTGGCTGGTCATTCCTCATTTTGCACCATCTCCTTGTGTTAGCGCACATAACTCTAGCTAGTTACCGGCAGCAAAATCGTTTCCACCAGCGATGCACGGACCCTGACAGCTGCCGCATTGATTTGTAATGACTGTGTCAGCCTGTCCACCTGCATGCAGCCTCCAGGCCCCACCTCTGTTTGTGCCGCAGTTATGCTGTTTGTGTGCACGATACTACTAATGTGGTGGAAGATAATTTGTCTTTAGTAGGTAGGATTTTCCCTTCCAGTGCTTTTTACATTATTGATTTTGCCTGATAATGCCCCACTTGTTCATAGAAACCATGA,"[[13164416, ""G"", [""A""]], [13164463, ""T"", [""C""]]]",yes,yes,G->A,2
chr2,128332299,128332607,GGGAACAACAGAGGGAACAACCAATCAGTGAATTTGAAGACAGGTTAAGAGAAATTATTCAAACTGAAACACAAAGAGAAAAGGATATAACAAAACAGAGGGGATCTCTGGGGTGATAGCAAATGGTCCAATATATGTGTAAGTGGAGCACTAAAAGGGGAAGTGAGAGGATGTAGCAGAAGATATATTTAGCAGAAATAATAGCAGAGAATTGAACAAGATTAATGAAGGAAACCCGCAGATCTAAGACTCAGTGAATTTCAAATGGAATAAACACAAATAAAACCACACTTAGATACATCATATTCA,"[[128332472, ""G"", [""T""]]]",yes,no,G->T,1
chr1,192532035,192532283,CTAGTTTACAATCCAACCAACAGTGTAAGAGTGTTCCTATTTCTCCACATCCTCTCCAGTACCTGTTGTTTCCTGACTTTTTGATGATCACCATTCTAACTGGGGTGAGATGGTATCTCATTGTGGTTTTGATTTGCATTTCTCTGATGGCCAGTGATGACGAGCATTTTTTCATGTGTCTGTTGGCTGCATAAATGTCTTCTTTTGAGAAGTGTCTGTTCATATCCTTCTCCCACTTGTTGATGGGGT,N,no,no,N,0
chr2,224252581,224252988,TACGATATACCTGTGTACACACGCACACACACACACACACAGATGAATAATCCTCCTCCCCCAGTTTTGGGTAGGAAACTACCTTTAAAGTTATTCAAATTTATTAGCTTCTGCTTACAGTGAACATTGAGGTTAGAAACCATATCTTGCACTACCAACCCAGTAAATATGCACAAAGGATTATGAACCAATAAGAATGAAGTTGACTCAGGGTGATCTGTCCTGCTTCATATATCCAGCAAATCTTGGCTAATCTAAAATTCAAAACAGATGGACAACTGAAATTCTTTCTTTTTTCTATCTTTGCTACATTCCTTGTTTCCATGTTTCCAACTATGTCCATTTTTCCAACTATATTCCTTAATTAAATTTTTCAAAAAACATATCAAGTACCTTCTTTGGAAAAAA,"[[224252603, ""A"", [""G""]]]",yes,no,A->G,1
chr3,142112601,142112965,TAATACTAAAAGAAAATTGGATACAGAGTGCTATCTCACCAAATAAATTCACTGAGGTAGAATTCTTCTGTCACTCCCTGGCAAATTGATTTTTTTTAAAATTGAGACAGAGGTCTTGCTATATTGCCCAAGCTGGTCTCAAATTTCTGGCCTTAAGACATCCTCTTGTCTCAGCCTCCTGAGTAGCTGGGACTACAGGCACGTGCCACCACACCCAGCCAAAACTGGATTGACATGTTCTACAATAACACCTAAAGGCTACTTTCATTTCAAATATATTATGCAATATTAACAGATTATCAATATGTATTATTTGTTCTTAATTACTGAAAACAAAAGACTGAGGGCAAAAACTTACTTCTGTC,"[[142112698, ""T"", [""A""]]]",yes,no,T->A,1
chr5,156487833,156488074,TTAACAAAAAAGAAATCTATGAAATGCCCAAAAAAAAATTCAAAATAAAGTCAGTGAGACATGAAAGAAAAAAAAATACAAAGAATTCAGAAAAAATTCATAATCTCAATAAGAAATGTAACATATATTATATATATATATATATATATCAAAATGAATCAACAGAAATCCTGGAGCTTAAGAATTTAATGAATAAAATAAAAATGGAAAGCTTTAACAGTAGACAAAATCAAGCAGAAGAA,"[[156487868, ""G"", [""A""]], [156488011, ""G"", [""T""]]]",yes,yes,G->T,2
chr20,54809062,54809332,TAGAAGCTACTAGATGAGTGGTTCTCAAGGTGGCGGCCCCCAGACTAGCAGTATCAGCACCTCCTGGAAACTTACAGAAATGCAGATTGTCACGCTTTTATCCCAGACCTACTGAATCTCGTACTGTGGAGAAGGGATCTAAGCAATCTGTGTTATGACAAATGTCTCAGGTGATTCTGATCCACACACTAAAGCTTGAGAGTCACTGTAATAGAGTCATGATTCAATGGGCTACTTTAAATTTAGGCTTTCTTTCCTTGATATTTTTTAG,"[[54809088, ""C"", [""A""]]]",yes,no,C->A,1
chr8,58260679,58260899,TCTGAACCTTCAGCTCCTTTCAACCACTCTGGTGCTTCTTGTGTTTCTCAGTCTCCTCTCTGTCCTATAGTCATGCTTGAAGGTAGGTGGGAAAGAGAGAGGGGGAGGTTTCTAAACTGAAACACATATTGAACCTAAGCAGAGTGGCAGTTAAAAGTGAAGGCTTGGCTGGCATGGTGGCTCACACCTGCAACCCCAGCACTTTCAGAGGCAGAAGTGGG,"[[58260802, ""G"", [""A""]]]",yes,no,G->A,1
chr18,52589000,52589257,TACTGCATTTGTATTTTGAATTTGTACTTTGAAAAGTGCATGCCCATAGAAGGAACAGGACATGTCTCACTGGGTTTTAGTTCAAATGATCTAGCTTTAAAATATGTTGAAAATAATGTGACTGATGAATCATATGTGGTCTGAGCTTCAAATACTTTTTTAGCAAATTGCAGAAGGGCTATTAGGATCTGGGGGGTCAGTGAGACAGCTTGACAAAAGCAAATGTCTTGCAAATATATGTAGAATGATACTTCAGAG,"[[52589069, ""T"", [""C""]]]",yes,no,T->C,1
chr10,71300957,71301337,TGTTCGAGGGGCCCTGCATGGCACAGGATGAGTCCCTGCCCTGTGCAGCTGCCTGGCAGTGGCTGGGACAAGGATCTTGCAGCCAGCACAGAGGCCTCTTCAAAGGCCTCTCCCTCTTGGCACTCCAGGCAAGGCAGGTGCCCGCTTCCCCAACACCTCCAGGCAGTGACCCTAGGGCATGCCCCAGCAGGTCTCCGAGCAGCCACTGGGACCCGTCTCAGCACATCCTGGCCTTTGAAAGTCTGATATCCTGAGAGGAGGGCAGGTTTTAGGGCCGCAGTTCCAGCCAGCGTCCCCAGCCTGGCTTCCCTGCCATGGACTCAGTAGCTCGTGGGGCTTCTTACCACCCACCAGCCCCGCTGGGGTGCGGCCTGGCTGTGG,"[[71300981, ""G"", [""A""]]]",yes,no,G->A,1
chr4,1112278,1112597,GGGCTGGTTGTAGGGCTGCATTCACTAAGGCTCCATGGGTCTAAGGCCAACTCCGAGGATGGAGGTCAGCACAGCTGGCGTCCCCTGGGGCTGGAGGGCTGTGAGCCACCGGCACCCAGCTGGCTGCTTTCACGGGGAAGTTCGCTTGGTAAAAGCTCACTGTGTTTTTGCTTTTGTTCTTGCATAAACATCAGTTCAACACAAAATTTTCACAGAAAGAAAAACGCCTCCCTGACAATGCGACTGTCCACTTGACACCAGGGCCCCGCGCTGCCCATGGAATAGGGCCAGAGTCCTCCACTGGCGTTAAGGTTGCCGCC,N,no,no,N,0
chr2,225328221,225328578,CAGTATACATCAAAAGCTGAAGCAGAGTGCTCAGGTGCCCAGTCTCTGTAAACCAGTCAGAGCCAGTCCATGGTCAGCGTTCTCTTATCAGGAGAAAACTACTAAAATCAGTCTCTTGGTTTGATCAAAGCTGTAGTTACGGCTGGTGGAGCCAGGGGGTCAGTGAGTCAGTGTCTGGAGGAGGATGAACCGTCATGGTTTCAATATTGCTTATCTCAAGGCCATTGTTTATTTAGCTACCAGAAAAAAAGAACAACATTGTGGCAGTTAGAACATAGTTTATTTAAATGTAAGGATGAGTGACTTCATCCTTGCCTGGCATGGCCTTAGGTCTTGTTTATAATTTGGTATTTTATTG,"[[225328222, ""G"", [""A""]]]",yes,no,G->A,1
chr7,25278254,25278455,ATGAACCTGGGTCTCAAATGGAAGGGAAAGTCTTAGAATGAAGATGGGGCTCCTGCTCTTCTTCTGAGACATGAGGAAGTAAAAGTGGGCAATAAGAGTACAGTGACAATTTTACCTTGTGAAAGTTTAGTGACCTCATCTTCACCTCATTTTATGGAGGAGGAAACTAGAGTCTAAAGAGGCCAAGTGTCCTGTCCAAGCT,"[[25278260, ""T"", [""C""]]]",yes,no,T->C,1
chr1,30795052,30795456,AGAAGAAATAGAAACCAGCGCTTGTGGAGTGCTTCATGGTTCTCTAAGCTGCTTGACATCTGTAATCTGATTTCCTGGATTAATCCCATTTAACACACTCGAGTGTGTCATGGATGAGACGGGGCCGGGAGCACATGCAACGTGTTTATTTATGGCAGGCATCTACTCTGATGGCTTGAGGCCCAGGCCAGGCCAATTGTTAAGTATCTTGAATAACCCTCCTGGGTTAAGCATTCTGGGTTTTGGAGTCAGATAGATCTGGGCTGGAATCCAGGCACTACTATTTACTAGTAGAAGACCTTGAGCAAACCATTTAACCCCTTTGCACCTCAGTTTTCTCTTCCATTAAATGGGGATGGCAGCAATAAACTCCTTATATCGCTGCTGGGATGATTCAGTGTGGTC,"[[30795096, ""C"", [""T""]]]",yes,no,C->T,1
chr7,10826163,10826451,GCATTTTTGGGGAGTACACAGCTCTTTGCACATTCGGATCAGAGAAGCATGGTCTTGGCCACCTAAAAGGTATGGCAACATCCCTACCCCACTGAGAGATAAGACTCTCATGGGAGATGAGATGGGGGAAAAATCTGTTTTGCCTTCCAGCTGTGCCTGCTTTAAATTAGGTTGTAGAAACTGCATGCTTTCCTGGCTCTTTTTCTCCAAGGGCTCCATCCTGAAGCCAGTAATCCAATTAAGAAACTTAAAACTGGCAAATGAAAAATCTTACAACTACTGGATCTTC,"[[10826170, ""G"", [""T""]], [10826189, ""C"", [""T""]]]",yes,yes,G->T,2
chr2,123890196,123890398,CAGACAAAATAGAGTTATATTTCTCTTCTTACAAAAGCAAAGAGTAGAAATATCGCTGAATTCTTTTTCTCAGCAAGGAACAGCCCTGAGAAAGAGAATGCATTCCTAAGGGGAGGTCTCTAAAATGGCTGCTCTGGGAATGTCTGTCATATACAGTTGAAGATAAGGGATGAAATAAGCCCCAGTCTCCTGTAGCGCCCTCA,"[[123890205, ""C"", [""T""]]]",yes,no,C->T,1
chr7,134343825,134344122,AGACCTATGCAAGTTGTTTTTAAAAACTTCAGCTTCAGTTTCTTCATCCATAAAAAGAGAATAATAACACCTACTTAATTCAGCATTAGAGAATTCAGTAAAATGACAGATGTAAGCCTCCTGGCATTTGGAATGCACTCAACTGACTTCAGTCTCCTTCCACCCACGCTCTGTCCACTTTAAAGTGTATCCGATGAACACACAGCCAAGGTTTATGCAGGAGGCCCTGTTTGATGTACCCAAGAGCTGTTGCTGTCTGTACCTCCAGAAACCCCTTCTCACAAGGGCCAGACAAACC,"[[134343828, ""T"", [""C""]]]",yes,no,T->C,1
chr12,23020731,23021009,GAAAAGAGTTTGAATTGGCTCATGGTTATGCAGGCTGTATAAGCATGGCTCCAGCATCTGCTTCTGCTGCTTCTGATGAGGACCTTAGGGAGATTATAATCATGACAGAAGGCCAAGAGGGAGCAGGTGCATCACATGGCAAGAGCAGGAGCTAAAGAGAGAGGTTGGGGGGAGTGTCATTCTCACACTTTTAAACAACCAGATCTAATGAGAACTCACTCACTATTGCGAGGGCAGCACCAAGCCATTCATGGGGCATCCACCCCCATGACCAAAACA,N,no,no,N,0
chr10,132269238,132269717,TGTGTGTCCGTGCATGTGTGTGCACACGGTGGTATGCACAGGGTGCTGCACAGGGTCTCTTCAAGTGAGCTGATTACGTGCCTGGCCTCATCTGACCGACACATGGTGCCTGGAGCCTGGAAAATCTGCTGCTGAGCTGCAGGACTGAGATGCAGCCTGGATTCCACTGGCCGCACCGGATCTTCCCCTGAGCTCAGGGCTGCCTCCCAGCCCTGCTGGCTGCTGCAGGAGGACCTGGGGAAAGTGTGTGGCAGCAAGCTGCAGCCTCACAGCCATTTATCACCATCACTGCTCTGCTAAGAGCCAGCGCCTCTGGGCTGGCTGCTGATGGATTGATTTTCCCCAAGGGCAGGAAGGCTGCTCGGGGCTAACAGCTAGTGGATGGTCTTATTTTCCAAACCTGAGCTTATGAGACAGACCCCAGGCTGTCGCCCAACCACATCCACCTGGGAGCATTCCAGACCCTTGCCTCGCCTTGCA,"[[132269243, ""C"", [""G""]]]",yes,no,C->G,1
chr3,152826518,152826799,TCAGTTTCCCTTTTCCTTTTCCCACCATGGCCTGAGTGGCAACTGTTTTATTTCCCCATCTGCTCTTGAGATGCCTATTCCATGGCCTTCCCTTCTCTTAGAGCCCCACATCCTTTTCCTGCATTTATTTTGAGCAGATGTTACCAGGAGCAGATGTCACCCGTTCTTTCATTTCGCCTTTCATTGATTATAACATGCTCTTGGGTGAATACTATAAAGGTGACCTTCCTCCCCAGTAAAACTATACATAATTTTTCCTTTCCTTTTTGTTAACTAAGAACA,"[[152826520, ""G"", [""A""]]]",yes,no,G->A,1
chr1,239405503,239405878,GATGGGTGTAGTAGGACAGTTTGGCCAATTAGACTTCAGGTCTTCTCTAGGCTTCACTGTTTCCCCACCTCTTAAAGCTGGGGCTTCAATTACATTTTTCTTTAAAAAAAAAAATTGTTCTTTTAGAAAAATTAAACTACCAATACTGATTTTTGCCAGTAGATGGCAGACAACTGCATTTGTGTGTCCAATGAGCGGGTCAAGTTTTTAAAGGTTCAAAATGCACCTCTTGATGTGAAAAAAAAATGTTGTTACTTTCATATGAGTGACAGAAGTTGCTGTTATGTTCCGTGGACTGTATGTTTTAAATATGACCATTCTTTTACTCCTTGGCATTTGGTTTTCAATTTGGCTATCTGCTCTATTTATAGAGGGC,"[[239405539, ""G"", [""C""]]]",yes,no,G->C,1
chr5,164353721,164354008,CTCATGGATCTATAACAGCCATGAAAATATTCATTGGTCACTGTACCTAGGGCTTAAAATAAGTCAAAGAAGTGGATGACTGATGAAATCCCTACACATTTTACCTTGTGATATGCTTTCCTACATGTTTAATTTATGTAGAGCCCTTTGGGGAATATTGACTGTGTTTGCCAGAGACACATTTTTGAGTTCATCATGTCTTTTATCAATGTTATCACTTAAGAAAGTGGTATTACTGTTATATCAATATTTTATACAAACATAGGTCATTTCTAGTGACAAAAAGAA,N,no,no,N,0
chr2,192059241,192059718,TGGTATAGTTTTCAATTTGGATGTCTAAAAAAAAAAAAAAGGTGTCCTCCCCAAAAAGAAGAAGGAATTTTAGACTCTGATAAAATAGACAGCACTTATCTTATTATTCACTCTATTACTTTAATATAGGCAAGACCATTAGAGTGGACCATGGGGATAAGAGGGAAGCTGGGGCCTCATCTCAGGGGAGACCGAACAGCTGAGGTCGGTCTCTTTATTACTTTCTGATTATTAATGCAACACAGAAGCTGCTAATGGGAGAAAGCCTTTTAGTGTTAGCAAGATTAGCAACTTCCAGACTAAAGCTTCCCATTACTCAGGAAAGATAAGAACACAATGGCAAGGACCTTAATGAACAGTGATGGCCACTTAGAGACAGCCCCATTTTCTTCAGCAGTTGAGATCTTTGGTAAGGGATTGACTGGAGGTCATCCAGGGATAAATTTTGCTATCTCAGCAGGACTAATAATAATATTTC,"[[192059267, ""T"", [""A""]]]",yes,no,T->A,1
chr6,132954306,132954515,GTTCGCTCTATAGGTGTGCCAATCGGTAATGATCCATGGCTGCATACCCTGCTCTGTAATACCCCAGCCGTCAGCCAACCAGAAAGCCCCAGAGACTTCTCCGGCCATCTGAAAACACTGCCATTAGAGAAGGTTCTGCCTGGCTGTTTTCTTCTCTTCCCGGGAAATATGGCCAGATTATTGCTGACCTATCTGGAGGCAACAGGAACA,N,no,no,N,0
chr12,84636929,84637257,TAAATAATAATAATGAGAATGACAGTAAGATTATCTGTTGATTCTTCACTTTGTTTCTTTTTCTTCTTCTTCTTCTTGTTCTTTAGAGAGATTGGGAACTACTGTTCTCTTAGGCCAAATTATGTCTATGGCCTCATTTGGTATGGCTCATGACACAAGAATGTTTTTGCATTTTTAGAGGGCCATAGGAAAATAAACAGAGAACAAAGAAGAAAATGCAGCAGAGACCTCATGGCCTGCAAAGCCTAAAATGTTTATTACCTGGCCATTGAGAGAAATGTAACTGACTCTTTGCTGAGTTATGTGTAATTAATATATATATTTAATTT,"[[84636991, ""T"", [""C""]], [84637212, ""A"", [""C""]], [84637235, ""C"", [""T""]]]",yes,yes,C->T,3
chr3,101970873,101971241,TTGAGGAGGCAATCTGTCTGTTATCAGAGCTCGAACACCATGCTGGGAGAACCACTTCTCTCTTCAGAGCTGTCAGGCAGGGACATTTAAGTCTGCAGAAGCTGTGCTGCCTTTTGTTCAGATATGCCCTGCCCCCAGAGGTGGAATCTAGAGAGGCAGTAGGCTTTGCTGAGCTGTGGTGGGCTCCACCCAATTCAAGCTTCTCTGCCGCTTTGTGTACACTGTGAGCATAGAACCGCCTCAGGCCTCAGCAATAGTGGATGCCCCTCCCCCTGCCAAGCTCCAGCATCCCAGATTGATGTCAGACTGCTGTGCTAGCAGCGAACAAGGCTCTGTGGCCGTGGGACCCACTGAGCTAGGCATGGGAGG,"[[101970884, ""G"", [""A""]], [101971065, ""G"", [""A""]]]",yes,yes,G->A,2
chr3,74601869,74602132,GAGAATAATTTCCATCAGGGAGCTTCTCCTTCAGAATCACTTCCACCATGAGACATATGGAAACAATAGAGCCAGACAGTCCTGCAGATTGAGCAAAGTAACCATACCAGCCCAGCCTAGATAAGCCAACTCCCAGCTGACCCATAAAAATATGAACAGGCCAGGCATGATGGCTCATGCCTATAATCCCAGTACTTTGGGAGGCTTGAGACAGGAGGATCATTTCTGCCCCAGAGTTCGAGACCAGCCTGGAAGTACAAAAAA,"[[74601908, ""G"", [""C""]], [74602095, ""A"", [""T""]]]",yes,yes,A->T,2
chr14,53325199,53325591,CCTCATCCTCCTTCCACCCTCCACCCTCAGGATGAAATTGTGCTGCCACCAGGTGAGGTATGTAGTGAGCAGGGATGAGCTCTAGGAGCCTATAGAGACTTCTGATTCACAGTGTTAGTTTCCTGTCTTTTTAAACCTGGTTTAATTTCCTGCTCTCATAGAGGATCTTTTTTCAGGAGGCTTGGTGGTCTTTACTGCCATCTAGCTTCAGTAAGGGGCACCCTAGTCTCAGAGAGATTTTAACAAATTTAAATCTCAGAGTAAAGGGATTGGGGTCCCTGTTTCTTTTATCTCTCAGAAAGCCCCTCTATTTCTACCTACATTATTGAGAGCAAACTGAAACTGAGGTAAAGCAGCTCTGTTAACTTCCCCAGGAGCATCTGCTCTATGTTG,"[[53325452, ""C"", [""T""]], [53325492, ""T"", [""C""]]]",yes,yes,T->C,2
chr15,81239128,81239515,TTTATCTTTTCTCACATGACTCGTGAATTCTCAGTTCTTGACATTATAAGTGACTCAATTGTATCTTGGACATTTTGATTATTATGTGAGAAGACTCTTCATCTGACTTAGATCTTTTGTTTTAGTAGGCAGCCACTCTGTTTAGGATTAGCATGTAGTTCTGGCCTACTCTTATGAGCTTTTGTTACAATGGCATTTCAGCGTTCAGAGCCCTTGCAGTGCTATTCTGGTATGCTTCATTTTCTGGCACTACCAGTGGTCTTGCTCAATCCCTGCAGTTCTGTCTACTGGGGTGAAAAGACCTTTCCTGGGCTGCCTGGTACCACTGGGTGACCATCTGCTGCTTAGGTTTGGGGACAGAAAAAACCTACAGGGCCTGGGCCTCTTT,"[[81239329, ""T"", [""C""]]]",yes,no,T->C,1
chr4,74435375,74435576,AGCTGGCATATGGGTGAAGTCTAATTGCCAGTCTTTCCCTGAATAAGTTGCTCTCCTCTGGACTGGTTCTATTAGAGGAGGCATTTTGTTTCCTGGTTTGTTAAGTGCATACAGTGAGCAGGCTTGAAAGACCTGCTTAACCACCAAAGCTAAGTTAGGCCCAATGAAGAGCACGGTCAGGGTGGCATCTCTCATGATATAG,"[[74435417, ""G"", [""A""]]]",yes,no,G->A,1
chr5,128065822,128066147,TTAACTTCTTCCATTACTCCTGTATTGATTTTTTGAGATGTCTTTTCAGGCTTTTGCACTTCTGACTACCAGATAGCCCCATCTGGACCTGCAATTCGGGATTCAACCAGTCATATGGCCCCCACACAGAAGCAGACACAGTGCAGGAGGGCTGCTTTCCACACCCCTATGATTGCATCTCCAACCAATCAGCATTTCCTAATCCCTAAACCCCTGCCTGTCAAACTATCCTCAAATAGCCTCCGAATTTTCAGGGAGGCTGATTTAAGTAATAATAAAATTCCTGCCTCCTGTTTAGCTTGATCTAACATGTATTAAACTCTCTA,N,no,no,N,0
chr17,62690241,62690524,CTGCTATTCTTTCCACATGGAGCTGCTGCTGGGCCACAAGGAGGCGCGACAGCGCTGCCAGAGAGGTGGGTGACCAGGCCAGAGCCCACACATGGCGGGCAGGTGGCACCTCCTCTCGTGGGCACTCAGACCCATGAGTACATCCCCACACTGCTCTCTACCCATAGGCAGCACTTACACAAGATGCCCTCGTGCTCTCACATGTGGAGACCATACATGACACTATATGTGCATATGCTGCCCCCCCACACACTTGCACATGTGCACACACACACACATGAATC,N,no,no,N,0
chr2,16512553,16512775,TAAGATGTTTCTCAGCAATAAAGGCTGCCACCTTGTCCTGGCTGCAGCTGTTGCCATTGATCCCTGAGGCCCTCCAGACTGTGAGCAACCTGGATGCGATGCCTAAGTGGAGGGGAGAGTACCCACGGGATGCTCGTCTGTCACTCAGAAACACTTTTTTTTTTTAAAGAACAAATAAACGCATTTTTCACACCTTCATCAATACAAGGATTGAATCTGTTCA,"[[16512560, ""G"", [""T""]]]",yes,no,G->T,1
chr3,803130,803384,CACGTGAACCCGAGCTCACTCATTACTGTAGGAAGGGCACAAGCAATTCATGAGAATCTGACCTCATGACCCAAACACCTCTCATTAGGCCCTACCTCCAACACTGGGGATCATATTTCAACATAAGATCTGTAGGGGACAAGCATCAAAACTAAATCAATATAGTTCACCAAACATATGCACAGTGATTCTTAGTCAACATCAGGTTGGCAGATCTACCCTGTGAGATTTATCTAGCTATTTAATAACTGCCAA,N,no,no,N,0
chr2,45745806,45746163,GCGTTCCAGTTTCTGTATTTCAGTTTGTTCAGCATCGAATTTCTTTTCCACCGTAGTTGAATTCTTTCTAGCCCTGGGTCACTGCACTAATTTAAATGGATGGCCTAATAGGTCATTATAGATGTCGTCACAAGCCTCTGGACTTTTACCATGCTAAGATGTTTTTTCTTTTTTTGTAAATTAGCTTGTTAATTATCACACGCCTACAAGTGATAGCCAAAAGAAATCAGACAGTGGAACTGAAGGAAGTTAGGCAGCAATCCTAAGTATCTGTCTCTGCTTTCCGAGATGTTCCTTCCCCTCCTTTTCCCTGCCCCTTCCCTCCTTCGTTGTTTTGCTTTCTTTCAGTTTTCATTTG,N,no,no,N,0
chr12,51589051,51589415,ATATTTGCCAATCACATGTCTGACAGAAGATTTGTATTCACAATATATAAACAACTCTTTAATTTTTTTAAAAAAATTTTAGAATCAGAGTCTCCTGTGTTGTCCATGCTGGACTTGAAATCCTAGGTTTAAGCAATTATTCCTGCTCAGTGTCCAGAGTAGCTGGGACACCAGGCATGCGTCACTGAGCCCAGCCAGGATATATAAACAACTCGTAAAACTCAATTAACAAGAAAAAACCCCACCAATTTTTAAATAGGCTAAAGACTTGAAGAGACACTTCGCCAGGAGGATTTACAGATGACAAGTCCATGACAAGATGTTCAACATCTTTAGTCACTAGTGAAATGGACGACAGACCCACA,"[[51589088, ""C"", [""T""]], [51589366, ""A"", [""C""]]]",yes,yes,A->C,2
chr1,121471550,121471829,CATACTTTATTTTACAGTTTGTAGCACTGCCAAAACTTTTCTTTTGAACTGTACAACACCAGCAGACTGTATTATTTACCTACTTTACAGGAAAGGAAACTCCTGTAAAGTAAGTAAATGGTTAAGTGATTATTCTCGGTTTCACAAAAGAGTAAGTGATAGTGCTGAGTCTCAAAACTGCTGCCTCCAAACATCCTCTTACCAGTGTGAATATGCAAAGCTGTCTCATCTCCAGCCAGAAGTTTTTCTGTTTTTGTTTTTCATGACCTCTTTACTTTTG,"[[121471554, ""T"", [""C""]], [121471785, ""G"", [""C""]]]",yes,yes,T->C,2
chr2,13560338,13560741,CTCTGGTTTTTCAGCTCTAAAATTAATTTATATACTTTGCTTTAGGATGCTGGGGCTGAGATTATATAAACTATATTTCTTCTTTGTCACATGGCTTGCTGTCAGTTTCTGAACATAGGTGGCCTACTGAGAGACTAACAGGTAGGAGGAGAGAAAAGGGGAATTCTTTATTCTTTGTTCTAATGTTTTTCTGTCTCAGAACCAGGTTCATCATACCCTCTAGGCTGAAACTAACACCAGGTGTCAACCCATTTTCAGAGGCCTGAGTTTCATTTCTGAGAGAACCCTCCAACAAGTTGTTTTTTTCTGGGTCCCCACATTATATGGGTACCACACCCTTTTTCCAATTCTGTGCAATCCTTTCTGTAAGACTCTAAATTCTAATAACCCCAACTTATTCCTTC,"[[13560486, ""A"", [""G""]], [13560734, ""C"", [""A""]]]",yes,yes,C->A,2
chr3,168722151,168722430,GGGCAGGCTAAGTATCACCATCTGTCTGAGGATTGGGAATAATTCCACAAGCCCAAGGATAGTGATATTATTCATGGGTGTTAGGTATCCAGGAAACTCTGGCAGTTGGGTATGTGTGTGTTGCATCCCAGGAATGTTGGATTCTCACCAAGGTAAGTAGTTGGGGTTGGGTCTAGCAAACTGCCTGTGAAGGGGAATTGAGGTTTTTAGCCATGATTCAAAACTGGATCAGGACAGCACTTGGGAAATATTATAATACATCACCACATGGAGCTAGGAT,"[[168722174, ""A"", [""G""]]]",yes,no,A->G,1
chr8,49576097,49576382,GGCGTGAGCCCCCGTGCCTGGCTAATTAGCAACAGATTTTATCAACACTCCCTTGGCCTCAAACTATGTTTAGGCTACAGGAAAACCACTGCTATTTTCCTCTTGAAATAACATAACTTTCCATGTCATGCAAGGTCAGCAAGATAAAACTTCTTTTGTGTTCTAATACCTTCAGGCAGAAACCTTCAGAAGTTTTCAAGTCTTGATCTCACTCTTGCAATTTTATTTTTGGAATAAGATATGCCACCAAAAAGGTGTCTTATTGGTACTCTGTCTAAATATAGCA,"[[49576115, ""C"", [""T""]], [49576298, ""G"", [""C""]]]",yes,yes,G->C,2
chr3,10556427,10556706,AAAATTGACTGTGCCAGGAGAGGATTGCCGTTGTGAAGCACAAGGCAGGGCGAGTGGCAAGTGACAGGAAGGGCTTCTGTCTTATAGAAGGGGGCAGGGAAAGCCTCTCTGAGGACGCGGCCTTAAGCACAGACTAGAGTGAGCAGCACAGATGTTTGGAGAAGAAGGCTCCTAAGGGAGGAGAAGAGCAAGGGCGAAACCCCTGAAGGTGGGGTGTGCCTGGCGTGTTTGAGAAACTGCAAGGACACTACATAGTGTGTGCTCAGAGAACAGATGCAGA,"[[10556440, ""T"", [""C""]], [10556675, ""C"", [""T""]]]",yes,yes,C->T,2
chr10,123353794,123354086,TCAGAGATAGCAAAGAGTGAACAGTGTTTTAAGGCCACGGTACAATGTGACAACAGTGATAGATATGCTAATTTCTTCATCCACTCCACTTCACTTCTTTTATTCTTTCCAATTAAAGCAAATGCTACTGAAACTGTAATTAAACCAGGCCTGGGCCCTGATTGCCTGCTGTTTTAATGAAACCCTATTGATTTTCCTTTTCTTTCTAATGGCCACACATGGTGCTCAATGGTCAAACACACGCCCCGCTACAATGTCCTGGTAAAACTTAATTTTGGGCTGGTAAAATGGAG,N,no,no,N,0
chr19,6209268,6209512,AAAAGAACCTTTCTTTGGTAAGGCACGGGGCAGGGAAAGCCACACTCTGATGCTGGGAATGGATTTTTTGGTTCCAGAGTAGAAGGGAGAAGACATGCTCCAGAGTCCCCAGCGCTAAGCTGAGCCCAGCTGAGTCCCCAGCTGCTGCCTGCTGACAAAAGTGATCTCAATCAGTGGCTGCCACGGTGATCCTGTAATGTGGGCTGCTCAGGAATGGAACTCCTGCTCCTCTGGGTGGAGCTGGA,"[[6209282, ""C"", [""T""]], [6209332, ""C"", [""T""]]]",yes,yes,C->T,2
chr7,120311032,120311371,TATATGTGTGTATATATAATAGTGAAGTATATATTACAGTTTATATTTTGTTAAGTTGGCAAATATCTTAGATTGTGTTCTCATTTTCATGACATATACGGTTTGTTTCCTTTTCTATATTTAGATTCCTGATTAACAGAGTGTAGACATATGCTGCATCTTCCTATTAGCAAAACTGTGCTCTTTAAGGATTTTTGCTGACATAAGCAGAATTTTTGTGGCATCTTAATAAAAATGCTATTTTAAAGGAGGTATTTTGCACAGTTTTGTAAATAATTATCCAAATTGCCTTTGTTATAAAAATCAGAAAAGAAGAATAGAAATAGTTTAAACATTTGCC,"[[120311156, ""G"", [""A""]]]",yes,no,G->A,1
chr18,64086755,64086966,CTACACACCATTTTTGATTGTTTAGGCCCATGTGATGTGTGCAGCAAACGAGAGGTGACTTCTTATCTATAAGCAGAAGCTGCCTGATAAACAGCAGGGATGAATAATTTATAAGGTAGCAGTATGGCAAGTGGCATTTCACACTTCTTTCCATGTAAAATGTCACATGAATTCCAAACAGGCTAAACAGTTTAGTAGGAAACAGAAACCTA,N,no,no,N,0
chr5,124131522,124131744,CATTTGCTAACAGTCACTTATAGACAGCAGGGCTCAGTTAAAATCTACCAGTAATTAGAGTCAACACTGGATGTGTTAACAGGGCCCATGTTAATGGATGTGCTAATTATTCTTCTCTGCGACAGACCCTGGCACCTGTTTGGTTTCAAGTTGGGACAAAGAGAGATTCTAGAATGATAGAGGAAGGAGGTCATCCAGGCCAATCCCTTCATTATACACAGGC,"[[124131552, ""A"", [""G""]]]",yes,no,A->G,1
chr6,152830887,152831338,CATCCCCATCCCTCCAATTCTAACAAAATACCATATGCCATTCTAGTGTCTTTCAGACTTGGAATTTGATTTTGGGTTATTTTAACGAGTTAGCCTGCCACGGTTTCATGGATGCTAATAGAAGATACAAGACTTCTGAGTCAGAGACAAAGGACATTTTACTCACAGCATAGCAAGCAACATGATTTGCGTGGGATCCTCTTGCTCTCAAGTCCCGTGGGGATGATGTGCGGGCCGCAGATGGGAACTGGATACACAGTGGATTTGCAGCATGGCTGAAGAACTTATTGGTTTGTAGCAAAATAAGCAAACCTGTTTTTTTGTCTTGAAGTCATGACTTCATCTCTCAAAACTGCTTGCACATCCAACGCTGAGAAACGGCCTGGATAAAAAGTGGCGAGGGTGTTGCATTCCTGGCACACCCAGCAATGATGCACAGGGATGCCCAGAGC,"[[152831103, ""A"", [""G""]]]",yes,no,A->G,1
chr11,43346116,43346457,TTATACTTTAAGTTTTAGGGTACATGTGCACATTGTGCAGGTTACATATGTATACATGTGCCATGCTGGTGCGCTGCACCCACTAACTCGTCATCTAGCCTTAGGTATATCTCCCAATGCTATCCTTCCCCCCTCCCCCCACCCCACCACAGTCCCCAGAGTGTGGTATTCCCCTTCATGTGTCCAGGTGATCTCATTGTTCAATTCCCACCTATGAGTGAGAATATATGGTGTTTGGTGATAATTTTACTGAGAATGATGATTTCCAATTTCATCCATGTCCCTACAAAGGATATGAACTCATCATTTTTTATGGCTGCATAGTATTCCATGGTGTATATG,"[[43346344, ""C"", [""T""]]]",yes,no,C->T,1
chr12,68831228,68831718,GCAGAAGGAAGAAGCTCCCCCTTACACAGACAGAGGGAGGGGGGCTCTAAAGCTGAAAGAGGAGACCTTACATTCTGACAATACTAGCCAGTTTTATGTGACGGCTGGAGTGGGTGGTGTCTTATTTGCATAGGGCTCAGAGGATTGGTTTGACCAGGCATGTCATTTAGCCCTCAAGAAAACTGGCCCTCCCACCCCAGTCCTTTAATACACAAATGCAGGATGCCATGACATTTTACACACGGGGTTATGTGGGGGCGGCCATGCTGTTAGGTACCTGATGGAGCAAGGGCAAGAGGACAACGGTGGGAATCGCCATGTTGGGTGGACCCTCTTGCATTTGCATCTTAAAGGTTGCCAGCCTTTAAGAGTCAGGGCTTTTATGCTAGACAAGAAATTTTTCTGGAGCTACGAAAAACCTTCCAAGGACCACTTTTCCTCTCCATTTGCCTAAAATAATTTCTTAATAACTCGTGTGGAGTAGAGGGGTA,"[[68831338, ""G"", [""T""]], [68831599, ""C"", [""T""]]]",yes,yes,C->T,2
chr1,171990866,171991138,CACCAGGCCTCCCTTTACAGCGTCAGTGGCTTGGAAGAGTCAGATTATAAACTGGGACTGGAATCTAGTTATAAAAATGGTGCTGAACCATTCCTGTCTTACAGCCTTCTTTCCCATAGGAGATTGAGCCATGGTTGTCTGATTGGGACAGAGAGAGTCATACCATCAGTGAATTCTAGTGAGTTCAGCCCAGTCACATTCCTGAGGAGTCCACACGTAGTCCACGTAGAAAAAACAAACTCAGCTTCTCCTACTATATTCTCAAACACGCTT,"[[171990873, ""A"", [""C""]]]",yes,no,A->C,1
chr10,14926117,14926541,CTTCCTCATACCCATCTCGGGCATGTCCTTAGAGCAGCAGGAGAACAGACTGATACACTTGTTGACAGAGTAAGAGCTGAAAGAAGGCAGAGCATTGCCTTGTTCTACCTGAGCCGAGAACGTGCACGTCAGGTGATTCAAAATTTTCACCACTCTCCACAAGTCCACAAAGGATCACAAAAGCACTGTAAATATTGATACTGAGGTCACAGGTCAGTTTCAGTGAGTAGGCCAACACATAAAAATAGAATCCATGAAGCCAGGTGCAGTGACTTACACGTGTAACCCAGCACTTTGGGAGGCCAAGGCAGACGGATTACCTGACGTCAGTTCAAAACCAGCCTGGCCAATGTGGTAAAACCCTGTCTCTGCTAAAAATACAAAAATTTTAGCTGGGCATGGTGGTGGGCACCTGTAGTCCCAGC,N,no,no,N,0
chr8,128937767,128938172,CAAGGGGATAAAAGAGCTTGCTCTAAAATTAGTTGGTGGAGTCCTTTCATCTTAGATTCTTTTGAAATGAGAATTTAAACCCAAGCCTCAAGGAACTGAAAATCTAGTTTTTCTTCCACAAACTTCTGGAATGTCTGGACTTTTGCCCTCACCAGACCAACACAAGGGTTTCTCAAGTGGGATACCATTTTTATCTCAAACCACCTCTTTGGAGGGAAGTTACTGAAAATGCCTTGGCCAAGATTCTGTACTTCAAACCATGTCACGTTTCTCTCTGGGGTTTTATGTATCGGCTCCTCCTACCCAGGACATCCAGGAAGCCCCATGCTGCCCTCATTGTGGGCTTGCACTGGAGGAACATGAAGTACAAAACTGACAGAGCTGTGTGTTCCTCGGCCAGGACGTG,"[[128938077, ""T"", [""A""]], [128938144, ""G"", [""A""]], [128938153, ""C"", [""T""]]]",yes,yes,G->A,3
chr9,91611666,91611938,CAAGGGTGCTGCCAGTAATGAGAAACAGTGAATTGCTGTGAAATTTTGCTGTGCTGGACTTGTTAAAGGCCAAAGTGAAGTAGCTAGCGTGAGTCATGCTGCACAGGTTATTTTTAAAATACTGGAGAAATCCTGGTTGCCACAGAACTGTGTACAAGTTGACACGAAGATTGAATTTGGTGTTGATGTAACCACCAGAGAAGTTGTTGTTGCTGCTGATGTTACTGATAATGATACCCAGAGACTCTGGCCATCGAGAGATCAAAGCAAACA,"[[91611728, ""G"", [""T""]]]",yes,no,G->T,1
chr13,106033668,106034031,CTTTCTCCGTTGCCCAGCACACTTTCAGGACATCCATTTTCTCTTTCCACCCAGGGCAAGGGAAATACATTATTTTCACAAAAAGGAATTTGCTCAGAAAGTATAAATTTGTATGCAATTCCCCAAGTCACCACATAGCAGTTCAGTTCTGCAGATATCATCAACTCCACGTCCACCGGCTTTGTATGTCAACATTAGCAATTCTTACCTCATGTTGGGTAATCTGGGTGACTTATTTTGCCAATTTTCTCATAGCATGTCACATTTTCTAAAGTGCTATGCTTTAGAAAAGTATTTCCTATTTTCCTGTAGCCAAAAATTTTAACATTCAGAAAACAGTGTCAAGTTTCTGGTGTATATTCTG,"[[106033675, ""T"", [""C""]]]",yes,no,T->C,1
chr6,129108368,129108706,GCATTACTTTTGATCATTTTACTCTTAGCTTATTTTAAGCTTTTGATGTCTAAATATAACTTTGTTTGTCTAGTGTTTTAGTGTCTTTAGTCATTGCTTCTACATGGCAATAGGAAATATGACCATAAAAACCTCAGTGAAAGTAACCCACATTTAGAGAAGGCTTGTATTCCTTAATCCCACCCCTCTACACACCCCACCCATTCAACCCATCTGTAGCCTCCCTTTCAGCTGTTCTTAAAAGACCTTCCCTTTTAAGGGAACTTACATTTTCCCTTCAATACTAAATCCCAAAAGCTAATAGCAATACAGAAGATCCACTGACCAACATTTCTTCCC,"[[129108404, ""G"", [""A""]], [129108549, ""G"", [""A""]]]",yes,yes,G->A,2
chr2,230453001,230453335,AATCTGTATTGGTCCATCCTCACACTGCTAATAAAAGACTGGATAATTTATAAAGGAAAGGGGTTTAATTGACTCAAGAGTTCAGCATGGCTGGAGAGGCCTCAGGAAACTTACGATCATGGCAGAAAAGGGGAAGCAAACACGTCCTTCTTTACATGGCAGCAGCAAGGAGAAGTACAGTGCAAAGGGGGGACAAGTTCCTTATAAAACCATCAGATCTTGTGAGAACTCACTCACTGTTGTGAGAACAGCATTGAGGTAACTGCCCCCATGACTCAATTACCTCCCACTAAGTCCTTCCCATGACATGTGGGGGTTATGGGAACTACAATTCA,N,no,no,N,0
chr1,16785859,16786202,CTTTGGGTTGTCATTCTAACGGGTTTGGTGGATTTGTATAGATCTGGTCCTCTATCTCACTTTGTCCTGCTGGTGACCAGTGGCTCCTCTTGGAGGCAGACGGCCAGGGTTAAGGGTGGAATCTGAGGCCGTGAGGGAGAGTGAAATTAACTGCTCCCTTCACAAGGGAATTGAACCCCTGACCTTCACCTCATTAGCACAGCACTCCAATGCAGCAATTCCTAACCTCAATTTTATATCACCCCAGGGTGTCTCCACTTATCTCAAGCGGGAGCTGCAGAATTCCTCCAACAAAATTAATTTTAATTCACCTTAATTTAAACATTAAATACGGACTATGAGGC,N,no,no,N,0
chr3,132311838,132312178,TACCTGAACCCACTGAATCAGAATTTCCAGGAGTGAGGTCCAGGAGAAGTCTGTTTTTTATTAAACTCTTTGGGTAATCCTTACACATGATAAATTTTATGAAGTCCTGGAAAGATGATCTCTGAAGTTTCTCTGTTGCCTTAGTTTGCATGTTCTGATGACTCAAACAGCCCTCTTGGAGGGGCCCAAGTAGCAAGGAATTGAAGGCAGCTTCTACGCAGCAGCCAGCAATTTAGGAACTGGGGCCCCCAAACAGCTTGCAAGGAACTGATTCCTGCCAACAACCACAGGAGCTGGGACAGGATCCCAGGCCTGGCTAACACCTTGATTGGAGCCTTGTG,"[[132311876, ""C"", [""T""]]]",yes,no,C->T,1
chr21,27058010,27058396,AGATTCATTAGGGTGTCCCTTAGTATTACCATGTCCTGTGATTAAGGTTAATGAGAAACTACAACAGCCCAATCCAGGCAGTACTACAAATGGCCCAGATCCCTCAGGAATAAAGGTTTGAGTCACTCCACCTGGTGAAAAACCACAACCTGCTCAGGTGCTTGCTGAAGGCAAAAGGAATACAGAATGGGAAGTAGAAGAAGGTAGTCATCAATACCAGCTATGACCACGTGACCAGCTGAGAAATGGGGCCTTTAATTGTTATGAGTATTTCCTCCTCCTTTTGCTAAAAATATGTTTGTGCATGTATACACTTGTACTAAGAAAATATCTTTATTTTTTTCTTTACTTTTATCATGTGATATGAGATCCATTGACTTCATATCA,"[[27058185, ""G"", [""A""]], [27058357, ""T"", [""A""]]]",yes,yes,G->A,2
chr12,80679430,80679783,TATTTCTTGTGGATAATTTCCAGGACTGTCATAATGATCTGTACTTCCATGTACACCCCTGTGTTTTGAATCCTCTGTTTTATGAGTGCTGAGATATCATCTCATGATCCCGAACAGCTGAACAGTAACCCCCTGACACTGCAGGGATTACTTGGCCTTTATACAACACACAGTAGCTCTTCAGGGACACTTAGGGCTATTTAATTTGCATTGTGATCTTCAGTTTGAGAACCTTAAAAGAAAAATTAAAAGTGCAATTGCACACATGAAATTACAGAGTACCATTCTAGCAAACCTACATTTGTAAACTTTAAAACACAAGTTTTACCCCCTGTATTGTATATTCAAATATAT,"[[80679431, ""G"", [""A""]]]",yes,no,G->A,1
chr18,11960315,11960606,TGTACTAAGAAAAATTCTTCTGCCTTGGGATCCTATTGATCTATGACCTTACCCCCAACCCTGTGCTCTCTGAAACATGTGCTGTGTCCACTCAGGGTTAAATGGATTAAGGGCGGTGCAAGATGTGCTTTGTTAAACAGATGCTTGAAGGCAGCATGCTCGTTAAGAGTCATCACCACTCCCTAATCTCAAGTACCCAGGGACACAAACACTCTGCCTAGGAAAACCGGAGACCTTTGGTCACTTGTTTGTCTGCTGACCTTCCCTCCACTATTGTCCTATGACCCTGCCA,N,no,no,N,0
chr3,187238807,187239222,CAAGTAATATTTGCTTAGCAGGACCCCTGAAATAGTGGGCCTTTTGACAATAGATGAGATGGCCTTCTCCATCCTGGCCTGCATCCTGGTTCAATCACAGTGTTTTGCGAAGAGAGAATTTACAAATTTCTGGCCTAGTCCAATGATACACCATGGTTCTGCCCAACATTGGGTGTTAAAAGAATGTCATGACTCATTGTATCCAAGATGCTTTGTACAAACATAGAGGATGATGACCATTAAAAGTCATAGAATAGCTGGGTGCATGGCTCATGCCTGTAATCCCAGCACTTTGGGAAGCTGAGGTGGGCGGATCACCTGAGGTGGGGAGTTCGAGACCAGCCTGACCAACATAGAGAAACCCCGTCTCTACTAAAAATTAAAAAAAAAAAAAAAAAAAGTCAGGCATGGTGGTG,"[[187238840, ""G"", [""A""]], [187238975, ""C"", [""T""]]]",yes,yes,G->A,2
chr4,151238521,151238794,AGTTATACCTTTGTGTAGCTGACCCTGCAAAATGAACAAATATCAGAAACTGCCGTAACCAAAAGACTCCTTCACGGGCTCCAAAGACCAGGCACCTCCCTCTGGTATAAGAACACTCAGCTCTGGCAACATTTTCTGCTTGGATGAGGATTCTTCCGATCTGTGACTTCTAACTGAGATTTTTATCCACAGTGGGGCAGTCTTGGTCTCTAATGTAGAATTATCACTCTACATTAGAGTGAAAAAAAAATCTTTTTCTTCCAATCAAGAAGAG,"[[151238574, ""T"", [""C""]]]",yes,no,T->C,1
chr4,80576874,80577187,TAAATCTACCTTTGAACAGAACAGTTGATGGAACTTCAGTCTAGACTGGAATGACAATAATAGCTGATTAGCTTTCCTTAGAGACTGCAAGACCAGCCGACTCTGATTACTCCCAGGGGAACCCCCAGATAAAGTCTGCATACCTCACTCCTCCTACTCTCCTACACCCCTACTGATTTATGTTCCTTCTCCCCAGTGAATTCTCATTGTTTTCACAATGTAAAAATATTATGATGTAGTGTTTATGATATGCTGCTTTGATATATTGTGAGCCTTCATTATAGTGAAATAAAGCCTGAGAATTAGTGAATCTA,N,no,no,N,0
chr18,44474601,44474879,TTGCTAGCAGGAAGGAAAAGAAAAAAACATTCACTGAAAGAAGGTGTAGTAATTGCAGTTTTAGAATGTAAGGGGAAAAACTAAATTCATTCATGTAGACCAGCCCTGCAACCCCAGAGGAAGATGACTTATTGCAGAGGTGATTTTGCCAGCTTTACTACAAACATCTTGGTTATGTGTATATTCTTGGAATGTGAAATAAAGACTCCAGTGAATAATGAATCAGTTTTATCCACATTTTTAGCCCAGGCTGACTTCTTTGCAAATAGGCAGTAAATT,"[[44474653, ""C"", [""T""]], [44474773, ""C"", [""T""]]]",yes,yes,C->T,2
chr16,55461772,55462188,GTAAGCCCTTGTTAAATGTAAACTTTAAATGTTAAATGGCTTCTTTCTTTCTTTCTTTCTTTCTTTCCTTCTTTCTTTCTTTCTTTCTTTCTTTTCCTGTTTCTGTTCTCTCTCTCTCTCTTTCCCTCTTTCTCTCTTTCTCTCTTGGAAGGTCTCACTCTGTTGCCCAGGCTGGAGAGCAGTAGTGCAATCATGGCTCACTGCCTACAACCCCACCGTAAGTCCCTCTGGGATTCCATGATAGAGGTACTTATTCCAATTAGGGTCAAGCTGGAGGAAGAGGCGGCTGTGGCCTAGCTGTCAATTCCTCAGGGCTGGTCATTGGGGAGGAAGGGCAGGAACCAGCTGAGTTCACTGAGAGTTGGAACAGGAGACGCAGAAAGGTACAGATTTGGAAACTGACCTGGGTATCACAGT,"[[55461811, ""T"", [""C""]], [55461839, ""T"", [""C""]]]",yes,yes,T->C,2
